17
1031
-2706
-1874
1809
-1283
-2045
34
1495
-3609
-3271
174
-2483
1161
-2
478
-160
547
-1135
-2114
-2437
-2036
-18893
-386
1191
-1862
-2045
-3413
-2645
-19956
-93
1236
-125
347
-3185
-1183
394
-660
-1956
-19
521
-4340
-1447
465
-2949
-819
-73
355
57
1023
-1996
-2739
-994
-2083
-15926
-193
-265
-2305
-2272
-3250
-2417
-14656
48
681
-315
1184
-3394
-1185
-2238
-826
-2348
-245
768
-4485
-539
-35
-2975
-2644
-249
1002
291
616
-2399
-3005
732
-2412
-17040
-80
-321
-2046
-3078
-3054
-3270
-15430
280
638
-443
1432
-3411
-546
-3060
-2078
-2846
-381
875
-5256
-534
-780
-4333
-3030
-231
1028
405
483
-2741
-3012
295
-2747
-19866
57
82
-3157
-4631
-3783
-4410
-14811
379
200
-537
278
-4115
-3675
-4696
-2888
-3786
-268
1271
-4060
-3831
-1497
-4226
-2322
-306
991
180
-220
-3356
-3009
2648
-3542
-21016
232
133
-3145
-4845
-746
-3715
-21803
520
-423
-363
968
-4798
-5380
-2604
-2768
-4827
-105
1441
-4021
-5390
424
-4281
-4525
-81
577
-197
-751
-4790
-4458
564
-4678
-14565
-11
-437
-3086
-5596
-1618
-4394
-16317
266
-201
-326
1221
-4675
-4457
1396
-2331
-3553
-108
993
-6157
-6379
1643
-4857
-1926
-37
209
-116
-1669
-4181
-3606
-275
-3455
-18321
-132
-1639
-3204
-4776
-2625
-4148
-13363
-6
-643
-305
781
-3515
-3077
2463
-2577
-3106
-175
510
-4850
-4814
1921
-3917
-429
17
296
14
-718
-3711
-2824
-1860
-2981
-14787
-132
-1240
-4234
-3083
-3243
-3799
-12836
110
-833
15
334
-2394
-3838
3121
-2177
-3351
103
669
-3616
-5679
-568
-3454
1859
-207
703
-224
841
-3105
-2935
-4542
-3385
-15843
-305
1321
-4313
-1888
-5558
-3900
-15551
-139
1329
-422
464
-4272
-2059
1936
-1726
-3092
-152
436
-5261
-1910
-2374
-3609
-2071
-234
151
141
2462
-2613
-2403
-4243
-3061
-22099
172
-467
-3469
-1762
-4018
-3687
-20465
218
362
-381
2998
-5401
-3017
-3309
-3113
-3428
-290
1532
-5809
-1175
-4891
-4164
-5397
-217
1268
473
1761
-1496
194
-2128
-3473
-21126
335
443
-1120
-2703
-882
-4531
-20452
386
1369
-366
3479
-6559
-2557
-5254
-4309
-4207
-227
277
-7594
-861
-6627
-5489
-7721
-3
176
505
-795
-3566
-991
534
-4287
-19115
10
-615
-2376
-4472
1250
-6082
-12553
422
-475
-289
605
-6880
-4531
-7252
-6063
-5879
-159
-516
-7721
-4321
-8282
-7473
-6938
-15
-824
218
-876
-6251
-3902
4813
-5703
-17828
95
892
-5275
-5919
2733
-6798
-11448
496
766
25
729
-6291
-5557
-4783
-4040
-4809
108
-832
-5031
-4086
-4833
-4600
-5439
115
-796
-50
-1438
-4939
-3116
3531
-4545
-15585
-54
-285
-2157
-3545
2256
-3734
-17528
155
-872
-42
40
-5246
-5519
2542
-3262
-4096
145
-465
-4518
-4835
703
-3228
-1629
97
-131
-178
-1880
-5243
-3002
-725
-3746
-12636
-368
-2357
-3527
-2048
-1930
-2589
-16492
33
-1219
-87
-49
-3268
-3329
4055
-2517
-3164
129
-181
-4413
-5475
1663
-3861
-101
47
-291
-188
-1121
-3615
-2012
-3621
-2829
-14839
-175
-1682
-4317
-1679
-4511
-3519
-12322
68
-1505
182
972
-3002
-3551
725
-3335
-4298
141
817
-3469
-4589
-2144
-4141
-635
-135
-677
-314
1151
-4341
-2292
-3544
-4118
-17506
-517
683
-5133
-1395
-5639
-4800
-16210
-165
802
-321
123
-4717
-2618
-3099
-3408
-4075
-205
-571
-6299
-1800
-5775
-5607
-4975
-129
-420
177
3995
-3630
-1440
-1839
-3713
-26713
-2
1037
-5796
-3570
-2561
-5619
-19330
97
1393
-387
-292
-7384
-4598
-8113
-4661
-5332
-318
-455
-7479
-1976
-7072
-5756
-8860
-263
-165
502
3606
-4637
1394
-857
-5144
-16997
403
1101
-4072
-5195
836
-6797
-11781
493
1074
-415
193
-8487
-6027
-8222
-4185
-5775
-258
-84
-8052
-3424
-6703
-4841
-11020
-223
925
499
-1379
-5955
4309
-1506
-5451
-17830
531
303
-3568
-4754
2533
-7180
-11362
756
761
-342
691
-8377
-5361
-8560
-5257
-6817
-409
-119
-8765
-2887
-7988
-5928
-11400
-166
714
371
-3688
-6521
725
-897
-6425
-21891
309
-203
-5385
-5215
848
-7865
-14025
542
-807
9
-393
-5630
-4602
-5891
-2884
-4548
-134
-1594
-5604
-2840
-4260
-4278
-7681
-12
203
38
-1680
-3816
939
-1255
-4192
-19520
164
-625
-2506
-2546
-987
-4383
-14605
197
-1358
58
-396
-3527
-4643
111
-1919
-2798
-9
-815
-4119
-4525
-1322
-3408
-4191
1
286
-171
-1754
-2403
-641
-842
-2525
-23446
-221
-1568
-2354
-1703
-661
-2867
-18801
88
-1067
82
-102
-2718
-3419
152
-2555
-2995
98
-100
-4262
-5756
-2346
-4304
133
78
-769
-322
-866
-1642
-2472
-942
-2798
-15940
-243
-1087
-3646
-2855
-2299
-3957
-11019
-80
-755
281
-168
-4666
-2501
-760
-2501
-4572
335
-539
-3589
-2675
-2135
-3547
-2286
84
-243
-476
823
-6206
-2711
-1957
-4453
-15469
-444
164
-5519
-2268
-3235
-3961
-17856
-146
71
-83
-1074
-4156
-3073
-2417
-1917
-3559
12
-1247
-4392
-2504
-3457
-4048
-4998
-142
-1485
-98
732
-5055
-1921
223
-3233
-24661
-283
-1816
-5861
-4144
-696
-3704
-19801
24
-915
-327
-3923
-4741
-2014
-4551
-1206
-2368
-316
-2607
-4970
-1343
-2975
-3155
-3291
-482
-2796
451
2001
-3246
1234
325
-2257
-28260
167
1016
-4172
-3799
-1487
-2967
-24347
339
1399
-426
-6083
-6409
-2589
-5809
-2402
-4313
-453
-2965
-8229
-3502
-1861
-4499
-6319
-348
-3635
429
690
-6619
1683
-15
-4016
-25689
322
473
-6356
-6341
-2464
-5988
-14028
549
278
-442
-3476
-6799
-2791
-6098
-2366
-5198
-415
-2220
-7123
-2246
-1308
-3279
-6305
-53
-3274
230
-1406
-6261
-17
-1176
-4907
-22541
147
-137
-5482
-5496
-3131
-5513
-18557
427
-386
-181
-3380
-4977
-4428
-3887
-2417
-4219
-124
-2260
-5011
-3531
-286
-2919
-4875
-53
-2618
-5
-1666
-4013
108
-626
-3959
-23582
135
-1577
-3348
-3582
-2604
-3646
-21635
197
-1623
-92
-1453
-4604
-6319
-3036
-3959
-4340
-21
-275
-3763
-5527
-2975
-3265
-3360
-52
-900
-236
-205
-4222
-4339
4255
-4133
-14330
-103
-218
-3643
-4067
2008
-2745
-16460
70
299
17
-871
-3276
-3324
-2558
-2795
-2908
-65
-604
-3970
-4609
-3963
-3859
1220
-60
-1266
-338
-649
-3164
-3986
3802
-2822
-18125
-244
-1087
-4584
-4345
483
-3445
-17308
-206
-830
53
-592
-5136
-3052
-2003
-1665
-3909
195
-514
-4076
-2473
-3097
-2665
117
52
585
-510
161
-4566
-863
-971
-3844
-17335
-408
331
-4810
-3418
-2679
-2545
-20584
-168
321
-119
7
-5020
-4078
-2027
-2781
-4040
-68
647
-4086
-2442
-3882
-2310
-2605
-137
985
-322
-553
-3537
-1519
-817
-3809
-13726
-299
-1707
-4021
-3700
-1015
-1976
-17446
122
-880
-329
-810
-3644
-2652
-2696
-2558
-2515
-189
-159
-4147
-2809
-4329
-3411
109
-475
-268
4
-86
-757
73
-1348
-2529
-18404
9
-190
-3310
-4452
-3167
-2084
-17732
217
-129
-402
-1084
-3859
-2296
-2921
-3398
-2579
-252
-823
-4607
-2509
-3819
-3874
163
-330
-912
123
337
-1396
90
-462
-2688
-22713
67
-40
-3800
-4443
-3433
-2313
-20997
259
-157
-526
-1560
-3646
-3879
-2488
-3571
-2907
-204
-837
-4276
-5171
-3014
-4241
936
-265
-1024
51
-382
-874
-1306
273
-2993
-19251
-2
-91
-3737
-4525
-2623
-3153
-16595
233
-93
-579
-683
-4494
-4839
-1431
-4549
-3869
-218
-968
-4133
-5025
-3334
-4043
1082
-289
-635
-78
-1222
-2707
-3104
1271
-3774
-19338
-107
-937
-5774
-4293
-1915
-2419
-21452
139
-536
-420
-694
-5455
-5310
-1120
-4970
-4685
-146
-874
-4259
-4979
-3921
-3666
975
-242
-241
-224
-493
-5091
-5517
3983
-4498
-12909
-40
-541
-6530
-4923
-106
-1865
-18644
107
-100
-136
-1002
-2753
-2999
-2649
-2584
-2649
-178
-688
-4247
-4902
-4479
-4307
2872
-87
-364
-276
-1095
-2510
-3774
3576
-2464
-22050
-253
-1008
-4860
-5128
-1840
-3307
-18838
-179
-625
-157
-1684
-2497
-3186
-1262
-1716
-2644
-109
-2474
-2163
-2532
-2574
-2047
269
-163
-2160
-277
1
-3162
-547
-63
-2657
-20092
-403
310
-3367
-2326
-2392
-1709
-22640
-57
141
-380
-422
-2176
-4146
-1086
-2602
-2971
-374
-676
-2307
-3417
-3082
-2306
-569
-278
-1087
26
754
-3195
-490
-541
-2820
-22420
-255
-446
-4416
-3699
-1807
-2179
-25461
172
-159
-674
172
-1401
-2458
-2370
-2531
-2059
-407
-933
-2923
-2476
-3718
-3918
493
-370
-1403
202
423
-2229
-140
-343
-2020
-20152
-77
170
-4777
-4530
-3094
-3056
-17117
286
-137
-770
446
-1683
-1405
-2976
-2723
-1973
-465
-293
-3375
-2064
-3604
-4308
545
-217
-520
197
1142
-2351
-492
106
-2033
-21079
-52
554
-5221
-4451
-4269
-3423
-15976
315
857
-801
-454
-1529
-2117
-2348
-3296
-2252
-484
-776
-3749
-3314
-3855
-4688
968
-243
-752
157
307
-2578
-1409
186
-2325
-19391
-92
-388
-6008
-4778
-4167
-4286
-12462
338
198
-755
-869
-1681
-1890
-1401
-2665
-2016
-449
-1256
-4217
-3285
-4353
-4334
2267
-318
-1239
118
-851
-2899
-1895
617
-1970
-21205
-203
-801
-7134
-5029
-3544
-3954
-13756
275
-331
-549
-1056
-817
-2543
-1237
-1534
-1929
-411
-2010
-3451
-4770
-4863
-3772
3354
-319
-2066
30
-748
-2492
-2670
1327
-1731
-22437
-70
-283
-6821
-5069
-2966
-3277
-14699
130
-296
-283
-959
-1413
-3062
-2753
-2915
-2790
-420
-1359
-1793
-4223
-4044
-3080
2217
-141
-1310
-190
-598
-2260
-3196
2046
-2652
-17786
-236
-728
-3845
-2821
-2350
-2895
-20294
-8
-781
-27
-1360
-795
-2193
-96
-1259
-1795
33
-1025
-1635
-3231
-2386
-2506
-32
-146
-1092
-260
578
-1391
-2261
-1261
-1716
-19385
-392
668
-2501
-1729
-3273
-2106
-17511
-41
694
-260
-1830
-1152
-2158
-1491
-1413
-2389
-273
-1245
-993
-2576
-2544
-2104
-592
-225
-1368
2
1123
-1800
-3141
-1600
-2201
-13702
-239
737
-3083
-2971
-2726
-2005
-16376
145
919
-407
-1505
-1174
-1321
-3149
-1165
-2109
-342
-923
-1047
-1263
-2722
-2115
-481
-309
-1572
83
-175
-1433
-3363
-664
-2042
-15692
-212
-725
-3189
-2666
-3165
-2045
-19184
146
-1218
-482
-1409
-1322
-140
-2519
-1139
-1810
-385
-712
-1915
-890
-2459
-1964
207
-250
-1544
32
261
-1628
-3366
-567
-1815
-15907
-173
270
-3845
-2334
-3887
-2321
-17126
187
-140
-516
-1558
-1683
-84
-2092
-1891
-2167
-496
-1010
-2488
-993
-2621
-2245
587
-308
-2140
2
41
-2188
-3810
-814
-2174
-15276
-165
-593
-4230
-2413
-4452
-2857
-16914
158
-606
-465
-1899
-2030
-220
-1925
-1841
-2304
-487
-898
-2658
-1340
-2651
-2109
1376
-348
-1141
51
22
-2337
-4163
-677
-2265
-14957
-211
-399
-4472
-2325
-4603
-2711
-18142
123
-83
-319
-1416
-839
-1023
-2033
-593
-1509
-387
-727
-1787
-2805
-3520
-1752
1651
-315
-878
1
-315
-1618
-3181
646
-1427
-15038
-198
-453
-3870
-1557
-3293
-2176
-14545
32
-83
-134
-1037
-834
-1851
-2340
-1310
-1752
-328
-1365
-814
-3063
-2876
-2085
750
-215
-1147
-161
-86
-2280
-2726
2129
-1655
-16222
-348
156
-2751
-457
-2417
-2039
-17143
-32
295
120
-30
-1080
-2539
-130
-1762
-2126
-40
241
-994
-3061
-2702
-3027
-1223
-90
559
-384
-296
-2549
-3171
-223
-2092
-16708
-431
94
-2881
-2392
-2669
-2832
-15153
-185
-263
234
-355
-597
-1326
-246
-1267
-1781
-103
-165
-324
-2030
-3028
-3028
-505
-124
460
-343
291
-2455
-3126
-1225
-1660
-17795
-519
40
-3727
-2736
-3344
-2543
-16505
-214
234
209
-69
-1137
-1070
-1629
-1878
-2063
-87
-261
-677
-868
-3545
-3094
-902
-92
-75
-286
332
-2170
-3859
-317
-2009
-14755
-517
442
-3643
-2738
-2760
-2687
-15541
-278
501
146
120
-1082
-490
-1212
-1760
-1840
-118
36
-863
-397
-3235
-3126
-612
-105
350
-296
-13
-1866
-3685
-966
-1807
-15439
-459
313
-3908
-2614
-3755
-2701
-15457
-298
234
129
191
-1052
-366
-859
-1746
-1727
-139
146
-938
-438
-2819
-3036
-456
-124
530
-292
-250
-1813
-3507
-1146
-1661
-15200
-455
10
-3825
-2514
-3859
-2611
-15117
-284
-118
40
317
-1203
-117
-1175
-1570
-1678
-163
364
-1236
-468
-2934
-2895
-93
-147
681
-264
-575
-2104
-3407
-572
-1605
-15748
-451
-23
-4112
-2455
-3616
-2723
-15492
-255
9
-35
422
-997
-815
-1276
-1167
-1492
-150
553
-981
-1249
-2982
-2334
-226
-176
1214
-260
-157
-2023
-2707
58
-1406
-14190
-348
52
-3832
-1850
-2584
-2482
-13531
-144
449
-40
-159
-228
-1311
-1166
-758
-1189
-151
-197
-43
-1966
-2391
-2257
-718
-173
473
-280
-177
-1839
-1779
386
-1035
-15641
-373
5
-2960
-1373
-1932
-2359
-13725
-157
118
0
0
0
0
0
0
0
0
0
0
0
-966
-2293
35
704
-1840
0
0
0
0
0
0
0
0
0
0
0
-896
-2943
-3020
-1952
-17181
0
0
0
0
0
0
0
0
0
0
0
-2108
-2046
-231
2557
-2036
0
0
0
0
0
0
0
0
0
0
0
-2521
-3390
-2452
-1939
-13821
0
0
0
0
0
0
0
0
0
0
0
-2828
-3077
-2844
2401
-2429
0
0
0
0
0
0
0
0
0
0
0
-3043
-2894
-579
-2358
-14335
0
0
0
0
0
0
0
0
0
0
0
-2636
-2360
-3561
1103
-2326
0
0
0
0
0
0
0
0
0
0
0
-2588
-2765
97
-2238
-19151
0
0
0
0
0
0
0
0
0
0
0
-5349
-4577
-5949
-552
-4323
0
0
0
0
0
0
0
0
0
0
0
-3310
-3714
975
-4409
-15245
0
0
0
0
0
0
0
0
0
0
0
-4506
-4333
-2448
-92
-3896
0
0
0
0
0
0
0
0
0
0
0
-3192
-5335
-560
-3948
-16338
0
0
0
0
0
0
0
0
0
0
0
-2976
-3839
1364
604
-3124
0
0
0
0
0
0
0
0
0
0
0
-3516
-4775
-3012
-3060
-17626
0
0
0
0
0
0
0
0
0
0
0
-2568
-2438
2633
-890
-2303
0
0
0
0
0
0
0
0
0
0
0
-2525
-2692
-3269
-2146
-16728
0
0
0
0
0
0
0
0
0
0
0
-1026
-2780
534
166
-2549
0
0
0
0
0
0
0
0
0
0
0
-2556
-3214
-4145
-2550
-17300
0
0
0
0
0
0
0
0
0
0
0
-2767
-2536
90
1166
-2601
0
0
0
0
0
0
0
0
0
0
0
-3425
-1986
-4786
-2588
-22244
0
0
0
0
0
0
0
0
0
0
0
-5095
-5419
-5394
-1423
-4537
0
0
0
0
0
0
0
0
0
0
0
-5361
3287
-5067
-4476
-14100
0
0
0
0
0
0
0
0
0
0
0
-5073
-5494
-6449
-1586
-4857
0
0
0
0
0
0
0
0
0
0
0
-6731
2438
-3329
-4730
-13786
0
0
0
0
0
0
0
0
0
0
0
-5830
-4429
-6232
-2034
-4470
0
0
0
0
0
0
0
0
0
0
0
-5522
-967
47
-4334
-19986
0
0
0
0
0
0
0
0
0
0
0
-5164
-5015
-5037
-639
-4324
0
0
0
0
0
0
0
0
0
0
0
-5035
-1786
-426
-4248
-15555
0
0
0
0
0
0
0
0
0
0
0
-3176
-4170
1794
-117
-3077
0
0
0
0
0
0
0
0
0
0
0
-4986
-2546
-3017
-2953
-16560
0
0
0
0
0
0
0
0
0
0
0
-3092
-2957
3696
-1803
-2970
0
0
0
0
0
0
0
0
0
0
0
-3424
-2706
-4379
-2778
-13081
0
0
0
0
0
0
0
0
0
0
0
-1059
-2518
-1313
-1543
-2972
0
0
0
0
0
0
0
0
0
0
0
-2361
-2164
-3960
-2916
-19738
0
0
0
0
0
0
0
0
0
0
0
-3900
-3454
-3648
-2351
-3568
0
0
0
0
0
0
0
0
0
0
0
-3849
107
-2923
-3622
-23933
0
0
0
0
0
0
0
0
0
0
0
-8742
-8402
-10294
-6578
-7994
0
0
0
0
0
0
0
0
0
0
0
-9024
5846
-5778
-7945
-493
0
0
0
0
0
0
0
0
0
0
0
-11426
-12955
-12433
-10911
-11990
0
0
0
0
0
0
0
0
0
0
0
-14449
10564
-10130
-12081
15418
0
0
0
0
0
0
0
0
0
0
0
-6878
-6972
-7956
-7981
-7079
0
0
0
0
0
0
0
0
0
0
0
-9706
8481
-6344
-6892
-19041
0
0
0
0
0
0
0
0
0
0
0
-5242
-5815
-6727
-4815
-5481
0
0
0
0
0
0
0
0
0
0
0
-7120
5374
-4762
-5537
-12763
0
0
0
0
0
0
0
0
0
0
0
-2504
-4137
-512
-2598
-2555
0
0
0
0
0
0
0
0
0
0
0
-3407
1005
-1844
-2598
-22646
0
0
0
0
0
0
0
0
0
0
0
-2242
-2279
627
-2085
-2005
0
0
0
0
0
0
0
0
0
0
0
-1024
-2634
-778
-1932
-17745
0
0
0
0
0
0
0
0
0
0
0
-2978
-2666
-2941
-1258
-3914
0
0
0
0
0
0
0
0
0
0
0
-4150
-2678
-3090
-3700
-15272
0
0
0
0
0
0
0
0
0
0
0
-2493
-3485
-2107
-964
-2745
0
0
0
0
0
0
0
0
0
0
0
-4303
-1435
-1223
-2644
-25719
0
0
0
0
0
0
0
0
0
0
0
-4042
-4101
-5290
-2427
-3573
0
0
0
0
0
0
0
0
0
0
0
-5319
2565
-2011
-3715
-20931
0
0
0
0
0
0
0
0
0
0
0
-5610
-4348
-4881
-4719
-4579
0
0
0
0
0
0
0
0
0
0
0
-7678
3777
-2489
-4599
-21885
0
0
0
0
0
0
0
0
0
0
0
-6021
-4448
-5032
-4876
-5464
0
0
0
0
0
0
0
0
0
0
0
-7806
2430
-3718
-5576
-18092
0
0
0
0
0
0
0
0
0
0
0
-4412
-4340
-3491
-4408
-3747
0
0
0
0
0
0
0
0
0
0
0
-4780
1934
-1117
-3912
-24311
0
0
0
0
0
0
0
0
0
0
0
-3917
-4679
-2136
-4548
-3231
0
0
0
0
0
0
0
0
0
0
0
-3351
-3087
3973
-3440
-17096
0
0
0
0
0
0
0
0
0
0
0
-3505
-3319
-2670
-2856
-3062
0
0
0
0
0
0
0
0
0
0
0
-2581
-4364
3254
-2963
-13501
0
0
0
0
0
0
0
0
0
0
0
-3283
-3597
-4794
-638
-4358
0
0
0
0
0
0
0
0
0
0
0
-4346
-1792
-3527
-4299
-12660
0
0
0
0
0
0
0
0
0
0
0
-2681
-3246
-2232
-1570
-2373
0
0
0
0
0
0
0
0
0
0
0
-2396
-998
-314
-2212
-20181
0
0
0
0
0
0
0
0
0
0
0
-2790
-2100
-3383
-1325
-1681
0
0
0
0
0
0
0
0
0
0
0
-836
163
-573
-1801
-20860
0
0
0
0
0
0
0
0
0
0
0
-2970
-2210
-3814
-1496
-2156
0
0
0
0
0
0
0
0
0
0
0
-1475
-433
-97
-2146
-22490
0
0
0
0
0
0
0
0
0
0
0
-3402
-3409
-3548
-2503
-3049
0
0
0
0
0
0
0
0
0
0
0
-1426
-2594
423
-3285
-15659
0
0
0
0
0
0
0
0
0
0
0
-3923
-3762
-2620
-3661
-3501
0
0
0
0
0
0
0
0
0
0
0
-2631
-3557
1868
-3739
-18808
0
0
0
0
0
0
0
0
0
0
0
-4777
-4319
-1620
-3962
-4282
0
0
0
0
0
0
0
0
0
0
0
-4208
-5936
3828
-4226
-12941
0
0
0
0
0
0
0
0
0
0
0
-3298
-2960
-2915
-1059
-2922
0
0
0
0
0
0
0
0
0
0
0
-1886
-4656
2274
-2810
-17006
0
0
0
0
0
0
0
0
0
0
0
-1382
-2789
-3158
-595
-2402
0
0
0
0
0
0
0
0
0
0
0
-1789
-508
-2454
-2326
-18813
0
0
0
0
0
0
0
0
0
0
0
-1298
-2277
-1519
-524
-1727
0
0
0
0
0
0
0
0
0
0
0
-1977
-552
-1527
-1662
-27095
0
0
0
0
0
0
0
0
0
0
0
-2072
-1689
-3518
-18
-2031
0
0
0
0
0
0
0
0
0
0
0
-1710
-887
-797
-1865
-19569
0
0
0
0
0
0
0
0
0
0
0
-2492
-1456
-4390
-707
-2557
0
0
0
0
0
0
0
0
0
0
0
-2109
-1427
-53
-2283
-16843
0
0
0
0
0
0
0
0
0
0
0
-2256
-1463
-2970
-1479
-2116
0
0
0
0
0
0
0
0
0
0
0
-1722
-1175
151
-1873
-18304
0
0
0
0
0
0
0
0
0
0
0
-2434
-1559
-2231
-1445
-2262
0
0
0
0
0
0
0
0
0
0
0
-2173
-1736
630
-1979
-19207
0
0
0
0
0
0
0
0
0
0
0
-2431
-1856
-1898
-978
-2461
0
0
0
0
0
0
0
0
0
0
0
-1847
-3776
1155
-2123
-18447
0
0
0
0
0
0
0
0
0
0
0
-2020
-1824
-2499
-1546
-2127
0
0
0
0
0
0
0
0
0
0
0
-438
-3144
1151
-1881
-18160
0
0
0
0
0
0
0
0
0
0
0
-1098
-1594
-905
-1036
-1668
0
0
0
0
0
0
0
0
0
0
0
646
-2110
-2275
-1587
-17320
0
0
0
0
0
0
0
0
0
0
0
-2012
-1377
-930
-1349
-2287
0
0
0
0
0
0
0
0
0
0
0
-527
-3530
-1717
-2153
-12342
0
0
0
0
0
0
0
0
0
0
0
-2295
-1287
-2907
-379
-2336
0
0
0
0
0
0
0
0
0
0
0
-336
-3846
-410
-2153
-14485
0
0
0
0
0
0
0
0
0
0
0
-1973
-568
-1810
-725
-1770
0
0
0
0
0
0
0
0
0
0
0
-341
-3183
-81
-1579
-15446
0
0
0
0
0
0
0
0
0
0
0
-1680
-283
-1102
-1514
-1652
0
0
0
0
0
0
0
0
0
0
0
-514
-3096
131
-1378
-17084
0
0
0
0
0
0
0
0
0
0
0
-2119
-474
-922
-2207
-2057
0
0
0
0
0
0
0
0
0
0
0
-735
-3798
537
-1754
-15863
0
0
0
0
0
0
0
0
0
0
0
-1981
-986
-1001
-1868
-1893
0
0
0
0
0
0
0
0
0
0
0
-659
-3690
1147
-1714
-12353
0
0
0
0
0
0
0
0
0
0
0
-1415
-1361
-1397
-1228
-1534
0
0
0
0
0
0
0
0
0
0
0
-797
-2669
1000
-1397
-14956
0
0
0
0
0
0
0
0
0
0
0
-1368
-1595
61
-1087
-1477
0
0
0
0
0
0
0
0
0
0
0
-164
-2589
-813
-1427
-17133
0
0
0
0
0
0
0
0
0
0
0
-905
-555
507
-1023
-1355
0
0
0
0
0
0
0
0
0
0
0
-593
-2954
-1122
-1315
-17354
0
0
0
0
0
0
0
0
0
0
0
-1374
-566
-470
-1114
-1384
0
0
0
0
0
0
0
0
0
0
0
-138
-3246
39
-1276
-15956
0
0
0
0
0
0
0
0
0
0
0
-1568
-216
-101
-1152
-1257
0
0
0
0
0
0
0
0
0
0
0
156
-2982
-250
-1144
-15967
0
0
0
0
0
0
0
0
0
0
0
-1374
-24
201
-1259
-1183
0
0
0
0
0
0
0
0
0
0
0
33
-2761
-494
-1084
-15503
0
0
0
0
0
0
0
0
0
0
0
-1315
44
12
-1121
-1086
0
0
0
0
0
0
0
0
0
0
0
-317
-2663
-57
-1001
-16523
0
0
0
0
0
0
0
0
0
0
0
-1270
-411
-1
-1093
-962
0
0
0
0
0
0
0
0
0
0
0
-440
-2231
431
-949
-14762
0
0
0
0
0
0
0
0
0
0
0
-770
-811
-628
-924
-865
0
0
0
0
0
0
0
0
0
0
0
-55
-1545
178
-839
-14587
0
0
0
0
0
0
0
0
0
0
0
0
0
0
0
0
0
0
0
0
0
0
0
0
0
0
0
0
0
0
0
0
0
0
0
0
0
0
0
0
0
0
0
0
0
0
0
0
0
0
0
0
0
0
0
0
0
0
0
0
0
0
0
0
0
0
0
0
0
0
0
0
0
0
0
0
0
0
0
0
0
0
0
0
0
0
0
0
0
0
0
0
0
0
0
0
0
0
0
0
0
0
0
0
0
0
0
0
0
0
0
0
0
0
0
0
0
0
0
0
0
0
0
0
0
0
0
0
0
0
0
0
0
0
0
0
0
0
0
0
0
0
0
0
0
0
0
0
0
0
0
0
0
0
0
0
0
0
0
0
0
0
0
0
0
0
0
0
0
0
0
0
0
0
0
0
0
0
0
0
0
0
0
0
0
0
0
0
0
0
0
0
0
0
0
0
0
0
0
0
0
0
0
0
0
0
0
0
0
0
0
0
0
0
0
0
0
0
0
0
0
0
0
0
0
0
0
0
0
0
0
0
0
0
0
0
0
0
0
0
0
0
0
0
0
0
0
0
0
0
0
0
0
0
0
0
0
0
0
0
0
0
0
0
0
0
0
0
0
0
0
0
0
0
0
0
0
0
0
0
0
0
0
0
0
0
0
0
0
0
0
0
0
0
0
0
0
0
0
0
0
0
0
0
0
0
0
0
0
0
0
0
0
0
0
0
0
0
0
0
0
0
0
0
0
0
0
0
0
0
0
0
0
0
0
0
0
0
0
0
0
0
0
0
0
0
0
0
0
0
0
0
0
0
0
0
0
0
0
0
0
0
0
0
0
0
0
0
0
0
0
0
0
0
0
0
0
0
0
0
0
0
0
0
0
0
0
0
0
0
0
0
0
0
0
0
0
0
0
0
0
0
0
0
0
0
0
0
0
0
0
0
0
0
0
0
0
0
0
0
0
0
0
0
0
0
0
0
0
0
0
0
0
0
0
0
0
0
0
0
0
0
0
0
0
0
0
0
0
0
0
0
0
0
0
0
0
0
0
0
0
0
0
0
0
0
0
0
0
0
0
0
0
0
0
0
0
0
0
0
0
0
0
0
0
0
0
0
0
0
0
0
0
0
0
0
0
0
0
0
0
0
0
0
0
0
0
0
0
0
0
0
0
0
0
0
0
0
0
0
0
0
0
0
0
0
0
0
0
0
0
0
0
0
0
0
0
0
0
0
0
0
0
0
0
0
0
0
0
0
0
0
0
0
0
0
0
0
0
0
0
0
0
0
0
0
0
0
0
0
0
0
0
0
0
0
0
0
0
0
0
0
0
0
0
0
0
0
0
0
0
0
0
0
0
0
0
0
0
0
0
0
0
0
0
0
0
0
0
0
0
0
0
0
0
0
0
0
0
0
0
0
0
0
0
0
0
0
0
0
0
0
0
0
0
0
0
0
0
0
0
0
0
0
0
0
0
0
0
0
0
0
0
0
0
0
0
0
0
0
0
0
0
0
0
0
0
0
0
0
0
0
0
0
0
0
0
0
0
0
0
0
0
0
0
0
0
0
0
0
0
0
0
0
0
0
0
0
0
0
0
0
0
0
0
0
0
0
0
0
0
0
0
0
0
0
0
0
0
0
0
0
0
0
0
0
0
0
0
0
0
0
0
0
0
0
0
0
0
0
0
0
0
0
0
0
0
0
0
0
0
0
0
0
0
0
0
0
0
0
0
0
0
0
0
0
0
0
0
0
0
0
0
0
0
0
0
0
0
0
0
0
0
0
0
0
0
0
0
0
0
0
0
0
0
0
0
0
0
0
0
0
0
0
0
0
0
0
0
0
0
0
0
0
0
0
0
0
0
0
0
0
0
0
0
0
0
0
0
0
0
0
0
0
0
0
0
0
0
0
0
0
0
0
0
0
0
0
0
0
0
0
0
0
0
0
0
0
0
0
0
0
0
0
0
0
0
0
0
0
0
0
0
0
0
0
0
0
0
0
0
0
0
0
0
0
0
0
0
0
0
0
0
0
0
0
0
0
0
0
0
0
0
0
0
0
0
0
0
0
0
0
0
0
0
0
0
0
0
0
0
0
0
0
0
0
0
0
0
0
0
0
0
0
0
0
0
0
0
0
0
0
0
0
0
0
0
0
0
0
0
0
0
0
0
0
0
0
0
0
0
0
0
0
0
0
0
0
0
0
0
0
0
0
0
0
0
0
0
0
0
0
0
0
0
0
0
0
0
0
0
0
0
0
0
0
0
0
0
0
0
0
0
0
0
0
0
0
0
0
0
0
0
0
0
0
0
0
0
0
0
0
0
0
0
0
0
0
0
0
0
0
0
0
0
0
0
0
0
0
0
0
0
0
0
0
0
0
0
0
0
0
0
0
0
0
0
0
0
0
0
0
0
0
0
0
0
0
0
0
0
0
0
0
0
0
0
0
0
0
0
0
0
0
0
0
0
0
0
0
0
0
0
0
0
0
0
0
0
0
0
0
0
0
0
0
0
0
0
0
0
0
0
0
0
0
0
0
0
0
0
0
0
0
0
0
0
0
0
0
0
0
0
0
0
0
0
0
0
0
0
0
0
0
0
0
0
0
0
0
0
0
0
0
0
0
0
0
0
0
0
0
0
0
0
0
0
0
0
0
0
0
0
0
0
0
0
0
0
0
0
0
0
0
0
0
0
0
0
0
0
0
0
0
0
0
0
0
0
0
0
0
0
0
0
0
0
0
0
0
0
0
0
0
0
0
0
0
0
0
0
0
0
0
0
0
0
0
0
0
0
0
0
0
0
0
0
0
0
0
0
0
0
0
0
0
0
0
0
0
0
0
0
0
0
0
0
0
0
0
0
0
0
0
0
0
0
0
0
0
0
0
0
0
0
0
0
0
0
0
0
0
0
0
0
0
0
0
0
0
0
0
0
0
0
0
0
0
0
0
0
0
0
0
0
0
0
0
0
0
0
0
0
0
0
0
0
0
0
0
0
0
0
0
0
0
0
0
0
0
0
0
0
0
0
0
0
0
0
0
0
0
0
0
0
0
0
0
0
0
0
0
0
0
0
0
0
0
0
0
0
0
0
0
0
0
0
0
0
0
0
0
0
0
0
0
0
0
0
0
0
0
0
0
0
0
0
0
0
0
0
0
0
0
0
0
0
0
0
0
0
0
0
0
0
0
0
0
0
0
0
0
0
0
0
0
0
0
0
0
0
0
0
0
0
0
0
0
0
0
0
0
0
0
0
0
0
0
0
0
0
0
0
0
0
0
0
0
0
0
0
0
0
0
0
0
0
0
0
0
0
0
0
0
0
0
0
0
0
0
0
0
0
0
0
0
0
0
0
0
0
0
0
0
0
0
0
0
0
0
0
0
0
0
0
0
0
0
0
0
0
0
0
0
0
0
0
0
0
0
0
0
0
0
0
0
0
0
0
0
0
0
0
0
0
0
0
0
0
0
0
0
0
0
0
0
0
0
0
0
0
0
0
0
0
0
0
0
0
0
0
0
0
0
0
0
0
0
0
0
0
0
0
0
0
0
0
0
0
0
0
0
0
0
0
0
0
0
0
0
0
0
0
0
0
0
0
0
0
0
0
0
0
0
0
0
0
0
0
0
0
0
0
0
0
0
0
0
0
0
0
0
0
0
0
0
0
0
0
0
0
0
0
0
0
0
0
0
0
0
0
0
0
0
0
0
0
0
0
0
0
0
0
0
0
0
0
0
0
0
0
0
0
0
0
0
0
0
0
0
0
0
0
0
0
0
0
0
0
0
0
0
0
0
0
0
0
0
0
0
0
0
0
0
0
0
0
0
0
0
0
0
0
0
0
0
0
0
0
0
0
0
0
0
0
0
0
0
0
0
0
0
0
0
0
0
0
0
0
0
0
0
0
0
0
0
0
0
0
0
0
0
0
0
0
0
0
0
0
0
0
0
0
0
0
0
0
0
0
0
0
0
0
0
0
0
0
0
0
0
0
0
0
0
0
0
0
0
0
0
0
0
0
0
0
0
0
0
0
0
0
0
0
0
0
0
0
0
0
0
0
0
0
0
0
0
0
0
0
0
0
0
0
0
0
0
0
0
0
0
0
0
0
0
0
0
0
0
0
0
0
0
0
0
0
0
0
0
0
0
0
0
0
0
0
0
0
0
0
0
0
0
0
0
0
0
0
0
0
0
0
0
0
0
0
0
0
0
0
0
0
0
0
0
0
0
0
0
0
0
0
0
0
0
0
0
0
0
0
0
0
0
0
0
0
0
0
0
0
0
0
0
0
0
0
0
0
0
0
0
0
0
0
0
0
0
0
0
0
0
0
0
0
0
0
0
0
0
0
0
0
0
0
0
0
0
0
0
0
0
0
0
0
0
0
0
0
0
0
0
0
0
0
0
0
0
0
0
0
0
0
0
0
0
0
0
0
0
0
0
0
0
0
0
0
0
0
0
0
0
0
0
0
0
0
0
0
0
0
0
0
0
0
0
0
0
0
0
0
0
0
0
0
0
0
0
0
0
0
0
0
0
0
0
0
0
0
0
0
0
0
0
0
0
0
0
0
0
0
0
0
0
0
0
0
0
0
0
0
0
0
0
0
0
0
0
0
0
0
0
0
0
0
0
0
0
0
0
0
0
0
0
0
0
0
0
0
0
0
0
0
0
0
0
0
0
0
0
0
0
0
0
0
0
0
0
0
0
0
0
0
0
0
0
0
0
0
0
0
0
0
0
0
0
0
0
0
0
0
0
0
0
0
0
0
0
0
0
0
0
0
0
0
0
0
0
0
0
0
0
0
0
0
0
0
0
0
0
0
0
0
0
0
0
0
0
0
0
0
0
0
0
0
0
0
0
0
0
0
0
0
0
0
0
0
0
0
0
0
0
0
0
0
0
0
0
0
0
0
0
0
0
0
0
0
0
0
0
0
0
0
0
0
0
0
0
0
0
0
0
0
0
0
0
0
0
0
0
0
0
0
0
0
0
0
0
0
0
0
0
0
0
0
0
0
0
0
0
0
0
0
0
0
0
0
0
0
0
0
0
0
0
0
0
0
0
0
0
0
0
0
0
0
0
0
0
0
0
0
0
0
0
0
0
0
0
0
0
0
0
0
0
0
0
0
0
0
0
0
0
0
0
0
0
0
0
0
0
0
0
0
0
0
0
0
0
0
0
0
0
0
0
0
0
0
0
0
0
0
0
0
0
0
0
0
0
0
0
0
0
0
0
0
0
0
0
0
0
0
0
0
0
0
0
0
0
0
0
0
0
0
0
0
0
0
0
0
0
0
0
0
0
0
0
0
0
0
0
0
0
0
0
0
0
0
0
0
0
0
0
0
0
0
0
0
0
0
0
0
0
0
0
0
0
0
0
0
0
0
0
0
0
0
0
0
0
0
0
0
0
0
0
0
0
0
0
0
0
0
0
0
0
0
0
0
0
0
0
0
0
0
0
0
0
0
0
0
0
0
0
0
0
0
0
0
0
0
0
0
0
0
0
0
0
0
0
0
0
0
0
0
0
0
0
0
0
0
0
0
0
0
0
0
0
0
0
0
0
0
0
0
0
0
0
0
0
0
0
0
0
0
0
0
0
0
0
0
0
0
0
0
0
0
0
0
0
0
0
0
0
0
0
0
0
0
0
0
0
0
0
0
0
0
0
0
0
0
0
0
0
0
0
0
0
0
0
0
0
0
0
0
0
0
0
0
0
0
0
0
0
0
0
0
0
0
0
0
0
0
0
0
0
0
0
0
0
0
0
0
0
0
0
0
0
0
0
0
0
0
0
0
0
0
0
0
0
0
0
0
0
0
0
0
0
0
0
0
0
0
0
0
0
0
0
0
0
0
0
0
0
0
0
0
0
0
0
0
0
0
0
0
0
0
0
0
0
0
0
0
0
0
0
0
0
0
0
0
0
0
0
0
0
0
0
0
0
0
0
0
0
0
0
0
0
0
0
0
0
0
0
0
0
0
0
0
0
0
0
0
0
0
0
0
0
0
0
0
0
0
0
0
0
0
0
0
0
0
0
0
0
0
0
0
0
0
0
0
0
0
0
0
0
0
0
0
0
0
0
0
0
0
0
0
0
0
0
0
0
0
0
0
0
0
0
0
0
0
0
0
0
0
0
0
0
0
0
0
0
0
0
0
0
0
0
0
0
0
0
0
0
0
0
0
0
0
0
0
0
0
0
0
0
0
0
0
0
0
0
0
0
0
0
0
0
0
0
0
0
0
0
0
0
0
0
0
0
0
0
0
0
0
0
0
0
0
0
0
0
0
0
0
0
0
0
0
0
0
0
0
0
0
0
0
0
0
0
0
0
0
0
0
0
0
0
0
0
0
0
0
0
0
0
0
0
0
0
0
0
0
0
0
0
0
0
0
0
0
0
0
0
0
0
0
0
0
0
0
0
0
0
0
0
0
0
0
0
0
0
0
0
0
0
0
0
0
0
0
0
0
0
0
0
0
0
0
0
0
0
0
0
0
0
0
0
0
0
0
0
0
0
0
0
0
0
0
0
0
0
0
0
0
0
0
0
0
0
0
0
0
0
0
0
0
0
0
0
0
0
0
0
0
0
0
0
0
0
0
0
0
0
0
0
0
0
0
0
0
0
0
0
0
0
0
0
0
0
0
0
0
0
0
0
0
0
0
0
0
0
0
0
0
0
0
0
0
0
0
0
0
0
0
0
0
0
0
0
0
0
0
0
0
0
0
0
0
0
0
0
0
0
0
0
0
0
0
0
0
0
0
0
0
0
0
0
0
0
0
0
0
0
0
0
0
0
0
0
0
0
0
0
0
0
0
0
0
0
0
0
0
0
0
0
0
0
0
0
0
0
0
0
0
0
0
0
0
0
0
0
0
0
0
0
0
0
0
0
0
0
0
0
0
0
0
0
0
0
0
0
0
0
0
0
0
0
0
0
0
0
0
0
0
0
0
0
0
0
0
0
0
0
0
0
0
0
0
0
0
0
0
0
0
0
0
0
0
0
0
0
0
0
0
0
0
0
0
0
0
0
0
0
0
0
0
0
0
0
0
0
0
0
0
0
0
0
0
0
0
0
0
0
0
0
0
0
0
0
0
0
0
0
0
0
0
0
0
0
0
0
0
0
0
0
0
0
0
0
0
0
0
0
0
0
0
0
0
0
0
0
0
0
0
0
0
0
0
0
0
0
0
0
0
0
0
0
0
0
0
0
0
0
0
0
0
0
0
0
0
0
0
0
0
0
0
0
0
0
0
0
0
0
0
0
0
0
0
0
0
0
0
0
0
0
0
0
0
0
0
0
0
0
0
0
0
0
0
0
0
0
0
0
0
0
0
0
0
0
0
0
0
0
0
0
0
0
0
0
0
0
0
0
0
0
0
0
0
0
0
0
0
0
0
0
0
0
0
0
0
0
0
0
0
0
0
0
0
0
0
0
0
0
0
0
0
0
0
0
0
0
0
0
0
0
0
0
0
0
0
0
0
0
0
0
0
0
0
0
0
0
0
0
0
0
0
0
0
0
0
0
0
0
0
0
0
0
0
0
0
0
0
0
0
0
0
0
0
0
0
0
0
0
0
0
0
0
0
0
0
0
0
0
0
0
0
0
0
0
0
0
0
0
0
0
0
0
0
0
0
0
0
0
0
0
0
0
0
0
0
0
0
0
0
0
0
0
0
0
0
0
0
0
0
0
0
0
0
0
0
0
0
0
0
0
0
0
0
0
0
0
0
0
0
0
0
0
0
0
0
0
0
0
0
0
0
0
0
0
0
0
0
0
0
0
0
0
0
0
0
0
0
0
0
0
0
0
0
0
0
0
0
0
0
0
0
0
0
0
0
0
0
0
0
0
0
0
0
0
0
0
0
0
0
0
0
0
0
0
0
0
0
0
0
0
0
0
0
0
0
0
0
0
0
0
0
0
0
0
0
0
0
0
0
0
0
0
0
0
0
0
0
0
0
0
0
0
0
0
0
0
0
0
0
0
0
0
0
0
0
0
0
0
0
0
0
0
0
0
0
0
0
0
0
0
0
0
0
0
0
0
0
0
0
0
0
0
0
0
0
0
0
0
0
0
0
0
0
0
0
0
0
0
0
0
0
0
0
0
0
0
0
0
0
0
0
0
0
0
0
0
0
0
0
0
0
0
0
0
0
0
0
0
0
0
0
0
0
0
0
0
0
0
0
0
0
0
0
0
0
0
0
0
0
0
0
0
0
0
0
0
0
0
0
0
0
0
0
0
0
0
0
0
0
0
0
0
0
0
0
0
0
0
0
0
0
0
0
0
0
0
0
0
0
0
0
0
0
0
0
0
0
0
0
0
0
0
0
0
0
0
0
0
0
0
0
0
0
0
0
0
0
0
0
0
0
0
0
0
0
0
0
0
0
0
0
0
0
0
0
0
0
0
0
0
0
0
0
0
0
0
0
0
0
0
0
0
0
0
0
0
0
0
0
0
0
0
0
0
0
0
0
0
0
0
0
0
0
0
0
0
0
0
0
0
0
0
0
0
0
0
0
0
0
0
0
0
0
0
0
0
0
0
0
0
0
0
0
0
0
0
0
0
0
0
0
0
0
0
0
0
0
0
0
0
0
0
0
0
0
0
0
0
0
0
0
0
0
0
0
0
0
0
0
0
0
0
0
0
0
0
0
0
0
0
0
0
0
0
0
0
0
0
0
0
0
0
0
0
0
0
0
0
0
0
0
0
0
0
0
0
0
0
0
0
0
0
0
0
0
0
0
0
0
0
0
0
0
0
0
0
0
0
0
0
0
0
0
0
0
0
0
0
0
0
0
0
0
0
0
0
0
0
0
0
0
0
0
0
0
0
0
0
0
0
0
0
0
0
0
0
0
0
0
0
0
0
0
0
0
0
0
0
0
0
0
0
0
0
0
0
0
0
0
0
0
0
0
0
0
0
0
0
0
0
0
0
0
0
0
0
0
0
0
0
0
0
0
0
0
0
0
0
0
0
0
0
0
0
0
0
0
0
0
0
0
0
0
0
0
0
0
0
0
0
0
0
0
0
0
0
0
0
0
0
0
0
0
0
0
0
0
0
0
0
0
0
0
0
0
0
0
0
0
0
0
0
0
0
0
0
0
0
0
0
0
0
0
0
0
0
0
0
0
0
0
0
0
0
0
0
0
0
0
0
0
0
0
0
0
0
0
0
0
0
0
0
0
0
0
0
0
0
0
0
0
0
0
0
0
0
0
0
0
0
0
0
0
0
0
0
0
0
0
0
0
0
0
0
0
0
0
0
0
0
0
0
0
0
0
0
0
0
0
0
0
0
0
0
0
0
0
0
0
0
0
0
0
0
0
0
0
0
0
0
0
0
0
0
0
0
0
0
0
0
0
0
0
0
0
0
0
0
0
0
0
0
0
0
0
0
0
0
0
0
0
0
0
0
0
0
0
0
0
0
0
0
0
0
0
0
0
0
0
0
0
0
0
0
0
0
0
0
0
0
0
0
0
0
0
0
0
0
0
0
0
0
0
0
0
0
0
0
0
0
0
0
0
0
0
0
0
0
0
0
0
0
0
0
0
0
0
0
0
0
0
0
0
0
0
0
0
0
0
0
0
0
0
0
0
0
0
0
0
0
0
0
0
0
0
0
0
0
0
0
0
0
0
0
0
0
0
0
0
0
0
0
0
0
0
0
0
0
0
0
0
0
0
0
0
0
0
0
0
0
0
0
0
0
0
0
0
0
0
0
0
0
0
0
0
0
0
0
0
0
0
0
0
0
0
0
0
0
0
0
0
0
0
0
0
0
0
0
0
0
0
0
0
0
0
0
0
0
0
0
0
0
0
0
0
0
0
0
0
0
0
0
0
0
0
0
0
0
0
0
0
0
0
0
0
0
0
0
0
0
0
0
0
0
0
0
0
0
0
0
0
0
0
0
0
0
0
0
0
0
0
0
0
0
0
0
0
0
0
0
0
0
0
0
0
0
0
0
0
0
0
0
0
0
0
0
0
0
0
0
0
0
0
0
0
0
0
0
0
0
0
0
0
0
0
0
0
0
0
0
0
0
0
0
0
0
0
0
0
0
0
0
0
0
0
0
0
0
0
0
0
0
0
0
0
0
0
0
0
0
0
0
0
0
0
0
0
0
0
0
0
0
0
0
0
0
0
0
0
0
0
0
0
0
0
0
0
0
0
0
0
0
0
0
0
0
0
0
0
0
0
0
0
0
0
0
0
0
0
0
0
0
0
0
0
0
0
0
0
0
0
0
0
0
0
0
0
0
0
0
0
0
0
0
0
0
0
0
0
0
0
0
0
0
0
0
0
0
0
0
0
0
0
0
0
0
0
0
0
0
0
0
0
0
0
0
0
0
0
0
0
0
0
0
0
0
0
0
0
0
0
0
0
0
0
0
0
0
0
0
0
0
0
0
0
0
0
0
0
0
0
0
0
0
0
0
0
0
0
0
0
0
0
0
0
0
0
0
0
0
0
0
0
0
0
0
0
0
0
0
0
0
0
0
0
0
0
0
0
0
0
0
0
0
0
0
0
0
0
0
0
0
0
0
0
0
0
0
0
0
0
0
0
0
0
0
0
0
0
0
0
0
0
0
0
0
0
0
0
0
0
0
0
0
0
0
0
0
0
0
0
0
0
0
0
0
0
0
0
0
0
0
0
0
0
0
0
0
0
0
0
0
0
0
0
0
0
0
0
0
0
0
0
0
0
0
0
0
0
0
0
0
0
0
0
0
0
0
0
0
0
0
0
0
0
0
0
0
0
0
0
0
0
0
0
0
0
0
0
0
0
0
0
0
0
0
0
0
0
0
0
0
0
0
0
0
0
0
0
0
0
0
0
0
0
0
0
0
0
0
0
0
0
0
0
0
0
0
0
0
0
0
0
0
0
0
0
0
0
0
0
0
0
0
0
0
0
0
0
0
0
0
0
0
0
0
0
0
0
0
0
0
0
0
0
0
0
0
0
0
0
0
0
0
0
0
0
0
0
0
0
0
0
0
0
0
0
0
0
0
0
0
0
0
0
0
0
0
0
0
0
0
0
0
0
0
0
0
0
0
0
0
0
0
0
0
0
0
0
0
0
0
0
0
0
0
0
0
0
0
0
0
0
0
0
0
0
0
0
0
0
0
0
0
0
0
0
0
0
0
0
0
0
0
0
0
0
0
0
0
0
0
0
0
0
0
0
0
0
0
0
0
0
0
0
0
0
0
0
0
0
0
0
0
0
0
0
0
0
0
0
0
0
0
0
0
0
0
0
0
0
0
0
0
0
0
0
0
0
0
0
0
0
0
0
0
0
0
0
0
0
0
0
0
0
0
0
0
0
0
0
0
0
0
0
0
0
0
0
0
0
0
0
0
0
0
0
0
0
0
0
0
0
0
0
0
0
0
0
0
0
0
0
0
0
0
0
0
0
0
0
0
0
0
0
0
0
0
0
0
0
0
0
0
0
0
0
0
0
0
0
0
0
0
0
0
0
0
0
0
0
0
0
0
0
0
0
0
0
0
0
0
0
0
0
0
0
0
0
0
0
0
0
0
0
0
0
0
0
0
0
0
0
0
0
0
0
0
0
0
0
0
0
0
0
0
0
0
0
0
0
0
0
0
0
0
0
0
0
0
0
0
0
0
0
0
0
0
0
0
0
0
0
0
0
0
0
0
0
0
0
0
0
0
0
0
0
0
0
0
0
0
0
0
0
0
0
0
0
0
0
0
0
0
0
0
0
0
0
0
0
0
0
0
0
0
0
0
0
0
0
0
0
0
0
0
0
0
0
0
0
0
0
0
0
0
0
0
0
0
0
0
0
0
0
0
0
0
0
0
0
0
0
0
0
0
0
0
0
0
0
0
0
0
0
0
0
0
0
0
0
0
0
0
0
0
0
0
0
0
0
0
0
0
0
0
0
0
0
0
0
0
0
0
0
0
0
0
0
0
0
0
0
0
0
0
0
0
0
0
0
0
0
0
0
0
0
0
0
0
0
0
0
0
0
0
0
0
0
0
0
0
0
0
0
0
0
0
0
0
0
0
0
0
0
0
0
0
0
0
0
0
0
0
0
0
0
0
0
0
0
0
0
0
0
0
0
0
0
0
0
0
0
0
0
0
0
0
0
0
0
0
0
0
0
0
0
0
0
0
0
0
0
0
0
0
0
0
0
0
0
0
0
0
0
0
0
0
0
0
0
0
0
0
0
0
0
0
0
0
0
0
0
0
0
0
0
0
0
0
0
0
0
0
0
0
0
0
0
0
0
0
0
0
0
0
0
0
0
0
0
0
0
0
0
0
0
0
0
0
0
0
0
0
0
0
0
0
0
0
0
0
0
0
0
0
0
0
0
0
0
0
0
0
0
0
0
0
0
0
0
0
0
0
0
0
0
0
0
0
0
0
0
0
0
0
0
0
0
0
0
0
0
0
0
0
0
0
0
0
0
0
0
0
0
0
0
0
0
0
0
0
0
0
0
0
0
0
0
0
0
0
0
0
0
0
0
0
0
0
0
0
0
0
0
0
0
0
0
0
0
0
0
0
0
0
0
0
0
0
0
0
0
0
0
0
0
0
0
0
0
0
0
0
0
0
0
0
0
0
0
0
0
0
0
0
0
0
0
0
0
0
0
0
0
0
0
0
0
0
0
0
0
0
0
0
0
0
0
0
0
0
0
0
0
0
0
0
0
0
0
0
0
0
0
0
0
0
0
0
0
0
0
0
0
0
0
0
0
0
0
0
0
0
0
0
0
0
0
0
0
0
0
0
0
0
0
0
0
0
0
0
0
0
0
0
0
0
0
0
0
0
0
0
0
0
0
0
0
0
0
0
0
0
0
0
0
0
0
0
0
0
0
0
0
0
0
0
0
0
0
0
0
0
0
0
0
0
0
0
0
0
0
0
0
0
0
0
0
0
0
0
0
0
0
0
0
0
0
0
0
0
0
0
0
0
0
0
0
0
0
0
0
0
0
0
0
0
0
0
0
0
0
0
0
0
0
0
0
0
0
0
0
0
0
0
0
0
0
0
0
0
0
0
0
0
0
0
0
0
0
0
0
0
0
0
0
0
0
0
0
0
0
0
0
0
0
0
0
0
0
0
0
0
0
0
0
0
0
0
0
0
0
0
0
0
0
0
0
0
0
0
0
0
0
0
0
0
0
0
0
0
0
0
0
0
0
0
0
0
0
0
0
0
0
0
0
0
0
0
0
0
0
0
0
0
0
0
0
0
0
0
0
0
0
0
0
0
0
0
0
0
0
0
0
0
0
0
0
0
0
0
0
0
0
0
0
0
0
0
0
0
0
0
0
0
0
0
0
0
0
0
0
0
0
0
0
0
0
0
0
0
0
0
0
0
0
0
0
0
0
0
0
0
0
0
0
0
0
0
0
0
0
0
0
0
0
0
0
0
0
0
0
0
0
0
0
0
0
0
0
0
0
0
0
0
0
0
0
0
0
0
0
0
0
0
0
0
0
0
0
0
0
0
0
0
0
0
0
0
0
0
0
0
0
0
0
0
0
0
0
0
0
0
0
0
0
0
0
0
0
0
0
0
0
0
0
0
0
0
0
0
0
0
0
0
0
0
0
0
0
0
0
0
0
0
0
0
0
0
0
0
0
0
0
0
0
0
0
0
0
0
0
0
0
0
0
0
0
0
0
0
0
0
0
0
0
0
0
0
0
0
0
0
0
0
0
0
0
0
0
0
0
0
0
0
0
0
0
0
0
0
0
0
0
0
0
0
0
0
0
0
0
0
0
0
0
0
0
0
0
0
0
0
0
0
0
0
0
0
0
0
0
0
0
0
0
0
0
0
0
0
0
0
0
0
0
0
0
0
0
0
0
0
0
0
0
0
0
0
0
0
0
0
0
0
0
0
0
0
0
0
0
0
0
0
0
0
0
0
0
0
0
0
0
0
0
0
0
0
0
0
0
0
0
0
0
0
0
0
0
0
0
0
0
0
0
0
0
0
0
0
0
0
0
0
0
0
0
0
0
0
0
0
0
0
0
0
0
0
0
0
0
0
0
0
0
0
0
0
0
0
0
0
0
0
0
0
0
0
0
0
0
0
0
0
0
0
0
0
0
0
0
0
0
0
0
0
0
0
0
0
0
0
0
0
0
0
0
0
0
0
0
0
0
0
0
0
0
0
0
0
0
0
0
0
0
0
0
0
0
0
0
0
0
0
0
0
0
0
0
0
0
0
0
0
0
0
0
0
0
0
0
0
0
0
0
0
0
0
0
0
0
0
0
0
0
0
0
0
0
0
0
0
0
0
0
0
0
0
0
0
0
0
0
0
0
0
0
0
0
0
0
0
0
0
0
0
0
0
0
0
0
0
0
0
0
0
0
0
0
0
0
0
0
0
0
0
0
0
0
0
0
0
0
0
0
0
0
0
0
0
0
0
0
0
0
0
0
0
0
0
0
0
0
0
0
0
0
0
0
0
0
0
0
0
0
0
0
0
0
0
0
0
0
0
0
0
0
0
0
0
0
0
0
0
0
0
0
0
0
0
0
0
0
0
0
0
0
0
0
0
0
0
0
0
0
0
0
0
0
0
0
0
0
0
0
0
0
0
0
0
0
0
0
0
0
0
0
0
0
0
0
0
0
0
0
0
0
0
0
0
0
0
0
0
0
0
0
0
0
0
0
0
0
0
0
0
0
0
0
0
0
0
0
0
0
0
0
0
0
0
0
0
0
0
0
0
0
0
0
0
0
0
0
0
0
0
0
0
0
0
0
0
0
0
0
0
0
0
0
0
0
0
0
0
0
0
0
0
0
0
0
0
0
0
0
0
0
0
0
0
0
0
0
0
0
0
0
0
0
0
0
0
0
0
0
0
0
0
0
0
0
0
0
0
0
0
0
0
0
0
0
0
0
0
0
0
0
0
0
0
0
0
0
0
0
0
0
0
0
0
0
0
0
0
0
0
0
0
0
0
0
0
0
0
0
0
0
0
0
0
0
0
0
0
0
0
0
0
0
0
0
0
0
0
0
0
0
0
0
0
0
0
0
0
0
0
0
0
0
0
0
0
0
0
0
0
0
0
0
0
0
0
0
0
0
0
0
0
0
0
0
0
0
0
0
0
0
0
0
0
0
0
0
0
0
0
0
0
0
0
0
0
0
0
0
0
0
0
0
0
0
0
0
0
0
0
0
0
0
0
0
0
0
0
0
0
0
0
0
0
0
0
0
0
0
0
0
0
0
0
0
0
0
0
0
0
0
0
0
0
0
0
0
0
0
0
0
0
0
0
0
0
0
0
0
0
0
0
0
0
0
0
0
0
0
0
0
0
0
0
0
0
0
0
0
0
0
0
0
0
0
0
0
0
0
0
0
0
0
0
0
0
0
0
0
0
0
0
0
0
0
0
0
0
0
0
0
0
0
0
0
0
0
0
0
0
0
0
0
0
0
0
0
0
0
0
0
0
0
0
0
0
0
0
0
0
0
0
0
0
0
0
0
0
0
0
0
0
0
0
0
0
0
0
0
0
0
0
0
0
0
0
0
0
0
0
0
0
0
0
0
0
0
0
0
0
0
0
0
0
0
0
0
0
0
0
0
0
0
0
0
0
0
0
0
0
0
0
0
0
0
0
0
0
0
0
0
0
0
0
0
0
0
0
0
0
0
0
0
0
0
0
0
0
0
0
0
0
0
0
0
0
0
0
0
0
0
0
0
0
0
0
0
0
0
0
0
0
0
0
0
0
0
0
0
0
0
0
0
0
0
0
0
0
0
0
0
0
0
0
0
0
0
0
0
0
0
0
0
0
0
0
0
0
0
0
0
0
0
0
0
0
0
0
0
0
0
0
0
0
0
0
0
0
0
0
0
0
0
0
0
0
0
0
0
0
0
0
0
0
0
0
0
0
0
0
0
0
0
0
0
0
0
0
0
0
0
0
0
0
0
0
0
0
0
0
0
0
0
0
0
0
0
0
0
0
0
0
0
0
0
0
0
0
0
0
0
0
0
0
0
0
0
0
0
0
0
0
0
0
0
0
0
0
0
0
0
0
0
0
0
0
0
0
0
0
0
0
0
0
0
0
0
0
0
0
0
0
0
0
0
0
0
0
0
0
0
0
0
0
0
0
0
0
0
0
0
0
0
0
0
0
0
0
0
0
0
0
0
0
0
0
0
0
0
0
0
0
0
0
0
0
0
0
0
0
0
0
0
0
0
0
0
0
0
0
0
0
0
0
0
0
0
0
0
0
0
0
0
0
0
0
0
0
0
0
0
0
0
0
0
0
0
0
0
0
0
0
0
0
0
0
0
0
0
0
0
0
0
0
0
0
0
0
0
0
0
0
0
0
0
0
0
0
0
0
0
0
0
0
0
0
0
0
0
0
0
0
0
0
0
0
0
0
0
0
0
0
0
0
0
0
0
0
0
0
0
0
0
0
0
0
0
0
0
0
0
0
0
0
0
0
0
0
0
0
0
0
0
0
0
0
0
0
0
0
0
0
0
0
0
0
0
0
0
0
0
0
0
0
0
0
0
0
0
0
0
0
0
0
0
0
0
0
0
0
0
0
0
0
0
0
0
0
0
0
0
0
0
0
0
0
0
0
0
0
0
0
0
0
0
0
0
0
0
0
0
0
0
0
0
0
0
0
0
0
0
0
0
0
0
0
0
0
0
0
0
0
0
0
0
0
0
0
0
0
0
0
0
0
0
0
0
0
0
0
0
0
0
0
0
0
0
0
0
0
0
0
0
0
0
0
0
0
0
0
0
0
0
0
0
0
0
0
0
0
0
0
0
0
0
0
0
0
0
0
0
0
0
0
0
0
0
0
0
0
0
0
0
0
0
0
0
0
0
0
0
0
0
0
0
0
0
0
0
0
0
0
0
0
0
0
0
0
0
0
0
0
0
0
0
0
0
0
0
0
0
0
0
0
0
0
0
0
0
0
0
0
0
0
0
0
0
0
0
0
0
0
0
0
0
0
0
0
0
0
0
0
0
0
0
0
0
0
0
0
0
0
0
0
0
0
0
0
0
0
0
0
0
0
0
0
0
0
0
0
0
0
0
0
0
0
0
0
0
0
0
0
0
0
0
0
0
0
0
0
0
0
0
0
0
0
0
0
0
0
0
0
0
0
0
0
0
0
0
0
0
0
0
0
0
0
0
0
0
0
0
0
0
0
0
0
0
0
0
0
0
0
0
0
0
0
0
0
0
0
0
0
0
0
0
0
0
0
0
0
0
0
0
0
0
0
0
0
0
0
0
0
0
0
0
0
0
0
0
0
0
0
0
0
0
0
0
0
0
0
0
0
0
0
0
0
0
0
0
0
0
0
0
0
0
0
0
0
0
0
0
0
0
0
0
0
0
0
0
0
0
0
0
0
0
0
0
0
0
0
0
0
0
0
0
0
0
0
0
0
0
0
0
0
0
0
0
0
0
0
0
0
0
0
0
0
0
0
0
0
0
0
0
0
0
0
0
0
0
0
0
0
0
0
0
0
0
0
0
0
0
0
0
0
0
0
0
0
0
0
0
0
0
0
0
0
0
0
0
0
0
0
0
0
0
0
0
0
0
0
0
0
0
0
0
0
0
0
0
0
0
0
0
0
0
0
0
0
0
0
0
0
0
0
0
0
0
0
0
0
0
0
0
0
0
0
0
0
0
0
0
0
0
0
0
0
0
0
0
0
0
0
0
0
0
0
0
0
0
0
0
0
0
0
0
0
0
0
0
0
0
0
0
0
0
0
0
0
0
0
0
0
0
0
0
0
0
0
0
0
0
0
0
0
0
0
0
0
0
0
0
0
0
0
0
0
0
0
0
0
0
0
0
0
0
0
0
0
0
0
0
0
0
0
0
0
0
0
0
0
0
0
0
0
0
0
0
0
0
0
0
0
0
0
0
0
0
0
0
0
0
0
0
0
0
0
0
0
0
0
0
0
0
0
0
0
0
0
0
0
0
0
0
0
0
0
0
0
0
0
0
0
0
0
0
0
0
0
0
0
0
0
0
0
0
0
0
0
0
0
0
0
0
0
0
0
0
0
0
0
0
0
0
0
0
0
0
0
0
0
0
0
0
0
0
0
0
0
0
0
0
0
0
0
0
0
0
0
0
0
0
0
0
0
0
0
0
0
0
0
0
0
0
0
0
0
0
0
0
0
0
0
0
0
0
0
0
0
0
0
0
0
0
0
0
0
0
0
0
0
0
0
0
0
0
0
0
0
0
0
0
0
0
0
0
0
0
0
0
0
0
0
0
0
0
0
0
0
0
0
0
0
0
0
0
0
0
0
0
0
0
0
0
0
0
0
0
0
0
0
0
0
0
0
0
0
0
0
0
0
0
0
0
0
0
0
0
0
0
0
0
0
0
0
0
0
0
0
0
0
0
0
0
0
0
0
0
0
0
0
0
0
0
0
0
0
0
0
0
0
0
0
0
0
0
0
0
0
0
0
0
0
0
0
0
0
0
0
0
0
0
0
0
0
0
0
0
0
0
0
0
0
0
0
0
0
0
0
0
0
0
0
0
0
0
0
0
0
0
0
0
0
0
0
0
0
0
0
0
0
0
0
0
0
0
0
0
0
0
0
0
0
0
0
0
0
0
0
0
0
0
0
0
0
0
0
0
0
0
0
0
0
0
0
0
0
0
0
0
0
0
0
0
0
0
0
0
0
0
0
0
0
0
0
0
0
0
0
0
0
0
0
0
0
0
0
0
0
0
0
0
0
0
0
0
0
0
0
0
0
0
0
0
0
0
0
0
0
0
0
0
0
0
0
0
0
0
0
0
0
0
0
0
0
0
0
0
0
0
0
0
0
0
0
0
0
0
0
0
0
0
0
0
0
0
0
0
0
0
0
0
0
0
0
0
0
0
0
0
0
0
0
0
0
0
0
0
0
0
0
0
0
0
0
0
0
0
0
0
0
0
0
0
0
0
0
0
0
0
0
0
0
0
0
0
0
0
0
0
0
0
0
0
0
0
0
0
0
0
0
0
0
0
0
0
0
0
0
0
0
0
0
0
0
0
0
0
0
0
0
0
0
0
0
0
0
0
0
0
0
0
0
0
0
0
0
0
0
0
0
0
0
0
0
0
0
0
0
0
0
0
0
0
0
0
0
0
0
0
0
0
0
0
0
0
0
0
0
0
0
0
0
0
0
0
0
0
0
0
0
0
0
0
0
0
0
0
0
0
0
0
0
0
0
0
0
0
0
0
0
0
0
0
0
0
0
0
0
0
0
0
0
0
0
0
0
0
0
0
0
0
0
0
0
0
0
0
0
0
0
0
0
0
0
0
0
0
0
0
0
0
0
0
0
0
0
0
0
0
0
0
0
0
0
0
0
0
0
0
0
0
0
0
0
0
0
0
0
0
0
0
0
0
0
0
0
0
0
0
0
0
0
0
0
0
0
0
0
0
0
0
0
0
0
0
0
0
0
0
0
0
0
0
0
0
0
0
0
0
0
0
0
0
0
0
0
0
0
0
0
0
0
0
0
0
0
0
0
0
0
0
0
0
0
0
0
0
0
0
0
0
0
0
0
0
0
0
0
0
0
0
0
0
0
0
0
0
0
0
0
0
0
0
0
0
0
0
0
0
0
0
0
0
0
0
0
0
0
0
0
0
0
0
0
0
0
0
0
0
0
0
0
0
0
0
0
0
0
0
0
0
0
0
0
0
0
0
0
0
0
0
0
0
0
0
0
0
0
0
0
0
0
0
0
0
0
0
0
0
0
0
0
0
0
0
0
0
0
0
0
0
0
0
0
0
0
0
0
0
0
0
0
0
0
0
0
0
0
0
0
0
0
0
0
0
0
0
0
0
0
0
0
0
0
0
0
0
0
0
0
0
0
0
0
0
0
0
0
0
0
0
0
0
0
0
0
0
0
0
0
0
0
0
0
0
0
0
0
0
0
0
0
0
0
0
0
0
0
0
0
0
0
0
0
0
0
0
0
0
0
0
0
0
0
0
0
0
0
0
0
0
0
0
0
0
0
0
0
0
0
0
0
0
0
0
0
0
0
0
0
0
0
0
0
0
0
0
0
0
0
0
0
0
0
0
0
0
0
0
0
0
0
0
0
0
0
0
0
0
0
0
0
0
0
0
0
0
0
0
0
0
0
0
0
0
0
0
0
0
0
0
0
0
0
0
0
0
0
0
0
0
0
0
0
0
0
0
0
0
0
0
0
0
0
0
0
0
0
0
0
0
0
0
0
0
0
0
0
0
0
0
0
0
0
0
0
0
0
0
0
0
0
0
0
0
0
0
0
0
0
0
0
0
0
0
0
0
0
0
0
0
0
0
0
0
0
0
0
0
0
0
0
0
0
0
0
0
0
0
0
0
0
0
0
0
0
0
0
0
0
0
0
0
0
0
0
0
0
0
0
0
0
0
0
0
0
0
0
0
0
0
0
0
0
0
0
0
0
0
0
0
0
0
0
0
0
0
0
0
0
0
0
0
0
0
0
0
0
0
0
0
0
0
0
0
0
0
0
0
0
0
0
0
0
0
0
0
0
0
0
0
0
0
0
0
0
0
0
0
0
0
0
0
0
0
0
0
0
0
0
0
0
0
0
0
0
0
0
0
0
0
0
0
0
0
0
0
0
0
0
0
0
0
0
0
0
0
0
0
0
0
0
0
0
0
0
0
0
0
0
0
0
0
0
0
0
0
0
0
0
0
0
0
0
0
0
0
0
0
0
0
0
0
0
0
0
0
0
0
0
0
0
0
0
0
0
0
0
0
0
0
0
0
0
0
0
0
0
0
0
0
0
0
0
0
0
0
0
0
0
0
0
0
0
0
0
0
0
0
0
0
0
0
0
0
0
0
0
0
0
0
0
0
0
0
0
0
0
0
0
0
0
0
0
0
0
0
0
0
0
0
0
0
0
0
0
0
0
0
0
0
0
0
0
0
0
0
0
0
0
0
0
0
0
0
0
0
0
0
0
0
0
0
0
0
0
0
0
0
0
0
0
0
0
0
0
0
0
0
0
0
0
0
0
0
0
0
0
0
0
0
0
0
0
0
0
0
0
0
0
0
0
0
0
0
0
0
0
0
0
0
0
0
0
0
0
0
0
0
0
0
0
0
0
0
0
0
0
0
0
0
0
0
0
0
0
0
0
0
0
0
0
0
0
0
0
0
0
0
0
0
0
0
0
0
0
0
0
0
0
0
0
0
0
0
0
0
0
0
0
0
0
0
0
0
0
0
0
0
0
0
0
0
0
0
0
0
0
0
0
0
0
0
0
0
0
0
0
0
0
0
0
0
0
0
0
0
0
0
0
0
0
0
0
0
0
0
0
0
0
0
0
0
0
0
0
0
0
0
0
0
0
0
0
0
0
0
0
0
0
0
0
0
0
0
0
0
0
0
0
0
0
0
0
0
0
0
0
0
0
0
0
0
0
0
0
0
0
0
0
0
0
0
0
0
0
0
0
0
0
0
0
0
0
0
0
0
0
0
0
0
0
0
0
0
0
0
0
0
0
0
0
0
0
0
0
0
0
0
0
0
0
0
0
0
0
0
0
0
0
0
0
0
0
0
0
0
0
0
0
0
0
0
0
0
0
0
0
0
0
0
0
0
0
0
0
0
0
0
0
0
0
0
0
0
0
0
0
0
0
0
0
0
0
0
0
0
0
0
0
0
0
0
0
0
0
0
0
0
0
0
0
0
0
0
0
0
0
0
0
0
0
0
0
0
0
0
0
0
0
0
0
0
0
0
0
0
0
0
0
0
0
0
0
0
0
0
0
0
0
0
0
0
0
0
0
0
0
0
0
0
0
0
0
0
0
0
0
0
0
0
0
0
0
0
0
0
0
0
0
0
0
0
0
0
0
0
0
0
0
0
0
0
0
0
0
0
0
0
0
0
0
0
0
0
0
0
0
0
0
0
0
0
0
0
0
0
0
0
0
0
0
0
0
0
0
0
0
0
0
0
0
0
0
0
0
0
0
0
0
0
0
0
0
0
0
0
0
0
0
0
0
0
0
0
0
0
0
0
0
0
0
0
0
0
0
0
0
0
0
0
0
0
0
0
0
0
0
0
0
0
0
0
0
0
0
0
0
0
0
0
0
0
0
0
0
0
0
0
0
0
0
0
0
0
0
0
0
0
0
0
0
0
0
0
0
0
0
0
0
0
0
0
0
0
0
0
0
0
0
0
0
0
0
0
0
0
0
0
0
0
0
0
0
0
0
0
0
0
0
0
0
0
0
0
0
0
0
0
0
0
0
0
0
0
0
0
0
0
0
0
0
0
0
0
0
0
0
0
0
0
0
0
0
0
0
0
0
0
0
0
0
0
0
0
0
0
0
0
0
0
0
0
0
0
0
0
0
0
0
0
0
0
0
0
0
0
0
0
0
0
0
0
0
0
0
0
0
0
0
0
0
0
0
0
0
0
0
0
0
0
0
0
0
0
0
0
0
0
0
0
0
0
0
0
0
0
0
0
0
0
0
0
0
0
0
0
0
0
0
0
0
0
0
0
0
0
0
0
0
0
0
0
0
0
0
0
0
0
0
0
0
0
0
0
0
0
0
0
0
0
0
0
0
0
0
0
0
0
0
0
0
0
0
0
0
0
0
0
0
0
0
0
0
0
0
0
0
0
0
0
0
0
0
0
0
0
0
0
0
0
0
0
0
0
0
0
0
0
0
0
0
0
0
0
0
0
0
0
0
0
0
0
0
0
0
0
0
0
0
0
0
0
0
0
0
0
0
0
0
0
0
0
0
0
0
0
0
0
0
0
0
0
0
0
0
0
0
0
0
0
0
0
0
0
0
0
0
0
0
0
0
0
0
0
0
0
0
0
0
0
0
0
0
0
0
0
0
0
0
0
0
0
0
0
0
0
0
0
0
0
0
0
0
0
0
0
0
0
0
0
0
0
0
0
0
0
0
0
0
0
0
0
0
0
0
0
0
0
0
0
0
0
0
0
0
0
0
0
0
0
0
0
0
0
0
0
0
0
0
0
0
0
0
0
0
0
0
0
0
0
0
0
0
0
0
0
0
0
0
0
0
0
0
0
0
0
0
0
0
0
0
0
0
0
0
0
0
0
0
0
0
0
0
0
0
0
0
0
0
0
0
0
0
0
0
0
0
0
0
0
0
0
0
0
0
0
0
0
0
0
0
0
0
0
0
0
0
0
0
0
0
0
0
0
0
0
0
0
0
0
0
0
0
0
0
0
0
0
0
0
0
0
0
0
0
0
0
0
0
0
0
0
0
0
0
0
0
0
0
0
0
0
0
0
0
0
0
0
0
0
0
0
0
0
0
0
0
0
0
0
0
0
0
0
0
0
0
0
0
0
0
0
0
0
0
0
0
0
0
0
0
0
0
0
0
0
0
0
0
0
0
0
0
0
0
0
0
0
0
0
0
0
0
0
0
0
0
0
0
0
0
0
0
0
0
0
0
0
0
0
0
0
0
0
0
0
0
0
0
0
0
0
0
0
0
0
0
0
0
0
0
0
0
0
0
0
0
0
0
0
0
0
0
0
0
0
0
0
0
0
0
0
0
0
0
0
0
0
0
0
0
0
0
0
0
0
0
0
0
0
0
0
0
0
0
0
0
0
0
0
0
0
0
0
0
0
0
0
0
0
0
0
0
0
0
0
0
0
0
0
0
0
0
0
0
0
0
0
0
0
0
0
0
0
0
0
0
0
0
0
0
0
0
0
0
0
0
0
0
0
0
0
0
0
0
0
0
0
0
0
0
0
0
0
0
0
0
0
0
0
0
0
0
0
0
0
0
0
0
0
0
0
0
0
0
0
0
0
0
0
0
0
0
0
0
0
0
0
0
0
0
0
0
0
0
0
0
0
0
0
0
0
0
0
0
0
0
0
0
0
0
0
0
0
0
0
0
0
0
0
0
0
0
0
0
0
0
0
0
0
0
0
0
0
0
0
0
0
0
0
0
0
0
0
0
0
0
0
0
0
0
0
0
0
0
0
0
0
0
0
0
0
0
0
0
0
0
0
0
0
0
0
0
0
0
0
0
0
0
0
0
0
0
0
0
0
0
0
0
0
0
0
0
0
0
0
0
0
0
0
0
0
0
0
0
0
0
0
0
0
0
0
0
0
0
0
0
0
0
0
0
0
0
0
0
0
0
0
0
0
0
0
0
0
0
0
0
0
0
0
0
0
0
0
0
0
0
0
0
0
0
0
0
0
0
0
0
0
0
0
0
0
0
0
0
0
0
0
0
0
0
0
0
0
0
0
0
0
0
0
0
0
0
0
0
0
0
0
0
0
0
0
0
0
0
0
0
0
0
0
0
0
0
0
0
0
0
0
0
0
0
0
0
0
0
0
0
0
0
0
0
0
0
0
0
0
0
0
0
0
0
0
0
0
0
0
0
0
0
0
0
0
0
0
0
0
0
0
0
0
0
0
0
0
0
0
0
0
0
0
0
0
0
0
0
0
0
0
0
0
0
0
0
0
0
0
0
0
0
0
0
0
0
0
0
0
0
0
0
0
0
0
0
0
0
0
0
0
0
0
0
0
0
0
0
0
0
0
0
0
0
0
0
0
0
0
0
0
0
0
0
0
0
0
0
0
0
0
0
0
0
0
0
0
0
0
0
0
0
0
0
0
0
0
0
0
0
0
0
0
0
0
0
0
0
0
0
0
0
0
0
0
0
0
0
0
0
0
0
0
0
0
0
0
0
0
0
0
0
0
0
0
0
0
0
0
0
0
0
0
0
0
0
0
0
0
0
0
0
0
0
0
0
0
0
0
0
0
0
0
0
0
0
0
0
0
0
0
0
0
0
0
0
0
0
0
0
0
0
0
0
0
0
0
0
0
0
0
0
0
0
0
0
0
0
0
0
0
0
0
0
0
0
0
0
0
0
0
0
0
0
0
0
0
0
0
0
0
0
0
0
0
0
0
0
0
0
0
0
0
0
0
0
0
0
0
0
0
0
0
0
0
0
0
0
0
0
0
0
0
0
0
0
0
0
0
0
0
0
0
0
0
0
0
0
0
0
0
0
0
0
0
0
0
0
0
0
0
0
0
0
0
0
0
0
0
0
0
0
0
0
0
0
0
0
0
0
0
0
0
0
0
0
0
0
0
0
0
0
0
0
0
0
0
0
0
0
0
0
0
0
0
0
0
0
0
0
0
0
0
0
0
0
0
0
0
0
0
0
0
0
0
0
0
0
0
0
0
0
0
0
0
0
0
0
0
0
0
0
0
0
0
0
0
0
0
0
0
0
0
0
0
0
0
0
0
0
0
0
0
0
0
0
0
0
0
0
0
0
0
0
0
0
0
0
0
0
0
0
0
0
0
0
0
0
0
0
0
0
0
0
0
0
0
0
0
0
0
0
0
0
0
0
0
0
0
0
0
0
0
0
0
0
0
0
0
0
0
0
0
0
0
0
0
0
0
0
0
0
0
0
0
0
0
0
0
0
0
0
0
0
0
0
0
0
0
0
0
0
0
0
0
0
0
0
0
0
0
0
0
0
0
0
0
0
0
0
0
0
0
0
0
0
0
0
0
0
0
0
0
0
0
0
0
0
0
0
0
0
0
0
0
0
0
0
0
0
0
0
0
0
0
0
0
0
0
0
0
0
0
0
0
0
0
0
0
0
0
0
0
0
0
0
0
0
0
0
0
0
0
0
0
0
0
0
0
0
0
0
0
0
0
0
0
0
0
0
0
0
0
0
0
0
0
0
0
0
0
0
0
0
0
0
0
0
0
0
0
0
0
0
0
0
0
0
0
0
0
0
0
0
0
0
0
0
0
0
0
0
0
0
0
0
0
0
0
0
0
0
0
0
0
0
0
0
0
0
0
0
0
0
0
0
0
0
0
0
0
0
0
0
0
0
0
0
0
0
0
0
0
0
0
0
0
0
0
0
0
0
0
0
0
0
0
0
0
0
0
0
0
0
0
0
0
0
0
0
0
0
0
0
0
0
0
0
0
0
0
0
0
0
0
0
0
0
0
0
0
0
0
0
0
0
0
0
0
0
0
0
0
0
0
0
0
0
0
0
0
0
0
0
0
0
0
0
0
0
0
0
0
0
0
0
0
0
0
0
0
0
0
0
0
0
0
0
0
0
0
0
0
0
0
0
0
0
0
0
0
0
0
0
0
0
0
0
0
0
0
0
0
0
0
0
0
0
0
0
0
0
0
0
0
0
0
0
0
0
0
0
0
0
0
0
0
0
0
0
0
0
0
0
0
0
0
0
0
0
0
0
0
0
0
0
0
0
0
0
0
0
0
0
0
0
0
0
0
0
0
0
0
0
0
0
0
0
0
0
0
0
0
0
0
0
0
0
0
0
0
0
0
0
0
0
0
0
0
0
0
0
0
0
0
0
0
0
0
0
0
0
0
0
0
0
0
0
0
0
0
0
0
0
0
0
0
0
0
0
0
0
0
0
0
0
0
0
0
0
0
0
0
0
0
0
0
0
0
0
0
0
0
0
0
0
0
0
0
0
0
0
0
0
0
0
0
0
0
0
0
0
0
0
0
0
0
0
0
0
0
0
0
0
0
0
0
0
0
0
0
0
0
0
0
0
0
0
0
0
0
0
0
0
0
0
0
0
0
0
0
0
0
0
0
0
0
0
0
0
0
0
0
0
0
0
0
0
0
0
0
0
0
0
0
0
0
0
0
0
0
0
0
0
0
0
0
0
0
0
0
0
0
0
0
0
0
0
0
0
0
0
0
0
0
0
0
0
0
0
0
0
0
0
0
0
0
0
0
0
0
0
0
0
0
0
0
0
0
0
0
0
0
0
0
0
0
0
0
0
0
0
0
0
0
0
0
0
0
0
0
0
0
0
0
0
0
0
0
0
0
0
0
0
0
0
0
0
0
0
0
0
0
0
0
0
0
0
0
0
0
0
0
0
0
0
0
0
0
0
0
0
0
0
0
0
0
0
0
0
0
0
0
0
0
0
0
0
0
0
0
0
0
0
0
0
0
0
0
0
0
0
0
0
0
0
0
0
0
0
0
0
0
0
0
0
0
0
0
0
0
0
0
0
0
0
0
0
0
0
0
0
0
0
0
0
0
0
0
0
0
0
0
0
0
0
0
0
0
0
0
0
0
0
0
0
0
0
0
0
0
0
0
0
0
0
0
0
0
0
0
0
0
0
0
0
0
0
0
0
0
0
0
0
0
0
0
0
0
0
0
0
0
0
0
0
0
0
0
0
0
0
0
0
0
0
0
0
0
0
0
0
0
0
0
0
0
0
0
0
0
0
0
0
0
0
0
0
0
0
0
0
0
0
0
0
0
0
0
0
0
0
0
0
0
0
0
0
0
0
0
0
0
0
0
0
0
0
0
0
0
0
0
0
0
0
0
0
0
0
0
0
0
0
0
0
0
0
0
0
0
0
0
0
0
0
0
0
0
0
0
0
0
0
0
0
0
0
0
0
0
0
0
0
0
0
0
0
0
0
0
0
0
0
0
0
0
0
0
0
0
0
0
0
0
0
0
0
0
0
0
0
0
0
0
0
0
0
0
0
0
0
0
0
0
0
0
0
0
0
0
0
0
0
0
0
0
0
0
0
0
0
0
0
0
0
0
0
0
0
0
0
0
0
0
0
0
0
0
0
0
0
0
0
0
0
0
0
0
0
0
0
0
0
0
0
0
0
0
0
0
0
0
0
0
0
0
0
0
0
0
0
0
0
0
0
0
0
0
0
0
0
0
0
0
0
0
0
0
0
0
0
0
0
0
0
0
0
0
0
0
0
0
0
0
0
0
0
0
0
