-61
1047
-3178
-3051
-3275
-3469
-3481
-161
1924
-3223
-2301
-3227
-3447
-3645
-19
2321
-197
-98
-1484
-2910
146
-3500
-13177
-171
969
-1932
-2986
-1583
-3381
-13612
59
1172
35
777
-3924
-3262
-3686
-2786
-3403
-83
1063
-3523
-1590
-2089
-2691
-3744
-97
662
-261
-363
-3075
-2308
2118
-3224
-15204
-231
-1500
-2390
-2579
-543
-2439
-16082
-125
-1011
-36
-110
-1615
-1841
-2528
-1489
-1789
-68
185
-1930
-1960
-1817
-2303
-1798
-139
-12
-182
-819
-1441
-1731
1789
-1621
-20380
-335
-572
-1617
-1835
-1298
-1412
-18989
-43
160
-186
95
-681
-773
-2185
-1175
-1112
-224
852
-1103
-1084
-1770
-2361
-1817
-20
957
-67
331
-1170
-1573
1271
-912
-20951
-171
252
-2265
-2076
-891
-2046
-18602
-52
369
-132
438
-821
-24
-1569
-971
-1108
-161
932
-1954
-300
-2414
-2686
-1418
3
1068
-67
-164
-1029
-1709
-286
-996
-16421
-153
-441
-3462
-2655
-1188
-2926
-11770
-32
-229
-121
26
-1581
-24
-879
-1110
-1323
-231
315
-2132
-238
-2044
-1780
-877
-94
394
2
-604
232
-1912
-2374
-1211
-15099
-27
-448
-2047
-1539
-2069
-1955
-15801
91
-99
-143
-574
-1408
-704
-741
-887
-1372
-282
-197
-1744
-549
-1969
-1188
-1423
-105
-149
-2
-508
372
-2078
-2027
-1182
-14299
23
41
-1321
-699
-1516
-1133
-16390
123
117
-253
-305
-1128
-399
-953
-752
-1258
-305
40
-1326
-429
-1597
-1455
-1796
-163
-288
-58
-455
-923
-1536
-1006
-1138
-13765
-167
122
-1609
-373
-1613
-1429
-14540
113
-268
-28
-1559
-1476
-2266
-3770
-3016
-3191
-90
-2009
-1632
-3040
-3311
-3873
-2825
-34
-1404
-205
189
-4275
-2429
970
-3238
-18252
-70
741
-4840
-3158
-2045
-3473
-14928
15
252
301
4234
-6677
-4795
-6961
-5080
-5233
184
2825
-6648
-3367
-6349
-5693
-4330
191
1543
-364
1058
-5074
-3588
5714
-5254
-27571
-209
1361
-5325
-4863
1843
-5915
-21913
-75
1592
195
2477
-6320
-5193
-6498
-5066
-5320
126
2413
-5182
-3420
-4983
-4157
-3981
97
1602
-445
-2222
-5088
-4791
5992
-5313
-15001
-227
-1597
-3567
-3807
2085
-3703
-17721
-83
-844
-78
128
-1941
-889
-2615
-2160
-1775
1
343
-2203
-707
-2696
-2548
-1056
-115
-111
-215
-411
-1635
-2351
1885
-1659
-13574
-214
-972
-2269
-2516
-151
-2285
-12907
-9
-629
-88
-919
-2093
-1693
-2112
-2364
-2052
117
-89
-2122
-1831
-3159
-2461
123
-79
-276
-226
408
-38
-2970
8
-1820
-14719
-127
90
-1911
-2922
-839
-2875
-16837
-104
-284
-85
-118
-1825
-611
-2484
-2011
-2022
6
13
-3122
-1693
-4058
-3391
413
-53
977
-110
-555
514
-2973
-2272
-1966
-15313
-49
-1132
-3522
-4138
-2783
-3915
-12966
140
-1084
-109
261
-1601
-922
-1238
-1265
-1651
-112
-181
-2370
-1819
-2847
-1914
268
-117
420
-59
-284
879
-2632
-2471
-1488
-13879
91
-265
-2121
-2076
-2397
-2261
-14515
239
-139
-145
-276
-611
-1361
-305
-818
-1277
-141
-620
-774
-1549
-1605
-1780
-1832
-181
-662
-176
-450
-288
-1526
-1482
-1084
-15106
-158
-82
-1285
-412
-1566
-1412
-14944
95
-665
-21
294
8
-2189
-3070
-2617
-3025
-8
442
-742
-3041
-3239
-4597
-2648
-29
-262
-68
5041
-5249
-3961
1048
-2717
-28143
-93
4091
-7379
-3150
-2969
-4142
-22500
117
2274
136
1216
-14821
-12266
-15128
-12797
-13788
497
1077
-7253
-6037
-8744
-5888
-6662
338
1221
-554
1708
-13891
-14088
13502
-13648
15570
102
1814
-8563
-6324
7135
-6953
-16079
111
1581
319
1606
-9774
-7222
-10901
-7506
-8423
418
962
-7571
-3150
-7431
-5298
-5230
285
417
-373
-5562
-9385
-8308
10222
-8325
-9829
59
-4671
-6987
-4631
3153
-4416
-20656
94
-2650
244
1489
-3553
-1041
-5090
-2993
-3550
8
1122
-3425
133
-4170
-3488
-2625
-12
838
-125
-2791
-4498
-3971
2846
-3513
-16426
-193
-3736
-4584
-3380
-1856
-2798
-16404
43
-2042
-12
-453
-545
-829
-2353
-1927
-1694
-15
777
-910
-1338
-2854
-2416
225
-16
631
-213
833
-1291
-2134
42
-1545
-17248
-170
317
-2831
-2487
-2258
-2214
-17471
-130
394
-40
-169
-1296
-519
-2940
-1952
-1823
114
265
-2077
-920
-3404
-3096
-51
60
180
-157
-9
-330
-2475
-577
-1701
-16800
-105
-354
-3564
-3662
-2238
-3392
-15068
-103
-570
-61
332
-1185
-442
-2194
-1123
-1478
-70
298
-1779
-1361
-2713
-2130
-198
-121
336
-14
-953
639
-2136
-1814
-1290
-16267
94
-624
-2324
-2020
-2478
-2595
-16624
152
-348
-128
226
-598
-1674
-510
-1170
-1450
-144
-427
-730
-2012
-1478
-2175
-2012
-215
-351
-163
-450
154
-1705
-1915
-1288
-15513
-66
2
-1333
-703
-1989
-1833
-15159
121
-353
-217
-163
7
-2595
-2552
-2051
-2549
-115
-429
-499
-4014
-2666
-3577
-1600
-134
524
-82
1721
-4078
-4173
2223
-2494
-21840
-65
1858
-6326
-2148
-1230
-3434
-18211
223
1686
66
-5444
-8183
-8406
-7906
-5841
-7362
332
-6821
-6515
-7241
-5608
-5356
-1422
83
-2632
-436
2126
-6565
-9153
8124
-7246
-15964
110
2727
-6629
-5977
2724
-5367
-22938
16
1428
270
-814
-8842
-7420
-10474
-6462
-7763
208
-2108
-7490
-5585
-8091
-6193
-3564
119
-268
-229
-2193
-7365
-8495
10031
-7473
-14552
82
-2096
-7142
-6210
2643
-5684
-18041
42
-300
409
1872
-4778
-4167
-5968
-3410
-4765
129
1115
-3773
-1960
-5340
-3383
-2575
56
1432
-189
-2789
-5195
-3830
4155
-4675
-20682
-22
-1973
-5132
-3922
-669
-3150
-23884
-156
-796
77
202
-1643
-455
-3923
-2562
-2790
-78
1473
-2305
128
-4616
-3030
-61
-50
842
-250
37
-3226
-2488
397
-2721
-15558
-65
-1063
-5104
-3341
-3033
-3113
-16009
-65
-694
-103
-742
-2653
23
-4776
-2813
-2495
59
350
-3143
736
-4291
-3291
-639
11
255
-208
646
-2200
-2487
1461
-2418
-15519
-25
443
-4315
-4100
-1743
-3855
-15360
-139
564
-100
-86
-1543
-137
-2979
-1535
-1635
-47
496
-2737
-816
-3472
-2780
-134
-52
506
1
-925
-437
-2215
-108
-1430
-15856
61
-1268
-3311
-3126
-1993
-3561
-13479
134
-1129
-129
178
-415
-966
-488
-829
-1108
-149
68
-965
-1662
-1535
-2208
-1201
-216
-65
-89
-390
-84
-1405
-1674
-967
-15741
70
-20
-1791
-894
-2119
-2196
-14144
167
-471
-178
-720
-1796
-2464
-1899
-941
-1837
-75
-238
-1833
-3724
-2260
-1603
-664
-137
-236
-239
-147
-1570
-2712
1841
-1740
-16085
-122
304
-1813
-1110
190
-2379
-15874
78
517
-139
-2227
-2720
-3849
-3009
-1528
-2519
-126
-2870
-2892
-4815
-2820
-2325
148
7
-2574
-18
1379
-1578
-3439
2278
-2446
-20234
14
442
-3540
-2755
290
-2393
-20798
159
-345
238
614
-5898
-5325
-5724
-3918
-4458
181
-499
-4407
-4553
-3086
-4075
-1528
73
878
-226
1313
-3450
-3874
4811
-4392
-20399
-64
1355
-4361
-3803
782
-3673
-23062
6
1728
307
4882
-6618
-4861
-6906
-6383
-5932
210
3574
-6472
-3798
-7299
-6390
-1572
150
2150
-335
-909
-7054
-4113
5871
-6031
-25266
11
-191
-8774
-6111
955
-6818
-22814
-53
182
108
1781
-6242
-3012
-7993
-5651
-5965
-109
753
-6176
-1643
-7553
-5233
-1569
63
616
-310
-2274
-6667
-5615
5129
-5975
-12643
-150
-1989
-7493
-6301
-5
-5759
-14667
11
-925
-144
-1589
-3197
473
-4012
-2692
-2236
-94
-908
-4476
560
-3641
-3824
-784
67
-379
-58
52
-1876
-2029
930
-2175
-17950
12
-460
-3449
-4454
-2508
-4092
-14854
36
6
-149
-953
-1989
224
-2768
-1243
-1401
-7
-127
-3375
-678
-3231
-2861
88
-65
-209
-10
114
-75
-1838
-8
-1139
-16913
58
-69
-2328
-3216
-2283
-3660
-13252
92
2
-199
-97
-704
-289
-862
-401
-924
-124
222
-1463
-1467
-1553
-2125
-434
-252
-29
-14
-331
135
-1334
-1441
-732
-16457
115
75
-1691
-802
-2266
-2345
-14902
191
-559
36
1519
-3958
-4107
-3609
-3731
-3191
86
2631
-4528
-5515
-4469
-4437
-223
24
1095
-384
-413
-1523
-3221
3733
-3075
-17273
-234
114
-1563
-3290
58
-4725
-14549
-199
323
-280
573
-1670
-2248
-1824
-1995
-1697
-189
1226
-3252
-3705
-2134
-3918
-569
53
-2
101
547
-564
-1960
395
-1615
-25405
-30
-1881
-4129
-3239
-978
-2722
-19932
114
-1229
25
772
-4638
-6657
-5103
-5466
-4903
142
1197
-3420
-4205
-3077
-5000
-3045
91
616
-181
5415
-5411
-5067
4931
-4755
-21981
-99
5104
-6147
-5259
657
-4320
-24825
-90
3109
183
1586
-14097
-11126
-13580
-12680
-12584
505
1296
-7667
-5777
-8631
-6931
-4446
330
809
-518
295
-14642
-12637
14015
-12468
7989
157
254
-11206
-7625
6714
-8296
-16352
224
594
234
1331
-9603
-5661
-10956
-8293
-7959
180
1315
-8187
-3066
-8307
-6469
-3148
182
942
-371
-5416
-10139
-7173
10514
-8026
-14275
-47
-4930
-9923
-7115
3875
-6166
-20007
122
-2906
-38
-83
-4315
-908
-5266
-4081
-3339
-54
1098
-5075
-624
-4091
-4292
-1165
-2
1027
-99
-1050
-2565
-2539
2108
-3246
-16644
-120
-2571
-3831
-4398
-1719
-4080
-16041
126
-1486
-185
-499
-2290
501
-2844
-1571
-1508
-76
228
-3210
-462
-3066
-2438
685
-129
307
60
209
210
-1941
-204
-1282
-18079
60
904
-2067
-2114
-2826
-2957
-18013
139
970
-291
-467
-779
136
-1140
-452
-1010
-139
-280
-1866
-1695
-1616
-2578
259
-308
-857
20
-360
-36
-1521
-1336
-768
-17457
144
-309
-2331
-907
-3168
-2604
-14640
141
-984
-110
2791
-10174
-10200
-12320
-11659
-10982
170
4314
-5600
-6141
-8520
-5928
-5593
312
1241
-518
446
-7851
-10639
8638
-11049
2125
-52
1058
-5005
-5703
4254
-7176
-19943
71
704
-220
2102
-3768
-4222
-3914
-3921
-3489
36
3174
-4637
-5124
-3914
-5235
-2344
80
1604
-221
-1818
-1932
-4330
3426
-3423
-28564
31
-4304
-4245
-4442
-864
-3650
-24798
39
-2617
-130
-1807
-3548
-4331
-4572
-3883
-3714
-4
-1836
-3974
-3165
-1880
-4446
-2282
-20
-689
-26
2313
-5016
-5318
5762
-3700
-19516
-64
2390
-6557
-4845
-214
-3408
-18549
87
1373
164
-5023
-9987
-7669
-8589
-7898
-8400
377
-4391
-6997
-4009
-6382
-5933
-3049
196
-880
-512
391
-10595
-9467
10300
-8271
-11862
-32
564
-8951
-7513
3247
-5928
-20774
-17
1192
167
-1219
-7053
-3604
-6600
-4990
-6049
95
-2113
-6957
-2491
-6744
-5731
-3165
167
557
-395
-3816
-7828
-6199
5969
-5890
-24092
-117
-3836
-8795
-6389
223
-5157
-21725
69
-2530
9
542
-4379
-1806
-4446
-2528
-3455
-138
-420
-4362
-1260
-4340
-2471
-1871
50
922
-81
-591
-1830
-2897
1232
-3234
-12504
-249
-959
-3114
-2708
-1336
-2363
-14395
40
-255
-371
-489
-2228
229
-2628
-973
-1370
-206
-316
-3133
-924
-2838
-1654
601
-207
399
97
-13
-374
-1887
466
-1141
-16192
159
-91
-2396
-1037
-2057
-2202
-16303
163
-32
-392
-616
-417
105
-1112
-704
-811
-207
-143
-1462
-1839
-1183
-2559
473
-345
-442
-47
-116
-748
-1262
-342
-633
-17727
58
203
-2792
-1084
-3000
-2245
-14692
136
-520
-213
-1858
-11129
-11219
-13163
-11969
-12898
140
-2682
-5785
-6208
-8232
-6004
-5716
232
-1711
-482
658
-12576
-13172
10043
-12802
10917
-57
1195
-8762
-6638
4173
-7461
-14896
146
529
-177
-1651
-6622
-8802
-7061
-6774
-6750
101
-1865
-5533
-7199
-5413
-5334
-4539
161
-852
-434
-3197
-6092
-7358
7692
-6529
-9601
-121
-4387
-3071
-4736
1388
-5021
-16121
-82
-3276
-360
-1171
-2853
-3254
-1344
-531
-1820
-227
-1141
-2917
-2611
-419
-1769
-1801
-240
-336
-23
-1620
-2285
-2594
2283
-1723
-21233
-208
-2339
-2429
-964
-1302
-1366
-22138
126
-1024
-253
-3120
-2965
-2376
-1708
-170
-2492
-222
-3580
-3582
-1482
-2134
-2777
-3271
-190
-2994
-303
1448
-3234
-2501
-491
-2316
-23879
-402
1787
-3982
-3736
-3048
-3581
-17764
-59
1630
-75
-1587
-4361
-2064
-2355
52
-3716
-222
-2279
-3569
-936
-1911
-1599
-4106
-123
-2181
-185
-583
-4805
-3384
-1509
-3484
-19734
-93
-490
-3984
-3684
-3349
-3094
-20949
54
-143
-250
-1141
-3772
-2064
-2038
595
-2803
-372
-1277
-3252
-1321
-1327
-528
-3029
-154
-954
-14
-1086
-3306
-1939
-1610
-2631
-12117
-100
-662
-2346
-1690
-3101
-2375
-14521
169
-822
-610
-852
-2717
-1013
-2946
-663
-1778
-458
-676
-2601
-1043
-2644
-1099
-1715
-240
-87
15
-265
-1241
-2310
613
-1538
-14430
-7
-11
-1257
-1209
-1165
-2473
-16580
199
-234
-460
-561
-826
-1114
-542
-1534
-1361
-334
-560
-1167
-2462
-1613
-2559
-219
-209
-716
-110
-203
-1458
-1954
62
-1226
-14138
-76
201
-2659
-1928
-1597
-2787
-12604
163
68
0
0
0
0
0
0
0
0
0
0
0
-3690
-3225
-2490
-2713
-2663
0
0
0
0
0
0
0
0
0
0
0
-119
-1790
-196
-2755
-13026
0
0
0
0
0
0
0
0
0
0
0
-2639
-2529
-2398
-1150
-2231
0
0
0
0
0
0
0
0
0
0
0
-1922
-1027
-414
-2196
-16692
0
0
0
0
0
0
0
0
0
0
0
-1442
-1769
-1482
-461
-1144
0
0
0
0
0
0
0
0
0
0
0
-586
-1331
598
-1244
-19129
0
0
0
0
0
0
0
0
0
0
0
-1319
-1573
-1376
-1284
-1160
0
0
0
0
0
0
0
0
0
0
0
-407
-1847
1769
-1250
-16460
0
0
0
0
0
0
0
0
0
0
0
-1094
-1030
-1073
-954
-1099
0
0
0
0
0
0
0
0
0
0
0
-316
-1550
565
-1016
-13592
0
0
0
0
0
0
0
0
0
0
0
-951
-630
-657
-484
-1129
0
0
0
0
0
0
0
0
0
0
0
350
-1396
-1765
-959
-14892
0
0
0
0
0
0
0
0
0
0
0
-869
-940
-82
-503
-1037
0
0
0
0
0
0
0
0
0
0
0
779
-1898
-1755
-984
-14966
0
0
0
0
0
0
0
0
0
0
0
-961
-1051
-490
-142
-1124
0
0
0
0
0
0
0
0
0
0
0
121
-1454
-1850
-1078
-12848
0
0
0
0
0
0
0
0
0
0
0
-3105
-2037
-2519
-1751
-2478
0
0
0
0
0
0
0
0
0
0
0
-2218
-1323
106
-2482
-18408
0
0
0
0
0
0
0
0
0
0
0
-4516
-3885
-6113
-2480
-4221
0
0
0
0
0
0
0
0
0
0
0
-4635
-1282
898
-4187
-26490
0
0
0
0
0
0
0
0
0
0
0
-4097
-3177
-4228
-2863
-3245
0
0
0
0
0
0
0
0
0
0
0
-3903
-1376
2272
-3310
-21031
0
0
0
0
0
0
0
0
0
0
0
-1795
-1196
-1704
-1485
-1158
0
0
0
0
0
0
0
0
0
0
0
-893
-1482
2228
-1177
-13136
0
0
0
0
0
0
0
0
0
0
0
-2471
-1938
-1980
-2197
-1957
0
0
0
0
0
0
0
0
0
0
0
363
-2711
1039
-1769
-13112
0
0
0
0
0
0
0
0
0
0
0
-1887
-921
-2162
-1352
-1695
0
0
0
0
0
0
0
0
0
0
0
750
-2154
-781
-1393
-15844
0
0
0
0
0
0
0
0
0
0
0
-1557
-759
-484
-977
-1188
0
0
0
0
0
0
0
0
0
0
0
1198
-1921
-1666
-1064
-15078
0
0
0
0
0
0
0
0
0
0
0
-1360
-1463
-310
-478
-1134
0
0
0
0
0
0
0
0
0
0
0
1312
-1619
-2062
-1085
-13878
0
0
0
0
0
0
0
0
0
0
0
-3667
-1900
-2288
-1369
-2490
0
0
0
0
0
0
0
0
0
0
0
-2278
-3411
1637
-2637
-26381
0
0
0
0
0
0
0
0
0
0
0
-12841
-10922
-13438
-11124
-12231
0
0
0
0
0
0
0
0
0
0
0
-11537
-13479
11146
-12449
12059
0
0
0
0
0
0
0
0
0
0
0
-7483
-6299
-8673
-6183
-7570
0
0
0
0
0
0
0
0
0
0
0
-9400
-5282
6202
-7467
-11445
0
0
0
0
0
0
0
0
0
0
0
-3063
-1728
-3489
-917
-2739
0
0
0
0
0
0
0
0
0
0
0
-3840
-2150
1650
-2655
-16687
0
0
0
0
0
0
0
0
0
0
0
-1737
-1096
-1215
-927
-1263
0
0
0
0
0
0
0
0
0
0
0
-622
-1763
993
-1159
-17029
0
0
0
0
0
0
0
0
0
0
0
-2150
-1460
-2797
-1912
-2049
0
0
0
0
0
0
0
0
0
0
0
191
-2549
954
-1744
-13608
0
0
0
0
0
0
0
0
0
0
0
-1653
-646
-1627
-943
-1309
0
0
0
0
0
0
0
0
0
0
0
819
-1670
-877
-1122
-15884
0
0
0
0
0
0
0
0
0
0
0
-1625
-1588
-430
-722
-1311
0
0
0
0
0
0
0
0
0
0
0
1656
-1785
-2419
-1241
-13894
0
0
0
0
0
0
0
0
0
0
0
-3353
-2158
-1932
-1277
-2374
0
0
0
0
0
0
0
0
0
0
0
-1899
-4154
2889
-2301
-19811
0
0
0
0
0
0
0
0
0
0
0
-8212
-8381
-7726
-5344
-8339
0
0
0
0
0
0
0
0
0
0
0
-6680
-11899
6522
-8314
-7672
0
0
0
0
0
0
0
0
0
0
0
-6893
-6709
-8496
-4516
-6783
0
0
0
0
0
0
0
0
0
0
0
-7483
-7156
6662
-6421
-14708
0
0
0
0
0
0
0
0
0
0
0
-4192
-3657
-4761
-2372
-4397
0
0
0
0
0
0
0
0
0
0
0
-5516
-1281
239
-4201
-18317
0
0
0
0
0
0
0
0
0
0
0
-1611
-219
-2110
-1222
-1283
0
0
0
0
0
0
0
0
0
0
0
-1707
-939
1028
-1132
-19997
0
0
0
0
0
0
0
0
0
0
0
-2295
-890
-3591
-2577
-1954
0
0
0
0
0
0
0
0
0
0
0
-1193
-2229
2967
-1774
-15153
0
0
0
0
0
0
0
0
0
0
0
-1825
-704
-2171
-1197
-1400
0
0
0
0
0
0
0
0
0
0
0
-156
-1622
892
-1086
-15181
0
0
0
0
0
0
0
0
0
0
0
-1683
-1286
-407
-474
-1266
0
0
0
0
0
0
0
0
0
0
0
1064
-1289
-2282
-1152
-13092
0
0
0
0
0
0
0
0
0
0
0
-2092
-1994
-1661
-162
-1471
0
0
0
0
0
0
0
0
0
0
0
-745
-2283
1186
-1418
-15491
0
0
0
0
0
0
0
0
0
0
0
-3551
-3808
-2120
-1112
-2679
0
0
0
0
0
0
0
0
0
0
0
-1885
-4601
2368
-2822
-17986
0
0
0
0
0
0
0
0
0
0
0
-5015
-5629
-5877
-2596
-4893
0
0
0
0
0
0
0
0
0
0
0
-5124
-3773
2690
-4962
-15977
0
0
0
0
0
0
0
0
0
0
0
-5076
-3966
-6279
-4947
-5322
0
0
0
0
0
0
0
0
0
0
0
-7225
-825
1723
-5153
-23285
0
0
0
0
0
0
0
0
0
0
0
-3410
-1769
-4800
-3376
-3142
0
0
0
0
0
0
0
0
0
0
0
-4778
-1472
3051
-2850
-22691
0
0
0
0
0
0
0
0
0
0
0
-1749
-467
-2873
-1836
-1489
0
0
0
0
0
0
0
0
0
0
0
-1609
-1404
2120
-1430
-18112
0
0
0
0
0
0
0
0
0
0
0
-1785
-607
-2004
-981
-1252
0
0
0
0
0
0
0
0
0
0
0
-116
-1110
662
-967
-15328
0
0
0
0
0
0
0
0
0
0
0
-1822
-1066
-841
-202
-1402
0
0
0
0
0
0
0
0
0
0
0
932
-1336
-2239
-1245
-12671
0
0
0
0
0
0
0
0
0
0
0
-2878
-2815
-3708
-2423
-2784
0
0
0
0
0
0
0
0
0
0
0
-1233
-2199
1577
-2594
-14853
0
0
0
0
0
0
0
0
0
0
0
-3704
-2829
-1679
-2082
-2536
0
0
0
0
0
0
0
0
0
0
0
-1379
-2235
612
-2602
-17718
0
0
0
0
0
0
0
0
0
0
0
-6410
-6019
-4770
-4411
-5140
0
0
0
0
0
0
0
0
0
0
0
-4795
-4301
4346
-5358
-18677
0
0
0
0
0
0
0
0
0
0
0
-13391
-11354
-14011
-11444
-13044
0
0
0
0
0
0
0
0
0
0
0
-14169
-12471
11214
-13158
14978
0
0
0
0
0
0
0
0
0
0
0
-7106
-4814
-8002
-6552
-6366
0
0
0
0
0
0
0
0
0
0
0
-8478
-2740
5770
-6126
-18772
0
0
0
0
0
0
0
0
0
0
0
-2738
-1476
-3441
-2912
-2224
0
0
0
0
0
0
0
0
0
0
0
-1929
-643
1901
-2097
-18758
0
0
0
0
0
0
0
0
0
0
0
-1735
-284
-1881
-1314
-1307
0
0
0
0
0
0
0
0
0
0
0
-53
-1179
558
-1007
-17785
0
0
0
0
0
0
0
0
0
0
0
-1799
-783
-1003
-616
-1729
0
0
0
0
0
0
0
0
0
0
0
725
-1936
-2122
-1464
-12339
0
0
0
0
0
0
0
0
0
0
0
-7139
-5864
-8138
-8533
-6924
0
0
0
0
0
0
0
0
0
0
0
-3956
-7026
5590
-6790
-13289
0
0
0
0
0
0
0
0
0
0
0
-5752
-4554
-3719
-5476
-4745
0
0
0
0
0
0
0
0
0
0
0
-2370
-4476
2812
-4634
-17107
0
0
0
0
0
0
0
0
0
0
0
-4845
-3963
-3046
-3517
-3540
0
0
0
0
0
0
0
0
0
0
0
-3981
-4723
5788
-3709
-17693
0
0
0
0
0
0
0
0
0
0
0
-9352
-8197
-8880
-6514
-8997
0
0
0
0
0
0
0
0
0
0
0
-9860
-9760
7719
-9082
-3534
0
0
0
0
0
0
0
0
0
0
0
-6332
-3310
-4925
-2912
-5155
0
0
0
0
0
0
0
0
0
0
0
-6471
-3316
2521
-4930
-24569
0
0
0
0
0
0
0
0
0
0
0
-3066
-1806
-2367
-2249
-2414
0
0
0
0
0
0
0
0
0
0
0
-1304
-1007
103
-2218
-16058
0
0
0
0
0
0
0
0
0
0
0
-1815
-524
-1591
-1858
-1559
0
0
0
0
0
0
0
0
0
0
0
-664
-1638
939
-1250
-14137
0
0
0
0
0
0
0
0
0
0
0
-1579
-487
-420
-1402
-1412
0
0
0
0
0
0
0
0
0
0
0
357
-1507
-842
-1157
-13118
0
0
0
0
0
0
0
0
0
0
0
-8162
-6383
-7492
-9160
-7627
0
0
0
0
0
0
0
0
0
0
0
-6985
-8180
7296
-7321
-11246
0
0
0
0
0
0
0
0
0
0
0
-6346
-6281
-4829
-6898
-5467
0
0
0
0
0
0
0
0
0
0
0
-4985
-4479
5846
-5289
-12086
0
0
0
0
0
0
0
0
0
0
0
-3342
-2837
-52
-904
-2352
0
0
0
0
0
0
0
0
0
0
0
-2905
-1270
336
-2159
-18348
0
0
0
0
0
0
0
0
0
0
0
-1994
-2389
-962
-587
-2288
0
0
0
0
0
0
0
0
0
0
0
-2992
-2310
-862
-2334
-22303
0
0
0
0
0
0
0
0
0
0
0
-3215
-3013
-2164
-1186
-3588
0
0
0
0
0
0
0
0
0
0
0
-4833
-2680
-1320
-3643
-18193
0
0
0
0
0
0
0
0
0
0
0
-2784
-2753
-809
-1548
-2638
0
0
0
0
0
0
0
0
0
0
0
-3925
78
-2215
-2543
-12955
0
0
0
0
0
0
0
0
0
0
0
-1771
-865
-1018
-1255
-1216
0
0
0
0
0
0
0
0
0
0
0
-1151
-836
461
-1012
-16557
0
0
0
0
0
0
0
0
0
0
0
-1362
-727
37
-1773
-928
0
0
0
0
0
0
0
0
0
0
0
314
-1406
-23
-873
-13672
0
0
0
0
0
0
0
0
0
0
0
0
0
0
0
0
0
0
0
0
0
0
0
0
0
0
0
0
0
0
0
0
0
0
0
0
0
0
0
0
0
0
0
0
0
0
0
0
0
0
0
0
0
0
0
0
0
0
0
0
0
0
0
0
0
0
0
0
0
0
0
0
0
0
0
0
0
0
0
0
0
0
0
0
0
0
0
0
0
0
0
0
0
0
0
0
0
0
0
0
0
0
0
0
0
0
0
0
0
0
0
0
0
0
0
0
0
0
0
0
0
0
0
0
0
0
0
0
0
0
0
0
0
0
0
0
0
0
0
0
0
0
0
0
0
0
0
0
0
0
0
0
0
0
0
0
0
0
0
0
0
0
0
0
0
0
0
0
0
0
0
0
0
0
0
0
0
0
0
0
0
0
0
0
0
0
0
0
0
0
0
0
0
0
0
0
0
0
0
0
0
0
0
0
0
0
0
0
0
0
0
0
0
0
0
0
0
0
0
0
0
0
0
0
0
0
0
0
0
0
0
0
0
0
0
0
0
0
0
0
0
0
0
0
0
0
0
0
0
0
0
0
0
0
0
0
0
0
0
0
0
0
0
0
0
0
0
0
0
0
0
0
0
0
0
0
0
0
0
0
0
0
0
0
0
0
0
0
0
0
0
0
0
0
0
0
0
0
0
0
0
0
0
0
0
0
0
0
0
0
0
0
0
0
0
0
0
0
0
0
0
0
0
0
0
0
0
0
0
0
0
0
0
0
0
0
0
0
0
0
0
0
0
0
0
0
0
0
0
0
0
0
0
0
0
0
0
0
0
0
0
0
0
0
0
0
0
0
0
0
0
0
0
0
0
0
0
0
0
0
0
0
0
0
0
0
0
0
0
0
0
0
0
0
0
0
0
0
0
0
0
0
0
0
0
0
0
0
0
0
0
0
0
0
0
0
0
0
0
0
0
0
0
0
0
0
0
0
0
0
0
0
0
0
0
0
0
0
0
0
0
0
0
0
0
0
0
0
0
0
0
0
0
0
0
0
0
0
0
0
0
0
0
0
0
0
0
0
0
0
0
0
0
0
0
0
0
0
0
0
0
0
0
0
0
0
0
0
0
0
0
0
0
0
0
0
0
0
0
0
0
0
0
0
0
0
0
0
0
0
0
0
0
0
0
0
0
0
0
0
0
0
0
0
0
0
0
0
0
0
0
0
0
0
0
0
0
0
0
0
0
0
0
0
0
0
0
0
0
0
0
0
0
0
0
0
0
0
0
0
0
0
0
0
0
0
0
0
0
0
0
0
0
0
0
0
0
0
0
0
0
0
0
0
0
0
0
0
0
0
0
0
0
0
0
0
0
0
0
0
0
0
0
0
0
0
0
0
0
0
0
0
0
0
0
0
0
0
0
0
0
0
0
0
0
0
0
0
0
0
0
0
0
0
0
0
0
0
0
0
0
0
0
0
0
0
0
0
0
0
0
0
0
0
0
0
0
0
0
0
0
0
0
0
0
0
0
0
0
0
0
0
0
0
0
0
0
0
0
0
0
0
0
0
0
0
0
0
0
0
0
0
0
0
0
0
0
0
0
0
0
0
0
0
0
0
0
0
0
0
0
0
0
0
0
0
0
0
0
0
0
0
0
0
0
0
0
0
0
0
0
0
0
0
0
0
0
0
0
0
0
0
0
0
0
0
0
0
0
0
0
0
0
0
0
0
0
0
0
0
0
0
0
0
0
0
0
0
0
0
0
0
0
0
0
0
0
0
0
0
0
0
0
0
0
0
0
0
0
0
0
0
0
0
0
0
0
0
0
0
0
0
0
0
0
0
0
0
0
0
0
0
0
0
0
0
0
0
0
0
0
0
0
0
0
0
0
0
0
0
0
0
0
0
0
0
0
0
0
0
0
0
0
0
0
0
0
0
0
0
0
0
0
0
0
0
0
0
0
0
0
0
0
0
0
0
0
0
0
0
0
0
0
0
0
0
0
0
0
0
0
0
0
0
0
0
0
0
0
0
0
0
0
0
0
0
0
0
0
0
0
0
0
0
0
0
0
0
0
0
0
0
0
0
0
0
0
0
0
0
0
0
0
0
0
0
0
0
0
0
0
0
0
0
0
0
0
0
0
0
0
0
0
0
0
0
0
0
0
0
0
0
0
0
0
0
0
0
0
0
0
0
0
0
0
0
0
0
0
0
0
0
0
0
0
0
0
0
0
0
0
0
0
0
0
0
0
0
0
0
0
0
0
0
0
0
0
0
0
0
0
0
0
0
0
0
0
0
0
0
0
0
0
0
0
0
0
0
0
0
0
0
0
0
0
0
0
0
0
0
0
0
0
0
0
0
0
0
0
0
0
0
0
0
0
0
0
0
0
0
0
0
0
0
0
0
0
0
0
0
0
0
0
0
0
0
0
0
0
0
0
0
0
0
0
0
0
0
0
0
0
0
0
0
0
0
0
0
0
0
0
0
0
0
0
0
0
0
0
0
0
0
0
0
0
0
0
0
0
0
0
0
0
0
0
0
0
0
0
0
0
0
0
0
0
0
0
0
0
0
0
0
0
0
0
0
0
0
0
0
0
0
0
0
0
0
0
0
0
0
0
0
0
0
0
0
0
0
0
0
0
0
0
0
0
0
0
0
0
0
0
0
0
0
0
0
0
0
0
0
0
0
0
0
0
0
0
0
0
0
0
0
0
0
0
0
0
0
0
0
0
0
0
0
0
0
0
0
0
0
0
0
0
0
0
0
0
0
0
0
0
0
0
0
0
0
0
0
0
0
0
0
0
0
0
0
0
0
0
0
0
0
0
0
0
0
0
0
0
0
0
0
0
0
0
0
0
0
0
0
0
0
0
0
0
0
0
0
0
0
0
0
0
0
0
0
0
0
0
0
0
0
0
0
0
0
0
0
0
0
0
0
0
0
0
0
0
0
0
0
0
0
0
0
0
0
0
0
0
0
0
0
0
0
0
0
0
0
0
0
0
0
0
0
0
0
0
0
0
0
0
0
0
0
0
0
0
0
0
0
0
0
0
0
0
0
0
0
0
0
0
0
0
0
0
0
0
0
0
0
0
0
0
0
0
0
0
0
0
0
0
0
0
0
0
0
0
0
0
0
0
0
0
0
0
0
0
0
0
0
0
0
0
0
0
0
0
0
0
0
0
0
0
0
0
0
0
0
0
0
0
0
0
0
0
0
0
0
0
0
0
0
0
0
0
0
0
0
0
0
0
0
0
0
0
0
0
0
0
0
0
0
0
0
0
0
0
0
0
0
0
0
0
0
0
0
0
0
0
0
0
0
0
0
0
0
0
0
0
0
0
0
0
0
0
0
0
0
0
0
0
0
0
0
0
0
0
0
0
0
0
0
0
0
0
0
0
0
0
0
0
0
0
0
0
0
0
0
0
0
0
0
0
0
0
0
0
0
0
0
0
0
0
0
0
0
0
0
0
0
0
0
0
0
0
0
0
0
0
0
0
0
0
0
0
0
0
0
0
0
0
0
0
0
0
0
0
0
0
0
0
0
0
0
0
0
0
0
0
0
0
0
0
0
0
0
0
0
0
0
0
0
0
0
0
0
0
0
0
0
0
0
0
0
0
0
0
0
0
0
0
0
0
0
0
0
0
0
0
0
0
0
0
0
0
0
0
0
0
0
0
0
0
0
0
0
0
0
0
0
0
0
0
0
0
0
0
0
0
0
0
0
0
0
0
0
0
0
0
0
0
0
0
0
0
0
0
0
0
0
0
0
0
0
0
0
0
0
0
0
0
0
0
0
0
0
0
0
0
0
0
0
0
0
0
0
0
0
0
0
0
0
0
0
0
0
0
0
0
0
0
0
0
0
0
0
0
0
0
0
0
0
0
0
0
0
0
0
0
0
0
0
0
0
0
0
0
0
0
0
0
0
0
0
0
0
0
0
0
0
0
0
0
0
0
0
0
0
0
0
0
0
0
0
0
0
0
0
0
0
0
0
0
0
0
0
0
0
0
0
0
0
0
0
0
0
0
0
0
0
0
0
0
0
0
0
0
0
0
0
0
0
0
0
0
0
0
0
0
0
0
0
0
0
0
0
0
0
0
0
0
0
0
0
0
0
0
0
0
0
0
0
0
0
0
0
0
0
0
0
0
0
0
0
0
0
0
0
0
0
0
0
0
0
0
0
0
0
0
0
0
0
0
0
0
0
0
0
0
0
0
0
0
0
0
0
0
0
0
0
0
0
0
0
0
0
0
0
0
0
0
0
0
0
0
0
0
0
0
0
0
0
0
0
0
0
0
0
0
0
0
0
0
0
0
0
0
0
0
0
0
0
0
0
0
0
0
0
0
0
0
0
0
0
0
0
0
0
0
0
0
0
0
0
0
0
0
0
0
0
0
0
0
0
0
0
0
0
0
0
0
0
0
0
0
0
0
0
0
0
0
0
0
0
0
0
0
0
0
0
0
0
0
0
0
0
0
0
0
0
0
0
0
0
0
0
0
0
0
0
0
0
0
0
0
0
0
0
0
0
0
0
0
0
0
0
0
0
0
0
0
0
0
0
0
0
0
0
0
0
0
0
0
0
0
0
0
0
0
0
0
0
0
0
0
0
0
0
0
0
0
0
0
0
0
0
0
0
0
0
0
0
0
0
0
0
0
0
0
0
0
0
0
0
0
0
0
0
0
0
0
0
0
0
0
0
0
0
0
0
0
0
0
0
0
0
0
0
0
0
0
0
0
0
0
0
0
0
0
0
0
0
0
0
0
0
0
0
0
0
0
0
0
0
0
0
0
0
0
0
0
0
0
0
0
0
0
0
0
0
0
0
0
0
0
0
0
0
0
0
0
0
0
0
0
0
0
0
0
0
0
0
0
0
0
0
0
0
0
0
0
0
0
0
0
0
0
0
0
0
0
0
0
0
0
0
0
0
0
0
0
0
0
0
0
0
0
0
0
0
0
0
0
0
0
0
0
0
0
0
0
0
0
0
0
0
0
0
0
0
0
0
0
0
0
0
0
0
0
0
0
0
0
0
0
0
0
0
0
0
0
0
0
0
0
0
0
0
0
0
0
0
0
0
0
0
0
0
0
0
0
0
0
0
0
0
0
0
0
0
0
0
0
0
0
0
0
0
0
0
0
0
0
0
0
0
0
0
0
0
0
0
0
0
0
0
0
0
0
0
0
0
0
0
0
0
0
0
0
0
0
0
0
0
0
0
0
0
0
0
0
0
0
0
0
0
0
0
0
0
0
0
0
0
0
0
0
0
0
0
0
0
0
0
0
0
0
0
0
0
0
0
0
0
0
0
0
0
0
0
0
0
0
0
0
0
0
0
0
0
0
0
0
0
0
0
0
0
0
0
0
0
0
0
0
0
0
0
0
0
0
0
0
0
0
0
0
0
0
0
0
0
0
0
0
0
0
0
0
0
0
0
0
0
0
0
0
0
0
0
0
0
0
0
0
0
0
0
0
0
0
0
0
0
0
0
0
0
0
0
0
0
0
0
0
0
0
0
0
0
0
0
0
0
0
0
0
0
0
0
0
0
0
0
0
0
0
0
0
0
0
0
0
0
0
0
0
0
0
0
0
0
0
0
0
0
0
0
0
0
0
0
0
0
0
0
0
0
0
0
0
0
0
0
0
0
0
0
0
0
0
0
0
0
0
0
0
0
0
0
0
0
0
0
0
0
0
0
0
0
0
0
0
0
0
0
0
0
0
0
0
0
0
0
0
0
0
0
0
0
0
0
0
0
0
0
0
0
0
0
0
0
0
0
0
0
0
0
0
0
0
0
0
0
0
0
0
0
0
0
0
0
0
0
0
0
0
0
0
0
0
0
0
0
0
0
0
0
0
0
0
0
0
0
0
0
0
0
0
0
0
0
0
0
0
0
0
0
0
0
0
0
0
0
0
0
0
0
0
0
0
0
0
0
0
0
0
0
0
0
0
0
0
0
0
0
0
0
0
0
0
0
0
0
0
0
0
0
0
0
0
0
0
0
0
0
0
0
0
0
0
0
0
0
0
0
0
0
0
0
0
0
0
0
0
0
0
0
0
0
0
0
0
0
0
0
0
0
0
0
0
0
0
0
0
0
0
0
0
0
0
0
0
0
0
0
0
0
0
0
0
0
0
0
0
0
0
0
0
0
0
0
0
0
0
0
0
0
0
0
0
0
0
0
0
0
0
0
0
0
0
0
0
0
0
0
0
0
0
0
0
0
0
0
0
0
0
0
0
0
0
0
0
0
0
0
0
0
0
0
0
0
0
0
0
0
0
0
0
0
0
0
0
0
0
0
0
0
0
0
0
0
0
0
0
0
0
0
0
0
0
0
0
0
0
0
0
0
0
0
0
0
0
0
0
0
0
0
0
0
0
0
0
0
0
0
0
0
0
0
0
0
0
0
0
0
0
0
0
0
0
0
0
0
0
0
0
0
0
0
0
0
0
0
0
0
0
0
0
0
0
0
0
0
0
0
0
0
0
0
0
0
0
0
0
0
0
0
0
0
0
0
0
0
0
0
0
0
0
0
0
0
0
0
0
0
0
0
0
0
0
0
0
0
0
0
0
0
0
0
0
0
0
0
0
0
0
0
0
0
0
0
0
0
0
0
0
0
0
0
0
0
0
0
0
0
0
0
0
0
0
0
0
0
0
0
0
0
0
0
0
0
0
0
0
0
0
0
0
0
0
0
0
0
0
0
0
0
0
0
0
0
0
0
0
0
0
0
0
0
0
0
0
0
0
0
0
0
0
0
0
0
0
0
0
0
0
0
0
0
0
0
0
0
0
0
0
0
0
0
0
0
0
0
0
0
0
0
0
0
0
0
0
0
0
0
0
0
0
0
0
0
0
0
0
0
0
0
0
0
0
0
0
0
0
0
0
0
0
0
0
0
0
0
0
0
0
0
0
0
0
0
0
0
0
0
0
0
0
0
0
0
0
0
0
0
0
0
0
0
0
0
0
0
0
0
0
0
0
0
0
0
0
0
0
0
0
0
0
0
0
0
0
0
0
0
0
0
0
0
0
0
0
0
0
0
0
0
0
0
0
0
0
0
0
0
0
0
0
0
0
0
0
0
0
0
0
0
0
0
0
0
0
0
0
0
0
0
0
0
0
0
0
0
0
0
0
0
0
0
0
0
0
0
0
0
0
0
0
0
0
0
0
0
0
0
0
0
0
0
0
0
0
0
0
0
0
0
0
0
0
0
0
0
0
0
0
0
0
0
0
0
0
0
0
0
0
0
0
0
0
0
0
0
0
0
0
0
0
0
0
0
0
0
0
0
0
0
0
0
0
0
0
0
0
0
0
0
0
0
0
0
0
0
0
0
0
0
0
0
0
0
0
0
0
0
0
0
0
0
0
0
0
0
0
0
0
0
0
0
0
0
0
0
0
0
0
0
0
0
0
0
0
0
0
0
0
0
0
0
0
0
0
0
0
0
0
0
0
0
0
0
0
0
0
0
0
0
0
0
0
0
0
0
0
0
0
0
0
0
0
0
0
0
0
0
0
0
0
0
0
0
0
0
0
0
0
0
0
0
0
0
0
0
0
0
0
0
0
0
0
0
0
0
0
0
0
0
0
0
0
0
0
0
0
0
0
0
0
0
0
0
0
0
0
0
0
0
0
0
0
0
0
0
0
0
0
0
0
0
0
0
0
0
0
0
0
0
0
0
0
0
0
0
0
0
0
0
0
0
0
0
0
0
0
0
0
0
0
0
0
0
0
0
0
0
0
0
0
0
0
0
0
0
0
0
0
0
0
0
0
0
0
0
0
0
0
0
0
0
0
0
0
0
0
0
0
0
0
0
0
0
0
0
0
0
0
0
0
0
0
0
0
0
0
0
0
0
0
0
0
0
0
0
0
0
0
0
0
0
0
0
0
0
0
0
0
0
0
0
0
0
0
0
0
0
0
0
0
0
0
0
0
0
0
0
0
0
0
0
0
0
0
0
0
0
0
0
0
0
0
0
0
0
0
0
0
0
0
0
0
0
0
0
0
0
0
0
0
0
0
0
0
0
0
0
0
0
0
0
0
0
0
0
0
0
0
0
0
0
0
0
0
0
0
0
0
0
0
0
0
0
0
0
0
0
0
0
0
0
0
0
0
0
0
0
0
0
0
0
0
0
0
0
0
0
0
0
0
0
0
0
0
0
0
0
0
0
0
0
0
0
0
0
0
0
0
0
0
0
0
0
0
0
0
0
0
0
0
0
0
0
0
0
0
0
0
0
0
0
0
0
0
0
0
0
0
0
0
0
0
0
0
0
0
0
0
0
0
0
0
0
0
0
0
0
0
0
0
0
0
0
0
0
0
0
0
0
0
0
0
0
0
0
0
0
0
0
0
0
0
0
0
0
0
0
0
0
0
0
0
0
0
0
0
0
0
0
0
0
0
0
0
0
0
0
0
0
0
0
0
0
0
0
0
0
0
0
0
0
0
0
0
0
0
0
0
0
0
0
0
0
0
0
0
0
0
0
0
0
0
0
0
0
0
0
0
0
0
0
0
0
0
0
0
0
0
0
0
0
0
0
0
0
0
0
0
0
0
0
0
0
0
0
0
0
0
0
0
0
0
0
0
0
0
0
0
0
0
0
0
0
0
0
0
0
0
0
0
0
0
0
0
0
0
0
0
0
0
0
0
0
0
0
0
0
0
0
0
0
0
0
0
0
0
0
0
0
0
0
0
0
0
0
0
0
0
0
0
0
0
0
0
0
0
0
0
0
0
0
0
0
0
0
0
0
0
0
0
0
0
0
0
0
0
0
0
0
0
0
0
0
0
0
0
0
0
0
0
0
0
0
0
0
0
0
0
0
0
0
0
0
0
0
0
0
0
0
0
0
0
0
0
0
0
0
0
0
0
0
0
0
0
0
0
0
0
0
0
0
0
0
0
0
0
0
0
0
0
0
0
0
0
0
0
0
0
0
0
0
0
0
0
0
0
0
0
0
0
0
0
0
0
0
0
0
0
0
0
0
0
0
0
0
0
0
0
0
0
0
0
0
0
0
0
0
0
0
0
0
0
0
0
0
0
0
0
0
0
0
0
0
0
0
0
0
0
0
0
0
0
0
0
0
0
0
0
0
0
0
0
0
0
0
0
0
0
0
0
0
0
0
0
0
0
0
0
0
0
0
0
0
0
0
0
0
0
0
0
0
0
0
0
0
0
0
0
0
0
0
0
0
0
0
0
0
0
0
0
0
0
0
0
0
0
0
0
0
0
0
0
0
0
0
0
0
0
0
0
0
0
0
0
0
0
0
0
0
0
0
0
0
0
0
0
0
0
0
0
0
0
0
0
0
0
0
0
0
0
0
0
0
0
0
0
0
0
0
0
0
0
0
0
0
0
0
0
0
0
0
0
0
0
0
0
0
0
0
0
0
0
0
0
0
0
0
0
0
0
0
0
0
0
0
0
0
0
0
0
0
0
0
0
0
0
0
0
0
0
0
0
0
0
0
0
0
0
0
0
0
0
0
0
0
0
0
0
0
0
0
0
0
0
0
0
0
0
0
0
0
0
0
0
0
0
0
0
0
0
0
0
0
0
0
0
0
0
0
0
0
0
0
0
0
0
0
0
0
0
0
0
0
0
0
0
0
0
0
0
0
0
0
0
0
0
0
0
0
0
0
0
0
0
0
0
0
0
0
0
0
0
0
0
0
0
0
0
0
0
0
0
0
0
0
0
0
0
0
0
0
0
0
0
0
0
0
0
0
0
0
0
0
0
0
0
0
0
0
0
0
0
0
0
0
0
0
0
0
0
0
0
0
0
0
0
0
0
0
0
0
0
0
0
0
0
0
0
0
0
0
0
0
0
0
0
0
0
0
0
0
0
0
0
0
0
0
0
0
0
0
0
0
0
0
0
0
0
0
0
0
0
0
0
0
0
0
0
0
0
0
0
0
0
0
0
0
0
0
0
0
0
0
0
0
0
0
0
0
0
0
0
0
0
0
0
0
0
0
0
0
0
0
0
0
0
0
0
0
0
0
0
0
0
0
0
0
0
0
0
0
0
0
0
0
0
0
0
0
0
0
0
0
0
0
0
0
0
0
0
0
0
0
0
0
0
0
0
0
0
0
0
0
0
0
0
0
0
0
0
0
0
0
0
0
0
0
0
0
0
0
0
0
0
0
0
0
0
0
0
0
0
0
0
0
0
0
0
0
0
0
0
0
0
0
0
0
0
0
0
0
0
0
0
0
0
0
0
0
0
0
0
0
0
0
0
0
0
0
0
0
0
0
0
0
0
0
0
0
0
0
0
0
0
0
0
0
0
0
0
0
0
0
0
0
0
0
0
0
0
0
0
0
0
0
0
0
0
0
0
0
0
0
0
0
0
0
0
0
0
0
0
0
0
0
0
0
0
0
0
0
0
0
0
0
0
0
0
0
0
0
0
0
0
0
0
0
0
0
0
0
0
0
0
0
0
0
0
0
0
0
0
0
0
0
0
0
0
0
0
0
0
0
0
0
0
0
0
0
0
0
0
0
0
0
0
0
0
0
0
0
0
0
0
0
0
0
0
0
0
0
0
0
0
0
0
0
0
0
0
0
0
0
0
0
0
0
0
0
0
0
0
0
0
0
0
0
0
0
0
0
0
0
0
0
0
0
0
0
0
0
0
0
0
0
0
0
0
0
0
0
0
0
0
0
0
0
0
0
0
0
0
0
0
0
0
0
0
0
0
0
0
0
0
0
0
0
0
0
0
0
0
0
0
0
0
0
0
0
0
0
0
0
0
0
0
0
0
0
0
0
0
0
0
0
0
0
0
0
0
0
0
0
0
0
0
0
0
0
0
0
0
0
0
0
0
0
0
0
0
0
0
0
0
0
0
0
0
0
0
0
0
0
0
0
0
0
0
0
0
0
0
0
0
0
0
0
0
0
0
0
0
0
0
0
0
0
0
0
0
0
0
0
0
0
0
0
0
0
0
0
0
0
0
0
0
0
0
0
0
0
0
0
0
0
0
0
0
0
0
0
0
0
0
0
0
0
0
0
0
0
0
0
0
0
0
0
0
0
0
0
0
0
0
0
0
0
0
0
0
0
0
0
0
0
0
0
0
0
0
0
0
0
0
0
0
0
0
0
0
0
0
0
0
0
0
0
0
0
0
0
0
0
0
0
0
0
0
0
0
0
0
0
0
0
0
0
0
0
0
0
0
0
0
0
0
0
0
0
0
0
0
0
0
0
0
0
0
0
0
0
0
0
0
0
0
0
0
0
0
0
0
0
0
0
0
0
0
0
0
0
0
0
0
0
0
0
0
0
0
0
0
0
0
0
0
0
0
0
0
0
0
0
0
0
0
0
0
0
0
0
0
0
0
0
0
0
0
0
0
0
0
0
0
0
0
0
0
0
0
0
0
0
0
0
0
0
0
0
0
0
0
0
0
0
0
0
0
0
0
0
0
0
0
0
0
0
0
0
0
0
0
0
0
0
0
0
0
0
0
0
0
0
0
0
0
0
0
0
0
0
0
0
0
0
0
0
0
0
0
0
0
0
0
0
0
0
0
0
0
0
0
0
0
0
0
0
0
0
0
0
0
0
0
0
0
0
0
0
0
0
0
0
0
0
0
0
0
0
0
0
0
0
0
0
0
0
0
0
0
0
0
0
0
0
0
0
0
0
0
0
0
0
0
0
0
0
0
0
0
0
0
0
0
0
0
0
0
0
0
0
0
0
0
0
0
0
0
0
0
0
0
0
0
0
0
0
0
0
0
0
0
0
0
0
0
0
0
0
0
0
0
0
0
0
0
0
0
0
0
0
0
0
0
0
0
0
0
0
0
0
0
0
0
0
0
0
0
0
0
0
0
0
0
0
0
0
0
0
0
0
0
0
0
0
0
0
0
0
0
0
0
0
0
0
0
0
0
0
0
0
0
0
0
0
0
0
0
0
0
0
0
0
0
0
0
0
0
0
0
0
0
0
0
0
0
0
0
0
0
0
0
0
0
0
0
0
0
0
0
0
0
0
0
0
0
0
0
0
0
0
0
0
0
0
0
0
0
0
0
0
0
0
0
0
0
0
0
0
0
0
0
0
0
0
0
0
0
0
0
0
0
0
0
0
0
0
0
0
0
0
0
0
0
0
0
0
0
0
0
0
0
0
0
0
0
0
0
0
0
0
0
0
0
0
0
0
0
0
0
0
0
0
0
0
0
0
0
0
0
0
0
0
0
0
0
0
0
0
0
0
0
0
0
0
0
0
0
0
0
0
0
0
0
0
0
0
0
0
0
0
0
0
0
0
0
0
0
0
0
0
0
0
0
0
0
0
0
0
0
0
0
0
0
0
0
0
0
0
0
0
0
0
0
0
0
0
0
0
0
0
0
0
0
0
0
0
0
0
0
0
0
0
0
0
0
0
0
0
0
0
0
0
0
0
0
0
0
0
0
0
0
0
0
0
0
0
0
0
0
0
0
0
0
0
0
0
0
0
0
0
0
0
0
0
0
0
0
0
0
0
0
0
0
0
0
0
0
0
0
0
0
0
0
0
0
0
0
0
0
0
0
0
0
0
0
0
0
0
0
0
0
0
0
0
0
0
0
0
0
0
0
0
0
0
0
0
0
0
0
0
0
0
0
0
0
0
0
0
0
0
0
0
0
0
0
0
0
0
0
0
0
0
0
0
0
0
0
0
0
0
0
0
0
0
0
0
0
0
0
0
0
0
0
0
0
0
0
0
0
0
0
0
0
0
0
0
0
0
0
0
0
0
0
0
0
0
0
0
0
0
0
0
0
0
0
0
0
0
0
0
0
0
0
0
0
0
0
0
0
0
0
0
0
0
0
0
0
0
0
0
0
0
0
0
0
0
0
0
0
0
0
0
0
0
0
0
0
0
0
0
0
0
0
0
0
0
0
0
0
0
0
0
0
0
0
0
0
0
0
0
0
0
0
0
0
0
0
0
0
0
0
0
0
0
0
0
0
0
0
0
0
0
0
0
0
0
0
0
0
0
0
0
0
0
0
0
0
0
0
0
0
0
0
0
0
0
0
0
0
0
0
0
0
0
0
0
0
0
0
0
0
0
0
0
0
0
0
0
0
0
0
0
0
0
0
0
0
0
0
0
0
0
0
0
0
0
0
0
0
0
0
0
0
0
0
0
0
0
0
0
0
0
0
0
0
0
0
0
0
0
0
0
0
0
0
0
0
0
0
0
0
0
0
0
0
0
0
0
0
0
0
0
0
0
0
0
0
0
0
0
0
0
0
0
0
0
0
0
0
0
0
0
0
0
0
0
0
0
0
0
0
0
0
0
0
0
0
0
0
0
0
0
0
0
0
0
0
0
0
0
0
0
0
0
0
0
0
0
0
0
0
0
0
0
0
0
0
0
0
0
0
0
0
0
0
0
0
0
0
0
0
0
0
0
0
0
0
0
0
0
0
0
0
0
0
0
0
0
0
0
0
0
0
0
0
0
0
0
0
0
0
0
0
0
0
0
0
0
0
0
0
0
0
0
0
0
0
0
0
0
0
0
0
0
0
0
0
0
0
0
0
0
0
0
0
0
0
0
0
0
0
0
0
0
0
0
0
0
0
0
0
0
0
0
0
0
0
0
0
0
0
0
0
0
0
0
0
0
0
0
0
0
0
0
0
0
0
0
0
0
0
0
0
0
0
0
0
0
0
0
0
0
0
0
0
0
0
0
0
0
0
0
0
0
0
0
0
0
0
0
0
0
0
0
0
0
0
0
0
0
0
0
0
0
0
0
0
0
0
0
0
0
0
0
0
0
0
0
0
0
0
0
0
0
0
0
0
0
0
0
0
0
0
0
0
0
0
0
0
0
0
0
0
0
0
0
0
0
0
0
0
0
0
0
0
0
0
0
0
0
0
0
0
0
0
0
0
0
0
0
0
0
0
0
0
0
0
0
0
0
0
0
0
0
0
0
0
0
0
0
0
0
0
0
0
0
0
0
0
0
0
0
0
0
0
0
0
0
0
0
0
0
0
0
0
0
0
0
0
0
0
0
0
0
0
0
0
0
0
0
0
0
0
0
0
0
0
0
0
0
0
0
0
0
0
0
0
0
0
0
0
0
0
0
0
0
0
0
0
0
0
0
0
0
0
0
0
0
0
0
0
0
0
0
0
0
0
0
0
0
0
0
0
0
0
0
0
0
0
0
0
0
0
0
0
0
0
0
0
0
0
0
0
0
0
0
0
0
0
0
0
0
0
0
0
0
0
0
0
0
0
0
0
0
0
0
0
0
0
0
0
0
0
0
0
0
0
0
0
0
0
0
0
0
0
0
0
0
0
0
0
0
0
0
0
0
0
0
0
0
0
0
0
0
0
0
0
0
0
0
0
0
0
0
0
0
0
0
0
0
0
0
0
0
0
0
0
0
0
0
0
0
0
0
0
0
0
0
0
0
0
0
0
0
0
0
0
0
0
0
0
0
0
0
0
0
0
0
0
0
0
0
0
0
0
0
0
0
0
0
0
0
0
0
0
0
0
0
0
0
0
0
0
0
0
0
0
0
0
0
0
0
0
0
0
0
0
0
0
0
0
0
0
0
0
0
0
0
0
0
0
0
0
0
0
0
0
0
0
0
0
0
0
0
0
0
0
0
0
0
0
0
0
0
0
0
0
0
0
0
0
0
0
0
0
0
0
0
0
0
0
0
0
0
0
0
0
0
0
0
0
0
0
0
0
0
0
0
0
0
0
0
0
0
0
0
0
0
0
0
0
0
0
0
0
0
0
0
0
0
0
0
0
0
0
0
0
0
0
0
0
0
0
0
0
0
0
0
0
0
0
0
0
0
0
0
0
0
0
0
0
0
0
0
0
0
0
0
0
0
0
0
0
0
0
0
0
0
0
0
0
0
0
0
0
0
0
0
0
0
0
0
0
0
0
0
0
0
0
0
0
0
0
0
0
0
0
0
0
0
0
0
0
0
0
0
0
0
0
0
0
0
0
0
0
0
0
0
0
0
0
0
0
0
0
0
0
0
0
0
0
0
0
0
0
0
0
0
0
0
0
0
0
0
0
0
0
0
0
0
0
0
0
0
0
0
0
0
0
0
0
0
0
0
0
0
0
0
0
0
0
0
0
0
0
0
0
0
0
0
0
0
0
0
0
0
0
0
0
0
0
0
0
0
0
0
0
0
0
0
0
0
0
0
0
0
0
0
0
0
0
0
0
0
0
0
0
0
0
0
0
0
0
0
0
0
0
0
0
0
0
0
0
0
0
0
0
0
0
0
0
0
0
0
0
0
0
0
0
0
0
0
0
0
0
0
0
0
0
0
0
0
0
0
0
0
0
0
0
0
0
0
0
0
0
0
0
0
0
0
0
0
0
0
0
0
0
0
0
0
0
0
0
0
0
0
0
0
0
0
0
0
0
0
0
0
0
0
0
0
0
0
0
0
0
0
0
0
0
0
0
0
0
0
0
0
0
0
0
0
0
0
0
0
0
0
0
0
0
0
0
0
0
0
0
0
0
0
0
0
0
0
0
0
0
0
0
0
0
0
0
0
0
0
0
0
0
0
0
0
0
0
0
0
0
0
0
0
0
0
0
0
0
0
0
0
0
0
0
0
0
0
0
0
0
0
0
0
0
0
0
0
0
0
0
0
0
0
0
0
0
0
0
0
0
0
0
0
0
0
0
0
0
0
0
0
0
0
0
0
0
0
0
0
0
0
0
0
0
0
0
0
0
0
0
0
0
0
0
0
0
0
0
0
0
0
0
0
0
0
0
0
0
0
0
0
0
0
0
0
0
0
0
0
0
0
0
0
0
0
0
0
0
0
0
0
0
0
0
0
0
0
0
0
0
0
0
0
0
0
0
0
0
0
0
0
0
0
0
0
0
0
0
0
0
0
0
0
0
0
0
0
0
0
0
0
0
0
0
0
0
0
0
0
0
0
0
0
0
0
0
0
0
0
0
0
0
0
0
0
0
0
0
0
0
0
0
0
0
0
0
0
0
0
0
0
0
0
0
0
0
0
0
0
0
0
0
0
0
0
0
0
0
0
0
0
0
0
0
0
0
0
0
0
0
0
0
0
0
0
0
0
0
0
0
0
0
0
0
0
0
0
0
0
0
0
0
0
0
0
0
0
0
0
0
0
0
0
0
0
0
0
0
0
0
0
0
0
0
0
0
0
0
0
0
0
0
0
0
0
0
0
0
0
0
0
0
0
0
0
0
0
0
0
0
0
0
0
0
0
0
0
0
0
0
0
0
0
0
0
0
0
0
0
0
0
0
0
0
0
0
0
0
0
0
0
0
0
0
0
0
0
0
0
0
0
0
0
0
0
0
0
0
0
0
0
0
0
0
0
0
0
0
0
0
0
0
0
0
0
0
0
0
0
0
0
0
0
0
0
0
0
0
0
0
0
0
0
0
0
0
0
0
0
0
0
0
0
0
0
0
0
0
0
0
0
0
0
0
0
0
0
0
0
0
0
0
0
0
0
0
0
0
0
0
0
0
0
0
0
0
0
0
0
0
0
0
0
0
0
0
0
0
0
0
0
0
0
0
0
0
0
0
0
0
0
0
0
0
0
0
0
0
0
0
0
0
0
0
0
0
0
0
0
0
0
0
0
0
0
0
0
0
0
0
0
0
0
0
0
0
0
0
0
0
0
0
0
0
0
0
0
0
0
0
0
0
0
0
0
0
0
0
0
0
0
0
0
0
0
0
0
0
0
0
0
0
0
0
0
0
0
0
0
0
0
0
0
0
0
0
0
0
0
0
0
0
0
0
0
0
0
0
0
0
0
0
0
0
0
0
0
0
0
0
0
0
0
0
0
0
0
0
0
0
0
0
0
0
0
0
0
0
0
0
0
0
0
0
0
0
0
0
0
0
0
0
0
0
0
0
0
0
0
0
0
0
0
0
0
0
0
0
0
0
0
0
0
0
0
0
0
0
0
0
0
0
0
0
0
0
0
0
0
0
0
0
0
0
0
0
0
0
0
0
0
0
0
0
0
0
0
0
0
0
0
0
0
0
0
0
0
0
0
0
0
0
0
0
0
0
0
0
0
0
0
0
0
0
0
0
0
0
0
0
0
0
0
0
0
0
0
0
0
0
0
0
0
0
0
0
0
0
0
0
0
0
0
0
0
0
0
0
0
0
0
0
0
0
0
0
0
0
0
0
0
0
0
0
0
0
0
0
0
0
0
0
0
0
0
0
0
0
0
0
0
0
0
0
0
0
0
0
0
0
0
0
0
0
0
0
0
0
0
0
0
0
0
0
0
0
0
0
0
0
0
0
0
0
0
0
0
0
0
0
0
0
0
0
0
0
0
0
0
0
0
0
0
0
0
0
0
0
0
0
0
0
0
0
0
0
0
0
0
0
0
0
0
0
0
0
0
0
0
0
0
0
0
0
0
0
0
0
0
0
0
0
0
0
0
0
0
0
0
0
0
0
0
0
0
0
0
0
0
0
0
0
0
0
0
0
0
0
0
0
0
0
0
0
0
0
0
0
0
0
0
0
0
0
0
0
0
0
0
0
0
0
0
0
0
0
0
0
0
0
0
0
0
0
0
0
0
0
0
0
0
0
0
0
0
0
0
0
0
0
0
0
0
0
0
0
0
0
0
0
0
0
0
0
0
0
0
0
0
0
0
0
0
0
0
0
0
0
0
0
0
0
0
0
0
0
0
0
0
0
0
0
0
0
0
0
0
0
0
0
0
0
0
0
0
0
0
0
0
0
0
0
0
0
0
0
0
0
0
0
0
0
0
0
0
0
0
0
0
0
0
0
0
0
0
0
0
0
0
0
0
0
0
0
0
0
0
0
0
0
0
0
0
0
0
0
0
0
0
0
0
0
0
0
0
0
0
0
0
0
0
0
0
0
0
0
0
0
0
0
0
0
0
0
0
0
0
0
0
0
0
0
0
0
0
0
0
0
0
0
0
0
0
0
0
0
0
0
0
0
0
0
0
0
0
0
0
0
0
0
0
0
0
0
0
0
0
0
0
0
0
0
0
0
0
0
0
0
0
0
0
0
0
0
0
0
0
0
0
0
0
0
0
0
0
0
0
0
0
0
0
0
0
0
0
0
0
0
0
0
0
0
0
0
0
0
0
0
0
0
0
0
0
0
0
0
0
0
0
0
0
0
0
0
0
0
0
0
0
0
0
0
0
0
0
0
0
0
0
0
0
0
0
0
0
0
0
0
0
0
0
0
0
0
0
0
0
0
0
0
0
0
0
0
0
0
0
0
0
0
0
0
0
0
0
0
0
0
0
0
0
0
0
0
0
0
0
0
0
0
0
0
0
0
0
0
0
0
0
0
0
0
0
0
0
0
0
0
0
0
0
0
0
0
0
0
0
0
0
0
0
0
0
0
0
0
0
0
0
0
0
0
0
0
0
0
0
0
0
0
0
0
0
0
0
0
0
0
0
0
0
0
0
0
0
0
0
0
0
0
0
0
0
0
0
0
0
0
0
0
0
0
0
0
0
0
0
0
0
0
0
0
0
0
0
0
0
0
0
0
0
0
0
0
0
0
0
0
0
0
0
0
0
0
0
0
0
0
0
0
0
0
0
0
0
0
0
0
0
0
0
0
0
0
0
0
0
0
0
0
0
0
0
0
0
0
0
0
0
0
0
0
0
0
0
0
0
0
0
0
0
0
0
0
0
0
0
0
0
0
0
0
0
0
0
0
0
0
0
0
0
0
0
0
0
0
0
0
0
0
0
0
0
0
0
0
0
0
0
0
0
0
0
0
0
0
0
0
0
0
0
0
0
0
0
0
0
0
0
0
0
0
0
0
0
0
0
0
0
0
0
0
0
0
0
0
0
0
0
0
0
0
0
0
0
0
0
0
0
0
0
0
0
0
0
0
0
0
0
0
0
0
0
0
0
0
0
0
0
0
0
0
0
0
0
0
0
0
0
0
0
0
0
0
0
0
0
0
0
0
0
0
0
0
0
0
0
0
0
0
0
0
0
0
0
0
0
0
0
0
0
0
0
0
0
0
0
0
0
0
0
0
0
0
0
0
0
0
0
0
0
0
0
0
0
0
0
0
0
0
0
0
0
0
0
0
0
0
0
0
0
0
0
0
0
0
0
0
0
0
0
0
0
0
0
0
0
0
0
0
0
0
0
0
0
0
0
0
0
0
0
0
0
0
0
0
0
0
0
0
0
0
0
0
0
0
0
0
0
0
0
0
0
0
0
0
0
0
0
0
0
0
0
0
0
0
0
0
0
0
0
0
0
0
0
0
0
0
0
0
0
0
0
0
0
0
0
0
0
0
0
0
0
0
0
0
0
0
0
0
0
0
0
0
0
0
0
0
0
0
0
0
0
0
0
0
0
0
0
0
0
0
0
0
0
0
0
0
0
0
0
0
0
0
0
0
0
0
0
0
0
0
0
0
0
0
0
0
0
0
0
0
0
0
0
0
0
0
0
0
0
0
0
0
0
0
0
0
0
0
0
0
0
0
0
0
0
0
0
0
0
0
0
0
0
0
0
0
0
0
0
0
0
0
0
0
0
0
0
0
0
0
0
0
0
0
0
0
0
0
0
0
0
0
0
0
0
0
0
0
0
0
0
0
0
0
0
0
0
0
0
0
0
0
0
0
0
0
0
0
0
0
0
0
0
0
0
0
0
0
0
0
0
0
0
0
0
0
0
0
0
0
0
0
0
0
0
0
0
0
0
0
0
0
0
0
0
0
0
0
0
0
0
0
0
0
0
0
0
0
0
0
0
0
0
0
0
0
0
0
0
0
0
0
0
0
0
0
0
0
0
0
0
0
0
0
0
0
0
0
0
0
0
0
0
0
0
0
0
0
0
0
0
0
0
0
0
0
0
0
0
0
0
0
0
0
0
0
0
0
0
0
0
0
0
0
0
0
0
0
0
0
0
0
0
0
0
0
0
0
0
0
0
0
0
0
0
0
0
0
0
0
0
0
0
0
0
0
0
0
0
0
0
0
0
0
0
0
0
0
0
0
0
0
0
0
0
0
0
0
0
0
0
0
0
0
0
0
0
0
0
0
0
0
0
0
0
0
0
0
0
0
0
0
0
0
0
0
0
0
0
0
0
0
0
0
0
0
0
0
0
0
0
0
0
0
0
0
0
0
0
0
0
0
0
0
0
0
0
0
0
0
0
0
0
0
0
0
0
0
0
0
0
0
0
0
0
0
0
0
0
0
0
0
0
0
0
0
0
0
0
0
0
0
0
0
0
0
0
0
0
0
0
0
0
0
0
0
0
0
0
0
0
0
0
0
0
0
0
0
0
0
0
0
0
0
0
0
0
0
0
0
0
0
0
0
0
0
0
0
0
0
0
0
0
0
0
0
0
0
0
0
0
0
0
0
0
0
0
0
0
0
0
0
0
0
0
0
0
0
0
0
0
0
0
0
0
0
0
0
0
0
0
0
0
0
0
0
0
0
0
0
0
0
0
0
0
0
0
0
0
0
0
0
0
0
0
0
0
0
0
0
0
0
0
0
0
0
0
0
0
0
0
0
0
0
0
0
0
0
0
0
0
0
0
0
0
0
0
0
0
0
0
0
0
0
0
0
0
0
0
0
0
0
0
0
0
0
0
0
0
0
0
0
0
0
0
0
0
0
0
0
0
0
0
0
0
0
0
0
0
0
0
0
0
0
0
0
0
0
0
0
0
0
0
0
0
0
0
0
0
0
0
0
0
0
0
0
0
0
0
0
0
0
0
0
0
0
0
0
0
0
0
0
0
0
0
0
0
0
0
0
0
0
0
0
0
0
0
0
0
0
0
0
0
0
0
0
0
0
0
0
0
0
0
0
0
0
0
0
0
0
0
0
0
0
0
0
0
0
0
0
0
0
0
0
0
0
0
0
0
0
0
0
0
0
0
0
0
0
0
0
0
0
0
0
0
0
0
0
0
0
0
0
0
0
0
0
0
0
0
0
0
0
0
0
0
0
0
0
0
0
0
0
0
0
0
0
0
0
0
0
0
0
0
0
0
0
0
0
0
0
0
0
0
0
0
0
0
0
0
0
0
0
0
0
0
0
0
0
0
0
0
0
0
0
0
0
0
0
0
0
0
0
0
0
0
0
0
0
0
0
0
0
0
0
0
0
0
0
0
0
0
0
0
0
0
0
0
0
0
0
0
0
0
0
0
0
0
0
0
0
0
0
0
0
0
0
0
0
0
0
0
0
0
0
0
0
0
0
0
0
0
0
0
0
0
0
0
0
0
0
0
0
0
0
0
0
0
0
0
0
0
0
0
0
0
0
0
0
0
0
0
0
0
0
0
0
0
0
0
0
0
0
0
0
0
0
0
0
0
0
0
0
0
0
0
0
0
0
0
0
0
0
0
0
0
0
0
0
0
0
0
0
0
0
0
0
0
0
0
0
0
0
0
0
0
0
0
0
0
0
0
0
0
0
0
0
0
0
0
0
0
0
0
0
0
0
0
0
0
0
0
0
0
0
0
0
0
0
0
0
0
0
0
0
0
0
0
0
0
0
0
0
0
0
0
0
0
0
0
0
0
0
0
0
0
0
0
0
0
0
0
0
0
0
0
0
0
0
0
0
0
0
0
0
0
0
0
0
0
0
0
0
0
0
0
0
0
0
0
0
0
0
0
0
0
0
0
0
0
0
0
0
0
0
0
0
0
0
0
0
0
0
0
0
0
0
0
0
0
0
0
0
0
0
0
0
0
0
0
0
0
0
0
0
0
0
0
0
0
0
0
0
0
0
0
0
0
0
0
0
0
0
0
0
0
0
0
0
0
0
0
0
0
0
0
0
0
0
0
0
0
0
0
0
0
0
0
0
0
0
0
0
0
0
0
0
0
0
0
0
0
0
0
0
0
0
0
0
0
0
0
0
0
0
0
0
0
0
0
0
0
0
0
0
0
0
0
0
0
0
0
0
0
0
0
0
0
0
0
0
0
0
0
0
0
0
0
0
0
0
0
0
0
0
0
0
0
0
0
0
0
0
0
0
0
0
0
0
0
0
0
0
0
0
0
0
0
0
0
0
0
0
0
0
0
0
0
0
0
0
0
0
0
0
0
0
0
0
0
0
0
0
0
0
0
0
0
0
0
0
0
0
0
0
0
0
0
0
0
0
0
0
0
0
0
0
0
0
0
0
0
0
0
0
0
0
0
0
0
0
0
0
0
0
0
0
0
0
0
0
0
0
0
0
0
0
0
0
0
0
0
0
0
0
0
0
0
0
0
0
0
0
0
0
0
0
0
0
0
0
0
0
0
0
0
0
0
0
0
0
0
0
0
0
0
0
0
0
0
0
0
0
0
0
0
0
0
0
0
0
0
0
0
0
0
0
0
0
0
0
0
0
0
0
0
0
0
0
0
0
0
0
0
0
0
0
0
0
0
0
0
0
0
0
0
0
0
0
0
0
0
0
0
0
0
0
0
0
0
0
0
0
0
0
0
0
0
0
0
0
0
0
0
0
0
0
0
0
0
0
0
0
0
0
0
0
0
0
0
0
0
0
0
0
0
0
0
0
0
0
0
0
0
0
0
0
0
0
0
0
0
0
0
0
0
0
0
0
0
0
0
0
0
0
0
0
0
0
0
0
0
0
0
0
0
0
0
0
0
0
0
0
0
0
0
0
0
0
0
0
0
0
0
0
0
0
0
0
0
0
0
0
0
0
0
0
0
0
0
0
0
0
0
0
0
0
0
0
0
0
0
0
0
0
0
0
0
0
0
0
0
0
0
0
0
0
0
0
0
0
0
0
0
0
0
0
0
0
0
0
0
0
0
0
0
0
0
0
0
0
0
0
0
0
0
0
0
0
0
0
0
0
0
0
0
0
0
0
0
0
0
0
0
0
0
0
0
0
0
0
0
0
0
0
0
0
0
0
0
0
0
0
0
0
0
0
0
0
0
0
0
0
0
0
0
0
0
0
0
0
0
0
0
0
0
0
0
0
0
0
0
0
0
0
0
0
0
0
0
0
0
0
0
0
0
0
0
0
0
0
0
0
0
0
0
0
0
0
0
0
0
0
0
0
0
0
0
0
0
0
0
0
0
0
0
0
0
0
0
0
0
0
0
0
0
0
0
0
0
0
0
0
0
0
0
0
0
0
0
0
0
0
0
0
0
0
0
0
0
0
0
0
0
0
0
0
0
0
0
0
0
0
0
0
0
0
0
0
0
0
0
0
0
0
0
0
0
0
0
0
0
0
0
0
0
0
0
0
0
0
0
0
0
0
0
0
0
0
0
0
0
0
0
0
0
0
0
0
0
0
0
0
0
0
0
0
0
0
0
0
0
0
0
0
0
0
0
0
0
0
0
0
0
0
0
0
0
0
0
0
0
0
0
0
0
0
0
0
0
0
0
0
0
0
0
0
0
0
0
0
0
0
0
0
0
0
0
0
0
0
0
0
0
0
0
0
0
0
0
0
0
0
0
0
0
0
0
0
0
0
0
0
0
0
0
0
0
0
0
0
0
0
0
0
0
0
0
0
0
0
0
0
0
0
0
0
0
0
0
0
0
0
0
0
0
0
0
0
0
0
0
0
0
0
0
0
0
0
0
0
0
0
0
0
0
0
0
0
0
0
0
0
0
0
0
0
0
0
0
0
0
0
0
0
0
0
0
0
0
0
0
0
0
0
0
0
0
0
0
0
0
0
0
0
0
0
0
0
0
0
0
0
0
0
0
0
0
0
0
0
0
0
0
0
0
0
0
0
0
0
0
0
0
0
0
0
0
0
0
0
0
0
0
0
0
0
0
0
0
0
0
0
0
0
0
0
0
0
0
0
0
0
0
0
0
0
0
0
0
0
0
0
0
0
0
0
0
0
0
0
0
0
0
0
0
0
0
0
0
0
0
0
0
0
0
0
0
0
0
0
0
0
0
0
0
0
0
0
0
0
0
0
0
0
0
0
0
0
0
0
0
0
0
0
0
0
0
0
0
0
0
0
0
0
0
0
0
0
0
0
0
0
0
0
0
0
0
0
0
0
0
0
0
0
0
0
0
0
0
0
0
0
0
0
0
0
0
0
0
0
0
0
0
0
0
0
0
0
0
0
0
0
0
0
0
0
0
0
0
0
0
0
0
0
0
0
0
0
0
0
0
0
0
0
0
0
0
0
0
0
0
0
0
0
0
0
0
0
0
0
0
0
0
0
0
0
0
0
0
0
0
0
0
0
0
0
0
0
0
0
0
0
0
0
0
0
0
0
0
0
0
0
0
0
0
0
0
0
0
0
0
0
0
0
0
0
0
0
0
0
0
0
0
0
0
0
0
0
0
0
0
0
0
0
0
0
0
0
0
0
0
0
0
0
0
0
0
0
0
0
0
0
0
0
0
0
0
0
0
0
0
0
0
0
0
0
0
0
0
0
0
0
0
0
0
0
0
0
0
0
0
0
0
0
0
0
0
0
0
0
0
0
0
0
0
0
0
0
0
0
0
0
0
0
0
0
0
0
0
0
0
0
0
0
0
0
0
0
0
0
0
0
0
0
0
0
0
0
0
0
0
0
0
0
0
0
0
0
0
0
0
0
0
0
0
0
0
0
0
0
0
0
0
0
0
0
0
0
0
0
0
0
0
0
0
0
0
0
0
0
0
0
0
0
0
0
0
0
0
0
0
0
0
0
0
0
0
0
0
0
0
0
0
0
0
0
0
0
0
0
0
0
0
0
0
0
0
0
0
0
0
0
0
0
0
0
0
0
0
0
0
0
0
0
0
0
0
0
0
0
0
0
0
0
0
0
0
0
0
0
0
0
0
0
0
0
0
0
0
0
0
0
0
0
0
0
0
0
0
0
0
0
0
0
0
0
0
0
0
0
0
0
0
0
0
0
0
0
0
0
0
0
0
0
0
0
0
0
0
0
0
0
0
0
0
0
0
0
0
0
0
0
0
0
0
0
0
0
0
0
0
0
0
0
0
0
0
0
0
0
0
0
0
0
0
0
0
0
0
0
0
0
0
0
0
0
0
0
0
0
0
0
0
0
0
0
0
0
0
0
0
0
0
0
0
0
0
0
0
0
0
0
0
0
0
0
0
0
0
0
0
0
0
0
0
0
0
0
0
0
0
0
0
0
0
0
0
0
0
0
0
0
0
0
0
0
0
0
0
0
0
0
0
0
0
0
0
0
0
0
0
0
0
0
0
0
0
0
0
0
0
0
0
0
0
0
0
0
0
0
0
0
0
0
0
0
0
0
0
0
0
0
0
0
0
0
0
0
0
0
0
0
0
0
0
0
0
0
0
0
0
0
0
0
0
0
0
0
0
0
0
0
0
0
0
0
0
0
0
0
0
0
0
0
0
0
0
0
0
0
0
0
0
0
0
0
0
0
0
0
0
0
0
0
0
0
0
0
0
0
0
0
0
0
0
0
0
0
0
0
0
0
0
0
0
0
0
0
0
0
0
0
0
0
0
0
0
0
0
0
0
0
0
0
0
0
0
0
0
0
0
0
0
0
0
0
0
0
0
0
0
0
0
0
0
0
0
0
0
0
0
0
0
0
0
0
0
0
0
0
0
0
0
0
0
0
0
0
0
0
0
0
0
0
0
0
0
0
0
0
0
0
0
0
0
0
0
0
0
0
0
0
0
0
0
0
0
0
0
0
0
0
0
0
0
0
0
0
0
0
0
0
0
0
0
0
0
0
0
0
0
0
0
0
0
0
0
0
0
0
0
0
0
0
0
0
0
0
0
0
0
0
0
0
0
0
0
0
0
0
0
0
0
0
0
0
0
0
0
0
0
0
0
0
0
0
0
0
0
0
0
0
0
0
0
0
0
0
0
0
0
0
0
0
0
0
0
0
0
0
0
0
0
0
0
0
0
0
0
0
0
0
0
0
0
0
0
0
0
0
0
0
0
0
0
0
0
0
0
0
0
0
0
0
0
0
0
0
0
0
0
0
0
0
0
0
0
0
0
0
0
0
0
0
0
0
0
0
0
0
0
0
0
0
0
0
0
0
0
0
0
0
0
0
0
0
0
0
0
0
0
0
0
0
0
0
0
0
0
0
0
0
0
0
0
0
0
0
0
0
0
0
0
0
0
0
0
0
0
0
0
0
0
0
0
0
0
0
0
0
0
0
0
0
0
0
0
0
0
0
0
0
0
0
0
0
0
0
0
0
0
0
0
0
0
0
0
0
0
0
0
0
0
0
0
0
0
0
0
0
0
0
0
0
0
0
0
0
0
0
0
0
0
0
0
0
0
0
0
0
0
0
0
0
0
0
0
0
0
0
0
0
0
0
0
0
0
0
0
0
0
0
0
0
0
0
0
0
0
0
0
0
0
0
0
0
0
0
0
0
0
0
0
0
0
0
0
0
0
0
0
0
0
0
0
0
0
0
0
0
0
0
0
0
0
0
0
0
0
0
0
0
0
0
0
0
0
0
0
0
0
0
0
0
0
0
0
0
0
0
0
0
0
0
0
0
0
0
0
0
0
0
0
0
0
0
0
0
0
0
0
0
0
0
0
0
0
0
0
0
0
0
0
0
0
0
0
0
0
0
0
0
0
0
0
0
0
0
0
0
0
0
0
0
0
0
0
0
0
0
0
0
0
0
0
0
0
0
0
0
0
0
0
0
0
0
0
0
0
0
0
0
0
0
0
0
0
0
0
0
0
0
0
0
0
0
0
0
0
0
0
0
0
0
0
0
0
0
0
0
0
0
0
0
0
0
0
0
0
0
0
0
0
0
0
0
0
0
0
0
0
0
0
0
0
0
0
0
0
0
0
0
0
0
0
0
0
0
0
0
0
0
0
0
0
0
0
0
0
0
0
0
0
0
0
0
0
0
0
0
0
0
0
0
0
0
0
0
0
0
0
0
0
0
0
0
0
0
0
0
0
0
0
0
0
0
0
0
0
0
0
0
0
0
0
0
0
0
0
0
0
0
0
0
0
0
0
0
0
0
0
0
0
0
0
0
0
0
0
0
0
0
0
0
0
0
0
0
0
0
0
0
0
0
0
0
0
0
0
0
0
0
0
0
0
0
0
0
0
0
0
0
0
0
0
0
0
0
0
0
0
0
0
0
0
0
0
0
0
0
0
0
0
0
0
0
0
0
0
0
0
0
0
0
0
0
0
0
0
0
0
0
0
0
0
0
0
0
0
0
0
0
0
0
0
0
0
0
0
0
0
0
0
0
0
0
0
0
0
0
0
0
0
0
0
0
0
0
0
0
0
0
0
0
0
0
0
0
0
0
0
0
0
0
0
0
0
0
0
0
0
0
0
0
0
0
0
0
0
0
0
0
0
0
0
0
0
0
0
0
0
0
0
0
0
0
0
0
0
0
0
0
0
0
0
0
0
0
0
0
0
0
0
0
0
0
0
0
0
0
0
0
0
0
0
0
0
0
0
0
0
0
0
0
0
0
0
0
0
0
0
0
0
0
0
0
0
0
0
0
0
0
0
0
0
0
0
0
0
0
0
0
0
0
0
0
0
0
0
0
0
0
0
0
0
0
0
0
0
0
0
0
0
0
0
0
0
0
0
0
0
0
0
0
0
0
0
0
0
0
0
0
0
0
0
0
0
0
0
0
0
0
0
0
0
0
0
0
0
0
0
0
0
0
0
0
0
0
0
0
0
0
0
0
0
0
0
0
0
0
0
0
0
0
0
0
0
0
0
0
0
0
0
0
0
0
0
0
0
0
0
0
0
0
0
0
0
0
0
0
0
0
0
0
0
0
0
0
0
0
0
0
0
0
0
0
0
0
0
0
0
0
0
0
0
0
0
0
0
0
0
