-92
357
-3044
-1187
-477
-2271
-2938
-225
267
-3468
-1350
-830
-2757
-1625
-73
-255
-200
584
-2008
-2989
-2761
-2865
-11375
-212
835
-2715
-2884
-3470
-3158
-13613
106
1211
-167
56
-3005
-1528
-2072
-3175
-3186
-296
267
-4004
-1919
-1630
-3343
-2086
52
249
-147
-313
-3295
-3492
-122
-3009
-13667
-320
-467
-4125
-2826
-1385
-2861
-14258
-48
-56
-358
-726
-2807
-856
-1429
-3155
-3063
-423
-192
-3109
-1030
-882
-2768
-2186
-12
340
0
844
-3095
-2938
-1656
-2883
-15419
-134
-303
-3824
-2560
-2485
-2461
-17942
103
528
-495
-1267
-2641
-569
-906
-2914
-2449
-540
-862
-3886
-1414
-424
-3101
-2275
-73
-219
141
802
-2931
-1563
-1577
-2287
-17531
27
199
-4031
-2153
-2633
-2391
-16070
226
950
-539
-1360
-2359
-1577
-547
-2939
-2725
-603
-1044
-3348
-2584
382
-2949
-2337
-118
-567
245
173
-3348
-1108
-2037
-2546
-17302
98
-439
-4261
-1666
-2863
-2563
-16720
315
184
-600
-994
-1833
-2545
-195
-2624
-2551
-580
-623
-3658
-3515
385
-3494
-2740
-199
28
198
0
-3465
-1235
-987
-2261
-22105
189
41
-4881
-2292
-2218
-2903
-18046
350
731
-615
-514
-3166
-2791
-222
-3752
-3350
-470
-351
-4608
-3626
-1564
-3911
-3226
-188
369
19
-873
-3641
-3177
-118
-2989
-20082
224
-85
-5200
-2528
-165
-3543
-17052
389
235
-496
-368
-1908
-1175
-756
-2884
-2499
-418
-274
-3396
-2154
-1737
-4085
-2928
-230
580
-36
-1075
-2658
-2313
-1124
-2379
-19583
-43
-1515
-4530
-2246
-1743
-3609
-14479
259
-1721
232
430
-2330
-1875
-978
-1049
-2203
187
-290
-3348
-2102
-3608
-2979
1593
84
-214
-378
1068
-984
-3340
-723
-2108
-19567
-400
1006
-3332
-3309
-3154
-3011
-18291
-187
820
105
1452
-2992
-2278
-1854
-2693
-3020
37
439
-4253
-2708
-5355
-4262
445
70
126
-251
508
-840
-4886
-976
-3089
-18027
-486
187
-3954
-4304
-1945
-3574
-16696
-168
-164
-113
1093
-3623
-169
-2443
-2738
-2822
43
250
-4108
518
-3959
-3532
-91
19
96
-76
1187
-1832
-3982
-1110
-2861
-19207
-256
238
-4820
-3855
-1870
-2831
-21425
68
99
-160
608
-3250
464
-1910
-2595
-2254
-44
234
-4789
795
-4173
-4051
-294
-110
-335
-34
495
-2936
-2620
-279
-2177
-19655
-216
-207
-5715
-4320
-2334
-3033
-15777
62
-366
-256
859
-3085
97
-271
-2297
-1942
-79
1056
-4556
-202
-3975
-3887
169
-151
803
-39
325
-2906
-2326
-1184
-1937
-23890
-231
-323
-5344
-3922
-2529
-3148
-18643
93
-869
-341
-60
-2860
-116
241
-1840
-1856
-131
1367
-4679
-186
-3744
-3833
-2033
-221
779
-59
-392
-2886
-2251
-990
-1785
-24962
-206
29
-5159
-3938
-1312
-3032
-17481
146
-3
-348
-1363
-3984
556
57
-2547
-2891
-236
-422
-4978
1035
-2871
-3317
-3205
-137
-1105
-247
-283
-4739
-3832
-921
-2851
-16650
-167
302
-5995
-3948
-171
-2891
-15065
132
27
-309
-1140
-2922
982
99
-2093
-2712
-226
-968
-3508
846
-1354
-3193
-2154
-69
-1788
-369
-218
-4233
-2856
-2018
-2527
-16237
-233
-256
-5306
-3085
-2178
-3027
-16039
6
-658
432
-92
-2938
-2091
-1987
-2400
-3303
281
-42
-3311
-1475
-4568
-3362
125
74
-347
-377
551
-2001
-4385
-473
-3299
-14478
-419
946
-2737
-3725
-3622
-3304
-17464
-275
970
333
-33
-4605
-1468
-4930
-3772
-4386
31
17
-6297
-1771
-7327
-5840
417
63
304
-110
892
-1696
-6106
-149
-4282
-16012
-537
15
-4881
-6370
-4035
-5074
-14517
-200
-445
150
764
-4228
765
-5694
-2706
-3591
58
489
-5024
1421
-4648
-4502
-1402
84
571
147
1215
-2940
-4522
-97
-3570
-13573
-182
520
-5130
-5054
-3199
-3868
-15299
83
382
151
1831
-2845
-589
-4341
-2771
-2941
139
1596
-4653
-114
-4517
-4787
-834
37
1236
137
-88
-3148
-3157
643
-2955
-18765
-141
217
-5954
-5501
-3689
-4343
-14259
185
-249
132
1645
-2850
-1735
-3459
-2869
-2828
246
720
-5447
-2373
-5648
-5220
1887
-183
-177
-83
-24
-2286
-3619
825
-2883
-21903
-249
626
-5631
-6074
-3994
-5037
-15524
15
200
6
1149
-4181
-1936
-4408
-4534
-4225
101
366
-5711
-2285
-6810
-5608
-214
-256
-483
-187
-885
-2126
-4781
-257
-4179
-16497
-205
87
-5072
-6445
-3444
-5344
-14217
31
-207
20
1487
-3953
-1065
-3164
-3446
-3229
132
1047
-4936
-606
-5313
-4502
-1271
-121
-126
-257
-346
-2751
-4081
1424
-3069
-19732
-242
-291
-5034
-5246
-841
-3907
-17156
-44
160
16
1136
-2657
-1281
-1908
-2485
-2207
148
1644
-3595
-1364
-3408
-3854
-1254
53
468
-404
-950
-2543
-2107
1464
-2213
-19705
-391
-429
-3476
-3886
39
-3251
-15896
-211
-379
361
-382
-2506
-2249
-310
-2169
-2348
221
458
-3161
-2119
-3316
-3327
-882
-2
218
-267
-123
-1317
-2897
-289
-2314
-19638
-157
461
-1338
-3172
-2595
-2353
-18610
-167
571
217
-1616
-2960
-1704
-3254
-2082
-2827
-42
4
-4389
-1865
-5203
-4277
-850
-175
1082
-29
378
-2999
-3359
2204
-2625
-21639
-111
-441
-4044
-4629
-2152
-2877
-16929
-99
-528
10
-1234
-3351
743
-4846
-2066
-2773
-117
-1327
-5043
1570
-4711
-4334
-1834
46
-541
200
1528
-3865
-3380
1895
-2670
-22636
-22
673
-5256
-5273
-1917
-3102
-20308
-72
189
45
-775
-2629
-924
-4486
-2105
-2730
90
-828
-3753
-87
-3832
-3835
-1552
214
-744
220
485
-1262
-3157
875
-2495
-19616
-22
690
-2397
-4532
-3285
-2851
-19680
30
274
240
-1295
-1749
-2966
-3433
-1318
-2517
345
-349
-2774
-3059
-2258
-3281
567
44
-612
-18
-364
-1688
-2182
1190
-2321
-17818
-61
1112
-2717
-4078
-3564
-3063
-16978
-8
407
127
-984
-2863
-2779
-4427
-2587
-3088
119
-662
-3495
-2118
-3284
-3248
-104
-96
-530
-33
-236
-2103
-2856
2386
-2916
-14892
32
804
-2996
-4043
-1406
-3139
-16633
49
615
-75
-482
-3399
-1891
-4456
-2843
-3197
-5
-372
-4036
-1415
-3774
-3637
-1041
-109
-123
-35
31
-2832
-3244
2561
-2880
-14077
-37
360
-4354
-4405
51
-3204
-14269
-62
400
61
-1261
-2314
-1968
-3118
-2217
-2664
159
-660
-2215
-983
-2543
-2663
-1091
199
-939
-255
-799
-3584
-2477
2672
-2392
-14707
-456
364
-4373
-3207
668
-2361
-16801
-334
63
19
551
-3729
-4026
1845
-4395
-3628
-133
1498
-3607
-4435
-2352
-4089
-1245
-148
1115
-181
169
-2505
-4016
-1303
-3615
-21346
147
821
-3016
-3748
-1611
-3032
-21565
70
569
-150
2942
-6165
-7095
-4843
-6813
-6017
-305
2990
-5425
-6278
-6529
-5398
-3352
-101
3223
-104
975
-6448
-5580
6646
-5950
-25059
185
-201
-6511
-4916
3668
-4616
-25501
103
337
-130
3790
-4153
-2585
-5543
-4015
-3813
-274
1452
-5869
-2616
-6019
-5544
-2582
172
1260
47
35
-4131
-4838
4768
-3901
-20184
3
-1253
-6919
-6195
1810
-5622
-12609
123
-1227
-157
-3
-2232
-1033
-2053
-2427
-1896
-242
-367
-3689
-2084
-2062
-3623
211
159
-262
428
-577
-483
-1937
29
-1687
-21992
25
77
-2687
-3596
-2277
-2732
-18871
137
-98
-147
258
-1468
-3410
-319
-2342
-2329
-239
1941
-3379
-5032
-2873
-4975
-368
-152
1848
138
712
-2208
-1457
106
-2224
-29727
165
2021
-4134
-5013
-2311
-4659
-20026
50
2136
-386
4037
-5688
-6672
-6365
-6745
-5827
-267
3857
-4209
-5041
-5429
-4463
-2351
-63
3923
23
1594
-5564
-4709
6320
-5888
-21264
302
-78
-5560
-4440
3970
-4642
-29038
402
-44
-587
6055
-4006
-4346
-4045
-3642
-3509
-447
3447
-4921
-3589
-4631
-4853
-3200
-152
3389
226
-1875
-3965
-4192
4627
-3725
-27469
335
-2318
-6294
-5503
2450
-4164
-22077
486
-1519
-214
967
-2306
-2109
-1928
-3174
-3044
-320
-388
-4282
-2820
-3327
-5196
-971
27
-93
41
-2693
-4057
-4057
2037
-3111
-19868
-110
-913
-6659
-5207
-608
-4509
-13653
-8
-738
-180
-480
-5793
-4329
-1024
-7745
-6783
-282
-381
-6005
-5551
-2881
-6835
-2279
-74
-475
-21
2703
-5918
-7833
-1052
-6618
-16592
234
2550
-6554
-5841
-4458
-6035
-19402
150
1290
-42
2934
-9162
-9339
-6363
-9360
-8513
-226
687
-7416
-8442
-6424
-7004
-2395
127
-498
-30
4751
-10526
-9912
9761
-8341
-14047
240
2142
-9843
-5958
4195
-6747
-21165
224
1633
37
4080
-9366
-9231
-7858
-8072
-8387
80
2395
-7863
-8541
-5622
-7297
-2951
263
1177
-49
-1305
-10314
-9155
10330
-8256
-15784
378
-2567
-11531
-6923
4046
-7407
-18463
288
-1951
-136
1583
-4118
-3775
194
-5119
-4483
-202
2164
-4175
-3234
-501
-4392
-2323
150
184
272
-5126
-4579
-3882
-918
-4426
-27678
45
-2191
-6082
-4162
-2484
-3769
-29884
317
-780
-201
950
-5414
-6978
-3029
-8208
-6864
-182
267
-5810
-6704
-2048
-7737
-2559
-22
-202
-75
4155
-8202
-4954
2521
-6772
-17934
211
4136
-9707
-7403
-412
-7245
-17600
172
3742
-579
-1099
-10944
-9766
-11362
-11227
-9797
-352
-1090
-8667
-8272
-5878
-7353
-3772
82
-876
118
4549
-12037
-7978
11964
-9490
-10260
575
2109
-11926
-7440
7795
-7668
-20865
711
1193
-690
-1227
-10759
-9025
-11921
-10169
-9921
-389
-738
-8871
-7697
-5877
-7677
-6013
13
-810
176
-2551
-12077
-9490
11355
-9726
-5874
673
-2227
-11410
-8350
6557
-8008
-13947
963
-2149
-496
-18
-5177
-4240
-2104
-5535
-5356
-448
-516
-5833
-3933
-2717
-5599
-2791
-38
-183
71
-6614
-6036
-5881
2984
-5199
-17456
137
-4303
-6817
-5057
286
-4568
-18249
346
-3186
-99
-1506
-2651
-3888
-1467
-3778
-3775
-254
-2289
-3374
-4056
-2458
-4829
-1505
-151
-992
161
3110
-3725
-4483
1088
-3604
-21927
-63
1321
-4676
-3787
-3718
-3118
-20392
-111
259
167
-2783
-5538
-7669
-4162
-3868
-4914
130
-4034
-5092
-6412
-3379
-5133
235
-158
-1492
-19
5550
-6474
-6271
6161
-4631
-31205
217
3894
-7157
-5451
-1007
-3820
30992
63
1997
88
-4059
-10366
-10380
-8707
-7678
-9209
241
-2934
-8248
-8749
-6832
-7076
-3848
87
-1942
-54
-1049
-10906
-10698
10908
-8889
-14284
448
-443
-10300
-8469
3346
-6635
-19509
359
-401
-70
-1103
-7187
-9319
-6191
-7943
-8829
-19
-75
-4928
-6537
-6342
-5378
-4589
194
679
-202
-6085
-8100
-9883
5968
-8434
-14474
-6
-3336
-8591
-6574
1208
-3973
-25434
184
-1853
-66
-567
-5254
-8121
-5006
-7416
-6489
2
-2169
-5687
-7032
-3706
-7199
-2247
189
-2032
-104
1806
-7826
-5636
5546
-6647
-19036
-98
1172
-8183
-6946
-642
-5566
-18071
-16
1792
-271
-2242
-6694
-8467
-7015
-7827
-6802
-92
-2405
-6664
-8301
-3170
-7173
-1395
63
-1362
0
1326
-8456
-3289
7437
-6884
-21938
158
-663
-9233
-6132
212
-6188
-21645
407
-599
-397
-3369
-5723
-5309
-5645
-4262
-5017
-221
-2877
-5980
-5398
-2398
-4982
-2205
-65
-997
188
-1920
-5617
-3402
5464
-4628
30596
260
-1596
-5501
-4751
-1284
-4355
30897
737
-1074
-376
-1084
-3839
-3173
-2893
-3739
-3846
-248
-1063
-3981
-3294
-3465
-3987
-1194
5
-656
-118
-2328
-1493
-3558
1109
-3520
-22477
33
-1086
-1959
-2725
-1813
-3101
-25570
192
-537
-253
-209
-1525
-3351
-1012
-1702
-1908
-284
-73
-996
-2597
-2944
-2206
-777
-252
-150
-74
140
-1991
-2106
1514
-1626
-17275
-402
-860
-1871
-1714
-1469
-1383
-19169
-97
-584
-185
-2718
-1331
-3299
-1603
-656
-1811
-238
-1082
-2422
-3621
-3093
-3040
-152
-322
-239
-31
1288
-2259
-2500
1408
-1697
-20036
-142
1579
-3738
-4229
-3486
-2963
-13500
-35
1332
-214
-6076
-6047
-6698
-2885
-3416
-5410
-76
-3246
-5955
-6447
-4669
-3630
-402
-147
-2421
-153
-292
-4481
-6277
3233
-5063
-18560
6
1090
-3451
-6253
-3002
-3687
-20842
77
1044
-344
-2329
-5965
-6439
-3945
-4238
-5628
-260
-2149
-4395
-4260
-5429
-2804
-2226
42
-1574
-192
-2028
-5085
-7170
5059
-5173
-14398
-202
-1872
-3428
-3591
-563
-1605
-24534
-31
-2249
-187
-1363
-3703
-5496
-2045
-2836
-4197
-63
-1234
-3023
-3427
-3729
-2797
-2322
-34
-897
-125
-170
-5205
-4587
2641
-4117
-10894
-277
399
-3752
-2964
-1883
-1956
-14808
-5
489
-169
-1444
-2188
-4346
-1506
-2618
-3089
-162
-1212
-2687
-4598
-2992
-4193
-630
-138
-878
-185
114
-4849
-1383
1003
-3040
-22496
-211
-242
-5953
-3444
-3580
-2957
-19524
98
594
-246
-955
-2213
-3060
-3155
-558
-2290
-285
-863
-2683
-3758
-3386
-3150
-2691
-228
-327
-5
-475
-2061
-1918
571
-2128
-20866
37
-744
-2417
-3558
-3009
-2651
-16503
299
-897
-238
-1318
-2961
-1849
-3744
-1253
-2795
-275
-1576
-2075
-1743
-3024
-1933
-1720
-195
-1595
-79
-1127
-177
-2174
-1500
-2611
-14922
-72
-924
-532
-1504
-3138
-2271
-19919
211
-952
0
0
0
0
0
0
0
0
0
0
0
-2254
-1730
-765
-1157
-1940
0
0
0
0
0
0
0
0
0
0
0
-482
-2628
-1657
-1946
-13373
0
0
0
0
0
0
0
0
0
0
0
-2301
-1051
-518
-1323
-1458
0
0
0
0
0
0
0
0
0
0
0
-1104
-2140
454
-1364
-19390
0
0
0
0
0
0
0
0
0
0
0
-2432
-773
-639
-1838
-1616
0
0
0
0
0
0
0
0
0
0
0
-1118
-1138
-568
-1494
-19566
0
0
0
0
0
0
0
0
0
0
0
-3068
-1621
-669
-2772
-2246
0
0
0
0
0
0
0
0
0
0
0
-2196
-355
-998
-2179
-15434
0
0
0
0
0
0
0
0
0
0
0
-3405
-2785
-717
-3201
-2922
0
0
0
0
0
0
0
0
0
0
0
-3031
-80
-1565
-2739
-13445
0
0
0
0
0
0
0
0
0
0
0
-3302
-3565
6
-3331
-3105
0
0
0
0
0
0
0
0
0
0
0
-3542
-256
-1673
-2902
-15319
0
0
0
0
0
0
0
0
0
0
0
-4185
-3642
455
-4823
-3914
0
0
0
0
0
0
0
0
0
0
0
-3750
-2065
-1324
-3788
-12332
0
0
0
0
0
0
0
0
0
0
0
-2839
-2040
84
-3070
-2431
0
0
0
0
0
0
0
0
0
0
0
-1710
-521
-2172
-2297
-15425
0
0
0
0
0
0
0
0
0
0
0
-2309
-2739
-2586
820
-2443
0
0
0
0
0
0
0
0
0
0
0
23
-4034
-1666
-2346
-15635
0
0
0
0
0
0
0
0
0
0
0
-2806
-2576
-2055
147
-2283
0
0
0
0
0
0
0
0
0
0
0
413
-4348
-700
-2094
-19293
0
0
0
0
0
0
0
0
0
0
0
-3211
-1273
-3082
-378
-2527
0
0
0
0
0
0
0
0
0
0
0
-652
-3066
-1107
-2341
-18366
0
0
0
0
0
0
0
0
0
0
0
-2975
-1315
-2712
-1067
-2344
0
0
0
0
0
0
0
0
0
0
0
-2083
-1429
-817
-2283
-15716
0
0
0
0
0
0
0
0
0
0
0
-2455
-1766
-1087
-1635
-2505
0
0
0
0
0
0
0
0
0
0
0
-2457
-1462
-1561
-2422
-17836
0
0
0
0
0
0
0
0
0
0
0
-1492
-1510
309
-1937
-1564
0
0
0
0
0
0
0
0
0
0
0
-1820
-1346
-630
-1592
-22475
0
0
0
0
0
0
0
0
0
0
0
-1523
-348
1246
-2526
-1469
0
0
0
0
0
0
0
0
0
0
0
-2666
-2319
-125
-1532
-19803
0
0
0
0
0
0
0
0
0
0
0
-1198
180
985
-2112
-1331
0
0
0
0
0
0
0
0
0
0
0
-1891
-1707
-1305
-1266
-18257
0
0
0
0
0
0
0
0
0
0
0
-2423
-2247
-2163
432
-2141
0
0
0
0
0
0
0
0
0
0
0
-384
-3418
-1412
-2138
-16295
0
0
0
0
0
0
0
0
0
0
0
-3666
-2118
-3476
877
-2615
0
0
0
0
0
0
0
0
0
0
0
-558
-5196
-835
-2563
-19411
0
0
0
0
0
0
0
0
0
0
0
-4376
-1206
-5550
678
-3399
0
0
0
0
0
0
0
0
0
0
0
-1854
-5200
-180
-3277
-11536
0
0
0
0
0
0
0
0
0
0
0
-3560
-1833
-4503
-148
-2653
0
0
0
0
0
0
0
0
0
0
0
-1976
-3237
1088
-2503
-16929
0
0
0
0
0
0
0
0
0
0
0
-3796
-3255
-3776
-463
-3228
0
0
0
0
0
0
0
0
0
0
0
-1644
-3691
155
-3089
-16533
0
0
0
0
0
0
0
0
0
0
0
-3151
-1945
-2843
-1262
-2529
0
0
0
0
0
0
0
0
0
0
0
-804
-4029
287
-2466
-20511
0
0
0
0
0
0
0
0
0
0
0
-2325
-1651
-2409
-888
-2130
0
0
0
0
0
0
0
0
0
0
0
-1583
-4181
1639
-2017
-20038
0
0
0
0
0
0
0
0
0
0
0
-1583
-1563
-1270
-772
-1732
0
0
0
0
0
0
0
0
0
0
0
-1243
-2191
319
-1560
-17390
0
0
0
0
0
0
0
0
0
0
0
-2477
-2449
-707
-1327
-2385
0
0
0
0
0
0
0
0
0
0
0
-753
-2437
-1707
-2269
-15434
0
0
0
0
0
0
0
0
0
0
0
-2479
-1797
-1587
215
-1834
0
0
0
0
0
0
0
0
0
0
0
-2638
-2602
283
-1926
-20768
0
0
0
0
0
0
0
0
0
0
0
-2964
-494
-3031
1152
-2056
0
0
0
0
0
0
0
0
0
0
0
-3383
-3078
660
-2029
-22273
0
0
0
0
0
0
0
0
0
0
0
-2982
-1481
-3425
825
-2084
0
0
0
0
0
0
0
0
0
0
0
-827
-3787
381
-1930
-19355
0
0
0
0
0
0
0
0
0
0
0
-3694
-3522
-3973
1303
-3097
0
0
0
0
0
0
0
0
0
0
0
-1792
-4667
111
-3037
-11778
0
0
0
0
0
0
0
0
0
0
0
-2781
-2599
-3348
314
-2238
0
0
0
0
0
0
0
0
0
0
0
-2035
-3120
1135
-2246
-15301
0
0
0
0
0
0
0
0
0
0
0
-2444
-1467
-2006
51
-1584
0
0
0
0
0
0
0
0
0
0
0
-1692
-2828
1142
-1494
-17581
0
0
0
0
0
0
0
0
0
0
0
-1931
-1317
-1240
-13
-1545
0
0
0
0
0
0
0
0
0
0
0
-1735
-2085
312
-1388
-16678
0
0
0
0
0
0
0
0
0
0
0
-3108
-3271
1366
-3920
-3107
0
0
0
0
0
0
0
0
0
0
0
-1603
-2513
-2588
-3138
-19645
0
0
0
0
0
0
0
0
0
0
0
-4025
-3951
-1965
-4057
-3345
0
0
0
0
0
0
0
0
0
0
0
-4301
-2054
2494
-3288
32336
0
0
0
0
0
0
0
0
0
0
0
-3490
-2489
-2874
-2356
-2846
0
0
0
0
0
0
0
0
0
0
0
-3497
-3781
3385
-2850
-20314
0
0
0
0
0
0
0
0
0
0
0
-2658
-2043
-1557
-1912
-2475
0
0
0
0
0
0
0
0
0
0
0
-1722
-2123
-373
-2288
-15740
0
0
0
0
0
0
0
0
0
0
0
-2045
-2588
-843
-1138
-1923
0
0
0
0
0
0
0
0
0
0
0
-1614
-937
-983
-1734
-27567
0
0
0
0
0
0
0
0
0
0
0
-4574
-5581
-6242
-6126
-5481
0
0
0
0
0
0
0
0
0
0
0
-6108
-3263
4588
-5247
-19655
0
0
0
0
0
0
0
0
0
0
0
-4125
-5766
-4478
-4683
-5486
0
0
0
0
0
0
0
0
0
0
0
-5961
-4913
3528
-5321
-14116
0
0
0
0
0
0
0
0
0
0
0
-1859
-1215
-627
-1219
-1620
0
0
0
0
0
0
0
0
0
0
0
-1909
-2579
752
-1422
-23648
0
0
0
0
0
0
0
0
0
0
0
-4207
-2289
388
-3930
-3210
0
0
0
0
0
0
0
0
0
0
0
-2084
-4004
-1016
-3273
-30571
0
0
0
0
0
0
0
0
0
0
0
-7953
-6925
-3789
-6092
-6501
0
0
0
0
0
0
0
0
0
0
0
-8277
-6942
5508
-6509
-20493
0
0
0
0
0
0
0
0
0
0
0
-12497
-12648
-9456
-11463
-12723
0
0
0
0
0
0
0
0
0
0
0
-13347
-11993
8934
-12893
11832
0
0
0
0
0
0
0
0
0
0
0
-4480
-4612
-746
-4726
-4331
0
0
0
0
0
0
0
0
0
0
0
-4201
-3813
1236
-4307
-25841
0
0
0
0
0
0
0
0
0
0
0
-4892
-4565
-2816
-5382
-4466
0
0
0
0
0
0
0
0
0
0
0
-5143
-2728
2914
-4152
-28108
0
0
0
0
0
0
0
0
0
0
0
-9372
-9528
-11562
-12636
-10161
0
0
0
0
0
0
0
0
0
0
0
-12773
-6190
10442
-10115
-5930
0
0
0
0
0
0
0
0
0
0
0
-11769
-12465
-12600
-14263
-13133
0
0
0
0
0
0
0
0
0
0
0
-14825
-10611
11578
-13139
14825
0
0
0
0
0
0
0
0
0
0
0
-4500
-4340
-2134
-3906
-4307
0
0
0
0
0
0
0
0
0
0
0
-4826
-4148
2627
-3880
-20403
0
0
0
0
0
0
0
0
0
0
0
-2122
-2501
-1318
-1595
-2119
0
0
0
0
0
0
0
0
0
0
0
-1448
-2605
344
-1924
-28034
0
0
0
0
0
0
0
0
0
0
0
-8251
-9476
-6134
-3240
-8461
0
0
0
0
0
0
0
0
0
0
0
-8907
-8383
3181
-8473
-11749
0
0
0
0
0
0
0
0
0
0
0
-13592
-13716
-10004
-10642
-13455
0
0
0
0
0
0
0
0
0
0
0
-13690
-13571
9241
-13587
12786
0
0
0
0
0
0
0
0
0
0
0
-7394
-7027
-4476
-6592
-6092
0
0
0
0
0
0
0
0
0
0
0
-4557
-7868
7147
-5882
-25590
0
0
0
0
0
0
0
0
0
0
0
-5617
-6648
-5429
-4917
-5479
0
0
0
0
0
0
0
0
0
0
0
-5994
-5266
5346
-5426
-21182
0
0
0
0
0
0
0
0
0
0
0
-6378
-7573
-8119
-7563
-7075
0
0
0
0
0
0
0
0
0
0
0
-8546
-4009
6387
-7057
-18493
0
0
0
0
0
0
0
0
0
0
0
-5761
-7278
-7563
-4168
-6984
0
0
0
0
0
0
0
0
0
0
0
-7776
-5697
4561
-7024
-22289
0
0
0
0
0
0
0
0
0
0
0
-3967
-3765
-3857
-2152
-3647
0
0
0
0
0
0
0
0
0
0
0
-1500
-3413
888
-3400
-20579
0
0
0
0
0
0
0
0
0
0
0
-1314
-2205
-1211
-1372
-1512
0
0
0
0
0
0
0
0
0
0
0
-1096
-664
319
-1362
-17443
0
0
0
0
0
0
0
0
0
0
0
-1997
-2823
-1146
-1173
-2249
0
0
0
0
0
0
0
0
0
0
0
-2156
-3043
907
-2407
-15007
0
0
0
0
0
0
0
0
0
0
0
-3742
-4699
-2343
-3425
-4148
0
0
0
0
0
0
0
0
0
0
0
-3890
-5843
2665
-4148
-21977
0
0
0
0
0
0
0
0
0
0
0
-4893
-4667
-2688
-3981
-4195
0
0
0
0
0
0
0
0
0
0
0
-3483
-4935
3934
-4057
-20258
0
0
0
0
0
0
0
0
0
0
0
-3521
-4627
-2228
-2218
-3620
0
0
0
0
0
0
0
0
0
0
0
-3864
-4522
2104
-3610
-11612
0
0
0
0
0
0
0
0
0
0
0
-3165
-2650
-1852
-1515
-2764
0
0
0
0
0
0
0
0
0
0
0
-3656
-2596
1161
-2698
-22354
0
0
0
0
0
0
0
0
0
0
0
-4104
-3059
-2986
-679
-3213
0
0
0
0
0
0
0
0
0
0
0
-2345
-3575
467
-3320
-13879
0
0
0
0
0
0
0
0
0
0
0
-3162
-1889
-3717
-420
-2453
0
0
0
0
0
0
0
0
0
0
0
-15
-2108
-1694
-2337
-15083
0
0
0
0
0
0
0
0
0
0
0
0
0
0
0
0
0
0
0
0
0
0
0
0
0
0
0
0
0
0
0
0
0
0
0
0
0
0
0
0
0
0
0
0
0
0
0
0
0
0
0
0
0
0
0
0
0
0
0
0
0
0
0
0
0
0
0
0
0
0
0
0
0
0
0
0
0
0
0
0
0
0
0
0
0
0
0
0
0
0
0
0
0
0
0
0
0
0
0
0
0
0
0
0
0
0
0
0
0
0
0
0
0
0
0
0
0
0
0
0
0
0
0
0
0
0
0
0
0
0
0
0
0
0
0
0
0
0
0
0
0
0
0
0
0
0
0
0
0
0
0
0
0
0
0
0
0
0
0
0
0
0
0
0
0
0
0
0
0
0
0
0
0
0
0
0
0
0
0
0
0
0
0
0
0
0
0
0
0
0
0
0
0
0
0
0
0
0
0
0
0
0
0
0
0
0
0
0
0
0
0
0
0
0
0
0
0
0
0
0
0
0
0
0
0
0
0
0
0
0
0
0
0
0
0
0
0
0
0
0
0
0
0
0
0
0
0
0
0
0
0
0
0
0
0
0
0
0
0
0
0
0
0
0
0
0
0
0
0
0
0
0
0
0
0
0
0
0
0
0
0
0
0
0
0
0
0
0
0
0
0
0
0
0
0
0
0
0
0
0
0
0
0
0
0
0
0
0
0
0
0
0
0
0
0
0
0
0
0
0
0
0
0
0
0
0
0
0
0
0
0
0
0
0
0
0
0
0
0
0
0
0
0
0
0
0
0
0
0
0
0
0
0
0
0
0
0
0
0
0
0
0
0
0
0
0
0
0
0
0
0
0
0
0
0
0
0
0
0
0
0
0
0
0
0
0
0
0
0
0
0
0
0
0
0
0
0
0
0
0
0
0
0
0
0
0
0
0
0
0
0
0
0
0
0
0
0
0
0
0
0
0
0
0
0
0
0
0
0
0
0
0
0
0
0
0
0
0
0
0
0
0
0
0
0
0
0
0
0
0
0
0
0
0
0
0
0
0
0
0
0
0
0
0
0
0
0
0
0
0
0
0
0
0
0
0
0
0
0
0
0
0
0
0
0
0
0
0
0
0
0
0
0
0
0
0
0
0
0
0
0
0
0
0
0
0
0
0
0
0
0
0
0
0
0
0
0
0
0
0
0
0
0
0
0
0
0
0
0
0
0
0
0
0
0
0
0
0
0
0
0
0
0
0
0
0
0
0
0
0
0
0
0
0
0
0
0
0
0
0
0
0
0
0
0
0
0
0
0
0
0
0
0
0
0
0
0
0
0
0
0
0
0
0
0
0
0
0
0
0
0
0
0
0
0
0
0
0
0
0
0
0
0
0
0
0
0
0
0
0
0
0
0
0
0
0
0
0
0
0
0
0
0
0
0
0
0
0
0
0
0
0
0
0
0
0
0
0
0
0
0
0
0
0
0
0
0
0
0
0
0
0
0
0
0
0
0
0
0
0
0
0
0
0
0
0
0
0
0
0
0
0
0
0
0
0
0
0
0
0
0
0
0
0
0
0
0
0
0
0
0
0
0
0
0
0
0
0
0
0
0
0
0
0
0
0
0
0
0
0
0
0
0
0
0
0
0
0
0
0
0
0
0
0
0
0
0
0
0
0
0
0
0
0
0
0
0
0
0
0
0
0
0
0
0
0
0
0
0
0
0
0
0
0
0
0
0
0
0
0
0
0
0
0
0
0
0
0
0
0
0
0
0
0
0
0
0
0
0
0
0
0
0
0
0
0
0
0
0
0
0
0
0
0
0
0
0
0
0
0
0
0
0
0
0
0
0
0
0
0
0
0
0
0
0
0
0
0
0
0
0
0
0
0
0
0
0
0
0
0
0
0
0
0
0
0
0
0
0
0
0
0
0
0
0
0
0
0
0
0
0
0
0
0
0
0
0
0
0
0
0
0
0
0
0
0
0
0
0
0
0
0
0
0
0
0
0
0
0
0
0
0
0
0
0
0
0
0
0
0
0
0
0
0
0
0
0
0
0
0
0
0
0
0
0
0
0
0
0
0
0
0
0
0
0
0
0
0
0
0
0
0
0
0
0
0
0
0
0
0
0
0
0
0
0
0
0
0
0
0
0
0
0
0
0
0
0
0
0
0
0
0
0
0
0
0
0
0
0
0
0
0
0
0
0
0
0
0
0
0
0
0
0
0
0
0
0
0
0
0
0
0
0
0
0
0
0
0
0
0
0
0
0
0
0
0
0
0
0
0
0
0
0
0
0
0
0
0
0
0
0
0
0
0
0
0
0
0
0
0
0
0
0
0
0
0
0
0
0
0
0
0
0
0
0
0
0
0
0
0
0
0
0
0
0
0
0
0
0
0
0
0
0
0
0
0
0
0
0
0
0
0
0
0
0
0
0
0
0
0
0
0
0
0
0
0
0
0
0
0
0
0
0
0
0
0
0
0
0
0
0
0
0
0
0
0
0
0
0
0
0
0
0
0
0
0
0
0
0
0
0
0
0
0
0
0
0
0
0
0
0
0
0
0
0
0
0
0
0
0
0
0
0
0
0
0
0
0
0
0
0
0
0
0
0
0
0
0
0
0
0
0
0
0
0
0
0
0
0
0
0
0
0
0
0
0
0
0
0
0
0
0
0
0
0
0
0
0
0
0
0
0
0
0
0
0
0
0
0
0
0
0
0
0
0
0
0
0
0
0
0
0
0
0
0
0
0
0
0
0
0
0
0
0
0
0
0
0
0
0
0
0
0
0
0
0
0
0
0
0
0
0
0
0
0
0
0
0
0
0
0
0
0
0
0
0
0
0
0
0
0
0
0
0
0
0
0
0
0
0
0
0
0
0
0
0
0
0
0
0
0
0
0
0
0
0
0
0
0
0
0
0
0
0
0
0
0
0
0
0
0
0
0
0
0
0
0
0
0
0
0
0
0
0
0
0
0
0
0
0
0
0
0
0
0
0
0
0
0
0
0
0
0
0
0
0
0
0
0
0
0
0
0
0
0
0
0
0
0
0
0
0
0
0
0
0
0
0
0
0
0
0
0
0
0
0
0
0
0
0
0
0
0
0
0
0
0
0
0
0
0
0
0
0
0
0
0
0
0
0
0
0
0
0
0
0
0
0
0
0
0
0
0
0
0
0
0
0
0
0
0
0
0
0
0
0
0
0
0
0
0
0
0
0
0
0
0
0
0
0
0
0
0
0
0
0
0
0
0
0
0
0
0
0
0
0
0
0
0
0
0
0
0
0
0
0
0
0
0
0
0
0
0
0
0
0
0
0
0
0
0
0
0
0
0
0
0
0
0
0
0
0
0
0
0
0
0
0
0
0
0
0
0
0
0
0
0
0
0
0
0
0
0
0
0
0
0
0
0
0
0
0
0
0
0
0
0
0
0
0
0
0
0
0
0
0
0
0
0
0
0
0
0
0
0
0
0
0
0
0
0
0
0
0
0
0
0
0
0
0
0
0
0
0
0
0
0
0
0
0
0
0
0
0
0
0
0
0
0
0
0
0
0
0
0
0
0
0
0
0
0
0
0
0
0
0
0
0
0
0
0
0
0
0
0
0
0
0
0
0
0
0
0
0
0
0
0
0
0
0
0
0
0
0
0
0
0
0
0
0
0
0
0
0
0
0
0
0
0
0
0
0
0
0
0
0
0
0
0
0
0
0
0
0
0
0
0
0
0
0
0
0
0
0
0
0
0
0
0
0
0
0
0
0
0
0
0
0
0
0
0
0
0
0
0
0
0
0
0
0
0
0
0
0
0
0
0
0
0
0
0
0
0
0
0
0
0
0
0
0
0
0
0
0
0
0
0
0
0
0
0
0
0
0
0
0
0
0
0
0
0
0
0
0
0
0
0
0
0
0
0
0
0
0
0
0
0
0
0
0
0
0
0
0
0
0
0
0
0
0
0
0
0
0
0
0
0
0
0
0
0
0
0
0
0
0
0
0
0
0
0
0
0
0
0
0
0
0
0
0
0
0
0
0
0
0
0
0
0
0
0
0
0
0
0
0
0
0
0
0
0
0
0
0
0
0
0
0
0
0
0
0
0
0
0
0
0
0
0
0
0
0
0
0
0
0
0
0
0
0
0
0
0
0
0
0
0
0
0
0
0
0
0
0
0
0
0
0
0
0
0
0
0
0
0
0
0
0
0
0
0
0
0
0
0
0
0
0
0
0
0
0
0
0
0
0
0
0
0
0
0
0
0
0
0
0
0
0
0
0
0
0
0
0
0
0
0
0
0
0
0
0
0
0
0
0
0
0
0
0
0
0
0
0
0
0
0
0
0
0
0
0
0
0
0
0
0
0
0
0
0
0
0
0
0
0
0
0
0
0
0
0
0
0
0
0
0
0
0
0
0
0
0
0
0
0
0
0
0
0
0
0
0
0
0
0
0
0
0
0
0
0
0
0
0
0
0
0
0
0
0
0
0
0
0
0
0
0
0
0
0
0
0
0
0
0
0
0
0
0
0
0
0
0
0
0
0
0
0
0
0
0
0
0
0
0
0
0
0
0
0
0
0
0
0
0
0
0
0
0
0
0
0
0
0
0
0
0
0
0
0
0
0
0
0
0
0
0
0
0
0
0
0
0
0
0
0
0
0
0
0
0
0
0
0
0
0
0
0
0
0
0
0
0
0
0
0
0
0
0
0
0
0
0
0
0
0
0
0
0
0
0
0
0
0
0
0
0
0
0
0
0
0
0
0
0
0
0
0
0
0
0
0
0
0
0
0
0
0
0
0
0
0
0
0
0
0
0
0
0
0
0
0
0
0
0
0
0
0
0
0
0
0
0
0
0
0
0
0
0
0
0
0
0
0
0
0
0
0
0
0
0
0
0
0
0
0
0
0
0
0
0
0
0
0
0
0
0
0
0
0
0
0
0
0
0
0
0
0
0
0
0
0
0
0
0
0
0
0
0
0
0
0
0
0
0
0
0
0
0
0
0
0
0
0
0
0
0
0
0
0
0
0
0
0
0
0
0
0
0
0
0
0
0
0
0
0
0
0
0
0
0
0
0
0
0
0
0
0
0
0
0
0
0
0
0
0
0
0
0
0
0
0
0
0
0
0
0
0
0
0
0
0
0
0
0
0
0
0
0
0
0
0
0
0
0
0
0
0
0
0
0
0
0
0
0
0
0
0
0
0
0
0
0
0
0
0
0
0
0
0
0
0
0
0
0
0
0
0
0
0
0
0
0
0
0
0
0
0
0
0
0
0
0
0
0
0
0
0
0
0
0
0
0
0
0
0
0
0
0
0
0
0
0
0
0
0
0
0
0
0
0
0
0
0
0
0
0
0
0
0
0
0
0
0
0
0
0
0
0
0
0
0
0
0
0
0
0
0
0
0
0
0
0
0
0
0
0
0
0
0
0
0
0
0
0
0
0
0
0
0
0
0
0
0
0
0
0
0
0
0
0
0
0
0
0
0
0
0
0
0
0
0
0
0
0
0
0
0
0
0
0
0
0
0
0
0
0
0
0
0
0
0
0
0
0
0
0
0
0
0
0
0
0
0
0
0
0
0
0
0
0
0
0
0
0
0
0
0
0
0
0
0
0
0
0
0
0
0
0
0
0
0
0
0
0
0
0
0
0
0
0
0
0
0
0
0
0
0
0
0
0
0
0
0
0
0
0
0
0
0
0
0
0
0
0
0
0
0
0
0
0
0
0
0
0
0
0
0
0
0
0
0
0
0
0
0
0
0
0
0
0
0
0
0
0
0
0
0
0
0
0
0
0
0
0
0
0
0
0
0
0
0
0
0
0
0
0
0
0
0
0
0
0
0
0
0
0
0
0
0
0
0
0
0
0
0
0
0
0
0
0
0
0
0
0
0
0
0
0
0
0
0
0
0
0
0
0
0
0
0
0
0
0
0
0
0
0
0
0
0
0
0
0
0
0
0
0
0
0
0
0
0
0
0
0
0
0
0
0
0
0
0
0
0
0
0
0
0
0
0
0
0
0
0
0
0
0
0
0
0
0
0
0
0
0
0
0
0
0
0
0
0
0
0
0
0
0
0
0
0
0
0
0
0
0
0
0
0
0
0
0
0
0
0
0
0
0
0
0
0
0
0
0
0
0
0
0
0
0
0
0
0
0
0
0
0
0
0
0
0
0
0
0
0
0
0
0
0
0
0
0
0
0
0
0
0
0
0
0
0
0
0
0
0
0
0
0
0
0
0
0
0
0
0
0
0
0
0
0
0
0
0
0
0
0
0
0
0
0
0
0
0
0
0
0
0
0
0
0
0
0
0
0
0
0
0
0
0
0
0
0
0
0
0
0
0
0
0
0
0
0
0
0
0
0
0
0
0
0
0
0
0
0
0
0
0
0
0
0
0
0
0
0
0
0
0
0
0
0
0
0
0
0
0
0
0
0
0
0
0
0
0
0
0
0
0
0
0
0
0
0
0
0
0
0
0
0
0
0
0
0
0
0
0
0
0
0
0
0
0
0
0
0
0
0
0
0
0
0
0
0
0
0
0
0
0
0
0
0
0
0
0
0
0
0
0
0
0
0
0
0
0
0
0
0
0
0
0
0
0
0
0
0
0
0
0
0
0
0
0
0
0
0
0
0
0
0
0
0
0
0
0
0
0
0
0
0
0
0
0
0
0
0
0
0
0
0
0
0
0
0
0
0
0
0
0
0
0
0
0
0
0
0
0
0
0
0
0
0
0
0
0
0
0
0
0
0
0
0
0
0
0
0
0
0
0
0
0
0
0
0
0
0
0
0
0
0
0
0
0
0
0
0
0
0
0
0
0
0
0
0
0
0
0
0
0
0
0
0
0
0
0
0
0
0
0
0
0
0
0
0
0
0
0
0
0
0
0
0
0
0
0
0
0
0
0
0
0
0
0
0
0
0
0
0
0
0
0
0
0
0
0
0
0
0
0
0
0
0
0
0
0
0
0
0
0
0
0
0
0
0
0
0
0
0
0
0
0
0
0
0
0
0
0
0
0
0
0
0
0
0
0
0
0
0
0
0
0
0
0
0
0
0
0
0
0
0
0
0
0
0
0
0
0
0
0
0
0
0
0
0
0
0
0
0
0
0
0
0
0
0
0
0
0
0
0
0
0
0
0
0
0
0
0
0
0
0
0
0
0
0
0
0
0
0
0
0
0
0
0
0
0
0
0
0
0
0
0
0
0
0
0
0
0
0
0
0
0
0
0
0
0
0
0
0
0
0
0
0
0
0
0
0
0
0
0
0
0
0
0
0
0
0
0
0
0
0
0
0
0
0
0
0
0
0
0
0
0
0
0
0
0
0
0
0
0
0
0
0
0
0
0
0
0
0
0
0
0
0
0
0
0
0
0
0
0
0
0
0
0
0
0
0
0
0
0
0
0
0
0
0
0
0
0
0
0
0
0
0
0
0
0
0
0
0
0
0
0
0
0
0
0
0
0
0
0
0
0
0
0
0
0
0
0
0
0
0
0
0
0
0
0
0
0
0
0
0
0
0
0
0
0
0
0
0
0
0
0
0
0
0
0
0
0
0
0
0
0
0
0
0
0
0
0
0
0
0
0
0
0
0
0
0
0
0
0
0
0
0
0
0
0
0
0
0
0
0
0
0
0
0
0
0
0
0
0
0
0
0
0
0
0
0
0
0
0
0
0
0
0
0
0
0
0
0
0
0
0
0
0
0
0
0
0
0
0
0
0
0
0
0
0
0
0
0
0
0
0
0
0
0
0
0
0
0
0
0
0
0
0
0
0
0
0
0
0
0
0
0
0
0
0
0
0
0
0
0
0
0
0
0
0
0
0
0
0
0
0
0
0
0
0
0
0
0
0
0
0
0
0
0
0
0
0
0
0
0
0
0
0
0
0
0
0
0
0
0
0
0
0
0
0
0
0
0
0
0
0
0
0
0
0
0
0
0
0
0
0
0
0
0
0
0
0
0
0
0
0
0
0
0
0
0
0
0
0
0
0
0
0
0
0
0
0
0
0
0
0
0
0
0
0
0
0
0
0
0
0
0
0
0
0
0
0
0
0
0
0
0
0
0
0
0
0
0
0
0
0
0
0
0
0
0
0
0
0
0
0
0
0
0
0
0
0
0
0
0
0
0
0
0
0
0
0
0
0
0
0
0
0
0
0
0
0
0
0
0
0
0
0
0
0
0
0
0
0
0
0
0
0
0
0
0
0
0
0
0
0
0
0
0
0
0
0
0
0
0
0
0
0
0
0
0
0
0
0
0
0
0
0
0
0
0
0
0
0
0
0
0
0
0
0
0
0
0
0
0
0
0
0
0
0
0
0
0
0
0
0
0
0
0
0
0
0
0
0
0
0
0
0
0
0
0
0
0
0
0
0
0
0
0
0
0
0
0
0
0
0
0
0
0
0
0
0
0
0
0
0
0
0
0
0
0
0
0
0
0
0
0
0
0
0
0
0
0
0
0
0
0
0
0
0
0
0
0
0
0
0
0
0
0
0
0
0
0
0
0
0
0
0
0
0
0
0
0
0
0
0
0
0
0
0
0
0
0
0
0
0
0
0
0
0
0
0
0
0
0
0
0
0
0
0
0
0
0
0
0
0
0
0
0
0
0
0
0
0
0
0
0
0
0
0
0
0
0
0
0
0
0
0
0
0
0
0
0
0
0
0
0
0
0
0
0
0
0
0
0
0
0
0
0
0
0
0
0
0
0
0
0
0
0
0
0
0
0
0
0
0
0
0
0
0
0
0
0
0
0
0
0
0
0
0
0
0
0
0
0
0
0
0
0
0
0
0
0
0
0
0
0
0
0
0
0
0
0
0
0
0
0
0
0
0
0
0
0
0
0
0
0
0
0
0
0
0
0
0
0
0
0
0
0
0
0
0
0
0
0
0
0
0
0
0
0
0
0
0
0
0
0
0
0
0
0
0
0
0
0
0
0
0
0
0
0
0
0
0
0
0
0
0
0
0
0
0
0
0
0
0
0
0
0
0
0
0
0
0
0
0
0
0
0
0
0
0
0
0
0
0
0
0
0
0
0
0
0
0
0
0
0
0
0
0
0
0
0
0
0
0
0
0
0
0
0
0
0
0
0
0
0
0
0
0
0
0
0
0
0
0
0
0
0
0
0
0
0
0
0
0
0
0
0
0
0
0
0
0
0
0
0
0
0
0
0
0
0
0
0
0
0
0
0
0
0
0
0
0
0
0
0
0
0
0
0
0
0
0
0
0
0
0
0
0
0
0
0
0
0
0
0
0
0
0
0
0
0
0
0
0
0
0
0
0
0
0
0
0
0
0
0
0
0
0
0
0
0
0
0
0
0
0
0
0
0
0
0
0
0
0
0
0
0
0
0
0
0
0
0
0
0
0
0
0
0
0
0
0
0
0
0
0
0
0
0
0
0
0
0
0
0
0
0
0
0
0
0
0
0
0
0
0
0
0
0
0
0
0
0
0
0
0
0
0
0
0
0
0
0
0
0
0
0
0
0
0
0
0
0
0
0
0
0
0
0
0
0
0
0
0
0
0
0
0
0
0
0
0
0
0
0
0
0
0
0
0
0
0
0
0
0
0
0
0
0
0
0
0
0
0
0
0
0
0
0
0
0
0
0
0
0
0
0
0
0
0
0
0
0
0
0
0
0
0
0
0
0
0
0
0
0
0
0
0
0
0
0
0
0
0
0
0
0
0
0
0
0
0
0
0
0
0
0
0
0
0
0
0
0
0
0
0
0
0
0
0
0
0
0
0
0
0
0
0
0
0
0
0
0
0
0
0
0
0
0
0
0
0
0
0
0
0
0
0
0
0
0
0
0
0
0
0
0
0
0
0
0
0
0
0
0
0
0
0
0
0
0
0
0
0
0
0
0
0
0
0
0
0
0
0
0
0
0
0
0
0
0
0
0
0
0
0
0
0
0
0
0
0
0
0
0
0
0
0
0
0
0
0
0
0
0
0
0
0
0
0
0
0
0
0
0
0
0
0
0
0
0
0
0
0
0
0
0
0
0
0
0
0
0
0
0
0
0
0
0
0
0
0
0
0
0
0
0
0
0
0
0
0
0
0
0
0
0
0
0
0
0
0
0
0
0
0
0
0
0
0
0
0
0
0
0
0
0
0
0
0
0
0
0
0
0
0
0
0
0
0
0
0
0
0
0
0
0
0
0
0
0
0
0
0
0
0
0
0
0
0
0
0
0
0
0
0
0
0
0
0
0
0
0
0
0
0
0
0
0
0
0
0
0
0
0
0
0
0
0
0
0
0
0
0
0
0
0
0
0
0
0
0
0
0
0
0
0
0
0
0
0
0
0
0
0
0
0
0
0
0
0
0
0
0
0
0
0
0
0
0
0
0
0
0
0
0
0
0
0
0
0
0
0
0
0
0
0
0
0
0
0
0
0
0
0
0
0
0
0
0
0
0
0
0
0
0
0
0
0
0
0
0
0
0
0
0
0
0
0
0
0
0
0
0
0
0
0
0
0
0
0
0
0
0
0
0
0
0
0
0
0
0
0
0
0
0
0
0
0
0
0
0
0
0
0
0
0
0
0
0
0
0
0
0
0
0
0
0
0
0
0
0
0
0
0
0
0
0
0
0
0
0
0
0
0
0
0
0
0
0
0
0
0
0
0
0
0
0
0
0
0
0
0
0
0
0
0
0
0
0
0
0
0
0
0
0
0
0
0
0
0
0
0
0
0
0
0
0
0
0
0
0
0
0
0
0
0
0
0
0
0
0
0
0
0
0
0
0
0
0
0
0
0
0
0
0
0
0
0
0
0
0
0
0
0
0
0
0
0
0
0
0
0
0
0
0
0
0
0
0
0
0
0
0
0
0
0
0
0
0
0
0
0
0
0
0
0
0
0
0
0
0
0
0
0
0
0
0
0
0
0
0
0
0
0
0
0
0
0
0
0
0
0
0
0
0
0
0
0
0
0
0
0
0
0
0
0
0
0
0
0
0
0
0
0
0
0
0
0
0
0
0
0
0
0
0
0
0
0
0
0
0
0
0
0
0
0
0
0
0
0
0
0
0
0
0
0
0
0
0
0
0
0
0
0
0
0
0
0
0
0
0
0
0
0
0
0
0
0
0
0
0
0
0
0
0
0
0
0
0
0
0
0
0
0
0
0
0
0
0
0
0
0
0
0
0
0
0
0
0
0
0
0
0
0
0
0
0
0
0
0
0
0
0
0
0
0
0
0
0
0
0
0
0
0
0
0
0
0
0
0
0
0
0
0
0
0
0
0
0
0
0
0
0
0
0
0
0
0
0
0
0
0
0
0
0
0
0
0
0
0
0
0
0
0
0
0
0
0
0
0
0
0
0
0
0
0
0
0
0
0
0
0
0
0
0
0
0
0
0
0
0
0
0
0
0
0
0
0
0
0
0
0
0
0
0
0
0
0
0
0
0
0
0
0
0
0
0
0
0
0
0
0
0
0
0
0
0
0
0
0
0
0
0
0
0
0
0
0
0
0
0
0
0
0
0
0
0
0
0
0
0
0
0
0
0
0
0
0
0
0
0
0
0
0
0
0
0
0
0
0
0
0
0
0
0
0
0
0
0
0
0
0
0
0
0
0
0
0
0
0
0
0
0
0
0
0
0
0
0
0
0
0
0
0
0
0
0
0
0
0
0
0
0
0
0
0
0
0
0
0
0
0
0
0
0
0
0
0
0
0
0
0
0
0
0
0
0
0
0
0
0
0
0
0
0
0
0
0
0
0
0
0
0
0
0
0
0
0
0
0
0
0
0
0
0
0
0
0
0
0
0
0
0
0
0
0
0
0
0
0
0
0
0
0
0
0
0
0
0
0
0
0
0
0
0
0
0
0
0
0
0
0
0
0
0
0
0
0
0
0
0
0
0
0
0
0
0
0
0
0
0
0
0
0
0
0
0
0
0
0
0
0
0
0
0
0
0
0
0
0
0
0
0
0
0
0
0
0
0
0
0
0
0
0
0
0
0
0
0
0
0
0
0
0
0
0
0
0
0
0
0
0
0
0
0
0
0
0
0
0
0
0
0
0
0
0
0
0
0
0
0
0
0
0
0
0
0
0
0
0
0
0
0
0
0
0
0
0
0
0
0
0
0
0
0
0
0
0
0
0
0
0
0
0
0
0
0
0
0
0
0
0
0
0
0
0
0
0
0
0
0
0
0
0
0
0
0
0
0
0
0
0
0
0
0
0
0
0
0
0
0
0
0
0
0
0
0
0
0
0
0
0
0
0
0
0
0
0
0
0
0
0
0
0
0
0
0
0
0
0
0
0
0
0
0
0
0
0
0
0
0
0
0
0
0
0
0
0
0
0
0
0
0
0
0
0
0
0
0
0
0
0
0
0
0
0
0
0
0
0
0
0
0
0
0
0
0
0
0
0
0
0
0
0
0
0
0
0
0
0
0
0
0
0
0
0
0
0
0
0
0
0
0
0
0
0
0
0
0
0
0
0
0
0
0
0
0
0
0
0
0
0
0
0
0
0
0
0
0
0
0
0
0
0
0
0
0
0
0
0
0
0
0
0
0
0
0
0
0
0
0
0
0
0
0
0
0
0
0
0
0
0
0
0
0
0
0
0
0
0
0
0
0
0
0
0
0
0
0
0
0
0
0
0
0
0
0
0
0
0
0
0
0
0
0
0
0
0
0
0
0
0
0
0
0
0
0
0
0
0
0
0
0
0
0
0
0
0
0
0
0
0
0
0
0
0
0
0
0
0
0
0
0
0
0
0
0
0
0
0
0
0
0
0
0
0
0
0
0
0
0
0
0
0
0
0
0
0
0
0
0
0
0
0
0
0
0
0
0
0
0
0
0
0
0
0
0
0
0
0
0
0
0
0
0
0
0
0
0
0
0
0
0
0
0
0
0
0
0
0
0
0
0
0
0
0
0
0
0
0
0
0
0
0
0
0
0
0
0
0
0
0
0
0
0
0
0
0
0
0
0
0
0
0
0
0
0
0
0
0
0
0
0
0
0
0
0
0
0
0
0
0
0
0
0
0
0
0
0
0
0
0
0
0
0
0
0
0
0
0
0
0
0
0
0
0
0
0
0
0
0
0
0
0
0
0
0
0
0
0
0
0
0
0
0
0
0
0
0
0
0
0
0
0
0
0
0
0
0
0
0
0
0
0
0
0
0
0
0
0
0
0
0
0
0
0
0
0
0
0
0
0
0
0
0
0
0
0
0
0
0
0
0
0
0
0
0
0
0
0
0
0
0
0
0
0
0
0
0
0
0
0
0
0
0
0
0
0
0
0
0
0
0
0
0
0
0
0
0
0
0
0
0
0
0
0
0
0
0
0
0
0
0
0
0
0
0
0
0
0
0
0
0
0
0
0
0
0
0
0
0
0
0
0
0
0
0
0
0
0
0
0
0
0
0
0
0
0
0
0
0
0
0
0
0
0
0
0
0
0
0
0
0
0
0
0
0
0
0
0
0
0
0
0
0
0
0
0
0
0
0
0
0
0
0
0
0
0
0
0
0
0
0
0
0
0
0
0
0
0
0
0
0
0
0
0
0
0
0
0
0
0
0
0
0
0
0
0
0
0
0
0
0
0
0
0
0
0
0
0
0
0
0
0
0
0
0
0
0
0
0
0
0
0
0
0
0
0
0
0
0
0
0
0
0
0
0
0
0
0
0
0
0
0
0
0
0
0
0
0
0
0
0
0
0
0
0
0
0
0
0
0
0
0
0
0
0
0
0
0
0
0
0
0
0
0
0
0
0
0
0
0
0
0
0
0
0
0
0
0
0
0
0
0
0
0
0
0
0
0
0
0
0
0
0
0
0
0
0
0
0
0
0
0
0
0
0
0
0
0
0
0
0
0
0
0
0
0
0
0
0
0
0
0
0
0
0
0
0
0
0
0
0
0
0
0
0
0
0
0
0
0
0
0
0
0
0
0
0
0
0
0
0
0
0
0
0
0
0
0
0
0
0
0
0
0
0
0
0
0
0
0
0
0
0
0
0
0
0
0
0
0
0
0
0
0
0
0
0
0
0
0
0
0
0
0
0
0
0
0
0
0
0
0
0
0
0
0
0
0
0
0
0
0
0
0
0
0
0
0
0
0
0
0
0
0
0
0
0
0
0
0
0
0
0
0
0
0
0
0
0
0
0
0
0
0
0
0
0
0
0
0
0
0
0
0
0
0
0
0
0
0
0
0
0
0
0
0
0
0
0
0
0
0
0
0
0
0
0
0
0
0
0
0
0
0
0
0
0
0
0
0
0
0
0
0
0
0
0
0
0
0
0
0
0
0
0
0
0
0
0
0
0
0
0
0
0
0
0
0
0
0
0
0
0
0
0
0
0
0
0
0
0
0
0
0
0
0
0
0
0
0
0
0
0
0
0
0
0
0
0
0
0
0
0
0
0
0
0
0
0
0
0
0
0
0
0
0
0
0
0
0
0
0
0
0
0
0
0
0
0
0
0
0
0
0
0
0
0
0
0
0
0
0
0
0
0
0
0
0
0
0
0
0
0
0
0
0
0
0
0
0
0
0
0
0
0
0
0
0
0
0
0
0
0
0
0
0
0
0
0
0
0
0
0
0
0
0
0
0
0
0
0
0
0
0
0
0
0
0
0
0
0
0
0
0
0
0
0
0
0
0
0
0
0
0
0
0
0
0
0
0
0
0
0
0
0
0
0
0
0
0
0
0
0
0
0
0
0
0
0
0
0
0
0
0
0
0
0
0
0
0
0
0
0
0
0
0
0
0
0
0
0
0
0
0
0
0
0
0
0
0
0
0
0
0
0
0
0
0
0
0
0
0
0
0
0
0
0
0
0
0
0
0
0
0
0
0
0
0
0
0
0
0
0
0
0
0
0
0
0
0
0
0
0
0
0
0
0
0
0
0
0
0
0
0
0
0
0
0
0
0
0
0
0
0
0
0
0
0
0
0
0
0
0
0
0
0
0
0
0
0
0
0
0
0
0
0
0
0
0
0
0
0
0
0
0
0
0
0
0
0
0
0
0
0
0
0
0
0
0
0
0
0
0
0
0
0
0
0
0
0
0
0
0
0
0
0
0
0
0
0
0
0
0
0
0
0
0
0
0
0
0
0
0
0
0
0
0
0
0
0
0
0
0
0
0
0
0
0
0
0
0
0
0
0
0
0
0
0
0
0
0
0
0
0
0
0
0
0
0
0
0
0
0
0
0
0
0
0
0
0
0
0
0
0
0
0
0
0
0
0
0
0
0
0
0
0
0
0
0
0
0
0
0
0
0
0
0
0
0
0
0
0
0
0
0
0
0
0
0
0
0
0
0
0
0
0
0
0
0
0
0
0
0
0
0
0
0
0
0
0
0
0
0
0
0
0
0
0
0
0
0
0
0
0
0
0
0
0
0
0
0
0
0
0
0
0
0
0
0
0
0
0
0
0
0
0
0
0
0
0
0
0
0
0
0
0
0
0
0
0
0
0
0
0
0
0
0
0
0
0
0
0
0
0
0
0
0
0
0
0
0
0
0
0
0
0
0
0
0
0
0
0
0
0
0
0
0
0
0
0
0
0
0
0
0
0
0
0
0
0
0
0
0
0
0
0
0
0
0
0
0
0
0
0
0
0
0
0
0
0
0
0
0
0
0
0
0
0
0
0
0
0
0
0
0
0
0
0
0
0
0
0
0
0
0
0
0
0
0
0
0
0
0
0
0
0
0
0
0
0
0
0
0
0
0
0
0
0
0
0
0
0
0
0
0
0
0
0
0
0
0
0
0
0
0
0
0
0
0
0
0
0
0
0
0
0
0
0
0
0
0
0
0
0
0
0
0
0
0
0
0
0
0
0
0
0
0
0
0
0
0
0
0
0
0
0
0
0
0
0
0
0
0
0
0
0
0
0
0
0
0
0
0
0
0
0
0
0
0
0
0
0
0
0
0
0
0
0
0
0
0
0
0
0
0
0
0
0
0
0
0
0
0
0
0
0
0
0
0
0
0
0
0
0
0
0
0
0
0
0
0
0
0
0
0
0
0
0
0
0
0
0
0
0
0
0
0
0
0
0
0
0
0
0
0
0
0
0
0
0
0
0
0
0
0
0
0
0
0
0
0
0
0
0
0
0
0
0
0
0
0
0
0
0
0
0
0
0
0
0
0
0
0
0
0
0
0
0
0
0
0
0
0
0
0
0
0
0
0
0
0
0
0
0
0
0
0
0
0
0
0
0
0
0
0
0
0
0
0
0
0
0
0
0
0
0
0
0
0
0
0
0
0
0
0
0
0
0
0
0
0
0
0
0
0
0
0
0
0
0
0
0
0
0
0
0
0
0
0
0
0
0
0
0
0
0
0
0
0
0
0
0
0
0
0
0
0
0
0
0
0
0
0
0
0
0
0
0
0
0
0
0
0
0
0
0
0
0
0
0
0
0
0
0
0
0
0
0
0
0
0
0
0
0
0
0
0
0
0
0
0
0
0
0
0
0
0
0
0
0
0
0
0
0
0
0
0
0
0
0
0
0
0
0
0
0
0
0
0
0
0
0
0
0
0
0
0
0
0
0
0
0
0
0
0
0
0
0
0
0
0
0
0
0
0
0
0
0
0
0
0
0
0
0
0
0
0
0
0
0
0
0
0
0
0
0
0
0
0
0
0
0
0
0
0
0
0
0
0
0
0
0
0
0
0
0
0
0
0
0
0
0
0
0
0
0
0
0
0
0
0
0
0
0
0
0
0
0
0
0
0
0
0
0
0
0
0
0
0
0
0
0
0
0
0
0
0
0
0
0
0
0
0
0
0
0
0
0
0
0
0
0
0
0
0
0
0
0
0
0
0
0
0
0
0
0
0
0
0
0
0
0
0
0
0
0
0
0
0
0
0
0
0
0
0
0
0
0
0
0
0
0
0
0
0
0
0
0
0
0
0
0
0
0
0
0
0
0
0
0
0
0
0
0
0
0
0
0
0
0
0
0
0
0
0
0
0
0
0
0
0
0
0
0
0
0
0
0
0
0
0
0
0
0
0
0
0
0
0
0
0
0
0
0
0
0
0
0
0
0
0
0
0
0
0
0
0
0
0
0
0
0
0
0
0
0
0
0
0
0
0
0
0
0
0
0
0
0
0
0
0
0
0
0
0
0
0
0
0
0
0
0
0
0
0
0
0
0
0
0
0
0
0
0
0
0
0
0
0
0
0
0
0
0
0
0
0
0
0
0
0
0
0
0
0
0
0
0
0
0
0
0
0
0
0
0
0
0
0
0
0
0
0
0
0
0
0
0
0
0
0
0
0
0
0
0
0
0
0
0
0
0
0
0
0
0
0
0
0
0
0
0
0
0
0
0
0
0
0
0
0
0
0
0
0
0
0
0
0
0
0
0
0
0
0
0
0
0
0
0
0
0
0
0
0
0
0
0
0
0
0
0
0
0
0
0
0
0
0
0
0
0
0
0
0
0
0
0
0
0
0
0
0
0
0
0
0
0
0
0
0
0
0
0
0
0
0
0
0
0
0
0
0
0
0
0
0
0
0
0
0
0
0
0
0
0
0
0
0
0
0
0
0
0
0
0
0
0
0
0
0
0
0
0
0
0
0
0
0
0
0
0
0
0
0
0
0
0
0
0
0
0
0
0
0
0
0
0
0
0
0
0
0
0
0
0
0
0
0
0
0
0
0
0
0
0
0
0
0
0
0
0
0
0
0
0
0
0
0
0
0
0
0
0
0
0
0
0
0
0
0
0
0
0
0
0
0
0
0
0
0
0
0
0
0
0
0
0
0
0
0
0
0
0
0
0
0
0
0
0
0
0
0
0
0
0
0
0
0
0
0
0
0
0
0
0
0
0
0
0
0
0
0
0
0
0
0
0
0
0
0
0
0
0
0
0
0
0
0
0
0
0
0
0
0
0
0
0
0
0
0
0
0
0
0
0
0
0
0
0
0
0
0
0
0
0
0
0
0
0
0
0
0
0
0
0
0
0
0
0
0
0
0
0
0
0
0
0
0
0
0
0
0
0
0
0
0
0
0
0
0
0
0
0
0
0
0
0
0
0
0
0
0
0
0
0
0
0
0
0
0
0
0
0
0
0
0
0
0
0
0
0
0
0
0
0
0
0
0
0
0
0
0
0
0
0
0
0
0
0
0
0
0
0
0
0
0
0
0
0
0
0
0
0
0
0
0
0
0
0
0
0
0
0
0
0
0
0
0
0
0
0
0
0
0
0
0
0
0
0
0
0
0
0
0
0
0
0
0
0
0
0
0
0
0
0
0
0
0
0
0
0
0
0
0
0
0
0
0
0
0
0
0
0
0
0
0
0
0
0
0
0
0
0
0
0
0
0
0
0
0
0
0
0
0
0
0
0
0
0
0
0
0
0
0
0
0
0
0
0
0
0
0
0
0
0
0
0
0
0
0
0
0
0
0
0
0
0
0
0
0
0
0
0
0
0
0
0
0
0
0
0
0
0
0
0
0
0
0
0
0
0
0
0
0
0
0
0
0
0
0
0
0
0
0
0
0
0
0
0
0
0
0
0
0
0
0
0
0
0
0
0
0
0
0
0
0
0
0
0
0
0
0
0
0
0
0
0
0
0
0
0
0
0
0
0
0
0
0
0
0
0
0
0
0
0
0
0
0
0
0
0
0
0
0
0
0
0
0
0
0
0
0
0
0
0
0
0
0
0
0
0
0
0
0
0
0
0
0
0
0
0
0
0
0
0
0
0
0
0
0
0
0
0
0
0
0
0
0
0
0
0
0
0
0
0
0
0
0
0
0
0
0
0
0
0
0
0
0
0
0
0
0
0
0
0
0
0
0
0
0
0
0
0
0
0
0
0
0
0
0
0
0
0
0
0
0
0
0
0
0
0
0
0
0
0
0
0
0
0
0
0
0
0
0
0
0
0
0
0
0
0
0
0
0
0
0
0
0
0
0
0
0
0
0
0
0
0
0
0
0
0
0
0
0
0
0
0
0
0
0
0
0
0
0
0
0
0
0
0
0
0
0
0
0
0
0
0
0
0
0
0
0
0
0
0
0
0
0
0
0
0
0
0
0
0
0
0
0
0
0
0
0
0
0
0
0
0
0
0
0
0
0
0
0
0
0
0
0
0
0
0
0
0
0
0
0
0
0
0
0
0
0
0
0
0
0
0
0
0
0
0
0
0
0
0
0
0
0
0
0
0
0
0
0
0
0
0
0
0
0
0
0
0
0
0
0
0
0
0
0
0
0
0
0
0
0
0
0
0
0
0
0
0
0
0
0
0
0
0
0
0
0
0
0
0
0
0
0
0
0
0
0
0
0
0
0
0
0
0
0
0
0
0
0
0
0
0
0
0
0
0
0
0
0
0
0
0
0
0
0
0
0
0
0
0
0
0
0
0
0
0
0
0
0
0
0
0
0
0
0
0
0
0
0
0
0
0
0
0
0
0
0
0
0
0
0
0
0
0
0
0
0
0
0
0
0
0
0
0
0
0
0
0
0
0
0
0
0
0
0
0
0
0
0
0
0
0
0
0
0
0
0
0
0
0
0
0
0
0
0
0
0
0
0
0
0
0
0
0
0
0
0
0
0
0
0
0
0
0
0
0
0
0
0
0
0
0
0
0
0
0
0
0
0
0
0
0
0
0
0
0
0
0
0
0
0
0
0
0
0
0
0
0
0
0
0
0
0
0
0
0
0
0
0
0
0
0
0
0
0
0
0
0
0
0
0
0
0
0
0
0
0
0
0
0
0
0
0
0
0
0
0
0
0
0
0
0
0
0
0
0
0
0
0
0
0
0
0
0
0
0
0
0
0
0
0
0
0
0
0
0
0
0
0
0
0
0
0
0
0
0
0
0
0
0
0
0
0
0
0
0
0
0
0
0
0
0
0
0
0
0
0
0
0
0
0
0
0
0
0
0
0
0
0
0
0
0
0
0
0
0
0
0
0
0
0
0
0
0
0
0
0
0
0
0
0
0
0
0
0
0
0
0
0
0
0
0
0
0
0
0
0
0
0
0
0
0
0
0
0
0
0
0
0
0
0
0
0
0
0
0
0
0
0
0
0
0
0
0
0
0
0
0
0
0
0
0
0
0
0
0
0
0
0
0
0
0
0
0
0
0
0
0
0
0
0
0
0
0
0
0
0
0
0
0
0
0
0
0
0
0
0
0
0
0
0
0
0
0
0
0
0
0
0
0
0
0
0
0
0
0
0
0
0
0
0
0
0
0
0
0
0
0
0
0
0
0
0
0
0
0
0
0
0
0
0
0
0
0
0
0
0
0
0
0
0
0
0
0
0
0
0
0
0
0
0
0
0
0
0
0
0
0
0
0
0
0
0
0
0
0
0
0
0
0
0
0
0
0
0
0
0
0
0
0
0
0
0
0
0
0
0
0
0
0
0
0
0
0
0
0
0
0
0
0
0
0
0
0
0
0
0
0
0
0
0
0
0
0
0
0
0
0
0
0
0
0
0
0
0
0
0
0
0
0
0
0
0
0
0
0
0
0
0
0
0
0
0
0
0
0
0
0
0
0
0
0
0
0
0
0
0
0
0
0
0
0
0
0
0
0
0
0
0
0
0
0
0
0
0
0
0
0
0
0
0
0
0
0
0
0
0
0
0
0
0
0
0
0
0
0
0
0
0
0
0
0
0
0
0
0
0
0
0
0
0
0
0
0
0
0
0
0
0
0
0
0
0
0
0
0
0
0
0
0
0
0
0
0
0
0
0
0
0
0
0
0
0
0
0
0
0
0
0
0
0
0
0
0
0
0
0
0
0
0
0
0
0
0
0
0
0
0
0
0
0
0
0
0
0
0
0
0
0
0
0
0
0
0
0
0
0
0
0
0
0
0
0
0
0
0
0
0
0
0
0
0
0
0
0
0
0
0
0
0
0
0
0
0
0
0
0
0
0
0
0
0
0
0
0
0
0
0
0
0
0
0
0
0
0
0
0
0
0
0
0
0
0
0
0
0
0
0
0
0
0
0
0
0
0
0
0
0
0
0
0
0
0
0
0
0
0
0
0
0
0
0
0
0
0
0
0
0
0
0
0
0
0
0
0
0
0
0
0
0
0
0
0
0
0
0
0
0
0
0
0
0
0
0
0
0
0
0
0
0
0
0
0
0
0
0
0
0
0
0
0
0
0
0
0
0
0
0
0
0
0
0
0
0
0
0
0
0
0
0
0
0
0
0
0
0
0
0
0
0
0
0
0
0
0
0
0
0
0
0
0
0
0
0
0
0
0
0
0
0
0
0
0
0
0
0
0
0
0
0
0
0
0
0
0
0
0
0
0
0
0
0
0
0
0
0
0
0
0
0
0
0
0
0
0
0
0
0
0
0
0
0
0
0
0
0
0
0
0
0
0
0
0
0
0
0
0
0
0
0
0
0
0
0
0
0
0
0
0
0
0
0
0
0
0
0
0
0
0
0
0
0
0
0
0
0
0
0
0
0
0
0
0
0
0
0
0
0
0
0
0
0
0
0
0
0
0
0
0
0
0
0
0
0
0
0
0
0
0
0
0
0
0
0
0
0
0
0
0
0
0
0
0
0
0
0
0
0
0
0
0
0
0
0
0
0
0
0
0
0
0
0
0
0
0
0
0
0
0
0
0
0
0
0
0
0
0
0
0
0
0
0
0
0
0
0
0
0
0
0
0
0
0
0
0
0
0
0
0
0
0
0
0
0
0
0
0
0
0
0
0
0
0
0
0
0
0
0
0
0
0
0
0
0
0
0
0
0
0
0
0
0
0
0
0
0
0
0
0
0
0
0
0
0
0
0
0
0
0
0
0
0
0
0
0
0
0
0
0
0
0
0
0
0
0
0
0
0
0
0
0
0
0
0
0
0
0
0
0
0
0
0
0
0
0
0
0
0
0
0
0
0
0
0
0
0
0
0
0
0
0
0
0
0
0
0
0
0
0
0
0
0
0
0
0
0
0
0
0
0
0
0
0
0
0
0
0
0
0
0
0
0
0
0
0
0
0
0
0
0
0
0
0
0
0
0
0
0
0
0
0
0
0
0
0
0
0
0
0
0
0
0
0
0
0
0
0
0
0
0
0
0
0
0
0
0
0
0
0
0
0
0
0
0
0
0
0
0
0
0
0
0
0
0
0
0
0
0
0
0
0
0
0
0
0
0
0
0
0
0
0
0
0
0
0
0
0
0
0
0
0
0
0
0
0
0
0
0
0
0
0
0
0
0
0
0
0
0
0
0
0
0
0
0
0
0
0
0
0
0
0
0
0
0
0
0
0
0
0
0
0
0
0
0
0
0
0
0
0
0
0
0
0
0
0
0
0
0
0
0
0
0
0
0
0
0
0
0
0
0
0
0
0
0
0
0
0
0
0
0
0
0
0
0
0
0
0
0
0
0
0
0
0
0
0
0
0
0
0
0
0
0
0
0
0
0
0
0
0
0
0
0
0
0
0
0
0
0
0
0
0
0
0
0
0
0
0
0
0
0
0
0
0
0
0
0
0
0
0
0
0
0
0
0
0
0
0
0
0
0
0
0
0
0
0
0
0
0
0
0
0
0
0
0
0
0
0
0
0
0
0
0
0
0
0
0
0
0
0
0
0
0
0
0
0
0
0
0
0
0
0
0
0
0
0
0
0
0
0
0
0
0
0
0
0
0
0
0
0
0
0
0
0
0
0
0
0
0
0
0
0
0
0
0
0
0
0
0
0
0
0
0
0
0
0
0
0
0
0
0
0
0
0
0
0
0
0
0
0
0
0
0
0
0
0
0
0
0
0
0
0
0
0
0
0
0
0
0
0
0
0
0
0
0
0
0
0
0
0
0
0
0
0
0
0
0
0
0
0
0
0
0
0
0
0
0
0
0
0
0
0
0
0
0
0
0
0
0
0
0
0
0
0
0
0
0
0
0
0
0
0
0
0
0
0
0
0
0
0
0
0
0
0
0
0
0
0
0
0
0
0
0
0
0
0
0
0
0
0
0
0
0
0
0
0
0
0
0
0
0
0
0
0
0
0
0
0
0
0
0
0
0
0
0
0
0
0
0
0
0
0
0
0
0
0
0
0
0
0
0
0
0
0
0
0
0
0
0
0
0
0
0
0
0
0
0
0
0
0
0
0
0
0
0
0
0
0
0
0
0
0
0
0
0
0
0
0
0
0
0
0
0
0
0
0
0
0
0
0
0
0
0
0
0
0
0
0
0
0
0
0
0
0
0
0
0
0
0
0
0
0
0
0
0
0
0
0
0
0
0
0
0
0
0
0
0
0
0
0
0
0
0
0
0
0
0
0
0
0
0
0
0
0
0
0
0
0
0
0
0
0
0
0
0
0
0
0
0
0
0
0
0
0
0
0
0
0
0
0
0
0
0
0
0
0
0
0
0
0
0
0
0
0
0
0
0
0
0
0
0
0
0
0
0
0
0
0
0
0
0
0
0
0
0
0
0
0
0
0
0
0
0
0
0
0
0
0
0
0
0
0
0
0
0
0
0
0
0
0
0
0
0
0
0
0
0
0
0
0
0
0
0
0
0
0
0
0
0
0
0
0
0
0
0
0
0
0
0
0
0
0
0
0
0
0
0
0
0
0
0
0
0
0
0
0
0
0
0
0
0
0
0
0
0
0
0
0
0
0
0
0
0
0
0
0
0
0
0
0
0
0
0
0
0
0
0
0
0
0
0
0
0
0
0
0
0
0
0
0
0
0
0
0
0
0
0
0
0
0
0
0
0
0
0
0
0
0
0
0
0
0
0
0
0
0
0
0
0
0
0
0
0
0
0
0
0
0
0
0
0
0
0
0
0
0
0
0
0
0
0
0
0
0
0
0
0
0
0
0
0
0
0
0
0
0
0
0
0
0
0
0
0
0
0
0
0
0
0
0
0
0
0
0
0
0
0
0
0
0
0
0
0
0
0
0
0
0
0
0
0
0
0
0
0
0
0
0
0
0
0
0
0
0
0
0
0
0
0
0
0
0
0
0
0
0
0
0
0
0
0
0
0
0
0
0
0
0
0
0
0
0
0
0
0
0
0
0
0
0
0
0
0
0
0
0
0
0
0
0
0
0
0
0
0
0
0
0
0
0
0
0
0
0
0
0
0
0
0
0
0
0
0
0
0
0
0
0
0
0
0
0
0
0
0
0
0
0
0
0
0
0
0
0
0
0
0
0
0
0
0
0
0
0
0
0
0
0
0
0
0
0
0
0
0
0
0
0
0
0
0
0
0
0
0
0
0
0
0
0
0
0
0
0
0
0
0
0
0
0
0
0
0
0
0
0
0
0
0
0
0
0
0
0
0
0
0
0
0
0
0
0
0
0
0
0
0
0
0
0
0
0
0
0
0
0
0
0
0
0
0
0
0
0
0
0
0
0
0
0
0
0
0
0
0
0
0
0
0
0
0
0
0
0
0
0
0
0
0
0
0
0
0
0
0
0
0
0
0
0
0
0
0
0
0
0
0
0
0
0
0
0
0
0
0
0
0
0
0
0
0
0
0
0
0
0
0
0
0
0
0
0
0
0
0
0
0
0
0
0
0
0
0
0
0
0
0
0
0
0
0
0
0
0
0
0
0
0
0
0
0
0
0
0
0
0
0
0
0
0
0
0
0
0
0
0
0
0
0
0
0
0
0
0
0
0
0
0
0
0
0
0
0
0
0
0
0
0
0
0
0
0
0
0
0
0
0
0
0
0
0
0
0
0
0
0
0
0
0
0
0
0
0
0
0
0
0
0
0
0
0
0
0
0
0
0
0
0
0
0
0
0
0
0
0
0
0
0
0
0
0
0
0
0
0
0
0
0
0
0
0
0
0
0
0
0
0
0
0
0
0
0
0
0
0
0
0
0
0
0
0
0
0
0
0
0
0
0
0
0
0
0
0
0
0
0
0
0
0
0
0
0
0
0
0
0
0
0
0
0
0
0
0
0
0
0
0
0
0
0
0
0
0
0
0
0
0
0
0
0
0
0
0
0
0
0
0
0
0
0
0
0
0
0
0
0
0
0
0
0
0
0
0
0
0
0
0
0
0
0
0
0
0
0
0
0
0
0
0
0
0
0
0
0
0
0
0
0
0
0
0
0
0
0
0
0
0
0
0
0
0
0
0
0
0
0
0
0
0
0
0
0
0
0
0
0
0
0
0
0
0
0
0
0
0
0
0
0
0
0
0
0
0
0
0
0
0
0
0
0
0
0
0
0
0
0
0
0
0
0
0
0
0
0
0
0
0
0
0
0
0
0
0
0
0
0
0
0
0
0
0
0
0
0
0
0
0
0
0
0
0
0
0
0
0
0
0
0
0
0
0
0
0
0
0
0
0
0
0
0
0
0
0
0
0
0
0
0
0
0
0
0
0
0
0
0
0
0
0
0
0
0
0
0
0
0
0
0
0
0
0
0
0
0
0
0
0
0
0
0
0
0
0
0
0
0
0
0
0
0
0
0
0
0
0
0
0
0
0
0
0
0
0
0
0
0
0
0
0
0
0
0
0
0
0
0
0
0
0
0
0
0
0
0
0
0
0
0
0
0
0
0
0
0
0
0
0
0
0
0
0
0
0
0
0
0
0
0
0
0
0
0
0
0
0
0
0
0
0
0
0
0
0
0
0
0
0
0
0
0
0
0
0
0
0
0
0
0
0
0
0
0
0
0
0
0
0
0
0
0
0
0
0
0
0
0
0
0
0
0
0
0
0
0
0
0
0
0
0
0
0
0
0
0
0
0
0
0
0
0
0
0
0
0
0
0
0
0
0
0
0
0
0
0
0
0
0
0
0
0
0
0
0
0
0
0
0
0
0
0
0
0
0
0
0
0
0
0
0
0
0
0
0
0
0
0
0
0
0
0
0
0
0
0
0
0
0
0
0
0
0
0
0
0
0
0
0
0
0
0
0
0
0
0
0
0
0
0
0
0
0
0
0
0
0
0
0
0
0
0
0
0
0
0
0
0
0
0
0
0
0
0
0
0
0
0
0
0
0
0
0
0
0
0
0
0
0
0
0
0
0
0
0
0
0
0
0
0
0
0
0
0
0
0
0
0
0
0
0
0
0
0
0
0
0
0
0
0
0
0
0
0
0
0
0
0
0
0
0
0
0
0
0
0
0
0
0
0
0
0
0
0
0
0
0
0
0
0
0
0
0
0
0
0
0
0
0
0
0
0
0
0
0
0
0
0
0
0
0
0
0
0
0
0
0
0
0
0
0
0
0
0
0
0
0
0
0
0
0
0
0
0
0
0
0
0
0
0
0
0
0
0
0
0
0
0
0
0
0
0
0
0
0
0
0
0
0
0
0
0
0
0
0
0
0
0
0
0
0
0
0
0
0
0
0
0
0
0
0
0
0
0
0
0
0
0
0
0
0
0
0
0
0
0
0
0
0
0
0
0
0
0
0
0
0
0
0
0
0
0
0
0
0
0
0
0
0
0
0
0
0
0
0
0
0
0
0
0
0
0
0
0
0
0
0
0
0
0
0
0
0
0
0
0
0
0
0
0
0
0
0
0
0
0
0
0
0
0
0
0
0
0
0
0
0
0
0
0
0
0
0
0
0
0
0
0
0
0
0
0
0
0
0
0
0
0
0
0
0
0
0
0
0
0
0
0
0
0
0
0
0
0
0
0
0
0
0
0
0
0
0
0
0
0
0
0
0
0
0
0
0
0
0
0
0
0
0
0
0
0
0
0
0
0
0
0
0
0
0
0
0
0
0
0
0
0
0
0
0
0
0
0
0
0
0
0
0
0
0
0
0
0
0
0
0
0
0
0
0
0
0
0
0
0
0
0
0
0
0
0
0
0
0
0
0
0
0
0
0
0
0
0
0
0
0
0
0
0
0
0
0
0
0
0
0
0
0
0
0
0
0
0
0
0
0
0
0
0
0
0
0
0
0
0
0
0
0
0
0
0
0
0
0
0
0
0
0
0
0
0
0
0
0
0
0
0
0
0
0
0
0
0
0
0
0
0
0
0
0
0
0
0
0
0
0
0
0
0
0
0
0
0
0
0
0
0
0
0
0
0
0
0
0
0
0
0
0
0
0
0
0
0
0
0
0
0
0
0
0
0
0
0
0
0
0
0
0
0
0
0
0
0
0
0
0
0
0
0
0
0
0
0
0
0
0
0
0
0
0
0
0
0
0
0
0
0
0
0
0
0
0
0
0
0
0
0
0
0
0
0
0
0
0
0
0
0
0
0
0
0
0
0
0
0
0
0
0
0
0
0
0
0
0
0
0
0
0
0
0
0
0
0
0
0
0
0
0
0
0
0
0
0
0
0
0
0
0
0
0
0
0
0
0
0
0
0
0
0
0
0
0
0
0
0
0
0
0
0
0
0
0
0
0
0
0
0
0
0
0
0
0
0
0
0
0
0
0
0
0
0
0
0
0
0
0
0
0
0
0
0
0
0
0
0
0
0
0
0
0
0
0
0
0
0
0
0
0
0
0
0
0
0
0
0
0
0
0
0
0
0
0
0
0
0
0
0
0
0
0
0
0
0
0
0
0
0
0
0
0
0
0
0
0
0
0
0
0
0
0
0
0
0
0
0
0
0
0
0
0
0
0
0
0
0
0
0
0
0
0
0
0
0
0
0
0
0
0
0
0
0
0
0
0
0
0
0
0
0
0
0
0
0
0
0
0
0
0
0
0
0
0
0
0
0
0
0
0
0
0
0
0
0
0
0
0
0
0
0
0
0
0
0
0
0
0
0
0
0
0
0
0
0
0
0
0
0
0
0
0
0
0
0
0
0
0
0
0
0
0
0
0
0
0
0
0
0
0
0
0
0
0
0
0
0
0
0
0
0
0
0
0
0
0
0
0
