-66
-396
-2196
1548
-493
-2109
-2005
-220
-110
-2970
1093
-1204
-2653
-1979
-53
471
-198
658
-1307
-2172
-3563
-1904
-13279
-124
1219
-2310
-2442
-3638
-3124
-14612
52
1633
-32
-506
-3769
2913
-3102
-2681
-2555
-199
-508
-4877
2874
-3439
-3679
-2699
6
666
-120
190
-1072
-3556
-3128
-2530
-12310
-182
-427
-2888
-3751
-3955
-3896
-12823
3
-260
-58
-450
-4116
2307
-3534
-2551
-2761
-134
-433
-5653
2506
-3441
-4326
-2909
72
401
-159
335
94
-3414
-4519
-2746
-12597
-245
358
-2105
-4996
-5682
-4700
-11550
-132
-22
-51
-206
-4254
2026
-4231
-2030
-3140
-140
-238
-5700
1925
-4165
-4160
-3084
50
137
-172
-468
757
-4170
-4911
-3033
-11176
-148
-50
-759
-5025
-6074
-4669
-10877
-173
-153
-39
-119
-3859
2355
-3977
-1511
-2687
-238
-219
-5050
1993
-3979
-3706
-2724
26
236
-131
-556
294
-4071
-3847
-2571
-13152
-166
-49
-1080
-4242
-4995
-4088
-12911
-179
-38
-99
-255
-2801
556
-2690
-1404
-2148
-259
-151
-3172
234
-2797
-2706
-1935
-78
451
-123
-290
1090
-3203
-2992
-1899
-13870
-172
-106
-741
-3089
-3301
-2942
-15034
-129
-91
-113
168
-2413
689
-1574
-531
-1383
-178
194
-3090
125
-2344
-2107
-1430
-111
713
-176
-101
748
-2301
-2134
-1182
-17898
-85
31
-889
-2425
-2531
-2412
-17477
-102
292
-107
435
-3306
1706
-2514
-1518
-1949
-101
780
-3709
1988
-2455
-2591
-2747
-10
736
-160
-666
-643
-2507
-1685
-1852
-13221
-213
-547
-1518
-2458
-2177
-2873
-13638
-51
-438
-140
-148
-1647
1368
-1281
-1078
-1805
-131
561
-2153
667
-1815
-1617
-549
-27
980
-170
944
-1629
-2260
-2597
-1844
-13961
-120
742
-2979
-1024
-2388
-2042
-17588
196
839
-261
159
-4100
3483
-2437
-2175
-2378
-206
844
-5919
3032
-5046
-3778
-1291
-113
1153
-109
54
-1102
-3750
-2964
-2334
-18116
-310
-1091
-3808
-3541
-3304
-3858
-17706
52
-994
-223
-85
-4248
2143
-2994
-2395
-2681
-156
714
-5010
2532
-3912
-3268
-1351
6
559
-51
353
-925
-3633
-3149
-2749
-15086
-227
-496
-2840
-3788
-3682
-3585
-18797
24
-1384
-51
130
-3794
564
-2982
-1260
-2192
-28
332
-3732
1962
-2659
-2197
-1320
96
66
-109
-541
-490
-2764
-1432
-2218
-17202
-202
-345
-1519
-2601
-2182
-2643
-22582
35
-342
-228
854
-3118
638
-2918
-1424
-1760
-225
1797
-4016
1252
-3241
-3191
-1483
101
2092
-50
17
-819
-2913
212
-1851
-18730
-122
37
-2611
-3538
-1852
-3419
-17033
145
37
-340
191
-2481
-1657
-2965
-2146
-2121
-280
833
-2522
-1072
-2875
-2553
-1295
100
1011
7
831
-940
-3852
1614
-2187
-16640
-65
-45
-2511
-2851
381
-2281
-18910
107
-315
-242
-452
-3231
-2089
-4427
-1436
-2220
-78
156
-3305
-1685
-3442
-1721
-500
147
-12
-85
674
-1372
-4051
3689
-2265
-16926
-134
65
-2769
-2849
1533
-2236
-19672
69
631
-129
-880
-3116
-205
-4643
-1611
-2217
-27
-272
-3346
378
-3436
-2860
-1875
131
-469
-83
-776
-2353
-3457
3203
-2148
-17336
-267
-923
-3452
-2952
241
-3107
-16995
12
-1080
-31
438
-1880
775
-259
-1465
-1611
-35
155
-2733
561
-2857
-2031
110
51
-311
-95
996
-2023
-2148
-1248
-1555
-19061
-235
236
-2854
-749
-2462
-1490
-20677
51
364
-140
993
-3563
1392
-1400
-2258
-2315
-140
894
-5654
860
-5396
-4289
-385
26
314
-39
304
-1340
-3642
-1508
-2239
-19649
-329
-939
-3575
-3285
-3733
-3378
-15860
33
-937
-178
1178
-3033
611
-1021
-1686
-1967
-149
443
-4434
747
-3486
-3161
-1031
25
-411
56
684
-595
-2572
-2213
-1913
-17251
-73
-8
-2364
-2761
-3222
-2358
-16194
241
242
-200
2220
-3684
-1378
-2148
-1509
-2324
-206
1582
-4562
90
-3805
-2541
-976
31
1075
36
255
-198
-1908
-1130
-2405
-20131
-35
1063
-2430
-3047
-1910
-2218
-20175
209
1847
-303
2426
-5108
-3911
-5325
-4001
-4203
-343
1794
-5167
-1745
-6610
-4143
-3288
117
1833
-15
211
-14
-3929
590
-4339
-12828
78
43
-2222
-5057
65
-4387
-12991
264
191
-355
1086
-3820
-4175
-5684
-3254
-4155
-327
514
-3121
-2338
-5864
-2974
-3063
42
1452
134
-988
-1155
-5475
1949
-4287
-13350
119
-1708
-2762
-4019
1450
-2874
-18430
265
-1181
-218
228
-3824
-3297
-5051
-2367
-3623
-240
192
-4344
-2562
-5344
-2802
-1919
127
745
-26
-107
-2233
-5456
2866
-3629
-11663
-129
-460
-3601
-4574
465
-3223
-11964
-51
11
-348
-84
-1464
-1869
-2770
-1446
-1955
-160
-303
-1662
-1188
-2584
-2480
-1466
190
-162
-89
-756
-2678
-3239
3396
-1792
-18829
-380
-944
-3883
-2694
838
-2137
-19011
-28
-1073
204
88
-1649
194
157
-71
-1170
86
-411
-2815
428
-1971
-1864
-569
123
-1150
-95
743
-1357
-1685
-1395
-1114
-16981
-300
456
-1506
-1370
-3469
-1366
-15769
-14
914
49
591
-2573
347
132
-766
-1971
-19
-91
-3069
1346
-1722
-2016
-2021
117
-884
5
470
-2818
-2232
-1860
-1842
-17735
-134
-767
-2482
-1708
-3396
-1381
-18954
123
-1039
-62
994
-1691
-572
-300
14
-1454
-264
226
-2257
441
-803
-1585
-2151
20
243
181
1028
-2458
-190
-2083
-1399
-18843
-13
619
-3246
-1662
-2129
-794
-18224
253
748
29
3844
-4576
-4294
-3796
-2963
-3687
-334
1514
-5028
-2848
-4097
-3938
-3866
44
1862
165
482
-1372
-1183
-1010
-3848
-19468
73
1253
-2461
-4100
-1195
-3944
-16525
146
1132
-144
1168
-6558
-7193
-8319
-6191
-6174
-375
797
-6774
-5617
-6892
-5756
-5735
129
1164
76
134
-887
-3214
606
-6018
-15647
179
272
-728
-6300
-700
-6368
-15134
302
99
-237
2172
-3567
-1905
-4598
-2719
-3454
-367
938
-5048
-1472
-4300
-4649
-2666
-26
1301
116
-2137
-3072
-2699
569
-3388
-24840
157
-1961
-3822
-5103
-3103
-4511
-20302
198
-1551
-108
3750
-3343
-581
-35
-1914
-2867
-277
3246
-5553
-1300
-1262
-4105
-1481
-21
2801
-75
-900
-3944
-2695
-1823
-2906
-24500
-72
-824
-5198
-5013
-4728
-4747
-17485
-88
-910
-345
1305
-2339
-767
167
-1494
-1824
-224
1343
-3493
-992
-499
-2854
106
65
-188
-135
-1434
-2857
-1730
283
-1726
-24026
-323
-904
-4009
-2681
-1762
-2729
-22577
27
-329
78
-1424
-1973
-244
-352
176
-1402
-26
-461
-2615
899
-1835
-1263
-1282
90
-802
-44
303
-1550
-1746
-778
-1364
-21160
-165
300
-1649
-1723
-2713
-1456
-21595
-4
393
-162
-436
-1485
553
-1446
-143
-1226
-285
434
-3080
1011
-3283
-2649
-3136
28
35
94
994
-2184
-807
-846
-1101
-22461
38
-128
-3107
-2527
-2897
-1969
-15815
142
58
123
2859
-3162
-3041
-3010
-2934
-2739
-267
1836
-3084
-1130
-4134
-3450
-4168
-33
1018
315
4013
-3664
1980
-859
-2603
-31327
171
2178
-3940
-2254
-959
-2746
-29560
107
1474
461
3945
-6052
-5452
-6080
-5255
-4225
-81
1830
-6451
-3965
-4990
-5869
-4795
-113
1689
403
316
-4011
3895
45
-3984
-25923
286
482
-3754
-4570
-1178
-5534
-18167
177
636
330
1055
-5903
-4935
-6328
-5948
-5580
-230
-837
-6512
-3923
-4674
-5860
-4535
-2
551
439
-2906
-4825
148
-228
-5097
-21293
124
-1180
-3013
-5839
-3979
-6451
-17995
239
-812
155
-84
-3880
-1637
-3209
-3529
-4193
-220
-1363
-6201
-3788
-4828
-6438
-73
31
-711
245
-1353
-4093
-3265
-1121
-3860
-24203
-114
292
-5129
-5521
-7889
-5910
-16613
85
-213
107
1087
-4449
-2639
1047
-4155
-4959
-54
-261
-5050
-4804
-1883
-4958
739
168
-1508
-137
-953
-6498
-4546
-2547
-4690
-19727
-163
-106
-5985
-3057
-7199
-4664
-20942
-21
-238
-14
472
-3667
-2304
938
-4379
-4443
38
118
-3446
-2058
-1152
-3793
-1204
163
-1004
-311
-2812
-5394
-3396
-2400
-4385
-11169
-333
-2541
-4368
-2302
-3945
-3204
-17187
-64
-1351
-268
365
-3341
-717
-2053
-2303
-2869
-295
333
-3964
205
-3176
-3323
-2336
-120
51
51
524
-3801
-3095
1308
-2911
-17412
-76
487
-4929
-3066
-1765
-3342
-15715
160
957
-297
2023
-4920
-3034
-3186
-4107
-4417
-361
1806
-5115
-1772
-5583
-3645
-2524
-79
626
157
2424
-4131
-3167
558
-4339
-18258
79
1362
-5335
-2910
-1080
-3719
-19277
227
984
215
233
-7215
-3804
-6364
-7264
-5395
-211
311
-7835
-2846
-7653
-6929
-4403
-31
431
249
4500
-4866
1616
-1554
-5158
-21258
182
1547
-5629
-5004
-2460
-6257
-16035
84
1410
511
-2581
-7312
-5551
-8630
-7431
-5298
98
-1764
-8690
-5817
-7914
-7655
-3657
-185
-321
436
450
-3309
6521
-2357
-4913
-20563
289
-655
-3236
-6668
-3276
-6980
-10706
20
61
308
-2284
-5049
-5014
-6798
-5423
-4476
-102
-1641
-7676
-5161
-8931
-6513
-2193
-168
-430
554
-4293
-2319
3787
-1292
-4007
-25767
120
-2601
-3491
-6465
-2944
-6554
-15635
116
-2020
211
-277
-2925
-3436
-3284
-3409
-3476
-21
-613
-6132
-5279
-8025
-6237
1198
-50
222
261
-631
-1176
36
-2535
-3259
-27514
-106
1514
-4740
-5555
-6423
-5750
-16346
-91
1043
221
-582
-4108
-3368
-259
-4588
-4637
156
-598
-4572
-5083
-4887
-5287
1050
-7
-502
-43
-781
-2997
-1090
-6115
-4550
-18074
-61
337
-5321
-3501
-6488
-5270
-17465
-39
306
179
-1021
-3521
-2069
507
-3403
-3388
339
-1350
-3124
-1531
-2623
-3117
-392
26
-799
-383
-3265
-2785
-160
-4269
-3207
-16947
-280
-2777
-3632
-1036
-3210
-2293
-21771
-163
-1804
-349
-1669
-4121
-1052
-939
-3204
-3344
-308
-1789
-5438
-1303
-2764
-4471
-1537
-120
-2178
-21
934
-3995
-3702
152
-3334
-17544
-214
735
-4806
-3902
-3475
-3747
-14798
86
618
-236
-952
-7704
-3168
-2419
-4918
-5867
-286
-1259
-6750
-2400
-4596
-3183
2
-12
-1074
-40
3844
-4751
-5661
-966
-5734
-12692
54
2794
-4846
-4148
-3447
-3875
-23214
91
2798
60
-3267
-7057
-3368
-5345
-5667
-5205
-193
-1994
-8480
-4021
-7520
-5762
-1711
-151
-1129
166
2676
-1271
-606
-3866
-4980
-22734
104
75
-2602
-5818
-6245
-5896
-20597
84
436
108
-4406
-6008
-4250
-5826
-5769
-5288
-288
-1362
-7503
-5186
-8499
-5441
-1417
-209
-82
393
241
-186
673
-4353
-4858
-21602
170
-549
-1553
-5953
-6201
-6111
-18213
231
-301
-101
-2040
-4539
-4578
-5516
-3319
-4074
-429
-289
-6397
-4036
-8734
-4173
-2705
-107
-170
566
-1819
2630
-116
-4466
-3738
-26358
66
-511
-55
-4769
-4395
-4819
-23360
157
-365
-129
-1114
-4140
-3739
-4712
-2637
-3647
-314
-915
-7017
-4193
-8231
-4553
-61
10
-780
409
-408
4065
-2301
-3767
-3320
-23372
-3
392
-490
-4702
-5862
-4381
-18311
23
325
-171
-1335
-4186
-1852
-4396
-3303
-4220
-161
-865
-6493
-5185
-7250
-5642
1479
73
-57
37
-1065
2745
-3188
-5603
-3854
-18671
132
-295
-1557
-5049
-8294
-5901
-14842
163
292
-184
-1429
-3203
463
-2614
-2219
-2663
-173
-1518
-5362
-1139
-4923
-4143
-170
-32
-668
-257
-2892
-222
-593
-4443
-2366
-21285
-163
-2861
-3011
-2060
-6483
-4172
-17470
-26
-2495
-313
-1737
-2470
-1151
-27
-1532
-1984
-269
-1414
-2715
-1620
-2103
-2496
-124
-201
-1562
-161
-138
-1686
-2644
-298
-1839
-18603
-303
-269
-1300
-1852
-3379
-1870
-20616
-92
-268
-285
-2537
-3779
-1203
-514
-2328
-2722
-437
-2511
-5100
-2690
-3873
-3691
650
-250
-2703
-37
2004
-1406
-3919
-997
-2661
-19939
-223
2098
-1317
-3973
-5670
-3576
-18568
-55
2106
-414
-2272
-3139
-1042
-2307
-2269
-2724
-552
-2063
-5281
-2349
-4298
-4330
-2060
-265
-2611
115
764
-1430
-2570
-1533
-2534
-23120
15
358
-1659
-4572
-5939
-4295
-16968
223
511
-475
-2552
-2620
-1656
-1433
-1205
-2464
-572
-2571
-4585
-2681
-2669
-3348
-3032
-287
-2469
240
498
-1382
-2242
-2548
-2290
-22765
105
512
-615
-4244
-6075
-3638
-17310
308
559
-348
-2563
-3238
-3102
-3853
-1192
-3407
-485
-1844
-3143
-1601
-3176
-1803
-3750
-227
-2337
243
-516
-1743
-3200
-1002
-3259
-13569
65
-498
-123
-3224
-3530
-2439
-18123
186
-617
-58
-2571
-2806
-1662
-2764
787
-1605
-385
-1741
-2826
-680
-2406
-778
-2317
-177
-2282
198
-1042
-1036
-1524
392
-1351
-20738
-134
-1656
377
-1617
-2652
-900
-23665
-58
-882
-66
-2564
-2394
-1964
-2190
452
-1534
-282
-2084
-1842
-2033
-2240
-528
-887
-74
-2918
-143
-931
-809
-1443
456
-1337
-20370
-284
-719
505
-1470
-2416
-1143
-23685
-104
-478
-141
-1628
-1668
-89
-1615
-44
-1163
-321
-1264
-1943
-754
-2097
-1564
-367
-100
-1600
-221
-1283
-1214
-1042
-169
-1023
-18006
-288
-659
-912
-1301
-3326
-1824
-18280
-148
-697
0
0
0
0
0
0
0
0
0
0
0
-1130
268
-448
-921
-981
0
0
0
0
0
0
0
0
0
0
0
836
-1559
-1984
-904
-15443
0
0
0
0
0
0
0
0
0
0
0
-1564
693
-1930
-1067
-1465
0
0
0
0
0
0
0
0
0
0
0
97
-2857
-1120
-1317
-14291
0
0
0
0
0
0
0
0
0
0
0
-2065
123
-2484
-484
-1973
0
0
0
0
0
0
0
0
0
0
0
65
-2611
-2986
-1790
-14122
0
0
0
0
0
0
0
0
0
0
0
-2108
64
-2961
119
-2100
0
0
0
0
0
0
0
0
0
0
0
342
-3254
-3628
-1991
-12864
0
0
0
0
0
0
0
0
0
0
0
-1733
254
-2753
720
-1738
0
0
0
0
0
0
0
0
0
0
0
97
-2871
-3171
-1673
-13832
0
0
0
0
0
0
0
0
0
0
0
-1432
-728
-2114
437
-1342
0
0
0
0
0
0
0
0
0
0
0
822
-2581
-2033
-1322
-14663
0
0
0
0
0
0
0
0
0
0
0
-1345
-1040
-1403
670
-1215
0
0
0
0
0
0
0
0
0
0
0
564
-2570
-1641
-1194
-15574
0
0
0
0
0
0
0
0
0
0
0
-1281
-137
-1326
16
-1104
0
0
0
0
0
0
0
0
0
0
0
-160
-1709
-1526
-1037
-13477
0
0
0
0
0
0
0
0
0
0
0
-1206
716
-886
-473
-1097
0
0
0
0
0
0
0
0
0
0
0
237
-1535
-1904
-1063
-14831
0
0
0
0
0
0
0
0
0
0
0
-1497
881
-1532
-1068
-1580
0
0
0
0
0
0
0
0
0
0
0
-264
-2897
-1485
-1519
-17991
0
0
0
0
0
0
0
0
0
0
0
-1405
834
-1862
261
-1299
0
0
0
0
0
0
0
0
0
0
0
-725
-1792
-2498
-1225
-20211
0
0
0
0
0
0
0
0
0
0
0
-993
-860
-2544
1774
-1373
0
0
0
0
0
0
0
0
0
0
0
-790
-1866
-2255
-1288
-19638
0
0
0
0
0
0
0
0
0
0
0
-622
-796
-2141
1463
-1001
0
0
0
0
0
0
0
0
0
0
0
-1095
-1645
-1300
-1041
-18931
0
0
0
0
0
0
0
0
0
0
0
-785
-1523
-1845
594
-1010
0
0
0
0
0
0
0
0
0
0
0
-861
-2000
288
-975
-19681
0
0
0
0
0
0
0
0
0
0
0
-1633
-1999
-3113
535
-1611
0
0
0
0
0
0
0
0
0
0
0
-1477
-3114
1832
-1586
-17216
0
0
0
0
0
0
0
0
0
0
0
-1915
-1296
-3774
71
-1885
0
0
0
0
0
0
0
0
0
0
0
-1910
-2777
1479
-1919
-13960
0
0
0
0
0
0
0
0
0
0
0
-733
136
-304
314
-775
0
0
0
0
0
0
0
0
0
0
0
-289
-1386
-1383
-743
-19984
0
0
0
0
0
0
0
0
0
0
0
-1626
-210
-545
292
-1210
0
0
0
0
0
0
0
0
0
0
0
-835
-2721
-1073
-1189
-20202
0
0
0
0
0
0
0
0
0
0
0
-1722
-787
-624
1450
-754
0
0
0
0
0
0
0
0
0
0
0
-993
-644
-2116
-669
-19857
0
0
0
0
0
0
0
0
0
0
0
-2231
-2472
-1695
720
-1513
0
0
0
0
0
0
0
0
0
0
0
-1065
-16
-1730
-1449
-21159
0
0
0
0
0
0
0
0
0
0
0
-3076
-3819
-4140
-2397
-2831
0
0
0
0
0
0
0
0
0
0
0
-1117
-577
-733
-2788
-15078
0
0
0
0
0
0
0
0
0
0
0
-2559
-3608
-4458
-1084
-2602
0
0
0
0
0
0
0
0
0
0
0
-1420
-2346
1101
-2476
-17441
0
0
0
0
0
0
0
0
0
0
0
-1841
-1826
-2559
-368
-1466
0
0
0
0
0
0
0
0
0
0
0
-1559
-2597
2271
-1421
-18682
0
0
0
0
0
0
0
0
0
0
0
-1362
-2120
-2562
-1036
-1830
0
0
0
0
0
0
0
0
0
0
0
-1740
-2802
2332
-1776
-15287
0
0
0
0
0
0
0
0
0
0
0
-1420
-1371
-995
2075
-1202
0
0
0
0
0
0
0
0
0
0
0
-1049
-2159
-1795
-1191
-13531
0
0
0
0
0
0
0
0
0
0
0
-2630
-1141
-201
2616
-1271
0
0
0
0
0
0
0
0
0
0
0
-2666
-1977
-1878
-1198
-18236
0
0
0
0
0
0
0
0
0
0
0
-2928
-2289
-1088
2556
-1425
0
0
0
0
0
0
0
0
0
0
0
-3289
862
-2868
-1331
-17138
0
0
0
0
0
0
0
0
0
0
0
-4456
-4959
-3144
-2285
-3308
0
0
0
0
0
0
0
0
0
0
0
-2617
2456
-3417
-3274
-18038
0
0
0
0
0
0
0
0
0
0
0
-4890
-6641
-7064
-6204
-4965
0
0
0
0
0
0
0
0
0
0
0
-2555
2022
-2492
-4942
-16582
0
0
0
0
0
0
0
0
0
0
0
-3123
-3637
-6009
-1160
-3549
0
0
0
0
0
0
0
0
0
0
0
-3968
62
-1278
-3439
-20594
0
0
0
0
0
0
0
0
0
0
0
-1071
-1156
-803
-245
-1987
0
0
0
0
0
0
0
0
0
0
0
-3785
-1431
-2011
-1867
-24793
0
0
0
0
0
0
0
0
0
0
0
-982
-1071
-446
-619
-1358
0
0
0
0
0
0
0
0
0
0
0
-1713
-1695
-265
-1294
-23248
0
0
0
0
0
0
0
0
0
0
0
-928
-1330
-1200
1341
-1104
0
0
0
0
0
0
0
0
0
0
0
-1275
-1537
-1018
-1098
-18982
0
0
0
0
0
0
0
0
0
0
0
-1968
-940
-1396
1252
-1209
0
0
0
0
0
0
0
0
0
0
0
-2928
456
-1622
-1129
-19303
0
0
0
0
0
0
0
0
0
0
0
-5331
-4274
-4805
-1852
-3677
0
0
0
0
0
0
0
0
0
0
0
-5556
6149
-4111
-3571
-25550
0
0
0
0
0
0
0
0
0
0
0
-9532
-10078
-9244
-8779
-9098
0
0
0
0
0
0
0
0
0
0
0
-9373
7773
-6597
-9135
1464
0
0
0
0
0
0
0
0
0
0
0
-5289
-6054
-7042
-5211
-5418
0
0
0
0
0
0
0
0
0
0
0
-5978
4334
-3676
-5375
-19351
0
0
0
0
0
0
0
0
0
0
0
-4253
-3020
-4698
373
-4141
0
0
0
0
0
0
0
0
0
0
0
-4348
-2185
-2634
-4074
-22167
0
0
0
0
0
0
0
0
0
0
0
-3851
-3189
-1033
-471
-4693
0
0
0
0
0
0
0
0
0
0
0
-6823
-4545
-3646
-4531
-18442
0
0
0
0
0
0
0
0
0
0
0
-2117
-1461
352
-1024
-1938
0
0
0
0
0
0
0
0
0
0
0
-2631
-2021
-1440
-1856
-21110
0
0
0
0
0
0
0
0
0
0
0
-1517
-1622
-2175
-2071
-2208
0
0
0
0
0
0
0
0
0
0
0
-3305
-1412
1006
-2178
-15989
0
0
0
0
0
0
0
0
0
0
0
-2852
-2514
-2002
-2454
-2392
0
0
0
0
0
0
0
0
0
0
0
-3985
1076
-476
-2169
-27195
0
0
0
0
0
0
0
0
0
0
0
-7691
-6136
-7790
-7491
-6687
0
0
0
0
0
0
0
0
0
0
0
-8410
9483
-6880
-6538
-14351
0
0
0
0
0
0
0
0
0
0
0
-10392
-10910
-13271
-11623
-10883
0
0
0
0
0
0
0
0
0
0
0
-11004
12411
-10176
-10825
9967
0
0
0
0
0
0
0
0
0
0
0
-4245
-7107
-9883
-5138
-6024
0
0
0
0
0
0
0
0
0
0
0
-6593
7569
-6055
-5598
-17157
0
0
0
0
0
0
0
0
0
0
0
-2974
-3902
-5177
-1854
-4011
0
0
0
0
0
0
0
0
0
0
0
-2290
704
-4737
-3807
-22982
0
0
0
0
0
0
0
0
0
0
0
-3507
-3157
-2648
-3377
-4795
0
0
0
0
0
0
0
0
0
0
0
-2753
-1188
-6476
-4481
-16183
0
0
0
0
0
0
0
0
0
0
0
-2362
-2364
-1723
-2386
-3092
0
0
0
0
0
0
0
0
0
0
0
-2244
1148
-4342
-2810
-17033
0
0
0
0
0
0
0
0
0
0
0
-1341
-1515
-797
-2771
-2232
0
0
0
0
0
0
0
0
0
0
0
-3348
-1910
-287
-2220
-19148
0
0
0
0
0
0
0
0
0
0
0
-4401
-3499
-1577
-4680
-4736
0
0
0
0
0
0
0
0
0
0
0
-5522
-2549
-1855
-4742
-17546
0
0
0
0
0
0
0
0
0
0
0
-5595
-4473
-6312
-6298
-5534
0
0
0
0
0
0
0
0
0
0
0
-4990
4680
-6770
-5592
-19514
0
0
0
0
0
0
0
0
0
0
0
-3873
-4730
-7323
-6455
-5207
0
0
0
0
0
0
0
0
0
0
0
-3597
4600
-6625
-5307
-18174
0
0
0
0
0
0
0
0
0
0
0
-2590
-4927
-7749
-3474
-4437
0
0
0
0
0
0
0
0
0
0
0
-1039
2324
-6445
-4368
-23263
0
0
0
0
0
0
0
0
0
0
0
-3906
-4450
-6506
-3084
-4263
0
0
0
0
0
0
0
0
0
0
0
2389
-1373
-5282
-4192
-17094
0
0
0
0
0
0
0
0
0
0
0
-4015
-2076
-5573
-3512
-4385
0
0
0
0
0
0
0
0
0
0
0
2372
-3371
-5978
-4393
-12814
0
0
0
0
0
0
0
0
0
0
0
-1871
-204
-3606
-2308
-2398
0
0
0
0
0
0
0
0
0
0
0
-157
802
-4179
-2157
-19416
0
0
0
0
0
0
0
0
0
0
0
-398
-1137
-186
-1471
-1488
0
0
0
0
0
0
0
0
0
0
0
-1125
-1759
-1306
-1318
-18613
0
0
0
0
0
0
0
0
0
0
0
-1190
-1685
-487
-2470
-2420
0
0
0
0
0
0
0
0
0
0
0
-1630
-2954
-1974
-2306
-18361
0
0
0
0
0
0
0
0
0
0
0
-1804
-1410
-2139
-2723
-2256
0
0
0
0
0
0
0
0
0
0
0
-1522
-1580
-1321
-2146
-21936
0
0
0
0
0
0
0
0
0
0
0
-2443
-2286
-1885
-1544
-2460
0
0
0
0
0
0
0
0
0
0
0
-1366
-2430
-1886
-2433
-20061
0
0
0
0
0
0
0
0
0
0
0
-2555
-2614
-3071
-1034
-2373
0
0
0
0
0
0
0
0
0
0
0
-792
-2810
-607
-2222
-18170
0
0
0
0
0
0
0
0
0
0
0
-2295
-2716
-2906
-518
-2265
0
0
0
0
0
0
0
0
0
0
0
-1209
-1365
-1241
-2267
-16474
0
0
0
0
0
0
0
0
0
0
0
-1431
-2001
-2119
-835
-1465
0
0
0
0
0
0
0
0
0
0
0
118
-1162
-1122
-1586
-19284
0
0
0
0
0
0
0
0
0
0
0
-954
-491
-1501
-645
-918
0
0
0
0
0
0
0
0
0
0
0
-442
-275
-876
-893
-17658
0
0
0
0
0
0
0
0
0
0
0
0
0
0
0
0
0
0
0
0
0
0
0
0
0
0
0
0
0
0
0
0
0
0
0
0
0
0
0
0
0
0
0
0
0
0
0
0
0
0
0
0
0
0
0
0
0
0
0
0
0
0
0
0
0
0
0
0
0
0
0
0
0
0
0
0
0
0
0
0
0
0
0
0
0
0
0
0
0
0
0
0
0
0
0
0
0
0
0
0
0
0
0
0
0
0
0
0
0
0
0
0
0
0
0
0
0
0
0
0
0
0
0
0
0
0
0
0
0
0
0
0
0
0
0
0
0
0
0
0
0
0
0
0
0
0
0
0
0
0
0
0
0
0
0
0
0
0
0
0
0
0
0
0
0
0
0
0
0
0
0
0
0
0
0
0
0
0
0
0
0
0
0
0
0
0
0
0
0
0
0
0
0
0
0
0
0
0
0
0
0
0
0
0
0
0
0
0
0
0
0
0
0
0
0
0
0
0
0
0
0
0
0
0
0
0
0
0
0
0
0
0
0
0
0
0
0
0
0
0
0
0
0
0
0
0
0
0
0
0
0
0
0
0
0
0
0
0
0
0
0
0
0
0
0
0
0
0
0
0
0
0
0
0
0
0
0
0
0
0
0
0
0
0
0
0
0
0
0
0
0
0
0
0
0
0
0
0
0
0
0
0
0
0
0
0
0
0
0
0
0
0
0
0
0
0
0
0
0
0
0
0
0
0
0
0
0
0
0
0
0
0
0
0
0
0
0
0
0
0
0
0
0
0
0
0
0
0
0
0
0
0
0
0
0
0
0
0
0
0
0
0
0
0
0
0
0
0
0
0
0
0
0
0
0
0
0
0
0
0
0
0
0
0
0
0
0
0
0
0
0
0
0
0
0
0
0
0
0
0
0
0
0
0
0
0
0
0
0
0
0
0
0
0
0
0
0
0
0
0
0
0
0
0
0
0
0
0
0
0
0
0
0
0
0
0
0
0
0
0
0
0
0
0
0
0
0
0
0
0
0
0
0
0
0
0
0
0
0
0
0
0
0
0
0
0
0
0
0
0
0
0
0
0
0
0
0
0
0
0
0
0
0
0
0
0
0
0
0
0
0
0
0
0
0
0
0
0
0
0
0
0
0
0
0
0
0
0
0
0
0
0
0
0
0
0
0
0
0
0
0
0
0
0
0
0
0
0
0
0
0
0
0
0
0
0
0
0
0
0
0
0
0
0
0
0
0
0
0
0
0
0
0
0
0
0
0
0
0
0
0
0
0
0
0
0
0
0
0
0
0
0
0
0
0
0
0
0
0
0
0
0
0
0
0
0
0
0
0
0
0
0
0
0
0
0
0
0
0
0
0
0
0
0
0
0
0
0
0
0
0
0
0
0
0
0
0
0
0
0
0
0
0
0
0
0
0
0
0
0
0
0
0
0
0
0
0
0
0
0
0
0
0
0
0
0
0
0
0
0
0
0
0
0
0
0
0
0
0
0
0
0
0
0
0
0
0
0
0
0
0
0
0
0
0
0
0
0
0
0
0
0
0
0
0
0
0
0
0
0
0
0
0
0
0
0
0
0
0
0
0
0
0
0
0
0
0
0
0
0
0
0
0
0
0
0
0
0
0
0
0
0
0
0
0
0
0
0
0
0
0
0
0
0
0
0
0
0
0
0
0
0
0
0
0
0
0
0
0
0
0
0
0
0
0
0
0
0
0
0
0
0
0
0
0
0
0
0
0
0
0
0
0
0
0
0
0
0
0
0
0
0
0
0
0
0
0
0
0
0
0
0
0
0
0
0
0
0
0
0
0
0
0
0
0
0
0
0
0
0
0
0
0
0
0
0
0
0
0
0
0
0
0
0
0
0
0
0
0
0
0
0
0
0
0
0
0
0
0
0
0
0
0
0
0
0
0
0
0
0
0
0
0
0
0
0
0
0
0
0
0
0
0
0
0
0
0
0
0
0
0
0
0
0
0
0
0
0
0
0
0
0
0
0
0
0
0
0
0
0
0
0
0
0
0
0
0
0
0
0
0
0
0
0
0
0
0
0
0
0
0
0
0
0
0
0
0
0
0
0
0
0
0
0
0
0
0
0
0
0
0
0
0
0
0
0
0
0
0
0
0
0
0
0
0
0
0
0
0
0
0
0
0
0
0
0
0
0
0
0
0
0
0
0
0
0
0
0
0
0
0
0
0
0
0
0
0
0
0
0
0
0
0
0
0
0
0
0
0
0
0
0
0
0
0
0
0
0
0
0
0
0
0
0
0
0
0
0
0
0
0
0
0
0
0
0
0
0
0
0
0
0
0
0
0
0
0
0
0
0
0
0
0
0
0
0
0
0
0
0
0
0
0
0
0
0
0
0
0
0
0
0
0
0
0
0
0
0
0
0
0
0
0
0
0
0
0
0
0
0
0
0
0
0
0
0
0
0
0
0
0
0
0
0
0
0
0
0
0
0
0
0
0
0
0
0
0
0
0
0
0
0
0
0
0
0
0
0
0
0
0
0
0
0
0
0
0
0
0
0
0
0
0
0
0
0
0
0
0
0
0
0
0
0
0
0
0
0
0
0
0
0
0
0
0
0
0
0
0
0
0
0
0
0
0
0
0
0
0
0
0
0
0
0
0
0
0
0
0
0
0
0
0
0
0
0
0
0
0
0
0
0
0
0
0
0
0
0
0
0
0
0
0
0
0
0
0
0
0
0
0
0
0
0
0
0
0
0
0
0
0
0
0
0
0
0
0
0
0
0
0
0
0
0
0
0
0
0
0
0
0
0
0
0
0
0
0
0
0
0
0
0
0
0
0
0
0
0
0
0
0
0
0
0
0
0
0
0
0
0
0
0
0
0
0
0
0
0
0
0
0
0
0
0
0
0
0
0
0
0
0
0
0
0
0
0
0
0
0
0
0
0
0
0
0
0
0
0
0
0
0
0
0
0
0
0
0
0
0
0
0
0
0
0
0
0
0
0
0
0
0
0
0
0
0
0
0
0
0
0
0
0
0
0
0
0
0
0
0
0
0
0
0
0
0
0
0
0
0
0
0
0
0
0
0
0
0
0
0
0
0
0
0
0
0
0
0
0
0
0
0
0
0
0
0
0
0
0
0
0
0
0
0
0
0
0
0
0
0
0
0
0
0
0
0
0
0
0
0
0
0
0
0
0
0
0
0
0
0
0
0
0
0
0
0
0
0
0
0
0
0
0
0
0
0
0
0
0
0
0
0
0
0
0
0
0
0
0
0
0
0
0
0
0
0
0
0
0
0
0
0
0
0
0
0
0
0
0
0
0
0
0
0
0
0
0
0
0
0
0
0
0
0
0
0
0
0
0
0
0
0
0
0
0
0
0
0
0
0
0
0
0
0
0
0
0
0
0
0
0
0
0
0
0
0
0
0
0
0
0
0
0
0
0
0
0
0
0
0
0
0
0
0
0
0
0
0
0
0
0
0
0
0
0
0
0
0
0
0
0
0
0
0
0
0
0
0
0
0
0
0
0
0
0
0
0
0
0
0
0
0
0
0
0
0
0
0
0
0
0
0
0
0
0
0
0
0
0
0
0
0
0
0
0
0
0
0
0
0
0
0
0
0
0
0
0
0
0
0
0
0
0
0
0
0
0
0
0
0
0
0
0
0
0
0
0
0
0
0
0
0
0
0
0
0
0
0
0
0
0
0
0
0
0
0
0
0
0
0
0
0
0
0
0
0
0
0
0
0
0
0
0
0
0
0
0
0
0
0
0
0
0
0
0
0
0
0
0
0
0
0
0
0
0
0
0
0
0
0
0
0
0
0
0
0
0
0
0
0
0
0
0
0
0
0
0
0
0
0
0
0
0
0
0
0
0
0
0
0
0
0
0
0
0
0
0
0
0
0
0
0
0
0
0
0
0
0
0
0
0
0
0
0
0
0
0
0
0
0
0
0
0
0
0
0
0
0
0
0
0
0
0
0
0
0
0
0
0
0
0
0
0
0
0
0
0
0
0
0
0
0
0
0
0
0
0
0
0
0
0
0
0
0
0
0
0
0
0
0
0
0
0
0
0
0
0
0
0
0
0
0
0
0
0
0
0
0
0
0
0
0
0
0
0
0
0
0
0
0
0
0
0
0
0
0
0
0
0
0
0
0
0
0
0
0
0
0
0
0
0
0
0
0
0
0
0
0
0
0
0
0
0
0
0
0
0
0
0
0
0
0
0
0
0
0
0
0
0
0
0
0
0
0
0
0
0
0
0
0
0
0
0
0
0
0
0
0
0
0
0
0
0
0
0
0
0
0
0
0
0
0
0
0
0
0
0
0
0
0
0
0
0
0
0
0
0
0
0
0
0
0
0
0
0
0
0
0
0
0
0
0
0
0
0
0
0
0
0
0
0
0
0
0
0
0
0
0
0
0
0
0
0
0
0
0
0
0
0
0
0
0
0
0
0
0
0
0
0
0
0
0
0
0
0
0
0
0
0
0
0
0
0
0
0
0
0
0
0
0
0
0
0
0
0
0
0
0
0
0
0
0
0
0
0
0
0
0
0
0
0
0
0
0
0
0
0
0
0
0
0
0
0
0
0
0
0
0
0
0
0
0
0
0
0
0
0
0
0
0
0
0
0
0
0
0
0
0
0
0
0
0
0
0
0
0
0
0
0
0
0
0
0
0
0
0
0
0
0
0
0
0
0
0
0
0
0
0
0
0
0
0
0
0
0
0
0
0
0
0
0
0
0
0
0
0
0
0
0
0
0
0
0
0
0
0
0
0
0
0
0
0
0
0
0
0
0
0
0
0
0
0
0
0
0
0
0
0
0
0
0
0
0
0
0
0
0
0
0
0
0
0
0
0
0
0
0
0
0
0
0
0
0
0
0
0
0
0
0
0
0
0
0
0
0
0
0
0
0
0
0
0
0
0
0
0
0
0
0
0
0
0
0
0
0
0
0
0
0
0
0
0
0
0
0
0
0
0
0
0
0
0
0
0
0
0
0
0
0
0
0
0
0
0
0
0
0
0
0
0
0
0
0
0
0
0
0
0
0
0
0
0
0
0
0
0
0
0
0
0
0
0
0
0
0
0
0
0
0
0
0
0
0
0
0
0
0
0
0
0
0
0
0
0
0
0
0
0
0
0
0
0
0
0
0
0
0
0
0
0
0
0
0
0
0
0
0
0
0
0
0
0
0
0
0
0
0
0
0
0
0
0
0
0
0
0
0
0
0
0
0
0
0
0
0
0
0
0
0
0
0
0
0
0
0
0
0
0
0
0
0
0
0
0
0
0
0
0
0
0
0
0
0
0
0
0
0
0
0
0
0
0
0
0
0
0
0
0
0
0
0
0
0
0
0
0
0
0
0
0
0
0
0
0
0
0
0
0
0
0
0
0
0
0
0
0
0
0
0
0
0
0
0
0
0
0
0
0
0
0
0
0
0
0
0
0
0
0
0
0
0
0
0
0
0
0
0
0
0
0
0
0
0
0
0
0
0
0
0
0
0
0
0
0
0
0
0
0
0
0
0
0
0
0
0
0
0
0
0
0
0
0
0
0
0
0
0
0
0
0
0
0
0
0
0
0
0
0
0
0
0
0
0
0
0
0
0
0
0
0
0
0
0
0
0
0
0
0
0
0
0
0
0
0
0
0
0
0
0
0
0
0
0
0
0
0
0
0
0
0
0
0
0
0
0
0
0
0
0
0
0
0
0
0
0
0
0
0
0
0
0
0
0
0
0
0
0
0
0
0
0
0
0
0
0
0
0
0
0
0
0
0
0
0
0
0
0
0
0
0
0
0
0
0
0
0
0
0
0
0
0
0
0
0
0
0
0
0
0
0
0
0
0
0
0
0
0
0
0
0
0
0
0
0
0
0
0
0
0
0
0
0
0
0
0
0
0
0
0
0
0
0
0
0
0
0
0
0
0
0
0
0
0
0
0
0
0
0
0
0
0
0
0
0
0
0
0
0
0
0
0
0
0
0
0
0
0
0
0
0
0
0
0
0
0
0
0
0
0
0
0
0
0
0
0
0
0
0
0
0
0
0
0
0
0
0
0
0
0
0
0
0
0
0
0
0
0
0
0
0
0
0
0
0
0
0
0
0
0
0
0
0
0
0
0
0
0
0
0
0
0
0
0
0
0
0
0
0
0
0
0
0
0
0
0
0
0
0
0
0
0
0
0
0
0
0
0
0
0
0
0
0
0
0
0
0
0
0
0
0
0
0
0
0
0
0
0
0
0
0
0
0
0
0
0
0
0
0
0
0
0
0
0
0
0
0
0
0
0
0
0
0
0
0
0
0
0
0
0
0
0
0
0
0
0
0
0
0
0
0
0
0
0
0
0
0
0
0
0
0
0
0
0
0
0
0
0
0
0
0
0
0
0
0
0
0
0
0
0
0
0
0
0
0
0
0
0
0
0
0
0
0
0
0
0
0
0
0
0
0
0
0
0
0
0
0
0
0
0
0
0
0
0
0
0
0
0
0
0
0
0
0
0
0
0
0
0
0
0
0
0
0
0
0
0
0
0
0
0
0
0
0
0
0
0
0
0
0
0
0
0
0
0
0
0
0
0
0
0
0
0
0
0
0
0
0
0
0
0
0
0
0
0
0
0
0
0
0
0
0
0
0
0
0
0
0
0
0
0
0
0
0
0
0
0
0
0
0
0
0
0
0
0
0
0
0
0
0
0
0
0
0
0
0
0
0
0
0
0
0
0
0
0
0
0
0
0
0
0
0
0
0
0
0
0
0
0
0
0
0
0
0
0
0
0
0
0
0
0
0
0
0
0
0
0
0
0
0
0
0
0
0
0
0
0
0
0
0
0
0
0
0
0
0
0
0
0
0
0
0
0
0
0
0
0
0
0
0
0
0
0
0
0
0
0
0
0
0
0
0
0
0
0
0
0
0
0
0
0
0
0
0
0
0
0
0
0
0
0
0
0
0
0
0
0
0
0
0
0
0
0
0
0
0
0
0
0
0
0
0
0
0
0
0
0
0
0
0
0
0
0
0
0
0
0
0
0
0
0
0
0
0
0
0
0
0
0
0
0
0
0
0
0
0
0
0
0
0
0
0
0
0
0
0
0
0
0
0
0
0
0
0
0
0
0
0
0
0
0
0
0
0
0
0
0
0
0
0
0
0
0
0
0
0
0
0
0
0
0
0
0
0
0
0
0
0
0
0
0
0
0
0
0
0
0
0
0
0
0
0
0
0
0
0
0
0
0
0
0
0
0
0
0
0
0
0
0
0
0
0
0
0
0
0
0
0
0
0
0
0
0
0
0
0
0
0
0
0
0
0
0
0
0
0
0
0
0
0
0
0
0
0
0
0
0
0
0
0
0
0
0
0
0
0
0
0
0
0
0
0
0
0
0
0
0
0
0
0
0
0
0
0
0
0
0
0
0
0
0
0
0
0
0
0
0
0
0
0
0
0
0
0
0
0
0
0
0
0
0
0
0
0
0
0
0
0
0
0
0
0
0
0
0
0
0
0
0
0
0
0
0
0
0
0
0
0
0
0
0
0
0
0
0
0
0
0
0
0
0
0
0
0
0
0
0
0
0
0
0
0
0
0
0
0
0
0
0
0
0
0
0
0
0
0
0
0
0
0
0
0
0
0
0
0
0
0
0
0
0
0
0
0
0
0
0
0
0
0
0
0
0
0
0
0
0
0
0
0
0
0
0
0
0
0
0
0
0
0
0
0
0
0
0
0
0
0
0
0
0
0
0
0
0
0
0
0
0
0
0
0
0
0
0
0
0
0
0
0
0
0
0
0
0
0
0
0
0
0
0
0
0
0
0
0
0
0
0
0
0
0
0
0
0
0
0
0
0
0
0
0
0
0
0
0
0
0
0
0
0
0
0
0
0
0
0
0
0
0
0
0
0
0
0
0
0
0
0
0
0
0
0
0
0
0
0
0
0
0
0
0
0
0
0
0
0
0
0
0
0
0
0
0
0
0
0
0
0
0
0
0
0
0
0
0
0
0
0
0
0
0
0
0
0
0
0
0
0
0
0
0
0
0
0
0
0
0
0
0
0
0
0
0
0
0
0
0
0
0
0
0
0
0
0
0
0
0
0
0
0
0
0
0
0
0
0
0
0
0
0
0
0
0
0
0
0
0
0
0
0
0
0
0
0
0
0
0
0
0
0
0
0
0
0
0
0
0
0
0
0
0
0
0
0
0
0
0
0
0
0
0
0
0
0
0
0
0
0
0
0
0
0
0
0
0
0
0
0
0
0
0
0
0
0
0
0
0
0
0
0
0
0
0
0
0
0
0
0
0
0
0
0
0
0
0
0
0
0
0
0
0
0
0
0
0
0
0
0
0
0
0
0
0
0
0
0
0
0
0
0
0
0
0
0
0
0
0
0
0
0
0
0
0
0
0
0
0
0
0
0
0
0
0
0
0
0
0
0
0
0
0
0
0
0
0
0
0
0
0
0
0
0
0
0
0
0
0
0
0
0
0
0
0
0
0
0
0
0
0
0
0
0
0
0
0
0
0
0
0
0
0
0
0
0
0
0
0
0
0
0
0
0
0
0
0
0
0
0
0
0
0
0
0
0
0
0
0
0
0
0
0
0
0
0
0
0
0
0
0
0
0
0
0
0
0
0
0
0
0
0
0
0
0
0
0
0
0
0
0
0
0
0
0
0
0
0
0
0
0
0
0
0
0
0
0
0
0
0
0
0
0
0
0
0
0
0
0
0
0
0
0
0
0
0
0
0
0
0
0
0
0
0
0
0
0
0
0
0
0
0
0
0
0
0
0
0
0
0
0
0
0
0
0
0
0
0
0
0
0
0
0
0
0
0
0
0
0
0
0
0
0
0
0
0
0
0
0
0
0
0
0
0
0
0
0
0
0
0
0
0
0
0
0
0
0
0
0
0
0
0
0
0
0
0
0
0
0
0
0
0
0
0
0
0
0
0
0
0
0
0
0
0
0
0
0
0
0
0
0
0
0
0
0
0
0
0
0
0
0
0
0
0
0
0
0
0
0
0
0
0
0
0
0
0
0
0
0
0
0
0
0
0
0
0
0
0
0
0
0
0
0
0
0
0
0
0
0
0
0
0
0
0
0
0
0
0
0
0
0
0
0
0
0
0
0
0
0
0
0
0
0
0
0
0
0
0
0
0
0
0
0
0
0
0
0
0
0
0
0
0
0
0
0
0
0
0
0
0
0
0
0
0
0
0
0
0
0
0
0
0
0
0
0
0
0
0
0
0
0
0
0
0
0
0
0
0
0
0
0
0
0
0
0
0
0
0
0
0
0
0
0
0
0
0
0
0
0
0
0
0
0
0
0
0
0
0
0
0
0
0
0
0
0
0
0
0
0
0
0
0
0
0
0
0
0
0
0
0
0
0
0
0
0
0
0
0
0
0
0
0
0
0
0
0
0
0
0
0
0
0
0
0
0
0
0
0
0
0
0
0
0
0
0
0
0
0
0
0
0
0
0
0
0
0
0
0
0
0
0
0
0
0
0
0
0
0
0
0
0
0
0
0
0
0
0
0
0
0
0
0
0
0
0
0
0
0
0
0
0
0
0
0
0
0
0
0
0
0
0
0
0
0
0
0
0
0
0
0
0
0
0
0
0
0
0
0
0
0
0
0
0
0
0
0
0
0
0
0
0
0
0
0
0
0
0
0
0
0
0
0
0
0
0
0
0
0
0
0
0
0
0
0
0
0
0
0
0
0
0
0
0
0
0
0
0
0
0
0
0
0
0
0
0
0
0
0
0
0
0
0
0
0
0
0
0
0
0
0
0
0
0
0
0
0
0
0
0
0
0
0
0
0
0
0
0
0
0
0
0
0
0
0
0
0
0
0
0
0
0
0
0
0
0
0
0
0
0
0
0
0
0
0
0
0
0
0
0
0
0
0
0
0
0
0
0
0
0
0
0
0
0
0
0
0
0
0
0
0
0
0
0
0
0
0
0
0
0
0
0
0
0
0
0
0
0
0
0
0
0
0
0
0
0
0
0
0
0
0
0
0
0
0
0
0
0
0
0
0
0
0
0
0
0
0
0
0
0
0
0
0
0
0
0
0
0
0
0
0
0
0
0
0
0
0
0
0
0
0
0
0
0
0
0
0
0
0
0
0
0
0
0
0
0
0
0
0
0
0
0
0
0
0
0
0
0
0
0
0
0
0
0
0
0
0
0
0
0
0
0
0
0
0
0
0
0
0
0
0
0
0
0
0
0
0
0
0
0
0
0
0
0
0
0
0
0
0
0
0
0
0
0
0
0
0
0
0
0
0
0
0
0
0
0
0
0
0
0
0
0
0
0
0
0
0
0
0
0
0
0
0
0
0
0
0
0
0
0
0
0
0
0
0
0
0
0
0
0
0
0
0
0
0
0
0
0
0
0
0
0
0
0
0
0
0
0
0
0
0
0
0
0
0
0
0
0
0
0
0
0
0
0
0
0
0
0
0
0
0
0
0
0
0
0
0
0
0
0
0
0
0
0
0
0
0
0
0
0
0
0
0
0
0
0
0
0
0
0
0
0
0
0
0
0
0
0
0
0
0
0
0
0
0
0
0
0
0
0
0
0
0
0
0
0
0
0
0
0
0
0
0
0
0
0
0
0
0
0
0
0
0
0
0
0
0
0
0
0
0
0
0
0
0
0
0
0
0
0
0
0
0
0
0
0
0
0
0
0
0
0
0
0
0
0
0
0
0
0
0
0
0
0
0
0
0
0
0
0
0
0
0
0
0
0
0
0
0
0
0
0
0
0
0
0
0
0
0
0
0
0
0
0
0
0
0
0
0
0
0
0
0
0
0
0
0
0
0
0
0
0
0
0
0
0
0
0
0
0
0
0
0
0
0
0
0
0
0
0
0
0
0
0
0
0
0
0
0
0
0
0
0
0
0
0
0
0
0
0
0
0
0
0
0
0
0
0
0
0
0
0
0
0
0
0
0
0
0
0
0
0
0
0
0
0
0
0
0
0
0
0
0
0
0
0
0
0
0
0
0
0
0
0
0
0
0
0
0
0
0
0
0
0
0
0
0
0
0
0
0
0
0
0
0
0
0
0
0
0
0
0
0
0
0
0
0
0
0
0
0
0
0
0
0
0
0
0
0
0
0
0
0
0
0
0
0
0
0
0
0
0
0
0
0
0
0
0
0
0
0
0
0
0
0
0
0
0
0
0
0
0
0
0
0
0
0
0
0
0
0
0
0
0
0
0
0
0
0
0
0
0
0
0
0
0
0
0
0
0
0
0
0
0
0
0
0
0
0
0
0
0
0
0
0
0
0
0
0
0
0
0
0
0
0
0
0
0
0
0
0
0
0
0
0
0
0
0
0
0
0
0
0
0
0
0
0
0
0
0
0
0
0
0
0
0
0
0
0
0
0
0
0
0
0
0
0
0
0
0
0
0
0
0
0
0
0
0
0
0
0
0
0
0
0
0
0
0
0
0
0
0
0
0
0
0
0
0
0
0
0
0
0
0
0
0
0
0
0
0
0
0
0
0
0
0
0
0
0
0
0
0
0
0
0
0
0
0
0
0
0
0
0
0
0
0
0
0
0
0
0
0
0
0
0
0
0
0
0
0
0
0
0
0
0
0
0
0
0
0
0
0
0
0
0
0
0
0
0
0
0
0
0
0
0
0
0
0
0
0
0
0
0
0
0
0
0
0
0
0
0
0
0
0
0
0
0
0
0
0
0
0
0
0
0
0
0
0
0
0
0
0
0
0
0
0
0
0
0
0
0
0
0
0
0
0
0
0
0
0
0
0
0
0
0
0
0
0
0
0
0
0
0
0
0
0
0
0
0
0
0
0
0
0
0
0
0
0
0
0
0
0
0
0
0
0
0
0
0
0
0
0
0
0
0
0
0
0
0
0
0
0
0
0
0
0
0
0
0
0
0
0
0
0
0
0
0
0
0
0
0
0
0
0
0
0
0
0
0
0
0
0
0
0
0
0
0
0
0
0
0
0
0
0
0
0
0
0
0
0
0
0
0
0
0
0
0
0
0
0
0
0
0
0
0
0
0
0
0
0
0
0
0
0
0
0
0
0
0
0
0
0
0
0
0
0
0
0
0
0
0
0
0
0
0
0
0
0
0
0
0
0
0
0
0
0
0
0
0
0
0
0
0
0
0
0
0
0
0
0
0
0
0
0
0
0
0
0
0
0
0
0
0
0
0
0
0
0
0
0
0
0
0
0
0
0
0
0
0
0
0
0
0
0
0
0
0
0
0
0
0
0
0
0
0
0
0
0
0
0
0
0
0
0
0
0
0
0
0
0
0
0
0
0
0
0
0
0
0
0
0
0
0
0
0
0
0
0
0
0
0
0
0
0
0
0
0
0
0
0
0
0
0
0
0
0
0
0
0
0
0
0
0
0
0
0
0
0
0
0
0
0
0
0
0
0
0
0
0
0
0
0
0
0
0
0
0
0
0
0
0
0
0
0
0
0
0
0
0
0
0
0
0
0
0
0
0
0
0
0
0
0
0
0
0
0
0
0
0
0
0
0
0
0
0
0
0
0
0
0
0
0
0
0
0
0
0
0
0
0
0
0
0
0
0
0
0
0
0
0
0
0
0
0
0
0
0
0
0
0
0
0
0
0
0
0
0
0
0
0
0
0
0
0
0
0
0
0
0
0
0
0
0
0
0
0
0
0
0
0
0
0
0
0
0
0
0
0
0
0
0
0
0
0
0
0
0
0
0
0
0
0
0
0
0
0
0
0
0
0
0
0
0
0
0
0
0
0
0
0
0
0
0
0
0
0
0
0
0
0
0
0
0
0
0
0
0
0
0
0
0
0
0
0
0
0
0
0
0
0
0
0
0
0
0
0
0
0
0
0
0
0
0
0
0
0
0
0
0
0
0
0
0
0
0
0
0
0
0
0
0
0
0
0
0
0
0
0
0
0
0
0
0
0
0
0
0
0
0
0
0
0
0
0
0
0
0
0
0
0
0
0
0
0
0
0
0
0
0
0
0
0
0
0
0
0
0
0
0
0
0
0
0
0
0
0
0
0
0
0
0
0
0
0
0
0
0
0
0
0
0
0
0
0
0
0
0
0
0
0
0
0
0
0
0
0
0
0
0
0
0
0
0
0
0
0
0
0
0
0
0
0
0
0
0
0
0
0
0
0
0
0
0
0
0
0
0
0
0
0
0
0
0
0
0
0
0
0
0
0
0
0
0
0
0
0
0
0
0
0
0
0
0
0
0
0
0
0
0
0
0
0
0
0
0
0
0
0
0
0
0
0
0
0
0
0
0
0
0
0
0
0
0
0
0
0
0
0
0
0
0
0
0
0
0
0
0
0
0
0
0
0
0
0
0
0
0
0
0
0
0
0
0
0
0
0
0
0
0
0
0
0
0
0
0
0
0
0
0
0
0
0
0
0
0
0
0
0
0
0
0
0
0
0
0
0
0
0
0
0
0
0
0
0
0
0
0
0
0
0
0
0
0
0
0
0
0
0
0
0
0
0
0
0
0
0
0
0
0
0
0
0
0
0
0
0
0
0
0
0
0
0
0
0
0
0
0
0
0
0
0
0
0
0
0
0
0
0
0
0
0
0
0
0
0
0
0
0
0
0
0
0
0
0
0
0
0
0
0
0
0
0
0
0
0
0
0
0
0
0
0
0
0
0
0
0
0
0
0
0
0
0
0
0
0
0
0
0
0
0
0
0
0
0
0
0
0
0
0
0
0
0
0
0
0
0
0
0
0
0
0
0
0
0
0
0
0
0
0
0
0
0
0
0
0
0
0
0
0
0
0
0
0
0
0
0
0
0
0
0
0
0
0
0
0
0
0
0
0
0
0
0
0
0
0
0
0
0
0
0
0
0
0
0
0
0
0
0
0
0
0
0
0
0
0
0
0
0
0
0
0
0
0
0
0
0
0
0
0
0
0
0
0
0
0
0
0
0
0
0
0
0
0
0
0
0
0
0
0
0
0
0
0
0
0
0
0
0
0
0
0
0
0
0
0
0
0
0
0
0
0
0
0
0
0
0
0
0
0
0
0
0
0
0
0
0
0
0
0
0
0
0
0
0
0
0
0
0
0
0
0
0
0
0
0
0
0
0
0
0
0
0
0
0
0
0
0
0
0
0
0
0
0
0
0
0
0
0
0
0
0
0
0
0
0
0
0
0
0
0
0
0
0
0
0
0
0
0
0
0
0
0
0
0
0
0
0
0
0
0
0
0
0
0
0
0
0
0
0
0
0
0
0
0
0
0
0
0
0
0
0
0
0
0
0
0
0
0
0
0
0
0
0
0
0
0
0
0
0
0
0
0
0
0
0
0
0
0
0
0
0
0
0
0
0
0
0
0
0
0
0
0
0
0
0
0
0
0
0
0
0
0
0
0
0
0
0
0
0
0
0
0
0
0
0
0
0
0
0
0
0
0
0
0
0
0
0
0
0
0
0
0
0
0
0
0
0
0
0
0
0
0
0
0
0
0
0
0
0
0
0
0
0
0
0
0
0
0
0
0
0
0
0
0
0
0
0
0
0
0
0
0
0
0
0
0
0
0
0
0
0
0
0
0
0
0
0
0
0
0
0
0
0
0
0
0
0
0
0
0
0
0
0
0
0
0
0
0
0
0
0
0
0
0
0
0
0
0
0
0
0
0
0
0
0
0
0
0
0
0
0
0
0
0
0
0
0
0
0
0
0
0
0
0
0
0
0
0
0
0
0
0
0
0
0
0
0
0
0
0
0
0
0
0
0
0
0
0
0
0
0
0
0
0
0
0
0
0
0
0
0
0
0
0
0
0
0
0
0
0
0
0
0
0
0
0
0
0
0
0
0
0
0
0
0
0
0
0
0
0
0
0
0
0
0
0
0
0
0
0
0
0
0
0
0
0
0
0
0
0
0
0
0
0
0
0
0
0
0
0
0
0
0
0
0
0
0
0
0
0
0
0
0
0
0
0
0
0
0
0
0
0
0
0
0
0
0
0
0
0
0
0
0
0
0
0
0
0
0
0
0
0
0
0
0
0
0
0
0
0
0
0
0
0
0
0
0
0
0
0
0
0
0
0
0
0
0
0
0
0
0
0
0
0
0
0
0
0
0
0
0
0
0
0
0
0
0
0
0
0
0
0
0
0
0
0
0
0
0
0
0
0
0
0
0
0
0
0
0
0
0
0
0
0
0
0
0
0
0
0
0
0
0
0
0
0
0
0
0
0
0
0
0
0
0
0
0
0
0
0
0
0
0
0
0
0
0
0
0
0
0
0
0
0
0
0
0
0
0
0
0
0
0
0
0
0
0
0
0
0
0
0
0
0
0
0
0
0
0
0
0
0
0
0
0
0
0
0
0
0
0
0
0
0
0
0
0
0
0
0
0
0
0
0
0
0
0
0
0
0
0
0
0
0
0
0
0
0
0
0
0
0
0
0
0
0
0
0
0
0
0
0
0
0
0
0
0
0
0
0
0
0
0
0
0
0
0
0
0
0
0
0
0
0
0
0
0
0
0
0
0
0
0
0
0
0
0
0
0
0
0
0
0
0
0
0
0
0
0
0
0
0
0
0
0
0
0
0
0
0
0
0
0
0
0
0
0
0
0
0
0
0
0
0
0
0
0
0
0
0
0
0
0
0
0
0
0
0
0
0
0
0
0
0
0
0
0
0
0
0
0
0
0
0
0
0
0
0
0
0
0
0
0
0
0
0
0
0
0
0
0
0
0
0
0
0
0
0
0
0
0
0
0
0
0
0
0
0
0
0
0
0
0
0
0
0
0
0
0
0
0
0
0
0
0
0
0
0
0
0
0
0
0
0
0
0
0
0
0
0
0
0
0
0
0
0
0
0
0
0
0
0
0
0
0
0
0
0
0
0
0
0
0
0
0
0
0
0
0
0
0
0
0
0
0
0
0
0
0
0
0
0
0
0
0
0
0
0
0
0
0
0
0
0
0
0
0
0
0
0
0
0
0
0
0
0
0
0
0
0
0
0
0
0
0
0
0
0
0
0
0
0
0
0
0
0
0
0
0
0
0
0
0
0
0
0
0
0
0
0
0
0
0
0
0
0
0
0
0
0
0
0
0
0
0
0
0
0
0
0
0
0
0
0
0
0
0
0
0
0
0
0
0
0
0
0
0
0
0
0
0
0
0
0
0
0
0
0
0
0
0
0
0
0
0
0
0
0
0
0
0
0
0
0
0
0
0
0
0
0
0
0
0
0
0
0
0
0
0
0
0
0
0
0
0
0
0
0
0
0
0
0
0
0
0
0
0
0
0
0
0
0
0
0
0
0
0
0
0
0
0
0
0
0
0
0
0
0
0
0
0
0
0
0
0
0
0
0
0
0
0
0
0
0
0
0
0
0
0
0
0
0
0
0
0
0
0
0
0
0
0
0
0
0
0
0
0
0
0
0
0
0
0
0
0
0
0
0
0
0
0
0
0
0
0
0
0
0
0
0
0
0
0
0
0
0
0
0
0
0
0
0
0
0
0
0
0
0
0
0
0
0
0
0
0
0
0
0
0
0
0
0
0
0
0
0
0
0
0
0
0
0
0
0
0
0
0
0
0
0
0
0
0
0
0
0
0
0
0
0
0
0
0
0
0
0
0
0
0
0
0
0
0
0
0
0
0
0
0
0
0
0
0
0
0
0
0
0
0
0
0
0
0
0
0
0
0
0
0
0
0
0
0
0
0
0
0
0
0
0
0
0
0
0
0
0
0
0
0
0
0
0
0
0
0
0
0
0
0
0
0
0
0
0
0
0
0
0
0
0
0
0
0
0
0
0
0
0
0
0
0
0
0
0
0
0
0
0
0
0
0
0
0
0
0
0
0
0
0
0
0
0
0
0
0
0
0
0
0
0
0
0
0
0
0
0
0
0
0
0
0
0
0
0
0
0
0
0
0
0
0
0
0
0
0
0
0
0
0
0
0
0
0
0
0
0
0
0
0
0
0
0
0
0
0
0
0
0
0
0
0
0
0
0
0
0
0
0
0
0
0
0
0
0
0
0
0
0
0
0
0
0
0
0
0
0
0
0
0
0
0
0
0
0
0
0
0
0
0
0
0
0
0
0
0
0
0
0
0
0
0
0
0
0
0
0
0
0
0
0
0
0
0
0
0
0
0
0
0
0
0
0
0
0
0
0
0
0
0
0
0
0
0
0
0
0
0
0
0
0
0
0
0
0
0
0
0
0
0
0
0
0
0
0
0
0
0
0
0
0
0
0
0
0
0
0
0
0
0
0
0
0
0
0
0
0
0
0
0
0
0
0
0
0
0
0
0
0
0
0
0
0
0
0
0
0
0
0
0
0
0
0
0
0
0
0
0
0
0
0
0
0
0
0
0
0
0
0
0
0
0
0
0
0
0
0
0
0
0
0
0
0
0
0
0
0
0
0
0
0
0
0
0
0
0
0
0
0
0
0
0
0
0
0
0
0
0
0
0
0
0
0
0
0
0
0
0
0
0
0
0
0
0
0
0
0
0
0
0
0
0
0
0
0
0
0
0
0
0
0
0
0
0
0
0
0
0
0
0
0
0
0
0
0
0
0
0
0
0
0
0
0
0
0
0
0
0
0
0
0
0
0
0
0
0
0
0
0
0
0
0
0
0
0
0
0
0
0
0
0
0
0
0
0
0
0
0
0
0
0
0
0
0
0
0
0
0
0
0
0
0
0
0
0
0
0
0
0
0
0
0
0
0
0
0
0
0
0
0
0
0
0
0
0
0
0
0
0
0
0
0
0
0
0
0
0
0
0
0
0
0
0
0
0
0
0
0
0
0
0
0
0
0
0
0
0
0
0
0
0
0
0
0
0
0
0
0
0
0
0
0
0
0
0
0
0
0
0
0
0
0
0
0
0
0
0
0
0
0
0
0
0
0
0
0
0
0
0
0
0
0
0
0
0
0
0
0
0
0
0
0
0
0
0
0
0
0
0
0
0
0
0
0
0
0
0
0
0
0
0
0
0
0
0
0
0
0
0
0
0
0
0
0
0
0
0
0
0
0
0
0
0
0
0
0
0
0
0
0
0
0
0
0
0
0
0
0
0
0
0
0
0
0
0
0
0
0
0
0
0
0
0
0
0
0
0
0
0
0
0
0
0
0
0
0
0
0
0
0
0
0
0
0
0
0
0
0
0
0
0
0
0
0
0
0
0
0
0
0
0
0
0
0
0
0
0
0
0
0
0
0
0
0
0
0
0
0
0
0
0
0
0
0
0
0
0
0
0
0
0
0
0
0
0
0
0
0
0
0
0
0
0
0
0
0
0
0
0
0
0
0
0
0
0
0
0
0
0
0
0
0
0
0
0
0
0
0
0
0
0
0
0
0
0
0
0
0
0
0
0
0
0
0
0
0
0
0
0
0
0
0
0
0
0
0
0
0
0
0
0
0
0
0
0
0
0
0
0
0
0
0
0
0
0
0
0
0
0
0
0
0
0
0
0
0
0
0
0
0
0
0
0
0
0
0
0
0
0
0
0
0
0
0
0
0
0
0
0
0
0
0
0
0
0
0
0
0
0
0
0
0
0
0
0
0
0
0
0
0
0
0
0
0
0
0
0
0
0
0
0
0
0
0
0
0
0
0
0
0
0
0
0
0
0
0
0
0
0
0
0
0
0
0
0
0
0
0
0
0
0
0
0
0
0
0
0
0
0
0
0
0
0
0
0
0
0
0
0
0
0
0
0
0
0
0
0
0
0
0
0
0
0
0
0
0
0
0
0
0
0
0
0
0
0
0
0
0
0
0
0
0
0
0
0
0
0
0
0
0
0
0
0
0
0
0
0
0
0
0
0
0
0
0
0
0
0
0
0
0
0
0
0
0
0
0
0
0
0
0
0
0
0
0
0
0
0
0
0
0
0
0
0
0
0
0
0
0
0
0
0
0
0
0
0
0
0
0
0
0
0
0
0
0
0
0
0
0
0
0
0
0
0
0
0
0
0
0
0
0
0
0
0
0
0
0
0
0
0
0
0
0
0
0
0
0
0
0
0
0
0
0
0
0
0
0
0
0
0
0
0
0
0
0
0
0
0
0
0
0
0
0
0
0
0
0
0
0
0
0
0
0
0
0
0
0
0
0
0
0
0
0
0
0
0
0
0
0
0
0
0
0
0
0
0
0
0
0
0
0
0
0
0
0
0
0
0
0
0
0
0
0
0
0
0
0
0
0
0
0
0
0
0
0
0
0
0
0
0
0
0
0
0
0
0
0
0
0
0
0
0
0
0
0
0
0
0
0
0
0
0
0
0
0
0
0
0
0
0
0
0
0
0
0
0
0
0
0
0
0
0
0
0
0
0
0
0
0
0
0
0
0
0
0
0
0
0
0
0
0
0
0
0
0
0
0
0
0
0
0
0
0
0
0
0
0
0
0
0
0
0
0
0
0
0
0
0
0
0
0
0
0
0
0
0
0
0
0
0
0
0
0
0
0
0
0
0
0
0
0
0
0
0
0
0
0
0
0
0
0
0
0
0
0
0
0
0
0
0
0
0
0
0
0
0
0
0
0
0
0
0
0
0
0
0
0
0
0
0
0
0
0
0
0
0
0
0
0
0
0
0
0
0
0
0
0
0
0
0
0
0
0
0
0
0
0
0
0
0
0
0
0
0
0
0
0
0
0
0
0
0
0
0
0
0
0
0
0
0
0
0
0
0
0
0
0
0
0
0
0
0
0
0
0
0
0
0
0
0
0
0
0
0
0
0
0
0
0
0
0
0
0
0
0
0
0
0
0
0
0
0
0
0
0
0
0
0
0
0
0
0
0
0
0
0
0
0
0
0
0
0
0
0
0
0
0
0
0
0
0
0
0
0
0
0
0
0
0
0
0
0
0
0
0
0
0
0
0
0
0
0
0
0
0
0
0
0
0
0
0
0
0
0
0
0
0
0
0
0
0
0
0
0
0
0
0
0
0
0
0
0
0
0
0
0
0
0
0
0
0
0
0
0
0
0
0
0
0
0
0
0
0
0
0
0
0
0
0
0
0
0
0
0
0
0
0
0
0
0
0
0
0
0
0
0
0
0
0
0
0
0
0
0
0
0
0
0
0
0
0
0
0
0
0
0
0
0
0
0
0
0
0
0
0
0
0
0
0
0
0
0
0
0
0
0
0
0
0
0
0
0
0
0
0
0
0
0
0
0
0
0
0
0
0
0
0
0
0
0
0
0
0
0
0
0
0
0
0
0
0
0
0
0
0
0
0
0
0
0
0
0
0
0
0
0
0
0
0
0
0
0
0
0
0
0
0
0
0
0
0
0
0
0
0
0
0
0
0
0
0
0
0
0
0
0
0
0
0
0
0
0
0
0
0
0
0
0
0
0
0
0
0
0
0
0
0
0
0
0
0
0
0
0
0
0
0
0
0
0
0
0
0
0
0
0
0
0
0
0
0
0
0
0
0
0
0
0
0
0
0
0
0
0
0
0
0
0
0
0
0
0
0
0
0
0
0
0
0
0
0
0
0
0
0
0
0
0
0
0
0
0
0
0
0
0
0
0
0
0
0
0
0
0
0
0
0
0
0
0
0
0
0
0
0
0
0
0
0
0
0
0
0
0
0
0
0
0
0
0
0
0
0
0
0
0
0
0
0
0
0
0
0
0
0
0
0
0
0
0
0
0
0
0
0
0
0
0
0
0
0
0
0
0
0
0
0
0
0
0
0
0
0
0
0
0
0
0
0
0
0
0
0
0
0
0
0
0
0
0
0
0
0
0
0
0
0
0
0
0
0
0
0
0
0
0
0
0
0
0
0
0
0
0
0
0
0
0
0
0
0
0
0
0
0
0
0
0
0
0
0
0
0
0
0
0
0
0
0
0
0
0
0
0
0
0
0
0
0
0
0
0
0
0
0
0
0
0
0
0
0
0
0
0
0
0
0
0
0
0
0
0
0
0
0
0
0
0
0
0
0
0
0
0
0
0
0
0
0
0
0
0
0
0
0
0
0
0
0
0
0
0
0
0
0
0
0
0
0
0
0
0
0
0
0
0
0
0
0
0
0
0
0
0
0
0
0
0
0
0
0
0
0
0
0
0
0
0
0
0
0
0
0
0
0
0
0
0
0
0
0
0
0
0
0
0
0
0
0
0
0
0
0
0
0
0
0
0
0
0
0
0
0
0
0
0
0
0
0
0
0
0
0
0
0
0
0
0
0
0
0
0
0
0
0
0
0
0
0
0
0
0
0
0
0
0
0
0
0
0
0
0
0
0
0
0
0
0
0
0
0
0
0
0
0
0
0
0
0
0
0
0
0
0
0
0
0
0
0
0
0
0
0
0
0
0
0
0
0
0
0
0
0
0
0
0
0
0
0
0
0
0
0
0
0
0
0
0
0
0
0
0
0
0
0
0
0
0
0
0
0
0
0
0
0
0
0
0
0
0
0
0
0
0
0
0
0
0
0
0
0
0
0
0
0
0
0
0
0
0
0
0
0
0
0
0
0
0
0
0
0
0
0
0
0
0
0
0
0
0
0
0
0
0
0
0
0
0
0
0
0
0
0
0
0
0
0
0
0
0
0
0
0
0
0
0
0
0
0
0
0
0
0
0
0
0
0
0
0
0
0
0
0
0
0
0
0
0
0
0
0
0
0
0
0
0
0
0
0
0
0
0
0
0
0
0
0
0
0
0
0
0
0
0
0
0
0
0
0
0
0
0
0
0
0
0
0
0
0
0
0
0
0
0
0
0
0
0
0
0
0
0
0
0
0
0
0
0
0
0
0
0
0
0
0
0
0
0
0
0
0
0
0
0
0
0
0
0
0
0
0
0
0
0
0
0
0
0
0
0
0
0
0
0
0
0
0
0
0
0
0
0
0
0
0
0
0
0
0
0
0
0
0
0
0
0
0
0
0
0
0
0
0
0
0
0
0
0
0
0
0
0
0
0
0
0
0
0
0
0
0
0
0
0
0
0
0
0
0
0
0
0
0
0
0
0
0
0
0
0
0
0
0
0
0
0
0
0
0
0
0
0
0
0
0
0
0
0
0
0
0
0
0
0
0
0
0
0
0
0
0
0
0
0
0
0
0
0
0
0
0
0
0
0
0
0
0
0
0
0
0
0
0
0
0
0
0
0
0
0
0
0
0
0
0
0
0
0
0
0
0
0
0
0
0
0
0
0
0
0
0
0
0
0
0
0
0
0
0
0
0
0
0
0
0
0
0
0
0
0
0
0
0
0
0
0
0
0
0
0
0
0
0
0
0
0
0
0
0
0
0
0
0
0
0
0
0
0
0
0
0
0
0
0
0
0
0
0
0
0
0
0
0
0
0
0
0
0
0
0
0
0
0
0
0
0
0
0
0
0
0
0
0
0
0
0
0
0
0
0
0
0
0
0
0
0
0
0
0
0
0
0
0
0
0
0
0
0
0
0
0
0
0
0
0
0
0
0
0
0
0
0
0
0
0
0
0
0
0
0
0
0
0
0
0
0
0
0
0
0
0
0
0
0
0
0
0
0
0
0
0
0
0
0
0
0
0
0
0
0
0
0
0
0
0
0
0
0
0
0
0
0
0
0
0
0
0
0
0
0
0
0
0
0
0
0
0
0
0
0
0
0
0
0
0
0
0
0
0
0
0
0
0
0
0
0
0
0
0
0
0
0
0
0
0
0
0
0
0
0
0
0
0
0
0
0
0
0
0
0
0
0
0
0
0
0
0
0
0
0
0
0
0
0
0
0
0
0
0
0
0
0
0
0
0
0
0
0
0
0
0
0
0
0
0
0
0
0
0
0
0
0
0
0
0
0
0
0
0
0
0
0
0
0
0
0
0
0
0
0
0
0
0
0
0
0
0
0
0
0
0
0
0
0
0
0
0
0
0
0
0
0
0
0
0
0
0
0
0
0
0
0
0
0
0
0
0
0
0
0
0
0
0
0
0
0
0
0
0
0
0
0
0
0
0
0
0
0
0
0
0
0
0
0
0
0
0
0
0
0
0
0
0
0
0
0
0
0
0
0
0
0
0
0
0
0
0
0
0
0
0
0
0
0
0
0
0
0
0
0
0
0
0
0
0
0
0
0
0
0
0
0
0
0
0
0
0
0
0
0
0
0
0
0
0
0
0
0
0
0
0
0
0
0
0
0
0
0
0
0
0
0
0
0
0
0
0
0
0
0
0
0
0
0
0
0
0
0
0
0
0
0
0
0
0
0
0
0
0
0
0
0
0
0
0
0
0
0
0
0
0
0
0
0
0
0
0
0
0
0
0
0
0
0
0
0
0
0
0
0
0
0
0
0
0
0
0
0
0
0
0
0
0
0
0
0
0
0
0
0
0
0
0
0
0
0
0
0
0
0
0
0
0
0
0
0
0
0
0
0
0
0
0
0
0
0
0
0
0
0
0
0
0
0
0
0
0
0
0
0
0
0
0
0
0
0
0
0
0
0
0
0
0
0
0
0
0
0
0
0
0
0
0
0
0
0
0
0
0
0
0
0
0
0
0
0
0
0
0
0
0
0
0
0
0
0
0
0
0
0
0
0
0
0
0
0
0
0
0
0
0
0
0
0
0
0
0
0
0
0
0
0
0
0
0
0
0
0
0
0
0
0
0
0
0
0
0
0
0
0
0
0
0
0
0
0
0
0
0
0
0
0
0
0
0
0
0
0
0
0
0
0
0
0
0
0
0
0
0
0
0
0
0
0
0
0
0
0
0
0
0
0
0
0
0
0
0
0
0
0
0
0
0
0
0
0
0
0
0
0
0
0
0
0
0
0
0
0
0
0
0
0
0
0
0
0
0
0
0
0
0
0
0
0
0
0
0
0
0
0
0
0
0
0
0
0
0
0
0
0
0
0
0
0
0
0
0
0
0
0
0
0
0
0
0
0
0
0
0
0
0
0
0
0
0
0
0
0
0
0
0
0
0
0
0
0
0
0
0
0
0
0
0
0
0
0
0
0
0
0
0
0
0
0
0
0
0
0
0
0
0
0
0
0
0
0
0
0
0
0
0
0
0
0
0
0
0
0
0
0
0
0
0
0
0
0
0
0
0
0
0
0
0
0
0
0
0
0
0
0
0
0
0
0
0
0
0
0
0
0
0
0
0
0
0
0
0
0
0
0
0
0
0
0
0
0
0
0
0
0
0
0
0
0
0
0
0
0
0
0
0
0
0
0
0
0
0
0
0
0
0
0
0
0
0
0
0
0
0
0
0
0
0
0
0
0
0
0
0
0
0
0
0
0
0
0
0
0
0
0
0
0
0
0
0
0
0
0
0
0
0
0
0
0
0
0
0
0
0
0
0
0
0
0
0
0
0
0
0
0
0
0
0
0
0
0
0
0
0
0
0
0
0
0
0
0
0
0
0
0
0
0
0
0
0
0
0
0
0
0
0
0
0
0
0
0
0
0
0
0
0
0
0
0
0
0
0
0
0
0
0
0
0
0
0
0
0
0
0
0
0
0
0
0
0
0
0
0
0
0
0
0
0
0
0
0
0
0
0
0
0
0
0
0
0
0
0
0
0
0
0
0
0
0
0
0
0
0
0
0
0
0
0
0
0
0
0
0
0
0
0
0
0
0
0
0
0
0
0
0
0
0
0
0
0
0
0
0
0
0
0
0
0
0
0
0
0
0
0
0
0
0
0
0
0
0
0
0
0
0
0
0
0
0
0
0
0
0
0
0
0
0
0
0
0
0
0
0
0
0
0
0
0
0
0
0
0
0
0
0
0
0
0
0
0
0
0
0
0
0
0
0
0
0
0
0
0
0
0
0
0
0
0
0
0
0
0
0
0
0
0
0
0
0
0
0
0
0
0
0
0
0
0
0
0
0
0
0
0
0
0
0
0
0
0
0
0
0
0
0
0
0
0
0
0
0
0
0
0
0
0
0
0
0
0
0
0
0
0
0
0
0
0
0
0
0
0
0
0
0
0
0
0
0
0
0
0
0
0
0
0
0
0
0
0
0
0
0
0
0
0
0
0
0
0
0
0
0
0
0
0
0
0
0
0
0
0
0
0
0
0
0
0
0
0
0
0
0
0
0
0
0
0
0
0
0
0
0
0
0
0
0
0
0
0
0
0
0
0
0
0
0
0
0
0
0
0
0
0
0
0
0
0
0
0
0
0
0
0
0
0
0
0
0
0
0
0
0
0
0
0
0
0
0
0
0
0
0
0
0
0
0
0
0
0
0
0
0
0
0
0
0
0
0
0
0
0
0
0
0
0
0
0
0
0
0
0
0
0
0
0
0
0
0
0
0
0
0
0
0
0
0
0
0
0
0
0
0
0
0
0
0
0
0
0
0
0
0
0
0
0
0
0
0
0
0
0
0
0
0
0
0
0
0
0
0
0
0
0
0
0
0
0
0
0
0
0
0
0
0
0
0
0
0
0
0
0
0
0
0
0
0
0
0
0
0
0
0
0
0
0
0
0
0
0
0
0
0
0
0
0
0
0
0
0
0
0
0
0
0
0
0
0
0
0
0
0
0
0
0
0
0
0
0
0
0
0
0
0
0
0
0
0
0
0
0
0
0
0
0
0
0
0
0
0
0
0
0
0
0
0
0
0
0
0
0
0
0
0
0
0
0
0
0
0
0
0
0
0
0
0
0
0
0
0
0
0
0
0
0
0
0
0
0
0
0
0
0
0
0
0
0
0
0
0
0
0
0
0
0
0
0
0
0
0
0
0
0
0
0
0
0
0
0
0
0
0
0
0
0
0
0
0
0
0
0
0
0
0
0
0
0
0
0
0
0
0
0
0
0
0
0
0
0
0
0
0
0
0
0
0
0
0
0
0
0
0
0
0
0
0
0
0
0
0
0
0
0
0
0
0
0
0
0
0
0
0
0
0
0
0
0
0
0
0
0
0
0
0
0
0
0
0
0
0
0
0
0
0
0
0
0
0
0
0
0
0
0
0
0
0
0
0
0
0
0
0
0
0
0
0
0
0
0
0
0
0
0
0
0
0
0
0
0
0
0
0
0
0
0
0
0
0
0
0
0
0
0
0
0
0
0
0
0
0
0
0
0
0
0
0
0
0
0
0
0
0
0
0
0
0
0
0
0
0
0
0
0
0
0
0
0
0
0
0
0
0
0
0
0
0
0
0
0
0
0
0
0
0
0
0
0
0
0
0
0
0
0
0
0
0
0
0
0
0
0
0
0
0
0
0
0
0
0
0
0
0
0
0
0
0
0
0
0
0
0
0
0
0
0
0
0
0
0
0
0
0
0
0
0
0
0
0
0
0
0
0
0
0
0
0
0
0
0
0
0
0
0
0
0
0
0
0
0
0
0
0
0
0
0
0
0
0
0
0
0
0
0
0
0
0
0
0
0
0
0
0
0
0
0
0
0
0
0
0
0
0
0
0
0
0
0
0
0
0
0
0
0
0
0
0
0
0
0
0
0
0
0
0
0
0
0
0
0
0
0
0
0
0
0
0
0
0
0
0
0
0
0
0
0
0
0
0
0
0
0
0
0
0
0
0
0
0
0
0
0
0
0
0
0
0
0
0
0
0
0
0
0
0
0
0
0
0
0
0
0
0
0
0
0
0
0
0
0
0
0
0
0
0
0
0
0
0
0
0
0
0
0
0
0
0
0
0
0
0
0
0
0
0
0
0
0
0
0
0
0
0
0
0
0
0
0
0
0
0
0
0
0
0
0
0
0
0
0
0
0
0
0
0
0
0
0
0
0
0
0
0
0
0
0
0
0
0
0
0
0
0
0
0
0
0
0
0
0
0
0
0
0
0
0
0
0
0
0
0
0
0
0
0
0
0
0
0
0
0
0
0
0
0
0
0
0
0
0
0
0
0
0
0
0
0
0
0
0
0
0
0
0
0
0
0
0
0
0
0
0
0
0
0
0
0
0
0
0
0
0
0
0
0
0
0
0
0
0
0
0
0
0
0
0
0
0
0
0
0
0
0
0
0
0
0
0
0
0
0
0
0
0
0
0
0
0
0
0
0
0
0
0
0
0
0
0
0
0
0
0
0
0
0
0
0
0
0
0
0
0
0
0
0
0
0
0
0
0
0
0
0
0
0
0
0
0
0
0
0
0
0
0
0
0
0
0
0
0
0
0
0
0
0
0
0
0
0
0
0
0
0
0
0
0
0
0
0
0
0
0
0
0
0
0
0
0
0
0
0
0
0
0
0
0
0
0
0
0
0
0
0
0
0
0
0
0
0
0
0
0
0
0
0
0
0
0
0
0
0
0
0
0
0
0
0
0
0
0
0
0
0
0
0
0
0
0
0
0
0
0
0
0
0
0
0
0
0
0
0
0
0
0
0
0
0
0
0
0
0
0
0
0
0
0
0
0
0
0
0
0
0
0
0
0
0
0
0
0
0
0
0
0
0
0
0
0
0
0
0
0
0
0
0
0
0
0
0
0
0
0
0
0
0
0
0
0
0
0
0
0
0
0
0
0
0
0
0
0
0
0
0
0
0
0
0
0
0
0
0
0
0
0
0
0
0
0
0
0
0
0
0
0
0
0
0
0
0
0
0
0
0
0
0
0
0
0
0
0
0
0
0
0
0
0
0
0
0
0
0
0
0
0
0
0
0
0
0
0
0
0
0
0
0
0
0
0
0
0
0
0
0
0
0
0
0
0
0
0
0
0
0
0
0
0
0
0
0
0
0
0
0
0
0
0
0
0
0
0
0
0
0
0
0
0
0
0
0
0
0
0
0
0
0
0
0
0
0
0
0
0
0
0
0
0
0
0
0
0
0
0
0
0
0
0
0
0
0
0
0
0
0
0
0
0
0
0
0
0
0
0
0
0
0
0
0
0
0
0
0
