14
-437
-2869
605
-2446
-1431
-2194
-53
218
-3331
995
-3267
-2355
-838
-33
-58
-278
-83
-2521
-2991
247
-2075
-15575
-351
595
-2788
-2817
-2521
-2598
-17572
-139
448
34
-382
-1853
-437
-1652
-980
-1444
-107
486
-2979
-1001
-3528
-2359
947
-143
-143
-184
178
-969
-2717
343
-1415
-18519
-429
-147
-2719
-2645
-2459
-2361
-17785
-271
-328
95
-191
-1640
479
-1448
-1048
-1281
13
1045
-2807
-139
-2993
-2540
1190
-1
451
-249
709
-468
-2147
-1147
-1318
-17660
-535
823
-3063
-2883
-3080
-2569
-17617
-365
855
58
142
-2381
2218
-2558
-1463
-1704
46
1733
-3419
1940
-2962
-3065
-220
85
1272
-201
381
-1001
-1635
-2651
-1757
-14839
-359
266
-3864
-3503
-3882
-3306
-14540
-306
459
-20
19
-2628
3444
-3270
-1999
-2075
-34
1405
-4155
2935
-3295
-3927
-910
25
1279
-98
-830
-1920
-1740
-3063
-2027
-14169
-182
-74
-5033
-4457
-4805
-4069
-11722
-141
262
-33
-309
-2785
2155
-2738
-2162
-2035
-20
1033
-3741
2062
-2790
-3142
-964
-2
520
-116
-370
-1649
-1474
-2395
-1913
-14519
-167
22
-3652
-3688
-3823
-3435
-14262
-130
177
-41
-101
-2537
1567
-2714
-1547
-1611
-50
1342
-3501
1880
-2670
-2654
-1814
3
569
-207
-425
-1337
-1154
-1321
-1519
-14710
-227
-11
-2574
-3036
-2719
-3093
-13396
-157
-719
-99
374
-2800
1044
-2186
-1935
-2128
-101
1092
-3269
1941
-2000
-2678
-2434
-159
295
-212
-278
-1834
-1870
-1532
-2048
-13397
-279
-487
-2241
-2749
-3004
-3236
-14322
-65
-650
-38
-413
-3491
2289
-2425
-2860
-2802
-115
61
-4223
2501
-3790
-3859
-2275
18
-61
-240
135
-1962
-4066
-1947
-2716
-13981
-305
768
-3068
-3925
-3582
-3964
-14564
-149
1092
-122
-291
-2785
340
-3702
-3148
-2620
-177
260
-3095
537
-4212
-3321
-1570
-74
516
-276
-331
-2506
-4047
1142
-2654
-12032
-227
-308
-3590
-3531
-963
-3306
-13648
-97
344
-92
-818
-2567
1486
-3455
-2968
-2522
-108
-496
-3812
911
-4269
-3868
-62
-12
-328
-275
-308
-2280
-4066
172
-2418
-14789
-317
466
-4589
-3900
-3046
-4084
-14362
-246
460
-114
-1308
-3049
2880
-3272
-3373
-2709
-67
-871
-4441
1488
-4474
-4408
735
73
-468
-165
611
-2639
-4228
-887
-2534
-15492
-258
-73
-5470
-3930
-4630
-4761
-14927
-143
358
-165
-994
-3450
4057
-2899
-3242
-2633
-94
-430
-5939
2234
-4758
-5507
-201
48
393
-74
215
-2665
-3866
-1921
-2432
-18934
-118
73
-6155
-5463
-5708
-5819
-13686
15
604
-224
-709
-4096
3547
-2979
-3537
-3040
-188
-184
-6552
2136
-4315
-5413
-1428
34
851
-113
26
-2884
-4201
-2285
-2928
-15562
-44
-60
-5606
-5873
-5849
-5966
-10941
99
41
-237
-818
-2928
1514
-2022
-2480
-2155
-118
-477
-4469
667
-2548
-3729
-1594
-2
611
-189
-1097
-1776
-3289
-896
-2024
-17371
-76
-805
-2941
-3337
-4251
-3746
-16032
59
-996
-176
-902
-1955
-538
-1791
-1980
-1930
-127
-923
-2600
-552
-1524
-2824
-2181
-55
5
-259
-208
-943
-2799
-161
-1714
-16439
-322
-760
-1200
-2111
-2790
-2700
-16384
10
-1211
-141
1222
-3436
1530
-1293
-2909
-2668
-291
2743
-4464
1429
-3883
-4246
-2233
-68
2994
-119
1079
-1847
-3302
-2345
-2572
-23986
-214
1568
-3908
-4293
-3337
-4871
-21666
-84
1025
-303
3581
-4064
-628
-4083
-5148
-4049
-409
4732
-4652
-909
-6849
-5683
-3312
-69
3864
-74
823
-3392
-5451
1400
-4123
-19053
-56
-229
-6025
-5175
717
-6014
-15321
156
-122
-122
3063
-2483
619
-3858
-3060
-3064
-307
2967
-3031
1098
-5119
-4025
-2635
-112
2494
-210
-481
-4064
-4477
904
-2985
-17718
-173
-1271
-6748
-4267
-591
-4703
-15456
-82
-1357
-117
327
-799
903
-1495
-1441
-1785
-311
486
-974
-308
-2106
-2437
-536
-62
870
-123
268
-3208
-2963
-863
-1652
-17912
-94
-43
-5418
-1800
-2402
-2920
-17247
-128
148
-341
-50
-869
996
-1181
-923
-1431
-368
-110
-1818
-967
-1044
-3039
-1444
-120
361
15
283
-2386
-1952
-1556
-1250
-20195
45
-194
-4703
-2097
-2761
-3435
-16749
138
443
-480
312
-2643
1130
-849
-1306
-2058
-339
572
-4043
107
-605
-2870
-2425
-222
1158
94
-86
-2484
-1674
-2809
-1842
-18498
247
-53
-4843
-2210
-2921
-3935
-16593
323
-71
-546
416
-2799
25
152
-1462
-2122
-422
399
-3836
-1130
156
-2485
-2675
-258
1070
9
-1647
-2031
-2396
-2770
-1963
-16089
246
-1000
-3091
-1493
-2869
-3259
-16247
281
-1157
-416
81
-1409
-419
-418
-1236
-1552
-393
138
-1848
-1155
72
-2201
-3349
-133
564
-173
-1070
-1432
-1994
-1646
-1409
-18438
-253
-1587
-1796
-609
-2423
-2230
-17315
25
-2048
-142
52
-3918
-252
-2548
-3399
-3890
-132
-591
-5532
-293
-4910
-5443
-1399
70
-674
-134
1801
-3463
-4271
-1724
-3895
-18568
-313
2135
-6196
-5606
-4941
-6333
-13856
-56
1922
-221
593
-5154
-2653
-5858
-4370
-4700
-182
-483
-5869
-2530
-6141
-5970
-2145
114
-319
-137
2428
-2979
-5110
1339
-4731
-17142
59
430
-5824
-5382
-2244
-6534
-13559
242
-135
-85
1070
-5963
-4166
-5468
-4345
-5526
-1
1347
-4706
-2327
-4664
-3895
-2527
4
939
-180
-822
-5385
-4909
2661
-5169
-13609
1
-261
-5687
-4361
801
-4970
-18936
96
-82
-103
1943
-3347
-1934
-2542
-3605
-3943
-128
3494
-2916
-315
-4346
-4124
-3257
-87
2815
-264
-1585
-5265
-2950
-402
-3697
-23081
-232
-1608
-6400
-4323
-586
-4524
-23094
-112
-1703
-294
841
-1592
-1441
-843
-1667
-2281
-165
1101
-1041
-857
-1662
-1947
-654
13
264
87
850
-2888
-2626
-971
-2254
-12010
-99
-608
-3910
-2121
-1459
-2508
-16490
170
-342
-456
599
-2604
-1722
-861
-968
-2411
-260
450
-2627
-1365
-1588
-1880
-143
-177
-465
177
248
-1071
-3011
-1681
-2261
-15448
161
443
-3015
-2296
-1935
-3142
-20645
353
384
-474
-306
-3423
-2364
-1222
-2281
-2573
-289
244
-3687
-1988
-1578
-2493
-1776
-166
-710
1
-1267
-410
-3665
-398
-2475
-15303
24
-587
-328
-2456
-1511
-2985
-20061
305
-1196
-274
108
-2024
-1794
-346
-1556
-1905
-236
557
-2567
-1877
-909
-2525
-2897
4
-870
-286
-737
-463
-2544
-1268
-1853
-15009
-411
-614
-236
-1553
-1922
-2553
-14691
-158
-814
214
301
-3075
-1798
-3317
-1208
-3166
235
-272
-2670
-163
-2397
-2372
-1032
123
-573
-247
1399
-3227
-251
-2485
-3140
-12956
-419
1725
-4723
-3512
-3434
-4009
-15528
-252
1554
242
38
-4572
-2739
-6771
-2659
-4180
313
-591
-4300
-1362
-4408
-4092
-1555
83
-608
-253
512
-3456
540
-1711
-4332
-16926
-144
570
-5525
-4543
-4566
-5167
-16833
-5
-4
325
944
-5721
-4662
-7583
-4924
-5777
306
638
-4805
-3033
-6429
-5291
-2280
150
331
-280
735
-5333
1250
-752
-5509
-16829
-91
2601
-5873
-5770
-3338
-5958
-16443
-11
3087
319
5076
-5790
-5274
-5718
-7650
-6517
413
2694
-4028
-1718
-5984
-6099
-5968
50
732
-525
-724
-6842
2177
-2604
-6481
-18947
-158
-1173
-6135
-5240
-1198
-6791
-20844
-52
-1245
55
962
-1758
-2019
-3191
-2613
-2717
76
802
-1661
-856
-3760
-3455
-1893
36
677
1
564
-3884
996
-1938
-2521
-21531
-175
-1771
-5061
-2889
-1723
-4212
-20518
81
-1363
-81
298
-1749
-1367
-2516
-481
-2446
4
200
-2591
-1460
-3443
-2666
1514
-60
-36
254
-249
-1779
-2648
-1676
-2226
-16273
151
558
-4148
-3502
-3542
-3914
-18424
308
1199
-44
787
-2443
-1938
-1982
-1929
-2063
12
219
-4769
-2321
-4243
-4716
-1743
-86
-413
-24
-1007
754
-2479
-1386
-1891
-22651
-139
-339
-886
-4187
-3062
-4652
-16667
311
-593
-47
780
-2109
-2722
-1418
-2383
-2370
4
348
-2331
-2403
-2725
-3426
-2901
73
-805
-358
-570
-456
-2186
-862
-2380
-16224
-483
-53
-584
-2183
-987
-2973
-15740
-162
-295
335
-9
-4488
-1407
-4343
-2941
-3912
302
617
-4390
184
-4199
-3431
-1696
134
702
-307
972
-2533
-551
-3411
-3908
-12259
-350
1072
-3777
-4657
-3729
-4543
-14946
-198
916
451
-133
-5229
-2628
-8153
-2652
-4907
382
944
-4402
-588
-6067
-3275
-2805
12
777
-280
-288
-3437
1934
-3326
-4921
-15281
-297
-362
-4674
-4854
-4484
-4399
-18585
-245
-363
592
910
-6821
-4191
-10346
-4637
-6403
516
-637
-6493
-2394
-7988
-6354
-4479
-22
-497
-230
4579
-5173
3848
-4039
-5969
-23551
-68
4099
-7212
-6739
-4503
-6338
-21372
-14
2556
523
786
-9732
-8370
-8968
-8663
-9157
868
773
-5037
-3043
-4074
-5031
-7064
16
551
-522
-360
-7746
6661
-7906
-8948
-54
4
-480
-5837
-5163
-3163
-6494
-15275
-7
-30
304
381
-3059
-3165
-5001
-4208
-3892
491
682
-3118
-1005
-3052
-4543
-4086
-160
187
-231
-3719
-5289
5625
-3652
-3493
-25406
-233
-3599
-7066
-3603
-2890
-4624
-23214
105
-1540
80
-439
-865
-836
-4115
-525
-2344
104
-97
-2155
-1139
-3778
-3012
1236
-38
-561
205
476
-2551
-2108
-808
-2207
-17485
77
578
-6020
-3345
-4287
-4328
-15766
162
834
163
94
-2694
-508
-3804
-1429
-2417
136
53
-4043
-419
-3448
-4000
-2115
87
-454
-10
-476
-664
-2605
-1564
-2346
-17983
-30
-321
-2608
-3820
-3852
-4045
-15783
327
-312
192
-149
-2066
-1507
-2544
-1774
-2355
181
-462
-2136
-1229
-2423
-3158
-2458
18
-885
-330
-524
-463
-1007
-2099
-2214
-14623
-486
163
-1291
-2198
-2731
-2977
-14861
-120
-310
122
-2137
-3901
-2283
-1291
-2065
-3113
147
-1522
-5730
-2171
-3718
-3895
106
164
-1388
-357
742
-487
-2457
-3064
-3017
-19292
-407
1087
-2345
-5054
-5444
-3888
-16855
-142
752
293
-2443
-4061
-2463
-4038
-1373
-3524
75
-1263
-4827
-863
-6277
-3337
-1089
110
-639
-277
912
-1441
-2342
-1936
-3378
-20607
-408
481
-3576
-5179
-4848
-2728
-20426
-288
802
507
-2069
-5179
-2738
-6044
-2181
-4071
281
-1208
-5970
-1188
-6380
-4771
-3006
185
-123
-206
2525
-1264
-1885
-1514
-3818
-24427
-291
871
-3064
-5732
-4390
-3460
-22311
-291
-250
523
-3573
-6966
-6131
-2004
-5618
-6038
675
-1659
-6133
-3923
-2090
-5377
-4435
64
-9
-502
-553
-5238
2552
-5411
-5834
-17267
-225
-181
-4613
-6074
-5130
-4673
-16081
-171
297
60
-1566
-2796
-3570
-2796
-3668
-3667
321
-352
-4163
-2695
-2369
-5536
-4318
-30
208
-339
-3326
-4562
1982
-2461
-3322
-30367
-330
-3849
-6971
-5821
-3477
-4822
-22709
18
-2471
-261
-1727
-967
-324
-4673
-465
-2587
-13
-575
-1983
-612
-3177
-2695
179
-109
-616
106
1016
-4097
-2821
682
-2312
-18145
9
458
-6867
-3996
-3241
-3339
-17984
156
101
-180
-2262
-2576
-330
-4842
-1328
-3014
88
-666
-3618
-1116
-3510
-3810
-643
-41
-165
-87
-445
-2713
-3727
20
-2724
-17782
-41
399
-5050
-4641
-3948
-3568
-17877
307
138
70
-1619
-906
-1130
-2706
-1315
-2151
91
-450
-1358
-1584
-2828
-3257
-2113
-125
-793
-287
-433
-952
-1599
-1405
-1940
-15482
-427
-105
-1862
-2697
-3321
-2820
-13448
-46
-580
124
-2261
-1737
-2085
-648
78
-1744
-87
-1859
-2759
-2269
-3248
-2211
252
3
-1352
-226
200
-2225
-1646
-536
-1518
-19943
-374
1040
-1956
-3637
-3655
-2158
-18533
-210
680
104
-1908
-3555
-3445
-2929
-760
-3619
-90
-1498
-2724
-1520
-4414
-1428
-1844
126
-1466
-304
275
-3812
-3742
894
-3397
-11257
-445
245
-2396
-4094
-2186
-1501
-17387
-188
494
189
-2051
-3741
-2144
-2171
-432
-2503
22
-1207
-4468
-786
-3439
-2290
-2739
178
-1112
-192
-291
-1727
-2908
644
-2348
-16058
-524
-778
36
-3290
-3105
-1077
-16305
-262
-1206
7
-3853
-4868
-4374
1337
-1423
-3628
50
-3539
-5155
-3293
-1226
-2284
-2072
86
-2533
-377
-471
-2850
-2874
-1853
-3416
-21818
-444
727
223
-3662
-4918
-2218
-22327
-86
515
-346
-762
-2470
-3462
-264
-2415
-2780
-82
-796
-2659
-2935
-1769
-2772
-1911
34
-788
-284
-882
-3806
-1858
-178
-2642
-14927
-326
-1794
-2664
-2932
-1891
-2985
-15854
-44
-1516
-585
-1422
-1527
-244
-1773
-680
-1587
-296
-741
-1947
-329
-2268
-1623
650
-249
-746
41
290
-2846
-1882
470
-1344
-13742
16
-286
-3926
-1943
-1820
-2399
-16198
125
-165
-441
-1813
-1610
-1134
-3161
-1560
-2081
-249
-1192
-1850
-1222
-3337
-2504
61
-117
-1117
-84
272
-2457
-2178
689
-1852
-17911
-194
1337
-4037
-2893
-1754
-2585
-20281
158
1196
-188
-925
-126
-2636
-2561
-1916
-2381
-172
-1275
-120
-2808
-3387
-3341
-2728
-104
-1102
-265
-606
-1383
-1901
-1298
-2275
-13735
-427
-239
-1997
-2555
-2696
-3155
-12253
23
-52
0
0
0
0
0
0
0
0
0
0
0
-1887
-693
-2117
385
-1561
0
0
0
0
0
0
0
0
0
0
0
-1235
-3021
235
-1492
-14705
0
0
0
0
0
0
0
0
0
0
0
-702
-1230
-899
520
-1085
0
0
0
0
0
0
0
0
0
0
0
-831
-2317
-133
-914
-18052
0
0
0
0
0
0
0
0
0
0
0
-544
-761
-1157
61
-1202
0
0
0
0
0
0
0
0
0
0
0
-619
-2083
-592
-1056
-16503
0
0
0
0
0
0
0
0
0
0
0
-1209
159
-2591
-1101
-1931
0
0
0
0
0
0
0
0
0
0
0
-900
-1821
-1222
-1670
-12228
0
0
0
0
0
0
0
0
0
0
0
-1266
1368
-2730
-1816
-1676
0
0
0
0
0
0
0
0
0
0
0
-1198
-1012
-1266
-1503
-13614
0
0
0
0
0
0
0
0
0
0
0
-1253
603
-2359
-1842
-1525
0
0
0
0
0
0
0
0
0
0
0
-1316
-136
-1340
-1353
-15115
0
0
0
0
0
0
0
0
0
0
0
-986
-68
-1895
-1608
-1301
0
0
0
0
0
0
0
0
0
0
0
-1108
230
-977
-1204
-14238
0
0
0
0
0
0
0
0
0
0
0
-927
-218
-1174
-977
-1181
0
0
0
0
0
0
0
0
0
0
0
-524
-371
-1632
-1034
-15066
0
0
0
0
0
0
0
0
0
0
0
-1824
952
-1601
-546
-1309
0
0
0
0
0
0
0
0
0
0
0
-422
-2322
-1354
-1260
-16188
0
0
0
0
0
0
0
0
0
0
0
-1714
16
-1982
-500
-1176
0
0
0
0
0
0
0
0
0
0
0
-1112
-1935
784
-918
-15403
0
0
0
0
0
0
0
0
0
0
0
-1411
763
-2148
10
-1033
0
0
0
0
0
0
0
0
0
0
0
-1245
-1767
358
-809
-18427
0
0
0
0
0
0
0
0
0
0
0
-1518
1613
-2617
-74
-1465
0
0
0
0
0
0
0
0
0
0
0
-1962
-2113
-99
-1087
-18363
0
0
0
0
0
0
0
0
0
0
0
-1839
1987
-2685
-561
-1630
0
0
0
0
0
0
0
0
0
0
0
-1885
-2175
-802
-1404
-19560
0
0
0
0
0
0
0
0
0
0
0
-1834
1690
-2568
-1521
-1800
0
0
0
0
0
0
0
0
0
0
0
-2464
-2271
-535
-1589
-17474
0
0
0
0
0
0
0
0
0
0
0
-1441
517
-1861
-912
-1569
0
0
0
0
0
0
0
0
0
0
0
-1764
-1841
-494
-1326
-17560
0
0
0
0
0
0
0
0
0
0
0
-1022
-853
-1317
-253
-1201
0
0
0
0
0
0
0
0
0
0
0
38
-1592
-924
-945
-16955
0
0
0
0
0
0
0
0
0
0
0
-1563
-151
-1646
-1987
-2126
0
0
0
0
0
0
0
0
0
0
0
-1067
-1601
-2080
-2042
-21643
0
0
0
0
0
0
0
0
0
0
0
-2034
-993
-3129
-3678
-2735
0
0
0
0
0
0
0
0
0
0
0
-2619
-2620
1181
-2668
-18920
0
0
0
0
0
0
0
0
0
0
0
-1721
-290
-3507
-2220
-2371
0
0
0
0
0
0
0
0
0
0
0
-3397
-2214
1667
-2187
-16068
0
0
0
0
0
0
0
0
0
0
0
-781
206
-1442
-792
-1508
0
0
0
0
0
0
0
0
0
0
0
-2679
-1815
-114
-1434
-15502
0
0
0
0
0
0
0
0
0
0
0
-1436
-207
-1614
-210
-1835
0
0
0
0
0
0
0
0
0
0
0
-2285
-1474
-1150
-1678
-15516
0
0
0
0
0
0
0
0
0
0
0
-1234
-527
-1066
-1306
-1721
0
0
0
0
0
0
0
0
0
0
0
-2701
-174
-1743
-1535
-17983
0
0
0
0
0
0
0
0
0
0
0
-1557
-890
251
-2081
-1793
0
0
0
0
0
0
0
0
0
0
0
-1765
-619
-2502
-1638
-15467
0
0
0
0
0
0
0
0
0
0
0
-581
-946
113
-1391
-1246
0
0
0
0
0
0
0
0
0
0
0
-644
-500
-2543
-1187
-17062
0
0
0
0
0
0
0
0
0
0
0
-894
-997
-2590
-1650
-2383
0
0
0
0
0
0
0
0
0
0
0
-2467
-2857
-749
-2376
-21301
0
0
0
0
0
0
0
0
0
0
0
-2493
-3187
-5206
-2742
-4055
0
0
0
0
0
0
0
0
0
0
0
-3608
-3726
-37
-4001
-15413
0
0
0
0
0
0
0
0
0
0
0
-3373
-4891
-6171
-4769
-5604
0
0
0
0
0
0
0
0
0
0
0
-6922
-2248
466
-5582
-9637
0
0
0
0
0
0
0
0
0
0
0
-1818
-1530
-2681
-2247
-2584
0
0
0
0
0
0
0
0
0
0
0
-3872
281
-1597
-2535
-26302
0
0
0
0
0
0
0
0
0
0
0
-1538
-849
-1056
-212
-1547
0
0
0
0
0
0
0
0
0
0
0
-1775
-1346
-874
-1305
-15529
0
0
0
0
0
0
0
0
0
0
0
-1267
-1540
-1325
-518
-1654
0
0
0
0
0
0
0
0
0
0
0
-837
-1991
-1165
-1500
-18770
0
0
0
0
0
0
0
0
0
0
0
-1678
-2013
-597
-1960
-1450
0
0
0
0
0
0
0
0
0
0
0
1054
-1829
-1164
-1498
-18450
0
0
0
0
0
0
0
0
0
0
0
-952
-1584
-19
-1822
-1249
0
0
0
0
0
0
0
0
0
0
0
1037
-1228
-2300
-1211
-14950
0
0
0
0
0
0
0
0
0
0
0
-1148
-2322
-4289
-698
-2552
0
0
0
0
0
0
0
0
0
0
0
-3028
-621
-2159
-2701
-14452
0
0
0
0
0
0
0
0
0
0
0
-2541
-3298
-7587
-133
-4034
0
0
0
0
0
0
0
0
0
0
0
-4246
-1212
-2841
-4166
-16396
0
0
0
0
0
0
0
0
0
0
0
-4286
-3882
-7881
-2372
-4569
0
0
0
0
0
0
0
0
0
0
0
-5774
3248
-3609
-4655
-20177
0
0
0
0
0
0
0
0
0
0
0
-4014
-4072
-6713
-4515
-4871
0
0
0
0
0
0
0
0
0
0
0
-6064
5757
-5788
-4602
-24111
0
0
0
0
0
0
0
0
0
0
0
-2118
-2753
-4877
-965
-3013
0
0
0
0
0
0
0
0
0
0
0
-4647
3298
-4047
-2810
-18781
0
0
0
0
0
0
0
0
0
0
0
-2076
-1779
-4184
1330
-2658
0
0
0
0
0
0
0
0
0
0
0
-2626
-2843
-1878
-2532
-14492
0
0
0
0
0
0
0
0
0
0
0
-1962
-2551
-2778
-518
-2032
0
0
0
0
0
0
0
0
0
0
0
1246
-2224
-2371
-2113
-18956
0
0
0
0
0
0
0
0
0
0
0
-1789
-2271
-2182
-716
-1745
0
0
0
0
0
0
0
0
0
0
0
1607
-1404
-2603
-1787
-15864
0
0
0
0
0
0
0
0
0
0
0
-2747
-2319
-5273
-2195
-3348
0
0
0
0
0
0
0
0
0
0
0
-2207
-704
-2811
-3409
-12164
0
0
0
0
0
0
0
0
0
0
0
-2815
-2204
-7630
-1478
-3843
0
0
0
0
0
0
0
0
0
0
0
-3923
894
-4345
-4183
-18476
0
0
0
0
0
0
0
0
0
0
0
-6344
-4333
-11315
-1956
-6382
0
0
0
0
0
0
0
0
0
0
0
-6470
3413
-7548
-6604
-22470
0
0
0
0
0
0
0
0
0
0
0
-10644
-10563
-12513
-11284
-12017
0
0
0
0
0
0
0
0
0
0
0
-10920
7708
-12206
-11955
14232
0
0
0
0
0
0
0
0
0
0
0
-3275
-4093
-6204
-4256
-4216
0
0
0
0
0
0
0
0
0
0
0
-6050
6921
-4742
-4072
-23098
0
0
0
0
0
0
0
0
0
0
0
-1541
-1101
-3860
1366
-2060
0
0
0
0
0
0
0
0
0
0
0
-2451
-2867
-348
-1968
-18053
0
0
0
0
0
0
0
0
0
0
0
-2130
-1701
-3736
281
-2572
0
0
0
0
0
0
0
0
0
0
0
-174
-3808
-1704
-2635
-14811
0
0
0
0
0
0
0
0
0
0
0
-1827
-1761
-3173
531
-1855
0
0
0
0
0
0
0
0
0
0
0
1312
-1342
-3338
-1870
-14772
0
0
0
0
0
0
0
0
0
0
0
-2584
-3068
-3123
-814
-3177
0
0
0
0
0
0
0
0
0
0
0
-1047
-2388
-4066
-3139
-15456
0
0
0
0
0
0
0
0
0
0
0
-1928
-2179
-4288
-98
-2856
0
0
0
0
0
0
0
0
0
0
0
-1647
-2459
-3700
-2961
-21182
0
0
0
0
0
0
0
0
0
0
0
-4349
-3439
-6573
-753
-4385
0
0
0
0
0
0
0
0
0
0
0
-1857
-1820
-4790
-4573
-20208
0
0
0
0
0
0
0
0
0
0
0
-6123
-7122
-4783
-6989
-7312
0
0
0
0
0
0
0
0
0
0
0
-6376
3722
-9253
-7439
-6112
0
0
0
0
0
0
0
0
0
0
0
-2509
-2936
-2606
-2966
-2956
0
0
0
0
0
0
0
0
0
0
0
-3873
3098
-3274
-2883
-31852
0
0
0
0
0
0
0
0
0
0
0
-2106
-926
-3189
39
-2404
0
0
0
0
0
0
0
0
0
0
0
-3048
-3341
1113
-2208
-17290
0
0
0
0
0
0
0
0
0
0
0
-3054
-1568
-4304
-693
-3491
0
0
0
0
0
0
0
0
0
0
0
-1741
-5705
516
-3441
-13012
0
0
0
0
0
0
0
0
0
0
0
-1611
-1045
-2571
326
-1466
0
0
0
0
0
0
0
0
0
0
0
1304
-1696
-2213
-1457
-15764
0
0
0
0
0
0
0
0
0
0
0
-1565
-2307
-1911
233
-2075
0
0
0
0
0
0
0
0
0
0
0
-1700
-1389
-2344
-2035
-15548
0
0
0
0
0
0
0
0
0
0
0
-1894
-1641
-1736
435
-1510
0
0
0
0
0
0
0
0
0
0
0
-1468
-2537
-457
-1544
-19439
0
0
0
0
0
0
0
0
0
0
0
-1501
-1656
-1055
-207
-1607
0
0
0
0
0
0
0
0
0
0
0
-914
-2104
-1485
-1784
-17665
0
0
0
0
0
0
0
0
0
0
0
-1245
-2991
656
-1210
-2408
0
0
0
0
0
0
0
0
0
0
0
-2127
-1843
-4081
-2498
-23827
0
0
0
0
0
0
0
0
0
0
0
-1147
-1895
826
-1320
-1513
0
0
0
0
0
0
0
0
0
0
0
-2457
206
-1756
-1331
-20143
0
0
0
0
0
0
0
0
0
0
0
-1033
-577
-771
-919
-1509
0
0
0
0
0
0
0
0
0
0
0
-2315
-1346
98
-1268
-13464
0
0
0
0
0
0
0
0
0
0
0
-1729
-855
-2663
-1593
-2111
0
0
0
0
0
0
0
0
0
0
0
-1038
-2393
363
-1969
-16720
0
0
0
0
0
0
0
0
0
0
0
-1432
-1551
-2239
-1221
-1436
0
0
0
0
0
0
0
0
0
0
0
1275
-1569
-1041
-1404
-15528
0
0
0
0
0
0
0
0
0
0
0
0
0
0
0
0
0
0
0
0
0
0
0
0
0
0
0
0
0
0
0
0
0
0
0
0
0
0
0
0
0
0
0
0
0
0
0
0
0
0
0
0
0
0
0
0
0
0
0
0
0
0
0
0
0
0
0
0
0
0
0
0
0
0
0
0
0
0
0
0
0
0
0
0
0
0
0
0
0
0
0
0
0
0
0
0
0
0
0
0
0
0
0
0
0
0
0
0
0
0
0
0
0
0
0
0
0
0
0
0
0
0
0
0
0
0
0
0
0
0
0
0
0
0
0
0
0
0
0
0
0
0
0
0
0
0
0
0
0
0
0
0
0
0
0
0
0
0
0
0
0
0
0
0
0
0
0
0
0
0
0
0
0
0
0
0
0
0
0
0
0
0
0
0
0
0
0
0
0
0
0
0
0
0
0
0
0
0
0
0
0
0
0
0
0
0
0
0
0
0
0
0
0
0
0
0
0
0
0
0
0
0
0
0
0
0
0
0
0
0
0
0
0
0
0
0
0
0
0
0
0
0
0
0
0
0
0
0
0
0
0
0
0
0
0
0
0
0
0
0
0
0
0
0
0
0
0
0
0
0
0
0
0
0
0
0
0
0
0
0
0
0
0
0
0
0
0
0
0
0
0
0
0
0
0
0
0
0
0
0
0
0
0
0
0
0
0
0
0
0
0
0
0
0
0
0
0
0
0
0
0
0
0
0
0
0
0
0
0
0
0
0
0
0
0
0
0
0
0
0
0
0
0
0
0
0
0
0
0
0
0
0
0
0
0
0
0
0
0
0
0
0
0
0
0
0
0
0
0
0
0
0
0
0
0
0
0
0
0
0
0
0
0
0
0
0
0
0
0
0
0
0
0
0
0
0
0
0
0
0
0
0
0
0
0
0
0
0
0
0
0
0
0
0
0
0
0
0
0
0
0
0
0
0
0
0
0
0
0
0
0
0
0
0
0
0
0
0
0
0
0
0
0
0
0
0
0
0
0
0
0
0
0
0
0
0
0
0
0
0
0
0
0
0
0
0
0
0
0
0
0
0
0
0
0
0
0
0
0
0
0
0
0
0
0
0
0
0
0
0
0
0
0
0
0
0
0
0
0
0
0
0
0
0
0
0
0
0
0
0
0
0
0
0
0
0
0
0
0
0
0
0
0
0
0
0
0
0
0
0
0
0
0
0
0
0
0
0
0
0
0
0
0
0
0
0
0
0
0
0
0
0
0
0
0
0
0
0
0
0
0
0
0
0
0
0
0
0
0
0
0
0
0
0
0
0
0
0
0
0
0
0
0
0
0
0
0
0
0
0
0
0
0
0
0
0
0
0
0
0
0
0
0
0
0
0
0
0
0
0
0
0
0
0
0
0
0
0
0
0
0
0
0
0
0
0
0
0
0
0
0
0
0
0
0
0
0
0
0
0
0
0
0
0
0
0
0
0
0
0
0
0
0
0
0
0
0
0
0
0
0
0
0
0
0
0
0
0
0
0
0
0
0
0
0
0
0
0
0
0
0
0
0
0
0
0
0
0
0
0
0
0
0
0
0
0
0
0
0
0
0
0
0
0
0
0
0
0
0
0
0
0
0
0
0
0
0
0
0
0
0
0
0
0
0
0
0
0
0
0
0
0
0
0
0
0
0
0
0
0
0
0
0
0
0
0
0
0
0
0
0
0
0
0
0
0
0
0
0
0
0
0
0
0
0
0
0
0
0
0
0
0
0
0
0
0
0
0
0
0
0
0
0
0
0
0
0
0
0
0
0
0
0
0
0
0
0
0
0
0
0
0
0
0
0
0
0
0
0
0
0
0
0
0
0
0
0
0
0
0
0
0
0
0
0
0
0
0
0
0
0
0
0
0
0
0
0
0
0
0
0
0
0
0
0
0
0
0
0
0
0
0
0
0
0
0
0
0
0
0
0
0
0
0
0
0
0
0
0
0
0
0
0
0
0
0
0
0
0
0
0
0
0
0
0
0
0
0
0
0
0
0
0
0
0
0
0
0
0
0
0
0
0
0
0
0
0
0
0
0
0
0
0
0
0
0
0
0
0
0
0
0
0
0
0
0
0
0
0
0
0
0
0
0
0
0
0
0
0
0
0
0
0
0
0
0
0
0
0
0
0
0
0
0
0
0
0
0
0
0
0
0
0
0
0
0
0
0
0
0
0
0
0
0
0
0
0
0
0
0
0
0
0
0
0
0
0
0
0
0
0
0
0
0
0
0
0
0
0
0
0
0
0
0
0
0
0
0
0
0
0
0
0
0
0
0
0
0
0
0
0
0
0
0
0
0
0
0
0
0
0
0
0
0
0
0
0
0
0
0
0
0
0
0
0
0
0
0
0
0
0
0
0
0
0
0
0
0
0
0
0
0
0
0
0
0
0
0
0
0
0
0
0
0
0
0
0
0
0
0
0
0
0
0
0
0
0
0
0
0
0
0
0
0
0
0
0
0
0
0
0
0
0
0
0
0
0
0
0
0
0
0
0
0
0
0
0
0
0
0
0
0
0
0
0
0
0
0
0
0
0
0
0
0
0
0
0
0
0
0
0
0
0
0
0
0
0
0
0
0
0
0
0
0
0
0
0
0
0
0
0
0
0
0
0
0
0
0
0
0
0
0
0
0
0
0
0
0
0
0
0
0
0
0
0
0
0
0
0
0
0
0
0
0
0
0
0
0
0
0
0
0
0
0
0
0
0
0
0
0
0
0
0
0
0
0
0
0
0
0
0
0
0
0
0
0
0
0
0
0
0
0
0
0
0
0
0
0
0
0
0
0
0
0
0
0
0
0
0
0
0
0
0
0
0
0
0
0
0
0
0
0
0
0
0
0
0
0
0
0
0
0
0
0
0
0
0
0
0
0
0
0
0
0
0
0
0
0
0
0
0
0
0
0
0
0
0
0
0
0
0
0
0
0
0
0
0
0
0
0
0
0
0
0
0
0
0
0
0
0
0
0
0
0
0
0
0
0
0
0
0
0
0
0
0
0
0
0
0
0
0
0
0
0
0
0
0
0
0
0
0
0
0
0
0
0
0
0
0
0
0
0
0
0
0
0
0
0
0
0
0
0
0
0
0
0
0
0
0
0
0
0
0
0
0
0
0
0
0
0
0
0
0
0
0
0
0
0
0
0
0
0
0
0
0
0
0
0
0
0
0
0
0
0
0
0
0
0
0
0
0
0
0
0
0
0
0
0
0
0
0
0
0
0
0
0
0
0
0
0
0
0
0
0
0
0
0
0
0
0
0
0
0
0
0
0
0
0
0
0
0
0
0
0
0
0
0
0
0
0
0
0
0
0
0
0
0
0
0
0
0
0
0
0
0
0
0
0
0
0
0
0
0
0
0
0
0
0
0
0
0
0
0
0
0
0
0
0
0
0
0
0
0
0
0
0
0
0
0
0
0
0
0
0
0
0
0
0
0
0
0
0
0
0
0
0
0
0
0
0
0
0
0
0
0
0
0
0
0
0
0
0
0
0
0
0
0
0
0
0
0
0
0
0
0
0
0
0
0
0
0
0
0
0
0
0
0
0
0
0
0
0
0
0
0
0
0
0
0
0
0
0
0
0
0
0
0
0
0
0
0
0
0
0
0
0
0
0
0
0
0
0
0
0
0
0
0
0
0
0
0
0
0
0
0
0
0
0
0
0
0
0
0
0
0
0
0
0
0
0
0
0
0
0
0
0
0
0
0
0
0
0
0
0
0
0
0
0
0
0
0
0
0
0
0
0
0
0
0
0
0
0
0
0
0
0
0
0
0
0
0
0
0
0
0
0
0
0
0
0
0
0
0
0
0
0
0
0
0
0
0
0
0
0
0
0
0
0
0
0
0
0
0
0
0
0
0
0
0
0
0
0
0
0
0
0
0
0
0
0
0
0
0
0
0
0
0
0
0
0
0
0
0
0
0
0
0
0
0
0
0
0
0
0
0
0
0
0
0
0
0
0
0
0
0
0
0
0
0
0
0
0
0
0
0
0
0
0
0
0
0
0
0
0
0
0
0
0
0
0
0
0
0
0
0
0
0
0
0
0
0
0
0
0
0
0
0
0
0
0
0
0
0
0
0
0
0
0
0
0
0
0
0
0
0
0
0
0
0
0
0
0
0
0
0
0
0
0
0
0
0
0
0
0
0
0
0
0
0
0
0
0
0
0
0
0
0
0
0
0
0
0
0
0
0
0
0
0
0
0
0
0
0
0
0
0
0
0
0
0
0
0
0
0
0
0
0
0
0
0
0
0
0
0
0
0
0
0
0
0
0
0
0
0
0
0
0
0
0
0
0
0
0
0
0
0
0
0
0
0
0
0
0
0
0
0
0
0
0
0
0
0
0
0
0
0
0
0
0
0
0
0
0
0
0
0
0
0
0
0
0
0
0
0
0
0
0
0
0
0
0
0
0
0
0
0
0
0
0
0
0
0
0
0
0
0
0
0
0
0
0
0
0
0
0
0
0
0
0
0
0
0
0
0
0
0
0
0
0
0
0
0
0
0
0
0
0
0
0
0
0
0
0
0
0
0
0
0
0
0
0
0
0
0
0
0
0
0
0
0
0
0
0
0
0
0
0
0
0
0
0
0
0
0
0
0
0
0
0
0
0
0
0
0
0
0
0
0
0
0
0
0
0
0
0
0
0
0
0
0
0
0
0
0
0
0
0
0
0
0
0
0
0
0
0
0
0
0
0
0
0
0
0
0
0
0
0
0
0
0
0
0
0
0
0
0
0
0
0
0
0
0
0
0
0
0
0
0
0
0
0
0
0
0
0
0
0
0
0
0
0
0
0
0
0
0
0
0
0
0
0
0
0
0
0
0
0
0
0
0
0
0
0
0
0
0
0
0
0
0
0
0
0
0
0
0
0
0
0
0
0
0
0
0
0
0
0
0
0
0
0
0
0
0
0
0
0
0
0
0
0
0
0
0
0
0
0
0
0
0
0
0
0
0
0
0
0
0
0
0
0
0
0
0
0
0
0
0
0
0
0
0
0
0
0
0
0
0
0
0
0
0
0
0
0
0
0
0
0
0
0
0
0
0
0
0
0
0
0
0
0
0
0
0
0
0
0
0
0
0
0
0
0
0
0
0
0
0
0
0
0
0
0
0
0
0
0
0
0
0
0
0
0
0
0
0
0
0
0
0
0
0
0
0
0
0
0
0
0
0
0
0
0
0
0
0
0
0
0
0
0
0
0
0
0
0
0
0
0
0
0
0
0
0
0
0
0
0
0
0
0
0
0
0
0
0
0
0
0
0
0
0
0
0
0
0
0
0
0
0
0
0
0
0
0
0
0
0
0
0
0
0
0
0
0
0
0
0
0
0
0
0
0
0
0
0
0
0
0
0
0
0
0
0
0
0
0
0
0
0
0
0
0
0
0
0
0
0
0
0
0
0
0
0
0
0
0
0
0
0
0
0
0
0
0
0
0
0
0
0
0
0
0
0
0
0
0
0
0
0
0
0
0
0
0
0
0
0
0
0
0
0
0
0
0
0
0
0
0
0
0
0
0
0
0
0
0
0
0
0
0
0
0
0
0
0
0
0
0
0
0
0
0
0
0
0
0
0
0
0
0
0
0
0
0
0
0
0
0
0
0
0
0
0
0
0
0
0
0
0
0
0
0
0
0
0
0
0
0
0
0
0
0
0
0
0
0
0
0
0
0
0
0
0
0
0
0
0
0
0
0
0
0
0
0
0
0
0
0
0
0
0
0
0
0
0
0
0
0
0
0
0
0
0
0
0
0
0
0
0
0
0
0
0
0
0
0
0
0
0
0
0
0
0
0
0
0
0
0
0
0
0
0
0
0
0
0
0
0
0
0
0
0
0
0
0
0
0
0
0
0
0
0
0
0
0
0
0
0
0
0
0
0
0
0
0
0
0
0
0
0
0
0
0
0
0
0
0
0
0
0
0
0
0
0
0
0
0
0
0
0
0
0
0
0
0
0
0
0
0
0
0
0
0
0
0
0
0
0
0
0
0
0
0
0
0
0
0
0
0
0
0
0
0
0
0
0
0
0
0
0
0
0
0
0
0
0
0
0
0
0
0
0
0
0
0
0
0
0
0
0
0
0
0
0
0
0
0
0
0
0
0
0
0
0
0
0
0
0
0
0
0
0
0
0
0
0
0
0
0
0
0
0
0
0
0
0
0
0
0
0
0
0
0
0
0
0
0
0
0
0
0
0
0
0
0
0
0
0
0
0
0
0
0
0
0
0
0
0
0
0
0
0
0
0
0
0
0
0
0
0
0
0
0
0
0
0
0
0
0
0
0
0
0
0
0
0
0
0
0
0
0
0
0
0
0
0
0
0
0
0
0
0
0
0
0
0
0
0
0
0
0
0
0
0
0
0
0
0
0
0
0
0
0
0
0
0
0
0
0
0
0
0
0
0
0
0
0
0
0
0
0
0
0
0
0
0
0
0
0
0
0
0
0
0
0
0
0
0
0
0
0
0
0
0
0
0
0
0
0
0
0
0
0
0
0
0
0
0
0
0
0
0
0
0
0
0
0
0
0
0
0
0
0
0
0
0
0
0
0
0
0
0
0
0
0
0
0
0
0
0
0
0
0
0
0
0
0
0
0
0
0
0
0
0
0
0
0
0
0
0
0
0
0
0
0
0
0
0
0
0
0
0
0
0
0
0
0
0
0
0
0
0
0
0
0
0
0
0
0
0
0
0
0
0
0
0
0
0
0
0
0
0
0
0
0
0
0
0
0
0
0
0
0
0
0
0
0
0
0
0
0
0
0
0
0
0
0
0
0
0
0
0
0
0
0
0
0
0
0
0
0
0
0
0
0
0
0
0
0
0
0
0
0
0
0
0
0
0
0
0
0
0
0
0
0
0
0
0
0
0
0
0
0
0
0
0
0
0
0
0
0
0
0
0
0
0
0
0
0
0
0
0
0
0
0
0
0
0
0
0
0
0
0
0
0
0
0
0
0
0
0
0
0
0
0
0
0
0
0
0
0
0
0
0
0
0
0
0
0
0
0
0
0
0
0
0
0
0
0
0
0
0
0
0
0
0
0
0
0
0
0
0
0
0
0
0
0
0
0
0
0
0
0
0
0
0
0
0
0
0
0
0
0
0
0
0
0
0
0
0
0
0
0
0
0
0
0
0
0
0
0
0
0
0
0
0
0
0
0
0
0
0
0
0
0
0
0
0
0
0
0
0
0
0
0
0
0
0
0
0
0
0
0
0
0
0
0
0
0
0
0
0
0
0
0
0
0
0
0
0
0
0
0
0
0
0
0
0
0
0
0
0
0
0
0
0
0
0
0
0
0
0
0
0
0
0
0
0
0
0
0
0
0
0
0
0
0
0
0
0
0
0
0
0
0
0
0
0
0
0
0
0
0
0
0
0
0
0
0
0
0
0
0
0
0
0
0
0
0
0
0
0
0
0
0
0
0
0
0
0
0
0
0
0
0
0
0
0
0
0
0
0
0
0
0
0
0
0
0
0
0
0
0
0
0
0
0
0
0
0
0
0
0
0
0
0
0
0
0
0
0
0
0
0
0
0
0
0
0
0
0
0
0
0
0
0
0
0
0
0
0
0
0
0
0
0
0
0
0
0
0
0
0
0
0
0
0
0
0
0
0
0
0
0
0
0
0
0
0
0
0
0
0
0
0
0
0
0
0
0
0
0
0
0
0
0
0
0
0
0
0
0
0
0
0
0
0
0
0
0
0
0
0
0
0
0
0
0
0
0
0
0
0
0
0
0
0
0
0
0
0
0
0
0
0
0
0
0
0
0
0
0
0
0
0
0
0
0
0
0
0
0
0
0
0
0
0
0
0
0
0
0
0
0
0
0
0
0
0
0
0
0
0
0
0
0
0
0
0
0
0
0
0
0
0
0
0
0
0
0
0
0
0
0
0
0
0
0
0
0
0
0
0
0
0
0
0
0
0
0
0
0
0
0
0
0
0
0
0
0
0
0
0
0
0
0
0
0
0
0
0
0
0
0
0
0
0
0
0
0
0
0
0
0
0
0
0
0
0
0
0
0
0
0
0
0
0
0
0
0
0
0
0
0
0
0
0
0
0
0
0
0
0
0
0
0
0
0
0
0
0
0
0
0
0
0
0
0
0
0
0
0
0
0
0
0
0
0
0
0
0
0
0
0
0
0
0
0
0
0
0
0
0
0
0
0
0
0
0
0
0
0
0
0
0
0
0
0
0
0
0
0
0
0
0
0
0
0
0
0
0
0
0
0
0
0
0
0
0
0
0
0
0
0
0
0
0
0
0
0
0
0
0
0
0
0
0
0
0
0
0
0
0
0
0
0
0
0
0
0
0
0
0
0
0
0
0
0
0
0
0
0
0
0
0
0
0
0
0
0
0
0
0
0
0
0
0
0
0
0
0
0
0
0
0
0
0
0
0
0
0
0
0
0
0
0
0
0
0
0
0
0
0
0
0
0
0
0
0
0
0
0
0
0
0
0
0
0
0
0
0
0
0
0
0
0
0
0
0
0
0
0
0
0
0
0
0
0
0
0
0
0
0
0
0
0
0
0
0
0
0
0
0
0
0
0
0
0
0
0
0
0
0
0
0
0
0
0
0
0
0
0
0
0
0
0
0
0
0
0
0
0
0
0
0
0
0
0
0
0
0
0
0
0
0
0
0
0
0
0
0
0
0
0
0
0
0
0
0
0
0
0
0
0
0
0
0
0
0
0
0
0
0
0
0
0
0
0
0
0
0
0
0
0
0
0
0
0
0
0
0
0
0
0
0
0
0
0
0
0
0
0
0
0
0
0
0
0
0
0
0
0
0
0
0
0
0
0
0
0
0
0
0
0
0
0
0
0
0
0
0
0
0
0
0
0
0
0
0
0
0
0
0
0
0
0
0
0
0
0
0
0
0
0
0
0
0
0
0
0
0
0
0
0
0
0
0
0
0
0
0
0
0
0
0
0
0
0
0
0
0
0
0
0
0
0
0
0
0
0
0
0
0
0
0
0
0
0
0
0
0
0
0
0
0
0
0
0
0
0
0
0
0
0
0
0
0
0
0
0
0
0
0
0
0
0
0
0
0
0
0
0
0
0
0
0
0
0
0
0
0
0
0
0
0
0
0
0
0
0
0
0
0
0
0
0
0
0
0
0
0
0
0
0
0
0
0
0
0
0
0
0
0
0
0
0
0
0
0
0
0
0
0
0
0
0
0
0
0
0
0
0
0
0
0
0
0
0
0
0
0
0
0
0
0
0
0
0
0
0
0
0
0
0
0
0
0
0
0
0
0
0
0
0
0
0
0
0
0
0
0
0
0
0
0
0
0
0
0
0
0
0
0
0
0
0
0
0
0
0
0
0
0
0
0
0
0
0
0
0
0
0
0
0
0
0
0
0
0
0
0
0
0
0
0
0
0
0
0
0
0
0
0
0
0
0
0
0
0
0
0
0
0
0
0
0
0
0
0
0
0
0
0
0
0
0
0
0
0
0
0
0
0
0
0
0
0
0
0
0
0
0
0
0
0
0
0
0
0
0
0
0
0
0
0
0
0
0
0
0
0
0
0
0
0
0
0
0
0
0
0
0
0
0
0
0
0
0
0
0
0
0
0
0
0
0
0
0
0
0
0
0
0
0
0
0
0
0
0
0
0
0
0
0
0
0
0
0
0
0
0
0
0
0
0
0
0
0
0
0
0
0
0
0
0
0
0
0
0
0
0
0
0
0
0
0
0
0
0
0
0
0
0
0
0
0
0
0
0
0
0
0
0
0
0
0
0
0
0
0
0
0
0
0
0
0
0
0
0
0
0
0
0
0
0
0
0
0
0
0
0
0
0
0
0
0
0
0
0
0
0
0
0
0
0
0
0
0
0
0
0
0
0
0
0
0
0
0
0
0
0
0
0
0
0
0
0
0
0
0
0
0
0
0
0
0
0
0
0
0
0
0
0
0
0
0
0
0
0
0
0
0
0
0
0
0
0
0
0
0
0
0
0
0
0
0
0
0
0
0
0
0
0
0
0
0
0
0
0
0
0
0
0
0
0
0
0
0
0
0
0
0
0
0
0
0
0
0
0
0
0
0
0
0
0
0
0
0
0
0
0
0
0
0
0
0
0
0
0
0
0
0
0
0
0
0
0
0
0
0
0
0
0
0
0
0
0
0
0
0
0
0
0
0
0
0
0
0
0
0
0
0
0
0
0
0
0
0
0
0
0
0
0
0
0
0
0
0
0
0
0
0
0
0
0
0
0
0
0
0
0
0
0
0
0
0
0
0
0
0
0
0
0
0
0
0
0
0
0
0
0
0
0
0
0
0
0
0
0
0
0
0
0
0
0
0
0
0
0
0
0
0
0
0
0
0
0
0
0
0
0
0
0
0
0
0
0
0
0
0
0
0
0
0
0
0
0
0
0
0
0
0
0
0
0
0
0
0
0
0
0
0
0
0
0
0
0
0
0
0
0
0
0
0
0
0
0
0
0
0
0
0
0
0
0
0
0
0
0
0
0
0
0
0
0
0
0
0
0
0
0
0
0
0
0
0
0
0
0
0
0
0
0
0
0
0
0
0
0
0
0
0
0
0
0
0
0
0
0
0
0
0
0
0
0
0
0
0
0
0
0
0
0
0
0
0
0
0
0
0
0
0
0
0
0
0
0
0
0
0
0
0
0
0
0
0
0
0
0
0
0
0
0
0
0
0
0
0
0
0
0
0
0
0
0
0
0
0
0
0
0
0
0
0
0
0
0
0
0
0
0
0
0
0
0
0
0
0
0
0
0
0
0
0
0
0
0
0
0
0
0
0
0
0
0
0
0
0
0
0
0
0
0
0
0
0
0
0
0
0
0
0
0
0
0
0
0
0
0
0
0
0
0
0
0
0
0
0
0
0
0
0
0
0
0
0
0
0
0
0
0
0
0
0
0
0
0
0
0
0
0
0
0
0
0
0
0
0
0
0
0
0
0
0
0
0
0
0
0
0
0
0
0
0
0
0
0
0
0
0
0
0
0
0
0
0
0
0
0
0
0
0
0
0
0
0
0
0
0
0
0
0
0
0
0
0
0
0
0
0
0
0
0
0
0
0
0
0
0
0
0
0
0
0
0
0
0
0
0
0
0
0
0
0
0
0
0
0
0
0
0
0
0
0
0
0
0
0
0
0
0
0
0
0
0
0
0
0
0
0
0
0
0
0
0
0
0
0
0
0
0
0
0
0
0
0
0
0
0
0
0
0
0
0
0
0
0
0
0
0
0
0
0
0
0
0
0
0
0
0
0
0
0
0
0
0
0
0
0
0
0
0
0
0
0
0
0
0
0
0
0
0
0
0
0
0
0
0
0
0
0
0
0
0
0
0
0
0
0
0
0
0
0
0
0
0
0
0
0
0
0
0
0
0
0
0
0
0
0
0
0
0
0
0
0
0
0
0
0
0
0
0
0
0
0
0
0
0
0
0
0
0
0
0
0
0
0
0
0
0
0
0
0
0
0
0
0
0
0
0
0
0
0
0
0
0
0
0
0
0
0
0
0
0
0
0
0
0
0
0
0
0
0
0
0
0
0
0
0
0
0
0
0
0
0
0
0
0
0
0
0
0
0
0
0
0
0
0
0
0
0
0
0
0
0
0
0
0
0
0
0
0
0
0
0
0
0
0
0
0
0
0
0
0
0
0
0
0
0
0
0
0
0
0
0
0
0
0
0
0
0
0
0
0
0
0
0
0
0
0
0
0
0
0
0
0
0
0
0
0
0
0
0
0
0
0
0
0
0
0
0
0
0
0
0
0
0
0
0
0
0
0
0
0
0
0
0
0
0
0
0
0
0
0
0
0
0
0
0
0
0
0
0
0
0
0
0
0
0
0
0
0
0
0
0
0
0
0
0
0
0
0
0
0
0
0
0
0
0
0
0
0
0
0
0
0
0
0
0
0
0
0
0
0
0
0
0
0
0
0
0
0
0
0
0
0
0
0
0
0
0
0
0
0
0
0
0
0
0
0
0
0
0
0
0
0
0
0
0
0
0
0
0
0
0
0
0
0
0
0
0
0
0
0
0
0
0
0
0
0
0
0
0
0
0
0
0
0
0
0
0
0
0
0
0
0
0
0
0
0
0
0
0
0
0
0
0
0
0
0
0
0
0
0
0
0
0
0
0
0
0
0
0
0
0
0
0
0
0
0
0
0
0
0
0
0
0
0
0
0
0
0
0
0
0
0
0
0
0
0
0
0
0
0
0
0
0
0
0
0
0
0
0
0
0
0
0
0
0
0
0
0
0
0
0
0
0
0
0
0
0
0
0
0
0
0
0
0
0
0
0
0
0
0
0
0
0
0
0
0
0
0
0
0
0
0
0
0
0
0
0
0
0
0
0
0
0
0
0
0
0
0
0
0
0
0
0
0
0
0
0
0
0
0
0
0
0
0
0
0
0
0
0
0
0
0
0
0
0
0
0
0
0
0
0
0
0
0
0
0
0
0
0
0
0
0
0
0
0
0
0
0
0
0
0
0
0
0
0
0
0
0
0
0
0
0
0
0
0
0
0
0
0
0
0
0
0
0
0
0
0
0
0
0
0
0
0
0
0
0
0
0
0
0
0
0
0
0
0
0
0
0
0
0
0
0
0
0
0
0
0
0
0
0
0
0
0
0
0
0
0
0
0
0
0
0
0
0
0
0
0
0
0
0
0
0
0
0
0
0
0
0
0
0
0
0
0
0
0
0
0
0
0
0
0
0
0
0
0
0
0
0
0
0
0
0
0
0
0
0
0
0
0
0
0
0
0
0
0
0
0
0
0
0
0
0
0
0
0
0
0
0
0
0
0
0
0
0
0
0
0
0
0
0
0
0
0
0
0
0
0
0
0
0
0
0
0
0
0
0
0
0
0
0
0
0
0
0
0
0
0
0
0
0
0
0
0
0
0
0
0
0
0
0
0
0
0
0
0
0
0
0
0
0
0
0
0
0
0
0
0
0
0
0
0
0
0
0
0
0
0
0
0
0
0
0
0
0
0
0
0
0
0
0
0
0
0
0
0
0
0
0
0
0
0
0
0
0
0
0
0
0
0
0
0
0
0
0
0
0
0
0
0
0
0
0
0
0
0
0
0
0
0
0
0
0
0
0
0
0
0
0
0
0
0
0
0
0
0
0
0
0
0
0
0
0
0
0
0
0
0
0
0
0
0
0
0
0
0
0
0
0
0
0
0
0
0
0
0
0
0
0
0
0
0
0
0
0
0
0
0
0
0
0
0
0
0
0
0
0
0
0
0
0
0
0
0
0
0
0
0
0
0
0
0
0
0
0
0
0
0
0
0
0
0
0
0
0
0
0
0
0
0
0
0
0
0
0
0
0
0
0
0
0
0
0
0
0
0
0
0
0
0
0
0
0
0
0
0
0
0
0
0
0
0
0
0
0
0
0
0
0
0
0
0
0
0
0
0
0
0
0
0
0
0
0
0
0
0
0
0
0
0
0
0
0
0
0
0
0
0
0
0
0
0
0
0
0
0
0
0
0
0
0
0
0
0
0
0
0
0
0
0
0
0
0
0
0
0
0
0
0
0
0
0
0
0
0
0
0
0
0
0
0
0
0
0
0
0
0
0
0
0
0
0
0
0
0
0
0
0
0
0
0
0
0
0
0
0
0
0
0
0
0
0
0
0
0
0
0
0
0
0
0
0
0
0
0
0
0
0
0
0
0
0
0
0
0
0
0
0
0
0
0
0
0
0
0
0
0
0
0
0
0
0
0
0
0
0
0
0
0
0
0
0
0
0
0
0
0
0
0
0
0
0
0
0
0
0
0
0
0
0
0
0
0
0
0
0
0
0
0
0
0
0
0
0
0
0
0
0
0
0
0
0
0
0
0
0
0
0
0
0
0
0
0
0
0
0
0
0
0
0
0
0
0
0
0
0
0
0
0
0
0
0
0
0
0
0
0
0
0
0
0
0
0
0
0
0
0
0
0
0
0
0
0
0
0
0
0
0
0
0
0
0
0
0
0
0
0
0
0
0
0
0
0
0
0
0
0
0
0
0
0
0
0
0
0
0
0
0
0
0
0
0
0
0
0
0
0
0
0
0
0
0
0
0
0
0
0
0
0
0
0
0
0
0
0
0
0
0
0
0
0
0
0
0
0
0
0
0
0
0
0
0
0
0
0
0
0
0
0
0
0
0
0
0
0
0
0
0
0
0
0
0
0
0
0
0
0
0
0
0
0
0
0
0
0
0
0
0
0
0
0
0
0
0
0
0
0
0
0
0
0
0
0
0
0
0
0
0
0
0
0
0
0
0
0
0
0
0
0
0
0
0
0
0
0
0
0
0
0
0
0
0
0
0
0
0
0
0
0
0
0
0
0
0
0
0
0
0
0
0
0
0
0
0
0
0
0
0
0
0
0
0
0
0
0
0
0
0
0
0
0
0
0
0
0
0
0
0
0
0
0
0
0
0
0
0
0
0
0
0
0
0
0
0
0
0
0
0
0
0
0
0
0
0
0
0
0
0
0
0
0
0
0
0
0
0
0
0
0
0
0
0
0
0
0
0
0
0
0
0
0
0
0
0
0
0
0
0
0
0
0
0
0
0
0
0
0
0
0
0
0
0
0
0
0
0
0
0
0
0
0
0
0
0
0
0
0
0
0
0
0
0
0
0
0
0
0
0
0
0
0
0
0
0
0
0
0
0
0
0
0
0
0
0
0
0
0
0
0
0
0
0
0
0
0
0
0
0
0
0
0
0
0
0
0
0
0
0
0
0
0
0
0
0
0
0
0
0
0
0
0
0
0
0
0
0
0
0
0
0
0
0
0
0
0
0
0
0
0
0
0
0
0
0
0
0
0
0
0
0
0
0
0
0
0
0
0
0
0
0
0
0
0
0
0
0
0
0
0
0
0
0
0
0
0
0
0
0
0
0
0
0
0
0
0
0
0
0
0
0
0
0
0
0
0
0
0
0
0
0
0
0
0
0
0
0
0
0
0
0
0
0
0
0
0
0
0
0
0
0
0
0
0
0
0
0
0
0
0
0
0
0
0
0
0
0
0
0
0
0
0
0
0
0
0
0
0
0
0
0
0
0
0
0
0
0
0
0
0
0
0
0
0
0
0
0
0
0
0
0
0
0
0
0
0
0
0
0
0
0
0
0
0
0
0
0
0
0
0
0
0
0
0
0
0
0
0
0
0
0
0
0
0
0
0
0
0
0
0
0
0
0
0
0
0
0
0
0
0
0
0
0
0
0
0
0
0
0
0
0
0
0
0
0
0
0
0
0
0
0
0
0
0
0
0
0
0
0
0
0
0
0
0
0
0
0
0
0
0
0
0
0
0
0
0
0
0
0
0
0
0
0
0
0
0
0
0
0
0
0
0
0
0
0
0
0
0
0
0
0
0
0
0
0
0
0
0
0
0
0
0
0
0
0
0
0
0
0
0
0
0
0
0
0
0
0
0
0
0
0
0
0
0
0
0
0
0
0
0
0
0
0
0
0
0
0
0
0
0
0
0
0
0
0
0
0
0
0
0
0
0
0
0
0
0
0
0
0
0
0
0
0
0
0
0
0
0
0
0
0
0
0
0
0
0
0
0
0
0
0
0
0
0
0
0
0
0
0
0
0
0
0
0
0
0
0
0
0
0
0
0
0
0
0
0
0
0
0
0
0
0
0
0
0
0
0
0
0
0
0
0
0
0
0
0
0
0
0
0
0
0
0
0
0
0
0
0
0
0
0
0
0
0
0
0
0
0
0
0
0
0
0
0
0
0
0
0
0
0
0
0
0
0
0
0
0
0
0
0
0
0
0
0
0
0
0
0
0
0
0
0
0
0
0
0
0
0
0
0
0
0
0
0
0
0
0
0
0
0
0
0
0
0
0
0
0
0
0
0
0
0
0
0
0
0
0
0
0
0
0
0
0
0
0
0
0
0
0
0
0
0
0
0
0
0
0
0
0
0
0
0
0
0
0
0
0
0
0
0
0
0
0
0
0
0
0
0
0
0
0
0
0
0
0
0
0
0
0
0
0
0
0
0
0
0
0
0
0
0
0
0
0
0
0
0
0
0
0
0
0
0
0
0
0
0
0
0
0
0
0
0
0
0
0
0
0
0
0
0
0
0
0
0
0
0
0
0
0
0
0
0
0
0
0
0
0
0
0
0
0
0
0
0
0
0
0
0
0
0
0
0
0
0
0
0
0
0
0
0
0
0
0
0
0
0
0
0
0
0
0
0
0
0
0
0
0
0
0
0
0
0
0
0
0
0
0
0
0
0
0
0
0
0
0
0
0
0
0
0
0
0
0
0
0
0
0
0
0
0
0
0
0
0
0
0
0
0
0
0
0
0
0
0
0
0
0
0
0
0
0
0
0
0
0
0
0
0
0
0
0
0
0
0
0
0
0
0
0
0
0
0
0
0
0
0
0
0
0
0
0
0
0
0
0
0
0
0
0
0
0
0
0
0
0
0
0
0
0
0
0
0
0
0
0
0
0
0
0
0
0
0
0
0
0
0
0
0
0
0
0
0
0
0
0
0
0
0
0
0
0
0
0
0
0
0
0
0
0
0
0
0
0
0
0
0
0
0
0
0
0
0
0
0
0
0
0
0
0
0
0
0
0
0
0
0
0
0
0
0
0
0
0
0
0
0
0
0
0
0
0
0
0
0
0
0
0
0
0
0
0
0
0
0
0
0
0
0
0
0
0
0
0
0
0
0
0
0
0
0
0
0
0
0
0
0
0
0
0
0
0
0
0
0
0
0
0
0
0
0
0
0
0
0
0
0
0
0
0
0
0
0
0
0
0
0
0
0
0
0
0
0
0
0
0
0
0
0
0
0
0
0
0
0
0
0
0
0
0
0
0
0
0
0
0
0
0
0
0
0
0
0
0
0
0
0
0
0
0
0
0
0
0
0
0
0
0
0
0
0
0
0
0
0
0
0
0
0
0
0
0
0
0
0
0
0
0
0
0
0
0
0
0
0
0
0
0
0
0
0
0
0
0
0
0
0
0
0
0
0
0
0
0
0
0
0
0
0
0
0
0
0
0
0
0
0
0
0
0
0
0
0
0
0
0
0
0
0
0
0
0
0
0
0
0
0
0
0
0
0
0
0
0
0
0
0
0
0
0
0
0
0
0
0
0
0
0
0
0
0
0
0
0
0
0
0
0
0
0
0
0
0
0
0
0
0
0
0
0
0
0
0
0
0
0
0
0
0
0
0
0
0
0
0
0
0
0
0
0
0
0
0
0
0
0
0
0
0
0
0
0
0
0
0
0
0
0
0
0
0
0
0
0
0
0
0
0
0
0
0
0
0
0
0
0
0
0
0
0
0
0
0
0
0
0
0
0
0
0
0
0
0
0
0
0
0
0
0
0
0
0
0
0
0
0
0
0
0
0
0
0
0
0
0
0
0
0
0
0
0
0
0
0
0
0
0
0
0
0
0
0
0
0
0
0
0
0
0
0
0
0
0
0
0
0
0
0
0
0
0
0
0
0
0
0
0
0
0
0
0
0
0
0
0
0
0
0
0
0
0
0
0
0
0
0
0
0
0
0
0
0
0
0
0
0
0
0
0
0
0
0
0
0
0
0
0
0
0
0
0
0
0
0
0
0
0
0
0
0
0
0
0
0
0
0
0
0
0
0
0
0
0
0
0
0
0
0
0
0
0
0
0
0
0
0
0
0
0
0
0
0
0
0
0
0
0
0
0
0
0
0
0
0
0
0
0
0
0
0
0
0
0
0
0
0
0
0
0
0
0
0
0
0
0
0
0
0
0
0
0
0
0
0
0
0
0
0
0
0
0
0
0
0
0
0
0
0
0
0
0
0
0
0
0
0
0
0
0
0
0
0
0
0
0
0
0
0
0
0
0
0
0
0
0
0
0
0
0
0
0
0
0
0
0
0
0
0
0
0
0
0
0
0
0
0
0
0
0
0
0
0
0
0
0
0
0
0
0
0
0
0
0
0
0
0
0
0
0
0
0
0
0
0
0
0
0
0
0
0
0
0
0
0
0
0
0
0
0
0
0
0
0
0
0
0
0
0
0
0
0
0
0
0
0
0
0
0
0
0
0
0
0
0
0
0
0
0
0
0
0
0
0
0
0
0
0
0
0
0
0
0
0
0
0
0
0
0
0
0
0
0
0
0
0
0
0
0
0
0
0
0
0
0
0
0
0
0
0
0
0
0
0
0
0
0
0
0
0
0
0
0
0
0
0
0
0
0
0
0
0
0
0
0
0
0
0
0
0
0
0
0
0
0
0
0
0
0
0
0
0
0
0
0
0
0
0
0
0
0
0
0
0
0
0
0
0
0
0
0
0
0
0
0
0
0
0
0
0
0
0
0
0
0
0
0
0
0
0
0
0
0
0
0
0
0
0
0
0
0
0
0
0
0
0
0
0
0
0
0
0
0
0
0
0
0
0
0
0
0
0
0
0
0
0
0
0
0
0
0
0
0
0
0
0
0
0
0
0
0
0
0
0
0
0
0
0
0
0
0
0
0
0
0
0
0
0
0
0
0
0
0
0
0
0
0
0
0
0
0
0
0
0
0
0
0
0
0
0
0
0
0
0
0
0
0
0
0
0
0
0
0
0
0
0
0
0
0
0
0
0
0
0
0
0
0
0
0
0
0
0
0
0
0
0
0
0
0
0
0
0
0
0
0
0
0
0
0
0
0
0
0
0
0
0
0
0
0
0
0
0
0
0
0
0
0
0
0
0
0
0
0
0
0
0
0
0
0
0
0
0
0
0
0
0
0
0
0
0
0
0
0
0
0
0
0
0
0
0
0
0
0
0
0
0
0
0
0
0
0
0
0
0
0
0
0
0
0
0
0
0
0
0
0
0
0
0
0
0
0
0
0
0
0
0
0
0
0
0
0
0
0
0
0
0
0
0
0
0
0
0
0
0
0
0
0
0
0
0
0
0
0
0
0
0
0
0
0
0
0
0
0
0
0
0
0
0
0
0
0
0
0
0
0
0
0
0
0
0
0
0
0
0
0
0
0
0
0
0
0
0
0
0
0
0
0
0
0
0
0
0
0
0
0
0
0
0
0
0
0
0
0
0
0
0
0
0
0
0
0
0
0
0
0
0
0
0
0
0
0
0
0
0
0
0
0
0
0
0
0
0
0
0
0
0
0
0
0
0
0
0
0
0
0
0
0
0
0
0
0
0
0
0
0
0
0
0
0
0
0
0
0
0
0
0
0
0
0
0
0
0
0
0
0
0
0
0
0
0
0
0
0
0
0
0
0
0
0
0
0
0
0
0
0
0
0
0
0
0
0
0
0
0
0
0
0
0
0
0
0
0
0
0
0
0
0
0
0
0
0
0
0
0
0
0
0
0
0
0
0
0
0
0
0
0
0
0
0
0
0
0
0
0
0
0
0
0
0
0
0
0
0
0
0
0
0
0
0
0
0
0
0
0
0
0
0
0
0
0
0
0
0
0
0
0
0
0
0
0
0
0
0
0
0
0
0
0
0
0
0
0
0
0
0
0
0
0
0
0
0
0
0
0
0
0
0
0
0
0
0
0
0
0
0
0
0
0
0
0
0
0
0
0
0
0
0
0
0
0
0
0
0
0
0
0
0
0
0
0
0
0
0
0
0
0
0
0
0
0
0
0
0
0
0
0
0
0
0
0
0
0
0
0
0
0
0
0
0
0
0
0
0
0
0
0
0
0
0
0
0
0
0
0
0
0
0
0
0
0
0
0
0
0
0
0
0
0
0
0
0
0
0
0
0
0
0
0
0
0
0
0
0
0
0
0
0
0
0
0
0
0
0
0
0
0
0
0
0
0
0
0
0
0
0
0
0
0
0
0
0
0
0
0
0
0
0
0
0
0
0
0
0
0
0
0
0
0
0
0
0
0
0
0
0
0
0
0
0
0
0
0
0
0
0
0
0
0
0
0
0
0
0
0
0
0
0
0
0
0
0
0
0
0
0
0
0
0
0
0
0
0
0
0
0
0
0
0
0
0
0
0
0
0
0
0
0
0
0
0
0
0
0
0
0
0
0
0
0
0
0
0
0
0
0
0
0
0
0
0
0
0
0
0
0
0
0
0
0
0
0
0
0
0
0
0
0
0
0
0
0
0
0
0
0
0
0
0
0
0
0
0
0
0
0
0
0
0
0
0
0
0
0
0
0
0
0
0
0
0
0
0
0
0
0
0
0
0
0
0
0
0
0
0
0
0
0
0
0
0
0
0
0
0
0
0
0
0
0
0
0
0
0
0
0
0
0
0
0
0
0
0
0
0
0
0
0
0
0
0
0
0
0
0
0
0
0
0
0
0
0
0
0
0
0
0
0
0
0
0
0
0
0
0
0
0
0
0
0
0
0
0
0
0
0
0
0
0
0
0
0
0
0
0
0
0
0
0
0
0
0
0
0
0
0
0
0
0
0
0
0
0
0
0
0
0
0
0
0
0
0
0
0
0
0
0
0
0
0
0
0
0
0
0
0
0
0
0
0
0
0
0
0
0
0
0
0
0
0
0
0
0
0
0
0
0
0
0
0
0
0
0
0
0
0
0
0
0
0
0
0
0
0
0
0
0
0
0
0
0
0
0
0
0
0
0
0
0
0
0
0
0
0
0
0
0
0
0
0
0
0
0
0
0
0
0
0
0
0
0
0
0
0
0
0
0
0
0
0
0
0
0
0
0
0
0
0
0
0
0
0
0
0
0
0
0
0
0
0
0
0
0
0
0
0
0
0
0
0
0
0
0
0
0
0
0
0
0
0
0
0
0
0
0
0
0
0
0
0
0
0
0
0
0
0
0
0
0
0
0
0
0
0
0
0
0
0
0
0
0
0
0
0
0
0
0
0
0
0
0
0
0
0
0
0
0
0
0
0
0
0
0
0
0
0
0
0
0
0
0
0
0
0
0
0
0
0
0
0
0
0
0
0
0
0
0
0
0
0
0
0
0
0
0
0
0
0
0
0
0
0
0
0
0
0
0
0
0
0
0
0
0
0
0
0
0
0
0
0
0
0
0
0
0
0
0
0
0
0
0
0
0
0
0
0
0
0
0
0
0
0
0
0
0
0
0
0
0
0
0
0
0
0
0
0
0
0
0
0
0
0
0
0
0
0
0
0
0
0
0
0
0
0
0
0
0
0
0
0
0
0
0
0
0
0
0
0
0
0
0
0
0
0
0
0
0
0
0
0
0
0
0
0
0
0
0
0
0
0
0
0
0
0
0
0
0
0
0
0
0
0
0
0
0
0
0
0
0
0
0
0
0
0
0
0
0
0
0
0
0
0
0
0
0
0
0
0
0
0
0
0
0
0
0
0
0
0
0
0
0
0
0
0
0
0
0
0
0
0
0
0
0
0
0
0
0
0
0
0
0
0
0
0
0
0
0
0
0
0
0
0
0
0
0
0
0
0
0
0
0
0
0
0
0
0
0
0
0
0
0
0
0
0
0
0
0
0
0
0
0
0
0
0
0
0
0
0
0
0
0
0
0
0
0
0
0
0
0
0
0
0
0
0
0
0
0
0
0
0
0
0
0
0
0
0
0
0
0
0
0
0
0
0
0
0
0
0
0
0
0
0
0
0
0
0
0
0
0
0
0
0
0
0
0
0
0
0
0
0
0
0
0
0
0
0
0
0
0
0
0
0
0
0
0
0
0
0
0
0
0
0
0
0
0
0
0
0
0
0
0
0
0
0
0
0
0
0
0
0
0
0
0
0
0
0
0
0
0
0
0
0
0
0
0
0
0
0
0
0
0
0
0
0
0
0
0
0
0
0
0
0
0
0
0
0
0
0
0
0
0
0
0
0
0
0
0
0
0
0
0
0
0
0
0
0
0
0
0
0
0
0
0
0
0
0
0
0
0
0
0
0
0
0
0
0
0
0
0
0
0
0
0
0
0
0
0
0
0
0
0
0
0
0
0
0
0
0
0
0
0
0
0
0
0
0
0
0
0
0
0
0
0
0
0
0
0
0
0
0
0
0
0
0
0
0
0
0
0
0
0
0
0
0
0
0
0
0
0
0
0
0
0
0
0
0
0
0
0
0
0
0
0
0
0
0
0
0
0
0
0
0
0
0
0
0
0
0
0
0
0
0
0
0
0
0
0
0
0
0
0
0
0
0
0
0
0
0
0
0
0
0
0
0
0
0
0
0
0
0
0
0
0
0
0
0
0
0
0
0
0
0
0
0
0
0
0
0
0
0
0
0
0
0
0
0
0
0
0
0
0
0
0
0
0
0
0
0
0
0
0
0
0
0
0
0
0
0
0
0
0
0
0
0
0
0
0
0
0
0
0
0
0
0
0
0
0
0
0
0
0
0
0
0
0
0
0
0
0
0
0
0
0
0
0
0
0
0
0
0
0
0
0
0
0
0
0
0
0
0
0
0
0
0
0
0
0
0
0
0
0
0
0
0
0
0
0
0
0
0
0
0
0
0
0
0
0
0
0
0
0
0
0
0
0
0
0
0
0
0
0
0
0
0
0
0
0
0
0
0
0
0
0
0
0
0
0
0
0
0
0
0
0
0
0
0
0
0
0
0
0
0
0
0
0
0
0
0
0
0
0
0
0
0
0
0
0
0
0
0
0
0
0
0
0
0
0
0
0
0
0
0
0
0
0
0
0
0
0
0
0
0
0
0
0
0
0
0
0
0
0
0
0
0
0
0
0
0
0
0
0
0
0
0
0
0
0
0
0
0
0
0
0
0
0
0
0
0
0
0
0
0
0
0
0
0
0
0
0
0
0
0
0
0
0
0
0
0
0
0
0
0
0
0
0
0
0
0
0
0
0
0
0
0
0
0
0
0
0
0
0
0
0
0
0
0
0
0
0
0
0
0
0
0
0
0
0
0
0
0
0
0
0
0
0
0
0
0
0
0
0
0
0
0
0
0
0
0
0
0
0
0
0
0
0
0
0
0
0
0
0
0
0
0
0
0
0
0
0
0
0
0
0
0
0
0
0
0
0
0
0
0
0
0
0
0
0
0
0
0
0
0
0
0
0
0
0
0
0
0
0
0
0
0
0
0
0
0
0
0
0
0
0
0
0
0
0
0
0
0
0
0
0
0
0
0
0
0
0
0
0
0
0
0
0
0
0
0
0
0
0
0
0
0
0
0
0
0
0
0
0
0
0
0
0
0
0
0
0
0
0
0
0
0
0
0
0
0
0
0
0
0
0
0
0
0
0
0
0
0
0
0
0
0
0
0
0
0
0
0
0
0
0
0
0
0
0
0
0
0
0
0
0
0
0
0
0
0
0
0
0
0
0
0
0
0
0
0
0
0
0
0
0
0
0
0
0
0
0
0
0
0
0
0
0
0
0
0
0
0
0
0
0
0
0
0
0
0
0
0
0
0
0
0
0
0
0
0
0
0
0
0
0
0
0
0
0
0
0
0
0
0
0
0
0
0
0
0
0
0
0
0
0
0
0
0
0
0
0
0
0
0
0
0
0
0
0
0
0
0
0
0
0
0
0
0
0
0
0
0
0
0
0
0
0
0
0
0
0
0
0
0
0
0
0
0
0
0
0
0
0
0
0
0
0
0
0
0
0
0
0
0
0
0
0
0
0
0
0
0
0
0
0
0
0
0
0
0
0
0
0
0
0
0
0
0
0
0
0
0
0
0
0
0
0
0
0
0
0
0
0
0
0
0
0
0
0
0
0
0
0
0
0
0
0
0
0
0
0
0
0
0
0
0
0
0
0
0
0
0
0
0
0
0
0
0
0
0
0
0
0
0
0
0
0
0
0
0
0
0
0
0
0
0
0
0
0
0
0
0
0
0
0
0
0
0
0
0
0
0
0
0
0
0
0
0
0
0
0
0
0
0
0
0
0
0
0
0
0
0
0
0
0
0
0
0
0
0
0
0
0
0
0
0
0
0
0
0
0
0
0
0
0
0
0
0
0
0
0
0
0
0
0
0
0
0
0
0
0
0
0
0
0
0
0
0
0
0
0
0
0
0
0
0
0
0
0
0
0
0
0
0
0
0
0
0
0
0
0
0
0
0
0
0
0
0
0
0
0
0
0
0
0
0
0
0
0
0
0
0
0
0
0
0
0
0
0
0
0
0
0
0
0
0
0
0
0
0
0
0
0
0
0
0
0
0
0
0
0
0
0
0
0
0
0
0
0
0
0
0
0
0
0
0
0
0
0
0
0
0
0
0
0
0
0
0
0
0
0
0
0
0
0
0
0
0
0
0
0
0
0
0
0
0
0
0
0
0
0
0
0
0
0
0
0
0
0
0
0
0
0
0
0
0
0
0
0
0
0
0
0
0
0
0
0
0
0
0
0
0
0
0
0
0
0
0
0
0
0
0
0
0
0
0
0
0
0
0
0
0
0
0
0
0
0
0
0
0
0
0
0
0
0
0
0
0
0
0
0
0
0
0
0
0
0
0
0
0
0
0
0
0
0
0
0
0
0
0
0
0
0
0
0
0
0
0
0
0
0
0
0
0
0
0
0
0
0
0
0
0
0
0
0
0
0
0
0
0
0
0
0
0
0
0
0
0
0
0
0
0
0
0
0
0
0
0
0
0
0
0
0
0
0
0
0
0
0
0
0
0
0
0
0
0
0
0
0
0
0
0
0
0
0
0
0
0
0
0
0
0
0
0
0
0
0
0
0
0
0
0
0
0
0
0
0
0
0
0
0
0
0
0
0
0
0
0
0
0
0
0
0
0
0
0
0
0
0
0
0
0
0
0
0
0
0
0
0
0
0
0
0
0
0
0
0
0
0
0
0
0
0
0
0
0
0
0
0
0
0
0
0
0
0
0
0
0
0
0
0
0
0
0
0
0
0
0
0
0
0
0
0
0
0
0
0
0
0
0
0
0
0
0
0
0
0
0
0
0
0
0
0
0
0
0
0
0
0
0
0
0
0
0
0
0
0
0
0
0
0
0
0
0
0
0
0
0
0
0
0
0
0
0
0
0
0
0
0
0
0
0
0
0
0
0
0
0
0
0
0
0
0
0
0
0
0
0
0
0
0
0
0
0
0
0
0
0
0
0
0
0
0
0
0
0
0
0
0
0
0
0
0
0
0
0
0
0
0
0
0
0
0
0
0
0
0
0
0
0
0
0
0
0
0
0
0
0
0
0
0
0
0
0
0
0
0
0
0
0
0
0
0
0
0
0
0
0
0
0
0
0
0
0
0
0
0
0
0
0
0
0
0
0
0
0
0
0
0
0
0
0
0
0
0
0
0
0
0
0
0
0
0
0
0
0
0
0
0
0
0
0
0
0
0
0
0
0
0
0
0
0
0
0
0
0
0
0
0
0
0
0
0
0
0
0
0
0
0
0
0
0
0
0
0
0
0
0
0
0
0
0
0
0
0
0
0
0
0
0
0
0
0
0
0
0
0
0
0
0
0
0
0
0
0
0
0
0
0
0
0
0
0
0
0
0
0
0
0
0
0
0
0
0
0
0
0
0
0
0
0
0
0
0
0
0
0
0
0
0
0
0
0
0
0
0
0
0
0
0
0
0
0
0
0
0
0
0
0
0
0
0
0
0
0
0
0
0
0
0
0
0
0
0
0
0
0
0
0
0
0
0
0
0
0
0
0
0
0
0
0
0
0
0
0
0
0
0
0
0
0
0
0
0
0
0
0
0
0
0
0
0
0
0
0
0
0
0
0
0
0
0
0
0
0
0
0
0
0
0
0
0
0
0
0
0
0
0
0
0
0
0
0
0
0
0
0
0
0
0
0
0
0
0
0
0
0
0
0
0
0
0
0
0
0
0
0
0
0
0
0
0
0
0
0
0
0
0
0
0
0
0
0
0
0
0
0
0
0
0
0
0
0
0
0
0
0
0
0
0
0
0
0
0
0
0
0
0
0
0
0
0
0
0
0
0
0
0
0
0
0
0
0
0
0
0
0
0
0
0
0
0
0
0
0
0
0
0
0
0
0
0
0
0
0
0
0
0
0
0
0
0
0
0
0
0
0
0
0
0
0
0
0
0
0
0
0
0
0
0
0
0
0
0
0
0
0
0
0
0
0
0
0
0
0
0
0
0
0
0
0
0
0
0
0
0
0
0
0
0
0
0
0
0
0
0
0
0
0
0
0
0
0
0
0
0
0
0
0
0
0
0
0
0
0
0
0
0
0
0
0
0
0
0
0
0
0
0
0
0
0
0
0
0
0
0
0
0
0
0
0
0
0
0
0
0
0
0
0
0
0
0
0
0
0
0
0
0
0
0
0
0
0
0
0
0
0
0
0
0
0
0
0
0
0
0
0
0
0
0
0
0
0
0
0
0
0
0
0
0
0
0
0
0
0
0
0
0
0
0
0
0
0
0
0
0
0
0
0
0
0
0
0
0
0
0
0
0
0
0
0
0
0
0
0
0
0
0
0
0
0
0
0
0
0
0
0
0
0
0
0
0
0
0
0
0
0
0
0
0
0
0
0
0
0
0
0
0
0
0
0
0
0
0
0
0
0
0
0
0
0
0
0
0
0
0
0
0
0
0
0
0
0
0
0
0
0
0
0
0
0
0
0
0
0
0
0
0
0
0
0
0
0
0
0
0
0
0
0
0
0
0
0
0
0
0
0
0
0
0
0
0
0
0
0
0
0
0
0
0
0
0
0
0
0
0
0
0
0
0
0
0
0
0
0
0
0
0
0
0
0
0
0
0
0
0
0
0
0
0
0
0
0
0
0
0
0
0
0
0
0
0
0
0
0
0
0
0
0
0
0
0
0
0
0
0
0
0
0
0
0
0
0
0
0
0
0
0
0
0
0
0
0
0
0
0
0
0
0
0
0
0
0
0
0
0
0
0
0
0
0
0
0
0
0
0
0
0
0
0
0
0
0
0
0
0
0
0
0
0
0
0
0
0
0
0
0
0
0
0
0
0
0
0
0
0
0
0
0
0
0
0
0
0
0
0
0
0
0
0
0
0
0
0
0
0
0
0
0
0
0
0
0
0
0
0
0
0
0
0
0
0
0
0
0
0
0
0
0
0
0
0
0
0
0
0
0
0
0
0
0
0
0
0
0
0
0
0
0
0
0
0
0
0
0
0
0
0
0
0
0
0
0
0
0
0
0
0
0
0
0
0
0
0
0
0
0
0
0
0
0
0
0
0
0
0
0
0
0
0
0
0
0
0
0
0
0
0
0
0
0
0
0
0
0
0
0
0
0
0
0
0
0
0
0
0
0
0
0
0
0
0
0
0
0
0
0
0
0
0
0
0
0
0
0
0
0
0
0
0
0
0
0
0
0
0
0
0
0
0
0
0
0
0
0
0
0
0
0
0
0
0
0
0
0
0
0
0
0
0
0
0
0
0
0
0
0
0
0
0
0
0
0
0
0
0
0
0
0
0
0
0
0
0
0
0
0
0
0
0
0
0
0
0
0
0
0
0
0
0
0
0
0
0
0
0
0
0
0
0
0
0
0
0
0
0
0
0
0
0
0
0
0
0
0
0
0
0
0
0
0
0
0
0
0
0
0
0
0
0
0
0
0
0
0
0
0
0
0
0
0
0
0
0
0
0
0
0
0
0
0
0
0
0
0
0
0
0
0
0
0
0
0
0
0
0
0
0
0
0
0
0
0
0
0
0
0
0
0
0
0
0
0
0
0
0
0
0
0
0
0
0
0
0
0
0
0
0
0
0
0
0
0
0
0
0
0
0
0
0
0
0
0
0
0
0
0
0
0
0
0
0
0
0
0
0
0
0
0
0
0
0
0
0
0
0
0
0
0
0
0
0
0
0
0
0
0
0
0
0
