-53
-292
-2093
-1144
-1915
-1280
-1495
-131
318
-2694
-1870
-2601
-2185
208
-68
-321
-207
680
-933
-1608
820
-1411
-16184
-281
1392
-1233
-2461
-1553
-2264
-15799
-67
1045
-100
42
-1618
-3337
-2750
-3370
-3345
-159
902
-2228
-4899
-4723
-3651
664
-51
691
-141
-5
-2879
-4453
1845
-3104
-12045
-305
-510
-4807
-3777
-349
-3378
-12204
-188
-792
-6
1161
353
-1292
-1215
-1743
-1959
-101
1097
-651
-1925
-3033
-2804
574
-29
1231
-147
358
-1658
-2826
-1028
-1794
-15984
-327
-285
-4595
-3011
-1922
-2324
-15559
-212
617
-40
810
369
253
-558
-987
-1148
-115
1191
-2117
-984
-3674
-3698
-542
-75
1760
-125
6
-1157
-2055
-1964
-1112
-20164
-275
73
-4556
-3700
-2531
-3493
-11928
-172
160
-140
447
-1817
877
-800
-1811
-2016
-159
921
-2698
326
-2616
-2609
-473
-50
1581
-85
-8
-554
-2826
-3564
-1955
-13391
-41
138
-3242
-2876
-2855
-2857
-14376
-55
421
-134
378
-1771
-447
-1413
-2476
-2264
-178
661
-3313
-826
-3435
-3513
-1306
-9
873
-39
-246
518
-2998
-3433
-2095
-14623
17
-251
-2641
-3137
-3580
-3125
-12671
-23
246
-120
-286
-1638
-1274
-792
-1797
-1853
-218
218
-1804
-1134
-1880
-1568
-1499
-17
395
-9
-502
507
-2686
-2067
-1733
-13752
50
-209
-750
-1005
-1909
-1255
-17009
82
-362
-197
-217
-1275
-894
-78
-1470
-1487
-215
256
-1488
-912
-1022
-1707
-1635
-160
-198
-66
-612
-716
-1453
-1571
-1363
-15493
-186
-185
-1129
-361
-2056
-1434
-16816
33
-629
60
23
-2934
-2463
-2578
-2749
-2411
-67
2155
-3835
-3433
-4449
-3822
92
-81
1907
-240
275
-1794
-1552
1602
-2387
-21642
-157
569
-3020
-4433
-266
-4011
-17796
-121
625
-239
-508
-2276
-2729
-2214
-2532
-2490
-278
-259
-3119
-3505
-3836
-3416
792
-135
466
-98
-177
-1937
-3604
1785
-2376
-20855
-92
-1099
-3914
-4053
567
-3113
-21195
-43
-1949
-137
-866
-779
-1877
423
-2097
-2515
-44
-787
-2220
-2227
-2570
-3342
1135
-5
-673
-146
586
-2410
-4131
-1754
-2435
-14588
-79
258
-5610
-4432
-2778
-2744
-13956
-150
382
-117
-273
-33
-875
852
-1137
-1461
6
276
-3353
-2437
-4165
-4733
995
-150
243
-155
778
-1487
-2690
-2742
-1357
-22815
-73
873
-5756
-5529
-4046
-3813
-12746
-79
705
-112
598
-2036
302
-1235
-1406
-1543
3
212
-4771
-1276
-5267
-4675
1067
-119
1048
-106
309
163
-3077
-1937
-1527
-22280
-147
-245
-4404
-5284
-3316
-4353
-13826
-109
-431
-118
947
-3141
-721
-3554
-2840
-2878
30
568
-5197
-2096
-6459
-4869
879
-43
1452
-104
503
1177
-4263
-2273
-2849
-18511
-27
104
-4294
-5688
-3204
-4933
-14483
-112
339
-89
844
-2292
-1159
-2881
-2600
-2707
-27
549
-4171
-2797
-5599
-4412
278
-122
873
-85
-915
705
-3836
-2139
-2597
-16924
152
-609
-3346
-4286
-3137
-4092
-13459
123
-248
8
451
-927
-1986
-70
-1842
-1689
38
151
-1471
-2492
-2248
-2788
-966
-136
-352
-254
-818
477
-1556
-2661
-1619
-17011
-110
-505
-1031
-964
-2845
-2111
-16543
28
-1134
-25
1216
-5000
-5579
-3837
-6097
-5295
-272
963
-5717
-6438
-6312
-6791
-3458
-11
868
-207
993
-4937
-4821
3824
-5342
-18686
-57
1113
-4806
-6378
2610
-6757
-14020
107
838
-264
3119
-4312
-5333
-2736
-4326
-3589
-283
3653
-6515
-6647
-5219
-6068
-2397
15
3341
-109
-306
-2560
-3860
3734
-3575
-27416
15
-1972
-4085
-6168
3677
-6270
-18618
66
-2465
-288
918
-3326
-3241
939
-3671
-3103
-295
821
-2928
-2934
-300
-2643
-215
57
1318
27
-952
-1885
-4302
-986
-3135
-19186
165
-1114
-2622
-3245
-980
-2123
-25682
116
-700
-148
-1078
-1780
-2660
1523
-1754
-2386
-85
-952
-2084
-2438
-717
-1986
808
38
-1280
-18
242
-1613
-3368
-2944
-2367
-16286
79
-402
-2490
-3199
-3323
-1483
-20976
-68
-106
-60
-1032
-2080
-1128
-2736
-677
-1677
-66
-869
-4017
-1977
-3520
-3011
1550
-2
-1052
58
937
-385
-2837
348
-1563
-18294
-21
641
-3003
-4025
-2981
-2860
-15041
-110
1164
9
-447
-3735
-2803
-6201
-2449
-3301
92
304
-5193
-3255
-5493
-4043
38
146
37
37
536
381
-4083
1892
-3070
-15984
12
-254
-2546
-5637
-1710
-4663
-13939
-158
-209
75
122
-3724
-1872
-6063
-3434
-3491
55
716
-5082
-2364
-6163
-5001
-1526
83
913
-1
-936
409
-3936
467
-3246
-16191
51
-599
-2989
-5582
-1736
-5269
-13245
62
-290
120
246
-1739
-1977
-1917
-2487
-2337
151
-154
-2039
-2546
-2844
-3213
-751
-84
-334
-233
-1202
919
-2091
-2288
-2253
-16072
-26
-656
-1103
-1533
-2937
-2672
-17657
36
-516
-145
1055
-5364
-5787
-2805
-5093
-5091
-79
55
-4622
-4279
-4410
-4391
-2454
101
-782
-142
3018
-6559
-5178
4759
-5063
-17031
98
4139
-6370
-4276
3185
-4701
-19519
354
3098
-393
2729
-15456
-14570
-16729
-16890
-15636
-286
1159
-10484
-9318
-13155
-8847
-9980
344
909
-299
428
-14524
-16571
15955
-15760
17853
180
207
-9974
-9303
12762
-10431
-6290
443
349
-376
2249
-7297
-6122
-7142
-8825
-6598
-310
1320
-8539
-4613
-7041
-7108
-3934
108
1520
-77
-3383
-6380
-6988
7654
-6639
-17215
186
-4680
-6960
-6639
5379
-6749
-18492
227
-3391
-271
1591
-2455
-3660
-2523
-4000
-2659
-328
2585
-4718
-3868
-4409
-4532
81
-13
2261
-5
-1111
-3995
-1890
2841
-2742
-26058
107
-1482
-6481
-5225
952
-3219
-20603
24
-469
-147
474
-3384
-3319
-4693
-3243
-2436
-310
862
-4630
-3928
-4361
-3859
1142
-46
569
12
-299
-3955
-1892
5516
-2539
-18954
-36
-330
-5536
-4671
1476
-3228
-14480
-75
-46
-83
-369
-4299
-3114
-6394
-3820
-3815
-35
62
-5764
-3458
-6421
-4554
571
198
73
22
8
-3328
-4648
5518
-3510
-17096
-107
118
-5464
-5576
103
-5444
-13862
-128
-84
17
-195
-3956
-2233
-6260
-3503
-3551
63
429
-4976
-2751
-6561
-4598
-803
56
553
9
140
-2273
-4374
4228
-3247
-15403
-53
-280
-4335
-5655
222
-5625
-11976
-51
-709
139
-285
-2321
-1321
-3843
-2538
-2722
206
241
-2621
-1931
-3394
-3460
-642
6
210
-165
-1288
-171
-2556
-701
-2567
-15185
-48
-795
-1961
-2341
-2849
-3261
-17041
62
-495
121
-1680
-2204
-3031
-4090
-2024
-3855
48
-2568
-2851
-3373
-2306
-4358
-1229
20
-2453
-61
4694
-5521
-4185
2189
-3631
-23632
51
2587
-7044
-5074
-1968
-4439
-20568
58
1598
-90
1457
-8663
-8613
-11662
-7728
-8355
-119
-3744
-6529
-6169
-6981
-7259
-5369
125
-3116
-52
680
-11534
-9346
13100
-8438
-12535
222
436
-11859
-8345
7451
-7474
-16322
357
372
-137
1390
-7387
-7658
-9552
-9169
-7685
-130
-348
-5810
-4716
-6647
-6558
-5009
177
-90
-29
-2976
-9077
-8249
10147
-7707
-12291
271
-1590
-9116
-6841
5357
-6786
-18728
235
-1247
-138
1652
-6980
-7276
-8755
-9139
-7125
-126
1515
-5997
-5390
-7882
-6758
-2814
93
1141
-158
-488
-8605
-6844
10167
-7062
-17338
215
195
-9351
-6825
4576
-6221
-20682
156
589
-10
6786
-7326
-7143
-9831
-8407
-6481
-20
4245
-6356
-5102
-9273
-6121
-2424
246
2634
-95
-562
-8170
-6307
12000
-6585
-22450
124
-1390
-8460
-6407
6440
-6526
-24827
178
-831
-118
1449
-4777
-3434
-4254
-4219
-3290
-173
1565
-5388
-3503
-3842
-3843
561
84
-237
129
-1326
-4383
-4088
6807
-3259
-19883
-3
-1048
-5751
-3808
2386
-4425
-18325
189
-1133
20
-405
-2570
-1501
-2626
-1872
-2131
20
216
-3438
-2390
-2994
-3109
-167
87
-656
98
-144
-1873
-2692
2125
-1828
-20703
24
1
-3591
-3375
-319
-3704
-18446
-15
-187
-4
-980
-2318
-1236
-2554
-1499
-2179
157
-105
-2559
-1883
-2172
-2777
-268
-72
-384
-106
-703
-429
-2123
-328
-1930
-14742
-94
-720
-1849
-2240
-2605
-2977
-15426
-29
-402
-123
-1069
-3757
-1311
-4657
-4176
-4782
-211
-848
-4306
-1137
-4507
-5455
-3430
-158
-1173
29
2387
-4202
-5019
-622
-4686
-20846
-58
-126
-5480
-5411
-4657
-4253
-19859
34
-436
46
-3216
-5240
-3630
-6032
-5935
-5721
-80
-3496
-5144
-4270
-4843
-6512
-3307
49
-2089
75
582
-6882
-6868
5327
-5566
-20485
86
-628
-8473
-6383
810
-4431
-19477
3
-466
74
-1668
-3337
-3352
-6305
-4042
-4364
-65
-3405
-4797
-4527
-4661
-7198
-2399
-32
-1501
138
-1004
-5522
-4728
4941
-4241
-29914
195
356
-8008
-6755
-1513
-5104
-21650
30
1144
80
1221
-6627
-6267
-10017
-7092
-6721
-2
-1059
-5756
-6014
-6926
-7161
-316
13
-299
60
4056
-8383
-6726
9667
-6265
-31901
177
2765
-10815
-6876
309
-6398
31589
121
1354
223
2083
-11629
-10860
-14674
-10211
-9927
220
736
-8705
-8550
-9006
-7785
-3150
160
598
1
1152
-10458
-9455
14520
-9759
-12290
371
431
-10818
-8332
5632
-8575
-20467
298
177
213
2826
-8422
-7933
-7376
-8719
-7611
146
3179
-6542
-4854
-5691
-5166
-2630
177
2266
-32
-5575
-8728
-7019
9531
-7580
-13192
169
-2748
-8048
-4270
3449
-5412
-23497
210
-1524
192
-40
-3019
-1711
-725
-2786
-2404
73
634
-3459
-1610
-1943
-3060
-489
148
-222
32
-2772
-2077
-2501
443
-2256
-23188
-82
-1919
-3054
-2137
-1554
-2452
-24017
-4
-554
-77
-2159
-1859
-1015
-878
-2014
-2009
5
-409
-2320
-1924
-1200
-2679
449
-71
-1004
-87
363
-1376
-2007
103
-1661
-17570
-150
228
-2396
-1936
-2572
-2445
-18178
3
588
-217
-1303
-5582
-2096
-1233
-5052
-4359
-154
-926
-5913
-1598
-4665
-5428
-2317
-156
-1429
-116
1294
-3336
-5180
218
-4213
-21652
-95
500
-3489
-4751
-2875
-3613
-22274
116
636
106
-1591
-5112
-311
-2055
-4241
-4114
-293
-775
-7496
-2503
-7632
-6198
-726
-95
-546
26
558
-4820
-5189
1250
-3932
-25804
-50
-1019
-7525
-4752
-3597
-2298
-17606
-62
-39
11
-1325
-2865
-1260
-3569
-9
-2658
-256
-931
-5397
-4095
-5095
-4801
-1152
-205
-210
124
-115
-2298
-2706
814
-2289
-28030
113
-1430
-4476
-3529
-5689
-2173
-16877
-62
-1552
6
-819
-2472
-3501
-4684
-533
-3199
-125
-2928
-4157
-5139
-3082
-4589
-180
-102
-977
186
2131
-3727
-2360
675
-2886
-29397
34
1744
-5978
-4467
-6275
-3419
-23553
60
529
263
-4564
-8570
-7256
-9713
-6942
-7162
197
-3547
-7052
-5949
-5525
-5816
-1924
-46
-592
33
1196
-6826
-5163
7323
-6889
-16114
316
2005
-8142
-6323
-154
-6143
-20929
254
1090
78
-2909
-9261
-8649
-7911
-10116
-8253
159
-1671
-7391
-5390
-7769
-5928
-2919
5
-1196
-168
-3802
-8579
-5637
8446
-8038
-12606
289
-1881
-7730
-6237
4416
-5885
-22016
232
-928
-58
-144
-4232
-2613
-616
-3181
-2914
-64
-409
-4764
-2542
-3110
-3172
-894
18
-244
-107
-3082
-1720
-2941
100
-2792
-20803
-24
-3122
-2619
-2653
-1698
-2682
-21596
64
-1729
-388
-1586
-1733
-903
-1594
-2105
-1898
-308
-1008
-2493
-2227
-1708
-2588
417
-118
-544
7
554
-1692
-2371
833
-1673
-15686
23
348
-2575
-1530
-2322
-2362
-16597
94
420
-52
-1310
-4089
-126
-1831
-3937
-3657
-188
-847
-5873
-1387
-5161
-5571
-1012
-58
-466
-157
956
-4603
-4689
339
-3629
-16154
-221
810
-4813
-5325
-3645
-4549
-12726
-25
502
-221
-1680
-2937
10
-1708
-1279
-2621
-489
-908
-3111
-1112
-5259
-2498
-1190
-232
-459
48
-506
-4917
-3295
668
-2500
-22291
-172
-1106
-5026
-2046
-2473
-1226
-22056
144
-550
-219
-1343
-2581
-527
-3139
-511
-2509
-438
-1248
-1967
-476
-4244
-1465
-1581
-247
-1528
101
315
-3826
-2011
687
-2168
-18976
-99
-879
-2775
-720
-3552
312
-22504
60
-1138
-116
-2116
-1760
-2053
-2855
1521
-1350
-373
-1097
-2822
-2857
-2934
-1678
-291
-213
-1418
201
1081
-1981
-1190
793
-1189
-21668
-74
166
-2080
-2304
-5118
-629
-18738
-54
1000
-168
-3613
-2811
-3509
-3288
-1880
-3039
-229
-1962
-4586
-4592
-3068
-4394
-218
-279
-1627
-95
266
-2610
-2070
818
-2797
-22614
-60
1759
-3426
-5187
-6451
-3501
-15726
54
1870
-268
-2716
-4771
-5576
-1855
-4678
-4771
-203
-1985
-5351
-5348
-2591
-4628
-881
-171
-1561
-189
-1818
-4674
-3143
671
-4574
-15166
-46
-1446
-4053
-4569
-4359
-4681
-14987
114
-1610
-289
-1028
-2869
-2965
43
-1188
-1899
-211
-1255
-3312
-3341
-1682
-1753
-317
-134
-441
-25
-1721
-1111
-1499
-1052
-1749
-17311
-107
-2307
-624
-1064
-3238
-2275
-19315
32
-2489
-503
-803
-2290
-1957
-1822
-1586
-1747
-404
-694
-2173
-2247
-2649
-1708
-545
-132
-277
5
-414
-1707
-2044
1962
-1660
-13994
-98
-635
-1927
-752
-308
-1992
-16405
116
-667
0
0
0
0
0
0
0
0
0
0
0
-1897
-1707
-1692
-369
-1407
0
0
0
0
0
0
0
0
0
0
0
-558
-1380
-252
-1492
-12793
0
0
0
0
0
0
0
0
0
0
0
-1359
-2136
-638
-1654
-1678
0
0
0
0
0
0
0
0
0
0
0
-1478
-2990
1290
-1461
-16786
0
0
0
0
0
0
0
0
0
0
0
-879
-1620
-385
-473
-1394
0
0
0
0
0
0
0
0
0
0
0
-462
-2901
265
-1236
-15832
0
0
0
0
0
0
0
0
0
0
0
-583
-837
682
-673
-894
0
0
0
0
0
0
0
0
0
0
0
43
-2159
-606
-762
-17352
0
0
0
0
0
0
0
0
0
0
0
-1552
-233
9
-1609
-1531
0
0
0
0
0
0
0
0
0
0
0
542
-2425
-1566
-1226
-13731
0
0
0
0
0
0
0
0
0
0
0
-1711
-632
-224
-1856
-1403
0
0
0
0
0
0
0
0
0
0
0
1368
-2073
-1788
-1192
-16398
0
0
0
0
0
0
0
0
0
0
0
-1819
-1298
237
-1341
-1484
0
0
0
0
0
0
0
0
0
0
0
946
-2038
-1879
-1377
-14091
0
0
0
0
0
0
0
0
0
0
0
-1319
-1414
258
-741
-1250
0
0
0
0
0
0
0
0
0
0
0
261
-771
-2566
-1187
-14144
0
0
0
0
0
0
0
0
0
0
0
-2430
-1891
-2353
-1354
-1900
0
0
0
0
0
0
0
0
0
0
0
-1119
-17
-803
-1775
-19213
0
0
0
0
0
0
0
0
0
0
0
-1384
-1774
-1348
-574
-1619
0
0
0
0
0
0
0
0
0
0
0
-2085
-2051
341
-1480
-21061
0
0
0
0
0
0
0
0
0
0
0
-1824
-1909
877
-152
-1672
0
0
0
0
0
0
0
0
0
0
0
-1632
-3116
-1241
-1537
-15819
0
0
0
0
0
0
0
0
0
0
0
-2162
-1995
1452
-593
-1941
0
0
0
0
0
0
0
0
0
0
0
-762
-3340
-2651
-1946
-16522
0
0
0
0
0
0
0
0
0
0
0
-2546
-1351
-1268
-313
-1927
0
0
0
0
0
0
0
0
0
0
0
525
-3607
-1168
-1897
-17164
0
0
0
0
0
0
0
0
0
0
0
-2888
-1627
-3365
-2278
-2685
0
0
0
0
0
0
0
0
0
0
0
1405
-4346
-433
-2515
-16797
0
0
0
0
0
0
0
0
0
0
0
-2905
-1186
-1900
-2117
-2272
0
0
0
0
0
0
0
0
0
0
0
1393
-3322
-1248
-2155
-16068
0
0
0
0
0
0
0
0
0
0
0
-2159
-1958
-178
-1624
-1754
0
0
0
0
0
0
0
0
0
0
0
1878
-1428
-3231
-1682
-13874
0
0
0
0
0
0
0
0
0
0
0
-3518
-3730
-2141
-3905
-3192
0
0
0
0
0
0
0
0
0
0
0
-3230
-1463
930
-3167
-22364
0
0
0
0
0
0
0
0
0
0
0
-2580
-4071
-2788
-2977
-3072
0
0
0
0
0
0
0
0
0
0
0
-3434
-1865
994
-2899
-25240
0
0
0
0
0
0
0
0
0
0
0
-1595
-2615
952
-2454
-2172
0
0
0
0
0
0
0
0
0
0
0
-1805
-1929
-1326
-1882
-21420
0
0
0
0
0
0
0
0
0
0
0
-1795
-2119
1984
-520
-1537
0
0
0
0
0
0
0
0
0
0
0
-1119
-2108
-2703
-1312
-18536
0
0
0
0
0
0
0
0
0
0
0
-2320
-2080
-1901
1075
-1711
0
0
0
0
0
0
0
0
0
0
0
-1097
-3170
-427
-1756
-15697
0
0
0
0
0
0
0
0
0
0
0
-3372
-3342
-5966
-1402
-3139
0
0
0
0
0
0
0
0
0
0
0
-325
-4953
2008
-3137
-12882
0
0
0
0
0
0
0
0
0
0
0
-3692
-2402
-5451
-2743
-3010
0
0
0
0
0
0
0
0
0
0
0
527
-3549
1257
-2987
-14573
0
0
0
0
0
0
0
0
0
0
0
-2711
-1946
-1918
-2085
-2184
0
0
0
0
0
0
0
0
0
0
0
2081
-1707
-2665
-2079
-13619
0
0
0
0
0
0
0
0
0
0
0
-4755
-5845
-3890
-3959
-5050
0
0
0
0
0
0
0
0
0
0
0
-6341
-4338
3318
-5287
-13911
0
0
0
0
0
0
0
0
0
0
0
-9414
-9026
-8389
-11534
-8040
0
0
0
0
0
0
0
0
0
0
0
-8943
-7938
11884
-7533
-15540
0
0
0
0
0
0
0
0
0
0
0
-4587
-5237
-5687
-7370
-4680
0
0
0
0
0
0
0
0
0
0
0
-5350
-1707
6450
-4079
-24114
0
0
0
0
0
0
0
0
0
0
0
-2758
-3069
-2151
-4389
-2643
0
0
0
0
0
0
0
0
0
0
0
-3922
1146
1620
-2334
-23423
0
0
0
0
0
0
0
0
0
0
0
-2108
-2517
-2892
-3135
-2181
0
0
0
0
0
0
0
0
0
0
0
-3780
-599
2579
-2270
-16328
0
0
0
0
0
0
0
0
0
0
0
-2533
-2151
-4121
-2153
-2214
0
0
0
0
0
0
0
0
0
0
0
-2722
-2928
4152
-2209
-20969
0
0
0
0
0
0
0
0
0
0
0
-3199
-2197
-4717
-2372
-2560
0
0
0
0
0
0
0
0
0
0
0
-1662
-3269
3989
-2365
-16856
0
0
0
0
0
0
0
0
0
0
0
-3072
-1687
-3508
-1603
-2466
0
0
0
0
0
0
0
0
0
0
0
425
-1991
-647
-2326
-13627
0
0
0
0
0
0
0
0
0
0
0
-3891
-3543
-5187
-1142
-4126
0
0
0
0
0
0
0
0
0
0
0
-4618
-4625
2318
-4059
-19732
0
0
0
0
0
0
0
0
0
0
0
-11586
-12628
-14162
-9871
-12063
0
0
0
0
0
0
0
0
0
0
0
-13093
-11739
12734
-12158
10299
0
0
0
0
0
0
0
0
0
0
0
-6818
-7747
-9595
-8520
-7198
0
0
0
0
0
0
0
0
0
0
0
-7777
-7010
11178
-6825
-12677
0
0
0
0
0
0
0
0
0
0
0
-5371
-4886
-7719
-7849
-5184
0
0
0
0
0
0
0
0
0
0
0
-6235
-2929
8725
-4759
-24667
0
0
0
0
0
0
0
0
0
0
0
-5170
-5726
-8319
-7838
-5701
0
0
0
0
0
0
0
0
0
0
0
-7282
-3824
9248
-5551
-20517
0
0
0
0
0
0
0
0
0
0
0
-2556
-3502
-4171
-4201
-3252
0
0
0
0
0
0
0
0
0
0
0
-5520
-2732
5307
-3301
-16012
0
0
0
0
0
0
0
0
0
0
0
-2361
-2517
-3180
-2016
-2731
0
0
0
0
0
0
0
0
0
0
0
-2919
-3188
2537
-2675
-15277
0
0
0
0
0
0
0
0
0
0
0
-2807
-2058
-2663
-834
-2408
0
0
0
0
0
0
0
0
0
0
0
-426
-2370
-394
-2288
-11270
0
0
0
0
0
0
0
0
0
0
0
-2938
-985
-4282
-2265
-2789
0
0
0
0
0
0
0
0
0
0
0
-1611
-3160
676
-2664
-26174
0
0
0
0
0
0
0
0
0
0
0
-6771
-6187
-8232
-6246
-7491
0
0
0
0
0
0
0
0
0
0
0
-6951
-9185
6584
-7470
-5914
0
0
0
0
0
0
0
0
0
0
0
-5046
-5099
-7832
-1947
-5631
0
0
0
0
0
0
0
0
0
0
0
-5651
-7813
5502
-5640
-20019
0
0
0
0
0
0
0
0
0
0
0
-6158
-5315
-10999
-4108
-6544
0
0
0
0
0
0
0
0
0
0
0
-7128
-7149
8245
-6407
-31655
0
0
0
0
0
0
0
0
0
0
0
-13366
-14702
-18409
-14949
-15472
0
0
0
0
0
0
0
0
0
0
0
-14445
-12472
13039
-15528
20766
0
0
0
0
0
0
0
0
0
0
0
-6413
-7140
-7125
-8978
-7112
0
0
0
0
0
0
0
0
0
0
0
-8791
-4651
7434
-7182
-12678
0
0
0
0
0
0
0
0
0
0
0
-2277
-1967
-891
-1868
-2252
0
0
0
0
0
0
0
0
0
0
0
-2621
-1273
290
-2242
-21311
0
0
0
0
0
0
0
0
0
0
0
-1458
-1039
-464
-1041
-1496
0
0
0
0
0
0
0
0
0
0
0
-689
-1896
46
-1240
-17613
0
0
0
0
0
0
0
0
0
0
0
-2054
-1880
-2134
-2852
-3023
0
0
0
0
0
0
0
0
0
0
0
-1822
-3587
-892
-2828
-23166
0
0
0
0
0
0
0
0
0
0
0
-3573
-1107
-2502
-1461
-3645
0
0
0
0
0
0
0
0
0
0
0
-4351
-4796
-435
-3572
-22342
0
0
0
0
0
0
0
0
0
0
0
-4281
-2542
-5168
2023
-3950
0
0
0
0
0
0
0
0
0
0
0
-3973
-5140
-848
-3818
-17362
0
0
0
0
0
0
0
0
0
0
0
-5106
-4118
-7060
2049
-4966
0
0
0
0
0
0
0
0
0
0
0
-5456
-6207
734
-5146
-20109
0
0
0
0
0
0
0
0
0
0
0
-9845
-8948
-11408
-9666
-9766
0
0
0
0
0
0
0
0
0
0
0
-8849
-6554
6719
-10201
-613
0
0
0
0
0
0
0
0
0
0
0
-7631
-7366
-7592
-10279
-7210
0
0
0
0
0
0
0
0
0
0
0
-7981
-1478
5739
-7205
-14888
0
0
0
0
0
0
0
0
0
0
0
-3480
-3000
-789
-3470
-2972
0
0
0
0
0
0
0
0
0
0
0
-2480
-250
-671
-2918
-18690
0
0
0
0
0
0
0
0
0
0
0
-1459
-241
-356
-1793
-1240
0
0
0
0
0
0
0
0
0
0
0
-497
-2027
917
-1063
-16919
0
0
0
0
0
0
0
0
0
0
0
-1313
-177
-1307
-1832
-2139
0
0
0
0
0
0
0
0
0
0
0
-2610
-2916
-551
-1941
-19243
0
0
0
0
0
0
0
0
0
0
0
-1160
70
-1867
442
-1772
0
0
0
0
0
0
0
0
0
0
0
-3678
-2451
-997
-1703
-23509
0
0
0
0
0
0
0
0
0
0
0
-1997
-202
-2953
1950
-1557
0
0
0
0
0
0
0
0
0
0
0
-2961
-1982
-406
-1371
-21103
0
0
0
0
0
0
0
0
0
0
0
-3466
-2720
-3860
3498
-2789
0
0
0
0
0
0
0
0
0
0
0
-3959
-3155
-761
-2676
-14328
0
0
0
0
0
0
0
0
0
0
0
-3857
-2946
-2907
-1068
-3056
0
0
0
0
0
0
0
0
0
0
0
-2659
-2809
350
-3227
-19877
0
0
0
0
0
0
0
0
0
0
0
-3610
-3765
-1138
-3174
-3179
0
0
0
0
0
0
0
0
0
0
0
-3429
-1243
118
-3170
-21879
0
0
0
0
0
0
0
0
0
0
0
-2837
-2952
-43
-1792
-2602
0
0
0
0
0
0
0
0
0
0
0
-2616
-107
-1928
-2450
-14137
0
0
0
0
0
0
0
0
0
0
0
-1601
-1540
-696
-2280
-1479
0
0
0
0
0
0
0
0
0
0
0
-1027
-1086
1014
-1274
-14275
0
0
0
0
0
0
0
0
0
0
0
0
0
0
0
0
0
0
0
0
0
0
0
0
0
0
0
0
0
0
0
0
0
0
0
0
0
0
0
0
0
0
0
0
0
0
0
0
0
0
0
0
0
0
0
0
0
0
0
0
0
0
0
0
0
0
0
0
0
0
0
0
0
0
0
0
0
0
0
0
0
0
0
0
0
0
0
0
0
0
0
0
0
0
0
0
0
0
0
0
0
0
0
0
0
0
0
0
0
0
0
0
0
0
0
0
0
0
0
0
0
0
0
0
0
0
0
0
0
0
0
0
0
0
0
0
0
0
0
0
0
0
0
0
0
0
0
0
0
0
0
0
0
0
0
0
0
0
0
0
0
0
0
0
0
0
0
0
0
0
0
0
0
0
0
0
0
0
0
0
0
0
0
0
0
0
0
0
0
0
0
0
0
0
0
0
0
0
0
0
0
0
0
0
0
0
0
0
0
0
0
0
0
0
0
0
0
0
0
0
0
0
0
0
0
0
0
0
0
0
0
0
0
0
0
0
0
0
0
0
0
0
0
0
0
0
0
0
0
0
0
0
0
0
0
0
0
0
0
0
0
0
0
0
0
0
0
0
0
0
0
0
0
0
0
0
0
0
0
0
0
0
0
0
0
0
0
0
0
0
0
0
0
0
0
0
0
0
0
0
0
0
0
0
0
0
0
0
0
0
0
0
0
0
0
0
0
0
0
0
0
0
0
0
0
0
0
0
0
0
0
0
0
0
0
0
0
0
0
0
0
0
0
0
0
0
0
0
0
0
0
0
0
0
0
0
0
0
0
0
0
0
0
0
0
0
0
0
0
0
0
0
0
0
0
0
0
0
0
0
0
0
0
0
0
0
0
0
0
0
0
0
0
0
0
0
0
0
0
0
0
0
0
0
0
0
0
0
0
0
0
0
0
0
0
0
0
0
0
0
0
0
0
0
0
0
0
0
0
0
0
0
0
0
0
0
0
0
0
0
0
0
0
0
0
0
0
0
0
0
0
0
0
0
0
0
0
0
0
0
0
0
0
0
0
0
0
0
0
0
0
0
0
0
0
0
0
0
0
0
0
0
0
0
0
0
0
0
0
0
0
0
0
0
0
0
0
0
0
0
0
0
0
0
0
0
0
0
0
0
0
0
0
0
0
0
0
0
0
0
0
0
0
0
0
0
0
0
0
0
0
0
0
0
0
0
0
0
0
0
0
0
0
0
0
0
0
0
0
0
0
0
0
0
0
0
0
0
0
0
0
0
0
0
0
0
0
0
0
0
0
0
0
0
0
0
0
0
0
0
0
0
0
0
0
0
0
0
0
0
0
0
0
0
0
0
0
0
0
0
0
0
0
0
0
0
0
0
0
0
0
0
0
0
0
0
0
0
0
0
0
0
0
0
0
0
0
0
0
0
0
0
0
0
0
0
0
0
0
0
0
0
0
0
0
0
0
0
0
0
0
0
0
0
0
0
0
0
0
0
0
0
0
0
0
0
0
0
0
0
0
0
0
0
0
0
0
0
0
0
0
0
0
0
0
0
0
0
0
0
0
0
0
0
0
0
0
0
0
0
0
0
0
0
0
0
0
0
0
0
0
0
0
0
0
0
0
0
0
0
0
0
0
0
0
0
0
0
0
0
0
0
0
0
0
0
0
0
0
0
0
0
0
0
0
0
0
0
0
0
0
0
0
0
0
0
0
0
0
0
0
0
0
0
0
0
0
0
0
0
0
0
0
0
0
0
0
0
0
0
0
0
0
0
0
0
0
0
0
0
0
0
0
0
0
0
0
0
0
0
0
0
0
0
0
0
0
0
0
0
0
0
0
0
0
0
0
0
0
0
0
0
0
0
0
0
0
0
0
0
0
0
0
0
0
0
0
0
0
0
0
0
0
0
0
0
0
0
0
0
0
0
0
0
0
0
0
0
0
0
0
0
0
0
0
0
0
0
0
0
0
0
0
0
0
0
0
0
0
0
0
0
0
0
0
0
0
0
0
0
0
0
0
0
0
0
0
0
0
0
0
0
0
0
0
0
0
0
0
0
0
0
0
0
0
0
0
0
0
0
0
0
0
0
0
0
0
0
0
0
0
0
0
0
0
0
0
0
0
0
0
0
0
0
0
0
0
0
0
0
0
0
0
0
0
0
0
0
0
0
0
0
0
0
0
0
0
0
0
0
0
0
0
0
0
0
0
0
0
0
0
0
0
0
0
0
0
0
0
0
0
0
0
0
0
0
0
0
0
0
0
0
0
0
0
0
0
0
0
0
0
0
0
0
0
0
0
0
0
0
0
0
0
0
0
0
0
0
0
0
0
0
0
0
0
0
0
0
0
0
0
0
0
0
0
0
0
0
0
0
0
0
0
0
0
0
0
0
0
0
0
0
0
0
0
0
0
0
0
0
0
0
0
0
0
0
0
0
0
0
0
0
0
0
0
0
0
0
0
0
0
0
0
0
0
0
0
0
0
0
0
0
0
0
0
0
0
0
0
0
0
0
0
0
0
0
0
0
0
0
0
0
0
0
0
0
0
0
0
0
0
0
0
0
0
0
0
0
0
0
0
0
0
0
0
0
0
0
0
0
0
0
0
0
0
0
0
0
0
0
0
0
0
0
0
0
0
0
0
0
0
0
0
0
0
0
0
0
0
0
0
0
0
0
0
0
0
0
0
0
0
0
0
0
0
0
0
0
0
0
0
0
0
0
0
0
0
0
0
0
0
0
0
0
0
0
0
0
0
0
0
0
0
0
0
0
0
0
0
0
0
0
0
0
0
0
0
0
0
0
0
0
0
0
0
0
0
0
0
0
0
0
0
0
0
0
0
0
0
0
0
0
0
0
0
0
0
0
0
0
0
0
0
0
0
0
0
0
0
0
0
0
0
0
0
0
0
0
0
0
0
0
0
0
0
0
0
0
0
0
0
0
0
0
0
0
0
0
0
0
0
0
0
0
0
0
0
0
0
0
0
0
0
0
0
0
0
0
0
0
0
0
0
0
0
0
0
0
0
0
0
0
0
0
0
0
0
0
0
0
0
0
0
0
0
0
0
0
0
0
0
0
0
0
0
0
0
0
0
0
0
0
0
0
0
0
0
0
0
0
0
0
0
0
0
0
0
0
0
0
0
0
0
0
0
0
0
0
0
0
0
0
0
0
0
0
0
0
0
0
0
0
0
0
0
0
0
0
0
0
0
0
0
0
0
0
0
0
0
0
0
0
0
0
0
0
0
0
0
0
0
0
0
0
0
0
0
0
0
0
0
0
0
0
0
0
0
0
0
0
0
0
0
0
0
0
0
0
0
0
0
0
0
0
0
0
0
0
0
0
0
0
0
0
0
0
0
0
0
0
0
0
0
0
0
0
0
0
0
0
0
0
0
0
0
0
0
0
0
0
0
0
0
0
0
0
0
0
0
0
0
0
0
0
0
0
0
0
0
0
0
0
0
0
0
0
0
0
0
0
0
0
0
0
0
0
0
0
0
0
0
0
0
0
0
0
0
0
0
0
0
0
0
0
0
0
0
0
0
0
0
0
0
0
0
0
0
0
0
0
0
0
0
0
0
0
0
0
0
0
0
0
0
0
0
0
0
0
0
0
0
0
0
0
0
0
0
0
0
0
0
0
0
0
0
0
0
0
0
0
0
0
0
0
0
0
0
0
0
0
0
0
0
0
0
0
0
0
0
0
0
0
0
0
0
0
0
0
0
0
0
0
0
0
0
0
0
0
0
0
0
0
0
0
0
0
0
0
0
0
0
0
0
0
0
0
0
0
0
0
0
0
0
0
0
0
0
0
0
0
0
0
0
0
0
0
0
0
0
0
0
0
0
0
0
0
0
0
0
0
0
0
0
0
0
0
0
0
0
0
0
0
0
0
0
0
0
0
0
0
0
0
0
0
0
0
0
0
0
0
0
0
0
0
0
0
0
0
0
0
0
0
0
0
0
0
0
0
0
0
0
0
0
0
0
0
0
0
0
0
0
0
0
0
0
0
0
0
0
0
0
0
0
0
0
0
0
0
0
0
0
0
0
0
0
0
0
0
0
0
0
0
0
0
0
0
0
0
0
0
0
0
0
0
0
0
0
0
0
0
0
0
0
0
0
0
0
0
0
0
0
0
0
0
0
0
0
0
0
0
0
0
0
0
0
0
0
0
0
0
0
0
0
0
0
0
0
0
0
0
0
0
0
0
0
0
0
0
0
0
0
0
0
0
0
0
0
0
0
0
0
0
0
0
0
0
0
0
0
0
0
0
0
0
0
0
0
0
0
0
0
0
0
0
0
0
0
0
0
0
0
0
0
0
0
0
0
0
0
0
0
0
0
0
0
0
0
0
0
0
0
0
0
0
0
0
0
0
0
0
0
0
0
0
0
0
0
0
0
0
0
0
0
0
0
0
0
0
0
0
0
0
0
0
0
0
0
0
0
0
0
0
0
0
0
0
0
0
0
0
0
0
0
0
0
0
0
0
0
0
0
0
0
0
0
0
0
0
0
0
0
0
0
0
0
0
0
0
0
0
0
0
0
0
0
0
0
0
0
0
0
0
0
0
0
0
0
0
0
0
0
0
0
0
0
0
0
0
0
0
0
0
0
0
0
0
0
0
0
0
0
0
0
0
0
0
0
0
0
0
0
0
0
0
0
0
0
0
0
0
0
0
0
0
0
0
0
0
0
0
0
0
0
0
0
0
0
0
0
0
0
0
0
0
0
0
0
0
0
0
0
0
0
0
0
0
0
0
0
0
0
0
0
0
0
0
0
0
0
0
0
0
0
0
0
0
0
0
0
0
0
0
0
0
0
0
0
0
0
0
0
0
0
0
0
0
0
0
0
0
0
0
0
0
0
0
0
0
0
0
0
0
0
0
0
0
0
0
0
0
0
0
0
0
0
0
0
0
0
0
0
0
0
0
0
0
0
0
0
0
0
0
0
0
0
0
0
0
0
0
0
0
0
0
0
0
0
0
0
0
0
0
0
0
0
0
0
0
0
0
0
0
0
0
0
0
0
0
0
0
0
0
0
0
0
0
0
0
0
0
0
0
0
0
0
0
0
0
0
0
0
0
0
0
0
0
0
0
0
0
0
0
0
0
0
0
0
0
0
0
0
0
0
0
0
0
0
0
0
0
0
0
0
0
0
0
0
0
0
0
0
0
0
0
0
0
0
0
0
0
0
0
0
0
0
0
0
0
0
0
0
0
0
0
0
0
0
0
0
0
0
0
0
0
0
0
0
0
0
0
0
0
0
0
0
0
0
0
0
0
0
0
0
0
0
0
0
0
0
0
0
0
0
0
0
0
0
0
0
0
0
0
0
0
0
0
0
0
0
0
0
0
0
0
0
0
0
0
0
0
0
0
0
0
0
0
0
0
0
0
0
0
0
0
0
0
0
0
0
0
0
0
0
0
0
0
0
0
0
0
0
0
0
0
0
0
0
0
0
0
0
0
0
0
0
0
0
0
0
0
0
0
0
0
0
0
0
0
0
0
0
0
0
0
0
0
0
0
0
0
0
0
0
0
0
0
0
0
0
0
0
0
0
0
0
0
0
0
0
0
0
0
0
0
0
0
0
0
0
0
0
0
0
0
0
0
0
0
0
0
0
0
0
0
0
0
0
0
0
0
0
0
0
0
0
0
0
0
0
0
0
0
0
0
0
0
0
0
0
0
0
0
0
0
0
0
0
0
0
0
0
0
0
0
0
0
0
0
0
0
0
0
0
0
0
0
0
0
0
0
0
0
0
0
0
0
0
0
0
0
0
0
0
0
0
0
0
0
0
0
0
0
0
0
0
0
0
0
0
0
0
0
0
0
0
0
0
0
0
0
0
0
0
0
0
0
0
0
0
0
0
0
0
0
0
0
0
0
0
0
0
0
0
0
0
0
0
0
0
0
0
0
0
0
0
0
0
0
0
0
0
0
0
0
0
0
0
0
0
0
0
0
0
0
0
0
0
0
0
0
0
0
0
0
0
0
0
0
0
0
0
0
0
0
0
0
0
0
0
0
0
0
0
0
0
0
0
0
0
0
0
0
0
0
0
0
0
0
0
0
0
0
0
0
0
0
0
0
0
0
0
0
0
0
0
0
0
0
0
0
0
0
0
0
0
0
0
0
0
0
0
0
0
0
0
0
0
0
0
0
0
0
0
0
0
0
0
0
0
0
0
0
0
0
0
0
0
0
0
0
0
0
0
0
0
0
0
0
0
0
0
0
0
0
0
0
0
0
0
0
0
0
0
0
0
0
0
0
0
0
0
0
0
0
0
0
0
0
0
0
0
0
0
0
0
0
0
0
0
0
0
0
0
0
0
0
0
0
0
0
0
0
0
0
0
0
0
0
0
0
0
0
0
0
0
0
0
0
0
0
0
0
0
0
0
0
0
0
0
0
0
0
0
0
0
0
0
0
0
0
0
0
0
0
0
0
0
0
0
0
0
0
0
0
0
0
0
0
0
0
0
0
0
0
0
0
0
0
0
0
0
0
0
0
0
0
0
0
0
0
0
0
0
0
0
0
0
0
0
0
0
0
0
0
0
0
0
0
0
0
0
0
0
0
0
0
0
0
0
0
0
0
0
0
0
0
0
0
0
0
0
0
0
0
0
0
0
0
0
0
0
0
0
0
0
0
0
0
0
0
0
0
0
0
0
0
0
0
0
0
0
0
0
0
0
0
0
0
0
0
0
0
0
0
0
0
0
0
0
0
0
0
0
0
0
0
0
0
0
0
0
0
0
0
0
0
0
0
0
0
0
0
0
0
0
0
0
0
0
0
0
0
0
0
0
0
0
0
0
0
0
0
0
0
0
0
0
0
0
0
0
0
0
0
0
0
0
0
0
0
0
0
0
0
0
0
0
0
0
0
0
0
0
0
0
0
0
0
0
0
0
0
0
0
0
0
0
0
0
0
0
0
0
0
0
0
0
0
0
0
0
0
0
0
0
0
0
0
0
0
0
0
0
0
0
0
0
0
0
0
0
0
0
0
0
0
0
0
0
0
0
0
0
0
0
0
0
0
0
0
0
0
0
0
0
0
0
0
0
0
0
0
0
0
0
0
0
0
0
0
0
0
0
0
0
0
0
0
0
0
0
0
0
0
0
0
0
0
0
0
0
0
0
0
0
0
0
0
0
0
0
0
0
0
0
0
0
0
0
0
0
0
0
0
0
0
0
0
0
0
0
0
0
0
0
0
0
0
0
0
0
0
0
0
0
0
0
0
0
0
0
0
0
0
0
0
0
0
0
0
0
0
0
0
0
0
0
0
0
0
0
0
0
0
0
0
0
0
0
0
0
0
0
0
0
0
0
0
0
0
0
0
0
0
0
0
0
0
0
0
0
0
0
0
0
0
0
0
0
0
0
0
0
0
0
0
0
0
0
0
0
0
0
0
0
0
0
0
0
0
0
0
0
0
0
0
0
0
0
0
0
0
0
0
0
0
0
0
0
0
0
0
0
0
0
0
0
0
0
0
0
0
0
0
0
0
0
0
0
0
0
0
0
0
0
0
0
0
0
0
0
0
0
0
0
0
0
0
0
0
0
0
0
0
0
0
0
0
0
0
0
0
0
0
0
0
0
0
0
0
0
0
0
0
0
0
0
0
0
0
0
0
0
0
0
0
0
0
0
0
0
0
0
0
0
0
0
0
0
0
0
0
0
0
0
0
0
0
0
0
0
0
0
0
0
0
0
0
0
0
0
0
0
0
0
0
0
0
0
0
0
0
0
0
0
0
0
0
0
0
0
0
0
0
0
0
0
0
0
0
0
0
0
0
0
0
0
0
0
0
0
0
0
0
0
0
0
0
0
0
0
0
0
0
0
0
0
0
0
0
0
0
0
0
0
0
0
0
0
0
0
0
0
0
0
0
0
0
0
0
0
0
0
0
0
0
0
0
0
0
0
0
0
0
0
0
0
0
0
0
0
0
0
0
0
0
0
0
0
0
0
0
0
0
0
0
0
0
0
0
0
0
0
0
0
0
0
0
0
0
0
0
0
0
0
0
0
0
0
0
0
0
0
0
0
0
0
0
0
0
0
0
0
0
0
0
0
0
0
0
0
0
0
0
0
0
0
0
0
0
0
0
0
0
0
0
0
0
0
0
0
0
0
0
0
0
0
0
0
0
0
0
0
0
0
0
0
0
0
0
0
0
0
0
0
0
0
0
0
0
0
0
0
0
0
0
0
0
0
0
0
0
0
0
0
0
0
0
0
0
0
0
0
0
0
0
0
0
0
0
0
0
0
0
0
0
0
0
0
0
0
0
0
0
0
0
0
0
0
0
0
0
0
0
0
0
0
0
0
0
0
0
0
0
0
0
0
0
0
0
0
0
0
0
0
0
0
0
0
0
0
0
0
0
0
0
0
0
0
0
0
0
0
0
0
0
0
0
0
0
0
0
0
0
0
0
0
0
0
0
0
0
0
0
0
0
0
0
0
0
0
0
0
0
0
0
0
0
0
0
0
0
0
0
0
0
0
0
0
0
0
0
0
0
0
0
0
0
0
0
0
0
0
0
0
0
0
0
0
0
0
0
0
0
0
0
0
0
0
0
0
0
0
0
0
0
0
0
0
0
0
0
0
0
0
0
0
0
0
0
0
0
0
0
0
0
0
0
0
0
0
0
0
0
0
0
0
0
0
0
0
0
0
0
0
0
0
0
0
0
0
0
0
0
0
0
0
0
0
0
0
0
0
0
0
0
0
0
0
0
0
0
0
0
0
0
0
0
0
0
0
0
0
0
0
0
0
0
0
0
0
0
0
0
0
0
0
0
0
0
0
0
0
0
0
0
0
0
0
0
0
0
0
0
0
0
0
0
0
0
0
0
0
0
0
0
0
0
0
0
0
0
0
0
0
0
0
0
0
0
0
0
0
0
0
0
0
0
0
0
0
0
0
0
0
0
0
0
0
0
0
0
0
0
0
0
0
0
0
0
0
0
0
0
0
0
0
0
0
0
0
0
0
0
0
0
0
0
0
0
0
0
0
0
0
0
0
0
0
0
0
0
0
0
0
0
0
0
0
0
0
0
0
0
0
0
0
0
0
0
0
0
0
0
0
0
0
0
0
0
0
0
0
0
0
0
0
0
0
0
0
0
0
0
0
0
0
0
0
0
0
0
0
0
0
0
0
0
0
0
0
0
0
0
0
0
0
0
0
0
0
0
0
0
0
0
0
0
0
0
0
0
0
0
0
0
0
0
0
0
0
0
0
0
0
0
0
0
0
0
0
0
0
0
0
0
0
0
0
0
0
0
0
0
0
0
0
0
0
0
0
0
0
0
0
0
0
0
0
0
0
0
0
0
0
0
0
0
0
0
0
0
0
0
0
0
0
0
0
0
0
0
0
0
0
0
0
0
0
0
0
0
0
0
0
0
0
0
0
0
0
0
0
0
0
0
0
0
0
0
0
0
0
0
0
0
0
0
0
0
0
0
0
0
0
0
0
0
0
0
0
0
0
0
0
0
0
0
0
0
0
0
0
0
0
0
0
0
0
0
0
0
0
0
0
0
0
0
0
0
0
0
0
0
0
0
0
0
0
0
0
0
0
0
0
0
0
0
0
0
0
0
0
0
0
0
0
0
0
0
0
0
0
0
0
0
0
0
0
0
0
0
0
0
0
0
0
0
0
0
0
0
0
0
0
0
0
0
0
0
0
0
0
0
0
0
0
0
0
0
0
0
0
0
0
0
0
0
0
0
0
0
0
0
0
0
0
0
0
0
0
0
0
0
0
0
0
0
0
0
0
0
0
0
0
0
0
0
0
0
0
0
0
0
0
0
0
0
0
0
0
0
0
0
0
0
0
0
0
0
0
0
0
0
0
0
0
0
0
0
0
0
0
0
0
0
0
0
0
0
0
0
0
0
0
0
0
0
0
0
0
0
0
0
0
0
0
0
0
0
0
0
0
0
0
0
0
0
0
0
0
0
0
0
0
0
0
0
0
0
0
0
0
0
0
0
0
0
0
0
0
0
0
0
0
0
0
0
0
0
0
0
0
0
0
0
0
0
0
0
0
0
0
0
0
0
0
0
0
0
0
0
0
0
0
0
0
0
0
0
0
0
0
0
0
0
0
0
0
0
0
0
0
0
0
0
0
0
0
0
0
0
0
0
0
0
0
0
0
0
0
0
0
0
0
0
0
0
0
0
0
0
0
0
0
0
0
0
0
0
0
0
0
0
0
0
0
0
0
0
0
0
0
0
0
0
0
0
0
0
0
0
0
0
0
0
0
0
0
0
0
0
0
0
0
0
0
0
0
0
0
0
0
0
0
0
0
0
0
0
0
0
0
0
0
0
0
0
0
0
0
0
0
0
0
0
0
0
0
0
0
0
0
0
0
0
0
0
0
0
0
0
0
0
0
0
0
0
0
0
0
0
0
0
0
0
0
0
0
0
0
0
0
0
0
0
0
0
0
0
0
0
0
0
0
0
0
0
0
0
0
0
0
0
0
0
0
0
0
0
0
0
0
0
0
0
0
0
0
0
0
0
0
0
0
0
0
0
0
0
0
0
0
0
0
0
0
0
0
0
0
0
0
0
0
0
0
0
0
0
0
0
0
0
0
0
0
0
0
0
0
0
0
0
0
0
0
0
0
0
0
0
0
0
0
0
0
0
0
0
0
0
0
0
0
0
0
0
0
0
0
0
0
0
0
0
0
0
0
0
0
0
0
0
0
0
0
0
0
0
0
0
0
0
0
0
0
0
0
0
0
0
0
0
0
0
0
0
0
0
0
0
0
0
0
0
0
0
0
0
0
0
0
0
0
0
0
0
0
0
0
0
0
0
0
0
0
0
0
0
0
0
0
0
0
0
0
0
0
0
0
0
0
0
0
0
0
0
0
0
0
0
0
0
0
0
0
0
0
0
0
0
0
0
0
0
0
0
0
0
0
0
0
0
0
0
0
0
0
0
0
0
0
0
0
0
0
0
0
0
0
0
0
0
0
0
0
0
0
0
0
0
0
0
0
0
0
0
0
0
0
0
0
0
0
0
0
0
0
0
0
0
0
0
0
0
0
0
0
0
0
0
0
0
0
0
0
0
0
0
0
0
0
0
0
0
0
0
0
0
0
0
0
0
0
0
0
0
0
0
0
0
0
0
0
0
0
0
0
0
0
0
0
0
0
0
0
0
0
0
0
0
0
0
0
0
0
0
0
0
0
0
0
0
0
0
0
0
0
0
0
0
0
0
0
0
0
0
0
0
0
0
0
0
0
0
0
0
0
0
0
0
0
0
0
0
0
0
0
0
0
0
0
0
0
0
0
0
0
0
0
0
0
0
0
0
0
0
0
0
0
0
0
0
0
0
0
0
0
0
0
0
0
0
0
0
0
0
0
0
0
0
0
0
0
0
0
0
0
0
0
0
0
0
0
0
0
0
0
0
0
0
0
0
0
0
0
0
0
0
0
0
0
0
0
0
0
0
0
0
0
0
0
0
0
0
0
0
0
0
0
0
0
0
0
0
0
0
0
0
0
0
0
0
0
0
0
0
0
0
0
0
0
0
0
0
0
0
0
0
0
0
0
0
0
0
0
0
0
0
0
0
0
0
0
0
0
0
0
0
0
0
0
0
0
0
0
0
0
0
0
0
0
0
0
0
0
0
0
0
0
0
0
0
0
0
0
0
0
0
0
0
0
0
0
0
0
0
0
0
0
0
0
0
0
0
0
0
0
0
0
0
0
0
0
0
0
0
0
0
0
0
0
0
0
0
0
0
0
0
0
0
0
0
0
0
0
0
0
0
0
0
0
0
0
0
0
0
0
0
0
0
0
0
0
0
0
0
0
0
0
0
0
0
0
0
0
0
0
0
0
0
0
0
0
0
0
0
0
0
0
0
0
0
0
0
0
0
0
0
0
0
0
0
0
0
0
0
0
0
0
0
0
0
0
0
0
0
0
0
0
0
0
0
0
0
0
0
0
0
0
0
0
0
0
0
0
0
0
0
0
0
0
0
0
0
0
0
0
0
0
0
0
0
0
0
0
0
0
0
0
0
0
0
0
0
0
0
0
0
0
0
0
0
0
0
0
0
0
0
0
0
0
0
0
0
0
0
0
0
0
0
0
0
0
0
0
0
0
0
0
0
0
0
0
0
0
0
0
0
0
0
0
0
0
0
0
0
0
0
0
0
0
0
0
0
0
0
0
0
0
0
0
0
0
0
0
0
0
0
0
0
0
0
0
0
0
0
0
0
0
0
0
0
0
0
0
0
0
0
0
0
0
0
0
0
0
0
0
0
0
0
0
0
0
0
0
0
0
0
0
0
0
0
0
0
0
0
0
0
0
0
0
0
0
0
0
0
0
0
0
0
0
0
0
0
0
0
0
0
0
0
0
0
0
0
0
0
0
0
0
0
0
0
0
0
0
0
0
0
0
0
0
0
0
0
0
0
0
0
0
0
0
0
0
0
0
0
0
0
0
0
0
0
0
0
0
0
0
0
0
0
0
0
0
0
0
0
0
0
0
0
0
0
0
0
0
0
0
0
0
0
0
0
0
0
0
0
0
0
0
0
0
0
0
0
0
0
0
0
0
0
0
0
0
0
0
0
0
0
0
0
0
0
0
0
0
0
0
0
0
0
0
0
0
0
0
0
0
0
0
0
0
0
0
0
0
0
0
0
0
0
0
0
0
0
0
0
0
0
0
0
0
0
0
0
0
0
0
0
0
0
0
0
0
0
0
0
0
0
0
0
0
0
0
0
0
0
0
0
0
0
0
0
0
0
0
0
0
0
0
0
0
0
0
0
0
0
0
0
0
0
0
0
0
0
0
0
0
0
0
0
0
0
0
0
0
0
0
0
0
0
0
0
0
0
0
0
0
0
0
0
0
0
0
0
0
0
0
0
0
0
0
0
0
0
0
0
0
0
0
0
0
0
0
0
0
0
0
0
0
0
0
0
0
0
0
0
0
0
0
0
0
0
0
0
0
0
0
0
0
0
0
0
0
0
0
0
0
0
0
0
0
0
0
0
0
0
0
0
0
0
0
0
0
0
0
0
0
0
0
0
0
0
0
0
0
0
0
0
0
0
0
0
0
0
0
0
0
0
0
0
0
0
0
0
0
0
0
0
0
0
0
0
0
0
0
0
0
0
0
0
0
0
0
0
0
0
0
0
0
0
0
0
0
0
0
0
0
0
0
0
0
0
0
0
0
0
0
0
0
0
0
0
0
0
0
0
0
0
0
0
0
0
0
0
0
0
0
0
0
0
0
0
0
0
0
0
0
0
0
0
0
0
0
0
0
0
0
0
0
0
0
0
0
0
0
0
0
0
0
0
0
0
0
0
0
0
0
0
0
0
0
0
0
0
0
0
0
0
0
0
0
0
0
0
0
0
0
0
0
0
0
0
0
0
0
0
0
0
0
0
0
0
0
0
0
0
0
0
0
0
0
0
0
0
0
0
0
0
0
0
0
0
0
0
0
0
0
0
0
0
0
0
0
0
0
0
0
0
0
0
0
0
0
0
0
0
0
0
0
0
0
0
0
0
0
0
0
0
0
0
0
0
0
0
0
0
0
0
0
0
0
0
0
0
0
0
0
0
0
0
0
0
0
0
0
0
0
0
0
0
0
0
0
0
0
0
0
0
0
0
0
0
0
0
0
0
0
0
0
0
0
0
0
0
0
0
0
0
0
0
0
0
0
0
0
0
0
0
0
0
0
0
0
0
0
0
0
0
0
0
0
0
0
0
0
0
0
0
0
0
0
0
0
0
0
0
0
0
0
0
0
0
0
0
0
0
0
0
0
0
0
0
0
0
0
0
0
0
0
0
0
0
0
0
0
0
0
0
0
0
0
0
0
0
0
0
0
0
0
0
0
0
0
0
0
0
0
0
0
0
0
0
0
0
0
0
0
0
0
0
0
0
0
0
0
0
0
0
0
0
0
0
0
0
0
0
0
0
0
0
0
0
0
0
0
0
0
0
0
0
0
0
0
0
0
0
0
0
0
0
0
0
0
0
0
0
0
0
0
0
0
0
0
0
0
0
0
0
0
0
0
0
0
0
0
0
0
0
0
0
0
0
0
0
0
0
0
0
0
0
0
0
0
0
0
0
0
0
0
0
0
0
0
0
0
0
0
0
0
0
0
0
0
0
0
0
0
0
0
0
0
0
0
0
0
0
0
0
0
0
0
0
0
0
0
0
0
0
0
0
0
0
0
0
0
0
0
0
0
0
0
0
0
0
0
0
0
0
0
0
0
0
0
0
0
0
0
0
0
0
0
0
0
0
0
0
0
0
0
0
0
0
0
0
0
0
0
0
0
0
0
0
0
0
0
0
0
0
0
0
0
0
0
0
0
0
0
0
0
0
0
0
0
0
0
0
0
0
0
0
0
0
0
0
0
0
0
0
0
0
0
0
0
0
0
0
0
0
0
0
0
0
0
0
0
0
0
0
0
0
0
0
0
0
0
0
0
0
0
0
0
0
0
0
0
0
0
0
0
0
0
0
0
0
0
0
0
0
0
0
0
0
0
0
0
0
0
0
0
0
0
0
0
0
0
0
0
0
0
0
0
0
0
0
0
0
0
0
0
0
0
0
0
0
0
0
0
0
0
0
0
0
0
0
0
0
0
0
0
0
0
0
0
0
0
0
0
0
0
0
0
0
0
0
0
0
0
0
0
0
0
0
0
0
0
0
0
0
0
0
0
0
0
0
0
0
0
0
0
0
0
0
0
0
0
0
0
0
0
0
0
0
0
0
0
0
0
0
0
0
0
0
0
0
0
0
0
0
0
0
0
0
0
0
0
0
0
0
0
0
0
0
0
0
0
0
0
0
0
0
0
0
0
0
0
0
0
0
0
0
0
0
0
0
0
0
0
0
0
0
0
0
0
0
0
0
0
0
0
0
0
0
0
0
0
0
0
0
0
0
0
0
0
0
0
0
0
0
0
0
0
0
0
0
0
0
0
0
0
0
0
0
0
0
0
0
0
0
0
0
0
0
0
0
0
0
0
0
0
0
0
0
0
0
0
0
0
0
0
0
0
0
0
0
0
0
0
0
0
0
0
0
0
0
0
0
0
0
0
0
0
0
0
0
0
0
0
0
0
0
0
0
0
0
0
0
0
0
0
0
0
0
0
0
0
0
0
0
0
0
0
0
0
0
0
0
0
0
0
0
0
0
0
0
0
0
0
0
0
0
0
0
0
0
0
0
0
0
0
0
0
0
0
0
0
0
0
0
0
0
0
0
0
0
0
0
0
0
0
0
0
0
0
0
0
0
0
0
0
0
0
0
0
0
0
0
0
0
0
0
0
0
0
0
0
0
0
0
0
0
0
0
0
0
0
0
0
0
0
0
0
0
0
0
0
0
0
0
0
0
0
0
0
0
0
0
0
0
0
0
0
0
0
0
0
0
0
0
0
0
0
0
0
0
0
0
0
0
0
0
0
0
0
0
0
0
0
0
0
0
0
0
0
0
0
0
0
0
0
0
0
0
0
0
0
0
0
0
0
0
0
0
0
0
0
0
0
0
0
0
0
0
0
0
0
0
0
0
0
0
0
0
0
0
0
0
0
0
0
0
0
0
0
0
0
0
0
0
0
0
0
0
0
0
0
0
0
0
0
0
0
0
0
0
0
0
0
0
0
0
0
0
0
0
0
0
0
0
0
0
0
0
0
0
0
0
0
0
0
0
0
0
0
0
0
0
0
0
0
0
0
0
0
0
0
0
0
0
0
0
0
0
0
0
0
0
0
0
0
0
0
0
0
0
0
0
0
0
0
0
0
0
0
0
0
0
0
0
0
0
0
0
0
0
0
0
0
0
0
0
0
0
0
0
0
0
0
0
0
0
0
0
0
0
0
0
0
0
0
0
0
0
0
0
0
0
0
0
0
0
0
0
0
0
0
0
0
0
0
0
0
0
0
0
0
0
0
0
0
0
0
0
0
0
0
0
0
0
0
0
0
0
0
0
0
0
0
0
0
0
0
0
0
0
0
0
0
0
0
0
0
0
0
0
0
0
0
0
0
0
0
0
0
0
0
0
0
0
0
0
0
0
0
0
0
0
0
0
0
0
0
0
0
0
0
0
0
0
0
0
0
0
0
0
0
0
0
0
0
0
0
0
0
0
0
0
0
0
0
0
0
0
0
0
0
0
0
0
0
0
0
0
0
0
0
0
0
0
0
0
0
0
0
0
0
0
0
0
0
0
0
0
0
0
0
0
0
0
0
0
0
0
0
0
0
0
0
0
0
0
0
0
0
0
0
0
0
0
0
0
0
0
0
0
0
0
0
0
0
0
0
0
0
0
0
0
0
0
0
0
0
0
0
0
0
0
0
0
0
0
0
0
0
0
0
0
0
0
0
0
0
0
0
0
0
0
0
0
0
0
0
0
0
0
0
0
0
0
0
0
0
0
0
0
0
0
0
0
0
0
0
0
0
0
0
0
0
0
0
0
0
0
0
0
0
0
0
0
0
0
0
0
0
0
0
0
0
0
0
0
0
0
0
0
0
0
0
0
0
0
0
0
0
0
0
0
0
0
0
0
0
0
0
0
0
0
0
0
0
0
0
0
0
0
0
0
0
0
0
0
0
0
0
0
0
0
0
0
0
0
0
0
0
0
0
0
0
0
0
0
0
0
0
0
0
0
0
0
0
0
0
0
0
0
0
0
0
0
0
0
0
0
0
0
0
0
0
0
0
0
0
0
0
0
0
0
0
0
0
0
0
0
0
0
0
0
0
0
0
0
0
0
0
0
0
0
0
0
0
0
0
0
0
0
0
0
0
0
0
0
0
0
0
0
0
0
0
0
0
0
0
0
0
0
0
0
0
0
0
0
0
0
0
0
0
0
0
0
0
0
0
0
0
0
0
0
0
0
0
0
0
0
0
0
0
0
0
0
0
0
0
0
0
0
0
0
0
0
0
0
0
0
0
0
0
0
0
0
0
0
0
0
0
0
0
0
0
0
0
0
0
0
0
0
0
0
0
0
0
0
0
0
0
0
0
0
0
0
0
0
0
0
0
0
0
0
0
0
0
0
0
0
0
0
0
0
0
0
0
0
0
0
0
0
0
0
0
0
0
0
0
0
0
0
0
0
0
0
0
0
0
0
0
0
0
0
0
0
0
0
0
0
0
0
0
0
0
0
0
0
0
0
0
0
0
0
0
0
0
0
0
0
0
0
0
0
0
0
0
0
0
0
0
0
0
0
0
0
0
0
0
0
0
0
0
0
0
0
0
0
0
0
0
0
0
0
0
0
0
0
0
0
0
0
0
0
0
0
0
0
0
0
0
0
0
0
0
0
0
0
0
0
0
0
0
0
0
0
0
0
0
0
0
0
0
0
0
0
0
0
0
0
0
0
0
0
0
0
0
0
0
0
0
0
0
0
0
0
0
0
0
0
0
0
0
0
0
0
0
0
0
0
0
0
0
0
0
0
0
0
0
0
0
0
0
0
0
0
0
0
0
0
0
0
0
0
0
0
0
0
0
0
0
0
0
0
0
0
0
0
0
0
0
0
0
0
0
0
0
0
0
0
0
0
0
0
0
0
0
0
0
0
0
0
0
0
0
0
0
0
0
0
0
0
0
0
0
0
0
0
0
0
0
0
0
0
0
0
0
0
0
0
0
0
0
0
0
0
0
0
0
0
0
0
0
0
0
0
0
0
0
0
0
0
0
0
0
0
0
0
0
0
0
0
0
0
0
0
0
0
0
0
0
0
0
0
0
0
0
0
0
0
0
0
0
0
0
0
0
0
0
0
0
0
0
0
0
0
0
0
0
0
0
0
0
0
0
0
0
0
0
0
0
0
0
0
0
0
0
0
0
0
0
0
0
0
0
0
0
0
0
0
0
0
0
0
0
0
0
0
0
0
0
0
0
0
0
0
0
0
0
0
0
0
0
0
0
0
0
0
0
0
0
0
0
0
0
0
0
0
0
0
0
0
0
0
0
0
0
0
0
0
0
0
0
0
0
0
0
0
0
0
0
0
0
0
0
0
0
0
0
0
0
0
0
0
0
0
0
0
0
0
0
0
0
0
0
0
0
0
0
0
0
0
0
0
0
0
0
0
0
0
0
0
0
0
0
0
0
0
0
0
0
0
0
0
0
0
0
0
0
0
0
0
0
0
0
0
0
0
0
0
0
0
0
0
0
0
0
0
0
0
0
0
0
0
0
0
0
0
0
0
0
0
0
0
0
0
0
0
0
0
0
0
0
0
0
0
0
0
0
0
0
0
0
0
0
0
0
0
0
0
0
0
0
0
0
0
0
0
0
0
0
0
0
0
0
0
0
0
0
0
0
0
0
0
0
0
0
0
0
0
0
0
0
0
0
0
0
0
0
0
0
0
0
0
0
0
0
0
0
0
0
0
0
0
0
0
0
0
0
0
0
0
0
0
0
0
0
0
0
0
0
0
0
0
0
0
0
0
0
0
0
0
0
0
0
0
0
0
0
0
0
0
0
0
0
0
0
0
0
0
0
0
0
0
0
0
0
0
0
0
0
0
0
0
0
0
0
0
0
0
0
0
0
0
0
0
0
0
0
0
0
0
0
0
0
0
0
0
0
0
0
0
0
0
0
0
0
0
0
0
0
0
0
0
0
0
0
0
0
0
0
0
0
0
0
0
0
0
0
0
0
0
0
0
0
0
0
0
0
0
0
0
0
0
0
0
0
0
0
0
0
0
0
0
0
0
0
0
0
0
0
0
0
0
0
0
0
0
0
0
0
0
0
0
0
0
0
0
0
0
0
0
0
0
0
0
0
0
0
0
0
0
0
0
0
0
0
0
0
0
0
0
0
0
0
0
0
0
0
0
0
0
0
0
0
0
0
0
0
0
0
0
0
0
0
0
0
0
0
0
0
0
0
0
0
0
0
0
0
0
0
0
0
0
0
0
0
0
0
0
0
0
0
0
0
0
0
0
0
0
0
0
0
0
0
0
0
0
0
0
0
0
0
0
0
0
0
0
0
0
0
0
0
0
0
0
0
0
0
0
0
0
0
0
0
0
0
0
0
0
0
0
0
0
0
0
0
0
0
0
0
0
0
0
0
0
0
0
0
0
0
0
0
0
0
0
0
0
0
0
0
0
0
0
0
0
0
0
0
0
0
0
0
0
0
0
0
0
0
0
0
0
0
0
0
0
0
0
0
0
0
0
0
0
0
0
0
0
0
0
0
0
0
0
0
0
0
0
0
0
0
0
0
0
0
0
0
0
0
0
0
0
0
0
0
0
0
0
0
0
0
0
0
0
0
0
0
0
0
0
0
0
0
0
0
0
0
0
0
0
0
0
0
0
0
0
0
0
0
0
0
0
0
0
0
0
0
0
0
0
0
0
0
0
0
0
0
0
0
0
0
0
0
0
0
0
0
0
0
0
0
0
0
0
0
0
0
0
0
0
0
0
0
0
0
0
0
0
0
0
0
0
0
0
0
0
0
0
0
0
0
0
0
0
0
0
0
0
0
0
0
0
0
0
0
0
0
0
0
0
0
0
0
0
0
0
0
0
0
0
0
0
0
0
0
0
0
0
0
0
0
0
0
0
0
0
0
0
0
0
0
0
0
0
0
0
0
0
0
0
0
0
0
0
0
0
0
0
0
0
0
0
0
0
0
0
0
0
0
0
0
0
0
0
0
0
0
0
0
0
0
0
0
0
0
0
0
0
0
0
0
0
0
0
0
0
0
0
0
0
0
0
0
0
0
0
0
0
0
0
0
0
0
0
0
0
0
0
0
0
0
0
0
0
0
0
0
0
0
0
0
0
0
0
0
0
0
0
0
0
0
0
0
0
0
0
0
0
0
0
0
0
0
0
0
0
0
0
0
0
0
0
0
0
0
0
0
0
0
0
0
0
0
0
0
0
0
0
0
0
0
0
0
0
0
0
0
0
0
0
0
0
0
0
0
0
0
0
0
0
0
0
0
0
0
0
0
0
0
0
0
0
0
0
0
0
0
0
0
0
0
0
0
0
0
0
0
0
0
0
0
0
0
0
0
0
0
0
0
0
0
0
0
0
0
0
0
0
0
0
0
0
0
0
0
0
0
0
0
0
0
0
0
0
0
0
0
0
0
0
0
0
0
0
0
0
0
0
0
0
0
0
0
0
0
0
0
0
0
0
0
0
0
0
0
0
0
0
0
0
0
0
0
0
0
0
0
0
0
0
0
0
0
0
0
0
0
0
0
0
0
0
0
0
0
0
0
0
0
0
0
0
0
0
0
0
0
0
0
0
0
0
0
0
0
0
0
0
0
0
0
0
0
0
0
0
0
0
0
0
0
0
0
0
0
0
0
0
0
0
0
0
0
0
0
0
0
0
0
0
0
0
0
0
0
0
0
0
0
0
0
0
0
0
0
0
0
0
0
0
0
0
0
0
0
0
0
0
0
0
0
0
0
0
0
0
0
0
0
0
0
0
0
0
0
0
0
0
0
0
0
0
0
0
0
0
0
0
0
0
0
0
0
0
0
0
0
0
0
0
0
0
0
0
0
0
0
0
0
0
0
0
0
0
0
0
0
0
0
0
0
0
0
0
0
0
0
0
0
0
0
0
0
0
0
0
0
0
0
0
0
0
0
0
0
0
0
0
0
0
0
0
0
0
0
0
0
0
0
0
0
0
0
0
0
0
0
0
0
0
0
0
0
0
0
0
0
0
0
0
0
0
0
0
0
0
0
0
0
0
0
0
0
0
0
0
0
0
0
0
0
0
0
0
0
0
0
0
0
0
0
0
0
0
0
0
0
0
0
0
0
0
0
0
0
0
0
0
0
0
0
0
0
0
0
0
0
0
0
0
0
0
0
0
0
0
0
0
0
0
0
0
0
0
0
0
0
0
0
0
0
0
0
0
0
0
0
0
0
0
0
0
0
0
0
0
0
0
0
0
0
0
0
0
0
0
0
0
0
0
0
0
0
0
0
0
0
0
0
0
0
0
0
0
0
0
0
0
0
0
0
0
0
0
0
0
0
0
0
0
0
0
0
0
0
0
0
0
0
0
0
0
0
0
0
0
0
0
0
0
0
0
0
0
0
0
0
0
0
0
0
0
0
0
0
0
0
0
0
0
0
0
0
0
0
0
0
0
0
0
0
0
0
0
0
0
0
0
0
0
0
0
0
0
0
0
0
0
0
0
0
0
0
0
0
0
0
0
0
0
0
0
0
0
0
0
0
0
0
0
0
0
0
0
0
0
0
0
0
0
0
0
0
0
0
0
0
0
0
0
0
0
0
0
0
0
0
0
0
0
0
0
0
0
0
0
0
0
0
0
0
0
0
0
0
0
0
0
0
0
0
0
0
0
0
0
0
0
0
0
0
0
0
0
0
0
0
0
0
0
0
0
0
0
0
0
0
0
0
0
0
0
0
0
0
0
0
0
0
0
0
0
0
0
0
0
0
0
0
0
0
0
0
0
0
0
0
0
0
0
0
0
0
0
0
0
0
0
0
0
0
0
0
0
0
0
0
0
0
0
0
0
0
0
0
0
0
0
0
0
0
0
0
0
0
0
0
0
0
0
0
0
0
0
0
0
0
0
0
0
0
0
0
0
0
0
0
0
0
0
0
0
0
0
0
0
0
0
0
0
0
0
0
0
0
0
0
0
0
0
0
0
0
0
0
0
0
0
0
0
0
0
0
0
0
0
0
0
0
0
0
0
0
0
0
0
0
0
0
0
0
0
0
0
0
0
0
0
0
0
0
0
0
0
0
0
0
0
0
0
0
0
0
0
0
0
0
0
0
0
0
0
0
0
0
0
0
0
0
0
0
0
0
0
0
0
0
0
0
0
0
0
0
0
0
0
0
0
0
0
0
0
0
0
0
0
0
0
0
0
0
0
0
0
0
0
0
0
0
0
0
0
0
0
0
0
0
0
0
0
0
0
0
0
0
0
0
0
0
0
0
0
0
0
0
0
0
0
0
0
0
0
0
0
0
0
0
0
0
0
0
0
0
0
0
0
0
0
0
0
0
0
0
0
0
0
0
0
0
0
0
0
0
0
0
0
0
0
0
0
0
0
0
0
0
0
0
0
0
0
0
0
0
0
0
0
0
0
0
0
0
0
0
0
0
0
0
0
0
0
0
0
0
0
0
0
0
0
0
0
0
0
0
0
0
0
0
0
0
0
0
0
0
0
0
0
0
0
0
0
0
0
0
0
0
0
0
0
0
0
0
0
0
0
0
0
0
0
0
0
0
0
0
0
0
0
0
0
0
0
0
0
0
0
0
0
0
0
0
0
0
0
0
0
0
0
0
0
0
0
0
0
0
0
0
0
0
0
0
0
0
0
0
0
0
0
0
0
0
0
0
0
0
0
0
0
0
0
0
0
0
0
0
0
0
0
0
0
0
0
0
0
0
0
0
0
0
0
0
0
0
0
0
0
0
0
0
0
0
0
0
0
0
0
0
0
0
0
0
0
0
0
0
0
0
0
0
0
0
0
0
0
0
0
0
0
0
0
0
0
0
0
0
0
0
0
0
0
0
0
0
0
0
0
0
0
0
0
0
0
0
0
0
0
0
0
0
0
0
0
0
0
0
0
0
0
0
0
0
0
0
0
0
0
0
0
0
0
0
0
0
0
0
0
0
0
0
0
0
0
0
0
0
0
0
0
0
0
0
0
0
0
0
0
0
0
0
0
0
0
0
0
0
0
0
0
0
0
0
0
0
0
0
0
0
0
0
0
0
0
0
0
0
0
0
0
0
0
0
0
0
0
0
0
0
0
0
0
0
0
0
0
0
0
0
0
0
0
0
0
0
0
0
0
0
0
0
0
0
0
0
0
0
0
0
0
0
0
0
0
0
0
0
0
0
0
0
0
0
0
0
0
0
0
0
0
0
0
0
0
0
0
0
0
0
0
0
0
0
0
0
0
0
0
0
0
0
0
0
0
0
0
0
0
0
0
0
0
0
0
0
0
0
0
0
0
0
0
0
0
0
0
0
0
0
0
0
0
0
0
0
0
0
0
0
0
0
0
0
0
0
0
0
0
0
0
0
0
0
0
0
0
0
0
0
0
0
0
0
0
0
0
0
0
0
0
0
0
0
0
0
0
0
0
0
0
0
0
0
0
0
0
0
0
0
0
0
0
0
0
0
0
0
0
0
0
0
0
0
0
0
0
0
0
0
0
0
0
0
0
0
0
0
0
0
0
0
0
0
0
0
0
0
0
0
0
0
0
0
0
0
0
0
0
0
0
0
0
0
0
0
0
0
0
0
0
0
0
0
0
0
0
0
0
0
0
0
0
0
0
0
0
0
0
0
0
0
0
0
0
0
0
0
0
0
0
0
0
0
0
0
0
0
0
0
0
0
0
0
0
0
0
0
0
0
0
0
0
0
0
0
0
0
0
0
0
0
0
0
0
0
0
0
0
0
0
0
0
0
0
0
0
0
0
0
0
0
0
0
0
0
0
0
0
0
0
0
0
0
0
0
0
0
0
0
0
0
0
0
0
0
0
0
0
0
0
0
0
0
0
0
0
0
0
0
0
0
0
0
0
0
0
0
0
0
0
0
0
0
0
0
0
0
0
0
0
0
0
0
0
0
0
0
0
0
0
0
0
0
0
0
0
0
0
0
0
0
0
0
0
0
0
0
0
0
0
0
0
0
0
0
0
0
0
0
0
0
0
0
0
0
0
0
0
0
0
0
0
0
0
0
0
0
0
0
0
0
0
0
0
0
0
0
0
0
0
0
0
0
0
0
0
0
0
0
0
0
0
0
0
0
0
0
0
0
0
0
0
0
0
0
0
0
0
0
0
0
0
0
0
0
0
0
0
0
0
0
0
0
0
0
0
0
0
0
0
0
0
0
0
0
0
0
0
0
0
0
0
0
0
0
0
0
0
0
0
0
0
0
0
0
0
0
0
0
0
0
0
0
0
0
0
0
0
0
0
0
0
0
0
0
0
0
0
0
0
0
0
0
0
0
0
0
0
0
0
0
0
0
0
0
0
0
0
0
0
0
0
0
0
0
0
0
0
0
0
0
0
0
0
0
0
0
0
0
0
0
0
0
0
0
0
0
0
0
0
0
0
0
0
0
0
0
0
0
0
0
0
0
0
0
0
0
0
0
0
0
0
0
0
0
0
0
0
0
0
0
0
0
0
0
0
0
0
0
0
0
0
0
0
0
0
0
0
0
0
0
0
0
0
0
0
0
0
0
0
0
0
0
0
0
0
0
0
0
0
0
0
0
0
0
0
0
0
0
0
0
0
0
0
0
0
0
0
0
0
0
0
0
0
0
0
0
0
0
0
0
0
0
0
0
0
0
0
0
0
0
0
0
0
0
0
0
0
0
0
0
0
0
0
0
0
0
0
0
0
0
0
0
0
0
0
0
0
0
0
0
0
0
0
0
0
0
0
0
0
0
0
0
0
0
0
0
0
0
0
0
0
0
0
0
0
0
0
0
0
0
0
0
0
0
0
0
0
0
0
0
0
0
0
0
0
0
0
0
0
0
0
0
0
0
0
0
0
0
0
0
0
0
0
0
0
0
0
0
0
0
0
0
0
0
0
0
0
0
0
0
0
0
0
0
0
0
0
0
0
0
0
0
0
0
0
0
0
0
0
0
0
0
0
0
0
0
0
0
0
0
0
0
0
0
0
0
0
0
0
0
0
0
0
0
0
0
0
0
0
0
0
0
0
0
0
0
0
0
0
0
0
0
0
0
0
0
0
0
0
0
0
0
0
0
0
0
0
0
0
0
0
0
0
0
0
0
0
0
0
0
0
0
0
0
0
0
0
0
0
0
0
0
0
0
0
0
0
0
0
0
0
0
0
0
0
0
0
0
0
0
0
0
0
0
0
0
0
0
0
0
0
0
0
0
0
0
0
0
0
0
0
0
0
0
0
0
0
0
0
0
0
0
0
0
0
0
0
0
0
0
0
0
0
0
0
0
0
0
0
0
0
0
0
0
0
0
0
0
0
0
0
0
0
0
0
0
0
0
0
0
0
0
0
0
0
0
0
0
0
0
0
0
0
0
0
0
0
0
0
0
0
0
0
0
0
0
0
0
0
0
0
0
0
0
0
0
0
0
0
0
0
0
0
0
0
0
0
0
0
0
0
0
0
0
0
0
0
0
0
0
0
0
0
0
0
0
0
0
0
0
0
0
0
0
0
0
0
0
0
0
0
0
0
0
0
0
0
0
0
0
0
0
0
0
0
0
0
0
0
0
0
0
0
0
0
0
0
0
0
0
0
0
0
0
0
0
0
0
0
0
0
0
0
0
0
0
0
0
0
0
0
0
0
0
0
0
0
0
0
0
0
0
0
0
0
0
0
0
0
0
0
0
0
0
0
0
0
0
0
0
0
0
0
0
0
0
0
0
0
0
0
0
0
0
0
0
0
0
0
0
0
0
0
0
0
0
0
0
0
0
0
0
0
0
0
0
0
0
0
0
0
0
0
0
0
0
0
0
0
0
0
0
0
0
0
0
0
0
0
0
0
0
0
0
0
0
0
0
0
0
0
0
0
0
0
0
0
0
0
0
0
0
0
0
0
0
0
0
0
0
0
0
0
0
0
0
0
0
0
0
0
0
0
0
0
0
0
0
0
0
0
0
0
0
0
0
0
0
0
0
0
0
0
0
0
0
0
0
0
0
0
0
0
0
0
0
0
0
0
0
0
0
0
0
0
0
0
0
0
0
0
0
0
0
0
0
0
0
0
0
0
0
0
0
0
0
0
0
0
0
0
0
0
0
0
0
0
0
0
0
0
0
0
0
0
0
0
0
0
0
0
0
0
0
0
0
0
0
0
0
0
0
0
0
0
0
0
0
0
0
0
0
0
0
0
0
0
0
0
0
0
0
0
0
0
0
0
0
0
0
0
0
0
0
0
0
0
0
0
0
0
0
0
0
0
0
0
0
0
0
0
0
0
0
0
0
0
0
0
0
0
0
0
0
0
0
0
0
0
0
0
0
0
0
0
0
0
0
0
0
0
0
0
0
0
0
0
0
0
0
0
0
0
0
0
0
0
0
0
0
0
0
0
0
0
0
0
0
0
0
0
0
0
0
0
0
0
0
0
0
0
0
0
0
0
0
0
0
0
0
0
0
0
0
0
0
0
0
0
0
0
0
0
0
0
0
0
0
0
0
0
0
0
0
0
0
0
0
0
0
0
0
0
0
0
0
0
0
0
0
0
0
0
0
0
0
0
0
0
0
0
0
0
0
0
0
0
0
0
0
0
0
0
0
0
0
0
0
0
0
0
0
0
0
0
0
0
0
0
0
0
0
0
0
0
0
0
0
0
0
0
0
0
0
0
0
0
0
0
0
0
0
0
0
0
0
0
0
0
0
0
0
0
0
0
0
0
0
0
0
0
0
0
0
0
0
0
0
0
0
0
0
0
0
0
0
0
0
0
0
0
0
0
0
0
0
0
0
0
0
0
0
0
0
0
0
0
0
0
0
0
0
0
0
0
0
0
0
0
0
0
0
0
0
0
0
0
0
0
0
0
0
0
0
0
0
0
0
0
0
0
0
0
0
0
0
0
0
0
0
0
0
0
0
0
0
0
0
0
0
0
0
0
0
0
0
0
0
0
0
0
0
0
0
0
0
0
0
0
0
0
0
0
0
0
0
0
0
0
0
0
0
0
0
0
0
0
0
0
0
0
0
0
0
0
0
0
0
0
0
0
0
0
0
0
0
0
0
0
0
0
0
0
0
0
0
0
0
0
0
0
0
0
0
0
0
0
0
0
0
0
0
0
0
0
0
0
0
0
0
0
0
0
0
0
0
0
0
0
0
0
0
0
0
0
0
0
0
0
0
0
0
0
0
0
0
0
0
0
0
0
0
0
0
0
0
0
0
0
0
0
0
0
0
0
0
0
0
0
0
0
0
0
0
0
0
0
0
0
0
0
0
0
0
0
0
0
0
0
0
0
0
0
0
0
0
0
0
0
0
0
0
0
0
0
0
0
0
0
0
0
0
0
0
0
0
0
0
0
0
0
0
0
0
0
0
0
0
0
0
0
0
0
0
0
0
0
0
0
0
0
0
0
0
0
0
0
0
0
0
0
0
0
0
0
0
0
0
0
0
0
0
0
0
0
0
0
0
0
0
0
0
0
0
0
0
0
0
0
0
0
0
0
0
0
0
0
0
0
0
0
0
0
0
0
0
0
0
0
0
0
0
0
0
0
0
0
0
0
0
0
0
0
0
0
0
0
0
0
0
0
0
0
0
0
0
0
0
0
0
0
0
0
0
0
0
0
0
0
0
0
0
0
0
0
0
0
0
0
0
0
0
0
0
0
0
0
0
0
0
0
0
0
0
0
0
0
0
0
0
0
0
0
0
0
0
0
0
0
0
0
0
0
0
0
0
0
0
0
0
0
0
0
0
0
0
0
0
0
0
0
0
0
0
0
0
0
0
0
0
0
0
0
0
0
0
0
0
0
0
0
0
0
0
0
0
0
0
0
0
0
0
0
0
0
0
0
0
0
0
0
0
0
0
0
0
0
0
0
0
0
0
0
0
0
0
0
0
0
0
0
0
0
0
0
0
0
0
0
0
0
0
0
0
0
0
0
0
0
0
0
0
0
0
0
0
0
0
0
0
0
0
0
0
0
0
0
0
0
0
0
0
0
0
0
0
0
0
0
0
0
0
0
0
0
0
0
0
0
0
0
0
0
0
0
0
0
0
0
0
0
0
0
0
0
0
0
0
0
0
0
0
0
0
0
0
0
