-53
-236
-2387
-60
200
-1611
-1854
-82
-83
-3014
-214
-823
-2439
-2738
53
30
-177
-172
-1960
-1330
-2117
-1769
-15305
-230
379
-1275
-2030
-3053
-2367
-15479
52
308
79
-467
-2580
542
-131
-2234
-2349
-5
-427
-3457
601
-2223
-3124
-2410
-60
-250
-285
-573
-2937
-2709
-1427
-2149
-15363
-267
49
-3085
-3019
-2446
-2996
-15159
-82
429
-43
-496
-1382
1605
-1670
-1163
-1308
-159
-700
-3019
1483
-3002
-3181
-1900
-116
-313
-119
-21
-1120
-2110
-1527
-1289
-17824
-204
-254
-2434
-3136
-3201
-3315
-15145
-25
211
-224
-1096
-829
597
-2280
-1557
-1295
-205
-1183
-1938
631
-2526
-2911
-1625
-50
-785
-65
-17
-1197
-1895
-379
-1169
-16361
-290
397
-2552
-3133
-2382
-2580
-14546
-190
166
-273
-879
-1363
-183
-2514
-1671
-1434
-138
-405
-1756
-142
-2357
-2286
-843
12
-82
-140
-349
-689
-2098
651
-1286
-13275
-264
90
-1891
-2559
-1278
-2128
-13937
-171
514
-360
-502
-1664
-12
-3059
-2092
-1829
-225
32
-2443
244
-3695
-3209
-1836
-17
227
-106
333
126
-2861
-510
-1679
-12451
-127
267
-2089
-3061
-1713
-3106
-11718
-66
571
-383
-817
-1802
315
-2786
-1982
-1747
-215
92
-1770
381
-2522
-2504
-1732
-8
438
-90
18
350
-2507
-1266
-1628
-13342
-97
561
-1388
-2239
-2553
-2553
-15727
-38
410
-221
-699
-1639
526
-2906
-1736
-1717
-164
220
-1202
554
-2079
-2115
-1646
-36
479
-191
-670
-733
-2140
-724
-1612
-13865
-371
-428
-1784
-1925
-1952
-2479
-17063
-11
-331
-153
-530
-862
-1126
1030
-251
-984
-250
-572
-2426
-2891
215
-2173
3
-27
-26
91
421
-820
-913
-2063
-956
-18514
-9
668
-2377
-1565
-2451
-1700
-15749
126
493
-291
150
-3011
666
1325
-1998
-2559
-278
437
-3305
282
-759
-2483
-2242
-152
512
-41
335
-3022
-1972
-3949
-2385
-17760
1
856
-3665
-2229
-1998
-2741
-19273
122
1090
-489
2381
-1275
304
-810
-1511
-1832
-414
2458
-2043
229
-2273
-2997
-2967
-254
3027
9
745
-2168
-1188
-2379
-1879
-21156
141
95
-3504
-2930
-2190
-3541
-18411
303
377
-710
3428
-670
-1140
-2126
-1818
-1293
-608
1965
-499
-633
-2104
-2532
-1860
-363
3694
271
145
-982
-218
-1064
-1431
-24349
250
-867
-2566
-2738
-1700
-2609
-24616
310
-949
-672
2828
-1764
-1744
-1519
-2078
-1440
-616
1869
-2161
-1786
-2492
-3121
-883
-399
3217
386
810
1066
-811
-2075
-1507
-26909
228
-145
-1349
-3382
-2757
-3227
-26399
283
-101
-728
2930
-2151
-1908
-1763
-2601
-2009
-582
2943
-3363
-2419
-2785
-4151
-1109
-298
4149
311
948
1614
-1164
-3363
-2041
-24366
313
75
-2642
-3864
-3547
-4081
-21088
331
44
-686
2665
-2076
-1883
-1590
-2718
-3079
-566
2198
-2578
-2113
-2651
-3569
-2051
-147
3583
0
-741
708
-3116
-5076
-2995
-17549
180
-136
-2382
-4158
-4991
-4332
-18082
265
-461
-347
1430
-1580
968
-2745
-2130
-2419
-272
1466
-2177
1193
-3941
-3827
-2073
-20
2015
-229
-1923
-781
-3078
-2804
-2377
-21290
-116
-2107
-3353
-3539
-4518
-4197
-20825
7
-1983
-311
604
-1475
-1076
145
-798
-1429
-395
985
-1918
-1853
-363
-1319
1310
-161
388
264
824
-923
-1577
-1008
-1381
-18485
7
331
-2805
656
-2405
-1307
-22364
169
-239
-324
1942
-3385
-1011
-1337
-3671
-3403
-252
3110
-5214
-2493
-2810
-4737
295
-179
1765
-3
2828
-2605
-2309
-1462
-3287
-28699
36
3069
-5943
-850
-4249
-4522
-25648
80
2387
-404
2374
-4783
-3391
-3965
-5936
-5088
-228
2847
-4941
-3270
-4768
-5845
-3937
-245
1421
-8
1737
-4658
-1414
-121
-5005
-22101
292
453
-5506
-2348
-1461
-6368
-20002
313
-185
-372
1753
-2975
-2560
-3634
-3974
-3494
-343
1186
-3267
-1666
-3263
-4665
-3024
-266
274
283
216
-2954
-152
-1108
-3455
-21583
205
-1152
-3719
-2961
-3241
-5291
-19679
221
-704
-419
1854
-2587
-2247
-2377
-3028
-2479
-484
259
-4689
-1959
-3225
-5170
-638
-260
-356
464
281
254
-702
-2074
-2373
-29618
147
-1366
-1849
-4177
-5703
-5256
-24025
181
-1110
-476
100
-3002
-3727
-2007
-4116
-3243
-490
-178
-5805
-4545
-3263
-5931
5
-121
-359
481
875
1031
-1610
-2465
-3009
-23189
306
349
-1710
-5050
-5756
-5689
-16766
322
6
-372
11
-3443
-3304
-2842
-3762
-4487
-342
-659
-4703
-3485
-3330
-4839
-1606
-102
-1618
160
-1400
574
-3751
-4746
-4247
-18302
243
-930
-1352
-4804
-6083
-5697
-19852
294
-979
-189
532
-3781
-817
-3377
-3911
-4871
-194
-67
-5234
-1418
-4848
-5619
-1730
37
-216
-198
-2421
263
-4995
-5498
-4706
-19434
-120
-1879
-1555
-5045
-7968
-6194
-20880
-28
-1436
-380
223
-2655
82
481
-2308
-2311
-332
149
-3291
-374
-1579
-2594
-1121
-91
319
197
1035
-1580
-2805
-2863
-2313
-16530
-140
539
-3872
1103
-3933
-2408
-17009
212
91
-281
408
-6609
-18
-3742
-6957
-5598
-163
-199
-7571
1231
-5264
-6307
-3224
-45
-1006
-89
3065
-5708
-3549
-1651
-5675
-17591
-6
3285
-8913
-1950
-4803
-5640
-17168
156
2264
-59
1122
-7133
-5307
-5997
-9856
-7545
91
224
-6559
-3757
-7069
-7868
-4293
-60
336
-122
2225
-5836
-706
-1756
-7451
-11724
193
524
-8288
-4047
-2506
-7266
-12636
171
217
142
5995
-5323
-5878
-3841
-6345
-5262
-12
2662
-5750
-3253
-7266
-6679
-5346
-43
2452
336
769
-2573
2407
-3919
-5204
-29679
209
-1472
-5636
-3266
-2802
-7202
-22344
104
-1087
118
2899
-4413
-4457
-4802
-4240
-3826
-97
938
-6079
-2696
-6278
-5490
-2539
-123
732
326
-1728
-1498
1996
-1426
-3869
-29564
80
-1641
-3622
-3252
-3662
-5953
-22462
-65
-411
81
876
-2479
-3704
-3446
-3386
-3162
-206
-1208
-4665
-2331
-5131
-4931
-351
-170
-1101
340
-1136
-1732
257
-1273
-3301
-25753
89
-169
-3734
-3853
-4834
-4580
-22847
26
-98
147
-75
-2206
-3104
-4700
-3920
-4413
-52
-564
-2914
-2031
-4428
-3972
649
6
125
30
166
-2823
-1071
-2761
-4378
-21508
52
257
-5077
-4295
-5853
-4793
-26648
22
-500
74
921
-2621
-3477
-5508
-4682
-5310
162
1677
-2258
-2967
-5077
-4170
-479
142
828
-345
-1429
-829
-2812
-3596
-5264
-17352
-205
-1274
-2408
-3657
-5274
-4592
-26492
-107
-548
-87
26
-3528
1194
365
-1652
-2158
-103
84
-3957
512
-2549
-1837
-241
-97
-155
-113
671
-1745
-2713
-2764
-1905
-13193
-237
997
-2988
-65
-3323
-1680
-15039
27
1114
52
-671
-4361
2039
-1806
-2716
-2908
-164
-963
-5167
2934
-3451
-3346
-2402
-129
-2057
119
1605
-3852
-1910
-2807
-2833
-17409
-122
932
-5745
-1341
-4133
-2426
-17290
63
1279
193
-1176
-5325
-1642
-4088
-5508
-4254
-135
-2422
-5830
-218
-5673
-6043
-2659
-112
-3314
396
6639
-4097
2117
-4911
-4065
-29273
149
2804
-7634
-4697
-4663
-4506
-26268
146
2076
421
442
-7634
-5323
-4960
-6273
-5317
107
266
-7166
-2897
-4103
-6438
-6082
-186
708
605
2048
-3209
6168
-7234
-5154
-17689
416
905
-4290
-5151
-4271
-6007
-13386
371
1009
444
782
-6088
-4883
-4531
-4435
-5065
74
1626
-7119
-2304
-6063
-4757
-4500
-174
1889
494
-4485
-3585
4452
-5248
-4708
-23297
182
-1867
-5001
-4901
-4807
-6142
-16896
262
-632
182
1287
-5196
-2378
-4397
-4327
-4861
-166
2168
-6596
-1804
-7869
-4930
-1817
-84
1859
357
-2906
-1734
-1275
-4053
-4791
-24629
34
-1124
-4284
-4491
-5860
-5595
-23377
90
-427
159
154
-3687
1732
-4200
-4585
-4264
-190
264
-6776
845
-8397
-6400
230
10
187
48
834
-3318
-3006
-4190
-4236
-25546
-54
1153
-8206
-5862
-7397
-6590
-19550
-33
888
98
-1682
-3164
-756
-6989
-6312
-6272
-104
-1467
-4402
-1579
-8447
-6611
-165
134
-898
-296
-1141
-2749
-5294
-3542
-5995
-13777
-165
-1343
-6783
-6521
-6728
-6205
-16367
-48
-1470
79
107
-2748
388
-808
-1529
-1603
-72
892
-4502
-372
-3893
-2794
969
-70
367
-336
552
-1195
-1745
-709
-1375
-16263
-187
376
-3075
-2604
-3309
-1850
-12623
-193
273
142
90
-3553
1804
-1428
-1452
-2003
59
824
-4216
1536
-2953
-2167
307
-182
690
-205
197
-2084
-1940
-1994
-1759
-17706
-200
-810
-4261
-1938
-3946
-941
-18553
-167
-287
391
-2117
-3144
569
-2216
-1820
-1895
-10
-597
-3439
1986
-2525
-2107
-1968
-53
-1420
182
2330
-1706
471
-3092
-1818
-21794
-120
176
-3045
-2288
-3531
-485
-22622
-92
771
378
-6760
-4563
-1062
-2487
-3324
-2934
-105
-4195
-7253
-1180
-3705
-4996
-1664
-158
-3430
434
2986
-2425
2100
-3947
-2747
-26576
172
2897
-4613
-5615
-6086
-3336
-16895
244
2351
198
-2481
-5595
-4337
-5284
-4204
-4828
-53
-2028
-5841
-3650
-4949
-3727
-857
-122
-1598
223
374
-2073
908
-3893
-4621
-17260
171
712
-3355
-5534
-5357
-4794
-18517
181
332
-160
-487
-6979
-4287
-5057
-4986
-6366
-190
212
-6501
-4688
-6357
-3766
-1757
64
845
139
-1522
570
-3169
-6725
-6055
-12192
217
-238
-757
-4844
-7355
-4764
-19153
237
321
-116
-543
-6418
-650
-2878
-3344
-5087
-326
222
-7004
-1390
-5144
-3147
-1022
34
265
93
-1567
-2168
-3717
-4774
-4673
-14810
120
-1474
-4606
-3631
-6117
-4123
-16878
92
-1036
-31
-960
-3714
-64
-1953
-1856
-2921
-194
-1116
-4669
-1144
-3282
-2791
1337
74
-1089
-223
-1628
-906
-1597
-3093
-2553
-24311
-150
-2135
-4124
-2799
-4990
-2785
-24574
-69
-1993
-55
54
-2475
900
-1959
-2426
-2094
-45
-233
-3051
1253
-3547
-2667
322
58
-433
-380
335
-2851
-3032
707
-1912
-12396
-208
759
-4536
-2943
-2780
-1746
-14015
-171
529
-61
-282
-3318
1778
-2755
-2518
-2369
-56
170
-4287
678
-4135
-3031
1492
-34
-10
-314
-964
-1915
-3297
-516
-2123
-12930
-131
-616
-4861
-3398
-4582
-1197
-13840
-130
-193
50
-528
-3370
548
-2799
-2579
-3067
-16
252
-3806
508
-3938
-2407
-547
27
20
-271
-745
-1475
-4084
-1846
-2723
-11822
-268
-803
-3340
-3314
-4459
-430
-15900
-167
-575
200
-2103
-2969
484
-1638
-1657
-2389
-65
180
-3344
927
-2929
-1689
-861
-67
-292
-55
1426
-2198
-2585
-2179
-2271
-15683
-275
546
-2936
-2940
-4206
-11
-19262
2
601
166
-3425
-3186
-890
-3032
-1978
-2721
-40
-2538
-3990
-1036
-3757
-2598
251
10
-2617
-53
2681
-1202
-1931
-2277
-2676
-22415
-72
1468
-2519
-4126
-4597
-1758
-23919
45
1077
-207
-4014
-5396
-4340
-7325
-3943
-5640
-279
-4448
-5231
-5046
-6053
-3881
-2079
86
-4034
-70
-260
82
-5031
-1290
-5380
-14164
169
-225
-794
-5409
-4165
-3255
-18994
296
-231
-252
-2695
-4856
-2974
-5347
-583
-4097
-397
-2765
-4352
-3044
-3797
-758
-1668
-82
-2104
-35
-878
-3067
-3759
1399
-3569
-18473
101
-791
-3449
-3316
-1804
-1850
-22280
216
-194
-82
-1214
-3056
-1318
-2609
163
-2074
-196
-795
-3163
-1356
-2146
-1107
-977
8
-789
-184
-623
-2124
-1932
650
-1887
-17837
-207
-526
-2746
-1484
-1667
-1409
-17843
-32
-293
-118
-451
-769
820
-2300
-1909
-2108
-183
-1148
-1016
268
-3796
-3080
-33
-62
-193
-144
201
-3937
-2745
38
-2013
-16344
-57
612
-5284
-2971
-3740
-2902
-15397
-7
117
-265
-732
-456
1870
-2110
-1396
-1409
-281
-1089
-1635
675
-3454
-3401
219
-86
-349
-113
-488
-3492
-2209
-411
-1258
-20947
-43
382
-5941
-3576
-4246
-3158
-16233
45
720
-237
-546
87
405
-1437
-946
-941
-253
-901
-1462
-1058
-3179
-2957
763
-73
-994
-141
-1357
-2505
-2086
298
-731
-22177
-172
-718
-4464
-3563
-3275
-2390
-17144
-89
-554
-118
-536
225
-867
-1215
-558
-944
-155
-161
-1248
-2538
-3160
-2600
572
-83
-314
-187
393
-838
-2362
-548
-769
-19536
-272
660
-2563
-3274
-3759
-1785
-15080
-77
344
182
-736
-83
-1248
-1260
-972
-1524
-1
-22
-1453
-2378
-3401
-2858
163
28
-315
-275
633
-1092
-2500
-1735
-1443
-15636
-370
7
-2775
-3666
-4236
-2421
-11811
-98
-160
141
-814
-633
-1528
-804
49
-1313
-14
-447
-690
-1910
-1669
-1370
-1314
-7
-666
-256
-448
-799
-2008
-1356
-1229
-15406
-303
-582
-1686
-2449
-2474
-826
-14371
25
-564
12
-758
-887
-2226
-1899
1088
-1214
-47
-548
-977
-2626
-2345
-550
-1438
-14
-601
-267
-259
-1094
-1867
415
-1065
-14445
-278
193
-2228
-2364
-856
-847
-12748
-37
239
-88
-963
-1466
-1708
-1100
1094
-1176
-100
-706
-755
-1483
-1404
90
-753
7
-1004
-223
-721
-1264
-1854
132
-1078
-14379
-295
-563
-1449
-1283
-907
-589
-16704
-124
-396
0
0
0
0
0
0
0
0
0
0
0
-1846
-1059
-82
-1432
-1382
0
0
0
0
0
0
0
0
0
0
0
-309
-1130
-1222
-1324
-14349
0
0
0
0
0
0
0
0
0
0
0
-1199
-395
204
-913
-1148
0
0
0
0
0
0
0
0
0
0
0
-954
-2126
-981
-1051
-16911
0
0
0
0
0
0
0
0
0
0
0
-123
-56
-834
201
-636
0
0
0
0
0
0
0
0
0
0
0
-151
-1387
-1344
-446
-16943
0
0
0
0
0
0
0
0
0
0
0
-48
-105
-862
260
-273
0
0
0
0
0
0
0
0
0
0
0
-58
-923
-542
-168
-17712
0
0
0
0
0
0
0
0
0
0
0
-319
-140
-834
-161
-105
0
0
0
0
0
0
0
0
0
0
0
755
-1026
209
-40
-15913
0
0
0
0
0
0
0
0
0
0
0
-624
-74
-1050
-708
-404
0
0
0
0
0
0
0
0
0
0
0
1425
-1525
-185
-307
-15011
0
0
0
0
0
0
0
0
0
0
0
-868
100
-1371
-516
-709
0
0
0
0
0
0
0
0
0
0
0
1093
-1169
-1230
-588
-15423
0
0
0
0
0
0
0
0
0
0
0
-1033
35
-1519
-306
-942
0
0
0
0
0
0
0
0
0
0
0
391
-787
-1373
-754
-14870
0
0
0
0
0
0
0
0
0
0
0
-2050
-1650
152
-628
-1585
0
0
0
0
0
0
0
0
0
0
0
-80
-1054
-2160
-1498
-13471
0
0
0
0
0
0
0
0
0
0
0
-1164
-459
260
-1024
-1730
0
0
0
0
0
0
0
0
0
0
0
-2081
-1152
-2700
-1574
-18559
0
0
0
0
0
0
0
0
0
0
0
-249
-1127
-1829
-1416
-1850
0
0
0
0
0
0
0
0
0
0
0
-2747
-31
-1894
-1836
-16897
0
0
0
0
0
0
0
0
0
0
0
-668
-2075
-2976
-1378
-1823
0
0
0
0
0
0
0
0
0
0
0
-2136
1756
-1870
-1774
-19712
0
0
0
0
0
0
0
0
0
0
0
-1268
-2164
-1666
-1968
-1676
0
0
0
0
0
0
0
0
0
0
0
-89
1090
-3187
-1802
-22268
0
0
0
0
0
0
0
0
0
0
0
-1955
-3267
-2195
-4163
-3137
0
0
0
0
0
0
0
0
0
0
0
-379
-439
-3522
-3235
-15099
0
0
0
0
0
0
0
0
0
0
0
-1570
-2025
-1484
-3334
-2644
0
0
0
0
0
0
0
0
0
0
0
305
-1953
-3106
-2567
-17014
0
0
0
0
0
0
0
0
0
0
0
-1473
-33
-2213
-1732
-1548
0
0
0
0
0
0
0
0
0
0
0
1004
-1233
-1828
-1362
-20847
0
0
0
0
0
0
0
0
0
0
0
-1521
-1265
-467
-936
-1501
0
0
0
0
0
0
0
0
0
0
0
-643
-812
-1189
-1482
-16598
0
0
0
0
0
0
0
0
0
0
0
-2150
-1496
-1614
-2501
-2588
0
0
0
0
0
0
0
0
0
0
0
-1834
-1118
-1604
-2529
-27088
0
0
0
0
0
0
0
0
0
0
0
-2772
-3703
-4776
-5726
-4127
0
0
0
0
0
0
0
0
0
0
0
-4089
1545
-1555
-4188
-20724
0
0
0
0
0
0
0
0
0
0
0
-2081
-3993
-5177
-3596
-3407
0
0
0
0
0
0
0
0
0
0
0
-4029
3020
-2667
-3542
-18542
0
0
0
0
0
0
0
0
0
0
0
-2090
-4229
-4323
-2216
-3285
0
0
0
0
0
0
0
0
0
0
0
-2528
1270
-3445
-3243
-20708
0
0
0
0
0
0
0
0
0
0
0
-1925
-4696
-2551
-4120
-3495
0
0
0
0
0
0
0
0
0
0
0
-1403
-542
-3340
-3462
-16850
0
0
0
0
0
0
0
0
0
0
0
-2030
-4404
-3727
-2901
-4145
0
0
0
0
0
0
0
0
0
0
0
-859
-3112
-4386
-3956
-16761
0
0
0
0
0
0
0
0
0
0
0
-1997
-1728
-3013
-2253
-2672
0
0
0
0
0
0
0
0
0
0
0
1246
-2380
-4109
-2332
-23907
0
0
0
0
0
0
0
0
0
0
0
-1813
-856
-1
-1940
-1603
0
0
0
0
0
0
0
0
0
0
0
-995
-750
-1989
-1732
-17048
0
0
0
0
0
0
0
0
0
0
0
-4940
-1330
-2608
-5846
-3452
0
0
0
0
0
0
0
0
0
0
0
-3269
-475
-265
-3741
-22716
0
0
0
0
0
0
0
0
0
0
0
-6855
-4619
-5342
-8597
-5290
0
0
0
0
0
0
0
0
0
0
0
-3235
3594
-3184
-5177
-18049
0
0
0
0
0
0
0
0
0
0
0
-5560
-8047
-7387
-6292
-6591
0
0
0
0
0
0
0
0
0
0
0
-4913
6349
-7609
-6296
-21038
0
0
0
0
0
0
0
0
0
0
0
-1991
-6872
-7957
-4033
-5072
0
0
0
0
0
0
0
0
0
0
0
-6396
5371
-5002
-4868
-21785
0
0
0
0
0
0
0
0
0
0
0
-727
-4681
-5332
-1714
-3390
0
0
0
0
0
0
0
0
0
0
0
-4632
1444
-2906
-3379
-24039
0
0
0
0
0
0
0
0
0
0
0
-1941
-3257
-5694
-1363
-3639
0
0
0
0
0
0
0
0
0
0
0
-2758
-755
-2860
-3401
-24470
0
0
0
0
0
0
0
0
0
0
0
-3559
-3896
-6468
-3955
-5093
0
0
0
0
0
0
0
0
0
0
0
-251
-2069
-4269
-4797
-13830
0
0
0
0
0
0
0
0
0
0
0
-1718
-399
-162
-1234
-1559
0
0
0
0
0
0
0
0
0
0
0
-1126
-1089
-1884
-1491
-13881
0
0
0
0
0
0
0
0
0
0
0
-2524
293
-1336
-1648
-1735
0
0
0
0
0
0
0
0
0
0
0
-3147
504
-2066
-1814
-20167
0
0
0
0
0
0
0
0
0
0
0
-6082
-3508
-5638
-4214
-4395
0
0
0
0
0
0
0
0
0
0
0
-4927
5878
-6469
-4538
-27091
0
0
0
0
0
0
0
0
0
0
0
-12902
-12487
-10949
-11808
-12619
0
0
0
0
0
0
0
0
0
0
0
-10478
9677
-13976
-12595
19745
0
0
0
0
0
0
0
0
0
0
0
-4576
-7519
-7860
-7590
-7023
0
0
0
0
0
0
0
0
0
0
0
-8680
9039
-9284
-6902
-13517
0
0
0
0
0
0
0
0
0
0
0
-1179
-2656
-4565
-3345
-3598
0
0
0
0
0
0
0
0
0
0
0
-4345
2606
-5535
-3369
-29446
0
0
0
0
0
0
0
0
0
0
0
-2071
337
-4409
-2902
-3207
0
0
0
0
0
0
0
0
0
0
0
-3008
-81
-3811
-2868
-26468
0
0
0
0
0
0
0
0
0
0
0
-3579
-470
-5479
-4853
-4094
0
0
0
0
0
0
0
0
0
0
0
109
-2931
-2213
-3572
-17403
0
0
0
0
0
0
0
0
0
0
0
-1488
-254
-882
-592
-1179
0
0
0
0
0
0
0
0
0
0
0
-155
-1082
-1022
-1037
-16396
0
0
0
0
0
0
0
0
0
0
0
-2607
338
-1258
-972
-2042
0
0
0
0
0
0
0
0
0
0
0
-2369
-1071
-1638
-1868
-14830
0
0
0
0
0
0
0
0
0
0
0
-2289
-917
-2986
-1519
-1896
0
0
0
0
0
0
0
0
0
0
0
-2529
2148
-3093
-1964
-19668
0
0
0
0
0
0
0
0
0
0
0
-4649
-4098
-4397
-4789
-4586
0
0
0
0
0
0
0
0
0
0
0
-5126
3806
-5852
-4917
-15983
0
0
0
0
0
0
0
0
0
0
0
-4706
-4802
-5688
-5842
-5357
0
0
0
0
0
0
0
0
0
0
0
-4913
3956
-6023
-5227
-15095
0
0
0
0
0
0
0
0
0
0
0
-5153
-3604
-3846
-6544
-5867
0
0
0
0
0
0
0
0
0
0
0
-2634
164
-7898
-5874
-12251
0
0
0
0
0
0
0
0
0
0
0
-3353
-756
-2073
-4001
-3639
0
0
0
0
0
0
0
0
0
0
0
-3206
-284
-5044
-3517
-18375
0
0
0
0
0
0
0
0
0
0
0
-2111
-914
-2739
-2788
-2883
0
0
0
0
0
0
0
0
0
0
0
-1320
-699
-3525
-2627
-20656
0
0
0
0
0
0
0
0
0
0
0
-2218
-41
-1409
-993
-1467
0
0
0
0
0
0
0
0
0
0
0
-752
-2143
595
-1384
-13353
0
0
0
0
0
0
0
0
0
0
0
-2895
786
-1556
-1628
-1947
0
0
0
0
0
0
0
0
0
0
0
-1252
-2510
33
-1807
-11777
0
0
0
0
0
0
0
0
0
0
0
-2017
713
-906
-1381
-1171
0
0
0
0
0
0
0
0
0
0
0
-509
-1728
-254
-1074
-18292
0
0
0
0
0
0
0
0
0
0
0
-1726
-77
-732
-708
-1187
0
0
0
0
0
0
0
0
0
0
0
-1507
-784
-1276
-1153
-20340
0
0
0
0
0
0
0
0
0
0
0
-1964
-1270
-2277
-2082
-2468
0
0
0
0
0
0
0
0
0
0
0
-1550
-1041
-2697
-2446
-22328
0
0
0
0
0
0
0
0
0
0
0
-4303
-2989
-4062
-3939
-3946
0
0
0
0
0
0
0
0
0
0
0
29
-3865
-2049
-3947
-18525
0
0
0
0
0
0
0
0
0
0
0
-2832
-1964
-2647
-1838
-2585
0
0
0
0
0
0
0
0
0
0
0
-2396
-2495
-12
-2596
-22904
0
0
0
0
0
0
0
0
0
0
0
-1449
-1709
-1711
-1180
-1833
0
0
0
0
0
0
0
0
0
0
0
-2086
-929
-621
-1828
-16605
0
0
0
0
0
0
0
0
0
0
0
-2099
398
-1793
-1136
-1704
0
0
0
0
0
0
0
0
0
0
0
-1442
-1851
380
-1554
-15117
0
0
0
0
0
0
0
0
0
0
0
-1837
1194
-1571
-648
-1360
0
0
0
0
0
0
0
0
0
0
0
-1938
-1657
356
-1106
-17768
0
0
0
0
0
0
0
0
0
0
0
-1412
206
-753
-572
-1030
0
0
0
0
0
0
0
0
0
0
0
-1082
-1241
459
-660
-19293
0
0
0
0
0
0
0
0
0
0
0
-1595
-381
-387
-815
-1041
0
0
0
0
0
0
0
0
0
0
0
276
-1436
-520
-784
-16962
0
0
0
0
0
0
0
0
0
0
0
-1445
-362
-700
-1066
-1408
0
0
0
0
0
0
0
0
0
0
0
277
-1823
-1735
-1187
-13702
0
0
0
0
0
0
0
0
0
0
0
-1360
-1101
-765
155
-1313
0
0
0
0
0
0
0
0
0
0
0
155
-2382
-1584
-1287
-13643
0
0
0
0
0
0
0
0
0
0
0
-1655
-1527
-798
303
-1038
0
0
0
0
0
0
0
0
0
0
0
-182
-2228
-40
-1073
-14099
0
0
0
0
0
0
0
0
0
0
0
-859
-1487
-999
539
-1015
0
0
0
0
0
0
0
0
0
0
0
-354
-1971
-513
-990
-13694
0
0
0
0
0
0
0
0
0
0
0
0
0
0
0
0
0
0
0
0
0
0
0
0
0
0
0
0
0
0
0
0
0
0
0
0
0
0
0
0
0
0
0
0
0
0
0
0
0
0
0
0
0
0
0
0
0
0
0
0
0
0
0
0
0
0
0
0
0
0
0
0
0
0
0
0
0
0
0
0
0
0
0
0
0
0
0
0
0
0
0
0
0
0
0
0
0
0
0
0
0
0
0
0
0
0
0
0
0
0
0
0
0
0
0
0
0
0
0
0
0
0
0
0
0
0
0
0
0
0
0
0
0
0
0
0
0
0
0
0
0
0
0
0
0
0
0
0
0
0
0
0
0
0
0
0
0
0
0
0
0
0
0
0
0
0
0
0
0
0
0
0
0
0
0
0
0
0
0
0
0
0
0
0
0
0
0
0
0
0
0
0
0
0
0
0
0
0
0
0
0
0
0
0
0
0
0
0
0
0
0
0
0
0
0
0
0
0
0
0
0
0
0
0
0
0
0
0
0
0
0
0
0
0
0
0
0
0
0
0
0
0
0
0
0
0
0
0
0
0
0
0
0
0
0
0
0
0
0
0
0
0
0
0
0
0
0
0
0
0
0
0
0
0
0
0
0
0
0
0
0
0
0
0
0
0
0
0
0
0
0
0
0
0
0
0
0
0
0
0
0
0
0
0
0
0
0
0
0
0
0
0
0
0
0
0
0
0
0
0
0
0
0
0
0
0
0
0
0
0
0
0
0
0
0
0
0
0
0
0
0
0
0
0
0
0
0
0
0
0
0
0
0
0
0
0
0
0
0
0
0
0
0
0
0
0
0
0
0
0
0
0
0
0
0
0
0
0
0
0
0
0
0
0
0
0
0
0
0
0
0
0
0
0
0
0
0
0
0
0
0
0
0
0
0
0
0
0
0
0
0
0
0
0
0
0
0
0
0
0
0
0
0
0
0
0
0
0
0
0
0
0
0
0
0
0
0
0
0
0
0
0
0
0
0
0
0
0
0
0
0
0
0
0
0
0
0
0
0
0
0
0
0
0
0
0
0
0
0
0
0
0
0
0
0
0
0
0
0
0
0
0
0
0
0
0
0
0
0
0
0
0
0
0
0
0
0
0
0
0
0
0
0
0
0
0
0
0
0
0
0
0
0
0
0
0
0
0
0
0
0
0
0
0
0
0
0
0
0
0
0
0
0
0
0
0
0
0
0
0
0
0
0
0
0
0
0
0
0
0
0
0
0
0
0
0
0
0
0
0
0
0
0
0
0
0
0
0
0
0
0
0
0
0
0
0
0
0
0
0
0
0
0
0
0
0
0
0
0
0
0
0
0
0
0
0
0
0
0
0
0
0
0
0
0
0
0
0
0
0
0
0
0
0
0
0
0
0
0
0
0
0
0
0
0
0
0
0
0
0
0
0
0
0
0
0
0
0
0
0
0
0
0
0
0
0
0
0
0
0
0
0
0
0
0
0
0
0
0
0
0
0
0
0
0
0
0
0
0
0
0
0
0
0
0
0
0
0
0
0
0
0
0
0
0
0
0
0
0
0
0
0
0
0
0
0
0
0
0
0
0
0
0
0
0
0
0
0
0
0
0
0
0
0
0
0
0
0
0
0
0
0
0
0
0
0
0
0
0
0
0
0
0
0
0
0
0
0
0
0
0
0
0
0
0
0
0
0
0
0
0
0
0
0
0
0
0
0
0
0
0
0
0
0
0
0
0
0
0
0
0
0
0
0
0
0
0
0
0
0
0
0
0
0
0
0
0
0
0
0
0
0
0
0
0
0
0
0
0
0
0
0
0
0
0
0
0
0
0
0
0
0
0
0
0
0
0
0
0
0
0
0
0
0
0
0
0
0
0
0
0
0
0
0
0
0
0
0
0
0
0
0
0
0
0
0
0
0
0
0
0
0
0
0
0
0
0
0
0
0
0
0
0
0
0
0
0
0
0
0
0
0
0
0
0
0
0
0
0
0
0
0
0
0
0
0
0
0
0
0
0
0
0
0
0
0
0
0
0
0
0
0
0
0
0
0
0
0
0
0
0
0
0
0
0
0
0
0
0
0
0
0
0
0
0
0
0
0
0
0
0
0
0
0
0
0
0
0
0
0
0
0
0
0
0
0
0
0
0
0
0
0
0
0
0
0
0
0
0
0
0
0
0
0
0
0
0
0
0
0
0
0
0
0
0
0
0
0
0
0
0
0
0
0
0
0
0
0
0
0
0
0
0
0
0
0
0
0
0
0
0
0
0
0
0
0
0
0
0
0
0
0
0
0
0
0
0
0
0
0
0
0
0
0
0
0
0
0
0
0
0
0
0
0
0
0
0
0
0
0
0
0
0
0
0
0
0
0
0
0
0
0
0
0
0
0
0
0
0
0
0
0
0
0
0
0
0
0
0
0
0
0
0
0
0
0
0
0
0
0
0
0
0
0
0
0
0
0
0
0
0
0
0
0
0
0
0
0
0
0
0
0
0
0
0
0
0
0
0
0
0
0
0
0
0
0
0
0
0
0
0
0
0
0
0
0
0
0
0
0
0
0
0
0
0
0
0
0
0
0
0
0
0
0
0
0
0
0
0
0
0
0
0
0
0
0
0
0
0
0
0
0
0
0
0
0
0
0
0
0
0
0
0
0
0
0
0
0
0
0
0
0
0
0
0
0
0
0
0
0
0
0
0
0
0
0
0
0
0
0
0
0
0
0
0
0
0
0
0
0
0
0
0
0
0
0
0
0
0
0
0
0
0
0
0
0
0
0
0
0
0
0
0
0
0
0
0
0
0
0
0
0
0
0
0
0
0
0
0
0
0
0
0
0
0
0
0
0
0
0
0
0
0
0
0
0
0
0
0
0
0
0
0
0
0
0
0
0
0
0
0
0
0
0
0
0
0
0
0
0
0
0
0
0
0
0
0
0
0
0
0
0
0
0
0
0
0
0
0
0
0
0
0
0
0
0
0
0
0
0
0
0
0
0
0
0
0
0
0
0
0
0
0
0
0
0
0
0
0
0
0
0
0
0
0
0
0
0
0
0
0
0
0
0
0
0
0
0
0
0
0
0
0
0
0
0
0
0
0
0
0
0
0
0
0
0
0
0
0
0
0
0
0
0
0
0
0
0
0
0
0
0
0
0
0
0
0
0
0
0
0
0
0
0
0
0
0
0
0
0
0
0
0
0
0
0
0
0
0
0
0
0
0
0
0
0
0
0
0
0
0
0
0
0
0
0
0
0
0
0
0
0
0
0
0
0
0
0
0
0
0
0
0
0
0
0
0
0
0
0
0
0
0
0
0
0
0
0
0
0
0
0
0
0
0
0
0
0
0
0
0
0
0
0
0
0
0
0
0
0
0
0
0
0
0
0
0
0
0
0
0
0
0
0
0
0
0
0
0
0
0
0
0
0
0
0
0
0
0
0
0
0
0
0
0
0
0
0
0
0
0
0
0
0
0
0
0
0
0
0
0
0
0
0
0
0
0
0
0
0
0
0
0
0
0
0
0
0
0
0
0
0
0
0
0
0
0
0
0
0
0
0
0
0
0
0
0
0
0
0
0
0
0
0
0
0
0
0
0
0
0
0
0
0
0
0
0
0
0
0
0
0
0
0
0
0
0
0
0
0
0
0
0
0
0
0
0
0
0
0
0
0
0
0
0
0
0
0
0
0
0
0
0
0
0
0
0
0
0
0
0
0
0
0
0
0
0
0
0
0
0
0
0
0
0
0
0
0
0
0
0
0
0
0
0
0
0
0
0
0
0
0
0
0
0
0
0
0
0
0
0
0
0
0
0
0
0
0
0
0
0
0
0
0
0
0
0
0
0
0
0
0
0
0
0
0
0
0
0
0
0
0
0
0
0
0
0
0
0
0
0
0
0
0
0
0
0
0
0
0
0
0
0
0
0
0
0
0
0
0
0
0
0
0
0
0
0
0
0
0
0
0
0
0
0
0
0
0
0
0
0
0
0
0
0
0
0
0
0
0
0
0
0
0
0
0
0
0
0
0
0
0
0
0
0
0
0
0
0
0
0
0
0
0
0
0
0
0
0
0
0
0
0
0
0
0
0
0
0
0
0
0
0
0
0
0
0
0
0
0
0
0
0
0
0
0
0
0
0
0
0
0
0
0
0
0
0
0
0
0
0
0
0
0
0
0
0
0
0
0
0
0
0
0
0
0
0
0
0
0
0
0
0
0
0
0
0
0
0
0
0
0
0
0
0
0
0
0
0
0
0
0
0
0
0
0
0
0
0
0
0
0
0
0
0
0
0
0
0
0
0
0
0
0
0
0
0
0
0
0
0
0
0
0
0
0
0
0
0
0
0
0
0
0
0
0
0
0
0
0
0
0
0
0
0
0
0
0
0
0
0
0
0
0
0
0
0
0
0
0
0
0
0
0
0
0
0
0
0
0
0
0
0
0
0
0
0
0
0
0
0
0
0
0
0
0
0
0
0
0
0
0
0
0
0
0
0
0
0
0
0
0
0
0
0
0
0
0
0
0
0
0
0
0
0
0
0
0
0
0
0
0
0
0
0
0
0
0
0
0
0
0
0
0
0
0
0
0
0
0
0
0
0
0
0
0
0
0
0
0
0
0
0
0
0
0
0
0
0
0
0
0
0
0
0
0
0
0
0
0
0
0
0
0
0
0
0
0
0
0
0
0
0
0
0
0
0
0
0
0
0
0
0
0
0
0
0
0
0
0
0
0
0
0
0
0
0
0
0
0
0
0
0
0
0
0
0
0
0
0
0
0
0
0
0
0
0
0
0
0
0
0
0
0
0
0
0
0
0
0
0
0
0
0
0
0
0
0
0
0
0
0
0
0
0
0
0
0
0
0
0
0
0
0
0
0
0
0
0
0
0
0
0
0
0
0
0
0
0
0
0
0
0
0
0
0
0
0
0
0
0
0
0
0
0
0
0
0
0
0
0
0
0
0
0
0
0
0
0
0
0
0
0
0
0
0
0
0
0
0
0
0
0
0
0
0
0
0
0
0
0
0
0
0
0
0
0
0
0
0
0
0
0
0
0
0
0
0
0
0
0
0
0
0
0
0
0
0
0
0
0
0
0
0
0
0
0
0
0
0
0
0
0
0
0
0
0
0
0
0
0
0
0
0
0
0
0
0
0
0
0
0
0
0
0
0
0
0
0
0
0
0
0
0
0
0
0
0
0
0
0
0
0
0
0
0
0
0
0
0
0
0
0
0
0
0
0
0
0
0
0
0
0
0
0
0
0
0
0
0
0
0
0
0
0
0
0
0
0
0
0
0
0
0
0
0
0
0
0
0
0
0
0
0
0
0
0
0
0
0
0
0
0
0
0
0
0
0
0
0
0
0
0
0
0
0
0
0
0
0
0
0
0
0
0
0
0
0
0
0
0
0
0
0
0
0
0
0
0
0
0
0
0
0
0
0
0
0
0
0
0
0
0
0
0
0
0
0
0
0
0
0
0
0
0
0
0
0
0
0
0
0
0
0
0
0
0
0
0
0
0
0
0
0
0
0
0
0
0
0
0
0
0
0
0
0
0
0
0
0
0
0
0
0
0
0
0
0
0
0
0
0
0
0
0
0
0
0
0
0
0
0
0
0
0
0
0
0
0
0
0
0
0
0
0
0
0
0
0
0
0
0
0
0
0
0
0
0
0
0
0
0
0
0
0
0
0
0
0
0
0
0
0
0
0
0
0
0
0
0
0
0
0
0
0
0
0
0
0
0
0
0
0
0
0
0
0
0
0
0
0
0
0
0
0
0
0
0
0
0
0
0
0
0
0
0
0
0
0
0
0
0
0
0
0
0
0
0
0
0
0
0
0
0
0
0
0
0
0
0
0
0
0
0
0
0
0
0
0
0
0
0
0
0
0
0
0
0
0
0
0
0
0
0
0
0
0
0
0
0
0
0
0
0
0
0
0
0
0
0
0
0
0
0
0
0
0
0
0
0
0
0
0
0
0
0
0
0
0
0
0
0
0
0
0
0
0
0
0
0
0
0
0
0
0
0
0
0
0
0
0
0
0
0
0
0
0
0
0
0
0
0
0
0
0
0
0
0
0
0
0
0
0
0
0
0
0
0
0
0
0
0
0
0
0
0
0
0
0
0
0
0
0
0
0
0
0
0
0
0
0
0
0
0
0
0
0
0
0
0
0
0
0
0
0
0
0
0
0
0
0
0
0
0
0
0
0
0
0
0
0
0
0
0
0
0
0
0
0
0
0
0
0
0
0
0
0
0
0
0
0
0
0
0
0
0
0
0
0
0
0
0
0
0
0
0
0
0
0
0
0
0
0
0
0
0
0
0
0
0
0
0
0
0
0
0
0
0
0
0
0
0
0
0
0
0
0
0
0
0
0
0
0
0
0
0
0
0
0
0
0
0
0
0
0
0
0
0
0
0
0
0
0
0
0
0
0
0
0
0
0
0
0
0
0
0
0
0
0
0
0
0
0
0
0
0
0
0
0
0
0
0
0
0
0
0
0
0
0
0
0
0
0
0
0
0
0
0
0
0
0
0
0
0
0
0
0
0
0
0
0
0
0
0
0
0
0
0
0
0
0
0
0
0
0
0
0
0
0
0
0
0
0
0
0
0
0
0
0
0
0
0
0
0
0
0
0
0
0
0
0
0
0
0
0
0
0
0
0
0
0
0
0
0
0
0
0
0
0
0
0
0
0
0
0
0
0
0
0
0
0
0
0
0
0
0
0
0
0
0
0
0
0
0
0
0
0
0
0
0
0
0
0
0
0
0
0
0
0
0
0
0
0
0
0
0
0
0
0
0
0
0
0
0
0
0
0
0
0
0
0
0
0
0
0
0
0
0
0
0
0
0
0
0
0
0
0
0
0
0
0
0
0
0
0
0
0
0
0
0
0
0
0
0
0
0
0
0
0
0
0
0
0
0
0
0
0
0
0
0
0
0
0
0
0
0
0
0
0
0
0
0
0
0
0
0
0
0
0
0
0
0
0
0
0
0
0
0
0
0
0
0
0
0
0
0
0
0
0
0
0
0
0
0
0
0
0
0
0
0
0
0
0
0
0
0
0
0
0
0
0
0
0
0
0
0
0
0
0
0
0
0
0
0
0
0
0
0
0
0
0
0
0
0
0
0
0
0
0
0
0
0
0
0
0
0
0
0
0
0
0
0
0
0
0
0
0
0
0
0
0
0
0
0
0
0
0
0
0
0
0
0
0
0
0
0
0
0
0
0
0
0
0
0
0
0
0
0
0
0
0
0
0
0
0
0
0
0
0
0
0
0
0
0
0
0
0
0
0
0
0
0
0
0
0
0
0
0
0
0
0
0
0
0
0
0
0
0
0
0
0
0
0
0
0
0
0
0
0
0
0
0
0
0
0
0
0
0
0
0
0
0
0
0
0
0
0
0
0
0
0
0
0
0
0
0
0
0
0
0
0
0
0
0
0
0
0
0
0
0
0
0
0
0
0
0
0
0
0
0
0
0
0
0
0
0
0
0
0
0
0
0
0
0
0
0
0
0
0
0
0
0
0
0
0
0
0
0
0
0
0
0
0
0
0
0
0
0
0
0
0
0
0
0
0
0
0
0
0
0
0
0
0
0
0
0
0
0
0
0
0
0
0
0
0
0
0
0
0
0
0
0
0
0
0
0
0
0
0
0
0
0
0
0
0
0
0
0
0
0
0
0
0
0
0
0
0
0
0
0
0
0
0
0
0
0
0
0
0
0
0
0
0
0
0
0
0
0
0
0
0
0
0
0
0
0
0
0
0
0
0
0
0
0
0
0
0
0
0
0
0
0
0
0
0
0
0
0
0
0
0
0
0
0
0
0
0
0
0
0
0
0
0
0
0
0
0
0
0
0
0
0
0
0
0
0
0
0
0
0
0
0
0
0
0
0
0
0
0
0
0
0
0
0
0
0
0
0
0
0
0
0
0
0
0
0
0
0
0
0
0
0
0
0
0
0
0
0
0
0
0
0
0
0
0
0
0
0
0
0
0
0
0
0
0
0
0
0
0
0
0
0
0
0
0
0
0
0
0
0
0
0
0
0
0
0
0
0
0
0
0
0
0
0
0
0
0
0
0
0
0
0
0
0
0
0
0
0
0
0
0
0
0
0
0
0
0
0
0
0
0
0
0
0
0
0
0
0
0
0
0
0
0
0
0
0
0
0
0
0
0
0
0
0
0
0
0
0
0
0
0
0
0
0
0
0
0
0
0
0
0
0
0
0
0
0
0
0
0
0
0
0
0
0
0
0
0
0
0
0
0
0
0
0
0
0
0
0
0
0
0
0
0
0
0
0
0
0
0
0
0
0
0
0
0
0
0
0
0
0
0
0
0
0
0
0
0
0
0
0
0
0
0
0
0
0
0
0
0
0
0
0
0
0
0
0
0
0
0
0
0
0
0
0
0
0
0
0
0
0
0
0
0
0
0
0
0
0
0
0
0
0
0
0
0
0
0
0
0
0
0
0
0
0
0
0
0
0
0
0
0
0
0
0
0
0
0
0
0
0
0
0
0
0
0
0
0
0
0
0
0
0
0
0
0
0
0
0
0
0
0
0
0
0
0
0
0
0
0
0
0
0
0
0
0
0
0
0
0
0
0
0
0
0
0
0
0
0
0
0
0
0
0
0
0
0
0
0
0
0
0
0
0
0
0
0
0
0
0
0
0
0
0
0
0
0
0
0
0
0
0
0
0
0
0
0
0
0
0
0
0
0
0
0
0
0
0
0
0
0
0
0
0
0
0
0
0
0
0
0
0
0
0
0
0
0
0
0
0
0
0
0
0
0
0
0
0
0
0
0
0
0
0
0
0
0
0
0
0
0
0
0
0
0
0
0
0
0
0
0
0
0
0
0
0
0
0
0
0
0
0
0
0
0
0
0
0
0
0
0
0
0
0
0
0
0
0
0
0
0
0
0
0
0
0
0
0
0
0
0
0
0
0
0
0
0
0
0
0
0
0
0
0
0
0
0
0
0
0
0
0
0
0
0
0
0
0
0
0
0
0
0
0
0
0
0
0
0
0
0
0
0
0
0
0
0
0
0
0
0
0
0
0
0
0
0
0
0
0
0
0
0
0
0
0
0
0
0
0
0
0
0
0
0
0
0
0
0
0
0
0
0
0
0
0
0
0
0
0
0
0
0
0
0
0
0
0
0
0
0
0
0
0
0
0
0
0
0
0
0
0
0
0
0
0
0
0
0
0
0
0
0
0
0
0
0
0
0
0
0
0
0
0
0
0
0
0
0
0
0
0
0
0
0
0
0
0
0
0
0
0
0
0
0
0
0
0
0
0
0
0
0
0
0
0
0
0
0
0
0
0
0
0
0
0
0
0
0
0
0
0
0
0
0
0
0
0
0
0
0
0
0
0
0
0
0
0
0
0
0
0
0
0
0
0
0
0
0
0
0
0
0
0
0
0
0
0
0
0
0
0
0
0
0
0
0
0
0
0
0
0
0
0
0
0
0
0
0
0
0
0
0
0
0
0
0
0
0
0
0
0
0
0
0
0
0
0
0
0
0
0
0
0
0
0
0
0
0
0
0
0
0
0
0
0
0
0
0
0
0
0
0
0
0
0
0
0
0
0
0
0
0
0
0
0
0
0
0
0
0
0
0
0
0
0
0
0
0
0
0
0
0
0
0
0
0
0
0
0
0
0
0
0
0
0
0
0
0
0
0
0
0
0
0
0
0
0
0
0
0
0
0
0
0
0
0
0
0
0
0
0
0
0
0
0
0
0
0
0
0
0
0
0
0
0
0
0
0
0
0
0
0
0
0
0
0
0
0
0
0
0
0
0
0
0
0
0
0
0
0
0
0
0
0
0
0
0
0
0
0
0
0
0
0
0
0
0
0
0
0
0
0
0
0
0
0
0
0
0
0
0
0
0
0
0
0
0
0
0
0
0
0
0
0
0
0
0
0
0
0
0
0
0
0
0
0
0
0
0
0
0
0
0
0
0
0
0
0
0
0
0
0
0
0
0
0
0
0
0
0
0
0
0
0
0
0
0
0
0
0
0
0
0
0
0
0
0
0
0
0
0
0
0
0
0
0
0
0
0
0
0
0
0
0
0
0
0
0
0
0
0
0
0
0
0
0
0
0
0
0
0
0
0
0
0
0
0
0
0
0
0
0
0
0
0
0
0
0
0
0
0
0
0
0
0
0
0
0
0
0
0
0
0
0
0
0
0
0
0
0
0
0
0
0
0
0
0
0
0
0
0
0
0
0
0
0
0
0
0
0
0
0
0
0
0
0
0
0
0
0
0
0
0
0
0
0
0
0
0
0
0
0
0
0
0
0
0
0
0
0
0
0
0
0
0
0
0
0
0
0
0
0
0
0
0
0
0
0
0
0
0
0
0
0
0
0
0
0
0
0
0
0
0
0
0
0
0
0
0
0
0
0
0
0
0
0
0
0
0
0
0
0
0
0
0
0
0
0
0
0
0
0
0
0
0
0
0
0
0
0
0
0
0
0
0
0
0
0
0
0
0
0
0
0
0
0
0
0
0
0
0
0
0
0
0
0
0
0
0
0
0
0
0
0
0
0
0
0
0
0
0
0
0
0
0
0
0
0
0
0
0
0
0
0
0
0
0
0
0
0
0
0
0
0
0
0
0
0
0
0
0
0
0
0
0
0
0
0
0
0
0
0
0
0
0
0
0
0
0
0
0
0
0
0
0
0
0
0
0
0
0
0
0
0
0
0
0
0
0
0
0
0
0
0
0
0
0
0
0
0
0
0
0
0
0
0
0
0
0
0
0
0
0
0
0
0
0
0
0
0
0
0
0
0
0
0
0
0
0
0
0
0
0
0
0
0
0
0
0
0
0
0
0
0
0
0
0
0
0
0
0
0
0
0
0
0
0
0
0
0
0
0
0
0
0
0
0
0
0
0
0
0
0
0
0
0
0
0
0
0
0
0
0
0
0
0
0
0
0
0
0
0
0
0
0
0
0
0
0
0
0
0
0
0
0
0
0
0
0
0
0
0
0
0
0
0
0
0
0
0
0
0
0
0
0
0
0
0
0
0
0
0
0
0
0
0
0
0
0
0
0
0
0
0
0
0
0
0
0
0
0
0
0
0
0
0
0
0
0
0
0
0
0
0
0
0
0
0
0
0
0
0
0
0
0
0
0
0
0
0
0
0
0
0
0
0
0
0
0
0
0
0
0
0
0
0
0
0
0
0
0
0
0
0
0
0
0
0
0
0
0
0
0
0
0
0
0
0
0
0
0
0
0
0
0
0
0
0
0
0
0
0
0
0
0
0
0
0
0
0
0
0
0
0
0
0
0
0
0
0
0
0
0
0
0
0
0
0
0
0
0
0
0
0
0
0
0
0
0
0
0
0
0
0
0
0
0
0
0
0
0
0
0
0
0
0
0
0
0
0
0
0
0
0
0
0
0
0
0
0
0
0
0
0
0
0
0
0
0
0
0
0
0
0
0
0
0
0
0
0
0
0
0
0
0
0
0
0
0
0
0
0
0
0
0
0
0
0
0
0
0
0
0
0
0
0
0
0
0
0
0
0
0
0
0
0
0
0
0
0
0
0
0
0
0
0
0
0
0
0
0
0
0
0
0
0
0
0
0
0
0
0
0
0
0
0
0
0
0
0
0
0
0
0
0
0
0
0
0
0
0
0
0
0
0
0
0
0
0
0
0
0
0
0
0
0
0
0
0
0
0
0
0
0
0
0
0
0
0
0
0
0
0
0
0
0
0
0
0
0
0
0
0
0
0
0
0
0
0
0
0
0
0
0
0
0
0
0
0
0
0
0
0
0
0
0
0
0
0
0
0
0
0
0
0
0
0
0
0
0
0
0
0
0
0
0
0
0
0
0
0
0
0
0
0
0
0
0
0
0
0
0
0
0
0
0
0
0
0
0
0
0
0
0
0
0
0
0
0
0
0
0
0
0
0
0
0
0
0
0
0
0
0
0
0
0
0
0
0
0
0
0
0
0
0
0
0
0
0
0
0
0
0
0
0
0
0
0
0
0
0
0
0
0
0
0
0
0
0
0
0
0
0
0
0
0
0
0
0
0
0
0
0
0
0
0
0
0
0
0
0
0
0
0
0
0
0
0
0
0
0
0
0
0
0
0
0
0
0
0
0
0
0
0
0
0
0
0
0
0
0
0
0
0
0
0
0
0
0
0
0
0
0
0
0
0
0
0
0
0
0
0
0
0
0
0
0
0
0
0
0
0
0
0
0
0
0
0
0
0
0
0
0
0
0
0
0
0
0
0
0
0
0
0
0
0
0
0
0
0
0
0
0
0
0
0
0
0
0
0
0
0
0
0
0
0
0
0
0
0
0
0
0
0
0
0
0
0
0
0
0
0
0
0
0
0
0
0
0
0
0
0
0
0
0
0
0
0
0
0
0
0
0
0
0
0
0
0
0
0
0
0
0
0
0
0
0
0
0
0
0
0
0
0
0
0
0
0
0
0
0
0
0
0
0
0
0
0
0
0
0
0
0
0
0
0
0
0
0
0
0
0
0
0
0
0
0
0
0
0
0
0
0
0
0
0
0
0
0
0
0
0
0
0
0
0
0
0
0
0
0
0
0
0
0
0
0
0
0
0
0
0
0
0
0
0
0
0
0
0
0
0
0
0
0
0
0
0
0
0
0
0
0
0
0
0
0
0
0
0
0
0
0
0
0
0
0
0
0
0
0
0
0
0
0
0
0
0
0
0
0
0
0
0
0
0
0
0
0
0
0
0
0
0
0
0
0
0
0
0
0
0
0
0
0
0
0
0
0
0
0
0
0
0
0
0
0
0
0
0
0
0
0
0
0
0
0
0
0
0
0
0
0
0
0
0
0
0
0
0
0
0
0
0
0
0
0
0
0
0
0
0
0
0
0
0
0
0
0
0
0
0
0
0
0
0
0
0
0
0
0
0
0
0
0
0
0
0
0
0
0
0
0
0
0
0
0
0
0
0
0
0
0
0
0
0
0
0
0
0
0
0
0
0
0
0
0
0
0
0
0
0
0
0
0
0
0
0
0
0
0
0
0
0
0
0
0
0
0
0
0
0
0
0
0
0
0
0
0
0
0
0
0
0
0
0
0
0
0
0
0
0
0
0
0
0
0
0
0
0
0
0
0
0
0
0
0
0
0
0
0
0
0
0
0
0
0
0
0
0
0
0
0
0
0
0
0
0
0
0
0
0
0
0
0
0
0
0
0
0
0
0
0
0
0
0
0
0
0
0
0
0
0
0
0
0
0
0
0
0
0
0
0
0
0
0
0
0
0
0
0
0
0
0
0
0
0
0
0
0
0
0
0
0
0
0
0
0
0
0
0
0
0
0
0
0
0
0
0
0
0
0
0
0
0
0
0
0
0
0
0
0
0
0
0
0
0
0
0
0
0
0
0
0
0
0
0
0
0
0
0
0
0
0
0
0
0
0
0
0
0
0
0
0
0
0
0
0
0
0
0
0
0
0
0
0
0
0
0
0
0
0
0
0
0
0
0
0
0
0
0
0
0
0
0
0
0
0
0
0
0
0
0
0
0
0
0
0
0
0
0
0
0
0
0
0
0
0
0
0
0
0
0
0
0
0
0
0
0
0
0
0
0
0
0
0
0
0
0
0
0
0
0
0
0
0
0
0
0
0
0
0
0
0
0
0
0
0
0
0
0
0
0
0
0
0
0
0
0
0
0
0
0
0
0
0
0
0
0
0
0
0
0
0
0
0
0
0
0
0
0
0
0
0
0
0
0
0
0
0
0
0
0
0
0
0
0
0
0
0
0
0
0
0
0
0
0
0
0
0
0
0
0
0
0
0
0
0
0
0
0
0
0
0
0
0
0
0
0
0
0
0
0
0
0
0
0
0
0
0
0
0
0
0
0
0
0
0
0
0
0
0
0
0
0
0
0
0
0
0
0
0
0
0
0
0
0
0
0
0
0
0
0
0
0
0
0
0
0
0
0
0
0
0
0
0
0
0
0
0
0
0
0
0
0
0
0
0
0
0
0
0
0
0
0
0
0
0
0
0
0
0
0
0
0
0
0
0
0
0
0
0
0
0
0
0
0
0
0
0
0
0
0
0
0
0
0
0
0
0
0
0
0
0
0
0
0
0
0
0
0
0
0
0
0
0
0
0
0
0
0
0
0
0
0
0
0
0
0
0
0
0
0
0
0
0
0
0
0
0
0
0
0
0
0
0
0
0
0
0
0
0
0
0
0
0
0
0
0
0
0
0
0
0
0
0
0
0
0
0
0
0
0
0
0
0
0
0
0
0
0
0
0
0
0
0
0
0
0
0
0
0
0
0
0
0
0
0
0
0
0
0
0
0
0
0
0
0
0
0
0
0
0
0
0
0
0
0
0
0
0
0
0
0
0
0
0
0
0
0
0
0
0
0
0
0
0
0
0
0
0
0
0
0
0
0
0
0
0
0
0
0
0
0
0
0
0
0
0
0
0
0
0
0
0
0
0
0
0
0
0
0
0
0
0
0
0
0
0
0
0
0
0
0
0
0
0
0
0
0
0
0
0
0
0
0
0
0
0
0
0
0
0
0
0
0
0
0
0
0
0
0
0
0
0
0
0
0
0
0
0
0
0
0
0
0
0
0
0
0
0
0
0
0
0
0
0
0
0
0
0
0
0
0
0
0
0
0
0
0
0
0
0
0
0
0
0
0
0
0
0
0
0
0
0
0
0
0
0
0
0
0
0
0
0
0
0
0
0
0
0
0
0
0
0
0
0
0
0
0
0
0
0
0
0
0
0
0
0
0
0
0
0
0
0
0
0
0
0
0
0
0
0
0
0
0
0
0
0
0
0
0
0
0
0
0
0
0
0
0
0
0
0
0
0
0
0
0
0
0
0
0
0
0
0
0
0
0
0
0
0
0
0
0
0
0
0
0
0
0
0
0
0
0
0
0
0
0
0
0
0
0
0
0
0
0
0
0
0
0
0
0
0
0
0
0
0
0
0
0
0
0
0
0
0
0
0
0
0
0
0
0
0
0
0
0
0
0
0
0
0
0
0
0
0
0
0
0
0
0
0
0
0
0
0
0
0
0
0
0
0
0
0
0
0
0
0
0
0
0
0
0
0
0
0
0
0
0
0
0
0
0
0
0
0
0
0
0
0
0
0
0
0
0
0
0
0
0
0
0
0
0
0
0
0
0
0
0
0
0
0
0
0
0
0
0
0
0
0
0
0
0
0
0
0
0
0
0
0
0
0
0
0
0
0
0
0
0
0
0
0
0
0
0
0
0
0
0
0
0
0
0
0
0
0
0
0
0
0
0
0
0
0
0
0
0
0
0
0
0
0
0
0
0
0
0
0
0
0
0
0
0
0
0
0
0
0
0
0
0
0
0
0
0
0
0
0
0
0
0
0
0
0
0
0
0
0
0
0
0
0
0
0
0
0
0
0
0
0
0
0
0
0
0
0
0
0
0
0
0
0
0
0
0
0
0
0
0
0
0
0
0
0
0
0
0
0
0
0
0
0
0
0
0
0
0
0
0
0
0
0
0
0
0
0
0
0
0
0
0
0
0
0
0
0
0
0
0
0
0
0
0
0
0
0
0
0
0
0
0
0
0
0
0
0
0
0
0
0
0
0
0
0
0
0
0
0
0
0
0
0
0
0
0
0
0
0
0
0
0
0
0
0
0
0
0
0
0
0
0
0
0
0
0
0
0
0
0
0
0
0
0
0
0
0
0
0
0
0
0
0
0
0
0
0
0
0
0
0
0
0
0
0
0
0
0
0
0
0
0
0
0
0
0
0
0
0
0
0
0
0
0
0
0
0
0
0
0
0
0
0
0
0
0
0
0
0
0
0
0
0
0
0
0
0
0
0
0
0
0
0
0
0
0
0
0
0
0
0
0
0
0
0
0
0
0
0
0
0
0
0
0
0
0
0
0
0
0
0
0
0
0
0
0
0
0
0
0
0
0
0
0
0
0
0
0
0
0
0
0
0
0
0
0
0
0
0
0
0
0
0
0
0
0
0
0
0
0
0
0
0
0
0
0
0
0
0
0
0
0
0
0
0
0
0
0
0
0
0
0
0
0
0
0
0
0
0
0
0
0
0
0
0
0
0
0
0
0
0
0
0
0
0
0
0
0
0
0
0
0
0
0
0
0
0
0
0
0
0
0
0
0
0
0
0
0
0
0
0
0
0
0
0
0
0
0
0
0
0
0
0
0
0
0
0
0
0
0
0
0
0
0
0
0
0
0
0
0
0
0
0
0
0
0
0
0
0
0
0
0
0
0
0
0
0
0
0
0
0
0
0
0
0
0
0
0
0
0
0
0
0
0
0
0
0
0
0
0
0
0
0
0
0
0
0
0
0
0
0
0
0
0
0
0
0
0
0
0
0
0
0
0
0
0
0
0
0
0
0
0
0
0
0
0
0
0
0
0
0
0
0
0
0
0
0
0
0
0
0
0
0
0
0
0
0
0
0
0
0
0
0
0
0
0
0
0
0
0
0
0
0
0
0
0
0
0
0
0
0
0
0
0
0
0
0
0
0
0
0
0
0
0
0
0
0
0
0
0
0
0
0
0
0
0
0
0
0
0
0
0
0
0
0
0
0
0
0
0
0
0
0
0
0
0
0
0
0
0
0
0
0
0
0
0
0
0
0
0
0
0
0
0
0
0
0
0
0
0
0
0
0
0
0
0
0
0
0
0
0
0
0
0
0
0
0
0
0
0
0
0
0
0
0
0
0
0
0
0
0
0
0
0
0
0
0
0
0
0
0
0
0
0
0
0
0
0
0
0
0
0
0
0
0
0
0
0
0
0
0
0
0
0
0
0
0
0
0
0
0
0
0
0
0
0
0
0
0
0
0
0
0
0
0
0
0
0
0
0
0
0
0
0
0
0
0
0
0
0
0
0
0
0
0
0
0
0
0
0
0
0
0
0
0
0
0
0
0
0
0
0
0
0
0
0
0
0
0
0
0
0
0
0
0
0
0
0
0
0
0
0
0
0
0
0
0
0
0
0
0
0
0
0
0
0
0
0
0
0
0
0
0
0
0
0
0
0
0
0
0
0
0
0
0
0
0
0
0
0
0
0
0
0
0
0
0
0
0
0
0
0
0
0
0
0
0
0
0
0
0
0
0
0
0
0
0
0
0
0
0
0
0
0
0
0
0
0
0
0
0
0
0
0
0
0
0
0
0
0
0
0
0
0
0
0
0
0
0
0
0
0
0
0
0
0
0
0
0
0
0
0
0
0
0
0
0
0
0
0
0
0
0
0
0
0
0
0
0
0
0
0
0
0
0
0
0
0
0
0
0
0
0
0
0
0
0
0
0
0
0
0
0
0
0
0
0
0
0
0
0
0
0
0
0
0
0
0
0
0
0
0
0
0
0
0
0
0
0
0
0
0
0
0
0
0
0
0
0
0
0
0
0
0
0
0
0
0
0
0
0
0
0
0
0
0
0
0
0
0
0
0
0
0
0
0
0
0
0
0
0
0
0
0
0
0
0
0
0
0
0
0
0
0
0
0
0
0
0
0
0
0
0
0
0
0
0
0
0
0
0
0
0
0
0
0
0
0
0
0
0
0
0
0
0
0
0
0
0
0
0
0
0
0
0
0
0
0
0
0
0
0
0
0
0
0
0
0
0
0
0
0
0
0
0
0
0
0
0
0
0
0
0
0
0
0
0
0
0
0
0
0
0
0
0
0
0
0
0
0
0
0
0
0
0
0
0
0
0
0
0
0
0
0
0
0
0
0
0
0
0
0
0
0
0
0
0
0
0
0
0
0
0
0
0
0
0
0
0
0
0
0
0
0
0
0
0
0
0
0
0
0
0
0
0
0
0
0
0
0
0
0
0
0
0
0
0
0
0
0
0
0
0
0
0
0
0
0
0
0
0
0
0
0
0
0
0
0
0
0
0
0
0
0
0
0
0
0
0
0
0
0
0
0
0
0
0
0
0
0
0
0
0
0
0
0
0
0
0
0
0
0
0
0
0
0
0
0
0
0
0
0
0
0
0
0
0
0
0
0
0
0
0
0
0
0
0
0
0
0
0
0
0
0
0
0
0
0
0
0
0
0
0
0
0
0
0
0
0
0
0
0
0
0
0
0
0
0
0
0
0
0
0
0
0
0
0
0
0
0
0
0
0
0
0
0
0
0
0
0
0
0
0
0
0
0
0
0
0
0
0
0
0
0
0
0
0
0
0
0
0
0
0
0
0
0
0
0
0
0
0
0
0
0
0
0
0
0
0
0
0
0
0
0
0
0
0
0
0
0
0
0
0
0
0
0
0
0
0
0
0
0
0
0
0
0
0
0
0
0
0
0
0
0
0
0
0
0
0
0
0
0
0
0
0
0
0
0
0
0
0
0
0
0
0
0
0
0
0
0
0
0
0
0
0
0
0
0
0
0
0
0
0
0
0
0
0
0
0
0
0
0
0
0
0
0
0
0
0
0
0
0
0
0
0
0
0
0
0
0
0
0
0
0
0
0
0
0
0
0
0
0
0
0
0
0
0
0
0
0
0
0
0
0
0
0
0
0
0
0
0
0
0
0
0
0
0
0
0
0
0
0
0
0
0
0
0
0
0
0
0
0
0
0
0
0
0
0
0
0
0
0
0
0
0
0
0
0
0
0
0
0
0
0
0
0
0
0
0
0
0
0
0
0
0
0
0
0
0
0
0
0
0
0
0
0
0
0
0
0
0
0
0
0
0
0
0
0
0
0
0
0
0
0
0
0
0
0
0
0
0
0
0
0
0
0
0
0
0
0
0
0
0
0
0
0
0
0
0
0
0
0
0
0
0
0
0
0
0
0
0
0
0
0
0
0
0
0
0
0
0
0
0
0
0
0
0
0
0
0
0
0
0
0
0
0
0
0
0
0
0
0
0
0
0
0
0
0
0
0
0
0
0
0
0
0
0
0
0
0
0
0
0
0
0
0
0
0
0
0
0
0
0
0
0
0
0
0
0
0
0
0
0
0
0
0
0
0
0
0
0
0
0
0
0
0
0
0
0
0
0
0
0
0
0
0
0
0
0
0
0
0
0
0
0
0
0
0
0
0
0
0
0
0
0
0
0
0
0
0
0
0
0
0
0
0
0
0
0
0
0
0
0
0
0
0
0
0
0
0
0
0
0
0
0
0
0
0
0
0
0
0
0
0
0
0
0
0
0
0
0
0
0
0
0
0
0
0
0
0
0
0
0
0
0
0
0
0
0
0
0
0
0
0
0
0
0
0
0
0
0
0
0
0
0
0
0
0
0
0
0
0
0
0
0
0
0
0
0
0
0
0
0
0
0
0
0
0
0
0
0
0
0
0
0
0
0
0
0
0
0
0
0
0
0
0
0
0
0
0
0
0
0
0
0
0
0
0
0
0
0
0
0
0
0
0
0
0
0
0
0
0
0
0
0
0
0
0
0
0
0
0
0
0
0
0
0
0
0
0
0
0
0
0
0
0
0
0
0
0
0
0
0
0
0
0
0
0
0
0
0
0
0
0
0
0
0
0
0
0
0
0
0
0
0
0
0
0
0
0
0
0
0
0
0
0
0
0
0
0
0
0
0
0
0
0
0
0
0
0
0
0
0
0
0
0
0
0
0
0
0
0
0
0
0
0
0
0
0
0
0
0
0
0
0
0
0
0
0
0
0
0
0
0
0
0
0
0
0
0
0
0
0
0
0
0
0
0
0
0
0
0
0
0
0
0
0
0
0
0
0
0
0
0
0
0
0
0
0
0
0
0
0
0
0
0
0
0
0
0
0
0
0
0
0
0
0
0
0
0
0
0
0
0
0
0
0
0
0
0
0
0
0
0
0
0
0
0
0
0
0
0
0
0
0
0
0
0
0
0
0
0
0
0
0
0
0
0
0
0
0
0
0
0
0
0
0
0
0
0
0
0
0
0
0
0
0
0
0
0
0
0
0
0
0
0
0
0
0
0
0
0
0
0
0
0
0
0
0
0
0
0
0
0
0
0
0
0
0
0
0
0
0
0
0
0
0
0
0
0
0
0
0
0
0
0
0
0
0
0
0
0
0
0
0
0
0
0
0
0
0
0
0
0
0
0
0
0
0
0
0
0
0
0
0
0
0
0
0
0
0
0
0
0
0
0
0
0
0
0
0
0
0
0
0
0
0
0
0
0
0
0
0
0
0
0
0
0
0
0
0
0
0
0
0
0
0
0
0
0
0
0
0
0
0
0
0
0
0
0
0
0
0
0
0
0
0
0
0
0
0
0
0
0
0
0
0
0
0
0
0
0
0
0
0
0
0
0
0
0
0
0
0
0
0
0
0
0
0
0
0
0
0
0
0
0
0
0
0
0
0
0
0
0
0
0
0
0
0
0
0
0
0
0
0
0
0
0
0
0
0
0
0
0
0
0
0
0
0
0
0
0
0
0
0
0
0
0
0
0
0
0
0
0
0
0
0
0
0
0
0
0
0
0
0
0
0
0
0
0
0
0
0
0
0
0
0
0
0
0
0
0
0
0
0
0
0
0
0
0
0
0
0
0
0
0
0
0
0
0
0
0
0
0
0
0
0
0
0
0
0
0
0
0
0
0
0
0
0
0
0
0
0
0
0
0
0
0
0
0
0
0
0
0
0
0
0
0
0
0
0
0
0
0
0
0
0
0
0
0
0
0
0
0
0
0
0
0
0
0
0
0
0
0
0
0
0
0
0
0
0
0
0
0
0
0
0
0
0
0
0
0
0
0
0
0
0
0
0
0
0
0
0
0
0
0
0
0
0
0
0
0
0
0
0
0
0
0
0
0
0
0
0
0
0
0
0
0
0
0
0
0
0
0
0
0
0
0
0
0
0
0
0
0
0
0
0
0
0
0
0
0
0
0
0
0
0
0
0
0
0
0
0
0
0
0
0
0
0
0
0
0
0
0
0
0
0
0
0
0
0
0
0
0
0
0
0
0
0
0
0
0
0
0
0
0
0
0
0
0
0
0
0
0
0
0
0
0
0
0
0
0
0
0
0
0
0
0
0
0
0
0
0
0
0
0
0
0
0
0
0
0
0
0
0
0
0
0
0
0
0
0
0
0
0
0
0
0
0
0
0
0
0
0
0
0
0
0
0
0
0
0
0
0
0
0
0
0
0
0
0
0
0
0
0
0
0
0
0
0
0
0
0
0
0
0
0
0
0
0
0
0
0
0
0
0
0
0
0
0
0
0
0
0
0
0
0
0
0
0
0
0
0
0
0
0
0
0
0
0
0
0
0
0
0
0
0
0
0
0
0
0
0
0
0
0
0
0
0
0
0
0
0
0
0
0
0
0
0
0
0
0
0
0
0
0
0
0
0
0
0
0
0
0
0
0
0
0
0
0
0
0
0
0
0
0
0
0
0
0
0
0
0
0
0
0
0
0
0
0
0
0
0
0
0
0
0
0
0
0
0
0
0
0
0
0
0
0
0
0
0
0
0
0
0
0
0
0
0
0
0
0
0
0
0
0
0
0
0
0
0
0
0
0
0
0
0
0
0
0
0
0
0
0
0
0
0
0
0
0
0
0
0
0
0
0
0
0
0
0
0
0
0
0
0
0
0
0
0
0
0
0
0
0
0
0
0
0
0
0
0
0
0
0
0
0
0
0
0
0
0
0
0
0
0
0
0
0
0
0
0
0
0
0
0
0
0
0
0
0
0
0
0
0
0
0
0
0
0
0
0
0
0
0
0
0
0
0
0
0
0
0
0
0
0
0
0
0
0
0
0
0
0
0
0
0
0
0
0
0
0
0
0
0
0
0
0
0
0
0
0
0
0
0
0
0
0
0
0
0
0
0
0
0
0
0
0
0
0
0
0
0
0
0
0
0
0
0
0
0
0
0
0
0
0
0
0
0
0
0
0
0
0
0
0
0
0
0
0
0
0
0
0
0
0
0
0
0
0
0
0
0
0
0
0
0
0
0
0
0
0
0
0
0
0
0
0
0
0
0
0
0
0
0
0
0
0
0
0
0
0
0
0
0
0
0
0
0
0
0
0
0
0
0
0
0
0
0
0
0
0
0
0
0
0
0
0
0
0
0
0
0
0
0
0
0
0
0
0
0
0
0
0
0
0
0
0
0
0
0
0
0
0
0
0
0
0
0
0
0
0
0
0
0
0
0
0
0
0
0
0
0
0
0
0
0
0
0
0
0
0
0
0
0
0
0
0
0
0
0
0
0
0
0
0
0
0
0
0
0
0
0
0
0
0
0
0
0
0
0
0
0
0
0
0
0
0
0
0
0
0
0
0
0
0
0
0
0
0
0
0
0
0
0
0
0
0
0
0
0
0
0
0
0
0
0
0
0
0
0
0
0
0
0
0
0
0
0
0
0
0
0
0
0
0
0
0
0
0
0
0
0
0
0
0
0
0
0
0
0
0
0
0
0
0
0
0
0
0
0
0
0
0
0
0
0
0
0
0
0
0
0
0
0
0
0
0
0
0
0
0
0
0
0
0
0
0
0
0
0
0
0
0
0
0
0
0
0
0
0
0
0
0
0
0
0
0
0
0
0
0
0
0
0
0
0
0
0
0
0
0
0
0
0
0
0
0
0
0
0
0
0
0
0
0
0
0
0
0
0
0
0
0
0
0
0
0
0
0
0
0
0
0
0
0
0
0
0
0
0
0
0
0
0
0
0
0
0
0
0
0
0
0
0
0
0
0
0
0
0
0
0
0
0
0
0
0
0
0
0
0
0
0
0
0
0
0
0
0
0
0
0
0
0
0
0
0
0
0
0
0
0
0
0
0
0
0
0
0
0
0
0
0
0
0
0
0
0
0
0
0
0
0
0
0
0
0
0
0
0
0
0
0
0
0
0
0
0
0
0
0
0
0
0
0
0
0
0
0
0
0
0
0
0
0
0
0
0
0
0
0
0
0
0
0
0
0
0
0
0
0
0
0
0
0
0
0
0
0
0
0
0
0
0
0
0
0
0
0
0
0
0
0
0
0
0
0
0
0
0
0
0
0
0
0
0
0
0
0
0
0
0
0
0
0
0
0
0
0
0
0
0
0
0
0
0
0
0
0
0
0
0
0
0
0
0
0
0
0
0
0
0
0
0
0
0
0
0
0
0
0
0
0
0
0
0
0
0
0
0
0
0
0
0
0
0
0
0
0
0
0
0
0
0
0
0
0
0
0
0
0
0
0
0
0
0
0
0
0
0
0
0
0
0
0
0
0
0
0
0
0
0
0
0
0
0
0
0
0
0
0
0
0
0
0
0
0
0
0
0
0
0
0
0
0
0
0
0
0
0
0
0
0
0
0
0
0
0
0
0
0
0
0
0
0
0
0
0
0
0
0
0
0
0
0
0
0
0
0
0
0
0
0
0
0
0
0
0
0
0
0
0
0
0
0
0
0
0
0
0
0
0
0
0
0
0
0
0
0
0
0
0
0
0
0
0
0
0
0
0
0
0
0
0
0
0
0
0
0
0
0
0
0
0
0
0
0
0
0
0
0
0
0
0
0
0
0
0
0
0
0
0
0
0
0
0
0
0
0
0
0
0
0
0
0
0
0
0
0
0
0
0
0
0
0
0
0
0
0
0
0
0
0
0
0
0
0
0
0
0
0
0
0
0
0
0
0
0
0
0
0
0
0
0
0
0
0
0
0
0
0
0
0
0
0
0
0
0
0
0
0
0
0
0
0
0
0
0
0
0
0
0
0
0
0
0
0
0
0
0
0
0
0
0
0
0
0
0
0
0
0
0
0
0
0
0
0
0
0
0
0
0
0
0
0
0
0
0
0
0
0
0
0
0
0
0
0
0
0
0
0
0
0
0
0
0
0
0
0
0
0
0
0
0
0
0
0
0
0
0
0
0
0
0
0
0
0
0
0
0
0
0
0
0
0
0
0
0
0
0
0
0
0
0
0
0
0
0
0
0
0
0
0
0
0
0
0
0
0
0
0
0
0
0
0
0
0
0
0
0
0
0
0
0
0
0
0
0
0
0
0
0
0
0
0
0
0
0
0
0
0
0
0
0
0
0
0
0
0
0
0
0
0
0
0
0
0
0
0
0
0
0
0
0
0
0
0
0
0
0
0
0
0
0
0
0
0
0
0
0
0
0
0
0
0
0
0
0
0
0
0
0
0
0
0
0
0
0
0
0
0
0
0
0
0
0
0
0
0
0
0
0
0
0
0
0
0
0
0
0
0
0
0
0
0
0
0
0
0
0
0
0
0
0
0
0
0
0
0
0
0
0
0
0
0
0
0
0
0
0
0
0
0
0
0
0
0
0
0
0
0
0
0
0
0
0
0
0
0
0
0
0
0
0
0
0
0
0
0
0
0
0
0
0
0
0
0
0
0
0
0
0
0
0
0
0
0
0
0
0
0
0
0
0
0
0
0
0
0
0
0
0
0
0
0
0
0
0
0
0
0
0
0
0
0
0
0
0
0
0
0
0
0
0
0
0
0
0
0
0
0
0
0
0
0
0
0
0
0
0
0
0
0
0
0
0
0
0
0
0
0
0
0
0
0
0
0
0
0
0
0
0
0
0
0
0
0
0
0
0
0
0
0
0
0
0
0
0
0
0
0
0
0
0
0
0
0
0
0
0
0
0
0
0
0
0
0
0
0
0
0
0
0
0
0
0
0
0
0
0
0
0
0
0
0
0
0
0
0
0
0
0
0
0
0
0
0
0
0
0
0
0
0
0
0
0
0
0
0
0
0
0
0
0
0
0
0
0
0
0
0
0
0
0
0
0
0
0
0
0
0
0
0
0
0
0
0
0
0
0
0
0
0
0
0
0
0
0
0
0
0
0
0
0
0
0
0
0
0
0
0
0
0
0
0
0
0
0
0
0
0
0
0
0
0
0
0
0
0
0
0
0
0
0
0
0
0
0
0
0
0
0
0
0
0
0
0
0
0
0
0
0
0
0
0
0
0
0
0
0
0
0
0
0
0
0
0
0
0
0
0
0
0
0
0
0
0
0
0
0
0
0
0
0
0
0
0
0
0
0
0
0
0
0
0
0
0
0
0
0
0
0
0
0
0
0
0
0
0
0
0
0
0
0
0
0
0
0
0
0
0
0
0
0
0
0
0
0
0
0
0
0
0
0
0
0
0
0
0
0
0
0
0
0
0
0
0
0
0
0
0
0
0
0
0
0
0
0
0
0
0
0
0
0
0
0
0
0
0
0
0
0
0
0
0
0
0
0
0
0
0
0
0
0
0
0
0
0
0
0
0
0
0
0
0
0
0
0
0
0
0
0
0
0
0
0
0
0
0
0
0
0
0
0
0
0
0
0
0
0
0
0
0
0
0
0
0
0
0
0
0
0
0
0
0
0
0
0
0
0
0
0
0
0
0
0
0
0
0
0
0
0
0
0
0
0
0
0
0
0
0
0
0
0
0
0
0
0
0
0
0
0
0
0
0
0
0
0
0
0
0
0
0
0
0
0
0
0
0
0
0
0
0
0
0
0
0
0
0
0
0
0
0
0
0
0
0
0
0
0
0
0
0
0
0
0
0
0
0
0
0
0
0
0
0
0
0
0
0
0
0
0
0
0
0
0
0
0
0
0
0
0
0
0
0
0
0
0
0
0
0
0
0
0
0
0
0
0
0
0
0
0
0
0
0
0
0
0
0
0
0
0
0
0
0
0
0
0
0
0
0
0
0
0
0
0
0
0
0
0
0
0
0
0
0
0
0
0
0
0
0
0
0
0
0
0
0
0
0
0
0
0
0
0
0
0
0
0
0
0
0
0
0
0
0
0
0
0
0
0
0
0
0
0
0
0
0
0
0
0
0
0
0
0
0
0
0
0
0
0
0
0
0
0
0
0
0
0
0
0
0
0
0
0
0
0
0
0
0
0
0
0
0
0
0
0
0
0
0
0
0
0
0
0
0
0
0
0
0
0
0
0
0
0
0
0
0
0
0
0
0
0
0
0
0
0
0
0
0
0
0
0
0
0
0
0
0
0
0
0
0
0
0
0
0
0
0
0
0
0
0
0
0
0
0
0
0
0
0
0
0
0
0
0
0
0
0
0
0
0
0
0
0
0
0
0
0
0
0
0
0
0
0
0
0
0
0
0
0
0
0
0
0
0
0
0
0
0
0
0
0
0
0
0
0
0
0
0
0
0
0
0
0
0
0
0
0
0
0
0
0
0
0
0
0
0
0
0
0
0
0
0
0
0
0
0
0
0
0
0
0
0
0
0
0
0
0
0
0
0
0
0
0
0
0
0
0
0
0
0
0
0
0
0
0
0
0
0
0
0
0
0
0
0
0
0
0
0
0
0
0
0
0
0
0
0
0
0
0
0
0
0
0
0
0
0
0
0
0
0
0
0
0
0
0
0
0
0
0
0
0
0
0
0
0
0
0
0
0
0
0
0
0
0
0
0
0
0
0
0
0
0
0
0
0
0
0
0
0
0
0
0
0
0
0
0
0
0
0
0
0
0
0
0
0
0
0
0
0
0
0
0
0
0
0
0
0
0
0
0
0
0
0
0
0
0
0
0
0
0
0
0
0
0
0
0
0
0
0
0
0
0
0
0
0
0
0
0
0
0
0
0
0
0
0
0
0
0
0
0
0
0
0
0
0
0
0
0
0
0
0
0
0
0
0
0
0
0
0
0
0
0
0
0
0
0
0
0
0
0
0
0
0
0
0
0
0
0
0
0
0
0
0
0
0
0
0
0
0
0
0
0
0
0
0
0
0
0
0
0
0
0
0
0
0
0
0
0
0
0
0
0
0
0
0
0
0
0
0
0
0
0
0
0
0
0
0
0
0
0
0
0
0
0
0
0
0
0
0
0
0
0
0
0
0
0
0
0
0
0
0
0
0
0
0
0
0
0
0
0
0
0
0
0
0
0
0
0
0
0
0
0
0
0
0
0
0
0
0
0
0
0
0
0
0
0
0
0
0
0
0
0
0
0
0
0
0
0
0
0
0
0
0
0
0
0
0
0
0
0
0
0
0
0
0
0
0
0
0
0
0
0
0
0
0
0
0
0
0
0
0
0
0
0
0
0
0
0
0
0
0
0
0
0
0
0
0
0
0
0
0
0
0
0
0
0
0
0
0
0
0
0
0
0
0
0
0
0
0
0
0
0
0
0
0
0
0
0
0
0
0
0
0
0
0
0
0
0
0
0
0
0
0
0
0
0
0
0
0
0
0
0
0
0
0
0
0
0
0
0
0
0
0
0
0
0
0
0
0
0
0
0
0
0
0
0
0
0
0
0
0
0
0
0
0
0
0
0
0
0
0
0
0
0
0
0
0
0
0
0
0
0
0
0
0
0
0
0
0
0
0
0
0
0
0
0
0
0
0
0
0
0
0
0
0
0
0
0
0
0
0
0
0
0
0
0
0
0
0
0
0
0
0
0
0
0
0
0
0
0
0
0
0
0
0
0
0
0
0
0
0
0
0
0
0
0
0
0
0
0
0
0
0
0
0
0
0
0
0
0
0
0
0
0
0
0
0
0
0
0
0
0
0
0
0
0
0
0
0
0
0
0
0
0
0
0
0
0
0
0
0
0
0
0
0
0
0
0
0
0
0
0
0
0
0
0
0
0
0
0
0
0
0
0
0
0
0
0
0
0
0
0
0
0
0
0
0
0
0
0
0
0
0
0
0
0
0
0
0
0
0
0
0
0
0
0
0
0
0
0
0
0
0
0
0
0
0
0
0
0
0
0
0
0
0
0
0
0
0
0
0
0
0
0
0
0
0
0
0
0
0
0
0
0
0
0
0
0
0
0
0
0
0
0
0
0
0
0
0
0
