31
-568
-2998
3144
-2033
-1651
-1846
-74
101
-3810
3679
-2793
-2720
-2388
31
408
-195
-362
-2601
-1879
-1944
-1803
-14837
-325
880
-3273
-2507
-3098
-2911
-15052
-51
1285
-62
-1319
-1619
1480
-1448
-1462
-1315
-74
-280
-3178
686
-2349
-3274
-1081
-67
80
-125
292
-1443
-1672
-1214
-1110
-17240
-208
-541
-3202
-3341
-2936
-2981
-13225
-123
-385
-111
-554
-2034
1895
-2393
-1281
-1421
-77
-517
-2657
1967
-1888
-2356
-929
56
-394
-73
189
-780
-2018
-1519
-1307
-14281
-184
-99
-2099
-2746
-3575
-2432
-15472
-124
51
-213
-119
-2460
3209
-3084
-1713
-1692
-157
-341
-3524
3208
-2411
-3111
-1716
-55
44
-79
-497
-1690
-2341
-1797
-1628
-14844
-230
156
-3094
-3104
-4302
-3053
-14895
-93
465
-276
-402
-1878
1406
-2381
-1718
-1982
-190
125
-2695
187
-1306
-2869
-1140
2
536
-118
-41
-1372
-2680
-2301
-1847
-13338
-249
121
-2697
-2306
-4563
-3289
-13792
-73
72
-277
-536
-1780
343
197
-1855
-1842
-262
200
-2548
-1020
37
-2686
-1848
100
994
-118
654
-1424
-2291
-3014
-1730
-15440
-88
654
-1890
-1723
-4023
-2808
-16052
-87
1244
-213
-701
-2568
241
556
-1896
-1865
-236
175
-3521
-805
-930
-2840
-2400
68
836
-88
12
-907
-2593
-3077
-1705
-15628
-27
-244
-850
-2263
-4160
-3090
-15099
-71
-228
-157
-728
-2513
-56
-1699
-1923
-1775
-220
-179
-3427
-581
-1938
-2761
-1774
-1
67
-59
-558
-165
-2272
-1413
-1601
-14307
-208
-857
-370
-2312
-3333
-3141
-13819
-38
-1192
-158
515
-1842
638
-1024
-1650
-1616
-251
197
-2778
276
-2021
-2101
245
-109
737
-32
366
-990
-1559
-1231
-1566
-17766
-84
687
-2490
-1393
-1739
-2160
-19407
73
300
-557
1900
-2387
1271
-2175
-2330
-1887
-412
1519
-3045
929
-3548
-2796
-1158
-281
2545
69
1084
-1414
-1894
-1384
-1975
-16379
-8
-721
-3010
-2037
-1515
-2712
-17241
217
-352
-655
2577
-1841
821
-2535
-1789
-1492
-517
2982
-2347
1144
-3158
-2824
-898
-218
3991
181
1188
-691
-1169
-1780
-1620
-21229
131
-351
-2778
-2919
-2755
-3110
-20992
199
-60
-350
2688
-2347
1393
-2290
-2239
-2050
-359
2401
-3220
692
-2062
-3457
-672
-89
3100
-11
-447
-1813
-1605
-2293
-1988
-20399
121
-1036
-4379
-3202
-4452
-3742
-18930
187
-1005
-125
2261
-2550
795
225
-1993
-1994
-223
1559
-3039
-226
-360
-2737
-793
81
1105
-69
-581
-2209
-2103
-3502
-1919
-24908
-131
-706
-3567
-2155
-4342
-3058
-25771
-91
-805
-273
1256
-2086
-2309
3019
-2270
-2270
-287
1566
-3251
-3676
1543
-3154
-2528
6
633
-11
182
-1944
-2698
-3846
-2102
-17037
-5
187
-2421
-2481
-2880
-3146
-14811
18
1078
-453
125
-2866
-769
3076
-1317
-1806
-373
219
-3502
-2437
665
-2136
-1469
-208
576
34
20
-2881
-2221
-2936
-1547
-15931
100
-524
-3441
-1528
-1457
-2487
-15662
212
49
-433
-6
-2330
1378
480
-1680
-1995
-369
267
-3140
-300
496
-2838
-2191
-143
462
84
-1168
-2955
-1948
-3292
-1847
-17326
-1
-1294
-4035
-1699
-3789
-3401
-15369
153
-1899
-26
1204
-2512
-2647
-2790
-3690
-4041
-100
1049
-1649
-1618
-3228
-3098
-1079
-93
1209
-51
2067
-2031
-3964
-1124
-3931
-19897
-117
626
-3520
-745
-3029
-3466
-28256
62
244
-447
1533
-1692
-1759
-2377
-2451
-2134
-325
693
-3300
-2017
-4406
-4794
-636
-334
-262
76
1157
-1406
-2338
1236
-2228
-24670
77
68
-3776
-3034
-2756
-3617
-18142
245
1571
-555
1357
-3860
-2057
-4882
-5329
-4139
-381
130
-5690
-137
-5921
-6210
-2973
-83
-206
93
886
-1376
-3762
-483
-4264
-21477
87
568
-2762
-4818
-4783
-5792
-19396
288
1521
-342
1104
-4636
-2704
-5192
-6234
-4897
-192
1167
-6119
-2510
-6156
-7160
-2162
73
443
-15
-104
-3368
-3112
337
-4792
-21993
163
378
-4221
-5646
-4846
-7154
-17200
246
139
-88
2378
-6174
-4380
-3356
-5349
-4690
-149
2953
-7057
-4734
-3485
-5524
-2383
190
1453
57
-1344
-860
-2178
-1271
-4453
-19448
-10
-691
-291
-3697
-4012
-5900
-18841
35
-533
-71
1409
-4987
-4922
1504
-5420
-4884
-180
963
-4692
-3679
119
-3759
-2767
159
323
37
-2176
-2256
-4086
-3894
-4622
-14174
-114
-2650
-2442
-2946
-3032
-3356
-20931
-67
-1461
-431
397
-2639
-1488
2273
-1689
-1715
-287
-292
-4428
-2539
-363
-3476
-1117
-240
-1044
55
-274
-2408
-2094
-1430
-1468
-19291
-78
-550
-4460
-2590
-1043
-3003
-14756
171
109
-354
-108
-3055
-355
1147
-2120
-2520
-220
-131
-3539
-1315
412
-2869
-1136
40
-1341
-145
-590
-2687
-2609
-2570
-2355
-15290
-215
-596
-3898
-1794
-2452
-3221
-16072
-25
-1151
193
1059
-2835
-1911
-5035
-2115
-3853
19
-174
-2255
70
-4112
-2675
-1923
20
-519
-158
2094
-4101
-3666
1134
-3901
-21434
-159
1360
-4820
-1051
-1819
-3280
-28406
41
1200
50
955
-2416
-2907
-4479
-1378
-3143
-257
317
-2383
-1491
-4404
-2942
-1535
-146
-244
101
826
-2767
-2640
1558
-3121
-18738
-17
-1719
-3934
-2113
-1684
-2881
-20151
87
-973
205
2848
-4294
-3387
-4154
-3912
-3452
-166
719
-5185
-839
-3975
-4822
-3657
-50
464
407
1694
-2535
2168
-2437
-3509
-24748
75
1563
-2824
-2958
-4144
-4766
-22463
158
2058
233
4671
-7378
-3024
-8469
-7769
-6262
10
913
-7669
-768
-5893
-7334
-6723
125
681
261
-1571
-6485
2747
-1327
-6075
-22952
160
1948
-5505
-4579
-3637
-8005
-19809
166
1792
203
1147
-6859
-4361
-5617
-6855
-5391
-27
216
-7239
-4714
-4099
-6582
-3799
55
256
28
-2307
-3690
1809
-1284
-5042
-20236
183
-1123
-3202
-3378
-3517
-6922
-16689
52
-730
101
1212
-3844
-3817
216
-3730
-3520
-181
-1012
-4294
-3135
-420
-4271
-3669
-64
-154
-9
-1756
-3941
-478
-3109
-3220
-21949
-159
-2826
-4016
-2612
-3257
-3696
-19877
-46
-2161
-176
1043
-2403
-2815
737
-2250
-2585
-186
199
-2743
-2819
-1052
-3034
-2834
-122
415
-110
-434
-2633
-1948
-1843
-2323
-12045
-145
-380
-2801
-2528
-1363
-2652
-11086
119
547
-84
393
-2756
-657
299
-2018
-2259
-104
-148
-4030
-753
-469
-3306
-2132
109
-402
-177
-1638
-2167
-1536
-2302
-2133
-18796
-415
-960
-2639
-2166
-3481
-3375
-16491
-121
-1147
220
-165
-3310
-414
-4711
-1340
-3287
71
220
-3272
805
-4136
-2115
-2253
76
673
-151
1195
-4227
-2119
41
-3414
-12432
-262
1381
-4463
-2299
-1566
-3034
-15568
-12
1388
219
1152
-4435
-4265
-8112
-4167
-5948
-120
2178
-3180
-3434
-7245
-3827
-3632
30
2362
202
3477
-5800
-1833
-638
-5755
-16680
34
1153
-5797
-4562
-3592
-5001
-19624
126
793
573
847
-6299
-5867
-7380
-5769
-5014
-36
1764
-6429
-3557
-5246
-5620
-6392
-60
1920
561
3836
-4679
5574
-2569
-4686
-20540
240
494
-3205
-4480
-3613
-5676
-15337
179
-417
579
625
-7722
-5608
-8405
-5628
-5339
147
-666
-7232
-1446
-3917
-5863
-8564
-48
-545
514
-2199
-5337
7232
-3205
-5087
-19127
349
630
-3301
-5145
-1997
-6245
-15262
166
711
321
-698
-4898
-4350
-3903
-4993
-4339
-153
-2127
-4203
-2128
-2057
-4430
-4629
-142
-2101
196
-5017
-5069
3429
-2927
-4070
-26736
169
-2008
-5273
-3535
-2643
-5104
-26185
112
-1914
265
-57
-2513
-2338
-419
-2109
-2298
53
151
-1634
-1965
200
-2330
-1680
-41
-316
-46
-985
-3051
-78
-2387
-2168
-18370
-194
-1563
-3612
-1877
-2613
-2018
-19904
3
-950
101
732
-2696
-2137
-753
-1309
-2078
-4
428
-2961
-2551
-1480
-2995
-2046
-86
139
-195
-117
-2265
-1266
-657
-1862
-15874
-231
-192
-3246
-2308
-2190
-2739
-11967
-131
913
121
834
-1822
-371
-545
-2298
-2198
-18
718
-3107
-858
-1975
-4410
-2185
22
14
-351
-1546
-2812
-1632
-1291
-2043
-23055
-496
-787
-4245
-2520
-4336
-3938
-16620
-252
-220
-32
258
-3549
-648
-3023
-1378
-2930
-219
691
-4694
-622
-5049
-2764
-3351
-54
755
39
1561
-3078
-890
-1902
-2929
-21542
5
1639
-3207
-2940
-3017
-2856
-17533
96
1303
-131
-191
-7178
-3940
-9418
-6024
-6640
-150
1090
-5733
-2512
-8849
-4001
-5087
74
701
-38
2984
-4661
-1733
-1071
-6358
-19952
247
2373
-4310
-5615
-2475
-4936
-24461
203
1049
227
-2638
-6494
-6694
-9006
-7673
-6849
-63
-669
-5224
-3365
-5416
-4862
-5001
50
236
198
1233
-4232
1039
-1383
-6437
-16280
243
-1194
-3257
-6008
-3752
-4806
-21474
173
-1312
425
-4012
-3799
-5061
-3217
-3552
-3539
38
-2137
-3502
-2187
-1646
-2863
-3178
-66
-1332
313
-1880
-2527
2885
-2701
-3349
-23116
142
-898
-3402
-3962
-2737
-2780
-22649
-46
-1112
382
-667
-1125
-3450
-1942
-2436
-2460
190
-581
-1058
-2044
-2617
-3080
-2112
70
-1042
-171
-588
-2928
-1570
-433
-2525
-16212
-341
247
-5016
-4037
-1483
-2474
-13902
-285
-105
317
-293
-4836
-1304
-2207
-4016
-3946
126
-269
-3886
-282
-3095
-3316
-1627
83
-659
-141
-420
-3016
-4955
-815
-3978
-11418
-394
-380
-4779
-3502
-2967
-2545
-16138
-66
-185
297
501
-4875
130
-1849
-3172
-3532
86
543
-4603
262
-3234
-3433
-1727
119
-366
-202
16
-3393
-4345
-613
-3346
-12775
-324
-125
-4700
-2870
-3524
-2861
-14110
-114
769
212
361
-1759
20
-2242
-3357
-3121
160
488
-1864
24
-3533
-4373
-1845
132
-528
-438
-1584
-4414
-2593
-699
-2967
-18516
-454
-1063
-5960
-2520
-4396
-3676
-16515
-173
-706
-342
-1504
-4327
-2589
-3498
-2153
-3369
-470
-1341
-5725
-3311
-4270
-3429
-4409
-204
-1133
48
1534
787
-1873
-3301
-3255
-20253
69
1484
1144
-3193
-4775
-2924
-17247
98
674
-427
-3410
-6504
-4634
-7575
-5274
-5767
-446
-2960
-6827
-3831
-6048
-4662
-5677
-50
-2793
-28
1548
-112
-2541
-2261
-5466
-17489
328
1101
-1110
-6198
-3473
-4662
-17788
380
-295
-238
-2822
-3780
-6690
-4228
-5790
-5187
-218
-2928
-1794
-4172
-2507
-3171
-3038
-75
-2654
-69
-1078
-2112
-1755
-1241
-4953
-18172
114
-893
-2555
-4200
-2671
-2373
-27987
278
-577
-82
-1156
-1728
-4640
-1496
-3627
-3262
6
253
-1080
-3100
-3116
-3037
-2516
-53
139
-104
-266
-359
-3061
-2166
-3338
-15837
-211
-39
-3158
-3999
-3354
-1255
-17772
-197
55
-145
27
-2439
-1873
-2309
-2349
-2494
-132
576
-3446
-1510
-4920
-3659
-1141
-62
577
-133
-206
-292
-4492
-412
-2604
-18821
-261
-193
-4701
-4790
-3791
-1787
-14496
-248
-193
-157
-427
-3966
-929
-3647
-3142
-3232
-229
-417
-5401
-305
-5538
-4519
-2136
-46
163
-42
-11
-1775
-5469
1282
-3276
-16709
-266
525
-5338
-4810
-3532
-2041
-12010
-86
-18
-76
-713
-3323
-793
-3860
-3153
-3299
-139
-1125
-2826
261
-4170
-3063
-2226
101
-745
-130
-338
-3578
-4565
1847
-3258
-16044
-193
32
-5064
-2947
-2442
-1510
-18070
41
50
-11
-535
-818
-2046
-3475
-3121
-3250
10
-579
791
-1232
-2505
-2782
-1956
38
-634
-363
-1058
-4629
-2260
499
-3105
-10962
-360
-778
-5189
-2109
-2114
-2131
-15442
95
-473
-141
-236
-2464
-1829
9
-1087
-1488
-227
-671
-2808
-2193
-1257
-2364
-2425
-199
-270
-134
568
409
-1090
-1828
-1350
-20286
-140
370
1091
-2308
-3196
-1410
-19995
46
-157
-215
-618
-1921
-2357
-473
-1458
-1445
-169
-413
-1936
-2220
-972
-1864
-2405
-173
-146
-38
568
431
-943
-1228
-1456
-12777
52
159
67
-2111
-2221
-933
-12664
265
117
-445
-555
196
-2392
425
-976
-1231
-317
-458
-183
-3276
-663
-2234
-2116
-317
-250
-39
-465
-1351
-1409
-1793
-1284
-17406
15
506
-1819
-2665
-3606
-1024
-14511
226
726
-536
-585
-539
-2820
131
-1906
-2322
-397
-918
-281
-3127
-1761
-1903
-1400
-249
-725
-77
-268
-2218
-3225
-1975
-2354
-15110
-132
80
-2604
-2799
-4221
-1678
-17165
48
197
-561
-636
-2308
-1243
-525
-2023
-2109
-449
-957
-2415
-1406
-2352
-2040
-391
-257
-881
-12
-623
-1843
-3941
-173
-2118
-13820
17
-582
-3329
-2969
-3346
-2091
-15772
58
-816
-580
-774
-2841
-1401
-603
-1755
-1843
-430
-1063
-3483
-1155
-1752
-2144
-1103
-192
-951
-48
-247
-1027
-3580
438
-1842
-13630
4
-63
-2806
-2794
-2836
-1538
-12663
108
-212
-419
-532
-914
-1821
-1633
-210
-1073
-324
-616
-1218
-2158
-1580
-1327
-825
-114
-607
-168
-914
-1604
-2122
1411
-1145
-15200
-114
-256
-3522
-1863
-1512
-1270
-12309
84
-328
-221
-881
1181
-2568
-1856
-951
-1689
-219
-914
2024
-2500
-1809
-1773
-1595
-53
-625
-312
-715
-3199
-1613
191
-1586
-15605
-320
-1
-4108
-2268
-1725
-1842
-15909
70
225
0
0
0
0
0
0
0
0
0
0
0
-1086
1083
-1374
-214
-833
0
0
0
0
0
0
0
0
0
0
0
-843
-831
-1355
-855
-15900
0
0
0
0
0
0
0
0
0
0
0
-394
527
-250
452
-261
0
0
0
0
0
0
0
0
0
0
0
39
-1131
-1047
-28
-18801
0
0
0
0
0
0
0
0
0
0
0
-1026
410
-1863
1044
-763
0
0
0
0
0
0
0
0
0
0
0
-39
-1660
-1437
-544
-14770
0
0
0
0
0
0
0
0
0
0
0
-1044
1335
-1974
58
-945
0
0
0
0
0
0
0
0
0
0
0
-876
-1192
-1545
-848
-14818
0
0
0
0
0
0
0
0
0
0
0
-883
766
-986
260
-836
0
0
0
0
0
0
0
0
0
0
0
-660
-1488
-1187
-622
-16416
0
0
0
0
0
0
0
0
0
0
0
-947
-282
467
-131
-1127
0
0
0
0
0
0
0
0
0
0
0
-865
-1537
-1869
-903
-17103
0
0
0
0
0
0
0
0
0
0
0
-1226
-637
876
-721
-1486
0
0
0
0
0
0
0
0
0
0
0
-803
-1942
-2749
-1353
-15121
0
0
0
0
0
0
0
0
0
0
0
-792
-819
-824
-551
-1169
0
0
0
0
0
0
0
0
0
0
0
152
-1125
-2143
-1010
-14722
0
0
0
0
0
0
0
0
0
0
0
-441
48
-1305
-868
-997
0
0
0
0
0
0
0
0
0
0
0
-379
-268
-1002
-941
-16965
0
0
0
0
0
0
0
0
0
0
0
-743
355
-1099
-616
-759
0
0
0
0
0
0
0
0
0
0
0
-898
-212
-817
-756
-18889
0
0
0
0
0
0
0
0
0
0
0
-1265
-896
-2844
-871
-1808
0
0
0
0
0
0
0
0
0
0
0
-1431
602
-2068
-1573
-17933
0
0
0
0
0
0
0
0
0
0
0
-1761
-773
-2669
-3238
-3095
0
0
0
0
0
0
0
0
0
0
0
-3388
104
-2656
-2923
-11910
0
0
0
0
0
0
0
0
0
0
0
-1579
-916
-655
-1898
-2580
0
0
0
0
0
0
0
0
0
0
0
-3139
-364
-3673
-2506
-18391
0
0
0
0
0
0
0
0
0
0
0
-1445
-2074
2235
-1154
-1859
0
0
0
0
0
0
0
0
0
0
0
-1807
-1370
-4037
-1754
-16622
0
0
0
0
0
0
0
0
0
0
0
-2060
-1155
2756
-1117
-2051
0
0
0
0
0
0
0
0
0
0
0
-2912
-1194
-4200
-1994
-12602
0
0
0
0
0
0
0
0
0
0
0
-1527
239
601
-1319
-1474
0
0
0
0
0
0
0
0
0
0
0
-1543
-657
-3197
-1486
-16746
0
0
0
0
0
0
0
0
0
0
0
-1412
-2688
-4219
-1781
-3046
0
0
0
0
0
0
0
0
0
0
0
-1032
-3335
-763
-3131
-19549
0
0
0
0
0
0
0
0
0
0
0
-2332
-3694
-3571
-1545
-3120
0
0
0
0
0
0
0
0
0
0
0
-1745
-2565
270
-3075
-14561
0
0
0
0
0
0
0
0
0
0
0
-3051
-3561
-3415
-3185
-3138
0
0
0
0
0
0
0
0
0
0
0
-1274
280
-1554
-2845
-22403
0
0
0
0
0
0
0
0
0
0
0
-3742
-3352
-3773
-5121
-3920
0
0
0
0
0
0
0
0
0
0
0
-2744
749
-2128
-3706
-21223
0
0
0
0
0
0
0
0
0
0
0
-4247
-4965
-3681
-4122
-4326
0
0
0
0
0
0
0
0
0
0
0
-2451
1799
-5147
-4331
-16514
0
0
0
0
0
0
0
0
0
0
0
-2562
-3274
1229
-2921
-2621
0
0
0
0
0
0
0
0
0
0
0
-919
-131
-5189
-2487
-23616
0
0
0
0
0
0
0
0
0
0
0
-1499
-1383
2232
-1448
-1598
0
0
0
0
0
0
0
0
0
0
0
-1438
-1193
-2991
-1523
-17760
0
0
0
0
0
0
0
0
0
0
0
-2070
-1163
931
-2276
-1924
0
0
0
0
0
0
0
0
0
0
0
-861
-1315
-2540
-1770
-15320
0
0
0
0
0
0
0
0
0
0
0
-2594
-2522
-5370
376
-3217
0
0
0
0
0
0
0
0
0
0
0
-2542
-2979
-878
-3173
-20626
0
0
0
0
0
0
0
0
0
0
0
-3560
-3855
-5129
1855
-3274
0
0
0
0
0
0
0
0
0
0
0
-3897
-1204
-1730
-2991
-16674
0
0
0
0
0
0
0
0
0
0
0
-5982
-6778
-6495
-3520
-5600
0
0
0
0
0
0
0
0
0
0
0
-6238
6300
-6706
-5563
-12940
0
0
0
0
0
0
0
0
0
0
0
-7454
-5623
-9347
-7053
-6903
0
0
0
0
0
0
0
0
0
0
0
-8501
8221
-6037
-6855
-17005
0
0
0
0
0
0
0
0
0
0
0
-5792
-5347
-6856
-6335
-5334
0
0
0
0
0
0
0
0
0
0
0
-5584
6724
-5313
-5246
-17217
0
0
0
0
0
0
0
0
0
0
0
-3031
-4023
-1104
-1890
-2899
0
0
0
0
0
0
0
0
0
0
0
-3623
2748
-4946
-2786
-24146
0
0
0
0
0
0
0
0
0
0
0
-1944
-2441
526
-934
-1777
0
0
0
0
0
0
0
0
0
0
0
-2079
-963
-1675
-1760
-13819
0
0
0
0
0
0
0
0
0
0
0
-2204
-1780
-567
-569
-1752
0
0
0
0
0
0
0
0
0
0
0
-995
-562
-2489
-1723
-17607
0
0
0
0
0
0
0
0
0
0
0
-2545
-1526
-4205
-710
-2767
0
0
0
0
0
0
0
0
0
0
0
-3780
-125
-1780
-2801
-12304
0
0
0
0
0
0
0
0
0
0
0
-5659
-3444
-6930
-2178
-4463
0
0
0
0
0
0
0
0
0
0
0
-6191
2670
-2975
-4526
-23092
0
0
0
0
0
0
0
0
0
0
0
-10137
-9842
-10723
-9031
-9098
0
0
0
0
0
0
0
0
0
0
0
-10761
12316
-9482
-9264
342
0
0
0
0
0
0
0
0
0
0
0
-11950
-12460
-13444
-11646
-11978
0
0
0
0
0
0
0
0
0
0
0
-13351
13020
-11570
-12364
15552
0
0
0
0
0
0
0
0
0
0
0
-5000
-5045
-5718
-5556
-4590
0
0
0
0
0
0
0
0
0
0
0
-5909
6536
-4849
-4718
-24839
0
0
0
0
0
0
0
0
0
0
0
-2606
-2649
-1064
-977
-2116
0
0
0
0
0
0
0
0
0
0
0
-3031
1140
-2576
-2197
-19019
0
0
0
0
0
0
0
0
0
0
0
-2437
-2841
-481
-632
-2286
0
0
0
0
0
0
0
0
0
0
0
-3610
-1163
-1074
-2450
-12615
0
0
0
0
0
0
0
0
0
0
0
-1908
-1039
68
-715
-1434
0
0
0
0
0
0
0
0
0
0
0
-1338
-899
-1581
-1424
-21444
0
0
0
0
0
0
0
0
0
0
0
-2996
-2267
-3736
-2363
-3511
0
0
0
0
0
0
0
0
0
0
0
-3812
1913
-4753
-3484
-15688
0
0
0
0
0
0
0
0
0
0
0
-5892
-3306
-7083
-7042
-5716
0
0
0
0
0
0
0
0
0
0
0
-5764
4114
-5238
-5893
-21530
0
0
0
0
0
0
0
0
0
0
0
-6864
-5830
-8376
-8622
-6119
0
0
0
0
0
0
0
0
0
0
0
-5720
6685
-4216
-6231
-17734
0
0
0
0
0
0
0
0
0
0
0
-5229
-6229
-5217
-5950
-5039
0
0
0
0
0
0
0
0
0
0
0
-5318
6127
-5737
-5199
-13682
0
0
0
0
0
0
0
0
0
0
0
-2477
-2605
-1528
-2387
-1865
0
0
0
0
0
0
0
0
0
0
0
-1911
238
-532
-2010
-17363
0
0
0
0
0
0
0
0
0
0
0
-3532
-1531
-819
-3230
-2586
0
0
0
0
0
0
0
0
0
0
0
-2332
-2691
483
-2735
-16399
0
0
0
0
0
0
0
0
0
0
0
-3816
-1022
300
-2157
-2716
0
0
0
0
0
0
0
0
0
0
0
-3477
-2739
-228
-2792
-14397
0
0
0
0
0
0
0
0
0
0
0
-2382
-489
-416
-1507
-1707
0
0
0
0
0
0
0
0
0
0
0
-1868
-1291
-591
-1746
-20430
0
0
0
0
0
0
0
0
0
0
0
-3503
-3345
-3586
-3788
-3358
0
0
0
0
0
0
0
0
0
0
0
-341
958
-4350
-3404
-16033
0
0
0
0
0
0
0
0
0
0
0
-5395
-3649
-5512
-6708
-4566
0
0
0
0
0
0
0
0
0
0
0
-468
220
-3782
-4877
-17992
0
0
0
0
0
0
0
0
0
0
0
-3605
-4027
-3616
-5036
-3288
0
0
0
0
0
0
0
0
0
0
0
-753
64
-1565
-3366
-24983
0
0
0
0
0
0
0
0
0
0
0
-2756
-2914
-1675
-2654
-2270
0
0
0
0
0
0
0
0
0
0
0
400
-2135
-859
-2433
-18610
0
0
0
0
0
0
0
0
0
0
0
-2867
-2028
-1693
-2323
-2343
0
0
0
0
0
0
0
0
0
0
0
-14
-3921
782
-2532
-16402
0
0
0
0
0
0
0
0
0
0
0
-3272
-1391
-1878
-2507
-2240
0
0
0
0
0
0
0
0
0
0
0
-1206
-3118
2125
-2265
-18733
0
0
0
0
0
0
0
0
0
0
0
-3666
-1262
-2270
-1972
-2660
0
0
0
0
0
0
0
0
0
0
0
-2592
-2794
2363
-2530
-17425
0
0
0
0
0
0
0
0
0
0
0
-2673
-1235
-1601
-1419
-1989
0
0
0
0
0
0
0
0
0
0
0
-1814
-1222
261
-1896
-14554
0
0
0
0
0
0
0
0
0
0
0
-1914
-1898
-1052
-1409
-1665
0
0
0
0
0
0
0
0
0
0
0
839
-764
-2241
-1586
-16072
0
0
0
0
0
0
0
0
0
0
0
-1841
-1836
-602
-2105
-1596
0
0
0
0
0
0
0
0
0
0
0
568
-1408
-879
-1593
-10035
0
0
0
0
0
0
0
0
0
0
0
-1801
-1478
487
-1085
-1245
0
0
0
0
0
0
0
0
0
0
0
-337
-1385
-1147
-1282
-15034
0
0
0
0
0
0
0
0
0
0
0
-2207
-1686
-23
-1764
-1649
0
0
0
0
0
0
0
0
0
0
0
-685
-2145
-588
-1619
-16434
0
0
0
0
0
0
0
0
0
0
0
-2792
-1170
-276
-2672
-1928
0
0
0
0
0
0
0
0
0
0
0
-970
-2930
986
-1825
-13227
0
0
0
0
0
0
0
0
0
0
0
-2533
-1080
288
-2398
-1406
0
0
0
0
0
0
0
0
0
0
0
-345
-2421
1232
-1228
-14700
0
0
0
0
0
0
0
0
0
0
0
-2423
-1306
-860
-1540
-1507
0
0
0
0
0
0
0
0
0
0
0
-925
-1712
1608
-1366
-12611
0
0
0
0
0
0
0
0
0
0
0
-1951
-1340
-1112
-1605
-1525
0
0
0
0
0
0
0
0
0
0
0
-642
-1055
203
-1342
-14282
0
0
0
0
0
0
0
0
0
0
0
0
0
0
0
0
0
0
0
0
0
0
0
0
0
0
0
0
0
0
0
0
0
0
0
0
0
0
0
0
0
0
0
0
0
0
0
0
0
0
0
0
0
0
0
0
0
0
0
0
0
0
0
0
0
0
0
0
0
0
0
0
0
0
0
0
0
0
0
0
0
0
0
0
0
0
0
0
0
0
0
0
0
0
0
0
0
0
0
0
0
0
0
0
0
0
0
0
0
0
0
0
0
0
0
0
0
0
0
0
0
0
0
0
0
0
0
0
0
0
0
0
0
0
0
0
0
0
0
0
0
0
0
0
0
0
0
0
0
0
0
0
0
0
0
0
0
0
0
0
0
0
0
0
0
0
0
0
0
0
0
0
0
0
0
0
0
0
0
0
0
0
0
0
0
0
0
0
0
0
0
0
0
0
0
0
0
0
0
0
0
0
0
0
0
0
0
0
0
0
0
0
0
0
0
0
0
0
0
0
0
0
0
0
0
0
0
0
0
0
0
0
0
0
0
0
0
0
0
0
0
0
0
0
0
0
0
0
0
0
0
0
0
0
0
0
0
0
0
0
0
0
0
0
0
0
0
0
0
0
0
0
0
0
0
0
0
0
0
0
0
0
0
0
0
0
0
0
0
0
0
0
0
0
0
0
0
0
0
0
0
0
0
0
0
0
0
0
0
0
0
0
0
0
0
0
0
0
0
0
0
0
0
0
0
0
0
0
0
0
0
0
0
0
0
0
0
0
0
0
0
0
0
0
0
0
0
0
0
0
0
0
0
0
0
0
0
0
0
0
0
0
0
0
0
0
0
0
0
0
0
0
0
0
0
0
0
0
0
0
0
0
0
0
0
0
0
0
0
0
0
0
0
0
0
0
0
0
0
0
0
0
0
0
0
0
0
0
0
0
0
0
0
0
0
0
0
0
0
0
0
0
0
0
0
0
0
0
0
0
0
0
0
0
0
0
0
0
0
0
0
0
0
0
0
0
0
0
0
0
0
0
0
0
0
0
0
0
0
0
0
0
0
0
0
0
0
0
0
0
0
0
0
0
0
0
0
0
0
0
0
0
0
0
0
0
0
0
0
0
0
0
0
0
0
0
0
0
0
0
0
0
0
0
0
0
0
0
0
0
0
0
0
0
0
0
0
0
0
0
0
0
0
0
0
0
0
0
0
0
0
0
0
0
0
0
0
0
0
0
0
0
0
0
0
0
0
0
0
0
0
0
0
0
0
0
0
0
0
0
0
0
0
0
0
0
0
0
0
0
0
0
0
0
0
0
0
0
0
0
0
0
0
0
0
0
0
0
0
0
0
0
0
0
0
0
0
0
0
0
0
0
0
0
0
0
0
0
0
0
0
0
0
0
0
0
0
0
0
0
0
0
0
0
0
0
0
0
0
0
0
0
0
0
0
0
0
0
0
0
0
0
0
0
0
0
0
0
0
0
0
0
0
0
0
0
0
0
0
0
0
0
0
0
0
0
0
0
0
0
0
0
0
0
0
0
0
0
0
0
0
0
0
0
0
0
0
0
0
0
0
0
0
0
0
0
0
0
0
0
0
0
0
0
0
0
0
0
0
0
0
0
0
0
0
0
0
0
0
0
0
0
0
0
0
0
0
0
0
0
0
0
0
0
0
0
0
0
0
0
0
0
0
0
0
0
0
0
0
0
0
0
0
0
0
0
0
0
0
0
0
0
0
0
0
0
0
0
0
0
0
0
0
0
0
0
0
0
0
0
0
0
0
0
0
0
0
0
0
0
0
0
0
0
0
0
0
0
0
0
0
0
0
0
0
0
0
0
0
0
0
0
0
0
0
0
0
0
0
0
0
0
0
0
0
0
0
0
0
0
0
0
0
0
0
0
0
0
0
0
0
0
0
0
0
0
0
0
0
0
0
0
0
0
0
0
0
0
0
0
0
0
0
0
0
0
0
0
0
0
0
0
0
0
0
0
0
0
0
0
0
0
0
0
0
0
0
0
0
0
0
0
0
0
0
0
0
0
0
0
0
0
0
0
0
0
0
0
0
0
0
0
0
0
0
0
0
0
0
0
0
0
0
0
0
0
0
0
0
0
0
0
0
0
0
0
0
0
0
0
0
0
0
0
0
0
0
0
0
0
0
0
0
0
0
0
0
0
0
0
0
0
0
0
0
0
0
0
0
0
0
0
0
0
0
0
0
0
0
0
0
0
0
0
0
0
0
0
0
0
0
0
0
0
0
0
0
0
0
0
0
0
0
0
0
0
0
0
0
0
0
0
0
0
0
0
0
0
0
0
0
0
0
0
0
0
0
0
0
0
0
0
0
0
0
0
0
0
0
0
0
0
0
0
0
0
0
0
0
0
0
0
0
0
0
0
0
0
0
0
0
0
0
0
0
0
0
0
0
0
0
0
0
0
0
0
0
0
0
0
0
0
0
0
0
0
0
0
0
0
0
0
0
0
0
0
0
0
0
0
0
0
0
0
0
0
0
0
0
0
0
0
0
0
0
0
0
0
0
0
0
0
0
0
0
0
0
0
0
0
0
0
0
0
0
0
0
0
0
0
0
0
0
0
0
0
0
0
0
0
0
0
0
0
0
0
0
0
0
0
0
0
0
0
0
0
0
0
0
0
0
0
0
0
0
0
0
0
0
0
0
0
0
0
0
0
0
0
0
0
0
0
0
0
0
0
0
0
0
0
0
0
0
0
0
0
0
0
0
0
0
0
0
0
0
0
0
0
0
0
0
0
0
0
0
0
0
0
0
0
0
0
0
0
0
0
0
0
0
0
0
0
0
0
0
0
0
0
0
0
0
0
0
0
0
0
0
0
0
0
0
0
0
0
0
0
0
0
0
0
0
0
0
0
0
0
0
0
0
0
0
0
0
0
0
0
0
0
0
0
0
0
0
0
0
0
0
0
0
0
0
0
0
0
0
0
0
0
0
0
0
0
0
0
0
0
0
0
0
0
0
0
0
0
0
0
0
0
0
0
0
0
0
0
0
0
0
0
0
0
0
0
0
0
0
0
0
0
0
0
0
0
0
0
0
0
0
0
0
0
0
0
0
0
0
0
0
0
0
0
0
0
0
0
0
0
0
0
0
0
0
0
0
0
0
0
0
0
0
0
0
0
0
0
0
0
0
0
0
0
0
0
0
0
0
0
0
0
0
0
0
0
0
0
0
0
0
0
0
0
0
0
0
0
0
0
0
0
0
0
0
0
0
0
0
0
0
0
0
0
0
0
0
0
0
0
0
0
0
0
0
0
0
0
0
0
0
0
0
0
0
0
0
0
0
0
0
0
0
0
0
0
0
0
0
0
0
0
0
0
0
0
0
0
0
0
0
0
0
0
0
0
0
0
0
0
0
0
0
0
0
0
0
0
0
0
0
0
0
0
0
0
0
0
0
0
0
0
0
0
0
0
0
0
0
0
0
0
0
0
0
0
0
0
0
0
0
0
0
0
0
0
0
0
0
0
0
0
0
0
0
0
0
0
0
0
0
0
0
0
0
0
0
0
0
0
0
0
0
0
0
0
0
0
0
0
0
0
0
0
0
0
0
0
0
0
0
0
0
0
0
0
0
0
0
0
0
0
0
0
0
0
0
0
0
0
0
0
0
0
0
0
0
0
0
0
0
0
0
0
0
0
0
0
0
0
0
0
0
0
0
0
0
0
0
0
0
0
0
0
0
0
0
0
0
0
0
0
0
0
0
0
0
0
0
0
0
0
0
0
0
0
0
0
0
0
0
0
0
0
0
0
0
0
0
0
0
0
0
0
0
0
0
0
0
0
0
0
0
0
0
0
0
0
0
0
0
0
0
0
0
0
0
0
0
0
0
0
0
0
0
0
0
0
0
0
0
0
0
0
0
0
0
0
0
0
0
0
0
0
0
0
0
0
0
0
0
0
0
0
0
0
0
0
0
0
0
0
0
0
0
0
0
0
0
0
0
0
0
0
0
0
0
0
0
0
0
0
0
0
0
0
0
0
0
0
0
0
0
0
0
0
0
0
0
0
0
0
0
0
0
0
0
0
0
0
0
0
0
0
0
0
0
0
0
0
0
0
0
0
0
0
0
0
0
0
0
0
0
0
0
0
0
0
0
0
0
0
0
0
0
0
0
0
0
0
0
0
0
0
0
0
0
0
0
0
0
0
0
0
0
0
0
0
0
0
0
0
0
0
0
0
0
0
0
0
0
0
0
0
0
0
0
0
0
0
0
0
0
0
0
0
0
0
0
0
0
0
0
0
0
0
0
0
0
0
0
0
0
0
0
0
0
0
0
0
0
0
0
0
0
0
0
0
0
0
0
0
0
0
0
0
0
0
0
0
0
0
0
0
0
0
0
0
0
0
0
0
0
0
0
0
0
0
0
0
0
0
0
0
0
0
0
0
0
0
0
0
0
0
0
0
0
0
0
0
0
0
0
0
0
0
0
0
0
0
0
0
0
0
0
0
0
0
0
0
0
0
0
0
0
0
0
0
0
0
0
0
0
0
0
0
0
0
0
0
0
0
0
0
0
0
0
0
0
0
0
0
0
0
0
0
0
0
0
0
0
0
0
0
0
0
0
0
0
0
0
0
0
0
0
0
0
0
0
0
0
0
0
0
0
0
0
0
0
0
0
0
0
0
0
0
0
0
0
0
0
0
0
0
0
0
0
0
0
0
0
0
0
0
0
0
0
0
0
0
0
0
0
0
0
0
0
0
0
0
0
0
0
0
0
0
0
0
0
0
0
0
0
0
0
0
0
0
0
0
0
0
0
0
0
0
0
0
0
0
0
0
0
0
0
0
0
0
0
0
0
0
0
0
0
0
0
0
0
0
0
0
0
0
0
0
0
0
0
0
0
0
0
0
0
0
0
0
0
0
0
0
0
0
0
0
0
0
0
0
0
0
0
0
0
0
0
0
0
0
0
0
0
0
0
0
0
0
0
0
0
0
0
0
0
0
0
0
0
0
0
0
0
0
0
0
0
0
0
0
0
0
0
0
0
0
0
0
0
0
0
0
0
0
0
0
0
0
0
0
0
0
0
0
0
0
0
0
0
0
0
0
0
0
0
0
0
0
0
0
0
0
0
0
0
0
0
0
0
0
0
0
0
0
0
0
0
0
0
0
0
0
0
0
0
0
0
0
0
0
0
0
0
0
0
0
0
0
0
0
0
0
0
0
0
0
0
0
0
0
0
0
0
0
0
0
0
0
0
0
0
0
0
0
0
0
0
0
0
0
0
0
0
0
0
0
0
0
0
0
0
0
0
0
0
0
0
0
0
0
0
0
0
0
0
0
0
0
0
0
0
0
0
0
0
0
0
0
0
0
0
0
0
0
0
0
0
0
0
0
0
0
0
0
0
0
0
0
0
0
0
0
0
0
0
0
0
0
0
0
0
0
0
0
0
0
0
0
0
0
0
0
0
0
0
0
0
0
0
0
0
0
0
0
0
0
0
0
0
0
0
0
0
0
0
0
0
0
0
0
0
0
0
0
0
0
0
0
0
0
0
0
0
0
0
0
0
0
0
0
0
0
0
0
0
0
0
0
0
0
0
0
0
0
0
0
0
0
0
0
0
0
0
0
0
0
0
0
0
0
0
0
0
0
0
0
0
0
0
0
0
0
0
0
0
0
0
0
0
0
0
0
0
0
0
0
0
0
0
0
0
0
0
0
0
0
0
0
0
0
0
0
0
0
0
0
0
0
0
0
0
0
0
0
0
0
0
0
0
0
0
0
0
0
0
0
0
0
0
0
0
0
0
0
0
0
0
0
0
0
0
0
0
0
0
0
0
0
0
0
0
0
0
0
0
0
0
0
0
0
0
0
0
0
0
0
0
0
0
0
0
0
0
0
0
0
0
0
0
0
0
0
0
0
0
0
0
0
0
0
0
0
0
0
0
0
0
0
0
0
0
0
0
0
0
0
0
0
0
0
0
0
0
0
0
0
0
0
0
0
0
0
0
0
0
0
0
0
0
0
0
0
0
0
0
0
0
0
0
0
0
0
0
0
0
0
0
0
0
0
0
0
0
0
0
0
0
0
0
0
0
0
0
0
0
0
0
0
0
0
0
0
0
0
0
0
0
0
0
0
0
0
0
0
0
0
0
0
0
0
0
0
0
0
0
0
0
0
0
0
0
0
0
0
0
0
0
0
0
0
0
0
0
0
0
0
0
0
0
0
0
0
0
0
0
0
0
0
0
0
0
0
0
0
0
0
0
0
0
0
0
0
0
0
0
0
0
0
0
0
0
0
0
0
0
0
0
0
0
0
0
0
0
0
0
0
0
0
0
0
0
0
0
0
0
0
0
0
0
0
0
0
0
0
0
0
0
0
0
0
0
0
0
0
0
0
0
0
0
0
0
0
0
0
0
0
0
0
0
0
0
0
0
0
0
0
0
0
0
0
0
0
0
0
0
0
0
0
0
0
0
0
0
0
0
0
0
0
0
0
0
0
0
0
0
0
0
0
0
0
0
0
0
0
0
0
0
0
0
0
0
0
0
0
0
0
0
0
0
0
0
0
0
0
0
0
0
0
0
0
0
0
0
0
0
0
0
0
0
0
0
0
0
0
0
0
0
0
0
0
0
0
0
0
0
0
0
0
0
0
0
0
0
0
0
0
0
0
0
0
0
0
0
0
0
0
0
0
0
0
0
0
0
0
0
0
0
0
0
0
0
0
0
0
0
0
0
0
0
0
0
0
0
0
0
0
0
0
0
0
0
0
0
0
0
0
0
0
0
0
0
0
0
0
0
0
0
0
0
0
0
0
0
0
0
0
0
0
0
0
0
0
0
0
0
0
0
0
0
0
0
0
0
0
0
0
0
0
0
0
0
0
0
0
0
0
0
0
0
0
0
0
0
0
0
0
0
0
0
0
0
0
0
0
0
0
0
0
0
0
0
0
0
0
0
0
0
0
0
0
0
0
0
0
0
0
0
0
0
0
0
0
0
0
0
0
0
0
0
0
0
0
0
0
0
0
0
0
0
0
0
0
0
0
0
0
0
0
0
0
0
0
0
0
0
0
0
0
0
0
0
0
0
0
0
0
0
0
0
0
0
0
0
0
0
0
0
0
0
0
0
0
0
0
0
0
0
0
0
0
0
0
0
0
0
0
0
0
0
0
0
0
0
0
0
0
0
0
0
0
0
0
0
0
0
0
0
0
0
0
0
0
0
0
0
0
0
0
0
0
0
0
0
0
0
0
0
0
0
0
0
0
0
0
0
0
0
0
0
0
0
0
0
0
0
0
0
0
0
0
0
0
0
0
0
0
0
0
0
0
0
0
0
0
0
0
0
0
0
0
0
0
0
0
0
0
0
0
0
0
0
0
0
0
0
0
0
0
0
0
0
0
0
0
0
0
0
0
0
0
0
0
0
0
0
0
0
0
0
0
0
0
0
0
0
0
0
0
0
0
0
0
0
0
0
0
0
0
0
0
0
0
0
0
0
0
0
0
0
0
0
0
0
0
0
0
0
0
0
0
0
0
0
0
0
0
0
0
0
0
0
0
0
0
0
0
0
0
0
0
0
0
0
0
0
0
0
0
0
0
0
0
0
0
0
0
0
0
0
0
0
0
0
0
0
0
0
0
0
0
0
0
0
0
0
0
0
0
0
0
0
0
0
0
0
0
0
0
0
0
0
0
0
0
0
0
0
0
0
0
0
0
0
0
0
0
0
0
0
0
0
0
0
0
0
0
0
0
0
0
0
0
0
0
0
0
0
0
0
0
0
0
0
0
0
0
0
0
0
0
0
0
0
0
0
0
0
0
0
0
0
0
0
0
0
0
0
0
0
0
0
0
0
0
0
0
0
0
0
0
0
0
0
0
0
0
0
0
0
0
0
0
0
0
0
0
0
0
0
0
0
0
0
0
0
0
0
0
0
0
0
0
0
0
0
0
0
0
0
0
0
0
0
0
0
0
0
0
0
0
0
0
0
0
0
0
0
0
0
0
0
0
0
0
0
0
0
0
0
0
0
0
0
0
0
0
0
0
0
0
0
0
0
0
0
0
0
0
0
0
0
0
0
0
0
0
0
0
0
0
0
0
0
0
0
0
0
0
0
0
0
0
0
0
0
0
0
0
0
0
0
0
0
0
0
0
0
0
0
0
0
0
0
0
0
0
0
0
0
0
0
0
0
0
0
0
0
0
0
0
0
0
0
0
0
0
0
0
0
0
0
0
0
0
0
0
0
0
0
0
0
0
0
0
0
0
0
0
0
0
0
0
0
0
0
0
0
0
0
0
0
0
0
0
0
0
0
0
0
0
0
0
0
0
0
0
0
0
0
0
0
0
0
0
0
0
0
0
0
0
0
0
0
0
0
0
0
0
0
0
0
0
0
0
0
0
0
0
0
0
0
0
0
0
0
0
0
0
0
0
0
0
0
0
0
0
0
0
0
0
0
0
0
0
0
0
0
0
0
0
0
0
0
0
0
0
0
0
0
0
0
0
0
0
0
0
0
0
0
0
0
0
0
0
0
0
0
0
0
0
0
0
0
0
0
0
0
0
0
0
0
0
0
0
0
0
0
0
0
0
0
0
0
0
0
0
0
0
0
0
0
0
0
0
0
0
0
0
0
0
0
0
0
0
0
0
0
0
0
0
0
0
0
0
0
0
0
0
0
0
0
0
0
0
0
0
0
0
0
0
0
0
0
0
0
0
0
0
0
0
0
0
0
0
0
0
0
0
0
0
0
0
0
0
0
0
0
0
0
0
0
0
0
0
0
0
0
0
0
0
0
0
0
0
0
0
0
0
0
0
0
0
0
0
0
0
0
0
0
0
0
0
0
0
0
0
0
0
0
0
0
0
0
0
0
0
0
0
0
0
0
0
0
0
0
0
0
0
0
0
0
0
0
0
0
0
0
0
0
0
0
0
0
0
0
0
0
0
0
0
0
0
0
0
0
0
0
0
0
0
0
0
0
0
0
0
0
0
0
0
0
0
0
0
0
0
0
0
0
0
0
0
0
0
0
0
0
0
0
0
0
0
0
0
0
0
0
0
0
0
0
0
0
0
0
0
0
0
0
0
0
0
0
0
0
0
0
0
0
0
0
0
0
0
0
0
0
0
0
0
0
0
0
0
0
0
0
0
0
0
0
0
0
0
0
0
0
0
0
0
0
0
0
0
0
0
0
0
0
0
0
0
0
0
0
0
0
0
0
0
0
0
0
0
0
0
0
0
0
0
0
0
0
0
0
0
0
0
0
0
0
0
0
0
0
0
0
0
0
0
0
0
0
0
0
0
0
0
0
0
0
0
0
0
0
0
0
0
0
0
0
0
0
0
0
0
0
0
0
0
0
0
0
0
0
0
0
0
0
0
0
0
0
0
0
0
0
0
0
0
0
0
0
0
0
0
0
0
0
0
0
0
0
0
0
0
0
0
0
0
0
0
0
0
0
0
0
0
0
0
0
0
0
0
0
0
0
0
0
0
0
0
0
0
0
0
0
0
0
0
0
0
0
0
0
0
0
0
0
0
0
0
0
0
0
0
0
0
0
0
0
0
0
0
0
0
0
0
0
0
0
0
0
0
0
0
0
0
0
0
0
0
0
0
0
0
0
0
0
0
0
0
0
0
0
0
0
0
0
0
0
0
0
0
0
0
0
0
0
0
0
0
0
0
0
0
0
0
0
0
0
0
0
0
0
0
0
0
0
0
0
0
0
0
0
0
0
0
0
0
0
0
0
0
0
0
0
0
0
0
0
0
0
0
0
0
0
0
0
0
0
0
0
0
0
0
0
0
0
0
0
0
0
0
0
0
0
0
0
0
0
0
0
0
0
0
0
0
0
0
0
0
0
0
0
0
0
0
0
0
0
0
0
0
0
0
0
0
0
0
0
0
0
0
0
0
0
0
0
0
0
0
0
0
0
0
0
0
0
0
0
0
0
0
0
0
0
0
0
0
0
0
0
0
0
0
0
0
0
0
0
0
0
0
0
0
0
0
0
0
0
0
0
0
0
0
0
0
0
0
0
0
0
0
0
0
0
0
0
0
0
0
0
0
0
0
0
0
0
0
0
0
0
0
0
0
0
0
0
0
0
0
0
0
0
0
0
0
0
0
0
0
0
0
0
0
0
0
0
0
0
0
0
0
0
0
0
0
0
0
0
0
0
0
0
0
0
0
0
0
0
0
0
0
0
0
0
0
0
0
0
0
0
0
0
0
0
0
0
0
0
0
0
0
0
0
0
0
0
0
0
0
0
0
0
0
0
0
0
0
0
0
0
0
0
0
0
0
0
0
0
0
0
0
0
0
0
0
0
0
0
0
0
0
0
0
0
0
0
0
0
0
0
0
0
0
0
0
0
0
0
0
0
0
0
0
0
0
0
0
0
0
0
0
0
0
0
0
0
0
0
0
0
0
0
0
0
0
0
0
0
0
0
0
0
0
0
0
0
0
0
0
0
0
0
0
0
0
0
0
0
0
0
0
0
0
0
0
0
0
0
0
0
0
0
0
0
0
0
0
0
0
0
0
0
0
0
0
0
0
0
0
0
0
0
0
0
0
0
0
0
0
0
0
0
0
0
0
0
0
0
0
0
0
0
0
0
0
0
0
0
0
0
0
0
0
0
0
0
0
0
0
0
0
0
0
0
0
0
0
0
0
0
0
0
0
0
0
0
0
0
0
0
0
0
0
0
0
0
0
0
0
0
0
0
0
0
0
0
0
0
0
0
0
0
0
0
0
0
0
0
0
0
0
0
0
0
0
0
0
0
0
0
0
0
0
0
0
0
0
0
0
0
0
0
0
0
0
0
0
0
0
0
0
0
0
0
0
0
0
0
0
0
0
0
0
0
0
0
0
0
0
0
0
0
0
0
0
0
0
0
0
0
0
0
0
0
0
0
0
0
0
0
0
0
0
0
0
0
0
0
0
0
0
0
0
0
0
0
0
0
0
0
0
0
0
0
0
0
0
0
0
0
0
0
0
0
0
0
0
0
0
0
0
0
0
0
0
0
0
0
0
0
0
0
0
0
0
0
0
0
0
0
0
0
0
0
0
0
0
0
0
0
0
0
0
0
0
0
0
0
0
0
0
0
0
0
0
0
0
0
0
0
0
0
0
0
0
0
0
0
0
0
0
0
0
0
0
0
0
0
0
0
0
0
0
0
0
0
0
0
0
0
0
0
0
0
0
0
0
0
0
0
0
0
0
0
0
0
0
0
0
0
0
0
0
0
0
0
0
0
0
0
0
0
0
0
0
0
0
0
0
0
0
0
0
0
0
0
0
0
0
0
0
0
0
0
0
0
0
0
0
0
0
0
0
0
0
0
0
0
0
0
0
0
0
0
0
0
0
0
0
0
0
0
0
0
0
0
0
0
0
0
0
0
0
0
0
0
0
0
0
0
0
0
0
0
0
0
0
0
0
0
0
0
0
0
0
0
0
0
0
0
0
0
0
0
0
0
0
0
0
0
0
0
0
0
0
0
0
0
0
0
0
0
0
0
0
0
0
0
0
0
0
0
0
0
0
0
0
0
0
0
0
0
0
0
0
0
0
0
0
0
0
0
0
0
0
0
0
0
0
0
0
0
0
0
0
0
0
0
0
0
0
0
0
0
0
0
0
0
0
0
0
0
0
0
0
0
0
0
0
0
0
0
0
0
0
0
0
0
0
0
0
0
0
0
0
0
0
0
0
0
0
0
0
0
0
0
0
0
0
0
0
0
0
0
0
0
0
0
0
0
0
0
0
0
0
0
0
0
0
0
0
0
0
0
0
0
0
0
0
0
0
0
0
0
0
0
0
0
0
0
0
0
0
0
0
0
0
0
0
0
0
0
0
0
0
0
0
0
0
0
0
0
0
0
0
0
0
0
0
0
0
0
0
0
0
0
0
0
0
0
0
0
0
0
0
0
0
0
0
0
0
0
0
0
0
0
0
0
0
0
0
0
0
0
0
0
0
0
0
0
0
0
0
0
0
0
0
0
0
0
0
0
0
0
0
0
0
0
0
0
0
0
0
0
0
0
0
0
0
0
0
0
0
0
0
0
0
0
0
0
0
0
0
0
0
0
0
0
0
0
0
0
0
0
0
0
0
0
0
0
0
0
0
0
0
0
0
0
0
0
0
0
0
0
0
0
0
0
0
0
0
0
0
0
0
0
0
0
0
0
0
0
0
0
0
0
0
0
0
0
0
0
0
0
0
0
0
0
0
0
0
0
0
0
0
0
0
0
0
0
0
0
0
0
0
0
0
0
0
0
0
0
0
0
0
0
0
0
0
0
0
0
0
0
0
0
0
0
0
0
0
0
0
0
0
0
0
0
0
0
0
0
0
0
0
0
0
0
0
0
0
0
0
0
0
0
0
0
0
0
0
0
0
0
0
0
0
0
0
0
0
0
0
0
0
0
0
0
0
0
0
0
0
0
0
0
0
0
0
0
0
0
0
0
0
0
0
0
0
0
0
0
0
0
0
0
0
0
0
0
0
0
0
0
0
0
0
0
0
0
0
0
0
0
0
0
0
0
0
0
0
0
0
0
0
0
0
0
0
0
0
0
0
0
0
0
0
0
0
0
0
0
0
0
0
0
0
0
0
0
0
0
0
0
0
0
0
0
0
0
0
0
0
0
0
0
0
0
0
0
0
0
0
0
0
0
0
0
0
0
0
0
0
0
0
0
0
0
0
0
0
0
0
0
0
0
0
0
0
0
0
0
0
0
0
0
0
0
0
0
0
0
0
0
0
0
0
0
0
0
0
0
0
0
0
0
0
0
0
0
0
0
0
0
0
0
0
0
0
0
0
0
0
0
0
0
0
0
0
0
0
0
0
0
0
0
0
0
0
0
0
0
0
0
0
0
0
0
0
0
0
0
0
0
0
0
0
0
0
0
0
0
0
0
0
0
0
0
0
0
0
0
0
0
0
0
0
0
0
0
0
0
0
0
0
0
0
0
0
0
0
0
0
0
0
0
0
0
0
0
0
0
0
0
0
0
0
0
0
0
0
0
0
0
0
0
0
0
0
0
0
0
0
0
0
0
0
0
0
0
0
0
0
0
0
0
0
0
0
0
0
0
0
0
0
0
0
0
0
0
0
0
0
0
0
0
0
0
0
0
0
0
0
0
0
0
0
0
0
0
0
0
0
0
0
0
0
0
0
0
0
0
0
0
0
0
0
0
0
0
0
0
0
0
0
0
0
0
0
0
0
0
0
0
0
0
0
0
0
0
0
0
0
0
0
0
0
0
0
0
0
0
0
0
0
0
0
0
0
0
0
0
0
0
0
0
0
0
0
0
0
0
0
0
0
0
0
0
0
0
0
0
0
0
0
0
0
0
0
0
0
0
0
0
0
0
0
0
0
0
0
0
0
0
0
0
0
0
0
0
0
0
0
0
0
0
0
0
0
0
0
0
0
0
0
0
0
0
0
0
0
0
0
0
0
0
0
0
0
0
0
0
0
0
0
0
0
0
0
0
0
0
0
0
0
0
0
0
0
0
0
0
0
0
0
0
0
0
0
0
0
0
0
0
0
0
0
0
0
0
0
0
0
0
0
0
0
0
0
0
0
0
0
0
0
0
0
0
0
0
0
0
0
0
0
0
0
0
0
0
0
0
0
0
0
0
0
0
0
0
0
0
0
0
0
0
0
0
0
0
0
0
0
0
0
0
0
0
0
0
0
0
0
0
0
0
0
0
0
0
0
0
0
0
0
0
0
0
0
0
0
0
0
0
0
0
0
0
0
0
0
0
0
0
0
0
0
0
0
0
0
0
0
0
0
0
0
0
0
0
0
0
0
0
0
0
0
0
0
0
0
0
0
0
0
0
0
0
0
0
0
0
0
0
0
0
0
0
0
0
0
0
0
0
0
0
0
0
0
0
0
0
0
0
0
0
0
0
0
0
0
0
0
0
0
0
0
0
0
0
0
0
0
0
0
0
0
0
0
0
0
0
0
0
0
0
0
0
0
0
0
0
0
0
0
0
0
0
0
0
0
0
0
0
0
0
0
0
0
0
0
0
0
0
0
0
0
0
0
0
0
0
0
0
0
0
0
0
0
0
0
0
0
0
0
0
0
0
0
0
0
0
0
0
0
0
0
0
0
0
0
0
0
0
0
0
0
0
0
0
0
0
0
0
0
0
0
0
0
0
0
0
0
0
0
0
0
0
0
0
0
0
0
0
0
0
0
0
0
0
0
0
0
0
0
0
0
0
0
0
0
0
0
0
0
0
0
0
0
0
0
0
0
0
0
0
0
0
0
0
0
0
0
0
0
0
0
0
0
0
0
0
0
0
0
0
0
0
0
0
0
0
0
0
0
0
0
0
0
0
0
0
0
0
0
0
0
0
0
0
0
0
0
0
0
0
0
0
0
0
0
0
0
0
0
0
0
0
0
0
0
0
0
0
0
0
0
0
0
0
0
0
0
0
0
0
0
0
0
0
0
0
0
0
0
0
0
0
0
0
0
0
0
0
0
0
0
0
0
0
0
0
0
0
0
0
0
0
0
0
0
0
0
0
0
0
0
0
0
0
0
0
0
0
0
0
0
0
0
0
0
0
0
0
0
0
0
0
0
0
0
0
0
0
0
0
0
0
0
0
0
0
0
0
0
0
0
0
0
0
0
0
0
0
0
0
0
0
0
0
0
0
0
0
0
0
0
0
0
0
0
0
0
0
0
0
0
0
0
0
0
0
0
0
0
0
0
0
0
0
0
0
0
0
0
0
0
0
0
0
0
0
0
0
0
0
0
0
0
0
0
0
0
0
0
0
0
0
0
0
0
0
0
0
0
0
0
0
0
0
0
0
0
0
0
0
0
0
0
0
0
0
0
0
0
0
0
0
0
0
0
0
0
0
0
0
0
0
0
0
0
0
0
0
0
0
0
0
0
0
0
0
0
0
0
0
0
0
0
0
0
0
0
0
0
0
0
0
0
0
0
0
0
0
0
0
0
0
0
0
0
0
0
0
0
0
0
0
0
0
0
0
0
0
0
0
0
0
0
0
0
0
0
0
0
0
0
0
0
0
0
0
0
0
0
0
0
0
0
0
0
0
0
0
0
0
0
0
0
0
0
0
0
0
0
0
0
0
0
0
0
0
0
0
0
0
0
0
0
0
0
0
0
0
0
0
0
0
0
0
0
0
0
0
0
0
0
0
0
0
0
0
0
0
0
0
0
0
0
0
0
0
0
0
0
0
0
0
0
0
0
0
0
0
0
0
0
0
0
0
0
0
0
0
0
0
0
0
0
0
0
0
0
0
0
0
0
0
0
0
0
0
0
0
0
0
0
0
0
0
0
0
0
0
0
0
0
0
0
0
0
0
0
0
0
0
0
0
0
0
0
0
0
0
0
0
0
0
0
0
0
0
0
0
0
0
0
0
0
0
0
0
0
0
0
0
0
0
0
0
0
0
0
0
0
0
0
0
0
0
0
0
0
0
0
0
0
0
0
0
0
0
0
0
0
0
0
0
0
0
0
0
0
0
0
0
0
0
0
0
0
0
0
0
0
0
0
0
0
0
0
0
0
0
0
0
0
0
0
0
0
0
0
0
0
0
0
0
0
0
0
0
0
0
0
0
0
0
0
0
0
0
0
0
0
0
0
0
0
0
0
0
0
0
0
0
0
0
0
0
0
0
0
0
0
0
0
0
0
0
0
0
0
0
0
0
0
0
0
0
0
0
0
0
0
0
0
0
0
0
0
0
0
0
0
0
0
0
0
0
0
0
0
0
0
0
0
0
0
0
0
0
0
0
0
0
0
0
0
0
0
0
0
0
0
0
0
0
0
0
0
0
0
0
0
0
0
0
0
0
0
0
0
0
0
0
0
0
0
0
0
0
0
0
0
0
0
0
0
0
0
0
0
0
0
0
0
0
0
0
0
0
0
0
0
0
0
0
0
0
0
0
0
0
0
0
0
0
0
0
0
0
0
0
0
0
0
0
0
0
0
0
0
0
0
0
0
0
0
0
0
0
0
0
0
0
0
0
0
0
0
0
0
0
0
0
0
0
0
0
0
0
0
0
0
0
0
0
0
0
0
0
0
0
0
0
0
0
0
0
0
0
0
0
0
0
0
0
0
0
0
0
0
0
0
0
0
0
0
0
0
0
0
0
0
0
0
0
0
0
0
0
0
0
0
0
0
0
0
0
0
0
0
0
0
0
0
0
0
0
0
0
0
0
0
0
0
0
0
0
0
0
0
0
0
0
0
0
0
0
0
0
0
0
0
0
0
0
0
0
0
0
0
0
0
0
0
0
0
0
0
0
0
0
0
0
0
0
0
0
0
0
0
0
0
0
0
0
0
0
0
0
0
0
0
0
0
0
0
0
0
0
0
0
0
0
0
0
0
0
0
0
0
0
0
0
0
0
0
0
0
0
0
0
0
0
0
0
0
0
0
0
0
0
0
0
0
0
0
0
0
0
0
0
0
0
0
0
0
0
0
0
0
0
0
0
0
0
0
0
0
0
0
0
0
0
0
0
0
0
0
0
0
0
0
0
0
0
0
0
0
0
0
0
0
0
0
0
0
0
0
0
0
0
0
0
0
0
0
0
0
0
0
0
0
0
0
0
0
0
0
0
0
0
0
0
0
0
0
0
0
0
0
0
0
0
0
0
0
0
0
0
0
0
0
0
0
0
0
0
0
0
0
0
0
0
0
0
0
0
0
0
0
0
0
0
0
0
0
0
0
0
0
0
0
0
0
0
0
0
0
0
0
0
0
0
0
0
0
0
0
0
0
0
0
0
0
0
0
0
0
0
0
0
0
0
0
0
0
0
0
0
0
0
0
0
0
0
0
0
0
0
0
0
0
0
0
0
0
0
0
0
0
0
0
0
0
0
0
0
0
0
0
0
0
0
0
0
0
0
0
0
0
0
0
0
0
0
0
0
0
0
0
0
0
0
0
0
0
0
0
0
0
0
0
0
0
0
0
0
0
0
0
0
0
0
0
0
0
0
0
0
0
0
0
0
0
0
0
0
0
0
0
0
0
0
0
0
0
0
0
0
0
0
0
0
0
0
0
0
0
0
0
0
0
0
0
0
0
0
0
0
0
0
0
0
0
0
0
0
0
0
0
0
0
0
0
0
0
0
0
0
0
0
0
0
0
0
0
0
0
0
0
0
0
0
0
0
0
0
0
0
0
0
0
0
0
0
0
0
0
0
0
0
0
0
0
0
0
0
0
0
0
0
0
0
0
0
0
0
0
0
0
0
0
0
0
0
0
0
0
0
0
0
0
0
0
0
0
0
0
0
0
0
0
0
0
0
0
0
0
0
0
0
0
0
0
0
0
0
0
0
0
0
0
0
0
0
0
0
0
0
0
0
0
0
0
0
0
0
0
0
0
0
0
0
0
0
0
0
0
0
0
0
0
0
0
0
0
0
0
0
0
0
0
0
0
0
0
0
0
0
0
0
0
0
0
0
0
0
0
0
0
0
0
0
0
0
0
0
0
0
0
0
0
0
0
0
0
0
0
0
0
0
0
0
0
0
0
0
0
0
0
0
0
0
0
0
0
0
0
0
0
0
0
0
0
0
0
0
0
0
0
0
0
0
0
0
0
0
0
0
0
0
0
0
0
0
0
0
0
0
0
0
0
0
0
0
0
0
0
0
0
0
0
0
0
0
0
0
0
0
0
0
0
0
0
0
0
0
0
0
0
0
0
0
0
0
0
0
0
0
0
0
0
0
0
0
0
0
0
0
0
0
0
0
0
0
0
0
0
0
0
0
0
0
0
0
0
0
0
0
0
0
0
0
0
0
0
0
0
0
0
0
0
0
0
0
0
0
0
0
0
0
0
0
0
0
0
0
0
0
0
0
0
0
0
0
0
0
0
0
0
0
0
0
0
0
0
0
0
0
0
0
0
0
0
0
0
0
0
0
0
0
0
0
0
0
0
0
0
0
0
0
0
0
0
0
0
0
0
0
0
0
0
0
0
0
0
0
0
0
0
0
0
0
0
0
0
0
0
0
0
0
0
0
0
0
0
0
0
0
0
0
0
0
0
0
0
0
0
0
0
0
0
0
0
0
0
0
0
0
0
0
0
0
0
0
0
0
0
0
0
0
0
0
0
0
0
0
0
0
0
0
0
0
0
0
0
0
0
0
0
0
0
0
0
0
0
0
0
0
0
0
0
0
0
0
0
0
0
0
0
0
0
0
0
0
0
0
0
0
0
0
0
0
0
0
0
0
0
0
0
0
0
0
0
0
0
0
0
0
0
0
0
0
0
0
0
0
0
0
0
0
0
0
0
0
0
0
0
0
0
0
0
0
0
0
0
0
0
0
0
0
0
0
0
0
0
0
0
0
0
0
0
0
0
0
0
0
0
0
0
0
0
0
0
0
0
0
0
0
0
0
0
0
0
0
0
0
0
0
0
0
0
0
0
0
0
0
0
0
0
0
0
0
0
0
0
0
0
0
0
0
0
0
0
0
0
0
0
0
0
0
0
0
0
0
0
0
0
0
0
0
0
0
0
0
0
0
0
0
0
0
0
0
0
0
0
0
0
0
0
0
0
0
0
0
0
0
0
0
0
0
0
0
0
0
0
0
0
0
0
0
0
0
0
0
0
0
0
0
0
0
0
0
0
0
0
0
0
0
0
0
0
0
0
0
0
0
0
0
0
0
0
0
0
0
0
0
0
0
0
0
0
0
0
0
0
0
0
0
0
0
0
0
0
0
0
0
0
0
0
0
0
0
0
0
0
0
0
0
0
0
0
0
0
0
0
0
0
0
0
0
0
0
0
0
0
0
0
0
0
0
0
0
0
0
0
0
0
0
0
0
0
0
0
0
0
0
0
0
0
0
0
0
0
0
0
0
0
0
0
0
0
0
0
0
0
0
0
0
0
0
0
0
0
0
0
0
0
0
0
0
0
0
0
0
0
0
0
0
0
0
0
0
0
0
0
0
0
0
0
0
0
0
0
0
0
0
0
0
0
0
0
0
0
0
0
0
0
0
0
0
0
0
0
0
0
0
0
0
0
0
0
0
0
0
0
0
0
0
0
0
0
0
0
0
0
0
0
0
0
0
0
0
0
0
0
0
0
0
0
0
0
0
0
0
0
0
0
0
0
0
0
0
0
0
0
0
0
0
0
0
0
0
0
0
0
0
0
0
0
0
0
0
0
0
0
0
0
0
0
0
0
0
0
0
0
0
0
0
0
0
0
0
0
0
0
0
0
0
0
0
0
0
0
0
0
0
0
0
0
0
0
0
0
0
0
0
0
0
0
0
0
0
0
0
0
0
0
0
0
0
0
0
0
0
0
0
0
0
0
0
0
0
0
0
0
0
0
0
0
0
0
0
0
0
0
0
0
0
0
0
0
0
0
0
0
0
0
0
0
0
0
0
0
0
0
0
0
0
0
0
0
0
0
0
0
0
0
0
0
0
0
0
0
0
0
0
0
0
0
0
0
0
0
0
0
0
0
0
0
0
0
0
0
0
0
0
0
0
0
0
0
0
0
0
0
0
0
0
0
0
0
0
0
0
0
0
0
0
0
0
0
0
0
0
0
0
0
0
0
0
0
0
0
0
0
0
0
0
0
0
0
0
0
0
0
0
0
0
0
0
0
0
0
0
0
0
0
0
0
0
0
0
0
0
0
0
0
0
0
0
0
0
0
0
0
0
0
0
0
0
0
0
0
0
0
0
0
0
0
0
0
0
0
0
0
0
0
0
0
0
0
0
0
0
0
0
0
0
0
0
0
0
0
0
0
0
0
0
0
0
0
0
0
0
0
0
0
0
0
0
0
0
0
0
0
0
0
0
0
0
0
0
0
0
0
0
0
0
0
0
0
0
0
0
0
0
0
0
0
0
0
0
0
0
0
0
0
0
0
0
0
0
0
0
0
0
0
0
0
0
0
0
0
0
0
0
0
0
0
0
0
0
0
0
0
0
0
0
0
0
0
0
0
0
0
0
0
0
0
0
0
0
0
0
0
0
0
0
0
0
0
0
0
0
0
0
0
0
0
0
0
0
0
0
0
0
0
0
0
0
0
0
0
0
0
0
0
0
0
0
0
0
0
0
0
0
0
0
0
0
0
0
0
0
0
0
0
0
0
0
0
0
0
0
0
0
0
0
0
0
0
0
0
0
0
0
0
0
0
0
0
0
0
0
0
0
0
0
0
0
0
0
0
0
0
0
0
0
0
0
0
0
0
0
0
0
0
0
0
0
0
0
0
0
0
0
0
0
0
0
0
0
0
0
0
0
0
0
0
0
0
0
0
0
0
0
0
0
0
0
0
0
0
0
0
0
0
0
0
0
0
0
0
0
0
0
0
0
0
0
0
0
0
0
0
0
0
0
0
0
0
0
0
0
0
0
0
0
0
0
0
0
0
0
0
0
0
0
0
0
0
0
0
0
0
0
0
0
0
0
0
0
0
0
0
0
0
0
0
0
0
0
0
0
0
0
0
0
0
0
0
0
0
0
0
0
0
0
0
0
0
0
0
0
0
0
0
0
0
0
0
0
0
0
0
0
0
0
0
0
0
0
0
0
0
0
0
0
0
0
0
0
0
0
0
0
0
0
0
0
0
0
0
0
0
0
0
0
0
0
0
0
0
0
0
0
0
0
0
0
0
0
0
0
0
0
0
0
0
0
0
0
0
0
0
0
0
0
0
0
0
0
0
0
0
0
0
0
0
0
0
0
0
0
0
0
0
0
0
0
0
0
0
0
0
0
0
0
0
0
0
0
0
0
0
0
0
0
0
0
0
0
0
0
0
0
0
0
0
0
0
0
0
0
0
0
0
0
0
0
0
0
0
0
0
0
0
0
0
0
0
0
0
0
0
0
0
0
0
0
0
0
0
0
0
0
0
0
0
0
0
0
0
0
0
0
0
0
0
0
0
0
0
0
0
0
0
0
0
0
0
0
0
0
0
0
0
0
0
0
0
0
0
0
0
0
0
0
0
0
0
0
0
0
0
0
0
0
0
0
0
0
0
0
0
0
0
0
0
0
0
0
0
0
0
0
0
0
0
0
0
0
0
0
0
0
0
0
0
0
0
0
0
0
0
0
0
0
0
0
0
0
0
0
0
0
0
0
0
0
0
0
0
0
0
0
0
0
0
0
0
0
0
0
0
0
0
0
0
0
0
0
0
0
0
0
0
0
0
0
0
0
0
0
0
0
0
0
0
0
0
0
0
0
0
0
0
0
0
0
0
0
0
0
0
0
0
0
0
0
0
0
0
0
0
0
0
0
0
0
0
0
0
0
0
0
0
0
0
0
0
0
0
0
0
0
0
0
0
0
0
0
0
0
0
0
0
0
0
0
0
0
0
0
0
0
0
0
0
0
0
0
0
0
0
0
0
0
0
0
0
0
0
0
0
0
0
0
0
0
0
0
0
0
0
0
0
0
0
0
0
0
0
0
0
0
0
0
0
0
0
0
0
0
0
0
0
0
0
0
0
0
0
0
0
0
0
0
0
0
0
0
0
0
0
0
0
0
0
0
0
0
0
0
0
0
0
0
0
0
0
0
0
0
0
0
0
0
0
0
0
0
0
0
0
0
0
0
0
0
0
0
0
0
0
0
0
0
0
0
0
0
0
0
0
0
0
0
0
0
0
0
0
0
0
0
0
0
0
0
0
0
0
0
0
0
0
0
0
0
0
0
0
0
0
0
0
0
0
0
0
0
0
0
0
0
0
0
0
0
0
0
0
0
0
0
0
0
0
0
0
0
0
0
0
0
0
0
0
0
0
0
0
0
0
0
0
0
0
0
0
0
0
0
0
0
0
0
0
0
0
0
0
0
0
0
0
0
0
0
0
0
0
0
0
0
0
0
0
0
0
0
0
0
0
0
0
0
0
0
0
0
0
0
0
0
0
0
0
0
0
0
0
0
0
0
0
0
0
0
0
0
0
0
0
0
0
0
0
0
0
0
0
0
0
0
0
0
0
0
0
0
0
0
0
0
0
0
0
0
0
0
0
0
0
0
0
0
0
0
0
0
0
0
0
0
0
0
0
0
0
0
0
0
0
0
0
0
0
0
0
0
0
0
0
0
0
0
0
0
0
0
0
0
0
0
0
0
0
0
0
0
0
0
0
0
0
0
0
0
0
0
0
0
0
0
0
0
0
0
0
0
0
0
0
0
0
0
0
0
0
0
0
0
0
0
0
0
0
0
0
0
0
0
0
0
0
0
0
0
0
0
0
0
0
0
0
0
0
0
0
0
0
0
0
0
0
0
0
0
0
0
0
0
0
0
0
0
0
0
0
0
0
0
0
0
0
0
0
0
0
0
0
0
0
0
0
0
0
0
0
0
0
0
0
0
0
0
0
0
0
0
0
0
0
0
0
0
0
0
0
0
0
0
0
0
0
0
0
0
0
0
0
0
0
0
0
0
0
0
0
0
0
0
0
0
0
0
0
0
0
0
0
0
0
0
0
0
0
0
0
0
0
0
0
0
0
0
0
0
0
0
0
0
0
0
0
0
0
0
0
0
0
0
0
0
0
0
0
0
0
0
0
0
0
0
0
0
0
0
0
0
0
0
0
0
0
0
0
0
0
0
0
0
0
0
0
0
0
0
0
0
0
0
0
0
0
0
0
0
0
0
0
0
0
0
0
0
0
0
0
0
0
0
0
0
0
0
0
0
0
0
0
0
0
0
0
0
0
0
0
0
0
0
0
0
0
0
0
0
0
0
0
0
0
0
0
0
0
0
0
0
0
0
0
0
0
0
0
0
0
0
0
0
0
0
0
0
0
0
0
0
0
0
0
0
0
0
0
0
0
0
0
0
0
0
0
0
0
0
0
0
0
0
0
0
0
0
0
0
0
0
0
0
0
0
0
0
0
0
0
0
0
0
0
0
0
0
0
0
0
0
0
0
0
0
0
0
0
0
0
0
0
0
0
0
0
0
0
0
0
0
0
0
0
0
0
0
0
0
0
0
0
0
0
0
0
0
0
0
0
0
0
0
0
0
0
0
0
0
0
0
0
0
0
0
0
0
0
0
0
0
0
0
0
0
0
0
0
0
0
0
0
0
0
0
0
0
0
0
0
0
0
0
0
0
0
0
0
0
0
0
0
0
0
0
0
0
0
0
0
0
0
0
0
0
0
0
0
0
0
0
0
0
0
0
0
0
0
0
0
0
0
0
0
0
0
0
0
0
0
0
0
0
0
0
0
0
0
0
0
0
0
0
0
0
0
0
0
0
0
0
0
0
0
0
0
0
0
0
0
0
0
0
0
0
0
0
0
0
0
0
0
0
0
0
0
0
0
0
0
0
0
0
0
0
0
0
0
0
0
0
0
0
0
0
0
0
0
0
0
0
0
0
0
0
0
0
0
0
0
0
0
0
0
0
0
0
0
0
0
0
0
0
0
0
0
0
0
0
0
0
0
0
0
0
0
0
0
0
0
0
0
0
0
0
0
0
0
0
0
0
0
0
0
0
0
0
0
0
0
0
0
0
0
0
0
0
0
0
0
0
0
0
0
0
0
0
0
0
0
0
0
0
0
0
0
0
0
0
0
0
0
0
0
0
0
0
0
0
0
0
0
0
0
0
0
0
0
0
0
0
0
0
0
0
0
0
0
0
0
0
0
0
0
0
0
0
0
0
0
0
0
0
0
0
0
0
0
0
0
0
0
0
0
0
0
0
0
0
0
0
0
0
0
0
0
0
0
0
0
0
0
0
0
0
0
0
0
0
0
0
0
0
0
0
0
0
0
0
0
0
0
0
0
0
0
0
0
0
0
0
0
0
0
0
0
0
0
0
0
0
0
0
0
0
0
0
0
0
0
0
0
0
0
0
0
0
0
0
0
0
0
0
0
0
0
0
0
0
0
0
0
0
0
0
0
0
0
0
0
0
0
0
0
0
0
0
0
0
0
0
0
0
0
0
0
0
0
0
0
0
0
0
0
0
0
0
0
0
0
0
0
0
0
0
0
0
0
0
0
0
0
0
0
0
0
0
0
0
0
0
0
0
0
0
0
0
0
0
0
0
0
0
0
0
0
0
0
0
0
0
0
0
0
0
0
0
0
0
0
0
0
0
0
0
0
0
0
0
0
0
0
0
0
0
0
0
0
0
0
0
0
0
0
0
0
0
0
0
0
0
0
0
0
0
0
0
0
0
0
0
0
0
0
0
0
0
0
0
0
0
0
0
0
0
0
0
0
0
0
0
0
0
0
0
0
0
0
0
0
0
0
0
0
0
0
0
0
0
0
0
0
0
0
0
0
0
0
0
0
0
0
0
0
0
0
0
0
0
0
0
0
0
0
0
0
0
0
0
0
0
0
0
0
0
0
0
0
0
0
0
0
0
0
0
0
0
0
0
0
0
0
0
0
0
0
0
0
0
0
0
0
0
0
0
0
0
0
0
0
0
0
0
0
0
0
0
0
0
0
0
0
0
0
0
0
0
0
0
0
0
0
0
0
0
0
0
0
0
0
0
0
0
0
0
0
0
0
0
0
0
0
0
0
0
0
0
0
0
0
0
0
0
0
0
0
0
0
0
0
0
0
0
0
0
0
0
0
0
0
0
0
0
0
0
0
0
0
0
0
0
0
0
0
0
0
0
0
0
0
0
0
0
0
0
0
0
0
0
0
0
0
0
0
0
0
0
0
0
0
0
0
0
0
0
0
0
0
0
0
0
0
0
0
0
0
0
0
0
0
0
0
0
0
0
0
0
0
0
0
0
0
0
0
0
0
0
0
0
0
0
0
0
0
0
0
0
0
0
0
0
0
0
0
0
0
0
0
0
0
0
0
0
0
0
0
0
0
0
0
0
0
0
0
0
0
0
0
0
0
0
0
0
0
0
0
0
0
0
0
0
0
0
0
0
0
0
0
0
0
0
0
0
0
0
0
0
0
0
0
0
0
0
0
0
0
0
0
0
0
0
0
0
0
0
0
0
0
0
0
0
0
0
0
0
0
0
0
0
0
0
0
0
0
0
0
0
0
0
0
0
0
0
0
0
0
0
0
0
0
0
0
0
0
0
0
0
0
0
0
0
0
0
0
0
0
0
0
0
0
0
0
0
0
0
0
0
0
0
0
0
0
0
0
0
0
0
0
0
0
0
0
0
0
0
0
0
0
0
0
0
0
0
0
0
0
0
0
0
0
0
0
0
0
0
0
0
0
0
0
0
0
0
0
0
0
0
0
0
0
0
0
0
0
0
0
0
0
0
0
0
0
0
0
0
0
0
0
0
0
0
0
0
0
0
0
0
0
0
0
0
0
0
0
0
0
0
0
0
0
0
0
0
0
0
0
0
0
0
0
0
0
0
0
0
0
0
0
0
0
0
0
0
0
0
0
0
0
0
0
0
0
0
0
0
0
0
0
0
0
0
0
0
0
0
0
0
0
0
0
0
0
0
0
0
0
0
0
0
0
0
0
0
0
0
0
0
0
0
0
0
0
0
0
0
0
0
0
0
0
0
0
0
0
0
0
0
0
0
0
0
0
0
0
0
0
0
0
0
0
0
0
0
0
0
0
0
0
0
0
0
0
0
0
0
0
0
0
0
0
0
0
0
0
0
0
0
0
0
0
0
0
0
0
0
0
0
0
0
0
0
0
0
0
0
0
0
0
0
0
0
0
0
0
0
0
0
0
0
0
0
0
0
0
0
0
0
0
0
0
0
0
0
0
0
0
0
0
0
0
0
0
0
0
0
0
0
0
0
0
0
0
0
0
0
0
0
0
0
0
0
0
0
0
0
0
0
0
0
0
0
0
0
0
0
0
0
0
0
0
0
0
0
0
0
0
0
0
0
0
0
0
0
0
0
0
0
0
0
0
0
0
0
0
0
0
0
0
0
0
0
0
0
0
0
0
0
0
0
0
0
0
0
0
0
0
0
0
0
0
0
0
0
0
0
0
0
0
0
0
0
0
0
0
0
0
0
0
0
0
0
0
0
0
0
0
0
0
0
0
0
0
0
0
0
0
0
0
0
0
0
0
0
0
0
0
0
0
0
0
0
0
0
0
0
0
0
0
0
0
0
0
0
0
0
0
0
0
0
0
0
0
0
0
0
0
0
0
0
0
0
0
0
0
0
0
0
0
0
0
0
0
0
0
0
0
0
0
0
0
0
0
0
0
0
0
0
0
0
0
0
0
0
0
0
0
0
0
0
0
0
0
0
0
0
0
0
0
0
0
0
0
0
0
0
0
0
0
0
0
0
0
0
0
0
0
0
0
0
0
0
0
0
0
0
0
0
0
0
0
0
0
0
0
0
0
0
0
0
0
0
0
0
0
0
0
0
0
0
0
0
0
0
0
0
0
0
0
0
0
0
0
0
0
0
0
0
0
0
0
0
0
0
0
0
0
0
0
0
0
0
0
0
0
0
0
0
0
0
0
0
0
0
0
0
0
0
0
0
0
0
0
0
0
0
0
0
0
0
0
0
0
0
0
0
0
0
0
0
0
0
0
0
0
0
0
0
0
0
0
0
0
0
0
0
0
0
0
0
0
0
0
0
0
0
0
0
0
0
0
0
0
0
0
0
0
0
0
0
0
0
0
0
0
0
0
0
0
0
0
0
0
0
0
0
0
0
0
0
0
0
0
0
0
0
0
0
0
0
0
0
0
0
0
0
0
0
0
0
0
0
0
0
0
0
0
0
0
0
0
0
0
0
0
0
0
0
0
0
0
0
0
0
0
0
0
0
0
0
0
0
0
0
0
0
0
0
0
0
0
0
0
0
0
0
0
0
0
0
0
0
0
0
0
0
0
0
0
0
0
0
0
0
0
0
0
0
0
0
0
0
0
0
0
0
0
0
0
0
0
0
0
0
0
0
0
0
0
0
0
0
0
0
0
0
0
0
0
0
0
0
0
0
0
0
0
0
0
0
0
0
0
0
0
0
0
0
0
0
0
0
0
0
0
0
0
0
0
0
0
0
0
0
0
0
0
0
0
0
0
0
0
0
0
0
0
0
0
0
0
0
0
0
0
0
0
0
0
0
0
0
0
0
0
0
0
0
0
0
0
0
0
0
0
0
0
0
0
0
0
0
0
0
0
0
0
0
0
0
0
0
0
0
0
0
0
0
0
0
0
0
0
0
0
0
0
0
0
0
0
0
0
0
0
0
0
0
0
0
0
0
0
0
0
0
0
0
0
0
0
0
0
0
0
0
0
0
0
0
0
0
0
0
0
0
0
0
0
0
0
0
0
0
0
0
0
0
0
0
0
0
0
0
0
0
0
0
0
0
0
0
0
0
0
0
0
0
0
0
0
0
0
0
0
0
0
0
0
0
0
0
0
0
0
0
0
0
0
0
0
0
0
0
0
0
0
0
0
0
0
0
0
0
0
0
0
0
0
0
0
0
0
0
0
0
0
0
0
0
0
0
0
0
0
0
0
0
0
0
0
0
0
0
0
0
0
0
0
0
0
0
0
0
0
0
0
0
0
0
0
0
0
0
0
0
0
0
0
0
0
0
0
0
0
0
0
0
0
0
0
0
0
0
0
0
0
0
0
0
0
0
0
0
0
0
0
0
0
0
0
0
0
0
0
0
0
0
0
0
0
0
0
0
0
0
0
0
0
0
0
0
0
0
0
0
0
0
0
0
0
0
0
0
0
0
0
0
0
0
0
0
0
0
0
0
0
0
0
0
0
0
0
0
0
0
0
0
0
0
0
0
0
0
0
0
0
0
0
0
0
0
0
0
0
0
0
0
0
0
0
0
0
0
0
0
0
0
0
0
0
0
0
0
0
