-64
265
-2606
-2112
-2768
-2497
-2823
-217
169
-3228
-2876
-1982
-2848
771
-106
-831
54
242
-1864
-2353
499
-2783
-15578
-108
678
-2844
-2410
-2738
-3262
-17378
125
610
124
2793
-4999
-3936
-4414
-6008
-5017
21
4849
-7287
-5915
-6276
-6941
235
289
3572
-220
1486
-5875
-5510
5054
-5084
-22297
-470
2581
-7215
-6584
-110
-7791
-14440
-214
2540
34
1363
-5376
-4099
-5325
-5467
-5388
3
1751
-6117
-4887
-5521
-5489
-534
109
811
-161
-252
-5640
-5924
4404
-5364
-15915
-342
-2226
-6404
-4558
1064
-5810
-16015
-152
-2165
-158
1276
-3496
-589
-3338
-2377
-2688
-251
469
-4146
-1168
-2430
-3835
194
-231
613
196
128
-1677
-2947
147
-2536
-25672
-117
-1099
-3190
-3497
-3495
-3632
-25209
135
-483
-260
792
-3820
-477
-2441
-3127
-3245
-217
1116
-4867
-1414
-3105
-4857
-861
-183
759
151
-8
-1282
-3631
-1223
-3187
-22676
103
-287
-3549
-4580
-4129
-4745
-19883
215
283
-481
499
-4300
-4346
-4164
-4780
-4394
-255
680
-4708
-4705
-3459
-4987
-762
-168
319
190
240
-2928
-5109
3398
-4283
-14179
151
-209
-4351
-4809
75
-4225
-14833
359
442
-525
502
-3362
-4358
-2411
-3878
-3644
-375
513
-5380
-6675
-3589
-5163
2672
-198
304
166
-157
-2929
-4339
2415
-3482
-18198
115
644
-5855
-5586
-1744
-4402
-14624
319
1068
-205
477
-2385
-3735
-2032
-3944
-3638
-171
920
-3130
-5666
-2735
-4136
2570
-13
756
-101
-814
-3286
-3661
1068
-3649
-13983
-150
-965
-5498
-3919
-1870
-3610
-16446
98
-1122
-115
-621
-3089
-1502
-3172
-2337
-2777
-66
468
-4032
-1959
-3482
-3432
1203
-107
-61
-27
2567
-3575
-4227
2714
-2674
-25427
-145
3505
-5347
-2848
-2341
-3757
-26002
86
1369
-127
116
-15467
-11649
-15302
-16266
-15525
134
130
-7663
-5786
-10758
-6923
-6042
464
26
-621
1286
-14225
-18208
12981
-15479
18859
-151
2002
-8948
-6698
6193
-8264
-18912
150
1868
29
624
-8440
-7358
-9052
-8284
-8326
120
-66
-5908
-4362
-5931
-5710
-3909
358
237
-362
-1622
-9292
-9606
9515
-8181
-7487
-213
-5238
-6871
-4100
2741
-4588
-20960
70
-3103
222
1084
-4596
-2765
-5699
-3429
-4384
107
464
-4723
-785
-4560
-4439
-3632
-37
1115
34
586
-4668
-3597
2447
-4225
-19459
-262
-557
-4402
-3608
-1749
-2506
-20809
70
761
51
985
-6327
-2208
-5549
-4263
-5415
105
-48
-5768
394
-5896
-4595
-4042
-38
17
-85
-547
-2783
-3645
-1484
-5205
-19991
69
-419
-3333
-4490
-2583
-4192
-25496
181
381
1
-88
-4089
-3538
-3468
-3894
-3898
42
-1021
-4673
-2321
-5058
-4311
-1889
-87
-445
82
-590
-1820
-1589
-231
-3583
-22435
259
-907
-3004
-4157
-933
-3680
-23353
320
215
38
646
-1620
-2573
-1742
-1215
-2396
88
-1166
-5725
-5521
-6027
-5686
3334
-133
-320
26
-341
-1692
-1337
-1178
-2028
31709
74
-41
-6596
-5717
-5071
-5450
-20536
250
482
104
-309
-1903
-2177
-1850
-3124
-3457
102
-1332
-5129
-5537
-6017
-5701
5192
105
-1935
-272
-1063
-2625
-3871
-270
-3324
-18368
-217
-569
-7141
-4485
-4829
-5270
-12098
-117
-1181
10
-751
-2372
-1902
-3272
-1599
-2411
-33
-485
-2620
-1991
-2298
-2484
-1311
-12
-428
-88
498
-3102
-3549
3225
-2355
-14007
-260
943
-2669
-2549
-321
-2728
-15471
-35
338
86
-3493
-5140
-4255
-5601
-3229
-4485
-2
-5185
-4065
-2775
-3597
-3179
-2424
132
-4298
-209
889
-3931
-6339
4867
-4451
-16811
-216
1333
-2524
-3810
1032
-3518
-23746
-30
460
270
-2023
-3728
-4713
-4365
-1727
-3035
69
-2383
-3137
-3772
-2864
-2684
-1909
81
-1085
-17
98
-2582
-3450
4426
-2788
-28123
-132
120
-1628
-3282
1211
-1985
-30811
-209
242
459
-18
-4700
-6195
-5850
-2721
-4777
200
552
-2501
-2796
-4014
-2058
-2693
121
1132
-21
1212
-3086
-3118
2535
-4711
-16441
-137
746
-2335
-3311
-8
-1353
-26001
-70
1646
506
295
-4393
-2988
-4731
-957
-3546
287
-375
-4806
-1379
-4745
-3689
-1383
-32
-333
21
-1017
-1654
-2520
-693
-3563
-24681
-5
-1305
-2854
-4781
-4005
-3213
-24069
31
-194
468
321
-2107
-2118
-1864
-202
-2320
204
371
-3334
-2818
-3338
-2956
-34
-130
456
197
503
-1871
-1111
-2208
-2259
-25546
136
-381
-4346
-3525
-3687
-3090
-21475
240
-642
380
122
-3141
-2405
-3448
-131
-3670
353
746
-2383
-3189
-2969
-1484
659
-149
359
-132
399
-3010
-610
-3874
-3445
-16658
121
228
-4263
-2646
-3464
-2896
-22553
132
130
435
450
-2858
-541
-1842
-1088
-3202
238
401
-4021
-2152
-3941
-3157
1948
39
-1146
-265
-2357
-1904
-2051
-3533
-3087
-20470
-315
-1349
-4695
-2734
-4644
-3296
-20632
-205
-616
18
720
-2713
-2479
-2677
-1668
-2509
-68
745
-2834
-1989
-2967
-2039
-1152
10
-263
-207
125
-2740
-2785
2623
-2483
-17262
-165
424
-2042
-2643
1217
-2466
-20282
-52
-149
-168
4909
-3975
-3443
-3224
-3926
-3547
-154
5027
-4003
-3203
-4436
-3518
-2170
-40
3633
-111
636
-1930
-4665
2235
-3668
-24665
175
794
-2771
-3775
1258
-4305
-26511
150
1003
-93
1933
-5225
-4919
-873
-4900
-3655
-179
2325
-7431
-6718
-4535
-5362
-208
-39
2083
64
-70
-1372
-5129
999
-3797
-19156
119
660
-2500
-5274
-412
-5057
-15390
2
785
215
268
-3806
-5599
-662
-3329
-3248
53
-307
-4705
-5846
-3280
-4257
498
32
220
45
647
-152
-3418
-716
-3238
-16490
-12
-473
-919
-4780
-3466
-3026
-14941
-116
-372
363
-242
-3680
-4274
-4039
-1214
-3254
317
-340
-4350
-4689
-3106
-3455
1294
-17
-33
6
-854
-776
-3746
1227
-3281
-19504
-50
-1034
-1893
-4735
-4251
-3456
-18875
118
-1234
305
-843
-2056
-3403
-2330
-830
-2841
237
414
-2327
-4397
-1498
-2686
93
-62
849
80
266
-3511
-2556
1166
-2784
-20823
2
350
-4025
-3016
-3011
-2459
-20338
104
435
293
-240
-4062
-3248
-2353
-2722
-4449
245
1087
-4400
-4888
-3498
-3412
2077
26
750
-57
381
-5586
-2594
-346
-4401
-22455
28
1176
-6660
-3769
-3803
-3986
-23554
5
1331
292
-49
-3686
-2106
-1080
-2860
-3939
270
705
-4841
-4353
-3710
-4114
2958
93
-334
-328
-2109
-3182
-2526
-1914
-3653
-21104
-88
-2193
-5722
-2803
-3979
-4375
-21314
-112
-1081
-238
596
-3944
-4568
-4094
-4360
-4374
-149
809
-5496
-5296
-4864
-5362
-996
-5
575
-31
5141
-4681
-5753
4946
-4128
-19738
216
4676
-6359
-5219
1425
-5860
-17028
72
3006
-374
337
-10265
-10919
-12339
-10113
-10281
-34
349
-6519
-8793
-8900
-5993
-3271
116
-119
-88
66
-9337
-12566
12132
-10145
488
570
-49
-8541
-7419
6976
-7218
-17537
511
381
-283
888
-6597
-6987
-6122
-8096
-6400
-42
267
-7006
-6777
-6278
-6444
-1284
-148
231
6
-5273
-4997
-7494
5901
-6515
-12381
420
-4372
-5692
-6531
1578
-6409
-16780
313
-3193
-31
-1300
-4492
-3691
-2382
-3394
-3274
-10
-1992
-5890
-5006
-1935
-4634
1117
-3
-1079
36
-597
-2463
-3337
1705
-3350
-24556
33
-989
-2731
-5191
-4006
-4497
-22718
102
-1204
230
-430
-5296
-4692
-3809
-1788
-3994
333
-581
-4619
-3456
-2644
-2185
-294
158
-253
-168
-132
-4059
-4631
4496
-4091
-13464
6
244
-2386
-3525
-1102
-2559
-18590
-101
109
148
41
-3056
-3169
-1244
-785
-2738
149
-188
-3396
-2351
-727
-2186
-1621
-96
81
58
-959
-4599
-2488
1846
-2784
-20691
162
-541
-3965
-1876
-2441
-1555
-20623
90
133
219
-306
-3776
-3542
463
-2493
-3864
108
-629
-3942
-5105
-1382
-2770
2289
50
-354
186
-910
-6010
-2655
-1278
-3771
-20348
83
1181
-6908
-1897
-3925
-3545
-21995
-38
1177
-30
-559
-4277
-2064
-474
-3592
-4094
37
-736
-4424
-4376
-2004
-3114
3732
-13
-649
-224
-1666
-4762
-2989
-961
-3662
-18866
50
-2016
-6642
-563
-3776
-3793
-23585
-9
-1585
-347
-1236
-5026
-3883
-5197
-4263
-4494
-275
-1528
-7185
-5446
-3726
-6598
-3139
-152
-605
188
4251
-4004
-5078
3411
-4571
-19686
194
3686
-5637
-5802
-1824
-6360
-11146
43
2246
-296
-1099
-8804
-9707
-10966
-7765
-8971
-71
-1329
-6872
-8153
-6100
-6508
-3725
76
-873
-88
2964
-9254
-10105
10024
-8757
-3919
521
1998
-9351
-8086
4195
-7615
-12710
453
1463
-245
-1016
-6667
-8150
-9536
-6368
-7466
11
-1396
-5959
-6962
-6947
-6345
-3402
-145
-1092
-78
-4398
-9071
-8267
9967
-7273
-11124
469
-3371
-9982
-7461
4214
-6903
-13909
425
-3373
-139
1726
-6077
-6567
-5368
-4894
-5361
-56
1395
-6333
-5724
-4963
-4675
-2483
-109
1871
-156
-1412
-6786
-6203
7668
-5468
-25196
186
338
-6681
-6720
2321
-5206
-25871
124
93
-91
1623
-6387
-5614
-3279
-2835
-4235
-54
924
-8273
-5658
-5100
-5075
-2935
-30
1039
-103
1111
-5913
-5256
5875
-4543
-27499
270
152
-5630
-7464
967
-5475
-17458
111
302
190
-669
-3903
-3964
89
-145
-2699
28
-260
-4382
-2149
-1603
-1802
-3479
-129
-123
160
-127
-4860
-3033
1149
-2599
-19208
324
-1699
-4667
-3484
-648
-1634
-15100
4
-1184
107
-2294
-3259
-2746
362
197
-2018
-103
-1675
-3278
-2501
-488
-182
30
-102
-1718
218
-1241
-4016
-2032
442
-1871
-16562
164
20
-4686
-1053
-694
-1255
-17707
0
-45
38
-1777
-2690
-1656
-203
-1639
-2348
-138
-1598
-3607
-4133
-892
-2250
3514
22
-2050
-219
-1060
-3061
-2411
417
-2034
-18516
-147
-823
-4728
-1244
-2903
-2920
-18650
-134
-756
-252
-799
-4185
-3004
-1724
-2997
-3305
-275
-994
-3694
-2686
-1307
-2425
-1365
-147
-1571
134
620
-3221
-3669
1594
-3469
-14661
-107
999
-2440
-2215
-1398
-1817
-19772
12
201
-144
-4733
-5827
-5712
-2928
-3572
-5235
-284
-3424
-5514
-5193
-3314
-3492
-1369
-52
-2798
43
2712
-6419
-5624
3214
-5158
-25447
231
1564
-5276
-5846
-1009
-3812
-29339
195
1621
-218
-1410
-6046
-8252
-6953
-5029
-6590
-197
411
-6622
-7762
-8588
-6299
-2927
-119
444
0
1604
-7525
-7538
8139
-6242
-24922
451
1944
-9741
-9168
3504
-4990
-19939
220
2631
-349
3708
-10095
-11195
-10845
-8536
-8951
-14
2389
-8367
-8338
-11261
-6342
-4461
98
1860
-102
1284
-9428
-10388
13460
-8835
-14512
515
1004
-10381
-9393
9413
-6857
-18881
256
-73
-230
1313
-8472
-9077
-6901
-6002
-6533
-30
982
-8355
-7411
-7187
-5408
-1981
10
589
-26
-1331
-7821
-8073
10818
-6634
-14520
368
-663
-8349
-7439
5874
-5642
-15151
283
-777
-125
-1152
-4148
-4039
321
-1924
-3279
-228
-714
-3140
-2318
-1024
-1485
-397
-199
-884
86
-2334
-5431
-4426
1891
-3092
-15965
176
-2862
-4983
-2944
-686
-380
-22322
106
-2173
-154
-1200
-1858
-1888
1200
-633
-1357
-284
-234
-3939
-3449
-2410
-2228
2055
-193
-374
31
-1227
-1995
-2407
407
-1029
-22912
-120
39
-4775
-2839
-2009
-1131
-18337
-31
-328
-33
-400
-2568
-1960
-353
-1643
-1843
-158
79
-4071
-3770
-2908
-2982
3090
-20
-983
-346
-390
-1089
-3018
1041
-1686
-19280
-420
-145
-2888
-2917
-2616
-3022
-16352
-351
-87
-236
-202
-3194
-3411
1676
-2612
-2393
-202
-281
-3683
-4180
-1423
-3189
-956
-51
-423
-88
21
-1558
-3448
-487
-2370
-13940
-328
-242
-560
-2736
-2406
-2200
-14236
-39
-314
-242
-784
-3012
-3760
169
-1888
-2397
-477
-937
-4012
-4657
-2762
-3087
473
-198
-654
48
673
-3089
-3616
1401
-2424
-24860
-96
595
-3305
-3548
-3049
-2164
-22990
-27
629
-301
-2141
-6839
-7598
-5762
-4993
-6385
-398
-1931
-6942
-7332
-6522
-4978
-565
-148
-896
82
3951
-5912
-7818
5289
-6211
-19939
239
4084
-6946
-6850
-528
-4390
-23951
170
2631
-314
-1994
-10787
-10105
-10887
-8494
-9647
-21
-1817
-7245
-7060
-6336
-5371
-3131
-18
-958
-82
1202
-10732
-10546
11429
-9437
1905
508
935
-9548
-7490
5334
-6154
-14539
334
326
-265
-1992
-7527
-6995
-6823
-6215
-6585
-37
-2238
-5370
-4851
-4077
-4414
-1017
-78
-2297
-77
-4077
-9561
-6823
9734
-6491
-7544
286
-4102
-8665
-5279
3033
-4596
-16784
307
-3491
-375
-1039
-1128
-1239
-698
-1163
-1183
-339
-514
-2007
-2238
-638
-3000
746
-310
-747
10
-1765
-3508
-1896
1974
-1069
-24156
-20
-1507
-4703
-2612
-2530
-1553
-21616
24
-921
-352
-155
-1742
-1871
-741
-1583
-1718
-280
266
-3562
-4485
-3242
-3646
3046
-160
93
-132
144
-2577
-2946
2112
-1359
-18203
-268
1184
-5221
-3949
-2225
-2885
-13365
-235
952
-162
-254
-3717
-3689
-2610
-3492
-3490
-251
-341
-3193
-3745
-3704
-3134
831
-66
-227
-299
-770
-3313
-5023
3151
-3423
-11175
-423
-88
-3276
-3410
-878
-3520
-16049
-214
328
0
0
0
0
0
0
0
0
0
0
0
-3247
-2871
-3070
-1638
-2482
0
0
0
0
0
0
0
0
0
0
0
-1048
-1819
403
-2642
-13457
0
0
0
0
0
0
0
0
0
0
0
-2769
-3211
-3060
-2910
-3439
0
0
0
0
0
0
0
0
0
0
0
-4091
-3464
2418
-3218
-24771
0
0
0
0
0
0
0
0
0
0
0
-3530
-3162
-3388
-3326
-3982
0
0
0
0
0
0
0
0
0
0
0
-4054
-3990
1697
-3816
-18390
0
0
0
0
0
0
0
0
0
0
0
-3830
-2865
-4572
-468
-3777
0
0
0
0
0
0
0
0
0
0
0
-2361
-3341
-674
-3723
-16377
0
0
0
0
0
0
0
0
0
0
0
-3473
-2149
-3749
-955
-2983
0
0
0
0
0
0
0
0
0
0
0
-1183
-2967
-408
-2902
-19065
0
0
0
0
0
0
0
0
0
0
0
-4244
-3923
-3529
-2239
-3405
0
0
0
0
0
0
0
0
0
0
0
-2011
-4369
2625
-3311
-15117
0
0
0
0
0
0
0
0
0
0
0
-4521
-4126
-2351
-2541
-3689
0
0
0
0
0
0
0
0
0
0
0
-2566
-4607
1976
-3617
-14797
0
0
0
0
0
0
0
0
0
0
0
-4006
-2882
-1799
-2528
-3014
0
0
0
0
0
0
0
0
0
0
0
-1930
-2745
697
-2909
-14907
0
0
0
0
0
0
0
0
0
0
0
-3396
-2147
-3047
-1805
-2731
0
0
0
0
0
0
0
0
0
0
0
-2279
-3598
1959
-2975
-20744
0
0
0
0
0
0
0
0
0
0
0
-9098
-6421
-7475
-9557
-8089
0
0
0
0
0
0
0
0
0
0
0
-8177
-11010
9503
-8094
-12196
0
0
0
0
0
0
0
0
0
0
0
-6286
-5021
-4132
-4054
-5543
0
0
0
0
0
0
0
0
0
0
0
-6957
-5817
4590
-5168
-17262
0
0
0
0
0
0
0
0
0
0
0
-5277
-3845
-5006
174
-4265
0
0
0
0
0
0
0
0
0
0
0
-5196
-2077
-660
-4264
-15890
0
0
0
0
0
0
0
0
0
0
0
-5399
-3733
-7035
-1194
-4992
0
0
0
0
0
0
0
0
0
0
0
-3618
-3309
-1860
-4977
-17361
0
0
0
0
0
0
0
0
0
0
0
-3904
-4139
-4253
-1137
-3470
0
0
0
0
0
0
0
0
0
0
0
-2457
-1296
-1240
-3318
-21106
0
0
0
0
0
0
0
0
0
0
0
-3719
-3680
-2513
397
-3396
0
0
0
0
0
0
0
0
0
0
0
-3077
-2606
-2330
-3139
-24120
0
0
0
0
0
0
0
0
0
0
0
-2547
-1335
-1268
-1214
-2157
0
0
0
0
0
0
0
0
0
0
0
-1055
-3106
-576
-1889
-20845
0
0
0
0
0
0
0
0
0
0
0
-2263
-1645
-2376
-700
-1643
0
0
0
0
0
0
0
0
0
0
0
-1368
-3162
2508
-1800
-14405
0
0
0
0
0
0
0
0
0
0
0
-2618
-3793
-3725
-1961
-3618
0
0
0
0
0
0
0
0
0
0
0
-3327
-5778
2594
-3600
-17462
0
0
0
0
0
0
0
0
0
0
0
-2685
-4780
-3313
-1373
-3295
0
0
0
0
0
0
0
0
0
0
0
-3574
-2788
1169
-3242
-23148
0
0
0
0
0
0
0
0
0
0
0
-3828
-4815
-5316
-276
-3843
0
0
0
0
0
0
0
0
0
0
0
-3383
-2172
-540
-3772
-20075
0
0
0
0
0
0
0
0
0
0
0
-3770
-4187
-7333
2875
-4307
0
0
0
0
0
0
0
0
0
0
0
-3638
-3960
-3003
-4355
-18392
0
0
0
0
0
0
0
0
0
0
0
-2714
-2827
-3385
2713
-2507
0
0
0
0
0
0
0
0
0
0
0
-2866
-1703
-3313
-2529
-23366
0
0
0
0
0
0
0
0
0
0
0
-3176
-2928
-5201
133
-4473
0
0
0
0
0
0
0
0
0
0
0
-4451
-2723
-4479
-4342
-11829
0
0
0
0
0
0
0
0
0
0
0
-1768
-995
-2868
-347
-2713
0
0
0
0
0
0
0
0
0
0
0
-1127
-3133
-3013
-2567
-20011
0
0
0
0
0
0
0
0
0
0
0
-1542
-1730
-2266
-214
-1515
0
0
0
0
0
0
0
0
0
0
0
-1466
-2084
1527
-1462
-19038
0
0
0
0
0
0
0
0
0
0
0
-1998
-3675
-2994
-3938
-3865
0
0
0
0
0
0
0
0
0
0
0
-3201
-4657
2235
-3766
-19137
0
0
0
0
0
0
0
0
0
0
0
-2077
-3440
-375
-3427
-2748
0
0
0
0
0
0
0
0
0
0
0
-2663
-3050
338
-2715
-21902
0
0
0
0
0
0
0
0
0
0
0
-3024
-4395
-2346
-833
-3142
0
0
0
0
0
0
0
0
0
0
0
-1429
-3147
-1632
-3110
-15226
0
0
0
0
0
0
0
0
0
0
0
-3315
-4004
-5668
3018
-3370
0
0
0
0
0
0
0
0
0
0
0
-2167
-5283
-833
-3200
-16853
0
0
0
0
0
0
0
0
0
0
0
-3582
-3426
-3330
1420
-3059
0
0
0
0
0
0
0
0
0
0
0
-3664
-3369
-681
-3113
-17329
0
0
0
0
0
0
0
0
0
0
0
-3724
-2126
-3545
-1054
-3876
0
0
0
0
0
0
0
0
0
0
0
-4875
-2700
-1946
-3749
-22858
0
0
0
0
0
0
0
0
0
0
0
-2537
-1557
-1854
-1889
-3298
0
0
0
0
0
0
0
0
0
0
0
-2363
-2258
-3316
-3059
-19887
0
0
0
0
0
0
0
0
0
0
0
-3818
-3270
-3752
-3501
-3556
0
0
0
0
0
0
0
0
0
0
0
-3233
-4129
3921
-3249
-20844
0
0
0
0
0
0
0
0
0
0
0
-10834
-11489
-12751
-11984
-12320
0
0
0
0
0
0
0
0
0
0
0
-11003
-14275
11031
-12211
15055
0
0
0
0
0
0
0
0
0
0
0
-4703
-5628
-6110
-7357
-5605
0
0
0
0
0
0
0
0
0
0
0
-5678
-5014
6022
-5484
-15163
0
0
0
0
0
0
0
0
0
0
0
-2378
-3868
-3893
-1356
-3370
0
0
0
0
0
0
0
0
0
0
0
-4136
-2930
1149
-3081
-23256
0
0
0
0
0
0
0
0
0
0
0
-3711
-4575
-4383
466
-3445
0
0
0
0
0
0
0
0
0
0
0
-4582
-4564
2236
-3378
-13594
0
0
0
0
0
0
0
0
0
0
0
-3260
-2763
-1424
859
-2191
0
0
0
0
0
0
0
0
0
0
0
-4139
-1170
-967
-2281
-21266
0
0
0
0
0
0
0
0
0
0
0
-4237
-2691
-914
-984
-3640
0
0
0
0
0
0
0
0
0
0
0
-5733
-1450
-3304
-3671
-20068
0
0
0
0
0
0
0
0
0
0
0
-2981
-1458
-1356
-3235
-3380
0
0
0
0
0
0
0
0
0
0
0
-4312
-1024
-2304
-3219
-19324
0
0
0
0
0
0
0
0
0
0
0
-4312
-3214
-3641
-4188
-3729
0
0
0
0
0
0
0
0
0
0
0
-3188
-3697
3034
-3680
-20100
0
0
0
0
0
0
0
0
0
0
0
-11042
-10625
-10864
-10292
-10993
0
0
0
0
0
0
0
0
0
0
0
-10397
-12590
10290
-10988
10760
0
0
0
0
0
0
0
0
0
0
0
-8782
-9513
-11004
-8861
-9580
0
0
0
0
0
0
0
0
0
0
0
-10346
-9843
10669
-9278
2986
0
0
0
0
0
0
0
0
0
0
0
-4439
-5236
-5603
-4369
-4658
0
0
0
0
0
0
0
0
0
0
0
-6890
-4643
7120
-4470
-27144
0
0
0
0
0
0
0
0
0
0
0
-3806
-4652
-3510
-1578
-3204
0
0
0
0
0
0
0
0
0
0
0
-5885
-2598
3407
-3118
-29840
0
0
0
0
0
0
0
0
0
0
0
-3913
-4595
-1279
442
-3188
0
0
0
0
0
0
0
0
0
0
0
-5836
-1272
-1078
-3326
-15419
0
0
0
0
0
0
0
0
0
0
0
-3525
-3878
-236
-770
-3101
0
0
0
0
0
0
0
0
0
0
0
-4729
-1212
-1528
-3132
-11673
0
0
0
0
0
0
0
0
0
0
0
-1825
-1697
-664
-1619
-2313
0
0
0
0
0
0
0
0
0
0
0
-2993
-2054
-373
-2210
-16688
0
0
0
0
0
0
0
0
0
0
0
-2214
-2607
-769
-2134
-2362
0
0
0
0
0
0
0
0
0
0
0
-2087
-3246
664
-2408
-17669
0
0
0
0
0
0
0
0
0
0
0
-3606
-4611
-2911
-2386
-4272
0
0
0
0
0
0
0
0
0
0
0
-5790
-5804
1989
-4346
-27598
0
0
0
0
0
0
0
0
0
0
0
-7014
-7057
-7525
-5406
-6640
0
0
0
0
0
0
0
0
0
0
0
-7009
-7425
7033
-6589
-20950
0
0
0
0
0
0
0
0
0
0
0
-10396
-11262
-11984
-10878
-10517
0
0
0
0
0
0
0
0
0
0
0
-10133
-11320
12878
-10464
-2130
0
0
0
0
0
0
0
0
0
0
0
-7259
-8379
-8470
-5720
-7172
0
0
0
0
0
0
0
0
0
0
0
-8512
-7504
9126
-7024
-10304
0
0
0
0
0
0
0
0
0
0
0
-3559
-4173
-1702
-958
-3581
0
0
0
0
0
0
0
0
0
0
0
-5175
-3579
1457
-3339
-14446
0
0
0
0
0
0
0
0
0
0
0
-1399
-1846
808
-512
-1571
0
0
0
0
0
0
0
0
0
0
0
-1728
-2321
109
-1386
-21082
0
0
0
0
0
0
0
0
0
0
0
-806
-1873
-1552
-624
-1879
0
0
0
0
0
0
0
0
0
0
0
-1003
-3367
76
-1815
-16135
0
0
0
0
0
0
0
0
0
0
0
-1951
-2593
1296
-2656
-2299
0
0
0
0
0
0
0
0
0
0
0
-1211
-2951
-1626
-2332
-11625
0
0
0
0
0
0
0
0
0
0
0
-1601
-2425
-5
-1410
-2158
0
0
0
0
0
0
0
0
0
0
0
-3019
-2978
76
-2158
-24672
0
0
0
0
0
0
0
0
0
0
0
-5749
-4829
-5067
-3918
-4963
0
0
0
0
0
0
0
0
0
0
0
-4523
-6081
3966
-4979
-26198
0
0
0
0
0
0
0
0
0
0
0
-11656
-10380
-11028
-10700
-10845
0
0
0
0
0
0
0
0
0
0
0
-10094
-12333
11130
-10816
11049
0
0
0
0
0
0
0
0
0
0
0
-6910
-6259
-6746
-5836
-6262
0
0
0
0
0
0
0
0
0
0
0
-7861
-7166
8860
-5916
-8412
0
0
0
0
0
0
0
0
0
0
0
-2176
-1597
-868
-573
-2024
0
0
0
0
0
0
0
0
0
0
0
-3029
-2474
1599
-1689
-19920
0
0
0
0
0
0
0
0
0
0
0
-2008
-1650
-1011
-1559
-2150
0
0
0
0
0
0
0
0
0
0
0
-2293
-3927
2209
-2028
-13734
0
0
0
0
0
0
0
0
0
0
0
-2059
-2596
-3009
-1942
-2559
0
0
0
0
0
0
0
0
0
0
0
-1809
-4520
2798
-2441
-12956
0
0
0
0
0
0
0
0
0
0
0
0
0
0
0
0
0
0
0
0
0
0
0
0
0
0
0
0
0
0
0
0
0
0
0
0
0
0
0
0
0
0
0
0
0
0
0
0
0
0
0
0
0
0
0
0
0
0
0
0
0
0
0
0
0
0
0
0
0
0
0
0
0
0
0
0
0
0
0
0
0
0
0
0
0
0
0
0
0
0
0
0
0
0
0
0
0
0
0
0
0
0
0
0
0
0
0
0
0
0
0
0
0
0
0
0
0
0
0
0
0
0
0
0
0
0
0
0
0
0
0
0
0
0
0
0
0
0
0
0
0
0
0
0
0
0
0
0
0
0
0
0
0
0
0
0
0
0
0
0
0
0
0
0
0
0
0
0
0
0
0
0
0
0
0
0
0
0
0
0
0
0
0
0
0
0
0
0
0
0
0
0
0
0
0
0
0
0
0
0
0
0
0
0
0
0
0
0
0
0
0
0
0
0
0
0
0
0
0
0
0
0
0
0
0
0
0
0
0
0
0
0
0
0
0
0
0
0
0
0
0
0
0
0
0
0
0
0
0
0
0
0
0
0
0
0
0
0
0
0
0
0
0
0
0
0
0
0
0
0
0
0
0
0
0
0
0
0
0
0
0
0
0
0
0
0
0
0
0
0
0
0
0
0
0
0
0
0
0
0
0
0
0
0
0
0
0
0
0
0
0
0
0
0
0
0
0
0
0
0
0
0
0
0
0
0
0
0
0
0
0
0
0
0
0
0
0
0
0
0
0
0
0
0
0
0
0
0
0
0
0
0
0
0
0
0
0
0
0
0
0
0
0
0
0
0
0
0
0
0
0
0
0
0
0
0
0
0
0
0
0
0
0
0
0
0
0
0
0
0
0
0
0
0
0
0
0
0
0
0
0
0
0
0
0
0
0
0
0
0
0
0
0
0
0
0
0
0
0
0
0
0
0
0
0
0
0
0
0
0
0
0
0
0
0
0
0
0
0
0
0
0
0
0
0
0
0
0
0
0
0
0
0
0
0
0
0
0
0
0
0
0
0
0
0
0
0
0
0
0
0
0
0
0
0
0
0
0
0
0
0
0
0
0
0
0
0
0
0
0
0
0
0
0
0
0
0
0
0
0
0
0
0
0
0
0
0
0
0
0
0
0
0
0
0
0
0
0
0
0
0
0
0
0
0
0
0
0
0
0
0
0
0
0
0
0
0
0
0
0
0
0
0
0
0
0
0
0
0
0
0
0
0
0
0
0
0
0
0
0
0
0
0
0
0
0
0
0
0
0
0
0
0
0
0
0
0
0
0
0
0
0
0
0
0
0
0
0
0
0
0
0
0
0
0
0
0
0
0
0
0
0
0
0
0
0
0
0
0
0
0
0
0
0
0
0
0
0
0
0
0
0
0
0
0
0
0
0
0
0
0
0
0
0
0
0
0
0
0
0
0
0
0
0
0
0
0
0
0
0
0
0
0
0
0
0
0
0
0
0
0
0
0
0
0
0
0
0
0
0
0
0
0
0
0
0
0
0
0
0
0
0
0
0
0
0
0
0
0
0
0
0
0
0
0
0
0
0
0
0
0
0
0
0
0
0
0
0
0
0
0
0
0
0
0
0
0
0
0
0
0
0
0
0
0
0
0
0
0
0
0
0
0
0
0
0
0
0
0
0
0
0
0
0
0
0
0
0
0
0
0
0
0
0
0
0
0
0
0
0
0
0
0
0
0
0
0
0
0
0
0
0
0
0
0
0
0
0
0
0
0
0
0
0
0
0
0
0
0
0
0
0
0
0
0
0
0
0
0
0
0
0
0
0
0
0
0
0
0
0
0
0
0
0
0
0
0
0
0
0
0
0
0
0
0
0
0
0
0
0
0
0
0
0
0
0
0
0
0
0
0
0
0
0
0
0
0
0
0
0
0
0
0
0
0
0
0
0
0
0
0
0
0
0
0
0
0
0
0
0
0
0
0
0
0
0
0
0
0
0
0
0
0
0
0
0
0
0
0
0
0
0
0
0
0
0
0
0
0
0
0
0
0
0
0
0
0
0
0
0
0
0
0
0
0
0
0
0
0
0
0
0
0
0
0
0
0
0
0
0
0
0
0
0
0
0
0
0
0
0
0
0
0
0
0
0
0
0
0
0
0
0
0
0
0
0
0
0
0
0
0
0
0
0
0
0
0
0
0
0
0
0
0
0
0
0
0
0
0
0
0
0
0
0
0
0
0
0
0
0
0
0
0
0
0
0
0
0
0
0
0
0
0
0
0
0
0
0
0
0
0
0
0
0
0
0
0
0
0
0
0
0
0
0
0
0
0
0
0
0
0
0
0
0
0
0
0
0
0
0
0
0
0
0
0
0
0
0
0
0
0
0
0
0
0
0
0
0
0
0
0
0
0
0
0
0
0
0
0
0
0
0
0
0
0
0
0
0
0
0
0
0
0
0
0
0
0
0
0
0
0
0
0
0
0
0
0
0
0
0
0
0
0
0
0
0
0
0
0
0
0
0
0
0
0
0
0
0
0
0
0
0
0
0
0
0
0
0
0
0
0
0
0
0
0
0
0
0
0
0
0
0
0
0
0
0
0
0
0
0
0
0
0
0
0
0
0
0
0
0
0
0
0
0
0
0
0
0
0
0
0
0
0
0
0
0
0
0
0
0
0
0
0
0
0
0
0
0
0
0
0
0
0
0
0
0
0
0
0
0
0
0
0
0
0
0
0
0
0
0
0
0
0
0
0
0
0
0
0
0
0
0
0
0
0
0
0
0
0
0
0
0
0
0
0
0
0
0
0
0
0
0
0
0
0
0
0
0
0
0
0
0
0
0
0
0
0
0
0
0
0
0
0
0
0
0
0
0
0
0
0
0
0
0
0
0
0
0
0
0
0
0
0
0
0
0
0
0
0
0
0
0
0
0
0
0
0
0
0
0
0
0
0
0
0
0
0
0
0
0
0
0
0
0
0
0
0
0
0
0
0
0
0
0
0
0
0
0
0
0
0
0
0
0
0
0
0
0
0
0
0
0
0
0
0
0
0
0
0
0
0
0
0
0
0
0
0
0
0
0
0
0
0
0
0
0
0
0
0
0
0
0
0
0
0
0
0
0
0
0
0
0
0
0
0
0
0
0
0
0
0
0
0
0
0
0
0
0
0
0
0
0
0
0
0
0
0
0
0
0
0
0
0
0
0
0
0
0
0
0
0
0
0
0
0
0
0
0
0
0
0
0
0
0
0
0
0
0
0
0
0
0
0
0
0
0
0
0
0
0
0
0
0
0
0
0
0
0
0
0
0
0
0
0
0
0
0
0
0
0
0
0
0
0
0
0
0
0
0
0
0
0
0
0
0
0
0
0
0
0
0
0
0
0
0
0
0
0
0
0
0
0
0
0
0
0
0
0
0
0
0
0
0
0
0
0
0
0
0
0
0
0
0
0
0
0
0
0
0
0
0
0
0
0
0
0
0
0
0
0
0
0
0
0
0
0
0
0
0
0
0
0
0
0
0
0
0
0
0
0
0
0
0
0
0
0
0
0
0
0
0
0
0
0
0
0
0
0
0
0
0
0
0
0
0
0
0
0
0
0
0
0
0
0
0
0
0
0
0
0
0
0
0
0
0
0
0
0
0
0
0
0
0
0
0
0
0
0
0
0
0
0
0
0
0
0
0
0
0
0
0
0
0
0
0
0
0
0
0
0
0
0
0
0
0
0
0
0
0
0
0
0
0
0
0
0
0
0
0
0
0
0
0
0
0
0
0
0
0
0
0
0
0
0
0
0
0
0
0
0
0
0
0
0
0
0
0
0
0
0
0
0
0
0
0
0
0
0
0
0
0
0
0
0
0
0
0
0
0
0
0
0
0
0
0
0
0
0
0
0
0
0
0
0
0
0
0
0
0
0
0
0
0
0
0
0
0
0
0
0
0
0
0
0
0
0
0
0
0
0
0
0
0
0
0
0
0
0
0
0
0
0
0
0
0
0
0
0
0
0
0
0
0
0
0
0
0
0
0
0
0
0
0
0
0
0
0
0
0
0
0
0
0
0
0
0
0
0
0
0
0
0
0
0
0
0
0
0
0
0
0
0
0
0
0
0
0
0
0
0
0
0
0
0
0
0
0
0
0
0
0
0
0
0
0
0
0
0
0
0
0
0
0
0
0
0
0
0
0
0
0
0
0
0
0
0
0
0
0
0
0
0
0
0
0
0
0
0
0
0
0
0
0
0
0
0
0
0
0
0
0
0
0
0
0
0
0
0
0
0
0
0
0
0
0
0
0
0
0
0
0
0
0
0
0
0
0
0
0
0
0
0
0
0
0
0
0
0
0
0
0
0
0
0
0
0
0
0
0
0
0
0
0
0
0
0
0
0
0
0
0
0
0
0
0
0
0
0
0
0
0
0
0
0
0
0
0
0
0
0
0
0
0
0
0
0
0
0
0
0
0
0
0
0
0
0
0
0
0
0
0
0
0
0
0
0
0
0
0
0
0
0
0
0
0
0
0
0
0
0
0
0
0
0
0
0
0
0
0
0
0
0
0
0
0
0
0
0
0
0
0
0
0
0
0
0
0
0
0
0
0
0
0
0
0
0
0
0
0
0
0
0
0
0
0
0
0
0
0
0
0
0
0
0
0
0
0
0
0
0
0
0
0
0
0
0
0
0
0
0
0
0
0
0
0
0
0
0
0
0
0
0
0
0
0
0
0
0
0
0
0
0
0
0
0
0
0
0
0
0
0
0
0
0
0
0
0
0
0
0
0
0
0
0
0
0
0
0
0
0
0
0
0
0
0
0
0
0
0
0
0
0
0
0
0
0
0
0
0
0
0
0
0
0
0
0
0
0
0
0
0
0
0
0
0
0
0
0
0
0
0
0
0
0
0
0
0
0
0
0
0
0
0
0
0
0
0
0
0
0
0
0
0
0
0
0
0
0
0
0
0
0
0
0
0
0
0
0
0
0
0
0
0
0
0
0
0
0
0
0
0
0
0
0
0
0
0
0
0
0
0
0
0
0
0
0
0
0
0
0
0
0
0
0
0
0
0
0
0
0
0
0
0
0
0
0
0
0
0
0
0
0
0
0
0
0
0
0
0
0
0
0
0
0
0
0
0
0
0
0
0
0
0
0
0
0
0
0
0
0
0
0
0
0
0
0
0
0
0
0
0
0
0
0
0
0
0
0
0
0
0
0
0
0
0
0
0
0
0
0
0
0
0
0
0
0
0
0
0
0
0
0
0
0
0
0
0
0
0
0
0
0
0
0
0
0
0
0
0
0
0
0
0
0
0
0
0
0
0
0
0
0
0
0
0
0
0
0
0
0
0
0
0
0
0
0
0
0
0
0
0
0
0
0
0
0
0
0
0
0
0
0
0
0
0
0
0
0
0
0
0
0
0
0
0
0
0
0
0
0
0
0
0
0
0
0
0
0
0
0
0
0
0
0
0
0
0
0
0
0
0
0
0
0
0
0
0
0
0
0
0
0
0
0
0
0
0
0
0
0
0
0
0
0
0
0
0
0
0
0
0
0
0
0
0
0
0
0
0
0
0
0
0
0
0
0
0
0
0
0
0
0
0
0
0
0
0
0
0
0
0
0
0
0
0
0
0
0
0
0
0
0
0
0
0
0
0
0
0
0
0
0
0
0
0
0
0
0
0
0
0
0
0
0
0
0
0
0
0
0
0
0
0
0
0
0
0
0
0
0
0
0
0
0
0
0
0
0
0
0
0
0
0
0
0
0
0
0
0
0
0
0
0
0
0
0
0
0
0
0
0
0
0
0
0
0
0
0
0
0
0
0
0
0
0
0
0
0
0
0
0
0
0
0
0
0
0
0
0
0
0
0
0
0
0
0
0
0
0
0
0
0
0
0
0
0
0
0
0
0
0
0
0
0
0
0
0
0
0
0
0
0
0
0
0
0
0
0
0
0
0
0
0
0
0
0
0
0
0
0
0
0
0
0
0
0
0
0
0
0
0
0
0
0
0
0
0
0
0
0
0
0
0
0
0
0
0
0
0
0
0
0
0
0
0
0
0
0
0
0
0
0
0
0
0
0
0
0
0
0
0
0
0
0
0
0
0
0
0
0
0
0
0
0
0
0
0
0
0
0
0
0
0
0
0
0
0
0
0
0
0
0
0
0
0
0
0
0
0
0
0
0
0
0
0
0
0
0
0
0
0
0
0
0
0
0
0
0
0
0
0
0
0
0
0
0
0
0
0
0
0
0
0
0
0
0
0
0
0
0
0
0
0
0
0
0
0
0
0
0
0
0
0
0
0
0
0
0
0
0
0
0
0
0
0
0
0
0
0
0
0
0
0
0
0
0
0
0
0
0
0
0
0
0
0
0
0
0
0
0
0
0
0
0
0
0
0
0
0
0
0
0
0
0
0
0
0
0
0
0
0
0
0
0
0
0
0
0
0
0
0
0
0
0
0
0
0
0
0
0
0
0
0
0
0
0
0
0
0
0
0
0
0
0
0
0
0
0
0
0
0
0
0
0
0
0
0
0
0
0
0
0
0
0
0
0
0
0
0
0
0
0
0
0
0
0
0
0
0
0
0
0
0
0
0
0
0
0
0
0
0
0
0
0
0
0
0
0
0
0
0
0
0
0
0
0
0
0
0
0
0
0
0
0
0
0
0
0
0
0
0
0
0
0
0
0
0
0
0
0
0
0
0
0
0
0
0
0
0
0
0
0
0
0
0
0
0
0
0
0
0
0
0
0
0
0
0
0
0
0
0
0
0
0
0
0
0
0
0
0
0
0
0
0
0
0
0
0
0
0
0
0
0
0
0
0
0
0
0
0
0
0
0
0
0
0
0
0
0
0
0
0
0
0
0
0
0
0
0
0
0
0
0
0
0
0
0
0
0
0
0
0
0
0
0
0
0
0
0
0
0
0
0
0
0
0
0
0
0
0
0
0
0
0
0
0
0
0
0
0
0
0
0
0
0
0
0
0
0
0
0
0
0
0
0
0
0
0
0
0
0
0
0
0
0
0
0
0
0
0
0
0
0
0
0
0
0
0
0
0
0
0
0
0
0
0
0
0
0
0
0
0
0
0
0
0
0
0
0
0
0
0
0
0
0
0
0
0
0
0
0
0
0
0
0
0
0
0
0
0
0
0
0
0
0
0
0
0
0
0
0
0
0
0
0
0
0
0
0
0
0
0
0
0
0
0
0
0
0
0
0
0
0
0
0
0
0
0
0
0
0
0
0
0
0
0
0
0
0
0
0
0
0
0
0
0
0
0
0
0
0
0
0
0
0
0
0
0
0
0
0
0
0
0
0
0
0
0
0
0
0
0
0
0
0
0
0
0
0
0
0
0
0
0
0
0
0
0
0
0
0
0
0
0
0
0
0
0
0
0
0
0
0
0
0
0
0
0
0
0
0
0
0
0
0
0
0
0
0
0
0
0
0
0
0
0
0
0
0
0
0
0
0
0
0
0
0
0
0
0
0
0
0
0
0
0
0
0
0
0
0
0
0
0
0
0
0
0
0
0
0
0
0
0
0
0
0
0
0
0
0
0
0
0
0
0
0
0
0
0
0
0
0
0
0
0
0
0
0
0
0
0
0
0
0
0
0
0
0
0
0
0
0
0
0
0
0
0
0
0
0
0
0
0
0
0
0
0
0
0
0
0
0
0
0
0
0
0
0
0
0
0
0
0
0
0
0
0
0
0
0
0
0
0
0
0
0
0
0
0
0
0
0
0
0
0
0
0
0
0
0
0
0
0
0
0
0
0
0
0
0
0
0
0
0
0
0
0
0
0
0
0
0
0
0
0
0
0
0
0
0
0
0
0
0
0
0
0
0
0
0
0
0
0
0
0
0
0
0
0
0
0
0
0
0
0
0
0
0
0
0
0
0
0
0
0
0
0
0
0
0
0
0
0
0
0
0
0
0
0
0
0
0
0
0
0
0
0
0
0
0
0
0
0
0
0
0
0
0
0
0
0
0
0
0
0
0
0
0
0
0
0
0
0
0
0
0
0
0
0
0
0
0
0
0
0
0
0
0
0
0
0
0
0
0
0
0
0
0
0
0
0
0
0
0
0
0
0
0
0
0
0
0
0
0
0
0
0
0
0
0
0
0
0
0
0
0
0
0
0
0
0
0
0
0
0
0
0
0
0
0
0
0
0
0
0
0
0
0
0
0
0
0
0
0
0
0
0
0
0
0
0
0
0
0
0
0
0
0
0
0
0
0
0
0
0
0
0
0
0
0
0
0
0
0
0
0
0
0
0
0
0
0
0
0
0
0
0
0
0
0
0
0
0
0
0
0
0
0
0
0
0
0
0
0
0
0
0
0
0
0
0
0
0
0
0
0
0
0
0
0
0
0
0
0
0
0
0
0
0
0
0
0
0
0
0
0
0
0
0
0
0
0
0
0
0
0
0
0
0
0
0
0
0
0
0
0
0
0
0
0
0
0
0
0
0
0
0
0
0
0
0
0
0
0
0
0
0
0
0
0
0
0
0
0
0
0
0
0
0
0
0
0
0
0
0
0
0
0
0
0
0
0
0
0
0
0
0
0
0
0
0
0
0
0
0
0
0
0
0
0
0
0
0
0
0
0
0
0
0
0
0
0
0
0
0
0
0
0
0
0
0
0
0
0
0
0
0
0
0
0
0
0
0
0
0
0
0
0
0
0
0
0
0
0
0
0
0
0
0
0
0
0
0
0
0
0
0
0
0
0
0
0
0
0
0
0
0
0
0
0
0
0
0
0
0
0
0
0
0
0
0
0
0
0
0
0
0
0
0
0
0
0
0
0
0
0
0
0
0
0
0
0
0
0
0
0
0
0
0
0
0
0
0
0
0
0
0
0
0
0
0
0
0
0
0
0
0
0
0
0
0
0
0
0
0
0
0
0
0
0
0
0
0
0
0
0
0
0
0
0
0
0
0
0
0
0
0
0
0
0
0
0
0
0
0
0
0
0
0
0
0
0
0
0
0
0
0
0
0
0
0
0
0
0
0
0
0
0
0
0
0
0
0
0
0
0
0
0
0
0
0
0
0
0
0
0
0
0
0
0
0
0
0
0
0
0
0
0
0
0
0
0
0
0
0
0
0
0
0
0
0
0
0
0
0
0
0
0
0
0
0
0
0
0
0
0
0
0
0
0
0
0
0
0
0
0
0
0
0
0
0
0
0
0
0
0
0
0
0
0
0
0
0
0
0
0
0
0
0
0
0
0
0
0
0
0
0
0
0
0
0
0
0
0
0
0
0
0
0
0
0
0
0
0
0
0
0
0
0
0
0
0
0
0
0
0
0
0
0
0
0
0
0
0
0
0
0
0
0
0
0
0
0
0
0
0
0
0
0
0
0
0
0
0
0
0
0
0
0
0
0
0
0
0
0
0
0
0
0
0
0
0
0
0
0
0
0
0
0
0
0
0
0
0
0
0
0
0
0
0
0
0
0
0
0
0
0
0
0
0
0
0
0
0
0
0
0
0
0
0
0
0
0
0
0
0
0
0
0
0
0
0
0
0
0
0
0
0
0
0
0
0
0
0
0
0
0
0
0
0
0
0
0
0
0
0
0
0
0
0
0
0
0
0
0
0
0
0
0
0
0
0
0
0
0
0
0
0
0
0
0
0
0
0
0
0
0
0
0
0
0
0
0
0
0
0
0
0
0
0
0
0
0
0
0
0
0
0
0
0
0
0
0
0
0
0
0
0
0
0
0
0
0
0
0
0
0
0
0
0
0
0
0
0
0
0
0
0
0
0
0
0
0
0
0
0
0
0
0
0
0
0
0
0
0
0
0
0
0
0
0
0
0
0
0
0
0
0
0
0
0
0
0
0
0
0
0
0
0
0
0
0
0
0
0
0
0
0
0
0
0
0
0
0
0
0
0
0
0
0
0
0
0
0
0
0
0
0
0
0
0
0
0
0
0
0
0
0
0
0
0
0
0
0
0
0
0
0
0
0
0
0
0
0
0
0
0
0
0
0
0
0
0
0
0
0
0
0
0
0
0
0
0
0
0
0
0
0
0
0
0
0
0
0
0
0
0
0
0
0
0
0
0
0
0
0
0
0
0
0
0
0
0
0
0
0
0
0
0
0
0
0
0
0
0
0
0
0
0
0
0
0
0
0
0
0
0
0
0
0
0
0
0
0
0
0
0
0
0
0
0
0
0
0
0
0
0
0
0
0
0
0
0
0
0
0
0
0
0
0
0
0
0
0
0
0
0
0
0
0
0
0
0
0
0
0
0
0
0
0
0
0
0
0
0
0
0
0
0
0
0
0
0
0
0
0
0
0
0
0
0
0
0
0
0
0
0
0
0
0
0
0
0
0
0
0
0
0
0
0
0
0
0
0
0
0
0
0
0
0
0
0
0
0
0
0
0
0
0
0
0
0
0
0
0
0
0
0
0
0
0
0
0
0
0
0
0
0
0
0
0
0
0
0
0
0
0
0
0
0
0
0
0
0
0
0
0
0
0
0
0
0
0
0
0
0
0
0
0
0
0
0
0
0
0
0
0
0
0
0
0
0
0
0
0
0
0
0
0
0
0
0
0
0
0
0
0
0
0
0
0
0
0
0
0
0
0
0
0
0
0
0
0
0
0
0
0
0
0
0
0
0
0
0
0
0
0
0
0
0
0
0
0
0
0
0
0
0
0
0
0
0
0
0
0
0
0
0
0
0
0
0
0
0
0
0
0
0
0
0
0
0
0
0
0
0
0
0
0
0
0
0
0
0
0
0
0
0
0
0
0
0
0
0
0
0
0
0
0
0
0
0
0
0
0
0
0
0
0
0
0
0
0
0
0
0
0
0
0
0
0
0
0
0
0
0
0
0
0
0
0
0
0
0
0
0
0
0
0
0
0
0
0
0
0
0
0
0
0
0
0
0
0
0
0
0
0
0
0
0
0
0
0
0
0
0
0
0
0
0
0
0
0
0
0
0
0
0
0
0
0
0
0
0
0
0
0
0
0
0
0
0
0
0
0
0
0
0
0
0
0
0
0
0
0
0
0
0
0
0
0
0
0
0
0
0
0
0
0
0
0
0
0
0
0
0
0
0
0
0
0
0
0
0
0
0
0
0
0
0
0
0
0
0
0
0
0
0
0
0
0
0
0
0
0
0
0
0
0
0
0
0
0
0
0
0
0
0
0
0
0
0
0
0
0
0
0
0
0
0
0
0
0
0
0
0
0
0
0
0
0
0
0
0
0
0
0
0
0
0
0
0
0
0
0
0
0
0
0
0
0
0
0
0
0
0
0
0
0
0
0
0
0
0
0
0
0
0
0
0
0
0
0
0
0
0
0
0
0
0
0
0
0
0
0
0
0
0
0
0
0
0
0
0
0
0
0
0
0
0
0
0
0
0
0
0
0
0
0
0
0
0
0
0
0
0
0
0
0
0
0
0
0
0
0
0
0
0
0
0
0
0
0
0
0
0
0
0
0
0
0
0
0
0
0
0
0
0
0
0
0
0
0
0
0
0
0
0
0
0
0
0
0
0
0
0
0
0
0
0
0
0
0
0
0
0
0
0
0
0
0
0
0
0
0
0
0
0
0
0
0
0
0
0
0
0
0
0
0
0
0
0
0
0
0
0
0
0
0
0
0
0
0
0
0
0
0
0
0
0
0
0
0
0
0
0
0
0
0
0
0
0
0
0
0
0
0
0
0
0
0
0
0
0
0
0
0
0
0
0
0
0
0
0
0
0
0
0
0
0
0
0
0
0
0
0
0
0
0
0
0
0
0
0
0
0
0
0
0
0
0
0
0
0
0
0
0
0
0
0
0
0
0
0
0
0
0
0
0
0
0
0
0
0
0
0
0
0
0
0
0
0
0
0
0
0
0
0
0
0
0
0
0
0
0
0
0
0
0
0
0
0
0
0
0
0
0
0
0
0
0
0
0
0
0
0
0
0
0
0
0
0
0
0
0
0
0
0
0
0
0
0
0
0
0
0
0
0
0
0
0
0
0
0
0
0
0
0
0
0
0
0
0
0
0
0
0
0
0
0
0
0
0
0
0
0
0
0
0
0
0
0
0
0
0
0
0
0
0
0
0
0
0
0
0
0
0
0
0
0
0
0
0
0
0
0
0
0
0
0
0
0
0
0
0
0
0
0
0
0
0
0
0
0
0
0
0
0
0
0
0
0
0
0
0
0
0
0
0
0
0
0
0
0
0
0
0
0
0
0
0
0
0
0
0
0
0
0
0
0
0
0
0
0
0
0
0
0
0
0
0
0
0
0
0
0
0
0
0
0
0
0
0
0
0
0
0
0
0
0
0
0
0
0
0
0
0
0
0
0
0
0
0
0
0
0
0
0
0
0
0
0
0
0
0
0
0
0
0
0
0
0
0
0
0
0
0
0
0
0
0
0
0
0
0
0
0
0
0
0
0
0
0
0
0
0
0
0
0
0
0
0
0
0
0
0
0
0
0
0
0
0
0
0
0
0
0
0
0
0
0
0
0
0
0
0
0
0
0
0
0
0
0
0
0
0
0
0
0
0
0
0
0
0
0
0
0
0
0
0
0
0
0
0
0
0
0
0
0
0
0
0
0
0
0
0
0
0
0
0
0
0
0
0
0
0
0
0
0
0
0
0
0
0
0
0
0
0
0
0
0
0
0
0
0
0
0
0
0
0
0
0
0
0
0
0
0
0
0
0
0
0
0
0
0
0
0
0
0
0
0
0
0
0
0
0
0
0
0
0
0
0
0
0
0
0
0
0
0
0
0
0
0
0
0
0
0
0
0
0
0
0
0
0
0
0
0
0
0
0
0
0
0
0
0
0
0
0
0
0
0
0
0
0
0
0
0
0
0
0
0
0
0
0
0
0
0
0
0
0
0
0
0
0
0
0
0
0
0
0
0
0
0
0
0
0
0
0
0
0
0
0
0
0
0
0
0
0
0
0
0
0
0
0
0
0
0
0
0
0
0
0
0
0
0
0
0
0
0
0
0
0
0
0
0
0
0
0
0
0
0
0
0
0
0
0
0
0
0
0
0
0
0
0
0
0
0
0
0
0
0
0
0
0
0
0
0
0
0
0
0
0
0
0
0
0
0
0
0
0
0
0
0
0
0
0
0
0
0
0
0
0
0
0
0
0
0
0
0
0
0
0
0
0
0
0
0
0
0
0
0
0
0
0
0
0
0
0
0
0
0
0
0
0
0
0
0
0
0
0
0
0
0
0
0
0
0
0
0
0
0
0
0
0
0
0
0
0
0
0
0
0
0
0
0
0
0
0
0
0
0
0
0
0
0
0
0
0
0
0
0
0
0
0
0
0
0
0
0
0
0
0
0
0
0
0
0
0
0
0
0
0
0
0
0
0
0
0
0
0
0
0
0
0
0
0
0
0
0
0
0
0
0
0
0
0
0
0
0
0
0
0
0
0
0
0
0
0
0
0
0
0
0
0
0
0
0
0
0
0
0
0
0
0
0
0
0
0
0
0
0
0
0
0
0
0
0
0
0
0
0
0
0
0
0
0
0
0
0
0
0
0
0
0
0
0
0
0
0
0
0
0
0
0
0
0
0
0
0
0
0
0
0
0
0
0
0
0
0
0
0
0
0
0
0
0
0
0
0
0
0
0
0
0
0
0
0
0
0
0
0
0
0
0
0
0
0
0
0
0
0
0
0
0
0
0
0
0
0
0
0
0
0
0
0
0
0
0
0
0
0
0
0
0
0
0
0
0
0
0
0
0
0
0
0
0
0
0
0
0
0
0
0
0
0
0
0
0
0
0
0
0
0
0
0
0
0
0
0
0
0
0
0
0
0
0
0
0
0
0
0
0
0
0
0
0
0
0
0
0
0
0
0
0
0
0
0
0
0
0
0
0
0
0
0
0
0
0
0
0
0
0
0
0
0
0
0
0
0
0
0
0
0
0
0
0
0
0
0
0
0
0
0
0
0
0
0
0
0
0
0
0
0
0
0
0
0
0
0
0
0
0
0
0
0
0
0
0
0
0
0
0
0
0
0
0
0
0
0
0
0
0
0
0
0
0
0
0
0
0
0
0
0
0
0
0
0
0
0
0
0
0
0
0
0
0
0
0
0
0
0
0
0
0
0
0
0
0
0
0
0
0
0
0
0
0
0
0
0
0
0
0
0
0
0
0
0
0
0
0
0
0
0
0
0
0
0
0
0
0
0
0
0
0
0
0
0
0
0
0
0
0
0
0
0
0
0
0
0
0
0
0
0
0
0
0
0
0
0
0
0
0
0
0
0
0
0
0
0
0
0
0
0
0
0
0
0
0
0
0
0
0
0
0
0
0
0
0
0
0
0
0
0
0
0
0
0
0
0
0
0
0
0
0
0
0
0
0
0
0
0
0
0
0
0
0
0
0
0
0
0
0
0
0
0
0
0
0
0
0
0
0
0
0
0
0
0
0
0
0
0
0
0
0
0
0
0
0
0
0
0
0
0
0
0
0
0
0
0
0
0
0
0
0
0
0
0
0
0
0
0
0
0
0
0
0
0
0
0
0
0
0
0
0
0
0
0
0
0
0
0
0
0
0
0
0
0
0
0
0
0
0
0
0
0
0
0
0
0
0
0
0
0
0
0
0
0
0
0
0
0
0
0
0
0
0
0
0
0
0
0
0
0
0
0
0
0
0
0
0
0
0
0
0
0
0
0
0
0
0
0
0
0
0
0
0
0
0
0
0
0
0
0
0
0
0
0
0
0
0
0
0
0
0
0
0
0
0
0
0
0
0
0
0
0
0
0
0
0
0
0
0
0
0
0
0
0
0
0
0
0
0
0
0
0
0
0
0
0
0
0
0
0
0
0
0
0
0
0
0
0
0
0
0
0
0
0
0
0
0
0
0
0
0
0
0
0
0
0
0
0
0
0
0
0
0
0
0
0
0
0
0
0
0
0
0
0
0
0
0
0
0
0
0
0
0
0
0
0
0
0
0
0
0
0
0
0
0
0
0
0
0
0
0
0
0
0
0
0
0
0
0
0
0
0
0
0
0
0
0
0
0
0
0
0
0
0
0
0
0
0
0
0
0
0
0
0
0
0
0
0
0
0
0
0
0
0
0
0
0
0
0
0
0
0
0
0
0
0
0
0
0
0
0
0
0
0
0
0
0
0
0
0
0
0
0
0
0
0
0
0
0
0
0
0
0
0
0
0
0
0
0
0
0
0
0
0
0
0
0
0
0
0
0
0
0
0
0
0
0
0
0
0
0
0
0
0
0
0
0
0
0
0
0
0
0
0
0
0
0
0
0
0
0
0
0
0
0
0
0
0
0
0
0
0
0
0
0
0
0
0
0
0
0
0
0
0
0
0
0
0
0
0
0
0
0
0
0
0
0
0
0
0
0
0
0
0
0
0
0
0
0
0
0
0
0
0
0
0
0
0
0
0
0
0
0
0
0
0
0
0
0
0
0
0
0
0
0
0
0
0
0
0
0
0
0
0
0
0
0
0
0
0
0
0
0
0
0
0
0
0
0
0
0
0
0
0
0
0
0
0
0
0
0
0
0
0
0
0
0
0
0
0
0
0
0
0
0
0
0
0
0
0
0
0
0
0
0
0
0
0
0
0
0
0
0
0
0
0
0
0
0
0
0
0
0
0
0
0
0
0
0
0
0
0
0
0
0
0
0
0
0
0
0
0
0
0
0
0
0
0
0
0
0
0
0
0
0
0
0
0
0
0
0
0
0
0
0
0
0
0
0
0
0
0
0
0
0
0
0
0
0
0
0
0
0
0
0
0
0
0
0
0
0
0
0
0
0
0
0
0
0
0
0
0
0
0
0
0
0
0
0
0
0
0
0
0
0
0
0
0
0
0
0
0
0
0
0
0
0
0
0
0
0
0
0
0
0
0
0
0
0
0
0
0
0
0
0
0
0
0
0
0
0
0
0
0
0
0
0
0
0
0
0
0
0
0
0
0
0
0
0
0
0
0
0
0
0
0
0
0
0
0
0
0
0
0
0
0
0
0
0
0
0
0
0
0
0
0
0
0
0
0
0
0
0
0
0
0
0
0
0
0
0
0
0
0
0
0
0
0
0
0
0
0
0
0
0
0
0
0
0
0
0
0
0
0
0
0
0
0
0
0
0
0
0
0
0
0
0
0
0
0
0
0
0
0
0
0
0
0
0
0
0
0
0
0
0
0
0
0
0
0
0
0
0
0
0
0
0
0
0
0
0
0
0
0
0
0
0
0
0
0
0
0
0
0
0
0
0
0
0
0
0
0
0
0
0
0
0
0
0
0
0
0
0
0
0
0
0
0
0
0
0
0
0
0
0
0
0
0
0
0
0
0
0
0
0
0
0
0
0
0
0
0
0
0
0
0
0
0
0
0
0
0
0
0
0
0
0
0
0
0
0
0
0
0
0
0
0
0
0
0
0
0
0
0
0
0
0
0
0
0
0
0
0
0
0
0
0
0
0
0
0
0
0
0
0
0
0
0
0
0
0
0
0
0
0
0
0
0
0
0
0
0
0
0
0
0
0
0
0
0
0
0
0
0
0
0
0
0
0
0
0
0
0
0
0
0
0
0
0
0
0
0
0
0
0
0
0
0
0
0
0
0
0
0
0
0
0
0
0
0
0
0
0
0
0
0
0
0
0
0
0
0
0
0
0
0
0
0
0
0
0
0
0
0
0
0
0
0
0
0
0
0
0
0
0
0
0
0
0
0
0
0
0
0
0
0
0
0
0
0
0
0
0
0
0
0
0
0
0
0
0
0
0
0
0
0
0
0
0
0
0
0
0
0
0
0
0
0
0
0
0
0
0
0
0
0
0
0
0
0
0
0
0
0
0
0
0
0
0
0
0
0
0
0
0
0
0
0
0
0
0
0
0
0
0
0
0
0
0
0
0
0
0
0
0
0
0
0
0
0
0
0
0
0
0
0
0
0
0
0
0
0
0
0
0
0
0
0
0
0
0
0
0
0
0
0
0
0
0
0
0
0
0
0
0
0
0
0
0
0
0
0
0
0
0
0
0
0
0
0
0
0
0
0
0
0
0
0
0
0
0
0
0
0
0
0
0
0
0
0
0
0
0
0
0
0
0
0
0
0
0
0
0
0
0
0
0
0
0
0
0
0
0
0
0
0
0
0
0
0
0
0
0
0
0
0
0
0
0
0
0
0
0
0
0
0
0
0
0
0
0
0
0
0
0
0
0
0
0
0
0
0
0
0
0
0
0
0
0
0
0
0
0
0
0
0
0
0
0
0
0
0
0
0
0
0
0
0
0
0
0
0
0
0
0
0
0
0
0
0
0
0
0
0
0
0
0
0
0
0
0
0
0
0
0
0
0
0
0
0
0
0
0
0
0
0
0
0
0
0
0
0
0
0
0
0
0
0
0
0
0
0
0
0
0
0
0
0
0
0
0
0
0
0
0
0
0
0
0
0
0
0
0
0
0
0
0
0
0
0
0
0
0
0
0
0
0
0
0
0
0
0
0
0
0
0
0
0
0
0
0
0
0
0
0
0
0
0
0
0
0
0
0
0
0
0
0
0
0
0
0
0
0
0
0
0
0
0
0
0
0
0
0
0
0
0
0
0
0
0
0
0
0
0
0
0
0
0
0
0
0
0
0
0
0
0
0
0
0
0
0
0
0
0
0
0
0
0
0
0
0
0
0
0
0
0
0
0
0
0
0
0
0
0
0
0
0
0
0
0
0
0
0
0
0
0
0
0
0
0
0
0
0
0
0
0
0
0
0
0
0
0
0
0
0
0
0
0
0
0
0
0
0
0
0
0
0
0
0
0
0
0
0
0
0
0
0
0
0
0
0
0
0
0
0
0
0
0
0
0
0
0
0
0
0
0
0
0
0
0
0
0
0
0
0
0
0
0
0
0
0
0
0
0
0
0
0
0
0
0
0
0
0
0
0
0
0
0
0
0
0
0
0
0
0
0
0
0
0
0
0
0
0
0
0
0
0
0
0
0
0
0
0
0
0
0
0
0
0
0
0
0
0
0
0
0
0
0
0
0
0
0
0
0
0
0
0
0
0
0
0
0
0
0
0
0
0
0
0
0
0
0
0
0
0
0
0
0
0
0
0
0
0
0
0
0
0
0
0
0
0
0
0
0
0
0
0
0
0
0
0
0
0
0
0
0
0
0
0
0
0
0
0
0
0
0
0
0
0
0
0
0
0
0
0
0
0
0
0
0
0
0
0
0
0
0
0
0
0
0
0
0
0
0
0
0
0
0
0
0
0
0
0
0
0
0
0
0
0
0
0
0
0
0
0
0
0
0
0
0
0
0
0
0
0
0
0
0
0
0
0
0
0
0
0
0
0
0
0
0
0
0
0
0
0
0
0
0
0
0
0
0
0
0
0
0
0
0
0
0
0
0
0
0
0
0
0
0
0
0
0
0
0
0
0
0
0
0
0
0
0
0
0
0
0
0
0
0
0
0
0
0
0
0
0
0
0
0
0
0
0
0
0
0
0
0
0
0
0
0
0
0
0
0
0
0
0
0
0
0
0
0
0
0
0
0
0
0
0
0
0
0
0
0
0
0
0
0
0
0
0
0
0
0
0
0
0
0
0
0
0
0
0
0
0
0
0
0
0
0
0
0
0
0
0
0
0
0
0
0
0
0
0
0
0
0
0
0
0
0
0
0
0
0
0
0
0
0
0
0
0
0
0
0
0
0
0
0
0
0
0
0
0
0
0
0
0
0
0
0
0
0
0
0
0
0
0
0
0
0
0
0
0
0
0
0
0
0
0
0
0
0
0
0
0
0
0
0
0
0
0
0
0
0
0
0
0
0
0
0
0
0
0
0
0
0
0
0
0
0
0
0
0
0
0
0
0
0
0
0
0
0
0
0
0
0
0
0
0
0
0
0
0
0
0
0
0
0
0
0
0
0
0
0
0
0
0
0
0
0
0
0
0
0
0
0
0
0
0
0
0
0
0
0
0
0
0
0
0
0
0
0
0
0
0
0
0
0
0
0
0
0
0
0
0
0
0
0
0
0
0
0
0
0
0
0
0
0
0
0
0
0
0
0
0
0
0
0
0
0
0
0
0
0
0
0
0
0
0
0
0
0
0
0
0
0
0
0
0
0
0
0
0
0
0
0
0
0
0
0
0
0
0
0
0
0
0
0
0
0
0
0
0
0
0
0
0
0
0
0
0
0
0
0
0
0
0
0
0
0
0
0
0
0
0
0
0
0
0
0
0
0
0
0
0
0
0
0
0
0
0
0
0
0
0
0
0
0
0
0
0
0
0
0
0
0
0
0
0
0
0
0
0
0
0
0
0
0
0
0
0
0
0
0
0
0
0
0
0
0
0
0
0
0
0
0
0
0
0
0
0
0
0
0
0
0
0
0
0
0
0
0
0
0
0
0
0
0
0
0
0
0
0
0
0
0
0
0
0
0
0
0
0
0
0
0
0
0
0
0
0
0
0
0
0
0
0
0
0
0
0
0
0
0
0
0
0
0
0
0
0
0
0
0
0
0
0
0
0
0
0
0
0
0
0
0
0
0
0
0
0
0
0
0
0
0
0
0
0
0
0
0
0
0
0
0
0
0
0
0
0
0
0
0
0
0
0
0
0
0
0
0
0
0
0
0
0
0
0
0
0
0
0
0
0
0
0
0
0
0
0
0
0
0
0
0
0
0
0
0
0
0
0
0
0
0
0
0
0
0
0
0
0
0
0
0
0
0
0
0
0
0
0
0
0
0
0
0
0
0
0
0
0
0
0
0
0
0
0
0
0
0
0
0
0
0
0
0
0
0
0
0
0
0
0
0
0
0
0
0
0
0
0
0
0
0
0
0
0
0
0
0
0
0
0
0
0
0
0
0
0
0
0
0
0
0
0
0
0
0
0
0
0
0
0
0
0
0
0
0
0
0
0
0
0
0
0
0
0
0
0
0
0
0
0
0
0
0
0
0
0
0
0
0
0
0
0
0
0
0
0
0
0
0
0
0
0
0
0
0
0
0
0
0
0
0
0
0
0
0
0
0
0
0
0
0
0
0
0
0
0
0
0
0
0
0
0
0
0
0
0
0
0
0
0
0
0
0
0
0
0
0
0
0
0
0
0
0
0
0
0
0
0
0
0
0
0
0
0
0
0
0
0
0
0
0
0
0
0
0
0
0
0
0
0
0
0
0
0
0
0
0
0
0
0
0
0
0
0
0
0
0
0
0
0
0
0
0
0
0
0
0
0
0
0
0
0
0
0
0
0
0
0
0
0
0
0
0
0
0
0
0
0
0
0
0
0
0
0
0
0
0
0
0
0
0
0
0
0
0
0
0
0
0
0
0
0
0
0
0
0
0
0
0
0
0
0
0
0
0
0
0
0
0
0
0
0
0
0
0
0
0
0
0
0
0
0
0
0
0
0
0
0
0
0
0
0
0
0
0
0
0
0
0
0
0
0
0
0
0
0
0
0
0
0
0
0
0
0
0
0
0
0
0
0
0
0
0
0
0
0
0
0
0
0
0
0
0
0
0
0
0
0
0
0
0
0
0
0
0
0
0
0
0
0
0
0
0
0
0
0
0
0
0
0
0
0
0
0
0
0
0
0
0
0
0
0
0
0
0
0
0
0
0
0
0
0
0
0
0
0
0
0
0
0
0
0
0
0
0
0
0
0
0
0
0
0
0
0
0
0
0
0
0
0
0
0
0
0
0
0
0
0
0
0
0
0
0
0
0
0
0
0
0
0
0
0
0
0
0
0
0
0
0
0
0
0
0
0
0
0
0
0
0
0
0
0
0
0
0
0
0
0
0
0
0
0
0
0
0
0
0
0
0
0
0
0
0
0
0
0
0
0
0
0
0
0
0
0
0
0
0
0
0
0
0
0
0
0
0
0
0
0
0
0
0
0
0
0
0
0
0
0
0
0
0
0
0
0
0
0
0
0
0
0
0
0
0
0
0
0
0
0
0
0
0
0
0
0
0
0
0
0
0
0
0
0
0
0
0
0
0
0
0
0
0
0
0
0
0
0
0
0
0
0
0
0
0
0
0
0
0
0
0
0
0
0
0
0
0
0
0
0
0
0
0
0
0
0
0
0
0
0
0
0
0
0
0
0
0
0
0
0
0
0
0
0
0
0
0
0
0
0
0
0
0
0
0
0
0
0
0
0
0
0
0
0
0
0
0
0
0
0
0
0
0
0
0
0
0
0
0
0
0
0
0
0
0
0
0
0
0
0
0
0
0
0
0
0
0
0
0
0
0
0
0
0
0
0
0
0
0
0
0
0
0
0
0
0
0
0
0
0
0
0
0
0
0
0
0
0
0
0
0
0
0
0
0
0
0
0
0
0
0
0
0
0
0
0
0
0
0
0
0
0
0
0
0
0
0
0
0
0
0
0
0
0
0
0
0
0
0
0
0
0
0
0
0
0
0
0
0
0
0
0
0
0
0
0
0
0
0
0
0
0
0
0
0
0
0
0
0
0
0
0
0
0
0
0
0
0
0
0
0
0
0
0
0
0
0
0
0
0
0
0
0
0
0
0
0
0
0
0
0
0
0
0
0
0
0
0
0
0
0
0
0
0
0
0
0
0
0
0
0
0
0
0
0
0
0
0
0
0
0
0
0
0
0
0
0
0
0
0
0
0
0
0
0
0
0
0
0
0
0
0
0
0
0
0
0
0
0
0
0
0
0
0
0
0
0
0
0
0
0
0
0
0
0
0
0
0
0
0
0
0
0
0
0
0
0
0
0
0
0
0
0
0
0
0
0
0
0
0
0
0
0
0
0
0
0
0
0
0
0
0
0
0
0
0
0
0
0
0
0
0
0
0
0
0
0
0
0
0
0
0
0
0
0
0
0
0
0
0
0
0
0
0
0
0
0
0
0
0
0
0
0
0
0
0
0
0
0
0
0
0
0
0
0
0
0
0
0
0
0
0
0
0
0
0
0
0
0
0
0
0
0
0
0
0
0
0
0
0
0
0
0
0
0
0
0
0
0
0
0
0
0
0
0
0
0
0
0
0
0
0
0
0
0
0
0
0
0
0
0
0
0
0
0
0
0
0
0
0
0
0
0
0
0
0
0
0
0
0
0
0
0
0
0
0
0
0
0
0
0
0
0
0
0
0
0
0
0
0
0
0
0
0
0
0
0
0
0
0
0
0
0
0
0
0
0
0
0
0
0
0
0
0
0
0
0
0
0
0
0
0
0
0
0
0
0
0
0
0
0
0
0
0
0
0
0
0
0
0
0
0
0
0
0
0
0
0
0
0
0
0
0
0
0
0
0
0
0
0
0
0
0
0
0
0
0
0
0
0
0
0
0
0
0
0
0
0
0
0
0
0
0
0
0
0
0
0
0
0
0
0
0
0
0
0
0
0
0
0
0
0
0
0
0
0
0
0
0
0
0
0
0
0
0
0
0
0
0
0
0
0
0
0
0
0
0
0
0
0
0
0
0
0
0
0
0
0
0
0
0
0
0
0
0
0
0
0
0
0
0
0
0
0
0
0
0
0
0
0
0
0
0
0
0
0
0
0
0
0
0
0
0
0
0
0
0
0
0
0
0
0
0
0
0
0
0
0
0
0
0
0
0
0
0
0
0
0
0
0
0
0
0
0
0
0
0
0
0
0
0
0
0
0
0
0
0
0
0
0
0
0
0
0
0
0
0
0
0
0
0
0
0
0
0
0
0
0
0
0
0
0
0
0
0
0
0
0
0
0
0
0
0
0
0
0
0
0
0
0
0
0
0
0
0
0
0
0
0
0
0
0
0
0
0
0
0
0
0
0
0
0
0
0
0
0
0
0
0
0
0
0
0
0
0
0
0
0
0
0
0
0
0
0
0
0
0
0
0
0
0
0
0
0
0
0
0
0
0
0
0
0
0
0
0
0
0
0
0
0
0
0
0
0
0
0
0
0
0
0
0
0
0
0
0
0
0
0
0
0
0
0
0
0
0
0
0
0
0
0
0
0
0
0
0
0
0
0
0
0
0
0
0
0
0
0
0
0
0
0
0
0
0
0
0
0
0
0
0
0
0
0
0
0
0
0
0
0
0
0
0
0
0
0
0
0
0
0
0
0
0
0
0
0
0
0
0
0
0
0
0
0
0
0
0
0
0
0
0
0
0
0
0
0
0
0
0
0
0
0
0
0
0
0
0
0
0
0
0
0
0
0
0
0
0
0
0
0
0
0
0
0
0
0
0
0
0
0
0
0
0
0
0
0
0
0
0
0
0
0
0
0
0
0
0
0
0
0
0
0
0
0
0
0
0
0
0
0
0
0
0
0
0
0
0
0
0
0
0
0
0
0
0
0
0
0
0
0
0
0
0
0
0
0
0
0
0
0
0
0
0
0
0
0
0
0
0
0
0
0
0
0
0
0
0
0
0
0
0
0
0
0
0
0
0
0
0
0
0
0
0
0
0
0
0
0
0
0
0
0
0
0
0
0
0
0
0
0
0
0
0
0
0
0
0
0
0
0
0
0
0
0
0
0
0
0
0
0
0
0
0
0
0
0
0
0
0
0
0
0
0
0
0
0
0
0
0
0
0
0
0
0
0
0
0
0
0
0
0
0
0
0
0
0
0
0
0
0
0
0
0
0
0
0
0
0
0
0
0
0
0
0
0
0
0
0
0
0
0
0
0
0
0
0
0
0
0
0
0
0
0
0
0
0
0
0
0
0
0
0
0
0
0
0
0
0
0
0
0
0
0
0
0
0
0
0
0
0
0
0
0
0
0
0
0
0
0
0
0
0
0
0
0
0
0
0
0
0
0
0
0
0
0
0
0
0
0
0
0
0
0
0
0
0
0
0
0
0
0
0
0
0
0
0
0
0
0
0
0
0
0
0
0
0
0
0
0
0
0
0
0
0
0
0
0
0
0
0
0
0
0
0
0
0
0
0
0
0
0
0
0
0
0
0
0
0
0
0
0
0
0
0
0
0
0
0
0
0
0
0
0
0
0
0
0
0
0
0
0
0
0
0
0
0
0
0
0
0
0
0
0
0
0
0
0
0
0
0
0
0
0
0
0
0
0
0
0
0
0
0
0
0
0
0
0
0
0
0
0
0
0
0
0
0
0
0
0
0
0
0
0
0
0
0
0
0
0
0
0
0
0
0
0
0
0
0
0
0
0
0
0
0
0
0
0
0
0
0
0
0
0
0
0
0
0
0
0
0
0
0
0
0
0
0
0
0
0
0
0
0
0
0
0
0
0
0
0
0
0
0
0
0
0
0
0
0
0
0
0
0
0
0
0
0
0
0
0
0
0
0
0
0
0
0
0
0
0
0
0
0
0
0
0
0
0
0
0
0
0
0
0
0
0
0
0
0
0
0
0
0
0
0
0
0
0
0
0
0
0
0
0
0
0
0
0
0
0
0
0
0
0
0
0
0
0
0
0
0
0
0
0
0
0
0
0
0
0
0
0
0
0
0
0
0
0
0
0
0
0
0
0
0
0
0
0
0
0
0
0
0
0
0
0
0
0
0
0
0
0
0
0
0
0
0
0
0
0
0
0
0
0
0
0
0
0
0
0
0
0
0
0
0
0
0
0
0
0
0
0
0
0
0
0
0
0
0
0
0
0
0
0
0
0
0
0
0
0
0
0
0
0
0
0
0
0
0
0
0
0
0
0
0
0
0
0
0
0
0
0
0
0
0
0
0
0
0
0
0
0
0
0
0
0
0
0
0
0
0
0
0
0
0
0
0
0
0
0
0
0
0
0
0
0
0
0
0
0
0
0
0
0
0
0
0
0
0
0
0
0
0
0
0
0
0
0
0
0
0
0
0
0
0
0
0
0
0
0
0
0
0
0
0
0
0
0
0
0
0
0
0
0
0
0
0
0
0
0
0
0
0
0
0
0
0
0
0
0
0
0
0
0
0
0
0
0
0
0
0
0
0
0
0
0
0
0
0
0
0
0
0
0
0
0
0
0
0
0
0
0
0
0
0
0
0
0
0
0
0
0
0
0
0
0
0
0
0
0
0
0
0
0
0
0
0
0
0
0
0
0
0
0
0
0
0
0
0
0
0
0
0
0
0
0
0
0
0
0
0
0
0
0
0
0
0
0
0
0
0
0
0
0
0
0
0
0
0
0
0
0
0
0
0
0
0
0
0
0
0
0
0
0
0
0
0
0
0
0
0
0
0
0
0
0
0
0
0
0
0
0
0
0
0
0
0
0
0
0
0
0
0
0
0
0
0
0
0
0
0
0
0
0
0
0
0
0
0
0
0
0
0
0
0
0
0
0
0
0
0
0
0
0
0
0
0
0
0
0
0
0
0
0
0
0
0
0
0
0
0
0
0
0
0
0
0
0
0
0
0
0
0
0
0
0
0
0
0
0
0
0
0
0
0
0
0
0
0
0
0
0
0
0
0
0
0
0
0
0
0
0
0
0
0
0
0
0
0
0
0
0
0
0
0
0
0
0
0
0
0
0
0
0
0
0
0
0
0
0
0
0
0
0
0
0
0
0
0
0
0
0
0
0
0
0
0
0
0
0
0
0
0
0
0
0
0
0
0
0
0
0
0
0
0
0
0
0
0
0
0
0
0
0
0
0
0
0
0
0
0
0
0
0
0
0
0
0
0
0
0
0
0
0
0
0
0
0
0
0
0
0
0
0
0
0
0
0
0
0
0
0
0
0
0
0
0
0
0
0
0
0
0
0
0
0
0
0
0
0
0
0
0
0
0
0
0
0
0
0
0
0
0
0
0
0
0
0
0
0
0
0
0
0
0
0
0
0
0
0
0
0
0
0
0
0
0
0
0
0
0
0
0
0
0
0
0
0
0
0
0
0
0
0
0
0
0
0
0
0
0
0
0
0
0
0
0
0
0
0
0
0
0
0
0
0
0
0
0
0
0
0
0
0
0
0
0
0
0
0
0
0
0
0
0
0
0
0
0
0
0
0
0
0
0
0
0
0
0
0
0
0
0
0
0
0
0
0
0
0
0
0
0
0
0
0
0
0
0
0
0
0
0
0
0
0
0
0
0
0
0
0
0
0
0
0
0
0
0
0
0
0
0
0
0
0
0
0
0
0
0
0
0
0
0
0
0
0
0
0
0
0
0
0
0
0
0
0
0
0
0
0
0
0
0
0
0
0
0
0
0
0
0
0
0
0
0
0
0
0
0
0
0
0
0
0
0
0
0
0
0
0
0
0
0
0
0
0
0
0
0
0
0
0
0
0
0
0
0
0
0
0
0
0
0
0
0
0
0
0
0
0
0
0
0
0
0
0
0
0
0
0
0
0
0
0
0
0
0
0
0
0
0
0
0
0
0
0
0
0
0
0
0
0
0
0
0
0
0
0
0
0
0
0
0
0
0
0
0
0
0
0
0
0
0
0
0
0
0
0
0
0
0
0
0
0
0
0
0
0
0
0
0
0
0
0
0
0
0
0
0
0
0
0
0
0
0
0
0
0
0
0
0
0
0
0
0
0
0
0
0
0
0
0
0
0
0
0
0
0
0
0
0
0
0
0
0
0
0
0
0
0
0
0
0
0
0
0
0
0
0
0
0
0
0
0
0
0
0
0
0
0
0
0
0
0
0
0
0
0
0
0
0
0
0
0
0
0
0
0
0
0
0
0
0
0
0
0
0
0
0
0
0
0
0
0
0
0
0
0
0
0
0
0
0
0
0
0
0
0
0
0
0
0
0
0
0
0
0
0
0
0
0
0
0
0
0
0
0
0
0
0
0
0
0
0
0
0
0
0
0
0
0
0
0
0
0
0
0
0
0
0
0
0
0
0
0
0
0
0
0
0
0
0
0
0
0
0
0
0
0
0
0
0
0
0
0
0
0
0
0
0
0
0
0
0
0
0
0
0
0
0
0
0
0
0
0
0
0
0
0
0
0
0
0
0
0
0
0
0
0
0
0
0
0
0
0
0
0
0
0
0
0
0
0
0
0
0
0
0
0
0
0
0
0
0
0
0
0
0
0
0
0
0
0
0
0
0
0
0
0
0
0
0
0
0
0
0
0
0
0
0
0
0
0
0
0
0
0
0
0
0
0
0
0
0
0
0
0
0
0
0
0
0
0
0
0
0
0
0
0
0
0
0
0
0
0
0
0
0
0
0
0
0
0
0
0
0
0
0
0
0
0
0
0
0
0
0
0
0
0
0
0
0
0
0
0
0
0
0
0
0
0
0
0
0
0
0
0
0
0
0
0
0
0
0
0
0
0
0
0
0
0
0
0
0
0
0
0
0
0
0
0
0
0
0
0
0
0
0
0
0
0
0
0
0
0
0
0
0
0
0
0
0
0
0
0
0
0
0
0
0
0
0
0
0
0
0
0
0
0
0
0
0
0
0
0
0
0
0
0
0
0
0
0
0
0
0
0
0
0
0
0
0
0
0
0
0
0
0
0
0
0
0
0
0
0
0
0
0
0
0
0
0
0
0
0
0
0
0
0
0
0
0
0
0
0
0
0
0
0
0
0
0
0
0
0
0
0
0
0
0
0
0
0
0
0
0
0
0
0
0
0
0
0
0
0
0
0
0
0
0
0
0
0
0
0
0
0
0
0
0
0
0
0
0
0
0
0
0
0
0
0
0
0
0
0
0
0
0
0
0
0
0
0
0
0
0
0
0
0
0
0
0
0
0
0
0
0
0
0
0
0
0
0
0
0
0
0
0
0
0
0
0
0
0
0
0
0
0
0
0
0
0
0
0
0
0
0
0
0
0
0
0
0
0
0
0
0
0
0
0
0
0
0
0
0
0
0
0
0
0
0
0
0
0
0
0
0
0
0
0
0
0
0
0
0
0
0
0
0
0
0
0
