-277
174
-2885
-2775
-297
-2682
-2804
-384
252
-3418
-2496
-1296
-2576
-3000
-212
59
-58
325
-1670
-2318
-1419
-2769
-14317
-99
521
-2001
-2142
-1198
-2724
-15291
291
686
-368
-653
-2530
-3890
1085
-2779
-2772
-531
-592
-2854
-4187
-277
-2269
-2600
-221
-218
91
636
-2491
-1915
-1667
-2609
-18282
73
616
-2717
-1670
-600
-1569
-20150
353
1655
-588
-1082
-2376
-3336
-345
-3545
-2966
-606
-1156
-3121
-3821
-1356
-3483
-3704
-256
-272
17
935
-3250
-1270
-1299
-2803
-20378
272
958
-4119
-2227
-91
-2368
-19073
520
1303
-567
-1028
-1060
-2909
-1445
-2544
-2336
-534
-843
-1239
-3509
-847
-2663
-3827
-244
-313
76
-778
-3532
-922
45
-2221
-19933
251
-1164
-4405
-2066
684
-1930
-18692
594
-1421
-260
-743
-1201
-2699
-2720
-2238
-2229
-313
-502
-1073
-2209
-1098
-1934
-3159
-103
-71
137
-676
-1711
-1414
360
-2148
-16869
17
-982
-2724
-1971
159
-1804
-18428
364
-1840
-102
-268
-1967
-2567
-3051
-2518
-2420
-168
382
-1866
-1547
-2745
-2092
-2536
8
281
31
354
-333
-2575
731
-2294
-16919
-187
1177
-1244
-1907
181
-1929
-20758
64
739
-178
-186
-1861
-1775
-2554
-2834
-2493
-177
555
-2034
-1231
-3585
-2650
-2150
-101
121
-155
-665
-2042
-3189
1312
-2434
-13420
-181
157
-2578
-1981
-43
-2326
-15177
-5
-132
-201
-17
-1121
-939
-2244
-2116
-2036
-135
401
-1060
-410
-2631
-2385
-2303
-114
-414
-271
-593
-2547
-2389
578
-1942
-15226
-330
-108
-3129
-1703
-788
-2222
-16894
-33
-148
-70
-31
-2034
-3031
-248
-1571
-1925
-77
-635
-2085
-2770
-2585
-2280
-1902
-151
-541
-262
-102
134
-2168
-874
-1732
-16894
-165
540
-1050
-1675
-680
-1793
-16742
98
326
-161
538
-1781
-3204
612
-1948
-2006
-235
64
-2762
-4054
-1985
-3108
-3103
-173
-503
-81
-458
-841
-1675
-2074
-1843
-20021
-120
-34
-2528
-2591
-809
-1553
-16043
323
200
-372
-518
-2808
-1237
91
-3014
-2614
-335
-281
-3537
-1425
-2289
-3714
-2961
-211
-616
-77
525
-3313
-1945
-1708
-2586
-17960
37
81
-5189
-3153
-528
-2122
-16033
434
2
-285
-869
-3181
-589
531
-2947
-3046
-117
-624
-2872
-149
-1874
-2979
-3067
-99
-510
-24
403
-3975
-3450
-2428
-3119
-12891
69
232
-4530
-3096
-1181
-1771
-16235
398
-566
-60
-167
-2776
-2704
-2102
-3098
-3427
27
-157
-2421
-1589
-2891
-2706
-2323
47
-162
-11
-625
-1632
-3267
-1252
-3347
-14370
-89
-255
-2749
-3041
-1225
-2378
-19450
120
-584
-174
-75
-1466
-1996
-2826
-2764
-2608
-35
-471
-2252
-1555
-3439
-3213
-1924
10
-352
-180
-417
-1227
-2942
631
-2488
-17397
-156
-346
-3052
-3453
-606
-2892
-17655
-8
-321
-215
-227
-1088
-1055
-3033
-2708
-2366
-63
-1214
-669
-274
-2525
-2541
-1737
-145
-316
-331
-204
-2714
-2481
1275
-2283
-13526
-214
-120
-3217
-2539
-608
-2036
-16808
-44
404
-69
-339
35
-789
-3355
-1971
-2114
-51
-393
361
-266
-2837
-3243
-3702
-9
523
-416
-405
-2630
-2547
162
-2092
-14089
-263
-347
-2866
-2799
-1439
-2820
-13294
-124
-270
118
365
-792
-3657
-1191
-2395
-2181
57
69
-658
-2979
-2916
-2654
-2723
-92
-91
-284
-116
632
-2207
-1317
-2046
-14403
-145
315
-841
-1950
-935
-2317
-15019
2
278
24
271
-1740
-3842
-1942
-2704
-2483
27
158
-2077
-3768
-3183
-3554
-3643
-158
468
-64
-442
1832
-1319
-3339
-2164
-19410
-62
-334
-1122
-2711
-2030
-2414
-16991
362
-227
-5
23
-2759
-2069
-2411
-3255
-3034
-45
45
-2734
-975
-2596
-3598
-4359
-36
-51
95
480
-99
-1381
-3542
-2982
-15138
75
-376
-1852
-2545
-2800
-2957
-15765
446
-428
-137
18
-2490
-615
-828
-2066
-2022
-161
-138
-3880
-481
-2019
-4282
-3698
-21
-401
298
-118
-795
-1311
-3332
-2104
-22233
149
-73
-2113
-3014
-4403
-3356
-17450
287
-691
-27
67
-2584
-2378
-2669
-2665
-2940
-96
497
-3262
-1024
-1884
-3737
-2903
198
-32
125
-954
-997
-1891
-1088
-2789
-15262
-104
426
-1765
-3756
-3317
-3279
-15365
53
250
-143
855
-1951
-2386
-2138
-2603
-2604
-174
1602
-2779
-1845
-1479
-2891
-2177
112
775
-20
-87
-2238
-1736
860
-2560
-16527
-36
-197
-3035
-2614
-707
-2900
-15637
208
-112
-29
2775
-2294
-2652
-1557
-3435
-2929
-227
1769
-2803
-2955
-2157
-4317
-2711
-136
751
-96
344
-3652
-2333
888
-3027
-20294
-80
422
-3531
-3124
-899
-3913
-18012
-28
921
7
1865
-2281
-2426
-1220
-3029
-2840
-295
1031
-2237
-2695
-3103
-4223
-1723
-74
1070
-204
-1139
-2949
-3493
853
-2890
-20377
-139
-911
-3559
-3269
-1080
-3650
-19270
-124
-705
166
-260
-1184
-2321
-712
-2197
-1972
112
-277
-1071
-1747
-1846
-2318
-2170
-28
-43
-266
254
486
-1783
-2301
-1980
-13493
-120
691
-978
-1468
-1757
-2126
-15151
1
501
33
-932
-2395
-2083
-1994
-2331
-2152
68
-633
-3045
-2426
-2480
-3309
-3031
-66
-87
59
-245
2005
-1299
-3396
-1916
-15076
67
-1409
-637
-2494
-2582
-2323
-12643
260
-1226
-96
-1754
-3446
-774
-2467
-2587
-2400
-22
-633
-4701
-662
-2166
-3400
-3207
-3
-737
220
982
974
-993
-3628
-2160
-17137
164
910
-1011
-2204
-4237
-3361
-15396
390
623
-215
-478
-2336
-927
-369
-2195
-2695
-133
218
-2878
-453
400
-2561
-2256
171
-689
241
14
-1637
-2077
-3456
-2503
-13507
104
90
-2781
-1486
-4326
-2968
-16609
226
-717
-181
-46
-2820
-2247
-914
-3135
-2993
-215
1158
-4287
-323
-799
-3487
-2997
177
-81
61
-704
-1866
-2791
-865
-2921
-15662
-89
564
-2224
-3101
-3702
-2906
-15825
-26
189
-87
1024
-4763
-4718
-2153
-6317
-5456
-240
1206
-3893
-2875
-3624
-4014
-3365
56
-29
-79
1694
-6217
-6018
3217
-5481
-13128
-9
1011
-4958
-3446
1184
-3661
-19199
74
648
-11
2865
-7047
-8457
-4904
-8015
-6636
-59
3835
-5157
-8150
-5717
-5611
-1596
153
2206
-201
926
-9208
-6520
8717
-6821
-22784
86
-5
-7949
-4427
4870
-5906
-28744
154
594
5
1500
-4199
-4932
-3455
-5166
-4278
-48
1768
-4443
-5312
-4505
-5805
-613
-43
1073
-188
-2897
-5322
-4075
4453
-4388
-18474
165
-3146
-6187
-4056
-175
-5387
-16373
68
-1773
127
-26
-2068
-1679
695
-1910
-1949
42
-244
-2117
-1238
-1371
-2109
-1826
-47
-98
-280
29
9
-2045
-2993
-2025
-13225
-102
426
-1239
-1403
-2247
-2046
-14297
-8
-37
-98
-443
-3224
-504
-1136
-2357
-2420
-61
-224
-2993
-452
-2233
-2101
-1954
-111
-59
25
-86
785
-2760
-3647
-2234
-13006
118
-1423
-902
-1493
-2599
-1690
-17055
304
-1220
-272
-258
-3430
293
-3201
-2817
-2634
-118
14
-4978
-8
-3088
-3724
-2892
-66
-229
154
818
-283
-2693
-1981
-2478
-13877
186
653
-1895
-2392
-4245
-3945
-11284
345
248
-407
-444
-1639
-232
-752
-1779
-2082
-182
-19
-2887
-918
-1210
-2684
-2161
68
-378
132
-550
-984
-2469
-2346
-1867
-13746
111
-898
-2234
-1832
-4034
-3251
-12072
216
-1442
-190
-309
-4229
-509
-1095
-3574
-3395
-186
-85
-4898
663
-2455
-3374
-3114
52
-354
-79
142
-2932
-3626
-1389
-3357
-15207
-101
1305
-3461
-2863
-4125
-2878
-16063
11
772
-70
-405
-6925
-2614
-4287
-6579
-5396
-188
-1063
-7662
-2174
-6235
-6480
-3118
74
93
-69
4319
-6768
-6305
3951
-5206
-26013
-115
4194
-6467
-4402
-1810
-4544
-24344
-46
3187
-309
-1196
-13776
-12465
-13590
-16284
-14788
62
-669
-7142
-7876
-9464
-6409
-5506
143
-193
-363
442
-15359
-14509
12449
-14632
20234
338
466
-9849
-5341
7209
-7454
-13655
331
292
-301
-1703
-4710
-6138
-4866
-6392
-5663
-72
-1555
-4403
-5818
-4654
-4916
-515
-123
-961
-286
-4363
-7291
-4465
5197
-5240
-18929
89
-6070
-8558
-2864
1308
-4862
-23603
282
-4594
144
-282
-2245
-1031
483
-1613
-1720
17
-523
-2592
-355
-1188
-2094
-1696
-48
-584
-285
-144
-690
-1316
-2432
-1773
-14507
-161
161
-1619
-1479
-2461
-2079
-14181
-89
-239
-93
-421
-2759
898
-730
-1764
-1920
-128
54
-3072
829
-1852
-2010
-1126
-90
534
-34
85
-553
-1919
-3290
-1681
-15122
62
-915
-2358
-2067
-3225
-1746
-16459
238
-718
-259
-678
-3352
1858
-3980
-2676
-2699
-146
-860
-4544
1794
-3569
-3481
-1647
-99
-965
29
367
-1890
-3073
-1209
-2499
-14368
181
602
-3990
-3354
-3617
-3692
-13329
198
167
-367
-982
-2405
-288
-2172
-2478
-2718
-248
-292
-2735
-1111
-3000
-2570
-1115
-96
-664
77
-1145
-2322
-3488
-742
-2358
-16568
160
-666
-3567
-2721
-2725
-2817
-17872
226
-1142
-112
-184
-3534
-629
-2905
-2976
-2936
-336
439
-4285
-657
-3371
-3335
-2461
-116
85
52
843
-2327
-4141
938
-2650
-13316
-57
-50
-3211
-3544
-2560
-2733
-12070
-24
39
-172
-1505
-4420
-1035
-3691
-3508
-2792
-361
-2210
-7515
-1660
-4509
-6190
-3669
-88
-2451
13
1025
-2719
-3328
2547
-2756
-28698
-68
1221
-4024
-5495
-2184
-4493
-16222
-92
1525
-276
-3818
-4263
-2560
-2603
-3927
-3640
-267
-5506
-5828
-2965
-3591
-5603
-2162
-110
-5077
-90
547
-5259
-3307
3719
-3276
31458
134
733
-7023
-4688
-58
-4329
-25254
202
227
-227
-1410
-2460
-4279
-3513
-3567
-3925
-154
-1333
-2127
-4497
-2324
-3811
-1355
46
-1502
-273
-575
-5725
-3749
3817
-3662
-13310
-170
-792
-6771
-3545
1061
-3875
-13362
150
-899
28
-279
-1384
-541
-154
-1072
-1195
-29
-294
-1666
-227
-1052
-1683
-889
-59
1
-287
-336
-900
-970
-1214
-1188
-15154
-204
144
-2078
-1063
-2096
-1545
-14843
-80
-115
-234
-210
-1950
1538
-1809
-1498
-1555
-231
208
-2539
1149
-2334
-1998
-603
-99
718
-78
-13
-1202
-1060
-2185
-1336
-15238
15
-170
-3411
-1952
-3329
-1549
-15126
182
21
-375
-171
-3226
2730
-4332
-3147
-2642
-245
-39
-4143
2453
-4287
-3750
-643
-96
355
22
136
-3118
-2956
-584
-2464
-15021
135
403
-5768
-3949
-3913
-3597
-14593
218
18
-328
291
-1487
-640
-3040
-2966
-2576
-258
-76
-1848
-1407
-3718
-3414
-732
-149
93
-18
-230
-2889
-3469
639
-2228
-14075
131
223
-4092
-3684
-2352
-2940
-15355
186
-158
-108
-122
-2037
-768
-1919
-1860
-1953
-171
-576
-2319
-504
-2134
-2487
-1054
-183
-507
-33
-524
-1246
-2433
-35
-1582
-13406
-100
-321
-1818
-2618
-3067
-1588
-15686
16
-506
-44
-238
-2584
-402
-1663
-2171
-2155
-16
19
-3758
580
-2213
-3300
-1832
-29
-468
-166
106
-1507
-2454
-516
-1925
-15698
-293
379
-2586
-3411
-3538
-2388
-14290
-162
119
-198
229
-2440
-2755
-2407
-2993
-2996
-53
-57
-3311
-2679
-2988
-3654
-708
59
-462
-243
153
-2402
-4596
1706
-2985
-11950
-81
-190
-4127
-3831
-1242
-2862
-11447
-38
-618
-29
-610
-1912
-3594
-1973
-3110
-2986
-127
-658
-1901
-3799
-2279
-3525
662
102
284
-300
-237
-3427
-4403
2457
-3082
-16128
-342
316
-4062
-3285
-1460
-2278
-18668
-134
267
-148
-101
-1116
-1516
-197
-690
-1492
-187
-407
-1048
-1686
-1340
-1574
-507
-114
211
-169
-177
-2025
-1141
-1443
-1511
-14926
-182
383
-2427
-1477
-2634
-2333
-15582
18
-58
-344
-71
-1172
-106
-1003
-1015
-1339
-377
-602
-1277
-353
-2192
-1694
-902
-164
16
-21
-182
-1522
-1199
-1851
-1207
-13346
-19
-256
-3082
-1647
-2432
-2105
-13237
177
-130
-441
-174
-1664
810
-2824
-2934
-2164
-373
-486
-1926
304
-3496
-3368
-1040
-129
31
30
-580
-2864
-2645
-267
-1988
-13996
122
105
-4398
-3144
-2438
-3440
-14334
231
-70
-332
35
606
-842
-2066
-2329
-1558
-267
-507
-203
-2073
-3309
-3787
-829
-165
-285
-57
-388
-2239
-2426
115
-1367
-14817
-4
204
-3512
-3216
-2283
-3415
-12283
148
-123
-161
-332
149
-1272
-1329
-1298
-1165
-121
-279
-110
-1766
-2026
-2494
-898
-74
-175
-237
-614
-1107
-1842
-348
-913
-15388
-270
333
-1843
-2484
-2158
-2338
-15140
-33
337
-168
-759
-1446
-1466
-521
-963
-1255
-36
-380
-1778
-1651
-1461
-1848
186
-68
-505
-260
-25
-355
-2262
-495
-1062
-15822
-379
773
-1374
-2476
-2315
-2376
-16775
-159
547
-194
-901
-1923
-3145
-2349
-1635
-1957
-71
-582
-2084
-3715
-3058
-2065
1095
37
-739
-247
161
-405
-3688
1650
-1923
-15512
-282
355
-1676
-2511
-1015
-2551
-18500
-30
-37
-30
-698
-1931
-3853
-3229
-2883
-3080
-139
-1462
-1960
-3666
-3643
-3367
-1198
-29
-1457
-317
-385
-1954
-3973
1937
-3073
-12857
-392
-82
-2048
-3153
-727
-3271
-14930
-100
381
0
0
0
0
0
0
0
0
0
0
0
-2150
-2724
-588
-2741
-1903
0
0
0
0
0
0
0
0
0
0
0
-25
-1068
-1298
-1917
-16160
0
0
0
0
0
0
0
0
0
0
0
-3161
-3615
1025
-3276
-2814
0
0
0
0
0
0
0
0
0
0
0
-1717
-1339
-2533
-2910
-15012
0
0
0
0
0
0
0
0
0
0
0
-3217
-3106
-128
-3775
-3136
0
0
0
0
0
0
0
0
0
0
0
-2519
-209
-2685
-3182
-16066
0
0
0
0
0
0
0
0
0
0
0
-3621
-3488
-1440
-3322
-3324
0
0
0
0
0
0
0
0
0
0
0
-2964
-659
-889
-3222
-12591
0
0
0
0
0
0
0
0
0
0
0
-2163
-2566
-2049
-1499
-1786
0
0
0
0
0
0
0
0
0
0
0
-867
-755
223
-1623
-18001
0
0
0
0
0
0
0
0
0
0
0
-2105
-2544
-2166
-1642
-1698
0
0
0
0
0
0
0
0
0
0
0
279
-1871
926
-1492
-18339
0
0
0
0
0
0
0
0
0
0
0
-1554
-1736
-940
-1787
-1286
0
0
0
0
0
0
0
0
0
0
0
-391
-2321
1604
-1162
-16287
0
0
0
0
0
0
0
0
0
0
0
-1318
-1482
-605
-1371
-1541
0
0
0
0
0
0
0
0
0
0
0
-718
-1901
284
-1360
-14984
0
0
0
0
0
0
0
0
0
0
0
-2225
-2877
-1086
-1803
-1970
0
0
0
0
0
0
0
0
0
0
0
1465
-2036
-1491
-1955
-14085
0
0
0
0
0
0
0
0
0
0
0
-2716
-3156
633
-2360
-2262
0
0
0
0
0
0
0
0
0
0
0
-8
-1897
-2393
-2296
-15683
0
0
0
0
0
0
0
0
0
0
0
-2565
-1127
552
-1671
-1807
0
0
0
0
0
0
0
0
0
0
0
-1486
-1056
-1812
-1706
-19744
0
0
0
0
0
0
0
0
0
0
0
-3382
-1070
285
-1373
-2333
0
0
0
0
0
0
0
0
0
0
0
-1822
-2458
-1780
-2039
-15492
0
0
0
0
0
0
0
0
0
0
0
-3361
-2628
-2659
-1645
-2601
0
0
0
0
0
0
0
0
0
0
0
-626
-1722
-1048
-2299
-17469
0
0
0
0
0
0
0
0
0
0
0
-2119
-2130
-2317
-1764
-1957
0
0
0
0
0
0
0
0
0
0
0
-656
-2149
1004
-1650
-17269
0
0
0
0
0
0
0
0
0
0
0
-1077
-978
-2062
-1166
-1307
0
0
0
0
0
0
0
0
0
0
0
-1237
-1454
1326
-1127
-15468
0
0
0
0
0
0
0
0
0
0
0
-1094
-862
-2304
-1272
-1491
0
0
0
0
0
0
0
0
0
0
0
-394
-1658
120
-1308
-12510
0
0
0
0
0
0
0
0
0
0
0
-2554
-3048
-1948
-1909
-2046
0
0
0
0
0
0
0
0
0
0
0
2673
-2184
-1406
-1908
-12848
0
0
0
0
0
0
0
0
0
0
0
-3429
-3644
-2550
-2331
-2892
0
0
0
0
0
0
0
0
0
0
0
2489
-2705
-2565
-2786
-15284
0
0
0
0
0
0
0
0
0
0
0
-2841
-2322
-2493
-1288
-2431
0
0
0
0
0
0
0
0
0
0
0
1017
-1809
-2793
-2267
-16812
0
0
0
0
0
0
0
0
0
0
0
-3572
-2279
-2170
-22
-2806
0
0
0
0
0
0
0
0
0
0
0
-1263
-1211
-3777
-2534
-17893
0
0
0
0
0
0
0
0
0
0
0
-3804
-2829
-3007
-1007
-2823
0
0
0
0
0
0
0
0
0
0
0
-923
-1300
-1607
-2571
-13527
0
0
0
0
0
0
0
0
0
0
0
-2445
-3051
-2131
-1901
-2573
0
0
0
0
0
0
0
0
0
0
0
-2338
-1373
680
-2381
-13528
0
0
0
0
0
0
0
0
0
0
0
-1273
-2356
-765
-2804
-2391
0
0
0
0
0
0
0
0
0
0
0
-2837
-1254
-356
-2232
-19136
0
0
0
0
0
0
0
0
0
0
0
-1616
-1944
-963
-1732
-1778
0
0
0
0
0
0
0
0
0
0
0
-1174
-1275
-980
-1706
-21035
0
0
0
0
0
0
0
0
0
0
0
-2247
-2053
-1518
-1096
-1812
0
0
0
0
0
0
0
0
0
0
0
2222
-1690
-2461
-1678
-13198
0
0
0
0
0
0
0
0
0
0
0
-3387
-2417
-2219
-1207
-2429
0
0
0
0
0
0
0
0
0
0
0
1841
-2357
-2875
-2221
-12228
0
0
0
0
0
0
0
0
0
0
0
-2781
-1813
-2223
-338
-2119
0
0
0
0
0
0
0
0
0
0
0
66
-827
-3332
-1946
-18129
0
0
0
0
0
0
0
0
0
0
0
-3219
-1826
-905
-180
-2706
0
0
0
0
0
0
0
0
0
0
0
-2212
-2235
-2932
-2416
-12735
0
0
0
0
0
0
0
0
0
0
0
-2616
-2404
-536
-1779
-2221
0
0
0
0
0
0
0
0
0
0
0
-947
-1435
-1131
-1978
-17285
0
0
0
0
0
0
0
0
0
0
0
-3201
-3794
-356
-4741
-3494
0
0
0
0
0
0
0
0
0
0
0
-4077
-2433
1222
-3246
-18919
0
0
0
0
0
0
0
0
0
0
0
-5084
-7179
-3758
-8467
-7225
0
0
0
0
0
0
0
0
0
0
0
-10136
-3846
2824
-7180
-15885
0
0
0
0
0
0
0
0
0
0
0
-4092
-4701
-4109
-4340
-4423
0
0
0
0
0
0
0
0
0
0
0
-5543
-1749
1707
-4553
-13599
0
0
0
0
0
0
0
0
0
0
0
-2263
-1847
-323
-1333
-1817
0
0
0
0
0
0
0
0
0
0
0
1522
-1429
-3027
-1667
-13004
0
0
0
0
0
0
0
0
0
0
0
-2982
-906
-626
-1492
-2050
0
0
0
0
0
0
0
0
0
0
0
895
-2385
-2559
-1790
-13817
0
0
0
0
0
0
0
0
0
0
0
-2359
-673
-1668
-1056
-1802
0
0
0
0
0
0
0
0
0
0
0
-769
-1303
-1235
-1537
-16734
0
0
0
0
0
0
0
0
0
0
0
-2089
-1379
-803
-1123
-2106
0
0
0
0
0
0
0
0
0
0
0
-1874
-2179
-1226
-1862
-11155
0
0
0
0
0
0
0
0
0
0
0
-2931
-1422
-260
-2890
-2127
0
0
0
0
0
0
0
0
0
0
0
-1669
-1194
-1110
-2193
-17871
0
0
0
0
0
0
0
0
0
0
0
-4736
-2702
-1669
-5183
-3775
0
0
0
0
0
0
0
0
0
0
0
-4929
-1059
879
-3914
-28302
0
0
0
0
0
0
0
0
0
0
0
-8233
-6955
-6203
-12263
-7894
0
0
0
0
0
0
0
0
0
0
0
-10326
-6680
8867
-7759
-9613
0
0
0
0
0
0
0
0
0
0
0
-4107
-4924
-4527
-5586
-4838
0
0
0
0
0
0
0
0
0
0
0
-6395
-2449
3857
-4519
-21222
0
0
0
0
0
0
0
0
0
0
0
-2054
-1629
-551
-1159
-1750
0
0
0
0
0
0
0
0
0
0
0
659
-566
-2952
-1554
-13365
0
0
0
0
0
0
0
0
0
0
0
-2525
80
-446
-1520
-1870
0
0
0
0
0
0
0
0
0
0
0
-89
-1387
-2488
-1518
-14253
0
0
0
0
0
0
0
0
0
0
0
-2291
321
-2315
-1700
-2154
0
0
0
0
0
0
0
0
0
0
0
-1702
-1840
-374
-1778
-15187
0
0
0
0
0
0
0
0
0
0
0
-2290
-953
-1404
-1756
-1997
0
0
0
0
0
0
0
0
0
0
0
-1939
-2490
644
-1767
-17767
0
0
0
0
0
0
0
0
0
0
0
-2008
-975
-1015
-1868
-1374
0
0
0
0
0
0
0
0
0
0
0
-1124
-1848
1094
-1329
-18112
0
0
0
0
0
0
0
0
0
0
0
-1253
-2033
-2552
-2850
-2430
0
0
0
0
0
0
0
0
0
0
0
-3204
-1084
750
-2360
-25699
0
0
0
0
0
0
0
0
0
0
0
-1511
-2738
-2731
-3914
-3202
0
0
0
0
0
0
0
0
0
0
0
-4729
-3263
2408
-3143
-29527
0
0
0
0
0
0
0
0
0
0
0
-2946
-3562
-2435
-3246
-3374
0
0
0
0
0
0
0
0
0
0
0
-3833
-4535
3555
-3288
-12490
0
0
0
0
0
0
0
0
0
0
0
-1501
-853
-568
-794
-1321
0
0
0
0
0
0
0
0
0
0
0
523
-315
-1988
-1077
-13448
0
0
0
0
0
0
0
0
0
0
0
-2216
834
-657
-1768
-1508
0
0
0
0
0
0
0
0
0
0
0
-417
-326
-1770
-1216
-13913
0
0
0
0
0
0
0
0
0
0
0
-2825
1090
-2415
-2504
-2225
0
0
0
0
0
0
0
0
0
0
0
-1979
-1575
222
-1913
-14749
0
0
0
0
0
0
0
0
0
0
0
-2490
-564
-1658
-1556
-1762
0
0
0
0
0
0
0
0
0
0
0
-1371
-2130
859
-1503
-15704
0
0
0
0
0
0
0
0
0
0
0
-1506
-624
-1353
111
-1134
0
0
0
0
0
0
0
0
0
0
0
-394
-1652
-246
-964
-15926
0
0
0
0
0
0
0
0
0
0
0
-580
-931
-1627
-303
-1428
0
0
0
0
0
0
0
0
0
0
0
-1037
-1920
-41
-1283
-16738
0
0
0
0
0
0
0
0
0
0
0
-2280
-2324
-2791
-1815
-2672
0
0
0
0
0
0
0
0
0
0
0
-1772
-4975
2755
-2651
-10369
0
0
0
0
0
0
0
0
0
0
0
-2271
-2540
-1885
-1145
-2739
0
0
0
0
0
0
0
0
0
0
0
-1644
-4318
971
-2609
-14898
0
0
0
0
0
0
0
0
0
0
0
-1708
-1160
-262
-631
-1476
0
0
0
0
0
0
0
0
0
0
0
-698
-406
-2135
-1400
-14067
0
0
0
0
0
0
0
0
0
0
0
-2124
-153
-298
-1403
-1317
0
0
0
0
0
0
0
0
0
0
0
-691
-198
-1671
-1258
-12411
0
0
0
0
0
0
0
0
0
0
0
-2499
349
-1594
-2588
-1734
0
0
0
0
0
0
0
0
0
0
0
-1119
-1149
448
-1595
-14207
0
0
0
0
0
0
0
0
0
0
0
-1682
-427
-1357
-1569
-1321
0
0
0
0
0
0
0
0
0
0
0
-400
-1673
761
-1170
-13742
0
0
0
0
0
0
0
0
0
0
0
-1001
-630
-1146
-456
-919
0
0
0
0
0
0
0
0
0
0
0
66
-1406
-155
-790
-14731
0
0
0
0
0
0
0
0
0
0
0
-784
-957
-857
-58
-1014
0
0
0
0
0
0
0
0
0
0
0
286
-1801
-570
-861
-15574
0
0
0
0
0
0
0
0
0
0
0
-2230
-2309
-2713
-981
-2189
0
0
0
0
0
0
0
0
0
0
0
50
-3719
1179
-2091
-13079
0
0
0
0
0
0
0
0
0
0
0
-2124
-2403
-2990
-936
-2173
0
0
0
0
0
0
0
0
0
0
0
24
-3150
607
-1943
-14812
0
0
0
0
0
0
0
0
0
0
0
0
0
0
0
0
0
0
0
0
0
0
0
0
0
0
0
0
0
0
0
0
0
0
0
0
0
0
0
0
0
0
0
0
0
0
0
0
0
0
0
0
0
0
0
0
0
0
0
0
0
0
0
0
0
0
0
0
0
0
0
0
0
0
0
0
0
0
0
0
0
0
0
0
0
0
0
0
0
0
0
0
0
0
0
0
0
0
0
0
0
0
0
0
0
0
0
0
0
0
0
0
0
0
0
0
0
0
0
0
0
0
0
0
0
0
0
0
0
0
0
0
0
0
0
0
0
0
0
0
0
0
0
0
0
0
0
0
0
0
0
0
0
0
0
0
0
0
0
0
0
0
0
0
0
0
0
0
0
0
0
0
0
0
0
0
0
0
0
0
0
0
0
0
0
0
0
0
0
0
0
0
0
0
0
0
0
0
0
0
0
0
0
0
0
0
0
0
0
0
0
0
0
0
0
0
0
0
0
0
0
0
0
0
0
0
0
0
0
0
0
0
0
0
0
0
0
0
0
0
0
0
0
0
0
0
0
0
0
0
0
0
0
0
0
0
0
0
0
0
0
0
0
0
0
0
0
0
0
0
0
0
0
0
0
0
0
0
0
0
0
0
0
0
0
0
0
0
0
0
0
0
0
0
0
0
0
0
0
0
0
0
0
0
0
0
0
0
0
0
0
0
0
0
0
0
0
0
0
0
0
0
0
0
0
0
0
0
0
0
0
0
0
0
0
0
0
0
0
0
0
0
0
0
0
0
0
0
0
0
0
0
0
0
0
0
0
0
0
0
0
0
0
0
0
0
0
0
0
0
0
0
0
0
0
0
0
0
0
0
0
0
0
0
0
0
0
0
0
0
0
0
0
0
0
0
0
0
0
0
0
0
0
0
0
0
0
0
0
0
0
0
0
0
0
0
0
0
0
0
0
0
0
0
0
0
0
0
0
0
0
0
0
0
0
0
0
0
0
0
0
0
0
0
0
0
0
0
0
0
0
0
0
0
0
0
0
0
0
0
0
0
0
0
0
0
0
0
0
0
0
0
0
0
0
0
0
0
0
0
0
0
0
0
0
0
0
0
0
0
0
0
0
0
0
0
0
0
0
0
0
0
0
0
0
0
0
0
0
0
0
0
0
0
0
0
0
0
0
0
0
0
0
0
0
0
0
0
0
0
0
0
0
0
0
0
0
0
0
0
0
0
0
0
0
0
0
0
0
0
0
0
0
0
0
0
0
0
0
0
0
0
0
0
0
0
0
0
0
0
0
0
0
0
0
0
0
0
0
0
0
0
0
0
0
0
0
0
0
0
0
0
0
0
0
0
0
0
0
0
0
0
0
0
0
0
0
0
0
0
0
0
0
0
0
0
0
0
0
0
0
0
0
0
0
0
0
0
0
0
0
0
0
0
0
0
0
0
0
0
0
0
0
0
0
0
0
0
0
0
0
0
0
0
0
0
0
0
0
0
0
0
0
0
0
0
0
0
0
0
0
0
0
0
0
0
0
0
0
0
0
0
0
0
0
0
0
0
0
0
0
0
0
0
0
0
0
0
0
0
0
0
0
0
0
0
0
0
0
0
0
0
0
0
0
0
0
0
0
0
0
0
0
0
0
0
0
0
0
0
0
0
0
0
0
0
0
0
0
0
0
0
0
0
0
0
0
0
0
0
0
0
0
0
0
0
0
0
0
0
0
0
0
0
0
0
0
0
0
0
0
0
0
0
0
0
0
0
0
0
0
0
0
0
0
0
0
0
0
0
0
0
0
0
0
0
0
0
0
0
0
0
0
0
0
0
0
0
0
0
0
0
0
0
0
0
0
0
0
0
0
0
0
0
0
0
0
0
0
0
0
0
0
0
0
0
0
0
0
0
0
0
0
0
0
0
0
0
0
0
0
0
0
0
0
0
0
0
0
0
0
0
0
0
0
0
0
0
0
0
0
0
0
0
0
0
0
0
0
0
0
0
0
0
0
0
0
0
0
0
0
0
0
0
0
0
0
0
0
0
0
0
0
0
0
0
0
0
0
0
0
0
0
0
0
0
0
0
0
0
0
0
0
0
0
0
0
0
0
0
0
0
0
0
0
0
0
0
0
0
0
0
0
0
0
0
0
0
0
0
0
0
0
0
0
0
0
0
0
0
0
0
0
0
0
0
0
0
0
0
0
0
0
0
0
0
0
0
0
0
0
0
0
0
0
0
0
0
0
0
0
0
0
0
0
0
0
0
0
0
0
0
0
0
0
0
0
0
0
0
0
0
0
0
0
0
0
0
0
0
0
0
0
0
0
0
0
0
0
0
0
0
0
0
0
0
0
0
0
0
0
0
0
0
0
0
0
0
0
0
0
0
0
0
0
0
0
0
0
0
0
0
0
0
0
0
0
0
0
0
0
0
0
0
0
0
0
0
0
0
0
0
0
0
0
0
0
0
0
0
0
0
0
0
0
0
0
0
0
0
0
0
0
0
0
0
0
0
0
0
0
0
0
0
0
0
0
0
0
0
0
0
0
0
0
0
0
0
0
0
0
0
0
0
0
0
0
0
0
0
0
0
0
0
0
0
0
0
0
0
0
0
0
0
0
0
0
0
0
0
0
0
0
0
0
0
0
0
0
0
0
0
0
0
0
0
0
0
0
0
0
0
0
0
0
0
0
0
0
0
0
0
0
0
0
0
0
0
0
0
0
0
0
0
0
0
0
0
0
0
0
0
0
0
0
0
0
0
0
0
0
0
0
0
0
0
0
0
0
0
0
0
0
0
0
0
0
0
0
0
0
0
0
0
0
0
0
0
0
0
0
0
0
0
0
0
0
0
0
0
0
0
0
0
0
0
0
0
0
0
0
0
0
0
0
0
0
0
0
0
0
0
0
0
0
0
0
0
0
0
0
0
0
0
0
0
0
0
0
0
0
0
0
0
0
0
0
0
0
0
0
0
0
0
0
0
0
0
0
0
0
0
0
0
0
0
0
0
0
0
0
0
0
0
0
0
0
0
0
0
0
0
0
0
0
0
0
0
0
0
0
0
0
0
0
0
0
0
0
0
0
0
0
0
0
0
0
0
0
0
0
0
0
0
0
0
0
0
0
0
0
0
0
0
0
0
0
0
0
0
0
0
0
0
0
0
0
0
0
0
0
0
0
0
0
0
0
0
0
0
0
0
0
0
0
0
0
0
0
0
0
0
0
0
0
0
0
0
0
0
0
0
0
0
0
0
0
0
0
0
0
0
0
0
0
0
0
0
0
0
0
0
0
0
0
0
0
0
0
0
0
0
0
0
0
0
0
0
0
0
0
0
0
0
0
0
0
0
0
0
0
0
0
0
0
0
0
0
0
0
0
0
0
0
0
0
0
0
0
0
0
0
0
0
0
0
0
0
0
0
0
0
0
0
0
0
0
0
0
0
0
0
0
0
0
0
0
0
0
0
0
0
0
0
0
0
0
0
0
0
0
0
0
0
0
0
0
0
0
0
0
0
0
0
0
0
0
0
0
0
0
0
0
0
0
0
0
0
0
0
0
0
0
0
0
0
0
0
0
0
0
0
0
0
0
0
0
0
0
0
0
0
0
0
0
0
0
0
0
0
0
0
0
0
0
0
0
0
0
0
0
0
0
0
0
0
0
0
0
0
0
0
0
0
0
0
0
0
0
0
0
0
0
0
0
0
0
0
0
0
0
0
0
0
0
0
0
0
0
0
0
0
0
0
0
0
0
0
0
0
0
0
0
0
0
0
0
0
0
0
0
0
0
0
0
0
0
0
0
0
0
0
0
0
0
0
0
0
0
0
0
0
0
0
0
0
0
0
0
0
0
0
0
0
0
0
0
0
0
0
0
0
0
0
0
0
0
0
0
0
0
0
0
0
0
0
0
0
0
0
0
0
0
0
0
0
0
0
0
0
0
0
0
0
0
0
0
0
0
0
0
0
0
0
0
0
0
0
0
0
0
0
0
0
0
0
0
0
0
0
0
0
0
0
0
0
0
0
0
0
0
0
0
0
0
0
0
0
0
0
0
0
0
0
0
0
0
0
0
0
0
0
0
0
0
0
0
0
0
0
0
0
0
0
0
0
0
0
0
0
0
0
0
0
0
0
0
0
0
0
0
0
0
0
0
0
0
0
0
0
0
0
0
0
0
0
0
0
0
0
0
0
0
0
0
0
0
0
0
0
0
0
0
0
0
0
0
0
0
0
0
0
0
0
0
0
0
0
0
0
0
0
0
0
0
0
0
0
0
0
0
0
0
0
0
0
0
0
0
0
0
0
0
0
0
0
0
0
0
0
0
0
0
0
0
0
0
0
0
0
0
0
0
0
0
0
0
0
0
0
0
0
0
0
0
0
0
0
0
0
0
0
0
0
0
0
0
0
0
0
0
0
0
0
0
0
0
0
0
0
0
0
0
0
0
0
0
0
0
0
0
0
0
0
0
0
0
0
0
0
0
0
0
0
0
0
0
0
0
0
0
0
0
0
0
0
0
0
0
0
0
0
0
0
0
0
0
0
0
0
0
0
0
0
0
0
0
0
0
0
0
0
0
0
0
0
0
0
0
0
0
0
0
0
0
0
0
0
0
0
0
0
0
0
0
0
0
0
0
0
0
0
0
0
0
0
0
0
0
0
0
0
0
0
0
0
0
0
0
0
0
0
0
0
0
0
0
0
0
0
0
0
0
0
0
0
0
0
0
0
0
0
0
0
0
0
0
0
0
0
0
0
0
0
0
0
0
0
0
0
0
0
0
0
0
0
0
0
0
0
0
0
0
0
0
0
0
0
0
0
0
0
0
0
0
0
0
0
0
0
0
0
0
0
0
0
0
0
0
0
0
0
0
0
0
0
0
0
0
0
0
0
0
0
0
0
0
0
0
0
0
0
0
0
0
0
0
0
0
0
0
0
0
0
0
0
0
0
0
0
0
0
0
0
0
0
0
0
0
0
0
0
0
0
0
0
0
0
0
0
0
0
0
0
0
0
0
0
0
0
0
0
0
0
0
0
0
0
0
0
0
0
0
0
0
0
0
0
0
0
0
0
0
0
0
0
0
0
0
0
0
0
0
0
0
0
0
0
0
0
0
0
0
0
0
0
0
0
0
0
0
0
0
0
0
0
0
0
0
0
0
0
0
0
0
0
0
0
0
0
0
0
0
0
0
0
0
0
0
0
0
0
0
0
0
0
0
0
0
0
0
0
0
0
0
0
0
0
0
0
0
0
0
0
0
0
0
0
0
0
0
0
0
0
0
0
0
0
0
0
0
0
0
0
0
0
0
0
0
0
0
0
0
0
0
0
0
0
0
0
0
0
0
0
0
0
0
0
0
0
0
0
0
0
0
0
0
0
0
0
0
0
0
0
0
0
0
0
0
0
0
0
0
0
0
0
0
0
0
0
0
0
0
0
0
0
0
0
0
0
0
0
0
0
0
0
0
0
0
0
0
0
0
0
0
0
0
0
0
0
0
0
0
0
0
0
0
0
0
0
0
0
0
0
0
0
0
0
0
0
0
0
0
0
0
0
0
0
0
0
0
0
0
0
0
0
0
0
0
0
0
0
0
0
0
0
0
0
0
0
0
0
0
0
0
0
0
0
0
0
0
0
0
0
0
0
0
0
0
0
0
0
0
0
0
0
0
0
0
0
0
0
0
0
0
0
0
0
0
0
0
0
0
0
0
0
0
0
0
0
0
0
0
0
0
0
0
0
0
0
0
0
0
0
0
0
0
0
0
0
0
0
0
0
0
0
0
0
0
0
0
0
0
0
0
0
0
0
0
0
0
0
0
0
0
0
0
0
0
0
0
0
0
0
0
0
0
0
0
0
0
0
0
0
0
0
0
0
0
0
0
0
0
0
0
0
0
0
0
0
0
0
0
0
0
0
0
0
0
0
0
0
0
0
0
0
0
0
0
0
0
0
0
0
0
0
0
0
0
0
0
0
0
0
0
0
0
0
0
0
0
0
0
0
0
0
0
0
0
0
0
0
0
0
0
0
0
0
0
0
0
0
0
0
0
0
0
0
0
0
0
0
0
0
0
0
0
0
0
0
0
0
0
0
0
0
0
0
0
0
0
0
0
0
0
0
0
0
0
0
0
0
0
0
0
0
0
0
0
0
0
0
0
0
0
0
0
0
0
0
0
0
0
0
0
0
0
0
0
0
0
0
0
0
0
0
0
0
0
0
0
0
0
0
0
0
0
0
0
0
0
0
0
0
0
0
0
0
0
0
0
0
0
0
0
0
0
0
0
0
0
0
0
0
0
0
0
0
0
0
0
0
0
0
0
0
0
0
0
0
0
0
0
0
0
0
0
0
0
0
0
0
0
0
0
0
0
0
0
0
0
0
0
0
0
0
0
0
0
0
0
0
0
0
0
0
0
0
0
0
0
0
0
0
0
0
0
0
0
0
0
0
0
0
0
0
0
0
0
0
0
0
0
0
0
0
0
0
0
0
0
0
0
0
0
0
0
0
0
0
0
0
0
0
0
0
0
0
0
0
0
0
0
0
0
0
0
0
0
0
0
0
0
0
0
0
0
0
0
0
0
0
0
0
0
0
0
0
0
0
0
0
0
0
0
0
0
0
0
0
0
0
0
0
0
0
0
0
0
0
0
0
0
0
0
0
0
0
0
0
0
0
0
0
0
0
0
0
0
0
0
0
0
0
0
0
0
0
0
0
0
0
0
0
0
0
0
0
0
0
0
0
0
0
0
0
0
0
0
0
0
0
0
0
0
0
0
0
0
0
0
0
0
0
0
0
0
0
0
0
0
0
0
0
0
0
0
0
0
0
0
0
0
0
0
0
0
0
0
0
0
0
0
0
0
0
0
0
0
0
0
0
0
0
0
0
0
0
0
0
0
0
0
0
0
0
0
0
0
0
0
0
0
0
0
0
0
0
0
0
0
0
0
0
0
0
0
0
0
0
0
0
0
0
0
0
0
0
0
0
0
0
0
0
0
0
0
0
0
0
0
0
0
0
0
0
0
0
0
0
0
0
0
0
0
0
0
0
0
0
0
0
0
0
0
0
0
0
0
0
0
0
0
0
0
0
0
0
0
0
0
0
0
0
0
0
0
0
0
0
0
0
0
0
0
0
0
0
0
0
0
0
0
0
0
0
0
0
0
0
0
0
0
0
0
0
0
0
0
0
0
0
0
0
0
0
0
0
0
0
0
0
0
0
0
0
0
0
0
0
0
0
0
0
0
0
0
0
0
0
0
0
0
0
0
0
0
0
0
0
0
0
0
0
0
0
0
0
0
0
0
0
0
0
0
0
0
0
0
0
0
0
0
0
0
0
0
0
0
0
0
0
0
0
0
0
0
0
0
0
0
0
0
0
0
0
0
0
0
0
0
0
0
0
0
0
0
0
0
0
0
0
0
0
0
0
0
0
0
0
0
0
0
0
0
0
0
0
0
0
0
0
0
0
0
0
0
0
0
0
0
0
0
0
0
0
0
0
0
0
0
0
0
0
0
0
0
0
0
0
0
0
0
0
0
0
0
0
0
0
0
0
0
0
0
0
0
0
0
0
0
0
0
0
0
0
0
0
0
0
0
0
0
0
0
0
0
0
0
0
0
0
0
0
0
0
0
0
0
0
0
0
0
0
0
0
0
0
0
0
0
0
0
0
0
0
0
0
0
0
0
0
0
0
0
0
0
0
0
0
0
0
0
0
0
0
0
0
0
0
0
0
0
0
0
0
0
0
0
0
0
0
0
0
0
0
0
0
0
0
0
0
0
0
0
0
0
0
0
0
0
0
0
0
0
0
0
0
0
0
0
0
0
0
0
0
0
0
0
0
0
0
0
0
0
0
0
0
0
0
0
0
0
0
0
0
0
0
0
0
0
0
0
0
0
0
0
0
0
0
0
0
0
0
0
0
0
0
0
0
0
0
0
0
0
0
0
0
0
0
0
0
0
0
0
0
0
0
0
0
0
0
0
0
0
0
0
0
0
0
0
0
0
0
0
0
0
0
0
0
0
0
0
0
0
0
0
0
0
0
0
0
0
0
0
0
0
0
0
0
0
0
0
0
0
0
0
0
0
0
0
0
0
0
0
0
0
0
0
0
0
0
0
0
0
0
0
0
0
0
0
0
0
0
0
0
0
0
0
0
0
0
0
0
0
0
0
0
0
0
0
0
0
0
0
0
0
0
0
0
0
0
0
0
0
0
0
0
0
0
0
0
0
0
0
0
0
0
0
0
0
0
0
0
0
0
0
0
0
0
0
0
0
0
0
0
0
0
0
0
0
0
0
0
0
0
0
0
0
0
0
0
0
0
0
0
0
0
0
0
0
0
0
0
0
0
0
0
0
0
0
0
0
0
0
0
0
0
0
0
0
0
0
0
0
0
0
0
0
0
0
0
0
0
0
0
0
0
0
0
0
0
0
0
0
0
0
0
0
0
0
0
0
0
0
0
0
0
0
0
0
0
0
0
0
0
0
0
0
0
0
0
0
0
0
0
0
0
0
0
0
0
0
0
0
0
0
0
0
0
0
0
0
0
0
0
0
0
0
0
0
0
0
0
0
0
0
0
0
0
0
0
0
0
0
0
0
0
0
0
0
0
0
0
0
0
0
0
0
0
0
0
0
0
0
0
0
0
0
0
0
0
0
0
0
0
0
0
0
0
0
0
0
0
0
0
0
0
0
0
0
0
0
0
0
0
0
0
0
0
0
0
0
0
0
0
0
0
0
0
0
0
0
0
0
0
0
0
0
0
0
0
0
0
0
0
0
0
0
0
0
0
0
0
0
0
0
0
0
0
0
0
0
0
0
0
0
0
0
0
0
0
0
0
0
0
0
0
0
0
0
0
0
0
0
0
0
0
0
0
0
0
0
0
0
0
0
0
0
0
0
0
0
0
0
0
0
0
0
0
0
0
0
0
0
0
0
0
0
0
0
0
0
0
0
0
0
0
0
0
0
0
0
0
0
0
0
0
0
0
0
0
0
0
0
0
0
0
0
0
0
0
0
0
0
0
0
0
0
0
0
0
0
0
0
0
0
0
0
0
0
0
0
0
0
0
0
0
0
0
0
0
0
0
0
0
0
0
0
0
0
0
0
0
0
0
0
0
0
0
0
0
0
0
0
0
0
0
0
0
0
0
0
0
0
0
0
0
0
0
0
0
0
0
0
0
0
0
0
0
0
0
0
0
0
0
0
0
0
0
0
0
0
0
0
0
0
0
0
0
0
0
0
0
0
0
0
0
0
0
0
0
0
0
0
0
0
0
0
0
0
0
0
0
0
0
0
0
0
0
0
0
0
0
0
0
0
0
0
0
0
0
0
0
0
0
0
0
0
0
0
0
0
0
0
0
0
0
0
0
0
0
0
0
0
0
0
0
0
0
0
0
0
0
0
0
0
0
0
0
0
0
0
0
0
0
0
0
0
0
0
0
0
0
0
0
0
0
0
0
0
0
0
0
0
0
0
0
0
0
0
0
0
0
0
0
0
0
0
0
0
0
0
0
0
0
0
0
0
0
0
0
0
0
0
0
0
0
0
0
0
0
0
0
0
0
0
0
0
0
0
0
0
0
0
0
0
0
0
0
0
0
0
0
0
0
0
0
0
0
0
0
0
0
0
0
0
0
0
0
0
0
0
0
0
0
0
0
0
0
0
0
0
0
0
0
0
0
0
0
0
0
0
0
0
0
0
0
0
0
0
0
0
0
0
0
0
0
0
0
0
0
0
0
0
0
0
0
0
0
0
0
0
0
0
0
0
0
0
0
0
0
0
0
0
0
0
0
0
0
0
0
0
0
0
0
0
0
0
0
0
0
0
0
0
0
0
0
0
0
0
0
0
0
0
0
0
0
0
0
0
0
0
0
0
0
0
0
0
0
0
0
0
0
0
0
0
0
0
0
0
0
0
0
0
0
0
0
0
0
0
0
0
0
0
0
0
0
0
0
0
0
0
0
0
0
0
0
0
0
0
0
0
0
0
0
0
0
0
0
0
0
0
0
0
0
0
0
0
0
0
0
0
0
0
0
0
0
0
0
0
0
0
0
0
0
0
0
0
0
0
0
0
0
0
0
0
0
0
0
0
0
0
0
0
0
0
0
0
0
0
0
0
0
0
0
0
0
0
0
0
0
0
0
0
0
0
0
0
0
0
0
0
0
0
0
0
0
0
0
0
0
0
0
0
0
0
0
0
0
0
0
0
0
0
0
0
0
0
0
0
0
0
0
0
0
0
0
0
0
0
0
0
0
0
0
0
0
0
0
0
0
0
0
0
0
0
0
0
0
0
0
0
0
0
0
0
0
0
0
0
0
0
0
0
0
0
0
0
0
0
0
0
0
0
0
0
0
0
0
0
0
0
0
0
0
0
0
0
0
0
0
0
0
0
0
0
0
0
0
0
0
0
0
0
0
0
0
0
0
0
0
0
0
0
0
0
0
0
0
0
0
0
0
0
0
0
0
0
0
0
0
0
0
0
0
0
0
0
0
0
0
0
0
0
0
0
0
0
0
0
0
0
0
0
0
0
0
0
0
0
0
0
0
0
0
0
0
0
0
0
0
0
0
0
0
0
0
0
0
0
0
0
0
0
0
0
0
0
0
0
0
0
0
0
0
0
0
0
0
0
0
0
0
0
0
0
0
0
0
0
0
0
0
0
0
0
0
0
0
0
0
0
0
0
0
0
0
0
0
0
0
0
0
0
0
0
0
0
0
0
0
0
0
0
0
0
0
0
0
0
0
0
0
0
0
0
0
0
0
0
0
0
0
0
0
0
0
0
0
0
0
0
0
0
0
0
0
0
0
0
0
0
0
0
0
0
0
0
0
0
0
0
0
0
0
0
0
0
0
0
0
0
0
0
0
0
0
0
0
0
0
0
0
0
0
0
0
0
0
0
0
0
0
0
0
0
0
0
0
0
0
0
0
0
0
0
0
0
0
0
0
0
0
0
0
0
0
0
0
0
0
0
0
0
0
0
0
0
0
0
0
0
0
0
0
0
0
0
0
0
0
0
0
0
0
0
0
0
0
0
0
0
0
0
0
0
0
0
0
0
0
0
0
0
0
0
0
0
0
0
0
0
0
0
0
0
0
0
0
0
0
0
0
0
0
0
0
0
0
0
0
0
0
0
0
0
0
0
0
0
0
0
0
0
0
0
0
0
0
0
0
0
0
0
0
0
0
0
0
0
0
0
0
0
0
0
0
0
0
0
0
0
0
0
0
0
0
0
0
0
0
0
0
0
0
0
0
0
0
0
0
0
0
0
0
0
0
0
0
0
0
0
0
0
0
0
0
0
0
0
0
0
0
0
0
0
0
0
0
0
0
0
0
0
0
0
0
0
0
0
0
0
0
0
0
0
0
0
0
0
0
0
0
0
0
0
0
0
0
0
0
0
0
0
0
0
0
0
0
0
0
0
0
0
0
0
0
0
0
0
0
0
0
0
0
0
0
0
0
0
0
0
0
0
0
0
0
0
0
0
0
0
0
0
0
0
0
0
0
0
0
0
0
0
0
0
0
0
0
0
0
0
0
0
0
0
0
0
0
0
0
0
0
0
0
0
0
0
0
0
0
0
0
0
0
0
0
0
0
0
0
0
0
0
0
0
0
0
0
0
0
0
0
0
0
0
0
0
0
0
0
0
0
0
0
0
0
0
0
0
0
0
0
0
0
0
0
0
0
0
0
0
0
0
0
0
0
0
0
0
0
0
0
0
0
0
0
0
0
0
0
0
0
0
0
0
0
0
0
0
0
0
0
0
0
0
0
0
0
0
0
0
0
0
0
0
0
0
0
0
0
0
0
0
0
0
0
0
0
0
0
0
0
0
0
0
0
0
0
0
0
0
0
0
0
0
0
0
0
0
0
0
0
0
0
0
0
0
0
0
0
0
0
0
0
0
0
0
0
0
0
0
0
0
0
0
0
0
0
0
0
0
0
0
0
0
0
0
0
0
0
0
0
0
0
0
0
0
0
0
0
0
0
0
0
0
0
0
0
0
0
0
0
0
0
0
0
0
0
0
0
0
0
0
0
0
0
0
0
0
0
0
0
0
0
0
0
0
0
0
0
0
0
0
0
0
0
0
0
0
0
0
0
0
0
0
0
0
0
0
0
0
0
0
0
0
0
0
0
0
0
0
0
0
0
0
0
0
0
0
0
0
0
0
0
0
0
0
0
0
0
0
0
0
0
0
0
0
0
0
0
0
0
0
0
0
0
0
0
0
0
0
0
0
0
0
0
0
0
0
0
0
0
0
0
0
0
0
0
0
0
0
0
0
0
0
0
0
0
0
0
0
0
0
0
0
0
0
0
0
0
0
0
0
0
0
0
0
0
0
0
0
0
0
0
0
0
0
0
0
0
0
0
0
0
0
0
0
0
0
0
0
0
0
0
0
0
0
0
0
0
0
0
0
0
0
0
0
0
0
0
0
0
0
0
0
0
0
0
0
0
0
0
0
0
0
0
0
0
0
0
0
0
0
0
0
0
0
0
0
0
0
0
0
0
0
0
0
0
0
0
0
0
0
0
0
0
0
0
0
0
0
0
0
0
0
0
0
0
0
0
0
0
0
0
0
0
0
0
0
0
0
0
0
0
0
0
0
0
0
0
0
0
0
0
0
0
0
0
0
0
0
0
0
0
0
0
0
0
0
0
0
0
0
0
0
0
0
0
0
0
0
0
0
0
0
0
0
0
0
0
0
0
0
0
0
0
0
0
0
0
0
0
0
0
0
0
0
0
0
0
0
0
0
0
0
0
0
0
0
0
0
0
0
0
0
0
0
0
0
0
0
0
0
0
0
0
0
0
0
0
0
0
0
0
0
0
0
0
0
0
0
0
0
0
0
0
0
0
0
0
0
0
0
0
0
0
0
0
0
0
0
0
0
0
0
0
0
0
0
0
0
0
0
0
0
0
0
0
0
0
0
0
0
0
0
0
0
0
0
0
0
0
0
0
0
0
0
0
0
0
0
0
0
0
0
0
0
0
0
0
0
0
0
0
0
0
0
0
0
0
0
0
0
0
0
0
0
0
0
0
0
0
0
0
0
0
0
0
0
0
0
0
0
0
0
0
0
0
0
0
0
0
0
0
0
0
0
0
0
0
0
0
0
0
0
0
0
0
0
0
0
0
0
0
0
0
0
0
0
0
0
0
0
0
0
0
0
0
0
0
0
0
0
0
0
0
0
0
0
0
0
0
0
0
0
0
0
0
0
0
0
0
0
0
0
0
0
0
0
0
0
0
0
0
0
0
0
0
0
0
0
0
0
0
0
0
0
0
0
0
0
0
0
0
0
0
0
0
0
0
0
0
0
0
0
0
0
0
0
0
0
0
0
0
0
0
0
0
0
0
0
0
0
0
0
0
0
0
0
0
0
0
0
0
0
0
0
0
0
0
0
0
0
0
0
0
0
0
0
0
0
0
0
0
0
0
0
0
0
0
0
0
0
0
0
0
0
0
0
0
0
0
0
0
0
0
0
0
0
0
0
0
0
0
0
0
0
0
0
0
0
0
0
0
0
0
0
0
0
0
0
0
0
0
0
0
0
0
0
0
0
0
0
0
0
0
0
0
0
0
0
0
0
0
0
0
0
0
0
0
0
0
0
0
0
0
0
0
0
0
0
0
0
0
0
0
0
0
0
0
0
0
0
0
0
0
0
0
0
0
0
0
0
0
0
0
0
0
0
0
0
0
0
0
0
0
0
0
0
0
0
0
0
0
0
0
0
0
0
0
0
0
0
0
0
0
0
0
0
0
0
0
0
0
0
0
0
0
0
0
0
0
0
0
0
0
0
0
0
0
0
0
0
0
0
0
0
0
0
0
0
0
0
0
0
0
0
0
0
0
0
0
0
0
0
0
0
0
0
0
0
0
0
0
0
0
0
0
0
0
0
0
0
0
0
0
0
0
0
0
0
0
0
0
0
0
0
0
0
0
0
0
0
0
0
0
0
0
0
0
0
0
0
0
0
0
0
0
0
0
0
0
0
0
0
0
0
0
0
0
0
0
0
0
0
0
0
0
0
0
0
0
0
0
0
0
0
0
0
0
0
0
0
0
0
0
0
0
0
0
0
0
0
0
0
0
0
0
0
0
0
0
0
0
0
0
0
0
0
0
0
0
0
0
0
0
0
0
0
0
0
0
0
0
0
0
0
0
0
0
0
0
0
0
0
0
0
0
0
0
0
0
0
0
0
0
0
0
0
0
0
0
0
0
0
0
0
0
0
0
0
0
0
0
0
0
0
0
0
0
0
0
0
0
0
0
0
0
0
0
0
0
0
0
0
0
0
0
0
0
0
0
0
0
0
0
0
0
0
0
0
0
0
0
0
0
0
0
0
0
0
0
0
0
0
0
0
0
0
0
0
0
0
0
0
0
0
0
0
0
0
0
0
0
0
0
0
0
0
0
0
0
0
0
0
0
0
0
0
0
0
0
0
0
0
0
0
0
0
0
0
0
0
0
0
0
0
0
0
0
0
0
0
0
0
0
0
0
0
0
0
0
0
0
0
0
0
0
0
0
0
0
0
0
0
0
0
0
0
0
0
0
0
0
0
0
0
0
0
0
0
0
0
0
0
0
0
0
0
0
0
0
0
0
0
0
0
0
0
0
0
0
0
0
0
0
0
0
0
0
0
0
0
0
0
0
0
0
0
0
0
0
0
0
0
0
0
0
0
0
0
0
0
0
0
0
0
0
0
0
0
0
0
0
0
0
0
0
0
0
0
0
0
0
0
0
0
0
0
0
0
0
0
0
0
0
0
0
0
0
0
0
0
0
0
0
0
0
0
0
0
0
0
0
0
0
0
0
0
0
0
0
0
0
0
0
0
0
0
0
0
0
0
0
0
0
0
0
0
0
0
0
0
0
0
0
0
0
0
0
0
0
0
0
0
0
0
0
0
0
0
0
0
0
0
0
0
0
0
0
0
0
0
0
0
0
0
0
0
0
0
0
0
0
0
0
0
0
0
0
0
0
0
0
0
0
0
0
0
0
0
0
0
0
0
0
0
0
0
0
0
0
0
0
0
0
0
0
0
0
0
0
0
0
0
0
0
0
0
0
0
0
0
0
0
0
0
0
0
0
0
0
0
0
0
0
0
0
0
0
0
0
0
0
0
0
0
0
0
0
0
0
0
0
0
0
0
0
0
0
0
0
0
0
0
0
0
0
0
0
0
0
0
0
0
0
0
0
0
0
0
0
0
0
0
0
0
0
0
0
0
0
0
0
0
0
0
0
0
0
0
0
0
0
0
0
0
0
0
0
0
0
0
0
0
0
0
0
0
0
0
0
0
0
0
0
0
0
0
0
0
0
0
0
0
0
0
0
0
0
0
0
0
0
0
0
0
0
0
0
0
0
0
0
0
0
0
0
0
0
0
0
0
0
0
0
0
0
0
0
0
0
0
0
0
0
0
0
0
0
0
0
0
0
0
0
0
0
0
0
0
0
0
0
0
0
0
0
0
0
0
0
0
0
0
0
0
0
0
0
0
0
0
0
0
0
0
0
0
0
0
0
0
0
0
0
0
0
0
0
0
0
0
0
0
0
0
0
0
0
0
0
0
0
0
0
0
0
0
0
0
0
0
0
0
0
0
0
0
0
0
0
0
0
0
0
0
0
0
0
0
0
0
0
0
0
0
0
0
0
0
0
0
0
0
0
0
0
0
0
0
0
0
0
0
0
0
0
0
0
0
0
0
0
0
0
0
0
0
0
0
0
0
0
0
0
0
0
0
0
0
0
0
0
0
0
0
0
0
0
0
0
0
0
0
0
0
0
0
0
0
0
0
0
0
0
0
0
0
0
0
0
0
0
0
0
0
0
0
0
0
0
0
0
0
0
0
0
0
0
0
0
0
0
0
0
0
0
0
0
0
0
0
0
0
0
0
0
0
0
0
0
0
0
0
0
0
0
0
0
0
0
0
0
0
0
0
0
0
0
0
0
0
0
0
0
0
0
0
0
0
0
0
0
0
0
0
0
0
0
0
0
0
0
0
0
0
0
0
0
0
0
0
0
0
0
0
0
0
0
0
0
0
0
0
0
0
0
0
0
0
0
0
0
0
0
0
0
0
0
0
0
0
0
0
0
0
0
0
0
0
0
0
0
0
0
0
0
0
0
0
0
0
0
0
0
0
0
0
0
0
0
0
0
0
0
0
0
0
0
0
0
0
0
0
0
0
0
0
0
0
0
0
0
0
0
0
0
0
0
0
0
0
0
0
0
0
0
0
0
0
0
0
0
0
0
0
0
0
0
0
0
0
0
0
0
0
0
0
0
0
0
0
0
0
0
0
0
0
0
0
0
0
0
0
0
0
0
0
0
0
0
0
0
0
0
0
0
0
0
0
0
0
0
0
0
0
0
0
0
0
0
0
0
0
0
0
0
0
0
0
0
0
0
0
0
0
0
0
0
0
0
0
0
0
0
0
0
0
0
0
0
0
0
0
0
0
0
0
0
0
0
0
0
0
0
0
0
0
0
0
0
0
0
0
0
0
0
0
0
0
0
0
0
0
0
0
0
0
0
0
0
0
0
0
0
0
0
0
0
0
0
0
0
0
0
0
0
0
0
0
0
0
0
0
0
0
0
0
0
0
0
0
0
0
0
0
0
0
0
0
0
0
0
0
0
0
0
0
0
0
0
0
0
0
0
0
0
0
0
0
0
0
0
0
0
0
0
0
0
0
0
0
0
0
0
0
0
0
0
0
0
0
0
0
0
0
0
0
0
0
0
0
0
0
0
0
0
0
0
0
0
0
0
0
0
0
0
0
0
0
0
0
0
0
0
0
0
0
0
0
0
0
0
0
0
0
0
0
0
0
0
0
0
0
0
0
0
0
0
0
0
0
0
0
0
0
0
0
0
0
0
0
0
0
0
0
0
0
0
0
0
0
0
0
0
0
0
0
0
0
0
0
0
0
0
0
0
0
0
0
0
0
0
0
0
0
0
0
0
0
0
0
0
0
0
0
0
0
0
0
0
0
0
0
0
0
0
0
0
0
0
0
0
0
0
0
0
0
0
0
0
0
0
0
0
0
0
0
0
0
0
0
0
0
0
0
0
0
0
0
0
0
0
0
0
0
0
0
0
0
0
0
0
0
0
0
0
0
0
0
0
0
0
0
0
0
0
0
0
0
0
0
0
0
0
0
0
0
0
0
0
0
0
0
0
0
0
0
0
0
0
0
0
0
0
0
0
0
0
0
0
0
0
0
0
0
0
0
0
0
0
0
0
0
0
0
0
0
0
0
0
0
0
0
0
0
0
0
0
0
0
0
0
0
0
0
0
0
0
0
0
0
0
0
0
0
0
0
0
0
0
0
0
0
0
0
0
0
0
0
0
0
0
0
0
0
0
0
0
0
0
0
0
0
0
0
0
0
0
0
0
0
0
0
0
0
0
0
0
0
0
0
0
0
0
0
0
0
0
0
0
0
0
0
0
0
0
0
0
0
0
0
0
0
0
0
0
0
0
0
0
0
0
0
0
0
0
0
0
0
0
0
0
0
0
0
0
0
0
0
0
0
0
0
0
0
0
0
0
0
0
0
0
0
0
0
0
0
0
0
0
0
0
0
0
0
0
0
0
0
0
0
0
0
0
0
0
0
0
0
0
0
0
0
0
0
0
0
0
0
0
0
0
0
0
0
0
0
0
0
0
0
0
0
0
0
0
0
0
0
0
0
0
0
0
0
0
0
0
0
0
0
0
0
0
0
0
0
0
0
0
0
0
0
0
0
0
0
0
0
0
0
0
0
0
0
0
0
0
0
0
0
0
0
0
0
0
0
0
0
0
0
0
0
0
0
0
0
0
0
0
0
0
0
0
0
0
0
0
0
0
0
0
0
0
0
0
0
0
0
0
0
0
0
0
0
0
0
0
0
0
0
0
0
0
0
0
0
0
0
0
0
0
0
0
0
0
0
0
0
0
0
0
0
0
0
0
0
0
0
0
0
0
0
0
0
0
0
0
0
0
0
0
0
0
0
0
0
0
0
0
0
0
0
0
0
0
0
0
0
0
0
0
0
0
0
0
0
0
0
0
0
0
0
0
0
0
0
0
0
0
0
0
0
0
0
0
0
0
0
0
0
0
0
0
0
0
0
0
0
0
0
0
0
0
0
0
0
0
0
0
0
0
0
0
0
0
0
0
0
0
0
0
0
0
0
0
0
0
0
0
0
0
0
0
0
0
0
0
0
0
0
0
0
0
0
0
0
0
0
0
0
0
0
0
0
0
0
0
0
0
0
0
0
0
0
0
0
0
0
0
0
0
0
0
0
0
0
0
0
0
0
0
0
0
0
0
0
0
0
0
0
0
0
0
0
0
0
0
0
0
0
0
0
0
0
0
0
0
0
0
0
0
0
0
0
0
0
0
0
0
0
0
0
0
0
0
0
0
0
0
0
0
0
0
0
0
0
0
0
0
0
0
0
0
0
0
0
0
0
0
0
0
0
0
0
0
0
0
0
0
0
0
0
0
0
0
0
0
0
0
0
0
0
0
0
0
0
0
0
0
0
0
0
0
0
0
0
0
0
0
0
0
0
0
0
0
0
0
0
0
0
0
0
0
0
0
0
0
0
0
0
0
0
0
0
0
0
0
0
0
0
0
0
0
0
0
0
0
0
0
0
0
0
0
0
0
0
0
0
0
0
0
0
0
0
0
0
0
0
0
0
0
0
0
0
0
0
0
0
0
0
0
0
0
0
0
0
0
0
0
0
0
0
0
0
0
0
0
0
0
0
0
0
0
0
0
0
0
0
0
0
0
0
0
0
0
0
0
0
0
0
0
0
0
0
0
0
0
0
0
0
0
0
0
0
0
0
0
0
0
0
0
0
0
0
0
0
0
0
0
0
0
0
0
0
0
0
0
0
0
0
0
0
0
0
0
0
0
0
0
0
0
0
0
0
0
0
0
0
0
0
0
0
0
0
0
0
0
0
0
0
0
0
0
0
0
0
0
0
0
0
0
0
0
0
0
0
0
0
0
0
0
0
0
0
0
0
0
0
0
0
0
0
0
0
0
0
0
0
0
0
0
0
0
0
0
0
0
0
0
0
0
0
0
0
0
0
0
0
0
0
0
0
0
0
0
0
0
0
0
0
0
0
0
0
0
0
0
0
0
0
0
0
0
0
0
0
0
0
0
0
0
0
0
0
0
0
0
0
0
0
0
0
0
0
0
0
0
0
0
0
0
0
0
0
0
0
0
0
0
0
0
0
0
0
0
0
0
0
0
0
0
0
0
0
0
0
0
0
0
0
0
0
0
0
0
0
0
0
0
0
0
0
0
0
0
0
0
0
0
0
0
0
0
0
0
0
0
0
0
0
0
0
0
0
0
0
0
0
0
0
0
0
0
0
0
0
0
0
0
0
0
0
0
0
0
0
0
0
0
0
0
0
0
0
0
0
0
0
0
0
0
0
0
0
0
0
0
0
0
0
0
0
0
0
0
0
0
0
0
0
0
0
0
0
0
0
0
0
0
0
0
0
0
0
0
0
0
0
0
0
0
0
0
0
0
0
0
0
0
0
0
0
0
0
0
0
0
0
0
0
0
0
0
0
0
0
0
0
0
0
0
0
0
0
0
0
0
0
0
0
0
0
0
0
0
0
0
0
0
0
0
0
0
0
0
0
0
0
0
0
0
0
0
0
0
0
0
0
0
0
0
0
0
0
0
0
0
0
0
0
0
0
0
0
0
0
0
0
0
0
0
0
0
0
0
0
0
0
0
0
0
0
0
0
0
0
0
0
0
0
0
0
0
0
0
0
0
0
0
0
0
0
0
0
0
0
0
0
0
0
0
0
0
0
0
0
0
0
0
0
0
0
0
0
0
0
0
0
0
0
0
0
0
0
0
0
0
0
0
0
0
0
0
0
0
0
0
0
0
0
0
0
0
0
0
0
0
0
0
0
0
0
0
0
0
0
0
0
0
0
0
0
0
0
0
0
0
0
0
0
0
0
0
0
0
0
0
0
0
0
0
0
0
0
0
0
0
0
0
0
0
0
0
0
0
0
0
0
0
0
0
0
0
0
0
0
0
0
0
0
0
0
0
0
0
0
0
0
0
0
0
0
0
0
0
0
0
0
0
0
0
0
0
0
0
0
0
0
0
0
0
0
0
0
0
0
0
0
0
0
0
0
0
0
0
0
0
0
0
0
0
0
0
0
0
0
0
0
0
0
0
0
0
0
0
0
0
0
0
0
0
0
0
0
0
0
0
0
0
0
0
0
0
0
0
0
0
0
0
0
0
0
0
0
0
0
0
0
0
0
0
0
0
0
0
0
0
0
0
0
0
0
0
0
0
0
0
0
0
0
0
0
0
0
0
0
0
0
0
0
0
0
0
0
0
0
0
0
0
0
0
0
0
0
0
0
0
0
0
0
0
0
0
0
0
0
0
0
0
0
0
0
0
0
0
0
0
0
0
0
0
0
0
0
0
0
0
0
0
0
0
0
0
0
0
0
0
0
0
0
0
0
0
0
0
0
0
0
0
0
0
0
0
0
0
0
0
0
0
0
0
0
0
0
0
0
0
0
0
0
0
0
0
0
0
0
0
0
0
0
0
0
0
0
0
0
0
0
0
0
0
0
0
0
0
0
0
0
0
0
0
0
0
0
0
0
0
0
0
0
0
0
0
0
0
0
0
0
0
0
0
0
0
0
0
0
0
0
0
0
0
0
0
0
0
0
0
0
0
0
0
0
0
0
0
0
0
0
0
0
0
0
0
0
0
0
0
0
0
0
0
0
0
0
0
0
0
0
0
0
0
0
0
0
0
0
0
0
0
0
0
0
0
0
0
0
0
0
0
0
0
0
0
0
0
0
0
0
0
0
0
0
0
0
0
0
0
0
0
0
0
0
0
0
0
0
0
0
0
0
0
0
0
0
0
0
0
0
0
0
0
0
0
0
0
0
0
0
0
0
0
0
0
0
0
0
0
0
0
0
0
0
0
0
0
0
0
0
0
0
0
0
0
0
0
0
0
0
0
0
0
0
0
0
0
0
0
0
0
0
0
0
0
0
0
0
0
0
0
0
0
0
0
0
0
0
0
0
0
0
0
0
0
0
0
0
0
0
0
0
0
0
0
0
0
0
0
0
0
0
0
0
0
0
0
0
0
0
0
0
0
0
0
0
0
0
0
0
0
0
0
0
0
0
0
0
0
0
0
0
0
0
0
0
0
0
0
0
0
0
0
0
0
0
0
0
0
0
0
0
0
0
0
0
0
0
0
0
0
0
0
0
0
0
0
0
0
0
0
0
0
0
0
0
0
0
0
0
0
0
0
0
0
0
0
0
0
0
0
0
0
0
0
0
0
0
0
0
0
0
0
0
0
0
0
0
0
0
0
0
0
0
0
0
0
0
0
0
0
0
0
0
0
0
0
0
0
0
0
0
0
0
0
0
0
0
0
0
0
0
0
0
0
0
0
0
0
0
0
0
0
0
0
0
0
0
0
0
0
0
0
0
0
0
0
0
0
0
0
0
0
0
0
0
0
0
0
0
0
0
0
0
0
0
0
0
0
0
0
0
0
0
0
0
0
0
0
0
0
0
0
0
0
0
0
0
0
0
0
0
0
0
0
0
0
0
0
0
0
0
0
0
0
0
0
0
0
0
0
0
0
0
0
0
0
0
0
0
0
0
0
0
0
0
0
0
0
0
0
0
0
0
0
0
0
0
0
0
0
0
0
0
0
0
0
0
0
0
0
0
0
0
0
0
0
0
0
0
0
0
0
0
0
0
0
0
0
0
0
0
0
0
0
0
0
0
0
0
0
0
0
0
0
0
0
0
0
0
0
0
0
0
0
0
0
0
0
0
0
0
0
0
0
0
0
0
0
0
0
0
0
0
0
0
0
0
0
0
0
0
0
0
0
0
0
0
0
0
0
0
0
0
0
0
0
0
0
0
0
0
0
0
0
0
0
0
0
0
0
0
0
0
0
0
0
0
0
0
0
0
0
0
0
0
0
0
0
0
0
0
0
0
0
0
0
0
0
0
0
0
0
0
0
0
0
0
0
0
0
0
0
0
0
0
0
0
0
0
0
0
0
0
0
0
0
0
0
0
0
0
0
0
0
0
0
0
0
0
0
0
0
0
0
0
0
0
0
0
0
0
0
0
0
0
0
0
0
0
0
0
0
0
0
0
0
0
0
0
0
0
0
0
0
0
0
0
0
0
0
0
0
0
0
0
0
0
0
0
0
0
0
0
0
0
0
0
0
0
0
0
0
0
0
0
0
0
0
0
0
0
0
0
0
0
0
0
0
0
0
0
0
0
0
0
0
0
0
0
0
0
0
0
0
0
0
0
0
0
0
0
0
0
0
0
0
0
0
0
0
0
0
0
0
0
0
0
0
0
0
0
0
0
0
0
0
0
0
0
0
0
0
0
0
0
0
0
0
0
0
0
0
0
0
0
0
0
0
0
0
0
0
0
0
0
0
0
0
0
0
0
0
0
0
0
0
0
0
0
0
0
0
0
0
0
0
0
0
0
0
0
0
0
0
0
0
0
0
0
0
0
0
0
0
0
0
0
0
0
0
0
0
0
0
0
0
0
0
0
0
0
0
0
0
0
0
0
0
0
0
0
0
0
0
0
0
0
0
0
0
0
0
0
0
0
0
0
0
0
0
0
0
0
0
0
0
0
0
0
0
0
0
0
0
0
0
0
0
0
0
0
0
0
0
0
0
0
0
0
0
0
0
0
0
0
0
0
0
0
0
0
0
0
0
0
0
0
0
0
0
0
0
0
0
0
0
0
0
0
0
0
0
0
0
0
0
0
0
0
0
0
0
0
0
0
0
0
0
0
0
0
0
0
0
0
0
0
0
0
0
0
0
0
0
0
0
0
0
0
0
0
0
0
0
0
0
0
0
0
0
0
0
0
0
0
0
0
0
0
0
0
0
0
0
0
0
0
0
0
0
0
0
0
0
0
0
0
0
0
0
0
0
0
0
0
0
0
0
0
0
0
0
0
0
0
0
0
0
0
0
0
0
0
0
0
0
0
0
0
0
0
0
0
0
0
0
0
0
0
0
0
0
0
0
0
0
0
0
0
0
0
0
0
0
0
0
0
0
0
0
0
0
0
0
0
0
0
0
0
0
0
0
0
0
0
0
0
0
0
0
0
0
0
0
0
0
0
0
0
0
0
0
0
0
0
0
0
0
0
0
0
0
0
0
0
0
0
0
0
0
0
0
0
0
0
0
0
0
0
0
0
0
0
0
0
0
0
0
0
0
0
0
0
0
0
0
0
0
0
0
0
0
0
0
0
0
0
0
0
0
0
0
0
0
0
0
0
0
0
0
0
0
0
0
0
0
0
0
0
0
0
0
0
0
0
0
0
0
0
0
0
0
0
0
0
0
0
0
0
0
0
0
0
0
0
0
0
0
0
0
0
0
0
0
0
0
0
0
0
0
0
0
0
0
0
0
0
0
0
0
0
0
0
0
0
0
0
0
0
0
0
0
0
0
0
0
0
0
0
0
0
0
0
0
0
0
0
0
0
0
0
0
0
0
0
0
0
0
0
0
0
0
0
0
0
0
0
0
0
0
0
0
0
0
0
0
0
0
0
0
0
0
0
0
0
0
0
0
0
0
0
0
0
0
0
0
0
0
0
0
0
0
0
0
0
0
0
0
0
0
0
0
0
0
0
0
0
0
0
0
0
0
0
0
0
0
0
0
0
0
0
0
0
0
0
0
0
0
0
0
0
0
0
0
0
0
0
0
0
0
0
0
0
0
0
0
0
0
0
0
0
0
0
0
0
0
0
0
0
0
0
0
0
0
0
0
0
0
0
0
0
0
0
0
0
0
0
0
0
0
0
0
0
0
0
0
0
0
0
0
0
0
0
0
0
0
0
0
0
0
0
0
0
0
0
0
0
0
0
0
0
0
0
0
0
0
0
0
0
0
0
0
0
0
0
0
0
0
0
0
0
0
0
0
0
0
0
0
0
0
0
0
0
0
0
0
0
0
0
0
0
0
0
0
0
0
0
0
0
0
0
0
0
0
0
0
0
0
0
0
0
0
0
0
0
0
0
0
0
0
0
0
0
0
0
0
0
0
0
0
0
0
0
0
0
0
0
0
0
0
0
0
0
0
0
0
0
0
0
0
0
0
0
0
0
0
0
0
0
0
0
0
0
0
0
0
0
0
0
0
0
0
0
0
0
0
0
0
0
0
0
0
0
0
0
0
0
0
0
0
0
0
0
0
0
0
0
0
0
0
0
0
0
0
0
0
0
0
0
0
0
0
0
0
0
0
0
0
0
0
0
0
0
0
0
0
0
0
0
0
0
0
0
0
0
0
0
0
0
0
0
0
0
0
0
0
0
0
0
0
0
0
0
0
0
0
0
0
0
0
0
0
0
0
0
0
0
0
0
0
0
0
0
0
0
0
0
0
0
0
0
0
0
0
0
0
0
0
0
0
0
0
0
0
0
0
0
0
0
0
0
0
0
0
0
0
0
0
0
0
0
0
0
0
0
0
0
0
0
0
0
0
0
0
0
0
0
0
0
0
0
0
0
0
0
0
0
0
0
0
0
0
0
0
0
0
0
0
0
0
0
0
0
0
0
0
0
0
0
0
0
0
0
0
0
0
0
0
0
0
0
0
0
0
0
0
0
0
0
0
0
0
0
0
0
0
0
0
0
0
0
0
0
0
0
0
0
0
0
0
0
0
0
0
0
0
0
0
0
0
0
0
0
0
0
0
0
0
0
0
0
0
0
0
0
0
0
0
0
0
0
0
0
0
0
0
0
0
0
0
0
0
0
0
0
0
0
0
0
0
0
0
0
0
0
0
0
0
0
0
0
0
0
0
0
0
0
0
0
0
0
0
0
0
0
0
0
0
0
0
0
0
0
0
0
0
0
0
0
0
0
0
0
0
0
0
0
0
0
0
0
0
0
0
0
0
0
0
0
0
0
0
0
0
0
0
0
0
0
0
0
0
0
0
0
0
0
0
0
0
0
0
0
0
0
0
0
0
0
0
0
0
0
0
0
0
0
0
0
0
0
0
0
0
0
0
0
0
0
0
0
0
0
0
0
0
0
0
0
0
0
0
0
0
0
0
0
0
0
0
0
0
0
0
0
0
0
0
0
0
0
0
0
0
0
0
0
0
0
0
0
0
0
0
0
0
0
0
0
0
0
0
0
0
0
0
0
0
0
0
0
0
0
0
0
0
0
0
0
0
0
0
0
0
0
0
0
0
0
0
0
0
0
0
0
0
0
0
0
0
0
0
0
0
0
0
0
0
0
0
0
0
0
0
0
0
0
0
0
0
0
0
0
0
0
0
0
0
0
0
0
0
0
0
0
0
0
0
0
0
0
0
0
0
0
0
0
0
0
0
0
0
0
0
0
0
0
0
0
0
0
0
0
0
0
0
0
0
0
0
0
0
0
0
0
0
0
0
0
0
0
0
0
0
0
0
0
0
0
0
0
0
0
0
0
0
0
0
0
0
0
0
0
0
0
0
0
0
0
0
0
0
0
0
0
0
0
0
0
0
0
0
0
0
0
0
0
0
0
0
0
0
0
0
0
0
0
0
0
0
0
0
0
0
0
0
0
0
0
0
0
0
0
0
0
0
0
0
0
0
0
0
0
0
0
0
0
0
0
0
0
0
0
0
0
0
0
0
0
0
0
0
0
0
0
0
0
0
0
0
0
0
0
0
0
0
0
0
0
0
0
0
0
0
0
0
0
0
0
0
0
0
0
0
0
0
0
0
0
0
0
0
0
0
0
0
0
0
0
0
0
0
0
0
0
0
0
0
0
0
0
0
0
0
0
0
0
0
0
0
0
0
0
0
0
0
0
0
0
0
0
0
0
0
0
0
0
0
0
0
0
0
0
0
0
0
0
0
0
0
0
0
0
0
0
0
0
0
0
0
0
0
0
0
0
0
0
0
0
0
0
0
0
0
0
0
0
0
0
0
0
0
0
0
0
0
0
0
0
0
0
0
0
0
0
0
0
0
0
0
0
0
0
0
0
0
0
0
0
0
0
0
0
0
0
0
0
0
0
0
0
0
0
0
0
0
0
0
0
0
0
0
0
0
0
0
0
0
0
0
0
0
0
0
0
0
0
0
0
0
0
0
0
0
0
0
0
0
0
0
0
0
0
0
0
0
0
0
0
0
0
0
0
0
0
0
0
0
0
0
0
0
0
0
0
0
0
0
0
0
0
0
0
0
0
0
0
0
0
0
0
0
0
0
0
0
0
0
0
0
0
0
0
0
0
0
0
0
0
0
0
0
0
0
0
0
0
0
0
0
0
0
0
0
0
0
0
0
0
0
0
0
0
0
0
0
0
0
0
0
0
0
0
0
0
0
0
0
0
0
0
0
0
0
0
0
0
0
0
0
0
0
0
0
0
0
0
0
0
0
0
0
0
0
0
0
0
0
0
0
0
0
0
0
0
0
0
0
0
0
0
0
0
0
0
0
0
0
0
0
0
0
0
0
0
0
0
0
0
0
0
0
0
0
0
0
0
0
0
0
0
0
0
0
0
0
0
0
0
0
0
0
0
0
0
0
0
0
0
0
0
0
0
0
0
0
0
0
0
0
0
0
0
0
0
0
0
0
0
0
0
0
0
0
0
0
0
0
0
0
0
0
0
0
0
0
0
0
0
0
0
0
0
0
0
0
0
0
0
0
0
0
0
0
0
0
0
0
0
0
0
0
0
0
0
0
0
0
0
0
0
0
0
0
0
0
0
0
0
0
0
0
0
0
0
0
0
0
0
0
0
0
0
0
0
0
0
0
0
0
0
0
0
0
0
0
0
0
0
0
0
0
0
0
0
0
0
0
0
0
0
0
0
0
0
0
0
0
0
0
0
0
0
0
0
0
0
0
0
0
0
0
0
0
0
0
0
0
0
0
0
0
0
0
0
0
0
0
0
0
0
0
0
0
0
0
0
0
0
0
0
0
0
0
0
0
0
0
0
0
0
0
0
0
0
0
0
0
0
0
0
0
0
0
0
0
0
0
0
0
0
0
0
0
0
0
0
0
0
0
0
0
0
0
0
0
0
0
0
0
0
0
0
0
0
0
0
0
0
0
0
0
0
0
0
0
0
0
0
0
0
0
0
0
0
0
0
0
0
0
0
0
0
0
0
0
0
0
0
0
0
0
0
0
0
0
0
0
0
0
0
0
0
0
0
0
0
0
0
0
0
0
0
0
0
0
0
0
0
0
0
0
0
0
0
0
0
0
0
0
0
0
0
0
0
0
0
0
0
0
0
0
0
0
0
0
0
0
0
0
0
0
0
0
0
0
0
0
0
0
0
0
0
0
0
0
0
0
0
0
0
0
0
0
0
0
0
0
0
0
0
0
0
0
0
0
0
0
0
0
0
0
0
0
0
0
0
0
0
0
0
0
0
0
0
0
0
0
0
0
0
0
0
0
0
0
0
0
0
0
0
0
0
0
0
0
0
0
0
0
0
0
0
0
0
0
0
0
0
0
0
0
0
0
0
0
0
0
0
0
0
0
0
0
0
0
0
0
0
0
0
0
0
0
0
0
0
0
0
0
0
0
0
0
0
0
0
0
0
0
0
0
0
0
0
0
0
0
0
0
0
0
0
0
0
0
0
0
0
0
0
0
0
0
0
0
0
0
0
0
0
0
0
0
0
0
0
0
0
0
0
0
0
0
0
0
0
0
0
0
0
0
0
0
