-159
265
-2486
-2356
-268
-2303
-2284
-233
461
-2748
-1828
-1369
-2064
-2539
-91
378
-165
481
175
-1934
-2345
-2201
-11604
-95
783
-919
-1814
-1448
-2270
-13050
192
967
-200
-151
-2096
-2267
-821
-1882
-1873
-258
-88
-2250
-2099
-1527
-1600
-2004
-49
88
-14
103
779
-1719
-1892
-1713
-14382
42
66
-535
-1386
-704
-1019
-16643
298
607
-179
-179
-2164
-1904
-1957
-2496
-2260
-248
84
-2249
-2135
-2099
-2104
-1916
-43
633
77
-68
1197
-2139
-2120
-2173
-13732
99
320
-427
-1927
-1528
-1341
-16848
289
409
-119
-370
-1740
-850
-1901
-1896
-1768
-255
-289
-2998
-1471
-2479
-2905
-1490
-67
500
156
-71
-15
-1848
-1406
-1694
-15318
56
-403
-2014
-3226
-2274
-1941
-12627
224
-935
-92
84
-1945
-832
-1784
-1344
-1626
-154
422
-2924
-955
-2030
-2326
-1076
-1
497
90
265
-272
-1439
-1036
-1488
-17812
-128
607
-1995
-2880
-1782
-2138
-17497
45
-216
-199
-197
-2339
-2569
-1684
-1805
-2090
-143
410
-2706
-2414
-2026
-2156
-1548
8
209
-15
192
-233
-1999
411
-1895
-13021
-65
858
-1028
-2285
111
-2112
-14654
135
848
-337
-686
-800
-819
-892
-972
-890
-290
-378
-2501
-1202
-2463
-2774
-1988
-144
-254
-100
-1101
-618
-1164
78
-723
-20559
-89
-232
-1476
-2436
-798
-1957
-15688
54
-16
-145
-410
-1425
196
-2219
-1553
-1434
-194
293
-1714
512
-2045
-2277
-2142
-81
231
-218
-558
-1620
-1133
-25
-1282
-17276
-275
453
-1944
-1933
-877
-2090
-18257
-112
202
-10
-103
-1910
-2913
-293
-2086
-2305
102
-646
-2578
-2931
-2920
-2777
-1098
-27
-369
-332
361
1268
-2365
-3061
-2178
-14485
-71
393
-1334
-2302
-2192
-2484
-13929
74
374
-103
-101
-3028
-3569
-1635
-3157
-2920
-37
-156
-4273
-4506
-4761
-3915
-1241
-81
581
-83
279
2682
-3647
-3299
-2776
-15647
68
-293
-530
-3657
-1913
-2348
-14798
306
117
-58
-604
-3226
-2733
-2441
-3330
-2950
-32
-651
-4687
-3799
-4952
-4516
-490
-88
303
125
684
2129
-3759
-2320
-2863
-16267
186
-215
-825
-4298
-3201
-2619
-15097
331
-703
10
-9
-2768
-2223
-2224
-1478
-1999
64
-89
-4917
-3150
-4099
-3957
-540
-13
-239
151
549
1613
-2712
-966
-1854
-23356
67
6
-628
-4148
-2870
-2492
-19350
221
-827
-102
-494
-2723
-2211
-1291
-1828
-2408
5
-454
-4997
-3631
-4159
-4074
-416
10
-1315
22
-532
38
-3550
-202
-2162
-17291
8
107
-1644
-4785
-1762
-3680
-12986
116
-247
-389
-1007
-2471
-3405
-415
-2170
-2590
-176
-342
-4075
-4378
-3952
-4031
-706
-74
-136
-83
-408
721
-3929
-605
-2368
-17977
69
245
-1414
-4457
-980
-3563
-14865
265
585
-281
1244
-2392
-3385
-2853
-2485
-2338
-82
1334
-2198
-2242
-4120
-2676
-438
-209
1502
-263
1756
-1335
-2169
2426
-2235
-21737
-32
1226
-2194
-2871
694
-2273
-24405
-13
1317
67
2063
-3904
-1718
-4899
-3654
-3464
-68
2264
-3966
-825
-5413
-4485
-2603
-12
2215
-353
-659
-2496
-3511
2174
-3808
-16763
-133
-284
-3116
-4088
-126
-4005
-16779
-149
-169
265
391
-1515
-2303
-1438
-1802
-1999
247
296
-2284
-2631
-3252
-2953
-1056
41
421
-265
526
1621
-2003
-2640
-1924
-17426
-76
247
-420
-2162
-3307
-2446
-15783
-60
-85
156
454
-2037
-1684
-1970
-1945
-1952
59
-224
-4472
-3382
-5498
-4698
-823
-120
243
105
-201
2371
-2554
-2733
-1797
-20581
43
-851
-1032
-4013
-3457
-2780
-13002
195
-3
122
95
-2577
-1540
-2368
-2001
-2320
2
-655
-4824
-2116
-3980
-4374
-899
40
-681
261
484
1090
-3223
-1514
-2187
-19484
103
590
-793
-4093
-3960
-2726
-16944
198
-5
25
323
-2291
-1878
-1712
-1673
-2122
57
-31
-4402
-2031
-2926
-3708
-455
79
-720
141
-345
-95
-3138
254
-1978
-18704
74
-617
-888
-3310
-2931
-2546
-17193
182
-1446
-66
239
-1718
-1339
-282
-724
-1334
-61
33
-3603
-1166
-2551
-2839
-1078
-26
-425
120
-1120
-445
-2530
591
-1204
-22713
4
-730
-1206
-2413
-1272
-2430
-19221
138
-636
-248
1243
-2793
-3113
-2959
-3002
-2752
-351
1135
-2736
-1758
-3449
-3037
-2286
-128
1366
2
267
-1731
-3252
2868
-2782
-15233
-13
926
-1837
-2815
922
-3314
-15982
138
801
-20
1384
-4532
-6453
-6089
-5040
-4652
-113
1038
-4488
-4771
-5690
-5361
-3627
-127
1216
-227
2564
-4489
-4535
6570
-4556
-17360
19
1882
-4217
-5881
2783
-4783
-15911
-80
1738
133
574
-5354
-5331
-6040
-5898
-5749
25
268
-4561
-3435
-5647
-5308
-3370
6
-90
-330
-1702
-5674
-5060
4810
-5915
-13168
-40
-1184
-5091
-5722
1639
-4715
-17129
-12
-422
193
-923
-1524
-1470
-1734
-1823
-1950
172
-323
-2366
-2283
-2843
-2903
-265
85
-325
-196
618
-398
-2595
-706
-1904
-13891
-125
584
-869
-2674
-3159
-1974
-13380
-14
203
146
-1086
-2423
-156
-2395
-1547
-1741
62
-303
-4193
-1676
-4635
-3871
-243
-117
-559
132
266
-1
-2327
-537
-1556
-19033
-91
-712
-1094
-3443
-2788
-2546
-15389
64
-372
82
-268
-2735
-768
-3891
-1734
-2842
168
339
-3693
-560
-3770
-3114
-1007
146
-456
56
522
-1588
-3840
1180
-2527
-13351
-9
231
-2086
-3492
-1557
-2891
-16193
102
-57
-82
197
-2045
294
-2738
-2003
-2262
-50
803
-4176
441
-3373
-3636
-117
132
-360
-21
-521
-2446
-3715
1572
-2099
-16774
24
-155
-4333
-3542
-2299
-3018
-15006
214
293
-38
1219
-2657
-1066
-3010
-2747
-2758
-158
1438
-2862
1194
-3651
-2885
-1367
38
-81
-31
290
-3464
-3518
2422
-2707
-18398
-83
986
-3899
-2947
-762
-2819
-21822
-39
904
-19
2304
-6709
-4825
-7618
-6663
-5763
-119
2386
-5884
-2387
-7139
-5449
-3071
-91
1756
-127
853
-7523
-6008
8893
-5947
-11099
50
672
-6770
-5435
3737
-5746
-14172
30
685
9
788
-6119
-5675
-8055
-5340
-5769
-176
-190
-4505
-2826
-5637
-4812
-4278
-55
-243
11
-1280
-6728
-4661
6851
-5751
-20566
20
-2234
-4934
-4639
1687
-4817
-25304
26
-1296
92
-331
-2644
-2327
-4778
-3287
-4025
42
-872
-3500
-2783
-4397
-5896
-1731
42
-898
-169
-2067
-4276
-1684
225
-3883
-27247
-117
-1294
-5568
-5290
-4622
-5177
-22049
91
47
114
-1077
-2192
-2559
103
-2524
-2136
61
352
-3158
-3520
-2259
-3797
-2303
-72
555
-164
104
-444
-1985
-1176
-2085
-17557
-119
-380
934
-3003
-3618
-2746
-13152
-4
-20
-23
-756
-1775
-714
-1718
-1764
-1681
-49
469
-2788
-1511
-2896
-3282
-1881
-92
15
36
16
-1775
-1990
888
-1533
-19366
133
-532
-1891
-2460
-987
-3064
-16317
95
-162
-167
-191
-2747
-1295
-2579
-1901
-2835
-50
540
-2231
-876
-2083
-2328
-1622
214
-316
52
680
-1765
-4249
545
-2566
-15332
180
150
-1213
-2491
-1456
-2438
-22534
51
246
-63
-896
-1963
608
-2261
-1696
-1661
-153
-138
-3931
69
-2789
-3635
-756
158
-1048
119
-930
-2298
-2642
1591
-1498
-19984
-20
-80
-3383
-2924
-2721
-2996
-15330
183
364
275
591
-4406
-620
-5487
-4292
-4093
30
1386
-4985
1015
-6054
-4785
-1058
37
691
-125
2167
-5726
-4275
3255
-4129
-18655
-130
2636
-6584
-5040
-2238
-4480
-19470
-93
2337
253
-940
-7160
-2924
-7874
-5054
-5826
40
-1196
-7789
-2511
-7494
-6222
-2540
-31
-880
-193
304
-7680
-5163
5779
-5796
-16552
-39
-896
-7690
-6188
-495
-6309
-13631
-71
-558
128
145
-4361
-108
-5409
-280
-3773
25
-1725
-4508
57
-3281
-3780
-4069
-30
-223
53
-1912
-6130
-2975
23
-3536
-24946
68
-3090
-5119
-3634
-4976
-4376
-23125
126
-2453
162
-89
-2027
-1598
-3228
-301
-3137
190
-1985
-1755
-2084
-1478
-2879
-2006
99
-1315
-175
-1382
-3715
-897
-2110
-2781
-19739
-231
-1828
-3914
-2048
-4431
-3041
-19652
53
-1151
-1
1864
-3919
-6047
3143
-4694
-3743
-250
1762
-4621
-6888
-2925
-5821
-5149
-182
1442
20
950
-1859
-2807
-2165
-3656
-24415
42
51
-248
-4722
-1301
-4808
-16278
29
-231
-172
5376
-2899
-4141
3301
-4475
-3698
-179
4412
-3837
-5243
-889
-5341
-5232
16
3213
12
-10
-3923
-3117
-2369
-3613
-26475
116
-877
-3736
-3542
-877
-5186
-20170
115
-409
-290
1096
-1525
-1822
2244
-2403
-2167
-263
1282
-2479
-3161
250
-3393
-2311
212
681
229
-735
-1681
-3340
-2989
-2094
-16907
109
-966
-2370
-2681
-2320
-3182
-14951
135
-447
-55
474
-1926
-1180
-44
-2440
-1867
-170
920
-4314
-2931
-2594
-4703
-456
54
826
144
851
-685
-1908
-1755
-1647
-27236
23
1090
-3274
-3394
-4053
-3342
-19795
64
1293
307
226
-6954
-2883
-3990
-6191
-5237
293
640
-6687
-2579
-5819
-5340
622
-50
1274
-160
1712
-5100
-1227
-371
-5327
-17715
20
435
-6951
-5038
-3017
-4316
-20472
-106
464
513
-53
-4691
304
-3625
-786
-3310
307
-539
-6468
-1246
-3827
-4522
-712
-111
593
92
-1137
-4509
642
-4104
-3266
-27952
84
-1970
-6172
-4230
-7374
-3263
-21629
-98
-1191
416
-329
-2157
254
-1333
2137
-2517
182
136
-3902
-1660
-1249
-2876
-2461
6
925
23
-1708
-5213
-1818
-3592
-2268
-26211
4
-1476
-5764
-3840
-7342
-2485
-18456
-43
-452
396
-957
-972
-662
-1417
878
-1827
255
-461
-1401
-1390
-1188
-1828
-958
67
-845
-124
-756
-2946
-949
-1679
-1402
-16544
-214
-459
-2961
-1884
-3749
-1589
-14704
-265
-788
-106
-107
-3617
-6076
2060
-4652
-4429
-203
-176
-4342
-5973
-3328
-5700
-4347
-155
-207
76
5418
-4243
-4045
-1886
-4138
-24710
180
4763
-3426
-5127
-1451
-4778
-21503
275
3095
-329
815
-8911
-10958
6398
-8336
-8939
-75
705
-5558
-9355
-679
-4855
-6772
96
-93
-29
240
-7653
-9486
-6280
-8747
528
496
65
-3451
-5309
-594
-5354
-14348
550
180
-336
1044
-5828
-5944
10254
-4546
-5512
-187
1036
-5194
-5924
1003
-3599
-3960
42
268
137
-5308
-5760
-7458
-8137
-5172
-16218
369
-3760
-4446
-3261
-3484
-2325
-22002
461
-2537
-134
287
-4661
-4611
4924
-5199
-4807
-198
-574
-5322
-4852
-1527
-4864
-629
106
-503
3
1977
-4501
-6120
-3786
-4480
-17886
-145
1694
-5301
-4611
-3746
-2692
-21819
-90
2454
90
-1579
-5648
-2764
-974
-5807
-4710
47
-1008
-7757
-4965
-6192
-6480
2224
-15
-390
-128
1028
-2574
-3389
-2291
-4658
-16691
-72
-181
-4690
-6988
-6657
-4490
-12522
-32
-143
220
-1516
-2767
-697
-1436
-2242
-2597
-40
-28
-4785
-2670
-5197
-3441
1046
-29
363
90
-1642
-1963
-506
-2669
-2322
-25285
-7
-1027
-3911
-3520
-5833
-700
-21723
7
-997
-11
-266
-2979
-3086
-1673
-1201
-4034
-156
1262
-2729
-4021
-4284
-1159
-652
67
440
-28
293
-2597
-4090
-3009
-3885
-13413
38
194
-2790
-2124
-5297
-422
-18682
-28
136
-4
-395
-916
-1919
426
-887
-2353
-177
619
-1093
-3141
-2318
-1788
-288
-36
-239
-108
-920
-1907
-3076
-2577
-2036
-14758
-115
-1536
-1917
-1095
-3996
-435
-16993
-112
-790
-228
-2162
-2761
-4883
-1791
-3627
-4282
-321
-1609
-4448
-4989
-3028
-5463
-1088
-286
-796
53
2322
-6323
-3939
1854
-4166
-22269
-37
1742
-6713
-6081
-3189
-5111
-17397
265
1418
-384
-4635
-4683
-6580
3703
-4336
-4892
-248
-3112
-5004
-6878
-402
-3966
-1368
-184
-1727
1
323
-5574
-4708
-2795
-4723
-16216
478
376
-3457
-5377
-4109
-4241
-18286
476
-121
-347
-3750
-3998
-3962
4400
-3891
-4074
-323
-2568
-4657
-5086
77
-3701
-336
-17
-1469
28
-3950
-4957
-4914
-2497
-3763
-18580
213
-2973
-3487
-3060
-3633
-2904
-22812
177
-2616
-181
-1983
-2711
-2544
1597
-2382
-2823
-353
-2623
-3769
-3588
-1813
-3215
593
-125
-1119
57
483
-3469
-3400
-1422
-2841
-23663
-76
-389
-3260
-2754
-3518
-2577
-25963
66
-608
-77
-3123
-2296
-1601
-1727
-1537
-2622
-225
-3434
-4218
-3324
-3795
-3909
1428
-218
-1856
31
515
-3245
-1819
126
-2433
-28145
-75
635
-3899
-4113
-4718
-3439
-23846
111
710
-160
-1916
-2156
-2112
-1922
-947
-2620
-181
-2369
-3717
-3687
-3732
-2845
-171
-113
-1542
4
373
-2657
-2507
-189
-2419
-17532
-38
199
-2284
-3749
-4174
-2530
-14806
170
-15
-257
-1296
-1438
-2893
-620
-615
-2272
-247
-1835
-1605
-3959
-2631
-1084
843
-130
-1478
-6
-202
-1232
-2838
-1863
-2196
-17006
36
-1087
-1222
-1398
-4025
-593
-21832
141
-1346
-274
-1306
-1335
-2185
917
-1323
-2004
-216
-1556
-1514
-3234
-1698
-1958
663
-145
-2034
-147
-1417
-910
-2706
-2473
-1869
-13865
-123
-1588
-1261
-1527
-4129
-1183
-16359
25
-928
0
0
0
0
0
0
0
0
0
0
0
-2148
-2293
-785
-2051
-1645
0
0
0
0
0
0
0
0
0
0
0
1389
-1046
-1932
-1684
-12910
0
0
0
0
0
0
0
0
0
0
0
-2535
-2417
-471
-1756
-1905
0
0
0
0
0
0
0
0
0
0
0
1060
-1621
-1855
-1959
-12524
0
0
0
0
0
0
0
0
0
0
0
-2396
-1757
-978
-1557
-1597
0
0
0
0
0
0
0
0
0
0
0
2109
-1530
-1991
-1568
-15479
0
0
0
0
0
0
0
0
0
0
0
-1942
-1276
-1030
-474
-1153
0
0
0
0
0
0
0
0
0
0
0
893
-1346
-1285
-1135
-16292
0
0
0
0
0
0
0
0
0
0
0
-2004
-1613
-1686
-428
-1337
0
0
0
0
0
0
0
0
0
0
0
18
-1319
-573
-1356
-17339
0
0
0
0
0
0
0
0
0
0
0
-2157
-2706
-1127
-1535
-1670
0
0
0
0
0
0
0
0
0
0
0
-188
-2233
678
-1664
-12346
0
0
0
0
0
0
0
0
0
0
0
-763
-1798
-3
-816
-1014
0
0
0
0
0
0
0
0
0
0
0
-464
-1134
-332
-988
-16378
0
0
0
0
0
0
0
0
0
0
0
-683
-659
-785
-678
-880
0
0
0
0
0
0
0
0
0
0
0
-450
-309
-793
-811
-16944
0
0
0
0
0
0
0
0
0
0
0
-2919
-2827
-1565
-2066
-2328
0
0
0
0
0
0
0
0
0
0
0
2822
-2296
-2616
-2198
-12296
0
0
0
0
0
0
0
0
0
0
0
-3977
-3170
-1296
-2782
-2698
0
0
0
0
0
0
0
0
0
0
0
3227
-3963
-2142
-2634
-14782
0
0
0
0
0
0
0
0
0
0
0
-3759
-2441
-2131
-1455
-2499
0
0
0
0
0
0
0
0
0
0
0
2762
-3748
-2194
-2304
-16864
0
0
0
0
0
0
0
0
0
0
0
-4172
-3449
-3424
97
-3034
0
0
0
0
0
0
0
0
0
0
0
1030
-3988
-1768
-2887
-16229
0
0
0
0
0
0
0
0
0
0
0
-3261
-2865
-1882
-988
-2432
0
0
0
0
0
0
0
0
0
0
0
-451
-4047
394
-2299
-13326
0
0
0
0
0
0
0
0
0
0
0
-3246
-3695
-1011
-2347
-2740
0
0
0
0
0
0
0
0
0
0
0
382
-4371
590
-2647
-12964
0
0
0
0
0
0
0
0
0
0
0
-2470
-3724
-2569
-2339
-2811
0
0
0
0
0
0
0
0
0
0
0
-1852
-1631
863
-2673
-16604
0
0
0
0
0
0
0
0
0
0
0
-2804
-2025
-3124
-3076
-2712
0
0
0
0
0
0
0
0
0
0
0
-826
-1708
63
-2681
-15633
0
0
0
0
0
0
0
0
0
0
0
-2872
-2817
-2724
-1149
-2522
0
0
0
0
0
0
0
0
0
0
0
2987
-2891
-2575
-2337
-12807
0
0
0
0
0
0
0
0
0
0
0
-3359
-2836
-2152
-882
-2525
0
0
0
0
0
0
0
0
0
0
0
2713
-4162
-2022
-2367
-14844
0
0
0
0
0
0
0
0
0
0
0
-3099
-2202
-2765
784
-2342
0
0
0
0
0
0
0
0
0
0
0
1068
-4163
-1655
-2043
-18306
0
0
0
0
0
0
0
0
0
0
0
-3331
-2862
-2426
204
-2675
0
0
0
0
0
0
0
0
0
0
0
-698
-4235
-82
-2394
-13254
0
0
0
0
0
0
0
0
0
0
0
-2091
-2573
-597
-151
-1857
0
0
0
0
0
0
0
0
0
0
0
-1171
-2317
-45
-1680
-16802
0
0
0
0
0
0
0
0
0
0
0
-1788
-3326
-2540
-2461
-2267
0
0
0
0
0
0
0
0
0
0
0
-1796
-1885
2342
-2248
-14309
0
0
0
0
0
0
0
0
0
0
0
-3749
-4613
-4497
-3834
-3419
0
0
0
0
0
0
0
0
0
0
0
-3048
-2559
3909
-3312
-19945
0
0
0
0
0
0
0
0
0
0
0
-5000
-4422
-4313
-4453
-4250
0
0
0
0
0
0
0
0
0
0
0
-2485
-3181
1832
-4196
-14701
0
0
0
0
0
0
0
0
0
0
0
-2502
-1802
-1950
223
-1892
0
0
0
0
0
0
0
0
0
0
0
824
-2718
-1663
-1755
-11723
0
0
0
0
0
0
0
0
0
0
0
-3405
-1714
-2081
432
-2120
0
0
0
0
0
0
0
0
0
0
0
-270
-2530
-1463
-1938
-14270
0
0
0
0
0
0
0
0
0
0
0
-3264
-1383
-2977
741
-2219
0
0
0
0
0
0
0
0
0
0
0
-1165
-4078
669
-1856
-13923
0
0
0
0
0
0
0
0
0
0
0
-2556
-1298
-1634
-482
-2170
0
0
0
0
0
0
0
0
0
0
0
-2072
-3872
1594
-1831
-13416
0
0
0
0
0
0
0
0
0
0
0
-2996
-2777
-2514
-1980
-3048
0
0
0
0
0
0
0
0
0
0
0
-2920
-3050
1780
-2905
-13022
0
0
0
0
0
0
0
0
0
0
0
-4726
-4962
-6057
-5218
-4841
0
0
0
0
0
0
0
0
0
0
0
-6137
-4363
6369
-4743
-11893
0
0
0
0
0
0
0
0
0
0
0
-4711
-4541
-6686
-2428
-4423
0
0
0
0
0
0
0
0
0
0
0
-5241
-2846
3199
-4413
-23899
0
0
0
0
0
0
0
0
0
0
0
-4639
-2622
-5318
-796
-3864
0
0
0
0
0
0
0
0
0
0
0
-2482
-2680
-1321
-3926
-20651
0
0
0
0
0
0
0
0
0
0
0
-2220
-2083
212
-974
-1560
0
0
0
0
0
0
0
0
0
0
0
337
-945
-2615
-1415
-15713
0
0
0
0
0
0
0
0
0
0
0
-2427
-823
99
-371
-1160
0
0
0
0
0
0
0
0
0
0
0
-1799
-541
-642
-1082
-18289
0
0
0
0
0
0
0
0
0
0
0
-3212
-1389
-1329
78
-2332
0
0
0
0
0
0
0
0
0
0
0
-1845
-3512
-178
-2127
-15264
0
0
0
0
0
0
0
0
0
0
0
-1722
-929
-1282
588
-1598
0
0
0
0
0
0
0
0
0
0
0
-2445
-2433
631
-1325
-17083
0
0
0
0
0
0
0
0
0
0
0
-3472
-1921
-4782
-1463
-3517
0
0
0
0
0
0
0
0
0
0
0
-4671
-3081
1604
-3354
-18092
0
0
0
0
0
0
0
0
0
0
0
-5564
-3913
-6528
-3052
-5610
0
0
0
0
0
0
0
0
0
0
0
-8180
-3887
2386
-5472
-12886
0
0
0
0
0
0
0
0
0
0
0
-5579
-2149
-6219
2914
-4804
0
0
0
0
0
0
0
0
0
0
0
-7469
-3925
-2141
-4761
-16872
0
0
0
0
0
0
0
0
0
0
0
-3632
-1869
-3764
2749
-3113
0
0
0
0
0
0
0
0
0
0
0
-3469
-2749
-3671
-3101
-16603
0
0
0
0
0
0
0
0
0
0
0
-2928
-4405
1802
-3350
-2811
0
0
0
0
0
0
0
0
0
0
0
-1408
-450
-4176
-2722
-24073
0
0
0
0
0
0
0
0
0
0
0
-2713
-3223
3632
-3752
-3344
0
0
0
0
0
0
0
0
0
0
0
-4549
-1669
-4174
-3406
-23238
0
0
0
0
0
0
0
0
0
0
0
-2028
-1757
2535
-1201
-2038
0
0
0
0
0
0
0
0
0
0
0
-2241
-2530
-2642
-1830
-15310
0
0
0
0
0
0
0
0
0
0
0
-1545
-1925
273
-1498
-2087
0
0
0
0
0
0
0
0
0
0
0
-1485
-1264
-2090
-1842
-23926
0
0
0
0
0
0
0
0
0
0
0
-5290
-3670
-5105
-5608
-5810
0
0
0
0
0
0
0
0
0
0
0
-5808
194
-3202
-5681
-12753
0
0
0
0
0
0
0
0
0
0
0
-5274
-2925
-6549
-974
-6610
0
0
0
0
0
0
0
0
0
0
0
-8266
-1152
-6573
-6612
-8985
0
0
0
0
0
0
0
0
0
0
0
-3740
-1288
-2147
3445
-3770
0
0
0
0
0
0
0
0
0
0
0
-7043
-3777
-4274
-3761
-18116
0
0
0
0
0
0
0
0
0
0
0
-2440
-1304
-1359
2458
-1996
0
0
0
0
0
0
0
0
0
0
0
-2859
-2160
-2906
-1972
-12994
0
0
0
0
0
0
0
0
0
0
0
-3820
-5483
279
-3440
-4284
0
0
0
0
0
0
0
0
0
0
0
-3681
-1426
-4526
-4254
-22927
0
0
0
0
0
0
0
0
0
0
0
-9684
-10962
5839
-10272
-10848
0
0
0
0
0
0
0
0
0
0
0
-9728
-9770
-9026
-11018
13044
0
0
0
0
0
0
0
0
0
0
0
-5394
-6773
8150
-5332
-6760
0
0
0
0
0
0
0
0
0
0
0
-6832
-7094
-8726
-6520
-8768
0
0
0
0
0
0
0
0
0
0
0
-3522
-3497
4490
-3210
-3761
0
0
0
0
0
0
0
0
0
0
0
-3288
-4483
-4793
-3465
-22424
0
0
0
0
0
0
0
0
0
0
0
-4140
-2705
-1755
-4496
-4509
0
0
0
0
0
0
0
0
0
0
0
-2589
-2305
-4218
-4347
-12643
0
0
0
0
0
0
0
0
0
0
0
-2704
-732
-2531
-1527
-3028
0
0
0
0
0
0
0
0
0
0
0
-2751
-597
-3268
-2995
-20868
0
0
0
0
0
0
0
0
0
0
0
-2439
-867
41
77
-2131
0
0
0
0
0
0
0
0
0
0
0
-2406
-2804
-2353
-2123
-22085
0
0
0
0
0
0
0
0
0
0
0
-1597
-942
636
-160
-1658
0
0
0
0
0
0
0
0
0
0
0
-1199
-2259
-3099
-1718
-14676
0
0
0
0
0
0
0
0
0
0
0
-2160
-2922
-1864
-1839
-2825
0
0
0
0
0
0
0
0
0
0
0
-3431
-2203
39
-2590
-27158
0
0
0
0
0
0
0
0
0
0
0
-3848
-6341
2627
-5099
-5944
0
0
0
0
0
0
0
0
0
0
0
-5956
-5272
-4972
-5829
-8648
0
0
0
0
0
0
0
0
0
0
0
-3099
-3043
4290
-3197
-3679
0
0
0
0
0
0
0
0
0
0
0
-4136
-3713
-4178
-3396
-20026
0
0
0
0
0
0
0
0
0
0
0
-1882
-2009
1435
-1952
-2670
0
0
0
0
0
0
0
0
0
0
0
-2925
-2184
-3251
-2338
-23446
0
0
0
0
0
0
0
0
0
0
0
-1499
-1202
-2696
-1118
-2430
0
0
0
0
0
0
0
0
0
0
0
-2672
-2222
-1299
-2370
-24176
0
0
0
0
0
0
0
0
0
0
0
-1796
-810
-1271
-312
-1583
0
0
0
0
0
0
0
0
0
0
0
-1403
-1942
-559
-1457
-20460
0
0
0
0
0
0
0
0
0
0
0
-2465
-1383
-172
-941
-2009
0
0
0
0
0
0
0
0
0
0
0
-793
-1949
-2166
-1853
-17149
0
0
0
0
0
0
0
0
0
0
0
-1467
-1105
927
-1093
-1340
0
0
0
0
0
0
0
0
0
0
0
238
-2156
-2430
-1174
-14911
0
0
0
0
0
0
0
0
0
0
0
0
0
0
0
0
0
0
0
0
0
0
0
0
0
0
0
0
0
0
0
0
0
0
0
0
0
0
0
0
0
0
0
0
0
0
0
0
0
0
0
0
0
0
0
0
0
0
0
0
0
0
0
0
0
0
0
0
0
0
0
0
0
0
0
0
0
0
0
0
0
0
0
0
0
0
0
0
0
0
0
0
0
0
0
0
0
0
0
0
0
0
0
0
0
0
0
0
0
0
0
0
0
0
0
0
0
0
0
0
0
0
0
0
0
0
0
0
0
0
0
0
0
0
0
0
0
0
0
0
0
0
0
0
0
0
0
0
0
0
0
0
0
0
0
0
0
0
0
0
0
0
0
0
0
0
0
0
0
0
0
0
0
0
0
0
0
0
0
0
0
0
0
0
0
0
0
0
0
0
0
0
0
0
0
0
0
0
0
0
0
0
0
0
0
0
0
0
0
0
0
0
0
0
0
0
0
0
0
0
0
0
0
0
0
0
0
0
0
0
0
0
0
0
0
0
0
0
0
0
0
0
0
0
0
0
0
0
0
0
0
0
0
0
0
0
0
0
0
0
0
0
0
0
0
0
0
0
0
0
0
0
0
0
0
0
0
0
0
0
0
0
0
0
0
0
0
0
0
0
0
0
0
0
0
0
0
0
0
0
0
0
0
0
0
0
0
0
0
0
0
0
0
0
0
0
0
0
0
0
0
0
0
0
0
0
0
0
0
0
0
0
0
0
0
0
0
0
0
0
0
0
0
0
0
0
0
0
0
0
0
0
0
0
0
0
0
0
0
0
0
0
0
0
0
0
0
0
0
0
0
0
0
0
0
0
0
0
0
0
0
0
0
0
0
0
0
0
0
0
0
0
0
0
0
0
0
0
0
0
0
0
0
0
0
0
0
0
0
0
0
0
0
0
0
0
0
0
0
0
0
0
0
0
0
0
0
0
0
0
0
0
0
0
0
0
0
0
0
0
0
0
0
0
0
0
0
0
0
0
0
0
0
0
0
0
0
0
0
0
0
0
0
0
0
0
0
0
0
0
0
0
0
0
0
0
0
0
0
0
0
0
0
0
0
0
0
0
0
0
0
0
0
0
0
0
0
0
0
0
0
0
0
0
0
0
0
0
0
0
0
0
0
0
0
0
0
0
0
0
0
0
0
0
0
0
0
0
0
0
0
0
0
0
0
0
0
0
0
0
0
0
0
0
0
0
0
0
0
0
0
0
0
0
0
0
0
0
0
0
0
0
0
0
0
0
0
0
0
0
0
0
0
0
0
0
0
0
0
0
0
0
0
0
0
0
0
0
0
0
0
0
0
0
0
0
0
0
0
0
0
0
0
0
0
0
0
0
0
0
0
0
0
0
0
0
0
0
0
0
0
0
0
0
0
0
0
0
0
0
0
0
0
0
0
0
0
0
0
0
0
0
0
0
0
0
0
0
0
0
0
0
0
0
0
0
0
0
0
0
0
0
0
0
0
0
0
0
0
0
0
0
0
0
0
0
0
0
0
0
0
0
0
0
0
0
0
0
0
0
0
0
0
0
0
0
0
0
0
0
0
0
0
0
0
0
0
0
0
0
0
0
0
0
0
0
0
0
0
0
0
0
0
0
0
0
0
0
0
0
0
0
0
0
0
0
0
0
0
0
0
0
0
0
0
0
0
0
0
0
0
0
0
0
0
0
0
0
0
0
0
0
0
0
0
0
0
0
0
0
0
0
0
0
0
0
0
0
0
0
0
0
0
0
0
0
0
0
0
0
0
0
0
0
0
0
0
0
0
0
0
0
0
0
0
0
0
0
0
0
0
0
0
0
0
0
0
0
0
0
0
0
0
0
0
0
0
0
0
0
0
0
0
0
0
0
0
0
0
0
0
0
0
0
0
0
0
0
0
0
0
0
0
0
0
0
0
0
0
0
0
0
0
0
0
0
0
0
0
0
0
0
0
0
0
0
0
0
0
0
0
0
0
0
0
0
0
0
0
0
0
0
0
0
0
0
0
0
0
0
0
0
0
0
0
0
0
0
0
0
0
0
0
0
0
0
0
0
0
0
0
0
0
0
0
0
0
0
0
0
0
0
0
0
0
0
0
0
0
0
0
0
0
0
0
0
0
0
0
0
0
0
0
0
0
0
0
0
0
0
0
0
0
0
0
0
0
0
0
0
0
0
0
0
0
0
0
0
0
0
0
0
0
0
0
0
0
0
0
0
0
0
0
0
0
0
0
0
0
0
0
0
0
0
0
0
0
0
0
0
0
0
0
0
0
0
0
0
0
0
0
0
0
0
0
0
0
0
0
0
0
0
0
0
0
0
0
0
0
0
0
0
0
0
0
0
0
0
0
0
0
0
0
0
0
0
0
0
0
0
0
0
0
0
0
0
0
0
0
0
0
0
0
0
0
0
0
0
0
0
0
0
0
0
0
0
0
0
0
0
0
0
0
0
0
0
0
0
0
0
0
0
0
0
0
0
0
0
0
0
0
0
0
0
0
0
0
0
0
0
0
0
0
0
0
0
0
0
0
0
0
0
0
0
0
0
0
0
0
0
0
0
0
0
0
0
0
0
0
0
0
0
0
0
0
0
0
0
0
0
0
0
0
0
0
0
0
0
0
0
0
0
0
0
0
0
0
0
0
0
0
0
0
0
0
0
0
0
0
0
0
0
0
0
0
0
0
0
0
0
0
0
0
0
0
0
0
0
0
0
0
0
0
0
0
0
0
0
0
0
0
0
0
0
0
0
0
0
0
0
0
0
0
0
0
0
0
0
0
0
0
0
0
0
0
0
0
0
0
0
0
0
0
0
0
0
0
0
0
0
0
0
0
0
0
0
0
0
0
0
0
0
0
0
0
0
0
0
0
0
0
0
0
0
0
0
0
0
0
0
0
0
0
0
0
0
0
0
0
0
0
0
0
0
0
0
0
0
0
0
0
0
0
0
0
0
0
0
0
0
0
0
0
0
0
0
0
0
0
0
0
0
0
0
0
0
0
0
0
0
0
0
0
0
0
0
0
0
0
0
0
0
0
0
0
0
0
0
0
0
0
0
0
0
0
0
0
0
0
0
0
0
0
0
0
0
0
0
0
0
0
0
0
0
0
0
0
0
0
0
0
0
0
0
0
0
0
0
0
0
0
0
0
0
0
0
0
0
0
0
0
0
0
0
0
0
0
0
0
0
0
0
0
0
0
0
0
0
0
0
0
0
0
0
0
0
0
0
0
0
0
0
0
0
0
0
0
0
0
0
0
0
0
0
0
0
0
0
0
0
0
0
0
0
0
0
0
0
0
0
0
0
0
0
0
0
0
0
0
0
0
0
0
0
0
0
0
0
0
0
0
0
0
0
0
0
0
0
0
0
0
0
0
0
0
0
0
0
0
0
0
0
0
0
0
0
0
0
0
0
0
0
0
0
0
0
0
0
0
0
0
0
0
0
0
0
0
0
0
0
0
0
0
0
0
0
0
0
0
0
0
0
0
0
0
0
0
0
0
0
0
0
0
0
0
0
0
0
0
0
0
0
0
0
0
0
0
0
0
0
0
0
0
0
0
0
0
0
0
0
0
0
0
0
0
0
0
0
0
0
0
0
0
0
0
0
0
0
0
0
0
0
0
0
0
0
0
0
0
0
0
0
0
0
0
0
0
0
0
0
0
0
0
0
0
0
0
0
0
0
0
0
0
0
0
0
0
0
0
0
0
0
0
0
0
0
0
0
0
0
0
0
0
0
0
0
0
0
0
0
0
0
0
0
0
0
0
0
0
0
0
0
0
0
0
0
0
0
0
0
0
0
0
0
0
0
0
0
0
0
0
0
0
0
0
0
0
0
0
0
0
0
0
0
0
0
0
0
0
0
0
0
0
0
0
0
0
0
0
0
0
0
0
0
0
0
0
0
0
0
0
0
0
0
0
0
0
0
0
0
0
0
0
0
0
0
0
0
0
0
0
0
0
0
0
0
0
0
0
0
0
0
0
0
0
0
0
0
0
0
0
0
0
0
0
0
0
0
0
0
0
0
0
0
0
0
0
0
0
0
0
0
0
0
0
0
0
0
0
0
0
0
0
0
0
0
0
0
0
0
0
0
0
0
0
0
0
0
0
0
0
0
0
0
0
0
0
0
0
0
0
0
0
0
0
0
0
0
0
0
0
0
0
0
0
0
0
0
0
0
0
0
0
0
0
0
0
0
0
0
0
0
0
0
0
0
0
0
0
0
0
0
0
0
0
0
0
0
0
0
0
0
0
0
0
0
0
0
0
0
0
0
0
0
0
0
0
0
0
0
0
0
0
0
0
0
0
0
0
0
0
0
0
0
0
0
0
0
0
0
0
0
0
0
0
0
0
0
0
0
0
0
0
0
0
0
0
0
0
0
0
0
0
0
0
0
0
0
0
0
0
0
0
0
0
0
0
0
0
0
0
0
0
0
0
0
0
0
0
0
0
0
0
0
0
0
0
0
0
0
0
0
0
0
0
0
0
0
0
0
0
0
0
0
0
0
0
0
0
0
0
0
0
0
0
0
0
0
0
0
0
0
0
0
0
0
0
0
0
0
0
0
0
0
0
0
0
0
0
0
0
0
0
0
0
0
0
0
0
0
0
0
0
0
0
0
0
0
0
0
0
0
0
0
0
0
0
0
0
0
0
0
0
0
0
0
0
0
0
0
0
0
0
0
0
0
0
0
0
0
0
0
0
0
0
0
0
0
0
0
0
0
0
0
0
0
0
0
0
0
0
0
0
0
0
0
0
0
0
0
0
0
0
0
0
0
0
0
0
0
0
0
0
0
0
0
0
0
0
0
0
0
0
0
0
0
0
0
0
0
0
0
0
0
0
0
0
0
0
0
0
0
0
0
0
0
0
0
0
0
0
0
0
0
0
0
0
0
0
0
0
0
0
0
0
0
0
0
0
0
0
0
0
0
0
0
0
0
0
0
0
0
0
0
0
0
0
0
0
0
0
0
0
0
0
0
0
0
0
0
0
0
0
0
0
0
0
0
0
0
0
0
0
0
0
0
0
0
0
0
0
0
0
0
0
0
0
0
0
0
0
0
0
0
0
0
0
0
0
0
0
0
0
0
0
0
0
0
0
0
0
0
0
0
0
0
0
0
0
0
0
0
0
0
0
0
0
0
0
0
0
0
0
0
0
0
0
0
0
0
0
0
0
0
0
0
0
0
0
0
0
0
0
0
0
0
0
0
0
0
0
0
0
0
0
0
0
0
0
0
0
0
0
0
0
0
0
0
0
0
0
0
0
0
0
0
0
0
0
0
0
0
0
0
0
0
0
0
0
0
0
0
0
0
0
0
0
0
0
0
0
0
0
0
0
0
0
0
0
0
0
0
0
0
0
0
0
0
0
0
0
0
0
0
0
0
0
0
0
0
0
0
0
0
0
0
0
0
0
0
0
0
0
0
0
0
0
0
0
0
0
0
0
0
0
0
0
0
0
0
0
0
0
0
0
0
0
0
0
0
0
0
0
0
0
0
0
0
0
0
0
0
0
0
0
0
0
0
0
0
0
0
0
0
0
0
0
0
0
0
0
0
0
0
0
0
0
0
0
0
0
0
0
0
0
0
0
0
0
0
0
0
0
0
0
0
0
0
0
0
0
0
0
0
0
0
0
0
0
0
0
0
0
0
0
0
0
0
0
0
0
0
0
0
0
0
0
0
0
0
0
0
0
0
0
0
0
0
0
0
0
0
0
0
0
0
0
0
0
0
0
0
0
0
0
0
0
0
0
0
0
0
0
0
0
0
0
0
0
0
0
0
0
0
0
0
0
0
0
0
0
0
0
0
0
0
0
0
0
0
0
0
0
0
0
0
0
0
0
0
0
0
0
0
0
0
0
0
0
0
0
0
0
0
0
0
0
0
0
0
0
0
0
0
0
0
0
0
0
0
0
0
0
0
0
0
0
0
0
0
0
0
0
0
0
0
0
0
0
0
0
0
0
0
0
0
0
0
0
0
0
0
0
0
0
0
0
0
0
0
0
0
0
0
0
0
0
0
0
0
0
0
0
0
0
0
0
0
0
0
0
0
0
0
0
0
0
0
0
0
0
0
0
0
0
0
0
0
0
0
0
0
0
0
0
0
0
0
0
0
0
0
0
0
0
0
0
0
0
0
0
0
0
0
0
0
0
0
0
0
0
0
0
0
0
0
0
0
0
0
0
0
0
0
0
0
0
0
0
0
0
0
0
0
0
0
0
0
0
0
0
0
0
0
0
0
0
0
0
0
0
0
0
0
0
0
0
0
0
0
0
0
0
0
0
0
0
0
0
0
0
0
0
0
0
0
0
0
0
0
0
0
0
0
0
0
0
0
0
0
0
0
0
0
0
0
0
0
0
0
0
0
0
0
0
0
0
0
0
0
0
0
0
0
0
0
0
0
0
0
0
0
0
0
0
0
0
0
0
0
0
0
0
0
0
0
0
0
0
0
0
0
0
0
0
0
0
0
0
0
0
0
0
0
0
0
0
0
0
0
0
0
0
0
0
0
0
0
0
0
0
0
0
0
0
0
0
0
0
0
0
0
0
0
0
0
0
0
0
0
0
0
0
0
0
0
0
0
0
0
0
0
0
0
0
0
0
0
0
0
0
0
0
0
0
0
0
0
0
0
0
0
0
0
0
0
0
0
0
0
0
0
0
0
0
0
0
0
0
0
0
0
0
0
0
0
0
0
0
0
0
0
0
0
0
0
0
0
0
0
0
0
0
0
0
0
0
0
0
0
0
0
0
0
0
0
0
0
0
0
0
0
0
0
0
0
0
0
0
0
0
0
0
0
0
0
0
0
0
0
0
0
0
0
0
0
0
0
0
0
0
0
0
0
0
0
0
0
0
0
0
0
0
0
0
0
0
0
0
0
0
0
0
0
0
0
0
0
0
0
0
0
0
0
0
0
0
0
0
0
0
0
0
0
0
0
0
0
0
0
0
0
0
0
0
0
0
0
0
0
0
0
0
0
0
0
0
0
0
0
0
0
0
0
0
0
0
0
0
0
0
0
0
0
0
0
0
0
0
0
0
0
0
0
0
0
0
0
0
0
0
0
0
0
0
0
0
0
0
0
0
0
0
0
0
0
0
0
0
0
0
0
0
0
0
0
0
0
0
0
0
0
0
0
0
0
0
0
0
0
0
0
0
0
0
0
0
0
0
0
0
0
0
0
0
0
0
0
0
0
0
0
0
0
0
0
0
0
0
0
0
0
0
0
0
0
0
0
0
0
0
0
0
0
0
0
0
0
0
0
0
0
0
0
0
0
0
0
0
0
0
0
0
0
0
0
0
0
0
0
0
0
0
0
0
0
0
0
0
0
0
0
0
0
0
0
0
0
0
0
0
0
0
0
0
0
0
0
0
0
0
0
0
0
0
0
0
0
0
0
0
0
0
0
0
0
0
0
0
0
0
0
0
0
0
0
0
0
0
0
0
0
0
0
0
0
0
0
0
0
0
0
0
0
0
0
0
0
0
0
0
0
0
0
0
0
0
0
0
0
0
0
0
0
0
0
0
0
0
0
0
0
0
0
0
0
0
0
0
0
0
0
0
0
0
0
0
0
0
0
0
0
0
0
0
0
0
0
0
0
0
0
0
0
0
0
0
0
0
0
0
0
0
0
0
0
0
0
0
0
0
0
0
0
0
0
0
0
0
0
0
0
0
0
0
0
0
0
0
0
0
0
0
0
0
0
0
0
0
0
0
0
0
0
0
0
0
0
0
0
0
0
0
0
0
0
0
0
0
0
0
0
0
0
0
0
0
0
0
0
0
0
0
0
0
0
0
0
0
0
0
0
0
0
0
0
0
0
0
0
0
0
0
0
0
0
0
0
0
0
0
0
0
0
0
0
0
0
0
0
0
0
0
0
0
0
0
0
0
0
0
0
0
0
0
0
0
0
0
0
0
0
0
0
0
0
0
0
0
0
0
0
0
0
0
0
0
0
0
0
0
0
0
0
0
0
0
0
0
0
0
0
0
0
0
0
0
0
0
0
0
0
0
0
0
0
0
0
0
0
0
0
0
0
0
0
0
0
0
0
0
0
0
0
0
0
0
0
0
0
0
0
0
0
0
0
0
0
0
0
0
0
0
0
0
0
0
0
0
0
0
0
0
0
0
0
0
0
0
0
0
0
0
0
0
0
0
0
0
0
0
0
0
0
0
0
0
0
0
0
0
0
0
0
0
0
0
0
0
0
0
0
0
0
0
0
0
0
0
0
0
0
0
0
0
0
0
0
0
0
0
0
0
0
0
0
0
0
0
0
0
0
0
0
0
0
0
0
0
0
0
0
0
0
0
0
0
0
0
0
0
0
0
0
0
0
0
0
0
0
0
0
0
0
0
0
0
0
0
0
0
0
0
0
0
0
0
0
0
0
0
0
0
0
0
0
0
0
0
0
0
0
0
0
0
0
0
0
0
0
0
0
0
0
0
0
0
0
0
0
0
0
0
0
0
0
0
0
0
0
0
0
0
0
0
0
0
0
0
0
0
0
0
0
0
0
0
0
0
0
0
0
0
0
0
0
0
0
0
0
0
0
0
0
0
0
0
0
0
0
0
0
0
0
0
0
0
0
0
0
0
0
0
0
0
0
0
0
0
0
0
0
0
0
0
0
0
0
0
0
0
0
0
0
0
0
0
0
0
0
0
0
0
0
0
0
0
0
0
0
0
0
0
0
0
0
0
0
0
0
0
0
0
0
0
0
0
0
0
0
0
0
0
0
0
0
0
0
0
0
0
0
0
0
0
0
0
0
0
0
0
0
0
0
0
0
0
0
0
0
0
0
0
0
0
0
0
0
0
0
0
0
0
0
0
0
0
0
0
0
0
0
0
0
0
0
0
0
0
0
0
0
0
0
0
0
0
0
0
0
0
0
0
0
0
0
0
0
0
0
0
0
0
0
0
0
0
0
0
0
0
0
0
0
0
0
0
0
0
0
0
0
0
0
0
0
0
0
0
0
0
0
0
0
0
0
0
0
0
0
0
0
0
0
0
0
0
0
0
0
0
0
0
0
0
0
0
0
0
0
0
0
0
0
0
0
0
0
0
0
0
0
0
0
0
0
0
0
0
0
0
0
0
0
0
0
0
0
0
0
0
0
0
0
0
0
0
0
0
0
0
0
0
0
0
0
0
0
0
0
0
0
0
0
0
0
0
0
0
0
0
0
0
0
0
0
0
0
0
0
0
0
0
0
0
0
0
0
0
0
0
0
0
0
0
0
0
0
0
0
0
0
0
0
0
0
0
0
0
0
0
0
0
0
0
0
0
0
0
0
0
0
0
0
0
0
0
0
0
0
0
0
0
0
0
0
0
0
0
0
0
0
0
0
0
0
0
0
0
0
0
0
0
0
0
0
0
0
0
0
0
0
0
0
0
0
0
0
0
0
0
0
0
0
0
0
0
0
0
0
0
0
0
0
0
0
0
0
0
0
0
0
0
0
0
0
0
0
0
0
0
0
0
0
0
0
0
0
0
0
0
0
0
0
0
0
0
0
0
0
0
0
0
0
0
0
0
0
0
0
0
0
0
0
0
0
0
0
0
0
0
0
0
0
0
0
0
0
0
0
0
0
0
0
0
0
0
0
0
0
0
0
0
0
0
0
0
0
0
0
0
0
0
0
0
0
0
0
0
0
0
0
0
0
0
0
0
0
0
0
0
0
0
0
0
0
0
0
0
0
0
0
0
0
0
0
0
0
0
0
0
0
0
0
0
0
0
0
0
0
0
0
0
0
0
0
0
0
0
0
0
0
0
0
0
0
0
0
0
0
0
0
0
0
0
0
0
0
0
0
0
0
0
0
0
0
0
0
0
0
0
0
0
0
0
0
0
0
0
0
0
0
0
0
0
0
0
0
0
0
0
0
0
0
0
0
0
0
0
0
0
0
0
0
0
0
0
0
0
0
0
0
0
0
0
0
0
0
0
0
0
0
0
0
0
0
0
0
0
0
0
0
0
0
0
0
0
0
0
0
0
0
0
0
0
0
0
0
0
0
0
0
0
0
0
0
0
0
0
0
0
0
0
0
0
0
0
0
0
0
0
0
0
0
0
0
0
0
0
0
0
0
0
0
0
0
0
0
0
0
0
0
0
0
0
0
0
0
0
0
0
0
0
0
0
0
0
0
0
0
0
0
0
0
0
0
0
0
0
0
0
0
0
0
0
0
0
0
0
0
0
0
0
0
0
0
0
0
0
0
0
0
0
0
0
0
0
0
0
0
0
0
0
0
0
0
0
0
0
0
0
0
0
0
0
0
0
0
0
0
0
0
0
0
0
0
0
0
0
0
0
0
0
0
0
0
0
0
0
0
0
0
0
0
0
0
0
0
0
0
0
0
0
0
0
0
0
0
0
0
0
0
0
0
0
0
0
0
0
0
0
0
0
0
0
0
0
0
0
0
0
0
0
0
0
0
0
0
0
0
0
0
0
0
0
0
0
0
0
0
0
0
0
0
0
0
0
0
0
0
0
0
0
0
0
0
0
0
0
0
0
0
0
0
0
0
0
0
0
0
0
0
0
0
0
0
0
0
0
0
0
0
0
0
0
0
0
0
0
0
0
0
0
0
0
0
0
0
0
0
0
0
0
0
0
0
0
0
0
0
0
0
0
0
0
0
0
0
0
0
0
0
0
0
0
0
0
0
0
0
0
0
0
0
0
0
0
0
0
0
0
0
0
0
0
0
0
0
0
0
0
0
0
0
0
0
0
0
0
0
0
0
0
0
0
0
0
0
0
0
0
0
0
0
0
0
0
0
0
0
0
0
0
0
0
0
0
0
0
0
0
0
0
0
0
0
0
0
0
0
0
0
0
0
0
0
0
0
0
0
0
0
0
0
0
0
0
0
0
0
0
0
0
0
0
0
0
0
0
0
0
0
0
0
0
0
0
0
0
0
0
0
0
0
0
0
0
0
0
0
0
0
0
0
0
0
0
0
0
0
0
0
0
0
0
0
0
0
0
0
0
0
0
0
0
0
0
0
0
0
0
0
0
0
0
0
0
0
0
0
0
0
0
0
0
0
0
0
0
0
0
0
0
0
0
0
0
0
0
0
0
0
0
0
0
0
0
0
0
0
0
0
0
0
0
0
0
0
0
0
0
0
0
0
0
0
0
0
0
0
0
0
0
0
0
0
0
0
0
0
0
0
0
0
0
0
0
0
0
0
0
0
0
0
0
0
0
0
0
0
0
0
0
0
0
0
0
0
0
0
0
0
0
0
0
0
0
0
0
0
0
0
0
0
0
0
0
0
0
0
0
0
0
0
0
0
0
0
0
0
0
0
0
0
0
0
0
0
0
0
0
0
0
0
0
0
0
0
0
0
0
0
0
0
0
0
0
0
0
0
0
0
0
0
0
0
0
0
0
0
0
0
0
0
0
0
0
0
0
0
0
0
0
0
0
0
0
0
0
0
0
0
0
0
0
0
0
0
0
0
0
0
0
0
0
0
0
0
0
0
0
0
0
0
0
0
0
0
0
0
0
0
0
0
0
0
0
0
0
0
0
0
0
0
0
0
0
0
0
0
0
0
0
0
0
0
0
0
0
0
0
0
0
0
0
0
0
0
0
0
0
0
0
0
0
0
0
0
0
0
0
0
0
0
0
0
0
0
0
0
0
0
0
0
0
0
0
0
0
0
0
0
0
0
0
0
0
0
0
0
0
0
0
0
0
0
0
0
0
0
0
0
0
0
0
0
0
0
0
0
0
0
0
0
0
0
0
0
0
0
0
0
0
0
0
0
0
0
0
0
0
0
0
0
0
0
0
0
0
0
0
0
0
0
0
0
0
0
0
0
0
0
0
0
0
0
0
0
0
0
0
0
0
0
0
0
0
0
0
0
0
0
0
0
0
0
0
0
0
0
0
0
0
0
0
0
0
0
0
0
0
0
0
0
0
0
0
0
0
0
0
0
0
0
0
0
0
0
0
0
0
0
0
0
0
0
0
0
0
0
0
0
0
0
0
0
0
0
0
0
0
0
0
0
0
0
0
0
0
0
0
0
0
0
0
0
0
0
0
0
0
0
0
0
0
0
0
0
0
0
0
0
0
0
0
0
0
0
0
0
0
0
0
0
0
0
0
0
0
0
0
0
0
0
0
0
0
0
0
0
0
0
0
0
0
0
0
0
0
0
0
0
0
0
0
0
0
0
0
0
0
0
0
0
0
0
0
0
0
0
0
0
0
0
0
0
0
0
0
0
0
0
0
0
0
0
0
0
0
0
0
0
0
0
0
0
0
0
0
0
0
0
0
0
0
0
0
0
0
0
0
0
0
0
0
0
0
0
0
0
0
0
0
0
0
0
0
0
0
0
0
0
0
0
0
0
0
0
0
0
0
0
0
0
0
0
0
0
0
0
0
0
0
0
0
0
0
0
0
0
0
0
0
0
0
0
0
0
0
0
0
0
0
0
0
0
0
0
0
0
0
0
0
0
0
0
0
0
0
0
0
0
0
0
0
0
0
0
0
0
0
0
0
0
0
0
0
0
0
0
0
0
0
0
0
0
0
0
0
0
0
0
0
0
0
0
0
0
0
0
0
0
0
0
0
0
0
0
0
0
0
0
0
0
0
0
0
0
0
0
0
0
0
0
0
0
0
0
0
0
0
0
0
0
0
0
0
0
0
0
0
0
0
0
0
0
0
0
0
0
0
0
0
0
0
0
0
0
0
0
0
0
0
0
0
0
0
0
0
0
0
0
0
0
0
0
0
0
0
0
0
0
0
0
0
0
0
0
0
0
0
0
0
0
0
0
0
0
0
0
0
0
0
0
0
0
0
0
0
0
0
0
0
0
0
0
0
0
0
0
0
0
0
0
0
0
0
0
0
0
0
0
0
0
0
0
0
0
0
0
0
0
0
0
0
0
0
0
0
0
0
0
0
0
0
0
0
0
0
0
0
0
0
0
0
0
0
0
0
0
0
0
0
0
0
0
0
0
0
0
0
0
0
0
0
0
0
0
0
0
0
0
0
0
0
0
0
0
0
0
0
0
0
0
0
0
0
0
0
0
0
0
0
0
0
0
0
0
0
0
0
0
0
0
0
0
0
0
0
0
0
0
0
0
0
0
0
0
0
0
0
0
0
0
0
0
0
0
0
0
0
0
0
0
0
0
0
0
0
0
0
0
0
0
0
0
0
0
0
0
0
0
0
0
0
0
0
0
0
0
0
0
0
0
0
0
0
0
0
0
0
0
0
0
0
0
0
0
0
0
0
0
0
0
0
0
0
0
0
0
0
0
0
0
0
0
0
0
0
0
0
0
0
0
0
0
0
0
0
0
0
0
0
0
0
0
0
0
0
0
0
0
0
0
0
0
0
0
0
0
0
0
0
0
0
0
0
0
0
0
0
0
0
0
0
0
0
0
0
0
0
0
0
0
0
0
0
0
0
0
0
0
0
0
0
0
0
0
0
0
0
0
0
0
0
0
0
0
0
0
0
0
0
0
0
0
0
0
0
0
0
0
0
0
0
0
0
0
0
0
0
0
0
0
0
0
0
0
0
0
0
0
0
0
0
0
0
0
0
0
0
0
0
0
0
0
0
0
0
0
0
0
0
0
0
0
0
0
0
0
0
0
0
0
0
0
0
0
0
0
0
0
0
0
0
0
0
0
0
0
0
0
0
0
0
0
0
0
0
0
0
0
0
0
0
0
0
0
0
0
0
0
0
0
0
0
0
0
0
0
0
0
0
0
0
0
0
0
0
0
0
0
0
0
0
0
0
0
0
0
0
0
0
0
0
0
0
0
0
0
0
0
0
0
0
0
0
0
0
0
0
0
0
0
0
0
0
0
0
0
0
0
0
0
0
0
0
0
0
0
0
0
0
0
0
0
0
0
0
0
0
0
0
0
0
0
0
0
0
0
0
0
0
0
0
0
0
0
0
0
0
0
0
0
0
0
0
0
0
0
0
0
0
0
0
0
0
0
0
0
0
0
0
0
0
0
0
0
0
0
0
0
0
0
0
0
0
0
0
0
0
0
0
0
0
0
0
0
0
0
0
0
0
0
0
0
0
0
0
0
0
0
0
0
0
0
0
0
0
0
0
0
0
0
0
0
0
0
0
0
0
0
0
0
0
0
0
0
0
0
0
0
0
0
0
0
0
0
0
0
0
0
0
0
0
0
0
0
0
0
0
0
0
0
0
0
0
0
0
0
0
0
0
0
0
0
0
0
0
0
0
0
0
0
0
0
0
0
0
0
0
0
0
0
0
0
0
0
0
0
0
0
0
0
0
0
0
0
0
0
0
0
0
0
0
0
0
0
0
0
0
0
0
0
0
0
0
0
0
0
0
0
0
0
0
0
0
0
0
0
0
0
0
0
0
0
0
0
0
0
0
0
0
0
0
0
0
0
0
0
0
0
0
0
0
0
0
0
0
0
0
0
0
0
0
0
0
0
0
0
0
0
0
0
0
0
0
0
0
0
0
0
0
0
0
0
0
0
0
0
0
0
0
0
0
0
0
0
0
0
0
0
0
0
0
0
0
0
0
0
0
0
0
0
0
0
0
0
0
0
0
0
0
0
0
0
0
0
0
0
0
0
0
0
0
0
0
0
0
0
0
0
0
0
0
0
0
0
0
0
0
0
0
0
0
0
0
0
0
0
0
0
0
0
0
0
0
0
0
0
0
0
0
0
0
0
0
0
0
0
0
0
0
0
0
0
0
0
0
0
0
0
0
0
0
0
0
0
0
0
0
0
0
0
0
0
0
0
0
0
0
0
0
0
0
0
0
0
0
0
0
0
0
0
0
0
0
0
0
0
0
0
0
0
0
0
0
0
0
0
0
0
0
0
0
0
0
0
0
0
0
0
0
0
0
0
0
0
0
0
0
0
0
0
0
0
0
0
0
0
0
0
0
0
0
0
0
0
0
0
0
0
0
0
0
0
0
0
0
0
0
0
0
0
0
0
0
0
0
0
0
0
0
0
0
0
0
0
0
0
0
0
0
0
0
0
0
0
0
0
0
0
0
0
0
0
0
0
0
0
0
0
0
0
0
0
0
0
0
0
0
0
0
0
0
0
0
0
0
0
0
0
0
0
0
0
0
0
0
0
0
0
0
0
0
0
0
0
0
0
0
0
0
0
0
0
0
0
0
0
0
0
0
0
0
0
0
0
0
0
0
0
0
0
0
0
0
0
0
0
0
0
0
0
0
0
0
0
0
0
0
0
0
0
0
0
0
0
0
0
0
0
0
0
0
0
0
0
0
0
0
0
0
0
0
0
0
0
0
0
0
0
0
0
0
0
0
0
0
0
0
0
0
0
0
0
0
0
0
0
0
0
0
0
0
0
0
0
0
0
0
0
0
0
0
0
0
0
0
0
0
0
0
0
0
0
0
0
0
0
0
0
0
0
0
0
0
0
0
0
0
0
0
0
0
0
0
0
0
0
0
0
0
0
0
0
0
0
0
0
0
0
0
0
0
0
0
0
0
0
0
0
0
0
0
0
0
0
0
0
0
0
0
0
0
0
0
0
0
0
0
0
0
0
0
0
0
0
0
0
0
0
0
0
0
0
0
0
0
0
0
0
0
0
0
0
0
0
0
0
0
0
0
0
0
0
0
0
0
0
0
0
0
0
0
0
0
0
0
0
0
0
0
0
0
0
0
0
0
0
0
0
0
0
0
0
0
0
0
0
0
0
0
0
0
0
0
0
0
0
0
0
0
0
0
0
0
0
0
0
0
0
0
0
0
0
0
0
0
0
0
0
0
0
0
0
0
0
0
0
0
0
0
0
0
0
0
0
0
0
0
0
0
0
0
0
0
0
0
0
0
0
0
0
0
0
0
0
0
0
0
0
0
0
0
0
0
0
0
0
0
0
0
0
0
0
0
0
0
0
0
0
0
0
0
0
0
0
0
0
0
0
0
0
0
0
0
0
0
0
0
0
0
0
0
0
0
0
0
0
0
0
0
0
0
0
0
0
0
0
0
0
0
0
0
0
0
0
0
0
0
0
0
0
0
0
0
0
0
0
0
0
0
0
0
0
0
0
0
0
0
0
0
0
0
0
0
0
0
0
0
0
0
0
0
0
0
0
0
0
0
0
0
0
0
0
0
0
0
0
0
0
0
0
0
0
0
0
0
0
0
0
0
0
0
0
0
0
0
0
0
0
0
0
0
0
0
0
0
0
0
0
0
0
0
0
0
0
0
0
0
0
0
0
0
0
0
0
0
0
0
0
0
0
0
0
0
0
0
0
0
0
0
0
0
0
0
0
0
0
0
0
0
0
0
0
0
0
0
0
0
0
0
0
0
0
0
0
0
0
0
0
0
0
0
0
0
0
0
0
0
0
0
0
0
0
0
0
0
0
0
0
0
0
0
0
0
0
0
0
0
0
0
0
0
0
0
0
0
0
0
0
0
0
0
0
0
0
0
0
0
0
0
0
0
0
0
0
0
0
0
0
0
0
0
0
0
0
0
0
0
0
0
0
0
0
0
0
0
0
0
0
0
0
0
0
0
0
0
0
0
0
0
0
0
0
0
0
0
0
0
0
0
0
0
0
0
0
0
0
0
0
0
0
0
0
0
0
0
0
0
0
0
0
0
0
0
0
0
0
0
0
0
0
0
0
0
0
0
0
0
0
0
0
0
0
0
0
0
0
0
0
0
0
0
0
0
0
0
0
0
0
0
0
0
0
0
0
0
0
0
0
0
0
0
0
0
0
0
0
0
0
0
0
0
0
0
0
0
0
0
0
0
0
0
0
0
0
0
0
0
0
0
0
0
0
0
0
0
0
0
0
0
0
0
0
0
0
0
0
0
0
0
0
0
0
0
0
0
0
0
0
0
0
0
0
0
0
0
0
0
0
0
0
0
0
0
0
0
0
0
0
0
0
0
0
0
0
0
0
0
0
0
0
0
0
0
0
0
0
0
0
0
0
0
0
0
0
0
0
0
0
0
0
0
0
0
0
0
0
0
0
0
0
0
0
0
0
0
0
0
0
0
0
0
0
0
0
0
0
0
0
0
0
0
0
0
0
0
0
0
0
0
0
0
0
0
0
0
0
0
0
0
0
0
0
0
0
0
0
0
0
0
0
0
0
0
0
0
0
0
0
0
0
0
0
0
0
0
0
0
0
0
0
0
0
0
0
0
0
0
0
0
0
0
0
0
0
0
0
0
0
0
0
0
0
0
0
0
0
0
0
0
0
0
0
0
0
0
0
0
0
0
0
0
0
0
0
0
0
0
0
0
0
0
0
0
0
0
0
0
0
0
0
0
0
0
0
0
0
0
0
0
0
0
0
0
0
0
0
0
0
0
0
0
0
0
0
0
0
0
0
0
0
0
0
0
0
0
0
0
0
0
0
0
0
0
0
0
0
0
0
0
0
0
0
0
0
0
0
0
0
0
0
0
0
0
0
0
0
0
0
0
0
0
0
0
0
0
0
0
0
0
0
0
0
0
0
0
0
0
0
0
0
0
0
0
0
0
0
0
0
0
0
0
0
0
0
0
0
0
0
0
0
0
0
0
0
0
0
0
0
0
0
0
0
0
0
0
0
0
0
0
0
0
0
0
0
0
0
0
0
0
0
0
0
0
0
0
0
0
0
0
0
0
0
0
0
0
0
0
0
0
0
0
0
0
0
0
0
0
0
0
0
0
0
0
0
0
0
0
0
0
0
0
0
0
0
0
0
0
0
0
0
0
0
0
0
0
0
0
0
0
0
0
0
0
0
0
0
0
0
0
0
0
0
0
0
0
0
0
0
0
0
0
0
0
0
0
0
0
0
0
0
0
0
0
0
0
0
0
0
0
0
0
0
0
0
0
0
0
0
0
0
0
0
0
0
0
0
0
0
0
0
0
0
0
0
0
0
0
0
0
0
0
0
0
0
0
0
0
0
0
0
0
0
0
0
0
0
0
0
0
0
0
0
0
0
0
0
0
0
0
0
0
0
0
0
0
0
0
0
0
0
0
0
0
0
0
0
0
0
0
0
0
0
0
0
0
0
0
0
0
0
0
0
0
0
0
0
0
0
0
0
0
0
0
0
0
0
0
0
0
0
0
0
0
0
0
0
0
0
0
0
0
0
0
0
0
0
0
0
0
0
0
0
0
0
0
0
0
0
0
0
0
0
0
0
0
0
0
0
0
0
0
0
0
0
0
0
0
0
0
0
0
0
0
0
0
0
0
0
0
0
0
0
0
0
0
0
0
0
0
0
0
0
0
0
0
0
0
0
0
0
0
0
0
0
0
0
0
0
0
0
0
0
0
0
0
0
0
0
0
0
0
0
0
0
0
0
0
0
0
0
0
0
0
0
0
0
0
0
0
0
0
0
0
0
0
0
0
0
0
0
0
0
0
0
0
0
0
0
0
0
0
0
0
0
0
0
0
0
0
0
0
0
0
0
0
0
0
0
0
0
0
0
0
0
0
0
0
0
0
0
0
0
0
0
0
0
0
0
0
0
0
0
0
0
0
0
0
0
0
0
0
0
0
0
0
0
0
0
0
0
0
0
0
0
0
0
0
0
0
0
0
0
0
0
0
0
0
0
0
0
0
0
0
0
0
0
0
0
0
0
0
0
0
0
0
0
0
0
0
0
0
0
0
0
0
0
0
0
0
0
0
0
0
0
0
0
0
0
0
0
0
0
0
0
0
0
0
0
0
0
0
0
0
0
0
0
0
0
0
0
0
0
0
0
0
0
0
0
0
0
0
0
0
0
0
0
0
0
0
0
0
0
0
0
0
0
0
0
0
0
0
0
0
0
0
0
0
0
0
0
0
0
0
0
0
0
0
0
0
0
0
0
0
0
0
0
0
0
0
0
0
0
0
0
0
0
0
0
0
0
0
0
0
0
0
0
0
0
0
0
0
0
0
0
0
0
0
0
0
0
0
0
0
0
0
0
0
0
0
0
0
0
0
0
0
0
0
0
0
0
0
0
0
0
0
0
0
0
0
0
0
0
0
0
0
0
0
0
0
0
0
0
0
0
0
0
0
0
0
0
0
0
0
0
0
0
0
0
0
0
0
0
0
0
0
0
0
0
0
0
0
0
0
0
0
0
0
0
0
0
0
0
0
0
0
0
0
0
0
0
0
0
0
0
0
0
0
0
0
0
0
0
0
0
0
0
0
0
0
0
0
0
0
0
0
0
0
0
0
0
0
0
0
0
0
0
0
0
0
0
0
0
0
0
0
0
0
0
0
0
0
0
0
0
0
0
0
0
0
0
0
0
0
0
0
0
0
0
0
0
0
0
0
0
0
0
0
0
0
0
0
0
0
0
0
0
0
0
0
0
0
0
0
0
0
0
0
0
0
0
0
0
0
0
0
0
0
0
0
0
0
0
0
0
0
0
0
0
0
0
0
0
0
0
0
0
0
0
0
0
0
0
0
0
0
0
0
0
0
0
0
0
0
0
0
0
0
0
0
0
0
0
0
0
0
0
0
0
0
0
0
0
0
0
0
0
0
0
0
0
0
0
0
0
0
0
0
0
0
0
0
0
0
0
0
0
0
0
0
0
0
0
0
0
0
0
0
0
0
0
0
0
0
0
0
0
0
0
0
0
0
0
0
0
0
0
0
0
0
0
0
0
0
0
0
0
0
0
0
0
0
0
0
0
0
0
0
0
0
0
0
0
0
0
0
0
0
0
0
0
0
0
0
0
0
0
0
0
0
0
0
0
0
0
0
0
0
0
0
0
0
0
0
0
0
0
0
0
0
0
0
0
0
0
0
0
0
0
0
0
0
0
0
0
0
0
0
0
0
0
0
0
0
0
0
0
0
0
0
0
0
0
0
0
0
0
0
0
0
0
0
0
0
0
0
0
0
0
0
0
0
0
0
0
0
0
0
0
0
0
0
0
0
0
0
0
0
0
0
0
0
0
0
0
0
0
0
0
0
0
0
0
0
0
0
0
0
0
0
0
0
0
0
0
0
0
0
0
0
0
0
0
0
0
0
0
0
0
0
0
0
0
0
0
0
0
0
0
0
0
0
0
0
0
0
0
0
0
0
0
0
0
0
0
0
0
0
0
0
0
0
0
0
0
0
0
0
0
0
0
0
0
0
0
0
0
0
0
0
0
0
0
0
0
0
0
0
0
0
0
0
0
0
0
0
0
0
0
0
0
0
0
0
0
0
0
0
0
0
0
0
0
0
0
0
0
0
0
0
0
0
0
0
0
0
0
0
0
0
0
0
0
0
0
0
0
0
0
0
0
0
0
0
0
0
0
0
0
0
0
0
0
0
0
0
0
0
0
0
0
0
0
0
0
0
0
0
0
0
0
0
0
0
0
0
0
0
0
0
0
0
0
0
0
0
0
0
0
0
0
0
0
0
0
0
0
0
0
0
0
0
0
0
0
0
0
0
0
0
0
0
0
0
0
0
0
0
0
0
0
0
0
0
0
0
0
0
0
0
0
0
0
0
0
0
0
0
0
0
0
0
0
0
0
0
0
0
0
0
0
0
0
0
0
0
0
0
0
0
0
0
0
0
0
0
0
0
0
0
0
0
0
0
0
0
0
0
0
0
0
0
0
0
0
0
0
0
0
0
0
0
0
0
0
0
0
0
0
0
0
0
0
0
0
0
0
0
0
0
0
0
0
0
0
0
0
0
0
0
0
0
0
0
0
0
0
0
0
0
0
0
0
0
0
0
0
0
0
0
0
0
0
0
0
0
0
0
0
0
0
0
0
0
0
0
0
0
0
0
0
0
0
0
0
0
0
0
0
0
0
0
0
0
0
0
0
0
0
0
0
0
0
0
0
0
0
0
0
0
0
0
0
0
0
0
0
0
0
0
0
0
0
0
0
0
0
0
0
0
0
0
0
0
0
0
0
0
0
0
0
0
0
0
0
0
0
0
0
0
0
0
0
0
0
0
0
0
0
0
0
0
0
0
0
0
0
0
0
0
0
0
0
0
0
0
0
0
0
0
0
0
0
0
0
0
0
0
0
0
0
0
0
0
0
0
0
0
0
0
0
0
0
0
0
0
0
0
0
0
0
0
0
0
0
0
0
0
0
0
0
0
0
0
0
0
0
0
0
0
0
0
0
0
0
0
0
0
0
0
0
0
0
0
0
0
0
0
0
0
0
0
0
0
0
0
0
0
0
0
0
0
0
0
0
0
0
0
0
0
0
0
0
0
0
0
0
0
0
0
0
0
0
0
0
0
0
0
0
0
0
0
0
0
0
0
0
0
0
0
0
0
0
0
0
0
0
0
0
0
0
0
0
0
0
0
0
0
0
0
0
0
0
0
0
0
0
0
0
0
0
0
0
0
0
0
0
0
0
0
0
0
0
0
0
0
0
0
0
0
0
0
0
0
0
0
0
0
0
0
0
0
0
0
0
0
0
0
0
0
0
0
0
0
0
0
0
0
0
0
0
0
0
0
0
0
0
0
0
0
0
0
0
0
0
0
0
0
0
0
0
0
0
0
0
0
0
0
0
0
0
0
0
0
0
0
0
0
0
0
0
0
0
0
0
0
0
0
0
0
0
0
0
0
0
0
0
0
0
0
0
0
0
0
0
0
0
0
0
0
0
0
0
0
0
0
0
0
0
0
0
0
0
0
0
0
0
0
0
0
0
0
0
0
0
0
0
0
0
0
0
0
0
0
0
0
0
0
0
0
0
0
0
0
0
0
0
0
0
0
0
0
0
0
0
0
0
0
0
0
0
0
0
0
0
0
0
0
0
0
0
0
0
0
0
0
0
0
0
0
0
0
0
0
0
0
0
0
0
0
0
0
0
0
0
0
0
0
0
0
0
0
0
0
0
0
0
0
0
0
0
0
0
0
0
0
0
0
0
0
0
0
0
0
0
0
0
0
0
0
0
0
0
0
0
0
0
0
0
0
0
0
0
0
0
0
0
0
0
0
0
0
0
0
0
0
0
0
0
0
0
0
0
0
0
0
0
0
0
0
0
0
0
0
0
0
0
0
0
0
0
0
0
0
0
0
0
0
0
0
0
0
0
0
0
0
0
0
0
0
0
0
0
0
0
0
0
0
0
0
0
0
0
0
0
0
0
0
0
0
0
0
0
0
0
0
0
0
0
0
0
0
0
0
0
0
0
0
0
0
0
0
0
0
0
0
0
0
0
0
0
0
0
0
0
0
0
0
0
0
0
0
0
0
0
0
0
0
0
0
0
0
0
0
0
0
0
0
0
0
0
0
0
0
0
0
0
0
0
0
0
0
0
0
0
0
0
0
0
0
0
0
0
0
0
0
0
0
0
0
0
0
0
0
0
0
0
0
0
0
0
0
0
0
0
0
0
0
0
0
0
0
0
0
0
0
0
0
0
0
0
0
0
0
0
0
0
0
0
0
0
0
0
0
0
0
0
0
0
0
0
0
0
0
0
0
0
0
0
0
0
0
0
0
0
0
0
0
0
0
0
0
0
0
0
0
0
0
0
0
0
0
0
0
0
0
0
0
0
0
0
0
0
0
0
0
0
0
0
0
0
0
0
0
0
0
0
0
0
0
0
0
0
0
0
0
0
0
0
0
0
0
0
0
0
0
0
0
0
0
0
0
0
0
0
0
0
0
0
0
0
0
0
0
0
0
0
0
0
0
0
0
0
0
0
0
0
0
0
0
0
0
0
0
0
0
0
0
0
0
0
0
0
0
0
0
0
0
0
0
0
0
0
0
0
0
0
0
0
0
0
0
0
0
0
0
0
0
0
0
0
0
0
0
0
0
0
0
0
0
0
0
0
0
0
0
0
0
0
0
0
0
0
0
0
0
0
0
0
0
0
0
0
0
0
0
0
0
0
0
0
0
0
0
0
0
0
0
0
0
0
0
0
0
0
0
0
0
0
0
0
0
0
0
0
0
0
0
0
0
0
0
0
0
0
0
0
0
0
0
0
0
0
0
0
0
0
0
0
0
0
0
0
0
0
0
0
0
0
0
0
0
0
0
0
0
0
0
0
0
0
0
0
0
0
0
0
0
0
0
0
0
0
0
0
0
0
0
0
0
0
0
0
0
0
0
0
0
0
0
0
0
0
0
0
0
0
0
0
0
0
0
0
0
0
0
0
0
0
0
0
0
0
0
0
0
0
0
0
0
0
0
0
0
0
0
0
0
0
0
0
0
0
0
0
0
0
0
0
0
0
0
0
0
0
0
0
0
0
0
0
0
0
0
0
0
0
0
0
0
0
0
0
0
0
0
0
0
0
0
0
0
0
0
0
0
0
0
0
0
0
0
0
0
0
0
0
0
0
0
0
0
0
0
0
0
0
0
0
0
0
0
0
0
0
0
0
0
0
0
0
0
0
0
0
0
0
0
0
0
0
0
0
0
0
0
0
0
0
0
0
0
0
0
0
0
0
0
0
0
0
0
0
0
0
0
0
0
0
0
0
0
0
0
0
0
0
0
0
0
0
0
0
0
0
0
0
0
0
0
0
0
0
0
0
0
0
0
0
0
0
0
0
0
0
0
0
0
0
0
0
0
0
0
0
0
0
0
0
0
0
0
0
0
0
0
0
0
0
0
0
0
0
0
0
0
0
0
0
0
0
0
0
0
0
0
0
0
0
0
0
0
0
0
0
0
0
0
0
0
0
0
0
0
0
0
0
0
0
0
0
0
0
0
0
0
0
0
0
0
0
0
0
0
0
0
0
0
0
0
0
0
0
0
0
0
0
0
0
0
0
0
0
0
0
0
0
0
0
0
0
0
0
0
0
0
0
0
0
0
0
0
0
0
0
0
0
0
0
0
0
0
0
0
0
0
0
0
0
0
0
0
0
0
0
0
0
0
0
0
0
0
0
0
0
0
0
0
0
0
0
0
0
0
0
0
0
0
0
0
0
0
0
0
0
0
0
0
0
0
0
0
0
0
0
0
0
0
0
0
0
0
0
0
0
0
0
0
0
0
0
0
0
0
0
0
0
0
0
0
0
0
0
0
0
0
0
0
0
0
0
0
0
0
0
0
0
0
0
0
0
0
0
0
0
0
0
0
0
0
0
0
0
0
0
0
0
0
0
0
0
0
0
0
0
0
0
0
0
0
0
0
0
0
0
0
0
0
0
0
0
0
0
0
0
0
0
0
0
0
0
0
0
0
0
0
0
0
0
0
0
0
0
0
0
0
0
0
0
0
0
0
0
0
0
0
0
0
0
0
0
0
0
0
0
0
0
0
0
0
0
0
0
0
0
0
0
0
0
0
0
0
0
0
0
0
0
0
0
0
0
0
0
0
0
0
0
0
0
0
0
0
0
0
0
0
0
0
0
0
0
0
0
0
0
0
0
0
0
0
0
0
0
0
0
0
0
0
0
0
0
0
0
0
0
0
0
0
0
0
0
0
0
0
0
0
0
0
0
0
0
0
0
0
0
0
0
0
0
0
0
0
0
0
0
0
0
0
0
0
0
0
0
0
0
0
0
0
0
0
0
0
0
0
0
0
0
0
0
0
0
0
0
0
0
0
0
0
0
0
0
0
0
0
0
0
0
0
0
0
0
0
0
0
0
0
0
0
0
0
0
0
0
0
0
0
0
0
0
0
0
0
0
0
0
0
0
0
0
0
0
0
0
0
0
0
0
0
0
0
0
0
0
0
0
0
0
0
0
0
0
0
0
0
0
0
0
0
0
0
0
0
0
0
0
0
0
0
0
0
0
0
0
0
0
0
0
0
0
0
0
0
0
0
0
0
0
0
0
0
0
0
0
0
0
0
0
0
0
0
0
0
0
0
0
0
0
0
0
0
0
0
0
0
0
0
0
0
0
0
0
0
0
0
0
0
0
0
0
0
0
0
0
0
0
0
0
0
0
0
0
0
0
0
0
0
0
0
0
0
0
0
0
0
0
0
0
0
0
0
0
0
0
0
0
0
0
0
0
0
0
0
0
0
0
0
0
0
0
0
0
0
0
0
0
0
0
0
0
0
0
0
0
0
0
0
0
0
0
0
0
0
0
0
0
0
0
0
0
0
0
0
0
0
0
0
0
0
0
0
0
0
0
0
0
0
0
0
0
0
0
0
0
0
0
0
0
0
0
0
0
0
0
0
0
0
0
0
0
0
0
0
0
0
0
0
0
0
0
0
0
0
0
0
0
0
0
0
0
0
0
0
0
0
0
0
0
0
0
0
0
0
0
0
0
0
0
0
0
0
0
0
0
0
0
0
0
0
0
0
0
0
0
0
0
0
0
0
0
0
0
0
0
0
0
0
0
0
0
0
0
0
0
0
0
0
0
0
0
0
0
0
0
0
0
0
0
0
0
0
0
0
0
0
0
0
0
0
0
0
0
0
0
0
0
0
0
0
0
0
0
0
0
0
0
0
0
0
0
0
0
0
0
0
0
0
0
0
0
0
0
0
0
0
0
0
0
0
0
0
0
0
0
0
0
0
0
0
0
0
0
0
0
0
0
0
0
0
0
0
0
0
0
0
0
0
0
0
0
0
0
0
0
0
0
0
0
0
0
0
0
0
0
0
0
0
0
0
0
0
0
0
0
0
0
0
0
0
0
0
0
0
0
0
0
0
0
0
0
0
0
0
0
0
0
0
0
0
0
0
0
0
0
0
0
0
0
0
0
0
0
0
0
0
0
0
0
0
0
0
0
0
0
0
0
0
0
0
0
0
0
0
0
0
0
0
0
0
0
0
0
0
0
0
0
0
0
0
0
0
0
0
0
0
0
0
0
0
0
0
0
0
0
0
0
0
0
0
0
0
0
0
0
0
0
0
0
0
0
0
0
0
0
0
0
0
0
0
0
0
0
0
0
0
0
0
0
0
0
0
0
0
0
0
0
0
0
0
0
0
0
0
0
0
0
0
0
0
0
0
0
0
0
0
0
0
0
0
0
0
0
0
0
0
0
0
0
0
0
0
0
0
0
0
0
0
0
0
0
0
0
0
0
0
0
0
0
0
0
0
0
0
0
0
0
0
0
0
0
0
0
0
0
0
0
0
0
0
0
0
0
0
0
0
0
0
0
0
0
0
0
0
0
0
0
0
0
0
0
0
0
0
0
0
0
0
0
0
0
0
0
0
0
0
0
0
0
0
0
0
0
0
0
0
0
0
0
0
0
0
0
0
0
0
0
0
0
0
0
0
0
0
0
0
0
0
0
0
0
0
0
0
0
0
0
0
0
0
0
0
0
0
0
0
0
0
0
0
0
0
0
0
0
0
0
0
0
0
0
0
0
0
0
0
0
0
0
0
0
0
0
0
0
0
0
0
0
0
0
0
0
0
0
0
0
0
0
0
0
0
0
0
0
0
0
0
0
0
0
0
0
0
0
0
0
0
0
0
0
0
0
0
0
0
0
0
0
0
0
0
0
0
0
0
0
0
0
0
0
0
0
0
0
0
0
0
0
0
0
0
0
0
0
0
0
0
0
0
0
0
0
0
0
0
0
0
0
0
0
0
0
0
0
0
0
0
0
0
0
0
0
0
0
0
0
0
0
0
0
0
0
0
0
0
0
0
0
0
0
0
0
0
0
0
0
0
0
0
0
0
0
0
0
0
0
0
0
0
0
0
0
0
0
0
0
0
0
0
0
0
0
0
0
0
0
0
0
0
0
0
0
0
0
0
0
0
0
0
0
0
0
0
0
0
0
0
0
0
0
0
0
0
0
0
0
0
0
0
0
0
0
0
0
0
0
0
0
0
0
0
0
0
0
0
0
0
0
0
0
0
0
0
0
0
0
0
0
0
0
0
0
0
0
0
0
0
0
0
0
0
0
0
0
0
0
0
0
0
0
0
0
0
0
0
0
0
0
0
0
0
0
0
0
0
0
0
0
0
0
0
0
0
0
0
0
0
0
0
0
0
0
0
0
0
0
0
0
0
0
0
0
0
0
0
0
0
0
0
0
0
0
0
0
0
0
0
0
0
0
0
0
0
0
0
0
0
0
0
0
0
0
0
0
0
0
0
0
0
0
0
0
0
0
0
0
0
0
0
0
0
0
0
0
0
0
0
0
0
0
0
0
0
0
0
0
0
0
0
0
0
0
0
0
0
0
0
0
0
0
0
0
0
0
0
0
0
0
0
0
0
0
0
0
0
0
0
0
0
0
0
0
0
0
0
0
0
0
0
0
0
0
0
0
0
0
0
0
0
0
0
0
0
0
0
0
0
0
0
0
0
0
0
0
0
0
0
0
0
0
0
0
0
0
0
0
0
0
0
0
0
0
0
0
0
0
0
0
0
0
0
0
0
0
0
0
0
0
0
0
0
0
0
0
0
0
0
0
0
0
0
0
0
0
0
0
0
0
0
0
0
0
0
0
0
0
0
0
0
0
0
0
0
0
0
0
0
0
0
0
0
0
0
0
0
0
0
0
0
0
0
0
0
0
0
0
0
0
0
0
0
0
0
0
0
0
0
0
0
0
0
0
0
0
0
0
0
0
0
0
0
0
0
0
0
0
0
0
0
0
0
0
0
0
0
0
0
0
0
0
0
0
0
0
0
0
0
0
0
0
0
0
0
0
0
0
0
0
0
0
0
0
0
0
0
0
0
0
0
0
0
0
0
0
0
0
0
0
0
0
0
0
0
0
0
0
0
0
0
0
0
0
0
0
0
0
0
0
0
0
0
0
0
0
0
0
0
0
0
0
0
0
0
0
0
0
0
0
0
0
0
0
0
0
0
0
0
0
0
0
0
0
0
0
0
0
0
0
0
0
0
0
0
0
0
0
0
0
0
0
0
0
0
0
0
0
