-34
1149
-4198
172
-3553
-3463
-3904
-123
2263
-3535
1053
-2995
-3027
-3118
-29
2445
-328
356
-2645
-3058
-2133
-3876
-13894
-160
336
-2306
-3634
-3397
-3656
-19175
121
243
-70
771
-2720
2841
-3255
-2580
-2537
-168
1358
-3284
3346
-2858
-3995
-4626
-127
1056
-197
-249
-3853
-2146
-1633
-2466
-16789
-249
-1113
-3820
-3159
-3933
-3359
-13848
-46
-467
-243
-2
-2878
4900
-2221
-2074
-2301
-289
509
-3578
5848
-1706
-3656
-4376
9
636
-80
-318
-4764
-2744
-3320
-2245
-15575
-170
-988
-6283
-3112
-5275
-3260
-12736
-35
-1389
-94
-131
-3053
4484
-2832
-1506
-1935
-232
-177
-3603
5173
-1927
-3058
-3172
194
235
-24
556
-3147
-2869
-2271
-1735
-19421
-188
-35
-5135
-2779
-3598
-2916
-19559
-63
131
-78
-42
-3154
3779
-3828
-1815
-2224
-183
-658
-4181
4066
-2279
-3752
-2836
128
523
-70
-100
-1899
-2823
-2395
-1986
-13573
-162
5
-5104
-3385
-3634
-3562
-11373
-76
62
-128
-90
-2113
1673
-2067
-1916
-1805
-129
192
-2626
1709
-1368
-2784
-2379
39
945
-148
-728
-1242
-1635
-2435
-1591
-14193
-150
-114
-3420
-2275
-2669
-2534
-14281
-91
625
-193
-239
-1351
443
-463
-1264
-1080
-260
165
-2015
-270
-902
-1860
-1615
-92
804
-54
-414
-915
-1613
-1624
-959
-16010
-118
-331
-2065
-787
-1755
-1607
-15594
-61
-182
-205
-36
-1676
358
-430
-1552
-1584
-229
433
-2180
-486
-262
-2053
-1554
-169
450
-83
-414
-1185
-2162
-1928
-1510
-13682
-181
-664
-2017
-860
-2441
-2177
-14130
5
-1166
95
53
-4724
909
-3622
-4773
-4932
-107
-580
-6087
-26
-6664
-6646
-2520
124
-491
-240
1759
-2812
-5337
-3414
-4821
-19635
-94
1040
-4881
-6307
-6189
-6861
-15957
51
238
9
1836
-4013
-1000
-4093
-3918
-3427
-147
1632
-4618
-403
-5293
-4999
-3674
-122
1116
-164
379
-2977
-2479
1467
-3270
-22237
-27
-321
-2312
-4065
-1849
-4340
-18261
103
148
-165
3482
-4097
-137
-3842
-4297
-4449
-312
2699
-3958
2477
-5001
-4162
-5355
-9
1933
-139
-466
-5079
-3322
-1648
-4442
-18202
-30
-758
-5454
-4548
-2783
-4403
-18311
135
-385
-251
2433
-3779
2651
-2450
-2298
-2948
-271
1750
-4105
4604
-4096
-3376
-3682
87
1789
-121
540
-3498
-4162
-3042
-3063
-14447
-10
-1287
-5123
-4068
-3578
-3990
-14198
232
-1543
-112
675
-3318
1282
-3008
-1619
-2108
-129
55
-4021
2580
-2824
-3157
-2484
163
-210
16
562
-968
-2792
-2135
-2084
-19063
-75
-313
-3636
-3447
-2703
-3012
-19237
63
-292
-57
1317
-2153
-954
-2246
-1920
-2172
24
446
-2099
94
-2195
-2670
-1229
168
457
-16
-698
30
-2823
-1752
-2022
-15245
-193
-889
-2565
-3008
-1989
-2260
-18651
0
-486
-83
1199
-2017
-530
-600
-1217
-1017
-78
1015
-2070
-584
-1501
-1919
-320
-4
1320
-70
-541
-440
-1866
176
-983
-18252
-254
-156
-1561
-1328
-972
-1114
-19349
-7
97
-101
71
-1088
-50
567
-1103
-1001
-38
493
-1362
-864
-456
-2099
-289
-54
114
-156
-996
-1468
-1506
-680
-883
-17844
-227
-1354
-2429
-494
-1691
-1373
-17246
84
-2209
163
491
-4131
622
-3473
-3352
-4262
46
-784
-4033
1631
-4844
-4121
-2242
138
-404
-233
1756
-3943
-4572
-1656
-4125
-16586
-199
2601
-4811
-3545
-4460
-4609
-19930
1
2288
217
1247
-7275
-4049
-7187
-6858
-6145
58
156
-6141
-2298
-7918
-5853
-2775
26
443
-191
2388
-2894
-4386
1774
-6041
-11713
15
1053
-3258
-4782
-1805
-5841
-15711
105
-31
438
4777
-6551
-5376
-5868
-5628
-4881
-16
2123
-5465
-3035
-6782
-4902
-4711
-27
519
134
1213
-1784
830
-496
-4789
-22542
97
605
-1365
-3799
239
-5150
-23561
101
958
189
4880
-4887
-3405
-2798
-4035
-3901
-154
2300
-7779
-3167
-7528
-6333
-3475
-19
937
81
-2265
-250
-1530
-3630
-4026
-25433
6
-1997
-2291
-5891
-4339
-7006
-13592
137
-762
-57
1643
-3305
-186
-556
-2266
-2223
-133
1859
-3777
1029
-2747
-2971
-1725
46
1714
7
-160
-1588
-1891
-3540
-2303
-21877
19
-2083
-2893
-2970
-3582
-2804
-22702
190
-2447
120
1530
-1353
-1095
-579
-569
-2227
-8
-431
-1022
128
-998
-1705
-1446
196
-131
215
7
-1801
-3517
-3074
-2046
-16041
-13
-833
-3086
-2794
-3144
-1326
-20776
85
-213
106
266
-1572
-667
-776
-521
-1439
-31
-494
-2364
-878
-2365
-2035
-518
71
177
116
-859
-755
-2791
-619
-1216
-14395
-181
-298
-1697
-1932
-2353
-1191
-13493
26
544
59
-15
-849
97
-112
-995
-1168
9
147
-1391
-209
-1745
-2049
-989
60
-65
-66
-1086
-1898
-1275
-980
-937
-18851
-340
-989
-2428
-570
-1764
-1252
-18264
69
-1345
135
-259
-2912
921
-3155
-148
-2045
-27
-726
-3624
2996
-3883
-2708
-3760
-146
-1080
-84
84
-2084
-951
-2258
-1958
-21628
-258
610
-2722
-2741
-3854
-3049
-19424
-132
1410
360
504
-6188
-2453
-6683
-4318
-4544
117
-1042
-5608
742
-5731
-5255
-6421
6
42
-49
4446
-2659
298
-2250
-4492
-19693
-23
2402
-2920
-5327
-3494
-4888
-19253
50
1052
544
42
-7590
-6426
-7766
-6726
-5327
344
-522
-5644
-3157
-4388
-5945
-6469
-91
730
148
2601
-2340
6688
-4226
-5140
-14539
243
1552
-2458
-5347
-1370
-5642
-15577
214
786
502
263
-7056
-6112
-7027
-6625
-5534
345
-143
-5386
-2138
-4242
-4688
-6185
-195
64
72
-3227
-4245
7458
-4755
-5297
-17177
253
-483
-3337
-4840
-1765
-5137
-20875
244
760
125
746
-5206
-2084
-3915
-5381
-5242
-126
168
-6363
263
-4716
-5813
-6121
-107
-246
-61
-3174
-5452
89
-4884
-5226
-17629
-35
-3157
-5907
-5274
-5629
-5858
-14254
170
-2696
141
661
-1521
829
-1520
-141
-1674
37
38
-2713
513
-1086
-2905
-2502
50
383
70
-117
-3112
-1778
-2698
-1635
-20473
-69
-1467
-4415
-3506
-4428
-2550
-15734
218
-784
85
-65
-1401
-34
-1023
827
-790
-35
104
-2881
-1239
-2043
-1857
-118
63
201
158
-503
-781
-2101
-190
-674
-19317
-183
-573
-2188
-2189
-3093
-1910
-14485
166
249
201
139
-1254
611
-983
-788
-1211
74
206
-2191
155
-2509
-2435
-1311
35
-973
-36
-1076
-1334
-962
-1457
-1018
-20891
-372
-437
-1815
-1471
-2957
-2004
-18609
-2
-819
-38
-19
-4437
1995
-3015
-1944
-3249
-299
1369
-6005
3926
-5404
-3898
-5068
-196
702
-118
-11
-1469
-2754
-5165
-3253
-23402
-264
-30
-2196
-3948
-6820
-4344
-21867
-213
-255
59
-881
-6526
680
-5829
-4596
-5632
-203
284
-7286
2962
-6143
-5151
-7955
-4
-32
-180
1418
-3699
-2491
-5558
-5507
-11392
-240
519
-3681
-5959
-6296
-5385
-9821
-71
741
276
-3876
-5381
-2543
-5988
-6099
-4869
43
-2126
-5778
-409
-4443
-5762
-6837
-187
-110
28
2924
-3532
4177
-4358
-4506
-23589
-54
734
-3837
-5687
-3762
-4770
-19955
124
-439
504
-3742
-6157
-2351
-8126
-7956
-6291
231
-2320
-5230
-1165
-5660
-6687
-5869
-242
-273
-25
-400
-6396
5175
-3944
-5746
-23068
-32
1187
-6755
-6138
-4049
-5758
-21915
129
1000
288
-544
-4855
-119
-5564
-5218
-4298
64
-1302
-5801
920
-4993
-6063
-4749
-91
-124
-124
-2337
-4808
864
-2012
-4182
-21116
-62
-1850
-6142
-4881
-4136
-5063
-16158
98
-1246
71
-552
-3521
2503
-2870
-2463
-3063
66
-939
-3716
3469
-2096
-3255
-3839
-115
-504
-114
-534
-4785
-3273
-2143
-3175
-13557
-3
-1657
-5349
-3528
-4246
-3120
-15145
222
-1204
12
-575
-2532
524
-3804
-1030
-2305
-127
472
-3582
-341
-4298
-3029
-1496
84
-67
3
359
-2466
-3966
1291
-2235
-17756
-115
-244
-4176
-3259
-2511
-2896
-15537
112
-22
185
-811
-1781
316
-1852
-1674
-1866
91
-123
-2132
-144
-2967
-2587
-362
39
-1658
-155
-1041
-1655
-2249
-541
-1749
-18756
-323
-553
-2233
-1511
-2937
-2274
-20860
-124
-657
-363
-240
-5366
-330
-947
-3420
-4334
-311
227
-5471
714
-4266
-3211
-4550
-69
305
-307
162
-1904
-4228
-4979
-4431
-16474
-114
1517
-1590
-2654
-5432
-3176
-21027
137
1384
-219
-1555
-6227
986
-1416
-2244
-4193
-572
-561
-7594
2775
-5475
-3429
-6724
-155
-783
47
-44
-2174
-3946
-6179
-4173
-18915
82
-2571
-2539
-4378
-7715
-3160
-15204
200
-2417
-105
-1614
-2639
-2433
-2437
-2312
-3172
-461
-429
-4237
-1317
-4411
-3605
-5589
-148
293
156
2772
-839
-534
-4127
-2863
-25363
-20
511
-1454
-3729
-5690
-2249
-19526
194
655
-15
-1244
-4892
-6968
-4962
-6439
-6288
-155
338
-3339
-6352
-6428
-4634
-4447
-9
632
-133
912
1739
-3221
-5304
-5969
-15782
33
1478
-298
-5342
-4592
-3751
-22038
116
1063
9
-793
-5103
-4112
-4670
-6003
-5537
-2
-307
-3662
-2787
-5289
-4582
-4226
63
624
-175
-3670
-254
-4260
-2575
-5478
-17911
7
-3444
-819
-3613
-3553
-3029
-26848
117
-2097
-22
-722
-3256
2955
-1373
-2451
-2736
-53
-664
-3651
3970
-2593
-3199
-3434
-143
-557
-22
-934
-4315
-2901
-2981
-2663
-15881
-129
-1532
-5874
-3370
-4547
-2182
-16581
-4
-798
-218
-901
-1313
1259
-1498
-966
-1724
-196
-525
-2340
260
-3229
-2659
-636
-104
-785
-73
449
-2668
-2917
-302
-1515
-17114
-42
785
-4582
-2667
-3690
-1462
-15743
-82
443
56
-964
-765
-1503
-1932
-2223
-2515
-15
-257
-606
-2292
-3014
-2860
-725
-6
-536
-256
-1212
-2266
-3097
-863
-2366
-21033
-219
-1225
-2172
-2394
-4236
-2036
-24715
-146
-1390
-444
-2071
-3740
-1149
-230
-2338
-3533
-397
-3130
-3754
-775
-3168
-2048
-3506
-208
-2407
-306
276
-2520
-3191
-3867
-3624
-18117
-10
1763
-2440
-2080
-3907
-2818
-20608
231
1670
-547
-2187
-4970
-111
-1524
-1051
-3414
-722
-2188
-5774
977
-3959
-1715
-6782
-302
-2492
65
-49
-1776
-3795
-4443
-3251
-17964
183
-1471
-1197
-3097
-5545
-2938
-14966
349
-1054
-396
-2518
-3134
-3375
-1817
-787
-2885
-706
-2142
-3107
-1790
-3495
-428
-4976
-265
-1950
320
1521
-900
-2630
-1404
-2475
-20204
122
910
-721
-1653
-2035
34
-21652
340
1077
-450
-2970
-4351
-5973
-5051
-3501
-4860
-471
-3166
-3400
-5443
-5958
-2759
-6353
-120
-1973
-75
210
56
-4678
-448
-4548
-18219
129
592
324
-4275
-749
-2893
-20876
269
532
-393
-2899
-3172
-3420
-3481
-3422
-3755
-263
-3347
-3301
-4344
-5436
-3806
-3583
-188
-1613
-165
-2942
995
-3513
-1804
-3441
-20921
74
-2539
1083
-2998
-3802
-3062
-21992
258
-2111
-274
-1517
-1797
433
622
-1325
-1352
-232
-1674
-2453
-254
-1473
-2029
-1059
-208
-779
51
-735
-2049
-749
-2724
-1207
-17606
-237
-355
-2299
-1785
-3960
-1253
-17781
-144
-241
-661
-900
-1313
-277
1629
-1106
-1905
-453
-631
-1782
-1481
-1655
-1766
261
-232
-609
-28
393
-2697
-2244
-3150
-1622
-16850
12
1407
-3453
-2004
-4686
-1485
-18955
3
854
-338
-383
1008
-2841
-264
-2537
-2984
-336
-239
-29
-5414
-2762
-4572
-1463
-215
-33
-314
-993
-2377
-3207
-3998
-2784
-19950
-102
-921
-2273
-4441
-7829
-4079
-16614
42
-896
-192
-654
-2238
-855
-887
6
-1565
-200
-847
-1766
-409
-1461
-849
-2364
-190
-888
-281
-148
-1929
-1513
-1094
-1502
-14551
-94
136
-1908
-1848
-1275
-1977
-16120
20
-487
-258
-1391
-2939
-1238
-98
52
-1772
-338
-945
-1979
-511
-957
-229
-3458
-226
-1351
-152
-558
-603
-2317
-2443
-1573
-13047
-36
-781
131
-1402
-1999
-1374
-17005
44
-527
-29
-1596
-2606
-2608
-1372
-63
-1644
-279
-793
-2105
-1868
-1787
-525
-3443
-189
-1659
-33
-244
-84
-2143
-190
-1452
-16478
-194
-832
686
-1351
-1269
-1
-18777
36
-618
12
-1017
-2259
-2747
-2453
549
-1389
-216
-845
-1773
-2133
-2787
-428
-3550
-259
-1696
-162
-565
-753
-1939
1439
-1229
-16428
-188
-490
410
-1934
-50
-1023
-16491
-5
195
-183
-457
-1459
-1978
-714
-197
-949
-271
-797
-1225
-2117
-2180
-1357
-2057
-302
-1548
-218
-948
-163
-1340
-4
-850
-18470
-174
-771
431
-950
-1642
-1290
-18081
9
-566
-201
-798
-1941
-1505
921
-1424
-1341
-228
-798
-2419
-2312
-1942
-2296
-440
-257
-1193
-87
111
-1044
-1923
-1099
-1281
-15158
-318
229
-836
-1597
-2842
-1937
-15056
-146
126
-402
-337
-1545
-2228
993
-1563
-1598
-370
153
-1920
-3005
-2810
-2494
262
-251
-536
-98
880
-1257
-2464
-1272
-1548
-18921
-109
1147
-1976
-2542
-2550
-2177
-20172
-4
1211
-193
-1059
-1133
-2893
-329
-2641
-2845
-336
-1329
-604
-4250
-3124
-3588
-594
-242
-1620
-295
-506
-1155
-3447
-2753
-2713
-17952
-167
-201
-1953
-3438
-4688
-3417
-19276
138
105
0
0
0
0
0
0
0
0
0
0
0
-3137
-757
-3174
-1971
-2419
0
0
0
0
0
0
0
0
0
0
0
-254
-2346
-859
-2362
-16750
0
0
0
0
0
0
0
0
0
0
0
-1966
1048
-1745
-571
-1167
0
0
0
0
0
0
0
0
0
0
0
-1711
-1175
-898
-1357
-16749
0
0
0
0
0
0
0
0
0
0
0
-2257
1758
-1110
-390
-1385
0
0
0
0
0
0
0
0
0
0
0
-2704
-1498
-1624
-1487
-14343
0
0
0
0
0
0
0
0
0
0
0
-2042
1266
-1444
-202
-1626
0
0
0
0
0
0
0
0
0
0
0
-2633
-1678
-1600
-1699
-16566
0
0
0
0
0
0
0
0
0
0
0
-2588
1068
-2445
-768
-1715
0
0
0
0
0
0
0
0
0
0
0
-1148
-1882
-1130
-1865
-11722
0
0
0
0
0
0
0
0
0
0
0
-1912
238
-1340
-1217
-1168
0
0
0
0
0
0
0
0
0
0
0
-303
-553
-860
-1072
-14699
0
0
0
0
0
0
0
0
0
0
0
-1330
-556
23
-658
-942
0
0
0
0
0
0
0
0
0
0
0
-343
-549
-1233
-765
-15105
0
0
0
0
0
0
0
0
0
0
0
-1292
-481
416
-639
-925
0
0
0
0
0
0
0
0
0
0
0
-40
-987
-1903
-772
-14683
0
0
0
0
0
0
0
0
0
0
0
-2182
-57
-3020
-3252
-2930
0
0
0
0
0
0
0
0
0
0
0
-946
-3900
-1545
-2871
-21715
0
0
0
0
0
0
0
0
0
0
0
-1151
-1680
-3387
-2519
-2278
0
0
0
0
0
0
0
0
0
0
0
-2207
-1217
54
-2313
-20755
0
0
0
0
0
0
0
0
0
0
0
-1533
-474
-2234
-1898
-1887
0
0
0
0
0
0
0
0
0
0
0
-2803
-871
-237
-1720
-26192
0
0
0
0
0
0
0
0
0
0
0
-1632
137
-1530
-1530
-2155
0
0
0
0
0
0
0
0
0
0
0
-3349
-1798
-1008
-1986
-15194
0
0
0
0
0
0
0
0
0
0
0
-3384
-1164
-2730
-828
-2462
0
0
0
0
0
0
0
0
0
0
0
-1470
-1167
-1971
-2530
-15512
0
0
0
0
0
0
0
0
0
0
0
-2953
-1264
-2394
305
-1495
0
0
0
0
0
0
0
0
0
0
0
747
-1501
-1332
-1464
-16907
0
0
0
0
0
0
0
0
0
0
0
-2059
-888
-759
408
-835
0
0
0
0
0
0
0
0
0
0
0
146
-512
-834
-785
-17531
0
0
0
0
0
0
0
0
0
0
0
-1208
-308
572
-28
-612
0
0
0
0
0
0
0
0
0
0
0
-93
-548
-1729
-647
-16461
0
0
0
0
0
0
0
0
0
0
0
-1882
-916
-2986
-1090
-2419
0
0
0
0
0
0
0
0
0
0
0
-2647
-2783
-675
-2407
-20953
0
0
0
0
0
0
0
0
0
0
0
-2620
-2477
-4461
-2415
-2426
0
0
0
0
0
0
0
0
0
0
0
-1757
-543
-84
-2291
-26011
0
0
0
0
0
0
0
0
0
0
0
-4690
-6375
-6617
-4255
-5282
0
0
0
0
0
0
0
0
0
0
0
-4468
4716
-5130
-4993
-18936
0
0
0
0
0
0
0
0
0
0
0
-2097
-5003
-3559
-3434
-3875
0
0
0
0
0
0
0
0
0
0
0
-4081
2166
-4996
-3565
-21846
0
0
0
0
0
0
0
0
0
0
0
-2036
-1757
-1718
-432
-1996
0
0
0
0
0
0
0
0
0
0
0
-3218
1260
-2981
-1895
-23175
0
0
0
0
0
0
0
0
0
0
0
-3386
-1968
-2266
2570
-2432
0
0
0
0
0
0
0
0
0
0
0
-1671
-3088
-3022
-2387
-14801
0
0
0
0
0
0
0
0
0
0
0
-2427
-1011
-1268
1965
-1141
0
0
0
0
0
0
0
0
0
0
0
-554
-1885
-1074
-1084
-14172
0
0
0
0
0
0
0
0
0
0
0
-1434
-655
-188
383
-797
0
0
0
0
0
0
0
0
0
0
0
-774
233
-1712
-742
-17659
0
0
0
0
0
0
0
0
0
0
0
-2198
-2139
-3962
1227
-2191
0
0
0
0
0
0
0
0
0
0
0
-2907
543
-3295
-2399
-17977
0
0
0
0
0
0
0
0
0
0
0
-4757
-3399
-6159
-2336
-3590
0
0
0
0
0
0
0
0
0
0
0
-3643
3375
-4369
-3730
-22695
0
0
0
0
0
0
0
0
0
0
0
-11355
-11148
-11761
-10850
-10683
0
0
0
0
0
0
0
0
0
0
0
-8491
10862
-11329
-10808
11756
0
0
0
0
0
0
0
0
0
0
0
-9831
-10168
-11012
-10995
-10042
0
0
0
0
0
0
0
0
0
0
0
-9610
11700
-10621
-9868
4634
0
0
0
0
0
0
0
0
0
0
0
-3433
-2671
-3699
-2949
-3369
0
0
0
0
0
0
0
0
0
0
0
-4682
4081
-5144
-2899
-26436
0
0
0
0
0
0
0
0
0
0
0
-3181
-1654
-2509
1205
-2851
0
0
0
0
0
0
0
0
0
0
0
-3892
-1319
-2869
-2755
-13133
0
0
0
0
0
0
0
0
0
0
0
-2136
-1050
-1182
2258
-1367
0
0
0
0
0
0
0
0
0
0
0
-1536
-2058
-1229
-1203
-14868
0
0
0
0
0
0
0
0
0
0
0
-1667
-902
-1085
201
-1166
0
0
0
0
0
0
0
0
0
0
0
-686
185
-1692
-1085
-18107
0
0
0
0
0
0
0
0
0
0
0
-2090
-605
-2947
-458
-2010
0
0
0
0
0
0
0
0
0
0
0
-1576
133
-3725
-1983
-24385
0
0
0
0
0
0
0
0
0
0
0
-3938
-897
-3491
-3609
-2872
0
0
0
0
0
0
0
0
0
0
0
-3016
1740
-4312
-3210
-19117
0
0
0
0
0
0
0
0
0
0
0
-6020
-4253
-6676
-6687
-5323
0
0
0
0
0
0
0
0
0
0
0
-4708
7284
-7426
-5478
-18711
0
0
0
0
0
0
0
0
0
0
0
-6892
-4038
-9153
-9765
-7206
0
0
0
0
0
0
0
0
0
0
0
-7180
8308
-7547
-7112
-14536
0
0
0
0
0
0
0
0
0
0
0
-3794
-1632
-5240
-4363
-4030
0
0
0
0
0
0
0
0
0
0
0
-4352
3795
-4482
-3573
-19130
0
0
0
0
0
0
0
0
0
0
0
-3042
594
-2029
-563
-2232
0
0
0
0
0
0
0
0
0
0
0
-3122
-1828
-1215
-2125
-15008
0
0
0
0
0
0
0
0
0
0
0
-2499
-242
-2050
-10
-1599
0
0
0
0
0
0
0
0
0
0
0
-1625
-2824
1618
-1244
-18582
0
0
0
0
0
0
0
0
0
0
0
-1648
-896
-1725
-597
-1689
0
0
0
0
0
0
0
0
0
0
0
-1005
-1727
-290
-1603
-16188
0
0
0
0
0
0
0
0
0
0
0
-2848
-1998
-1557
-3171
-3298
0
0
0
0
0
0
0
0
0
0
0
-1797
-1864
-3785
-3265
-16654
0
0
0
0
0
0
0
0
0
0
0
-2272
-714
-730
-2287
-2343
0
0
0
0
0
0
0
0
0
0
0
-2660
-1059
-4489
-2502
-23189
0
0
0
0
0
0
0
0
0
0
0
-4047
-3535
-2592
-2870
-3362
0
0
0
0
0
0
0
0
0
0
0
-1451
980
-4414
-3315
-21007
0
0
0
0
0
0
0
0
0
0
0
-5794
-5512
-4344
-7968
-5882
0
0
0
0
0
0
0
0
0
0
0
2031
-2900
-5591
-5968
-13583
0
0
0
0
0
0
0
0
0
0
0
-3758
-3753
-4543
-4597
-4839
0
0
0
0
0
0
0
0
0
0
0
402
-2607
-4541
-4571
-18144
0
0
0
0
0
0
0
0
0
0
0
-1559
1304
-996
-344
-1696
0
0
0
0
0
0
0
0
0
0
0
-2313
-1836
-1924
-1571
-18375
0
0
0
0
0
0
0
0
0
0
0
-1778
507
-694
-595
-1560
0
0
0
0
0
0
0
0
0
0
0
-1738
-2914
458
-1406
-15099
0
0
0
0
0
0
0
0
0
0
0
-2147
-1520
-1577
-623
-2286
0
0
0
0
0
0
0
0
0
0
0
-536
-3215
-1179
-2182
-18487
0
0
0
0
0
0
0
0
0
0
0
-1882
-2107
-902
-2781
-2412
0
0
0
0
0
0
0
0
0
0
0
-1429
-1350
-2286
-2263
-20597
0
0
0
0
0
0
0
0
0
0
0
-2208
-1659
-635
-2736
-2007
0
0
0
0
0
0
0
0
0
0
0
-1436
-1947
-1987
-2075
-20302
0
0
0
0
0
0
0
0
0
0
0
-2508
-3755
-1447
-3226
-2434
0
0
0
0
0
0
0
0
0
0
0
-1090
-1374
-485
-2422
-20140
0
0
0
0
0
0
0
0
0
0
0
-3252
-5113
-4457
-6132
-4320
0
0
0
0
0
0
0
0
0
0
0
184
-4343
-362
-4340
-15944
0
0
0
0
0
0
0
0
0
0
0
-1188
-2596
-3256
-3934
-2777
0
0
0
0
0
0
0
0
0
0
0
1338
-2760
-2107
-2625
-20129
0
0
0
0
0
0
0
0
0
0
0
-589
73
871
-1736
-1138
0
0
0
0
0
0
0
0
0
0
0
-1346
-193
-2209
-1158
-16838
0
0
0
0
0
0
0
0
0
0
0
-1852
1
2378
-1931
-1770
0
0
0
0
0
0
0
0
0
0
0
-1492
-2127
-2365
-1616
-15778
0
0
0
0
0
0
0
0
0
0
0
-2473
-1538
269
-2098
-2404
0
0
0
0
0
0
0
0
0
0
0
654
-3221
-3390
-2146
-16929
0
0
0
0
0
0
0
0
0
0
0
-1874
-1497
-954
-800
-1439
0
0
0
0
0
0
0
0
0
0
0
-680
-1265
-842
-1354
-13565
0
0
0
0
0
0
0
0
0
0
0
-1911
-1569
-9
-942
-1222
0
0
0
0
0
0
0
0
0
0
0
214
-1728
-1361
-1121
-14090
0
0
0
0
0
0
0
0
0
0
0
-1554
-2204
-689
-714
-1049
0
0
0
0
0
0
0
0
0
0
0
425
-1682
-46
-1001
-18120
0
0
0
0
0
0
0
0
0
0
0
-585
-2655
-1812
-681
-1173
0
0
0
0
0
0
0
0
0
0
0
-534
-2030
845
-1267
-16166
0
0
0
0
0
0
0
0
0
0
0
-332
-1817
-534
-838
-867
0
0
0
0
0
0
0
0
0
0
0
444
-1620
-518
-899
-16679
0
0
0
0
0
0
0
0
0
0
0
-712
-960
1698
-1448
-912
0
0
0
0
0
0
0
0
0
0
0
-470
-1272
-1386
-909
-15642
0
0
0
0
0
0
0
0
0
0
0
-2276
-1603
2000
-2448
-1806
0
0
0
0
0
0
0
0
0
0
0
-250
-2118
-1755
-1642
-16584
0
0
0
0
0
0
0
0
0
0
0
-2786
-2172
158
-2729
-2392
0
0
0
0
0
0
0
0
0
0
0
1303
-3488
-2641
-2265
-16160
0
0
0
0
0
0
0
0
0
0
0
0
0
0
0
0
0
0
0
0
0
0
0
0
0
0
0
0
0
0
0
0
0
0
0
0
0
0
0
0
0
0
0
0
0
0
0
0
0
0
0
0
0
0
0
0
0
0
0
0
0
0
0
0
0
0
0
0
0
0
0
0
0
0
0
0
0
0
0
0
0
0
0
0
0
0
0
0
0
0
0
0
0
0
0
0
0
0
0
0
0
0
0
0
0
0
0
0
0
0
0
0
0
0
0
0
0
0
0
0
0
0
0
0
0
0
0
0
0
0
0
0
0
0
0
0
0
0
0
0
0
0
0
0
0
0
0
0
0
0
0
0
0
0
0
0
0
0
0
0
0
0
0
0
0
0
0
0
0
0
0
0
0
0
0
0
0
0
0
0
0
0
0
0
0
0
0
0
0
0
0
0
0
0
0
0
0
0
0
0
0
0
0
0
0
0
0
0
0
0
0
0
0
0
0
0
0
0
0
0
0
0
0
0
0
0
0
0
0
0
0
0
0
0
0
0
0
0
0
0
0
0
0
0
0
0
0
0
0
0
0
0
0
0
0
0
0
0
0
0
0
0
0
0
0
0
0
0
0
0
0
0
0
0
0
0
0
0
0
0
0
0
0
0
0
0
0
0
0
0
0
0
0
0
0
0
0
0
0
0
0
0
0
0
0
0
0
0
0
0
0
0
0
0
0
0
0
0
0
0
0
0
0
0
0
0
0
0
0
0
0
0
0
0
0
0
0
0
0
0
0
0
0
0
0
0
0
0
0
0
0
0
0
0
0
0
0
0
0
0
0
0
0
0
0
0
0
0
0
0
0
0
0
0
0
0
0
0
0
0
0
0
0
0
0
0
0
0
0
0
0
0
0
0
0
0
0
0
0
0
0
0
0
0
0
0
0
0
0
0
0
0
0
0
0
0
0
0
0
0
0
0
0
0
0
0
0
0
0
0
0
0
0
0
0
0
0
0
0
0
0
0
0
0
0
0
0
0
0
0
0
0
0
0
0
0
0
0
0
0
0
0
0
0
0
0
0
0
0
0
0
0
0
0
0
0
0
0
0
0
0
0
0
0
0
0
0
0
0
0
0
0
0
0
0
0
0
0
0
0
0
0
0
0
0
0
0
0
0
0
0
0
0
0
0
0
0
0
0
0
0
0
0
0
0
0
0
0
0
0
0
0
0
0
0
0
0
0
0
0
0
0
0
0
0
0
0
0
0
0
0
0
0
0
0
0
0
0
0
0
0
0
0
0
0
0
0
0
0
0
0
0
0
0
0
0
0
0
0
0
0
0
0
0
0
0
0
0
0
0
0
0
0
0
0
0
0
0
0
0
0
0
0
0
0
0
0
0
0
0
0
0
0
0
0
0
0
0
0
0
0
0
0
0
0
0
0
0
0
0
0
0
0
0
0
0
0
0
0
0
0
0
0
0
0
0
0
0
0
0
0
0
0
0
0
0
0
0
0
0
0
0
0
0
0
0
0
0
0
0
0
0
0
0
0
0
0
0
0
0
0
0
0
0
0
0
0
0
0
0
0
0
0
0
0
0
0
0
0
0
0
0
0
0
0
0
0
0
0
0
0
0
0
0
0
0
0
0
0
0
0
0
0
0
0
0
0
0
0
0
0
0
0
0
0
0
0
0
0
0
0
0
0
0
0
0
0
0
0
0
0
0
0
0
0
0
0
0
0
0
0
0
0
0
0
0
0
0
0
0
0
0
0
0
0
0
0
0
0
0
0
0
0
0
0
0
0
0
0
0
0
0
0
0
0
0
0
0
0
0
0
0
0
0
0
0
0
0
0
0
0
0
0
0
0
0
0
0
0
0
0
0
0
0
0
0
0
0
0
0
0
0
0
0
0
0
0
0
0
0
0
0
0
0
0
0
0
0
0
0
0
0
0
0
0
0
0
0
0
0
0
0
0
0
0
0
0
0
0
0
0
0
0
0
0
0
0
0
0
0
0
0
0
0
0
0
0
0
0
0
0
0
0
0
0
0
0
0
0
0
0
0
0
0
0
0
0
0
0
0
0
0
0
0
0
0
0
0
0
0
0
0
0
0
0
0
0
0
0
0
0
0
0
0
0
0
0
0
0
0
0
0
0
0
0
0
0
0
0
0
0
0
0
0
0
0
0
0
0
0
0
0
0
0
0
0
0
0
0
0
0
0
0
0
0
0
0
0
0
0
0
0
0
0
0
0
0
0
0
0
0
0
0
0
0
0
0
0
0
0
0
0
0
0
0
0
0
0
0
0
0
0
0
0
0
0
0
0
0
0
0
0
0
0
0
0
0
0
0
0
0
0
0
0
0
0
0
0
0
0
0
0
0
0
0
0
0
0
0
0
0
0
0
0
0
0
0
0
0
0
0
0
0
0
0
0
0
0
0
0
0
0
0
0
0
0
0
0
0
0
0
0
0
0
0
0
0
0
0
0
0
0
0
0
0
0
0
0
0
0
0
0
0
0
0
0
0
0
0
0
0
0
0
0
0
0
0
0
0
0
0
0
0
0
0
0
0
0
0
0
0
0
0
0
0
0
0
0
0
0
0
0
0
0
0
0
0
0
0
0
0
0
0
0
0
0
0
0
0
0
0
0
0
0
0
0
0
0
0
0
0
0
0
0
0
0
0
0
0
0
0
0
0
0
0
0
0
0
0
0
0
0
0
0
0
0
0
0
0
0
0
0
0
0
0
0
0
0
0
0
0
0
0
0
0
0
0
0
0
0
0
0
0
0
0
0
0
0
0
0
0
0
0
0
0
0
0
0
0
0
0
0
0
0
0
0
0
0
0
0
0
0
0
0
0
0
0
0
0
0
0
0
0
0
0
0
0
0
0
0
0
0
0
0
0
0
0
0
0
0
0
0
0
0
0
0
0
0
0
0
0
0
0
0
0
0
0
0
0
0
0
0
0
0
0
0
0
0
0
0
0
0
0
0
0
0
0
0
0
0
0
0
0
0
0
0
0
0
0
0
0
0
0
0
0
0
0
0
0
0
0
0
0
0
0
0
0
0
0
0
0
0
0
0
0
0
0
0
0
0
0
0
0
0
0
0
0
0
0
0
0
0
0
0
0
0
0
0
0
0
0
0
0
0
0
0
0
0
0
0
0
0
0
0
0
0
0
0
0
0
0
0
0
0
0
0
0
0
0
0
0
0
0
0
0
0
0
0
0
0
0
0
0
0
0
0
0
0
0
0
0
0
0
0
0
0
0
0
0
0
0
0
0
0
0
0
0
0
0
0
0
0
0
0
0
0
0
0
0
0
0
0
0
0
0
0
0
0
0
0
0
0
0
0
0
0
0
0
0
0
0
0
0
0
0
0
0
0
0
0
0
0
0
0
0
0
0
0
0
0
0
0
0
0
0
0
0
0
0
0
0
0
0
0
0
0
0
0
0
0
0
0
0
0
0
0
0
0
0
0
0
0
0
0
0
0
0
0
0
0
0
0
0
0
0
0
0
0
0
0
0
0
0
0
0
0
0
0
0
0
0
0
0
0
0
0
0
0
0
0
0
0
0
0
0
0
0
0
0
0
0
0
0
0
0
0
0
0
0
0
0
0
0
0
0
0
0
0
0
0
0
0
0
0
0
0
0
0
0
0
0
0
0
0
0
0
0
0
0
0
0
0
0
0
0
0
0
0
0
0
0
0
0
0
0
0
0
0
0
0
0
0
0
0
0
0
0
0
0
0
0
0
0
0
0
0
0
0
0
0
0
0
0
0
0
0
0
0
0
0
0
0
0
0
0
0
0
0
0
0
0
0
0
0
0
0
0
0
0
0
0
0
0
0
0
0
0
0
0
0
0
0
0
0
0
0
0
0
0
0
0
0
0
0
0
0
0
0
0
0
0
0
0
0
0
0
0
0
0
0
0
0
0
0
0
0
0
0
0
0
0
0
0
0
0
0
0
0
0
0
0
0
0
0
0
0
0
0
0
0
0
0
0
0
0
0
0
0
0
0
0
0
0
0
0
0
0
0
0
0
0
0
0
0
0
0
0
0
0
0
0
0
0
0
0
0
0
0
0
0
0
0
0
0
0
0
0
0
0
0
0
0
0
0
0
0
0
0
0
0
0
0
0
0
0
0
0
0
0
0
0
0
0
0
0
0
0
0
0
0
0
0
0
0
0
0
0
0
0
0
0
0
0
0
0
0
0
0
0
0
0
0
0
0
0
0
0
0
0
0
0
0
0
0
0
0
0
0
0
0
0
0
0
0
0
0
0
0
0
0
0
0
0
0
0
0
0
0
0
0
0
0
0
0
0
0
0
0
0
0
0
0
0
0
0
0
0
0
0
0
0
0
0
0
0
0
0
0
0
0
0
0
0
0
0
0
0
0
0
0
0
0
0
0
0
0
0
0
0
0
0
0
0
0
0
0
0
0
0
0
0
0
0
0
0
0
0
0
0
0
0
0
0
0
0
0
0
0
0
0
0
0
0
0
0
0
0
0
0
0
0
0
0
0
0
0
0
0
0
0
0
0
0
0
0
0
0
0
0
0
0
0
0
0
0
0
0
0
0
0
0
0
0
0
0
0
0
0
0
0
0
0
0
0
0
0
0
0
0
0
0
0
0
0
0
0
0
0
0
0
0
0
0
0
0
0
0
0
0
0
0
0
0
0
0
0
0
0
0
0
0
0
0
0
0
0
0
0
0
0
0
0
0
0
0
0
0
0
0
0
0
0
0
0
0
0
0
0
0
0
0
0
0
0
0
0
0
0
0
0
0
0
0
0
0
0
0
0
0
0
0
0
0
0
0
0
0
0
0
0
0
0
0
0
0
0
0
0
0
0
0
0
0
0
0
0
0
0
0
0
0
0
0
0
0
0
0
0
0
0
0
0
0
0
0
0
0
0
0
0
0
0
0
0
0
0
0
0
0
0
0
0
0
0
0
0
0
0
0
0
0
0
0
0
0
0
0
0
0
0
0
0
0
0
0
0
0
0
0
0
0
0
0
0
0
0
0
0
0
0
0
0
0
0
0
0
0
0
0
0
0
0
0
0
0
0
0
0
0
0
0
0
0
0
0
0
0
0
0
0
0
0
0
0
0
0
0
0
0
0
0
0
0
0
0
0
0
0
0
0
0
0
0
0
0
0
0
0
0
0
0
0
0
0
0
0
0
0
0
0
0
0
0
0
0
0
0
0
0
0
0
0
0
0
0
0
0
0
0
0
0
0
0
0
0
0
0
0
0
0
0
0
0
0
0
0
0
0
0
0
0
0
0
0
0
0
0
0
0
0
0
0
0
0
0
0
0
0
0
0
0
0
0
0
0
0
0
0
0
0
0
0
0
0
0
0
0
0
0
0
0
0
0
0
0
0
0
0
0
0
0
0
0
0
0
0
0
0
0
0
0
0
0
0
0
0
0
0
0
0
0
0
0
0
0
0
0
0
0
0
0
0
0
0
0
0
0
0
0
0
0
0
0
0
0
0
0
0
0
0
0
0
0
0
0
0
0
0
0
0
0
0
0
0
0
0
0
0
0
0
0
0
0
0
0
0
0
0
0
0
0
0
0
0
0
0
0
0
0
0
0
0
0
0
0
0
0
0
0
0
0
0
0
0
0
0
0
0
0
0
0
0
0
0
0
0
0
0
0
0
0
0
0
0
0
0
0
0
0
0
0
0
0
0
0
0
0
0
0
0
0
0
0
0
0
0
0
0
0
0
0
0
0
0
0
0
0
0
0
0
0
0
0
0
0
0
0
0
0
0
0
0
0
0
0
0
0
0
0
0
0
0
0
0
0
0
0
0
0
0
0
0
0
0
0
0
0
0
0
0
0
0
0
0
0
0
0
0
0
0
0
0
0
0
0
0
0
0
0
0
0
0
0
0
0
0
0
0
0
0
0
0
0
0
0
0
0
0
0
0
0
0
0
0
0
0
0
0
0
0
0
0
0
0
0
0
0
0
0
0
0
0
0
0
0
0
0
0
0
0
0
0
0
0
0
0
0
0
0
0
0
0
0
0
0
0
0
0
0
0
0
0
0
0
0
0
0
0
0
0
0
0
0
0
0
0
0
0
0
0
0
0
0
0
0
0
0
0
0
0
0
0
0
0
0
0
0
0
0
0
0
0
0
0
0
0
0
0
0
0
0
0
0
0
0
0
0
0
0
0
0
0
0
0
0
0
0
0
0
0
0
0
0
0
0
0
0
0
0
0
0
0
0
0
0
0
0
0
0
0
0
0
0
0
0
0
0
0
0
0
0
0
0
0
0
0
0
0
0
0
0
0
0
0
0
0
0
0
0
0
0
0
0
0
0
0
0
0
0
0
0
0
0
0
0
0
0
0
0
0
0
0
0
0
0
0
0
0
0
0
0
0
0
0
0
0
0
0
0
0
0
0
0
0
0
0
0
0
0
0
0
0
0
0
0
0
0
0
0
0
0
0
0
0
0
0
0
0
0
0
0
0
0
0
0
0
0
0
0
0
0
0
0
0
0
0
0
0
0
0
0
0
0
0
0
0
0
0
0
0
0
0
0
0
0
0
0
0
0
0
0
0
0
0
0
0
0
0
0
0
0
0
0
0
0
0
0
0
0
0
0
0
0
0
0
0
0
0
0
0
0
0
0
0
0
0
0
0
0
0
0
0
0
0
0
0
0
0
0
0
0
0
0
0
0
0
0
0
0
0
0
0
0
0
0
0
0
0
0
0
0
0
0
0
0
0
0
0
0
0
0
0
0
0
0
0
0
0
0
0
0
0
0
0
0
0
0
0
0
0
0
0
0
0
0
0
0
0
0
0
0
0
0
0
0
0
0
0
0
0
0
0
0
0
0
0
0
0
0
0
0
0
0
0
0
0
0
0
0
0
0
0
0
0
0
0
0
0
0
0
0
0
0
0
0
0
0
0
0
0
0
0
0
0
0
0
0
0
0
0
0
0
0
0
0
0
0
0
0
0
0
0
0
0
0
0
0
0
0
0
0
0
0
0
0
0
0
0
0
0
0
0
0
0
0
0
0
0
0
0
0
0
0
0
0
0
0
0
0
0
0
0
0
0
0
0
0
0
0
0
0
0
0
0
0
0
0
0
0
0
0
0
0
0
0
0
0
0
0
0
0
0
0
0
0
0
0
0
0
0
0
0
0
0
0
0
0
0
0
0
0
0
0
0
0
0
0
0
0
0
0
0
0
0
0
0
0
0
0
0
0
0
0
0
0
0
0
0
0
0
0
0
0
0
0
0
0
0
0
0
0
0
0
0
0
0
0
0
0
0
0
0
0
0
0
0
0
0
0
0
0
0
0
0
0
0
0
0
0
0
0
0
0
0
0
0
0
0
0
0
0
0
0
0
0
0
0
0
0
0
0
0
0
0
0
0
0
0
0
0
0
0
0
0
0
0
0
0
0
0
0
0
0
0
0
0
0
0
0
0
0
0
0
0
0
0
0
0
0
0
0
0
0
0
0
0
0
0
0
0
0
0
0
0
0
0
0
0
0
0
0
0
0
0
0
0
0
0
0
0
0
0
0
0
0
0
0
0
0
0
0
0
0
0
0
0
0
0
0
0
0
0
0
0
0
0
0
0
0
0
0
0
0
0
0
0
0
0
0
0
0
0
0
0
0
0
0
0
0
0
0
0
0
0
0
0
0
0
0
0
0
0
0
0
0
0
0
0
0
0
0
0
0
0
0
0
0
0
0
0
0
0
0
0
0
0
0
0
0
0
0
0
0
0
0
0
0
0
0
0
0
0
0
0
0
0
0
0
0
0
0
0
0
0
0
0
0
0
0
0
0
0
0
0
0
0
0
0
0
0
0
0
0
0
0
0
0
0
0
0
0
0
0
0
0
0
0
0
0
0
0
0
0
0
0
0
0
0
0
0
0
0
0
0
0
0
0
0
0
0
0
0
0
0
0
0
0
0
0
0
0
0
0
0
0
0
0
0
0
0
0
0
0
0
0
0
0
0
0
0
0
0
0
0
0
0
0
0
0
0
0
0
0
0
0
0
0
0
0
0
0
0
0
0
0
0
0
0
0
0
0
0
0
0
0
0
0
0
0
0
0
0
0
0
0
0
0
0
0
0
0
0
0
0
0
0
0
0
0
0
0
0
0
0
0
0
0
0
0
0
0
0
0
0
0
0
0
0
0
0
0
0
0
0
0
0
0
0
0
0
0
0
0
0
0
0
0
0
0
0
0
0
0
0
0
0
0
0
0
0
0
0
0
0
0
0
0
0
0
0
0
0
0
0
0
0
0
0
0
0
0
0
0
0
0
0
0
0
0
0
0
0
0
0
0
0
0
0
0
0
0
0
0
0
0
0
0
0
0
0
0
0
0
0
0
0
0
0
0
0
0
0
0
0
0
0
0
0
0
0
0
0
0
0
0
0
0
0
0
0
0
0
0
0
0
0
0
0
0
0
0
0
0
0
0
0
0
0
0
0
0
0
0
0
0
0
0
0
0
0
0
0
0
0
0
0
0
0
0
0
0
0
0
0
0
0
0
0
0
0
0
0
0
0
0
0
0
0
0
0
0
0
0
0
0
0
0
0
0
0
0
0
0
0
0
0
0
0
0
0
0
0
0
0
0
0
0
0
0
0
0
0
0
0
0
0
0
0
0
0
0
0
0
0
0
0
0
0
0
0
0
0
0
0
0
0
0
0
0
0
0
0
0
0
0
0
0
0
0
0
0
0
0
0
0
0
0
0
0
0
0
0
0
0
0
0
0
0
0
0
0
0
0
0
0
0
0
0
0
0
0
0
0
0
0
0
0
0
0
0
0
0
0
0
0
0
0
0
0
0
0
0
0
0
0
0
0
0
0
0
0
0
0
0
0
0
0
0
0
0
0
0
0
0
0
0
0
0
0
0
0
0
0
0
0
0
0
0
0
0
0
0
0
0
0
0
0
0
0
0
0
0
0
0
0
0
0
0
0
0
0
0
0
0
0
0
0
0
0
0
0
0
0
0
0
0
0
0
0
0
0
0
0
0
0
0
0
0
0
0
0
0
0
0
0
0
0
0
0
0
0
0
0
0
0
0
0
0
0
0
0
0
0
0
0
0
0
0
0
0
0
0
0
0
0
0
0
0
0
0
0
0
0
0
0
0
0
0
0
0
0
0
0
0
0
0
0
0
0
0
0
0
0
0
0
0
0
0
0
0
0
0
0
0
0
0
0
0
0
0
0
0
0
0
0
0
0
0
0
0
0
0
0
0
0
0
0
0
0
0
0
0
0
0
0
0
0
0
0
0
0
0
0
0
0
0
0
0
0
0
0
0
0
0
0
0
0
0
0
0
0
0
0
0
0
0
0
0
0
0
0
0
0
0
0
0
0
0
0
0
0
0
0
0
0
0
0
0
0
0
0
0
0
0
0
0
0
0
0
0
0
0
0
0
0
0
0
0
0
0
0
0
0
0
0
0
0
0
0
0
0
0
0
0
0
0
0
0
0
0
0
0
0
0
0
0
0
0
0
0
0
0
0
0
0
0
0
0
0
0
0
0
0
0
0
0
0
0
0
0
0
0
0
0
0
0
0
0
0
0
0
0
0
0
0
0
0
0
0
0
0
0
0
0
0
0
0
0
0
0
0
0
0
0
0
0
0
0
0
0
0
0
0
0
0
0
0
0
0
0
0
0
0
0
0
0
0
0
0
0
0
0
0
0
0
0
0
0
0
0
0
0
0
0
0
0
0
0
0
0
0
0
0
0
0
0
0
0
0
0
0
0
0
0
0
0
0
0
0
0
0
0
0
0
0
0
0
0
0
0
0
0
0
0
0
0
0
0
0
0
0
0
0
0
0
0
0
0
0
0
0
0
0
0
0
0
0
0
0
0
0
0
0
0
0
0
0
0
0
0
0
0
0
0
0
0
0
0
0
0
0
0
0
0
0
0
0
0
0
0
0
0
0
0
0
0
0
0
0
0
0
0
0
0
0
0
0
0
0
0
0
0
0
0
0
0
0
0
0
0
0
0
0
0
0
0
0
0
0
0
0
0
0
0
0
0
0
0
0
0
0
0
0
0
0
0
0
0
0
0
0
0
0
0
0
0
0
0
0
0
0
0
0
0
0
0
0
0
0
0
0
0
0
0
0
0
0
0
0
0
0
0
0
0
0
0
0
0
0
0
0
0
0
0
0
0
0
0
0
0
0
0
0
0
0
0
0
0
0
0
0
0
0
0
0
0
0
0
0
0
0
0
0
0
0
0
0
0
0
0
0
0
0
0
0
0
0
0
0
0
0
0
0
0
0
0
0
0
0
0
0
0
0
0
0
0
0
0
0
0
0
0
0
0
0
0
0
0
0
0
0
0
0
0
0
0
0
0
0
0
0
0
0
0
0
0
0
0
0
0
0
0
0
0
0
0
0
0
0
0
0
0
0
0
0
0
0
0
0
0
0
0
0
0
0
0
0
0
0
0
0
0
0
0
0
0
0
0
0
0
0
0
0
0
0
0
0
0
0
0
0
0
0
0
0
0
0
0
0
0
0
0
0
0
0
0
0
0
0
0
0
0
0
0
0
0
0
0
0
0
0
0
0
0
0
0
0
0
0
0
0
0
0
0
0
0
0
0
0
0
0
0
0
0
0
0
0
0
0
0
0
0
0
0
0
0
0
0
0
0
0
0
0
0
0
0
0
0
0
0
0
0
0
0
0
0
0
0
0
0
0
0
0
0
0
0
0
0
0
0
0
0
0
0
0
0
0
0
0
0
0
0
0
0
0
0
0
0
0
0
0
0
0
0
0
0
0
0
0
0
0
0
0
0
0
0
0
0
0
0
0
0
0
0
0
0
0
0
0
0
0
0
0
0
0
0
0
0
0
0
0
0
0
0
0
0
0
0
0
0
0
0
0
0
0
0
0
0
0
0
0
0
0
0
0
0
0
0
0
0
0
0
0
0
0
0
0
0
0
0
0
0
0
0
0
0
0
0
0
0
0
0
0
0
0
0
0
0
0
0
0
0
0
0
0
0
0
0
0
0
0
0
0
0
0
0
0
0
0
0
0
0
0
0
0
0
0
0
0
0
0
0
0
0
0
0
0
0
0
0
0
0
0
0
0
0
0
0
0
0
0
0
0
0
0
0
0
0
0
0
0
0
0
0
0
0
0
0
0
0
0
0
0
0
0
0
0
0
0
0
0
0
0
0
0
0
0
0
0
0
0
0
0
0
0
0
0
0
0
0
0
0
0
0
0
0
0
0
0
0
0
0
0
0
0
0
0
0
0
0
0
0
0
0
0
0
0
0
0
0
0
0
0
0
0
0
0
0
0
0
0
0
0
0
0
0
0
0
0
0
0
0
0
0
0
0
0
0
0
0
0
0
0
0
0
0
0
0
0
0
0
0
0
0
0
0
0
0
0
0
0
0
0
0
0
0
0
0
0
0
0
0
0
0
0
0
0
0
0
0
0
0
0
0
0
0
0
0
0
0
0
0
0
0
0
0
0
0
0
0
0
0
0
0
0
0
0
0
0
0
0
0
0
0
0
0
0
0
0
0
0
0
0
0
0
0
0
0
0
0
0
0
0
0
0
0
0
0
0
0
0
0
0
0
0
0
0
0
0
0
0
0
0
0
0
0
0
0
0
0
0
0
0
0
0
0
0
0
0
0
0
0
0
0
0
0
0
0
0
0
0
0
0
0
0
0
0
0
0
0
0
0
0
0
0
0
0
0
0
0
0
0
0
0
0
0
0
0
0
0
0
0
0
0
0
0
0
0
0
0
0
0
0
0
0
0
0
0
0
0
0
0
0
0
0
0
0
0
0
0
0
0
0
0
0
0
0
0
0
0
0
0
0
0
0
0
0
0
0
0
0
0
0
0
0
0
0
0
0
0
0
0
0
0
0
0
0
0
0
0
0
0
0
0
0
0
0
0
0
0
0
0
0
0
0
0
0
0
0
0
0
0
0
0
0
0
0
0
0
0
0
0
0
0
0
0
0
0
0
0
0
0
0
0
0
0
0
0
0
0
0
0
0
0
0
0
0
0
0
0
0
0
0
0
0
0
0
0
0
0
0
0
0
0
0
0
0
0
0
0
0
0
0
0
0
0
0
0
0
0
0
0
0
0
0
0
0
0
0
0
0
0
0
0
0
0
0
0
0
0
0
0
0
0
0
0
0
0
0
0
0
0
0
0
0
0
0
0
0
0
0
0
0
0
0
0
0
0
0
0
0
0
0
0
0
0
0
0
0
0
0
0
0
0
0
0
0
0
0
0
0
0
0
0
0
0
0
0
0
0
0
0
0
0
0
0
0
0
0
0
0
0
0
0
0
0
0
0
0
0
0
0
0
0
0
0
0
0
0
0
0
0
0
0
0
0
0
0
0
0
0
0
0
0
0
0
0
0
0
0
0
0
0
0
0
0
0
0
0
0
0
0
0
0
0
0
0
0
0
0
0
0
0
0
0
0
0
0
0
0
0
0
0
0
0
0
0
0
0
0
0
0
0
0
0
0
0
0
0
0
0
0
0
0
0
0
0
0
0
0
0
0
0
0
0
0
0
0
0
0
0
0
0
0
0
0
0
0
0
0
0
0
0
0
0
0
0
0
0
0
0
0
0
0
0
0
0
0
0
0
0
0
0
0
0
0
0
0
0
0
0
0
0
0
0
0
0
0
0
0
0
0
0
0
0
0
0
0
0
0
0
0
0
0
0
0
0
0
0
0
0
0
0
0
0
0
0
0
0
0
0
0
0
0
0
0
0
0
0
0
0
0
0
0
0
0
0
0
0
0
0
0
0
0
0
0
0
0
0
0
0
0
0
0
0
0
0
0
0
0
0
0
0
0
0
0
0
0
0
0
0
0
0
0
0
0
0
0
0
0
0
0
0
0
0
0
0
0
0
0
0
0
0
0
0
0
0
0
0
0
0
0
0
0
0
0
0
0
0
0
0
0
0
0
0
0
0
0
0
0
0
0
0
0
0
0
0
0
0
0
0
0
0
0
0
0
0
0
0
0
0
0
0
0
0
0
0
0
0
0
0
0
0
0
0
0
0
0
0
0
0
0
0
0
0
0
0
0
0
0
0
0
0
0
0
0
0
0
0
0
0
0
0
0
0
0
0
0
0
0
0
0
0
0
0
0
0
0
0
0
0
0
0
0
0
0
0
0
0
0
0
0
0
0
0
0
0
0
0
0
0
0
0
0
0
0
0
0
0
0
0
0
0
0
0
0
0
0
0
0
0
0
0
0
0
0
0
0
0
0
0
0
0
0
0
0
0
0
0
0
0
0
0
0
0
0
0
0
0
0
0
0
0
0
0
0
0
0
0
0
0
0
0
0
0
0
0
0
0
0
0
0
0
0
0
0
0
0
0
0
0
0
0
0
0
0
0
0
0
0
0
0
0
0
0
0
0
0
0
0
0
0
0
0
0
0
0
0
0
0
0
0
0
0
0
0
0
0
0
0
0
0
0
0
0
0
0
0
0
0
0
0
0
0
0
0
0
0
0
0
0
0
0
0
0
0
0
0
0
0
0
0
0
0
0
0
0
0
0
0
0
0
0
0
0
0
0
0
0
0
0
0
0
0
0
0
0
0
0
0
0
0
0
0
0
0
0
0
0
0
0
0
0
0
0
0
0
0
0
0
0
0
0
0
0
0
0
0
0
0
0
0
0
0
0
0
0
0
0
0
0
0
0
0
0
0
0
0
0
0
0
0
0
0
0
0
0
0
0
0
0
0
0
0
0
0
0
0
0
0
0
0
0
0
0
0
0
0
0
0
0
0
0
0
0
0
0
0
0
0
0
0
0
0
0
0
0
0
0
0
0
0
0
0
0
0
0
0
0
0
0
0
0
0
0
0
0
0
0
0
0
0
0
0
0
0
0
0
0
0
0
0
0
0
0
0
0
0
0
0
0
0
0
0
0
0
0
0
0
0
0
0
0
0
0
0
0
0
0
0
0
0
0
0
0
0
0
0
0
0
0
0
0
0
0
0
0
0
0
0
0
0
0
0
0
0
0
0
0
0
0
0
0
0
0
0
0
0
0
0
0
0
0
0
0
0
0
0
0
0
0
0
0
0
0
0
0
0
0
0
0
0
0
0
0
0
0
0
0
0
0
0
0
0
0
0
0
0
0
0
0
0
0
0
0
0
0
0
0
0
0
0
0
0
0
0
0
0
0
0
0
0
0
0
0
0
0
0
0
0
0
0
0
0
0
0
0
0
0
0
0
0
0
0
0
0
0
0
0
0
0
0
0
0
0
0
0
0
0
0
0
0
0
0
0
0
0
0
0
0
0
0
0
0
0
0
0
0
0
0
0
0
0
0
0
0
0
0
0
0
0
0
0
0
0
0
0
0
0
0
0
0
0
0
0
0
0
0
0
0
0
0
0
0
0
0
0
0
0
0
0
0
0
0
0
0
0
0
0
0
0
0
0
0
0
0
0
0
0
0
0
0
0
0
0
0
0
0
0
0
0
0
0
0
0
0
0
0
0
0
0
0
0
0
0
0
0
0
0
0
0
0
0
0
0
0
0
0
0
0
0
0
0
0
0
0
0
0
0
0
0
0
0
0
0
0
0
0
0
0
0
0
0
0
0
0
0
0
0
0
0
0
0
0
0
0
0
0
0
0
0
0
0
0
0
0
0
0
0
0
0
0
0
0
0
0
0
0
0
0
0
0
0
0
0
0
0
0
0
0
0
0
0
0
0
0
0
0
0
0
0
0
0
0
0
0
0
0
0
0
0
0
0
0
0
0
0
0
0
0
0
0
0
0
0
0
0
0
0
0
0
0
0
0
0
0
0
0
0
0
0
0
0
0
0
0
0
0
0
0
0
0
0
0
0
0
0
0
0
0
0
0
0
0
0
0
0
0
0
0
0
0
0
0
0
0
0
0
0
0
0
0
0
0
0
0
0
0
0
0
0
0
0
0
0
0
0
0
0
0
0
0
0
0
0
0
0
0
0
0
0
0
0
0
0
0
0
0
0
0
0
0
0
0
0
0
0
0
0
0
0
0
0
0
0
0
0
0
0
0
0
0
0
0
0
0
0
0
0
0
0
0
0
0
0
0
0
0
0
0
0
0
0
0
0
0
0
0
0
0
0
0
0
0
0
0
0
0
0
0
0
0
0
0
0
0
0
0
0
0
0
0
0
0
0
0
0
0
0
0
0
0
0
0
0
0
0
0
0
0
0
0
0
0
0
0
0
0
0
0
0
0
0
0
0
0
0
0
0
0
0
0
0
0
0
0
0
0
0
0
0
0
0
0
0
0
0
0
0
0
0
0
0
0
0
0
0
0
0
0
0
0
0
0
0
0
0
0
0
0
0
0
0
0
0
0
0
0
0
0
0
0
0
0
0
0
0
0
0
0
0
0
0
0
0
0
0
0
0
0
0
0
0
0
0
0
0
0
0
0
0
0
0
0
0
0
0
0
0
0
0
0
0
0
0
0
0
0
0
0
0
0
0
0
0
0
0
0
0
0
0
0
0
0
0
0
0
0
0
0
0
0
0
0
0
0
0
0
0
0
0
0
0
0
0
0
0
0
0
0
0
0
0
0
0
0
0
0
0
0
0
0
0
0
0
0
0
0
0
0
0
0
0
0
0
0
0
0
0
0
0
0
0
0
0
0
0
0
0
0
0
0
0
0
0
0
0
0
0
0
0
0
0
0
0
0
0
0
0
0
0
0
0
0
0
0
0
0
0
0
0
0
0
0
0
0
0
0
0
0
0
0
0
0
0
0
0
0
0
0
0
0
0
0
0
0
0
0
0
0
0
0
0
0
0
0
0
0
0
0
0
0
0
0
0
0
0
0
0
0
0
0
0
0
0
0
0
0
0
0
0
0
0
0
0
0
0
0
0
0
0
0
0
0
0
0
0
0
0
0
0
0
0
0
0
0
0
0
0
0
0
0
0
0
0
0
0
0
0
0
0
0
0
0
0
0
0
0
0
0
0
0
0
0
0
0
0
0
0
0
0
0
0
0
0
0
0
0
0
0
0
0
0
0
0
0
0
0
0
0
0
0
0
0
0
0
0
0
0
0
0
0
0
0
0
0
0
0
0
0
0
0
0
0
0
0
0
0
0
0
0
0
0
0
0
0
0
0
0
0
0
0
0
0
0
0
0
0
0
0
0
0
0
0
0
0
0
0
0
0
0
0
0
0
0
0
0
0
0
0
0
0
0
0
0
0
0
0
0
0
0
0
0
0
0
0
0
0
0
0
0
0
0
0
0
0
0
0
0
0
0
0
0
0
0
0
0
0
0
0
0
0
0
0
0
0
0
0
0
0
0
0
0
0
0
0
0
0
0
0
0
0
0
0
0
0
0
0
0
0
0
0
0
0
0
0
0
0
0
0
0
0
0
0
0
0
0
0
0
0
0
0
0
0
0
0
0
0
0
0
0
0
0
0
0
0
0
0
0
0
0
0
0
0
0
0
0
0
0
0
0
0
0
0
0
0
0
0
0
0
0
0
0
0
0
0
0
0
0
0
0
0
0
0
0
0
0
0
0
0
0
0
0
0
0
0
0
0
0
0
0
0
0
0
0
0
0
0
0
0
0
0
0
0
0
0
0
0
0
0
0
0
0
0
0
0
0
0
0
0
0
0
0
0
0
0
0
0
0
0
0
0
0
0
0
0
0
0
0
0
0
0
0
0
0
0
0
0
0
0
0
0
0
0
0
0
0
0
0
0
0
0
0
0
0
0
0
0
0
0
0
0
0
0
0
0
0
0
0
0
0
0
0
0
0
0
0
0
0
0
0
0
0
0
0
0
0
0
0
0
0
0
0
0
0
0
0
0
0
0
0
0
0
0
0
0
0
0
0
0
0
0
0
0
0
0
0
0
0
0
0
0
0
0
0
0
0
0
0
0
0
0
0
0
0
0
0
0
0
0
0
0
0
0
0
0
0
0
0
0
0
0
0
0
0
0
0
0
0
0
0
0
0
0
0
0
0
0
0
0
0
0
0
0
0
0
0
0
0
0
0
0
0
0
0
0
0
0
0
0
0
0
0
0
0
0
0
0
0
0
0
0
0
0
0
0
0
0
0
0
0
0
0
0
0
0
0
0
0
0
0
0
0
0
0
0
0
0
0
0
0
0
0
0
0
0
0
0
0
0
0
0
0
0
0
0
0
0
0
0
0
0
0
0
0
0
0
0
0
0
0
0
0
0
0
0
0
0
0
0
0
0
0
0
0
0
0
0
0
0
0
0
0
0
0
0
0
0
0
0
0
0
0
0
0
0
0
0
0
0
0
0
0
0
0
0
0
0
0
0
0
0
0
0
0
0
0
0
0
0
0
0
0
0
0
0
0
0
0
0
0
0
0
0
0
0
0
0
0
0
0
0
0
0
0
0
0
0
0
0
0
0
0
0
0
0
0
0
0
0
0
0
0
0
0
0
0
0
0
0
0
0
0
0
0
0
0
0
0
0
0
0
0
0
0
0
0
0
0
0
0
0
0
0
0
0
0
0
0
0
0
0
0
0
0
0
0
0
0
0
0
0
0
0
0
0
0
0
0
0
0
0
0
0
0
0
0
0
0
0
0
0
0
0
0
0
0
0
0
0
0
0
0
0
0
0
0
0
0
0
0
0
0
0
0
0
0
0
0
0
0
0
0
0
0
0
0
0
0
0
0
0
0
0
0
0
0
0
0
0
0
0
0
0
0
0
0
0
0
0
0
0
0
0
0
0
0
0
0
0
0
0
0
0
0
0
0
0
0
0
0
0
0
0
0
0
0
0
0
0
0
0
0
0
0
0
0
0
0
0
0
0
0
0
0
0
0
0
0
0
0
0
0
0
0
0
0
0
0
0
0
0
0
0
0
0
0
0
0
0
0
0
0
0
0
0
0
0
0
0
0
0
0
0
0
0
0
0
0
0
0
0
0
0
0
0
0
0
0
0
0
0
0
0
0
0
0
0
0
0
0
0
0
0
0
0
0
0
0
0
0
0
0
0
0
0
0
0
0
0
0
0
0
0
0
0
0
0
0
0
0
0
0
0
0
0
0
0
0
0
0
0
0
0
0
0
0
0
0
0
0
0
0
0
0
0
0
0
0
0
0
0
0
0
0
0
0
0
0
0
0
0
0
0
0
0
0
0
0
0
0
0
0
0
0
0
0
0
0
0
0
0
0
0
0
0
0
0
0
0
0
0
0
0
0
0
0
0
0
0
0
0
0
0
0
0
0
0
0
0
0
0
0
0
0
0
0
0
0
0
0
0
0
0
0
0
0
0
0
0
0
0
0
0
0
0
0
0
0
0
0
0
0
0
0
0
0
0
0
0
0
0
0
0
0
0
0
0
0
0
0
0
0
0
0
0
0
0
0
0
0
0
0
0
0
0
0
0
0
0
0
0
0
0
0
0
0
0
0
0
0
0
0
0
0
0
0
0
0
0
0
0
0
0
0
0
0
0
0
0
0
0
0
0
0
0
0
0
0
0
0
0
0
0
0
0
0
0
0
0
0
0
0
0
0
0
0
0
0
0
0
0
0
0
0
0
0
0
0
0
0
0
0
0
0
0
0
0
0
0
0
0
0
0
0
0
0
0
0
0
0
0
0
0
0
0
0
0
0
0
0
0
0
0
0
0
0
0
0
0
0
0
0
0
0
0
0
0
0
0
0
0
0
0
0
0
0
0
0
0
0
0
0
0
0
0
0
0
0
0
0
0
0
0
0
0
0
0
0
0
0
0
0
0
0
0
0
0
0
0
0
0
0
0
0
0
0
0
0
0
0
0
0
0
0
0
0
0
0
0
0
0
0
0
0
0
0
0
0
0
0
0
0
0
0
0
0
0
0
0
0
0
0
0
0
0
0
0
0
0
0
0
0
0
0
0
0
0
0
0
0
0
0
0
0
0
0
0
0
0
0
0
0
0
0
0
0
0
0
0
0
0
0
0
0
0
0
0
0
0
0
0
0
0
0
0
0
0
0
0
0
0
0
0
0
0
0
0
0
0
0
0
0
0
0
0
0
0
0
0
0
0
0
0
0
0
0
0
0
0
0
0
0
0
0
0
0
0
0
0
0
0
0
0
0
0
0
0
0
0
0
0
0
0
0
0
0
0
0
0
0
0
0
0
0
0
0
0
0
0
0
0
0
0
0
0
0
0
0
0
0
0
0
0
0
0
0
0
0
0
0
0
0
0
0
0
0
0
0
0
0
0
0
0
0
0
0
0
0
0
0
0
0
0
0
0
0
0
0
0
0
0
0
0
0
0
0
0
0
0
0
0
0
0
0
0
0
0
0
0
0
0
0
0
0
0
0
0
0
0
0
0
0
0
0
0
0
0
0
0
0
0
0
0
0
0
0
0
0
0
0
0
0
0
0
0
0
0
0
0
0
0
0
0
0
0
0
0
0
0
0
0
0
0
0
0
0
0
0
0
0
0
0
0
0
0
0
0
0
0
0
0
0
0
0
0
0
0
0
0
0
0
0
0
0
0
0
0
0
0
0
0
0
0
0
0
0
0
0
0
0
0
0
0
0
0
0
0
0
0
0
0
0
0
0
0
0
0
0
0
0
0
0
0
0
0
0
0
0
0
0
0
0
0
0
0
0
0
0
0
0
0
0
0
0
0
0
0
0
0
0
0
0
0
0
0
0
0
0
0
0
0
0
0
0
0
0
0
0
0
0
0
0
0
0
0
0
0
0
0
0
0
0
0
0
0
0
0
0
0
0
0
0
0
0
0
0
0
0
0
0
0
0
0
0
0
0
0
0
0
0
0
0
0
0
0
0
0
0
0
0
0
0
0
0
0
0
0
0
0
0
0
0
0
0
0
0
0
0
0
0
0
0
0
0
0
0
0
0
0
0
0
0
0
0
0
0
0
0
0
0
0
0
0
0
0
0
0
0
0
0
0
0
0
0
0
0
0
0
0
0
0
0
0
0
0
0
0
0
0
0
0
0
0
0
0
0
0
0
0
0
0
0
0
0
0
0
0
0
0
0
0
0
0
0
0
0
0
0
0
0
0
0
0
0
0
0
0
0
0
0
0
0
0
0
0
0
0
0
0
0
0
0
0
0
0
0
0
0
0
0
0
0
0
0
0
0
0
0
0
0
0
0
0
0
0
0
0
0
0
0
0
0
0
0
0
0
0
0
0
0
0
0
0
0
0
0
0
0
0
0
0
0
0
0
0
0
0
0
0
0
0
0
0
0
0
0
0
0
0
0
0
0
0
0
0
0
0
0
0
0
0
0
0
0
0
0
0
0
0
0
0
0
0
0
0
0
0
0
0
0
0
0
0
0
0
0
0
0
0
0
0
0
0
0
0
0
0
0
0
0
0
0
0
0
0
0
0
0
0
0
0
0
0
0
0
0
0
0
0
0
0
0
0
0
0
0
0
0
0
0
0
0
0
0
0
0
0
0
0
0
0
0
0
0
0
0
0
0
0
0
0
0
0
0
0
0
0
0
0
0
0
0
0
0
0
0
0
0
0
0
0
0
0
0
0
0
0
0
0
0
0
0
0
0
0
0
0
0
0
0
0
0
0
0
0
0
0
0
0
0
0
0
0
0
0
0
0
0
0
0
0
0
0
0
0
0
0
0
0
0
0
0
0
0
0
0
0
0
0
0
0
0
0
0
0
0
0
0
0
0
0
0
0
0
0
0
0
0
0
0
0
0
0
0
0
0
0
0
0
0
0
0
0
0
0
0
0
0
0
0
0
0
0
0
0
0
0
0
0
0
0
0
0
0
0
0
0
0
0
0
0
0
0
0
0
0
0
0
0
0
0
0
0
0
0
0
0
0
0
0
0
0
0
0
0
0
0
0
0
0
0
0
0
0
0
0
0
0
0
0
0
0
0
0
0
0
0
0
0
0
0
0
0
0
0
0
0
0
0
0
0
0
0
0
0
0
0
0
0
0
0
0
0
0
0
0
0
0
0
0
0
0
0
0
0
0
0
0
0
0
0
0
0
0
0
0
0
0
0
0
0
0
0
0
0
0
0
0
0
0
0
0
0
0
0
0
0
0
0
0
0
0
0
0
0
0
0
0
0
0
0
0
0
0
0
0
0
0
0
0
0
0
0
0
0
0
0
0
0
0
0
0
0
0
0
0
0
0
0
0
0
0
0
0
0
0
0
0
0
0
0
0
0
0
0
0
0
0
0
0
0
0
0
0
0
0
0
0
0
0
0
0
0
0
0
0
0
0
0
0
0
0
0
0
0
0
0
0
0
0
0
0
0
0
0
0
0
0
0
0
0
0
0
0
0
0
0
0
0
0
0
0
0
0
0
0
0
0
0
0
0
0
0
0
0
0
0
0
0
0
0
0
0
0
0
0
0
0
0
0
0
0
0
0
0
0
0
0
0
0
0
0
0
0
0
0
0
0
0
0
0
0
0
0
0
0
0
0
0
0
0
0
0
0
0
0
0
0
0
0
0
0
0
0
0
0
0
0
0
0
0
0
0
0
0
0
0
0
0
0
0
0
0
0
0
0
0
0
0
0
0
0
0
0
0
0
0
0
0
0
0
0
0
0
0
0
0
0
0
0
0
0
0
0
0
0
0
0
0
0
0
0
0
0
0
0
0
0
0
0
0
0
0
0
0
0
0
0
0
0
0
0
0
0
0
0
0
0
0
0
0
0
0
0
0
0
0
0
0
0
0
0
0
0
0
0
0
0
0
0
0
0
0
0
0
0
0
0
0
0
0
0
0
0
0
0
0
0
0
0
0
0
0
0
0
0
0
0
0
0
0
0
0
0
0
0
0
0
0
0
0
0
0
0
0
0
0
0
0
0
0
0
0
0
0
0
0
0
0
0
0
0
0
0
0
0
0
0
0
0
0
0
0
0
0
0
0
0
0
0
0
0
0
0
0
0
0
0
0
0
0
0
0
0
0
0
0
0
0
0
0
0
0
0
0
0
0
0
0
0
0
0
0
0
0
0
0
0
0
0
0
0
0
0
0
0
0
0
0
0
0
0
0
0
0
0
0
0
0
0
0
0
0
0
0
0
0
0
0
0
0
0
0
0
0
0
0
0
0
0
0
0
0
0
0
0
0
0
0
0
0
0
0
0
0
0
0
0
0
0
0
0
0
0
0
0
0
0
0
0
0
0
0
0
0
0
0
0
0
0
0
0
0
0
0
0
0
0
0
0
0
0
0
0
0
0
0
0
0
0
0
0
0
0
0
0
0
0
0
0
0
0
0
0
0
0
0
0
0
0
0
0
0
0
0
0
0
0
0
0
0
0
0
0
0
0
0
0
0
0
0
0
0
0
0
0
0
0
0
0
0
0
0
0
0
0
0
0
0
0
0
0
0
0
0
0
0
0
0
0
0
0
0
0
0
0
0
0
0
0
0
0
0
0
0
0
0
0
0
0
0
0
0
0
0
0
0
0
0
0
0
0
0
0
0
0
0
0
0
0
0
0
0
0
0
0
0
0
0
0
0
0
0
0
0
0
0
0
0
0
0
0
0
0
0
0
0
0
0
0
0
0
0
0
0
0
0
0
0
0
0
0
0
0
0
0
0
0
0
0
0
0
0
0
0
0
0
0
0
0
0
0
0
0
0
0
0
0
0
0
0
0
0
0
0
0
0
0
0
0
0
0
0
0
0
0
0
0
0
0
0
0
0
0
0
0
0
0
0
0
0
0
0
0
0
0
0
0
0
0
0
0
0
0
0
0
0
0
0
0
0
0
0
0
0
0
0
0
0
0
0
0
0
0
0
0
0
0
0
0
0
0
0
0
0
0
0
0
0
0
0
0
0
0
0
0
0
0
0
0
0
0
0
0
0
0
0
0
0
0
0
0
0
0
0
0
0
0
0
0
0
0
0
0
0
0
0
0
0
0
0
0
0
0
0
0
0
0
0
0
0
0
0
0
0
0
0
0
0
0
0
0
0
0
0
0
0
0
0
0
0
0
0
0
0
0
0
0
0
0
0
0
0
0
0
0
0
0
0
0
0
0
0
0
0
0
0
0
0
0
0
0
0
0
0
0
0
0
0
0
0
0
0
0
0
0
0
0
0
0
0
0
0
0
0
0
0
0
0
0
0
0
0
0
0
0
0
0
0
0
0
0
0
0
0
0
0
0
0
0
0
0
0
0
0
0
0
0
0
0
0
0
0
0
0
0
0
0
0
0
0
0
0
0
0
0
0
0
0
0
0
0
0
0
0
0
0
0
0
0
0
0
0
0
0
0
0
0
0
0
0
0
0
0
0
0
0
0
0
0
0
0
0
0
0
0
0
0
0
0
0
0
0
0
0
0
0
0
0
0
0
0
0
0
0
0
0
0
0
0
0
0
0
0
0
0
0
0
0
0
0
0
0
0
0
0
0
0
0
0
0
0
0
0
0
0
0
0
0
0
0
0
0
0
0
0
0
0
0
0
0
0
0
0
0
0
0
0
0
0
0
0
0
0
0
0
0
0
0
0
0
0
0
0
0
0
0
0
0
0
0
0
0
0
0
0
0
0
0
0
0
0
0
0
0
0
0
0
0
0
0
0
0
0
0
0
0
0
0
0
0
0
0
0
0
0
0
0
0
0
0
0
0
0
0
0
0
0
0
0
0
0
0
0
0
0
0
0
0
0
0
0
0
0
0
0
0
0
0
0
0
0
0
0
0
0
0
0
0
0
0
0
0
0
0
0
0
0
0
0
0
0
0
0
0
0
0
0
0
0
0
0
0
0
0
0
0
0
0
0
0
0
0
0
0
0
0
0
0
0
0
0
0
0
0
0
0
0
0
0
0
0
0
0
0
0
0
0
0
0
0
0
0
0
0
0
0
0
0
0
0
0
0
0
0
0
0
0
0
0
0
0
0
0
0
0
0
0
0
0
0
0
0
0
0
0
0
0
0
0
0
0
0
0
0
0
0
0
0
0
0
0
0
0
0
0
0
0
0
0
0
0
0
0
0
0
0
0
0
0
0
0
0
0
0
0
0
0
0
0
0
0
0
0
0
0
0
0
0
0
0
0
0
0
0
0
0
0
0
0
0
0
0
0
0
0
0
0
0
0
0
0
0
0
0
0
0
0
0
0
0
0
0
0
0
0
0
0
0
0
0
0
0
0
0
0
0
0
0
0
0
0
0
0
0
0
0
0
0
0
0
0
0
0
0
0
0
0
0
0
0
0
0
0
0
0
0
0
0
0
0
0
0
0
0
0
0
0
0
0
0
0
0
0
0
0
0
0
0
0
0
0
0
0
0
0
0
0
0
0
0
0
0
0
0
0
0
0
0
0
0
0
0
0
0
0
0
0
0
0
0
0
0
0
0
0
0
0
0
0
0
0
0
0
0
0
0
0
0
0
0
0
0
0
0
0
0
0
0
0
0
0
0
0
0
0
0
0
0
0
0
0
0
0
0
0
0
0
0
0
0
0
0
0
0
0
0
0
0
0
0
0
0
0
0
0
0
0
0
0
0
0
0
0
0
0
0
0
0
0
0
0
0
0
0
0
0
0
0
0
0
0
0
0
0
0
0
0
0
0
0
0
0
0
0
0
0
0
0
0
0
0
0
0
0
0
0
0
0
0
0
0
0
0
0
0
0
0
0
0
0
0
0
0
0
0
0
0
0
0
0
0
0
0
0
0
0
0
0
0
0
0
0
0
0
0
0
0
0
0
0
0
0
0
0
0
0
0
0
0
0
0
0
0
0
0
0
0
0
0
0
0
0
0
0
0
0
0
0
0
0
0
0
0
0
0
0
0
0
0
0
0
0
0
0
0
0
0
0
0
0
0
0
0
0
0
0
0
0
0
0
0
0
0
0
0
0
0
0
0
0
0
0
0
0
0
0
0
0
0
0
0
0
0
0
0
0
0
0
0
0
0
0
0
0
0
0
0
0
0
0
0
0
0
0
0
0
0
0
0
0
0
0
0
0
0
0
0
0
0
0
0
0
0
0
0
0
0
0
0
0
0
0
0
0
0
0
0
0
0
0
0
0
0
0
0
0
0
0
0
0
0
0
0
0
0
0
0
0
0
0
0
0
0
0
0
0
0
0
0
0
0
0
0
0
0
0
0
0
0
0
0
0
0
0
0
0
0
0
0
0
0
0
0
0
0
0
0
0
0
0
0
0
0
0
0
0
0
0
0
0
0
0
0
0
0
0
0
0
0
0
0
0
0
0
0
0
0
0
0
0
0
0
0
0
0
0
0
0
0
0
0
0
0
0
0
0
0
0
0
0
0
0
0
0
0
0
0
0
0
0
0
0
0
0
0
0
0
0
0
0
0
0
0
0
0
0
0
0
0
0
0
0
0
0
0
0
0
0
0
0
0
0
0
0
0
0
0
0
0
0
0
0
0
0
0
0
0
0
0
0
0
0
0
0
0
0
0
0
0
0
0
0
0
0
0
0
0
0
0
0
0
0
0
0
0
0
0
0
0
0
0
0
0
0
0
0
0
0
0
0
0
0
0
0
0
0
0
0
0
0
0
0
0
0
0
0
0
0
0
0
0
0
0
0
0
0
0
0
0
0
0
0
0
0
0
0
0
0
0
0
0
0
0
0
0
0
0
0
0
0
0
0
0
0
0
0
0
0
0
0
0
0
0
0
0
0
0
0
0
0
0
0
0
0
0
0
0
0
0
0
0
0
0
0
0
0
0
0
0
0
0
0
0
0
0
0
0
0
0
0
0
0
0
0
0
0
0
0
0
0
0
0
0
0
0
0
0
0
0
0
0
0
0
0
0
0
0
0
0
0
0
0
0
0
0
0
0
0
0
0
0
0
0
0
0
0
0
0
0
0
0
0
0
0
0
0
0
0
0
0
0
0
0
0
0
0
0
0
0
0
0
0
0
0
0
0
0
0
0
0
0
0
0
0
0
0
0
0
0
0
0
0
0
0
0
0
0
0
0
0
0
0
0
0
0
0
0
0
0
0
0
0
0
0
0
0
0
0
0
0
0
0
0
0
0
0
0
0
0
0
0
0
0
0
0
0
0
0
0
0
0
0
0
0
0
0
0
0
0
0
0
0
0
0
0
0
0
0
0
0
0
0
0
0
0
0
0
0
0
0
0
0
0
0
0
0
0
0
0
0
0
0
0
0
0
0
0
0
0
0
0
0
0
0
0
0
0
0
0
0
0
0
0
0
0
0
0
0
0
0
0
0
0
0
0
0
0
0
0
0
0
0
0
0
0
0
0
0
0
0
0
0
0
0
0
0
0
0
0
0
0
0
0
0
0
0
0
0
0
0
0
0
0
0
0
0
0
0
0
0
0
0
0
0
0
0
0
0
0
0
0
0
0
0
0
0
0
0
0
0
0
0
0
0
0
0
0
0
0
0
0
0
0
0
0
0
0
0
0
0
0
0
0
0
0
0
0
0
0
0
0
0
0
0
0
0
0
0
0
0
0
0
0
0
0
0
0
0
0
0
0
0
0
0
0
0
0
0
0
0
0
0
0
0
0
0
0
0
0
0
0
0
0
0
0
0
0
0
0
0
0
0
0
0
0
0
0
0
0
0
0
0
0
0
0
0
0
0
0
0
0
0
0
0
0
0
0
0
0
0
0
0
0
0
0
0
0
0
0
0
0
0
0
0
0
0
0
0
0
0
0
0
0
0
0
0
0
0
0
0
0
0
0
0
0
0
0
0
0
0
0
0
0
0
0
0
0
0
0
0
0
0
0
0
0
0
0
0
0
0
0
0
0
0
0
0
0
0
0
0
0
0
0
0
0
0
0
0
0
0
0
0
0
0
0
0
0
0
0
0
0
0
0
0
0
0
0
0
0
0
0
0
0
0
0
0
0
0
0
0
0
0
0
0
0
0
0
0
0
0
0
0
0
0
0
0
0
0
0
0
0
0
0
0
0
0
0
0
0
0
0
0
0
0
0
0
0
0
0
0
0
0
0
0
0
0
0
0
0
0
0
0
0
0
0
0
0
0
0
0
0
0
0
0
0
0
0
0
0
0
0
0
0
0
0
0
0
0
0
0
0
0
0
0
0
0
0
0
0
0
0
0
0
0
0
0
0
0
0
0
0
0
0
0
0
0
0
0
0
0
0
0
0
0
0
0
0
0
0
0
0
0
0
0
0
0
0
0
0
0
0
0
0
0
0
0
0
0
0
0
0
0
0
0
0
0
0
0
0
0
0
0
0
0
0
0
0
0
0
0
0
0
0
0
0
0
0
0
0
0
0
0
0
0
0
0
0
0
0
0
0
0
0
0
0
0
0
0
0
0
0
0
0
0
0
0
0
0
0
0
0
0
0
0
0
0
0
0
0
0
0
0
0
0
0
0
0
0
0
0
0
0
0
0
0
0
0
0
0
0
0
0
0
0
0
0
0
0
0
0
0
0
0
0
0
0
0
0
0
0
0
0
0
0
0
0
0
0
0
0
0
0
0
0
0
0
0
0
0
0
0
0
0
0
0
0
0
0
0
0
0
0
0
0
0
0
0
0
0
0
0
0
0
0
0
0
0
0
0
0
0
0
0
0
0
0
0
0
0
0
0
0
0
0
0
0
0
0
0
0
0
0
0
0
0
0
0
0
0
0
0
0
0
0
0
0
0
0
0
0
0
0
0
0
0
0
0
0
0
0
0
0
0
0
0
0
0
0
0
0
0
0
0
0
0
0
0
0
0
0
0
0
0
0
0
0
0
0
0
0
0
0
0
0
0
0
0
0
0
0
0
0
0
0
0
0
0
0
0
0
0
0
0
0
0
0
0
0
0
0
0
0
0
0
0
0
0
0
0
0
0
0
0
0
0
0
0
0
0
0
0
0
0
0
0
0
