53
145
-2605
-495
-942
-1150
-1655
-107
446
-2935
-272
-1937
-2034
-748
-72
75
-150
-176
-1483
-2406
83
-1679
-14311
-399
434
-1522
-1839
-1313
-2512
-14908
-146
582
-27
-45
-2267
745
-1110
-951
-1382
-170
437
-3566
-24
-2288
-2446
-322
-201
66
-48
490
-1187
-2195
-887
-1275
-15868
-253
-695
-3020
-2147
-1573
-2597
-13663
-112
-557
-118
2
-1815
2330
-1127
-765
-1404
-147
669
-2627
2324
-1303
-2351
-1338
-15
464
-60
-39
-2367
-2212
-1933
-1210
-16122
-296
-150
-4353
-2175
-2693
-2334
-14753
-199
-158
-84
-253
-1191
1540
-835
-893
-1141
-133
427
-1910
1819
-298
-1973
-1552
169
918
0
260
-1978
-1121
-2257
-1053
-15160
-133
225
-3594
-1764
-2101
-2132
-14322
-24
7
-161
-513
-1330
442
-23
-1618
-1464
-228
163
-1899
5
-488
-1906
-587
-46
784
-35
-2
-2010
-1173
-2355
-1335
-13414
-97
165
-4197
-1357
-1576
-2258
-13968
110
200
-133
-379
-1618
371
-177
-1554
-1432
-232
389
-2222
722
199
-1897
-1900
-108
879
-59
-270
-1847
-999
-2247
-1290
-14336
-169
-378
-3671
-1332
-1904
-2034
-14197
47
-180
-161
-227
-2336
1008
-1491
-1326
-1458
-240
876
-2968
2452
-1242
-1962
-2869
-100
1026
-113
-569
-1386
-951
-1477
-1311
-16042
-256
-488
-2806
-1683
-1835
-2013
-15631
-49
-108
-214
6
-2282
906
-1445
-1331
-1521
-199
984
-2492
1896
-971
-1854
-2540
-157
584
-84
-498
-1912
-1008
-1239
-1475
-16650
-308
-170
-2949
-1267
-1798
-2171
-17345
9
-811
25
432
-2596
42
-1658
-2232
-2606
-137
730
-3221
-488
-4418
-3676
-1078
-83
687
-202
470
-1805
-2504
-2333
-2532
-23545
-338
349
-3624
-2522
-2893
-3956
-22590
-168
551
-112
1969
-3018
568
-1405
-3367
-2916
-166
2558
-3582
-262
-3714
-4197
-117
-231
1850
-146
249
-2400
-890
-4408
-2731
-23117
-22
-330
-4934
-2885
-4340
-4434
-23133
-5
-660
-217
1514
-2994
1151
-142
-2812
-2593
-140
1057
-2940
2307
-1158
-3042
-2277
-52
379
11
-405
-3646
-1852
-4046
-2432
-15565
-139
-251
-4442
-2567
-4086
-2653
-17944
71
-85
-57
-40
-1691
-1188
-1960
-2119
-2220
-9
-626
-2144
-859
-817
-2093
137
220
567
102
-78
-2580
-2812
202
-2027
-13660
-81
427
-4060
-1997
-1203
-2095
-17507
246
90
-97
-293
-731
-678
-456
-2517
-2003
-76
-194
-2431
-1695
-1557
-3474
1323
-43
411
-20
524
-3538
-2538
-431
-1853
-16745
-86
40
-7227
-2819
-1822
-3260
-14572
285
-1056
-217
-97
-2866
-927
-1080
-3349
-2853
-143
842
-3407
409
-2132
-3318
-2247
-132
1123
-185
866
-3614
-3126
-177
-2672
-14955
-167
70
-5690
-2880
-819
-2813
-15798
216
-99
-238
789
-4425
-157
-2811
-2992
-2949
-158
702
-4685
2428
-3168
-3526
-4007
-120
728
-170
85
-3254
-3144
802
-2837
-15003
-178
-201
-4498
-3283
-723
-2991
-15307
247
58
-108
215
-3261
-58
-1812
-2682
-2571
23
435
-2771
1535
-1655
-2738
-3000
-64
1
-240
-1154
-3425
-1876
54
-2484
-13431
-288
-1406
-4064
-1505
-991
-2329
-15499
107
-2113
180
312
-3552
591
-3295
-3707
-4540
17
766
-5160
-1772
-7061
-5991
-974
61
430
-258
310
-3077
-4276
-4005
-4471
-18679
-385
1455
-6047
-2700
-6658
-6392
-14723
-88
1805
40
2222
-4134
2324
-4606
-5605
-4733
-98
1386
-8488
231
-8381
-9923
-3439
-82
-93
-376
917
-5241
-549
-6265
-4640
-29857
-37
918
-9436
-6664
-9987
-9522
-12774
12
198
87
1288
-3921
1830
-1824
-3104
-3433
120
417
-3966
2608
-1577
-3685
-1885
108
-25
-104
-1234
-4396
-1479
-4850
-3219
-18171
-146
-3016
-5133
-2830
-5814
-3353
-21355
68
-3028
53
109
-1472
-1613
-1347
-616
-1761
-54
-858
-2321
-1908
-412
-1521
-25
136
515
257
-869
-1980
-2783
28
-1654
-14044
-12
-598
-3294
-1095
-2011
-1089
-14693
223
-384
32
51
-555
-1031
-527
-1512
-1403
-101
-628
-1377
-1489
-858
-2421
-266
-4
-36
6
-73
-2125
-2088
-88
-1271
-20597
-13
311
-5024
-869
-1333
-1311
-19635
202
25
-73
90
-2382
-700
-1153
-3265
-2875
-160
-288
-2781
1379
-2461
-3299
-4288
-22
283
-147
23
-2806
-3009
-1234
-2744
-16100
-52
-223
-5141
-1741
-1069
-2007
-15830
162
-381
-173
0
-3014
12
-1051
-1322
-1970
-148
-475
-3604
2430
-1530
-2533
-4341
-85
125
-159
-60
-2179
-1722
-1471
-1925
-17234
-78
-117
-3596
-2148
-2003
-1903
-15384
143
200
-127
-569
-2214
-338
-1159
-1681
-1945
16
-677
-1868
1057
-996
-2204
-2978
-49
-306
-277
-1057
-2483
-971
-638
-1848
-14600
-220
-698
-3252
-975
-1437
-1525
-14691
59
-825
346
1083
-4026
-3675
-4600
-2755
-5108
447
1427
-3359
-2140
-4796
-3448
-2757
276
649
-398
1736
-4823
518
-3746
-5131
-18767
-272
1665
-5738
-2856
-3499
-4625
-21833
22
1857
524
5056
-7723
-5921
-6938
-5597
-6959
630
2829
-6957
-2050
-4729
-5681
-5679
30
1208
-541
548
-6034
6889
-8349
-7214
-15918
-34
871
-7373
-5866
-4973
-7850
-16924
45
238
465
1008
-4662
-1684
-2325
-2284
-3532
638
-531
-3562
530
-596
-2409
-2314
122
152
-305
-2340
-3580
2385
-5730
-3355
-20891
-176
-3969
-4077
-2185
-3921
-2334
-26860
25
-2687
244
-233
-1623
-796
-934
19
-1094
127
-982
-3293
-938
-1350
-1825
74
-25
21
162
-849
-1128
-1733
-364
-969
-17029
-52
-362
-3259
-1578
-2006
-464
-13916
100
377
24
-65
-1480
-390
-871
-1385
-1282
-102
51
-2508
-744
-1649
-2150
-847
-17
-84
-31
286
-1068
-2026
25
-1137
-19515
-34
996
-3803
-915
-837
-1032
-18261
84
485
-50
560
-3267
907
-1440
-3657
-3037
-135
350
-3770
3012
-2981
-3398
-4782
-32
79
-114
-52
-3667
-2487
-1597
-2892
-14392
-11
214
-5773
-1954
-1283
-2057
-13493
118
270
-112
399
-3024
1126
-1240
-1709
-2048
-158
392
-3672
3196
-2038
-2682
-4639
-51
644
-125
-171
-3061
-1316
-2003
-2049
-15578
-18
-334
-4664
-2292
-2557
-2030
-12543
136
-26
-72
138
-2112
382
-991
-1770
-1926
-17
133
-1912
1411
-1771
-2557
-3170
-49
144
-257
-1044
-2615
-982
-1357
-1832
-15067
-191
-660
-3487
-1297
-2233
-1715
-13990
62
-875
385
33
-4930
-5208
-6586
-3907
-5841
541
-984
-3877
-2531
-3371
-4169
-6567
203
-929
-316
4597
-6704
4505
-5178
-5666
-17028
-112
3925
-6444
-5384
-2852
-4882
-17992
164
2897
911
-749
-11915
-9849
-12250
-8375
-11337
1255
-662
-5594
-1909
-2522
-2957
-8696
112
-171
-657
247
-10413
11220
-12679
-11276
6361
-36
299
-7416
-6195
-3991
-6640
-19269
22
414
615
-1
-5585
-3106
-5117
-3127
-5173
629
-657
-4461
261
-1133
-2926
-6404
26
281
-232
-5575
-5513
4830
-7251
-4798
-21117
-64
-6294
-5164
-4437
-4775
-3565
-24386
236
-4610
220
-34
-2320
-617
-2311
-209
-1431
-30
74
-3749
-311
-2883
-2057
-1273
6
539
205
-303
-1273
-1710
410
-1160
-20942
36
108
-3411
-2821
-1197
-219
-17210
213
1131
-1
432
-2782
-44
-2296
-2291
-2003
-82
602
-4300
-310
-3609
-3166
-580
34
364
-73
919
-1365
-2720
627
-1814
-18214
32
1098
-4528
-2880
-1559
-1883
-14993
44
647
-11
-125
-3781
1279
-1598
-4116
-3214
-115
458
-4051
3466
-3022
-3409
-4227
18
498
-115
-551
-4129
-2134
-1676
-3099
-12830
20
-710
-6181
-2770
-1864
-1428
-13021
135
-968
-15
-18
-3344
1485
-1379
-2484
-2514
-112
339
-3594
3484
-2414
-2758
-4386
-15
547
-138
-134
-3932
-1824
-1880
-2455
-14048
28
-89
-5494
-2775
-2363
-1449
-13249
157
-129
66
-112
-2925
640
-931
-2429
-2568
56
-134
-2053
1804
-1700
-2320
-3035
-2
-355
-282
-903
-3451
-1622
-1693
-2376
-12015
-191
-324
-3756
-1640
-1846
-1474
-14703
64
-814
124
-777
-4344
-4174
-5203
-5210
-5147
198
-1195
-4191
-4040
-3111
-4946
-3889
103
-233
-216
2443
-4076
3492
-4561
-4954
-22500
-130
2213
-4550
-5204
-3816
-4899
-22387
171
1606
456
-4645
-8165
-3949
-6997
-7982
-8296
606
-2977
-7644
-2908
-2891
-6314
-5435
24
-949
-496
-494
-8856
7330
-10353
-8051
-15751
-85
-168
-9662
-8182
-8464
-8186
-14807
127
-191
340
-1583
-4026
-1099
-4691
-3279
-3840
304
-1146
-4183
289
-1308
-3675
-4667
69
640
-127
-2756
-3877
2766
-4533
-3401
-23285
-36
-4549
-4259
-4449
-5030
-3474
-22279
161
-3393
131
107
-2943
-462
-3145
-1399
-1995
-65
-302
-4199
-135
-3810
-2515
-1011
16
258
218
1184
-613
-3185
984
-1667
-19468
10
1078
-2896
-3324
-1822
-213
-17840
47
1629
-15
217
-3441
1040
-3642
-3207
-2515
-115
-60
-5938
413
-5203
-4875
-343
6
-14
-31
781
-1666
-3273
512
-2390
-19017
42
616
-5815
-4968
-4041
-2283
-11994
-91
127
-47
-446
-4055
823
-2484
-4265
-3448
-123
-811
-3903
2673
-3344
-3056
-3664
64
-592
-93
-906
-2758
-2579
-1782
-3306
-12166
74
-964
-4613
-3188
-2551
-610
-14890
175
-1461
-41
-495
-3393
1056
-1613
-2348
-2582
-68
-323
-3122
2385
-2491
-1932
-3550
-6
-74
-137
-722
-2840
-1944
-1752
-2452
-14277
130
-342
-4033
-2188
-2125
-358
-15748
211
-38
47
-516
-2099
950
-1426
-1946
-2151
19
-634
-1858
1305
-2283
-2380
-2332
-32
-601
-279
-646
-2747
-1289
-1471
-1889
-14760
-133
-229
-3622
-1370
-2200
-1119
-14800
60
-493
-209
685
-3619
-6134
-3312
-4635
-4880
-69
822
-3712
-6828
-3277
-4674
-1963
64
1448
-185
1427
-35
-1704
-3711
-4809
-19320
-10
1988
-2904
-4771
-3345
-4875
-20138
264
1225
-132
-1851
-4429
-4623
-3240
-5276
-5441
-79
-1340
-5187
-6618
-5202
-6051
-1183
-42
-429
-291
-1809
391
-2063
-7302
-5314
-20316
81
-1532
-4596
-6949
-7743
-6356
-15205
237
-834
-158
-497
-2744
202
-2593
-2219
-2376
-124
-820
-3629
393
-2675
-3587
-2769
-153
-10
-25
-1184
-1324
-2059
-1854
-2144
-20611
23
-2256
-3568
-3919
-4224
-1975
-17587
87
-1428
-175
-237
-2818
267
-2736
-1475
-1772
-248
-567
-4665
-484
-4088
-3266
-527
-124
-90
108
777
-222
-3388
361
-1503
-19376
-72
345
-2748
-3595
-3668
-320
-15892
-151
677
-246
-739
-2918
1228
-3093
-2746
-2207
-236
-965
-4764
202
-4465
-3850
-264
-58
-819
-60
279
-886
-3047
-181
-1983
-17958
90
529
-4336
-3441
-4421
-850
-14013
-43
-402
-185
-492
-2662
1450
-1934
-2422
-2146
-192
-1078
-3159
1734
-2712
-2256
-2052
31
-640
-65
-537
-1626
-2231
-1511
-2073
-14314
78
-500
-3793
-2002
-3192
702
-14872
270
-798
-188
-212
-2682
2288
-1929
-1402
-2236
-202
-473
-3521
2550
-3145
-2129
-2825
-77
-163
-89
-477
-3114
-2624
-1916
-2093
-14385
143
134
-5280
-2330
-3487
-350
-11896
250
283
-126
-679
-1557
1606
-2463
-1869
-2597
-205
-518
-1295
1495
-3237
-2285
-1974
-114
-621
-208
-470
-3858
-2552
-1448
-2300
-11781
-31
-323
-4876
-1632
-2799
-1338
-13462
162
-571
-213
-1671
-3368
-4399
-1545
-2654
-3673
-142
-1294
-4039
-5006
-1378
-3626
-1586
33
-1076
-184
878
-484
-2778
-2828
-3708
-15614
-58
1352
-2077
-4538
-3362
-3904
-16482
168
741
-303
-2869
-3088
-3389
-2280
-2326
-3406
-274
-2169
-2942
-3827
-3151
-3414
-1478
-41
-1469
-199
-1768
1540
-3089
-4010
-3197
-19280
58
-1367
-702
-4142
-5046
-3528
-20630
314
-893
-435
-621
-2256
364
-1550
-950
-1730
-345
-912
-1857
814
-1900
-1666
-2051
-153
-351
-66
-958
-1880
-1952
-1091
-1630
-14226
-53
-703
-1990
-2030
-2786
-1702
-16724
114
-833
-359
-643
-2938
-159
-2068
-1020
-1616
-375
-1118
-2699
37
-2979
-1492
-910
-206
-497
-7
-336
-816
-2769
218
-1346
-15731
-111
-84
-1022
-1988
-2017
-1020
-19284
-49
-285
-372
-665
-1707
824
-1944
-1654
-1380
-389
-1030
-2147
403
-3150
-2240
-726
-152
-612
-76
-355
-1653
-2134
138
-1249
-15686
24
429
-2863
-2209
-2398
-1459
-14691
9
3
-304
-880
-1492
1219
-1199
-1165
-1280
-342
-976
-1495
1137
-1975
-1263
-1214
-86
-758
-35
-657
-2294
-2026
-501
-1193
-13846
71
-219
-3274
-1606
-1865
-572
-14756
207
-330
-278
-660
-1182
1561
-1101
-186
-1117
-357
-666
-1351
1462
-1937
-855
-1257
-131
-501
-60
-648
-2672
-2167
-954
-1040
-14106
44
205
-3947
-1769
-2082
-938
-13978
202
69
-233
-834
-152
704
-1039
-1164
-1782
-297
-1125
238
329
-2347
-1911
-1036
-105
-1259
-168
-281
-3286
-2611
-1549
-1648
-12770
-144
304
-4344
-2276
-2691
-1779
-14077
107
379
0
0
0
0
0
0
0
0
0
0
0
-1328
-1264
-1352
927
-1218
0
0
0
0
0
0
0
0
0
0
0
-945
-1789
-1051
-1213
-14355
0
0
0
0
0
0
0
0
0
0
0
-536
-145
-136
949
-850
0
0
0
0
0
0
0
0
0
0
0
-1393
-1036
-1761
-709
-16098
0
0
0
0
0
0
0
0
0
0
0
-1121
623
-653
795
-909
0
0
0
0
0
0
0
0
0
0
0
-1775
-952
-1431
-908
-15594
0
0
0
0
0
0
0
0
0
0
0
-1375
-190
-1208
-43
-1237
0
0
0
0
0
0
0
0
0
0
0
-1480
-514
-728
-1173
-12873
0
0
0
0
0
0
0
0
0
0
0
-1123
-531
-165
-1009
-1140
0
0
0
0
0
0
0
0
0
0
0
-1136
-460
-906
-1008
-14295
0
0
0
0
0
0
0
0
0
0
0
-1176
-1066
-140
-865
-1158
0
0
0
0
0
0
0
0
0
0
0
-1014
-108
-1337
-984
-14884
0
0
0
0
0
0
0
0
0
0
0
-1408
-759
-752
-808
-1102
0
0
0
0
0
0
0
0
0
0
0
-644
54
-1275
-1057
-15586
0
0
0
0
0
0
0
0
0
0
0
-1529
-613
-871
-768
-1176
0
0
0
0
0
0
0
0
0
0
0
-639
-97
-1553
-1168
-16040
0
0
0
0
0
0
0
0
0
0
0
-857
-883
-3176
105
-2445
0
0
0
0
0
0
0
0
0
0
0
-2294
-1416
-3395
-2379
-20289
0
0
0
0
0
0
0
0
0
0
0
-1239
-90
-1785
-1727
-3270
0
0
0
0
0
0
0
0
0
0
0
-4642
290
-6092
-3303
-16458
0
0
0
0
0
0
0
0
0
0
0
-2489
-354
-768
173
-2285
0
0
0
0
0
0
0
0
0
0
0
-3845
-35
-3846
-2251
-15197
0
0
0
0
0
0
0
0
0
0
0
-2350
-1132
-1556
602
-1405
0
0
0
0
0
0
0
0
0
0
0
-1625
-1484
468
-1230
-17659
0
0
0
0
0
0
0
0
0
0
0
-1865
-906
-280
-929
-1680
0
0
0
0
0
0
0
0
0
0
0
-1894
-1608
-232
-1490
-17495
0
0
0
0
0
0
0
0
0
0
0
-2564
-1654
-510
-1035
-1764
0
0
0
0
0
0
0
0
0
0
0
-1808
-1082
-371
-1604
-18770
0
0
0
0
0
0
0
0
0
0
0
-3389
-1716
-1497
-1013
-2211
0
0
0
0
0
0
0
0
0
0
0
-2210
-1552
-244
-2145
-15567
0
0
0
0
0
0
0
0
0
0
0
-2491
-931
-780
-1129
-1453
0
0
0
0
0
0
0
0
0
0
0
-1103
-376
-880
-1441
-15892
0
0
0
0
0
0
0
0
0
0
0
-692
-169
-2321
-657
-2370
0
0
0
0
0
0
0
0
0
0
0
-2368
-2151
-4245
-2524
-23271
0
0
0
0
0
0
0
0
0
0
0
-1438
375
-3925
-3508
-4268
0
0
0
0
0
0
0
0
0
0
0
-6200
1067
-7633
-4354
-24069
0
0
0
0
0
0
0
0
0
0
0
-3412
-549
-3591
428
-3276
0
0
0
0
0
0
0
0
0
0
0
-4869
346
-4782
-3286
-16171
0
0
0
0
0
0
0
0
0
0
0
-2791
-1975
-1230
1122
-1707
0
0
0
0
0
0
0
0
0
0
0
-2071
-2182
-197
-1658
-14072
0
0
0
0
0
0
0
0
0
0
0
-2223
-1890
-263
-1295
-2016
0
0
0
0
0
0
0
0
0
0
0
-1345
-1756
-227
-1815
-16994
0
0
0
0
0
0
0
0
0
0
0
-2532
-1602
-506
-1554
-1568
0
0
0
0
0
0
0
0
0
0
0
-948
-560
-511
-1493
-20094
0
0
0
0
0
0
0
0
0
0
0
-2746
-1754
-463
-437
-1901
0
0
0
0
0
0
0
0
0
0
0
-1851
-1031
-1459
-1912
-15392
0
0
0
0
0
0
0
0
0
0
0
-1996
-811
-295
-711
-1063
0
0
0
0
0
0
0
0
0
0
0
-591
-36
-1195
-1059
-15987
0
0
0
0
0
0
0
0
0
0
0
-2560
-3046
-4031
-1442
-3505
0
0
0
0
0
0
0
0
0
0
0
-3897
1698
-5692
-3733
-25189
0
0
0
0
0
0
0
0
0
0
0
-6501
-6724
-7923
-5843
-7769
0
0
0
0
0
0
0
0
0
0
0
-7867
6422
-11197
-7784
-12636
0
0
0
0
0
0
0
0
0
0
0
-4607
-3462
-4749
-1366
-4229
0
0
0
0
0
0
0
0
0
0
0
-5243
3718
-6210
-4213
-17417
0
0
0
0
0
0
0
0
0
0
0
-2169
-1324
-221
1051
-1274
0
0
0
0
0
0
0
0
0
0
0
-1865
-1257
-1126
-1238
-15281
0
0
0
0
0
0
0
0
0
0
0
-1960
-1610
-66
-1515
-1788
0
0
0
0
0
0
0
0
0
0
0
-1003
-1623
-212
-1668
-15722
0
0
0
0
0
0
0
0
0
0
0
-2588
-870
-476
-2497
-1742
0
0
0
0
0
0
0
0
0
0
0
-2041
115
-459
-1716
-18077
0
0
0
0
0
0
0
0
0
0
0
-2776
-870
-112
-1635
-1891
0
0
0
0
0
0
0
0
0
0
0
-2472
60
-1502
-1916
-14143
0
0
0
0
0
0
0
0
0
0
0
-1967
-330
31
-1141
-1052
0
0
0
0
0
0
0
0
0
0
0
-672
179
-1647
-1115
-16181
0
0
0
0
0
0
0
0
0
0
0
-6007
-4543
-6524
-3730
-5112
0
0
0
0
0
0
0
0
0
0
0
-5626
5929
-7648
-5309
-21402
0
0
0
0
0
0
0
0
0
0
0
-14184
-10822
-13919
-12484
-13263
0
0
0
0
0
0
0
0
0
0
0
-12270
11202
-16143
-13530
12665
0
0
0
0
0
0
0
0
0
0
0
-5984
-4483
-5983
-3835
-5052
0
0
0
0
0
0
0
0
0
0
0
-6492
7017
-7600
-5026
-21812
0
0
0
0
0
0
0
0
0
0
0
-2475
-1090
-947
855
-1208
0
0
0
0
0
0
0
0
0
0
0
-1735
-466
-769
-1102
-20578
0
0
0
0
0
0
0
0
0
0
0
-2620
-1168
-709
-2006
-1947
0
0
0
0
0
0
0
0
0
0
0
-1349
-1434
258
-1794
-15971
0
0
0
0
0
0
0
0
0
0
0
-3465
-878
-878
-3399
-2184
0
0
0
0
0
0
0
0
0
0
0
-2621
578
-381
-2183
-15423
0
0
0
0
0
0
0
0
0
0
0
-3409
-601
-96
-2535
-2169
0
0
0
0
0
0
0
0
0
0
0
-2684
-151
-1000
-2127
-13923
0
0
0
0
0
0
0
0
0
0
0
-2686
-310
178
-1791
-1592
0
0
0
0
0
0
0
0
0
0
0
-1164
-467
-1950
-1670
-13607
0
0
0
0
0
0
0
0
0
0
0
-5692
-3614
-5713
-6269
-5224
0
0
0
0
0
0
0
0
0
0
0
-2905
4764
-6817
-5125
-20237
0
0
0
0
0
0
0
0
0
0
0
-7527
-3311
-6346
-10047
-7441
0
0
0
0
0
0
0
0
0
0
0
-7546
7836
-11537
-7331
-16731
0
0
0
0
0
0
0
0
0
0
0
-4608
-1953
-4179
-3250
-3498
0
0
0
0
0
0
0
0
0
0
0
-4002
5178
-5104
-3242
-23768
0
0
0
0
0
0
0
0
0
0
0
-2702
-811
-980
-644
-1467
0
0
0
0
0
0
0
0
0
0
0
-483
-1550
156
-1351
-19881
0
0
0
0
0
0
0
0
0
0
0
-3881
-681
-1755
-3456
-2664
0
0
0
0
0
0
0
0
0
0
0
-1103
-2027
731
-2539
-14119
0
0
0
0
0
0
0
0
0
0
0
-3584
-610
-1375
-3681
-2269
0
0
0
0
0
0
0
0
0
0
0
-1444
-439
-159
-2286
-15468
0
0
0
0
0
0
0
0
0
0
0
-3247
-388
-316
-2490
-2158
0
0
0
0
0
0
0
0
0
0
0
-1816
-978
-884
-2121
-14681
0
0
0
0
0
0
0
0
0
0
0
-2419
42
-168
-1364
-1492
0
0
0
0
0
0
0
0
0
0
0
-594
-676
-2076
-1521
-14395
0
0
0
0
0
0
0
0
0
0
0
-6190
-5053
-4046
-7448
-5978
0
0
0
0
0
0
0
0
0
0
0
1345
-1565
-5413
-5752
-11392
0
0
0
0
0
0
0
0
0
0
0
-5255
-2910
-2138
-8158
-5575
0
0
0
0
0
0
0
0
0
0
0
1881
-2824
-7703
-5406
-13982
0
0
0
0
0
0
0
0
0
0
0
-3008
-117
-1483
-1620
-1875
0
0
0
0
0
0
0
0
0
0
0
-82
-551
-1699
-1627
-21170
0
0
0
0
0
0
0
0
0
0
0
-2968
-587
-907
-1358
-1771
0
0
0
0
0
0
0
0
0
0
0
104
-2438
207
-1592
-16659
0
0
0
0
0
0
0
0
0
0
0
-3391
-105
-1518
-2602
-2292
0
0
0
0
0
0
0
0
0
0
0
-251
-2557
354
-2129
-13914
0
0
0
0
0
0
0
0
0
0
0
-3102
80
-1132
-2274
-1929
0
0
0
0
0
0
0
0
0
0
0
-738
-1558
51
-1836
-13517
0
0
0
0
0
0
0
0
0
0
0
-2554
910
-202
-1344
-1578
0
0
0
0
0
0
0
0
0
0
0
-1609
-1875
-272
-1494
-15892
0
0
0
0
0
0
0
0
0
0
0
-2180
903
-610
-1319
-1482
0
0
0
0
0
0
0
0
0
0
0
-1053
-1659
-1019
-1422
-13900
0
0
0
0
0
0
0
0
0
0
0
-4733
-3637
-1725
-4701
-4050
0
0
0
0
0
0
0
0
0
0
0
1302
-2941
-3432
-3886
-11849
0
0
0
0
0
0
0
0
0
0
0
-3803
-2422
-2232
-4184
-3239
0
0
0
0
0
0
0
0
0
0
0
3396
-3420
-3659
-3132
-16752
0
0
0
0
0
0
0
0
0
0
0
-2075
89
-905
-1156
-1178
0
0
0
0
0
0
0
0
0
0
0
-688
-824
-486
-1100
-15685
0
0
0
0
0
0
0
0
0
0
0
-2094
-339
-877
-1464
-1253
0
0
0
0
0
0
0
0
0
0
0
-582
-1549
478
-1200
-15612
0
0
0
0
0
0
0
0
0
0
0
-1877
320
-956
-1720
-1061
0
0
0
0
0
0
0
0
0
0
0
-453
-1367
908
-962
-14567
0
0
0
0
0
0
0
0
0
0
0
-1992
557
-774
-1395
-1057
0
0
0
0
0
0
0
0
0
0
0
-1115
-1070
683
-956
-13301
0
0
0
0
0
0
0
0
0
0
0
-1631
875
-442
-748
-841
0
0
0
0
0
0
0
0
0
0
0
-1167
-1233
327
-778
-14008
0
0
0
0
0
0
0
0
0
0
0
-1425
699
-157
-1090
-925
0
0
0
0
0
0
0
0
0
0
0
-340
-1537
-497
-828
-14498
0
0
0
0
0
0
0
0
0
0
0
0
0
0
0
0
0
0
0
0
0
0
0
0
0
0
0
0
0
0
0
0
0
0
0
0
0
0
0
0
0
0
0
0
0
0
0
0
0
0
0
0
0
0
0
0
0
0
0
0
0
0
0
0
0
0
0
0
0
0
0
0
0
0
0
0
0
0
0
0
0
0
0
0
0
0
0
0
0
0
0
0
0
0
0
0
0
0
0
0
0
0
0
0
0
0
0
0
0
0
0
0
0
0
0
0
0
0
0
0
0
0
0
0
0
0
0
0
0
0
0
0
0
0
0
0
0
0
0
0
0
0
0
0
0
0
0
0
0
0
0
0
0
0
0
0
0
0
0
0
0
0
0
0
0
0
0
0
0
0
0
0
0
0
0
0
0
0
0
0
0
0
0
0
0
0
0
0
0
0
0
0
0
0
0
0
0
0
0
0
0
0
0
0
0
0
0
0
0
0
0
0
0
0
0
0
0
0
0
0
0
0
0
0
0
0
0
0
0
0
0
0
0
0
0
0
0
0
0
0
0
0
0
0
0
0
0
0
0
0
0
0
0
0
0
0
0
0
0
0
0
0
0
0
0
0
0
0
0
0
0
0
0
0
0
0
0
0
0
0
0
0
0
0
0
0
0
0
0
0
0
0
0
0
0
0
0
0
0
0
0
0
0
0
0
0
0
0
0
0
0
0
0
0
0
0
0
0
0
0
0
0
0
0
0
0
0
0
0
0
0
0
0
0
0
0
0
0
0
0
0
0
0
0
0
0
0
0
0
0
0
0
0
0
0
0
0
0
0
0
0
0
0
0
0
0
0
0
0
0
0
0
0
0
0
0
0
0
0
0
0
0
0
0
0
0
0
0
0
0
0
0
0
0
0
0
0
0
0
0
0
0
0
0
0
0
0
0
0
0
0
0
0
0
0
0
0
0
0
0
0
0
0
0
0
0
0
0
0
0
0
0
0
0
0
0
0
0
0
0
0
0
0
0
0
0
0
0
0
0
0
0
0
0
0
0
0
0
0
0
0
0
0
0
0
0
0
0
0
0
0
0
0
0
0
0
0
0
0
0
0
0
0
0
0
0
0
0
0
0
0
0
0
0
0
0
0
0
0
0
0
0
0
0
0
0
0
0
0
0
0
0
0
0
0
0
0
0
0
0
0
0
0
0
0
0
0
0
0
0
0
0
0
0
0
0
0
0
0
0
0
0
0
0
0
0
0
0
0
0
0
0
0
0
0
0
0
0
0
0
0
0
0
0
0
0
0
0
0
0
0
0
0
0
0
0
0
0
0
0
0
0
0
0
0
0
0
0
0
0
0
0
0
0
0
0
0
0
0
0
0
0
0
0
0
0
0
0
0
0
0
0
0
0
0
0
0
0
0
0
0
0
0
0
0
0
0
0
0
0
0
0
0
0
0
0
0
0
0
0
0
0
0
0
0
0
0
0
0
0
0
0
0
0
0
0
0
0
0
0
0
0
0
0
0
0
0
0
0
0
0
0
0
0
0
0
0
0
0
0
0
0
0
0
0
0
0
0
0
0
0
0
0
0
0
0
0
0
0
0
0
0
0
0
0
0
0
0
0
0
0
0
0
0
0
0
0
0
0
0
0
0
0
0
0
0
0
0
0
0
0
0
0
0
0
0
0
0
0
0
0
0
0
0
0
0
0
0
0
0
0
0
0
0
0
0
0
0
0
0
0
0
0
0
0
0
0
0
0
0
0
0
0
0
0
0
0
0
0
0
0
0
0
0
0
0
0
0
0
0
0
0
0
0
0
0
0
0
0
0
0
0
0
0
0
0
0
0
0
0
0
0
0
0
0
0
0
0
0
0
0
0
0
0
0
0
0
0
0
0
0
0
0
0
0
0
0
0
0
0
0
0
0
0
0
0
0
0
0
0
0
0
0
0
0
0
0
0
0
0
0
0
0
0
0
0
0
0
0
0
0
0
0
0
0
0
0
0
0
0
0
0
0
0
0
0
0
0
0
0
0
0
0
0
0
0
0
0
0
0
0
0
0
0
0
0
0
0
0
0
0
0
0
0
0
0
0
0
0
0
0
0
0
0
0
0
0
0
0
0
0
0
0
0
0
0
0
0
0
0
0
0
0
0
0
0
0
0
0
0
0
0
0
0
0
0
0
0
0
0
0
0
0
0
0
0
0
0
0
0
0
0
0
0
0
0
0
0
0
0
0
0
0
0
0
0
0
0
0
0
0
0
0
0
0
0
0
0
0
0
0
0
0
0
0
0
0
0
0
0
0
0
0
0
0
0
0
0
0
0
0
0
0
0
0
0
0
0
0
0
0
0
0
0
0
0
0
0
0
0
0
0
0
0
0
0
0
0
0
0
0
0
0
0
0
0
0
0
0
0
0
0
0
0
0
0
0
0
0
0
0
0
0
0
0
0
0
0
0
0
0
0
0
0
0
0
0
0
0
0
0
0
0
0
0
0
0
0
0
0
0
0
0
0
0
0
0
0
0
0
0
0
0
0
0
0
0
0
0
0
0
0
0
0
0
0
0
0
0
0
0
0
0
0
0
0
0
0
0
0
0
0
0
0
0
0
0
0
0
0
0
0
0
0
0
0
0
0
0
0
0
0
0
0
0
0
0
0
0
0
0
0
0
0
0
0
0
0
0
0
0
0
0
0
0
0
0
0
0
0
0
0
0
0
0
0
0
0
0
0
0
0
0
0
0
0
0
0
0
0
0
0
0
0
0
0
0
0
0
0
0
0
0
0
0
0
0
0
0
0
0
0
0
0
0
0
0
0
0
0
0
0
0
0
0
0
0
0
0
0
0
0
0
0
0
0
0
0
0
0
0
0
0
0
0
0
0
0
0
0
0
0
0
0
0
0
0
0
0
0
0
0
0
0
0
0
0
0
0
0
0
0
0
0
0
0
0
0
0
0
0
0
0
0
0
0
0
0
0
0
0
0
0
0
0
0
0
0
0
0
0
0
0
0
0
0
0
0
0
0
0
0
0
0
0
0
0
0
0
0
0
0
0
0
0
0
0
0
0
0
0
0
0
0
0
0
0
0
0
0
0
0
0
0
0
0
0
0
0
0
0
0
0
0
0
0
0
0
0
0
0
0
0
0
0
0
0
0
0
0
0
0
0
0
0
0
0
0
0
0
0
0
0
0
0
0
0
0
0
0
0
0
0
0
0
0
0
0
0
0
0
0
0
0
0
0
0
0
0
0
0
0
0
0
0
0
0
0
0
0
0
0
0
0
0
0
0
0
0
0
0
0
0
0
0
0
0
0
0
0
0
0
0
0
0
0
0
0
0
0
0
0
0
0
0
0
0
0
0
0
0
0
0
0
0
0
0
0
0
0
0
0
0
0
0
0
0
0
0
0
0
0
0
0
0
0
0
0
0
0
0
0
0
0
0
0
0
0
0
0
0
0
0
0
0
0
0
0
0
0
0
0
0
0
0
0
0
0
0
0
0
0
0
0
0
0
0
0
0
0
0
0
0
0
0
0
0
0
0
0
0
0
0
0
0
0
0
0
0
0
0
0
0
0
0
0
0
0
0
0
0
0
0
0
0
0
0
0
0
0
0
0
0
0
0
0
0
0
0
0
0
0
0
0
0
0
0
0
0
0
0
0
0
0
0
0
0
0
0
0
0
0
0
0
0
0
0
0
0
0
0
0
0
0
0
0
0
0
0
0
0
0
0
0
0
0
0
0
0
0
0
0
0
0
0
0
0
0
0
0
0
0
0
0
0
0
0
0
0
0
0
0
0
0
0
0
0
0
0
0
0
0
0
0
0
0
0
0
0
0
0
0
0
0
0
0
0
0
0
0
0
0
0
0
0
0
0
0
0
0
0
0
0
0
0
0
0
0
0
0
0
0
0
0
0
0
0
0
0
0
0
0
0
0
0
0
0
0
0
0
0
0
0
0
0
0
0
0
0
0
0
0
0
0
0
0
0
0
0
0
0
0
0
0
0
0
0
0
0
0
0
0
0
0
0
0
0
0
0
0
0
0
0
0
0
0
0
0
0
0
0
0
0
0
0
0
0
0
0
0
0
0
0
0
0
0
0
0
0
0
0
0
0
0
0
0
0
0
0
0
0
0
0
0
0
0
0
0
0
0
0
0
0
0
0
0
0
0
0
0
0
0
0
0
0
0
0
0
0
0
0
0
0
0
0
0
0
0
0
0
0
0
0
0
0
0
0
0
0
0
0
0
0
0
0
0
0
0
0
0
0
0
0
0
0
0
0
0
0
0
0
0
0
0
0
0
0
0
0
0
0
0
0
0
0
0
0
0
0
0
0
0
0
0
0
0
0
0
0
0
0
0
0
0
0
0
0
0
0
0
0
0
0
0
0
0
0
0
0
0
0
0
0
0
0
0
0
0
0
0
0
0
0
0
0
0
0
0
0
0
0
0
0
0
0
0
0
0
0
0
0
0
0
0
0
0
0
0
0
0
0
0
0
0
0
0
0
0
0
0
0
0
0
0
0
0
0
0
0
0
0
0
0
0
0
0
0
0
0
0
0
0
0
0
0
0
0
0
0
0
0
0
0
0
0
0
0
0
0
0
0
0
0
0
0
0
0
0
0
0
0
0
0
0
0
0
0
0
0
0
0
0
0
0
0
0
0
0
0
0
0
0
0
0
0
0
0
0
0
0
0
0
0
0
0
0
0
0
0
0
0
0
0
0
0
0
0
0
0
0
0
0
0
0
0
0
0
0
0
0
0
0
0
0
0
0
0
0
0
0
0
0
0
0
0
0
0
0
0
0
0
0
0
0
0
0
0
0
0
0
0
0
0
0
0
0
0
0
0
0
0
0
0
0
0
0
0
0
0
0
0
0
0
0
0
0
0
0
0
0
0
0
0
0
0
0
0
0
0
0
0
0
0
0
0
0
0
0
0
0
0
0
0
0
0
0
0
0
0
0
0
0
0
0
0
0
0
0
0
0
0
0
0
0
0
0
0
0
0
0
0
0
0
0
0
0
0
0
0
0
0
0
0
0
0
0
0
0
0
0
0
0
0
0
0
0
0
0
0
0
0
0
0
0
0
0
0
0
0
0
0
0
0
0
0
0
0
0
0
0
0
0
0
0
0
0
0
0
0
0
0
0
0
0
0
0
0
0
0
0
0
0
0
0
0
0
0
0
0
0
0
0
0
0
0
0
0
0
0
0
0
0
0
0
0
0
0
0
0
0
0
0
0
0
0
0
0
0
0
0
0
0
0
0
0
0
0
0
0
0
0
0
0
0
0
0
0
0
0
0
0
0
0
0
0
0
0
0
0
0
0
0
0
0
0
0
0
0
0
0
0
0
0
0
0
0
0
0
0
0
0
0
0
0
0
0
0
0
0
0
0
0
0
0
0
0
0
0
0
0
0
0
0
0
0
0
0
0
0
0
0
0
0
0
0
0
0
0
0
0
0
0
0
0
0
0
0
0
0
0
0
0
0
0
0
0
0
0
0
0
0
0
0
0
0
0
0
0
0
0
0
0
0
0
0
0
0
0
0
0
0
0
0
0
0
0
0
0
0
0
0
0
0
0
0
0
0
0
0
0
0
0
0
0
0
0
0
0
0
0
0
0
0
0
0
0
0
0
0
0
0
0
0
0
0
0
0
0
0
0
0
0
0
0
0
0
0
0
0
0
0
0
0
0
0
0
0
0
0
0
0
0
0
0
0
0
0
0
0
0
0
0
0
0
0
0
0
0
0
0
0
0
0
0
0
0
0
0
0
0
0
0
0
0
0
0
0
0
0
0
0
0
0
0
0
0
0
0
0
0
0
0
0
0
0
0
0
0
0
0
0
0
0
0
0
0
0
0
0
0
0
0
0
0
0
0
0
0
0
0
0
0
0
0
0
0
0
0
0
0
0
0
0
0
0
0
0
0
0
0
0
0
0
0
0
0
0
0
0
0
0
0
0
0
0
0
0
0
0
0
0
0
0
0
0
0
0
0
0
0
0
0
0
0
0
0
0
0
0
0
0
0
0
0
0
0
0
0
0
0
0
0
0
0
0
0
0
0
0
0
0
0
0
0
0
0
0
0
0
0
0
0
0
0
0
0
0
0
0
0
0
0
0
0
0
0
0
0
0
0
0
0
0
0
0
0
0
0
0
0
0
0
0
0
0
0
0
0
0
0
0
0
0
0
0
0
0
0
0
0
0
0
0
0
0
0
0
0
0
0
0
0
0
0
0
0
0
0
0
0
0
0
0
0
0
0
0
0
0
0
0
0
0
0
0
0
0
0
0
0
0
0
0
0
0
0
0
0
0
0
0
0
0
0
0
0
0
0
0
0
0
0
0
0
0
0
0
0
0
0
0
0
0
0
0
0
0
0
0
0
0
0
0
0
0
0
0
0
0
0
0
0
0
0
0
0
0
0
0
0
0
0
0
0
0
0
0
0
0
0
0
0
0
0
0
0
0
0
0
0
0
0
0
0
0
0
0
0
0
0
0
0
0
0
0
0
0
0
0
0
0
0
0
0
0
0
0
0
0
0
0
0
0
0
0
0
0
0
0
0
0
0
0
0
0
0
0
0
0
0
0
0
0
0
0
0
0
0
0
0
0
0
0
0
0
0
0
0
0
0
0
0
0
0
0
0
0
0
0
0
0
0
0
0
0
0
0
0
0
0
0
0
0
0
0
0
0
0
0
0
0
0
0
0
0
0
0
0
0
0
0
0
0
0
0
0
0
0
0
0
0
0
0
0
0
0
0
0
0
0
0
0
0
0
0
0
0
0
0
0
0
0
0
0
0
0
0
0
0
0
0
0
0
0
0
0
0
0
0
0
0
0
0
0
0
0
0
0
0
0
0
0
0
0
0
0
0
0
0
0
0
0
0
0
0
0
0
0
0
0
0
0
0
0
0
0
0
0
0
0
0
0
0
0
0
0
0
0
0
0
0
0
0
0
0
0
0
0
0
0
0
0
0
0
0
0
0
0
0
0
0
0
0
0
0
0
0
0
0
0
0
0
0
0
0
0
0
0
0
0
0
0
0
0
0
0
0
0
0
0
0
0
0
0
0
0
0
0
0
0
0
0
0
0
0
0
0
0
0
0
0
0
0
0
0
0
0
0
0
0
0
0
0
0
0
0
0
0
0
0
0
0
0
0
0
0
0
0
0
0
0
0
0
0
0
0
0
0
0
0
0
0
0
0
0
0
0
0
0
0
0
0
0
0
0
0
0
0
0
0
0
0
0
0
0
0
0
0
0
0
0
0
0
0
0
0
0
0
0
0
0
0
0
0
0
0
0
0
0
0
0
0
0
0
0
0
0
0
0
0
0
0
0
0
0
0
0
0
0
0
0
0
0
0
0
0
0
0
0
0
0
0
0
0
0
0
0
0
0
0
0
0
0
0
0
0
0
0
0
0
0
0
0
0
0
0
0
0
0
0
0
0
0
0
0
0
0
0
0
0
0
0
0
0
0
0
0
0
0
0
0
0
0
0
0
0
0
0
0
0
0
0
0
0
0
0
0
0
0
0
0
0
0
0
0
0
0
0
0
0
0
0
0
0
0
0
0
0
0
0
0
0
0
0
0
0
0
0
0
0
0
0
0
0
0
0
0
0
0
0
0
0
0
0
0
0
0
0
0
0
0
0
0
0
0
0
0
0
0
0
0
0
0
0
0
0
0
0
0
0
0
0
0
0
0
0
0
0
0
0
0
0
0
0
0
0
0
0
0
0
0
0
0
0
0
0
0
0
0
0
0
0
0
0
0
0
0
0
0
0
0
0
0
0
0
0
0
0
0
0
0
0
0
0
0
0
0
0
0
0
0
0
0
0
0
0
0
0
0
0
0
0
0
0
0
0
0
0
0
0
0
0
0
0
0
0
0
0
0
0
0
0
0
0
0
0
0
0
0
0
0
0
0
0
0
0
0
0
0
0
0
0
0
0
0
0
0
0
0
0
0
0
0
0
0
0
0
0
0
0
0
0
0
0
0
0
0
0
0
0
0
0
0
0
0
0
0
0
0
0
0
0
0
0
0
0
0
0
0
0
0
0
0
0
0
0
0
0
0
0
0
0
0
0
0
0
0
0
0
0
0
0
0
0
0
0
0
0
0
0
0
0
0
0
0
0
0
0
0
0
0
0
0
0
0
0
0
0
0
0
0
0
0
0
0
0
0
0
0
0
0
0
0
0
0
0
0
0
0
0
0
0
0
0
0
0
0
0
0
0
0
0
0
0
0
0
0
0
0
0
0
0
0
0
0
0
0
0
0
0
0
0
0
0
0
0
0
0
0
0
0
0
0
0
0
0
0
0
0
0
0
0
0
0
0
0
0
0
0
0
0
0
0
0
0
0
0
0
0
0
0
0
0
0
0
0
0
0
0
0
0
0
0
0
0
0
0
0
0
0
0
0
0
0
0
0
0
0
0
0
0
0
0
0
0
0
0
0
0
0
0
0
0
0
0
0
0
0
0
0
0
0
0
0
0
0
0
0
0
0
0
0
0
0
0
0
0
0
0
0
0
0
0
0
0
0
0
0
0
0
0
0
0
0
0
0
0
0
0
0
0
0
0
0
0
0
0
0
0
0
0
0
0
0
0
0
0
0
0
0
0
0
0
0
0
0
0
0
0
0
0
0
0
0
0
0
0
0
0
0
0
0
0
0
0
0
0
0
0
0
0
0
0
0
0
0
0
0
0
0
0
0
0
0
0
0
0
0
0
0
0
0
0
0
0
0
0
0
0
0
0
0
0
0
0
0
0
0
0
0
0
0
0
0
0
0
0
0
0
0
0
0
0
0
0
0
0
0
0
0
0
0
0
0
0
0
0
0
0
0
0
0
0
0
0
0
0
0
0
0
0
0
0
0
0
0
0
0
0
0
0
0
0
0
0
0
0
0
0
0
0
0
0
0
0
0
0
0
0
0
0
0
0
0
0
0
0
0
0
0
0
0
0
0
0
0
0
0
0
0
0
0
0
0
0
0
0
0
0
0
0
0
0
0
0
0
0
0
0
0
0
0
0
0
0
0
0
0
0
0
0
0
0
0
0
0
0
0
0
0
0
0
0
0
0
0
0
0
0
0
0
0
0
0
0
0
0
0
0
0
0
0
0
0
0
0
0
0
0
0
0
0
0
0
0
0
0
0
0
0
0
0
0
0
0
0
0
0
0
0
0
0
0
0
0
0
0
0
0
0
0
0
0
0
0
0
0
0
0
0
0
0
0
0
0
0
0
0
0
0
0
0
0
0
0
0
0
0
0
0
0
0
0
0
0
0
0
0
0
0
0
0
0
0
0
0
0
0
0
0
0
0
0
0
0
0
0
0
0
0
0
0
0
0
0
0
0
0
0
0
0
0
0
0
0
0
0
0
0
0
0
0
0
0
0
0
0
0
0
0
0
0
0
0
0
0
0
0
0
0
0
0
0
0
0
0
0
0
0
0
0
0
0
0
0
0
0
0
0
0
0
0
0
0
0
0
0
0
0
0
0
0
0
0
0
0
0
0
0
0
0
0
0
0
0
0
0
0
0
0
0
0
0
0
0
0
0
0
0
0
0
0
0
0
0
0
0
0
0
0
0
0
0
0
0
0
0
0
0
0
0
0
0
0
0
0
0
0
0
0
0
0
0
0
0
0
0
0
0
0
0
0
0
0
0
0
0
0
0
0
0
0
0
0
0
0
0
0
0
0
0
0
0
0
0
0
0
0
0
0
0
0
0
0
0
0
0
0
0
0
0
0
0
0
0
0
0
0
0
0
0
0
0
0
0
0
0
0
0
0
0
0
0
0
0
0
0
0
0
0
0
0
0
0
0
0
0
0
0
0
0
0
0
0
0
0
0
0
0
0
0
0
0
0
0
0
0
0
0
0
0
0
0
0
0
0
0
0
0
0
0
0
0
0
0
0
0
0
0
0
0
0
0
0
0
0
0
0
0
0
0
0
0
0
0
0
0
0
0
0
0
0
0
0
0
0
0
0
0
0
0
0
0
0
0
0
0
0
0
0
0
0
0
0
0
0
0
0
0
0
0
0
0
0
0
0
0
0
0
0
0
0
0
0
0
0
0
0
0
0
0
0
0
0
0
0
0
0
0
0
0
0
0
0
0
0
0
0
0
0
0
0
0
0
0
0
0
0
0
0
0
0
0
0
0
0
0
0
0
0
0
0
0
0
0
0
0
0
0
0
0
0
0
0
0
0
0
0
0
0
0
0
0
0
0
0
0
0
0
0
0
0
0
0
0
0
0
0
0
0
0
0
0
0
0
0
0
0
0
0
0
0
0
0
0
0
0
0
0
0
0
0
0
0
0
0
0
0
0
0
0
0
0
0
0
0
0
0
0
0
0
0
0
0
0
0
0
0
0
0
0
0
0
0
0
0
0
0
0
0
0
0
0
0
0
0
0
0
0
0
0
0
0
0
0
0
0
0
0
0
0
0
0
0
0
0
0
0
0
0
0
0
0
0
0
0
0
0
0
0
0
0
0
0
0
0
0
0
0
0
0
0
0
0
0
0
0
0
0
0
0
0
0
0
0
0
0
0
0
0
0
0
0
0
0
0
0
0
0
0
0
0
0
0
0
0
0
0
0
0
0
0
0
0
0
0
0
0
0
0
0
0
0
0
0
0
0
0
0
0
0
0
0
0
0
0
0
0
0
0
0
0
0
0
0
0
0
0
0
0
0
0
0
0
0
0
0
0
0
0
0
0
0
0
0
0
0
0
0
0
0
0
0
0
0
0
0
0
0
0
0
0
0
0
0
0
0
0
0
0
0
0
0
0
0
0
0
0
0
0
0
0
0
0
0
0
0
0
0
0
0
0
0
0
0
0
0
0
0
0
0
0
0
0
0
0
0
0
0
0
0
0
0
0
0
0
0
0
0
0
0
0
0
0
0
0
0
0
0
0
0
0
0
0
0
0
0
0
0
0
0
0
0
0
0
0
0
0
0
0
0
0
0
0
0
0
0
0
0
0
0
0
0
0
0
0
0
0
0
0
0
0
0
0
0
0
0
0
0
0
0
0
0
0
0
0
0
0
0
0
0
0
0
0
0
0
0
0
0
0
0
0
0
0
0
0
0
0
0
0
0
0
0
0
0
0
0
0
0
0
0
0
0
0
0
0
0
0
0
0
0
0
0
0
0
0
0
0
0
0
0
0
0
0
0
0
0
0
0
0
0
0
0
0
0
0
0
0
0
0
0
0
0
0
0
0
0
0
0
0
0
0
0
0
0
0
0
0
0
0
0
0
0
0
0
0
0
0
0
0
0
0
0
0
0
0
0
0
0
0
0
0
0
0
0
0
0
0
0
0
0
0
0
0
0
0
0
0
0
0
0
0
0
0
0
0
0
0
0
0
0
0
0
0
0
0
0
0
0
0
0
0
0
0
0
0
0
0
0
0
0
0
0
0
0
0
0
0
0
0
0
0
0
0
0
0
0
0
0
0
0
0
0
0
0
0
0
0
0
0
0
0
0
0
0
0
0
0
0
0
0
0
0
0
0
0
0
0
0
0
0
0
0
0
0
0
0
0
0
0
0
0
0
0
0
0
0
0
0
0
0
0
0
0
0
0
0
0
0
0
0
0
0
0
0
0
0
0
0
0
0
0
0
0
0
0
0
0
0
0
0
0
0
0
0
0
0
0
0
0
0
0
0
0
0
0
0
0
0
0
0
0
0
0
0
0
0
0
0
0
0
0
0
0
0
0
0
0
0
0
0
0
0
0
0
0
0
0
0
0
0
0
0
0
0
0
0
0
0
0
0
0
0
0
0
0
0
0
0
0
0
0
0
0
0
0
0
0
0
0
0
0
0
0
0
0
0
0
0
0
0
0
0
0
0
0
0
0
0
0
0
0
0
0
0
0
0
0
0
0
0
0
0
0
0
0
0
0
0
0
0
0
0
0
0
0
0
0
0
0
0
0
0
0
0
0
0
0
0
0
0
0
0
0
0
0
0
0
0
0
0
0
0
0
0
0
0
0
0
0
0
0
0
0
0
0
0
0
0
0
0
0
0
0
0
0
0
0
0
0
0
0
0
0
0
0
0
0
0
0
0
0
0
0
0
0
0
0
0
0
0
0
0
0
0
0
0
0
0
0
0
0
0
0
0
0
0
0
0
0
0
0
0
0
0
0
0
0
0
0
0
0
0
0
0
0
0
0
0
0
0
0
0
0
0
0
0
0
0
0
0
0
0
0
0
0
0
0
0
0
0
0
0
0
0
0
0
0
0
0
0
0
0
0
0
0
0
0
0
0
0
0
0
0
0
0
0
0
0
0
0
0
0
0
0
0
0
0
0
0
0
0
0
0
0
0
0
0
0
0
0
0
0
0
0
0
0
0
0
0
0
0
0
0
0
0
0
0
0
0
0
0
0
0
0
0
0
0
0
0
0
0
0
0
0
0
0
0
0
0
0
0
0
0
0
0
0
0
0
0
0
0
0
0
0
0
0
0
0
0
0
0
0
0
0
0
0
0
0
0
0
0
0
0
0
0
0
0
0
0
0
0
0
0
0
0
0
0
0
0
0
0
0
0
0
0
0
0
0
0
0
0
0
0
0
0
0
0
0
0
0
0
0
0
0
0
0
0
0
0
0
0
0
0
0
0
0
0
0
0
0
0
0
0
0
0
0
0
0
0
0
0
0
0
0
0
0
0
0
0
0
0
0
0
0
0
0
0
0
0
0
0
0
0
0
0
0
0
0
0
0
0
0
0
0
0
0
0
0
0
0
0
0
0
0
0
0
0
0
0
0
0
0
0
0
0
0
0
0
0
0
0
0
0
0
0
0
0
0
0
0
0
0
0
0
0
0
0
0
0
0
0
0
0
0
0
0
0
0
0
0
0
0
0
0
0
0
0
0
0
0
0
0
0
0
0
0
0
0
0
0
0
0
0
0
0
0
0
0
0
0
0
0
0
0
0
0
0
0
0
0
0
0
0
0
0
0
0
0
0
0
0
0
0
0
0
0
0
0
0
0
0
0
0
0
0
0
0
0
0
0
0
0
0
0
0
0
0
0
0
0
0
0
0
0
0
0
0
0
0
0
0
0
0
0
0
0
0
0
0
0
0
0
0
0
0
0
0
0
0
0
0
0
0
0
0
0
0
0
0
0
0
0
0
0
0
0
0
0
0
0
0
0
0
0
0
0
0
0
0
0
0
0
0
0
0
0
0
0
0
0
0
0
0
0
0
0
0
0
0
0
0
0
0
0
0
0
0
0
0
0
0
0
0
0
0
0
0
0
0
0
0
0
0
0
0
0
0
0
0
0
0
0
0
0
0
0
0
0
0
0
0
0
0
0
0
0
0
0
0
0
0
0
0
0
0
0
0
0
0
0
0
0
0
0
0
0
0
0
0
0
0
0
0
0
0
0
0
0
0
0
0
0
0
0
0
0
0
0
0
0
0
0
0
0
0
0
0
0
0
0
0
0
0
0
0
0
0
0
0
0
0
0
0
0
0
0
0
0
0
0
0
0
0
0
0
0
0
0
0
0
0
0
0
0
0
0
0
0
0
0
0
0
0
0
0
0
0
0
0
0
0
0
0
0
0
0
0
0
0
0
0
0
0
0
0
0
0
0
0
0
0
0
0
0
0
0
0
0
0
0
0
0
0
0
0
0
0
0
0
0
0
0
0
0
0
0
0
0
0
0
0
0
0
0
0
0
0
0
0
0
0
0
0
0
0
0
0
0
0
0
0
0
0
0
0
0
0
0
0
0
0
0
0
0
0
0
0
0
0
0
0
0
0
0
0
0
0
0
0
0
0
0
0
0
0
0
0
0
0
0
0
0
0
0
0
0
0
0
0
0
0
0
0
0
0
0
0
0
0
0
0
0
0
0
0
0
0
0
0
0
0
0
0
0
0
0
0
0
0
0
0
0
0
0
0
0
0
0
0
0
0
0
0
0
0
0
0
0
0
0
0
0
0
0
0
0
0
0
0
0
0
0
0
0
0
0
0
0
0
0
0
0
0
0
0
0
0
0
0
0
0
0
0
0
0
0
0
0
0
0
0
0
0
0
0
0
0
0
0
0
0
0
0
0
0
0
0
0
0
0
0
0
0
0
0
0
0
0
0
0
0
0
0
0
0
0
0
0
0
0
0
0
0
0
0
0
0
0
0
0
0
0
0
0
0
0
0
0
0
0
0
0
0
0
0
0
0
0
0
0
0
0
0
0
0
0
0
0
0
0
0
0
0
0
0
0
0
0
0
0
0
0
0
0
0
0
0
0
0
0
0
0
0
0
0
0
0
0
0
0
0
0
0
0
0
0
0
0
0
0
0
0
0
0
0
0
0
0
0
0
0
0
0
0
0
0
0
0
0
0
0
0
0
0
0
0
0
0
0
0
0
0
0
0
0
0
0
0
0
0
0
0
0
0
0
0
0
0
0
0
0
0
0
0
0
0
0
0
0
0
0
0
0
0
0
0
0
0
0
0
0
0
0
0
0
0
0
0
0
0
0
0
0
0
0
0
0
0
0
0
0
0
0
0
0
0
0
0
0
0
0
0
0
0
0
0
0
0
0
0
0
0
0
0
0
0
0
0
0
0
0
0
0
0
0
0
0
0
0
0
0
0
0
0
0
0
0
0
0
0
0
0
0
0
0
0
0
0
0
0
0
0
0
0
0
0
0
0
0
0
0
0
0
0
0
0
0
0
0
0
0
0
0
0
0
0
0
0
0
0
0
0
0
0
0
0
0
0
0
0
0
0
0
0
0
0
0
0
0
0
0
0
0
0
0
0
0
0
0
0
0
0
0
0
0
0
0
0
0
0
0
0
0
0
0
0
0
0
0
0
0
0
0
0
0
0
0
0
0
0
0
0
0
0
0
0
0
0
0
0
0
0
0
0
0
0
0
0
0
0
0
0
0
0
0
0
0
0
0
0
0
0
0
0
0
0
0
0
0
0
0
0
0
0
0
0
0
0
0
0
0
0
0
0
0
0
0
0
0
0
0
0
0
0
0
0
0
0
0
0
0
0
0
0
0
0
0
0
0
0
0
0
0
0
0
0
0
0
0
0
0
0
0
0
0
0
0
0
0
0
0
0
0
0
0
0
0
0
0
0
0
0
0
0
0
0
0
0
0
0
0
0
0
0
0
0
0
0
0
0
0
0
0
0
0
0
0
0
0
0
0
0
0
0
0
0
0
0
0
0
0
0
0
0
0
0
0
0
0
0
0
0
0
0
0
0
0
0
0
0
0
0
0
0
0
0
0
0
0
0
0
0
0
0
0
0
0
0
0
0
0
0
0
0
0
0
0
0
0
0
0
0
0
0
0
0
0
0
0
0
0
0
0
0
0
0
0
0
0
0
0
0
0
0
0
0
0
0
0
0
0
0
0
0
0
0
0
0
0
0
0
0
0
0
0
0
0
0
0
0
0
0
0
0
0
0
0
0
0
0
0
0
0
0
0
0
0
0
0
0
0
0
0
0
0
0
0
0
0
0
0
0
0
0
0
0
0
0
0
0
0
0
0
0
0
0
0
0
0
0
0
0
0
0
0
0
0
0
0
0
0
0
0
0
0
0
0
0
0
0
0
0
0
0
0
0
0
0
0
0
0
0
0
0
0
0
0
0
0
0
0
0
0
0
0
0
0
0
0
0
0
0
0
0
0
0
0
0
0
0
0
0
0
0
0
0
0
0
0
0
0
0
0
0
0
0
0
0
0
0
0
0
0
0
0
0
0
0
0
0
0
0
0
0
0
0
0
0
0
0
0
0
0
0
0
0
0
0
0
0
0
0
0
0
0
0
0
0
0
0
0
0
0
0
0
0
0
0
0
0
0
0
0
0
0
0
0
0
0
0
0
0
0
0
0
0
0
0
0
0
0
0
0
0
0
0
0
0
0
0
0
0
0
0
0
0
0
0
0
0
0
0
0
0
0
0
0
0
0
0
0
0
0
0
0
0
0
0
0
0
0
0
0
0
0
0
0
0
0
0
0
0
0
0
0
0
0
0
0
0
0
0
0
0
0
0
0
0
0
0
0
0
0
0
0
0
0
0
0
0
0
0
0
0
0
0
0
0
0
0
0
0
0
0
0
0
0
0
0
0
0
0
0
0
0
0
0
0
0
0
0
0
0
0
0
0
0
0
0
0
0
0
0
0
0
0
0
0
0
0
0
0
0
0
0
0
0
0
0
0
0
0
0
0
0
0
0
0
0
0
0
0
0
0
0
0
0
0
0
0
0
0
0
0
0
0
0
0
0
0
0
0
0
0
0
0
0
0
0
0
0
0
0
0
0
0
0
0
0
0
0
0
0
0
0
0
0
0
0
0
0
0
0
0
0
0
0
0
0
0
0
0
0
0
0
0
0
0
0
0
0
0
0
0
0
0
0
0
0
0
0
0
0
0
0
0
0
0
0
0
0
0
0
0
0
0
0
0
0
0
0
0
0
0
0
0
0
0
0
0
0
0
0
0
0
0
0
0
0
0
0
0
0
0
0
0
0
0
0
0
0
0
0
0
0
0
0
0
0
0
0
0
0
0
0
0
0
0
0
0
0
0
0
0
0
0
0
0
0
0
0
0
0
0
0
0
0
0
0
0
0
0
0
0
0
0
0
0
0
0
0
0
0
0
0
0
0
0
0
0
0
0
0
0
0
0
0
0
0
0
0
0
0
0
0
0
0
0
0
0
0
0
0
0
0
0
0
0
0
0
0
0
0
0
0
0
0
0
0
0
0
0
0
0
0
0
0
0
0
0
0
0
0
0
0
0
0
0
0
0
0
0
0
0
0
0
0
0
0
0
0
0
0
0
0
0
0
0
0
0
0
0
0
0
0
0
0
0
0
0
0
0
0
0
0
0
0
0
0
0
0
0
0
0
0
0
0
0
0
0
0
0
0
0
0
0
0
0
0
0
0
0
0
0
0
0
0
0
0
0
0
0
0
0
0
0
0
0
0
0
0
0
0
0
0
0
0
0
0
0
0
0
0
0
0
0
0
0
0
0
0
0
0
0
0
0
0
0
0
0
0
0
0
0
0
0
0
0
0
0
0
0
0
0
0
0
0
0
0
0
0
0
0
0
0
0
0
0
0
0
0
0
0
0
0
0
0
0
0
0
0
0
0
0
0
0
0
0
0
0
0
0
0
0
0
0
0
0
0
0
0
0
0
0
0
0
0
0
0
0
0
0
0
0
0
0
0
0
0
0
0
0
0
0
0
0
0
0
0
0
0
0
0
0
0
0
0
0
0
0
0
0
0
0
0
0
0
0
0
0
0
0
0
0
0
0
0
0
0
0
0
0
0
0
0
0
0
0
0
0
0
0
0
0
0
0
0
0
0
0
0
0
0
0
0
0
0
0
0
0
0
0
0
0
0
0
0
0
0
0
0
0
0
0
0
0
0
0
0
0
0
0
0
0
0
0
0
0
0
0
0
0
0
0
0
0
0
0
0
0
0
0
0
0
0
0
0
0
0
0
0
0
0
0
0
0
0
0
0
0
0
0
0
0
0
0
0
0
0
0
0
0
0
0
0
0
0
0
0
0
0
0
0
0
0
0
0
0
0
0
0
0
0
0
0
0
0
0
0
0
0
0
0
0
0
0
0
0
0
0
0
0
0
0
0
0
0
0
0
0
0
0
0
0
0
0
0
0
0
0
0
0
0
0
0
0
0
0
0
0
0
0
0
0
0
0
0
0
0
0
0
0
0
0
0
0
0
0
0
0
0
0
0
0
0
0
0
0
0
0
0
0
0
0
0
0
0
0
0
0
0
0
0
0
0
0
0
0
0
0
0
0
0
0
0
0
0
0
0
0
0
0
0
0
0
0
0
0
0
0
0
0
0
0
0
0
0
0
0
0
0
0
0
0
0
0
0
0
0
0
0
0
0
0
0
0
0
0
0
0
0
0
0
0
0
0
0
0
0
0
0
0
0
0
0
0
0
0
0
0
0
0
0
0
0
0
0
0
0
0
0
0
0
0
0
0
0
0
0
0
0
0
0
0
0
0
0
0
0
0
0
0
0
0
0
0
0
0
0
0
0
0
0
0
0
0
0
0
0
0
0
0
0
0
0
0
0
0
0
0
0
0
0
0
0
0
0
0
0
0
0
0
0
0
0
0
0
0
0
0
0
0
0
0
0
0
0
0
0
0
0
0
0
0
0
0
0
0
0
0
0
0
0
0
0
0
0
0
0
0
0
0
0
0
0
0
0
0
0
0
0
0
0
0
0
0
0
0
0
0
0
0
0
0
0
0
0
0
0
0
0
0
0
0
0
0
0
0
0
0
0
0
0
0
0
0
0
0
0
0
0
0
0
0
0
0
0
0
0
0
0
0
0
0
0
0
0
0
0
0
0
0
0
0
0
0
0
0
0
0
0
0
0
0
0
0
0
0
0
0
0
0
0
0
0
0
0
0
0
0
0
0
0
0
0
0
0
0
0
0
0
0
0
0
0
0
0
0
0
0
0
0
0
0
0
0
0
0
0
0
0
0
0
0
0
0
0
0
0
0
0
0
0
0
0
0
0
0
0
0
0
0
0
0
0
0
0
0
0
0
0
0
0
0
0
0
0
0
0
0
0
0
0
0
0
0
0
0
0
0
0
0
0
0
0
0
0
0
0
0
0
0
0
0
0
0
0
0
0
0
0
0
0
0
0
0
0
0
0
0
0
0
0
0
0
0
0
0
0
0
0
0
0
0
0
0
0
0
0
0
0
0
0
0
0
0
0
0
0
0
0
0
0
0
0
0
0
0
0
0
0
0
0
0
0
0
0
0
0
0
0
0
0
0
0
0
0
0
0
0
0
0
0
0
0
0
0
0
0
0
0
0
0
0
0
0
0
0
0
0
0
0
0
0
0
0
0
0
0
0
0
0
0
0
0
0
0
0
0
0
0
0
0
0
0
0
0
0
0
0
0
0
0
0
0
0
0
0
0
0
0
0
0
0
0
0
0
0
0
0
0
0
0
0
0
0
0
0
0
0
0
0
0
0
0
0
0
0
0
0
0
0
0
0
0
0
0
0
0
0
0
0
0
0
0
0
0
0
0
0
0
0
0
0
0
0
0
0
0
0
0
0
0
0
0
0
0
0
0
0
0
0
0
0
0
0
0
0
0
0
0
0
0
0
0
0
0
0
0
0
0
0
0
0
0
0
0
0
0
0
0
0
0
0
0
0
0
0
0
0
0
0
0
0
0
0
0
0
0
0
0
0
0
0
0
0
0
0
0
0
0
0
0
0
0
0
0
0
0
0
0
0
0
0
0
0
0
0
0
0
0
0
0
0
0
0
0
0
0
0
0
0
0
0
0
0
0
0
0
0
0
0
0
0
0
0
0
0
0
0
0
0
0
0
0
0
0
0
0
0
0
0
0
0
0
0
0
0
0
0
0
0
0
0
0
0
0
0
0
0
0
0
0
0
0
0
0
0
0
0
0
0
0
0
0
0
0
0
0
0
0
0
0
0
0
0
0
0
0
0
0
0
0
0
0
0
0
0
0
0
0
0
0
0
0
0
0
0
0
0
0
0
0
0
0
0
0
0
0
0
0
0
0
0
0
0
0
0
0
0
0
0
0
0
0
0
0
0
0
0
0
0
0
0
0
0
0
0
0
0
0
0
0
0
0
0
0
0
0
0
0
0
0
0
0
0
0
0
0
0
0
0
0
0
0
0
0
0
0
0
0
0
0
0
0
0
0
0
0
0
0
0
0
0
0
0
0
0
0
0
0
0
0
0
0
0
0
0
0
0
0
0
0
0
0
0
0
0
0
0
0
0
0
0
0
0
0
0
0
0
0
0
0
0
0
0
0
0
0
0
0
0
0
0
0
0
0
0
0
0
0
0
0
0
0
0
0
0
0
0
0
0
0
0
0
0
0
0
0
0
0
0
0
0
0
0
0
0
0
0
0
0
0
0
0
0
0
0
0
0
0
0
0
0
0
0
0
0
0
0
0
0
0
0
0
0
0
0
0
0
0
0
0
0
0
0
0
0
0
0
0
0
0
0
0
0
0
0
0
0
0
0
0
0
0
0
0
0
0
0
0
0
0
0
0
0
0
0
0
0
0
0
0
0
0
0
0
0
0
0
0
0
0
0
0
0
0
0
0
0
0
0
0
0
0
0
0
0
0
0
0
0
0
0
0
0
0
0
0
0
0
0
0
0
0
0
0
0
0
0
0
0
0
0
0
0
0
0
0
0
0
0
0
0
0
0
0
0
0
0
0
0
0
0
0
0
0
0
0
0
0
0
0
0
0
0
0
0
0
0
0
0
0
0
0
0
0
0
0
0
0
0
0
0
0
0
0
0
0
0
0
0
0
0
0
0
0
0
0
0
0
0
0
0
0
0
0
0
0
0
0
0
0
0
0
0
0
0
0
0
0
0
0
0
0
0
0
0
0
0
0
0
0
0
0
0
0
0
0
0
0
0
0
0
0
0
0
0
0
0
0
0
0
0
0
0
0
0
0
0
0
0
0
0
0
0
0
0
0
0
0
0
0
0
0
0
0
0
0
0
0
0
0
0
0
0
0
0
0
0
0
0
0
0
0
0
0
0
0
0
0
0
0
0
0
0
0
0
0
0
0
0
0
0
0
0
0
0
0
0
0
0
0
0
0
0
0
0
0
0
0
0
0
0
0
0
0
0
0
0
0
0
0
0
0
0
0
0
0
0
0
0
0
0
0
0
0
0
0
0
0
0
0
0
0
0
0
0
0
0
0
0
0
0
0
0
0
0
0
0
0
0
0
0
0
0
0
0
0
0
0
0
0
0
0
0
0
0
0
0
0
0
0
0
0
0
0
0
0
0
0
0
0
0
0
0
0
0
0
0
0
0
0
0
0
0
0
0
0
0
0
0
0
0
0
0
0
0
0
0
0
0
0
0
0
0
0
0
0
0
0
0
0
0
0
0
0
0
0
0
0
0
0
0
0
0
0
0
0
0
0
0
0
0
0
0
0
0
0
0
0
0
0
0
0
0
0
0
0
0
0
0
0
0
0
0
0
0
0
0
0
0
0
0
0
0
0
0
0
0
0
0
0
0
0
0
0
0
0
0
0
0
0
0
0
0
0
0
0
0
0
0
0
0
0
0
0
0
0
0
0
0
0
0
0
0
0
0
0
0
0
0
0
0
0
0
0
0
0
0
0
0
0
0
0
0
0
0
0
0
0
0
0
0
0
0
0
0
0
0
0
0
0
0
0
0
0
0
0
0
0
0
0
0
0
0
0
0
0
0
0
0
0
0
0
0
0
0
0
0
0
0
0
0
0
0
0
0
0
0
0
0
0
0
0
0
0
0
0
0
0
0
0
0
0
0
0
0
0
0
0
0
0
0
0
0
0
0
0
0
0
0
0
0
0
0
0
0
0
0
0
0
0
0
0
0
0
0
0
0
0
0
0
0
0
0
0
0
0
0
0
0
0
0
0
0
0
0
0
0
0
0
0
0
0
0
0
0
0
0
0
0
0
0
0
0
0
0
0
0
0
0
0
0
0
0
0
0
0
0
0
0
0
0
0
0
0
0
0
0
0
0
0
0
0
0
0
0
0
0
0
0
0
0
0
0
0
0
0
0
0
0
0
0
0
0
0
0
0
0
0
0
0
0
0
0
0
0
0
0
0
0
0
0
0
0
0
0
0
0
0
0
0
0
0
0
0
0
0
0
0
0
0
0
0
0
0
0
0
0
0
0
0
0
0
0
0
0
0
0
0
0
0
0
0
0
0
0
0
0
0
0
0
0
0
0
0
0
0
0
0
0
0
0
0
0
0
0
0
0
0
0
0
0
0
0
0
0
0
0
0
0
0
0
0
0
0
0
0
0
0
0
0
0
0
0
0
0
0
0
0
0
0
0
0
0
0
0
0
0
0
0
0
0
0
0
0
0
0
0
0
0
0
0
0
0
0
0
0
0
0
0
0
0
0
0
0
0
0
0
0
0
0
0
0
0
0
0
0
0
0
0
0
0
0
0
0
0
0
0
0
0
0
0
0
0
0
0
0
0
0
0
0
0
0
0
0
0
0
0
0
0
0
0
0
0
0
0
0
0
0
0
0
0
0
0
0
0
0
0
0
0
0
0
0
0
0
0
0
0
0
0
0
0
0
0
0
0
0
0
0
0
0
0
0
0
0
0
0
0
0
0
0
0
0
0
0
0
0
0
0
0
0
0
0
0
0
0
0
0
0
0
0
0
0
0
0
0
0
0
0
0
0
0
0
0
0
0
0
0
0
0
0
0
0
0
0
0
0
0
0
0
0
0
0
0
0
0
0
0
0
0
0
0
0
0
0
0
0
0
0
0
0
0
0
0
0
0
0
0
0
0
0
0
0
0
0
0
0
0
0
0
0
0
0
0
0
0
0
0
0
0
0
0
0
0
0
0
0
0
0
0
0
0
0
0
0
0
0
0
0
0
0
0
0
0
0
0
0
0
0
0
0
0
0
0
0
0
0
0
0
0
0
0
0
0
0
0
0
0
0
0
0
0
0
0
0
0
0
0
0
0
0
0
0
0
0
0
0
0
0
0
0
0
0
0
0
0
0
0
0
0
0
0
0
0
0
0
0
0
0
0
0
0
0
0
0
0
0
0
0
0
0
0
0
0
0
0
0
0
0
0
0
0
0
0
0
0
0
0
0
0
0
0
0
0
0
0
0
0
0
0
0
0
0
0
0
0
0
0
0
0
0
0
0
0
0
0
0
0
0
0
0
0
0
0
0
0
0
0
0
0
0
0
0
0
0
0
0
0
0
0
0
0
0
0
0
0
0
0
0
0
0
0
0
0
0
0
0
0
0
0
0
0
0
0
0
0
0
0
0
0
0
0
0
0
0
0
0
0
0
0
0
0
0
0
0
0
0
0
0
0
0
0
0
0
0
0
0
0
0
0
0
0
0
0
0
0
0
0
0
0
0
0
0
0
0
0
0
0
0
0
0
0
0
0
0
0
0
0
0
0
0
0
0
0
0
0
0
0
0
0
0
0
0
0
0
0
0
0
0
0
0
0
0
0
0
0
0
0
0
0
0
0
0
0
0
0
0
0
0
0
0
0
0
0
0
0
0
0
0
0
0
0
0
0
0
0
0
0
0
0
0
0
0
0
0
0
0
0
0
0
0
0
0
0
0
0
0
0
0
0
0
0
0
0
0
0
0
0
0
0
0
0
0
0
0
0
0
0
0
0
0
0
0
0
0
0
0
0
0
0
0
0
0
0
0
0
0
0
0
0
0
0
0
0
0
0
0
0
0
0
0
0
0
0
0
0
0
0
0
0
0
0
0
0
0
0
0
0
0
0
0
0
0
0
0
0
0
0
0
0
0
0
0
0
0
0
0
0
0
0
0
0
0
0
0
0
0
0
0
0
0
0
0
0
0
0
0
0
0
0
0
0
0
0
0
0
0
0
0
0
0
0
0
0
0
0
0
0
0
0
0
0
0
0
0
0
0
0
0
0
0
0
0
0
0
0
0
0
0
0
0
0
0
0
0
0
0
0
0
0
0
0
0
0
0
0
0
0
0
0
0
0
0
0
0
0
0
0
0
0
0
0
0
0
0
0
0
0
0
0
0
0
0
0
0
0
0
0
0
0
0
0
0
0
0
0
0
0
0
0
0
0
0
0
0
0
0
0
0
0
0
0
0
0
0
0
0
0
0
0
0
0
0
0
0
0
0
0
0
0
0
0
0
0
0
0
0
0
0
0
0
0
0
0
0
0
0
0
0
0
0
0
0
0
0
0
0
0
0
0
0
0
0
0
0
0
0
0
0
0
0
0
0
0
0
0
0
0
0
0
0
0
0
0
0
0
0
0
0
0
0
0
0
0
0
0
0
0
0
0
0
0
0
0
0
0
0
0
0
0
0
0
0
0
0
0
0
0
0
0
0
0
0
0
0
0
0
0
0
0
0
0
0
0
0
0
0
0
0
0
0
0
0
0
0
0
0
0
0
0
0
0
0
0
0
0
0
0
0
0
0
0
0
0
0
0
0
0
0
0
0
0
0
0
0
0
0
0
0
0
0
0
0
0
0
0
0
0
0
0
0
0
0
0
0
0
0
0
0
0
0
0
0
0
0
0
0
0
0
0
0
0
0
0
0
0
0
0
0
0
0
0
0
0
0
0
0
0
0
0
0
0
0
0
0
0
0
0
0
0
0
0
0
0
0
0
0
0
0
0
0
0
0
0
0
0
0
0
0
0
0
0
0
0
0
0
0
0
0
0
0
0
0
0
0
0
0
0
0
0
0
0
0
0
0
0
0
0
0
0
0
0
0
0
0
0
0
0
0
0
0
0
0
0
0
0
0
0
0
0
0
0
0
0
0
0
0
0
0
0
0
0
0
0
0
0
0
0
0
0
0
0
0
0
0
0
0
0
0
0
0
0
0
0
0
0
0
0
0
0
0
0
0
0
0
0
0
0
0
0
0
0
0
0
0
0
0
0
0
0
0
0
0
0
0
0
0
0
0
0
0
0
0
0
0
0
0
0
0
0
0
0
0
0
0
0
0
0
0
0
0
0
0
0
0
0
0
0
0
0
0
0
0
0
0
0
0
0
0
0
0
0
0
0
0
0
0
0
0
0
0
0
0
0
0
0
0
0
0
0
0
0
0
0
0
0
0
0
0
0
0
0
0
0
0
0
0
0
0
0
0
0
0
0
0
0
0
0
0
0
0
0
0
0
0
0
0
0
0
0
0
0
0
0
0
0
0
0
0
0
0
0
0
0
0
0
0
0
0
0
0
0
0
0
0
0
0
0
0
0
0
0
0
0
0
0
0
0
0
0
0
0
0
0
0
0
0
0
0
0
0
0
0
0
0
0
0
0
0
0
0
0
0
0
0
0
0
0
0
0
0
0
0
0
0
0
0
0
0
0
0
0
0
0
0
0
0
0
0
0
0
0
0
0
0
0
0
0
0
0
0
0
0
0
0
0
0
0
0
0
0
0
0
0
0
0
0
0
0
0
0
0
0
0
0
0
0
0
0
0
0
0
0
0
0
0
0
0
0
0
0
0
0
0
0
0
0
0
0
0
0
0
0
0
0
0
0
0
0
0
0
0
0
0
0
0
0
0
0
0
0
0
0
0
0
0
0
0
0
0
0
0
0
0
0
0
0
0
0
0
0
0
0
0
0
0
0
0
0
0
0
0
0
0
0
0
0
0
0
0
0
0
0
0
0
0
0
0
0
0
0
0
0
0
0
0
0
0
0
0
0
0
0
0
0
0
0
0
0
0
0
0
0
0
0
0
0
0
0
0
0
0
0
0
0
0
0
0
0
0
0
0
0
0
0
0
0
0
0
0
0
0
0
0
0
0
0
0
0
0
0
0
0
0
0
0
0
0
0
0
0
0
0
0
0
0
0
0
0
0
0
0
0
0
0
0
0
0
0
0
0
0
0
0
0
0
0
0
0
0
0
0
0
0
0
0
0
0
0
0
0
0
0
0
0
0
0
0
0
0
0
0
0
0
0
0
0
0
0
0
0
0
0
0
0
0
0
0
0
0
0
0
0
0
0
0
0
0
0
0
0
0
0
0
0
0
0
0
0
0
0
0
0
0
0
0
0
0
0
0
0
0
0
0
0
0
0
0
0
0
0
0
0
0
0
0
0
0
0
0
0
0
0
0
0
0
0
0
0
0
0
0
0
0
0
0
0
0
0
0
0
0
0
0
0
0
0
0
0
0
0
0
0
0
0
0
0
0
0
0
0
0
0
0
0
0
0
0
0
0
0
0
0
0
0
0
0
0
0
0
0
0
0
0
0
0
0
0
0
0
0
0
0
0
0
0
0
0
0
0
0
0
0
0
0
0
0
0
0
0
0
0
0
0
0
0
0
0
0
0
0
0
0
0
0
0
0
0
0
0
0
0
0
0
0
0
0
0
0
0
0
0
0
0
0
0
0
0
0
0
0
0
0
0
0
0
0
0
0
0
0
0
0
0
0
0
0
0
0
0
0
0
0
0
0
0
0
0
0
0
0
0
0
0
0
0
0
0
0
0
0
0
0
0
0
0
0
0
0
0
0
0
0
0
0
0
0
0
0
0
0
0
0
0
0
0
0
0
0
0
0
0
0
0
0
0
0
0
0
0
0
0
0
0
0
0
0
0
0
0
0
0
0
0
0
0
0
0
0
0
0
0
0
0
0
0
0
0
0
0
0
0
0
0
0
0
0
0
0
0
0
0
0
0
0
0
0
0
0
0
0
0
0
0
0
0
0
0
0
0
0
0
0
0
0
0
0
0
0
0
0
0
0
0
0
0
0
0
0
0
0
0
0
0
0
0
0
0
0
0
0
0
0
0
0
0
0
0
0
0
0
0
0
0
0
0
0
0
0
0
0
0
0
0
0
0
0
0
0
0
0
0
0
0
0
0
0
0
0
0
0
0
0
0
0
0
0
0
0
0
0
0
0
0
0
0
0
0
0
0
0
0
0
0
0
0
0
0
0
0
0
0
0
0
0
0
0
0
0
0
0
0
0
0
0
0
0
0
0
0
0
0
0
0
0
0
0
0
0
0
0
0
0
0
0
0
0
0
0
0
0
0
0
0
0
0
0
0
0
0
0
0
0
0
0
0
0
0
0
0
0
0
0
0
0
0
0
0
0
0
0
0
0
0
0
0
0
0
0
0
0
0
0
0
0
0
0
0
0
0
0
0
0
0
0
0
0
0
0
0
0
0
0
0
0
0
0
0
0
0
0
0
0
0
0
0
0
0
0
0
0
0
0
0
0
0
0
0
0
0
0
0
0
0
0
0
0
0
0
0
0
0
0
0
0
0
0
0
0
0
0
0
0
0
0
0
0
0
0
0
0
0
0
0
0
0
0
0
0
0
0
0
0
0
0
0
0
0
0
0
0
0
0
0
0
0
0
0
0
0
0
0
0
0
0
0
0
0
0
0
0
0
0
0
0
0
0
0
0
0
0
0
0
0
0
0
0
0
0
0
0
0
0
0
0
0
0
0
0
0
0
0
0
0
0
0
0
0
0
0
0
0
0
0
0
0
0
0
0
0
0
0
0
0
0
0
0
0
0
0
0
0
0
0
0
0
0
0
0
0
0
0
0
0
0
0
0
0
0
0
0
0
0
0
0
0
0
0
0
0
0
0
0
0
0
0
0
0
0
0
0
0
0
0
0
0
0
0
0
0
0
0
0
0
0
0
0
0
0
0
0
0
0
0
0
0
0
0
0
0
0
0
0
0
0
0
0
0
0
0
0
0
0
0
0
0
0
0
0
0
0
0
0
0
0
0
0
0
0
0
0
0
0
0
0
0
0
0
0
0
0
0
0
0
0
0
0
0
0
0
0
0
0
0
0
0
0
0
0
0
0
0
0
0
0
0
0
0
0
0
0
0
0
0
0
0
0
0
0
0
0
0
0
0
0
0
0
0
0
0
0
0
0
0
0
0
0
0
0
0
0
0
0
0
0
0
0
0
0
0
0
0
0
0
0
0
0
0
0
0
0
0
0
0
0
0
0
0
0
0
0
0
0
0
0
0
0
0
0
0
0
0
0
0
0
0
0
0
0
0
0
0
0
0
0
0
0
0
0
0
0
0
0
0
0
0
0
0
0
0
0
0
0
0
0
0
0
0
0
0
0
0
0
0
0
0
0
0
0
0
0
0
0
0
0
0
0
0
0
0
0
0
0
0
0
0
0
0
0
0
0
0
0
0
0
0
0
0
0
0
0
0
0
0
0
0
0
0
0
0
0
0
0
0
0
0
0
0
0
0
0
0
0
0
0
