16
-156
-1680
-355
48
-1528
-1434
-65
276
-3043
-1311
-1902
-2734
-1039
91
805
-237
194
-176
-1559
-2056
-1317
-14630
-244
990
-1002
-2184
-2797
-2827
-12313
-31
1339
-19
-397
-2081
509
-863
-1412
-1422
-27
122
-3423
-304
-2631
-2379
-445
-58
-279
-215
-20
-604
-1643
-1310
-1167
-16917
-264
239
-1487
-1754
-2500
-2202
-16705
-208
-102
12
-176
-3306
531
-1698
-2600
-2214
-63
5
-5069
-631
-4324
-3591
-645
9
-179
-175
236
566
-2866
-2419
-2012
-15371
-295
1015
-1493
-3178
-3467
-3656
-13258
-306
561
-44
-59
-3722
641
-1992
-2721
-2302
-91
93
-4594
-237
-3474
-3318
-1385
88
461
-157
74
410
-3149
-2388
-2197
-12588
-216
239
-1216
-2846
-2954
-3368
-13141
-219
379
-32
-267
-3628
569
-894
-2449
-2276
-180
-417
-4943
-205
-2364
-3499
-2090
88
457
-175
-587
594
-3295
-3647
-2165
-13716
-260
-227
-759
-3428
-4418
-3812
-12947
-192
609
-61
-337
-3179
7
-844
-2079
-1994
-260
-710
-4785
-1337
-2528
-3442
-2472
2
127
-162
57
925
-3020
-3055
-1788
-15924
-240
258
645
-3177
-4496
-3749
-14041
-166
664
-71
-129
-2720
-267
-982
-1578
-1728
-181
-33
-4332
-1149
-2564
-3110
-2603
50
191
-174
-221
699
-2849
-2200
-1554
-16165
-195
278
780
-2914
-3695
-3449
-13957
-113
-173
-121
364
-3188
-442
-943
-2544
-2205
-190
628
-4089
-454
-1836
-3214
-2841
-47
315
-152
-289
-789
-2920
-1353
-2114
-13807
-294
-177
-675
-2741
-2614
-3356
-12910
-51
-1028
-122
-702
-2456
-1266
1498
-1475
-2168
-207
130
-3416
-2738
46
-2801
-3505
-88
1284
-137
419
-713
-2616
-3807
-2165
-15973
20
1180
-1582
-1156
-2989
-3078
-13094
156
1331
-247
-374
-3297
-1076
-203
-1989
-2265
-252
-189
-4411
-2432
-1283
-2762
-2163
-116
500
-155
231
-711
-3175
-2035
-2085
-16827
-51
-256
-1713
-969
-1294
-2406
-17058
87
370
-167
-110
-3538
-943
-1144
-2602
-2462
-272
44
-4310
-1290
-1533
-2522
-1994
-80
584
-114
-12
-51
-3341
-1762
-2354
-12662
-61
210
-1476
-2025
-1181
-2523
-14555
-44
255
-272
-358
-4345
348
-2216
-3912
-3070
-333
-724
-4756
-71
-2422
-3675
-3548
-40
-401
-83
-141
-1066
-4155
-1810
-2975
-10650
-72
-430
-2577
-2807
-1086
-3143
-11783
50
32
-202
611
-3987
343
207
-2944
-2406
-307
18
-4754
-62
-1251
-3499
-3604
-57
894
-57
65
610
-3797
-3819
-2281
-16413
-80
-494
-1310
-2689
-2050
-3423
-16262
80
589
-281
703
-3770
-1351
342
-2992
-2572
-366
547
-5117
-2545
-1488
-3594
-3223
-130
1615
-8
411
492
-3714
-2912
-2399
-13828
-105
296
-867
-2959
-1765
-3968
-12400
190
910
-368
196
-2983
-469
-705
-1467
-1706
-242
-54
-3687
-1708
-1236
-1910
-1889
-101
489
-65
-511
81
-2899
-1621
-1727
-14969
-4
-769
-345
-1345
-1698
-2616
-16672
314
-1416
-270
-501
-2685
-178
-1469
-1728
-1636
-127
-878
-3343
-416
-574
-2396
-2601
-38
-591
-187
-550
255
-1814
-1456
-1579
-14549
-147
-840
-174
-982
-2523
-2362
-14617
123
-1783
-243
200
-3479
-2899
2985
-2033
-3468
-323
427
-3305
-3030
1628
-2660
-3498
-92
114
-159
575
-2133
-3842
-5728
-3470
-12115
-136
1120
-2684
-2923
-4457
-3327
-13755
210
1139
-309
1430
-4177
-2087
1331
-893
-2349
-282
1911
-5036
-2775
443
-2774
-1961
-63
2060
-204
35
-1306
-2670
-3525
-2307
-22029
-160
-582
-2923
-1889
-2817
-2699
-19863
-54
-493
-43
1881
-3514
-1930
2381
-3122
-2733
-185
3411
-4399
-2675
939
-4064
-2157
2
2281
-327
301
-2821
-2044
-3538
-2657
-22517
-316
-211
-4313
-3651
-3655
-3358
-17892
-321
-77
-357
530
-3142
537
-495
-2895
-2446
-347
1121
-3731
-156
742
-4024
-2955
-57
613
-53
95
-3246
-2991
-1663
-2394
-16981
-125
-633
-5249
-2949
-2823
-2658
-14362
12
-558
-447
127
-4024
29
707
-2803
-2993
-373
190
-4322
-521
1044
-3335
-2622
90
99
59
684
-3511
-4285
-2380
-2924
-13488
50
535
-5600
-2729
-2345
-2900
-14208
101
567
-583
224
-3850
-1583
1674
-2889
-3129
-390
850
-3786
-2411
-21
-2985
-1601
-78
877
109
-66
-4206
-4515
-1234
-3010
-12355
150
-938
-5913
-2385
-928
-3168
-14362
316
-1384
-619
-63
-2904
-1104
-937
-1225
-1861
-339
868
-2928
-1919
-1533
-1536
-634
-272
942
76
-1100
-3050
-2748
1391
-1878
-16533
135
-1072
-3924
-476
-130
-2174
-18688
443
-1490
-389
-547
-2320
347
-1815
-1699
-1703
-137
404
-1884
425
-758
-1906
-1703
-121
-194
-160
-1218
-2377
-786
-94
-1649
-17587
-209
-1298
-3410
461
-1756
-1720
-19169
81
-1940
-54
616
-2908
-327
2581
-2256
-2837
-71
390
-3789
-73
-1029
-4072
-2326
171
-217
-156
740
-3605
-3715
-3977
-2828
-16690
-330
688
-4681
-3300
-4226
-3997
-14118
72
412
115
2346
-4672
-2452
1066
-3341
-3299
78
2272
-6408
-2491
-3986
-6058
-2173
135
397
-373
768
-2793
-3701
-2774
-3505
-22070
-443
2487
-4252
-5253
-3668
-5532
-12694
-257
2349
230
4353
-6926
-2841
-435
-7878
-5944
67
2363
-7296
-2550
-5231
-8449
-4167
180
-23
-471
810
-5715
-2365
-4489
-5910
-23490
-349
196
-6466
-6762
-6031
-7499
-16154
-240
343
-8
3017
-4432
-114
-2344
-4494
-3447
-112
2667
-4013
781
-2626
-4656
-2855
81
1708
-172
-1381
-5008
-1607
-468
-3324
-20341
-316
-2292
-5866
-2974
-2552
-3080
-19192
-45
-1562
-185
1604
-3385
-795
-418
-2320
-2521
-164
973
-3699
-145
-1426
-2968
-2007
184
1224
135
346
-3951
-3527
-235
-2481
-18745
-227
224
-5426
-1795
-1622
-1855
-18547
50
479
-340
372
-4052
-1265
-843
-2938
-3902
-204
-182
-3183
74
-2388
-2679
-2779
97
-361
139
461
-4451
-5772
-1140
-3842
-9443
-7
102
-5968
-2952
-1813
-2135
-14707
225
420
-272
681
-2625
-446
-2884
-1529
-2349
-199
-39
-3248
509
-4274
-3100
-3151
-169
-292
38
-342
-2904
-3294
571
-2369
-18880
-131
-488
-4575
-2510
-963
-2395
-17431
194
-207
-149
789
-1789
135
-1494
-1879
-1712
11
885
-1997
1285
-2079
-2521
-2376
-27
194
-182
-1146
-2189
-497
-516
-1651
-19767
-346
-622
-3234
-831
-1547
-1485
-19174
-105
-885
277
270
-1679
553
-1565
-1435
-2117
93
-530
-2804
962
-4174
-3912
-2000
230
-841
-160
1234
-3062
-2813
-797
-1901
-17747
-338
683
-4818
-2921
-2407
-3361
-14109
-89
481
558
1996
-4281
-4121
-2774
-2981
-3844
450
1142
-3496
-991
-3766
-4285
-3238
204
-23
-291
2744
-4048
-15
-2135
-3862
-15799
-453
3467
-4291
-3901
-2179
-4010
-16827
-232
2636
779
5074
-8477
-7480
-5380
-7404
-7301
765
2075
-6290
-2685
-4412
-7184
-6236
111
210
-487
885
-7750
7480
-7918
-7335
-18748
-131
574
-7190
-6302
-4533
-8032
-20061
-64
843
443
2506
-6825
-4321
-4948
-6908
-6078
399
1250
-4626
381
-4007
-5333
-6094
-12
63
-323
-3867
-9335
3404
-1670
-5923
-17661
-151
-2898
-7618
-4530
-1815
-4866
-20867
80
-1332
282
1613
-4624
-1578
-3621
-3313
-3994
24
662
-4447
1058
-3836
-3790
-4109
-90
1161
140
-496
-6050
-2070
-55
-3831
-13985
-170
-1773
-6277
-3200
-1842
-3069
-13418
78
-293
87
1511
-3430
1659
-2480
-666
-2308
-13
774
-3852
3498
-3008
-2643
-3572
-42
683
124
64
-3351
-2691
-1764
-2191
-18507
-170
-170
-5308
-2676
-2881
-1842
-17259
19
276
24
1338
-2034
1422
-2285
97
-1529
-85
431
-2920
2421
-2639
-2501
-3926
-148
282
60
-314
-1969
-1452
-1911
-1384
-22304
-60
-68
-4146
-2517
-3172
-1949
-17805
133
216
126
436
-2012
940
-1970
-1670
-2290
19
-108
-2010
2107
-1716
-2770
-3189
22
-665
-210
-990
-2616
-1036
-2268
-2140
-14723
-307
-272
-3445
-2164
-3255
-1917
-14281
-139
-277
277
-421
-1955
141
-3499
-1768
-2007
-5
-242
-3662
786
-5199
-4365
-2147
152
-445
-123
815
-2020
-2369
494
-1882
-15459
-262
413
-4295
-4419
-2053
-3126
-9620
-152
447
620
-1891
-4477
-4195
-5471
-4184
-3891
453
-487
-4688
-1353
-3792
-5234
-3825
73
500
-152
5438
-3467
2797
-1747
-3480
-21413
-257
3535
-5498
-5605
-2863
-3188
-17788
-232
1573
915
-883
-10658
-8802
-9824
-7832
-9140
1255
-888
-5640
-2356
-1520
-5035
-7655
103
554
-523
699
-7435
11590
-12047
-8995
-5688
65
1027
-5652
-5856
-5443
-6229
-21556
-57
1015
779
-694
-7592
-4519
-6970
-5951
-6685
899
-1155
-4926
1319
-1382
-4797
-8187
75
112
-356
-5189
-8553
8543
-7634
-6459
-18683
-116
-3474
-7377
-6089
-5531
-4911
-23773
113
-1776
448
-195
-4767
-1077
-5001
-2990
-3462
234
-863
-5427
1827
-3066
-4378
-4772
-42
-483
76
-1749
-4718
1643
-1120
-3194
-21389
-138
-2081
-5781
-4729
-3194
-2904
-16960
51
-571
201
-334
-5279
2908
-5848
-2711
-3595
58
-587
-5852
4854
-4885
-3771
-3699
96
-912
-88
115
-4118
-3058
-162
-3311
-16226
-160
-72
-6780
-4133
-2614
-2832
-15984
-28
-289
-44
176
-3601
4367
-4386
-1606
-2674
-114
449
-4273
4724
-4476
-3496
-3793
-54
165
-132
-555
-3390
-3131
-1668
-2428
-14986
-83
-1093
-6520
-3321
-3752
-2899
-11312
136
-774
100
-665
-3009
1728
-3157
-2256
-2760
28
-251
-2111
2594
-2549
-2264
-1958
19
-696
-332
-1071
-2674
-1818
-1534
-2494
-16479
-306
-164
-3669
-1542
-3018
-1611
-21271
8
-41
-74
-308
-3106
-526
-3020
-2255
-2075
-55
940
-4884
-179
-5463
-3975
-853
28
513
-151
243
-553
-3168
1178
-2128
-20241
-215
345
-2336
-4133
-3117
-3111
-16172
-170
166
43
-1675
-5658
-2782
-5223
-5103
-4383
-66
104
-6531
-411
-6355
-4977
-1172
170
-205
-208
3946
-3262
-3242
2458
-4121
-19721
-242
2473
-6638
-6350
-1994
-2452
-19025
-148
1722
384
-4531
-8272
-6387
-6771
-8121
-7224
491
-2038
-6600
-3204
-5377
-5394
-2619
162
-265
-586
784
-2755
2561
-5381
-7210
-14667
-188
623
-4296
-7846
-5661
-4792
-21192
-97
447
420
-2465
-4873
-2867
-4150
-3589
-3921
452
-1565
-4460
226
-3005
-4067
-3770
-20
491
-302
-2323
-3222
2941
-3129
-3802
-30221
-157
-3024
-4945
-6064
-4455
-2345
-29088
-120
-1893
27
-844
-3284
-2097
-3899
-1904
-2562
-14
194
-3699
-810
-3808
-3112
-2573
-102
1091
-34
-796
-2851
-1260
2189
-2429
-18333
-157
-758
-4516
-4089
-1165
-600
-15125
-47
300
-120
-725
-4446
966
-4836
-2317
-2925
-110
-268
-4916
1629
-4882
-3349
-1813
32
114
-83
-99
-3064
-4243
2385
-2620
-18054
-149
-299
-5345
-4105
-2155
-1273
-17644
-17
-573
-209
-755
-3853
2789
-4888
-2204
-2827
-243
67
-4295
2620
-5292
-3545
-1718
-53
245
-155
-308
-3195
-4517
1035
-2492
-16321
-121
-327
-6254
-3637
-3441
-1870
-15314
85
-309
-102
-449
-1832
642
-3453
-1849
-1981
-153
-201
-1692
663
-2983
-2518
-838
-64
-524
-201
-791
-2382
-2439
1228
-1783
-16260
-203
-377
-3925
-1619
-2101
-1166
-17888
115
-400
-210
-929
-5060
-1340
-4232
-2619
-3750
-194
-1153
-5492
-1500
-5701
-3074
-404
14
-1458
-235
-598
-1351
-4940
859
-3578
-10422
-320
187
-953
-3323
-3535
-3751
-13891
-220
-251
-357
-1214
-2995
-1182
-2610
-928
-2213
-289
-1317
-4784
-1631
-3682
-2587
1172
-104
-652
1
1368
-1290
-2680
739
-2023
-21414
-292
1336
-4241
-3467
-3840
-1985
-18489
-12
1602
-231
-3438
-3837
-4491
-3778
-4612
-5108
-16
-2964
-5453
-4144
-5597
-5301
-842
94
-1441
-457
1631
-3676
-2708
-1587
-5105
-17125
-196
1724
-5123
-7584
-5932
-5654
-13535
77
1922
-177
-1991
-3134
-1923
-1246
-1547
-3043
-30
-1435
-3626
-1511
-2938
-3043
-1729
-81
-658
-316
-1338
-3034
-2410
-2212
-2968
-18211
-138
-2480
-3940
-5075
-5203
-3431
-16219
5
-2135
-353
-1558
-2846
-1853
-354
-457
-1836
-229
-1407
-2343
-1287
-2083
-1148
-1020
-277
-400
-65
-1008
-2715
-2578
895
-1631
-16575
-114
-875
-3024
-1861
-1948
-646
-18134
12
-789
-492
-786
-2737
248
-2433
-972
-1912
-359
-917
-2749
626
-3276
-1526
-1430
-274
-991
-125
-961
-2770
-3081
981
-1680
-13384
-151
-314
-3526
-2164
-1860
-1632
-14082
22
-348
-514
-375
-2198
1426
-3044
-1125
-1794
-433
-497
-2460
1250
-3836
-1860
-1660
-201
-604
-71
-771
-2875
-2707
579
-1519
-14237
-135
-29
-4412
-1932
-1851
-2119
-13507
167
-373
-379
-546
-260
-949
-2164
-1354
-1483
-355
-1031
3
-863
-2736
-1811
-1256
-121
-806
-135
-586
-2331
-1825
900
-1352
-14744
-202
-186
-3286
-1266
-943
-1397
-15844
177
-252
0
0
0
0
0
0
0
0
0
0
0
-1168
-1333
-441
-876
-1133
0
0
0
0
0
0
0
0
0
0
0
514
-1299
-1532
-1113
-12916
0
0
0
0
0
0
0
0
0
0
0
-917
-864
-667
-777
-1374
0
0
0
0
0
0
0
0
0
0
0
-953
-1634
-993
-1198
-14474
0
0
0
0
0
0
0
0
0
0
0
-877
-653
-631
-1232
-1228
0
0
0
0
0
0
0
0
0
0
0
152
-1245
-1765
-1095
-17747
0
0
0
0
0
0
0
0
0
0
0
-1293
-643
-1279
-1692
-1725
0
0
0
0
0
0
0
0
0
0
0
-65
-1742
-1721
-1574
-13733
0
0
0
0
0
0
0
0
0
0
0
-888
-615
-267
-1244
-1512
0
0
0
0
0
0
0
0
0
0
0
174
-2137
-2565
-1321
-15264
0
0
0
0
0
0
0
0
0
0
0
-592
-764
-18
-1037
-1353
0
0
0
0
0
0
0
0
0
0
0
1
-1770
-2712
-1212
-16638
0
0
0
0
0
0
0
0
0
0
0
-435
-994
-82
-1008
-1331
0
0
0
0
0
0
0
0
0
0
0
-73
-2038
-2160
-1240
-15489
0
0
0
0
0
0
0
0
0
0
0
-997
-1124
138
-1385
-1405
0
0
0
0
0
0
0
0
0
0
0
-57
-1555
-2024
-1237
-14890
0
0
0
0
0
0
0
0
0
0
0
-2235
-1650
671
-1034
-1656
0
0
0
0
0
0
0
0
0
0
0
305
-2152
-2761
-1687
-15736
0
0
0
0
0
0
0
0
0
0
0
-1517
-1066
350
-400
-1393
0
0
0
0
0
0
0
0
0
0
0
-1122
-2000
-2176
-1364
-19135
0
0
0
0
0
0
0
0
0
0
0
-1174
-1460
-795
-1061
-1864
0
0
0
0
0
0
0
0
0
0
0
-1517
-1662
-2086
-1705
-14145
0
0
0
0
0
0
0
0
0
0
0
-1977
-504
-1238
-1784
-2021
0
0
0
0
0
0
0
0
0
0
0
-1334
-1756
-1581
-1786
-14442
0
0
0
0
0
0
0
0
0
0
0
-1880
-827
-167
-1411
-1958
0
0
0
0
0
0
0
0
0
0
0
-45
-2095
-3019
-1785
-16464
0
0
0
0
0
0
0
0
0
0
0
-1224
-1588
377
-1641
-1682
0
0
0
0
0
0
0
0
0
0
0
-395
-2097
-2243
-1486
-17035
0
0
0
0
0
0
0
0
0
0
0
-1439
-1491
-1338
-733
-2007
0
0
0
0
0
0
0
0
0
0
0
-1301
-2254
-1638
-1883
-13046
0
0
0
0
0
0
0
0
0
0
0
-1616
-1492
-1674
-1022
-1662
0
0
0
0
0
0
0
0
0
0
0
-105
-451
-2347
-1589
-12602
0
0
0
0
0
0
0
0
0
0
0
-2704
-2404
1978
-1558
-2249
0
0
0
0
0
0
0
0
0
0
0
-158
-3574
-3411
-2202
-16235
0
0
0
0
0
0
0
0
0
0
0
-2262
-2835
472
-630
-2805
0
0
0
0
0
0
0
0
0
0
0
-2562
-2783
-4403
-2961
-17596
0
0
0
0
0
0
0
0
0
0
0
-1121
-1424
1927
-2986
-2641
0
0
0
0
0
0
0
0
0
0
0
-3301
-780
-5158
-2690
-19203
0
0
0
0
0
0
0
0
0
0
0
-2191
-85
472
-1752
-2045
0
0
0
0
0
0
0
0
0
0
0
-2671
-1588
-2358
-2175
-15604
0
0
0
0
0
0
0
0
0
0
0
-3026
-776
1184
-1972
-2499
0
0
0
0
0
0
0
0
0
0
0
-3007
-2804
-2011
-2487
-13614
0
0
0
0
0
0
0
0
0
0
0
-2748
-1360
1723
-2614
-2385
0
0
0
0
0
0
0
0
0
0
0
-3042
-3266
-815
-2320
-14499
0
0
0
0
0
0
0
0
0
0
0
-2339
-1553
-764
-665
-1803
0
0
0
0
0
0
0
0
0
0
0
-2501
-2035
226
-1865
-15206
0
0
0
0
0
0
0
0
0
0
0
-1653
-568
-1858
-1140
-1346
0
0
0
0
0
0
0
0
0
0
0
-1210
773
-1372
-1470
-16492
0
0
0
0
0
0
0
0
0
0
0
-2074
-1616
1076
-640
-2172
0
0
0
0
0
0
0
0
0
0
0
-1424
-3889
-2495
-2212
-16035
0
0
0
0
0
0
0
0
0
0
0
-4090
-3327
-301
206
-2998
0
0
0
0
0
0
0
0
0
0
0
-2516
-2525
-4392
-3403
-18939
0
0
0
0
0
0
0
0
0
0
0
-4359
-1689
-1243
-4620
-4467
0
0
0
0
0
0
0
0
0
0
0
-4785
1385
-7460
-4509
-23233
0
0
0
0
0
0
0
0
0
0
0
-4591
-1412
-3106
-1501
-3332
0
0
0
0
0
0
0
0
0
0
0
-4785
1010
-2658
-3519
-16475
0
0
0
0
0
0
0
0
0
0
0
-3556
-2028
-311
315
-2301
0
0
0
0
0
0
0
0
0
0
0
-4024
-1796
-1328
-2368
-17606
0
0
0
0
0
0
0
0
0
0
0
-3309
-1408
-78
-867
-2254
0
0
0
0
0
0
0
0
0
0
0
-2498
-3611
-483
-2137
-15443
0
0
0
0
0
0
0
0
0
0
0
-3561
-1442
-2222
631
-1998
0
0
0
0
0
0
0
0
0
0
0
-1317
-1947
-704
-1964
-16996
0
0
0
0
0
0
0
0
0
0
0
-2069
-888
-1777
-890
-1260
0
0
0
0
0
0
0
0
0
0
0
-416
1399
-1852
-1291
-17951
0
0
0
0
0
0
0
0
0
0
0
-2350
-1420
-1852
298
-1803
0
0
0
0
0
0
0
0
0
0
0
-1282
-3047
-635
-1941
-15009
0
0
0
0
0
0
0
0
0
0
0
-5581
-5234
-4178
1337
-4253
0
0
0
0
0
0
0
0
0
0
0
-5196
329
-5187
-4583
-13004
0
0
0
0
0
0
0
0
0
0
0
-10739
-9745
-9451
-6989
-10527
0
0
0
0
0
0
0
0
0
0
0
-11449
8945
-13973
-10467
-1664
0
0
0
0
0
0
0
0
0
0
0
-8167
-5733
-5999
-4436
-6073
0
0
0
0
0
0
0
0
0
0
0
-9013
7046
-5798
-6196
-15715
0
0
0
0
0
0
0
0
0
0
0
-4579
-2997
-3347
1001
-2769
0
0
0
0
0
0
0
0
0
0
0
-5594
589
-1664
-2858
-17070
0
0
0
0
0
0
0
0
0
0
0
-2605
-649
-2582
1789
-1779
0
0
0
0
0
0
0
0
0
0
0
-2923
-1275
-2096
-1755
-18367
0
0
0
0
0
0
0
0
0
0
0
-3160
-619
-2578
1391
-1836
0
0
0
0
0
0
0
0
0
0
0
-1400
-937
-2128
-1818
-17709
0
0
0
0
0
0
0
0
0
0
0
-2468
-399
-1952
-629
-1569
0
0
0
0
0
0
0
0
0
0
0
-470
-4
-2181
-1574
-14121
0
0
0
0
0
0
0
0
0
0
0
-2502
-1099
-2709
-598
-1520
0
0
0
0
0
0
0
0
0
0
0
-444
-2244
520
-1667
-13419
0
0
0
0
0
0
0
0
0
0
0
-5454
-3902
-4738
-2980
-3807
0
0
0
0
0
0
0
0
0
0
0
-4156
4200
-3699
-4080
-21326
0
0
0
0
0
0
0
0
0
0
0
-15506
-12166
-14108
-12455
-14303
0
0
0
0
0
0
0
0
0
0
0
-12827
12190
-17234
-14606
18819
0
0
0
0
0
0
0
0
0
0
0
-10425
-6549
-8470
-7429
-8220
0
0
0
0
0
0
0
0
0
0
0
-9510
10387
-10486
-8411
-11022
0
0
0
0
0
0
0
0
0
0
0
-5506
-3314
-4819
-982
-3492
0
0
0
0
0
0
0
0
0
0
0
-5341
2990
-2761
-3729
-17680
0
0
0
0
0
0
0
0
0
0
0
-3333
270
-4540
-786
-2430
0
0
0
0
0
0
0
0
0
0
0
-3288
-2393
757
-2507
-17265
0
0
0
0
0
0
0
0
0
0
0
-3464
1676
-3066
-1022
-2072
0
0
0
0
0
0
0
0
0
0
0
-1802
-2645
425
-1899
-13748
0
0
0
0
0
0
0
0
0
0
0
-2492
468
-2464
-989
-1700
0
0
0
0
0
0
0
0
0
0
0
-399
-1560
-944
-1735
-18082
0
0
0
0
0
0
0
0
0
0
0
-1927
-1619
-2735
-1910
-1837
0
0
0
0
0
0
0
0
0
0
0
13
-2109
740
-1836
-16867
0
0
0
0
0
0
0
0
0
0
0
-4543
-2530
-3893
-4198
-3216
0
0
0
0
0
0
0
0
0
0
0
-2238
-754
1160
-3421
-21859
0
0
0
0
0
0
0
0
0
0
0
-8602
-5605
-7919
-8622
-7162
0
0
0
0
0
0
0
0
0
0
0
-3130
4597
-7812
-7450
-11385
0
0
0
0
0
0
0
0
0
0
0
-6502
-3794
-5119
-4227
-4909
0
0
0
0
0
0
0
0
0
0
0
-3503
4842
-6326
-5044
-22045
0
0
0
0
0
0
0
0
0
0
0
-4166
-2729
-2667
-1311
-2542
0
0
0
0
0
0
0
0
0
0
0
-2885
-64
630
-2590
-15552
0
0
0
0
0
0
0
0
0
0
0
-3313
-616
-3041
-1061
-2309
0
0
0
0
0
0
0
0
0
0
0
-2480
-3353
2653
-2194
-17550
0
0
0
0
0
0
0
0
0
0
0
-3451
1130
-2615
-1487
-2160
0
0
0
0
0
0
0
0
0
0
0
-1911
-3394
2068
-1930
-15728
0
0
0
0
0
0
0
0
0
0
0
-2538
-222
-2366
-976
-1745
0
0
0
0
0
0
0
0
0
0
0
-861
-2077
911
-1657
-14746
0
0
0
0
0
0
0
0
0
0
0
-1839
-838
-2642
-1749
-2005
0
0
0
0
0
0
0
0
0
0
0
-935
-2476
248
-1921
-15293
0
0
0
0
0
0
0
0
0
0
0
-2506
-1061
-2204
-1799
-2371
0
0
0
0
0
0
0
0
0
0
0
-1159
-2226
24
-2286
-17709
0
0
0
0
0
0
0
0
0
0
0
-3917
-2368
-3077
-4357
-3300
0
0
0
0
0
0
0
0
0
0
0
-904
-1590
-940
-3213
-21667
0
0
0
0
0
0
0
0
0
0
0
-3753
-1628
-936
-2718
-2662
0
0
0
0
0
0
0
0
0
0
0
-1941
-799
-1936
-2613
-17108
0
0
0
0
0
0
0
0
0
0
0
-3013
-1957
-132
-1479
-2185
0
0
0
0
0
0
0
0
0
0
0
-2694
-1609
-111
-2126
-13232
0
0
0
0
0
0
0
0
0
0
0
-2098
-217
-1213
-1086
-1349
0
0
0
0
0
0
0
0
0
0
0
-1836
-1966
1298
-1256
-14005
0
0
0
0
0
0
0
0
0
0
0
-2004
990
-1253
-1226
-960
0
0
0
0
0
0
0
0
0
0
0
-1235
-1215
1114
-857
-15865
0
0
0
0
0
0
0
0
0
0
0
-1866
-493
-1384
-1310
-1116
0
0
0
0
0
0
0
0
0
0
0
-82
-952
644
-970
-14499
0
0
0
0
0
0
0
0
0
0
0
0
0
0
0
0
0
0
0
0
0
0
0
0
0
0
0
0
0
0
0
0
0
0
0
0
0
0
0
0
0
0
0
0
0
0
0
0
0
0
0
0
0
0
0
0
0
0
0
0
0
0
0
0
0
0
0
0
0
0
0
0
0
0
0
0
0
0
0
0
0
0
0
0
0
0
0
0
0
0
0
0
0
0
0
0
0
0
0
0
0
0
0
0
0
0
0
0
0
0
0
0
0
0
0
0
0
0
0
0
0
0
0
0
0
0
0
0
0
0
0
0
0
0
0
0
0
0
0
0
0
0
0
0
0
0
0
0
0
0
0
0
0
0
0
0
0
0
0
0
0
0
0
0
0
0
0
0
0
0
0
0
0
0
0
0
0
0
0
0
0
0
0
0
0
0
0
0
0
0
0
0
0
0
0
0
0
0
0
0
0
0
0
0
0
0
0
0
0
0
0
0
0
0
0
0
0
0
0
0
0
0
0
0
0
0
0
0
0
0
0
0
0
0
0
0
0
0
0
0
0
0
0
0
0
0
0
0
0
0
0
0
0
0
0
0
0
0
0
0
0
0
0
0
0
0
0
0
0
0
0
0
0
0
0
0
0
0
0
0
0
0
0
0
0
0
0
0
0
0
0
0
0
0
0
0
0
0
0
0
0
0
0
0
0
0
0
0
0
0
0
0
0
0
0
0
0
0
0
0
0
0
0
0
0
0
0
0
0
0
0
0
0
0
0
0
0
0
0
0
0
0
0
0
0
0
0
0
0
0
0
0
0
0
0
0
0
0
0
0
0
0
0
0
0
0
0
0
0
0
0
0
0
0
0
0
0
0
0
0
0
0
0
0
0
0
0
0
0
0
0
0
0
0
0
0
0
0
0
0
0
0
0
0
0
0
0
0
0
0
0
0
0
0
0
0
0
0
0
0
0
0
0
0
0
0
0
0
0
0
0
0
0
0
0
0
0
0
0
0
0
0
0
0
0
0
0
0
0
0
0
0
0
0
0
0
0
0
0
0
0
0
0
0
0
0
0
0
0
0
0
0
0
0
0
0
0
0
0
0
0
0
0
0
0
0
0
0
0
0
0
0
0
0
0
0
0
0
0
0
0
0
0
0
0
0
0
0
0
0
0
0
0
0
0
0
0
0
0
0
0
0
0
0
0
0
0
0
0
0
0
0
0
0
0
0
0
0
0
0
0
0
0
0
0
0
0
0
0
0
0
0
0
0
0
0
0
0
0
0
0
0
0
0
0
0
0
0
0
0
0
0
0
0
0
0
0
0
0
0
0
0
0
0
0
0
0
0
0
0
0
0
0
0
0
0
0
0
0
0
0
0
0
0
0
0
0
0
0
0
0
0
0
0
0
0
0
0
0
0
0
0
0
0
0
0
0
0
0
0
0
0
0
0
0
0
0
0
0
0
0
0
0
0
0
0
0
0
0
0
0
0
0
0
0
0
0
0
0
0
0
0
0
0
0
0
0
0
0
0
0
0
0
0
0
0
0
0
0
0
0
0
0
0
0
0
0
0
0
0
0
0
0
0
0
0
0
0
0
0
0
0
0
0
0
0
0
0
0
0
0
0
0
0
0
0
0
0
0
0
0
0
0
0
0
0
0
0
0
0
0
0
0
0
0
0
0
0
0
0
0
0
0
0
0
0
0
0
0
0
0
0
0
0
0
0
0
0
0
0
0
0
0
0
0
0
0
0
0
0
0
0
0
0
0
0
0
0
0
0
0
0
0
0
0
0
0
0
0
0
0
0
0
0
0
0
0
0
0
0
0
0
0
0
0
0
0
0
0
0
0
0
0
0
0
0
0
0
0
0
0
0
0
0
0
0
0
0
0
0
0
0
0
0
0
0
0
0
0
0
0
0
0
0
0
0
0
0
0
0
0
0
0
0
0
0
0
0
0
0
0
0
0
0
0
0
0
0
0
0
0
0
0
0
0
0
0
0
0
0
0
0
0
0
0
0
0
0
0
0
0
0
0
0
0
0
0
0
0
0
0
0
0
0
0
0
0
0
0
0
0
0
0
0
0
0
0
0
0
0
0
0
0
0
0
0
0
0
0
0
0
0
0
0
0
0
0
0
0
0
0
0
0
0
0
0
0
0
0
0
0
0
0
0
0
0
0
0
0
0
0
0
0
0
0
0
0
0
0
0
0
0
0
0
0
0
0
0
0
0
0
0
0
0
0
0
0
0
0
0
0
0
0
0
0
0
0
0
0
0
0
0
0
0
0
0
0
0
0
0
0
0
0
0
0
0
0
0
0
0
0
0
0
0
0
0
0
0
0
0
0
0
0
0
0
0
0
0
0
0
0
0
0
0
0
0
0
0
0
0
0
0
0
0
0
0
0
0
0
0
0
0
0
0
0
0
0
0
0
0
0
0
0
0
0
0
0
0
0
0
0
0
0
0
0
0
0
0
0
0
0
0
0
0
0
0
0
0
0
0
0
0
0
0
0
0
0
0
0
0
0
0
0
0
0
0
0
0
0
0
0
0
0
0
0
0
0
0
0
0
0
0
0
0
0
0
0
0
0
0
0
0
0
0
0
0
0
0
0
0
0
0
0
0
0
0
0
0
0
0
0
0
0
0
0
0
0
0
0
0
0
0
0
0
0
0
0
0
0
0
0
0
0
0
0
0
0
0
0
0
0
0
0
0
0
0
0
0
0
0
0
0
0
0
0
0
0
0
0
0
0
0
0
0
0
0
0
0
0
0
0
0
0
0
0
0
0
0
0
0
0
0
0
0
0
0
0
0
0
0
0
0
0
0
0
0
0
0
0
0
0
0
0
0
0
0
0
0
0
0
0
0
0
0
0
0
0
0
0
0
0
0
0
0
0
0
0
0
0
0
0
0
0
0
0
0
0
0
0
0
0
0
0
0
0
0
0
0
0
0
0
0
0
0
0
0
0
0
0
0
0
0
0
0
0
0
0
0
0
0
0
0
0
0
0
0
0
0
0
0
0
0
0
0
0
0
0
0
0
0
0
0
0
0
0
0
0
0
0
0
0
0
0
0
0
0
0
0
0
0
0
0
0
0
0
0
0
0
0
0
0
0
0
0
0
0
0
0
0
0
0
0
0
0
0
0
0
0
0
0
0
0
0
0
0
0
0
0
0
0
0
0
0
0
0
0
0
0
0
0
0
0
0
0
0
0
0
0
0
0
0
0
0
0
0
0
0
0
0
0
0
0
0
0
0
0
0
0
0
0
0
0
0
0
0
0
0
0
0
0
0
0
0
0
0
0
0
0
0
0
0
0
0
0
0
0
0
0
0
0
0
0
0
0
0
0
0
0
0
0
0
0
0
0
0
0
0
0
0
0
0
0
0
0
0
0
0
0
0
0
0
0
0
0
0
0
0
0
0
0
0
0
0
0
0
0
0
0
0
0
0
0
0
0
0
0
0
0
0
0
0
0
0
0
0
0
0
0
0
0
0
0
0
0
0
0
0
0
0
0
0
0
0
0
0
0
0
0
0
0
0
0
0
0
0
0
0
0
0
0
0
0
0
0
0
0
0
0
0
0
0
0
0
0
0
0
0
0
0
0
0
0
0
0
0
0
0
0
0
0
0
0
0
0
0
0
0
0
0
0
0
0
0
0
0
0
0
0
0
0
0
0
0
0
0
0
0
0
0
0
0
0
0
0
0
0
0
0
0
0
0
0
0
0
0
0
0
0
0
0
0
0
0
0
0
0
0
0
0
0
0
0
0
0
0
0
0
0
0
0
0
0
0
0
0
0
0
0
0
0
0
0
0
0
0
0
0
0
0
0
0
0
0
0
0
0
0
0
0
0
0
0
0
0
0
0
0
0
0
0
0
0
0
0
0
0
0
0
0
0
0
0
0
0
0
0
0
0
0
0
0
0
0
0
0
0
0
0
0
0
0
0
0
0
0
0
0
0
0
0
0
0
0
0
0
0
0
0
0
0
0
0
0
0
0
0
0
0
0
0
0
0
0
0
0
0
0
0
0
0
0
0
0
0
0
0
0
0
0
0
0
0
0
0
0
0
0
0
0
0
0
0
0
0
0
0
0
0
0
0
0
0
0
0
0
0
0
0
0
0
0
0
0
0
0
0
0
0
0
0
0
0
0
0
0
0
0
0
0
0
0
0
0
0
0
0
0
0
0
0
0
0
0
0
0
0
0
0
0
0
0
0
0
0
0
0
0
0
0
0
0
0
0
0
0
0
0
0
0
0
0
0
0
0
0
0
0
0
0
0
0
0
0
0
0
0
0
0
0
0
0
0
0
0
0
0
0
0
0
0
0
0
0
0
0
0
0
0
0
0
0
0
0
0
0
0
0
0
0
0
0
0
0
0
0
0
0
0
0
0
0
0
0
0
0
0
0
0
0
0
0
0
0
0
0
0
0
0
0
0
0
0
0
0
0
0
0
0
0
0
0
0
0
0
0
0
0
0
0
0
0
0
0
0
0
0
0
0
0
0
0
0
0
0
0
0
0
0
0
0
0
0
0
0
0
0
0
0
0
0
0
0
0
0
0
0
0
0
0
0
0
0
0
0
0
0
0
0
0
0
0
0
0
0
0
0
0
0
0
0
0
0
0
0
0
0
0
0
0
0
0
0
0
0
0
0
0
0
0
0
0
0
0
0
0
0
0
0
0
0
0
0
0
0
0
0
0
0
0
0
0
0
0
0
0
0
0
0
0
0
0
0
0
0
0
0
0
0
0
0
0
0
0
0
0
0
0
0
0
0
0
0
0
0
0
0
0
0
0
0
0
0
0
0
0
0
0
0
0
0
0
0
0
0
0
0
0
0
0
0
0
0
0
0
0
0
0
0
0
0
0
0
0
0
0
0
0
0
0
0
0
0
0
0
0
0
0
0
0
0
0
0
0
0
0
0
0
0
0
0
0
0
0
0
0
0
0
0
0
0
0
0
0
0
0
0
0
0
0
0
0
0
0
0
0
0
0
0
0
0
0
0
0
0
0
0
0
0
0
0
0
0
0
0
0
0
0
0
0
0
0
0
0
0
0
0
0
0
0
0
0
0
0
0
0
0
0
0
0
0
0
0
0
0
0
0
0
0
0
0
0
0
0
0
0
0
0
0
0
0
0
0
0
0
0
0
0
0
0
0
0
0
0
0
0
0
0
0
0
0
0
0
0
0
0
0
0
0
0
0
0
0
0
0
0
0
0
0
0
0
0
0
0
0
0
0
0
0
0
0
0
0
0
0
0
0
0
0
0
0
0
0
0
0
0
0
0
0
0
0
0
0
0
0
0
0
0
0
0
0
0
0
0
0
0
0
0
0
0
0
0
0
0
0
0
0
0
0
0
0
0
0
0
0
0
0
0
0
0
0
0
0
0
0
0
0
0
0
0
0
0
0
0
0
0
0
0
0
0
0
0
0
0
0
0
0
0
0
0
0
0
0
0
0
0
0
0
0
0
0
0
0
0
0
0
0
0
0
0
0
0
0
0
0
0
0
0
0
0
0
0
0
0
0
0
0
0
0
0
0
0
0
0
0
0
0
0
0
0
0
0
0
0
0
0
0
0
0
0
0
0
0
0
0
0
0
0
0
0
0
0
0
0
0
0
0
0
0
0
0
0
0
0
0
0
0
0
0
0
0
0
0
0
0
0
0
0
0
0
0
0
0
0
0
0
0
0
0
0
0
0
0
0
0
0
0
0
0
0
0
0
0
0
0
0
0
0
0
0
0
0
0
0
0
0
0
0
0
0
0
0
0
0
0
0
0
0
0
0
0
0
0
0
0
0
0
0
0
0
0
0
0
0
0
0
0
0
0
0
0
0
0
0
0
0
0
0
0
0
0
0
0
0
0
0
0
0
0
0
0
0
0
0
0
0
0
0
0
0
0
0
0
0
0
0
0
0
0
0
0
0
0
0
0
0
0
0
0
0
0
0
0
0
0
0
0
0
0
0
0
0
0
0
0
0
0
0
0
0
0
0
0
0
0
0
0
0
0
0
0
0
0
0
0
0
0
0
0
0
0
0
0
0
0
0
0
0
0
0
0
0
0
0
0
0
0
0
0
0
0
0
0
0
0
0
0
0
0
0
0
0
0
0
0
0
0
0
0
0
0
0
0
0
0
0
0
0
0
0
0
0
0
0
0
0
0
0
0
0
0
0
0
0
0
0
0
0
0
0
0
0
0
0
0
0
0
0
0
0
0
0
0
0
0
0
0
0
0
0
0
0
0
0
0
0
0
0
0
0
0
0
0
0
0
0
0
0
0
0
0
0
0
0
0
0
0
0
0
0
0
0
0
0
0
0
0
0
0
0
0
0
0
0
0
0
0
0
0
0
0
0
0
0
0
0
0
0
0
0
0
0
0
0
0
0
0
0
0
0
0
0
0
0
0
0
0
0
0
0
0
0
0
0
0
0
0
0
0
0
0
0
0
0
0
0
0
0
0
0
0
0
0
0
0
0
0
0
0
0
0
0
0
0
0
0
0
0
0
0
0
0
0
0
0
0
0
0
0
0
0
0
0
0
0
0
0
0
0
0
0
0
0
0
0
0
0
0
0
0
0
0
0
0
0
0
0
0
0
0
0
0
0
0
0
0
0
0
0
0
0
0
0
0
0
0
0
0
0
0
0
0
0
0
0
0
0
0
0
0
0
0
0
0
0
0
0
0
0
0
0
0
0
0
0
0
0
0
0
0
0
0
0
0
0
0
0
0
0
0
0
0
0
0
0
0
0
0
0
0
0
0
0
0
0
0
0
0
0
0
0
0
0
0
0
0
0
0
0
0
0
0
0
0
0
0
0
0
0
0
0
0
0
0
0
0
0
0
0
0
0
0
0
0
0
0
0
0
0
0
0
0
0
0
0
0
0
0
0
0
0
0
0
0
0
0
0
0
0
0
0
0
0
0
0
0
0
0
0
0
0
0
0
0
0
0
0
0
0
0
0
0
0
0
0
0
0
0
0
0
0
0
0
0
0
0
0
0
0
0
0
0
0
0
0
0
0
0
0
0
0
0
0
0
0
0
0
0
0
0
0
0
0
0
0
0
0
0
0
0
0
0
0
0
0
0
0
0
0
0
0
0
0
0
0
0
0
0
0
0
0
0
0
0
0
0
0
0
0
0
0
0
0
0
0
0
0
0
0
0
0
0
0
0
0
0
0
0
0
0
0
0
0
0
0
0
0
0
0
0
0
0
0
0
0
0
0
0
0
0
0
0
0
0
0
0
0
0
0
0
0
0
0
0
0
0
0
0
0
0
0
0
0
0
0
0
0
0
0
0
0
0
0
0
0
0
0
0
0
0
0
0
0
0
0
0
0
0
0
0
0
0
0
0
0
0
0
0
0
0
0
0
0
0
0
0
0
0
0
0
0
0
0
0
0
0
0
0
0
0
0
0
0
0
0
0
0
0
0
0
0
0
0
0
0
0
0
0
0
0
0
0
0
0
0
0
0
0
0
0
0
0
0
0
0
0
0
0
0
0
0
0
0
0
0
0
0
0
0
0
0
0
0
0
0
0
0
0
0
0
0
0
0
0
0
0
0
0
0
0
0
0
0
0
0
0
0
0
0
0
0
0
0
0
0
0
0
0
0
0
0
0
0
0
0
0
0
0
0
0
0
0
0
0
0
0
0
0
0
0
0
0
0
0
0
0
0
0
0
0
0
0
0
0
0
0
0
0
0
0
0
0
0
0
0
0
0
0
0
0
0
0
0
0
0
0
0
0
0
0
0
0
0
0
0
0
0
0
0
0
0
0
0
0
0
0
0
0
0
0
0
0
0
0
0
0
0
0
0
0
0
0
0
0
0
0
0
0
0
0
0
0
0
0
0
0
0
0
0
0
0
0
0
0
0
0
0
0
0
0
0
0
0
0
0
0
0
0
0
0
0
0
0
0
0
0
0
0
0
0
0
0
0
0
0
0
0
0
0
0
0
0
0
0
0
0
0
0
0
0
0
0
0
0
0
0
0
0
0
0
0
0
0
0
0
0
0
0
0
0
0
0
0
0
0
0
0
0
0
0
0
0
0
0
0
0
0
0
0
0
0
0
0
0
0
0
0
0
0
0
0
0
0
0
0
0
0
0
0
0
0
0
0
0
0
0
0
0
0
0
0
0
0
0
0
0
0
0
0
0
0
0
0
0
0
0
0
0
0
0
0
0
0
0
0
0
0
0
0
0
0
0
0
0
0
0
0
0
0
0
0
0
0
0
0
0
0
0
0
0
0
0
0
0
0
0
0
0
0
0
0
0
0
0
0
0
0
0
0
0
0
0
0
0
0
0
0
0
0
0
0
0
0
0
0
0
0
0
0
0
0
0
0
0
0
0
0
0
0
0
0
0
0
0
0
0
0
0
0
0
0
0
0
0
0
0
0
0
0
0
0
0
0
0
0
0
0
0
0
0
0
0
0
0
0
0
0
0
0
0
0
0
0
0
0
0
0
0
0
0
0
0
0
0
0
0
0
0
0
0
0
0
0
0
0
0
0
0
0
0
0
0
0
0
0
0
0
0
0
0
0
0
0
0
0
0
0
0
0
0
0
0
0
0
0
0
0
0
0
0
0
0
0
0
0
0
0
0
0
0
0
0
0
0
0
0
0
0
0
0
0
0
0
0
0
0
0
0
0
0
0
0
0
0
0
0
0
0
0
0
0
0
0
0
0
0
0
0
0
0
0
0
0
0
0
0
0
0
0
0
0
0
0
0
0
0
0
0
0
0
0
0
0
0
0
0
0
0
0
0
0
0
0
0
0
0
0
0
0
0
0
0
0
0
0
0
0
0
0
0
0
0
0
0
0
0
0
0
0
0
0
0
0
0
0
0
0
0
0
0
0
0
0
0
0
0
0
0
0
0
0
0
0
0
0
0
0
0
0
0
0
0
0
0
0
0
0
0
0
0
0
0
0
0
0
0
0
0
0
0
0
0
0
0
0
0
0
0
0
0
0
0
0
0
0
0
0
0
0
0
0
0
0
0
0
0
0
0
0
0
0
0
0
0
0
0
0
0
0
0
0
0
0
0
0
0
0
0
0
0
0
0
0
0
0
0
0
0
0
0
0
0
0
0
0
0
0
0
0
0
0
0
0
0
0
0
0
0
0
0
0
0
0
0
0
0
0
0
0
0
0
0
0
0
0
0
0
0
0
0
0
0
0
0
0
0
0
0
0
0
0
0
0
0
0
0
0
0
0
0
0
0
0
0
0
0
0
0
0
0
0
0
0
0
0
0
0
0
0
0
0
0
0
0
0
0
0
0
0
0
0
0
0
0
0
0
0
0
0
0
0
0
0
0
0
0
0
0
0
0
0
0
0
0
0
0
0
0
0
0
0
0
0
0
0
0
0
0
0
0
0
0
0
0
0
0
0
0
0
0
0
0
0
0
0
0
0
0
0
0
0
0
0
0
0
0
0
0
0
0
0
0
0
0
0
0
0
0
0
0
0
0
0
0
0
0
0
0
0
0
0
0
0
0
0
0
0
0
0
0
0
0
0
0
0
0
0
0
0
0
0
0
0
0
0
0
0
0
0
0
0
0
0
0
0
0
0
0
0
0
0
0
0
0
0
0
0
0
0
0
0
0
0
0
0
0
0
0
0
0
0
0
0
0
0
0
0
0
0
0
0
0
0
0
0
0
0
0
0
0
0
0
0
0
0
0
0
0
0
0
0
0
0
0
0
0
0
0
0
0
0
0
0
0
0
0
0
0
0
0
0
0
0
0
0
0
0
0
0
0
0
0
0
0
0
0
0
0
0
0
0
0
0
0
0
0
0
0
0
0
0
0
0
0
0
0
0
0
0
0
0
0
0
0
0
0
0
0
0
0
0
0
0
0
0
0
0
0
0
0
0
0
0
0
0
0
0
0
0
0
0
0
0
0
0
0
0
0
0
0
0
0
0
0
0
0
0
0
0
0
0
0
0
0
0
0
0
0
0
0
0
0
0
0
0
0
0
0
0
0
0
0
0
0
0
0
0
0
0
0
0
0
0
0
0
0
0
0
0
0
0
0
0
0
0
0
0
0
0
0
0
0
0
0
0
0
0
0
0
0
0
0
0
0
0
0
0
0
0
0
0
0
0
0
0
0
0
0
0
0
0
0
0
0
0
0
0
0
0
0
0
0
0
0
0
0
0
0
0
0
0
0
0
0
0
0
0
0
0
0
0
0
0
0
0
0
0
0
0
0
0
0
0
0
0
0
0
0
0
0
0
0
0
0
0
0
0
0
0
0
0
0
0
0
0
0
0
0
0
0
0
0
0
0
0
0
0
0
0
0
0
0
0
0
0
0
0
0
0
0
0
0
0
0
0
0
0
0
0
0
0
0
0
0
0
0
0
0
0
0
0
0
0
0
0
0
0
0
0
0
0
0
0
0
0
0
0
0
0
0
0
0
0
0
0
0
0
0
0
0
0
0
0
0
0
0
0
0
0
0
0
0
0
0
0
0
0
0
0
0
0
0
0
0
0
0
0
0
0
0
0
0
0
0
0
0
0
0
0
0
0
0
0
0
0
0
0
0
0
0
0
0
0
0
0
0
0
0
0
0
0
0
0
0
0
0
0
0
0
0
0
0
0
0
0
0
0
0
0
0
0
0
0
0
0
0
0
0
0
0
0
0
0
0
0
0
0
0
0
0
0
0
0
0
0
0
0
0
0
0
0
0
0
0
0
0
0
0
0
0
0
0
0
0
0
0
0
0
0
0
0
0
0
0
0
0
0
0
0
0
0
0
0
0
0
0
0
0
0
0
0
0
0
0
0
0
0
0
0
0
0
0
0
0
0
0
0
0
0
0
0
0
0
0
0
0
0
0
0
0
0
0
0
0
0
0
0
0
0
0
0
0
0
0
0
0
0
0
0
0
0
0
0
0
0
0
0
0
0
0
0
0
0
0
0
0
0
0
0
0
0
0
0
0
0
0
0
0
0
0
0
0
0
0
0
0
0
0
0
0
0
0
0
0
0
0
0
0
0
0
0
0
0
0
0
0
0
0
0
0
0
0
0
0
0
0
0
0
0
0
0
0
0
0
0
0
0
0
0
0
0
0
0
0
0
0
0
0
0
0
0
0
0
0
0
0
0
0
0
0
0
0
0
0
0
0
0
0
0
0
0
0
0
0
0
0
0
0
0
0
0
0
0
0
0
0
0
0
0
0
0
0
0
0
0
0
0
0
0
0
0
0
0
0
0
0
0
0
0
0
0
0
0
0
0
0
0
0
0
0
0
0
0
0
0
0
0
0
0
0
0
0
0
0
0
0
0
0
0
0
0
0
0
0
0
0
0
0
0
0
0
0
0
0
0
0
0
0
0
0
0
0
0
0
0
0
0
0
0
0
0
0
0
0
0
0
0
0
0
0
0
0
0
0
0
0
0
0
0
0
0
0
0
0
0
0
0
0
0
0
0
0
0
0
0
0
0
0
0
0
0
0
0
0
0
0
0
0
0
0
0
0
0
0
0
0
0
0
0
0
0
0
0
0
0
0
0
0
0
0
0
0
0
0
0
0
0
0
0
0
0
0
0
0
0
0
0
0
0
0
0
0
0
0
0
0
0
0
0
0
0
0
0
0
0
0
0
0
0
0
0
0
0
0
0
0
0
0
0
0
0
0
0
0
0
0
0
0
0
0
0
0
0
0
0
0
0
0
0
0
0
0
0
0
0
0
0
0
0
0
0
0
0
0
0
0
0
0
0
0
0
0
0
0
0
0
0
0
0
0
0
0
0
0
0
0
0
0
0
0
0
0
0
0
0
0
0
0
0
0
0
0
0
0
0
0
0
0
0
0
0
0
0
0
0
0
0
0
0
0
0
0
0
0
0
0
0
0
0
0
0
0
0
0
0
0
0
0
0
0
0
0
0
0
0
0
0
0
0
0
0
0
0
0
0
0
0
0
0
0
0
0
0
0
0
0
0
0
0
0
0
0
0
0
0
0
0
0
0
0
0
0
0
0
0
0
0
0
0
0
0
0
0
0
0
0
0
0
0
0
0
0
0
0
0
0
0
0
0
0
0
0
0
0
0
0
0
0
0
0
0
0
0
0
0
0
0
0
0
0
0
0
0
0
0
0
0
0
0
0
0
0
0
0
0
0
0
0
0
0
0
0
0
0
0
0
0
0
0
0
0
0
0
0
0
0
0
0
0
0
0
0
0
0
0
0
0
0
0
0
0
0
0
0
0
0
0
0
0
0
0
0
0
0
0
0
0
0
0
0
0
0
0
0
0
0
0
0
0
0
0
0
0
0
0
0
0
0
0
0
0
0
0
0
0
0
0
0
0
0
0
0
0
0
0
0
0
0
0
0
0
0
0
0
0
0
0
0
0
0
0
0
0
0
0
0
0
0
0
0
0
0
0
0
0
0
0
0
0
0
0
0
0
0
0
0
0
0
0
0
0
0
0
0
0
0
0
0
0
0
0
0
0
0
0
0
0
0
0
0
0
0
0
0
0
0
0
0
0
0
0
0
0
0
0
0
0
0
0
0
0
0
0
0
0
0
0
0
0
0
0
0
0
0
0
0
0
0
0
0
0
0
0
0
0
0
0
0
0
0
0
0
0
0
0
0
0
0
0
0
0
0
0
0
0
0
0
0
0
0
0
0
0
0
0
0
0
0
0
0
0
0
0
0
0
0
0
0
0
0
0
0
0
0
0
0
0
0
0
0
0
0
0
0
0
0
0
0
0
0
0
0
0
0
0
0
0
0
0
0
0
0
0
0
0
0
0
0
0
0
0
0
0
0
0
0
0
0
0
0
0
0
0
0
0
0
0
0
0
0
0
0
0
0
0
0
0
0
0
0
0
0
0
0
0
0
0
0
0
0
0
0
0
0
0
0
0
0
0
0
0
0
0
0
0
0
0
0
0
0
0
0
0
0
0
0
0
0
0
0
0
0
0
0
0
0
0
0
0
0
0
0
0
0
0
0
0
0
0
0
0
0
0
0
0
0
0
0
0
0
0
0
0
0
0
0
0
0
0
0
0
0
0
0
0
0
0
0
0
0
0
0
0
0
0
0
0
0
0
0
0
0
0
0
0
0
0
0
0
0
0
0
0
0
0
0
0
0
0
0
0
0
0
0
0
0
0
0
0
0
0
0
0
0
0
0
0
0
0
0
0
0
0
0
0
0
0
0
0
0
0
0
0
0
0
0
0
0
0
0
0
0
0
0
0
0
0
0
0
0
0
0
0
0
0
0
0
0
0
0
0
0
0
0
0
0
0
0
0
0
0
0
0
0
0
0
0
0
0
0
0
0
0
0
0
0
0
0
0
0
0
0
0
0
0
0
0
0
0
0
0
0
0
0
0
0
0
0
0
0
0
0
0
0
0
0
0
0
0
0
0
0
0
0
0
0
0
0
0
0
0
0
0
0
0
0
0
0
0
0
0
0
0
0
0
0
0
0
0
0
0
0
0
0
0
0
0
0
0
0
0
0
0
0
0
0
0
0
0
0
0
0
0
0
0
0
0
0
0
0
0
0
0
0
0
0
0
0
0
0
0
0
0
0
0
0
0
0
0
0
0
0
0
0
0
0
0
0
0
0
0
0
0
0
0
0
0
0
0
0
0
0
0
0
0
0
0
0
0
0
0
0
0
0
0
0
0
0
0
0
0
0
0
0
0
0
0
0
0
0
0
0
0
0
0
0
0
0
0
0
0
0
0
0
0
0
0
0
0
0
0
0
0
0
0
0
0
0
0
0
0
0
0
0
0
0
0
0
0
0
0
0
0
0
0
0
0
0
0
0
0
0
0
0
0
0
0
0
0
0
0
0
0
0
0
0
0
0
0
0
0
0
0
0
0
0
0
0
0
0
0
0
0
0
0
0
0
0
0
0
0
0
0
0
0
0
0
0
0
0
0
0
0
0
0
0
0
0
0
0
0
0
0
0
0
0
0
0
0
0
0
0
0
0
0
0
0
0
0
0
0
0
0
0
0
0
0
0
0
0
0
0
0
0
0
0
0
0
0
0
0
0
0
0
0
0
0
0
0
0
0
0
0
0
0
0
0
0
0
0
0
0
0
0
0
0
0
0
0
0
0
0
0
0
0
0
0
0
0
0
0
0
0
0
0
0
0
0
0
0
0
0
0
0
0
0
0
0
0
0
0
0
0
0
0
0
0
0
0
0
0
0
0
0
0
0
0
0
0
0
0
0
0
0
0
0
0
0
0
0
0
0
0
0
0
0
0
0
0
0
0
0
0
0
0
0
0
0
0
0
0
0
0
0
0
0
0
0
0
0
0
0
0
0
0
0
0
0
0
0
0
0
0
0
0
0
0
0
0
0
0
0
0
0
0
0
0
0
0
0
0
0
0
0
0
0
0
0
0
0
0
0
0
0
0
0
0
0
0
0
0
0
0
0
0
0
0
0
0
0
0
0
0
0
0
0
0
0
0
0
0
0
0
0
0
0
0
0
0
0
0
0
0
0
0
0
0
0
0
0
0
0
0
0
0
0
0
0
0
0
0
0
0
0
0
0
0
0
0
0
0
0
0
0
0
0
0
0
0
0
0
0
0
0
0
0
0
0
0
0
0
0
0
0
0
0
0
0
0
0
0
0
0
0
0
0
0
0
0
0
0
0
0
0
0
0
0
0
0
0
0
0
0
0
0
0
0
0
0
0
0
0
0
0
0
0
0
0
0
0
0
0
0
0
0
0
0
0
0
0
0
0
0
0
0
0
0
0
0
0
0
0
0
0
0
0
0
0
0
0
0
0
0
0
0
0
0
0
0
0
0
0
0
0
0
0
0
0
0
0
0
0
0
0
0
0
0
0
0
0
0
0
0
0
0
0
0
0
0
0
0
0
0
0
0
0
0
0
0
0
0
0
0
0
0
0
0
0
0
0
0
0
0
0
0
0
0
0
0
0
0
0
0
0
0
0
0
0
0
0
0
0
0
0
0
0
0
0
0
0
0
0
0
0
0
0
0
0
0
0
0
0
0
0
0
0
0
0
0
0
0
0
0
0
0
0
0
0
0
0
0
0
0
0
0
0
0
0
0
0
0
0
0
0
0
0
0
0
0
0
0
0
0
0
0
0
0
0
0
0
0
0
0
0
0
0
0
0
0
0
0
0
0
0
0
0
0
0
0
0
0
0
0
0
0
0
0
0
0
0
0
0
0
0
0
0
0
0
0
0
0
0
0
0
0
0
0
0
0
0
0
0
0
0
0
0
0
0
0
0
0
0
0
0
0
0
0
0
0
0
0
0
0
0
0
0
0
0
0
0
0
0
0
0
0
0
0
0
0
0
0
0
0
0
0
0
0
0
0
0
0
0
0
0
0
0
0
0
0
0
0
0
0
0
0
0
0
0
0
0
0
0
0
0
0
0
0
0
0
0
0
0
0
0
0
0
0
0
0
0
0
0
0
0
0
0
0
0
0
0
0
0
0
0
0
0
0
0
0
0
0
0
0
0
0
0
0
0
0
0
0
0
0
0
0
0
0
0
0
0
0
0
0
0
0
0
0
0
0
0
0
0
0
0
0
0
0
0
0
0
0
0
0
0
0
0
0
0
0
0
0
0
0
0
0
0
0
0
0
0
0
0
0
0
0
0
0
0
0
0
0
0
0
0
0
0
0
0
0
0
0
0
0
0
0
0
0
0
0
0
0
0
0
0
0
0
0
0
0
0
0
0
0
0
0
0
0
0
0
0
0
0
0
0
0
0
0
0
0
0
0
0
0
0
0
0
0
0
0
0
0
0
0
0
0
0
0
0
0
0
0
0
0
0
0
0
0
0
0
0
0
0
0
0
0
0
0
0
0
0
0
0
0
0
0
0
0
0
0
0
0
0
0
0
0
0
0
0
0
0
0
0
0
0
0
0
0
0
0
0
0
0
0
0
0
0
0
0
0
0
0
0
0
0
0
0
0
0
0
0
0
0
0
0
0
0
0
0
0
0
0
0
0
0
0
0
0
0
0
0
0
0
0
0
0
0
0
0
0
0
0
0
0
0
0
0
0
0
0
0
0
0
0
0
0
0
0
0
0
0
0
0
0
0
0
0
0
0
0
0
0
0
0
0
0
0
0
0
0
0
0
0
0
0
0
0
0
0
0
0
0
0
0
0
0
0
0
0
0
0
0
0
0
0
0
0
0
0
0
0
0
0
0
0
0
0
0
0
0
0
0
0
0
0
0
0
0
0
0
0
0
0
0
0
0
0
0
0
0
0
0
0
0
0
0
0
0
0
0
0
0
0
0
0
0
0
0
0
0
0
0
0
0
0
0
0
0
0
0
0
0
0
0
0
0
0
0
0
0
0
0
0
0
0
0
0
0
0
0
0
0
0
0
0
0
0
0
0
0
0
0
0
0
0
0
0
0
0
0
0
0
0
0
0
0
0
0
0
0
0
0
0
0
0
0
0
0
0
0
0
0
0
0
0
0
0
0
0
0
0
0
0
0
0
0
0
0
0
0
0
0
0
0
0
0
0
0
0
0
0
0
0
0
0
0
0
0
0
0
0
0
0
0
0
0
0
0
0
0
0
0
0
0
0
0
0
0
0
0
0
0
0
0
0
0
0
0
0
0
0
0
0
0
0
0
0
0
0
0
0
0
0
0
0
0
0
0
0
0
0
0
0
0
0
0
0
0
0
0
0
0
0
0
0
0
0
0
0
0
0
0
0
0
0
0
0
0
0
0
0
0
0
0
0
0
0
0
0
0
0
0
0
0
0
0
0
0
0
0
0
0
0
0
0
0
0
0
0
0
0
0
0
0
0
0
0
0
0
0
0
0
0
0
0
0
0
0
0
0
0
0
0
0
0
0
0
0
0
0
0
0
0
0
0
0
0
0
0
0
0
0
0
0
0
0
0
0
0
0
0
0
0
0
0
0
0
0
0
0
0
0
0
0
0
0
0
0
0
0
0
0
0
0
0
0
0
0
0
0
0
0
0
0
0
0
0
0
0
0
0
0
0
0
0
0
0
0
0
0
0
0
0
0
0
0
0
0
0
0
0
0
0
0
0
0
0
0
0
0
0
0
0
0
0
0
0
0
0
0
0
0
0
0
0
0
0
0
0
0
0
0
0
0
0
0
0
0
0
0
0
0
0
0
0
0
0
0
0
0
0
0
0
0
0
0
0
0
0
0
0
0
0
0
0
0
0
0
0
0
0
0
0
0
0
0
0
0
0
0
0
0
0
0
0
0
0
0
0
0
0
0
0
0
0
0
0
0
0
0
0
0
0
0
0
0
0
0
0
0
0
0
0
0
0
0
0
0
0
0
0
0
0
0
0
0
0
0
0
0
0
0
0
0
0
0
0
0
0
0
0
0
0
0
0
0
0
0
0
0
0
0
0
0
0
0
0
0
0
0
0
0
0
0
0
0
0
0
0
0
0
0
0
0
0
0
0
0
0
0
0
0
0
0
0
0
0
0
0
0
0
0
0
0
0
0
0
0
0
0
0
0
0
0
0
0
0
0
0
0
0
0
0
0
0
0
0
0
0
0
0
0
0
0
0
0
0
0
0
0
0
0
0
0
0
0
0
0
0
0
0
0
0
0
0
0
0
0
0
0
0
0
0
0
0
0
0
0
0
0
0
0
0
0
0
0
0
0
0
0
0
0
0
0
0
0
0
0
0
0
0
0
0
0
0
0
0
0
0
0
0
0
0
0
0
0
0
0
0
0
0
0
0
0
0
0
0
0
0
0
0
0
0
0
0
0
0
0
0
0
0
0
0
0
0
0
0
0
0
0
0
0
0
0
0
0
0
0
0
0
0
0
0
0
0
0
0
0
0
0
0
0
0
0
0
0
0
0
0
0
0
0
0
0
0
0
0
0
0
0
0
0
0
0
0
0
0
0
0
0
0
0
0
0
0
0
0
0
0
0
0
0
0
0
0
0
0
0
0
0
0
0
0
0
0
0
0
0
0
0
0
0
0
0
0
0
0
0
0
0
0
0
0
0
0
0
0
0
0
0
0
0
0
0
0
0
0
0
0
0
0
0
0
0
0
0
0
0
0
0
0
0
0
0
0
0
0
0
0
0
0
0
0
0
0
0
0
0
0
0
0
0
0
0
0
0
0
0
0
0
0
0
0
0
0
0
0
0
0
0
0
0
0
0
0
0
0
0
0
0
0
0
0
0
0
0
0
0
0
0
0
0
0
0
0
0
0
0
0
0
0
0
0
0
0
0
0
0
0
0
0
0
0
0
0
0
0
0
0
0
0
0
0
0
0
0
0
0
0
0
0
0
0
0
0
0
0
0
0
0
0
0
0
0
0
0
0
0
0
0
0
0
0
0
0
0
0
0
0
0
0
0
0
0
0
0
0
0
0
0
0
0
0
0
0
0
0
0
0
0
0
0
0
0
0
0
0
0
0
0
0
0
0
0
0
0
0
0
0
0
0
0
0
0
0
0
0
0
0
0
0
0
0
0
0
0
0
0
0
0
0
0
0
0
0
0
0
0
0
0
0
0
0
0
0
0
0
0
0
0
0
0
0
0
0
0
0
0
0
0
0
0
0
0
0
0
0
0
0
0
0
0
0
0
0
0
0
0
0
0
0
0
0
0
0
0
0
0
0
0
0
0
0
0
0
0
0
0
0
0
0
0
0
0
0
0
0
0
0
0
0
0
0
0
0
0
0
0
0
0
0
0
0
0
0
0
0
0
0
0
0
0
0
0
0
0
0
0
0
0
0
0
0
0
0
0
0
0
0
0
0
0
0
0
0
0
0
0
0
0
0
0
0
0
0
0
0
0
0
0
0
0
0
0
0
0
0
0
0
0
0
0
0
0
0
0
0
0
0
0
0
0
0
0
0
0
0
0
0
0
0
0
0
0
0
0
0
0
0
0
0
0
0
0
0
0
0
0
0
0
0
0
0
0
0
0
0
0
0
0
0
0
0
0
0
0
0
0
0
0
0
0
0
0
0
0
0
0
0
0
0
0
0
0
0
0
0
0
0
0
0
0
0
0
0
0
0
0
0
0
0
0
0
0
0
0
0
0
0
0
0
0
0
0
0
0
0
0
0
0
0
0
0
0
0
0
0
0
0
0
0
0
0
0
0
0
0
0
0
0
0
0
0
0
0
0
0
0
0
0
0
0
0
0
0
0
0
0
0
0
0
0
0
0
0
0
0
0
0
0
0
0
0
0
0
0
0
0
0
0
0
0
0
0
0
0
0
0
0
0
0
0
0
0
0
0
0
0
0
0
0
0
0
0
0
0
0
0
0
0
0
0
0
0
0
0
0
0
0
0
0
0
0
0
0
0
0
0
0
0
0
0
0
0
0
0
0
0
0
0
0
0
0
0
0
0
0
0
0
0
0
0
0
0
0
0
0
0
0
0
0
0
0
0
0
0
0
0
0
0
0
0
0
0
0
0
0
0
0
0
0
0
0
0
0
0
0
0
0
0
0
0
0
0
0
0
0
0
0
0
0
0
0
0
0
0
0
0
0
0
0
0
0
0
0
0
0
0
0
0
0
0
0
0
0
0
0
0
0
0
0
0
0
0
0
0
0
0
0
0
0
0
0
0
0
0
0
0
0
0
0
0
0
0
0
0
0
0
0
0
0
0
0
0
0
0
0
0
0
0
0
0
0
0
0
0
0
0
0
0
0
0
0
0
0
0
0
0
0
0
0
0
0
0
0
0
0
0
0
0
0
0
0
0
0
0
0
0
0
0
0
0
0
0
0
0
0
0
0
0
0
0
0
0
0
0
0
0
0
0
0
0
0
0
0
0
0
0
0
0
0
0
0
0
0
0
0
0
0
0
0
0
0
0
0
0
0
0
0
0
0
0
0
0
0
0
0
0
0
0
0
0
0
0
0
0
0
0
0
0
0
0
0
0
0
0
0
0
0
0
0
0
0
0
0
0
0
0
0
0
0
0
0
0
0
0
0
0
0
0
0
0
0
0
0
0
0
0
0
0
0
0
0
0
0
0
0
0
0
0
0
0
0
0
0
0
0
0
0
0
0
0
0
0
0
0
0
0
0
0
0
0
0
0
0
0
0
0
0
0
0
0
0
0
0
0
0
0
0
0
0
0
0
0
0
0
0
0
0
0
0
0
0
0
0
0
0
0
0
0
0
0
0
0
0
0
0
0
0
0
0
0
0
0
0
0
0
0
0
0
0
0
0
0
0
0
0
0
0
0
0
0
0
0
0
0
0
0
0
0
0
0
0
0
0
0
0
0
0
0
0
0
0
0
0
0
0
0
0
0
0
0
0
0
0
0
0
0
0
0
0
0
0
0
0
0
0
0
0
0
0
0
0
0
0
0
0
0
0
0
0
0
0
0
0
0
0
0
0
0
0
0
0
0
0
0
0
0
0
0
0
0
0
0
0
0
0
0
0
0
0
0
0
0
0
0
0
0
0
0
0
0
0
0
0
0
0
0
0
0
0
0
0
0
0
0
0
0
0
0
0
0
0
0
0
0
0
0
0
0
0
0
0
0
0
0
0
0
0
0
0
0
0
0
0
0
0
0
0
0
0
0
0
0
0
0
0
0
0
0
0
0
0
0
0
0
0
0
0
0
0
0
0
0
0
0
0
0
0
0
0
0
0
0
0
0
0
0
0
0
0
0
0
0
0
0
0
0
0
0
0
0
0
0
0
0
0
0
0
0
0
0
0
0
0
0
0
0
0
0
0
0
0
0
0
0
0
0
0
0
0
0
0
0
0
0
0
0
0
0
0
0
0
0
0
0
0
0
0
0
0
0
0
0
0
0
0
0
0
0
0
0
0
0
0
0
0
0
0
0
0
0
0
0
0
0
0
0
0
0
0
0
0
0
0
0
0
0
0
0
0
0
0
0
0
0
0
0
0
0
0
0
0
0
0
0
0
0
0
0
0
0
0
0
0
0
0
0
0
0
0
0
0
0
0
0
0
0
0
0
0
0
0
0
0
0
0
0
0
0
0
0
0
0
0
0
0
0
0
0
0
0
0
0
0
0
0
0
0
0
0
0
0
0
0
0
0
0
0
0
0
0
0
0
0
0
0
0
0
0
0
0
0
0
0
0
0
0
0
0
0
0
0
0
0
0
0
0
0
0
0
0
0
0
0
0
0
0
0
0
0
0
0
0
0
0
0
0
0
0
0
0
0
0
0
0
0
0
0
0
0
0
0
0
0
0
0
0
0
0
0
0
0
0
0
0
0
0
0
0
0
0
0
0
0
0
0
0
0
0
0
0
0
0
0
0
0
0
0
0
0
0
0
0
0
0
0
0
0
0
0
0
0
0
0
0
0
0
0
0
0
0
0
0
0
0
0
0
0
0
0
0
0
0
0
0
0
0
0
0
0
0
0
0
0
0
0
0
0
0
0
0
0
0
0
0
0
0
0
0
0
0
0
0
0
0
0
0
0
0
0
0
0
0
0
0
0
0
0
0
0
0
0
0
0
0
0
0
0
0
0
0
0
0
0
0
0
0
0
0
0
0
0
0
0
0
0
0
0
0
0
0
0
0
0
0
0
0
0
0
0
0
0
0
0
0
0
0
0
0
0
0
0
0
0
0
0
0
0
0
0
0
0
0
0
0
0
0
0
0
0
0
0
0
0
0
0
0
0
0
0
0
0
0
0
0
0
0
0
0
0
0
0
0
0
0
0
0
0
0
0
0
0
0
0
0
0
0
0
0
0
0
0
0
0
0
0
0
0
0
0
0
0
0
0
0
0
0
0
0
0
0
0
0
0
0
0
0
0
0
0
0
0
0
0
0
0
0
0
0
0
0
0
0
0
0
0
0
0
0
0
0
0
0
0
0
0
0
0
0
0
0
0
0
0
0
0
0
0
0
0
0
0
0
0
0
0
0
0
0
0
0
0
0
0
0
0
0
0
0
0
0
0
0
0
0
0
0
0
0
0
0
0
0
0
0
0
0
0
0
0
0
0
0
0
0
0
0
0
0
0
0
0
0
0
0
0
0
0
0
0
0
0
0
0
0
0
0
0
0
0
0
0
0
0
0
0
0
0
0
0
0
0
0
0
0
0
0
0
0
0
0
0
0
0
0
0
0
0
0
0
0
0
0
0
0
0
0
0
0
0
0
0
0
0
0
0
0
0
0
0
0
0
0
0
0
0
0
0
0
0
0
0
0
0
0
0
0
0
0
0
0
0
0
0
0
0
0
0
0
0
0
0
0
0
0
0
0
0
0
0
0
0
0
0
0
0
0
0
0
0
0
0
0
0
0
0
0
0
0
0
0
0
0
0
0
0
0
0
0
0
0
0
0
0
0
0
0
0
0
0
0
0
0
0
0
0
0
0
0
0
0
0
0
0
0
0
0
0
0
0
0
0
0
0
0
0
0
0
0
0
0
0
0
0
0
0
0
0
0
0
0
0
0
0
0
0
0
0
0
0
0
0
0
0
0
0
0
0
0
0
0
0
0
0
0
0
0
0
0
0
0
0
0
0
0
0
0
0
0
0
0
0
0
0
0
0
0
0
0
0
0
0
0
0
0
0
0
0
0
0
0
0
0
0
0
0
0
0
0
0
0
0
0
0
0
0
0
0
0
0
0
0
0
0
0
0
0
0
0
0
0
0
0
0
0
0
0
0
0
0
0
0
0
0
0
0
0
0
0
0
0
0
0
0
0
0
0
0
0
0
0
0
0
0
0
0
0
0
0
0
0
0
0
0
0
0
0
0
0
0
0
0
0
0
0
0
0
0
0
0
0
0
0
0
0
0
0
0
0
0
0
0
0
0
0
0
0
0
0
0
0
0
0
0
0
0
0
0
0
0
0
0
0
0
0
0
0
0
0
0
0
0
0
0
0
0
0
0
0
0
0
0
0
0
0
0
0
0
0
0
0
0
0
0
0
0
0
0
0
0
0
0
0
0
0
0
0
0
0
0
0
0
0
0
0
0
0
0
0
0
0
0
0
0
0
0
0
0
0
0
0
0
0
0
0
0
0
0
0
0
0
0
0
0
0
0
0
0
0
0
0
0
0
0
0
0
0
0
0
0
0
0
0
0
0
0
0
0
0
0
0
0
0
0
0
0
0
0
0
0
0
0
0
0
0
0
0
0
0
0
0
0
0
0
0
0
0
0
0
0
0
0
0
0
0
0
0
0
0
0
0
0
0
0
0
0
0
0
0
0
0
0
0
0
0
0
0
0
0
0
0
0
0
0
0
0
0
0
0
0
0
0
0
0
0
0
0
0
0
0
0
0
0
0
0
0
0
0
0
0
0
0
0
0
0
0
0
0
0
0
0
0
0
0
0
0
0
0
0
0
0
0
0
0
0
0
0
0
0
0
0
0
0
0
0
0
0
0
0
0
0
0
0
0
0
0
0
0
0
0
0
0
0
0
0
0
0
0
0
0
0
0
0
0
0
0
0
0
0
0
0
0
0
0
0
0
0
0
0
0
0
0
0
0
0
0
0
0
0
0
0
0
0
0
0
0
0
0
0
0
0
0
0
0
0
0
0
0
0
0
0
0
0
0
0
0
0
0
0
0
0
0
0
0
0
0
0
0
0
0
0
0
0
0
0
0
0
0
0
0
0
0
0
0
0
0
0
0
0
0
0
0
0
0
0
0
0
0
0
0
0
0
0
0
0
0
0
0
0
0
0
0
0
0
0
0
0
0
0
0
0
0
0
0
0
0
0
0
0
0
0
0
0
0
0
0
0
0
0
0
0
0
0
0
0
0
0
0
0
0
0
0
0
0
0
0
0
0
0
0
0
0
0
0
0
0
0
0
0
0
0
0
0
0
0
0
0
0
0
0
0
0
0
0
0
0
0
0
0
0
0
0
0
0
0
0
0
0
0
0
0
0
0
0
0
0
0
0
0
0
0
0
0
0
0
0
0
0
0
0
0
0
0
0
0
0
0
0
0
0
0
0
0
0
0
0
0
0
0
0
0
0
0
0
0
0
0
0
0
0
0
0
0
0
0
0
0
0
0
0
0
0
0
0
0
0
0
0
0
0
0
0
0
0
0
0
0
0
0
0
0
0
0
0
0
0
0
0
0
0
0
0
0
0
0
0
0
0
0
0
0
0
0
0
0
0
0
0
0
0
0
0
0
0
0
0
0
0
0
0
0
0
0
0
0
0
0
0
0
0
0
0
0
0
0
0
0
0
0
0
0
0
0
0
0
0
0
0
0
0
0
0
0
0
0
0
0
0
0
0
0
0
0
0
0
0
0
0
0
0
0
0
0
0
0
0
0
0
0
0
0
0
0
0
0
0
0
0
0
0
0
0
0
0
0
0
0
0
0
0
0
0
0
0
0
0
0
0
0
0
0
0
0
0
0
0
0
0
0
0
0
0
0
0
0
0
0
0
0
0
0
0
0
0
0
0
0
0
0
0
0
0
0
0
0
0
0
0
0
0
0
0
0
0
0
0
0
0
0
0
0
0
0
0
0
0
0
0
0
0
0
0
0
0
0
0
0
0
0
0
0
0
0
0
0
0
0
0
0
0
0
0
0
0
0
0
0
0
0
0
0
0
0
0
0
0
0
0
0
0
0
0
0
0
0
0
0
0
0
0
0
0
0
0
0
0
0
0
0
0
0
0
0
0
0
0
0
0
0
0
0
0
0
0
0
0
0
0
0
0
0
0
0
0
0
0
0
0
0
0
0
0
0
0
0
0
0
0
0
0
0
0
0
0
0
0
0
0
0
0
0
0
0
0
0
0
0
0
0
0
0
0
0
0
0
0
0
0
0
0
0
0
0
0
0
0
0
0
0
0
0
0
0
0
0
0
0
0
0
0
0
0
0
0
0
0
0
0
0
0
0
0
0
0
0
0
0
0
0
0
0
0
0
0
0
0
0
0
0
0
0
0
0
0
0
0
0
0
0
0
0
0
0
0
0
0
0
0
0
0
0
0
0
0
0
0
0
0
0
0
0
0
0
0
0
0
0
0
0
0
0
0
0
0
0
0
0
0
0
0
0
0
0
0
0
0
0
0
0
0
0
0
0
0
0
0
0
0
0
0
0
0
0
0
0
0
0
0
0
0
0
0
0
0
0
0
0
0
0
0
0
0
0
0
0
0
0
0
0
0
0
0
0
0
0
0
0
0
0
0
0
0
0
0
0
0
0
0
0
0
0
0
0
0
0
0
0
0
0
0
0
0
0
0
0
0
0
0
0
0
0
0
0
0
0
0
0
0
0
0
0
0
0
0
0
0
0
0
0
0
0
0
0
0
0
0
0
0
0
0
0
0
0
0
0
0
0
0
0
0
0
0
0
0
0
0
0
0
0
0
0
0
0
0
0
0
0
0
0
0
0
0
0
0
0
0
0
0
0
0
0
0
0
0
0
0
0
0
0
0
0
0
0
0
0
0
0
0
0
0
0
0
0
0
0
0
0
0
0
0
0
0
0
0
0
0
0
0
0
0
0
0
0
0
0
0
0
0
0
0
0
0
0
0
0
0
0
0
0
0
0
0
0
0
0
0
0
0
0
0
0
0
0
0
0
0
0
0
0
0
0
0
0
0
0
0
0
0
0
0
0
0
0
0
0
0
0
0
0
0
0
0
0
0
0
0
0
0
0
0
0
0
0
0
0
0
0
0
0
0
0
0
0
0
0
0
0
0
0
0
0
0
0
0
0
0
0
0
0
0
0
0
0
0
0
0
0
0
0
0
0
0
0
0
0
0
0
0
0
0
0
0
0
0
0
0
0
0
0
0
0
0
0
0
0
0
0
0
0
0
0
0
0
0
0
0
0
0
0
0
0
0
0
0
0
0
0
0
0
0
0
0
0
0
0
0
0
0
0
0
0
0
0
0
0
0
0
0
0
0
0
0
0
0
0
0
0
0
0
0
0
0
0
0
0
0
0
0
0
0
0
0
0
0
0
0
0
0
0
0
0
0
0
0
0
0
0
0
0
0
0
0
0
0
0
0
0
0
0
0
0
0
0
0
0
0
0
0
0
0
0
0
0
0
0
0
0
0
0
0
0
0
0
0
0
0
0
0
0
0
0
0
0
0
0
0
0
0
0
0
0
0
0
0
0
0
0
0
0
0
0
0
0
0
0
0
0
0
0
0
0
0
0
0
0
0
0
0
0
0
0
0
0
0
0
0
0
0
0
0
0
0
0
0
0
0
0
0
0
0
0
0
0
0
0
0
0
0
0
0
0
0
0
0
0
0
0
0
0
0
0
0
0
0
0
0
0
0
0
0
0
0
0
0
0
0
0
0
0
0
0
0
0
0
0
0
0
0
0
0
0
0
0
0
0
0
0
0
0
0
0
0
0
0
0
0
0
0
0
0
0
0
0
0
0
0
0
0
0
0
0
0
0
0
0
0
0
0
0
0
0
0
0
0
0
0
0
0
0
0
0
0
0
0
0
0
0
0
0
0
0
0
0
0
0
0
0
0
0
0
0
0
0
0
0
0
0
0
0
0
0
0
0
0
0
0
0
0
0
0
0
0
0
0
0
0
0
0
0
0
0
0
0
0
0
0
0
0
0
0
0
0
0
0
0
0
0
0
0
0
0
0
0
0
0
0
0
0
0
0
0
0
0
0
0
0
0
0
0
0
0
0
0
0
0
0
0
0
0
0
0
0
0
0
0
0
0
0
0
0
0
0
0
0
0
0
0
0
0
0
0
0
0
0
0
0
0
0
0
0
0
0
0
0
0
0
0
0
0
0
0
0
0
0
0
0
0
0
0
0
0
0
0
0
0
0
0
0
0
0
0
0
0
0
0
0
0
0
0
0
0
0
0
0
0
0
0
0
0
0
0
0
0
0
0
0
0
0
0
0
0
0
0
0
0
0
0
0
0
0
0
0
0
0
0
0
0
0
0
0
0
0
0
0
0
0
0
0
0
0
0
0
0
0
0
0
0
0
0
0
0
0
0
0
0
0
0
0
0
0
0
0
0
0
0
0
0
0
0
0
0
0
0
0
0
0
0
0
0
0
0
0
0
0
0
0
0
0
0
0
0
0
0
0
0
0
0
0
0
0
0
0
0
0
0
0
0
0
0
0
0
0
0
0
0
0
0
0
0
0
0
0
0
0
0
0
0
0
0
0
0
0
0
0
0
0
0
0
0
0
0
0
0
0
0
0
0
0
0
0
0
0
0
0
0
0
0
0
0
0
0
0
0
0
0
0
0
0
0
0
0
0
0
0
0
0
0
0
0
0
0
0
0
0
0
0
0
0
0
0
0
0
0
0
0
0
0
0
0
0
0
0
0
0
0
0
0
0
0
0
0
0
0
0
0
0
0
0
0
0
0
0
0
0
0
0
0
0
0
0
0
0
0
0
0
0
0
0
0
0
0
0
0
0
0
0
0
0
0
0
0
0
0
0
0
0
0
0
0
0
0
0
0
0
0
0
0
0
0
0
0
0
0
0
0
0
0
0
0
0
0
0
0
0
0
0
0
0
0
0
0
0
0
0
0
0
0
0
0
0
0
0
0
0
0
0
0
0
0
0
0
0
0
0
0
0
0
0
0
0
0
0
0
0
0
0
0
0
0
0
0
0
0
0
0
0
0
0
0
0
0
0
0
0
0
0
0
0
0
0
0
0
0
0
0
0
0
0
0
0
0
0
0
0
0
0
0
0
0
0
0
0
0
0
0
0
0
0
0
0
0
0
0
0
0
0
0
0
0
0
0
0
0
0
0
0
0
0
0
0
0
0
0
0
0
0
0
0
0
0
0
0
0
0
0
0
0
0
0
0
0
0
0
0
0
0
0
0
0
0
0
0
0
0
0
0
0
0
0
0
0
0
0
0
0
0
0
0
0
