111
888
-3144
-1800
-680
-1788
-3061
10
708
-3417
-1674
-1585
-2580
-1107
-7
411
-210
516
-1653
-3182
-2524
-3079
-14503
-222
326
-2312
-3109
-3828
-3269
-16617
15
319
-83
680
-2035
-3465
-2082
-1722
-2560
-85
1025
-2713
-3690
-1373
-2748
-502
-63
776
-103
477
-3214
-2573
2455
-2375
-17981
-11
467
-3502
-2368
-520
-2372
-17388
105
740
-220
-142
-2519
-1973
-2882
-3398
-3125
-185
-88
-4716
-2426
-2477
-4901
-2253
-80
-252
-27
-201
-3112
-3568
2330
-2926
-19342
63
-366
-3995
-3954
-1476
-2765
-14029
178
122
-303
-693
-2796
-1771
-4213
-3736
-3645
-226
-903
-3325
-1818
-2215
-3614
-1926
-70
-671
27
332
-3820
-4181
2593
-3376
-13766
-28
-1203
-4987
-3418
-560
-2316
-14671
60
-1142
-309
785
-1424
-3710
-3466
-2814
-2845
-219
503
-1994
-3816
-1570
-3728
-3136
-25
30
153
2143
-3971
-2608
2703
-2626
-19831
18
1764
-4871
-3290
584
-3173
-15194
165
1320
-312
2670
-6292
-7081
-8079
-7742
-6643
-100
3391
-4944
-5537
-5478
-5774
-4878
194
1617
-132
1787
-9092
-6442
9502
-6459
-17017
145
3344
-8338
-5525
5887
-6099
-19631
315
2404
-374
926
-12997
-11389
-14616
-15342
-14087
-204
544
-8371
-7449
-9530
-8584
-9046
293
25
-376
-1534
-14060
-14151
11917
-14049
16267
100
-1210
-9652
-8524
7839
-9366
-4880
384
-819
-298
539
-2918
-3873
-3
-3890
-3480
-194
196
-4613
-4499
-895
-4681
-2834
23
176
-118
-2825
-3598
-2498
-751
-3169
-21658
-210
-4770
-4284
-4136
-1717
-3737
-17594
154
-3961
152
157
-3327
-3231
2343
-1500
-3162
18
490
-4150
-3757
-2047
-2996
1103
-12
857
-46
1067
-2463
-3480
-3533
-3113
-20206
-28
1672
-3850
-3374
-4599
-3398
-19394
27
620
1
1292
-4369
-5006
-842
-2705
-3721
48
485
-5891
-5113
-4261
-4900
-1520
25
1093
-184
1134
-4599
-2936
1342
-3652
-24901
57
434
-5858
-4521
856
-4720
-18335
71
302
-84
3138
-4438
-4386
-3131
-4514
-4595
-101
699
-4733
-3196
-4347
-4561
-2848
6
872
-127
910
-4341
-3422
2300
-4329
-20106
38
-280
-4483
-3235
705
-3428
-20327
43
165
-288
2829
-1884
-1629
-867
-2227
-2027
-117
691
-1403
-890
-1433
-1560
-562
-144
175
-48
-191
-2683
-2454
1376
-1857
-22905
-20
-1728
-3334
-1100
-49
-1191
-25393
71
-1246
-551
-595
-3378
-3820
-4647
-3852
-3695
-137
-695
-3836
-3649
-2867
-3720
-3328
-150
-1576
-69
3576
-4525
-5158
5004
-3425
-20693
187
4580
-5738
-3533
2476
-3588
-20096
446
2937
-339
-1469
-13466
-12861
-12564
-13431
-14188
22
-1583
-6661
-7956
-7228
-5651
-8390
198
-775
-335
340
-14834
-15795
12582
-13931
18645
220
89
-9158
-7137
8418
-7487
-11431
375
236
-318
-2834
-7406
-6814
-4903
-7247
-7586
-104
-4725
-6185
-6365
-4456
-6301
-4234
96
-1405
-226
-2831
-10491
-8524
6821
-7317
-15058
136
-3071
-8847
-5938
2481
-5302
-19104
265
-1546
-214
-613
-3118
-3124
291
-2230
-2590
-139
-1512
-3835
-3578
-1536
-2998
-2178
128
-662
-195
-1970
-2391
-1979
-453
-2318
-19825
-176
-3338
-2551
-981
-1197
-2464
-18450
106
-3028
122
128
-4197
-2757
237
-1541
-4452
101
-86
-3808
-2086
-1700
-2464
187
61
-1380
-103
1206
-5534
-5319
-3026
-4537
-16817
-117
1028
-5154
-3818
-5566
-3305
-22513
18
630
100
2597
-5101
-6317
-1291
-2586
-5258
100
1098
-5363
-5791
-3630
-4918
-2786
-59
337
-78
2933
-6098
-5201
-148
-5294
-17818
60
1432
-6442
-4777
-1680
-5338
-15927
90
1083
273
5911
-5840
-5051
-3565
-1806
-4729
69
1606
-5770
-4126
-5123
-4759
-4194
3
1282
150
1410
-3366
-4491
-160
-4697
-23668
202
95
-4296
-3745
-875
-5348
-19788
336
408
45
4058
-5442
-3647
-4650
-4829
-5391
-66
2152
-4944
-3346
-5013
-5250
-4224
65
2245
92
-2386
-5374
-5691
2360
-5306
-19290
232
-1761
-4938
-4257
-416
-5674
-19218
259
-317
-190
1564
-4162
-2884
-4050
-4187
-3566
-113
1530
-4427
-2804
-2939
-4382
-3338
-135
538
-36
-1364
-3823
-3748
3164
-3449
-18488
94
-1862
-3238
-4330
-133
-3966
-17718
198
-1936
-72
-1525
-3588
-3348
379
-1660
-2896
-67
-3516
-3029
-3135
160
-2421
-2841
-66
-4431
38
-101
-4021
-3783
-274
-2863
-25306
-11
-272
-2706
-3308
-1411
-2491
-26216
188
-145
77
-1672
-3495
-4469
-167
-1361
-3599
-1
-3003
-2156
-5358
-846
-2661
-3593
-45
-4145
-94
197
-3867
-4664
-666
-3398
-19125
66
-334
-2665
-3633
-912
-2825
-20615
69
640
139
-1055
-2780
-2571
730
-431
-2554
80
-127
-2817
-4074
-370
-1887
-309
58
-914
-222
-1348
-1867
-2956
-2131
-2367
-14204
-236
-1391
-2105
-1314
-2684
-2440
-15527
-16
-1045
219
-102
-2850
-573
-1675
-372
-2632
277
-16
-3547
-1316
-1624
-2668
-123
-79
-908
-240
1138
-3643
-2915
-1039
-2521
-21752
-273
301
-3864
-2511
-3886
-2730
-21966
-87
611
274
-478
-4717
-4481
-3158
-133
-4575
152
-1713
-4687
-3518
-3819
-3386
-2658
-78
-1597
103
5883
-4736
-4395
-1001
-4309
-19765
12
2093
-5371
-4168
-2506
-3775
-20298
-72
1526
637
2623
-7123
-6047
-4987
3601
-5819
370
-1399
-6288
-4745
-2014
-3571
-3525
4
-589
445
2060
-5399
-5486
-5460
-5663
-20073
303
233
-5331
-6477
-6845
-6216
-20967
421
163
641
3933
-6780
-4117
-5890
650
-6216
359
119
-5800
-2186
-1594
-4387
-4813
91
-424
423
-3019
-7967
-5200
-2455
-6096
-18605
244
-600
-7686
-6187
-6228
-6686
-19048
455
152
314
2791
-6156
-3254
-6720
-6199
-6539
81
1182
-5310
-680
-4245
-5685
-5226
122
522
38
-3872
-8569
-2631
751
-6442
-20427
7
-2383
-7756
-5905
-3187
-6568
-23057
117
-1131
291
613
-2650
-679
-1174
-1820
-2212
235
683
-3104
421
-971
-3095
-2915
100
-18
-188
-1478
-3227
-910
-2238
-2212
-18855
-177
-2529
-3467
-3519
-3989
-3160
-16246
-106
-1759
186
-789
-1666
-3387
-17
-1464
-2178
238
47
-2201
-4552
-911
-3088
-1414
135
-468
-153
757
-1351
-2835
-1265
-1991
-17843
-222
402
-2573
-3502
-2518
-2702
-15363
-152
729
244
-146
-2752
-3927
1403
-1869
-3305
276
449
-3235
-5868
-469
-3287
1642
124
-278
-344
-911
-2826
-3674
-2039
-3144
-14857
-374
-443
-3134
-3606
-4100
-3612
-16688
-224
-490
148
212
-5435
-531
-4514
-4906
-5073
168
785
-4590
-549
-3527
-4307
-2496
105
665
-443
522
-5564
-5310
892
-4909
-9701
-337
317
-4897
-3805
-895
-4207
-17484
-119
184
188
-1206
-3351
-1809
-2576
-1626
-3104
-21
-804
-3725
-1934
-2539
-3473
-1538
-121
282
-32
1879
-2332
-3869
-440
-2931
-22479
-79
-1375
-3443
-3279
-2536
-2119
-23064
-121
-1102
550
-4376
-5270
-3420
-4868
2874
-4468
235
-3723
-5235
-1921
-2269
-2792
-4124
-53
-2453
405
2706
-5456
-4435
-2479
-4212
-22814
247
1045
-4173
-5566
-5016
-3888
-22662
102
1287
457
-2725
-5863
-6273
-5633
1247
-6389
294
-3775
-4489
-3697
-2150
-3002
-5614
-30
-1968
347
-728
-9234
-5179
619
-6044
-23452
189
141
-7111
-6537
-3216
-4512
-23696
349
660
393
-1250
-4926
-5034
-5313
-2198
-5189
360
-2064
-3372
-2344
-3607
-3711
-4259
167
-1062
-10
-2574
-8081
-2657
2308
-5308
-17687
4
-567
-6935
-5170
-521
-4044
-19126
178
-102
210
-888
-3452
-3668
-2629
-2849
-3068
189
-665
-3426
-2196
-2845
-3003
-1869
110
589
-235
-3691
-3670
-1504
2286
-2891
-25279
-191
-3015
-4110
-3586
-821
-2928
-25696
-97
-1622
47
134
-2186
-2916
-797
-1821
-1955
117
199
-3360
-4063
-2153
-2748
201
135
250
-73
361
-859
-2822
903
-1877
-19532
-204
-1194
-3123
-3173
-1088
-2852
-17410
46
-1924
216
-445
-2717
-2864
563
-2437
-3038
190
-924
-4087
-5170
-465
-3845
2149
187
-1655
-373
-609
-2268
-3412
-1236
-2849
-17796
-427
4
-3409
-3843
-3763
-4100
-17538
-283
219
-192
-260
-6503
-1801
-4429
-6627
-5771
-67
-503
-6600
-2566
-3290
-6626
-1221
25
28
-250
1543
-6364
-6032
2452
-5676
-11143
-12
1255
-7583
-6457
-1887
-6302
-12607
128
711
-87
596
-5934
-4742
-6006
-6045
-5227
-133
1616
-6289
-5836
-5491
-5783
254
18
1890
-118
518
-4962
-5489
6195
-5171
-16467
112
-233
-6074
-6080
331
-4619
-16353
163
186
211
-1857
-4512
-3931
-4941
-2284
-3913
-96
1308
-5085
-3305
-3052
-3460
-2668
-22
1352
123
947
-5109
-4056
4275
-3823
-22094
-28
-2181
-5107
-4900
-616
-2531
-18928
97
-1596
136
-3038
-5270
-5786
-4000
-1469
-5994
-100
-824
-4086
-3418
-1884
-2064
-4656
-32
-816
259
537
-8411
-5587
1432
-5926
-11562
118
894
-6565
-5543
-1651
-2841
-14766
292
2207
-76
-2004
-4348
-4226
-3000
254
-4511
-170
-1020
-4830
-4693
-2864
-2660
-3838
-36
-749
37
-2879
-6789
-3822
134
-4338
-20015
168
-1518
-6737
-5030
-3102
-3505
-12340
218
-486
-83
-1339
-3262
-3586
-1111
-1154
-3200
-69
-1164
-3574
-4366
-2640
-2611
-1489
-18
-598
-56
-2008
-4036
-2498
-209
-2741
-22336
-62
-1646
-5193
-3441
-1976
-3288
-19327
13
-1487
-125
-597
-4636
-3654
253
-2591
-3594
63
375
-4548
-4351
-2331
-2094
452
109
-591
-85
-182
-2585
-4795
-182
-3455
-11320
-81
-558
-3920
-2731
-657
-2713
-16491
99
-714
94
-596
-3081
-1936
536
-2328
-2604
200
-410
-4476
-4034
-1227
-3488
2262
85
-1568
-338
-1422
-2084
-2936
-696
-2493
-18406
-483
-674
-3782
-2859
-3136
-3493
-17397
-304
-797
-416
-1601
-4509
-3751
-2056
-3384
-4585
-163
-2234
-4382
-4352
-1292
-3903
531
-52
-1778
-145
1532
-5225
-5567
1643
-4593
-19824
32
2870
-6181
-4626
-3490
-4585
-22790
225
1942
-317
-1074
-8477
-7469
-7754
-5930
-7071
-89
-1153
-6845
-7740
-6222
-4767
981
11
487
-240
801
-5948
-8323
7821
-7048
-11787
240
414
-7153
-7002
702
-5480
-18284
222
913
-199
-836
-5914
-4606
-6574
-3183
-4755
-143
-292
-5945
-4597
-6068
-3573
-512
-51
1318
-158
-1034
-3577
-5006
4504
-4644
-16211
144
-2027
-5873
-6379
-533
-3421
-14615
135
-1347
-54
-3488
-3734
-2781
-2635
-410
-2994
-181
-2095
-4050
-2364
-2598
-1320
-1866
5
-1637
184
425
-2794
-3762
469
-2978
-17990
-54
146
-4094
-4020
-2548
-521
-16058
70
192
-222
-3362
-4124
-3030
-3043
-9
-3404
-202
-2585
-3431
-2956
-2576
-1025
-1243
-71
-3017
-37
-879
-4030
-4408
698
-3332
-15471
65
-204
-3790
-3732
-2729
-1902
-17300
19
-39
-209
-2360
-4663
-2773
-2061
-1600
-3846
-21
-1511
-4105
-3230
-3209
-2157
114
-158
-1877
-99
-954
-3530
-4438
-459
-3554
-15867
-97
-818
-4416
-3847
-3367
-2897
-19638
36
-501
-176
-1715
-4808
-3788
-2441
-3547
-4313
-24
-287
-4232
-3959
-4440
-2922
133
-120
-107
-174
235
-3713
-5202
1919
-4125
-12305
-84
645
-4895
-4130
-1159
-2766
-17487
108
346
-106
-986
-3103
-2276
-2437
-3513
-3198
-47
-113
-4465
-3521
-4050
-4493
940
-53
-708
-303
-1225
-2127
-3515
1282
-3107
-18273
-346
-393
-3930
-4194
-3423
-3967
-16010
-112
-524
-253
-701
-2040
-3051
-1999
-244
-2233
-164
-1572
-1555
-3302
-2007
-1425
660
-166
-1122
-119
114
-1917
-3268
592
-2108
-16061
-236
316
-2622
-2302
-2331
-2502
-18806
31
100
-449
-1971
-4216
-4795
-3473
-2004
-4083
-269
-2964
-3649
-4925
-3988
-2865
60
-148
-2875
-180
733
-2659
-4906
1158
-3985
-12570
-91
1391
-4031
-4485
-1858
-4340
-15607
97
1575
-366
-2587
-3854
-3563
-2967
-2760
-3996
-337
-2628
-4403
-3870
-4089
-3943
168
-153
-3160
-124
-725
-4227
-4028
1760
-3685
-13853
-108
-753
-5762
-5383
-2375
-4274
-13070
98
-1028
-340
-1000
-2379
-1549
-1123
-1584
-1832
-328
-920
-2083
-1310
-2047
-1559
502
-145
-875
77
-450
-2586
-2415
1628
-1745
-17811
-170
-1341
-3693
-2552
-1855
-970
-20090
46
-1498
-442
-819
-1359
-657
-1676
-1020
-1278
-275
-330
-1256
-818
-1799
-1672
247
-209
-410
-48
-537
-2706
-1992
1304
-1335
-16454
-214
200
-3487
-2648
-2703
-1916
-16952
-8
346
-480
-579
-2085
-1663
-597
-1542
-1840
-319
-284
-2284
-2355
-2078
-2249
1356
-290
-852
-101
25
-2604
-2929
927
-1777
-16262
-234
307
-3619
-2893
-2815
-2657
-17466
27
691
-497
-643
-2273
-2826
-1258
-1409
-2068
-350
-1041
-2360
-3905
-2607
-2439
906
-302
-558
-107
694
-2151
-3131
1695
-1945
-16109
-74
728
-3584
-3236
-1585
-2704
-16659
102
410
-371
-649
-2308
-4279
-2902
-2711
-3273
-312
-1005
-1978
-4428
-3471
-3250
-897
-160
-630
-265
-918
-1384
-3877
958
-3203
-13366
-215
-49
-1968
-3789
-2398
-3507
-16092
69
395
0
0
0
0
0
0
0
0
0
0
0
-1941
-2319
-1011
-516
-2235
0
0
0
0
0
0
0
0
0
0
0
-380
-3466
-1591
-2218
-15722
0
0
0
0
0
0
0
0
0
0
0
-1931
-2965
-2000
-500
-2371
0
0
0
0
0
0
0
0
0
0
0
-2630
-2931
1009
-2268
-15591
0
0
0
0
0
0
0
0
0
0
0
-2062
-1950
-2189
-1420
-1976
0
0
0
0
0
0
0
0
0
0
0
-1739
-2663
1591
-1859
-18573
0
0
0
0
0
0
0
0
0
0
0
-2586
-1714
-2017
-2501
-2051
0
0
0
0
0
0
0
0
0
0
0
-2095
-3293
2919
-1986
-15580
0
0
0
0
0
0
0
0
0
0
0
-3762
-4544
-3030
-2951
-3768
0
0
0
0
0
0
0
0
0
0
0
-4404
-2521
1317
-3771
-10453
0
0
0
0
0
0
0
0
0
0
0
-5391
-5078
-5505
-5840
-5056
0
0
0
0
0
0
0
0
0
0
0
-6857
-3327
5748
-5054
-21430
0
0
0
0
0
0
0
0
0
0
0
-8203
-5794
-6783
-9810
-6868
0
0
0
0
0
0
0
0
0
0
0
-7744
-7562
8674
-6766
-13621
0
0
0
0
0
0
0
0
0
0
0
-3447
-3556
-34
-3324
-3007
0
0
0
0
0
0
0
0
0
0
0
-2720
-942
-1434
-2917
-20294
0
0
0
0
0
0
0
0
0
0
0
-2330
-4011
458
-196
-3445
0
0
0
0
0
0
0
0
0
0
0
-2311
-4769
-3706
-3514
-15987
0
0
0
0
0
0
0
0
0
0
0
-2157
-3033
-505
11
-2433
0
0
0
0
0
0
0
0
0
0
0
-3420
-2298
-1768
-2422
-28726
0
0
0
0
0
0
0
0
0
0
0
-2764
-2110
-2414
-1109
-2002
0
0
0
0
0
0
0
0
0
0
0
-1877
-1600
606
-1786
-29545
0
0
0
0
0
0
0
0
0
0
0
-2140
-2274
-1523
-2277
-2084
0
0
0
0
0
0
0
0
0
0
0
-2601
-1660
1507
-2010
-18724
0
0
0
0
0
0
0
0
0
0
0
-4925
-4453
-2299
-6626
-4345
0
0
0
0
0
0
0
0
0
0
0
-4448
-4838
5215
-4487
-12237
0
0
0
0
0
0
0
0
0
0
0
-9138
-7494
-5626
-10713
-8086
0
0
0
0
0
0
0
0
0
0
0
-9036
-11107
10682
-7717
-7413
0
0
0
0
0
0
0
0
0
0
0
-4128
-3929
-1735
-3459
-4906
0
0
0
0
0
0
0
0
0
0
0
-8147
-5627
2680
-4599
-25386
0
0
0
0
0
0
0
0
0
0
0
-2375
-3402
350
-2229
-2920
0
0
0
0
0
0
0
0
0
0
0
-3520
-143
-3098
-2801
-15365
0
0
0
0
0
0
0
0
0
0
0
-4117
-3105
-1039
1854
-3914
0
0
0
0
0
0
0
0
0
0
0
-4101
-6207
-3869
-4064
-16614
0
0
0
0
0
0
0
0
0
0
0
-4987
-4760
-789
2523
-4162
0
0
0
0
0
0
0
0
0
0
0
-5218
-5396
-4427
-4199
-21581
0
0
0
0
0
0
0
0
0
0
0
-5562
-5578
-4774
2925
-5637
0
0
0
0
0
0
0
0
0
0
0
-5802
-4534
-4806
-5383
-18609
0
0
0
0
0
0
0
0
0
0
0
-5569
-3808
-3482
-2251
-4672
0
0
0
0
0
0
0
0
0
0
0
-5958
-2577
271
-4377
-20441
0
0
0
0
0
0
0
0
0
0
0
-4315
-2732
-2772
-4238
-3613
0
0
0
0
0
0
0
0
0
0
0
-4555
-1801
2640
-3453
-16324
0
0
0
0
0
0
0
0
0
0
0
-1761
-3342
461
-574
-2982
0
0
0
0
0
0
0
0
0
0
0
-4550
-4244
-945
-2786
-24106
0
0
0
0
0
0
0
0
0
0
0
-1434
-3643
-376
-410
-3266
0
0
0
0
0
0
0
0
0
0
0
-4821
-5940
-1263
-3172
-18643
0
0
0
0
0
0
0
0
0
0
0
-1040
-1839
896
-390
-2050
0
0
0
0
0
0
0
0
0
0
0
-2312
-3306
-2759
-2097
-14050
0
0
0
0
0
0
0
0
0
0
0
-2421
-768
-2283
2044
-2427
0
0
0
0
0
0
0
0
0
0
0
-2804
-3757
-2800
-2410
-19561
0
0
0
0
0
0
0
0
0
0
0
-5000
-4578
-3351
5475
-4301
0
0
0
0
0
0
0
0
0
0
0
-5527
-6464
-4630
-4299
-20043
0
0
0
0
0
0
0
0
0
0
0
-12852
-11889
-11247
10847
-12840
0
0
0
0
0
0
0
0
0
0
0
-13873
-12989
-12982
-12986
13496
0
0
0
0
0
0
0
0
0
0
0
-11576
-9194
-10788
7713
-11165
0
0
0
0
0
0
0
0
0
0
0
-13284
-10606
-8498
-11262
5807
0
0
0
0
0
0
0
0
0
0
0
-5464
-2153
-5985
-1142
-4140
0
0
0
0
0
0
0
0
0
0
0
-6718
137
-179
-3838
-31564
0
0
0
0
0
0
0
0
0
0
0
-2069
-1387
-1975
-368
-2019
0
0
0
0
0
0
0
0
0
0
0
-3249
-535
-1210
-1920
-18299
0
0
0
0
0
0
0
0
0
0
0
-1114
-2860
-613
-916
-2316
0
0
0
0
0
0
0
0
0
0
0
-2040
-4460
-231
-2333
-15072
0
0
0
0
0
0
0
0
0
0
0
-1864
-2325
491
-210
-2457
0
0
0
0
0
0
0
0
0
0
0
-1759
-4378
-2204
-2300
-16657
0
0
0
0
0
0
0
0
0
0
0
-3327
-2
-3555
-2537
-2925
0
0
0
0
0
0
0
0
0
0
0
-2678
-3262
321
-2896
-16624
0
0
0
0
0
0
0
0
0
0
0
-2999
-1793
-2751
888
-2751
0
0
0
0
0
0
0
0
0
0
0
-2788
-3534
-1733
-2767
-21148
0
0
0
0
0
0
0
0
0
0
0
-9026
-8662
-9325
8358
-9046
0
0
0
0
0
0
0
0
0
0
0
-11035
-8481
-8657
-9171
1577
0
0
0
0
0
0
0
0
0
0
0
-9062
-7886
-8883
9117
-7852
0
0
0
0
0
0
0
0
0
0
0
-10819
-7607
-6140
-7626
-16031
0
0
0
0
0
0
0
0
0
0
0
-6535
-5020
-6528
3445
-5336
0
0
0
0
0
0
0
0
0
0
0
-7969
-3065
-2482
-5265
-15910
0
0
0
0
0
0
0
0
0
0
0
-2710
-2818
-3040
-1043
-2347
0
0
0
0
0
0
0
0
0
0
0
-3556
408
930
-2122
-27405
0
0
0
0
0
0
0
0
0
0
0
-1673
-2710
-1654
-2137
-2277
0
0
0
0
0
0
0
0
0
0
0
-1660
-3799
2189
-2191
-15150
0
0
0
0
0
0
0
0
0
0
0
-1916
-1953
-547
-716
-2320
0
0
0
0
0
0
0
0
0
0
0
-1212
-3967
-1009
-2090
-18365
0
0
0
0
0
0
0
0
0
0
0
-5182
-1746
-4256
-4985
-4420
0
0
0
0
0
0
0
0
0
0
0
-4438
-4746
2561
-4447
-13126
0
0
0
0
0
0
0
0
0
0
0
-4772
-2803
-4723
-4304
-4129
0
0
0
0
0
0
0
0
0
0
0
-4518
-3750
3712
-3970
-18167
0
0
0
0
0
0
0
0
0
0
0
-4879
-3941
-4120
-411
-3878
0
0
0
0
0
0
0
0
0
0
0
-5706
-1659
473
-3748
-20135
0
0
0
0
0
0
0
0
0
0
0
-6301
-5450
-3664
2183
-5155
0
0
0
0
0
0
0
0
0
0
0
-7749
-3946
-2415
-4767
-15329
0
0
0
0
0
0
0
0
0
0
0
-4606
-3942
-2539
2410
-4339
0
0
0
0
0
0
0
0
0
0
0
-7046
-3686
-3200
-4201
-19619
0
0
0
0
0
0
0
0
0
0
0
-1901
-2473
-1034
-313
-2480
0
0
0
0
0
0
0
0
0
0
0
-4662
-899
-1479
-2542
-24793
0
0
0
0
0
0
0
0
0
0
0
-3023
-3571
-98
-3909
-3856
0
0
0
0
0
0
0
0
0
0
0
-3673
-5629
861
-3839
-8224
0
0
0
0
0
0
0
0
0
0
0
-2238
-1775
-59
-1587
-2443
0
0
0
0
0
0
0
0
0
0
0
-1423
-3784
-614
-2273
-16501
0
0
0
0
0
0
0
0
0
0
0
-3972
-3282
-2554
-1888
-3849
0
0
0
0
0
0
0
0
0
0
0
-3854
-5972
1960
-3884
-21437
0
0
0
0
0
0
0
0
0
0
0
-6531
-5299
-5994
-4818
-5806
0
0
0
0
0
0
0
0
0
0
0
-5588
-7455
5365
-5673
-14885
0
0
0
0
0
0
0
0
0
0
0
-4025
-3178
-5140
-2787
-3860
0
0
0
0
0
0
0
0
0
0
0
-3896
-3363
2398
-3742
-18278
0
0
0
0
0
0
0
0
0
0
0
-1883
-2803
-1751
-502
-2588
0
0
0
0
0
0
0
0
0
0
0
-3069
-3297
-565
-2605
-19069
0
0
0
0
0
0
0
0
0
0
0
-2275
-2886
-2394
-506
-3244
0
0
0
0
0
0
0
0
0
0
0
-4695
-4870
360
-3305
-14922
0
0
0
0
0
0
0
0
0
0
0
-1858
-1356
-1177
-1508
-2071
0
0
0
0
0
0
0
0
0
0
0
-2888
-3572
1006
-2169
-23336
0
0
0
0
0
0
0
0
0
0
0
-2839
-2683
-1203
-3347
-3114
0
0
0
0
0
0
0
0
0
0
0
-2932
-4992
2811
-3158
-16386
0
0
0
0
0
0
0
0
0
0
0
-1956
-1635
-2064
-1414
-2144
0
0
0
0
0
0
0
0
0
0
0
-990
-3591
1139
-2042
-19964
0
0
0
0
0
0
0
0
0
0
0
-2756
-2574
-1912
-547
-2584
0
0
0
0
0
0
0
0
0
0
0
-1579
-3310
-112
-2569
-13469
0
0
0
0
0
0
0
0
0
0
0
-3678
-3155
-2513
-2385
-3223
0
0
0
0
0
0
0
0
0
0
0
-1655
-4965
964
-3284
-14949
0
0
0
0
0
0
0
0
0
0
0
-2968
-2107
-2482
-2843
-2516
0
0
0
0
0
0
0
0
0
0
0
-2581
-3121
2054
-2368
-18325
0
0
0
0
0
0
0
0
0
0
0
-1938
-1728
-1496
-2393
-2263
0
0
0
0
0
0
0
0
0
0
0
-1870
-2426
1408
-1974
-15022
0
0
0
0
0
0
0
0
0
0
0
-936
-707
-1741
-973
-1388
0
0
0
0
0
0
0
0
0
0
0
-1636
-2334
1535
-1232
-15133
0
0
0
0
0
0
0
0
0
0
0
-1481
-796
-625
-995
-1319
0
0
0
0
0
0
0
0
0
0
0
-1537
-2438
1309
-1103
-18282
0
0
0
0
0
0
0
0
0
0
0
-2759
-2224
-1258
-2612
-2699
0
0
0
0
0
0
0
0
0
0
0
-1988
-3791
1817
-2510
-11835
0
0
0
0
0
0
0
0
0
0
0
-2475
-2593
-2481
-2190
-2390
0
0
0
0
0
0
0
0
0
0
0
276
-3749
994
-2184
-15156
0
0
0
0
0
0
0
0
0
0
0
0
0
0
0
0
0
0
0
0
0
0
0
0
0
0
0
0
0
0
0
0
0
0
0
0
0
0
0
0
0
0
0
0
0
0
0
0
0
0
0
0
0
0
0
0
0
0
0
0
0
0
0
0
0
0
0
0
0
0
0
0
0
0
0
0
0
0
0
0
0
0
0
0
0
0
0
0
0
0
0
0
0
0
0
0
0
0
0
0
0
0
0
0
0
0
0
0
0
0
0
0
0
0
0
0
0
0
0
0
0
0
0
0
0
0
0
0
0
0
0
0
0
0
0
0
0
0
0
0
0
0
0
0
0
0
0
0
0
0
0
0
0
0
0
0
0
0
0
0
0
0
0
0
0
0
0
0
0
0
0
0
0
0
0
0
0
0
0
0
0
0
0
0
0
0
0
0
0
0
0
0
0
0
0
0
0
0
0
0
0
0
0
0
0
0
0
0
0
0
0
0
0
0
0
0
0
0
0
0
0
0
0
0
0
0
0
0
0
0
0
0
0
0
0
0
0
0
0
0
0
0
0
0
0
0
0
0
0
0
0
0
0
0
0
0
0
0
0
0
0
0
0
0
0
0
0
0
0
0
0
0
0
0
0
0
0
0
0
0
0
0
0
0
0
0
0
0
0
0
0
0
0
0
0
0
0
0
0
0
0
0
0
0
0
0
0
0
0
0
0
0
0
0
0
0
0
0
0
0
0
0
0
0
0
0
0
0
0
0
0
0
0
0
0
0
0
0
0
0
0
0
0
0
0
0
0
0
0
0
0
0
0
0
0
0
0
0
0
0
0
0
0
0
0
0
0
0
0
0
0
0
0
0
0
0
0
0
0
0
0
0
0
0
0
0
0
0
0
0
0
0
0
0
0
0
0
0
0
0
0
0
0
0
0
0
0
0
0
0
0
0
0
0
0
0
0
0
0
0
0
0
0
0
0
0
0
0
0
0
0
0
0
0
0
0
0
0
0
0
0
0
0
0
0
0
0
0
0
0
0
0
0
0
0
0
0
0
0
0
0
0
0
0
0
0
0
0
0
0
0
0
0
0
0
0
0
0
0
0
0
0
0
0
0
0
0
0
0
0
0
0
0
0
0
0
0
0
0
0
0
0
0
0
0
0
0
0
0
0
0
0
0
0
0
0
0
0
0
0
0
0
0
0
0
0
0
0
0
0
0
0
0
0
0
0
0
0
0
0
0
0
0
0
0
0
0
0
0
0
0
0
0
0
0
0
0
0
0
0
0
0
0
0
0
0
0
0
0
0
0
0
0
0
0
0
0
0
0
0
0
0
0
0
0
0
0
0
0
0
0
0
0
0
0
0
0
0
0
0
0
0
0
0
0
0
0
0
0
0
0
0
0
0
0
0
0
0
0
0
0
0
0
0
0
0
0
0
0
0
0
0
0
0
0
0
0
0
0
0
0
0
0
0
0
0
0
0
0
0
0
0
0
0
0
0
0
0
0
0
0
0
0
0
0
0
0
0
0
0
0
0
0
0
0
0
0
0
0
0
0
0
0
0
0
0
0
0
0
0
0
0
0
0
0
0
0
0
0
0
0
0
0
0
0
0
0
0
0
0
0
0
0
0
0
0
0
0
0
0
0
0
0
0
0
0
0
0
0
0
0
0
0
0
0
0
0
0
0
0
0
0
0
0
0
0
0
0
0
0
0
0
0
0
0
0
0
0
0
0
0
0
0
0
0
0
0
0
0
0
0
0
0
0
0
0
0
0
0
0
0
0
0
0
0
0
0
0
0
0
0
0
0
0
0
0
0
0
0
0
0
0
0
0
0
0
0
0
0
0
0
0
0
0
0
0
0
0
0
0
0
0
0
0
0
0
0
0
0
0
0
0
0
0
0
0
0
0
0
0
0
0
0
0
0
0
0
0
0
0
0
0
0
0
0
0
0
0
0
0
0
0
0
0
0
0
0
0
0
0
0
0
0
0
0
0
0
0
0
0
0
0
0
0
0
0
0
0
0
0
0
0
0
0
0
0
0
0
0
0
0
0
0
0
0
0
0
0
0
0
0
0
0
0
0
0
0
0
0
0
0
0
0
0
0
0
0
0
0
0
0
0
0
0
0
0
0
0
0
0
0
0
0
0
0
0
0
0
0
0
0
0
0
0
0
0
0
0
0
0
0
0
0
0
0
0
0
0
0
0
0
0
0
0
0
0
0
0
0
0
0
0
0
0
0
0
0
0
0
0
0
0
0
0
0
0
0
0
0
0
0
0
0
0
0
0
0
0
0
0
0
0
0
0
0
0
0
0
0
0
0
0
0
0
0
0
0
0
0
0
0
0
0
0
0
0
0
0
0
0
0
0
0
0
0
0
0
0
0
0
0
0
0
0
0
0
0
0
0
0
0
0
0
0
0
0
0
0
0
0
0
0
0
0
0
0
0
0
0
0
0
0
0
0
0
0
0
0
0
0
0
0
0
0
0
0
0
0
0
0
0
0
0
0
0
0
0
0
0
0
0
0
0
0
0
0
0
0
0
0
0
0
0
0
0
0
0
0
0
0
0
0
0
0
0
0
0
0
0
0
0
0
0
0
0
0
0
0
0
0
0
0
0
0
0
0
0
0
0
0
0
0
0
0
0
0
0
0
0
0
0
0
0
0
0
0
0
0
0
0
0
0
0
0
0
0
0
0
0
0
0
0
0
0
0
0
0
0
0
0
0
0
0
0
0
0
0
0
0
0
0
0
0
0
0
0
0
0
0
0
0
0
0
0
0
0
0
0
0
0
0
0
0
0
0
0
0
0
0
0
0
0
0
0
0
0
0
0
0
0
0
0
0
0
0
0
0
0
0
0
0
0
0
0
0
0
0
0
0
0
0
0
0
0
0
0
0
0
0
0
0
0
0
0
0
0
0
0
0
0
0
0
0
0
0
0
0
0
0
0
0
0
0
0
0
0
0
0
0
0
0
0
0
0
0
0
0
0
0
0
0
0
0
0
0
0
0
0
0
0
0
0
0
0
0
0
0
0
0
0
0
0
0
0
0
0
0
0
0
0
0
0
0
0
0
0
0
0
0
0
0
0
0
0
0
0
0
0
0
0
0
0
0
0
0
0
0
0
0
0
0
0
0
0
0
0
0
0
0
0
0
0
0
0
0
0
0
0
0
0
0
0
0
0
0
0
0
0
0
0
0
0
0
0
0
0
0
0
0
0
0
0
0
0
0
0
0
0
0
0
0
0
0
0
0
0
0
0
0
0
0
0
0
0
0
0
0
0
0
0
0
0
0
0
0
0
0
0
0
0
0
0
0
0
0
0
0
0
0
0
0
0
0
0
0
0
0
0
0
0
0
0
0
0
0
0
0
0
0
0
0
0
0
0
0
0
0
0
0
0
0
0
0
0
0
0
0
0
0
0
0
0
0
0
0
0
0
0
0
0
0
0
0
0
0
0
0
0
0
0
0
0
0
0
0
0
0
0
0
0
0
0
0
0
0
0
0
0
0
0
0
0
0
0
0
0
0
0
0
0
0
0
0
0
0
0
0
0
0
0
0
0
0
0
0
0
0
0
0
0
0
0
0
0
0
0
0
0
0
0
0
0
0
0
0
0
0
0
0
0
0
0
0
0
0
0
0
0
0
0
0
0
0
0
0
0
0
0
0
0
0
0
0
0
0
0
0
0
0
0
0
0
0
0
0
0
0
0
0
0
0
0
0
0
0
0
0
0
0
0
0
0
0
0
0
0
0
0
0
0
0
0
0
0
0
0
0
0
0
0
0
0
0
0
0
0
0
0
0
0
0
0
0
0
0
0
0
0
0
0
0
0
0
0
0
0
0
0
0
0
0
0
0
0
0
0
0
0
0
0
0
0
0
0
0
0
0
0
0
0
0
0
0
0
0
0
0
0
0
0
0
0
0
0
0
0
0
0
0
0
0
0
0
0
0
0
0
0
0
0
0
0
0
0
0
0
0
0
0
0
0
0
0
0
0
0
0
0
0
0
0
0
0
0
0
0
0
0
0
0
0
0
0
0
0
0
0
0
0
0
0
0
0
0
0
0
0
0
0
0
0
0
0
0
0
0
0
0
0
0
0
0
0
0
0
0
0
0
0
0
0
0
0
0
0
0
0
0
0
0
0
0
0
0
0
0
0
0
0
0
0
0
0
0
0
0
0
0
0
0
0
0
0
0
0
0
0
0
0
0
0
0
0
0
0
0
0
0
0
0
0
0
0
0
0
0
0
0
0
0
0
0
0
0
0
0
0
0
0
0
0
0
0
0
0
0
0
0
0
0
0
0
0
0
0
0
0
0
0
0
0
0
0
0
0
0
0
0
0
0
0
0
0
0
0
0
0
0
0
0
0
0
0
0
0
0
0
0
0
0
0
0
0
0
0
0
0
0
0
0
0
0
0
0
0
0
0
0
0
0
0
0
0
0
0
0
0
0
0
0
0
0
0
0
0
0
0
0
0
0
0
0
0
0
0
0
0
0
0
0
0
0
0
0
0
0
0
0
0
0
0
0
0
0
0
0
0
0
0
0
0
0
0
0
0
0
0
0
0
0
0
0
0
0
0
0
0
0
0
0
0
0
0
0
0
0
0
0
0
0
0
0
0
0
0
0
0
0
0
0
0
0
0
0
0
0
0
0
0
0
0
0
0
0
0
0
0
0
0
0
0
0
0
0
0
0
0
0
0
0
0
0
0
0
0
0
0
0
0
0
0
0
0
0
0
0
0
0
0
0
0
0
0
0
0
0
0
0
0
0
0
0
0
0
0
0
0
0
0
0
0
0
0
0
0
0
0
0
0
0
0
0
0
0
0
0
0
0
0
0
0
0
0
0
0
0
0
0
0
0
0
0
0
0
0
0
0
0
0
0
0
0
0
0
0
0
0
0
0
0
0
0
0
0
0
0
0
0
0
0
0
0
0
0
0
0
0
0
0
0
0
0
0
0
0
0
0
0
0
0
0
0
0
0
0
0
0
0
0
0
0
0
0
0
0
0
0
0
0
0
0
0
0
0
0
0
0
0
0
0
0
0
0
0
0
0
0
0
0
0
0
0
0
0
0
0
0
0
0
0
0
0
0
0
0
0
0
0
0
0
0
0
0
0
0
0
0
0
0
0
0
0
0
0
0
0
0
0
0
0
0
0
0
0
0
0
0
0
0
0
0
0
0
0
0
0
0
0
0
0
0
0
0
0
0
0
0
0
0
0
0
0
0
0
0
0
0
0
0
0
0
0
0
0
0
0
0
0
0
0
0
0
0
0
0
0
0
0
0
0
0
0
0
0
0
0
0
0
0
0
0
0
0
0
0
0
0
0
0
0
0
0
0
0
0
0
0
0
0
0
0
0
0
0
0
0
0
0
0
0
0
0
0
0
0
0
0
0
0
0
0
0
0
0
0
0
0
0
0
0
0
0
0
0
0
0
0
0
0
0
0
0
0
0
0
0
0
0
0
0
0
0
0
0
0
0
0
0
0
0
0
0
0
0
0
0
0
0
0
0
0
0
0
0
0
0
0
0
0
0
0
0
0
0
0
0
0
0
0
0
0
0
0
0
0
0
0
0
0
0
0
0
0
0
0
0
0
0
0
0
0
0
0
0
0
0
0
0
0
0
0
0
0
0
0
0
0
0
0
0
0
0
0
0
0
0
0
0
0
0
0
0
0
0
0
0
0
0
0
0
0
0
0
0
0
0
0
0
0
0
0
0
0
0
0
0
0
0
0
0
0
0
0
0
0
0
0
0
0
0
0
0
0
0
0
0
0
0
0
0
0
0
0
0
0
0
0
0
0
0
0
0
0
0
0
0
0
0
0
0
0
0
0
0
0
0
0
0
0
0
0
0
0
0
0
0
0
0
0
0
0
0
0
0
0
0
0
0
0
0
0
0
0
0
0
0
0
0
0
0
0
0
0
0
0
0
0
0
0
0
0
0
0
0
0
0
0
0
0
0
0
0
0
0
0
0
0
0
0
0
0
0
0
0
0
0
0
0
0
0
0
0
0
0
0
0
0
0
0
0
0
0
0
0
0
0
0
0
0
0
0
0
0
0
0
0
0
0
0
0
0
0
0
0
0
0
0
0
0
0
0
0
0
0
0
0
0
0
0
0
0
0
0
0
0
0
0
0
0
0
0
0
0
0
0
0
0
0
0
0
0
0
0
0
0
0
0
0
0
0
0
0
0
0
0
0
0
0
0
0
0
0
0
0
0
0
0
0
0
0
0
0
0
0
0
0
0
0
0
0
0
0
0
0
0
0
0
0
0
0
0
0
0
0
0
0
0
0
0
0
0
0
0
0
0
0
0
0
0
0
0
0
0
0
0
0
0
0
0
0
0
0
0
0
0
0
0
0
0
0
0
0
0
0
0
0
0
0
0
0
0
0
0
0
0
0
0
0
0
0
0
0
0
0
0
0
0
0
0
0
0
0
0
0
0
0
0
0
0
0
0
0
0
0
0
0
0
0
0
0
0
0
0
0
0
0
0
0
0
0
0
0
0
0
0
0
0
0
0
0
0
0
0
0
0
0
0
0
0
0
0
0
0
0
0
0
0
0
0
0
0
0
0
0
0
0
0
0
0
0
0
0
0
0
0
0
0
0
0
0
0
0
0
0
0
0
0
0
0
0
0
0
0
0
0
0
0
0
0
0
0
0
0
0
0
0
0
0
0
0
0
0
0
0
0
0
0
0
0
0
0
0
0
0
0
0
0
0
0
0
0
0
0
0
0
0
0
0
0
0
0
0
0
0
0
0
0
0
0
0
0
0
0
0
0
0
0
0
0
0
0
0
0
0
0
0
0
0
0
0
0
0
0
0
0
0
0
0
0
0
0
0
0
0
0
0
0
0
0
0
0
0
0
0
0
0
0
0
0
0
0
0
0
0
0
0
0
0
0
0
0
0
0
0
0
0
0
0
0
0
0
0
0
0
0
0
0
0
0
0
0
0
0
0
0
0
0
0
0
0
0
0
0
0
0
0
0
0
0
0
0
0
0
0
0
0
0
0
0
0
0
0
0
0
0
0
0
0
0
0
0
0
0
0
0
0
0
0
0
0
0
0
0
0
0
0
0
0
0
0
0
0
0
0
0
0
0
0
0
0
0
0
0
0
0
0
0
0
0
0
0
0
0
0
0
0
0
0
0
0
0
0
0
0
0
0
0
0
0
0
0
0
0
0
0
0
0
0
0
0
0
0
0
0
0
0
0
0
0
0
0
0
0
0
0
0
0
0
0
0
0
0
0
0
0
0
0
0
0
0
0
0
0
0
0
0
0
0
0
0
0
0
0
0
0
0
0
0
0
0
0
0
0
0
0
0
0
0
0
0
0
0
0
0
0
0
0
0
0
0
0
0
0
0
0
0
0
0
0
0
0
0
0
0
0
0
0
0
0
0
0
0
0
0
0
0
0
0
0
0
0
0
0
0
0
0
0
0
0
0
0
0
0
0
0
0
0
0
0
0
0
0
0
0
0
0
0
0
0
0
0
0
0
0
0
0
0
0
0
0
0
0
0
0
0
0
0
0
0
0
0
0
0
0
0
0
0
0
0
0
0
0
0
0
0
0
0
0
0
0
0
0
0
0
0
0
0
0
0
0
0
0
0
0
0
0
0
0
0
0
0
0
0
0
0
0
0
0
0
0
0
0
0
0
0
0
0
0
0
0
0
0
0
0
0
0
0
0
0
0
0
0
0
0
0
0
0
0
0
0
0
0
0
0
0
0
0
0
0
0
0
0
0
0
0
0
0
0
0
0
0
0
0
0
0
0
0
0
0
0
0
0
0
0
0
0
0
0
0
0
0
0
0
0
0
0
0
0
0
0
0
0
0
0
0
0
0
0
0
0
0
0
0
0
0
0
0
0
0
0
0
0
0
0
0
0
0
0
0
0
0
0
0
0
0
0
0
0
0
0
0
0
0
0
0
0
0
0
0
0
0
0
0
0
0
0
0
0
0
0
0
0
0
0
0
0
0
0
0
0
0
0
0
0
0
0
0
0
0
0
0
0
0
0
0
0
0
0
0
0
0
0
0
0
0
0
0
0
0
0
0
0
0
0
0
0
0
0
0
0
0
0
0
0
0
0
0
0
0
0
0
0
0
0
0
0
0
0
0
0
0
0
0
0
0
0
0
0
0
0
0
0
0
0
0
0
0
0
0
0
0
0
0
0
0
0
0
0
0
0
0
0
0
0
0
0
0
0
0
0
0
0
0
0
0
0
0
0
0
0
0
0
0
0
0
0
0
0
0
0
0
0
0
0
0
0
0
0
0
0
0
0
0
0
0
0
0
0
0
0
0
0
0
0
0
0
0
0
0
0
0
0
0
0
0
0
0
0
0
0
0
0
0
0
0
0
0
0
0
0
0
0
0
0
0
0
0
0
0
0
0
0
0
0
0
0
0
0
0
0
0
0
0
0
0
0
0
0
0
0
0
0
0
0
0
0
0
0
0
0
0
0
0
0
0
0
0
0
0
0
0
0
0
0
0
0
0
0
0
0
0
0
0
0
0
0
0
0
0
0
0
0
0
0
0
0
0
0
0
0
0
0
0
0
0
0
0
0
0
0
0
0
0
0
0
0
0
0
0
0
0
0
0
0
0
0
0
0
0
0
0
0
0
0
0
0
0
0
0
0
0
0
0
0
0
0
0
0
0
0
0
0
0
0
0
0
0
0
0
0
0
0
0
0
0
0
0
0
0
0
0
0
0
0
0
0
0
0
0
0
0
0
0
0
0
0
0
0
0
0
0
0
0
0
0
0
0
0
0
0
0
0
0
0
0
0
0
0
0
0
0
0
0
0
0
0
0
0
0
0
0
0
0
0
0
0
0
0
0
0
0
0
0
0
0
0
0
0
0
0
0
0
0
0
0
0
0
0
0
0
0
0
0
0
0
0
0
0
0
0
0
0
0
0
0
0
0
0
0
0
0
0
0
0
0
0
0
0
0
0
0
0
0
0
0
0
0
0
0
0
0
0
0
0
0
0
0
0
0
0
0
0
0
0
0
0
0
0
0
0
0
0
0
0
0
0
0
0
0
0
0
0
0
0
0
0
0
0
0
0
0
0
0
0
0
0
0
0
0
0
0
0
0
0
0
0
0
0
0
0
0
0
0
0
0
0
0
0
0
0
0
0
0
0
0
0
0
0
0
0
0
0
0
0
0
0
0
0
0
0
0
0
0
0
0
0
0
0
0
0
0
0
0
0
0
0
0
0
0
0
0
0
0
0
0
0
0
0
0
0
0
0
0
0
0
0
0
0
0
0
0
0
0
0
0
0
0
0
0
0
0
0
0
0
0
0
0
0
0
0
0
0
0
0
0
0
0
0
0
0
0
0
0
0
0
0
0
0
0
0
0
0
0
0
0
0
0
0
0
0
0
0
0
0
0
0
0
0
0
0
0
0
0
0
0
0
0
0
0
0
0
0
0
0
0
0
0
0
0
0
0
0
0
0
0
0
0
0
0
0
0
0
0
0
0
0
0
0
0
0
0
0
0
0
0
0
0
0
0
0
0
0
0
0
0
0
0
0
0
0
0
0
0
0
0
0
0
0
0
0
0
0
0
0
0
0
0
0
0
0
0
0
0
0
0
0
0
0
0
0
0
0
0
0
0
0
0
0
0
0
0
0
0
0
0
0
0
0
0
0
0
0
0
0
0
0
0
0
0
0
0
0
0
0
0
0
0
0
0
0
0
0
0
0
0
0
0
0
0
0
0
0
0
0
0
0
0
0
0
0
0
0
0
0
0
0
0
0
0
0
0
0
0
0
0
0
0
0
0
0
0
0
0
0
0
0
0
0
0
0
0
0
0
0
0
0
0
0
0
0
0
0
0
0
0
0
0
0
0
0
0
0
0
0
0
0
0
0
0
0
0
0
0
0
0
0
0
0
0
0
0
0
0
0
0
0
0
0
0
0
0
0
0
0
0
0
0
0
0
0
0
0
0
0
0
0
0
0
0
0
0
0
0
0
0
0
0
0
0
0
0
0
0
0
0
0
0
0
0
0
0
0
0
0
0
0
0
0
0
0
0
0
0
0
0
0
0
0
0
0
0
0
0
0
0
0
0
0
0
0
0
0
0
0
0
0
0
0
0
0
0
0
0
0
0
0
0
0
0
0
0
0
0
0
0
0
0
0
0
0
0
0
0
0
0
0
0
0
0
0
0
0
0
0
0
0
0
0
0
0
0
0
0
0
0
0
0
0
0
0
0
0
0
0
0
0
0
0
0
0
0
0
0
0
0
0
0
0
0
0
0
0
0
0
0
0
0
0
0
0
0
0
0
0
0
0
0
0
0
0
0
0
0
0
0
0
0
0
0
0
0
0
0
0
0
0
0
0
0
0
0
0
0
0
0
0
0
0
0
0
0
0
0
0
0
0
0
0
0
0
0
0
0
0
0
0
0
0
0
0
0
0
0
0
0
0
0
0
0
0
0
0
0
0
0
0
0
0
0
0
0
0
0
0
0
0
0
0
0
0
0
0
0
0
0
0
0
0
0
0
0
0
0
0
0
0
0
0
0
0
0
0
0
0
0
0
0
0
0
0
0
0
0
0
0
0
0
0
0
0
0
0
0
0
0
0
0
0
0
0
0
0
0
0
0
0
0
0
0
0
0
0
0
0
0
0
0
0
0
0
0
0
0
0
0
0
0
0
0
0
0
0
0
0
0
0
0
0
0
0
0
0
0
0
0
0
0
0
0
0
0
0
0
0
0
0
0
0
0
0
0
0
0
0
0
0
0
0
0
0
0
0
0
0
0
0
0
0
0
0
0
0
0
0
0
0
0
0
0
0
0
0
0
0
0
0
0
0
0
0
0
0
0
0
0
0
0
0
0
0
0
0
0
0
0
0
0
0
0
0
0
0
0
0
0
0
0
0
0
0
0
0
0
0
0
0
0
0
0
0
0
0
0
0
0
0
0
0
0
0
0
0
0
0
0
0
0
0
0
0
0
0
0
0
0
0
0
0
0
0
0
0
0
0
0
0
0
0
0
0
0
0
0
0
0
0
0
0
0
0
0
0
0
0
0
0
0
0
0
0
0
0
0
0
0
0
0
0
0
0
0
0
0
0
0
0
0
0
0
0
0
0
0
0
0
0
0
0
0
0
0
0
0
0
0
0
0
0
0
0
0
0
0
0
0
0
0
0
0
0
0
0
0
0
0
0
0
0
0
0
0
0
0
0
0
0
0
0
0
0
0
0
0
0
0
0
0
0
0
0
0
0
0
0
0
0
0
0
0
0
0
0
0
0
0
0
0
0
0
0
0
0
0
0
0
0
0
0
0
0
0
0
0
0
0
0
0
0
0
0
0
0
0
0
0
0
0
0
0
0
0
0
0
0
0
0
0
0
0
0
0
0
0
0
0
0
0
0
0
0
0
0
0
0
0
0
0
0
0
0
0
0
0
0
0
0
0
0
0
0
0
0
0
0
0
0
0
0
0
0
0
0
0
0
0
0
0
0
0
0
0
0
0
0
0
0
0
0
0
0
0
0
0
0
0
0
0
0
0
0
0
0
0
0
0
0
0
0
0
0
0
0
0
0
0
0
0
0
0
0
0
0
0
0
0
0
0
0
0
0
0
0
0
0
0
0
0
0
0
0
0
0
0
0
0
0
0
0
0
0
0
0
0
0
0
0
0
0
0
0
0
0
0
0
0
0
0
0
0
0
0
0
0
0
0
0
0
0
0
0
0
0
0
0
0
0
0
0
0
0
0
0
0
0
0
0
0
0
0
0
0
0
0
0
0
0
0
0
0
0
0
0
0
0
0
0
0
0
0
0
0
0
0
0
0
0
0
0
0
0
0
0
0
0
0
0
0
0
0
0
0
0
0
0
0
0
0
0
0
0
0
0
0
0
0
0
0
0
0
0
0
0
0
0
0
0
0
0
0
0
0
0
0
0
0
0
0
0
0
0
0
0
0
0
0
0
0
0
0
0
0
0
0
0
0
0
0
0
0
0
0
0
0
0
0
0
0
0
0
0
0
0
0
0
0
0
0
0
0
0
0
0
0
0
0
0
0
0
0
0
0
0
0
0
0
0
0
0
0
0
0
0
0
0
0
0
0
0
0
0
0
0
0
0
0
0
0
0
0
0
0
0
0
0
0
0
0
0
0
0
0
0
0
0
0
0
0
0
0
0
0
0
0
0
0
0
0
0
0
0
0
0
0
0
0
0
0
0
0
0
0
0
0
0
0
0
0
0
0
0
0
0
0
0
0
0
0
0
0
0
0
0
0
0
0
0
0
0
0
0
0
0
0
0
0
0
0
0
0
0
0
0
0
0
0
0
0
0
0
0
0
0
0
0
0
0
0
0
0
0
0
0
0
0
0
0
0
0
0
0
0
0
0
0
0
0
0
0
0
0
0
0
0
0
0
0
0
0
0
0
0
0
0
0
0
0
0
0
0
0
0
0
0
0
0
0
0
0
0
0
0
0
0
0
0
0
0
0
0
0
0
0
0
0
0
0
0
0
0
0
0
0
0
0
0
0
0
0
0
0
0
0
0
0
0
0
0
0
0
0
0
0
0
0
0
0
0
0
0
0
0
0
0
0
0
0
0
0
0
0
0
0
0
0
0
0
0
0
0
0
0
0
0
0
0
0
0
0
0
0
0
0
0
0
0
0
0
0
0
0
0
0
0
0
0
0
0
0
0
0
0
0
0
0
0
0
0
0
0
0
0
0
0
0
0
0
0
0
0
0
0
0
0
0
0
0
0
0
0
0
0
0
0
0
0
0
0
0
0
0
0
0
0
0
0
0
0
0
0
0
0
0
0
0
0
0
0
0
0
0
0
0
0
0
0
0
0
0
0
0
0
0
0
0
0
0
0
0
0
0
0
0
0
0
0
0
0
0
0
0
0
0
0
0
0
0
0
0
0
0
0
0
0
0
0
0
0
0
0
0
0
0
0
0
0
0
0
0
0
0
0
0
0
0
0
0
0
0
0
0
0
0
0
0
0
0
0
0
0
0
0
0
0
0
0
0
0
0
0
0
0
0
0
0
0
0
0
0
0
0
0
0
0
0
0
0
0
0
0
0
0
0
0
0
0
0
0
0
0
0
0
0
0
0
0
0
0
0
0
0
0
0
0
0
0
0
0
0
0
0
0
0
0
0
0
0
0
0
0
0
0
0
0
0
0
0
0
0
0
0
0
0
0
0
0
0
0
0
0
0
0
0
0
0
0
0
0
0
0
0
0
0
0
0
0
0
0
0
0
0
0
0
0
0
0
0
0
0
0
0
0
0
0
0
0
0
0
0
0
0
0
0
0
0
0
0
0
0
0
0
0
0
0
0
0
0
0
0
0
0
0
0
0
0
0
0
0
0
0
0
0
0
0
0
0
0
0
0
0
0
0
0
0
0
0
0
0
0
0
0
0
0
0
0
0
0
0
0
0
0
0
0
0
0
0
0
0
0
0
0
0
0
0
0
0
0
0
0
0
0
0
0
0
0
0
0
0
0
0
0
0
0
0
0
0
0
0
0
0
0
0
0
0
0
0
0
0
0
0
0
0
0
0
0
0
0
0
0
0
0
0
0
0
0
0
0
0
0
0
0
0
0
0
0
0
0
0
0
0
0
0
0
0
0
0
0
0
0
0
0
0
0
0
0
0
0
0
0
0
0
0
0
0
0
0
0
0
0
0
0
0
0
0
0
0
0
0
0
0
0
0
0
0
0
0
0
0
0
0
0
0
0
0
0
0
0
0
0
0
0
0
0
0
0
0
0
0
0
0
0
0
0
0
0
0
0
0
0
0
0
0
0
0
0
0
0
0
0
0
0
0
0
0
0
0
0
0
0
0
0
0
0
0
0
0
0
0
0
0
0
0
0
0
0
0
0
0
0
0
0
0
0
0
0
0
0
0
0
0
0
0
0
0
0
0
0
0
0
0
0
0
0
0
0
0
0
0
0
0
0
0
0
0
0
0
0
0
0
0
0
0
0
0
0
0
0
0
0
0
0
0
0
0
0
0
0
0
0
0
0
0
0
0
0
0
0
0
0
0
0
0
0
0
0
0
0
0
0
0
0
0
0
0
0
0
0
0
0
0
0
0
0
0
0
0
0
0
0
0
0
0
0
0
0
0
0
0
0
0
0
0
0
0
0
0
0
0
0
0
0
0
0
0
0
0
0
0
0
0
0
0
0
0
0
0
0
0
0
0
0
0
0
0
0
0
0
0
0
0
0
0
0
0
0
0
0
0
0
0
0
0
0
0
0
0
0
0
0
0
0
0
0
0
0
0
0
0
0
0
0
0
0
0
0
0
0
0
0
0
0
0
0
0
0
0
0
0
0
0
0
0
0
0
0
0
0
0
0
0
0
0
0
0
0
0
0
0
0
0
0
0
0
0
0
0
0
0
0
0
0
0
0
0
0
0
0
0
0
0
0
0
0
0
0
0
0
0
0
0
0
0
0
0
0
0
0
0
0
0
0
0
0
0
0
0
0
0
0
0
0
0
0
0
0
0
0
0
0
0
0
0
0
0
0
0
0
0
0
0
0
0
0
0
0
0
0
0
0
0
0
0
0
0
0
0
0
0
0
0
0
0
0
0
0
0
0
0
0
0
0
0
0
0
0
0
0
0
0
0
0
0
0
0
0
0
0
0
0
0
0
0
0
0
0
0
0
0
0
0
0
0
0
0
0
0
0
0
0
0
0
0
0
0
0
0
0
0
0
0
0
0
0
0
0
0
0
0
0
0
0
0
0
0
0
0
0
0
0
0
0
0
0
0
0
0
0
0
0
0
0
0
0
0
0
0
0
0
0
0
0
0
0
0
0
0
0
0
0
0
0
0
0
0
0
0
0
0
0
0
0
0
0
0
0
0
0
0
0
0
0
0
0
0
0
0
0
0
0
0
0
0
0
0
0
0
0
0
0
0
0
0
0
0
0
0
0
0
0
0
0
0
0
0
0
0
0
0
0
0
0
0
0
0
0
0
0
0
0
0
0
0
0
0
0
0
0
0
0
0
0
0
0
0
0
0
0
0
0
0
0
0
0
0
0
0
0
0
0
0
0
0
0
0
0
0
0
0
0
0
0
0
0
0
0
0
0
0
0
0
0
0
0
0
0
0
0
0
0
0
0
0
0
0
0
0
0
0
0
0
0
0
0
0
0
0
0
0
0
0
0
0
0
0
0
0
0
0
0
0
0
0
0
0
0
0
0
0
0
0
0
0
0
0
0
0
0
0
0
0
0
0
0
0
0
0
0
0
0
0
0
0
0
0
0
0
0
0
0
0
0
0
0
0
0
0
0
0
0
0
0
0
0
0
0
0
0
0
0
0
0
0
0
0
0
0
0
0
0
0
0
0
0
0
0
0
0
0
0
0
0
0
0
0
0
0
0
0
0
0
0
0
0
0
0
0
0
0
0
0
0
0
0
0
0
0
0
0
0
0
0
0
0
0
0
0
0
0
0
0
0
0
0
0
0
0
0
0
0
0
0
0
0
0
0
0
0
0
0
0
0
0
0
0
0
0
0
0
0
0
0
0
0
0
0
0
0
0
0
0
0
0
0
0
0
0
0
0
0
0
0
0
0
0
0
0
0
0
0
0
0
0
0
0
0
0
0
0
0
0
0
0
0
0
0
0
0
0
0
0
0
0
0
0
0
0
0
0
0
0
0
0
0
0
0
0
0
0
0
0
0
0
0
0
0
0
0
0
0
0
0
0
0
0
0
0
0
0
0
0
0
0
0
0
0
0
0
0
0
0
0
0
0
0
0
0
0
0
0
0
0
0
0
0
0
0
0
0
0
0
0
0
0
0
0
0
0
0
0
0
0
0
0
0
0
0
0
0
0
0
0
0
0
0
0
0
0
0
0
0
0
0
0
0
0
0
0
0
0
0
0
0
0
0
0
0
0
0
0
0
0
0
0
0
0
0
0
0
0
0
0
0
0
0
0
0
0
0
0
0
0
0
0
0
0
0
0
0
0
0
0
0
0
0
0
0
0
0
0
0
0
0
0
0
0
0
0
0
0
0
0
0
0
0
0
0
0
0
0
0
0
0
0
0
0
0
0
0
0
0
0
0
0
0
0
0
0
0
0
0
0
0
0
0
0
0
0
0
0
0
0
0
0
0
0
0
0
0
0
0
0
0
0
0
0
0
0
0
0
0
0
0
0
0
0
0
0
0
0
0
0
0
0
0
0
0
0
0
0
0
0
0
0
0
0
0
0
0
0
0
0
0
0
0
0
0
0
0
0
0
0
0
0
0
0
0
0
0
0
0
0
0
0
0
0
0
0
0
0
0
0
0
0
0
0
0
0
0
0
0
0
0
0
0
0
0
0
0
0
0
0
0
0
0
0
0
0
0
0
0
0
0
0
0
0
0
0
0
0
0
0
0
0
0
0
0
0
0
0
0
0
0
0
0
0
0
0
0
0
0
0
0
0
0
0
0
0
0
0
0
0
0
0
0
0
0
0
0
0
0
0
0
0
0
0
0
0
0
0
0
0
0
0
0
0
0
0
0
0
0
0
0
0
0
0
0
0
0
0
0
0
0
0
0
0
0
0
0
0
0
0
0
0
0
0
0
0
0
0
0
0
0
0
0
0
0
0
0
0
0
0
0
0
0
0
0
0
0
0
0
0
0
0
0
0
0
0
0
0
0
0
0
0
0
0
0
0
0
0
0
0
0
0
0
0
0
0
0
0
0
0
0
0
0
0
0
0
0
0
0
0
0
0
0
0
0
0
0
0
0
0
0
0
0
0
0
0
0
0
0
0
0
0
0
0
0
0
0
0
0
0
0
0
0
0
0
0
0
0
0
0
0
0
0
0
0
0
0
0
0
0
0
0
0
0
0
0
0
0
0
0
0
0
0
0
0
0
0
0
0
0
0
0
0
0
0
0
0
0
0
0
0
0
0
0
0
0
0
0
0
0
0
0
0
0
0
0
0
0
0
0
0
0
0
0
0
0
0
0
0
0
0
0
0
0
0
0
0
0
0
0
0
0
0
0
0
0
0
0
0
0
0
0
0
0
0
0
0
0
0
0
0
0
0
0
0
0
0
0
0
0
0
0
0
0
0
0
0
0
0
0
0
0
0
0
0
0
0
0
0
0
0
0
0
0
0
0
0
0
0
0
0
0
0
0
0
0
0
0
0
0
0
0
0
0
0
0
0
0
0
0
0
0
0
0
0
0
0
0
0
0
0
0
0
0
0
0
0
0
0
0
0
0
0
0
0
0
0
0
0
0
0
0
0
0
0
0
0
0
0
0
0
0
0
0
0
0
0
0
0
0
0
0
0
0
0
0
0
0
0
0
0
0
0
0
0
0
0
0
0
0
0
0
0
0
0
0
0
0
0
0
0
0
0
0
0
0
0
0
0
0
0
0
0
0
0
0
0
0
0
0
0
0
0
0
0
0
0
0
0
0
0
0
0
0
0
0
0
0
0
0
0
0
0
0
0
0
0
0
0
0
0
0
0
0
0
0
0
0
0
0
0
0
0
0
0
0
0
0
0
0
0
0
0
0
0
0
0
0
0
0
0
0
0
0
0
0
0
0
0
0
0
0
0
0
0
0
0
0
0
0
0
0
0
0
0
0
0
0
0
0
0
0
0
0
0
0
0
0
0
0
0
0
0
0
0
0
0
0
0
0
0
0
0
0
0
0
0
0
0
0
0
0
0
0
0
0
0
0
0
0
0
0
0
0
0
0
0
0
0
0
0
0
0
0
0
0
0
0
0
0
0
0
0
0
0
0
0
0
0
0
0
0
0
0
0
0
0
0
0
0
0
0
0
0
0
0
0
0
0
0
0
0
0
0
0
0
0
0
0
0
0
0
0
0
0
0
0
0
0
0
0
0
0
0
0
0
0
0
0
0
0
0
0
0
0
0
0
0
0
0
0
0
0
0
0
0
0
0
0
0
0
0
0
0
0
0
0
0
0
0
0
0
0
0
0
0
0
0
0
0
0
0
0
0
0
0
0
0
0
0
0
0
0
0
0
0
0
0
0
0
0
0
0
0
0
0
0
0
0
0
0
0
0
0
0
0
0
0
0
0
0
0
0
0
0
0
0
0
0
0
0
0
0
0
0
0
0
0
0
0
0
0
0
0
0
0
0
0
0
0
0
0
0
0
0
0
0
0
0
0
0
0
0
0
0
0
0
0
0
0
0
0
0
0
0
0
0
0
0
0
0
0
0
0
0
0
0
0
0
0
0
0
0
0
0
0
0
0
0
0
0
0
0
0
0
0
0
0
0
0
0
0
0
0
0
0
0
0
0
0
0
0
0
0
0
0
0
0
0
0
0
0
0
0
0
0
0
0
0
0
0
0
0
0
0
0
0
0
0
0
0
0
0
0
0
0
0
0
0
0
0
0
0
0
0
0
0
0
0
0
0
0
0
0
0
0
0
0
0
0
0
0
0
0
0
0
0
0
0
0
0
0
0
0
0
0
0
0
0
0
0
0
0
0
0
0
0
0
0
0
0
0
0
0
0
0
0
0
0
0
0
0
0
0
0
0
0
0
0
0
0
0
0
0
0
0
0
0
0
0
0
0
0
0
0
0
0
0
0
0
0
0
0
0
0
0
0
0
0
0
0
0
0
0
0
0
0
0
0
0
0
0
0
0
0
0
0
0
0
0
0
0
0
0
0
0
0
0
0
0
0
0
0
0
0
0
0
0
0
0
0
0
0
0
0
0
0
0
0
0
0
0
0
0
0
0
0
0
0
0
0
0
0
0
0
0
0
0
0
0
0
0
0
0
0
0
0
0
0
0
0
0
0
0
0
0
0
0
0
0
0
0
0
0
0
0
0
0
0
0
0
0
0
0
0
0
0
0
0
0
0
0
0
0
0
0
0
0
0
0
0
0
0
0
0
0
0
0
0
0
0
0
0
0
0
0
0
0
0
0
0
0
0
0
0
0
0
0
0
0
0
0
0
0
0
0
0
0
0
0
0
0
0
0
0
0
0
0
0
0
0
0
0
0
0
0
0
0
0
0
0
0
0
0
0
0
0
0
0
0
0
0
0
0
0
0
0
0
0
0
0
0
0
0
0
0
0
0
0
0
0
0
0
0
0
0
0
0
0
0
0
0
0
0
0
0
0
0
0
0
0
0
0
0
0
0
0
0
0
0
0
0
0
0
0
0
0
0
0
0
0
0
0
0
0
0
0
0
0
0
0
0
0
0
0
0
0
0
0
0
0
0
0
0
0
0
0
0
0
0
0
0
0
0
0
0
0
0
0
0
0
0
0
0
0
0
0
0
0
0
0
0
0
0
0
0
0
0
0
0
0
0
0
0
0
0
0
0
0
0
0
0
0
0
0
0
0
0
0
0
0
0
0
0
0
0
0
0
0
0
0
0
0
0
0
0
0
0
0
0
0
0
0
0
0
0
0
0
0
0
0
0
0
0
0
0
0
0
0
0
0
0
0
0
0
0
0
0
0
0
0
0
0
0
0
0
0
0
0
0
0
0
0
0
0
0
0
0
0
0
0
0
0
0
0
0
0
0
0
0
0
0
0
0
0
0
0
0
0
0
0
0
0
0
0
0
0
0
0
0
0
0
0
0
0
0
0
0
0
0
0
0
0
0
0
0
0
0
0
0
0
0
0
0
0
0
0
0
0
0
0
0
0
0
0
0
0
0
0
0
0
0
0
0
0
0
0
0
0
0
0
0
0
0
0
0
0
0
0
0
0
0
0
0
0
0
0
0
0
0
0
0
0
0
0
0
0
0
0
0
0
0
0
0
0
0
0
0
0
0
0
0
0
0
0
0
0
0
0
0
0
0
0
0
0
0
0
0
0
0
0
0
0
0
0
0
0
0
0
0
0
0
0
0
0
0
0
0
0
0
0
0
0
0
0
0
0
0
0
0
0
0
0
0
0
0
0
0
0
0
0
0
0
0
0
0
0
0
0
0
0
0
0
0
0
0
0
0
0
0
0
0
0
0
0
0
0
0
0
0
0
0
0
0
0
0
0
0
0
0
0
0
0
0
0
0
0
0
0
0
0
0
0
0
0
0
0
0
0
0
0
0
0
0
0
0
0
0
0
0
0
0
0
0
0
0
0
0
0
0
0
0
0
0
0
0
0
0
0
0
0
0
0
0
0
0
0
0
0
0
0
0
0
0
0
0
0
0
0
0
0
0
0
0
0
0
0
0
0
0
0
0
0
0
0
0
0
0
0
0
0
0
0
0
0
0
0
0
0
0
0
0
0
0
0
0
0
0
0
0
0
0
0
0
0
0
0
0
0
0
0
0
0
0
0
0
0
0
0
0
0
0
0
0
0
0
0
0
0
0
0
0
0
0
0
0
0
0
0
0
0
0
0
0
0
0
0
0
0
0
0
0
0
0
0
0
0
0
0
0
0
0
0
0
0
0
0
0
0
0
0
0
0
0
0
0
0
0
0
0
0
0
0
0
0
0
0
0
0
0
0
0
0
0
0
0
0
0
0
0
0
0
0
0
0
0
0
0
0
0
0
0
0
0
0
0
0
0
0
0
0
0
0
0
0
0
0
0
0
0
0
0
0
0
0
0
0
0
0
0
0
0
0
0
0
0
0
0
0
0
0
0
0
0
0
0
0
0
0
0
0
0
0
0
0
0
0
0
0
0
0
0
0
0
0
0
0
0
0
0
0
0
0
0
0
0
0
0
0
0
0
0
0
0
0
0
0
0
0
0
0
0
0
0
0
0
0
0
0
0
0
0
0
0
0
0
0
0
0
0
0
0
0
0
0
0
0
0
0
0
0
0
0
0
0
0
0
0
0
0
0
0
0
0
0
0
0
0
0
0
0
0
0
0
0
0
0
0
0
0
0
0
0
0
0
0
0
0
0
0
0
0
0
0
0
0
0
0
0
0
0
0
0
0
0
0
0
0
0
0
0
0
0
0
0
0
0
0
0
0
0
0
0
0
0
0
0
0
0
0
0
0
0
0
0
0
0
0
0
0
0
0
0
0
0
0
0
0
0
0
0
0
0
0
0
0
0
0
0
0
0
0
0
0
0
0
0
0
0
0
0
0
0
0
0
0
0
0
0
0
0
0
0
0
0
0
0
0
0
0
0
0
0
0
0
0
0
0
0
0
0
0
0
0
0
0
0
0
0
0
0
0
0
0
0
0
0
0
0
0
0
0
0
0
0
0
0
0
0
0
0
0
0
0
0
0
0
0
0
0
0
0
0
0
0
0
0
0
0
0
0
0
0
0
0
0
0
0
0
0
0
0
0
0
0
0
0
0
0
0
0
0
0
0
0
0
0
0
0
0
0
0
0
0
0
0
0
0
0
0
0
0
0
0
0
0
0
0
0
0
0
0
0
0
0
0
0
0
0
0
0
0
0
0
0
0
0
0
0
0
0
0
0
0
0
0
0
0
0
0
0
0
0
0
0
0
0
0
0
0
0
0
0
0
0
0
0
0
0
0
0
0
0
0
0
0
0
0
0
0
0
0
0
0
0
0
0
0
0
0
0
0
0
0
0
0
0
0
0
0
0
0
0
0
0
0
0
0
0
0
0
0
0
0
0
0
0
0
0
0
0
0
0
0
0
0
0
0
0
0
0
0
0
0
0
0
0
0
0
0
0
0
0
0
0
0
0
0
0
0
0
0
0
0
0
0
0
0
0
0
0
0
0
0
0
0
0
0
0
0
0
0
0
0
0
0
0
0
0
0
0
0
0
0
0
0
0
0
0
0
0
0
0
0
0
0
0
0
0
0
0
0
0
0
0
0
0
0
0
0
0
0
0
0
0
0
0
0
0
0
0
0
0
0
0
0
0
0
0
0
0
0
0
0
0
0
0
0
0
0
0
0
0
0
0
0
0
0
0
0
0
0
0
0
0
0
0
0
0
0
0
0
0
0
0
0
0
0
0
0
0
0
0
0
0
0
0
0
0
0
0
0
0
0
0
0
0
0
0
0
0
0
0
0
0
0
0
0
0
0
0
0
0
0
0
0
0
0
0
0
0
0
0
0
0
0
0
0
0
0
0
0
0
0
0
0
0
0
0
0
0
0
0
0
0
0
0
0
0
0
0
0
0
0
0
0
0
0
0
0
0
0
0
0
0
0
0
0
0
0
0
0
0
0
0
0
0
0
0
0
0
0
0
0
0
0
0
0
0
0
0
0
0
0
0
0
0
0
0
0
0
0
0
0
0
0
0
0
0
0
0
0
0
0
0
0
0
0
0
0
0
0
0
0
0
0
0
0
0
0
0
0
0
0
0
0
0
0
0
0
0
0
0
0
0
0
0
0
0
0
0
0
0
0
0
0
0
0
0
0
0
0
0
0
0
0
0
0
0
0
0
0
0
0
0
0
0
0
0
0
0
0
0
0
0
0
0
0
0
0
0
0
0
0
0
0
0
0
0
0
0
0
0
0
0
0
0
0
0
0
0
0
0
0
0
0
0
0
0
0
0
0
0
0
0
0
0
0
0
0
0
0
0
0
0
0
0
0
0
0
0
0
0
0
0
0
0
0
0
0
0
0
0
0
0
0
0
0
0
0
0
0
0
0
0
0
0
0
0
0
0
0
0
0
0
0
0
0
0
0
0
0
0
0
0
0
0
0
0
0
0
0
0
0
0
0
0
0
0
0
0
0
0
0
0
0
0
0
0
0
0
0
0
0
0
0
0
0
0
0
0
0
0
0
0
0
0
0
0
0
0
0
0
0
0
0
0
0
0
0
0
0
0
0
0
0
0
0
0
0
0
0
0
0
0
0
0
0
0
0
0
0
0
0
0
0
0
0
0
0
0
0
0
0
0
0
0
0
0
0
0
0
0
0
0
0
0
0
0
0
0
0
0
0
0
0
0
0
0
0
0
0
0
0
0
0
0
0
0
0
0
0
0
0
0
0
0
0
0
0
0
0
0
0
0
0
0
0
0
0
0
0
0
0
0
0
0
0
0
0
0
0
0
0
0
0
0
0
0
0
0
0
0
0
0
0
0
0
0
0
0
0
0
0
0
0
0
0
0
0
0
0
0
0
0
0
0
0
0
0
0
0
0
0
0
0
0
0
0
0
0
0
0
0
0
0
0
0
0
0
0
0
0
0
0
0
0
0
0
0
0
0
0
0
0
0
0
0
0
0
0
0
0
0
0
0
0
0
0
0
0
0
0
0
0
0
0
0
0
0
0
0
0
0
0
0
0
0
0
0
0
0
0
0
0
0
0
0
0
0
0
0
0
0
0
0
0
0
0
0
0
0
0
0
0
0
0
0
0
0
0
0
0
0
0
0
0
0
0
0
0
0
0
0
0
0
0
0
0
0
0
0
0
0
0
0
0
0
0
0
0
0
0
0
0
0
0
0
0
0
0
0
0
0
0
0
0
0
0
0
0
0
0
0
0
0
0
0
0
0
0
0
0
0
0
0
0
0
0
0
0
0
0
0
0
0
0
0
0
0
0
0
0
0
0
0
0
0
0
0
0
0
0
0
0
0
0
0
0
0
0
0
0
0
0
0
0
0
0
0
0
0
0
0
0
0
0
0
0
0
0
0
0
0
0
0
0
0
0
0
0
0
0
0
0
0
0
0
0
0
0
0
0
0
0
0
0
0
0
0
0
0
0
0
0
0
0
0
0
0
0
0
0
0
0
0
0
0
0
0
0
0
0
0
0
0
0
0
0
0
0
0
0
0
0
0
0
0
0
0
0
0
0
0
0
0
0
0
0
0
0
0
0
0
0
0
0
0
0
0
0
0
0
0
0
0
0
0
0
0
0
0
0
0
0
0
0
0
0
0
0
0
0
0
0
0
0
0
0
0
0
0
0
0
0
0
0
0
0
0
0
0
0
0
0
0
0
0
0
0
0
0
0
0
0
0
0
0
0
0
0
0
0
0
0
0
0
0
0
0
0
0
0
0
0
0
0
0
0
0
0
0
0
0
0
0
0
0
0
0
0
0
0
0
0
0
0
0
0
0
0
0
0
0
0
0
0
0
0
0
0
0
0
0
0
0
0
0
0
0
0
0
0
0
0
0
0
0
0
0
0
0
0
0
0
0
0
0
0
0
0
0
0
0
0
0
0
0
0
0
0
0
0
0
0
0
0
0
0
0
0
0
0
0
0
0
0
0
0
0
0
0
0
0
0
0
0
0
0
0
0
0
0
0
0
0
0
0
0
0
0
0
0
0
0
0
0
0
0
0
0
0
0
0
0
0
0
0
0
0
0
0
0
0
0
0
0
0
0
0
0
0
0
0
0
0
0
0
0
0
0
0
0
0
0
0
0
0
0
0
0
0
0
0
0
0
0
0
0
0
0
0
0
0
0
0
0
0
0
0
0
0
0
0
0
0
0
0
0
0
0
0
0
0
0
0
0
0
0
0
0
0
0
0
0
0
0
0
0
0
0
0
0
0
0
0
0
0
0
0
0
0
0
0
0
0
0
0
0
0
0
0
0
0
0
0
0
0
0
0
0
0
0
0
0
0
0
0
0
0
0
0
0
0
0
0
0
0
0
0
0
0
0
0
0
0
0
0
0
0
0
0
0
0
0
0
0
0
0
0
0
0
0
0
0
0
0
0
0
0
0
0
0
0
0
0
0
0
0
0
0
0
0
0
0
0
0
0
0
0
0
0
0
0
0
0
0
0
0
0
0
0
0
0
0
0
0
0
0
0
0
0
0
0
0
0
0
0
0
0
0
0
0
0
0
0
0
0
0
0
0
0
0
0
0
0
0
0
0
0
0
0
0
0
0
0
0
0
0
0
0
0
0
0
0
0
0
0
0
0
0
0
0
0
0
0
0
0
0
0
0
0
0
0
0
0
0
0
0
0
0
0
0
0
0
0
0
0
0
0
0
0
0
0
0
0
0
0
0
0
0
0
0
0
0
0
0
0
0
0
0
0
0
0
0
0
0
0
0
0
0
0
0
0
0
0
0
0
0
0
0
0
0
0
0
0
0
0
0
0
0
0
0
0
0
0
0
0
0
0
0
0
0
0
0
0
0
0
0
0
0
0
0
0
0
0
0
0
0
0
0
0
0
0
0
0
0
0
0
0
0
0
0
0
0
0
0
0
0
0
0
0
0
0
0
0
0
0
0
0
0
0
0
0
0
0
0
0
0
0
0
0
0
0
0
0
0
0
0
0
0
0
0
0
0
0
0
0
0
0
0
0
0
0
0
0
0
0
0
0
0
0
0
0
0
0
0
0
0
0
0
0
0
0
0
0
0
0
0
0
0
0
0
0
0
0
0
0
0
0
0
0
0
0
0
0
0
0
0
0
0
0
0
0
0
0
0
0
0
0
0
0
0
0
0
0
0
0
0
0
0
0
0
0
0
0
0
0
0
0
0
0
0
0
0
0
0
0
0
0
0
0
0
0
0
0
0
0
0
0
0
0
0
0
0
0
0
0
0
0
0
0
0
0
0
0
0
0
0
0
0
0
0
0
0
0
0
0
0
0
0
0
0
0
0
0
0
0
0
0
0
0
0
0
0
0
0
0
0
0
0
0
0
0
0
0
0
0
0
0
0
0
0
0
0
0
0
0
0
0
0
0
0
0
0
0
0
0
0
0
0
0
0
0
0
0
0
0
0
0
0
0
0
0
0
0
0
0
0
0
0
0
0
0
0
0
0
0
0
0
0
0
0
0
0
0
0
0
0
0
0
0
0
0
0
0
0
0
0
0
0
0
0
0
0
0
0
0
0
0
0
0
0
0
0
0
0
0
0
0
0
0
0
0
0
0
0
0
0
0
0
0
0
0
0
0
0
0
0
0
0
0
0
0
0
0
0
0
0
0
0
0
0
0
0
0
0
0
0
0
0
0
0
0
0
0
0
0
0
0
0
0
0
0
0
0
0
0
0
0
0
0
0
0
0
0
0
0
0
0
0
0
0
0
0
0
0
0
0
0
0
0
0
0
0
0
0
0
0
0
0
0
0
0
0
0
0
0
0
0
0
0
0
0
0
0
0
0
0
0
0
0
0
0
0
0
0
0
0
0
0
0
0
0
0
0
0
0
0
0
0
0
0
0
0
0
0
0
0
0
0
0
0
0
0
0
0
0
0
0
0
0
0
0
0
0
0
0
0
0
0
0
0
0
0
0
0
0
0
0
0
0
0
0
0
0
0
0
0
0
0
0
0
0
0
0
0
0
0
0
0
0
0
0
0
0
0
0
0
0
0
0
0
0
0
0
0
0
0
0
0
0
0
0
0
0
0
0
0
0
0
0
0
0
0
0
0
0
0
0
0
0
0
0
0
0
0
0
0
0
0
0
0
0
0
0
0
0
0
0
0
0
0
0
0
0
0
0
0
0
0
0
0
0
0
0
0
0
0
0
0
0
0
0
0
0
0
0
0
0
0
0
0
0
0
0
0
0
0
0
0
0
0
0
0
0
0
0
0
0
0
0
0
0
0
0
0
0
0
0
0
0
0
0
0
0
0
0
0
0
0
0
0
0
0
0
0
0
0
0
0
0
0
0
0
0
0
0
0
0
0
0
0
0
0
0
0
0
0
0
0
0
0
0
0
0
0
0
0
0
0
0
0
0
0
0
0
0
0
0
0
0
0
0
0
0
0
0
0
0
0
0
0
0
0
0
0
0
0
0
0
0
0
0
0
0
0
0
0
0
0
0
0
0
0
0
0
0
0
0
0
0
0
0
0
0
0
0
0
0
0
0
0
0
0
0
0
0
0
0
0
0
0
0
0
0
0
0
0
0
0
0
0
0
0
0
0
0
0
0
0
0
0
0
0
0
0
0
0
0
0
0
0
0
0
0
0
0
0
0
0
0
0
0
0
0
0
0
0
0
0
0
0
0
0
0
0
0
0
0
0
0
0
0
0
0
0
0
0
0
0
0
0
0
0
0
0
0
0
0
0
0
0
0
0
0
0
0
0
0
0
0
0
0
0
0
0
0
0
0
0
0
0
0
0
0
0
0
0
0
0
0
0
0
0
0
0
0
0
0
0
0
0
0
0
0
0
0
0
0
0
0
0
0
0
0
0
0
0
0
0
0
0
0
0
0
0
0
0
0
0
0
0
0
0
0
0
0
0
0
0
0
0
0
0
0
0
0
0
0
0
0
0
0
0
0
0
0
0
0
0
0
0
0
0
0
0
0
0
0
0
0
0
0
0
0
0
0
0
0
0
0
0
0
0
0
0
0
0
0
0
0
0
0
0
0
0
0
0
0
0
0
0
0
0
0
0
0
0
0
0
0
0
0
0
0
0
0
0
0
0
0
0
0
0
0
0
0
0
0
0
0
0
0
0
0
0
0
0
0
0
0
0
0
0
0
0
0
0
0
0
0
0
0
0
0
0
0
0
0
0
0
0
0
0
0
0
0
0
0
0
0
0
0
0
0
0
0
0
0
0
0
0
0
0
0
0
0
0
0
0
0
0
0
0
0
0
0
0
0
0
0
0
0
0
0
0
0
0
0
0
0
0
0
0
0
0
0
0
0
0
0
0
0
0
0
0
0
0
0
0
0
0
0
0
0
0
0
0
0
0
0
0
0
0
0
0
0
0
0
0
0
0
0
0
0
0
0
0
0
0
0
0
0
0
0
0
0
0
0
0
0
0
0
0
0
0
0
0
0
0
0
0
0
0
0
0
0
0
0
0
0
0
0
0
0
0
0
0
0
0
0
0
0
0
0
0
0
0
0
0
0
0
0
0
0
0
0
0
0
0
0
0
0
0
0
0
0
0
0
0
0
0
0
0
0
0
0
0
0
0
0
0
0
0
0
0
0
