-187
547
-2579
1328
-2816
-1441
-1905
-236
409
-3313
1157
-2725
-2486
-1196
-135
848
-109
579
-65
-1851
-1835
-1788
-19611
-188
1552
-751
-2551
-3372
-3044
-21816
35
1035
-273
664
-3605
1184
-4043
-2393
-2928
-265
841
-3554
877
-3531
-2724
-1557
-182
1561
-43
521
-286
-3458
-2264
-2938
-11463
-137
-103
-1366
-2252
-3052
-3157
-16687
58
-18
-206
665
-2001
637
-1832
-1375
-1525
-252
722
-2534
415
-1640
-2210
-878
-116
1284
4
-374
61
-2339
-1247
-1463
-13701
-171
-78
-683
-2423
-2581
-2154
-15032
-102
-76
-155
200
-2035
-53
-1212
-1594
-1449
-198
1164
-2593
-1177
-1564
-2036
-1060
4
1351
-133
-66
344
-2716
-794
-1446
-17381
-139
1019
508
-2237
-2396
-2088
-18837
-47
506
-233
117
-3414
576
-1462
-2404
-2376
-182
886
-3685
-760
-1417
-2510
-1975
-17
1427
-161
191
-47
-3496
-2047
-2299
-13366
-156
-390
417
-2277
-3527
-2617
-16509
-61
-732
-203
552
-2759
-190
-523
-1852
-2268
-183
-225
-3215
-1673
-676
-2481
-1113
-20
284
-56
427
-804
-3142
-2253
-2175
-15901
-142
-259
-251
-2338
-4237
-2667
-18877
-85
-468
-123
557
-3240
-1377
-2789
-2035
-2613
-184
147
-2535
-2057
-2291
-2286
-998
-15
463
-30
3
-1325
-4130
1590
-2537
-16151
9
-249
-791
-2292
-1479
-2920
-20273
-60
-37
-172
247
-2345
-777
-4649
-2416
-2995
-165
513
-2969
-1101
-3880
-4618
-4170
-49
847
-234
-567
-2920
-4432
1634
-2982
-17647
-136
-822
-3437
-4967
-1616
-4726
-13337
155
-452
-28
1348
-2520
-1720
-4094
-1639
-2842
-55
1614
-3417
-2908
-2953
-3715
-561
-170
1343
-161
1523
736
-1799
-1966
-2943
-21094
-120
1772
-812
-2728
-4671
-4337
-21695
187
1355
-356
1634
-4503
-3241
-5324
-2281
-3567
-292
1267
-5019
-3192
-3929
-3385
-494
-124
83
80
1048
-388
-3221
1299
-3520
-22344
54
-82
-832
-3046
-2442
-3988
-25262
380
432
-380
1880
-5416
-4386
-5568
-3737
-4416
-307
1870
-4573
-1971
-2928
-2946
-2055
-93
1326
190
-1154
-1908
-4535
3034
-4501
-14014
123
-1283
-1326
-3739
-80
-3335
-21770
373
-532
-422
1374
-6184
-5839
-5041
-5431
-5145
-345
1683
-5909
-5211
-3869
-4294
-2424
-132
1028
-76
-681
-307
-6623
2716
-5324
-12802
132
-288
43
-4672
-310
-4542
-19051
292
-425
-383
1441
-4925
-5004
-4036
-4470
-4164
-428
1449
-4915
-5179
-2374
-3694
-2457
-59
-57
-38
-436
-2134
-5401
4127
-4313
-19273
-70
-1943
-1212
-3330
876
-3680
-23179
139
-2656
-391
1316
-3545
-3347
-238
-2446
-2731
-313
2476
-3959
-4155
877
-2434
-1585
33
1212
-6
176
-2534
-4381
1798
-2933
-21722
-130
-183
-1555
-1843
-827
-2530
-25543
116
63
-392
611
-4036
-2454
-1213
-2501
-3242
-343
1409
-3693
-2777
-321
-2472
-2989
-140
1477
-169
-344
-4381
-5007
2747
-3391
-17762
45
896
-2616
-2210
191
-2529
-22033
160
2382
-565
111
-2582
-2001
-2592
-1900
-2672
-446
356
-3687
-2850
-2571
-4228
-4659
-380
331
-217
-1262
-3173
-3885
2843
-2588
-22773
77
-1546
-2611
-4512
256
-4300
-16410
150
-1570
170
656
-4294
-4516
-5824
-569
-4555
160
-426
-4256
-4771
-3840
-2844
-1734
-9
-7
-90
1685
-656
-3403
-1653
-4542
-16971
-146
1442
-1382
-2865
-3880
-4149
-20838
91
1025
65
181
-5219
-5522
-6133
-411
-4220
76
-1288
-4942
-4931
-3353
-2727
-2353
-70
128
40
758
-1446
-3667
1118
-4213
-19240
-20
170
-1092
-3740
-1913
-4242
-22263
147
205
-90
-83
-4774
-4299
-5850
-2520
-4316
-174
-1562
-5258
-2872
-3633
-3705
-2348
-151
-883
209
95
-1974
-4360
2242
-4342
-14097
99
-52
-2773
-4256
-577
-3385
-17057
303
1396
-145
352
-6706
-6305
-8148
-5332
-5910
-218
-1371
-5784
-3747
-6143
-3985
-3781
-73
-888
101
96
-3435
-6679
7022
-5800
-11131
168
-186
-2976
-4517
4238
-4105
-18945
199
41
-267
1006
-6264
-6370
-6931
-6111
-5454
-294
-58
-6193
-4721
-6442
-5303
-3021
-96
-5
-18
734
-4972
-6490
8084
-5398
-15048
98
-9
-5448
-5066
4805
-5284
-18870
138
-898
-219
588
-5317
-6544
-2911
-5380
-4358
-81
1461
-4397
-5592
-3861
-3485
-1343
15
1191
-39
-799
-5082
-5832
6610
-4608
-13576
97
-1161
-4715
-2395
3885
-3385
-21494
112
-577
-265
-771
-4650
-3608
492
-3668
-3615
-197
-424
-4346
-4020
-1581
-3351
-2812
-115
-30
-209
-1521
-5170
-4890
2315
-3656
-17356
-1
-1270
-4220
-2393
1112
-2758
-19938
21
0
-470
-813
-2949
-1235
1379
-2370
-2466
-363
-1555
-3927
-2293
-550
-3708
-2470
-193
-2336
-125
-1320
-2254
-2883
-1439
-2289
-19089
86
-1553
-2304
-3017
-2723
-3139
-16197
154
-690
77
-300
-4291
-4816
-1859
-790
-3719
59
543
-4445
-4666
-2760
-2341
526
-21
-452
-43
1381
-2486
-4238
-2
-3751
-17749
-182
1580
-2016
-3355
-2530
-2595
-21811
61
1172
-90
-125
-5768
-6144
-3236
-1503
-4359
-124
665
-5743
-6222
-4124
-3545
-113
-46
1277
92
-30
-2156
-4932
1011
-4411
-21742
-97
-946
-1901
-4138
-1753
-3861
-23376
195
-939
-131
3494
-5486
-4699
-2057
-2621
-3823
-254
1484
-7056
-4826
-4286
-5518
-3572
-67
1940
229
1469
-88
-3810
-1142
-3904
-30989
79
812
-1485
-4439
-1721
-4410
-25875
470
1510
-254
2755
-6086
-5662
-5686
-4964
-5165
-278
2406
-5970
-4191
-6234
-4817
-4399
-131
2480
138
150
-4703
-5315
6053
-5216
-11727
185
-915
-3955
-4569
3690
-4872
-11762
281
-918
-212
254
-5721
-3634
-5983
-3894
-4076
-262
-60
-5992
-1803
-5194
-4321
-3713
-103
202
236
-232
-6601
-4058
7335
-4050
-22875
248
-289
-6105
-4800
4869
-4354
-23503
184
10
-326
-1055
-5404
-4596
-4834
-5052
-4408
-261
-1148
-6159
-4259
-5930
-4967
-2310
-42
-661
-46
-831
-5907
-4187
6107
-4468
-14073
209
404
-6062
-4985
4838
-4588
-13493
63
1108
-243
-76
-3456
-3101
674
-3616
-3258
-171
-81
-4661
-4267
-3390
-4992
-2272
-5
804
-305
-1159
-2905
-3881
-293
-3163
-16603
-103
-1443
-4245
-3911
-297
-3977
-11737
-65
-1222
-342
-69
-2087
-1668
1667
-2123
-1884
-166
700
-3176
-3695
-420
-3049
91
-40
855
-63
-764
-1514
-1945
-1751
-1828
-20525
-18
-1279
-2690
-1435
-2754
-2951
-19554
146
-752
72
-934
-3228
-2714
-2018
-1265
-2740
-103
-1262
-4110
-3361
-1630
-2871
437
-16
-1343
82
1475
-2150
-2883
1063
-2625
-16990
-319
893
-1642
-3078
-2019
-2096
-17652
70
1297
207
900
-8557
-7064
-7727
-5322
-7432
-51
-264
-7632
-6279
-6836
-5225
-2440
71
-1578
92
3197
-5932
-6930
4222
-7241
-13690
-139
1614
-3678
-5465
-130
-5687
-20845
86
1473
200
3661
-6245
-5601
-3647
-792
-5035
3
-258
-7182
-5382
-4534
-5786
-3614
-102
-1377
321
1579
-2982
-5278
-2409
-5038
-21133
148
-579
-3007
-6020
-4188
-5475
-16626
390
-220
173
2649
-4729
-3969
-2499
-2473
-4106
-4
-658
-6313
-3771
-5392
-5321
-3406
-67
-911
300
-2053
-4564
-4105
1275
-4097
-22283
57
-1184
-5363
-5124
-60
-4840
-14389
386
-779
-70
1262
-5952
-3389
-6124
-4752
-4972
-80
2297
-6633
-2702
-5773
-5048
-3398
-120
2058
143
-1367
-7425
-3812
5726
-4904
-17883
251
-977
-6496
-5297
2207
-4905
-17290
267
-243
101
-183
-4422
-2637
-2839
-3655
-3438
-21
-82
-4439
-1884
-3757
-3684
-2208
-99
-1006
76
-1965
-4716
-962
1143
-3552
-22834
82
-1733
-3392
-2954
-89
-2878
-25741
80
-1135
-97
-1312
-3744
-1918
1173
-2824
-2859
-104
-1750
-3652
-2417
-2145
-2996
167
179
-3057
-220
-37
-3399
-2776
-1468
-2724
-19799
-205
-545
-3740
-2274
-1909
-2748
-22687
-94
-764
-287
-822
-2987
-2380
416
-2316
-2554
-139
-113
-3362
-4311
-436
-2676
1084
-25
-153
-148
-335
-2038
-2502
-866
-2483
-12437
-173
-676
-3471
-1324
-2305
-3173
-14667
92
-836
-49
1474
-2285
-2150
-23
-1459
-2087
-148
1038
-3976
-3144
-1799
-4019
-623
-207
629
12
1698
-1646
-1976
-641
-2070
-25985
-37
437
-2823
-3318
-2654
-2985
-21572
154
179
90
381
-4132
-4114
-1975
-2307
-3435
92
498
-6668
-6070
-3021
-5345
-494
-130
1821
54
2938
-4405
-2733
2284
-3554
-21855
148
1610
-5924
-4739
-932
-4250
-12952
94
1090
312
-867
-4783
-4927
-3508
1718
-4970
220
-1740
-4520
-4248
-1997
-3021
-2021
-43
-1139
444
3031
-5783
-5120
-3241
-4826
-19154
336
511
-5182
-5345
-3828
-4076
-22606
333
901
245
342
-5071
-6510
-1470
1535
-5927
281
-312
-3950
-5113
-401
-2504
-2823
12
-667
379
-2056
-6360
-6711
-4317
-5603
-14315
224
-1084
-4415
-5464
-4977
-3714
-20953
428
79
43
-160
-4290
-5124
-2153
-1964
-4082
168
-57
-5890
-6639
-4150
-5056
-2472
-16
-382
105
-3781
-4067
-3595
1659
-3666
-22028
155
-1747
-4645
-4938
-1039
-4241
-13461
258
-1100
138
-272
-3306
-3012
-1366
-3187
-2997
189
-198
-3446
-3311
-2866
-3394
-185
19
-438
-183
-3804
-2153
-1577
301
-2765
-24047
-80
-3700
-2829
-1880
-2542
-2406
-24220
-85
-1902
27
-500
-1545
-940
134
-1222
-1406
30
-489
-1413
-2028
-1194
-1993
1485
-17
-1342
-67
-735
-1914
-1817
-485
-1420
-17407
-247
-951
-3374
-1558
-2176
-1920
-18533
-125
-895
-118
-640
-2000
-1298
-1430
-2298
-2160
2
-940
-2301
-3467
-2388
-2970
2807
-65
-1502
-296
-163
-1775
-2090
169
-2004
-16439
-302
-347
-4107
-2090
-2419
-2981
-18128
-206
-394
-280
-280
-3845
-2706
178
-1709
-2720
-128
664
-3802
-2510
-2749
-2709
-55
-283
403
-69
2370
-1724
-3829
-662
-2581
-19602
144
2596
-2828
-3076
-1075
-2593
-22906
265
2439
-244
-107
-5461
-3089
2445
-3145
-3553
-178
1251
-7198
-4947
-3338
-4003
1541
-94
447
-56
13
-3660
-3963
-1154
-3597
-17633
182
-366
-5449
-5368
-2412
-3989
-14106
267
-201
42
-3316
-3764
-2613
-1872
-625
-3384
-174
-78
-4431
-1695
-2293
-2443
-2433
-166
344
411
1051
-4493
-2386
-419
-3379
-22479
72
-1943
-4279
-4510
-3083
-2604
-21064
98
-1932
111
-6476
-4603
-2306
-3440
1790
-3993
-131
-5027
-4521
-1285
-1654
-1705
-2339
-158
-2807
436
-386
-3413
-2352
-3465
-3413
-29222
245
-236
-3227
-4188
-4835
-1094
32057
203
758
-53
-2692
-3591
-4461
-3701
-260
-3957
-74
-3165
-4070
-5852
-3726
-3082
-1745
48
-2145
-70
-1671
-2680
-2087
-426
-3479
-24939
72
-462
-3726
-4791
-2510
-2626
-21950
111
-210
-79
-829
-2380
-3880
-1715
-2487
-2990
-99
-1555
-2490
-5644
-2373
-3470
-6
-16
-481
-234
-2859
-1917
-2382
813
-2728
-20867
-201
-2043
-3397
-2878
-2889
-2589
-18687
-122
-1512
-246
-585
-1612
-876
-1268
-1678
-1619
-139
-473
-2046
-2744
-2365
-2839
1815
-222
452
-80
-255
-2346
-2607
1307
-1477
-17516
-196
-214
-4974
-2728
-2194
-2262
-16137
-130
-593
-237
-529
-1337
-239
-2160
-1773
-1434
-204
-330
-2626
-2328
-2976
-3555
2361
-170
-306
-217
-249
-2258
-2120
1793
-1387
-18435
-331
-175
-4793
-3150
-2466
-3498
-14462
-228
-256
-414
-1908
-4044
-1274
-2174
-1590
-3162
-290
-2079
-4297
-1374
-3198
-2260
-209
-211
-1021
-138
645
-4378
-3815
894
-3156
-16193
-79
2327
-3922
-3075
-2965
-3511
-18788
169
2757
-650
-2455
-6504
-2447
-1865
-2958
-4878
-361
-2191
-7305
-2821
-3473
-3542
-1894
-312
-2168
-256
-337
-6308
-4731
388
-4567
-15244
170
-308
-5427
-5630
-3856
-5845
-14639
287
-788
-419
-2369
-4349
-1495
658
-1586
-2992
-329
-1707
-3697
-473
-951
-1597
-2257
-288
-1185
71
-1256
-3870
-2364
-1995
-2745
-15032
36
-3100
-2161
-2538
-3489
-1776
-21220
115
-2356
-60
-3054
-2452
933
-859
605
-1305
-379
-2220
-3053
1583
-2551
-1669
-2300
-185
-1704
279
275
-2287
-17
-2252
-921
-25149
-307
-671
-2391
-2200
-3563
115
-25215
-99
556
-120
-1089
-1303
393
-1807
296
-1233
-256
-1147
-1052
333
-2921
-1603
-1224
-118
-1944
-120
-371
-2451
-633
-1103
-1119
-19586
-295
41
-2582
-2198
-3046
-771
-19821
-126
753
-296
-788
-814
-1852
-47
-544
-1375
-300
-652
-792
-3185
-1792
-2573
-167
-225
-989
-160
-732
-2088
-1757
-686
-1270
-15489
-299
-238
-2378
-2861
-3573
-2472
-13368
-114
-400
-461
-728
-2492
-1865
-1512
-550
-1772
-322
-684
-2472
-2503
-2721
-1828
312
-322
-227
-142
-203
-1946
-2976
1252
-1541
-15892
-138
347
-2634
-2803
-1848
-2547
-16908
-98
313
-380
-633
-2121
-1754
-2869
-1578
-1961
-357
-613
-2068
-2139
-2828
-2482
-237
-217
-620
-175
-562
-2015
-2603
2167
-1857
-14081
-233
-2
-2735
-3079
-1250
-3136
-14284
-61
370
0
0
0
0
0
0
0
0
0
0
0
-1398
-320
-3274
256
-1432
0
0
0
0
0
0
0
0
0
0
0
459
-1818
-1423
-1407
-17313
0
0
0
0
0
0
0
0
0
0
0
-1221
477
-2950
45
-1257
0
0
0
0
0
0
0
0
0
0
0
324
-2204
-1332
-1157
-16131
0
0
0
0
0
0
0
0
0
0
0
-1203
-218
-1748
373
-787
0
0
0
0
0
0
0
0
0
0
0
631
-1260
-1050
-734
-14347
0
0
0
0
0
0
0
0
0
0
0
-1166
-767
-1026
-624
-818
0
0
0
0
0
0
0
0
0
0
0
541
-683
-906
-755
-17336
0
0
0
0
0
0
0
0
0
0
0
-1307
-59
-700
-1462
-1088
0
0
0
0
0
0
0
0
0
0
0
159
-1413
-1392
-1065
-15332
0
0
0
0
0
0
0
0
0
0
0
-1156
-971
-508
-580
-1672
0
0
0
0
0
0
0
0
0
0
0
-1166
-2341
-1969
-1572
-15329
0
0
0
0
0
0
0
0
0
0
0
-1116
-2172
-3166
-496
-2225
0
0
0
0
0
0
0
0
0
0
0
-1767
-3406
1206
-1973
-14782
0
0
0
0
0
0
0
0
0
0
0
-2184
-1839
-3596
-962
-2321
0
0
0
0
0
0
0
0
0
0
0
-1611
-3829
1876
-2201
-14953
0
0
0
0
0
0
0
0
0
0
0
-1417
-2245
-4905
-130
-2552
0
0
0
0
0
0
0
0
0
0
0
256
-2740
-2229
-2681
-17423
0
0
0
0
0
0
0
0
0
0
0
-1534
-3592
-5703
113
-3014
0
0
0
0
0
0
0
0
0
0
0
-1570
-3639
-342
-3095
-20580
0
0
0
0
0
0
0
0
0
0
0
-3459
-4529
-5160
-1485
-3282
0
0
0
0
0
0
0
0
0
0
0
-1639
-1956
363
-3376
-16675
0
0
0
0
0
0
0
0
0
0
0
-3222
-3528
-2540
-3612
-2199
0
0
0
0
0
0
0
0
0
0
0
878
-1770
526
-2216
-23566
0
0
0
0
0
0
0
0
0
0
0
-2341
-2962
-2330
-3703
-2129
0
0
0
0
0
0
0
0
0
0
0
-1231
-976
1539
-2121
-25478
0
0
0
0
0
0
0
0
0
0
0
-1152
-3691
-181
-3632
-3092
0
0
0
0
0
0
0
0
0
0
0
-3769
-3231
374
-3119
-16764
0
0
0
0
0
0
0
0
0
0
0
-1942
-3185
-1175
-2861
-3149
0
0
0
0
0
0
0
0
0
0
0
-4669
-3666
2111
-3096
-15397
0
0
0
0
0
0
0
0
0
0
0
-2648
-2374
-1837
-1814
-2247
0
0
0
0
0
0
0
0
0
0
0
-2308
-2700
2026
-2058
-18779
0
0
0
0
0
0
0
0
0
0
0
-2701
-4387
-6082
2148
-3899
0
0
0
0
0
0
0
0
0
0
0
-1071
-5219
-3635
-4049
-17518
0
0
0
0
0
0
0
0
0
0
0
-3293
-5487
-6098
2995
-4017
0
0
0
0
0
0
0
0
0
0
0
-2426
-5161
-2321
-3940
-19540
0
0
0
0
0
0
0
0
0
0
0
-4621
-4962
-5113
1099
-3630
0
0
0
0
0
0
0
0
0
0
0
-1678
-3734
-1008
-3504
-15296
0
0
0
0
0
0
0
0
0
0
0
-3936
-4604
-4771
-2820
-2906
0
0
0
0
0
0
0
0
0
0
0
-1617
-3287
3121
-2837
-20956
0
0
0
0
0
0
0
0
0
0
0
-3807
-4427
-4979
-4955
-3437
0
0
0
0
0
0
0
0
0
0
0
-3647
-3255
5348
-3327
-20225
0
0
0
0
0
0
0
0
0
0
0
-2900
-5198
-2211
-6324
-4416
0
0
0
0
0
0
0
0
0
0
0
-5686
-3926
4643
-4136
-12722
0
0
0
0
0
0
0
0
0
0
0
-653
-3058
645
-4012
-3067
0
0
0
0
0
0
0
0
0
0
0
-5021
-3337
802
-2825
-18795
0
0
0
0
0
0
0
0
0
0
0
-1090
-1603
1412
-2599
-1940
0
0
0
0
0
0
0
0
0
0
0
-1969
-1405
-2075
-1730
-17467
0
0
0
0
0
0
0
0
0
0
0
-4415
-5583
-3630
2495
-4512
0
0
0
0
0
0
0
0
0
0
0
-2794
-6130
-3196
-4596
-11176
0
0
0
0
0
0
0
0
0
0
0
-4682
-5545
-4484
4085
-4574
0
0
0
0
0
0
0
0
0
0
0
-3557
-5952
-3539
-4543
-19608
0
0
0
0
0
0
0
0
0
0
0
-4960
-4926
-3670
3298
-3843
0
0
0
0
0
0
0
0
0
0
0
-1492
-4879
-3811
-3797
-29677
0
0
0
0
0
0
0
0
0
0
0
-4283
-4434
-4181
-2151
-3365
0
0
0
0
0
0
0
0
0
0
0
-3814
-3789
3492
-3172
-17926
0
0
0
0
0
0
0
0
0
0
0
-4722
-4877
-6234
-3976
-4964
0
0
0
0
0
0
0
0
0
0
0
-7433
-3626
4934
-5093
-14660
0
0
0
0
0
0
0
0
0
0
0
-3234
-3564
-3376
-4400
-3452
0
0
0
0
0
0
0
0
0
0
0
-5198
-1863
3801
-3265
-16387
0
0
0
0
0
0
0
0
0
0
0
-1159
-1946
925
-3224
-2342
0
0
0
0
0
0
0
0
0
0
0
-2395
-1972
-1102
-2017
-18096
0
0
0
0
0
0
0
0
0
0
0
-419
-1720
1292
-2765
-2478
0
0
0
0
0
0
0
0
0
0
0
-2403
-1539
-3315
-2180
-14900
0
0
0
0
0
0
0
0
0
0
0
-2310
-2324
-1948
1857
-1884
0
0
0
0
0
0
0
0
0
0
0
-1486
-3183
-1623
-1940
-17364
0
0
0
0
0
0
0
0
0
0
0
-5653
-4497
-5090
3438
-4225
0
0
0
0
0
0
0
0
0
0
0
-5116
-5199
-1911
-4085
-27269
0
0
0
0
0
0
0
0
0
0
0
-8253
-7792
-8386
8041
-7716
0
0
0
0
0
0
0
0
0
0
0
-7393
-10095
-7443
-7792
-6563
0
0
0
0
0
0
0
0
0
0
0
-3890
-4635
-4476
4115
-4142
0
0
0
0
0
0
0
0
0
0
0
-5752
-5775
-1982
-4058
-20369
0
0
0
0
0
0
0
0
0
0
0
-3712
-3400
-6228
-1549
-4246
0
0
0
0
0
0
0
0
0
0
0
-7289
-4022
3850
-4118
-19089
0
0
0
0
0
0
0
0
0
0
0
-1917
-2290
-2808
-785
-2394
0
0
0
0
0
0
0
0
0
0
0
-4383
723
-937
-2155
-27078
0
0
0
0
0
0
0
0
0
0
0
-1455
-1181
879
-1229
-2082
0
0
0
0
0
0
0
0
0
0
0
-2822
-2025
-2617
-2001
-20624
0
0
0
0
0
0
0
0
0
0
0
-1774
-1508
985
-2741
-2316
0
0
0
0
0
0
0
0
0
0
0
-1625
-1976
-1610
-2054
-13006
0
0
0
0
0
0
0
0
0
0
0
-1460
-2233
-817
-136
-2062
0
0
0
0
0
0
0
0
0
0
0
-1615
-2539
-1745
-1908
-23604
0
0
0
0
0
0
0
0
0
0
0
-2870
-3797
-2110
647
-3641
0
0
0
0
0
0
0
0
0
0
0
-5088
-4708
-1232
-3648
-18643
0
0
0
0
0
0
0
0
0
0
0
-9716
-8137
-9666
8254
-9690
0
0
0
0
0
0
0
0
0
0
0
-10334
-10990
-8932
-9708
4457
0
0
0
0
0
0
0
0
0
0
0
-9873
-9714
-8533
10466
-9952
0
0
0
0
0
0
0
0
0
0
0
-10560
-13047
-9649
-9846
5184
0
0
0
0
0
0
0
0
0
0
0
-3676
-5357
-4624
3856
-4665
0
0
0
0
0
0
0
0
0
0
0
-5887
-6650
-2143
-4630
-16697
0
0
0
0
0
0
0
0
0
0
0
-1116
-2353
-2570
295
-2066
0
0
0
0
0
0
0
0
0
0
0
-1978
-672
-1741
-1863
-25664
0
0
0
0
0
0
0
0
0
0
0
-550
-389
207
-482
-1162
0
0
0
0
0
0
0
0
0
0
0
-1114
-1843
-1079
-995
-16440
0
0
0
0
0
0
0
0
0
0
0
-1578
-329
-925
-1856
-1795
0
0
0
0
0
0
0
0
0
0
0
-478
-2239
-346
-1511
-16351
0
0
0
0
0
0
0
0
0
0
0
-3122
-3591
-2581
-681
-4059
0
0
0
0
0
0
0
0
0
0
0
-3372
-5042
-1795
-4165
-11267
0
0
0
0
0
0
0
0
0
0
0
-2443
-2621
1587
-2545
-3655
0
0
0
0
0
0
0
0
0
0
0
-4531
-5398
-2636
-3686
-14408
0
0
0
0
0
0
0
0
0
0
0
-2957
-2342
-3101
1928
-3027
0
0
0
0
0
0
0
0
0
0
0
-4504
-1827
-3476
-2774
-23760
0
0
0
0
0
0
0
0
0
0
0
-6602
-5177
-8479
5247
-6713
0
0
0
0
0
0
0
0
0
0
0
-6278
-4531
-8544
-6597
-14208
0
0
0
0
0
0
0
0
0
0
0
-3495
-3796
-5160
2575
-3913
0
0
0
0
0
0
0
0
0
0
0
-2777
-4371
-3504
-3850
-22335
0
0
0
0
0
0
0
0
0
0
0
-1475
-1968
-878
-1320
-1893
0
0
0
0
0
0
0
0
0
0
0
-664
-1959
-881
-1841
-22722
0
0
0
0
0
0
0
0
0
0
0
-1285
-341
-208
-1920
-1476
0
0
0
0
0
0
0
0
0
0
0
-946
-2452
830
-1350
-16550
0
0
0
0
0
0
0
0
0
0
0
-1191
-178
-1883
-828
-1440
0
0
0
0
0
0
0
0
0
0
0
-787
-2584
898
-1251
-16146
0
0
0
0
0
0
0
0
0
0
0
-1862
-1325
-2154
-1074
-2172
0
0
0
0
0
0
0
0
0
0
0
-3686
-1883
100
-2263
-18893
0
0
0
0
0
0
0
0
0
0
0
-2420
-1383
-675
-3221
-2911
0
0
0
0
0
0
0
0
0
0
0
-5220
-3421
104
-3004
-20332
0
0
0
0
0
0
0
0
0
0
0
-1588
-988
-170
-1267
-2206
0
0
0
0
0
0
0
0
0
0
0
-3540
-1098
-2500
-2056
-17895
0
0
0
0
0
0
0
0
0
0
0
-1197
-546
-2356
1084
-1827
0
0
0
0
0
0
0
0
0
0
0
-2242
-29
-3927
-1620
-21187
0
0
0
0
0
0
0
0
0
0
0
-659
-256
-2300
352
-1290
0
0
0
0
0
0
0
0
0
0
0
-1637
-1077
-1768
-1375
-16476
0
0
0
0
0
0
0
0
0
0
0
-758
-1128
140
-744
-1167
0
0
0
0
0
0
0
0
0
0
0
-1424
-1814
-967
-1254
-13802
0
0
0
0
0
0
0
0
0
0
0
-1639
-1503
-549
-1080
-1747
0
0
0
0
0
0
0
0
0
0
0
-2072
-2548
810
-1649
-14631
0
0
0
0
0
0
0
0
0
0
0
-1782
-1292
-2182
-1086
-1524
0
0
0
0
0
0
0
0
0
0
0
-799
-2468
1628
-1361
-13998
0
0
0
0
0
0
0
0
0
0
0
0
0
0
0
0
0
0
0
0
0
0
0
0
0
0
0
0
0
0
0
0
0
0
0
0
0
0
0
0
0
0
0
0
0
0
0
0
0
0
0
0
0
0
0
0
0
0
0
0
0
0
0
0
0
0
0
0
0
0
0
0
0
0
0
0
0
0
0
0
0
0
0
0
0
0
0
0
0
0
0
0
0
0
0
0
0
0
0
0
0
0
0
0
0
0
0
0
0
0
0
0
0
0
0
0
0
0
0
0
0
0
0
0
0
0
0
0
0
0
0
0
0
0
0
0
0
0
0
0
0
0
0
0
0
0
0
0
0
0
0
0
0
0
0
0
0
0
0
0
0
0
0
0
0
0
0
0
0
0
0
0
0
0
0
0
0
0
0
0
0
0
0
0
0
0
0
0
0
0
0
0
0
0
0
0
0
0
0
0
0
0
0
0
0
0
0
0
0
0
0
0
0
0
0
0
0
0
0
0
0
0
0
0
0
0
0
0
0
0
0
0
0
0
0
0
0
0
0
0
0
0
0
0
0
0
0
0
0
0
0
0
0
0
0
0
0
0
0
0
0
0
0
0
0
0
0
0
0
0
0
0
0
0
0
0
0
0
0
0
0
0
0
0
0
0
0
0
0
0
0
0
0
0
0
0
0
0
0
0
0
0
0
0
0
0
0
0
0
0
0
0
0
0
0
0
0
0
0
0
0
0
0
0
0
0
0
0
0
0
0
0
0
0
0
0
0
0
0
0
0
0
0
0
0
0
0
0
0
0
0
0
0
0
0
0
0
0
0
0
0
0
0
0
0
0
0
0
0
0
0
0
0
0
0
0
0
0
0
0
0
0
0
0
0
0
0
0
0
0
0
0
0
0
0
0
0
0
0
0
0
0
0
0
0
0
0
0
0
0
0
0
0
0
0
0
0
0
0
0
0
0
0
0
0
0
0
0
0
0
0
0
0
0
0
0
0
0
0
0
0
0
0
0
0
0
0
0
0
0
0
0
0
0
0
0
0
0
0
0
0
0
0
0
0
0
0
0
0
0
0
0
0
0
0
0
0
0
0
0
0
0
0
0
0
0
0
0
0
0
0
0
0
0
0
0
0
0
0
0
0
0
0
0
0
0
0
0
0
0
0
0
0
0
0
0
0
0
0
0
0
0
0
0
0
0
0
0
0
0
0
0
0
0
0
0
0
0
0
0
0
0
0
0
0
0
0
0
0
0
0
0
0
0
0
0
0
0
0
0
0
0
0
0
0
0
0
0
0
0
0
0
0
0
0
0
0
0
0
0
0
0
0
0
0
0
0
0
0
0
0
0
0
0
0
0
0
0
0
0
0
0
0
0
0
0
0
0
0
0
0
0
0
0
0
0
0
0
0
0
0
0
0
0
0
0
0
0
0
0
0
0
0
0
0
0
0
0
0
0
0
0
0
0
0
0
0
0
0
0
0
0
0
0
0
0
0
0
0
0
0
0
0
0
0
0
0
0
0
0
0
0
0
0
0
0
0
0
0
0
0
0
0
0
0
0
0
0
0
0
0
0
0
0
0
0
0
0
0
0
0
0
0
0
0
0
0
0
0
0
0
0
0
0
0
0
0
0
0
0
0
0
0
0
0
0
0
0
0
0
0
0
0
0
0
0
0
0
0
0
0
0
0
0
0
0
0
0
0
0
0
0
0
0
0
0
0
0
0
0
0
0
0
0
0
0
0
0
0
0
0
0
0
0
0
0
0
0
0
0
0
0
0
0
0
0
0
0
0
0
0
0
0
0
0
0
0
0
0
0
0
0
0
0
0
0
0
0
0
0
0
0
0
0
0
0
0
0
0
0
0
0
0
0
0
0
0
0
0
0
0
0
0
0
0
0
0
0
0
0
0
0
0
0
0
0
0
0
0
0
0
0
0
0
0
0
0
0
0
0
0
0
0
0
0
0
0
0
0
0
0
0
0
0
0
0
0
0
0
0
0
0
0
0
0
0
0
0
0
0
0
0
0
0
0
0
0
0
0
0
0
0
0
0
0
0
0
0
0
0
0
0
0
0
0
0
0
0
0
0
0
0
0
0
0
0
0
0
0
0
0
0
0
0
0
0
0
0
0
0
0
0
0
0
0
0
0
0
0
0
0
0
0
0
0
0
0
0
0
0
0
0
0
0
0
0
0
0
0
0
0
0
0
0
0
0
0
0
0
0
0
0
0
0
0
0
0
0
0
0
0
0
0
0
0
0
0
0
0
0
0
0
0
0
0
0
0
0
0
0
0
0
0
0
0
0
0
0
0
0
0
0
0
0
0
0
0
0
0
0
0
0
0
0
0
0
0
0
0
0
0
0
0
0
0
0
0
0
0
0
0
0
0
0
0
0
0
0
0
0
0
0
0
0
0
0
0
0
0
0
0
0
0
0
0
0
0
0
0
0
0
0
0
0
0
0
0
0
0
0
0
0
0
0
0
0
0
0
0
0
0
0
0
0
0
0
0
0
0
0
0
0
0
0
0
0
0
0
0
0
0
0
0
0
0
0
0
0
0
0
0
0
0
0
0
0
0
0
0
0
0
0
0
0
0
0
0
0
0
0
0
0
0
0
0
0
0
0
0
0
0
0
0
0
0
0
0
0
0
0
0
0
0
0
0
0
0
0
0
0
0
0
0
0
0
0
0
0
0
0
0
0
0
0
0
0
0
0
0
0
0
0
0
0
0
0
0
0
0
0
0
0
0
0
0
0
0
0
0
0
0
0
0
0
0
0
0
0
0
0
0
0
0
0
0
0
0
0
0
0
0
0
0
0
0
0
0
0
0
0
0
0
0
0
0
0
0
0
0
0
0
0
0
0
0
0
0
0
0
0
0
0
0
0
0
0
0
0
0
0
0
0
0
0
0
0
0
0
0
0
0
0
0
0
0
0
0
0
0
0
0
0
0
0
0
0
0
0
0
0
0
0
0
0
0
0
0
0
0
0
0
0
0
0
0
0
0
0
0
0
0
0
0
0
0
0
0
0
0
0
0
0
0
0
0
0
0
0
0
0
0
0
0
0
0
0
0
0
0
0
0
0
0
0
0
0
0
0
0
0
0
0
0
0
0
0
0
0
0
0
0
0
0
0
0
0
0
0
0
0
0
0
0
0
0
0
0
0
0
0
0
0
0
0
0
0
0
0
0
0
0
0
0
0
0
0
0
0
0
0
0
0
0
0
0
0
0
0
0
0
0
0
0
0
0
0
0
0
0
0
0
0
0
0
0
0
0
0
0
0
0
0
0
0
0
0
0
0
0
0
0
0
0
0
0
0
0
0
0
0
0
0
0
0
0
0
0
0
0
0
0
0
0
0
0
0
0
0
0
0
0
0
0
0
0
0
0
0
0
0
0
0
0
0
0
0
0
0
0
0
0
0
0
0
0
0
0
0
0
0
0
0
0
0
0
0
0
0
0
0
0
0
0
0
0
0
0
0
0
0
0
0
0
0
0
0
0
0
0
0
0
0
0
0
0
0
0
0
0
0
0
0
0
0
0
0
0
0
0
0
0
0
0
0
0
0
0
0
0
0
0
0
0
0
0
0
0
0
0
0
0
0
0
0
0
0
0
0
0
0
0
0
0
0
0
0
0
0
0
0
0
0
0
0
0
0
0
0
0
0
0
0
0
0
0
0
0
0
0
0
0
0
0
0
0
0
0
0
0
0
0
0
0
0
0
0
0
0
0
0
0
0
0
0
0
0
0
0
0
0
0
0
0
0
0
0
0
0
0
0
0
0
0
0
0
0
0
0
0
0
0
0
0
0
0
0
0
0
0
0
0
0
0
0
0
0
0
0
0
0
0
0
0
0
0
0
0
0
0
0
0
0
0
0
0
0
0
0
0
0
0
0
0
0
0
0
0
0
0
0
0
0
0
0
0
0
0
0
0
0
0
0
0
0
0
0
0
0
0
0
0
0
0
0
0
0
0
0
0
0
0
0
0
0
0
0
0
0
0
0
0
0
0
0
0
0
0
0
0
0
0
0
0
0
0
0
0
0
0
0
0
0
0
0
0
0
0
0
0
0
0
0
0
0
0
0
0
0
0
0
0
0
0
0
0
0
0
0
0
0
0
0
0
0
0
0
0
0
0
0
0
0
0
0
0
0
0
0
0
0
0
0
0
0
0
0
0
0
0
0
0
0
0
0
0
0
0
0
0
0
0
0
0
0
0
0
0
0
0
0
0
0
0
0
0
0
0
0
0
0
0
0
0
0
0
0
0
0
0
0
0
0
0
0
0
0
0
0
0
0
0
0
0
0
0
0
0
0
0
0
0
0
0
0
0
0
0
0
0
0
0
0
0
0
0
0
0
0
0
0
0
0
0
0
0
0
0
0
0
0
0
0
0
0
0
0
0
0
0
0
0
0
0
0
0
0
0
0
0
0
0
0
0
0
0
0
0
0
0
0
0
0
0
0
0
0
0
0
0
0
0
0
0
0
0
0
0
0
0
0
0
0
0
0
0
0
0
0
0
0
0
0
0
0
0
0
0
0
0
0
0
0
0
0
0
0
0
0
0
0
0
0
0
0
0
0
0
0
0
0
0
0
0
0
0
0
0
0
0
0
0
0
0
0
0
0
0
0
0
0
0
0
0
0
0
0
0
0
0
0
0
0
0
0
0
0
0
0
0
0
0
0
0
0
0
0
0
0
0
0
0
0
0
0
0
0
0
0
0
0
0
0
0
0
0
0
0
0
0
0
0
0
0
0
0
0
0
0
0
0
0
0
0
0
0
0
0
0
0
0
0
0
0
0
0
0
0
0
0
0
0
0
0
0
0
0
0
0
0
0
0
0
0
0
0
0
0
0
0
0
0
0
0
0
0
0
0
0
0
0
0
0
0
0
0
0
0
0
0
0
0
0
0
0
0
0
0
0
0
0
0
0
0
0
0
0
0
0
0
0
0
0
0
0
0
0
0
0
0
0
0
0
0
0
0
0
0
0
0
0
0
0
0
0
0
0
0
0
0
0
0
0
0
0
0
0
0
0
0
0
0
0
0
0
0
0
0
0
0
0
0
0
0
0
0
0
0
0
0
0
0
0
0
0
0
0
0
0
0
0
0
0
0
0
0
0
0
0
0
0
0
0
0
0
0
0
0
0
0
0
0
0
0
0
0
0
0
0
0
0
0
0
0
0
0
0
0
0
0
0
0
0
0
0
0
0
0
0
0
0
0
0
0
0
0
0
0
0
0
0
0
0
0
0
0
0
0
0
0
0
0
0
0
0
0
0
0
0
0
0
0
0
0
0
0
0
0
0
0
0
0
0
0
0
0
0
0
0
0
0
0
0
0
0
0
0
0
0
0
0
0
0
0
0
0
0
0
0
0
0
0
0
0
0
0
0
0
0
0
0
0
0
0
0
0
0
0
0
0
0
0
0
0
0
0
0
0
0
0
0
0
0
0
0
0
0
0
0
0
0
0
0
0
0
0
0
0
0
0
0
0
0
0
0
0
0
0
0
0
0
0
0
0
0
0
0
0
0
0
0
0
0
0
0
0
0
0
0
0
0
0
0
0
0
0
0
0
0
0
0
0
0
0
0
0
0
0
0
0
0
0
0
0
0
0
0
0
0
0
0
0
0
0
0
0
0
0
0
0
0
0
0
0
0
0
0
0
0
0
0
0
0
0
0
0
0
0
0
0
0
0
0
0
0
0
0
0
0
0
0
0
0
0
0
0
0
0
0
0
0
0
0
0
0
0
0
0
0
0
0
0
0
0
0
0
0
0
0
0
0
0
0
0
0
0
0
0
0
0
0
0
0
0
0
0
0
0
0
0
0
0
0
0
0
0
0
0
0
0
0
0
0
0
0
0
0
0
0
0
0
0
0
0
0
0
0
0
0
0
0
0
0
0
0
0
0
0
0
0
0
0
0
0
0
0
0
0
0
0
0
0
0
0
0
0
0
0
0
0
0
0
0
0
0
0
0
0
0
0
0
0
0
0
0
0
0
0
0
0
0
0
0
0
0
0
0
0
0
0
0
0
0
0
0
0
0
0
0
0
0
0
0
0
0
0
0
0
0
0
0
0
0
0
0
0
0
0
0
0
0
0
0
0
0
0
0
0
0
0
0
0
0
0
0
0
0
0
0
0
0
0
0
0
0
0
0
0
0
0
0
0
0
0
0
0
0
0
0
0
0
0
0
0
0
0
0
0
0
0
0
0
0
0
0
0
0
0
0
0
0
0
0
0
0
0
0
0
0
0
0
0
0
0
0
0
0
0
0
0
0
0
0
0
0
0
0
0
0
0
0
0
0
0
0
0
0
0
0
0
0
0
0
0
0
0
0
0
0
0
0
0
0
0
0
0
0
0
0
0
0
0
0
0
0
0
0
0
0
0
0
0
0
0
0
0
0
0
0
0
0
0
0
0
0
0
0
0
0
0
0
0
0
0
0
0
0
0
0
0
0
0
0
0
0
0
0
0
0
0
0
0
0
0
0
0
0
0
0
0
0
0
0
0
0
0
0
0
0
0
0
0
0
0
0
0
0
0
0
0
0
0
0
0
0
0
0
0
0
0
0
0
0
0
0
0
0
0
0
0
0
0
0
0
0
0
0
0
0
0
0
0
0
0
0
0
0
0
0
0
0
0
0
0
0
0
0
0
0
0
0
0
0
0
0
0
0
0
0
0
0
0
0
0
0
0
0
0
0
0
0
0
0
0
0
0
0
0
0
0
0
0
0
0
0
0
0
0
0
0
0
0
0
0
0
0
0
0
0
0
0
0
0
0
0
0
0
0
0
0
0
0
0
0
0
0
0
0
0
0
0
0
0
0
0
0
0
0
0
0
0
0
0
0
0
0
0
0
0
0
0
0
0
0
0
0
0
0
0
0
0
0
0
0
0
0
0
0
0
0
0
0
0
0
0
0
0
0
0
0
0
0
0
0
0
0
0
0
0
0
0
0
0
0
0
0
0
0
0
0
0
0
0
0
0
0
0
0
0
0
0
0
0
0
0
0
0
0
0
0
0
0
0
0
0
0
0
0
0
0
0
0
0
0
0
0
0
0
0
0
0
0
0
0
0
0
0
0
0
0
0
0
0
0
0
0
0
0
0
0
0
0
0
0
0
0
0
0
0
0
0
0
0
0
0
0
0
0
0
0
0
0
0
0
0
0
0
0
0
0
0
0
0
0
0
0
0
0
0
0
0
0
0
0
0
0
0
0
0
0
0
0
0
0
0
0
0
0
0
0
0
0
0
0
0
0
0
0
0
0
0
0
0
0
0
0
0
0
0
0
0
0
0
0
0
0
0
0
0
0
0
0
0
0
0
0
0
0
0
0
0
0
0
0
0
0
0
0
0
0
0
0
0
0
0
0
0
0
0
0
0
0
0
0
0
0
0
0
0
0
0
0
0
0
0
0
0
0
0
0
0
0
0
0
0
0
0
0
0
0
0
0
0
0
0
0
0
0
0
0
0
0
0
0
0
0
0
0
0
0
0
0
0
0
0
0
0
0
0
0
0
0
0
0
0
0
0
0
0
0
0
0
0
0
0
0
0
0
0
0
0
0
0
0
0
0
0
0
0
0
0
0
0
0
0
0
0
0
0
0
0
0
0
0
0
0
0
0
0
0
0
0
0
0
0
0
0
0
0
0
0
0
0
0
0
0
0
0
0
0
0
0
0
0
0
0
0
0
0
0
0
0
0
0
0
0
0
0
0
0
0
0
0
0
0
0
0
0
0
0
0
0
0
0
0
0
0
0
0
0
0
0
0
0
0
0
0
0
0
0
0
0
0
0
0
0
0
0
0
0
0
0
0
0
0
0
0
0
0
0
0
0
0
0
0
0
0
0
0
0
0
0
0
0
0
0
0
0
0
0
0
0
0
0
0
0
0
0
0
0
0
0
0
0
0
0
0
0
0
0
0
0
0
0
0
0
0
0
0
0
0
0
0
0
0
0
0
0
0
0
0
0
0
0
0
0
0
0
0
0
0
0
0
0
0
0
0
0
0
0
0
0
0
0
0
0
0
0
0
0
0
0
0
0
0
0
0
0
0
0
0
0
0
0
0
0
0
0
0
0
0
0
0
0
0
0
0
0
0
0
0
0
0
0
0
0
0
0
0
0
0
0
0
0
0
0
0
0
0
0
0
0
0
0
0
0
0
0
0
0
0
0
0
0
0
0
0
0
0
0
0
0
0
0
0
0
0
0
0
0
0
0
0
0
0
0
0
0
0
0
0
0
0
0
0
0
0
0
0
0
0
0
0
0
0
0
0
0
0
0
0
0
0
0
0
0
0
0
0
0
0
0
0
0
0
0
0
0
0
0
0
0
0
0
0
0
0
0
0
0
0
0
0
0
0
0
0
0
0
0
0
0
0
0
0
0
0
0
0
0
0
0
0
0
0
0
0
0
0
0
0
0
0
0
0
0
0
0
0
0
0
0
0
0
0
0
0
0
0
0
0
0
0
0
0
0
0
0
0
0
0
0
0
0
0
0
0
0
0
0
0
0
0
0
0
0
0
0
0
0
0
0
0
0
0
0
0
0
0
0
0
0
0
0
0
0
0
0
0
0
0
0
0
0
0
0
0
0
0
0
0
0
0
0
0
0
0
0
0
0
0
0
0
0
0
0
0
0
0
0
0
0
0
0
0
0
0
0
0
0
0
0
0
0
0
0
0
0
0
0
0
0
0
0
0
0
0
0
0
0
0
0
0
0
0
0
0
0
0
0
0
0
0
0
0
0
0
0
0
0
0
0
0
0
0
0
0
0
0
0
0
0
0
0
0
0
0
0
0
0
0
0
0
0
0
0
0
0
0
0
0
0
0
0
0
0
0
0
0
0
0
0
0
0
0
0
0
0
0
0
0
0
0
0
0
0
0
0
0
0
0
0
0
0
0
0
0
0
0
0
0
0
0
0
0
0
0
0
0
0
0
0
0
0
0
0
0
0
0
0
0
0
0
0
0
0
0
0
0
0
0
0
0
0
0
0
0
0
0
0
0
0
0
0
0
0
0
0
0
0
0
0
0
0
0
0
0
0
0
0
0
0
0
0
0
0
0
0
0
0
0
0
0
0
0
0
0
0
0
0
0
0
0
0
0
0
0
0
0
0
0
0
0
0
0
0
0
0
0
0
0
0
0
0
0
0
0
0
0
0
0
0
0
0
0
0
0
0
0
0
0
0
0
0
0
0
0
0
0
0
0
0
0
0
0
0
0
0
0
0
0
0
0
0
0
0
0
0
0
0
0
0
0
0
0
0
0
0
0
0
0
0
0
0
0
0
0
0
0
0
0
0
0
0
0
0
0
0
0
0
0
0
0
0
0
0
0
0
0
0
0
0
0
0
0
0
0
0
0
0
0
0
0
0
0
0
0
0
0
0
0
0
0
0
0
0
0
0
0
0
0
0
0
0
0
0
0
0
0
0
0
0
0
0
0
0
0
0
0
0
0
0
0
0
0
0
0
0
0
0
0
0
0
0
0
0
0
0
0
0
0
0
0
0
0
0
0
0
0
0
0
0
0
0
0
0
0
0
0
0
0
0
0
0
0
0
0
0
0
0
0
0
0
0
0
0
0
0
0
0
0
0
0
0
0
0
0
0
0
0
0
0
0
0
0
0
0
0
0
0
0
0
0
0
0
0
0
0
0
0
0
0
0
0
0
0
0
0
0
0
0
0
0
0
0
0
0
0
0
0
0
0
0
0
0
0
0
0
0
0
0
0
0
0
0
0
0
0
0
0
0
0
0
0
0
0
0
0
0
0
0
0
0
0
0
0
0
0
0
0
0
0
0
0
0
0
0
0
0
0
0
0
0
0
0
0
0
0
0
0
0
0
0
0
0
0
0
0
0
0
0
0
0
0
0
0
0
0
0
0
0
0
0
0
0
0
0
0
0
0
0
0
0
0
0
0
0
0
0
0
0
0
0
0
0
0
0
0
0
0
0
0
0
0
0
0
0
0
0
0
0
0
0
0
0
0
0
0
0
0
0
0
0
0
0
0
0
0
0
0
0
0
0
0
0
0
0
0
0
0
0
0
0
0
0
0
0
0
0
0
0
0
0
0
0
0
0
0
0
0
0
0
0
0
0
0
0
0
0
0
0
0
0
0
0
0
0
0
0
0
0
0
0
0
0
0
0
0
0
0
0
0
0
0
0
0
0
0
0
0
0
0
0
0
0
0
0
0
0
0
0
0
0
0
0
0
0
0
0
0
0
0
0
0
0
0
0
0
0
0
0
0
0
0
0
0
0
0
0
0
0
0
0
0
0
0
0
0
0
0
0
0
0
0
0
0
0
0
0
0
0
0
0
0
0
0
0
0
0
0
0
0
0
0
0
0
0
0
0
0
0
0
0
0
0
0
0
0
0
0
0
0
0
0
0
0
0
0
0
0
0
0
0
0
0
0
0
0
0
0
0
0
0
0
0
0
0
0
0
0
0
0
0
0
0
0
0
0
0
0
0
0
0
0
0
0
0
0
0
0
0
0
0
0
0
0
0
0
0
0
0
0
0
0
0
0
0
0
0
0
0
0
0
0
0
0
0
0
0
0
0
0
0
0
0
0
0
0
0
0
0
0
0
0
0
0
0
0
0
0
0
0
0
0
0
0
0
0
0
0
0
0
0
0
0
0
0
0
0
0
0
0
0
0
0
0
0
0
0
0
0
0
0
0
0
0
0
0
0
0
0
0
0
0
0
0
0
0
0
0
0
0
0
0
0
0
0
0
0
0
0
0
0
0
0
0
0
0
0
0
0
0
0
0
0
0
0
0
0
0
0
0
0
0
0
0
0
0
0
0
0
0
0
0
0
0
0
0
0
0
0
0
0
0
0
0
0
0
0
0
0
0
0
0
0
0
0
0
0
0
0
0
0
0
0
0
0
0
0
0
0
0
0
0
0
0
0
0
0
0
0
0
0
0
0
0
0
0
0
0
0
0
0
0
0
0
0
0
0
0
0
0
0
0
0
0
0
0
0
0
0
0
0
0
0
0
0
0
0
0
0
0
0
0
0
0
0
0
0
0
0
0
0
0
0
0
0
0
0
0
0
0
0
0
0
0
0
0
0
0
0
0
0
0
0
0
0
0
0
0
0
0
0
0
0
0
0
0
0
0
0
0
0
0
0
0
0
0
0
0
0
0
0
0
0
0
0
0
0
0
0
0
0
0
0
0
0
0
0
0
0
0
0
0
0
0
0
0
0
0
0
0
0
0
0
0
0
0
0
0
0
0
0
0
0
0
0
0
0
0
0
0
0
0
0
0
0
0
0
0
0
0
0
0
0
0
0
0
0
0
0
0
0
0
0
0
0
0
0
0
0
0
0
0
0
0
0
0
0
0
0
0
0
0
0
0
0
0
0
0
0
0
0
0
0
0
0
0
0
0
0
0
0
0
0
0
0
0
0
0
0
0
0
0
0
0
0
0
0
0
0
0
0
0
0
0
0
0
0
0
0
0
0
0
0
0
0
0
0
0
0
0
0
0
0
0
0
0
0
0
0
0
0
0
0
0
0
0
0
0
0
0
0
0
0
0
0
0
0
0
0
0
0
0
0
0
0
0
0
0
0
0
0
0
0
0
0
0
0
0
0
0
0
0
0
0
0
0
0
0
0
0
0
0
0
0
0
0
0
0
0
0
0
0
0
0
0
0
0
0
0
0
0
0
0
0
0
0
0
0
0
0
0
0
0
0
0
0
0
0
0
0
0
0
0
0
0
0
0
0
0
0
0
0
0
0
0
0
0
0
0
0
0
0
0
0
0
0
0
0
0
0
0
0
0
0
0
0
0
0
0
0
0
0
0
0
0
0
0
0
0
0
0
0
0
0
0
0
0
0
0
0
0
0
0
0
0
0
0
0
0
0
0
0
0
0
0
0
0
0
0
0
0
0
0
0
0
0
0
0
0
0
0
0
0
0
0
0
0
0
0
0
0
0
0
0
0
0
0
0
0
0
0
0
0
0
0
0
0
0
0
0
0
0
0
0
0
0
0
0
0
0
0
0
0
0
0
0
0
0
0
0
0
0
0
0
0
0
0
0
0
0
0
0
0
0
0
0
0
0
0
0
0
0
0
0
0
0
0
0
0
0
0
0
0
0
0
0
0
0
0
0
0
0
0
0
0
0
0
0
0
0
0
0
0
0
0
0
0
0
0
0
0
0
0
0
0
0
0
0
0
0
0
0
0
0
0
0
0
0
0
0
0
0
0
0
0
0
0
0
0
0
0
0
0
0
0
0
0
0
0
0
0
0
0
0
0
0
0
0
0
0
0
0
0
0
0
0
0
0
0
0
0
0
0
0
0
0
0
0
0
0
0
0
0
0
0
0
0
0
0
0
0
0
0
0
0
0
0
0
0
0
0
0
0
0
0
0
0
0
0
0
0
0
0
0
0
0
0
0
0
0
0
0
0
0
0
0
0
0
0
0
0
0
0
0
0
0
0
0
0
0
0
0
0
0
0
0
0
0
0
0
0
0
0
0
0
0
0
0
0
0
0
0
0
0
0
0
0
0
0
0
0
0
0
0
0
0
0
0
0
0
0
0
0
0
0
0
0
0
0
0
0
0
0
0
0
0
0
0
0
0
0
0
0
0
0
0
0
0
0
0
0
0
0
0
0
0
0
0
0
0
0
0
0
0
0
0
0
0
0
0
0
0
0
0
0
0
0
0
0
0
0
0
0
0
0
0
0
0
0
0
0
0
0
0
0
0
0
0
0
0
0
0
0
0
0
0
0
0
0
0
0
0
0
0
0
0
0
0
0
0
0
0
0
0
0
0
0
0
0
0
0
0
0
0
0
0
0
0
0
0
0
0
0
0
0
0
0
0
0
0
0
0
0
0
0
0
0
0
0
0
0
0
0
0
0
0
0
0
0
0
0
0
0
0
0
0
0
0
0
0
0
0
0
0
0
0
0
0
0
0
0
0
0
0
0
0
0
0
0
0
0
0
0
0
0
0
0
0
0
0
0
0
0
0
0
0
0
0
0
0
0
0
0
0
0
0
0
0
0
0
0
0
0
0
0
0
0
0
0
0
0
0
0
0
0
0
0
0
0
0
0
0
0
0
0
0
0
0
0
0
0
0
0
0
0
0
0
0
0
0
0
0
0
0
0
0
0
0
0
0
0
0
0
0
0
0
0
0
0
0
0
0
0
0
0
0
0
0
0
0
0
0
0
0
0
0
0
0
0
0
0
0
0
0
0
0
0
0
0
0
0
0
0
0
0
0
0
0
0
0
0
0
0
0
0
0
0
0
0
0
0
0
0
0
0
0
0
0
0
0
0
0
0
0
0
0
0
0
0
0
0
0
0
0
0
0
0
0
0
0
0
0
0
0
0
0
0
0
0
0
0
0
0
0
0
0
0
0
0
0
0
0
0
0
0
0
0
0
0
0
0
0
0
0
0
0
0
0
0
0
0
0
0
0
0
0
0
0
0
0
0
0
0
0
0
0
0
0
0
0
0
0
0
0
0
0
0
0
0
0
0
0
0
0
0
0
0
0
0
0
0
0
0
0
0
0
0
0
0
0
0
0
0
0
0
0
0
0
0
0
0
0
0
0
0
0
0
0
0
0
0
0
0
0
0
0
0
0
0
0
0
0
0
0
0
0
0
0
0
0
0
0
0
0
0
0
0
0
0
0
0
0
0
0
0
0
0
0
0
0
0
0
0
0
0
0
0
0
0
0
0
0
0
0
0
0
0
0
0
0
0
0
0
0
0
0
0
0
0
0
0
0
0
0
0
0
0
0
0
0
0
0
0
0
0
0
0
0
0
0
0
0
0
0
0
0
0
0
0
0
0
0
0
0
0
0
0
0
0
0
0
0
0
0
0
0
0
0
0
0
0
0
0
0
0
0
0
0
0
0
0
0
0
0
0
0
0
0
0
0
0
0
0
0
0
0
0
0
0
0
0
0
0
0
0
0
0
0
0
0
0
0
0
0
0
0
0
0
0
0
0
0
0
0
0
0
0
0
0
0
0
0
0
0
0
0
0
0
0
0
0
0
0
0
0
0
0
0
0
0
0
0
0
0
0
0
0
0
0
0
0
0
0
0
0
0
0
0
0
0
0
0
0
0
0
0
0
0
0
0
0
0
0
0
0
0
0
0
0
0
0
0
0
0
0
0
0
0
0
0
0
0
0
0
0
0
0
0
0
0
0
0
0
0
0
0
0
0
0
0
0
0
0
0
0
0
0
0
0
0
0
0
0
0
0
0
0
0
0
0
0
0
0
0
0
0
0
0
0
0
0
0
0
0
0
0
0
0
0
0
0
0
0
0
0
0
0
0
0
0
0
0
0
0
0
0
0
0
0
0
0
0
0
0
0
0
0
0
0
0
0
0
0
0
0
0
0
0
0
0
0
0
0
0
0
0
0
0
0
0
0
0
0
0
0
0
0
0
0
0
0
0
0
0
0
0
0
0
0
0
0
0
0
0
0
0
0
0
0
0
0
0
0
0
0
0
0
0
0
0
0
0
0
0
0
0
0
0
0
0
0
0
0
0
0
0
0
0
0
0
0
0
0
0
0
0
0
0
0
0
0
0
0
0
0
0
0
0
0
0
0
0
0
0
0
0
0
0
0
0
0
0
0
0
0
0
0
0
0
0
0
0
0
0
0
0
0
0
0
0
0
0
0
0
0
0
0
0
0
0
0
0
0
0
0
0
0
0
0
0
0
0
0
0
0
0
0
0
0
0
0
0
0
0
0
0
0
0
0
0
0
0
0
0
0
0
0
0
0
0
0
0
0
0
0
0
0
0
0
0
0
0
0
0
0
0
0
0
0
0
0
0
0
0
0
0
0
0
0
0
0
0
0
0
0
0
0
0
0
0
0
0
0
0
0
0
0
0
0
0
0
0
0
0
0
0
0
0
0
0
0
0
0
0
0
0
0
0
0
0
0
0
0
0
0
0
0
0
0
0
0
0
0
0
0
0
0
0
0
0
0
0
0
0
0
0
0
0
0
0
0
0
0
0
0
0
0
0
0
0
0
0
0
0
0
0
0
0
0
0
0
0
0
0
0
0
0
0
0
0
0
0
0
0
0
0
0
0
0
0
0
0
0
0
0
0
0
0
0
0
0
0
0
0
0
0
0
0
0
0
0
0
0
0
0
0
0
0
0
0
0
0
0
0
0
0
0
0
0
0
0
0
0
0
0
0
0
0
0
0
0
0
0
0
0
0
0
0
0
0
0
0
0
0
0
0
0
0
0
0
0
0
0
0
0
0
0
0
0
0
0
0
0
0
0
0
0
0
0
0
0
0
0
0
0
0
0
0
0
0
0
0
0
0
0
0
0
0
0
0
0
0
0
0
0
0
0
0
0
0
0
0
0
0
0
0
0
0
0
0
0
0
0
0
0
0
0
0
0
0
0
0
0
0
0
0
0
0
0
0
0
0
0
0
0
0
0
0
0
0
0
0
0
0
0
0
0
0
0
0
0
0
0
0
0
0
0
0
0
0
0
0
0
0
0
0
0
0
0
0
0
0
0
0
0
0
0
0
0
0
0
0
0
0
0
0
0
0
0
0
0
0
0
0
0
0
0
0
0
0
0
0
0
0
0
0
0
0
0
0
0
0
0
0
0
0
0
0
0
0
0
0
0
0
0
0
0
0
0
0
0
0
0
0
0
0
0
0
0
0
0
0
0
0
0
0
0
0
0
0
0
0
0
0
0
0
0
0
0
0
0
0
0
0
0
0
0
0
0
0
0
0
0
0
0
0
0
0
0
0
0
0
0
0
0
0
0
0
0
0
0
0
0
0
0
0
0
0
0
0
0
0
0
0
0
0
0
0
0
0
0
0
0
0
0
0
0
0
0
0
0
0
0
0
0
0
0
0
0
0
0
0
0
0
0
0
0
0
0
0
0
0
0
0
0
0
0
0
0
0
0
0
0
0
0
0
0
0
0
0
0
0
0
0
0
0
0
0
0
0
0
0
0
0
0
0
0
0
0
0
0
0
0
0
0
0
0
0
0
0
0
0
0
0
0
0
0
0
0
0
0
0
0
0
0
0
0
0
0
0
0
0
0
0
0
0
0
0
0
0
0
0
0
0
0
0
0
0
0
0
0
0
0
0
0
0
0
0
0
0
0
0
0
0
0
0
0
0
0
0
0
0
0
0
0
0
0
0
0
0
0
0
0
0
0
0
0
0
0
0
0
0
0
0
0
0
0
0
0
0
0
0
0
0
0
0
0
0
0
0
0
0
0
0
0
0
0
0
0
0
0
0
0
0
0
0
0
0
0
0
0
0
0
0
0
0
0
0
0
0
0
0
0
0
0
0
0
0
0
0
0
0
0
0
0
0
0
0
0
0
0
0
0
0
0
0
0
0
0
0
0
0
0
0
0
0
0
0
0
0
0
0
0
0
0
0
0
0
0
0
0
0
0
0
0
0
0
0
0
0
0
0
0
0
0
0
0
0
0
0
0
0
0
0
0
0
0
0
0
0
0
0
0
0
0
0
0
0
0
0
0
0
0
0
0
0
0
0
0
0
0
0
0
0
0
0
0
0
0
0
0
0
0
0
0
0
0
0
0
0
0
0
0
0
0
0
0
0
0
0
0
0
0
0
0
0
0
0
0
0
0
0
0
0
0
0
0
0
0
0
0
0
0
0
0
0
0
0
0
0
0
0
0
0
0
0
0
0
0
0
0
0
0
0
0
0
0
0
0
0
0
0
0
0
0
0
0
0
0
0
0
0
0
0
0
0
0
0
0
0
0
0
0
0
0
0
0
0
0
0
0
0
0
0
0
0
0
0
0
0
0
0
0
0
0
0
0
0
0
0
0
0
0
0
0
0
0
0
0
0
0
0
0
0
0
0
0
0
0
0
0
0
0
0
0
0
0
0
0
0
0
0
0
0
0
0
0
0
0
0
0
0
0
0
0
0
0
0
0
0
0
0
0
0
0
0
0
0
0
0
0
0
0
0
0
0
0
0
0
0
0
0
0
0
0
0
0
0
0
0
0
0
0
0
0
0
0
0
0
0
0
0
0
0
0
0
0
0
0
0
0
0
0
0
0
0
0
0
0
0
0
0
0
0
0
0
0
0
0
0
0
0
0
0
0
0
0
0
0
0
0
0
0
0
0
0
0
0
0
0
0
0
0
0
0
0
0
0
0
0
0
0
0
0
0
0
0
0
0
0
0
0
0
0
0
0
0
0
0
0
0
0
0
0
0
0
0
0
0
0
0
0
0
0
0
0
0
0
0
0
0
0
0
0
0
0
0
0
0
0
0
0
0
0
0
0
0
0
0
0
0
0
0
0
0
0
0
0
0
0
0
0
0
0
0
0
0
0
0
0
0
0
0
0
0
0
0
0
0
0
0
0
0
0
0
0
0
0
0
0
0
0
0
0
0
0
0
0
0
0
0
0
0
0
0
0
0
0
0
0
0
0
0
0
0
0
0
0
0
0
0
0
0
0
0
0
0
0
0
0
0
0
0
0
0
0
0
0
0
0
0
0
0
0
0
0
0
0
0
0
0
0
0
0
0
0
0
0
0
0
0
0
0
0
0
0
0
0
0
0
0
0
0
0
0
0
0
0
0
0
0
0
0
0
0
0
0
0
0
0
0
0
0
0
0
0
0
0
0
0
0
0
0
0
0
0
0
0
0
0
0
0
0
0
0
0
0
0
0
0
0
0
0
0
0
0
0
0
0
0
0
0
0
0
0
0
0
0
0
0
0
0
0
0
0
0
0
0
0
0
0
0
0
0
0
0
0
0
0
0
0
0
0
0
0
0
0
0
0
0
0
0
0
0
0
0
0
0
0
0
0
0
0
0
0
0
0
0
0
0
0
0
0
0
0
0
0
0
0
0
0
0
0
0
0
0
0
0
0
0
0
0
0
0
0
0
0
0
0
0
0
0
0
0
0
0
0
0
0
0
0
0
0
0
0
0
0
0
0
0
0
0
0
0
0
0
0
0
0
0
0
0
0
0
0
0
0
0
0
0
0
0
0
0
0
0
0
0
0
0
0
0
0
0
0
0
0
0
0
0
0
0
0
0
0
0
0
0
0
0
0
0
0
0
0
0
0
0
0
0
0
0
0
0
0
0
0
0
0
0
0
0
0
0
0
0
0
0
0
0
0
0
0
0
0
0
0
0
0
0
0
0
0
0
0
0
0
0
0
0
0
0
0
0
0
0
0
0
0
0
0
0
0
0
0
0
0
0
0
0
0
0
0
0
0
0
0
0
0
0
0
0
0
0
0
0
0
0
0
0
0
0
0
0
0
0
0
0
0
0
0
0
0
0
0
0
0
0
0
0
0
0
0
0
0
0
0
0
0
0
0
0
0
0
0
0
0
0
0
0
0
0
0
0
0
0
0
0
0
0
0
0
0
0
0
0
0
0
0
0
0
0
0
0
0
0
0
0
0
0
0
0
0
0
0
0
0
0
0
0
0
0
0
0
0
0
0
0
0
0
0
0
0
0
0
0
0
0
0
0
0
0
0
0
0
0
0
0
0
0
0
0
0
0
0
0
0
0
0
0
0
0
0
0
0
0
0
0
0
0
0
0
0
0
0
0
0
0
0
0
0
0
0
0
0
0
0
0
0
0
0
0
0
0
0
0
0
0
0
0
0
0
0
0
0
0
0
0
0
0
0
0
0
0
0
0
0
0
0
0
0
0
0
0
0
0
0
0
0
0
0
0
0
0
0
0
0
0
0
0
0
0
0
0
0
0
0
0
0
0
0
0
0
0
0
0
0
0
0
0
0
0
0
0
0
0
0
0
0
0
0
0
0
0
0
0
0
0
0
0
0
0
0
0
0
0
0
0
0
0
0
0
0
0
0
0
0
0
0
0
0
0
0
0
0
0
0
0
0
0
0
0
0
0
0
0
0
0
0
0
0
0
0
0
0
0
0
0
0
0
0
0
0
0
0
0
0
0
0
0
0
0
0
0
0
0
0
0
0
0
0
0
0
0
0
0
0
0
0
0
0
0
0
0
0
0
0
0
0
0
0
0
0
0
0
0
0
0
0
0
0
0
0
0
0
0
0
0
0
0
0
0
0
0
0
0
0
0
0
0
0
0
0
0
0
0
0
0
0
0
0
0
0
0
0
0
0
0
0
0
0
0
0
0
0
0
0
0
0
0
0
0
0
0
0
0
0
0
0
0
0
0
0
0
0
0
0
0
0
0
0
0
0
0
0
0
0
0
0
0
0
0
0
0
0
0
0
0
0
0
0
0
0
0
0
0
0
0
0
0
0
0
0
0
0
0
0
0
0
0
0
0
0
0
0
0
0
0
0
0
0
0
0
0
0
0
0
0
0
0
0
0
0
0
0
0
0
0
0
0
0
0
0
0
0
0
0
0
0
0
0
0
0
0
0
0
0
0
0
0
0
0
0
0
0
0
0
0
0
0
0
0
0
0
0
0
0
0
0
0
0
0
0
0
0
0
0
0
0
0
0
0
0
0
0
0
0
0
0
0
0
0
0
0
0
0
0
0
0
0
0
0
0
0
0
0
0
0
0
0
0
0
0
0
0
0
0
0
0
0
0
0
0
0
0
0
0
0
0
0
0
0
0
0
0
0
0
0
0
0
0
0
0
0
0
0
0
0
0
0
0
0
0
0
0
0
0
0
0
0
0
0
0
0
0
0
0
0
0
0
0
0
0
0
0
0
0
0
0
0
0
0
0
0
0
0
0
0
0
0
0
0
0
0
0
0
0
0
0
0
0
0
0
0
0
0
0
0
0
0
0
0
0
0
0
0
0
0
0
0
0
0
0
0
0
0
0
0
0
0
0
0
0
0
0
0
0
0
0
0
0
0
0
0
0
0
0
0
0
0
0
0
0
0
0
0
0
0
0
0
0
0
0
0
0
0
0
0
0
0
0
0
0
0
0
0
0
0
0
0
0
0
0
0
0
0
0
0
0
0
0
0
0
0
0
0
0
0
0
0
0
0
0
0
0
0
0
0
0
0
0
0
0
0
0
0
0
0
0
0
0
0
0
0
0
0
0
0
0
0
0
0
0
0
0
0
0
0
0
0
0
0
0
0
0
0
0
0
0
0
0
0
0
0
0
0
0
0
0
0
0
0
0
0
0
0
0
0
0
0
0
0
0
0
0
0
0
0
0
0
0
0
0
0
0
0
0
0
0
0
0
0
0
0
0
0
0
0
0
0
0
0
0
0
0
0
0
0
0
0
0
0
0
0
0
0
0
0
0
0
0
0
0
0
0
0
0
0
0
0
0
0
0
0
0
0
0
0
0
0
0
0
0
0
0
0
0
0
0
0
0
0
0
0
0
0
0
0
0
0
0
0
0
0
0
0
0
0
0
0
0
0
0
0
0
0
0
0
0
0
0
0
0
0
0
0
0
0
0
0
0
0
0
0
0
0
0
0
0
0
0
0
0
0
0
0
0
0
0
0
0
0
0
0
0
0
0
0
0
0
0
0
0
0
0
0
0
0
0
0
0
0
0
0
0
0
0
0
0
0
0
0
0
0
0
0
0
0
0
0
0
0
0
0
0
0
0
0
0
0
0
0
0
0
0
0
0
0
0
0
0
0
0
0
0
0
0
0
0
0
0
0
0
0
0
0
0
0
0
0
0
0
0
0
0
0
0
0
0
0
0
0
0
0
0
0
0
0
0
0
0
0
0
0
0
0
0
0
0
0
0
0
0
0
0
0
0
0
0
0
0
0
0
0
0
0
0
0
0
0
0
0
0
0
0
0
0
0
0
0
0
0
0
0
0
0
0
0
0
0
0
0
0
0
0
0
0
0
0
0
0
0
0
0
0
0
0
0
0
0
0
0
0
0
0
0
0
0
0
0
0
0
0
0
0
0
0
0
0
0
0
0
0
0
0
0
0
0
0
0
0
0
0
0
0
0
0
0
0
0
0
0
0
0
0
0
0
0
0
0
0
0
0
0
0
0
0
0
0
0
0
0
0
0
0
0
0
0
0
0
0
0
0
0
0
0
0
0
0
0
0
0
0
0
0
0
0
0
0
0
0
0
0
0
0
0
0
0
0
0
0
0
0
0
0
0
0
0
0
0
0
0
0
0
0
0
0
0
0
0
0
0
0
0
0
0
0
0
0
0
0
0
0
0
0
0
0
0
0
0
0
0
0
0
0
0
0
0
0
0
0
0
0
0
0
0
0
0
0
0
0
0
0
0
0
0
0
0
0
0
0
0
0
0
0
0
0
0
0
0
0
0
0
0
0
0
0
0
0
0
0
0
0
0
0
0
0
0
0
0
0
0
0
0
0
0
0
0
0
0
0
0
0
0
0
0
0
0
0
0
0
0
0
0
0
0
0
0
0
0
0
0
0
0
0
0
0
0
0
0
0
0
0
0
0
0
0
0
0
0
0
0
0
0
0
0
0
0
0
0
0
0
0
0
0
0
0
0
0
0
0
0
0
0
0
0
0
0
0
0
0
0
0
0
0
0
0
0
0
0
0
0
0
0
0
0
0
0
0
0
0
0
0
0
0
0
0
0
0
0
0
0
0
0
0
0
0
0
0
0
0
0
0
0
0
0
0
0
0
0
0
0
0
0
0
0
0
0
0
0
0
0
0
0
0
0
0
0
0
0
0
0
0
0
0
0
0
0
0
0
0
0
0
0
0
0
0
0
0
0
0
0
0
0
0
0
0
0
0
0
0
0
0
0
0
0
0
0
0
0
0
0
0
0
0
0
0
0
0
0
0
0
0
0
0
0
0
0
0
0
0
0
0
0
0
0
0
0
0
0
0
0
0
0
0
0
0
0
0
0
0
0
0
0
0
0
0
0
0
0
0
0
0
0
0
0
0
0
0
0
0
0
0
0
0
0
0
0
0
0
0
0
0
0
0
0
0
0
0
0
0
0
0
0
0
0
0
0
0
0
0
0
0
0
0
0
0
0
0
0
0
0
0
0
0
0
0
0
0
0
0
0
0
0
0
0
0
0
0
0
0
0
0
0
0
0
0
0
0
0
0
0
0
0
0
0
0
0
0
0
0
0
0
0
0
0
0
0
0
0
0
0
0
0
0
0
0
0
0
0
0
0
0
0
0
0
0
0
0
0
0
0
0
0
0
0
0
0
0
0
0
0
0
0
0
0
0
0
0
0
0
0
0
0
0
0
0
0
0
0
0
0
0
0
0
0
0
0
0
0
0
0
0
0
0
0
0
0
0
0
0
0
0
0
0
0
0
0
0
0
0
0
0
0
0
0
0
0
0
0
0
0
0
0
0
0
0
0
0
0
0
0
0
0
0
0
0
0
0
0
0
0
0
0
0
0
0
0
0
0
0
0
0
0
0
0
0
0
0
0
0
0
0
0
0
0
0
0
0
0
0
0
0
0
0
0
0
0
0
0
0
0
0
0
0
0
0
0
0
0
0
0
0
0
0
0
0
0
0
0
0
0
0
0
0
0
0
0
0
0
0
0
0
0
0
0
0
0
0
0
0
0
0
0
0
0
0
0
0
0
0
0
0
0
0
0
0
0
0
0
0
0
0
0
0
0
0
0
0
0
0
0
0
0
0
0
0
0
0
0
0
0
0
0
0
0
0
0
0
0
0
0
0
0
0
0
0
0
0
0
0
0
0
0
0
0
0
0
0
0
0
0
0
0
0
0
0
0
0
0
0
0
0
0
0
0
0
0
0
0
0
0
0
0
0
0
0
0
0
0
0
0
0
0
0
0
0
0
0
0
0
0
0
0
0
0
0
0
0
0
0
0
0
0
0
0
0
0
0
0
0
0
0
0
0
0
0
0
0
0
0
0
0
0
0
0
0
0
0
0
0
0
0
0
0
0
0
0
0
0
0
0
0
0
0
0
0
0
0
0
0
0
0
0
0
0
0
0
0
0
0
0
0
0
0
0
0
0
0
0
0
0
0
0
0
0
0
0
0
0
0
0
0
0
0
0
0
0
0
0
0
0
0
0
0
0
0
0
0
0
0
0
0
0
0
0
0
0
0
0
0
0
0
0
0
0
0
0
0
0
0
0
0
0
0
0
0
0
0
0
0
0
0
0
0
0
0
0
0
0
0
0
0
0
0
0
0
0
0
0
0
0
0
0
0
0
0
0
0
0
0
0
0
0
0
0
0
0
0
0
0
0
0
0
0
0
0
0
0
0
0
0
0
0
0
0
0
0
0
0
0
0
0
0
0
0
0
0
0
0
0
0
0
0
0
0
0
0
0
0
0
0
0
0
0
0
0
0
0
0
0
0
0
0
0
0
0
0
0
0
0
0
0
0
0
0
0
0
0
0
0
0
0
0
0
0
0
0
0
0
0
0
0
0
0
0
0
0
0
0
0
0
0
0
0
0
0
0
0
0
0
0
0
0
0
0
0
0
0
0
0
0
0
0
0
0
0
0
0
0
0
0
0
0
0
0
0
0
0
0
0
0
0
0
0
0
0
0
0
0
0
0
0
0
0
0
0
0
0
0
0
0
0
0
0
0
0
0
0
0
0
0
0
0
0
0
0
0
0
0
0
0
0
0
0
0
0
0
0
0
0
0
0
0
0
0
0
0
0
0
0
0
0
0
0
0
0
0
0
0
0
0
0
0
0
0
0
0
0
0
0
0
0
0
0
0
0
0
0
0
0
0
0
0
0
0
0
0
0
0
0
0
0
0
0
0
0
0
0
0
0
0
0
0
0
0
0
0
0
0
0
0
0
0
0
0
0
0
0
0
0
0
0
0
0
0
0
0
0
0
0
0
0
0
0
0
0
0
0
0
0
0
0
0
0
0
0
0
0
0
0
0
0
0
0
0
0
0
0
0
0
0
0
0
0
0
0
0
0
0
0
0
0
0
0
0
0
0
0
0
0
0
0
0
0
0
0
0
0
0
0
0
0
0
0
0
0
0
0
0
0
0
0
0
0
0
0
0
0
0
0
0
0
0
0
0
0
0
0
0
0
0
0
0
0
0
0
0
0
0
0
0
0
0
0
0
0
0
0
0
0
0
0
0
0
0
0
0
0
0
0
0
0
0
0
0
0
0
0
0
0
0
0
0
0
0
0
0
0
0
0
0
0
0
0
0
0
0
0
0
0
0
0
0
0
0
0
0
0
0
0
0
0
0
0
0
0
0
0
0
0
0
0
0
0
0
0
0
0
0
0
0
0
0
0
0
0
0
0
0
0
0
0
0
0
0
0
0
0
0
0
0
0
0
0
0
0
0
0
0
0
0
0
0
0
0
0
0
0
0
0
0
0
0
0
0
0
0
0
0
0
0
0
0
0
0
0
0
0
0
0
0
0
0
0
0
0
0
0
0
0
0
0
0
0
0
0
0
0
0
0
0
0
0
0
0
0
0
0
0
0
0
0
0
0
0
0
0
0
0
0
0
0
0
0
0
0
0
0
0
0
0
0
0
0
0
0
0
0
0
0
0
0
0
0
0
0
0
0
0
0
0
0
0
0
0
0
0
0
0
0
0
0
0
0
0
0
0
0
0
0
0
0
0
0
0
0
0
0
0
0
0
0
0
0
0
0
0
0
0
0
0
0
0
0
0
0
0
0
0
0
0
0
0
0
0
0
0
0
0
0
0
0
0
0
0
0
0
0
0
0
0
0
0
0
0
0
0
0
0
0
0
0
0
0
0
0
0
0
0
0
0
0
0
0
0
0
0
0
0
0
0
0
0
0
0
0
0
0
0
0
0
0
0
0
0
0
0
0
0
0
0
0
0
0
0
0
0
0
0
0
0
0
0
0
0
0
0
0
0
0
0
0
0
0
0
0
0
0
0
0
0
0
0
0
0
0
0
0
0
0
0
0
0
0
0
0
0
0
0
0
0
0
0
0
0
0
0
0
0
0
0
0
0
0
0
0
0
0
0
0
0
0
0
0
0
0
0
0
0
0
0
0
0
0
0
0
0
0
0
0
0
0
0
0
0
0
0
0
0
0
0
0
0
0
0
0
0
0
0
0
0
0
0
0
0
0
0
0
0
0
0
0
0
0
0
0
0
0
0
0
0
0
0
0
0
0
0
0
0
0
0
0
0
0
0
0
0
0
0
0
0
0
0
0
0
0
0
0
0
0
0
0
0
0
0
0
0
0
0
0
0
0
0
0
0
0
0
0
0
0
0
0
0
0
0
0
0
0
0
0
0
0
0
0
0
0
0
0
0
0
0
0
0
0
0
0
0
0
0
0
0
0
0
0
0
0
0
0
0
0
0
0
0
0
0
0
0
0
0
0
0
0
0
0
0
0
0
0
0
0
0
0
0
0
0
0
0
0
0
0
0
0
0
0
0
0
0
0
0
0
0
0
0
0
0
0
0
0
0
0
0
0
0
0
0
0
0
0
0
0
0
0
0
0
0
0
0
0
0
0
0
0
0
0
0
0
0
0
0
0
0
0
0
0
0
0
0
0
0
0
0
0
0
0
0
0
0
0
0
0
0
0
0
0
0
0
0
0
0
0
0
0
0
0
0
0
0
0
0
0
0
0
0
0
0
0
0
0
0
0
0
0
0
0
0
0
0
0
0
0
0
0
0
0
0
0
0
0
0
0
0
0
0
0
0
0
0
0
0
0
0
0
0
0
0
0
0
0
0
0
0
0
0
0
0
0
0
0
0
0
0
0
0
0
0
0
0
0
0
0
0
0
0
0
0
0
0
0
0
0
0
0
0
0
0
0
0
0
0
0
0
0
0
0
0
0
0
0
0
0
0
0
0
0
0
0
0
0
0
0
0
0
0
0
0
0
0
0
0
0
0
0
0
0
0
0
0
0
0
0
0
0
0
0
0
0
0
0
0
0
0
0
0
0
0
0
0
0
0
0
0
0
0
0
0
0
0
0
0
0
0
0
0
0
0
0
0
0
0
0
0
0
0
0
0
0
0
0
0
0
0
0
0
0
0
0
0
0
0
0
0
0
0
0
0
0
0
0
0
0
0
0
0
0
0
0
0
0
0
0
0
0
0
0
0
0
0
0
0
0
0
0
0
0
0
0
0
0
0
0
0
0
0
0
0
0
0
0
0
0
0
0
0
0
0
0
0
0
0
0
0
0
0
0
0
0
0
0
0
0
0
0
0
0
0
0
0
0
0
0
0
0
0
0
0
0
0
0
0
0
0
0
0
0
0
0
0
0
0
0
0
0
0
0
0
0
0
0
0
0
0
0
0
0
0
0
0
0
0
0
0
0
0
0
0
0
0
0
0
0
0
0
0
0
0
0
0
0
0
0
0
0
0
0
0
0
0
0
0
0
0
0
0
0
0
0
0
0
0
0
0
0
0
0
0
0
0
0
0
0
0
0
0
0
0
0
0
0
0
0
0
0
0
0
0
0
0
0
0
0
0
0
0
0
0
0
0
0
0
0
0
0
0
0
0
0
0
0
0
0
0
0
0
0
0
0
0
0
0
0
0
0
0
0
0
0
0
0
0
0
0
0
0
0
0
0
0
0
0
0
0
0
0
0
0
0
0
0
0
0
0
0
0
0
0
0
0
0
0
0
0
0
0
0
0
0
0
0
0
0
0
0
0
0
0
0
0
0
0
0
0
0
0
0
0
0
0
0
0
0
0
0
0
0
0
0
0
0
0
0
0
0
0
0
0
0
0
0
0
0
0
0
0
0
0
0
0
0
0
0
0
0
0
0
0
0
0
0
0
0
0
0
0
0
0
0
0
0
0
0
0
0
0
0
0
0
0
0
0
0
0
0
0
0
0
0
0
0
0
0
0
0
0
0
0
0
0
0
0
0
0
0
0
0
0
0
0
0
0
0
0
0
0
0
0
0
0
0
0
0
0
0
0
0
0
0
0
0
0
0
0
0
0
0
0
0
0
0
0
0
0
0
0
0
0
0
0
0
0
0
0
0
0
0
0
0
0
0
0
0
0
0
0
0
0
0
0
0
0
0
0
0
0
0
0
0
0
0
0
0
0
0
0
0
0
0
0
0
0
0
0
0
0
0
0
0
0
0
0
0
0
0
0
0
0
0
0
0
0
0
0
0
0
0
0
0
0
0
0
0
0
0
0
0
0
0
0
0
0
0
0
0
0
0
0
0
0
0
0
0
0
0
0
0
0
0
0
0
0
0
0
0
0
0
0
0
0
0
0
0
0
0
0
0
0
0
0
0
0
0
0
0
0
0
0
0
0
0
0
0
0
0
0
0
0
0
0
0
0
0
0
0
0
0
0
0
0
0
0
0
0
0
0
0
0
0
0
0
0
0
0
0
0
0
0
0
0
0
0
0
0
0
0
0
0
0
0
0
0
0
0
0
0
0
0
0
0
0
0
0
0
0
0
0
0
0
0
0
0
0
0
0
0
0
0
0
0
0
0
0
0
0
0
0
0
0
0
0
0
0
0
0
0
0
0
0
0
0
0
0
0
0
0
0
0
0
0
0
0
0
0
0
0
0
0
0
0
0
0
0
0
0
0
0
0
0
0
0
0
0
0
0
0
0
0
0
0
0
0
0
0
0
0
0
0
0
0
0
0
0
0
0
0
0
0
0
0
0
0
0
0
0
0
0
0
0
0
0
0
0
0
0
0
0
0
0
0
0
0
0
0
0
0
0
0
0
0
0
0
0
0
0
0
0
0
0
0
0
0
0
0
0
0
0
0
0
0
0
0
0
0
0
0
0
0
0
0
0
0
0
0
0
0
0
0
0
0
0
0
0
0
0
0
0
0
0
0
0
0
0
0
0
0
0
0
0
0
0
0
0
0
0
0
0
0
0
0
0
0
0
0
0
0
0
0
0
