-166
579
-2491
-2548
-1912
-2395
-2747
-115
1490
-3079
-3241
-1730
-3004
140
-33
1725
-91
739
-1731
-2858
360
-2745
-15851
-112
824
-3129
-3227
-1666
-3479
-16765
294
780
-213
701
-3442
-3459
-1511
-2835
-3120
14
1727
-3793
-3600
219
-2863
-980
96
974
-50
297
-2259
-3489
1306
-3101
-17687
-104
-764
-2392
-2422
-219
-2875
-21383
169
-253
-288
612
-3020
-3433
-1978
-3069
-3337
-151
827
-3271
-2674
1144
-3234
-3280
45
230
169
554
-1965
-3539
346
-3243
-16444
35
314
-2296
-3138
-1179
-2672
-18608
237
-16
-268
1377
-2168
-1818
-4590
-3359
-3354
-263
1755
-2167
-1059
-2154
-3327
-1923
-235
1670
115
-365
-2546
-2881
746
-3266
-17299
137
175
-4162
-2975
-2074
-3383
-20093
422
-239
-279
1381
-2720
-2540
-5285
-3184
-3587
-264
2144
-3421
-1743
-2936
-4086
-2329
-290
2534
-4
-347
-1449
-3400
371
-3620
-18172
-66
-1188
-3176
-4148
-2506
-3821
-19847
266
-1077
-219
1233
-3752
-2549
-3392
-2997
-3326
-227
839
-3720
-1334
-2226
-2713
-1497
-67
890
72
-928
-2318
-4706
2074
-3560
-17976
-154
-274
-2525
-2828
1
-2808
-24551
149
-83
-390
-254
-2124
-1111
-1120
-2086
-2046
-380
222
-3063
-1940
-2260
-3207
-1805
-199
840
36
-492
-2259
-3473
1145
-2124
-18398
20
132
-3184
-2878
68
-3149
-16248
198
-207
-478
-435
-1945
-722
-1342
-2420
-2440
-358
5
-1585
-946
-880
-2204
-1789
-202
505
-16
-536
-3212
-2838
476
-2259
-12855
3
-837
-3818
-1370
-250
-2303
-16400
344
-1345
30
136
-2885
-2220
-3148
-2901
-3571
53
-208
-4444
-3053
-5284
-4456
-802
84
-451
-217
898
-2232
-4011
-153
-3620
-18489
-190
1508
-3416
-3011
-2730
-4857
-15583
171
1320
-95
573
-5794
-4358
-3936
-6116
-5401
81
-318
-5017
-3171
-4752
-4566
-2044
75
-507
-207
484
-2580
-6442
2234
-5401
-12628
-351
-1172
-2864
-2567
368
-3724
-20512
17
-1800
-137
141
-3877
-1853
-1270
-3272
-2827
-58
-369
-4531
-711
-206
-3155
-2605
45
968
241
540
-2053
-2449
167
-2852
-19959
-368
-148
-3092
-1922
-1406
-1808
-20798
168
-294
-178
87
-4649
-633
-4531
-3281
-4210
-125
-46
-5031
152
-3251
-4302
-2263
-52
403
59
598
-3355
-2947
-1736
-4299
-18481
43
1706
-5379
-3460
-4323
-3729
-20329
377
2077
-260
771
-5877
-1399
-6283
-4072
-5458
-54
105
-7088
-559
-5316
-6435
-3477
-62
-406
-72
-268
-4476
-5042
197
-5388
-15736
-27
-648
-6233
-6192
-3387
-5428
-14836
311
-408
-166
1107
-4946
-2330
-3070
-2113
-3523
-78
179
-5667
-1203
-3178
-3923
-3267
-94
798
67
-2021
-3617
-4493
1595
-3699
-18620
-253
-1521
-4197
-4794
160
-3595
-17611
206
-811
-511
545
-2503
-507
-983
-1940
-2814
-469
522
-4369
-1311
-3509
-4361
-4335
-390
1480
44
-859
-4012
-4111
-394
-2803
-20781
57
-752
-6125
-4681
258
-5214
-13357
490
-556
-606
25
-2301
1799
-222
-2140
-2296
-479
-26
-2656
1537
-914
-3577
-3990
-317
225
-45
132
-3618
-2987
-1925
-2120
-18412
119
-829
-4680
-2543
-2107
-3464
-16534
367
-1033
312
-6
-3667
-873
-3327
-1227
-3355
199
-56
-5223
-666
-5929
-4163
-1907
123
-508
-257
1338
-1783
-4322
-1900
-3400
-17908
-222
1025
-2602
-4056
-4841
-4807
-14536
85
807
300
899
-4684
5
-3268
-1542
-3078
100
-665
-5629
1341
-5288
-4104
-2004
-5
-819
-125
-310
-1943
-4359
-430
-3010
-19989
-305
-1293
-3814
-3976
-3063
-3253
-17544
-88
-1927
164
675
-4585
702
-2847
-2422
-3653
-119
758
-4762
2632
-4457
-2947
-3018
-107
1227
221
-100
-3194
-4867
-930
-3548
-15730
-345
198
-4704
-2773
-2479
-1348
-19443
26
633
48
850
-4702
-1093
-2523
-1459
-3725
34
-786
-5899
323
-4398
-4061
-348
-26
167
128
1957
-2833
-3728
-2709
-3797
-23426
-4
1325
-5546
-4719
-5542
-3250
-24209
189
1654
82
0
-6769
-2053
-3524
-2912
-5271
173
-1879
-6667
-371
-3856
-4870
-1354
1
-1738
89
157
-4097
-5098
-1589
-5247
-19926
-63
-575
-4997
-5296
-4802
-4087
-25062
254
-729
26
572
-6553
-4281
-2753
-3178
-5180
54
-243
-6025
-3238
-4217
-3911
-3545
40
-775
74
-1105
-2579
-5990
-754
-5338
-14784
-247
-714
-2759
-4402
-343
-3262
-19864
210
325
-488
615
-2749
-2962
-1885
-1632
-3223
-462
1095
-3945
-4471
-5306
-3774
-3597
-221
539
99
-1015
-2702
-4297
890
-3076
-23847
58
-284
-3921
-4032
1862
-3924
-19858
550
657
-498
343
-2650
-89
-114
-1757
-2277
-470
280
-3728
-795
-2131
-3897
-3228
-275
-445
-33
267
-2006
-3185
-1369
-2084
-18697
-45
-286
-3870
-3301
-1451
-4084
-14033
240
-134
325
-440
-2982
-1321
-1416
-1411
-2916
167
396
-4769
-1171
-5221
-3796
-1287
90
1304
-154
2364
-1432
-3241
-2776
-2791
-19472
-183
813
-2865
-3809
-4643
-4138
-14732
10
758
192
174
-4559
-695
-3581
20
-3067
80
474
-5145
1013
-4671
-2894
-2601
-135
565
97
-42
-966
-3318
-2752
-3019
-22174
61
-1499
-2590
-4194
-4049
-2530
-22268
195
-1010
137
1051
-3993
1048
-2959
-1384
-3538
31
834
-5223
3008
-5433
-3667
-3544
35
705
132
300
-2559
-4447
-3457
-3453
-20837
21
-363
-4603
-4387
-4517
-2586
-20774
131
-264
247
-189
-4140
-1512
-4229
-1233
-4269
108
-533
-5343
222
-5087
-4153
-2486
-48
-347
227
1475
-4222
-5003
-1446
-4305
-18302
-26
98
-5155
-4907
-4493
-3830
-18990
145
9
157
-226
-5717
-2252
-5817
-3112
-5257
11
-383
-6374
-1063
-5343
-5548
-2217
-36
388
264
320
-5216
-5947
880
-5290
-19608
-100
127
-5750
-5616
-3531
-4558
-20994
205
852
-252
100
-7534
-5798
-5391
-5918
-6305
-274
480
-7788
-4561
-8818
-5778
-5116
-72
1558
152
-572
-4655
-7067
4323
-6233
-17485
53
751
-5031
-5446
4609
-5076
-17526
507
1451
-679
1791
-7513
-7562
-6594
-6655
-6551
-572
3592
-9315
-7864
-12632
-7837
-7660
-110
3634
-1
-928
-5812
-7497
8201
-6399
-29137
278
847
-8025
-8047
10527
-8135
-18693
968
1085
-545
560
-4080
-3955
-2983
-3981
-3996
-380
1496
-4886
-4705
-6220
-5004
-3378
-204
1183
-97
-63
-3042
-4654
2384
-3823
-17521
75
-921
-5257
-3954
3220
-5424
-14013
481
-1431
303
-112
-2421
-2394
-866
-2702
-3316
155
67
-3559
-2332
-3589
-3611
-1160
82
521
-189
1776
-2244
-2411
-2445
-3286
-19110
-206
348
-3462
-3125
-3986
-3715
-16901
42
-14
172
-1218
-5028
-2063
-5218
-1856
-3981
21
-801
-5157
-839
-4790
-2737
-2118
-113
-753
121
850
-348
-2694
-2649
-3954
-20680
-12
23
-1910
-3917
-3544
-2494
-25677
264
327
195
-189
-4932
782
-5769
-2962
-4692
-107
-614
-6102
1964
-6413
-4967
-3537
54
-425
105
119
-462
-5057
-4641
-4610
-15920
14
-66
-2276
-6221
-6941
-3864
-16951
68
26
239
-876
-4230
-434
-4427
-2524
-3986
93
-832
-4788
715
-4421
-3209
-1136
-32
-796
124
246
-3085
-4894
19
-3985
-18717
-103
-1449
-3539
-3640
-4239
-2373
-23212
107
-1883
58
101
-4358
-2022
-4498
-1041
-2899
-39
522
-5956
-1862
-4334
-3803
-577
-96
166
263
239
-2579
-3934
2978
-2928
-26890
-179
10
-4018
-3361
-2281
-2438
-23554
134
386
-424
-1151
-7559
-7184
-4803
-5830
-5632
-338
-628
-9713
-6940
-7278
-6892
-5561
-100
-1068
-39
1099
-5024
-6761
6610
-5601
-27204
11
2638
-6637
-6293
5607
-6002
-20015
484
4811
-1005
-840
-8382
-10677
-6431
-9740
-8916
-828
-661
-13699
-14210
-11920
-14103
-13182
-183
-914
-80
26
-9844
-9922
7894
-8886
-13175
336
-67
-14074
-13491
10521
-14238
18886
1112
-47
-718
-914
-3540
-5284
-830
-3820
-3926
-452
-1052
-3601
-6177
-3671
-4319
-4141
-315
-1200
-105
-2043
-5386
-4352
2407
-3613
-22318
221
-4110
-6557
-2201
3578
-4522
-21169
726
-5839
336
249
-1744
-2450
-1017
-2498
-3452
338
-289
-2268
-2366
-3307
-3563
-1822
203
-753
-370
795
-3160
-1214
-3665
-3355
-18794
-340
54
-3694
-3508
-4338
-3529
-18514
-74
150
406
465
-3250
-2886
-648
-2459
-3802
168
798
-4189
-2620
-3976
-3213
-874
-46
-235
17
-83
-1743
-1951
-4888
-3812
-18616
-148
-539
-3565
-4297
-5272
-2301
-19440
22
60
421
304
-4084
-1277
-1817
-2852
-3669
-21
-46
-7832
-2246
-7387
-6067
-162
-57
-58
51
86
455
-3997
-4068
-3691
-24408
-143
386
-3603
-6993
-7980
-4195
-13315
-124
859
124
-511
-2674
-426
-1503
-1843
-2644
-8
-1013
-5584
-1426
-5168
-4626
212
-103
-1204
65
698
-1368
-3009
-2030
-2567
-26334
22
-196
-4386
-4464
-5187
-2346
-20301
39
-928
4
96
-6228
-2306
-4502
-2456
-4350
6
105
-6923
-1589
-5625
-3556
-2041
4
-353
54
-340
-1108
-5640
-74
-4341
-16068
-50
201
-2763
-3777
-1610
-2423
-18727
98
-789
86
147
-7404
-6313
-4931
-5708
-5684
-152
-102
-7689
-4997
-7273
-5171
-5039
8
-1030
-20
-2046
-925
-5954
2687
-5476
-16528
-219
-2399
-2026
-4942
3198
-4260
-17754
103
-1658
-359
-1649
-5693
-5180
539
-4615
-4708
-327
-1790
-4732
-5024
-4302
-4198
-4001
-343
-3588
-62
-204
-2326
-4400
-604
-4372
-25006
153
-862
-3692
-3986
2078
-3295
-28177
565
-798
-321
124
-1949
-1893
-564
-2049
-2215
-128
-447
-1161
-1815
-2761
-2557
-3104
-149
-1553
-224
-657
-1319
-2775
-683
-2064
-18377
-46
-820
-1738
-1806
701
-2063
-21296
122
-830
153
-946
-1787
-2270
-1770
-1248
-2911
95
-800
-2485
-2305
-4972
-2954
-1028
112
-681
-236
634
-990
-2199
-3362
-2832
-19433
-245
432
-2205
-3811
-4782
-2305
-18507
4
337
100
-1228
-2533
-2295
704
-389
-2650
0
-478
-2843
-2204
-4264
-1644
-746
-79
299
-52
389
-2174
-1841
-3750
-2524
-22474
-113
-500
-3581
-3039
-5012
837
-21591
52
743
135
-851
-3839
-2808
278
597
-3230
93
-623
-4558
-2547
-4324
-1474
-669
-136
-94
90
461
-1655
-2565
-4659
-3036
-17354
-114
-26
-3022
-3440
-6282
690
-16722
-72
386
-36
-17
-2814
-1107
490
460
-2514
-62
-618
-4401
-1410
-3491
-2452
-589
-240
-210
296
301
-1884
-1864
-5285
-2435
-21406
-14
-313
-3912
-3817
-6458
237
-18617
150
-517
-198
-186
-4625
-298
-328
-962
-3162
-216
-665
-6787
-46
-4012
-3890
-494
-205
-108
237
-870
-1923
-3274
-3972
-2990
-20234
-116
-82
-5398
-4665
-4996
-1638
-16026
195
-374
-372
865
-5400
-1244
-2025
-3970
-4239
-245
560
-7708
-375
-6834
-5938
-4713
-209
408
27
-1130
-3300
-4157
-283
-3881
-25388
-115
-958
-6359
-5475
-103
-4032
-17915
371
-379
-756
1641
-4155
-1378
-2051
-4095
-4249
-415
2822
-6466
-2675
-7883
-6965
-6566
-377
2126
-30
541
-4427
-4986
268
-3920
-27015
276
659
-7747
-6912
1910
-5443
-15600
707
4
-531
1522
-3121
1037
-333
-2295
-2925
-306
2176
-3491
1006
-3521
-4350
-4763
-225
1148
-38
-851
-2908
-3747
-3591
-2791
-17863
63
-432
-4332
-4225
-2064
-3641
-15890
230
-686
-158
-1420
-2865
-2573
-1374
-576
-2678
-225
-1458
-2916
-2757
-3656
-1488
13
-87
-576
-133
77
-1245
-3082
-1421
-2693
-15304
-53
172
-1136
-3073
-3928
-2125
-18677
103
-240
-470
-2101
-1643
-2067
-432
1448
-2003
-554
-1246
-2426
-3452
-3858
-551
25
-262
-693
17
-386
-2222
-2243
-2069
-1923
-23157
29
56
-2340
-2861
-5488
-1213
-21567
316
454
-487
-1714
-2120
-2195
-2046
1783
-2145
-506
-1047
-3027
-3442
-4668
-432
-1354
-267
-961
120
517
-476
-2111
-2671
-1914
-20908
13
-636
248
-2199
-6329
-650
-19379
240
-601
-310
-1403
-1950
-1152
-1100
1779
-1353
-435
-1314
-3214
-1773
-2470
-919
-1576
-340
-1231
321
482
-527
-899
-3173
-1215
-18492
-102
-1188
-447
-2100
-6062
-321
-14992
165
-1144
-447
-1697
-2526
-1212
628
776
-1903
-460
-1347
-4709
-2470
292
-2035
-1354
-287
-1467
282
368
-2212
-691
-3840
-1719
-18716
-83
815
-3502
-2834
-6124
-1529
-11987
261
1159
-832
-562
-4957
-1925
201
-1971
-3959
-576
-1261
-4466
-1139
206
-2212
-3821
-279
-1605
159
363
-5180
-2753
-3513
-3851
-19798
207
1740
-5539
-2865
-3401
-2704
-24217
618
2383
-984
-694
-5467
-1483
-1964
-3659
-5039
-671
-903
-6192
-2393
-2779
-4725
-6269
-377
-1065
50
-208
-7879
-4541
-918
-4871
-12649
416
439
-8084
-4734
-1667
-5957
-8536
750
-30
-647
-1221
-3246
0
-547
-2451
-3492
-535
-1347
-3115
-514
-1410
-3248
-3063
-210
-1232
72
-1665
-4618
-2961
-3996
-3442
-17443
130
-1890
-4317
-2270
-4935
-3515
-20495
462
-2105
0
0
0
0
0
0
0
0
0
0
0
-2701
-2793
-2727
-853
-2435
0
0
0
0
0
0
0
0
0
0
0
-681
-3016
324
-2520
-14154
0
0
0
0
0
0
0
0
0
0
0
-2689
-2767
-1460
-393
-2124
0
0
0
0
0
0
0
0
0
0
0
-1400
-2048
-138
-2122
-19966
0
0
0
0
0
0
0
0
0
0
0
-3478
-3710
-2814
-1008
-2845
0
0
0
0
0
0
0
0
0
0
0
-1795
-2274
62
-2871
-16064
0
0
0
0
0
0
0
0
0
0
0
-3037
-2963
-5493
-1477
-3257
0
0
0
0
0
0
0
0
0
0
0
-2596
-2431
1346
-3257
-14998
0
0
0
0
0
0
0
0
0
0
0
-3194
-2656
-4785
-524
-2621
0
0
0
0
0
0
0
0
0
0
0
-670
-2015
295
-2563
-20284
0
0
0
0
0
0
0
0
0
0
0
-3107
-2614
-3141
-446
-2282
0
0
0
0
0
0
0
0
0
0
0
-1484
-2374
1101
-2251
-20790
0
0
0
0
0
0
0
0
0
0
0
-2236
-1770
-731
-1117
-1629
0
0
0
0
0
0
0
0
0
0
0
-1226
-2408
791
-1560
-16459
0
0
0
0
0
0
0
0
0
0
0
-1958
-1138
-466
-1887
-1479
0
0
0
0
0
0
0
0
0
0
0
-918
-1572
398
-1318
-14643
0
0
0
0
0
0
0
0
0
0
0
-2350
-1767
-2545
140
-2053
0
0
0
0
0
0
0
0
0
0
0
-299
-3215
-1173
-2078
-20670
0
0
0
0
0
0
0
0
0
0
0
-3200
-2402
-2372
-1766
-2388
0
0
0
0
0
0
0
0
0
0
0
-1006
-3320
632
-2196
-23135
0
0
0
0
0
0
0
0
0
0
0
-3332
-3145
-2615
-1042
-2670
0
0
0
0
0
0
0
0
0
0
0
-2853
-362
-1123
-2761
-18619
0
0
0
0
0
0
0
0
0
0
0
-5164
-2848
-5838
-294
-4623
0
0
0
0
0
0
0
0
0
0
0
-3777
-3335
-1969
-4649
-13612
0
0
0
0
0
0
0
0
0
0
0
-5624
-2436
-6424
1250
-4213
0
0
0
0
0
0
0
0
0
0
0
-2976
-4990
-1282
-4081
-16794
0
0
0
0
0
0
0
0
0
0
0
-4623
-3272
-3508
1414
-3203
0
0
0
0
0
0
0
0
0
0
0
-3705
-3031
-778
-3149
-17548
0
0
0
0
0
0
0
0
0
0
0
-2489
-1755
-482
-1790
-2028
0
0
0
0
0
0
0
0
0
0
0
-2830
-1973
146
-1999
-19794
0
0
0
0
0
0
0
0
0
0
0
-1208
508
280
-2232
-1284
0
0
0
0
0
0
0
0
0
0
0
-1529
-1365
-797
-1138
-18533
0
0
0
0
0
0
0
0
0
0
0
-2716
-2035
-3242
1956
-2557
0
0
0
0
0
0
0
0
0
0
0
-1034
-4293
-2406
-2477
-17564
0
0
0
0
0
0
0
0
0
0
0
-2858
-1983
-4015
2485
-2722
0
0
0
0
0
0
0
0
0
0
0
-2696
-4929
-810
-2585
-18010
0
0
0
0
0
0
0
0
0
0
0
-3283
-1225
-2642
1335
-2375
0
0
0
0
0
0
0
0
0
0
0
-2917
-2733
-1132
-2510
-19130
0
0
0
0
0
0
0
0
0
0
0
-5617
-3614
-5355
4270
-4835
0
0
0
0
0
0
0
0
0
0
0
-3973
-5664
-4372
-4704
-16911
0
0
0
0
0
0
0
0
0
0
0
-5701
-3458
-6500
3822
-4891
0
0
0
0
0
0
0
0
0
0
0
-3986
-6338
-3404
-4656
-19234
0
0
0
0
0
0
0
0
0
0
0
-4772
-4526
-3400
1031
-4175
0
0
0
0
0
0
0
0
0
0
0
-3183
-5051
-2650
-4193
-17792
0
0
0
0
0
0
0
0
0
0
0
-2945
-4129
-2441
-1600
-3630
0
0
0
0
0
0
0
0
0
0
0
-3174
-4506
184
-3619
-16955
0
0
0
0
0
0
0
0
0
0
0
-1423
-1418
58
-1668
-1996
0
0
0
0
0
0
0
0
0
0
0
-1475
-2803
-1467
-1980
-14867
0
0
0
0
0
0
0
0
0
0
0
-1917
-2070
-2004
1654
-1890
0
0
0
0
0
0
0
0
0
0
0
-1086
-2486
-2575
-1790
-21044
0
0
0
0
0
0
0
0
0
0
0
-4563
-3188
-5367
3862
-3843
0
0
0
0
0
0
0
0
0
0
0
-2895
-4934
-3525
-4038
-15064
0
0
0
0
0
0
0
0
0
0
0
-4281
-1131
-3279
2909
-2694
0
0
0
0
0
0
0
0
0
0
0
-2214
-3958
-2779
-2787
-21197
0
0
0
0
0
0
0
0
0
0
0
-6122
-3950
-5676
4342
-4516
0
0
0
0
0
0
0
0
0
0
0
-4243
-5593
-2926
-4395
-14198
0
0
0
0
0
0
0
0
0
0
0
-6013
-3949
-7498
3123
-4830
0
0
0
0
0
0
0
0
0
0
0
-5123
-5330
-1133
-4691
-18156
0
0
0
0
0
0
0
0
0
0
0
-5395
-6474
-5847
-3359
-5530
0
0
0
0
0
0
0
0
0
0
0
-5237
-5510
2680
-5552
-15761
0
0
0
0
0
0
0
0
0
0
0
-5805
-7827
-5617
-6938
-6260
0
0
0
0
0
0
0
0
0
0
0
-5328
-6577
5258
-6174
-21743
0
0
0
0
0
0
0
0
0
0
0
-3296
-3855
-2755
-3743
-3597
0
0
0
0
0
0
0
0
0
0
0
-2466
-4183
1630
-3486
-15178
0
0
0
0
0
0
0
0
0
0
0
-1240
-2160
-1404
-68
-1653
0
0
0
0
0
0
0
0
0
0
0
-1441
-1054
-2262
-1579
-23995
0
0
0
0
0
0
0
0
0
0
0
-4519
-3267
-5183
539
-3543
0
0
0
0
0
0
0
0
0
0
0
-1610
-2009
-3554
-3795
-19828
0
0
0
0
0
0
0
0
0
0
0
-4324
-723
-5046
179
-2967
0
0
0
0
0
0
0
0
0
0
0
81
-3727
-3283
-3054
-18650
0
0
0
0
0
0
0
0
0
0
0
-3355
-1165
-3709
1214
-2286
0
0
0
0
0
0
0
0
0
0
0
-2163
-3287
-505
-2129
-23227
0
0
0
0
0
0
0
0
0
0
0
-4200
-3700
-5154
1975
-3351
0
0
0
0
0
0
0
0
0
0
0
-3556
-3914
154
-3389
-21009
0
0
0
0
0
0
0
0
0
0
0
-5103
-6095
-3650
-4378
-4193
0
0
0
0
0
0
0
0
0
0
0
-4593
-4007
4052
-4346
-29088
0
0
0
0
0
0
0
0
0
0
0
-8343
-8957
-1530
-11212
-6609
0
0
0
0
0
0
0
0
0
0
0
-6829
-6900
5544
-6776
-13255
0
0
0
0
0
0
0
0
0
0
0
-3970
-4700
-819
-5289
-4122
0
0
0
0
0
0
0
0
0
0
0
-4777
-2650
1448
-3713
-19586
0
0
0
0
0
0
0
0
0
0
0
-1838
-2136
-2308
-819
-2492
0
0
0
0
0
0
0
0
0
0
0
-1815
-1040
-3395
-2396
-20004
0
0
0
0
0
0
0
0
0
0
0
-2748
-3389
-1415
-650
-3129
0
0
0
0
0
0
0
0
0
0
0
-1390
-2359
-4316
-3040
-19288
0
0
0
0
0
0
0
0
0
0
0
-2164
-2370
-2180
328
-2662
0
0
0
0
0
0
0
0
0
0
0
-416
-3427
-3839
-2597
-24487
0
0
0
0
0
0
0
0
0
0
0
-2238
-1105
-2219
2089
-2036
0
0
0
0
0
0
0
0
0
0
0
-1800
-3314
-2215
-2003
-25592
0
0
0
0
0
0
0
0
0
0
0
-4417
-3179
-4157
798
-3752
0
0
0
0
0
0
0
0
0
0
0
-1650
-5656
-1484
-3794
-16164
0
0
0
0
0
0
0
0
0
0
0
-3200
-4234
-3019
-3482
-2894
0
0
0
0
0
0
0
0
0
0
0
-1020
-2519
870
-2893
-25748
0
0
0
0
0
0
0
0
0
0
0
-3224
-4871
1019
-4906
-3810
0
0
0
0
0
0
0
0
0
0
0
-1956
-4279
-1524
-3672
-25002
0
0
0
0
0
0
0
0
0
0
0
-2097
-2271
578
-2397
-2250
0
0
0
0
0
0
0
0
0
0
0
-541
-2856
-1073
-2080
-15877
0
0
0
0
0
0
0
0
0
0
0
-2495
-2203
-3529
-111
-2655
0
0
0
0
0
0
0
0
0
0
0
39
-2176
-3423
-2526
-17532
0
0
0
0
0
0
0
0
0
0
0
-3257
-2965
-1454
716
-3165
0
0
0
0
0
0
0
0
0
0
0
-1766
-2904
-3875
-3113
-18056
0
0
0
0
0
0
0
0
0
0
0
-3146
-3935
-2193
2603
-3796
0
0
0
0
0
0
0
0
0
0
0
-3126
-4305
-5232
-3699
-13689
0
0
0
0
0
0
0
0
0
0
0
-3314
-2317
-1936
3778
-2675
0
0
0
0
0
0
0
0
0
0
0
-2210
-3394
-4705
-2527
-19759
0
0
0
0
0
0
0
0
0
0
0
-3777
-2405
-2737
2005
-3417
0
0
0
0
0
0
0
0
0
0
0
-1712
-4584
-3603
-3155
-17189
0
0
0
0
0
0
0
0
0
0
0
-2862
-2383
-2383
-1997
-3228
0
0
0
0
0
0
0
0
0
0
0
-2910
-3377
-249
-3054
-24803
0
0
0
0
0
0
0
0
0
0
0
-4304
-2328
-801
-4217
-4147
0
0
0
0
0
0
0
0
0
0
0
-3330
-4913
-296
-4038
-20227
0
0
0
0
0
0
0
0
0
0
0
-4224
-692
-186
-1878
-3783
0
0
0
0
0
0
0
0
0
0
0
-1977
-4497
-3865
-3632
-9275
0
0
0
0
0
0
0
0
0
0
0
-2726
-2516
-2411
-1193
-2621
0
0
0
0
0
0
0
0
0
0
0
-448
-2413
-1584
-2420
-14032
0
0
0
0
0
0
0
0
0
0
0
-1931
-1453
-913
528
-1415
0
0
0
0
0
0
0
0
0
0
0
-730
-1793
-1712
-1354
-24410
0
0
0
0
0
0
0
0
0
0
0
-1755
-1335
-2205
877
-1504
0
0
0
0
0
0
0
0
0
0
0
-254
-1635
-2496
-1458
-21894
0
0
0
0
0
0
0
0
0
0
0
-1952
-1578
-2630
2531
-1744
0
0
0
0
0
0
0
0
0
0
0
-1442
-1467
-3473
-1670
-15849
0
0
0
0
0
0
0
0
0
0
0
-2534
-1818
-694
1219
-1986
0
0
0
0
0
0
0
0
0
0
0
-2411
-1922
-3268
-1894
-17875
0
0
0
0
0
0
0
0
0
0
0
-4531
-3211
-1051
-2687
-4518
0
0
0
0
0
0
0
0
0
0
0
-5479
-3947
-1881
-4558
-16196
0
0
0
0
0
0
0
0
0
0
0
-5049
-1750
470
-4207
-3792
0
0
0
0
0
0
0
0
0
0
0
-5757
-3311
-552
-3912
-14603
0
0
0
0
0
0
0
0
0
0
0
-4192
-990
-1059
-1562
-3372
0
0
0
0
0
0
0
0
0
0
0
-3131
-1807
-3988
-3106
-15521
0
0
0
0
0
0
0
0
0
0
0
0
0
0
0
0
0
0
0
0
0
0
0
0
0
0
0
0
0
0
0
0
0
0
0
0
0
0
0
0
0
0
0
0
0
0
0
0
0
0
0
0
0
0
0
0
0
0
0
0
0
0
0
0
0
0
0
0
0
0
0
0
0
0
0
0
0
0
0
0
0
0
0
0
0
0
0
0
0
0
0
0
0
0
0
0
0
0
0
0
0
0
0
0
0
0
0
0
0
0
0
0
0
0
0
0
0
0
0
0
0
0
0
0
0
0
0
0
0
0
0
0
0
0
0
0
0
0
0
0
0
0
0
0
0
0
0
0
0
0
0
0
0
0
0
0
0
0
0
0
0
0
0
0
0
0
0
0
0
0
0
0
0
0
0
0
0
0
0
0
0
0
0
0
0
0
0
0
0
0
0
0
0
0
0
0
0
0
0
0
0
0
0
0
0
0
0
0
0
0
0
0
0
0
0
0
0
0
0
0
0
0
0
0
0
0
0
0
0
0
0
0
0
0
0
0
0
0
0
0
0
0
0
0
0
0
0
0
0
0
0
0
0
0
0
0
0
0
0
0
0
0
0
0
0
0
0
0
0
0
0
0
0
0
0
0
0
0
0
0
0
0
0
0
0
0
0
0
0
0
0
0
0
0
0
0
0
0
0
0
0
0
0
0
0
0
0
0
0
0
0
0
0
0
0
0
0
0
0
0
0
0
0
0
0
0
0
0
0
0
0
0
0
0
0
0
0
0
0
0
0
0
0
0
0
0
0
0
0
0
0
0
0
0
0
0
0
0
0
0
0
0
0
0
0
0
0
0
0
0
0
0
0
0
0
0
0
0
0
0
0
0
0
0
0
0
0
0
0
0
0
0
0
0
0
0
0
0
0
0
0
0
0
0
0
0
0
0
0
0
0
0
0
0
0
0
0
0
0
0
0
0
0
0
0
0
0
0
0
0
0
0
0
0
0
0
0
0
0
0
0
0
0
0
0
0
0
0
0
0
0
0
0
0
0
0
0
0
0
0
0
0
0
0
0
0
0
0
0
0
0
0
0
0
0
0
0
0
0
0
0
0
0
0
0
0
0
0
0
0
0
0
0
0
0
0
0
0
0
0
0
0
0
0
0
0
0
0
0
0
0
0
0
0
0
0
0
0
0
0
0
0
0
0
0
0
0
0
0
0
0
0
0
0
0
0
0
0
0
0
0
0
0
0
0
0
0
0
0
0
0
0
0
0
0
0
0
0
0
0
0
0
0
0
0
0
0
0
0
0
0
0
0
0
0
0
0
0
0
0
0
0
0
0
0
0
0
0
0
0
0
0
0
0
0
0
0
0
0
0
0
0
0
0
0
0
0
0
0
0
0
0
0
0
0
0
0
0
0
0
0
0
0
0
0
0
0
0
0
0
0
0
0
0
0
0
0
0
0
0
0
0
0
0
0
0
0
0
0
0
0
0
0
0
0
0
0
0
0
0
0
0
0
0
0
0
0
0
0
0
0
0
0
0
0
0
0
0
0
0
0
0
0
0
0
0
0
0
0
0
0
0
0
0
0
0
0
0
0
0
0
0
0
0
0
0
0
0
0
0
0
0
0
0
0
0
0
0
0
0
0
0
0
0
0
0
0
0
0
0
0
0
0
0
0
0
0
0
0
0
0
0
0
0
0
0
0
0
0
0
0
0
0
0
0
0
0
0
0
0
0
0
0
0
0
0
0
0
0
0
0
0
0
0
0
0
0
0
0
0
0
0
0
0
0
0
0
0
0
0
0
0
0
0
0
0
0
0
0
0
0
0
0
0
0
0
0
0
0
0
0
0
0
0
0
0
0
0
0
0
0
0
0
0
0
0
0
0
0
0
0
0
0
0
0
0
0
0
0
0
0
0
0
0
0
0
0
0
0
0
0
0
0
0
0
0
0
0
0
0
0
0
0
0
0
0
0
0
0
0
0
0
0
0
0
0
0
0
0
0
0
0
0
0
0
0
0
0
0
0
0
0
0
0
0
0
0
0
0
0
0
0
0
0
0
0
0
0
0
0
0
0
0
0
0
0
0
0
0
0
0
0
0
0
0
0
0
0
0
0
0
0
0
0
0
0
0
0
0
0
0
0
0
0
0
0
0
0
0
0
0
0
0
0
0
0
0
0
0
0
0
0
0
0
0
0
0
0
0
0
0
0
0
0
0
0
0
0
0
0
0
0
0
0
0
0
0
0
0
0
0
0
0
0
0
0
0
0
0
0
0
0
0
0
0
0
0
0
0
0
0
0
0
0
0
0
0
0
0
0
0
0
0
0
0
0
0
0
0
0
0
0
0
0
0
0
0
0
0
0
0
0
0
0
0
0
0
0
0
0
0
0
0
0
0
0
0
0
0
0
0
0
0
0
0
0
0
0
0
0
0
0
0
0
0
0
0
0
0
0
0
0
0
0
0
0
0
0
0
0
0
0
0
0
0
0
0
0
0
0
0
0
0
0
0
0
0
0
0
0
0
0
0
0
0
0
0
0
0
0
0
0
0
0
0
0
0
0
0
0
0
0
0
0
0
0
0
0
0
0
0
0
0
0
0
0
0
0
0
0
0
0
0
0
0
0
0
0
0
0
0
0
0
0
0
0
0
0
0
0
0
0
0
0
0
0
0
0
0
0
0
0
0
0
0
0
0
0
0
0
0
0
0
0
0
0
0
0
0
0
0
0
0
0
0
0
0
0
0
0
0
0
0
0
0
0
0
0
0
0
0
0
0
0
0
0
0
0
0
0
0
0
0
0
0
0
0
0
0
0
0
0
0
0
0
0
0
0
0
0
0
0
0
0
0
0
0
0
0
0
0
0
0
0
0
0
0
0
0
0
0
0
0
0
0
0
0
0
0
0
0
0
0
0
0
0
0
0
0
0
0
0
0
0
0
0
0
0
0
0
0
0
0
0
0
0
0
0
0
0
0
0
0
0
0
0
0
0
0
0
0
0
0
0
0
0
0
0
0
0
0
0
0
0
0
0
0
0
0
0
0
0
0
0
0
0
0
0
0
0
0
0
0
0
0
0
0
0
0
0
0
0
0
0
0
0
0
0
0
0
0
0
0
0
0
0
0
0
0
0
0
0
0
0
0
0
0
0
0
0
0
0
0
0
0
0
0
0
0
0
0
0
0
0
0
0
0
0
0
0
0
0
0
0
0
0
0
0
0
0
0
0
0
0
0
0
0
0
0
0
0
0
0
0
0
0
0
0
0
0
0
0
0
0
0
0
0
0
0
0
0
0
0
0
0
0
0
0
0
0
0
0
0
0
0
0
0
0
0
0
0
0
0
0
0
0
0
0
0
0
0
0
0
0
0
0
0
0
0
0
0
0
0
0
0
0
0
0
0
0
0
0
0
0
0
0
0
0
0
0
0
0
0
0
0
0
0
0
0
0
0
0
0
0
0
0
0
0
0
0
0
0
0
0
0
0
0
0
0
0
0
0
0
0
0
0
0
0
0
0
0
0
0
0
0
0
0
0
0
0
0
0
0
0
0
0
0
0
0
0
0
0
0
0
0
0
0
0
0
0
0
0
0
0
0
0
0
0
0
0
0
0
0
0
0
0
0
0
0
0
0
0
0
0
0
0
0
0
0
0
0
0
0
0
0
0
0
0
0
0
0
0
0
0
0
0
0
0
0
0
0
0
0
0
0
0
0
0
0
0
0
0
0
0
0
0
0
0
0
0
0
0
0
0
0
0
0
0
0
0
0
0
0
0
0
0
0
0
0
0
0
0
0
0
0
0
0
0
0
0
0
0
0
0
0
0
0
0
0
0
0
0
0
0
0
0
0
0
0
0
0
0
0
0
0
0
0
0
0
0
0
0
0
0
0
0
0
0
0
0
0
0
0
0
0
0
0
0
0
0
0
0
0
0
0
0
0
0
0
0
0
0
0
0
0
0
0
0
0
0
0
0
0
0
0
0
0
0
0
0
0
0
0
0
0
0
0
0
0
0
0
0
0
0
0
0
0
0
0
0
0
0
0
0
0
0
0
0
0
0
0
0
0
0
0
0
0
0
0
0
0
0
0
0
0
0
0
0
0
0
0
0
0
0
0
0
0
0
0
0
0
0
0
0
0
0
0
0
0
0
0
0
0
0
0
0
0
0
0
0
0
0
0
0
0
0
0
0
0
0
0
0
0
0
0
0
0
0
0
0
0
0
0
0
0
0
0
0
0
0
0
0
0
0
0
0
0
0
0
0
0
0
0
0
0
0
0
0
0
0
0
0
0
0
0
0
0
0
0
0
0
0
0
0
0
0
0
0
0
0
0
0
0
0
0
0
0
0
0
0
0
0
0
0
0
0
0
0
0
0
0
0
0
0
0
0
0
0
0
0
0
0
0
0
0
0
0
0
0
0
0
0
0
0
0
0
0
0
0
0
0
0
0
0
0
0
0
0
0
0
0
0
0
0
0
0
0
0
0
0
0
0
0
0
0
0
0
0
0
0
0
0
0
0
0
0
0
0
0
0
0
0
0
0
0
0
0
0
0
0
0
0
0
0
0
0
0
0
0
0
0
0
0
0
0
0
0
0
0
0
0
0
0
0
0
0
0
0
0
0
0
0
0
0
0
0
0
0
0
0
0
0
0
0
0
0
0
0
0
0
0
0
0
0
0
0
0
0
0
0
0
0
0
0
0
0
0
0
0
0
0
0
0
0
0
0
0
0
0
0
0
0
0
0
0
0
0
0
0
0
0
0
0
0
0
0
0
0
0
0
0
0
0
0
0
0
0
0
0
0
0
0
0
0
0
0
0
0
0
0
0
0
0
0
0
0
0
0
0
0
0
0
0
0
0
0
0
0
0
0
0
0
0
0
0
0
0
0
0
0
0
0
0
0
0
0
0
0
0
0
0
0
0
0
0
0
0
0
0
0
0
0
0
0
0
0
0
0
0
0
0
0
0
0
0
0
0
0
0
0
0
0
0
0
0
0
0
0
0
0
0
0
0
0
0
0
0
0
0
0
0
0
0
0
0
0
0
0
0
0
0
0
0
0
0
0
0
0
0
0
0
0
0
0
0
0
0
0
0
0
0
0
0
0
0
0
0
0
0
0
0
0
0
0
0
0
0
0
0
0
0
0
0
0
0
0
0
0
0
0
0
0
0
0
0
0
0
0
0
0
0
0
0
0
0
0
0
0
0
0
0
0
0
0
0
0
0
0
0
0
0
0
0
0
0
0
0
0
0
0
0
0
0
0
0
0
0
0
0
0
0
0
0
0
0
0
0
0
0
0
0
0
0
0
0
0
0
0
0
0
0
0
0
0
0
0
0
0
0
0
0
0
0
0
0
0
0
0
0
0
0
0
0
0
0
0
0
0
0
0
0
0
0
0
0
0
0
0
0
0
0
0
0
0
0
0
0
0
0
0
0
0
0
0
0
0
0
0
0
0
0
0
0
0
0
0
0
0
0
0
0
0
0
0
0
0
0
0
0
0
0
0
0
0
0
0
0
0
0
0
0
0
0
0
0
0
0
0
0
0
0
0
0
0
0
0
0
0
0
0
0
0
0
0
0
0
0
0
0
0
0
0
0
0
0
0
0
0
0
0
0
0
0
0
0
0
0
0
0
0
0
0
0
0
0
0
0
0
0
0
0
0
0
0
0
0
0
0
0
0
0
0
0
0
0
0
0
0
0
0
0
0
0
0
0
0
0
0
0
0
0
0
0
0
0
0
0
0
0
0
0
0
0
0
0
0
0
0
0
0
0
0
0
0
0
0
0
0
0
0
0
0
0
0
0
0
0
0
0
0
0
0
0
0
0
0
0
0
0
0
0
0
0
0
0
0
0
0
0
0
0
0
0
0
0
0
0
0
0
0
0
0
0
0
0
0
0
0
0
0
0
0
0
0
0
0
0
0
0
0
0
0
0
0
0
0
0
0
0
0
0
0
0
0
0
0
0
0
0
0
0
0
0
0
0
0
0
0
0
0
0
0
0
0
0
0
0
0
0
0
0
0
0
0
0
0
0
0
0
0
0
0
0
0
0
0
0
0
0
0
0
0
0
0
0
0
0
0
0
0
0
0
0
0
0
0
0
0
0
0
0
0
0
0
0
0
0
0
0
0
0
0
0
0
0
0
0
0
0
0
0
0
0
0
0
0
0
0
0
0
0
0
0
0
0
0
0
0
0
0
0
0
0
0
0
0
0
0
0
0
0
0
0
0
0
0
0
0
0
0
0
0
0
0
0
0
0
0
0
0
0
0
0
0
0
0
0
0
0
0
0
0
0
0
0
0
0
0
0
0
0
0
0
0
0
0
0
0
0
0
0
0
0
0
0
0
0
0
0
0
0
0
0
0
0
0
0
0
0
0
0
0
0
0
0
0
0
0
0
0
0
0
0
0
0
0
0
0
0
0
0
0
0
0
0
0
0
0
0
0
0
0
0
0
0
0
0
0
0
0
0
0
0
0
0
0
0
0
0
0
0
0
0
0
0
0
0
0
0
0
0
0
0
0
0
0
0
0
0
0
0
0
0
0
0
0
0
0
0
0
0
0
0
0
0
0
0
0
0
0
0
0
0
0
0
0
0
0
0
0
0
0
0
0
0
0
0
0
0
0
0
0
0
0
0
0
0
0
0
0
0
0
0
0
0
0
0
0
0
0
0
0
0
0
0
0
0
0
0
0
0
0
0
0
0
0
0
0
0
0
0
0
0
0
0
0
0
0
0
0
0
0
0
0
0
0
0
0
0
0
0
0
0
0
0
0
0
0
0
0
0
0
0
0
0
0
0
0
0
0
0
0
0
0
0
0
0
0
0
0
0
0
0
0
0
0
0
0
0
0
0
0
0
0
0
0
0
0
0
0
0
0
0
0
0
0
0
0
0
0
0
0
0
0
0
0
0
0
0
0
0
0
0
0
0
0
0
0
0
0
0
0
0
0
0
0
0
0
0
0
0
0
0
0
0
0
0
0
0
0
0
0
0
0
0
0
0
0
0
0
0
0
0
0
0
0
0
0
0
0
0
0
0
0
0
0
0
0
0
0
0
0
0
0
0
0
0
0
0
0
0
0
0
0
0
0
0
0
0
0
0
0
0
0
0
0
0
0
0
0
0
0
0
0
0
0
0
0
0
0
0
0
0
0
0
0
0
0
0
0
0
0
0
0
0
0
0
0
0
0
0
0
0
0
0
0
0
0
0
0
0
0
0
0
0
0
0
0
0
0
0
0
0
0
0
0
0
0
0
0
0
0
0
0
0
0
0
0
0
0
0
0
0
0
0
0
0
0
0
0
0
0
0
0
0
0
0
0
0
0
0
0
0
0
0
0
0
0
0
0
0
0
0
0
0
0
0
0
0
0
0
0
0
0
0
0
0
0
0
0
0
0
0
0
0
0
0
0
0
0
0
0
0
0
0
0
0
0
0
0
0
0
0
0
0
0
0
0
0
0
0
0
0
0
0
0
0
0
0
0
0
0
0
0
0
0
0
0
0
0
0
0
0
0
0
0
0
0
0
0
0
0
0
0
0
0
0
0
0
0
0
0
0
0
0
0
0
0
0
0
0
0
0
0
0
0
0
0
0
0
0
0
0
0
0
0
0
0
0
0
0
0
0
0
0
0
0
0
0
0
0
0
0
0
0
0
0
0
0
0
0
0
0
0
0
0
0
0
0
0
0
0
0
0
0
0
0
0
0
0
0
0
0
0
0
0
0
0
0
0
0
0
0
0
0
0
0
0
0
0
0
0
0
0
0
0
0
0
0
0
0
0
0
0
0
0
0
0
0
0
0
0
0
0
0
0
0
0
0
0
0
0
0
0
0
0
0
0
0
0
0
0
0
0
0
0
0
0
0
0
0
0
0
0
0
0
0
0
0
0
0
0
0
0
0
0
0
0
0
0
0
0
0
0
0
0
0
0
0
0
0
0
0
0
0
0
0
0
0
0
0
0
0
0
0
0
0
0
0
0
0
0
0
0
0
0
0
0
0
0
0
0
0
0
0
0
0
0
0
0
0
0
0
0
0
0
0
0
0
0
0
0
0
0
0
0
0
0
0
0
0
0
0
0
0
0
0
0
0
0
0
0
0
0
0
0
0
0
0
0
0
0
0
0
0
0
0
0
0
0
0
0
0
0
0
0
0
0
0
0
0
0
0
0
0
0
0
0
0
0
0
0
0
0
0
0
0
0
0
0
0
0
0
0
0
0
0
0
0
0
0
0
0
0
0
0
0
0
0
0
0
0
0
0
0
0
0
0
0
0
0
0
0
0
0
0
0
0
0
0
0
0
0
0
0
0
0
0
0
0
0
0
0
0
0
0
0
0
0
0
0
0
0
0
0
0
0
0
0
0
0
0
0
0
0
0
0
0
0
0
0
0
0
0
0
0
0
0
0
0
0
0
0
0
0
0
0
0
0
0
0
0
0
0
0
0
0
0
0
0
0
0
0
0
0
0
0
0
0
0
0
0
0
0
0
0
0
0
0
0
0
0
0
0
0
0
0
0
0
0
0
0
0
0
0
0
0
0
0
0
0
0
0
0
0
0
0
0
0
0
0
0
0
0
0
0
0
0
0
0
0
0
0
0
0
0
0
0
0
0
0
0
0
0
0
0
0
0
0
0
0
0
0
0
0
0
0
0
0
0
0
0
0
0
0
0
0
0
0
0
0
0
0
0
0
0
0
0
0
0
0
0
0
0
0
0
0
0
0
0
0
0
0
0
0
0
0
0
0
0
0
0
0
0
0
0
0
0
0
0
0
0
0
0
0
0
0
0
0
0
0
0
0
0
0
0
0
0
0
0
0
0
0
0
0
0
0
0
0
0
0
0
0
0
0
0
0
0
0
0
0
0
0
0
0
0
0
0
0
0
0
0
0
0
0
0
0
0
0
0
0
0
0
0
0
0
0
0
0
0
0
0
0
0
0
0
0
0
0
0
0
0
0
0
0
0
0
0
0
0
0
0
0
0
0
0
0
0
0
0
0
0
0
0
0
0
0
0
0
0
0
0
0
0
0
0
0
0
0
0
0
0
0
0
0
0
0
0
0
0
0
0
0
0
0
0
0
0
0
0
0
0
0
0
0
0
0
0
0
0
0
0
0
0
0
0
0
0
0
0
0
0
0
0
0
0
0
0
0
0
0
0
0
0
0
0
0
0
0
0
0
0
0
0
0
0
0
0
0
0
0
0
0
0
0
0
0
0
0
0
0
0
0
0
0
0
0
0
0
0
0
0
0
0
0
0
0
0
0
0
0
0
0
0
0
0
0
0
0
0
0
0
0
0
0
0
0
0
0
0
0
0
0
0
0
0
0
0
0
0
0
0
0
0
0
0
0
0
0
0
0
0
0
0
0
0
0
0
0
0
0
0
0
0
0
0
0
0
0
0
0
0
0
0
0
0
0
0
0
0
0
0
0
0
0
0
0
0
0
0
0
0
0
0
0
0
0
0
0
0
0
0
0
0
0
0
0
0
0
0
0
0
0
0
0
0
0
0
0
0
0
0
0
0
0
0
0
0
0
0
0
0
0
0
0
0
0
0
0
0
0
0
0
0
0
0
0
0
0
0
0
0
0
0
0
0
0
0
0
0
0
0
0
0
0
0
0
0
0
0
0
0
0
0
0
0
0
0
0
0
0
0
0
0
0
0
0
0
0
0
0
0
0
0
0
0
0
0
0
0
0
0
0
0
0
0
0
0
0
0
0
0
0
0
0
0
0
0
0
0
0
0
0
0
0
0
0
0
0
0
0
0
0
0
0
0
0
0
0
0
0
0
0
0
0
0
0
0
0
0
0
0
0
0
0
0
0
0
0
0
0
0
0
0
0
0
0
0
0
0
0
0
0
0
0
0
0
0
0
0
0
0
0
0
0
0
0
0
0
0
0
0
0
0
0
0
0
0
0
0
0
0
0
0
0
0
0
0
0
0
0
0
0
0
0
0
0
0
0
0
0
0
0
0
0
0
0
0
0
0
0
0
0
0
0
0
0
0
0
0
0
0
0
0
0
0
0
0
0
0
0
0
0
0
0
0
0
0
0
0
0
0
0
0
0
0
0
0
0
0
0
0
0
0
0
0
0
0
0
0
0
0
0
0
0
0
0
0
0
0
0
0
0
0
0
0
0
0
0
0
0
0
0
0
0
0
0
0
0
0
0
0
0
0
0
0
0
0
0
0
0
0
0
0
0
0
0
0
0
0
0
0
0
0
0
0
0
0
0
0
0
0
0
0
0
0
0
0
0
0
0
0
0
0
0
0
0
0
0
0
0
0
0
0
0
0
0
0
0
0
0
0
0
0
0
0
0
0
0
0
0
0
0
0
0
0
0
0
0
0
0
0
0
0
0
0
0
0
0
0
0
0
0
0
0
0
0
0
0
0
0
0
0
0
0
0
0
0
0
0
0
0
0
0
0
0
0
0
0
0
0
0
0
0
0
0
0
0
0
0
0
0
0
0
0
0
0
0
0
0
0
0
0
0
0
0
0
0
0
0
0
0
0
0
0
0
0
0
0
0
0
0
0
0
0
0
0
0
0
0
0
0
0
0
0
0
0
0
0
0
0
0
0
0
0
0
0
0
0
0
0
0
0
0
0
0
0
0
0
0
0
0
0
0
0
0
0
0
0
0
0
0
0
0
0
0
0
0
0
0
0
0
0
0
0
0
0
0
0
0
0
0
0
0
0
0
0
0
0
0
0
0
0
0
0
0
0
0
0
0
0
0
0
0
0
0
0
0
0
0
0
0
0
0
0
0
0
0
0
0
0
0
0
0
0
0
0
0
0
0
0
0
0
0
0
0
0
0
0
0
0
0
0
0
0
0
0
0
0
0
0
0
0
0
0
0
0
0
0
0
0
0
0
0
0
0
0
0
0
0
0
0
0
0
0
0
0
0
0
0
0
0
0
0
0
0
0
0
0
0
0
0
0
0
0
0
0
0
0
0
0
0
0
0
0
0
0
0
0
0
0
0
0
0
0
0
0
0
0
0
0
0
0
0
0
0
0
0
0
0
0
0
0
0
0
0
0
0
0
0
0
0
0
0
0
0
0
0
0
0
0
0
0
0
0
0
0
0
0
0
0
0
0
0
0
0
0
0
0
0
0
0
0
0
0
0
0
0
0
0
0
0
0
0
0
0
0
0
0
0
0
0
0
0
0
0
0
0
0
0
0
0
0
0
0
0
0
0
0
0
0
0
0
0
0
0
0
0
0
0
0
0
0
0
0
0
0
0
0
0
0
0
0
0
0
0
0
0
0
0
0
0
0
0
0
0
0
0
0
0
0
0
0
0
0
0
0
0
0
0
0
0
0
0
0
0
0
0
0
0
0
0
0
0
0
0
0
0
0
0
0
0
0
0
0
0
0
0
0
0
0
0
0
0
0
0
0
0
0
0
0
0
0
0
0
0
0
0
0
0
0
0
0
0
0
0
0
0
0
0
0
0
0
0
0
0
0
0
0
0
0
0
0
0
0
0
0
0
0
0
0
0
0
0
0
0
0
0
0
0
0
0
0
0
0
0
0
0
0
0
0
0
0
0
0
0
0
0
0
0
0
0
0
0
0
0
0
0
0
0
0
0
0
0
0
0
0
0
0
0
0
0
0
0
0
0
0
0
0
0
0
0
0
0
0
0
0
0
0
0
0
0
0
0
0
0
0
0
0
0
0
0
0
0
0
0
0
0
0
0
0
0
0
0
0
0
0
0
0
0
0
0
0
0
0
0
0
0
0
0
0
0
0
0
0
0
0
0
0
0
0
0
0
0
0
0
0
0
0
0
0
0
0
0
0
0
0
0
0
0
0
0
0
0
0
0
0
0
0
0
0
0
0
0
0
0
0
0
0
0
0
0
0
0
0
0
0
0
0
0
0
0
0
0
0
0
0
0
0
0
0
0
0
0
0
0
0
0
0
0
0
0
0
0
0
0
0
0
0
0
0
0
0
0
0
0
0
0
0
0
0
0
0
0
0
0
0
0
0
0
0
0
0
0
0
0
0
0
0
0
0
0
0
0
0
0
0
0
0
0
0
0
0
0
0
0
0
0
0
0
0
0
0
0
0
0
0
0
0
0
0
0
0
0
0
0
0
0
0
0
0
0
0
0
0
0
0
0
0
0
0
0
0
0
0
0
0
0
0
0
0
0
0
0
0
0
0
0
0
0
0
0
0
0
0
0
0
0
0
0
0
0
0
0
0
0
0
0
0
0
0
0
0
0
0
0
0
0
0
0
0
0
0
0
0
0
0
0
0
0
0
0
0
0
0
0
0
0
0
0
0
0
0
0
0
0
0
0
0
0
0
0
0
0
0
0
0
0
0
0
0
0
0
0
0
0
0
0
0
0
0
0
0
0
0
0
0
0
0
0
0
0
0
0
0
0
0
0
0
0
0
0
0
0
0
0
0
0
0
0
0
0
0
0
0
0
0
0
0
0
0
0
0
0
0
0
0
0
0
0
0
0
0
0
0
0
0
0
0
0
0
0
0
0
0
0
0
0
0
0
0
0
0
0
0
0
0
0
0
0
0
0
0
0
0
0
0
0
0
0
0
0
0
0
0
0
0
0
0
0
0
0
0
0
0
0
0
0
0
0
0
0
0
0
0
0
0
0
0
0
0
0
0
0
0
0
0
0
0
0
0
0
0
0
0
0
0
0
0
0
0
0
0
0
0
0
0
0
0
0
0
0
0
0
0
0
0
0
0
0
0
0
0
0
0
0
0
0
0
0
0
0
0
0
0
0
0
0
0
0
0
0
0
0
0
0
0
0
0
0
0
0
0
0
0
0
0
0
0
0
0
0
0
0
0
0
0
0
0
0
0
0
0
0
0
0
0
0
0
0
0
0
0
0
0
0
0
0
0
0
0
0
0
0
0
0
0
0
0
0
0
0
0
0
0
0
0
0
0
0
0
0
0
0
0
0
0
0
0
0
0
0
0
0
0
0
0
0
0
0
0
0
0
0
0
0
0
0
0
0
0
0
0
0
0
0
0
0
0
0
0
0
0
0
0
0
0
0
0
0
0
0
0
0
0
0
0
0
0
0
0
0
0
0
0
0
0
0
0
0
0
0
0
0
0
0
0
0
0
0
0
0
0
0
0
0
0
0
0
0
0
0
0
0
0
0
0
0
0
0
0
0
0
0
0
0
0
0
0
0
0
0
0
0
0
0
0
0
0
0
0
0
0
0
0
0
0
0
0
0
0
0
0
0
0
0
0
0
0
0
0
0
0
0
0
0
0
0
0
0
0
0
0
0
0
0
0
0
0
0
0
0
0
0
0
0
0
0
0
0
0
0
0
0
0
0
0
0
0
0
0
0
0
0
0
0
0
0
0
0
0
0
0
0
0
0
0
0
0
0
0
0
0
0
0
0
0
0
0
0
0
0
0
0
0
0
0
0
0
0
0
0
0
0
0
0
0
0
0
0
0
0
0
0
0
0
0
0
0
0
0
0
0
0
0
0
0
0
0
0
0
0
0
0
0
0
0
0
0
0
0
0
0
0
0
0
0
0
0
0
0
0
0
0
0
0
0
0
0
0
0
0
0
0
0
0
0
0
0
0
0
0
0
0
0
0
0
0
0
0
0
0
0
0
0
0
0
0
0
0
0
0
0
0
0
0
0
0
0
0
0
0
0
0
0
0
0
0
0
0
0
0
0
0
0
0
0
0
0
0
0
0
0
0
0
0
0
0
0
0
0
0
0
0
0
0
0
0
0
0
0
0
0
0
0
0
0
0
0
0
0
0
0
0
0
0
0
0
0
0
0
0
0
0
0
0
0
0
0
0
0
0
0
0
0
0
0
0
0
0
0
0
0
0
0
0
0
0
0
0
0
0
0
0
0
0
0
0
0
0
0
0
0
0
0
0
0
0
0
0
0
0
0
0
0
0
0
0
0
0
0
0
0
0
0
0
0
0
0
0
0
0
0
0
0
0
0
0
0
0
0
0
0
0
0
0
0
0
0
0
0
0
0
0
0
0
0
0
0
0
0
0
0
0
0
0
0
0
0
0
0
0
0
0
0
0
0
0
0
0
0
0
0
0
0
0
0
0
0
0
0
0
0
0
0
0
0
0
0
0
0
0
0
0
0
0
0
0
0
0
0
0
0
0
0
0
0
0
0
0
0
0
0
0
0
0
0
0
0
0
0
0
0
0
0
0
0
0
0
0
0
0
0
0
0
0
0
0
0
0
0
0
0
0
0
0
0
0
0
0
0
0
0
0
0
0
0
0
0
0
0
0
0
0
0
0
0
0
0
0
0
0
0
0
0
0
0
0
0
0
0
0
0
0
0
0
0
0
0
0
0
0
0
0
0
0
0
0
0
0
0
0
0
0
0
0
0
0
0
0
0
0
0
0
0
0
0
0
0
0
0
0
0
0
0
0
0
0
0
0
0
0
0
0
0
0
0
0
0
0
0
0
0
0
0
0
0
0
0
0
0
0
0
0
0
0
0
0
0
0
0
0
0
0
0
0
0
0
0
0
0
0
0
0
0
0
0
0
0
0
0
0
0
0
0
0
0
0
0
0
0
0
0
0
0
0
0
0
0
0
0
0
0
0
0
0
0
0
0
0
0
0
0
0
0
0
0
0
0
0
0
0
0
0
0
0
0
0
0
0
0
0
0
0
0
0
0
0
0
0
0
0
0
0
0
0
0
0
0
0
0
0
0
0
0
0
0
0
0
0
0
0
0
0
0
0
0
0
0
0
0
0
0
0
0
0
0
0
0
0
0
0
0
0
0
0
0
0
0
0
0
0
0
0
0
0
0
0
0
0
0
0
0
0
0
0
0
0
0
0
0
0
0
0
0
0
0
0
0
0
0
0
0
0
0
0
0
0
0
0
0
0
0
0
0
0
0
0
0
0
0
0
0
0
0
0
0
0
0
0
0
0
0
0
0
0
0
0
0
0
0
0
0
0
0
0
0
0
0
0
0
0
0
0
0
0
0
0
0
0
0
0
0
0
0
0
0
0
0
0
0
0
0
0
0
0
0
0
0
0
0
0
0
0
0
0
0
0
0
0
0
0
0
0
0
0
0
0
0
0
0
0
0
0
0
0
0
0
0
0
0
0
0
0
0
0
0
0
0
0
0
0
0
0
0
0
0
0
0
0
0
0
0
0
0
0
0
0
0
0
0
0
0
0
0
0
0
0
0
0
0
0
0
0
0
0
0
0
0
0
0
0
0
0
0
0
0
0
0
0
0
0
0
0
0
0
0
0
0
0
0
0
0
0
0
0
0
0
0
0
0
0
0
0
0
0
0
0
0
0
0
0
0
0
0
0
0
0
0
0
0
0
0
0
0
0
0
0
0
0
0
0
0
0
0
0
0
0
0
0
0
0
0
0
0
0
0
0
0
0
0
0
0
0
0
0
0
0
0
0
0
0
0
0
0
0
0
0
0
0
0
0
0
0
0
0
0
0
0
0
0
0
0
0
0
0
0
0
0
0
0
0
0
0
0
0
0
0
0
0
0
0
0
0
0
0
0
0
0
0
0
0
0
0
0
0
0
0
0
0
0
0
0
0
0
0
0
0
0
0
0
0
0
0
0
0
0
0
0
0
0
0
0
0
0
0
0
0
0
0
0
0
0
0
0
0
0
0
0
0
0
0
0
0
0
0
0
0
0
0
0
0
0
0
0
0
0
0
0
0
0
0
0
0
0
0
0
0
0
0
0
0
0
0
0
0
0
0
0
0
0
0
0
0
0
0
0
0
0
0
0
0
0
0
0
0
0
0
0
0
0
0
0
0
0
0
0
0
0
0
0
0
0
0
0
0
0
0
0
0
0
0
0
0
0
0
0
0
0
0
0
0
0
0
0
0
0
0
0
0
0
0
0
0
0
0
0
0
0
0
0
0
0
0
0
0
0
0
0
0
0
0
0
0
0
0
0
0
0
0
0
0
0
0
0
0
0
0
0
0
0
0
0
0
0
0
0
0
0
0
0
0
0
0
0
0
0
0
0
0
0
0
0
0
0
0
0
0
0
0
0
0
0
0
0
0
0
0
0
0
0
0
0
0
0
0
0
0
0
0
0
0
0
0
0
0
0
0
0
0
0
0
0
0
0
0
0
0
0
0
0
0
0
0
0
0
0
0
0
0
0
0
0
0
0
0
0
0
0
0
0
0
0
0
0
0
0
0
0
0
0
0
0
0
0
0
0
0
0
0
0
0
0
0
0
0
0
0
0
0
0
0
0
0
0
0
0
0
0
0
0
0
0
0
0
0
0
0
0
0
0
0
0
0
0
0
0
0
0
0
0
0
0
0
0
0
0
0
0
0
0
0
0
0
0
0
0
0
0
0
0
0
0
0
0
0
0
0
0
0
0
0
0
0
0
0
0
0
0
0
0
0
0
0
0
0
0
0
0
0
0
0
0
0
0
0
0
0
0
0
0
0
0
0
0
0
0
0
0
0
0
0
0
0
0
0
0
0
0
0
0
0
0
0
0
0
0
0
0
0
0
0
0
0
0
0
0
0
0
0
0
0
0
0
0
0
0
0
0
0
0
0
0
0
0
0
0
0
0
0
0
0
0
0
0
0
0
0
0
0
0
0
0
0
0
0
0
0
0
0
0
0
0
0
0
0
0
0
0
0
0
0
0
0
0
0
0
0
0
0
0
0
0
0
0
0
0
0
0
0
0
0
0
0
0
0
0
0
0
0
0
0
0
0
0
0
0
0
0
0
0
0
0
0
0
0
0
0
0
0
0
0
0
0
0
0
0
0
0
0
0
0
0
0
0
0
0
0
0
0
0
0
0
0
0
0
0
0
0
0
0
0
0
0
0
0
0
0
0
0
0
0
0
0
0
0
0
0
0
0
0
0
0
0
0
0
0
0
0
0
0
0
0
0
0
0
0
0
0
0
0
0
0
0
0
0
0
0
0
0
0
0
0
0
0
0
0
0
0
0
0
0
0
0
0
0
0
0
0
0
0
0
0
0
0
0
0
0
0
0
0
0
0
0
0
0
0
0
0
0
0
0
0
0
0
0
0
0
0
0
0
0
0
0
0
0
0
0
0
0
0
0
0
0
0
0
0
0
0
0
0
0
0
0
0
0
0
0
0
0
0
0
0
0
0
0
0
0
0
0
0
0
0
0
0
0
0
0
0
0
0
0
0
0
0
0
0
0
0
0
0
0
0
0
0
0
0
0
0
0
0
0
0
0
0
0
0
0
0
0
0
0
0
0
0
0
0
0
0
0
0
0
0
0
0
0
0
0
0
0
0
0
0
0
0
0
0
0
0
0
0
0
0
0
0
0
0
0
0
0
0
0
0
0
0
0
0
0
0
0
0
0
0
0
0
0
0
0
0
0
0
0
0
0
0
0
0
0
0
0
0
0
0
0
0
0
0
0
0
0
0
0
0
0
0
0
0
0
0
0
0
0
0
0
0
0
0
0
0
0
0
0
0
0
0
0
0
0
0
0
0
0
0
0
0
0
0
0
0
0
0
0
0
0
0
0
0
0
0
0
0
0
0
0
0
0
0
0
0
0
0
0
0
0
0
0
0
0
0
0
0
0
0
0
0
0
0
0
0
0
0
0
0
0
0
0
0
0
0
0
0
0
0
0
0
0
0
0
0
0
0
0
0
0
0
0
0
0
0
0
0
0
0
0
0
0
0
0
0
0
0
0
0
0
0
0
0
0
0
0
0
0
0
0
0
0
0
0
0
0
0
0
0
0
0
0
0
0
0
0
0
0
0
0
0
0
0
0
0
0
0
0
0
0
0
0
0
0
0
0
0
0
0
0
0
0
0
0
0
0
0
0
0
0
0
0
0
0
0
0
0
0
0
0
0
0
0
0
0
0
0
0
0
0
0
0
0
0
0
0
0
0
0
0
0
0
0
0
0
0
0
0
0
0
0
0
0
0
0
0
0
0
0
0
0
0
0
0
0
0
0
0
0
0
0
0
0
0
0
0
0
0
0
0
0
0
0
0
0
0
0
0
0
0
0
0
0
0
0
0
0
0
0
0
0
0
0
0
0
0
0
0
0
0
0
0
0
0
0
0
0
0
0
0
0
0
0
0
0
0
0
0
0
0
0
0
0
0
0
0
0
0
0
0
0
0
0
0
0
0
0
0
0
0
0
0
0
0
0
0
0
0
0
0
0
0
0
0
0
0
0
0
0
0
0
0
0
0
0
0
0
0
0
0
0
0
0
0
0
0
0
0
0
0
0
0
0
0
0
0
0
0
0
0
0
0
0
0
0
0
0
0
0
0
0
0
0
0
0
0
0
0
0
0
0
0
0
0
0
0
0
0
0
0
0
0
0
0
0
0
0
0
0
0
0
0
0
0
0
0
0
0
0
0
0
0
0
0
0
0
0
0
0
0
0
0
0
0
0
0
0
0
0
0
0
0
0
0
0
0
0
0
0
0
0
0
0
0
0
0
0
0
0
0
0
0
0
0
0
0
0
0
0
0
0
0
0
0
0
0
0
0
0
0
0
0
0
0
0
0
0
0
0
0
0
0
0
0
0
0
0
0
0
0
0
0
0
0
0
0
0
0
0
0
0
0
0
0
0
0
0
0
0
0
0
0
0
0
0
0
0
0
0
0
0
0
0
0
0
0
0
0
0
0
0
0
0
0
0
0
0
0
0
0
0
0
0
0
0
0
0
0
0
0
0
0
0
0
0
0
0
0
0
0
0
0
0
0
0
0
0
0
0
0
0
0
0
0
0
0
0
0
0
0
0
0
0
0
0
0
0
0
0
0
0
0
0
0
0
0
0
0
0
0
0
0
0
0
0
0
0
0
0
0
0
0
0
0
0
0
0
0
0
0
0
0
0
0
0
0
0
0
0
0
0
0
0
0
0
0
0
0
0
0
0
0
0
0
0
0
0
0
0
0
0
0
0
0
0
0
0
0
0
0
0
0
0
0
0
0
0
0
0
0
0
0
0
0
0
0
0
0
0
0
0
0
0
0
0
0
0
0
0
0
0
0
0
0
0
0
0
0
0
0
0
0
0
0
0
0
0
0
0
0
0
0
0
0
0
0
0
0
0
0
0
0
0
0
0
0
0
0
0
0
0
0
0
0
0
0
0
0
0
0
0
0
0
0
0
0
0
0
0
0
0
0
0
0
0
0
0
0
0
0
0
0
0
0
0
0
0
0
0
0
0
0
0
0
0
0
0
0
0
0
0
0
0
0
0
0
0
0
0
0
0
0
0
0
0
0
0
0
0
0
0
0
0
0
0
0
0
0
0
0
0
0
0
0
0
0
0
0
0
0
0
0
0
0
0
0
0
0
0
0
0
0
0
0
0
0
0
0
0
0
0
0
0
0
0
0
0
0
0
0
0
0
0
0
0
0
0
0
0
0
0
0
0
0
0
0
0
0
0
0
0
0
0
0
0
0
0
0
0
0
0
0
0
0
0
0
0
0
0
0
0
0
0
0
0
0
0
0
0
0
0
0
0
0
0
0
0
0
0
0
0
0
0
0
0
0
0
0
0
0
0
0
0
0
0
0
0
0
0
0
0
0
0
0
0
0
0
0
0
0
0
0
0
0
0
0
0
0
0
0
0
0
0
0
0
0
0
0
0
0
0
0
0
0
0
0
0
0
0
0
0
0
0
0
0
0
0
0
0
0
0
0
0
0
0
0
0
0
0
0
0
0
0
0
0
0
0
0
0
0
0
0
0
0
0
0
0
0
0
0
0
0
0
0
0
0
0
0
0
0
0
0
0
0
0
0
0
0
0
0
0
0
0
0
0
0
0
0
0
0
0
0
0
0
0
0
0
0
0
0
0
0
0
0
0
0
0
0
0
0
0
0
0
0
0
0
0
0
0
0
0
0
0
0
0
0
0
0
0
0
0
0
0
0
0
0
0
0
0
0
0
0
0
0
0
0
0
0
0
0
0
0
0
0
0
0
0
0
0
0
0
0
0
0
0
0
0
0
0
0
0
0
0
0
0
0
0
0
0
0
0
0
0
0
0
0
0
0
0
0
0
0
0
0
0
0
0
0
0
0
0
0
0
0
0
0
0
0
0
0
0
0
0
0
0
0
0
0
0
0
0
0
0
0
0
0
0
0
0
0
0
0
0
0
0
0
0
0
0
0
0
0
0
0
0
0
0
0
0
0
0
0
0
0
0
0
0
0
0
0
0
0
0
0
0
0
0
0
0
0
0
0
0
0
0
0
0
0
0
0
0
0
0
0
0
0
0
0
0
0
0
0
0
0
0
0
0
0
0
0
0
0
0
0
0
0
0
0
0
0
0
0
0
0
0
0
0
0
0
0
0
0
0
0
0
0
0
0
0
0
0
0
0
0
0
0
0
0
0
0
0
0
0
0
0
0
0
0
0
0
0
0
0
0
0
0
0
0
0
0
0
0
0
0
0
0
0
0
0
0
0
0
0
0
0
0
0
0
0
0
0
0
0
0
0
0
0
0
0
0
0
0
0
0
0
0
0
0
0
0
0
0
0
0
0
0
0
0
0
0
0
0
0
0
0
0
0
0
0
0
0
0
0
0
0
0
0
0
0
0
0
0
0
0
0
0
0
0
0
0
0
0
0
0
0
0
0
0
0
0
0
0
0
0
0
0
0
0
0
0
0
0
0
0
0
0
0
0
0
0
0
0
0
0
0
0
0
0
0
0
0
0
0
0
0
0
0
0
0
0
0
0
0
0
0
0
0
0
0
0
0
0
0
0
0
0
0
0
0
0
0
0
0
0
0
0
0
0
0
0
0
0
0
0
0
0
0
0
0
0
0
0
0
0
0
0
0
0
0
0
0
0
0
0
0
0
0
0
0
0
0
0
0
0
0
0
0
0
0
0
0
0
0
0
0
0
0
0
0
0
0
0
0
0
0
0
0
0
0
0
0
0
0
0
0
0
0
0
0
0
0
0
0
0
0
0
0
0
0
0
0
0
0
0
0
0
0
0
0
0
0
0
0
0
0
0
0
0
0
0
0
0
0
0
0
0
0
0
0
0
0
0
0
0
0
0
0
0
0
0
0
0
0
0
0
0
0
0
0
0
0
0
0
0
0
0
0
0
0
0
0
0
0
0
0
0
0
0
0
0
0
0
0
0
0
0
0
0
0
0
0
0
0
0
0
0
0
0
0
0
0
0
0
0
0
0
0
0
0
0
0
0
0
0
0
0
0
0
0
0
0
0
0
0
0
0
0
0
0
0
0
0
0
0
0
0
0
0
0
0
0
0
0
0
0
0
0
0
0
0
0
0
0
0
0
0
0
0
0
0
0
0
0
0
0
0
0
0
0
0
0
0
0
0
0
0
0
0
0
0
0
0
0
0
0
0
0
0
0
0
0
0
0
0
0
0
0
0
0
0
0
0
0
0
0
0
0
0
0
0
0
0
0
0
0
0
0
0
0
0
0
0
0
0
0
0
0
0
0
0
0
0
0
0
0
0
0
0
0
0
0
0
0
0
0
0
0
0
0
0
0
0
0
0
0
0
0
0
0
0
0
0
0
0
0
0
0
0
0
0
0
0
0
0
0
0
0
0
0
0
0
0
0
0
0
0
0
0
0
0
0
0
0
0
0
0
0
0
0
0
0
0
0
0
0
0
0
0
0
0
0
0
0
0
0
0
0
0
0
0
0
0
0
0
0
0
0
0
0
0
0
0
0
0
0
0
0
0
0
0
0
0
0
0
0
0
0
0
0
0
0
0
0
0
0
0
0
0
0
0
0
0
0
0
0
0
0
0
0
0
0
0
0
0
0
0
0
0
0
0
0
0
0
0
0
0
0
0
0
0
0
0
0
0
0
0
0
0
0
0
0
0
0
0
0
0
0
0
0
0
0
0
0
0
0
0
0
0
0
0
0
0
0
0
0
0
0
0
0
0
0
0
0
0
0
0
0
0
0
0
0
0
0
0
0
0
0
0
0
0
0
0
0
0
0
0
0
0
0
0
0
0
0
0
0
0
0
0
0
0
0
0
0
0
0
0
0
0
0
0
0
0
0
0
0
0
0
0
0
0
0
0
0
0
0
0
0
0
0
0
0
0
0
0
0
0
0
0
0
0
0
0
0
0
0
0
0
0
0
0
0
0
0
0
0
0
0
0
0
0
0
0
0
0
0
0
0
0
0
0
0
0
0
0
0
0
0
0
0
0
0
0
0
0
0
0
0
0
0
0
0
0
0
0
0
0
0
0
0
0
0
0
0
0
0
0
0
0
0
0
0
0
0
0
0
0
0
0
0
0
0
0
0
0
0
0
0
0
0
0
0
0
0
0
0
0
0
0
0
0
0
0
0
0
0
0
0
0
0
0
0
0
0
0
0
0
0
0
0
0
0
0
0
0
0
0
0
0
0
0
0
0
0
0
0
0
0
0
0
0
0
0
0
0
0
0
0
0
0
0
0
0
0
0
0
0
0
0
0
0
0
0
0
0
0
0
0
0
0
0
0
0
0
0
0
0
0
0
0
0
0
0
0
0
0
0
0
0
0
0
0
0
0
0
0
0
0
0
0
0
0
0
0
0
0
0
0
0
0
0
0
0
0
0
0
0
0
0
0
0
0
0
0
0
0
0
0
0
0
0
0
0
0
0
0
0
0
0
0
0
0
0
0
0
0
0
0
0
0
0
0
0
0
0
0
0
0
0
0
0
0
0
0
0
0
0
0
0
0
0
0
0
0
0
0
0
0
0
0
0
0
0
0
0
0
0
0
0
0
0
0
0
0
0
0
0
0
0
0
0
0
0
0
0
0
0
0
0
0
0
0
0
0
0
0
0
0
0
0
0
0
0
0
0
0
0
0
0
0
0
0
0
0
0
0
0
0
0
0
0
0
0
0
0
0
0
0
0
0
0
0
0
0
0
0
0
0
0
0
0
0
0
0
0
0
0
0
0
0
0
0
0
0
0
0
0
0
0
0
0
0
0
0
0
0
0
0
0
0
0
0
0
0
0
0
0
0
0
0
0
0
0
0
0
0
0
0
0
0
0
0
0
0
0
0
0
0
0
0
0
0
0
0
0
0
0
0
0
0
0
0
0
0
0
0
0
0
0
0
0
0
0
0
0
0
0
0
0
0
0
0
0
0
0
0
0
0
0
0
0
0
0
0
0
0
0
0
0
0
0
0
0
0
0
0
0
0
0
0
0
0
0
0
0
0
0
0
0
0
0
0
0
0
0
0
0
0
0
0
0
0
0
0
0
0
0
0
0
0
0
0
0
0
0
0
0
0
0
0
0
0
0
0
0
0
0
0
0
0
0
0
0
0
0
0
0
0
0
0
0
0
0
0
0
0
0
0
0
0
0
0
0
0
0
0
0
0
0
0
0
0
0
0
0
0
0
0
0
0
0
0
0
0
0
0
0
0
0
0
0
0
0
0
0
0
0
0
0
0
0
0
0
0
0
0
0
0
0
0
0
0
0
0
0
0
0
0
0
0
0
0
0
0
0
0
0
0
0
0
0
0
0
0
0
0
0
0
0
0
0
0
0
0
0
0
0
0
0
0
0
0
0
0
0
0
0
0
0
0
0
0
0
0
0
0
0
0
0
0
0
0
0
0
0
0
0
0
0
0
0
0
0
0
0
0
0
0
0
0
0
0
0
0
0
0
0
0
0
0
0
0
0
0
0
0
0
0
0
0
0
0
0
0
0
0
0
0
0
0
0
0
0
0
0
0
0
0
0
0
0
0
0
0
0
0
0
0
0
0
0
0
0
0
0
0
0
0
0
0
0
0
0
0
0
0
0
0
0
0
0
0
0
0
0
0
0
0
0
0
0
0
0
0
0
0
0
0
0
0
0
0
0
0
0
0
0
0
0
0
0
0
0
0
0
0
0
0
0
0
0
0
0
0
0
0
0
0
0
0
0
0
0
0
0
0
0
0
0
0
0
0
0
0
0
0
0
0
0
0
0
0
0
0
0
0
0
0
0
0
0
0
0
0
0
0
0
0
0
0
0
0
0
0
0
0
0
0
0
0
0
0
0
0
0
0
0
0
0
0
0
0
0
0
0
0
0
0
0
0
0
0
0
0
0
0
0
0
0
0
0
0
0
0
0
0
0
0
0
0
0
0
0
0
0
0
0
0
0
0
0
0
0
0
0
0
0
0
0
0
0
0
0
0
0
0
0
0
0
0
0
0
0
0
0
0
0
0
0
0
0
0
0
0
0
0
0
0
0
0
0
0
0
0
0
0
0
0
0
0
0
0
0
0
0
0
0
0
0
0
0
0
0
0
0
0
0
0
0
0
0
0
0
0
0
0
0
0
0
0
0
0
0
0
0
0
0
0
0
0
0
0
0
0
0
0
0
0
0
0
0
0
0
0
0
0
0
0
0
0
0
0
0
0
0
0
0
0
0
0
0
0
0
0
0
0
0
0
0
0
0
0
0
0
0
0
0
0
0
0
0
0
0
0
0
0
0
0
0
0
0
0
0
0
0
0
0
0
0
0
0
0
0
0
0
0
0
0
0
0
0
0
0
0
0
0
0
0
0
0
0
0
0
0
0
0
0
0
0
0
0
0
0
0
0
0
0
0
0
0
0
0
0
0
0
0
0
0
0
0
0
0
0
0
0
0
0
0
0
0
0
0
0
0
0
0
0
0
0
0
0
0
0
0
0
0
0
0
0
0
0
0
0
0
0
0
0
0
0
0
0
0
0
0
0
0
0
0
0
0
0
0
0
0
0
0
0
0
0
0
0
0
0
0
0
0
0
0
0
0
0
0
0
0
0
0
0
0
0
0
0
0
0
0
0
0
0
0
0
0
0
0
0
0
0
0
0
0
0
0
0
0
0
0
0
0
0
0
0
0
0
0
0
0
0
0
0
0
0
0
0
0
0
0
0
0
0
0
0
0
0
0
0
0
0
0
0
0
0
0
0
0
0
0
0
0
0
0
0
0
0
0
0
0
0
0
0
0
0
0
0
0
0
0
0
0
0
0
0
0
0
0
0
0
0
0
0
0
0
0
0
0
0
0
0
0
0
0
0
0
0
0
0
0
0
0
0
0
0
0
0
0
0
0
0
0
0
0
0
0
0
0
0
0
0
0
0
0
0
0
0
0
0
0
0
0
0
0
0
0
0
0
0
0
0
0
0
0
0
0
0
0
0
0
0
0
0
0
0
0
0
0
0
0
0
0
0
0
0
0
0
0
0
0
0
0
0
0
0
0
0
0
0
0
0
0
0
0
0
0
0
0
0
0
0
0
0
0
0
0
0
0
0
0
0
0
0
0
0
0
0
0
0
0
0
0
0
0
0
0
0
0
0
0
0
0
0
0
0
0
0
0
0
0
0
0
0
0
0
0
0
0
0
0
0
0
0
0
0
0
0
0
0
0
0
0
0
0
0
0
0
0
0
0
0
0
0
0
0
0
0
0
0
0
0
0
0
0
0
0
0
0
0
0
0
0
0
0
0
0
0
0
0
0
0
0
0
0
0
0
0
0
0
0
0
0
0
0
0
0
0
0
0
0
0
0
0
0
0
0
0
0
0
0
0
0
0
0
0
0
0
0
0
0
0
0
0
0
0
0
0
0
0
0
0
0
0
0
0
0
0
0
0
0
0
0
0
0
0
0
0
0
0
0
0
0
0
0
0
0
0
0
0
0
0
0
0
0
0
0
0
0
0
0
0
0
0
0
0
0
0
0
0
0
0
0
0
0
0
0
0
0
0
0
0
0
0
0
0
0
0
0
0
0
0
0
0
0
0
0
0
0
0
0
0
0
0
0
0
0
0
0
0
0
0
0
0
0
0
0
0
0
0
0
0
0
0
0
0
0
0
0
0
0
0
0
0
0
0
0
0
0
0
0
0
0
0
0
0
0
0
0
0
0
0
0
0
0
0
0
0
0
0
0
0
0
0
0
0
0
0
0
0
0
0
0
0
0
0
0
0
0
0
0
0
0
0
0
0
0
0
0
0
0
0
0
0
0
0
0
0
0
0
0
0
0
0
0
0
0
0
0
0
0
0
0
0
0
0
0
0
0
0
0
0
0
0
0
0
0
0
0
0
0
0
0
0
0
0
0
0
0
0
0
0
0
0
0
0
0
0
0
0
0
0
0
0
0
0
0
0
0
0
0
0
0
0
0
0
0
0
0
0
0
0
0
0
0
0
0
0
0
0
0
0
0
0
0
0
0
0
0
0
0
0
0
0
0
0
0
0
0
0
0
0
0
0
0
0
0
0
0
0
0
0
0
0
0
0
0
0
0
0
0
0
0
0
0
0
0
0
0
0
0
0
0
0
0
0
0
0
0
0
0
0
0
0
0
0
0
0
0
0
0
0
0
0
0
0
0
0
0
0
0
0
0
0
0
0
0
0
0
0
0
0
0
0
0
0
0
0
0
0
0
0
0
0
0
0
0
0
0
0
0
0
0
0
0
0
0
0
0
0
0
0
0
0
0
0
0
0
0
0
0
0
0
0
0
0
0
0
0
0
0
0
0
0
0
0
0
0
0
0
0
0
0
0
0
0
0
0
0
0
0
0
0
0
0
0
0
0
0
0
0
0
0
0
0
0
0
0
0
0
0
0
0
0
0
0
0
0
0
0
0
0
0
0
0
0
0
0
0
0
0
0
0
0
0
0
0
0
0
0
0
0
0
0
0
0
0
0
0
0
0
0
0
0
0
0
0
0
0
0
0
0
0
0
0
0
0
0
0
0
0
0
0
0
0
0
0
0
0
0
0
0
0
0
0
0
0
0
0
0
0
0
0
0
0
0
0
0
0
0
0
0
0
0
0
0
0
0
0
0
0
0
0
0
0
0
0
0
0
0
0
0
0
0
0
0
0
0
0
0
0
0
0
0
0
0
0
0
0
0
0
0
0
0
0
0
0
0
0
0
0
0
0
0
0
0
0
0
0
0
0
0
0
0
0
0
0
0
0
0
0
0
0
0
0
0
0
0
0
0
0
0
0
0
0
0
0
0
0
0
0
0
0
0
0
0
0
0
0
0
0
0
0
0
0
0
0
0
0
0
0
0
0
0
0
0
0
0
0
0
0
0
0
0
0
0
0
0
0
0
0
0
0
0
0
0
0
0
0
0
0
0
0
0
0
0
0
0
0
0
0
0
0
0
0
0
0
0
0
0
0
0
0
0
0
0
0
0
0
0
0
0
0
0
0
0
0
0
0
0
0
0
0
0
0
0
0
0
0
0
0
0
0
0
0
0
0
0
0
0
0
0
0
0
0
0
0
0
0
0
0
0
0
0
0
0
0
0
0
0
0
0
0
0
0
0
0
0
0
0
0
0
0
0
0
0
0
0
0
0
0
0
0
0
0
0
0
0
0
0
0
0
0
0
0
0
0
0
0
0
0
0
0
0
0
0
0
0
0
0
0
0
0
0
0
0
0
0
0
0
0
0
0
0
0
0
0
0
0
0
0
0
0
0
0
0
0
0
0
0
0
0
0
0
0
0
0
0
0
0
0
0
0
0
0
0
0
0
0
0
0
0
0
0
0
0
0
0
0
0
0
0
0
0
0
0
0
0
0
0
0
0
0
0
0
0
0
0
0
0
0
0
0
0
0
0
0
0
0
0
0
0
0
0
0
0
0
0
0
0
0
0
0
0
0
0
0
0
0
0
0
0
0
0
0
0
0
0
0
0
0
0
0
0
0
0
0
0
0
0
0
0
0
0
0
0
0
0
0
0
0
0
0
0
0
0
0
0
0
0
0
0
0
0
0
0
0
0
0
0
0
0
0
0
0
0
0
0
0
0
0
0
0
0
0
0
0
0
0
0
0
0
