-215
27
-2272
-631
-489
-1484
-1810
-223
516
-3105
-816
-951
-2467
-2781
-60
498
-113
788
-187
-1058
-2515
-1655
-17034
-113
1356
-565
-2241
-2338
-2505
-16457
153
1434
-331
390
-2696
392
-4031
-2058
-3032
-299
1188
-1904
688
-3013
-2526
-4266
-92
1671
-71
1193
-1096
-2635
-3053
-2883
-12106
-107
269
-1154
-2421
-3225
-3048
-16204
76
689
-356
552
-3191
4193
-3639
-1894
-2345
-396
-8
-3623
4931
-2016
-3153
-3924
-63
637
117
372
-2939
-1563
-3711
-2229
-17320
-140
-938
-3785
-3069
-4878
-3465
-17972
3
-526
-247
188
-3079
5229
-3225
-2713
-2640
-379
-883
-3740
5542
-1685
-3631
-4127
27
232
244
66
-4237
-1881
-3948
-2583
-13994
-61
450
-5512
-3038
-5236
-3747
-14106
14
237
-181
681
-2430
2189
-4005
-2907
-3640
-248
426
-2079
2331
-1793
-2996
-4099
122
1182
160
652
-5835
-1991
-2779
-3519
-12131
-35
702
-6384
-2433
-3526
-3604
-15130
-26
572
-142
1607
-2020
167
-2936
-2139
-3133
-245
1241
-1815
432
-1956
-2479
-3547
118
1736
235
-830
-4199
-1773
-2877
-2985
-18699
72
-454
-4496
-2014
-3068
-3400
-21267
-9
-167
-203
243
-3395
-704
281
-1863
-2846
-332
65
-3897
-1233
-1271
-2418
-2442
-48
597
189
-1508
-2026
-2588
-4387
-2686
-18995
83
-421
-2773
-1667
-3865
-3197
-20096
-12
-82
-313
-319
-2890
-1535
1183
-2955
-3028
-345
-262
-3284
-1963
504
-3129
-3747
-74
371
6
-1366
-2116
-2313
-4467
-2887
-14676
-126
-1639
-2411
-1581
-4184
-3300
-13630
121
-1673
-170
226
-2989
990
-2708
-1350
-2629
-166
1186
-4080
1124
-1292
-3571
-4712
-117
228
-49
1824
-1829
-1822
-3470
-2626
-17661
15
1472
-2482
-3054
-5047
-4043
-14264
257
1395
-446
1034
-4709
-1013
-6333
-1382
-3930
-302
1203
-3835
669
-3101
-2929
-5121
-39
-544
-114
1657
-2793
-3169
132
-3595
-15950
47
716
-2105
-3517
-2565
-3607
-17750
248
1001
-462
1616
-4301
-809
-5180
-1392
-3558
-307
2640
-4527
420
-1127
-3387
-4204
-27
934
90
368
-2989
-2193
-871
-3284
-18592
35
-1528
-3798
-4004
-3747
-4689
-16253
334
-1278
-497
1118
-3439
-1740
-2890
-1796
-3001
-326
1330
-3929
-937
231
-3063
-3008
-16
146
321
1068
-3537
-805
-1012
-2835
-22217
121
176
-4672
-3005
-2781
-3811
-19943
446
358
-425
839
-3902
-3870
-2965
-4284
-4510
-254
296
-4466
-3249
-829
-4247
-2321
108
-198
298
442
-6077
-1894
-197
-4432
-18849
34
965
-7040
-4131
-2018
-4725
-18813
204
544
-407
-107
-3928
-4639
-2371
-5144
-5044
-273
-38
-4246
-4302
-358
-4485
-2035
17
-70
206
-966
-6203
-2219
-902
-4845
-14249
44
-550
-6742
-4053
-3112
-5152
-15810
186
-745
-374
-288
-4687
-2722
-184
-3239
-3825
-275
-504
-5813
-3055
-462
-3306
-2073
-72
-673
67
-2288
-4628
-2025
-1952
-3636
-19170
-96
-1622
-4990
-2855
-3030
-4267
-19111
61
-1379
-360
-94
-3463
-2493
1455
-2850
-3139
-209
-59
-5669
-3243
1111
-4386
-3982
-84
-1200
-238
-1314
-3028
-1326
-3596
-3003
-18794
-182
-1550
-2983
-2748
-4382
-4307
-11930
-27
-1904
28
-369
-4893
1231
-4376
-2556
-4376
118
-1098
-3409
2681
-2758
-2046
-3527
79
-1374
-175
2250
-2756
-4359
-3346
-4388
-14392
-169
1426
-2705
-1917
-3755
-2761
-25385
231
1376
174
1065
-5593
-2019
-6197
-1828
-4688
101
-489
-5273
246
-4227
-4777
-6057
54
-1109
-163
571
-4202
-4556
384
-4708
-17090
-281
395
-3144
-4500
-3488
-3844
-15268
7
650
290
2784
-6722
-5638
-5760
-2818
-6555
167
1379
-5529
-2798
-3616
-4419
-6512
196
953
-299
549
-6702
-6158
585
-6444
-13169
-173
704
-4944
-5942
-1977
-5320
-15095
106
991
171
1710
-6187
-6051
-5437
-2730
-4986
125
1190
-4893
-4100
-3251
-3187
-3772
120
899
-2
386
-5903
-4822
4703
-4825
-15674
43
-1125
-4448
-4586
1940
-4181
-18039
137
-622
-47
-658
-4045
-3408
-2876
-1710
-2750
-98
-1885
-3858
-2845
-586
-3413
-708
23
-1757
218
-971
-4265
-1605
2179
-2717
-20020
15
-750
-5367
-3686
-484
-3546
-18711
145
-180
-189
-1592
-3115
-2590
-1166
-3199
-3327
-205
-1422
-5162
-4288
-924
-5590
692
-108
-1665
83
-1460
-5325
-2142
796
-3020
-22841
-74
-498
-8272
-5031
-3310
-5127
-15894
119
183
-118
-221
-3000
-1645
-290
-2793
-2815
-73
-462
-4139
-3205
-2074
-4238
-210
4
-632
-244
-491
-4202
-2762
213
-2619
-14682
-408
270
-5804
-3213
-1364
-3718
-11396
-65
137
-35
-36
-3629
-3760
1137
-3356
-3199
104
269
-3743
-3501
-833
-3201
-1075
107
-347
-526
-761
-2989
-2179
-796
-3167
-14013
-569
-330
-2473
-2362
-840
-2813
-15894
-227
-776
396
987
-4773
851
-5033
-2566
-4397
213
-212
-3576
2835
-5173
-2869
-3981
157
-1325
-237
2900
-3644
-4785
-2333
-4316
-11992
-286
1137
-3487
-3036
-2975
-3208
-19332
72
1293
691
2758
-4574
-5160
-6302
265
-4846
286
-33
-3641
-3250
-6171
-3570
-4447
-42
90
44
1192
-3931
-4198
-96
-4689
-22192
-181
-816
-3250
-3972
-2554
-2914
-20929
112
63
807
5334
-6449
-6001
-4828
-168
-5442
353
407
-6043
-3785
-5435
-5122
-7091
34
992
113
-966
-5367
-4292
-1940
-5462
-29277
-56
471
-3416
-5590
-2579
-5018
-25641
142
543
615
1275
-7747
-6478
-6471
-4152
-6186
222
-427
-6417
-3990
-7044
-4940
-7265
3
-182
-7
-1964
-5076
-5953
3164
-5948
-14706
-250
-977
-2480
-5303
1768
-4789
-16790
-7
-1237
271
79
-4645
-2569
-2642
-2759
-3433
98
105
-3549
-1123
-3482
-3216
-2442
-137
35
95
-555
-3888
-3480
1123
-3265
-14417
-213
-1009
-3300
-2850
-376
-2828
-19108
116
-641
111
738
-3657
-1622
-2508
-3331
-3636
84
642
-3672
-1605
-3819
-3854
-1393
-87
-412
-29
-292
-3581
-2904
-1240
-3525
-11640
-268
-178
-4575
-3589
-1854
-4057
-13626
123
97
46
564
-2816
-2495
-390
-2068
-2610
58
302
-2979
-3440
-2851
-3073
-592
-84
-190
-142
-402
-1934
-2501
-1918
-2480
-17269
-307
375
-2609
-2877
-1793
-2731
-18125
96
427
205
679
-3062
-3106
-69
-2768
-3128
179
-20
-3160
-3270
-1740
-3224
-507
3
-144
-442
-747
-2764
-1911
-1111
-3001
-13328
-512
3
-2589
-2330
-1644
-3027
-15537
-197
-38
484
-545
-3927
-19
-5423
-633
-4615
227
-562
-4309
250
-5652
-3827
-4753
206
-1030
-114
4001
-3952
-5689
-3423
-4432
-16379
-272
931
-4165
-5386
-5603
-4606
-15168
135
367
943
802
-7288
-7737
-9574
1841
-7114
477
-50
-5827
-5324
-5324
-3303
-5033
23
-53
301
4160
-5277
-6043
-1366
-6790
-15375
63
1033
-4207
-7057
-3237
-4030
-20182
257
631
1011
953
-7406
-7028
-7894
3488
-6245
583
-843
-7091
-5110
-3663
-4543
-6512
31
-277
453
-2453
-5448
-5202
-3267
-6142
-19300
144
-322
-3376
-7123
-5100
-4632
-17888
365
-187
753
617
-4434
-4745
-4375
163
-4332
281
-1061
-5964
-3843
-4582
-5557
-8380
4
-667
164
-5007
-2901
-3355
-2471
-4095
-24625
-180
-2070
-1691
-6563
-3836
-4766
-14274
191
-1899
345
-82
-2976
-667
-3437
-162
-2821
235
-451
-5257
-2339
-2896
-5209
-2765
-46
-820
124
-15
-2007
-3355
-2463
-2629
-21575
-26
364
-3752
-6259
-5212
-4953
-12483
212
341
252
-454
-3845
229
-4073
-309
-3224
236
-890
-5385
-1479
-1537
-4057
-305
58
-1300
-2
92
-2093
-3821
-2443
-3069
-16079
-86
553
-4458
-5371
-5623
-4782
-14004
86
324
200
-612
-2616
-1863
-2960
-623
-2546
208
-546
-4530
-3673
-1923
-3664
-499
77
-1429
-85
-209
-499
-2819
-1064
-2304
-17022
-146
370
-2605
-4500
-3626
-4238
-12979
56
724
362
168
-2533
-2553
-1400
-1045
-2411
304
-236
-3913
-3104
-1410
-3637
-834
134
-1081
-362
-993
-2241
-1743
70
-2343
-18758
-427
-65
-2644
-3631
-2130
-3677
-14992
-238
-55
481
-2142
-3874
-2888
-3110
-291
-4397
187
-2137
-3636
-3972
-1939
-2505
-1652
297
-1104
-101
2899
-3253
-4687
-2123
-4421
-23245
-356
705
-2314
-4653
-5755
-2968
-26179
3
291
811
-4916
-5628
-6065
-3115
2010
-5372
481
-2821
-5309
-5554
161
-2108
-2287
138
-1717
97
2013
-6929
-3131
-1702
-5166
-23822
51
1247
-4750
-6030
-5251
-2626
-25313
117
985
891
-6754
-4950
-4844
-3938
2061
-5184
488
-4029
-5356
-4736
-772
-3188
-3747
80
-2105
224
-2644
-6659
-3800
-1251
-4711
-22499
98
-543
-5020
-6050
-5693
-2529
-19878
195
-390
303
-2049
-3834
-3601
-3303
17
-4136
252
-1163
-3316
-3437
-438
-2340
-3404
24
-519
-34
-581
-3356
-3464
-1520
-3722
-12870
-139
-262
-2589
-3945
-3299
-1811
-16236
153
155
71
-1105
-2909
-1912
-3891
608
-2493
173
-462
-4512
-4641
-777
-3551
85
-4
-933
25
-340
-915
-3511
-538
-2308
-19634
-4
-700
-2514
-4734
-5533
-3286
-15147
263
-610
-34
-1741
-2652
-1578
-3835
-234
-2484
116
-267
-4522
-4254
-449
-3504
843
38
-689
36
-346
-868
-3069
396
-2243
-20377
30
-152
-3013
-4856
-5206
-3846
-16506
276
-210
-59
-1308
-2597
-2380
-2582
-1603
-2450
93
286
-3600
-4122
-655
-3209
123
-16
-98
-76
-381
-1361
-2380
1880
-2149
-17879
17
44
-2859
-4190
-2288
-2768
-15951
215
602
185
-557
-2866
-3472
-2226
-2825
-3147
208
-241
-3558
-4147
-1849
-4065
-228
99
-882
-349
-1014
-2198
-3154
1650
-3065
-15214
-315
-263
-2614
-4554
-2089
-3408
-14081
-170
29
187
-1042
-3473
-4426
-763
-888
-3149
7
-46
-3237
-4433
-2141
-2112
-758
162
-290
-258
936
-1319
-3583
-341
-3267
-19310
-331
928
-1302
-3644
-3012
-1101
-20697
-114
1032
250
-3560
-4242
-5319
778
-1019
-3962
2
-1194
-5485
-5849
-579
-3323
-1394
58
-534
-112
487
-4843
-3209
-95
-3848
-23165
-211
-172
-5250
-5756
-3906
-1556
-17820
-121
-101
-83
-2694
-3045
-4603
-1423
-2001
-4021
29
-1543
-2307
-3820
-491
-2557
-2940
-53
-335
-40
-654
-5150
-3000
1149
-3853
-16905
-77
-321
-4147
-4502
-2419
-541
-20016
71
-182
-354
-1410
-2372
-2368
-1141
-1539
-2211
-64
-910
-3144
-3095
-428
-3176
-1164
-140
-405
-36
318
-3172
-1641
1327
-2115
-18187
-188
-74
-3388
-4004
-3146
-1190
-14631
82
-167
-525
-1052
-2520
-1771
-2846
-642
-2002
-215
-585
-3756
-3272
-667
-3270
-284
-182
-383
70
130
-2352
-2261
1941
-1940
-18105
-119
-215
-3482
-4389
-3913
-2322
-12948
178
-194
-587
-1231
-2530
-2181
-3937
-1568
-2576
-227
-1239
-3465
-3299
-1050
-3061
-94
-164
-453
141
89
-2158
-2237
2254
-2418
-19856
-48
705
-4046
-4338
-3063
-2468
-18504
348
359
-565
-852
-2996
-3512
-3750
-3306
-3246
-270
-602
-3298
-4258
-2380
-3377
-718
-272
571
-50
-545
-2849
-2141
2874
-3089
-14075
55
-44
-4011
-4709
-1087
-2591
-14012
397
97
-201
-1244
-2282
-4026
-2721
-3853
-3216
-94
-1145
-2164
-4590
-2353
-3783
-83
-135
396
-275
-1076
-1784
-2486
1446
-3097
-15719
-224
-387
-2513
-4156
-1832
-2771
-17829
94
284
-194
-1286
-3731
-3759
3
-1565
-3468
-148
-1253
-2789
-3716
-1115
-1488
-1246
-9
-634
-229
751
-2639
-4708
-281
-3493
-12738
-368
750
-949
-1851
-2171
-1207
-20588
101
449
-407
-1047
-2801
-3787
1593
-1668
-3248
-386
-892
-2752
-4192
-86
-2355
-2448
-87
-488
-79
-419
-3721
-3586
-1298
-3120
-15199
-357
-1126
-2368
-2347
-3443
-1448
-16936
58
-787
-767
-117
-1256
-2372
1491
-1288
-1865
-517
-557
-1409
-3332
753
-2514
-2194
-205
-553
-2
-511
-3153
-2054
-1565
-1963
-14970
-133
-929
-3005
-2464
-3479
-1672
-13613
263
-965
-827
-279
-1427
-2042
740
-881
-1651
-558
-643
-1951
-2809
97
-1857
-817
-240
-1360
11
183
-2664
-1586
-1559
-1712
-15442
-136
61
-2541
-2293
-3782
-2237
-14955
217
-61
-870
-582
-1104
-2347
-540
194
-1426
-604
-798
-1714
-2905
-122
-1216
-788
-273
-1708
101
-202
-1875
-1264
-930
-1425
-13352
-147
-158
-1589
-2142
-3605
-2334
-12655
228
78
-918
-391
-568
-1608
-885
279
-1029
-644
-875
-2249
-2951
-1458
-2123
231
-338
-1616
151
-98
-1370
-1072
-734
-928
-17778
-13
639
-3026
-2593
-3514
-2909
-13640
260
573
-818
-834
-845
-3028
-1161
-1387
-1938
-552
-1077
-2665
-4904
-3325
-3269
1062
-348
-979
57
-549
-2263
-1774
468
-1711
-17210
28
213
-4674
-3797
-2115
-3594
-12398
248
-288
-506
-1194
-962
-3807
-1851
-2763
-2418
-464
-1365
-1539
-4861
-3394
-3581
120
-258
-640
-143
-826
-1569
-2161
761
-2275
-17587
-225
-437
-2747
-3105
-1890
-3498
-16942
116
-347
0
0
0
0
0
0
0
0
0
0
0
-2478
-2082
-1829
-1023
-1863
0
0
0
0
0
0
0
0
0
0
0
111
-722
-1726
-1834
-13897
0
0
0
0
0
0
0
0
0
0
0
-2870
-604
-3463
26
-1777
0
0
0
0
0
0
0
0
0
0
0
-238
-1067
-1715
-1754
-15762
0
0
0
0
0
0
0
0
0
0
0
-3121
335
-4592
87
-2525
0
0
0
0
0
0
0
0
0
0
0
-3040
296
-3021
-2456
-13103
0
0
0
0
0
0
0
0
0
0
0
-2723
1783
-3447
-1242
-2249
0
0
0
0
0
0
0
0
0
0
0
-3447
443
-2567
-2186
-12207
0
0
0
0
0
0
0
0
0
0
0
-2748
362
-3774
-1599
-2648
0
0
0
0
0
0
0
0
0
0
0
-4362
986
-2430
-2522
-14545
0
0
0
0
0
0
0
0
0
0
0
-2910
-1729
-4066
-1967
-3702
0
0
0
0
0
0
0
0
0
0
0
-4898
871
-3895
-3619
-13504
0
0
0
0
0
0
0
0
0
0
0
-2749
-2180
-981
-1906
-3605
0
0
0
0
0
0
0
0
0
0
0
-3830
-1062
-5225
-3499
-13305
0
0
0
0
0
0
0
0
0
0
0
-2152
-1840
1135
-2233
-2149
0
0
0
0
0
0
0
0
0
0
0
-1341
-655
-4209
-2064
-16195
0
0
0
0
0
0
0
0
0
0
0
-2669
-868
-3753
-199
-2498
0
0
0
0
0
0
0
0
0
0
0
-1088
-2077
-2268
-2628
-14256
0
0
0
0
0
0
0
0
0
0
0
-3643
-1987
-5832
1658
-2909
0
0
0
0
0
0
0
0
0
0
0
-2336
-2816
-1197
-3057
-17047
0
0
0
0
0
0
0
0
0
0
0
-3753
-2971
-6695
518
-3937
0
0
0
0
0
0
0
0
0
0
0
-4098
-1520
-1912
-3990
-14208
0
0
0
0
0
0
0
0
0
0
0
-4158
-3998
-5194
-1884
-4433
0
0
0
0
0
0
0
0
0
0
0
-5025
811
-2754
-4338
-13003
0
0
0
0
0
0
0
0
0
0
0
-4593
-4362
-3258
-4015
-4585
0
0
0
0
0
0
0
0
0
0
0
-5283
1389
-3056
-4375
-16952
0
0
0
0
0
0
0
0
0
0
0
-3967
-4259
-2011
-4702
-4442
0
0
0
0
0
0
0
0
0
0
0
-5023
1428
-4052
-4269
-15260
0
0
0
0
0
0
0
0
0
0
0
-3021
-2718
-104
-3290
-3369
0
0
0
0
0
0
0
0
0
0
0
-3729
537
-4574
-3266
-19262
0
0
0
0
0
0
0
0
0
0
0
-2036
-2594
1224
-3047
-2369
0
0
0
0
0
0
0
0
0
0
0
-2103
249
-4375
-2322
-18778
0
0
0
0
0
0
0
0
0
0
0
-3113
-387
-4456
342
-2837
0
0
0
0
0
0
0
0
0
0
0
-956
-3962
-2475
-3034
-18646
0
0
0
0
0
0
0
0
0
0
0
-4587
-3139
-5539
5051
-3201
0
0
0
0
0
0
0
0
0
0
0
-3092
-5251
-2419
-3215
-20363
0
0
0
0
0
0
0
0
0
0
0
-5808
-4995
-4712
3085
-4018
0
0
0
0
0
0
0
0
0
0
0
-4500
-5130
-1162
-3829
-23804
0
0
0
0
0
0
0
0
0
0
0
-5610
-5738
-5775
524
-4335
0
0
0
0
0
0
0
0
0
0
0
-4916
-3052
1031
-4120
-17385
0
0
0
0
0
0
0
0
0
0
0
-4719
-5365
-5250
-273
-4498
0
0
0
0
0
0
0
0
0
0
0
-5050
-1603
-1315
-4445
-10024
0
0
0
0
0
0
0
0
0
0
0
-2447
-2015
-1690
-1535
-2366
0
0
0
0
0
0
0
0
0
0
0
-3532
-1435
-373
-2296
-25058
0
0
0
0
0
0
0
0
0
0
0
-1993
-1380
-641
-1738
-2038
0
0
0
0
0
0
0
0
0
0
0
-2509
-2332
-155
-2203
-14915
0
0
0
0
0
0
0
0
0
0
0
-1670
-2237
59
-1351
-1674
0
0
0
0
0
0
0
0
0
0
0
-938
-1406
-1508
-1658
-18551
0
0
0
0
0
0
0
0
0
0
0
-3573
-1072
-5610
937
-3190
0
0
0
0
0
0
0
0
0
0
0
-2428
-3699
-1989
-3307
-14788
0
0
0
0
0
0
0
0
0
0
0
-6968
-6868
-8499
7820
-5954
0
0
0
0
0
0
0
0
0
0
0
-5425
-5902
-5974
-5990
-15125
0
0
0
0
0
0
0
0
0
0
0
-8758
-8481
-8497
8367
-7622
0
0
0
0
0
0
0
0
0
0
0
-7641
-7361
-7947
-7675
-17232
0
0
0
0
0
0
0
0
0
0
0
-4995
-5124
-6160
2211
-3881
0
0
0
0
0
0
0
0
0
0
0
-4335
-4994
494
-3892
-23429
0
0
0
0
0
0
0
0
0
0
0
-3049
-2789
-3246
894
-2633
0
0
0
0
0
0
0
0
0
0
0
-3552
-3331
-98
-2748
-16330
0
0
0
0
0
0
0
0
0
0
0
-2534
-1049
-1853
-179
-1823
0
0
0
0
0
0
0
0
0
0
0
-2363
-1977
-748
-1946
-18649
0
0
0
0
0
0
0
0
0
0
0
-3022
-2347
-834
13
-2583
0
0
0
0
0
0
0
0
0
0
0
-2016
-3342
-1766
-2661
-15864
0
0
0
0
0
0
0
0
0
0
0
-1993
-1815
-300
840
-1520
0
0
0
0
0
0
0
0
0
0
0
-876
-2045
-1964
-1439
-18537
0
0
0
0
0
0
0
0
0
0
0
-4329
-1648
-5666
3621
-3381
0
0
0
0
0
0
0
0
0
0
0
-2514
-4511
-4551
-3288
-19069
0
0
0
0
0
0
0
0
0
0
0
-11473
-10256
-12474
9254
-9985
0
0
0
0
0
0
0
0
0
0
0
-7803
-9715
-10295
-9924
-1974
0
0
0
0
0
0
0
0
0
0
0
-13929
-13471
-16521
11753
-13738
0
0
0
0
0
0
0
0
0
0
0
-12532
-14070
-11830
-13858
17319
0
0
0
0
0
0
0
0
0
0
0
-5224
-5561
-7198
6054
-4878
0
0
0
0
0
0
0
0
0
0
0
-4482
-6307
-4694
-4935
-20659
0
0
0
0
0
0
0
0
0
0
0
-3920
-1947
-4776
3052
-3533
0
0
0
0
0
0
0
0
0
0
0
-3084
-5853
-2168
-3501
-16267
0
0
0
0
0
0
0
0
0
0
0
-4599
-1416
-4942
1871
-3980
0
0
0
0
0
0
0
0
0
0
0
-3177
-6321
-1492
-3864
-11245
0
0
0
0
0
0
0
0
0
0
0
-3702
-2562
-3253
809
-3008
0
0
0
0
0
0
0
0
0
0
0
-1226
-5004
-544
-2939
-13078
0
0
0
0
0
0
0
0
0
0
0
-2403
-2496
-1562
948
-2215
0
0
0
0
0
0
0
0
0
0
0
-1431
-2972
-1331
-2144
-16784
0
0
0
0
0
0
0
0
0
0
0
-4323
-2969
-3778
2771
-3623
0
0
0
0
0
0
0
0
0
0
0
-1888
-4287
-4632
-3305
-25470
0
0
0
0
0
0
0
0
0
0
0
-7536
-7124
-5431
6732
-6891
0
0
0
0
0
0
0
0
0
0
0
-7336
-6192
-8901
-6704
-16874
0
0
0
0
0
0
0
0
0
0
0
-7349
-6604
-6830
7409
-6722
0
0
0
0
0
0
0
0
0
0
0
-7639
-7532
-6701
-6732
-14486
0
0
0
0
0
0
0
0
0
0
0
-4398
-3283
-3655
3650
-3392
0
0
0
0
0
0
0
0
0
0
0
-3197
-4686
-2642
-3287
-17195
0
0
0
0
0
0
0
0
0
0
0
-5161
-3072
-4675
3212
-3842
0
0
0
0
0
0
0
0
0
0
0
-2561
-6000
-1489
-3852
-12111
0
0
0
0
0
0
0
0
0
0
0
-3953
-2032
-3677
1702
-2701
0
0
0
0
0
0
0
0
0
0
0
-1891
-4662
761
-2560
-18160
0
0
0
0
0
0
0
0
0
0
0
-3168
-2440
-2404
-537
-2291
0
0
0
0
0
0
0
0
0
0
0
-1571
-3639
2440
-2044
-16518
0
0
0
0
0
0
0
0
0
0
0
-2570
-2583
-1593
-1038
-2165
0
0
0
0
0
0
0
0
0
0
0
-1099
-3099
898
-2090
-16448
0
0
0
0
0
0
0
0
0
0
0
-2850
-3489
-1764
965
-2955
0
0
0
0
0
0
0
0
0
0
0
-874
-3606
-3643
-2797
-17901
0
0
0
0
0
0
0
0
0
0
0
-3314
-3884
-228
1696
-3065
0
0
0
0
0
0
0
0
0
0
0
-3604
-4194
-3398
-3153
-24452
0
0
0
0
0
0
0
0
0
0
0
-3303
-3316
-1576
1096
-2744
0
0
0
0
0
0
0
0
0
0
0
-3385
-3437
-600
-2812
-21149
0
0
0
0
0
0
0
0
0
0
0
-2573
-2354
-1182
661
-2053
0
0
0
0
0
0
0
0
0
0
0
-2938
-2296
358
-2030
-17003
0
0
0
0
0
0
0
0
0
0
0
-3657
-2308
-2685
1354
-2472
0
0
0
0
0
0
0
0
0
0
0
-2773
-3063
628
-2392
-13888
0
0
0
0
0
0
0
0
0
0
0
-3524
-2393
-3216
-489
-2566
0
0
0
0
0
0
0
0
0
0
0
-2205
-2777
2089
-2406
-18409
0
0
0
0
0
0
0
0
0
0
0
-3565
-3043
-3106
-3063
-2913
0
0
0
0
0
0
0
0
0
0
0
-2321
-2279
3092
-2782
-13669
0
0
0
0
0
0
0
0
0
0
0
-2629
-3092
-2425
-2990
-2752
0
0
0
0
0
0
0
0
0
0
0
-872
-2101
667
-2622
-14732
0
0
0
0
0
0
0
0
0
0
0
-2643
-2514
-398
-593
-2626
0
0
0
0
0
0
0
0
0
0
0
-1435
-3461
-2067
-2463
-15099
0
0
0
0
0
0
0
0
0
0
0
-1847
-2025
1477
-283
-1719
0
0
0
0
0
0
0
0
0
0
0
-2079
-2231
-2316
-1602
-20808
0
0
0
0
0
0
0
0
0
0
0
-2287
-1547
1285
-693
-1981
0
0
0
0
0
0
0
0
0
0
0
-2624
-2004
-2101
-1838
-13758
0
0
0
0
0
0
0
0
0
0
0
-1511
-1253
404
-419
-1800
0
0
0
0
0
0
0
0
0
0
0
-2664
-1278
-1890
-1514
-15300
0
0
0
0
0
0
0
0
0
0
0
-1486
-1512
-441
664
-1484
0
0
0
0
0
0
0
0
0
0
0
-2023
-1206
-1621
-1241
-13839
0
0
0
0
0
0
0
0
0
0
0
-1180
-1409
-799
-62
-1676
0
0
0
0
0
0
0
0
0
0
0
-1954
-1658
-1062
-1489
-15407
0
0
0
0
0
0
0
0
0
0
0
-1778
-1972
-872
-1832
-2193
0
0
0
0
0
0
0
0
0
0
0
-2007
-2308
297
-2000
-15442
0
0
0
0
0
0
0
0
0
0
0
-1579
-2375
-1923
-2842
-2077
0
0
0
0
0
0
0
0
0
0
0
-102
-1723
166
-1882
-16909
0
0
0
0
0
0
0
0
0
0
0
0
0
0
0
0
0
0
0
0
0
0
0
0
0
0
0
0
0
0
0
0
0
0
0
0
0
0
0
0
0
0
0
0
0
0
0
0
0
0
0
0
0
0
0
0
0
0
0
0
0
0
0
0
0
0
0
0
0
0
0
0
0
0
0
0
0
0
0
0
0
0
0
0
0
0
0
0
0
0
0
0
0
0
0
0
0
0
0
0
0
0
0
0
0
0
0
0
0
0
0
0
0
0
0
0
0
0
0
0
0
0
0
0
0
0
0
0
0
0
0
0
0
0
0
0
0
0
0
0
0
0
0
0
0
0
0
0
0
0
0
0
0
0
0
0
0
0
0
0
0
0
0
0
0
0
0
0
0
0
0
0
0
0
0
0
0
0
0
0
0
0
0
0
0
0
0
0
0
0
0
0
0
0
0
0
0
0
0
0
0
0
0
0
0
0
0
0
0
0
0
0
0
0
0
0
0
0
0
0
0
0
0
0
0
0
0
0
0
0
0
0
0
0
0
0
0
0
0
0
0
0
0
0
0
0
0
0
0
0
0
0
0
0
0
0
0
0
0
0
0
0
0
0
0
0
0
0
0
0
0
0
0
0
0
0
0
0
0
0
0
0
0
0
0
0
0
0
0
0
0
0
0
0
0
0
0
0
0
0
0
0
0
0
0
0
0
0
0
0
0
0
0
0
0
0
0
0
0
0
0
0
0
0
0
0
0
0
0
0
0
0
0
0
0
0
0
0
0
0
0
0
0
0
0
0
0
0
0
0
0
0
0
0
0
0
0
0
0
0
0
0
0
0
0
0
0
0
0
0
0
0
0
0
0
0
0
0
0
0
0
0
0
0
0
0
0
0
0
0
0
0
0
0
0
0
0
0
0
0
0
0
0
0
0
0
0
0
0
0
0
0
0
0
0
0
0
0
0
0
0
0
0
0
0
0
0
0
0
0
0
0
0
0
0
0
0
0
0
0
0
0
0
0
0
0
0
0
0
0
0
0
0
0
0
0
0
0
0
0
0
0
0
0
0
0
0
0
0
0
0
0
0
0
0
0
0
0
0
0
0
0
0
0
0
0
0
0
0
0
0
0
0
0
0
0
0
0
0
0
0
0
0
0
0
0
0
0
0
0
0
0
0
0
0
0
0
0
0
0
0
0
0
0
0
0
0
0
0
0
0
0
0
0
0
0
0
0
0
0
0
0
0
0
0
0
0
0
0
0
0
0
0
0
0
0
0
0
0
0
0
0
0
0
0
0
0
0
0
0
0
0
0
0
0
0
0
0
0
0
0
0
0
0
0
0
0
0
0
0
0
0
0
0
0
0
0
0
0
0
0
0
0
0
0
0
0
0
0
0
0
0
0
0
0
0
0
0
0
0
0
0
0
0
0
0
0
0
0
0
0
0
0
0
0
0
0
0
0
0
0
0
0
0
0
0
0
0
0
0
0
0
0
0
0
0
0
0
0
0
0
0
0
0
0
0
0
0
0
0
0
0
0
0
0
0
0
0
0
0
0
0
0
0
0
0
0
0
0
0
0
0
0
0
0
0
0
0
0
0
0
0
0
0
0
0
0
0
0
0
0
0
0
0
0
0
0
0
0
0
0
0
0
0
0
0
0
0
0
0
0
0
0
0
0
0
0
0
0
0
0
0
0
0
0
0
0
0
0
0
0
0
0
0
0
0
0
0
0
0
0
0
0
0
0
0
0
0
0
0
0
0
0
0
0
0
0
0
0
0
0
0
0
0
0
0
0
0
0
0
0
0
0
0
0
0
0
0
0
0
0
0
0
0
0
0
0
0
0
0
0
0
0
0
0
0
0
0
0
0
0
0
0
0
0
0
0
0
0
0
0
0
0
0
0
0
0
0
0
0
0
0
0
0
0
0
0
0
0
0
0
0
0
0
0
0
0
0
0
0
0
0
0
0
0
0
0
0
0
0
0
0
0
0
0
0
0
0
0
0
0
0
0
0
0
0
0
0
0
0
0
0
0
0
0
0
0
0
0
0
0
0
0
0
0
0
0
0
0
0
0
0
0
0
0
0
0
0
0
0
0
0
0
0
0
0
0
0
0
0
0
0
0
0
0
0
0
0
0
0
0
0
0
0
0
0
0
0
0
0
0
0
0
0
0
0
0
0
0
0
0
0
0
0
0
0
0
0
0
0
0
0
0
0
0
0
0
0
0
0
0
0
0
0
0
0
0
0
0
0
0
0
0
0
0
0
0
0
0
0
0
0
0
0
0
0
0
0
0
0
0
0
0
0
0
0
0
0
0
0
0
0
0
0
0
0
0
0
0
0
0
0
0
0
0
0
0
0
0
0
0
0
0
0
0
0
0
0
0
0
0
0
0
0
0
0
0
0
0
0
0
0
0
0
0
0
0
0
0
0
0
0
0
0
0
0
0
0
0
0
0
0
0
0
0
0
0
0
0
0
0
0
0
0
0
0
0
0
0
0
0
0
0
0
0
0
0
0
0
0
0
0
0
0
0
0
0
0
0
0
0
0
0
0
0
0
0
0
0
0
0
0
0
0
0
0
0
0
0
0
0
0
0
0
0
0
0
0
0
0
0
0
0
0
0
0
0
0
0
0
0
0
0
0
0
0
0
0
0
0
0
0
0
0
0
0
0
0
0
0
0
0
0
0
0
0
0
0
0
0
0
0
0
0
0
0
0
0
0
0
0
0
0
0
0
0
0
0
0
0
0
0
0
0
0
0
0
0
0
0
0
0
0
0
0
0
0
0
0
0
0
0
0
0
0
0
0
0
0
0
0
0
0
0
0
0
0
0
0
0
0
0
0
0
0
0
0
0
0
0
0
0
0
0
0
0
0
0
0
0
0
0
0
0
0
0
0
0
0
0
0
0
0
0
0
0
0
0
0
0
0
0
0
0
0
0
0
0
0
0
0
0
0
0
0
0
0
0
0
0
0
0
0
0
0
0
0
0
0
0
0
0
0
0
0
0
0
0
0
0
0
0
0
0
0
0
0
0
0
0
0
0
0
0
0
0
0
0
0
0
0
0
0
0
0
0
0
0
0
0
0
0
0
0
0
0
0
0
0
0
0
0
0
0
0
0
0
0
0
0
0
0
0
0
0
0
0
0
0
0
0
0
0
0
0
0
0
0
0
0
0
0
0
0
0
0
0
0
0
0
0
0
0
0
0
0
0
0
0
0
0
0
0
0
0
0
0
0
0
0
0
0
0
0
0
0
0
0
0
0
0
0
0
0
0
0
0
0
0
0
0
0
0
0
0
0
0
0
0
0
0
0
0
0
0
0
0
0
0
0
0
0
0
0
0
0
0
0
0
0
0
0
0
0
0
0
0
0
0
0
0
0
0
0
0
0
0
0
0
0
0
0
0
0
0
0
0
0
0
0
0
0
0
0
0
0
0
0
0
0
0
0
0
0
0
0
0
0
0
0
0
0
0
0
0
0
0
0
0
0
0
0
0
0
0
0
0
0
0
0
0
0
0
0
0
0
0
0
0
0
0
0
0
0
0
0
0
0
0
0
0
0
0
0
0
0
0
0
0
0
0
0
0
0
0
0
0
0
0
0
0
0
0
0
0
0
0
0
0
0
0
0
0
0
0
0
0
0
0
0
0
0
0
0
0
0
0
0
0
0
0
0
0
0
0
0
0
0
0
0
0
0
0
0
0
0
0
0
0
0
0
0
0
0
0
0
0
0
0
0
0
0
0
0
0
0
0
0
0
0
0
0
0
0
0
0
0
0
0
0
0
0
0
0
0
0
0
0
0
0
0
0
0
0
0
0
0
0
0
0
0
0
0
0
0
0
0
0
0
0
0
0
0
0
0
0
0
0
0
0
0
0
0
0
0
0
0
0
0
0
0
0
0
0
0
0
0
0
0
0
0
0
0
0
0
0
0
0
0
0
0
0
0
0
0
0
0
0
0
0
0
0
0
0
0
0
0
0
0
0
0
0
0
0
0
0
0
0
0
0
0
0
0
0
0
0
0
0
0
0
0
0
0
0
0
0
0
0
0
0
0
0
0
0
0
0
0
0
0
0
0
0
0
0
0
0
0
0
0
0
0
0
0
0
0
0
0
0
0
0
0
0
0
0
0
0
0
0
0
0
0
0
0
0
0
0
0
0
0
0
0
0
0
0
0
0
0
0
0
0
0
0
0
0
0
0
0
0
0
0
0
0
0
0
0
0
0
0
0
0
0
0
0
0
0
0
0
0
0
0
0
0
0
0
0
0
0
0
0
0
0
0
0
0
0
0
0
0
0
0
0
0
0
0
0
0
0
0
0
0
0
0
0
0
0
0
0
0
0
0
0
0
0
0
0
0
0
0
0
0
0
0
0
0
0
0
0
0
0
0
0
0
0
0
0
0
0
0
0
0
0
0
0
0
0
0
0
0
0
0
0
0
0
0
0
0
0
0
0
0
0
0
0
0
0
0
0
0
0
0
0
0
0
0
0
0
0
0
0
0
0
0
0
0
0
0
0
0
0
0
0
0
0
0
0
0
0
0
0
0
0
0
0
0
0
0
0
0
0
0
0
0
0
0
0
0
0
0
0
0
0
0
0
0
0
0
0
0
0
0
0
0
0
0
0
0
0
0
0
0
0
0
0
0
0
0
0
0
0
0
0
0
0
0
0
0
0
0
0
0
0
0
0
0
0
0
0
0
0
0
0
0
0
0
0
0
0
0
0
0
0
0
0
0
0
0
0
0
0
0
0
0
0
0
0
0
0
0
0
0
0
0
0
0
0
0
0
0
0
0
0
0
0
0
0
0
0
0
0
0
0
0
0
0
0
0
0
0
0
0
0
0
0
0
0
0
0
0
0
0
0
0
0
0
0
0
0
0
0
0
0
0
0
0
0
0
0
0
0
0
0
0
0
0
0
0
0
0
0
0
0
0
0
0
0
0
0
0
0
0
0
0
0
0
0
0
0
0
0
0
0
0
0
0
0
0
0
0
0
0
0
0
0
0
0
0
0
0
0
0
0
0
0
0
0
0
0
0
0
0
0
0
0
0
0
0
0
0
0
0
0
0
0
0
0
0
0
0
0
0
0
0
0
0
0
0
0
0
0
0
0
0
0
0
0
0
0
0
0
0
0
0
0
0
0
0
0
0
0
0
0
0
0
0
0
0
0
0
0
0
0
0
0
0
0
0
0
0
0
0
0
0
0
0
0
0
0
0
0
0
0
0
0
0
0
0
0
0
0
0
0
0
0
0
0
0
0
0
0
0
0
0
0
0
0
0
0
0
0
0
0
0
0
0
0
0
0
0
0
0
0
0
0
0
0
0
0
0
0
0
0
0
0
0
0
0
0
0
0
0
0
0
0
0
0
0
0
0
0
0
0
0
0
0
0
0
0
0
0
0
0
0
0
0
0
0
0
0
0
0
0
0
0
0
0
0
0
0
0
0
0
0
0
0
0
0
0
0
0
0
0
0
0
0
0
0
0
0
0
0
0
0
0
0
0
0
0
0
0
0
0
0
0
0
0
0
0
0
0
0
0
0
0
0
0
0
0
0
0
0
0
0
0
0
0
0
0
0
0
0
0
0
0
0
0
0
0
0
0
0
0
0
0
0
0
0
0
0
0
0
0
0
0
0
0
0
0
0
0
0
0
0
0
0
0
0
0
0
0
0
0
0
0
0
0
0
0
0
0
0
0
0
0
0
0
0
0
0
0
0
0
0
0
0
0
0
0
0
0
0
0
0
0
0
0
0
0
0
0
0
0
0
0
0
0
0
0
0
0
0
0
0
0
0
0
0
0
0
0
0
0
0
0
0
0
0
0
0
0
0
0
0
0
0
0
0
0
0
0
0
0
0
0
0
0
0
0
0
0
0
0
0
0
0
0
0
0
0
0
0
0
0
0
0
0
0
0
0
0
0
0
0
0
0
0
0
0
0
0
0
0
0
0
0
0
0
0
0
0
0
0
0
0
0
0
0
0
0
0
0
0
0
0
0
0
0
0
0
0
0
0
0
0
0
0
0
0
0
0
0
0
0
0
0
0
0
0
0
0
0
0
0
0
0
0
0
0
0
0
0
0
0
0
0
0
0
0
0
0
0
0
0
0
0
0
0
0
0
0
0
0
0
0
0
0
0
0
0
0
0
0
0
0
0
0
0
0
0
0
0
0
0
0
0
0
0
0
0
0
0
0
0
0
0
0
0
0
0
0
0
0
0
0
0
0
0
0
0
0
0
0
0
0
0
0
0
0
0
0
0
0
0
0
0
0
0
0
0
0
0
0
0
0
0
0
0
0
0
0
0
0
0
0
0
0
0
0
0
0
0
0
0
0
0
0
0
0
0
0
0
0
0
0
0
0
0
0
0
0
0
0
0
0
0
0
0
0
0
0
0
0
0
0
0
0
0
0
0
0
0
0
0
0
0
0
0
0
0
0
0
0
0
0
0
0
0
0
0
0
0
0
0
0
0
0
0
0
0
0
0
0
0
0
0
0
0
0
0
0
0
0
0
0
0
0
0
0
0
0
0
0
0
0
0
0
0
0
0
0
0
0
0
0
0
0
0
0
0
0
0
0
0
0
0
0
0
0
0
0
0
0
0
0
0
0
0
0
0
0
0
0
0
0
0
0
0
0
0
0
0
0
0
0
0
0
0
0
0
0
0
0
0
0
0
0
0
0
0
0
0
0
0
0
0
0
0
0
0
0
0
0
0
0
0
0
0
0
0
0
0
0
0
0
0
0
0
0
0
0
0
0
0
0
0
0
0
0
0
0
0
0
0
0
0
0
0
0
0
0
0
0
0
0
0
0
0
0
0
0
0
0
0
0
0
0
0
0
0
0
0
0
0
0
0
0
0
0
0
0
0
0
0
0
0
0
0
0
0
0
0
0
0
0
0
0
0
0
0
0
0
0
0
0
0
0
0
0
0
0
0
0
0
0
0
0
0
0
0
0
0
0
0
0
0
0
0
0
0
0
0
0
0
0
0
0
0
0
0
0
0
0
0
0
0
0
0
0
0
0
0
0
0
0
0
0
0
0
0
0
0
0
0
0
0
0
0
0
0
0
0
0
0
0
0
0
0
0
0
0
0
0
0
0
0
0
0
0
0
0
0
0
0
0
0
0
0
0
0
0
0
0
0
0
0
0
0
0
0
0
0
0
0
0
0
0
0
0
0
0
0
0
0
0
0
0
0
0
0
0
0
0
0
0
0
0
0
0
0
0
0
0
0
0
0
0
0
0
0
0
0
0
0
0
0
0
0
0
0
0
0
0
0
0
0
0
0
0
0
0
0
0
0
0
0
0
0
0
0
0
0
0
0
0
0
0
0
0
0
0
0
0
0
0
0
0
0
0
0
0
0
0
0
0
0
0
0
0
0
0
0
0
0
0
0
0
0
0
0
0
0
0
0
0
0
0
0
0
0
0
0
0
0
0
0
0
0
0
0
0
0
0
0
0
0
0
0
0
0
0
0
0
0
0
0
0
0
0
0
0
0
0
0
0
0
0
0
0
0
0
0
0
0
0
0
0
0
0
0
0
0
0
0
0
0
0
0
0
0
0
0
0
0
0
0
0
0
0
0
0
0
0
0
0
0
0
0
0
0
0
0
0
0
0
0
0
0
0
0
0
0
0
0
0
0
0
0
0
0
0
0
0
0
0
0
0
0
0
0
0
0
0
0
0
0
0
0
0
0
0
0
0
0
0
0
0
0
0
0
0
0
0
0
0
0
0
0
0
0
0
0
0
0
0
0
0
0
0
0
0
0
0
0
0
0
0
0
0
0
0
0
0
0
0
0
0
0
0
0
0
0
0
0
0
0
0
0
0
0
0
0
0
0
0
0
0
0
0
0
0
0
0
0
0
0
0
0
0
0
0
0
0
0
0
0
0
0
0
0
0
0
0
0
0
0
0
0
0
0
0
0
0
0
0
0
0
0
0
0
0
0
0
0
0
0
0
0
0
0
0
0
0
0
0
0
0
0
0
0
0
0
0
0
0
0
0
0
0
0
0
0
0
0
0
0
0
0
0
0
0
0
0
0
0
0
0
0
0
0
0
0
0
0
0
0
0
0
0
0
0
0
0
0
0
0
0
0
0
0
0
0
0
0
0
0
0
0
0
0
0
0
0
0
0
0
0
0
0
0
0
0
0
0
0
0
0
0
0
0
0
0
0
0
0
0
0
0
0
0
0
0
0
0
0
0
0
0
0
0
0
0
0
0
0
0
0
0
0
0
0
0
0
0
0
0
0
0
0
0
0
0
0
0
0
0
0
0
0
0
0
0
0
0
0
0
0
0
0
0
0
0
0
0
0
0
0
0
0
0
0
0
0
0
0
0
0
0
0
0
0
0
0
0
0
0
0
0
0
0
0
0
0
0
0
0
0
0
0
0
0
0
0
0
0
0
0
0
0
0
0
0
0
0
0
0
0
0
0
0
0
0
0
0
0
0
0
0
0
0
0
0
0
0
0
0
0
0
0
0
0
0
0
0
0
0
0
0
0
0
0
0
0
0
0
0
0
0
0
0
0
0
0
0
0
0
0
0
0
0
0
0
0
0
0
0
0
0
0
0
0
0
0
0
0
0
0
0
0
0
0
0
0
0
0
0
0
0
0
0
0
0
0
0
0
0
0
0
0
0
0
0
0
0
0
0
0
0
0
0
0
0
0
0
0
0
0
0
0
0
0
0
0
0
0
0
0
0
0
0
0
0
0
0
0
0
0
0
0
0
0
0
0
0
0
0
0
0
0
0
0
0
0
0
0
0
0
0
0
0
0
0
0
0
0
0
0
0
0
0
0
0
0
0
0
0
0
0
0
0
0
0
0
0
0
0
0
0
0
0
0
0
0
0
0
0
0
0
0
0
0
0
0
0
0
0
0
0
0
0
0
0
0
0
0
0
0
0
0
0
0
0
0
0
0
0
0
0
0
0
0
0
0
0
0
0
0
0
0
0
0
0
0
0
0
0
0
0
0
0
0
0
0
0
0
0
0
0
0
0
0
0
0
0
0
0
0
0
0
0
0
0
0
0
0
0
0
0
0
0
0
0
0
0
0
0
0
0
0
0
0
0
0
0
0
0
0
0
0
0
0
0
0
0
0
0
0
0
0
0
0
0
0
0
0
0
0
0
0
0
0
0
0
0
0
0
0
0
0
0
0
0
0
0
0
0
0
0
0
0
0
0
0
0
0
0
0
0
0
0
0
0
0
0
0
0
0
0
0
0
0
0
0
0
0
0
0
0
0
0
0
0
0
0
0
0
0
0
0
0
0
0
0
0
0
0
0
0
0
0
0
0
0
0
0
0
0
0
0
0
0
0
0
0
0
0
0
0
0
0
0
0
0
0
0
0
0
0
0
0
0
0
0
0
0
0
0
0
0
0
0
0
0
0
0
0
0
0
0
0
0
0
0
0
0
0
0
0
0
0
0
0
0
0
0
0
0
0
0
0
0
0
0
0
0
0
0
0
0
0
0
0
0
0
0
0
0
0
0
0
0
0
0
0
0
0
0
0
0
0
0
0
0
0
0
0
0
0
0
0
0
0
0
0
0
0
0
0
0
0
0
0
0
0
0
0
0
0
0
0
0
0
0
0
0
0
0
0
0
0
0
0
0
0
0
0
0
0
0
0
0
0
0
0
0
0
0
0
0
0
0
0
0
0
0
0
0
0
0
0
0
0
0
0
0
0
0
0
0
0
0
0
0
0
0
0
0
0
0
0
0
0
0
0
0
0
0
0
0
0
0
0
0
0
0
0
0
0
0
0
0
0
0
0
0
0
0
0
0
0
0
0
0
0
0
0
0
0
0
0
0
0
0
0
0
0
0
0
0
0
0
0
0
0
0
0
0
0
0
0
0
0
0
0
0
0
0
0
0
0
0
0
0
0
0
0
0
0
0
0
0
0
0
0
0
0
0
0
0
0
0
0
0
0
0
0
0
0
0
0
0
0
0
0
0
0
0
0
0
0
0
0
0
0
0
0
0
0
0
0
0
0
0
0
0
0
0
0
0
0
0
0
0
0
0
0
0
0
0
0
0
0
0
0
0
0
0
0
0
0
0
0
0
0
0
0
0
0
0
0
0
0
0
0
0
0
0
0
0
0
0
0
0
0
0
0
0
0
0
0
0
0
0
0
0
0
0
0
0
0
0
0
0
0
0
0
0
0
0
0
0
0
0
0
0
0
0
0
0
0
0
0
0
0
0
0
0
0
0
0
0
0
0
0
0
0
0
0
0
0
0
0
0
0
0
0
0
0
0
0
0
0
0
0
0
0
0
0
0
0
0
0
0
0
0
0
0
0
0
0
0
0
0
0
0
0
0
0
0
0
0
0
0
0
0
0
0
0
0
0
0
0
0
0
0
0
0
0
0
0
0
0
0
0
0
0
0
0
0
0
0
0
0
0
0
0
0
0
0
0
0
0
0
0
0
0
0
0
0
0
0
0
0
0
0
0
0
0
0
0
0
0
0
0
0
0
0
0
0
0
0
0
0
0
0
0
0
0
0
0
0
0
0
0
0
0
0
0
0
0
0
0
0
0
0
0
0
0
0
0
0
0
0
0
0
0
0
0
0
0
0
0
0
0
0
0
0
0
0
0
0
0
0
0
0
0
0
0
0
0
0
0
0
0
0
0
0
0
0
0
0
0
0
0
0
0
0
0
0
0
0
0
0
0
0
0
0
0
0
0
0
0
0
0
0
0
0
0
0
0
0
0
0
0
0
0
0
0
0
0
0
0
0
0
0
0
0
0
0
0
0
0
0
0
0
0
0
0
0
0
0
0
0
0
0
0
0
0
0
0
0
0
0
0
0
0
0
0
0
0
0
0
0
0
0
0
0
0
0
0
0
0
0
0
0
0
0
0
0
0
0
0
0
0
0
0
0
0
0
0
0
0
0
0
0
0
0
0
0
0
0
0
0
0
0
0
0
0
0
0
0
0
0
0
0
0
0
0
0
0
0
0
0
0
0
0
0
0
0
0
0
0
0
0
0
0
0
0
0
0
0
0
0
0
0
0
0
0
0
0
0
0
0
0
0
0
0
0
0
0
0
0
0
0
0
0
0
0
0
0
0
0
0
0
0
0
0
0
0
0
0
0
0
0
0
0
0
0
0
0
0
0
0
0
0
0
0
0
0
0
0
0
0
0
0
0
0
0
0
0
0
0
0
0
0
0
0
0
0
0
0
0
0
0
0
0
0
0
0
0
0
0
0
0
0
0
0
0
0
0
0
0
0
0
0
0
0
0
0
0
0
0
0
0
0
0
0
0
0
0
0
0
0
0
0
0
0
0
0
0
0
0
0
0
0
0
0
0
0
0
0
0
0
0
0
0
0
0
0
0
0
0
0
0
0
0
0
0
0
0
0
0
0
0
0
0
0
0
0
0
0
0
0
0
0
0
0
0
0
0
0
0
0
0
0
0
0
0
0
0
0
0
0
0
0
0
0
0
0
0
0
0
0
0
0
0
0
0
0
0
0
0
0
0
0
0
0
0
0
0
0
0
0
0
0
0
0
0
0
0
0
0
0
0
0
0
0
0
0
0
0
0
0
0
0
0
0
0
0
0
0
0
0
0
0
0
0
0
0
0
0
0
0
0
0
0
0
0
0
0
0
0
0
0
0
0
0
0
0
0
0
0
0
0
0
0
0
0
0
0
0
0
0
0
0
0
0
0
0
0
0
0
0
0
0
0
0
0
0
0
0
0
0
0
0
0
0
0
0
0
0
0
0
0
0
0
0
0
0
0
0
0
0
0
0
0
0
0
0
0
0
0
0
0
0
0
0
0
0
0
0
0
0
0
0
0
0
0
0
0
0
0
0
0
0
0
0
0
0
0
0
0
0
0
0
0
0
0
0
0
0
0
0
0
0
0
0
0
0
0
0
0
0
0
0
0
0
0
0
0
0
0
0
0
0
0
0
0
0
0
0
0
0
0
0
0
0
0
0
0
0
0
0
0
0
0
0
0
0
0
0
0
0
0
0
0
0
0
0
0
0
0
0
0
0
0
0
0
0
0
0
0
0
0
0
0
0
0
0
0
0
0
0
0
0
0
0
0
0
0
0
0
0
0
0
0
0
0
0
0
0
0
0
0
0
0
0
0
0
0
0
0
0
0
0
0
0
0
0
0
0
0
0
0
0
0
0
0
0
0
0
0
0
0
0
0
0
0
0
0
0
0
0
0
0
0
0
0
0
0
0
0
0
0
0
0
0
0
0
0
0
0
0
0
0
0
0
0
0
0
0
0
0
0
0
0
0
0
0
0
0
0
0
0
0
0
0
0
0
0
0
0
0
0
0
0
0
0
0
0
0
0
0
0
0
0
0
0
0
0
0
0
0
0
0
0
0
0
0
0
0
0
0
0
0
0
0
0
0
0
0
0
0
0
0
0
0
0
0
0
0
0
0
0
0
0
0
0
0
0
0
0
0
0
0
0
0
0
0
0
0
0
0
0
0
0
0
0
0
0
0
0
0
0
0
0
0
0
0
0
0
0
0
0
0
0
0
0
0
0
0
0
0
0
0
0
0
0
0
0
0
0
0
0
0
0
0
0
0
0
0
0
0
0
0
0
0
0
0
0
0
0
0
0
0
0
0
0
0
0
0
0
0
0
0
0
0
0
0
0
0
0
0
0
0
0
0
0
0
0
0
0
0
0
0
0
0
0
0
0
0
0
0
0
0
0
0
0
0
0
0
0
0
0
0
0
0
0
0
0
0
0
0
0
0
0
0
0
0
0
0
0
0
0
0
0
0
0
0
0
0
0
0
0
0
0
0
0
0
0
0
0
0
0
0
0
0
0
0
0
0
0
0
0
0
0
0
0
0
0
0
0
0
0
0
0
0
0
0
0
0
0
0
0
0
0
0
0
0
0
0
0
0
0
0
0
0
0
0
0
0
0
0
0
0
0
0
0
0
0
0
0
0
0
0
0
0
0
0
0
0
0
0
0
0
0
0
0
0
0
0
0
0
0
0
0
0
0
0
0
0
0
0
0
0
0
0
0
0
0
0
0
0
0
0
0
0
0
0
0
0
0
0
0
0
0
0
0
0
0
0
0
0
0
0
0
0
0
0
0
0
0
0
0
0
0
0
0
0
0
0
0
0
0
0
0
0
0
0
0
0
0
0
0
0
0
0
0
0
0
0
0
0
0
0
0
0
0
0
0
0
0
0
0
0
0
0
0
0
0
0
0
0
0
0
0
0
0
0
0
0
0
0
0
0
0
0
0
0
0
0
0
0
0
0
0
0
0
0
0
0
0
0
0
0
0
0
0
0
0
0
0
0
0
0
0
0
0
0
0
0
0
0
0
0
0
0
0
0
0
0
0
0
0
0
0
0
0
0
0
0
0
0
0
0
0
0
0
0
0
0
0
0
0
0
0
0
0
0
0
0
0
0
0
0
0
0
0
0
0
0
0
0
0
0
0
0
0
0
0
0
0
0
0
0
0
0
0
0
0
0
0
0
0
0
0
0
0
0
0
0
0
0
0
0
0
0
0
0
0
0
0
0
0
0
0
0
0
0
0
0
0
0
0
0
0
0
0
0
0
0
0
0
0
0
0
0
0
0
0
0
0
0
0
0
0
0
0
0
0
0
0
0
0
0
0
0
0
0
0
0
0
0
0
0
0
0
0
0
0
0
0
0
0
0
0
0
0
0
0
0
0
0
0
0
0
0
0
0
0
0
0
0
0
0
0
0
0
0
0
0
0
0
0
0
0
0
0
0
0
0
0
0
0
0
0
0
0
0
0
0
0
0
0
0
0
0
0
0
0
0
0
0
0
0
0
0
0
0
0
0
0
0
0
0
0
0
0
0
0
0
0
0
0
0
0
0
0
0
0
0
0
0
0
0
0
0
0
0
0
0
0
0
0
0
0
0
0
0
0
0
0
0
0
0
0
0
0
0
0
0
0
0
0
0
0
0
0
0
0
0
0
0
0
0
0
0
0
0
0
0
0
0
0
0
0
0
0
0
0
0
0
0
0
0
0
0
0
0
0
0
0
0
0
0
0
0
0
0
0
0
0
0
0
0
0
0
0
0
0
0
0
0
0
0
0
0
0
0
0
0
0
0
0
0
0
0
0
0
0
0
0
0
0
0
0
0
0
0
0
0
0
0
0
0
0
0
0
0
0
0
0
0
0
0
0
0
0
0
0
0
0
0
0
0
0
0
0
0
0
0
0
0
0
0
0
0
0
0
0
0
0
0
0
0
0
0
0
0
0
0
0
0
0
0
0
0
0
0
0
0
0
0
0
0
0
0
0
0
0
0
0
0
0
0
0
0
0
0
0
0
0
0
0
0
0
0
0
0
0
0
0
0
0
0
0
0
0
0
0
0
0
0
0
0
0
0
0
0
0
0
0
0
0
0
0
0
0
0
0
0
0
0
0
0
0
0
0
0
0
0
0
0
0
0
0
0
0
0
0
0
0
0
0
0
0
0
0
0
0
0
0
0
0
0
0
0
0
0
0
0
0
0
0
0
0
0
0
0
0
0
0
0
0
0
0
0
0
0
0
0
0
0
0
0
0
0
0
0
0
0
0
0
0
0
0
0
0
0
0
0
0
0
0
0
0
0
0
0
0
0
0
0
0
0
0
0
0
0
0
0
0
0
0
0
0
0
0
0
0
0
0
0
0
0
0
0
0
0
0
0
0
0
0
0
0
0
0
0
0
0
0
0
0
0
0
0
0
0
0
0
0
0
0
0
0
0
0
0
0
0
0
0
0
0
0
0
0
0
0
0
0
0
0
0
0
0
0
0
0
0
0
0
0
0
0
0
0
0
0
0
0
0
0
0
0
0
0
0
0
0
0
0
0
0
0
0
0
0
0
0
0
0
0
0
0
0
0
0
0
0
0
0
0
0
0
0
0
0
0
0
0
0
0
0
0
0
0
0
0
0
0
0
0
0
0
0
0
0
0
0
0
0
0
0
0
0
0
0
0
0
0
0
0
0
0
0
0
0
0
0
0
0
0
0
0
0
0
0
0
0
0
0
0
0
0
0
0
0
0
0
0
0
0
0
0
0
0
0
0
0
0
0
0
0
0
0
0
0
0
0
0
0
0
0
0
0
0
0
0
0
0
0
0
0
0
0
0
0
0
0
0
0
0
0
0
0
0
0
0
0
0
0
0
0
0
0
0
0
0
0
0
0
0
0
0
0
0
0
0
0
0
0
0
0
0
0
0
0
0
0
0
0
0
0
0
0
0
0
0
0
0
0
0
0
0
0
0
0
0
0
0
0
0
0
0
0
0
0
0
0
0
0
0
0
0
0
0
0
0
0
0
0
0
0
0
0
0
0
0
0
0
0
0
0
0
0
0
0
0
0
0
0
0
0
0
0
0
0
0
0
0
0
0
0
0
0
0
0
0
0
0
0
0
0
0
0
0
0
0
0
0
0
0
0
0
0
0
0
0
0
0
0
0
0
0
0
0
0
0
0
0
0
0
0
0
0
0
0
0
0
0
0
0
0
0
0
0
0
0
0
0
0
0
0
0
0
0
0
0
0
0
0
0
0
0
0
0
0
0
0
0
0
0
0
0
0
0
0
0
0
0
0
0
0
0
0
0
0
0
0
0
0
0
0
0
0
0
0
0
0
0
0
0
0
0
0
0
0
0
0
0
0
0
0
0
0
0
0
0
0
0
0
0
0
0
0
0
0
0
0
0
0
0
0
0
0
0
0
0
0
0
0
0
0
0
0
0
0
0
0
0
0
0
0
0
0
0
0
0
0
0
0
0
0
0
0
0
0
0
0
0
0
0
0
0
0
0
0
0
0
0
0
0
0
0
0
0
0
0
0
0
0
0
0
0
0
0
0
0
0
0
0
0
0
0
0
0
0
0
0
0
0
0
0
0
0
0
0
0
0
0
0
0
0
0
0
0
0
0
0
0
0
0
0
0
0
0
0
0
0
0
0
0
0
0
0
0
0
0
0
0
0
0
0
0
0
0
0
0
0
0
0
0
0
0
0
0
0
0
0
0
0
0
0
0
0
0
0
0
0
0
0
0
0
0
0
0
0
0
0
0
0
0
0
0
0
0
0
0
0
0
0
0
0
0
0
0
0
0
0
0
0
0
0
0
0
0
0
0
0
0
0
0
0
0
0
0
0
0
0
0
0
0
0
0
0
0
0
0
0
0
0
0
0
0
0
0
0
0
0
0
0
0
0
0
0
0
0
0
0
0
0
0
0
0
0
0
0
0
0
0
0
0
0
0
0
0
0
0
0
0
0
0
0
0
0
0
0
0
0
0
0
0
0
0
0
0
0
0
0
0
0
0
0
0
0
0
0
0
0
0
0
0
0
0
0
0
0
0
0
0
0
0
0
0
0
0
0
0
0
0
0
0
0
0
0
0
0
0
0
0
0
0
0
0
0
0
0
0
0
0
0
0
0
0
0
0
0
0
0
0
0
0
0
0
0
0
0
0
0
0
0
0
0
0
0
0
0
0
0
0
0
0
0
0
0
0
0
0
0
0
0
0
0
0
0
0
0
0
0
0
0
0
0
0
0
0
0
0
0
0
0
0
0
0
0
0
0
0
0
0
0
0
0
0
0
0
0
0
0
0
0
0
0
0
0
0
0
0
0
0
0
0
0
0
0
0
0
0
0
0
0
0
0
0
0
0
0
0
0
0
0
0
0
0
0
0
0
0
0
0
0
0
0
0
0
0
0
0
0
0
0
0
0
0
0
0
0
0
0
0
0
0
0
0
0
0
0
0
0
0
0
0
0
0
0
0
0
0
0
0
0
0
0
0
0
0
0
0
0
0
0
0
0
0
0
0
0
0
0
0
0
0
0
0
0
0
0
0
0
0
0
0
0
0
0
0
0
0
0
0
0
0
0
0
0
0
0
0
0
0
0
0
0
0
0
0
0
0
0
0
0
0
0
0
0
0
0
0
0
0
0
0
0
0
0
0
0
0
0
0
0
0
0
0
0
0
0
0
0
0
0
0
0
0
0
0
0
0
0
0
0
0
0
0
0
0
0
0
0
0
0
0
0
0
0
0
0
0
0
0
0
0
0
0
0
0
0
0
0
0
0
0
0
0
0
0
0
0
0
0
0
0
0
0
0
0
0
0
0
0
0
0
0
0
0
0
0
0
0
0
0
0
0
0
0
0
0
0
0
0
0
0
0
0
0
0
0
0
0
0
0
0
0
0
0
0
0
0
0
0
0
0
0
0
0
0
0
0
0
0
0
0
0
0
0
0
0
0
0
0
0
0
0
0
0
0
0
0
0
0
0
0
0
0
0
0
0
0
0
0
0
0
0
0
0
0
0
0
0
0
0
0
0
0
0
0
0
0
0
0
0
0
0
0
0
0
0
0
0
0
0
0
0
0
0
0
0
0
0
0
0
0
0
0
0
0
0
0
0
0
0
0
0
0
0
0
0
0
0
0
0
0
0
0
0
0
0
0
0
0
0
0
0
0
0
0
0
0
0
0
0
0
0
0
0
0
0
0
0
0
0
0
0
0
0
0
0
0
0
0
0
0
0
0
0
0
0
0
0
0
0
0
0
0
0
0
0
0
0
0
0
0
0
0
0
0
0
0
0
0
0
0
0
0
0
0
0
0
0
0
0
0
0
0
0
0
0
0
0
0
0
0
0
0
0
0
0
0
0
0
0
0
0
0
0
0
0
0
0
0
0
0
0
0
0
0
0
0
0
0
0
0
0
0
0
0
0
0
0
0
0
0
0
0
0
0
0
0
0
0
0
0
0
0
0
0
0
0
0
0
0
0
0
0
0
0
0
0
0
0
0
0
0
0
0
0
0
0
0
0
0
0
0
0
0
0
0
0
0
0
0
0
0
0
0
0
0
0
0
0
0
0
0
0
0
0
0
0
0
0
0
0
0
0
0
0
0
0
0
0
0
0
0
0
0
0
0
0
0
0
0
0
0
0
0
0
0
0
0
0
0
0
0
0
0
0
0
0
0
0
0
0
0
0
0
0
0
0
0
0
0
0
0
0
0
0
0
0
0
0
0
0
0
0
0
0
0
0
0
0
0
0
0
0
0
0
0
0
0
0
0
0
0
0
0
0
0
0
0
0
0
0
0
0
0
0
0
0
0
0
0
0
0
0
0
0
0
0
0
0
0
0
0
0
0
0
0
0
0
0
0
0
0
0
0
0
0
0
0
0
0
0
0
0
0
0
0
0
0
0
0
0
0
0
0
0
0
0
0
0
0
0
0
0
0
0
0
0
0
0
0
0
0
0
0
0
0
0
0
0
0
0
0
0
0
0
0
0
0
0
0
0
0
0
0
0
0
0
0
0
0
0
0
0
0
0
0
0
0
0
0
0
0
0
0
0
0
0
0
0
0
0
0
0
0
0
0
0
0
0
0
0
0
0
0
0
0
0
0
0
0
0
0
0
0
0
0
0
0
0
0
0
0
0
0
0
0
0
0
0
0
0
0
0
0
0
0
0
0
0
0
0
0
0
0
0
0
0
0
0
0
0
0
0
0
0
0
0
0
0
0
0
0
0
0
0
0
0
0
0
0
0
0
0
0
0
0
0
0
0
0
0
0
0
0
0
0
0
0
0
0
0
0
0
0
0
0
0
0
0
0
0
0
0
0
0
0
0
0
0
0
0
0
0
0
0
0
0
0
0
0
0
0
0
0
0
0
0
0
0
0
0
0
0
0
0
0
0
0
0
0
0
0
0
0
0
0
0
0
0
0
0
0
0
0
0
0
0
0
0
0
0
0
0
0
0
0
0
0
0
0
0
0
0
0
0
0
0
0
0
0
0
0
0
0
0
0
0
0
0
0
0
0
0
0
0
0
0
0
0
0
0
0
0
0
0
0
0
0
0
0
0
0
0
0
0
0
0
0
0
0
0
0
0
0
0
0
0
0
0
0
0
0
0
0
0
0
0
0
0
0
0
0
0
0
0
0
0
0
0
0
0
0
0
0
0
0
0
0
0
0
0
0
0
0
0
0
0
0
0
0
0
0
0
0
0
0
0
0
0
0
0
0
0
0
0
0
0
0
0
0
0
0
0
0
0
0
0
0
0
0
0
0
0
0
0
0
0
0
0
0
0
0
0
0
0
0
0
0
0
0
0
0
0
0
0
0
0
0
0
0
0
0
0
0
0
0
0
0
0
0
0
0
0
0
0
0
0
0
0
0
0
0
0
0
0
0
0
0
0
0
0
0
0
0
0
0
0
0
0
0
0
0
0
0
0
0
0
0
0
0
0
0
0
0
0
0
0
0
0
0
0
0
0
0
0
0
0
0
0
0
0
0
0
0
0
0
0
0
0
0
0
0
0
0
0
0
0
0
0
0
0
0
0
0
0
0
0
0
0
0
0
0
0
0
0
0
0
0
0
0
0
0
0
0
0
0
0
0
0
0
0
0
0
0
0
0
0
0
0
0
0
0
0
0
0
0
0
0
0
0
0
0
0
0
0
0
0
0
0
0
0
0
0
0
0
0
0
0
0
0
0
0
0
0
0
0
0
0
0
0
0
0
0
0
0
0
0
0
0
0
0
0
0
0
0
0
0
0
0
0
0
0
0
0
0
0
0
0
0
0
0
0
0
0
0
0
0
0
0
0
0
0
0
0
0
0
0
0
0
0
0
0
0
0
0
0
0
0
0
0
0
0
0
0
0
0
0
0
0
0
0
0
0
0
0
0
0
0
0
0
0
0
0
0
0
0
0
0
0
0
0
0
0
0
0
0
0
0
0
0
0
0
0
0
0
0
0
0
0
0
0
0
0
0
0
0
0
0
0
0
0
0
0
0
0
0
0
0
0
0
0
0
0
0
0
0
0
0
0
0
0
0
0
0
0
0
0
0
0
0
0
0
0
0
0
0
0
0
0
0
0
0
0
0
0
0
0
0
0
0
0
0
0
0
0
0
0
0
0
0
0
0
0
0
0
0
0
0
0
0
0
0
0
0
0
0
0
0
0
0
0
0
0
0
0
0
0
0
0
0
0
0
0
0
0
0
0
0
0
0
0
0
0
0
0
0
0
0
0
0
0
0
0
0
0
0
0
0
0
0
0
0
0
0
0
0
0
0
0
0
0
0
0
0
0
0
0
0
0
0
0
0
0
0
0
0
0
0
0
0
0
0
0
0
0
0
0
0
0
0
0
0
0
0
0
0
0
0
0
0
0
0
0
0
0
0
0
0
0
0
0
0
0
0
0
0
0
0
0
0
0
0
0
0
0
0
0
0
0
0
0
0
0
0
0
0
0
0
0
0
0
0
0
0
0
0
0
0
0
0
0
0
0
0
0
0
0
0
0
0
0
0
0
0
0
0
0
0
0
0
0
0
0
0
0
0
0
0
0
0
0
0
0
0
0
0
0
0
0
0
0
0
0
0
0
0
0
0
0
0
0
0
0
0
0
0
0
0
0
0
0
0
0
0
0
0
0
0
0
0
0
0
0
0
0
0
0
0
0
0
0
0
0
0
0
0
0
0
0
0
0
0
0
0
0
0
0
0
0
0
0
0
0
0
0
0
0
0
0
0
0
0
0
0
0
0
0
0
0
0
0
0
0
0
0
0
0
0
0
0
0
0
0
0
0
0
0
0
0
0
0
0
0
0
0
0
0
0
0
0
0
0
0
0
0
0
0
0
0
0
0
0
0
0
0
0
0
0
0
0
0
0
0
0
0
0
0
0
0
0
0
0
0
0
0
0
0
0
0
0
0
0
0
0
0
0
0
0
0
0
0
0
0
0
0
0
0
0
0
0
0
0
0
0
0
0
0
0
0
0
0
0
0
0
0
0
0
0
0
0
0
0
0
0
0
0
0
0
0
0
0
0
0
0
0
0
0
0
0
0
0
0
0
0
0
0
0
0
0
0
0
0
0
0
0
0
0
0
0
0
0
0
0
0
0
0
0
0
0
0
0
0
0
0
0
0
0
0
0
0
0
0
0
0
0
0
0
0
0
0
0
0
0
0
0
0
0
0
0
0
0
0
0
0
0
0
0
0
0
0
0
0
0
0
0
0
0
0
0
0
0
0
0
0
0
0
0
0
0
0
0
0
0
0
0
0
0
0
0
0
0
0
0
0
0
0
0
0
0
0
0
0
0
0
0
0
0
0
0
0
0
0
0
0
0
0
0
0
0
0
0
0
0
0
0
0
0
0
0
0
0
0
0
0
0
0
0
0
0
0
0
0
0
0
0
0
0
0
0
0
0
0
0
0
0
0
0
0
0
0
0
0
0
0
0
0
0
0
0
0
0
0
0
0
0
0
0
0
0
0
0
0
0
0
0
0
0
0
0
0
0
0
0
0
0
0
0
0
0
0
0
0
0
0
0
0
0
0
0
0
0
0
0
0
0
0
0
0
0
0
0
0
0
0
0
0
0
0
0
0
0
0
0
0
0
0
0
0
0
0
0
0
0
0
0
0
0
0
0
0
0
0
0
0
0
0
0
0
0
0
0
0
0
0
0
0
0
0
0
0
0
0
0
0
0
0
0
0
0
0
0
0
0
0
0
0
0
0
0
0
0
0
0
0
0
0
0
0
0
0
0
0
0
0
0
0
0
0
0
0
0
0
0
0
0
0
0
0
0
0
0
0
0
0
0
0
0
0
0
0
0
0
0
0
0
0
0
0
0
0
0
0
0
0
0
0
0
0
0
0
0
0
0
0
0
0
0
0
0
0
0
0
0
0
0
0
0
0
0
0
0
0
0
0
0
0
0
0
0
0
0
0
0
0
0
0
0
0
0
0
0
0
0
0
0
0
0
0
0
0
0
0
0
0
0
0
0
0
0
0
0
0
0
0
0
0
0
0
0
0
0
0
0
0
0
0
0
0
0
0
0
0
0
0
0
0
0
0
0
0
0
0
0
0
0
0
0
0
0
0
0
0
0
0
0
0
0
0
0
0
0
0
0
0
0
0
0
0
0
0
0
0
0
0
0
0
0
0
0
0
0
0
0
0
0
0
0
0
0
0
0
0
0
0
0
0
0
0
0
0
0
0
0
0
0
0
0
0
0
0
0
0
0
0
0
0
0
0
0
0
0
0
0
0
0
0
0
0
0
0
0
0
0
0
0
0
0
0
0
0
0
0
0
0
0
0
0
0
0
0
0
0
0
0
0
0
0
0
0
0
0
0
0
0
0
0
0
0
0
0
0
0
0
0
0
0
0
0
0
0
0
0
0
0
0
0
0
0
0
0
0
0
0
0
0
0
0
0
0
0
0
0
0
0
0
0
0
0
0
0
0
0
0
0
0
0
0
0
0
0
0
0
0
0
0
0
0
0
0
0
0
0
0
0
0
0
0
0
0
0
0
0
0
0
0
0
0
0
0
0
0
0
0
0
0
0
0
0
0
0
0
0
0
0
0
0
0
0
0
0
0
0
0
0
0
0
0
0
0
0
0
0
0
0
0
0
0
0
0
0
0
0
0
0
0
0
0
0
0
0
0
0
0
0
0
0
0
0
0
0
0
0
0
0
0
0
0
0
0
0
0
0
0
0
0
0
0
0
0
0
0
0
0
0
0
0
0
0
0
0
0
0
0
0
0
0
0
0
0
0
0
0
0
0
0
0
0
0
0
0
0
0
0
0
0
0
0
0
0
0
0
0
0
0
0
0
0
0
0
0
0
0
0
0
0
0
0
0
0
0
0
0
0
0
0
0
0
0
0
0
0
0
0
0
0
0
0
0
0
0
0
0
0
0
0
0
0
0
0
0
0
0
0
0
0
0
0
0
0
0
0
0
0
0
0
0
0
0
0
0
0
0
0
0
0
0
0
0
0
0
0
0
0
0
0
0
0
0
0
0
0
0
0
0
0
0
0
0
0
0
0
0
0
0
0
0
0
0
0
0
0
0
0
0
0
0
0
0
0
0
0
0
0
0
0
0
0
0
0
0
0
0
0
0
0
0
0
0
0
0
0
0
0
0
0
0
0
0
0
0
0
0
0
0
0
0
0
0
0
0
0
0
0
0
0
0
0
0
0
0
0
0
0
0
0
0
0
0
0
0
0
0
0
0
0
0
0
0
0
0
0
0
0
0
0
0
0
0
0
0
0
0
0
0
0
0
0
0
0
0
0
0
0
0
0
0
0
0
0
0
0
0
0
0
0
0
0
0
0
0
0
0
0
0
0
0
0
0
0
0
0
0
0
0
0
0
0
0
0
0
0
0
0
0
0
0
0
0
0
0
0
0
0
0
0
0
0
0
0
0
0
0
0
0
0
0
0
0
0
0
0
0
0
0
0
0
0
0
0
0
0
0
0
0
0
0
0
0
0
0
0
0
0
0
0
0
0
0
0
0
0
0
0
0
0
0
0
0
0
0
0
0
0
0
0
0
0
0
0
0
0
0
0
0
0
0
0
0
0
0
0
0
0
0
0
0
0
0
0
0
0
0
0
0
0
0
0
0
0
0
0
0
0
0
0
0
0
0
0
0
0
0
0
0
0
0
0
0
0
0
0
0
0
0
0
0
0
0
0
0
0
0
0
0
0
0
0
0
0
0
0
0
0
0
0
0
0
0
0
0
0
0
0
0
0
0
0
0
0
0
0
0
0
0
0
0
0
0
0
0
0
0
0
0
0
0
0
0
0
0
0
0
0
0
0
0
0
0
0
0
0
0
0
0
0
0
0
0
0
0
0
0
0
0
0
0
0
0
0
0
0
0
0
0
0
0
0
0
0
0
0
0
0
0
0
0
0
0
0
0
0
0
0
0
0
0
0
0
0
0
0
0
0
0
0
0
0
0
0
0
0
0
0
0
0
0
0
0
0
0
0
0
0
0
0
0
0
0
0
0
0
0
0
0
0
0
0
0
0
0
0
0
0
0
0
0
0
0
0
0
0
0
0
0
0
0
0
0
0
0
0
0
0
0
0
0
0
0
0
0
0
0
0
0
0
0
0
0
0
0
0
0
0
0
0
0
0
0
0
0
0
0
0
0
0
0
0
0
0
0
0
0
0
0
0
0
0
0
0
0
0
0
0
0
0
0
0
0
0
0
0
0
0
0
0
0
0
0
0
0
0
0
0
0
0
0
0
0
0
0
0
0
0
0
0
0
0
0
0
0
0
0
0
0
0
0
0
0
0
0
0
0
0
0
0
0
0
0
0
0
0
0
0
0
0
0
0
0
0
0
0
0
0
0
0
0
0
0
0
0
0
0
0
0
0
0
0
0
0
0
0
0
0
0
0
0
0
0
0
0
0
0
0
0
0
0
0
0
0
0
0
0
0
0
0
0
0
0
0
0
0
0
0
0
0
0
0
0
0
0
0
0
0
0
0
0
0
0
0
0
0
0
0
0
0
0
0
0
0
0
0
0
0
0
0
0
0
0
0
0
0
0
0
0
0
0
0
0
0
0
0
0
0
0
0
0
0
0
0
0
0
0
0
0
0
0
0
0
0
0
0
0
0
0
0
0
0
0
0
0
0
0
0
0
0
0
0
0
0
0
0
0
0
0
0
0
0
0
0
0
0
0
0
0
0
0
0
0
0
0
0
0
0
0
0
0
0
0
0
0
0
0
0
0
0
0
0
0
0
0
0
0
0
0
0
0
0
0
0
0
0
0
0
0
0
0
0
0
0
0
0
0
0
0
0
0
0
0
0
0
0
0
0
0
0
0
0
0
0
0
0
0
0
0
0
0
0
0
0
0
0
0
0
0
0
0
0
0
0
0
0
0
0
0
0
0
0
0
0
0
0
0
0
0
0
0
0
0
0
0
0
0
0
0
0
0
0
0
0
0
0
0
0
0
0
0
0
0
0
0
0
0
0
0
0
0
0
0
0
0
0
0
0
0
0
0
0
0
0
0
0
0
0
0
0
0
0
0
0
0
0
0
0
0
0
0
0
0
0
0
0
0
0
0
0
0
0
0
0
0
0
0
0
0
0
0
0
0
0
0
0
0
0
0
0
0
0
0
0
0
0
0
0
0
0
0
0
0
0
0
0
0
0
0
0
0
0
0
0
0
0
0
0
0
0
0
0
0
0
0
0
0
0
0
0
0
0
0
0
0
0
0
0
0
0
0
0
0
0
0
0
0
0
0
0
0
0
0
0
0
0
0
0
0
0
0
0
0
0
0
0
0
0
0
0
0
0
0
0
0
0
0
0
0
0
0
0
0
0
0
0
0
0
0
0
0
0
0
0
0
0
0
0
0
0
0
0
0
0
0
0
0
0
0
0
0
0
0
0
0
0
0
0
0
0
0
0
0
0
0
0
0
0
0
0
0
0
0
0
0
0
0
0
0
0
0
0
0
0
0
0
0
0
0
0
0
0
0
0
0
0
0
0
0
0
0
0
0
0
0
0
0
0
0
0
0
0
0
0
0
0
0
0
0
0
0
0
0
0
0
0
0
0
0
0
0
0
0
0
0
0
0
0
0
0
0
0
0
0
0
0
0
0
0
0
0
0
0
0
0
0
0
0
0
0
0
0
0
0
0
0
0
0
0
0
0
0
0
0
0
0
0
0
0
0
0
0
0
0
0
0
0
0
0
0
0
0
0
0
0
0
0
0
0
0
0
0
0
0
0
0
0
0
0
0
0
0
0
0
0
0
0
0
0
0
0
0
0
0
0
0
0
0
0
0
0
0
0
0
0
0
0
0
0
0
0
0
0
0
0
0
0
0
0
0
0
0
0
0
0
0
0
0
0
0
0
0
0
0
0
0
0
0
0
0
0
0
0
0
0
0
0
0
0
0
0
0
0
0
0
0
0
0
0
0
0
0
0
0
0
0
0
0
0
0
0
0
0
0
0
0
0
0
0
0
0
0
0
0
0
0
0
0
0
0
0
0
0
0
0
0
0
0
0
0
0
0
0
0
0
0
0
0
0
0
0
0
0
0
0
0
0
0
0
0
0
0
0
0
0
0
0
0
0
0
0
0
0
0
0
0
0
0
0
0
0
0
0
0
0
0
0
0
0
0
0
0
0
0
0
0
0
0
0
0
0
0
0
0
0
0
0
0
0
0
0
0
0
0
0
0
0
0
0
0
0
0
0
0
0
0
0
0
0
0
0
0
0
0
0
0
0
0
0
0
0
0
0
0
0
0
0
0
0
0
0
0
0
0
0
0
0
0
0
0
0
0
0
0
0
0
0
0
0
0
0
0
0
0
0
0
0
0
0
0
0
0
0
0
0
0
0
0
0
0
0
0
0
0
0
0
0
0
0
0
0
0
0
0
0
0
0
0
0
0
0
0
0
0
0
0
0
0
0
0
0
0
0
0
0
0
0
0
0
0
0
0
0
0
0
0
0
0
0
0
0
0
0
0
0
0
0
0
0
0
0
0
0
0
0
0
0
0
0
0
0
0
0
0
0
0
0
0
0
0
0
0
0
0
0
0
0
0
0
0
0
0
0
0
0
0
0
0
0
0
0
0
0
0
0
0
0
0
0
0
0
0
0
0
0
0
0
0
0
0
0
0
0
0
0
0
0
0
0
0
0
0
0
0
0
0
0
0
0
0
0
0
0
0
0
0
0
0
0
0
0
0
0
0
0
0
0
0
0
0
0
0
0
0
0
0
0
0
0
0
0
0
0
0
0
0
0
0
0
0
0
0
0
0
0
0
0
0
0
0
0
0
0
0
0
0
0
0
0
0
0
0
0
0
0
0
0
0
0
0
0
0
0
0
0
0
0
0
0
0
0
0
0
0
0
0
0
0
0
0
0
0
0
0
0
0
0
0
0
0
0
0
0
0
0
0
0
0
0
0
0
0
0
0
0
0
0
0
0
0
0
0
0
0
0
0
0
0
0
0
0
0
0
0
0
0
0
0
0
0
0
0
0
0
0
0
0
0
0
0
0
0
0
0
0
0
0
0
0
0
0
0
0
0
0
0
0
0
0
0
0
0
0
0
0
0
0
0
0
0
0
0
0
0
0
0
0
0
0
0
0
0
0
0
0
0
0
0
0
0
0
0
0
0
0
0
0
0
0
0
0
0
0
0
0
0
0
0
0
0
0
0
0
0
0
0
0
0
0
0
0
0
0
0
0
0
0
0
0
0
0
0
0
0
0
0
0
0
0
0
0
0
0
0
0
0
0
0
0
0
0
0
0
0
0
0
0
0
0
0
0
0
0
0
0
0
0
0
0
0
0
0
0
0
0
0
0
0
0
0
0
0
0
0
0
0
0
0
0
0
0
0
0
0
0
0
0
0
0
0
0
0
0
0
0
0
0
0
0
0
0
0
0
0
0
0
0
0
0
0
0
0
0
0
0
0
0
0
0
0
0
0
0
0
0
0
0
0
0
0
0
0
0
0
0
0
0
0
0
0
0
0
0
0
0
0
0
0
0
0
0
0
0
0
0
0
0
0
0
0
0
0
0
0
0
0
0
0
0
0
0
0
0
0
0
0
0
0
0
0
0
0
0
0
0
0
0
0
0
0
0
0
0
0
0
0
0
0
0
0
0
0
0
0
0
0
0
0
0
0
0
0
0
0
0
0
0
0
0
0
0
0
0
0
0
0
0
0
0
0
0
0
0
0
0
0
0
0
0
0
0
0
0
0
0
0
0
0
0
0
0
0
0
0
0
0
0
0
0
0
0
0
0
0
0
0
0
0
0
0
0
0
0
0
0
0
0
0
0
0
0
0
0
0
0
0
0
0
0
0
0
0
0
0
0
0
0
0
0
0
0
0
0
0
0
0
0
0
0
0
0
0
0
0
0
0
0
0
0
0
0
0
0
0
0
0
0
0
0
0
0
0
0
0
0
0
0
0
0
0
0
0
