-137
257
-3497
-3009
2267
-2820
-2990
-211
537
-3585
-3155
347
-2781
-1972
-120
87
-174
229
-1149
-2587
-4226
-2932
-12100
-97
375
-2008
-3039
-2897
-2764
-13914
207
777
-315
-165
-3527
-2694
1570
-2736
-2520
-335
106
-4507
-3407
-18
-3242
-1307
-23
316
107
619
-1262
-2301
-2614
-2358
-15699
-149
-681
-2959
-2666
-1744
-2219
-14798
267
-171
-397
-513
-4043
-1573
570
-3012
-2995
-304
27
-4749
-1592
97
-3453
-2246
60
242
217
950
-1464
-2112
-4436
-3011
-14889
20
407
-3424
-3274
-3929
-2674
-15272
266
772
-281
-442
-4260
-1794
2501
-3191
-3408
-216
217
-4193
-1562
1965
-3096
-3573
109
191
301
-437
-2495
-1994
-6254
-3436
-11975
107
-382
-2628
-2544
-4681
-2430
-14312
176
-682
-191
-318
-2573
-2982
2085
-1774
-2848
-196
513
-2773
-2888
2510
-2735
-3167
21
524
145
-370
-3420
-1487
-4062
-2666
-15376
3
-198
-3375
-2348
-3569
-2598
-15043
-20
-294
-234
-166
-2730
-3342
-905
-1727
-2401
-239
307
-3323
-3939
484
-2700
-2278
-125
133
109
268
-1435
-1888
-354
-2248
-15025
37
-2
-2217
-2124
-934
-2883
-14245
78
594
-353
-959
-2338
-2706
-2135
-1341
-1935
-314
413
-2953
-3778
-565
-2315
-2666
-179
155
20
-655
-383
-2309
831
-1815
-19914
49
-868
-84
-2372
-685
-2589
-19607
179
-864
-389
-563
-1846
-2421
-360
-1933
-2069
-288
226
-2182
-3107
630
-2560
-1788
-80
-163
-60
-731
-1629
-2036
-522
-2014
-13223
-171
-330
-1277
-2426
-2037
-2299
-13613
58
-521
85
390
-2576
-3024
1443
-2626
-3030
95
-354
-2819
-3720
-1758
-3248
-295
19
678
-395
478
-1962
-3264
-2786
-2961
-15225
-231
366
-3099
-3063
-2906
-2975
-15755
82
741
-183
217
-3928
-3373
473
-3563
-3494
-50
-680
-5159
-4642
-3808
-4491
505
-98
-160
4
1513
-1293
-4178
-2643
-3341
-16774
-286
273
-3520
-4139
-2887
-3677
-16050
188
59
-229
-112
-4119
-2189
-69
-3061
-3431
-40
-496
-5125
-2995
-2708
-3990
1474
33
-250
181
1606
-1259
-3636
-4057
-3453
-16620
-150
692
-3943
-4384
-4962
-3497
-18527
162
94
-216
136
-4407
-2914
3131
-3457
-4025
-133
-182
-5578
-2889
533
-4460
-1125
65
-276
228
-487
-3117
-3668
-6141
-4125
-12904
-153
-692
-3918
-4550
-7236
-3696
-11907
162
-1121
-145
700
-3396
-4726
3761
-2216
-3678
-136
-301
-5021
-4580
1631
-4209
-1570
-114
87
155
39
-3999
-2538
-5617
-3712
-17620
-96
-157
-4696
-4454
-5933
-4133
-12496
164
-496
-570
845
-5001
-7189
-1669
-3856
-4141
-386
161
-5768
-7136
-3925
-4709
-2119
-329
1804
43
2032
-2555
-3541
2776
-3892
-19676
160
1427
-4468
-4848
3424
-4805
-17074
490
1793
-788
1798
-5968
-8321
-5424
-6149
-5593
-495
1701
-6470
-8352
-6753
-6160
-4669
-393
4352
-43
-1339
-4328
-5840
7179
-5558
-17174
367
-731
-5399
-7293
6816
-6099
-15278
812
-417
-528
149
-2778
-4217
-1491
-3292
-2818
-244
-553
-3889
-5385
-2368
-4480
-1528
-278
740
-92
-2323
-1924
-2931
2041
-2721
-19103
-136
-1470
-1854
-3892
130
-4313
-16485
161
-2196
222
-65
-523
-3351
-1006
-2261
-2553
153
-262
-1891
-4725
-4025
-4455
-469
-71
237
-340
340
-2332
-2374
-709
-2520
-16913
-236
281
-4037
-3929
-2396
-3955
-10878
-8
485
166
436
-2939
-3151
-2345
-2564
-3247
92
540
-4722
-4144
-4864
-4310
851
-174
192
29
1342
-1799
-3026
-981
-3162
-17971
-207
492
-4624
-4652
-2217
-4208
-15477
322
-420
207
567
-2414
-1264
-2788
-1585
-2651
189
443
-4572
-1811
-4145
-4067
2429
-100
-492
80
1268
-2102
-2556
-1228
-2692
-18260
-154
865
-5316
-4913
-4639
-4330
-15464
95
-34
117
551
-2362
-1943
-417
-1543
-2546
24
-51
-4355
-3061
-1201
-3831
1014
-116
-1032
209
-59
-1725
-3066
-2014
-2582
-18185
-187
-241
-4054
-3911
-5834
-3594
-13132
145
-515
-107
844
-3012
-3910
-761
-1178
-2659
-172
730
-4456
-4414
274
-3282
-282
-222
-308
224
1196
-2659
-2916
139
-2712
-22945
11
1666
-3726
-3319
-2974
-3187
-19572
377
2242
-650
867
-6146
-7516
-6354
-5044
-5883
-465
982
-7582
-7639
-6672
-6989
-5531
-361
896
83
3612
-6683
-6607
7347
-5617
-21550
290
3292
-8795
-7633
7062
-7531
-14076
773
4062
-1078
1502
-8289
-10765
-9550
-8326
-9039
-796
994
-14437
-15628
-14381
-14782
-11720
-476
1289
37
-413
-11262
-10296
11440
-8703
-18340
555
-319
-16473
-16306
12822
-15075
16713
1139
-54
-529
1061
-4251
-6257
-2918
-3267
-3834
-330
1325
-5393
-7749
-4297
-4918
-3354
-439
1835
-33
-2862
-4083
-3949
4576
-3468
-22842
61
-2667
-4472
-4142
4022
-5500
-17256
566
-3677
231
-487
-1572
-3703
164
-2663
-2924
204
30
-1896
-3999
-2170
-3429
-608
40
-668
-274
140
-2066
-2109
-1455
-2922
-15652
-152
781
-2607
-2742
-2831
-2945
-15883
-46
590
145
-1228
-2367
-2609
-405
-2849
-3071
154
203
-3362
-1799
-3777
-3652
-239
-139
-419
-132
141
-2891
-2491
-1289
-2924
-16846
-278
42
-4441
-3945
-2720
-3041
-17761
89
-539
193
-1949
-2170
-2848
-1861
-1831
-2703
223
-666
-3378
-2779
-3355
-3185
2361
-89
-708
-113
1400
-2217
-3093
390
-2541
-17936
-194
898
-4230
-4229
-3966
-3035
-18868
-178
-59
70
-1670
-2479
-3499
-1378
-2883
-2958
142
-1247
-3017
-4380
-2304
-3547
1970
-121
-639
19
717
-1673
-4069
904
-2816
-19273
-207
585
-3681
-3898
-4029
-2600
-20784
-58
46
-54
-1990
-2424
-3674
-3049
-2119
-2883
13
-1163
-2966
-4152
-1922
-3495
688
-229
-1139
3
917
-2415
-3967
2573
-2717
-18933
-91
713
-4409
-4029
-2364
-3124
-18749
81
264
-371
-3145
-4080
-4289
-4669
-2308
-4116
-255
-2359
-3897
-3518
-4214
-3616
-4340
-242
-3740
-33
1353
-4508
-4797
3490
-3900
-19707
323
744
-4869
-4887
2717
-4295
-21567
446
1068
-605
-4984
-5092
-6078
-3673
-3076
-4804
-394
-3915
-5755
-7163
-6858
-5446
-5875
-441
-7023
4
-484
-4268
-5761
3347
-4468
-25442
397
-300
-4821
-6506
4643
-4777
-21936
837
-73
18
-2279
-3595
-5057
-2999
-1915
-3726
21
-1838
-3975
-5804
-4767
-3607
-1749
-50
-3814
-215
-788
-1724
-4436
1338
-3582
-15552
-286
-487
-1942
-3924
33
-3595
-14594
95
-551
38
-1554
-3214
-3241
2464
-2941
-3473
92
-1367
-3228
-3630
1073
-3301
-757
145
-881
-164
131
-2755
-2387
-3750
-3465
-15471
-100
605
-2713
-2674
-5132
-3011
-18214
-17
356
-57
-183
-3769
-2628
3142
-3072
-3558
104
-434
-4737
-2267
271
-4088
-1067
-135
-638
-2
-122
-3250
-2551
-4535
-3511
-16857
-74
281
-4325
-4040
-5089
-3838
-17046
183
183
-120
-82
-4079
-3942
-1024
-4067
-4329
-108
184
-4624
-3341
-2519
-4336
-721
-170
540
31
1915
-2269
-3788
-739
-4332
-14542
136
543
-3786
-4572
-3336
-3944
-16219
128
907
-451
1963
-3807
-4306
350
-4355
-3646
-352
401
-3762
-3999
-1855
-4611
-919
-279
1352
282
1570
-1874
-3441
-1032
-3841
-25028
316
363
-4430
-4357
-2752
-3237
-26472
525
1146
-511
2489
-3917
-3410
925
-4285
-3494
-287
1502
-4600
-3354
-1363
-4742
-1752
-318
2152
286
-523
-2145
-3276
-1969
-3702
-17821
369
-322
-4393
-4492
-2483
-4256
-17028
555
-505
-276
608
-3329
-2145
261
-3002
-3452
-89
299
-3591
-2182
-952
-3289
-2302
-157
-83
203
-702
-2841
-3736
-2394
-3489
-11822
302
-219
-3140
-3469
-2434
-3643
-15485
405
-1073
-137
-319
-3134
-2310
-1323
-2618
-3031
37
167
-2120
-1047
-2217
-2366
-2757
-240
345
14
-290
-2909
-3217
326
-2860
-16232
190
-681
-2277
-2858
-429
-1755
-24019
204
-34
153
-28
-2509
-2577
-1799
-1567
-2355
125
414
-2329
-1996
-2218
-2980
-1312
-26
719
-262
-973
-1416
-2187
202
-2338
-16437
-236
-864
-1099
-2931
-1957
-2323
-18221
-180
-237
-66
-606
-2515
-2549
2598
-2034
-2736
30
-281
-3415
-4095
1806
-3334
427
10
-1117
-126
360
-3887
-2568
-1848
-2683
-18102
-396
-71
-4416
-1661
-4557
-3162
-17240
10
-172
-236
-31
-3606
-2938
4988
-1888
-3366
-128
819
-5059
-4758
4125
-4292
-196
-86
-294
127
1333
-4637
-2926
-5003
-3322
-25549
-140
1063
-5981
-3703
-6579
-3696
-22554
208
1401
-543
1145
-4679
-3468
2193
-4067
-5268
-504
820
-7590
-5496
2882
-7012
-3235
-221
183
201
4040
-7618
-3786
-3343
-5282
-27119
138
1652
-9604
-5517
-6719
-5991
-17858
575
3991
-953
3492
-5031
-4123
3556
-2874
-5400
-787
574
-10123
-8158
7510
-9559
-8048
-189
464
476
2966
-8545
-4163
-6434
-5573
-25717
421
2113
-9925
-9023
-9498
-8739
-3664
1182
4391
-937
2283
-4815
-4582
3481
-2190
-5994
-704
570
-12584
-10618
9627
-12191
-10416
-217
368
523
-1908
-10560
-4955
-7392
-6118
-23324
472
-1353
-13124
-12436
-11901
-12890
13178
1160
-2630
-811
987
-4364
-3325
3692
-1968
-4569
-555
476
-9228
-6275
8175
-7564
-6310
-263
981
504
-4341
-7813
-3641
-5828
-4426
-31623
364
-3101
-8771
-8327
-9022
-8155
-15375
942
-4596
-768
1221
-3959
-2317
1921
-3155
-3512
-490
1436
-7153
-4380
1951
-6229
-3380
-227
1618
163
-1117
-5509
-3621
-880
-3433
-27495
260
-864
-6569
-6742
-2809
-5689
-17894
578
-673
-414
17
-3334
-1477
530
-2884
-2807
-315
588
-7270
-3744
-940
-6709
-1253
-180
1314
-90
-436
-3258
-2749
-743
-2697
-24657
-39
-720
-5647
-6886
-3946
-6123
-10891
222
-742
-217
-408
-2013
-2060
833
-1701
-2189
-46
-5
-3356
-4363
-1038
-2867
1266
-172
-463
-115
587
-2853
-3088
4
-2112
-15328
-330
666
-4097
-407
-3329
-2589
-13542
67
346
-259
-632
-3985
-3812
1669
-1922
-4241
-174
-105
-4073
-5700
-32
-2442
2067
-23
-941
75
1325
-4974
-5419
-2124
-4278
-16818
-277
1844
-6463
-728
-4597
-1799
-23669
53
2033
-506
-382
-3757
-3261
-1543
-701
-4748
-424
-796
-5367
-5792
-191
-4189
-1058
-137
-1250
191
4832
-7246
-3163
-2744
-4564
-26772
-41
968
-9935
-2278
-5811
-3669
-22774
434
1966
-860
-436
-5550
-4607
-1492
4168
-5884
-461
-1931
-6218
-6627
4414
-2710
-4645
-166
-1744
495
2265
-8368
-3802
-8894
-5740
-15422
437
874
-8043
-4848
-9965
-5144
-12563
1010
741
-939
-786
-5983
-4510
908
3869
-6038
-429
-2248
-6358
-5380
6303
-2580
-5539
-250
-2295
584
-3835
-9922
-3739
-9888
-5861
-22480
318
-2912
-9206
-4676
-11752
-4975
-19835
977
-3103
-753
-681
-4812
-2995
960
1060
-4634
-486
-647
-5661
-3460
3370
-2635
-4039
-288
-1171
512
-3947
-8079
-4186
-4642
-4422
-21615
205
-1477
-7881
-3631
-6856
-3750
-19876
632
-1576
-874
-967
-4855
-3327
317
-824
-4333
-542
-990
-5929
-5760
491
-3070
-1793
-265
-622
253
-1204
-6869
-5370
-843
-4059
-16900
351
-235
-7411
-3882
-2570
-4040
-15547
658
306
-661
-1387
-3299
-1203
654
-2321
-2942
-455
-1941
-5546
-4416
603
-4708
232
-399
-1211
-59
-824
-3349
-2295
-2155
-2698
-21198
-3
-1465
-5764
-3267
-4633
-4348
-15346
245
-1244
-216
-1349
-2607
-3935
-1655
-1561
-2842
-79
-779
-2460
-4929
-2929
-2018
211
-133
-72
-262
154
-1389
-3657
843
-2655
-12371
-195
831
-1815
-1229
-1963
-2726
-14941
11
37
-271
-1139
-2627
-4635
-1046
-496
-3140
-131
-1237
-1399
-4144
-1686
-816
-770
-52
281
-133
-153
-3688
-3641
377
-3090
-13382
-352
636
-4144
112
-1534
-1515
-20051
219
914
-290
-1674
-2518
-4030
-3229
183
-3710
-210
-1373
-1969
-3170
-2978
-1236
-2273
-147
-910
-116
709
-5715
-2012
-102
-3542
-12550
-248
299
-6263
-1273
-770
-3158
-15358
314
1032
-537
-4532
-2865
-3375
-1679
2973
-3004
-374
-2341
-2008
-2948
-1219
488
-805
-220
-1707
160
1400
-5429
-1402
-2960
-2943
-17466
58
329
-5395
-1651
-3788
-1828
-21653
572
-448
-551
-3428
-3358
-3300
-2227
2717
-4016
-321
-1165
-1521
-2291
-1544
327
-2106
-242
-1410
171
-856
-6184
-2882
-3555
-3809
-11764
67
-52
-5604
-2566
-3924
-2088
-18742
426
-494
-462
-1888
-4296
-3355
-3367
-302
-4308
-315
-802
-3376
-2427
-4802
-1796
-2714
-246
-1432
99
-1593
-5433
-4055
556
-3831
-12138
-114
-19
-5998
-2597
-112
-2853
-15729
225
162
-466
-1191
-3619
-3678
-2383
-1924
-3164
-343
-809
-4227
-4552
-5797
-3233
-750
-239
-787
-28
-301
-4325
-3605
3482
-2779
-15769
-149
-252
-6147
-2861
1811
-3257
-13020
282
46
-240
-358
-1962
-2713
-728
-1380
-1819
-158
-389
-2127
-3740
-2906
-2679
450
-166
-301
-211
-767
-2186
-1116
895
-1713
-18483
-284
-482
-3433
-1427
-954
-2200
-16929
-37
17
0
0
0
0
0
0
0
0
0
0
0
-2037
-2811
931
-2438
-2231
0
0
0
0
0
0
0
0
0
0
0
-154
-2051
-3512
-2271
-13462
0
0
0
0
0
0
0
0
0
0
0
-2431
-2271
1546
-1476
-1883
0
0
0
0
0
0
0
0
0
0
0
-959
-1924
-2617
-1910
-16942
0
0
0
0
0
0
0
0
0
0
0
-2976
-1678
326
-1120
-2144
0
0
0
0
0
0
0
0
0
0
0
-1251
-1231
-3790
-2241
-17760
0
0
0
0
0
0
0
0
0
0
0
-3587
-2453
1153
-1330
-2924
0
0
0
0
0
0
0
0
0
0
0
-2614
-922
-5808
-3015
-12947
0
0
0
0
0
0
0
0
0
0
0
-2620
-2822
1175
-224
-2162
0
0
0
0
0
0
0
0
0
0
0
-2732
-188
-4356
-2125
-17559
0
0
0
0
0
0
0
0
0
0
0
-1902
-2513
-169
-738
-1634
0
0
0
0
0
0
0
0
0
0
0
-1355
-282
-1849
-1521
-17936
0
0
0
0
0
0
0
0
0
0
0
-1835
-2572
-1318
-1380
-1628
0
0
0
0
0
0
0
0
0
0
0
-825
-1075
-183
-1599
-18902
0
0
0
0
0
0
0
0
0
0
0
-1173
-1781
450
-1070
-1082
0
0
0
0
0
0
0
0
0
0
0
-815
-844
-969
-1075
-15473
0
0
0
0
0
0
0
0
0
0
0
-1832
-2739
-278
-1412
-2267
0
0
0
0
0
0
0
0
0
0
0
-272
-2658
-2421
-2171
-15979
0
0
0
0
0
0
0
0
0
0
0
-2745
-3029
-560
-533
-2615
0
0
0
0
0
0
0
0
0
0
0
-1406
-4020
-1869
-2590
-18915
0
0
0
0
0
0
0
0
0
0
0
-3438
-2410
-1496
189
-3144
0
0
0
0
0
0
0
0
0
0
0
-1992
-3321
-3573
-2953
-17383
0
0
0
0
0
0
0
0
0
0
0
-3853
-2949
934
860
-2811
0
0
0
0
0
0
0
0
0
0
0
-2578
-2530
-5322
-2722
-17643
0
0
0
0
0
0
0
0
0
0
0
-4224
-5067
381
881
-3664
0
0
0
0
0
0
0
0
0
0
0
-4185
-1763
-5552
-3554
-15509
0
0
0
0
0
0
0
0
0
0
0
-5033
-6711
-3179
-3338
-4643
0
0
0
0
0
0
0
0
0
0
0
-3744
-2838
1101
-4510
-14287
0
0
0
0
0
0
0
0
0
0
0
-4970
-6940
-5538
-5769
-5383
0
0
0
0
0
0
0
0
0
0
0
-4332
-6028
5955
-5193
-14216
0
0
0
0
0
0
0
0
0
0
0
-1531
-2996
-2085
-676
-1963
0
0
0
0
0
0
0
0
0
0
0
-1470
-2391
1181
-1822
-21104
0
0
0
0
0
0
0
0
0
0
0
-1837
-3021
-1972
-547
-2322
0
0
0
0
0
0
0
0
0
0
0
-700
-2798
-1452
-2227
-14458
0
0
0
0
0
0
0
0
0
0
0
-2499
-3234
-2871
480
-2783
0
0
0
0
0
0
0
0
0
0
0
-1871
-4006
-951
-2635
-19028
0
0
0
0
0
0
0
0
0
0
0
-2403
-2529
-3613
1049
-3028
0
0
0
0
0
0
0
0
0
0
0
-2525
-3577
-1537
-2736
-14990
0
0
0
0
0
0
0
0
0
0
0
-2478
-2720
-1281
724
-2346
0
0
0
0
0
0
0
0
0
0
0
-1828
-3358
-1753
-2264
-16517
0
0
0
0
0
0
0
0
0
0
0
-4267
-4770
-2475
1513
-3471
0
0
0
0
0
0
0
0
0
0
0
-3253
-3951
-1646
-3580
-15531
0
0
0
0
0
0
0
0
0
0
0
-7002
-6617
-5351
-3012
-5315
0
0
0
0
0
0
0
0
0
0
0
-5593
-6771
5344
-5354
-18187
0
0
0
0
0
0
0
0
0
0
0
-9443
-9879
-6223
-8700
-7956
0
0
0
0
0
0
0
0
0
0
0
-9196
-10234
9132
-7989
-10958
0
0
0
0
0
0
0
0
0
0
0
-4038
-5718
-4133
-1740
-4135
0
0
0
0
0
0
0
0
0
0
0
-4288
-4434
2893
-3850
-18655
0
0
0
0
0
0
0
0
0
0
0
-2166
-2893
-688
-930
-2139
0
0
0
0
0
0
0
0
0
0
0
-64
-2283
-2242
-2025
-16352
0
0
0
0
0
0
0
0
0
0
0
-1940
-1886
-237
-112
-1727
0
0
0
0
0
0
0
0
0
0
0
-1614
-2502
-891
-1485
-21780
0
0
0
0
0
0
0
0
0
0
0
-2225
-2642
-2117
-91
-2711
0
0
0
0
0
0
0
0
0
0
0
-2284
-4119
-172
-2579
-15755
0
0
0
0
0
0
0
0
0
0
0
-3062
-3417
-1174
-1910
-3150
0
0
0
0
0
0
0
0
0
0
0
-2120
-4369
15
-3179
-14961
0
0
0
0
0
0
0
0
0
0
0
-2618
-2961
-1986
-552
-2236
0
0
0
0
0
0
0
0
0
0
0
-1760
-4266
1330
-2346
-18746
0
0
0
0
0
0
0
0
0
0
0
-3056
-3655
-2827
-2103
-3418
0
0
0
0
0
0
0
0
0
0
0
-3556
-6136
2298
-3424
-20092
0
0
0
0
0
0
0
0
0
0
0
-4512
-6195
-2820
-3820
-5076
0
0
0
0
0
0
0
0
0
0
0
-3855
-8248
1937
-5069
-20394
0
0
0
0
0
0
0
0
0
0
0
-3215
-4205
-2323
-575
-2841
0
0
0
0
0
0
0
0
0
0
0
-1179
-4863
2
-2840
-16249
0
0
0
0
0
0
0
0
0
0
0
-2862
-2862
1138
-1464
-2686
0
0
0
0
0
0
0
0
0
0
0
-1115
-2520
-3653
-2483
-16780
0
0
0
0
0
0
0
0
0
0
0
-2472
-2091
2417
-519
-2211
0
0
0
0
0
0
0
0
0
0
0
-2412
-2660
-3296
-1977
-21496
0
0
0
0
0
0
0
0
0
0
0
-2730
-2520
-364
-1754
-2206
0
0
0
0
0
0
0
0
0
0
0
-1094
-1658
-1389
-1941
-22149
0
0
0
0
0
0
0
0
0
0
0
-4047
-3975
-100
-2514
-3630
0
0
0
0
0
0
0
0
0
0
0
-2375
-3038
-2126
-3588
-23106
0
0
0
0
0
0
0
0
0
0
0
-3486
-3193
316
-1648
-3016
0
0
0
0
0
0
0
0
0
0
0
-1608
-3046
-2322
-2931
-19998
0
0
0
0
0
0
0
0
0
0
0
-2229
-1944
192
-720
-2477
0
0
0
0
0
0
0
0
0
0
0
-1847
-3986
-1574
-2339
-16013
0
0
0
0
0
0
0
0
0
0
0
-1841
-2664
-2171
-1144
-2889
0
0
0
0
0
0
0
0
0
0
0
-2240
-4227
552
-2596
-14924
0
0
0
0
0
0
0
0
0
0
0
-1620
-2441
-2114
63
-2217
0
0
0
0
0
0
0
0
0
0
0
-652
-2977
-1178
-2145
-13726
0
0
0
0
0
0
0
0
0
0
0
-1804
-2196
1701
-943
-2226
0
0
0
0
0
0
0
0
0
0
0
-2088
-2616
-2667
-2033
-18090
0
0
0
0
0
0
0
0
0
0
0
-3512
-3726
2734
-134
-4146
0
0
0
0
0
0
0
0
0
0
0
-5190
-5029
-5201
-4037
-18491
0
0
0
0
0
0
0
0
0
0
0
-4290
-2800
780
441
-3685
0
0
0
0
0
0
0
0
0
0
0
-5571
-2838
-4668
-3387
-32353
0
0
0
0
0
0
0
0
0
0
0
-8656
-6675
315
2980
-7118
0
0
0
0
0
0
0
0
0
0
0
-9370
-7985
-7324
-6999
-15487
0
0
0
0
0
0
0
0
0
0
0
-9010
-6887
1297
3462
-7518
0
0
0
0
0
0
0
0
0
0
0
-10694
-9066
-8083
-7134
-15388
0
0
0
0
0
0
0
0
0
0
0
-5175
-4822
1179
2387
-5246
0
0
0
0
0
0
0
0
0
0
0
-7733
-5298
-5584
-4514
-29972
0
0
0
0
0
0
0
0
0
0
0
-2356
-2778
-24
-948
-3501
0
0
0
0
0
0
0
0
0
0
0
-4847
-4282
-1153
-2974
-25368
0
0
0
0
0
0
0
0
0
0
0
-2367
-1472
-32
-1171
-2209
0
0
0
0
0
0
0
0
0
0
0
-1666
-2435
-1747
-1909
-23001
0
0
0
0
0
0
0
0
0
0
0
-1359
-1688
885
-1939
-1898
0
0
0
0
0
0
0
0
0
0
0
-1652
-3128
-551
-1994
-13890
0
0
0
0
0
0
0
0
0
0
0
-3788
-2916
1018
-317
-4340
0
0
0
0
0
0
0
0
0
0
0
-4871
-7091
-3281
-4414
-14761
0
0
0
0
0
0
0
0
0
0
0
-5025
-2815
-3634
3636
-4803
0
0
0
0
0
0
0
0
0
0
0
-7209
-4724
-5087
-4554
-26027
0
0
0
0
0
0
0
0
0
0
0
-11898
-10226
-8501
8990
-11991
0
0
0
0
0
0
0
0
0
0
0
-14527
-12435
-12021
-11987
12715
0
0
0
0
0
0
0
0
0
0
0
-9552
-9597
-6066
10068
-10845
0
0
0
0
0
0
0
0
0
0
0
-15378
-10870
-12728
-10498
-4121
0
0
0
0
0
0
0
0
0
0
0
-5421
-5076
-2098
5151
-5728
0
0
0
0
0
0
0
0
0
0
0
-9437
-6301
-5680
-5292
-19301
0
0
0
0
0
0
0
0
0
0
0
-4694
-4872
-1308
-1050
-5597
0
0
0
0
0
0
0
0
0
0
0
-8100
-6944
-1376
-5532
-9391
0
0
0
0
0
0
0
0
0
0
0
-2638
-1637
-391
-2110
-2660
0
0
0
0
0
0
0
0
0
0
0
-2755
-1958
-2168
-2494
-19982
0
0
0
0
0
0
0
0
0
0
0
-2089
-2452
-847
-2808
-2306
0
0
0
0
0
0
0
0
0
0
0
-579
-3126
241
-2373
-12736
0
0
0
0
0
0
0
0
0
0
0
-2380
-3151
-122
-1701
-2954
0
0
0
0
0
0
0
0
0
0
0
-2706
-3833
-738
-3004
-14095
0
0
0
0
0
0
0
0
0
0
0
-1946
-2160
-1828
155
-2262
0
0
0
0
0
0
0
0
0
0
0
-3434
-2059
-986
-2130
-19689
0
0
0
0
0
0
0
0
0
0
0
-3476
-3438
-1843
3182
-3463
0
0
0
0
0
0
0
0
0
0
0
-5191
-3370
-3938
-3325
-17760
0
0
0
0
0
0
0
0
0
0
0
-3689
-3103
-2284
3580
-3721
0
0
0
0
0
0
0
0
0
0
0
-5497
-4564
-4166
-3548
-15091
0
0
0
0
0
0
0
0
0
0
0
-2111
-2503
-2292
379
-2791
0
0
0
0
0
0
0
0
0
0
0
-4265
-3849
-359
-2711
-19077
0
0
0
0
0
0
0
0
0
0
0
-1756
-3373
-2097
-2691
-2961
0
0
0
0
0
0
0
0
0
0
0
-3611
-4252
2298
-2945
-14302
0
0
0
0
0
0
0
0
0
0
0
-950
-2182
-1648
-1240
-1580
0
0
0
0
0
0
0
0
0
0
0
-1256
-1612
299
-1558
-17776
0
0
0
0
0
0
0
0
0
0
0
0
0
0
0
0
0
0
0
0
0
0
0
0
0
0
0
0
0
0
0
0
0
0
0
0
0
0
0
0
0
0
0
0
0
0
0
0
0
0
0
0
0
0
0
0
0
0
0
0
0
0
0
0
0
0
0
0
0
0
0
0
0
0
0
0
0
0
0
0
0
0
0
0
0
0
0
0
0
0
0
0
0
0
0
0
0
0
0
0
0
0
0
0
0
0
0
0
0
0
0
0
0
0
0
0
0
0
0
0
0
0
0
0
0
0
0
0
0
0
0
0
0
0
0
0
0
0
0
0
0
0
0
0
0
0
0
0
0
0
0
0
0
0
0
0
0
0
0
0
0
0
0
0
0
0
0
0
0
0
0
0
0
0
0
0
0
0
0
0
0
0
0
0
0
0
0
0
0
0
0
0
0
0
0
0
0
0
0
0
0
0
0
0
0
0
0
0
0
0
0
0
0
0
0
0
0
0
0
0
0
0
0
0
0
0
0
0
0
0
0
0
0
0
0
0
0
0
0
0
0
0
0
0
0
0
0
0
0
0
0
0
0
0
0
0
0
0
0
0
0
0
0
0
0
0
0
0
0
0
0
0
0
0
0
0
0
0
0
0
0
0
0
0
0
0
0
0
0
0
0
0
0
0
0
0
0
0
0
0
0
0
0
0
0
0
0
0
0
0
0
0
0
0
0
0
0
0
0
0
0
0
0
0
0
0
0
0
0
0
0
0
0
0
0
0
0
0
0
0
0
0
0
0
0
0
0
0
0
0
0
0
0
0
0
0
0
0
0
0
0
0
0
0
0
0
0
0
0
0
0
0
0
0
0
0
0
0
0
0
0
0
0
0
0
0
0
0
0
0
0
0
0
0
0
0
0
0
0
0
0
0
0
0
0
0
0
0
0
0
0
0
0
0
0
0
0
0
0
0
0
0
0
0
0
0
0
0
0
0
0
0
0
0
0
0
0
0
0
0
0
0
0
0
0
0
0
0
0
0
0
0
0
0
0
0
0
0
0
0
0
0
0
0
0
0
0
0
0
0
0
0
0
0
0
0
0
0
0
0
0
0
0
0
0
0
0
0
0
0
0
0
0
0
0
0
0
0
0
0
0
0
0
0
0
0
0
0
0
0
0
0
0
0
0
0
0
0
0
0
0
0
0
0
0
0
0
0
0
0
0
0
0
0
0
0
0
0
0
0
0
0
0
0
0
0
0
0
0
0
0
0
0
0
0
0
0
0
0
0
0
0
0
0
0
0
0
0
0
0
0
0
0
0
0
0
0
0
0
0
0
0
0
0
0
0
0
0
0
0
0
0
0
0
0
0
0
0
0
0
0
0
0
0
0
0
0
0
0
0
0
0
0
0
0
0
0
0
0
0
0
0
0
0
0
0
0
0
0
0
0
0
0
0
0
0
0
0
0
0
0
0
0
0
0
0
0
0
0
0
0
0
0
0
0
0
0
0
0
0
0
0
0
0
0
0
0
0
0
0
0
0
0
0
0
0
0
0
0
0
0
0
0
0
0
0
0
0
0
0
0
0
0
0
0
0
0
0
0
0
0
0
0
0
0
0
0
0
0
0
0
0
0
0
0
0
0
0
0
0
0
0
0
0
0
0
0
0
0
0
0
0
0
0
0
0
0
0
0
0
0
0
0
0
0
0
0
0
0
0
0
0
0
0
0
0
0
0
0
0
0
0
0
0
0
0
0
0
0
0
0
0
0
0
0
0
0
0
0
0
0
0
0
0
0
0
0
0
0
0
0
0
0
0
0
0
0
0
0
0
0
0
0
0
0
0
0
0
0
0
0
0
0
0
0
0
0
0
0
0
0
0
0
0
0
0
0
0
0
0
0
0
0
0
0
0
0
0
0
0
0
0
0
0
0
0
0
0
0
0
0
0
0
0
0
0
0
0
0
0
0
0
0
0
0
0
0
0
0
0
0
0
0
0
0
0
0
0
0
0
0
0
0
0
0
0
0
0
0
0
0
0
0
0
0
0
0
0
0
0
0
0
0
0
0
0
0
0
0
0
0
0
0
0
0
0
0
0
0
0
0
0
0
0
0
0
0
0
0
0
0
0
0
0
0
0
0
0
0
0
0
0
0
0
0
0
0
0
0
0
0
0
0
0
0
0
0
0
0
0
0
0
0
0
0
0
0
0
0
0
0
0
0
0
0
0
0
0
0
0
0
0
0
0
0
0
0
0
0
0
0
0
0
0
0
0
0
0
0
0
0
0
0
0
0
0
0
0
0
0
0
0
0
0
0
0
0
0
0
0
0
0
0
0
0
0
0
0
0
0
0
0
0
0
0
0
0
0
0
0
0
0
0
0
0
0
0
0
0
0
0
0
0
0
0
0
0
0
0
0
0
0
0
0
0
0
0
0
0
0
0
0
0
0
0
0
0
0
0
0
0
0
0
0
0
0
0
0
0
0
0
0
0
0
0
0
0
0
0
0
0
0
0
0
0
0
0
0
0
0
0
0
0
0
0
0
0
0
0
0
0
0
0
0
0
0
0
0
0
0
0
0
0
0
0
0
0
0
0
0
0
0
0
0
0
0
0
0
0
0
0
0
0
0
0
0
0
0
0
0
0
0
0
0
0
0
0
0
0
0
0
0
0
0
0
0
0
0
0
0
0
0
0
0
0
0
0
0
0
0
0
0
0
0
0
0
0
0
0
0
0
0
0
0
0
0
0
0
0
0
0
0
0
0
0
0
0
0
0
0
0
0
0
0
0
0
0
0
0
0
0
0
0
0
0
0
0
0
0
0
0
0
0
0
0
0
0
0
0
0
0
0
0
0
0
0
0
0
0
0
0
0
0
0
0
0
0
0
0
0
0
0
0
0
0
0
0
0
0
0
0
0
0
0
0
0
0
0
0
0
0
0
0
0
0
0
0
0
0
0
0
0
0
0
0
0
0
0
0
0
0
0
0
0
0
0
0
0
0
0
0
0
0
0
0
0
0
0
0
0
0
0
0
0
0
0
0
0
0
0
0
0
0
0
0
0
0
0
0
0
0
0
0
0
0
0
0
0
0
0
0
0
0
0
0
0
0
0
0
0
0
0
0
0
0
0
0
0
0
0
0
0
0
0
0
0
0
0
0
0
0
0
0
0
0
0
0
0
0
0
0
0
0
0
0
0
0
0
0
0
0
0
0
0
0
0
0
0
0
0
0
0
0
0
0
0
0
0
0
0
0
0
0
0
0
0
0
0
0
0
0
0
0
0
0
0
0
0
0
0
0
0
0
0
0
0
0
0
0
0
0
0
0
0
0
0
0
0
0
0
0
0
0
0
0
0
0
0
0
0
0
0
0
0
0
0
0
0
0
0
0
0
0
0
0
0
0
0
0
0
0
0
0
0
0
0
0
0
0
0
0
0
0
0
0
0
0
0
0
0
0
0
0
0
0
0
0
0
0
0
0
0
0
0
0
0
0
0
0
0
0
0
0
0
0
0
0
0
0
0
0
0
0
0
0
0
0
0
0
0
0
0
0
0
0
0
0
0
0
0
0
0
0
0
0
0
0
0
0
0
0
0
0
0
0
0
0
0
0
0
0
0
0
0
0
0
0
0
0
0
0
0
0
0
0
0
0
0
0
0
0
0
0
0
0
0
0
0
0
0
0
0
0
0
0
0
0
0
0
0
0
0
0
0
0
0
0
0
0
0
0
0
0
0
0
0
0
0
0
0
0
0
0
0
0
0
0
0
0
0
0
0
0
0
0
0
0
0
0
0
0
0
0
0
0
0
0
0
0
0
0
0
0
0
0
0
0
0
0
0
0
0
0
0
0
0
0
0
0
0
0
0
0
0
0
0
0
0
0
0
0
0
0
0
0
0
0
0
0
0
0
0
0
0
0
0
0
0
0
0
0
0
0
0
0
0
0
0
0
0
0
0
0
0
0
0
0
0
0
0
0
0
0
0
0
0
0
0
0
0
0
0
0
0
0
0
0
0
0
0
0
0
0
0
0
0
0
0
0
0
0
0
0
0
0
0
0
0
0
0
0
0
0
0
0
0
0
0
0
0
0
0
0
0
0
0
0
0
0
0
0
0
0
0
0
0
0
0
0
0
0
0
0
0
0
0
0
0
0
0
0
0
0
0
0
0
0
0
0
0
0
0
0
0
0
0
0
0
0
0
0
0
0
0
0
0
0
0
0
0
0
0
0
0
0
0
0
0
0
0
0
0
0
0
0
0
0
0
0
0
0
0
0
0
0
0
0
0
0
0
0
0
0
0
0
0
0
0
0
0
0
0
0
0
0
0
0
0
0
0
0
0
0
0
0
0
0
0
0
0
0
0
0
0
0
0
0
0
0
0
0
0
0
0
0
0
0
0
0
0
0
0
0
0
0
0
0
0
0
0
0
0
0
0
0
0
0
0
0
0
0
0
0
0
0
0
0
0
0
0
0
0
0
0
0
0
0
0
0
0
0
0
0
0
0
0
0
0
0
0
0
0
0
0
0
0
0
0
0
0
0
0
0
0
0
0
0
0
0
0
0
0
0
0
0
0
0
0
0
0
0
0
0
0
0
0
0
0
0
0
0
0
0
0
0
0
0
0
0
0
0
0
0
0
0
0
0
0
0
0
0
0
0
0
0
0
0
0
0
0
0
0
0
0
0
0
0
0
0
0
0
0
0
0
0
0
0
0
0
0
0
0
0
0
0
0
0
0
0
0
0
0
0
0
0
0
0
0
0
0
0
0
0
0
0
0
0
0
0
0
0
0
0
0
0
0
0
0
0
0
0
0
0
0
0
0
0
0
0
0
0
0
0
0
0
0
0
0
0
0
0
0
0
0
0
0
0
0
0
0
0
0
0
0
0
0
0
0
0
0
0
0
0
0
0
0
0
0
0
0
0
0
0
0
0
0
0
0
0
0
0
0
0
0
0
0
0
0
0
0
0
0
0
0
0
0
0
0
0
0
0
0
0
0
0
0
0
0
0
0
0
0
0
0
0
0
0
0
0
0
0
0
0
0
0
0
0
0
0
0
0
0
0
0
0
0
0
0
0
0
0
0
0
0
0
0
0
0
0
0
0
0
0
0
0
0
0
0
0
0
0
0
0
0
0
0
0
0
0
0
0
0
0
0
0
0
0
0
0
0
0
0
0
0
0
0
0
0
0
0
0
0
0
0
0
0
0
0
0
0
0
0
0
0
0
0
0
0
0
0
0
0
0
0
0
0
0
0
0
0
0
0
0
0
0
0
0
0
0
0
0
0
0
0
0
0
0
0
0
0
0
0
0
0
0
0
0
0
0
0
0
0
0
0
0
0
0
0
0
0
0
0
0
0
0
0
0
0
0
0
0
0
0
0
0
0
0
0
0
0
0
0
0
0
0
0
0
0
0
0
0
0
0
0
0
0
0
0
0
0
0
0
0
0
0
0
0
0
0
0
0
0
0
0
0
0
0
0
0
0
0
0
0
0
0
0
0
0
0
0
0
0
0
0
0
0
0
0
0
0
0
0
0
0
0
0
0
0
0
0
0
0
0
0
0
0
0
0
0
0
0
0
0
0
0
0
0
0
0
0
0
0
0
0
0
0
0
0
0
0
0
0
0
0
0
0
0
0
0
0
0
0
0
0
0
0
0
0
0
0
0
0
0
0
0
0
0
0
0
0
0
0
0
0
0
0
0
0
0
0
0
0
0
0
0
0
0
0
0
0
0
0
0
0
0
0
0
0
0
0
0
0
0
0
0
0
0
0
0
0
0
0
0
0
0
0
0
0
0
0
0
0
0
0
0
0
0
0
0
0
0
0
0
0
0
0
0
0
0
0
0
0
0
0
0
0
0
0
0
0
0
0
0
0
0
0
0
0
0
0
0
0
0
0
0
0
0
0
0
0
0
0
0
0
0
0
0
0
0
0
0
0
0
0
0
0
0
0
0
0
0
0
0
0
0
0
0
0
0
0
0
0
0
0
0
0
0
0
0
0
0
0
0
0
0
0
0
0
0
0
0
0
0
0
0
0
0
0
0
0
0
0
0
0
0
0
0
0
0
0
0
0
0
0
0
0
0
0
0
0
0
0
0
0
0
0
0
0
0
0
0
0
0
0
0
0
0
0
0
0
0
0
0
0
0
0
0
0
0
0
0
0
0
0
0
0
0
0
0
0
0
0
0
0
0
0
0
0
0
0
0
0
0
0
0
0
0
0
0
0
0
0
0
0
0
0
0
0
0
0
0
0
0
0
0
0
0
0
0
0
0
0
0
0
0
0
0
0
0
0
0
0
0
0
0
0
0
0
0
0
0
0
0
0
0
0
0
0
0
0
0
0
0
0
0
0
0
0
0
0
0
0
0
0
0
0
0
0
0
0
0
0
0
0
0
0
0
0
0
0
0
0
0
0
0
0
0
0
0
0
0
0
0
0
0
0
0
0
0
0
0
0
0
0
0
0
0
0
0
0
0
0
0
0
0
0
0
0
0
0
0
0
0
0
0
0
0
0
0
0
0
0
0
0
0
0
0
0
0
0
0
0
0
0
0
0
0
0
0
0
0
0
0
0
0
0
0
0
0
0
0
0
0
0
0
0
0
0
0
0
0
0
0
0
0
0
0
0
0
0
0
0
0
0
0
0
0
0
0
0
0
0
0
0
0
0
0
0
0
0
0
0
0
0
0
0
0
0
0
0
0
0
0
0
0
0
0
0
0
0
0
0
0
0
0
0
0
0
0
0
0
0
0
0
0
0
0
0
0
0
0
0
0
0
0
0
0
0
0
0
0
0
0
0
0
0
0
0
0
0
0
0
0
0
0
0
0
0
0
0
0
0
0
0
0
0
0
0
0
0
0
0
0
0
0
0
0
0
0
0
0
0
0
0
0
0
0
0
0
0
0
0
0
0
0
0
0
0
0
0
0
0
0
0
0
0
0
0
0
0
0
0
0
0
0
0
0
0
0
0
0
0
0
0
0
0
0
0
0
0
0
0
0
0
0
0
0
0
0
0
0
0
0
0
0
0
0
0
0
0
0
0
0
0
0
0
0
0
0
0
0
0
0
0
0
0
0
0
0
0
0
0
0
0
0
0
0
0
0
0
0
0
0
0
0
0
0
0
0
0
0
0
0
0
0
0
0
0
0
0
0
0
0
0
0
0
0
0
0
0
0
0
0
0
0
0
0
0
0
0
0
0
0
0
0
0
0
0
0
0
0
0
0
0
0
0
0
0
0
0
0
0
0
0
0
0
0
0
0
0
0
0
0
0
0
0
0
0
0
0
0
0
0
0
0
0
0
0
0
0
0
0
0
0
0
0
0
0
0
0
0
0
0
0
0
0
0
0
0
0
0
0
0
0
0
0
0
0
0
0
0
0
0
0
0
0
0
0
0
0
0
0
0
0
0
0
0
0
0
0
0
0
0
0
0
0
0
0
0
0
0
0
0
0
0
0
0
0
0
0
0
0
0
0
0
0
0
0
0
0
0
0
0
0
0
0
0
0
0
0
0
0
0
0
0
0
0
0
0
0
0
0
0
0
0
0
0
0
0
0
0
0
0
0
0
0
0
0
0
0
0
0
0
0
0
0
0
0
0
0
0
0
0
0
0
0
0
0
0
0
0
0
0
0
0
0
0
0
0
0
0
0
0
0
0
0
0
0
0
0
0
0
0
0
0
0
0
0
0
0
0
0
0
0
0
0
0
0
0
0
0
0
0
0
0
0
0
0
0
0
0
0
0
0
0
0
0
0
0
0
0
0
0
0
0
0
0
0
0
0
0
0
0
0
0
0
0
0
0
0
0
0
0
0
0
0
0
0
0
0
0
0
0
0
0
0
0
0
0
0
0
0
0
0
0
0
0
0
0
0
0
0
0
0
0
0
0
0
0
0
0
0
0
0
0
0
0
0
0
0
0
0
0
0
0
0
0
0
0
0
0
0
0
0
0
0
0
0
0
0
0
0
0
0
0
0
0
0
0
0
0
0
0
0
0
0
0
0
0
0
0
0
0
0
0
0
0
0
0
0
0
0
0
0
0
0
0
0
0
0
0
0
0
0
0
0
0
0
0
0
0
0
0
0
0
0
0
0
0
0
0
0
0
0
0
0
0
0
0
0
0
0
0
0
0
0
0
0
0
0
0
0
0
0
0
0
0
0
0
0
0
0
0
0
0
0
0
0
0
0
0
0
0
0
0
0
0
0
0
0
0
0
0
0
0
0
0
0
0
0
0
0
0
0
0
0
0
0
0
0
0
0
0
0
0
0
0
0
0
0
0
0
0
0
0
0
0
0
0
0
0
0
0
0
0
0
0
0
0
0
0
0
0
0
0
0
0
0
0
0
0
0
0
0
0
0
0
0
0
0
0
0
0
0
0
0
0
0
0
0
0
0
0
0
0
0
0
0
0
0
0
0
0
0
0
0
0
0
0
0
0
0
0
0
0
0
0
0
0
0
0
0
0
0
0
0
0
0
0
0
0
0
0
0
0
0
0
0
0
0
0
0
0
0
0
0
0
0
0
0
0
0
0
0
0
0
0
0
0
0
0
0
0
0
0
0
0
0
0
0
0
0
0
0
0
0
0
0
0
0
0
0
0
0
0
0
0
0
0
0
0
0
0
0
0
0
0
0
0
0
0
0
0
0
0
0
0
0
0
0
0
0
0
0
0
0
0
0
0
0
0
0
0
0
0
0
0
0
0
0
0
0
0
0
0
0
0
0
0
0
0
0
0
0
0
0
0
0
0
0
0
0
0
0
0
0
0
0
0
0
0
0
0
0
0
0
0
0
0
0
0
0
0
0
0
0
0
0
0
0
0
0
0
0
0
0
0
0
0
0
0
0
0
0
0
0
0
0
0
0
0
0
0
0
0
0
0
0
0
0
0
0
0
0
0
0
0
0
0
0
0
0
0
0
0
0
0
0
0
0
0
0
0
0
0
0
0
0
0
0
0
0
0
0
0
0
0
0
0
0
0
0
0
0
0
0
0
0
0
0
0
0
0
0
0
0
0
0
0
0
0
0
0
0
0
0
0
0
0
0
0
0
0
0
0
0
0
0
0
0
0
0
0
0
0
0
0
0
0
0
0
0
0
0
0
0
0
0
0
0
0
0
0
0
0
0
0
0
0
0
0
0
0
0
0
0
0
0
0
0
0
0
0
0
0
0
0
0
0
0
0
0
0
0
0
0
0
0
0
0
0
0
0
0
0
0
0
0
0
0
0
0
0
0
0
0
0
0
0
0
0
0
0
0
0
0
0
0
0
0
0
0
0
0
0
0
0
0
0
0
0
0
0
0
0
0
0
0
0
0
0
0
0
0
0
0
0
0
0
0
0
0
0
0
0
0
0
0
0
0
0
0
0
0
0
0
0
0
0
0
0
0
0
0
0
0
0
0
0
0
0
0
0
0
0
0
0
0
0
0
0
0
0
0
0
0
0
0
0
0
0
0
0
0
0
0
0
0
0
0
0
0
0
0
0
0
0
0
0
0
0
0
0
0
0
0
0
0
0
0
0
0
0
0
0
0
0
0
0
0
0
0
0
0
0
0
0
0
0
0
0
0
0
0
0
0
0
0
0
0
0
0
0
0
0
0
0
0
0
0
0
0
0
0
0
0
0
0
0
0
0
0
0
0
0
0
0
0
0
0
0
0
0
0
0
0
0
0
0
0
0
0
0
0
0
0
0
0
0
0
0
0
0
0
0
0
0
0
0
0
0
0
0
0
0
0
0
0
0
0
0
0
0
0
0
0
0
0
0
0
0
0
0
0
0
0
0
0
0
0
0
0
0
0
0
0
0
0
0
0
0
0
0
0
0
0
0
0
0
0
0
0
0
0
0
0
0
0
0
0
0
0
0
0
0
0
0
0
0
0
0
0
0
0
0
0
0
0
0
0
0
0
0
0
0
0
0
0
0
0
0
0
0
0
0
0
0
0
0
0
0
0
0
0
0
0
0
0
0
0
0
0
0
0
0
0
0
0
0
0
0
0
0
0
0
0
0
0
0
0
0
0
0
0
0
0
0
0
0
0
0
0
0
0
0
0
0
0
0
0
0
0
0
0
0
0
0
0
0
0
0
0
0
0
0
0
0
0
0
0
0
0
0
0
0
0
0
0
0
0
0
0
0
0
0
0
0
0
0
0
0
0
0
0
0
0
0
0
0
0
0
0
0
0
0
0
0
0
0
0
0
0
0
0
0
0
0
0
0
0
0
0
0
0
0
0
0
0
0
0
0
0
0
0
0
0
0
0
0
0
0
0
0
0
0
0
0
0
0
0
0
0
0
0
0
0
0
0
0
0
0
0
0
0
0
0
0
0
0
0
0
0
0
0
0
0
0
0
0
0
0
0
0
0
0
0
0
0
0
0
0
0
0
0
0
0
0
0
0
0
0
0
0
0
0
0
0
0
0
0
0
0
0
0
0
0
0
0
0
0
0
0
0
0
0
0
0
0
0
0
0
0
0
0
0
0
0
0
0
0
0
0
0
0
0
0
0
0
0
0
0
0
0
0
0
0
0
0
0
0
0
0
0
0
0
0
0
0
0
0
0
0
0
0
0
0
0
0
0
0
0
0
0
0
0
0
0
0
0
0
0
0
0
0
0
0
0
0
0
0
0
0
0
0
0
0
0
0
0
0
0
0
0
0
0
0
0
0
0
0
0
0
0
0
0
0
0
0
0
0
0
0
0
0
0
0
0
0
0
0
0
0
0
0
0
0
0
0
0
0
0
0
0
0
0
0
0
0
0
0
0
0
0
0
0
0
0
0
0
0
0
0
0
0
0
0
0
0
0
0
0
0
0
0
0
0
0
0
0
0
0
0
0
0
0
0
0
0
0
0
0
0
0
0
0
0
0
0
0
0
0
0
0
0
0
0
0
0
0
0
0
0
0
0
0
0
0
0
0
0
0
0
0
0
0
0
0
0
0
0
0
0
0
0
0
0
0
0
0
0
0
0
0
0
0
0
0
0
0
0
0
0
0
0
0
0
0
0
0
0
0
0
0
0
0
0
0
0
0
0
0
0
0
0
0
0
0
0
0
0
0
0
0
0
0
0
0
0
0
0
0
0
0
0
0
0
0
0
0
0
0
0
0
0
0
0
0
0
0
0
0
0
0
0
0
0
0
0
0
0
0
0
0
0
0
0
0
0
0
0
0
0
0
0
0
0
0
0
0
0
0
0
0
0
0
0
0
0
0
0
0
0
0
0
0
0
0
0
0
0
0
0
0
0
0
0
0
0
0
0
0
0
0
0
0
0
0
0
0
0
0
0
0
0
0
0
0
0
0
0
0
0
0
0
0
0
0
0
0
0
0
0
0
0
0
0
0
0
0
0
0
0
0
0
0
0
0
0
0
0
0
0
0
0
0
0
0
0
0
0
0
0
0
0
0
0
0
0
0
0
0
0
0
0
0
0
0
0
0
0
0
0
0
0
0
0
0
0
0
0
0
0
0
0
0
0
0
0
0
0
0
0
0
0
0
0
0
0
0
0
0
0
0
0
0
0
0
0
0
0
0
0
0
0
0
0
0
0
0
0
0
0
0
0
0
0
0
0
0
0
0
0
0
0
0
0
0
0
0
0
0
0
0
0
0
0
0
0
0
0
0
0
0
0
0
0
0
0
0
0
0
0
0
0
0
0
0
0
0
0
0
0
0
0
0
0
0
0
0
0
0
0
0
0
0
0
0
0
0
0
0
0
0
0
0
0
0
0
0
0
0
0
0
0
0
0
0
0
0
0
0
0
0
0
0
0
0
0
0
0
0
0
0
0
0
0
0
0
0
0
0
0
0
0
0
0
0
0
0
0
0
0
0
0
0
0
0
0
0
0
0
0
0
0
0
0
0
0
0
0
0
0
0
0
0
0
0
0
0
0
0
0
0
0
0
0
0
0
0
0
0
0
0
0
0
0
0
0
0
0
0
0
0
0
0
0
0
0
0
0
0
0
0
0
0
0
0
0
0
0
0
0
0
0
0
0
0
0
0
0
0
0
0
0
0
0
0
0
0
0
0
0
0
0
0
0
0
0
0
0
0
0
0
0
0
0
0
0
0
0
0
0
0
0
0
0
0
0
0
0
0
0
0
0
0
0
0
0
0
0
0
0
0
0
0
0
0
0
0
0
0
0
0
0
0
0
0
0
0
0
0
0
0
0
0
0
0
0
0
0
0
0
0
0
0
0
0
0
0
0
0
0
0
0
0
0
0
0
0
0
0
0
0
0
0
0
0
0
0
0
0
0
0
0
0
0
0
0
0
0
0
0
0
0
0
0
0
0
0
0
0
0
0
0
0
0
0
0
0
0
0
0
0
0
0
0
0
0
0
0
0
0
0
0
0
0
0
0
0
0
0
0
0
0
0
0
0
0
0
0
0
0
0
0
0
0
0
0
0
0
0
0
0
0
0
0
0
0
0
0
0
0
0
0
0
0
0
0
0
0
0
0
0
0
0
0
0
0
0
0
0
0
0
0
0
0
0
0
0
0
0
0
0
0
0
0
0
0
0
0
0
0
0
0
0
0
0
0
0
0
0
0
0
0
0
0
0
0
0
0
0
0
0
0
0
0
0
0
0
0
0
0
0
0
0
0
0
0
0
0
0
0
0
0
0
0
0
0
0
0
0
0
0
0
0
0
0
0
0
0
0
0
0
0
0
0
0
0
0
0
0
0
0
0
0
0
0
0
0
0
0
0
0
0
0
0
0
0
0
0
0
0
0
0
0
0
0
0
0
0
0
0
0
0
0
0
0
0
0
0
0
0
0
0
0
0
0
0
0
0
0
0
0
0
0
0
0
0
0
0
0
0
0
0
0
0
0
0
0
0
0
0
0
0
0
0
0
0
0
0
0
0
0
0
0
0
0
0
0
0
0
0
0
0
0
0
0
0
0
0
0
0
0
0
0
0
0
0
0
0
0
0
0
0
0
0
0
0
0
0
0
0
0
0
0
0
0
0
0
0
0
0
0
0
0
0
0
0
0
0
0
0
0
0
0
0
0
0
0
0
0
0
0
0
0
0
0
0
0
0
0
0
0
0
0
0
0
0
0
0
0
0
0
0
0
0
0
0
0
0
0
0
0
0
0
0
0
0
0
0
0
0
0
0
0
0
0
0
0
0
0
0
0
0
0
0
0
0
0
0
0
0
0
0
0
0
0
0
0
0
0
0
0
0
0
0
0
0
0
0
0
0
0
0
0
0
0
0
0
0
0
0
0
0
0
0
0
0
0
0
0
0
0
0
0
0
0
0
0
0
0
0
0
0
0
0
0
0
0
0
0
0
0
0
0
0
0
0
0
0
0
0
0
0
0
0
0
0
0
0
0
0
0
0
0
0
0
0
0
0
0
0
0
0
0
0
0
0
0
0
0
0
0
0
0
0
0
0
0
0
0
0
0
0
0
0
0
0
0
0
0
0
0
0
0
0
0
0
0
0
0
0
0
0
0
0
0
0
0
0
0
0
0
0
0
0
0
0
0
0
0
0
0
0
0
0
0
0
0
0
0
0
0
0
0
0
0
0
0
0
0
0
0
0
0
0
0
0
0
0
0
0
0
0
0
0
0
0
0
0
0
0
0
0
0
0
0
0
0
0
0
0
0
0
0
0
0
0
0
0
0
0
0
0
0
0
0
0
0
0
0
0
0
0
0
0
0
0
0
0
0
0
0
0
0
0
0
0
0
0
0
0
0
0
0
0
0
0
0
0
0
0
0
0
0
0
0
0
0
0
0
0
0
0
0
0
0
0
0
0
0
0
0
0
0
0
0
0
0
0
0
0
0
0
0
0
0
0
0
0
0
0
0
0
0
0
0
0
0
0
0
0
0
0
0
0
0
0
0
0
0
0
0
0
0
0
0
0
0
0
0
0
0
0
0
0
0
0
0
0
0
0
0
0
0
0
0
0
0
0
0
0
0
0
0
0
0
0
0
0
0
0
0
0
0
0
0
0
0
0
0
0
0
0
0
0
0
0
0
0
0
0
0
0
0
0
0
0
0
0
0
0
0
0
0
0
0
0
0
0
0
0
0
0
0
0
0
0
0
0
0
0
0
0
0
0
0
0
0
0
0
0
0
0
0
0
0
0
0
0
0
0
0
0
0
0
0
0
0
0
0
0
0
0
0
0
0
0
0
0
0
0
0
0
0
0
0
0
0
0
0
0
0
0
0
0
0
0
0
0
0
0
0
0
0
0
0
0
0
0
0
0
0
0
0
0
0
0
0
0
0
0
0
0
0
0
0
0
0
0
0
0
0
0
0
0
0
0
0
0
0
0
0
0
0
0
0
0
0
0
0
0
0
0
0
0
0
0
0
0
0
0
0
0
0
0
0
0
0
0
0
0
0
0
0
0
0
0
0
0
0
0
0
0
0
0
0
0
0
0
0
0
0
0
0
0
0
0
0
0
0
0
0
0
0
0
0
0
0
0
0
0
0
0
0
0
0
0
0
0
0
0
0
0
0
0
0
0
0
0
0
0
0
0
0
0
0
0
0
0
0
0
0
0
0
0
0
0
0
0
0
0
0
0
0
0
0
0
0
0
0
0
0
0
0
0
0
0
0
0
0
0
0
0
0
0
0
0
0
0
0
0
0
0
0
0
0
0
0
0
0
0
0
0
0
0
0
0
0
0
0
0
0
0
0
0
0
0
0
0
0
0
0
0
0
0
0
0
0
0
0
0
0
0
0
0
0
0
0
0
0
0
0
0
0
0
0
0
0
0
0
0
0
0
0
0
0
0
0
0
0
0
0
0
0
0
0
0
0
0
0
0
0
0
0
0
0
0
0
0
0
0
0
0
0
0
0
0
0
0
0
0
0
0
0
0
0
0
0
0
0
0
0
0
0
0
0
0
0
0
0
0
0
0
0
0
0
0
0
0
0
0
0
0
0
0
0
0
0
0
0
0
0
0
0
0
0
0
0
0
0
0
0
0
0
0
0
0
0
0
0
0
0
0
0
0
0
0
0
0
0
0
0
0
0
0
0
0
0
0
0
0
0
0
0
0
0
0
0
0
0
0
0
0
0
0
0
0
0
0
0
0
0
0
0
0
0
0
0
0
0
0
0
0
0
0
0
0
0
0
0
0
0
0
0
0
0
0
0
0
0
0
0
0
0
0
0
0
0
0
0
0
0
0
0
0
0
0
0
0
0
0
0
0
0
0
0
0
0
0
0
0
0
0
0
0
0
0
0
0
0
0
0
0
0
0
0
0
0
0
0
0
0
0
0
0
0
0
0
0
0
0
0
0
0
0
0
0
0
0
0
0
0
0
0
0
0
0
0
0
0
0
0
0
0
0
0
0
0
0
0
0
0
0
0
0
0
0
0
0
0
0
0
0
0
0
0
0
0
0
0
0
0
0
0
0
0
0
0
0
0
0
0
0
0
0
0
0
0
0
0
0
0
0
0
0
0
0
0
0
0
0
0
0
0
0
0
0
0
0
0
0
0
0
0
0
0
0
0
0
0
0
0
0
0
0
0
0
0
0
0
0
0
0
0
0
0
0
0
0
0
0
0
0
0
0
0
0
0
0
0
0
0
0
0
0
0
0
0
0
0
0
0
0
0
0
0
0
0
0
0
0
0
0
0
0
0
0
0
0
0
0
0
0
0
0
0
0
0
0
0
0
0
0
0
0
0
0
0
0
0
0
0
0
0
0
0
0
0
0
0
0
0
0
0
0
0
0
0
0
0
0
0
0
0
0
0
0
0
0
0
0
0
0
0
0
0
0
0
0
0
0
0
0
0
0
0
0
0
0
0
0
0
0
0
0
0
0
0
0
0
0
0
0
0
0
0
0
0
0
0
0
0
0
0
0
0
0
0
0
0
0
0
0
0
0
0
0
0
0
0
0
0
0
0
0
0
0
0
0
0
0
0
0
0
0
0
0
0
0
0
0
0
0
0
0
0
0
0
0
0
0
0
0
0
0
0
0
0
0
0
0
0
0
0
0
0
0
0
0
0
0
0
0
0
0
0
0
0
0
0
0
0
0
0
0
0
0
0
0
0
0
0
0
0
0
0
0
0
0
0
0
0
0
0
0
0
0
0
0
0
0
0
0
0
0
0
0
0
0
0
0
0
0
0
0
0
0
0
0
0
0
0
0
0
0
0
0
0
0
0
0
0
0
0
0
0
0
0
0
0
0
0
0
0
0
0
0
0
0
0
0
0
0
0
0
0
0
0
0
0
0
0
0
0
0
0
0
0
0
0
0
0
0
0
0
0
0
0
0
0
0
0
0
0
0
0
0
0
0
0
0
0
0
0
0
0
0
0
0
0
0
0
0
0
0
0
0
0
0
0
0
0
0
0
0
0
0
0
0
0
0
0
0
0
0
0
0
0
0
0
0
0
0
0
0
0
0
0
0
0
0
0
0
0
0
0
0
0
0
0
0
0
0
0
0
0
0
0
0
0
0
0
0
0
0
0
0
0
0
0
0
0
0
0
0
0
0
0
0
0
0
0
0
0
0
0
0
0
0
0
0
0
0
0
0
0
0
0
0
0
0
0
0
0
0
0
0
0
0
0
0
0
0
0
0
0
0
0
0
0
0
0
0
0
0
0
0
0
0
0
0
0
0
0
0
0
0
0
0
0
0
0
0
0
0
0
0
0
0
0
0
0
0
0
0
0
0
0
0
0
0
0
0
0
0
0
0
0
0
0
0
0
0
0
0
0
0
0
0
0
0
0
0
0
0
0
0
0
0
0
0
0
0
0
0
0
0
0
0
0
0
0
0
0
0
0
0
0
0
0
0
0
0
0
0
0
0
0
0
0
0
0
0
0
0
0
0
0
0
0
0
0
0
0
0
0
0
0
0
0
0
0
0
0
0
0
0
0
0
0
0
0
0
0
0
0
0
0
0
0
0
0
0
0
0
0
0
0
0
0
0
0
0
0
0
0
0
0
0
0
0
0
0
0
0
0
0
0
0
0
0
0
0
0
0
0
0
0
0
0
0
0
0
0
0
0
0
0
0
0
0
0
0
0
0
0
0
0
0
0
0
0
0
0
0
0
0
0
0
0
0
0
0
0
0
0
0
0
0
0
0
0
0
0
0
0
0
0
0
0
0
0
0
0
0
0
0
0
0
0
0
0
0
0
0
0
0
0
0
0
0
0
0
0
0
0
0
0
0
0
0
0
0
0
0
0
0
0
0
0
0
0
0
0
0
0
0
0
0
0
0
0
0
0
0
0
0
0
0
0
0
0
0
0
0
0
0
0
0
0
0
0
0
0
0
0
0
0
0
0
0
0
0
0
0
0
0
0
0
0
0
0
0
0
0
0
0
0
0
0
0
0
0
0
0
0
0
0
0
0
0
0
0
0
0
0
0
0
0
0
0
0
0
0
0
0
0
0
0
0
0
0
0
0
0
0
0
0
0
0
0
0
0
0
0
0
0
0
0
0
0
0
0
0
0
0
0
0
0
0
0
0
0
0
0
0
0
0
0
0
0
0
0
0
0
0
0
0
0
0
0
0
0
0
0
0
0
0
0
0
0
0
0
0
0
0
0
0
0
0
0
0
0
0
0
0
0
0
0
0
0
0
0
0
0
0
0
0
0
0
0
0
0
0
0
0
0
0
0
0
0
0
0
0
0
0
0
0
0
0
0
0
0
0
0
0
0
0
0
0
0
0
0
0
0
0
0
0
0
0
0
0
0
0
0
0
0
0
0
0
0
0
0
0
0
0
0
0
0
0
0
0
0
0
0
0
0
0
0
0
0
0
0
0
0
0
0
0
0
0
0
0
0
0
0
0
0
0
0
0
0
0
0
0
0
0
0
0
0
0
0
0
0
0
0
0
0
0
0
0
0
0
0
0
0
0
0
0
0
0
0
0
0
0
0
0
0
0
0
0
0
0
0
0
0
0
0
0
0
0
0
0
0
0
0
0
0
0
0
0
0
0
0
0
0
0
0
0
0
0
0
0
0
0
0
0
0
0
0
0
0
0
0
0
0
0
0
0
0
0
0
0
0
0
0
0
0
0
0
0
0
0
0
0
0
0
0
0
0
0
0
0
0
0
0
0
0
0
0
0
0
0
0
0
0
0
0
0
0
0
0
0
0
0
0
0
0
0
0
0
0
0
0
0
0
0
0
0
0
0
0
0
0
0
0
0
0
0
0
0
0
0
0
0
0
0
0
0
0
0
0
0
0
0
0
0
0
0
0
0
0
0
0
0
0
0
0
0
0
0
0
0
0
0
0
0
0
0
0
0
0
0
0
0
0
0
0
0
0
0
0
0
0
0
0
0
0
0
0
0
0
0
0
0
0
0
0
0
0
0
0
0
0
0
0
0
0
0
0
0
0
0
0
0
0
0
0
0
0
0
0
0
0
0
0
0
0
0
0
0
0
0
0
0
0
0
0
0
0
0
0
0
0
0
0
0
0
0
0
0
0
0
0
0
0
0
0
0
0
0
0
0
0
0
0
0
0
0
0
0
0
0
0
0
0
0
0
0
0
0
0
0
0
0
0
0
0
0
0
0
0
0
0
0
0
0
0
0
0
0
0
0
0
0
0
0
0
0
0
0
0
0
0
0
0
0
0
0
0
0
0
0
0
0
0
0
0
0
0
0
0
0
0
0
0
0
0
0
0
0
0
0
0
0
0
0
0
0
0
0
0
0
0
0
0
0
0
0
0
0
0
0
0
0
0
0
0
0
0
0
0
0
0
0
0
0
0
0
0
0
0
0
0
0
0
0
0
0
0
0
0
0
0
0
0
0
0
0
0
0
0
0
0
0
0
0
0
0
0
0
0
0
0
0
0
0
0
0
0
0
0
0
0
0
0
0
0
0
0
0
0
0
0
0
0
0
0
0
0
0
0
0
0
0
0
0
0
0
0
0
0
0
0
0
0
0
0
0
0
0
0
0
0
0
0
0
0
0
0
0
0
0
0
0
0
0
0
0
0
0
0
0
0
0
0
0
0
0
0
0
0
0
0
0
0
0
0
0
0
0
0
0
0
0
0
0
0
0
0
0
0
0
0
0
0
0
0
0
0
0
0
0
0
0
0
0
0
0
0
0
0
0
0
0
0
0
0
0
0
0
0
0
0
0
0
0
0
0
0
0
0
0
0
0
0
0
0
0
0
0
0
0
0
0
0
0
0
0
0
0
0
0
0
0
0
0
0
0
0
0
0
0
0
0
0
0
0
0
0
0
0
0
0
0
0
0
0
0
0
0
0
0
0
0
0
0
0
0
0
0
0
0
0
0
0
0
0
0
0
0
0
0
0
0
0
0
0
0
0
0
0
0
0
0
0
0
0
0
0
0
0
0
0
0
0
0
0
0
0
0
0
0
0
0
0
0
0
0
0
0
0
0
0
0
0
0
0
0
0
0
0
0
0
0
0
0
0
0
0
0
0
0
0
0
0
0
0
0
0
0
0
0
0
0
0
0
0
0
0
0
0
0
0
0
0
0
0
0
0
0
0
0
0
0
0
0
0
0
0
0
0
0
0
0
0
0
0
0
0
0
0
0
0
0
0
0
0
0
0
0
0
0
0
0
0
0
0
0
0
0
0
0
0
0
0
0
0
0
0
0
0
0
0
0
0
0
0
0
0
0
0
0
0
0
0
0
0
0
0
0
0
0
0
0
0
0
0
0
0
0
0
0
0
0
0
0
0
0
0
0
0
0
0
0
0
0
0
0
0
0
0
0
0
0
0
0
0
0
0
0
0
0
0
0
0
0
0
0
0
0
0
0
0
0
0
0
0
0
0
0
0
0
0
0
0
0
0
0
0
0
0
0
0
0
0
0
0
0
0
0
0
0
0
0
0
0
0
0
0
0
0
0
0
0
0
0
0
0
0
0
0
0
0
0
0
0
0
0
0
0
0
0
0
0
0
0
0
0
0
0
0
0
0
0
0
0
0
0
0
0
0
0
0
0
0
0
0
0
0
0
0
0
0
0
0
0
0
0
0
0
0
0
0
0
0
0
0
0
0
0
0
0
0
0
0
0
0
0
0
0
0
0
0
0
0
0
0
0
0
0
0
0
0
0
0
0
0
0
0
0
0
0
0
0
0
0
0
0
0
0
0
0
0
0
0
0
0
0
0
0
0
0
0
0
0
0
0
0
0
0
0
0
0
0
0
0
0
0
0
0
0
0
0
0
0
0
0
0
0
0
0
0
0
0
0
0
0
0
0
0
0
0
0
0
0
0
0
0
0
0
0
0
0
0
0
0
0
0
0
0
0
0
0
0
0
0
0
0
0
0
0
0
0
0
0
0
0
0
0
0
0
0
0
0
0
0
0
0
0
0
0
0
0
0
0
0
0
0
0
0
0
0
0
0
0
0
0
0
0
0
0
0
0
0
0
0
0
0
0
0
0
0
0
0
0
0
0
0
0
0
0
0
0
0
0
0
0
0
0
0
0
0
0
0
0
0
0
0
0
0
0
0
0
0
0
0
0
0
0
0
0
0
0
0
0
0
0
0
0
0
0
0
0
0
0
0
0
0
0
0
0
0
0
0
0
0
0
0
0
0
0
0
0
0
0
0
0
0
0
0
0
0
0
0
0
0
0
0
0
0
0
0
0
0
0
0
0
0
0
0
0
0
0
0
0
0
0
0
0
0
0
0
0
0
0
0
0
0
0
0
0
0
0
0
0
0
0
0
0
0
0
0
0
0
0
0
0
0
0
0
0
0
0
0
0
0
0
0
0
0
0
0
0
0
0
0
0
0
0
0
0
0
0
0
0
0
0
0
0
0
0
0
0
0
0
0
0
0
0
0
0
0
0
0
0
0
0
0
0
0
0
0
0
0
0
0
0
0
0
0
0
0
0
0
0
0
0
0
0
0
0
0
0
0
0
0
0
0
0
0
0
0
0
0
0
0
0
0
0
0
0
0
0
0
0
0
0
0
0
0
0
0
0
0
0
0
0
0
0
0
0
0
0
0
0
0
0
0
0
0
0
0
0
0
0
0
0
0
0
0
0
0
0
0
0
0
0
0
0
0
0
0
0
0
0
0
0
0
0
0
0
0
0
0
0
0
0
0
0
0
0
0
0
0
0
0
0
0
0
0
0
0
0
0
0
0
0
0
0
0
0
0
0
0
0
0
0
0
0
0
0
0
0
0
0
0
0
0
0
0
0
0
0
0
0
0
0
0
0
0
0
0
0
0
0
0
0
0
0
0
0
0
0
0
0
0
0
0
0
0
0
0
0
0
0
0
0
0
0
0
0
0
0
0
0
0
0
0
0
0
0
0
0
0
0
0
0
0
0
0
0
0
0
0
0
0
0
0
0
0
0
0
0
0
0
0
0
0
0
0
0
0
0
0
0
0
0
0
0
0
0
0
0
0
0
0
0
0
0
0
0
0
0
0
0
0
0
0
0
0
0
0
0
0
0
0
0
0
0
0
0
0
0
0
0
0
0
0
0
0
0
0
0
0
0
0
0
0
0
0
0
0
0
0
0
0
0
0
0
0
0
0
0
0
0
0
0
0
0
0
0
0
0
0
0
0
0
0
0
0
0
0
0
0
0
0
0
0
0
0
0
0
0
0
0
0
0
0
0
0
0
0
0
0
0
0
0
0
0
0
0
0
0
0
0
0
0
0
0
0
0
0
0
0
0
0
0
0
0
0
0
0
0
0
0
0
0
0
0
0
0
0
0
0
0
0
0
0
0
0
0
0
0
0
0
0
0
0
0
0
0
0
0
0
0
0
0
0
0
0
0
0
0
0
0
0
0
0
0
0
0
0
0
0
0
0
0
0
0
0
0
0
0
0
0
0
0
0
0
0
0
0
0
0
0
0
0
0
0
0
0
0
0
0
0
0
0
0
0
0
0
0
0
0
0
0
0
0
0
0
0
0
0
0
0
0
0
0
0
0
0
0
0
0
0
0
0
0
0
0
0
0
0
0
0
0
0
0
0
0
0
0
0
0
0
0
0
0
0
0
0
0
0
0
0
0
0
0
0
0
0
0
0
0
0
0
0
0
0
0
0
0
0
0
0
0
0
0
0
0
0
0
0
0
0
0
0
0
0
0
0
0
0
0
0
0
0
0
0
0
0
0
0
0
0
0
0
0
0
0
0
0
0
0
0
0
0
0
0
0
0
0
0
0
0
0
0
0
0
0
0
0
0
0
0
0
0
0
0
0
0
0
0
0
0
0
0
0
0
0
0
0
0
0
0
0
0
0
0
0
0
0
0
0
0
0
0
0
0
0
0
0
0
0
0
0
0
0
0
0
0
0
0
0
0
0
0
0
0
0
0
0
0
0
0
0
0
0
0
0
0
0
0
0
0
0
0
0
0
0
0
0
0
0
0
0
0
0
0
0
0
0
0
0
0
0
0
0
0
0
0
0
0
0
0
0
0
0
0
0
0
0
0
0
0
0
0
0
0
0
0
0
0
0
0
0
0
0
0
0
0
0
0
0
0
0
0
0
0
0
0
0
0
0
0
0
0
0
0
0
0
0
0
0
0
0
0
0
0
0
0
0
0
0
0
0
0
0
0
0
0
0
0
0
0
0
0
0
0
0
0
0
0
0
0
0
0
0
0
0
0
0
0
0
0
0
0
0
0
0
0
0
0
0
0
0
0
0
0
0
0
0
0
0
0
0
0
0
0
0
0
0
0
0
0
0
0
0
0
0
0
0
0
0
0
0
0
0
0
0
0
0
0
0
0
0
0
0
0
0
0
0
0
0
0
0
0
0
0
0
0
0
0
0
0
0
0
0
0
0
0
0
0
0
0
0
0
0
0
0
0
0
0
0
0
0
0
0
0
0
0
0
0
0
0
0
0
0
0
0
0
0
0
0
0
0
0
0
0
0
0
0
0
0
0
0
0
0
0
0
0
0
0
0
0
0
0
0
0
0
0
0
0
0
0
0
0
0
0
0
0
0
0
0
0
0
0
0
0
0
0
0
0
0
0
0
0
0
0
0
0
0
0
0
0
0
0
0
0
0
0
0
0
0
0
0
0
0
0
0
0
0
0
0
0
0
0
0
0
0
0
0
0
0
0
0
0
0
0
0
0
0
0
0
0
0
0
0
0
0
0
0
0
0
0
0
0
0
0
0
0
0
0
0
0
0
0
0
0
0
0
0
0
0
0
0
0
0
0
0
0
0
0
0
0
0
0
0
0
0
0
0
0
0
0
0
0
0
0
0
0
0
0
0
0
0
0
0
0
0
0
0
0
0
0
0
0
0
0
0
0
0
0
0
0
0
0
0
0
0
0
0
0
0
0
0
0
0
0
0
0
0
0
0
0
0
0
0
0
0
0
0
0
0
0
0
0
0
0
0
0
0
0
0
0
0
0
0
0
0
0
0
0
0
0
0
0
0
0
0
0
0
0
0
0
0
0
0
0
0
0
0
0
0
0
0
0
0
0
0
0
0
0
0
0
0
0
0
0
0
0
0
0
0
0
0
0
0
0
0
0
0
0
0
0
0
0
0
0
0
0
0
0
0
0
0
0
0
0
0
0
0
0
0
0
0
0
0
0
0
0
0
0
0
0
0
0
0
0
0
0
0
0
0
0
0
0
0
0
0
0
0
0
0
0
0
0
0
0
0
0
0
0
0
0
0
0
0
0
0
0
0
0
0
0
0
0
0
0
0
0
0
0
0
0
0
0
0
0
0
0
0
0
0
0
0
0
0
0
0
0
0
0
0
0
0
0
0
0
0
0
0
0
0
0
0
0
0
0
0
0
0
0
0
0
0
0
0
0
0
0
0
0
0
0
0
0
0
0
0
0
0
0
0
0
0
0
0
0
0
0
0
0
0
0
0
0
0
0
0
0
0
0
0
0
0
0
0
0
0
0
0
0
0
0
0
0
0
0
0
0
0
0
0
0
0
0
0
0
0
0
0
0
0
0
0
0
0
0
0
0
0
0
0
0
0
0
0
0
0
0
0
0
0
0
0
0
0
0
0
0
0
0
0
0
0
0
0
0
0
0
0
0
0
0
0
0
0
0
0
0
0
0
0
0
0
0
0
0
0
0
0
0
0
0
0
0
0
0
0
0
0
0
0
0
0
0
0
0
0
0
0
0
0
0
0
0
0
0
0
0
0
0
0
0
0
0
0
0
0
0
0
0
0
0
0
0
0
0
0
0
0
0
0
0
0
0
0
0
0
0
0
0
0
0
0
0
0
0
0
0
0
0
0
0
0
0
0
0
0
0
0
0
0
0
0
0
0
0
0
0
0
0
0
0
0
0
0
0
0
0
0
0
0
0
0
0
0
0
0
0
0
0
0
0
0
0
0
0
0
0
0
0
0
0
0
0
0
0
0
0
0
0
0
0
0
0
0
0
0
0
0
0
0
0
0
0
0
0
0
0
0
0
0
0
0
0
0
0
0
0
0
0
0
0
0
0
0
0
0
0
0
0
0
0
0
0
0
0
0
0
0
0
0
0
0
0
0
0
0
0
0
0
0
0
0
0
0
0
0
0
0
0
0
0
0
0
0
0
0
0
0
0
0
0
0
0
0
0
0
0
0
0
0
0
0
0
0
0
0
0
0
0
0
0
0
0
0
0
0
0
0
0
0
0
0
0
0
0
0
0
0
0
0
0
0
0
0
0
0
0
0
0
0
0
0
0
0
0
0
0
0
0
0
0
0
0
0
0
0
0
0
0
0
0
0
0
0
0
0
0
0
0
0
0
0
0
0
0
0
0
0
0
0
0
0
0
0
0
0
0
0
0
0
0
0
0
0
0
0
0
0
0
0
0
0
0
0
0
0
0
0
0
0
0
0
0
0
0
0
0
0
0
0
0
0
0
0
0
0
0
0
0
0
0
0
0
0
0
0
0
0
0
0
0
0
0
0
0
0
0
0
0
0
0
0
0
0
0
0
0
0
0
0
0
0
0
0
0
0
0
0
0
0
0
0
0
0
0
0
0
0
0
0
0
0
0
0
0
0
0
0
0
0
0
0
0
0
0
0
0
0
0
0
0
0
0
0
0
0
0
0
0
0
0
0
0
0
0
0
0
0
0
0
0
0
0
0
0
0
0
0
0
0
0
0
0
0
0
0
0
0
0
0
0
0
0
0
0
0
0
0
0
0
0
0
0
0
0
0
0
0
0
0
0
0
0
0
0
0
0
0
0
0
0
0
0
0
0
0
0
0
0
0
0
0
0
0
0
0
0
0
0
0
0
0
0
0
0
0
0
0
0
0
0
0
0
0
0
0
0
0
0
0
0
0
0
0
0
0
0
0
0
0
0
0
0
0
0
0
0
0
0
0
0
0
0
0
0
0
0
0
0
0
0
0
0
0
0
0
0
0
0
0
0
0
0
0
0
0
0
0
0
0
0
0
0
0
0
0
0
0
0
0
0
0
0
0
0
0
0
0
0
0
0
0
0
0
0
0
0
0
0
0
0
0
0
0
0
0
0
0
0
0
0
0
0
0
0
0
0
0
0
0
0
0
0
0
0
0
0
0
0
0
0
0
0
0
0
0
0
0
0
0
0
0
0
0
0
0
0
0
0
0
0
0
0
0
0
0
0
0
0
0
0
0
0
0
0
0
0
0
0
0
0
0
0
0
0
0
0
0
0
0
0
0
0
0
0
0
0
0
0
0
0
0
0
0
0
0
0
0
0
0
0
0
0
0
0
0
0
0
0
0
0
0
0
0
0
0
0
0
0
0
0
0
0
0
0
0
0
0
0
0
0
0
0
0
0
0
0
0
0
0
0
0
0
0
0
0
0
0
0
0
0
0
0
0
0
0
0
0
0
0
0
0
0
0
0
0
0
0
0
0
0
0
0
0
0
0
0
0
0
0
0
0
0
0
0
0
0
0
0
0
0
0
0
0
0
0
0
0
0
0
0
0
0
0
0
0
0
0
0
0
0
0
0
0
0
0
0
0
0
0
0
0
0
0
0
0
0
0
0
0
0
0
0
0
0
0
0
0
0
0
0
0
0
0
0
0
0
0
0
0
0
0
0
0
0
0
0
0
0
0
0
0
0
0
0
0
0
0
0
0
0
0
0
0
0
0
0
0
0
0
0
0
0
0
0
0
0
0
0
0
0
0
0
0
0
0
0
0
0
0
0
0
0
0
0
0
0
0
0
0
0
0
0
0
0
0
0
0
0
0
0
0
0
0
0
0
0
0
0
0
0
0
0
0
0
0
0
0
0
0
0
0
0
0
0
0
0
0
0
0
0
0
0
0
0
0
0
0
0
0
0
0
0
0
0
0
0
0
0
0
0
0
0
0
0
0
0
0
0
0
0
0
0
0
0
0
0
0
0
0
0
0
0
0
0
0
0
0
0
0
0
0
0
0
0
0
0
0
0
0
0
0
0
0
0
0
0
0
0
0
0
0
0
0
0
0
0
0
0
0
0
0
0
0
0
0
0
0
0
0
0
0
0
0
0
0
0
0
0
0
0
0
0
0
0
0
0
0
0
0
0
0
0
0
0
0
0
0
0
0
0
0
0
0
0
0
0
0
0
0
0
0
0
0
0
0
0
0
0
0
0
0
0
0
0
0
0
0
0
0
0
0
0
0
0
0
0
0
0
0
0
0
0
0
0
0
0
0
0
0
0
0
0
0
0
0
0
0
0
0
0
0
0
0
0
0
0
0
0
0
0
0
0
0
0
0
0
0
0
0
0
0
0
0
0
0
0
0
0
0
0
0
0
0
0
0
0
0
0
0
0
0
0
0
0
0
0
0
0
0
0
0
0
0
0
0
0
0
0
0
0
0
0
0
0
0
0
0
0
0
0
0
0
0
0
0
0
0
0
0
0
0
0
0
0
0
0
0
0
0
0
0
0
0
0
0
0
0
0
0
0
0
0
0
0
0
0
0
0
0
0
0
0
0
0
0
0
0
0
0
0
0
0
0
0
0
0
0
0
0
0
0
0
0
0
0
0
0
0
0
0
0
0
0
0
0
0
0
0
0
0
0
0
0
0
0
0
0
0
0
0
0
0
0
0
0
0
0
0
0
0
0
0
0
0
0
0
0
0
0
0
0
0
0
0
0
0
0
0
0
0
0
0
0
0
0
0
0
0
0
0
0
0
0
0
0
0
0
0
0
0
0
0
0
0
0
0
0
0
0
0
0
0
0
0
0
0
0
0
0
0
0
0
0
0
0
0
0
0
0
0
0
0
0
0
0
0
0
0
0
0
0
0
0
0
0
0
0
0
0
0
0
0
0
0
0
0
0
0
0
0
0
0
0
0
0
0
0
0
0
0
0
0
0
0
0
0
0
0
0
0
0
0
0
0
0
0
0
0
0
0
0
0
0
0
0
0
0
0
0
0
0
0
0
0
0
0
0
0
0
0
0
0
0
0
0
0
0
0
0
0
0
0
0
0
0
0
0
0
0
0
0
0
0
0
0
0
0
0
0
0
0
0
0
0
0
0
0
0
0
0
0
0
0
0
0
0
0
0
0
0
0
0
0
0
0
0
0
0
0
0
0
0
0
0
0
0
0
0
0
0
0
0
0
0
0
0
0
0
0
0
0
0
0
0
0
0
0
0
0
0
0
0
0
0
0
0
0
0
0
0
0
0
0
0
0
0
0
0
0
0
0
0
0
0
0
0
0
0
0
0
0
0
0
0
0
0
0
0
0
0
0
0
0
0
0
0
0
0
0
0
0
0
0
0
0
0
0
0
0
0
0
0
0
0
0
0
0
0
0
0
0
0
0
0
0
0
0
0
0
0
0
0
0
0
0
0
0
0
0
0
0
0
0
0
0
0
0
0
0
0
0
0
0
0
0
0
0
0
0
0
0
0
