-89
851
-2406
-1201
-483
-2829
-3037
-139
688
-4366
-3522
-1923
-4564
607
-132
274
-100
357
-1850
-3134
-2372
-3073
-20409
-64
828
-3178
-3912
-6230
-4698
-17174
134
471
-243
1044
-4112
-1945
-824
-3549
-3290
-94
1380
-4755
-3383
-1248
-3542
968
-17
665
18
600
-2457
-4013
268
-3329
-22075
93
100
-2394
-2379
-2766
-3486
-25440
313
-739
-266
921
-4571
-2791
-1275
-4219
-3891
-56
1247
-4810
-2783
-673
-3414
-701
51
783
26
-43
-3887
-4328
1853
-3870
-11377
81
28
-3335
-2668
-183
-3051
-16039
207
67
-73
1463
-4994
-4026
-1539
-4064
-4081
-16
1246
-4229
-2687
-439
-2472
-1654
116
974
4
-613
-2892
-4749
1646
-4129
-11409
-75
-1072
-800
-2016
-1697
-2218
-19906
103
-499
-73
1648
-4223
-3638
-891
-3419
-3270
-105
1096
-4031
-2431
105
-2970
-1299
95
673
37
1351
-2474
-3590
1214
-3360
-19130
-195
400
-1699
-2798
-2558
-2646
-22694
45
536
-309
1916
-3703
-2888
-1305
-4124
-4066
-218
1714
-3198
-2328
833
-3938
-2721
59
693
54
984
-5156
-3133
447
-4132
-14525
26
51
-4658
-3775
-2713
-3611
-16447
173
598
-404
656
-1267
-2031
-1765
-1656
-2876
-280
661
-1021
-1876
1021
-2405
-1903
-61
539
168
-194
-4366
-1962
-686
-2758
-18527
207
-789
-4229
-3183
-3369
-2676
-19765
379
-499
-247
737
-1185
-1590
-1212
-1853
-2759
-168
658
-336
-1246
728
-1870
-1195
-9
417
-29
-667
-4130
-2443
-689
-2653
-16272
-159
-627
-4079
-2397
-2045
-2003
-22099
325
-611
120
-320
-2269
-824
-1952
-2998
-3248
109
-376
-3391
-2903
-4012
-3700
2015
-108
-142
-175
1355
-3906
-3393
-54
-3236
-18790
-91
1966
-5039
-1451
-3557
-3414
-19929
72
1657
4
8
-3195
-2944
-3612
-4172
-4460
75
-452
-5971
-5850
-6543
-5999
3743
-28
14
-134
-104
-6440
-5846
4080
-4350
-16653
-2
-764
-9221
-3869
-1389
-5917
-11489
75
-839
-254
-118
-4441
-3520
-3400
-4575
-4185
-61
-511
-7285
-5625
-4935
-5435
3322
54
749
104
-216
-4482
-5062
4760
-4018
-20442
117
101
-7330
-3870
294
-4566
-16120
119
162
-121
2190
-6147
-4410
-7349
-5396
-5326
-73
-115
-6281
-4832
-6223
-4513
-774
34
661
165
1075
-2621
-5377
4920
-5118
-19533
144
602
-3010
-2300
586
-4745
-23442
97
143
-49
1807
-5396
-3170
-6895
-5752
-5226
-110
-24
-5653
-3418
-6028
-5523
-693
9
596
224
763
-3685
-4097
3183
-5123
-19414
23
-611
-4892
-3094
-1562
-4981
-21685
92
-181
-205
610
-5451
-554
-5760
-6501
-5847
-180
-1371
-5020
-705
-4614
-6071
-1516
18
-783
105
-534
-6609
-3575
646
-5765
-15788
90
-953
-7181
-3665
-4155
-5064
-20053
202
85
-342
511
-2279
-1326
-3216
-3442
-3581
-189
-1120
-2874
-2351
-2318
-4194
484
-80
-31
135
-889
-3590
-1528
-2049
-3528
-28954
119
-18
-5453
-1574
-5036
-3198
-32406
308
531
-409
-101
-1545
-1356
414
-3300
-3063
-134
-80
-3432
-3254
-1881
-4711
2125
-141
899
-82
-863
-2132
-1977
-3827
-2887
-19605
80
-1067
-5251
-2751
-5998
-3979
-17174
231
-1131
-168
-834
-2672
-2282
-1504
-3584
-2926
-178
511
-5117
-4616
-5265
-4613
3041
-80
929
-133
663
-3984
-3926
2331
-3118
-20243
76
1950
-6795
-3528
-1371
-4493
-14651
93
1430
-43
-1158
-5949
-4771
-5411
-5522
-5072
-110
141
-6308
-4480
-6404
-3883
2029
-119
-849
-170
739
-7073
-6532
7958
-5145
-21481
4
-560
-8538
-2724
2628
-3916
-24998
69
-1718
-31
1585
-6641
-6175
-8343
-7223
-6292
-29
763
-7334
-6873
-7815
-6828
-317
-8
82
10
2012
-6624
-7960
9679
-6320
-16210
28
1193
-9689
-5394
3671
-5964
-13510
115
848
110
4222
-7675
-6614
-11324
-7241
-6922
91
1663
-7269
-6934
-9409
-6619
-737
101
707
12
1976
-6467
-7834
10353
-6928
-25432
183
1294
-8025
-5056
3483
-7161
-27513
181
1523
160
1634
-7380
-5651
-9715
-7181
-6567
108
1116
-6127
-5482
-8043
-5273
-132
105
1260
4
-1336
-6058
-5916
7471
-6579
-19654
-15
-1588
-6359
-3217
1261
-5762
-27404
115
-1021
75
-627
-7369
-2193
-8148
-7943
-6884
49
-84
-6036
-2149
-6897
-6457
-2789
-28
975
-74
-625
-8304
-4869
4545
-6900
-13769
-138
-130
-7718
-2579
-1996
-5116
-19405
55
851
-16
147
-3986
-124
-4142
-4460
-4138
-127
-350
-5757
-2780
-5439
-5568
147
-90
-72
22
-1267
-4262
-3190
-223
-4008
-23696
-86
-1085
-6040
-644
-4976
-4506
-21679
118
-773
-175
12
-4122
-879
442
-4089
-4229
-76
-577
-6261
-3836
-2958
-5140
1666
55
-947
-221
-1409
-1342
-3447
-5952
-4031
-16008
-104
-1321
-4125
-1796
-8005
-4589
-14435
47
-903
-206
-349
-3329
-2689
-1884
-4077
-3695
-145
-292
-5739
-5695
-4118
-5194
2943
-82
-501
-136
552
-4462
-5312
2985
-3721
-16499
31
1712
-7044
-4433
-1055
-5376
-13175
84
1239
-85
1400
-6514
-6424
-5844
-7635
-6448
-63
209
-6968
-6639
-6158
-6269
-2189
-111
-943
-300
1894
-7446
-7937
8180
-6340
-19555
-67
1170
-8593
-4415
4945
-6093
-21114
-18
-208
96
1055
-8210
-8037
-10284
-9176
-7844
84
913
-6792
-6375
-7394
-6182
-3199
85
65
-149
3137
-8489
-9567
12392
-7638
-12493
13
909
-8900
-4626
7112
-5342
-21463
70
542
278
-910
-9692
-9796
-13054
-9077
-8903
295
-370
-8139
-8231
-8355
-7510
-3411
7
-370
-39
1718
-9407
-10800
13922
-8812
-10993
243
870
-9659
-7699
7059
-7449
-18032
161
1476
205
-899
-6943
-6754
-7859
-7236
-6929
112
170
-6820
-6506
-7255
-6638
-2579
3
-50
-70
-3867
-8321
-8142
9257
-6758
-15570
58
-1325
-8838
-6997
2440
-5793
-16233
71
-485
-25
-242
-7388
-6916
-5702
-6402
-7242
-15
348
-6000
-4849
-6900
-4711
-5499
-55
893
-149
-2446
-9144
-6574
6981
-7022
-11635
102
-2149
-7688
-4535
2251
-3211
-15385
177
-1590
120
821
-4472
-4454
-1714
-3004
-4303
36
442
-4377
-4202
-5086
-3151
-1439
107
1048
-88
-1157
-6694
-3617
2697
-4093
-24306
72
-1684
-7149
-305
115
-2589
-25229
185
-1380
99
562
-3590
-2576
1276
-2165
-3283
63
-172
-4891
-4555
-2972
-3334
718
45
-723
-173
-2077
-2136
-2640
-2992
-3010
-16018
-109
-1802
-4599
192
-3770
-3414
-13547
54
-1411
-13
2853
-4646
-4596
-3743
-5415
-5161
22
2652
-5565
-5564
-6225
-5655
-207
4
1523
-258
2440
-5884
-5782
4833
-5011
-22717
9
2630
-7380
-5148
800
-6264
-20436
74
2081
3
5577
-7871
-7688
-7653
-9139
-7638
189
5063
-5955
-5833
-7851
-6791
-4412
45
4557
-318
334
-8782
-8218
9806
-7797
-18447
214
-101
-8540
-5274
5850
-6583
-24333
136
145
-16
620
-7382
-7232
-8365
-7336
-6323
-24
555
-5837
-5683
-5069
-5184
-3564
139
1768
-212
197
-7366
-7428
10592
-6477
-12936
56
449
-7010
-4267
5674
-3913
-19462
40
942
62
-3013
-6516
-7188
-7489
-6021
-5797
85
-370
-6476
-6715
-3876
-5415
-2912
80
209
-214
681
-6974
-6995
10103
-5686
-17750
42
-190
-7110
-6587
2905
-3891
-17850
-59
528
-56
-1685
-6527
-6227
-3808
-5336
-5758
-30
-347
-5438
-5565
-3005
-3546
-2616
-34
168
-164
-2180
-6813
-6963
6010
-5672
-21677
190
-818
-6033
-5198
764
-2107
-28287
145
-147
-154
-1625
-4042
-5273
427
-3230
-4272
-315
-1763
-4220
-5192
-2721
-3336
-4336
-113
-1187
6
-485
-6013
-4648
1576
-4066
-24145
229
-1381
-5555
-4386
-74
-856
-22021
223
-810
-39
-2379
-2324
-4156
1092
-2347
-3487
-257
-880
-3626
-4982
-4194
-3620
-2778
-40
-831
-32
-5
-6515
-4482
1032
-3400
-23258
130
-440
-7622
-3402
-289
-3030
-16142
164
-338
-37
-1863
-3025
-2274
1075
-1707
-3077
-129
-956
-2849
-3106
-2032
-1666
4
-159
-1311
-129
-1631
-3982
-3370
-855
-2776
-12135
45
-1435
-5071
-730
-580
-2230
-14915
164
-1364
-34
-288
-6248
-5803
-6696
-6387
-6313
214
-338
-6087
-5330
-6679
-6767
-2245
-41
-102
-351
4676
-7348
-6587
6615
-5935
-17006
149
5041
-8951
-7119
2549
-6674
-16867
166
3930
41
-294
-12937
-12618
-14612
-12810
-12532
384
-249
-7379
-7902
-10124
-7143
-4517
144
4
-423
-436
-13730
-12852
15282
-12514
10124
260
-397
-11410
-8761
8245
-7877
-11617
239
-275
122
-571
-4437
-5244
-4362
-4124
-3683
-4
-1953
-5372
-4108
-3189
-5473
-2873
147
-1354
-161
-3181
-6242
-4400
7098
-3830
-30034
5
-2659
-7226
-6052
1421
-3201
-24037
73
-1777
-17
167
-7318
-7494
-5777
-6836
-6371
17
315
-4845
-5063
-1949
-3988
-3163
248
245
-206
1593
-6407
-6916
7909
-6391
-16073
65
1703
-4885
-4963
1983
-1935
-27331
53
1770
62
540
-7694
-7393
-6580
-7130
-6668
158
1243
-4893
-5253
-3000
-3726
-3054
223
952
-326
-1432
-6060
-7096
8224
-6749
-9935
67
-1597
-4654
-4466
3081
-1557
-24016
27
-768
25
-1628
-2889
-3454
167
-3285
-2777
-11
-798
-2564
-3100
48
-2520
-1763
92
-1485
-82
-757
-3596
-2458
931
-2737
-24728
51
-2287
-3780
-2885
-259
-279
-27190
11
-1046
-77
-1766
-2678
-2038
2719
-2843
-2757
-81
-611
-2847
-2859
328
-2583
-774
-91
-1485
-119
234
-4159
-3806
-1208
-2643
-15607
10
-147
-4734
-3365
-1742
-1489
-16070
-35
-10
-97
-1037
-1897
-1554
1944
-1063
-1845
-35
-131
-1898
-2682
433
-1567
646
-58
-1108
-210
-654
-1974
-2695
-1909
-1717
-14709
-121
-585
-2453
-1661
-1463
-1167
-18131
-4
-919
-229
-1420
-2899
-4115
-4347
-2889
-3832
-5
-1611
-4594
-5706
-4018
-5979
242
-94
-411
-141
1662
-4135
-4402
3151
-3674
-25886
71
2256
-7167
-6356
-1266
-5619
-18787
277
1317
-53
-4424
-7939
-8045
-8478
-7242
-7684
167
-3580
-7110
-6620
-7246
-6807
-1659
39
-1808
-388
-619
-9463
-6543
9687
-7568
-17936
122
33
-10097
-8386
2903
-6160
-17767
251
690
33
-1739
-2610
-5138
-4211
-3468
-4119
90
-1374
-3021
-3312
-4403
-5131
-4466
57
-793
-81
-1483
-6097
-4319
5005
-3925
32240
31
-2595
-7310
-5727
70
-2094
-28726
47
-2342
-26
-906
-6219
-6321
-6364
-5831
-6357
86
-1954
-3779
-3056
-3780
-3790
-3953
168
-280
-162
1605
-7404
-7637
7873
-6104
-12704
-29
2235
-6106
-4811
2683
-861
-24641
-95
1686
86
-1056
-7515
-6956
-6221
-6419
-6754
172
-1974
-4609
-3412
-4229
-3241
-3134
232
-488
-385
-1366
-6233
-7177
7372
-6583
-11230
-81
-1231
-5022
-4436
3261
-387
-25694
-62
-236
-85
-196
-1753
-1949
-421
-2629
-2047
2
-295
-2536
-1993
-1405
-2815
-982
100
432
-204
-2111
-1769
-1729
540
-1865
-19176
-257
-2553
-3392
-2923
-1357
-595
-17570
-75
-1619
-257
-151
-1364
-1515
-960
-2291
-2193
-53
448
-1187
-1964
-1035
-1788
154
15
374
-227
419
-2962
-2747
593
-2036
-16505
-42
507
-3672
-2530
-1944
-1080
-20149
22
1130
-112
-108
-688
-1884
-707
-1525
-1698
-50
-135
-1227
-2992
-816
-2520
1104
-8
-471
-259
-203
-2189
-2252
185
-1621
-13789
-258
-255
-3041
-2806
-2249
-2182
-13979
-134
-276
-104
-951
-2711
-2225
-2277
-1148
-3026
-84
-889
-3167
-2811
-3151
-3413
177
-115
-1222
-89
512
-3584
-3769
271
-2896
-20499
-157
994
-4138
-3784
-3167
-3309
-20758
95
184
-160
-1030
-5439
-5985
-5164
-4494
-6596
-60
-1825
-2865
-3020
-4216
-3490
-4146
-90
-1219
-355
110
-8467
-5640
3474
-6291
-11519
-192
948
-5568
-4586
-330
-3578
-21768
115
1710
-241
310
-2823
-4613
-2764
-2764
-4304
-166
-794
-2371
-3425
-4006
-3813
-5317
-184
-299
-108
-1519
-5969
-4821
2388
-4117
-15983
-162
-3031
-5409
-3503
-1088
-1739
-15353
43
-2045
-270
-680
-2529
-2252
-1789
-570
-2538
-231
-1992
-2540
-1181
-2519
-2248
-3679
-246
-784
17
312
-3431
-3352
1013
-2354
-20497
-220
-355
-3385
-2901
-1671
-250
-19802
-30
-239
-111
-1475
-2075
-1423
-1678
-202
-1895
-250
-2938
-2558
-614
-2343
-2181
-3128
-171
-2084
-77
-696
-2688
-1896
129
-1752
-24342
-140
-212
-2629
-3329
-1822
-1405
-21222
-17
248
-350
-895
-1171
-982
-485
-557
-1279
-347
-1036
-1982
-1640
-919
-1598
-944
-175
-633
-83
-1405
-2516
-1165
-643
-1231
-19622
-152
-423
-2801
-2191
-2400
-2236
-18110
117
-678
-548
-640
-846
-752
-1039
-1052
-1258
-325
-699
-864
-1726
-1520
-1234
811
-188
-220
-103
440
-1798
-1987
169
-1138
-15434
-65
591
-2661
-1623
-1667
-1878
-18376
177
564
-248
-701
-617
-1975
-1565
-2024
-1841
-250
-1272
-645
-2709
-1996
-2608
525
-70
-1530
-228
-225
-2313
-2379
874
-1800
-14543
-280
-86
-3554
-2639
-1152
-2850
-15541
-17
439
0
0
0
0
0
0
0
0
0
0
0
-2486
-1685
-1022
-1249
-2229
0
0
0
0
0
0
0
0
0
0
0
-676
-2428
-1517
-2226
-19284
0
0
0
0
0
0
0
0
0
0
0
-3192
-2498
-1464
-949
-2795
0
0
0
0
0
0
0
0
0
0
0
-2395
-3558
152
-2806
-20035
0
0
0
0
0
0
0
0
0
0
0
-3447
-3073
-1528
-2203
-2864
0
0
0
0
0
0
0
0
0
0
0
-2830
-3109
1537
-2932
-12936
0
0
0
0
0
0
0
0
0
0
0
-2625
-3119
-1318
-698
-2086
0
0
0
0
0
0
0
0
0
0
0
-1851
-2583
877
-2163
-18902
0
0
0
0
0
0
0
0
0
0
0
-2857
-3336
-1583
-451
-2253
0
0
0
0
0
0
0
0
0
0
0
-1775
-1660
-40
-2325
-21488
0
0
0
0
0
0
0
0
0
0
0
-3806
-2888
-2010
-1915
-3303
0
0
0
0
0
0
0
0
0
0
0
-3782
-2431
233
-3283
-14464
0
0
0
0
0
0
0
0
0
0
0
-2933
-2930
-3449
346
-3003
0
0
0
0
0
0
0
0
0
0
0
-3793
-2626
-69
-2992
-14746
0
0
0
0
0
0
0
0
0
0
0
-2126
-2541
-1877
-421
-2427
0
0
0
0
0
0
0
0
0
0
0
-2549
-2325
-440
-2442
-15341
0
0
0
0
0
0
0
0
0
0
0
-2510
-1599
-2762
-1845
-2974
0
0
0
0
0
0
0
0
0
0
0
-2569
-3048
-115
-3002
-16149
0
0
0
0
0
0
0
0
0
0
0
-3670
-2884
-2951
-2131
-3773
0
0
0
0
0
0
0
0
0
0
0
-4589
-5834
3281
-3654
-14529
0
0
0
0
0
0
0
0
0
0
0
-3454
-2859
-2593
-2323
-2943
0
0
0
0
0
0
0
0
0
0
0
-3259
-3817
3393
-2726
-22857
0
0
0
0
0
0
0
0
0
0
0
-3945
-3777
-6289
-2534
-3704
0
0
0
0
0
0
0
0
0
0
0
-2980
-3712
3927
-3530
-23624
0
0
0
0
0
0
0
0
0
0
0
-4107
-3380
-7258
-2399
-4284
0
0
0
0
0
0
0
0
0
0
0
-4135
-1721
1262
-4113
-20606
0
0
0
0
0
0
0
0
0
0
0
-4209
-1403
-6277
-2748
-4864
0
0
0
0
0
0
0
0
0
0
0
-6014
-1786
-1226
-4610
-15574
0
0
0
0
0
0
0
0
0
0
0
-4013
-2204
-5111
-589
-4225
0
0
0
0
0
0
0
0
0
0
0
-4479
-232
-3492
-3991
-23196
0
0
0
0
0
0
0
0
0
0
0
-3155
-2323
-714
-3342
-3197
0
0
0
0
0
0
0
0
0
0
0
-1293
-490
-3312
-2809
-15112
0
0
0
0
0
0
0
0
0
0
0
-1924
-1813
-877
-2516
-2305
0
0
0
0
0
0
0
0
0
0
0
-2402
-2646
949
-2138
-19792
0
0
0
0
0
0
0
0
0
0
0
-3456
-3004
-3345
-3572
-3163
0
0
0
0
0
0
0
0
0
0
0
-4744
-3757
4927
-3037
-27300
0
0
0
0
0
0
0
0
0
0
0
-5456
-4888
-6451
-6115
-5196
0
0
0
0
0
0
0
0
0
0
0
-5335
-7092
8304
-5158
-16617
0
0
0
0
0
0
0
0
0
0
0
-7950
-8679
-12719
-7318
-9413
0
0
0
0
0
0
0
0
0
0
0
-9378
-9627
9243
-9474
-8045
0
0
0
0
0
0
0
0
0
0
0
-5941
-6240
-10199
-5164
-7117
0
0
0
0
0
0
0
0
0
0
0
-8282
-4952
5153
-7090
-15177
0
0
0
0
0
0
0
0
0
0
0
-5191
-2876
-7639
-4106
-5386
0
0
0
0
0
0
0
0
0
0
0
-7446
-2439
2334
-5433
-17136
0
0
0
0
0
0
0
0
0
0
0
-3600
-1274
-4870
-1851
-3749
0
0
0
0
0
0
0
0
0
0
0
-4601
-888
-1204
-3641
-22283
0
0
0
0
0
0
0
0
0
0
0
-2824
-1171
-221
-3267
-3010
0
0
0
0
0
0
0
0
0
0
0
-992
-2029
-4482
-2892
-17761
0
0
0
0
0
0
0
0
0
0
0
-2834
-1584
-633
-2675
-2615
0
0
0
0
0
0
0
0
0
0
0
-2778
-4348
1557
-2609
-16784
0
0
0
0
0
0
0
0
0
0
0
-3977
-3072
-2267
-4788
-3125
0
0
0
0
0
0
0
0
0
0
0
-4125
-3704
4801
-2964
-31368
0
0
0
0
0
0
0
0
0
0
0
-6716
-6155
-7423
-8436
-6321
0
0
0
0
0
0
0
0
0
0
0
-7567
-7103
10474
-6040
-15383
0
0
0
0
0
0
0
0
0
0
0
-11512
-12060
-14160
-12745
-12647
0
0
0
0
0
0
0
0
0
0
0
-12648
-13513
13688
-12654
14440
0
0
0
0
0
0
0
0
0
0
0
-8411
-7600
-8532
-8857
-8435
0
0
0
0
0
0
0
0
0
0
0
-9348
-8482
9986
-8273
-4746
0
0
0
0
0
0
0
0
0
0
0
-6700
-5807
-4913
-5151
-5637
0
0
0
0
0
0
0
0
0
0
0
-7663
-4796
5672
-5565
-16979
0
0
0
0
0
0
0
0
0
0
0
-4637
-4874
-3119
-2360
-4935
0
0
0
0
0
0
0
0
0
0
0
-6995
-3064
743
-4836
-19442
0
0
0
0
0
0
0
0
0
0
0
-2180
-2695
581
-2319
-3106
0
0
0
0
0
0
0
0
0
0
0
-2753
-2878
-3511
-3269
-13938
0
0
0
0
0
0
0
0
0
0
0
-3467
-2963
-3106
-3216
-3577
0
0
0
0
0
0
0
0
0
0
0
-3927
-4917
3609
-3599
-25631
0
0
0
0
0
0
0
0
0
0
0
-6950
-6821
-7245
-8175
-7495
0
0
0
0
0
0
0
0
0
0
0
-8557
-7953
8681
-7424
-13406
0
0
0
0
0
0
0
0
0
0
0
-6484
-6248
-6372
-7659
-6132
0
0
0
0
0
0
0
0
0
0
0
-7704
-5483
8997
-6042
-11122
0
0
0
0
0
0
0
0
0
0
0
-5369
-5358
-4744
-6945
-5339
0
0
0
0
0
0
0
0
0
0
0
-6722
-6442
8965
-5055
-16850
0
0
0
0
0
0
0
0
0
0
0
-5326
-5715
-2904
-6677
-5932
0
0
0
0
0
0
0
0
0
0
0
-6909
-6913
6285
-5640
-19621
0
0
0
0
0
0
0
0
0
0
0
-3666
-5141
-237
-3928
-4445
0
0
0
0
0
0
0
0
0
0
0
-6131
-4196
1631
-4121
-21712
0
0
0
0
0
0
0
0
0
0
0
-3042
-4078
1036
-2681
-3590
0
0
0
0
0
0
0
0
0
0
0
-5773
-3953
246
-3513
-19129
0
0
0
0
0
0
0
0
0
0
0
-2075
-2509
1065
-2428
-2682
0
0
0
0
0
0
0
0
0
0
0
-3197
-3440
-1211
-2690
-11498
0
0
0
0
0
0
0
0
0
0
0
-6779
-5182
-6205
-5222
-5876
0
0
0
0
0
0
0
0
0
0
0
-5557
-6422
5200
-5884
-14656
0
0
0
0
0
0
0
0
0
0
0
-13245
-11229
-13456
-12752
-12129
0
0
0
0
0
0
0
0
0
0
0
-12473
-12573
13614
-12132
13404
0
0
0
0
0
0
0
0
0
0
0
-5839
-5228
-3918
-4278
-4823
0
0
0
0
0
0
0
0
0
0
0
-6268
-3616
4964
-4759
-22710
0
0
0
0
0
0
0
0
0
0
0
-4924
-4249
-2003
-4642
-3938
0
0
0
0
0
0
0
0
0
0
0
-4336
-4374
4964
-3648
-27236
0
0
0
0
0
0
0
0
0
0
0
-5556
-5295
-4047
-7040
-5388
0
0
0
0
0
0
0
0
0
0
0
-4580
-5297
6254
-5091
-15579
0
0
0
0
0
0
0
0
0
0
0
-2431
-3696
-717
-3747
-3144
0
0
0
0
0
0
0
0
0
0
0
-3436
-1571
927
-2798
-22266
0
0
0
0
0
0
0
0
0
0
0
-2267
-1616
2585
-2266
-2217
0
0
0
0
0
0
0
0
0
0
0
-3248
-3344
-644
-2023
-16073
0
0
0
0
0
0
0
0
0
0
0
-2208
-1474
2000
-277
-2023
0
0
0
0
0
0
0
0
0
0
0
-1103
-3742
-2420
-1825
-12829
0
0
0
0
0
0
0
0
0
0
0
-5496
-4258
-4361
-2015
-4735
0
0
0
0
0
0
0
0
0
0
0
-2758
-6149
1776
-4617
-16679
0
0
0
0
0
0
0
0
0
0
0
-7467
-6124
-6997
-5736
-6551
0
0
0
0
0
0
0
0
0
0
0
-6922
-5890
5856
-6286
-17835
0
0
0
0
0
0
0
0
0
0
0
-4806
-3740
-3331
-1881
-3593
0
0
0
0
0
0
0
0
0
0
0
-3918
-3520
3036
-3441
-31766
0
0
0
0
0
0
0
0
0
0
0
-6264
-4843
-4312
-3921
-5147
0
0
0
0
0
0
0
0
0
0
0
-4744
-6608
5324
-5066
-15700
0
0
0
0
0
0
0
0
0
0
0
-6285
-5488
-4744
-4610
-5664
0
0
0
0
0
0
0
0
0
0
0
-4069
-5469
3833
-5450
-13729
0
0
0
0
0
0
0
0
0
0
0
-2078
-1936
-621
-1857
-1884
0
0
0
0
0
0
0
0
0
0
0
-647
-1247
361
-1536
-17825
0
0
0
0
0
0
0
0
0
0
0
-2096
-863
-27
-1246
-1688
0
0
0
0
0
0
0
0
0
0
0
-1452
-2611
1099
-1341
-18024
0
0
0
0
0
0
0
0
0
0
0
-1818
-1041
-321
-5
-1435
0
0
0
0
0
0
0
0
0
0
0
-118
-2575
-413
-1176
-14177
0
0
0
0
0
0
0
0
0
0
0
-4037
-2331
-2006
-615
-3590
0
0
0
0
0
0
0
0
0
0
0
-1981
-5049
-1189
-3578
-14453
0
0
0
0
0
0
0
0
0
0
0
-4790
-3405
-3602
-2779
-4266
0
0
0
0
0
0
0
0
0
0
0
-4525
-4931
2243
-4145
-19441
0
0
0
0
0
0
0
0
0
0
0
-3722
-2737
-1582
-1329
-2981
0
0
0
0
0
0
0
0
0
0
0
-3637
-3802
1818
-2805
-19917
0
0
0
0
0
0
0
0
0
0
0
-2527
-2067
-1006
292
-2270
0
0
0
0
0
0
0
0
0
0
0
-2278
-3456
-313
-2214
-19403
0
0
0
0
0
0
0
0
0
0
0
-2458
-2099
-2032
-224
-2512
0
0
0
0
0
0
0
0
0
0
0
-2160
-1855
-1246
-2350
-18270
0
0
0
0
0
0
0
0
0
0
0
-1721
-1062
186
-1012
-1351
0
0
0
0
0
0
0
0
0
0
0
-1726
103
-824
-1096
-18523
0
0
0
0
0
0
0
0
0
0
0
-1440
-141
-108
-898
-1033
0
0
0
0
0
0
0
0
0
0
0
-744
-1346
437
-703
-16240
0
0
0
0
0
0
0
0
0
0
0
-1644
-1110
-1390
-1477
-1466
0
0
0
0
0
0
0
0
0
0
0
-19
-1995
526
-1222
-14486
0
0
0
0
0
0
0
0
0
0
0
0
0
0
0
0
0
0
0
0
0
0
0
0
0
0
0
0
0
0
0
0
0
0
0
0
0
0
0
0
0
0
0
0
0
0
0
0
0
0
0
0
0
0
0
0
0
0
0
0
0
0
0
0
0
0
0
0
0
0
0
0
0
0
0
0
0
0
0
0
0
0
0
0
0
0
0
0
0
0
0
0
0
0
0
0
0
0
0
0
0
0
0
0
0
0
0
0
0
0
0
0
0
0
0
0
0
0
0
0
0
0
0
0
0
0
0
0
0
0
0
0
0
0
0
0
0
0
0
0
0
0
0
0
0
0
0
0
0
0
0
0
0
0
0
0
0
0
0
0
0
0
0
0
0
0
0
0
0
0
0
0
0
0
0
0
0
0
0
0
0
0
0
0
0
0
0
0
0
0
0
0
0
0
0
0
0
0
0
0
0
0
0
0
0
0
0
0
0
0
0
0
0
0
0
0
0
0
0
0
0
0
0
0
0
0
0
0
0
0
0
0
0
0
0
0
0
0
0
0
0
0
0
0
0
0
0
0
0
0
0
0
0
0
0
0
0
0
0
0
0
0
0
0
0
0
0
0
0
0
0
0
0
0
0
0
0
0
0
0
0
0
0
0
0
0
0
0
0
0
0
0
0
0
0
0
0
0
0
0
0
0
0
0
0
0
0
0
0
0
0
0
0
0
0
0
0
0
0
0
0
0
0
0
0
0
0
0
0
0
0
0
0
0
0
0
0
0
0
0
0
0
0
0
0
0
0
0
0
0
0
0
0
0
0
0
0
0
0
0
0
0
0
0
0
0
0
0
0
0
0
0
0
0
0
0
0
0
0
0
0
0
0
0
0
0
0
0
0
0
0
0
0
0
0
0
0
0
0
0
0
0
0
0
0
0
0
0
0
0
0
0
0
0
0
0
0
0
0
0
0
0
0
0
0
0
0
0
0
0
0
0
0
0
0
0
0
0
0
0
0
0
0
0
0
0
0
0
0
0
0
0
0
0
0
0
0
0
0
0
0
0
0
0
0
0
0
0
0
0
0
0
0
0
0
0
0
0
0
0
0
0
0
0
0
0
0
0
0
0
0
0
0
0
0
0
0
0
0
0
0
0
0
0
0
0
0
0
0
0
0
0
0
0
0
0
0
0
0
0
0
0
0
0
0
0
0
0
0
0
0
0
0
0
0
0
0
0
0
0
0
0
0
0
0
0
0
0
0
0
0
0
0
0
0
0
0
0
0
0
0
0
0
0
0
0
0
0
0
0
0
0
0
0
0
0
0
0
0
0
0
0
0
0
0
0
0
0
0
0
0
0
0
0
0
0
0
0
0
0
0
0
0
0
0
0
0
0
0
0
0
0
0
0
0
0
0
0
0
0
0
0
0
0
0
0
0
0
0
0
0
0
0
0
0
0
0
0
0
0
0
0
0
0
0
0
0
0
0
0
0
0
0
0
0
0
0
0
0
0
0
0
0
0
0
0
0
0
0
0
0
0
0
0
0
0
0
0
0
0
0
0
0
0
0
0
0
0
0
0
0
0
0
0
0
0
0
0
0
0
0
0
0
0
0
0
0
0
0
0
0
0
0
0
0
0
0
0
0
0
0
0
0
0
0
0
0
0
0
0
0
0
0
0
0
0
0
0
0
0
0
0
0
0
0
0
0
0
0
0
0
0
0
0
0
0
0
0
0
0
0
0
0
0
0
0
0
0
0
0
0
0
0
0
0
0
0
0
0
0
0
0
0
0
0
0
0
0
0
0
0
0
0
0
0
0
0
0
0
0
0
0
0
0
0
0
0
0
0
0
0
0
0
0
0
0
0
0
0
0
0
0
0
0
0
0
0
0
0
0
0
0
0
0
0
0
0
0
0
0
0
0
0
0
0
0
0
0
0
0
0
0
0
0
0
0
0
0
0
0
0
0
0
0
0
0
0
0
0
0
0
0
0
0
0
0
0
0
0
0
0
0
0
0
0
0
0
0
0
0
0
0
0
0
0
0
0
0
0
0
0
0
0
0
0
0
0
0
0
0
0
0
0
0
0
0
0
0
0
0
0
0
0
0
0
0
0
0
0
0
0
0
0
0
0
0
0
0
0
0
0
0
0
0
0
0
0
0
0
0
0
0
0
0
0
0
0
0
0
0
0
0
0
0
0
0
0
0
0
0
0
0
0
0
0
0
0
0
0
0
0
0
0
0
0
0
0
0
0
0
0
0
0
0
0
0
0
0
0
0
0
0
0
0
0
0
0
0
0
0
0
0
0
0
0
0
0
0
0
0
0
0
0
0
0
0
0
0
0
0
0
0
0
0
0
0
0
0
0
0
0
0
0
0
0
0
0
0
0
0
0
0
0
0
0
0
0
0
0
0
0
0
0
0
0
0
0
0
0
0
0
0
0
0
0
0
0
0
0
0
0
0
0
0
0
0
0
0
0
0
0
0
0
0
0
0
0
0
0
0
0
0
0
0
0
0
0
0
0
0
0
0
0
0
0
0
0
0
0
0
0
0
0
0
0
0
0
0
0
0
0
0
0
0
0
0
0
0
0
0
0
0
0
0
0
0
0
0
0
0
0
0
0
0
0
0
0
0
0
0
0
0
0
0
0
0
0
0
0
0
0
0
0
0
0
0
0
0
0
0
0
0
0
0
0
0
0
0
0
0
0
0
0
0
0
0
0
0
0
0
0
0
0
0
0
0
0
0
0
0
0
0
0
0
0
0
0
0
0
0
0
0
0
0
0
0
0
0
0
0
0
0
0
0
0
0
0
0
0
0
0
0
0
0
0
0
0
0
0
0
0
0
0
0
0
0
0
0
0
0
0
0
0
0
0
0
0
0
0
0
0
0
0
0
0
0
0
0
0
0
0
0
0
0
0
0
0
0
0
0
0
0
0
0
0
0
0
0
0
0
0
0
0
0
0
0
0
0
0
0
0
0
0
0
0
0
0
0
0
0
0
0
0
0
0
0
0
0
0
0
0
0
0
0
0
0
0
0
0
0
0
0
0
0
0
0
0
0
0
0
0
0
0
0
0
0
0
0
0
0
0
0
0
0
0
0
0
0
0
0
0
0
0
0
0
0
0
0
0
0
0
0
0
0
0
0
0
0
0
0
0
0
0
0
0
0
0
0
0
0
0
0
0
0
0
0
0
0
0
0
0
0
0
0
0
0
0
0
0
0
0
0
0
0
0
0
0
0
0
0
0
0
0
0
0
0
0
0
0
0
0
0
0
0
0
0
0
0
0
0
0
0
0
0
0
0
0
0
0
0
0
0
0
0
0
0
0
0
0
0
0
0
0
0
0
0
0
0
0
0
0
0
0
0
0
0
0
0
0
0
0
0
0
0
0
0
0
0
0
0
0
0
0
0
0
0
0
0
0
0
0
0
0
0
0
0
0
0
0
0
0
0
0
0
0
0
0
0
0
0
0
0
0
0
0
0
0
0
0
0
0
0
0
0
0
0
0
0
0
0
0
0
0
0
0
0
0
0
0
0
0
0
0
0
0
0
0
0
0
0
0
0
0
0
0
0
0
0
0
0
0
0
0
0
0
0
0
0
0
0
0
0
0
0
0
0
0
0
0
0
0
0
0
0
0
0
0
0
0
0
0
0
0
0
0
0
0
0
0
0
0
0
0
0
0
0
0
0
0
0
0
0
0
0
0
0
0
0
0
0
0
0
0
0
0
0
0
0
0
0
0
0
0
0
0
0
0
0
0
0
0
0
0
0
0
0
0
0
0
0
0
0
0
0
0
0
0
0
0
0
0
0
0
0
0
0
0
0
0
0
0
0
0
0
0
0
0
0
0
0
0
0
0
0
0
0
0
0
0
0
0
0
0
0
0
0
0
0
0
0
0
0
0
0
0
0
0
0
0
0
0
0
0
0
0
0
0
0
0
0
0
0
0
0
0
0
0
0
0
0
0
0
0
0
0
0
0
0
0
0
0
0
0
0
0
0
0
0
0
0
0
0
0
0
0
0
0
0
0
0
0
0
0
0
0
0
0
0
0
0
0
0
0
0
0
0
0
0
0
0
0
0
0
0
0
0
0
0
0
0
0
0
0
0
0
0
0
0
0
0
0
0
0
0
0
0
0
0
0
0
0
0
0
0
0
0
0
0
0
0
0
0
0
0
0
0
0
0
0
0
0
0
0
0
0
0
0
0
0
0
0
0
0
0
0
0
0
0
0
0
0
0
0
0
0
0
0
0
0
0
0
0
0
0
0
0
0
0
0
0
0
0
0
0
0
0
0
0
0
0
0
0
0
0
0
0
0
0
0
0
0
0
0
0
0
0
0
0
0
0
0
0
0
0
0
0
0
0
0
0
0
0
0
0
0
0
0
0
0
0
0
0
0
0
0
0
0
0
0
0
0
0
0
0
0
0
0
0
0
0
0
0
0
0
0
0
0
0
0
0
0
0
0
0
0
0
0
0
0
0
0
0
0
0
0
0
0
0
0
0
0
0
0
0
0
0
0
0
0
0
0
0
0
0
0
0
0
0
0
0
0
0
0
0
0
0
0
0
0
0
0
0
0
0
0
0
0
0
0
0
0
0
0
0
0
0
0
0
0
0
0
0
0
0
0
0
0
0
0
0
0
0
0
0
0
0
0
0
0
0
0
0
0
0
0
0
0
0
0
0
0
0
0
0
0
0
0
0
0
0
0
0
0
0
0
0
0
0
0
0
0
0
0
0
0
0
0
0
0
0
0
0
0
0
0
0
0
0
0
0
0
0
0
0
0
0
0
0
0
0
0
0
0
0
0
0
0
0
0
0
0
0
0
0
0
0
0
0
0
0
0
0
0
0
0
0
0
0
0
0
0
0
0
0
0
0
0
0
0
0
0
0
0
0
0
0
0
0
0
0
0
0
0
0
0
0
0
0
0
0
0
0
0
0
0
0
0
0
0
0
0
0
0
0
0
0
0
0
0
0
0
0
0
0
0
0
0
0
0
0
0
0
0
0
0
0
0
0
0
0
0
0
0
0
0
0
0
0
0
0
0
0
0
0
0
0
0
0
0
0
0
0
0
0
0
0
0
0
0
0
0
0
0
0
0
0
0
0
0
0
0
0
0
0
0
0
0
0
0
0
0
0
0
0
0
0
0
0
0
0
0
0
0
0
0
0
0
0
0
0
0
0
0
0
0
0
0
0
0
0
0
0
0
0
0
0
0
0
0
0
0
0
0
0
0
0
0
0
0
0
0
0
0
0
0
0
0
0
0
0
0
0
0
0
0
0
0
0
0
0
0
0
0
0
0
0
0
0
0
0
0
0
0
0
0
0
0
0
0
0
0
0
0
0
0
0
0
0
0
0
0
0
0
0
0
0
0
0
0
0
0
0
0
0
0
0
0
0
0
0
0
0
0
0
0
0
0
0
0
0
0
0
0
0
0
0
0
0
0
0
0
0
0
0
0
0
0
0
0
0
0
0
0
0
0
0
0
0
0
0
0
0
0
0
0
0
0
0
0
0
0
0
0
0
0
0
0
0
0
0
0
0
0
0
0
0
0
0
0
0
0
0
0
0
0
0
0
0
0
0
0
0
0
0
0
0
0
0
0
0
0
0
0
0
0
0
0
0
0
0
0
0
0
0
0
0
0
0
0
0
0
0
0
0
0
0
0
0
0
0
0
0
0
0
0
0
0
0
0
0
0
0
0
0
0
0
0
0
0
0
0
0
0
0
0
0
0
0
0
0
0
0
0
0
0
0
0
0
0
0
0
0
0
0
0
0
0
0
0
0
0
0
0
0
0
0
0
0
0
0
0
0
0
0
0
0
0
0
0
0
0
0
0
0
0
0
0
0
0
0
0
0
0
0
0
0
0
0
0
0
0
0
0
0
0
0
0
0
0
0
0
0
0
0
0
0
0
0
0
0
0
0
0
0
0
0
0
0
0
0
0
0
0
0
0
0
0
0
0
0
0
0
0
0
0
0
0
0
0
0
0
0
0
0
0
0
0
0
0
0
0
0
0
0
0
0
0
0
0
0
0
0
0
0
0
0
0
0
0
0
0
0
0
0
0
0
0
0
0
0
0
0
0
0
0
0
0
0
0
0
0
0
0
0
0
0
0
0
0
0
0
0
0
0
0
0
0
0
0
0
0
0
0
0
0
0
0
0
0
0
0
0
0
0
0
0
0
0
0
0
0
0
0
0
0
0
0
0
0
0
0
0
0
0
0
0
0
0
0
0
0
0
0
0
0
0
0
0
0
0
0
0
0
0
0
0
0
0
0
0
0
0
0
0
0
0
0
0
0
0
0
0
0
0
0
0
0
0
0
0
0
0
0
0
0
0
0
0
0
0
0
0
0
0
0
0
0
0
0
0
0
0
0
0
0
0
0
0
0
0
0
0
0
0
0
0
0
0
0
0
0
0
0
0
0
0
0
0
0
0
0
0
0
0
0
0
0
0
0
0
0
0
0
0
0
0
0
0
0
0
0
0
0
0
0
0
0
0
0
0
0
0
0
0
0
0
0
0
0
0
0
0
0
0
0
0
0
0
0
0
0
0
0
0
0
0
0
0
0
0
0
0
0
0
0
0
0
0
0
0
0
0
0
0
0
0
0
0
0
0
0
0
0
0
0
0
0
0
0
0
0
0
0
0
0
0
0
0
0
0
0
0
0
0
0
0
0
0
0
0
0
0
0
0
0
0
0
0
0
0
0
0
0
0
0
0
0
0
0
0
0
0
0
0
0
0
0
0
0
0
0
0
0
0
0
0
0
0
0
0
0
0
0
0
0
0
0
0
0
0
0
0
0
0
0
0
0
0
0
0
0
0
0
0
0
0
0
0
0
0
0
0
0
0
0
0
0
0
0
0
0
0
0
0
0
0
0
0
0
0
0
0
0
0
0
0
0
0
0
0
0
0
0
0
0
0
0
0
0
0
0
0
0
0
0
0
0
0
0
0
0
0
0
0
0
0
0
0
0
0
0
0
0
0
0
0
0
0
0
0
0
0
0
0
0
0
0
0
0
0
0
0
0
0
0
0
0
0
0
0
0
0
0
0
0
0
0
0
0
0
0
0
0
0
0
0
0
0
0
0
0
0
0
0
0
0
0
0
0
0
0
0
0
0
0
0
0
0
0
0
0
0
0
0
0
0
0
0
0
0
0
0
0
0
0
0
0
0
0
0
0
0
0
0
0
0
0
0
0
0
0
0
0
0
0
0
0
0
0
0
0
0
0
0
0
0
0
0
0
0
0
0
0
0
0
0
0
0
0
0
0
0
0
0
0
0
0
0
0
0
0
0
0
0
0
0
0
0
0
0
0
0
0
0
0
0
0
0
0
0
0
0
0
0
0
0
0
0
0
0
0
0
0
0
0
0
0
0
0
0
0
0
0
0
0
0
0
0
0
0
0
0
0
0
0
0
0
0
0
0
0
0
0
0
0
0
0
0
0
0
0
0
0
0
0
0
0
0
0
0
0
0
0
0
0
0
0
0
0
0
0
0
0
0
0
0
0
0
0
0
0
0
0
0
0
0
0
0
0
0
0
0
0
0
0
0
0
0
0
0
0
0
0
0
0
0
0
0
0
0
0
0
0
0
0
0
0
0
0
0
0
0
0
0
0
0
0
0
0
0
0
0
0
0
0
0
0
0
0
0
0
0
0
0
0
0
0
0
0
0
0
0
0
0
0
0
0
0
0
0
0
0
0
0
0
0
0
0
0
0
0
0
0
0
0
0
0
0
0
0
0
0
0
0
0
0
0
0
0
0
0
0
0
0
0
0
0
0
0
0
0
0
0
0
0
0
0
0
0
0
0
0
0
0
0
0
0
0
0
0
0
0
0
0
0
0
0
0
0
0
0
0
0
0
0
0
0
0
0
0
0
0
0
0
0
0
0
0
0
0
0
0
0
0
0
0
0
0
0
0
0
0
0
0
0
0
0
0
0
0
0
0
0
0
0
0
0
0
0
0
0
0
0
0
0
0
0
0
0
0
0
0
0
0
0
0
0
0
0
0
0
0
0
0
0
0
0
0
0
0
0
0
0
0
0
0
0
0
0
0
0
0
0
0
0
0
0
0
0
0
0
0
0
0
0
0
0
0
0
0
0
0
0
0
0
0
0
0
0
0
0
0
0
0
0
0
0
0
0
0
0
0
0
0
0
0
0
0
0
0
0
0
0
0
0
0
0
0
0
0
0
0
0
0
0
0
0
0
0
0
0
0
0
0
0
0
0
0
0
0
0
0
0
0
0
0
0
0
0
0
0
0
0
0
0
0
0
0
0
0
0
0
0
0
0
0
0
0
0
0
0
0
0
0
0
0
0
0
0
0
0
0
0
0
0
0
0
0
0
0
0
0
0
0
0
0
0
0
0
0
0
0
0
0
0
0
0
0
0
0
0
0
0
0
0
0
0
0
0
0
0
0
0
0
0
0
0
0
0
0
0
0
0
0
0
0
0
0
0
0
0
0
0
0
0
0
0
0
0
0
0
0
0
0
0
0
0
0
0
0
0
0
0
0
0
0
0
0
0
0
0
0
0
0
0
0
0
0
0
0
0
0
0
0
0
0
0
0
0
0
0
0
0
0
0
0
0
0
0
0
0
0
0
0
0
0
0
0
0
0
0
0
0
0
0
0
0
0
0
0
0
0
0
0
0
0
0
0
0
0
0
0
0
0
0
0
0
0
0
0
0
0
0
0
0
0
0
0
0
0
0
0
0
0
0
0
0
0
0
0
0
0
0
0
0
0
0
0
0
0
0
0
0
0
0
0
0
0
0
0
0
0
0
0
0
0
0
0
0
0
0
0
0
0
0
0
0
0
0
0
0
0
0
0
0
0
0
0
0
0
0
0
0
0
0
0
0
0
0
0
0
0
0
0
0
0
0
0
0
0
0
0
0
0
0
0
0
0
0
0
0
0
0
0
0
0
0
0
0
0
0
0
0
0
0
0
0
0
0
0
0
0
0
0
0
0
0
0
0
0
0
0
0
0
0
0
0
0
0
0
0
0
0
0
0
0
0
0
0
0
0
0
0
0
0
0
0
0
0
0
0
0
0
0
0
0
0
0
0
0
0
0
0
0
0
0
0
0
0
0
0
0
0
0
0
0
0
0
0
0
0
0
0
0
0
0
0
0
0
0
0
0
0
0
0
0
0
0
0
0
0
0
0
0
0
0
0
0
0
0
0
0
0
0
0
0
0
0
0
0
0
0
0
0
0
0
0
0
0
0
0
0
0
0
0
0
0
0
0
0
0
0
0
0
0
0
0
0
0
0
0
0
0
0
0
0
0
0
0
0
0
0
0
0
0
0
0
0
0
0
0
0
0
0
0
0
0
0
0
0
0
0
0
0
0
0
0
0
0
0
0
0
0
0
0
0
0
0
0
0
0
0
0
0
0
0
0
0
0
0
0
0
0
0
0
0
0
0
0
0
0
0
0
0
0
0
0
0
0
0
0
0
0
0
0
0
0
0
0
0
0
0
0
0
0
0
0
0
0
0
0
0
0
0
0
0
0
0
0
0
0
0
0
0
0
0
0
0
0
0
0
0
0
0
0
0
0
0
0
0
0
0
0
0
0
0
0
0
0
0
0
0
0
0
0
0
0
0
0
0
0
0
0
0
0
0
0
0
0
0
0
0
0
0
0
0
0
0
0
0
0
0
0
0
0
0
0
0
0
0
0
0
0
0
0
0
0
0
0
0
0
0
0
0
0
0
0
0
0
0
0
0
0
0
0
0
0
0
0
0
0
0
0
0
0
0
0
0
0
0
0
0
0
0
0
0
0
0
0
0
0
0
0
0
0
0
0
0
0
0
0
0
0
0
0
0
0
0
0
0
0
0
0
0
0
0
0
0
0
0
0
0
0
0
0
0
0
0
0
0
0
0
0
0
0
0
0
0
0
0
0
0
0
0
0
0
0
0
0
0
0
0
0
0
0
0
0
0
0
0
0
0
0
0
0
0
0
0
0
0
0
0
0
0
0
0
0
0
0
0
0
0
0
0
0
0
0
0
0
0
0
0
0
0
0
0
0
0
0
0
0
0
0
0
0
0
0
0
0
0
0
0
0
0
0
0
0
0
0
0
0
0
0
0
0
0
0
0
0
0
0
0
0
0
0
0
0
0
0
0
0
0
0
0
0
0
0
0
0
0
0
0
0
0
0
0
0
0
0
0
0
0
0
0
0
0
0
0
0
0
0
0
0
0
0
0
0
0
0
0
0
0
0
0
0
0
0
0
0
0
0
0
0
0
0
0
0
0
0
0
0
0
0
0
0
0
0
0
0
0
0
0
0
0
0
0
0
0
0
0
0
0
0
0
0
0
0
0
0
0
0
0
0
0
0
0
0
0
0
0
0
0
0
0
0
0
0
0
0
0
0
0
0
0
0
0
0
0
0
0
0
0
0
0
0
0
0
0
0
0
0
0
0
0
0
0
0
0
0
0
0
0
0
0
0
0
0
0
0
0
0
0
0
0
0
0
0
0
0
0
0
0
0
0
0
0
0
0
0
0
0
0
0
0
0
0
0
0
0
0
0
0
0
0
0
0
0
0
0
0
0
0
0
0
0
0
0
0
0
0
0
0
0
0
0
0
0
0
0
0
0
0
0
0
0
0
0
0
0
0
0
0
0
0
0
0
0
0
0
0
0
0
0
0
0
0
0
0
0
0
0
0
0
0
0
0
0
0
0
0
0
0
0
0
0
0
0
0
0
0
0
0
0
0
0
0
0
0
0
0
0
0
0
0
0
0
0
0
0
0
0
0
0
0
0
0
0
0
0
0
0
0
0
0
0
0
0
0
0
0
0
0
0
0
0
0
0
0
0
0
0
0
0
0
0
0
0
0
0
0
0
0
0
0
0
0
0
0
0
0
0
0
0
0
0
0
0
0
0
0
0
0
0
0
0
0
0
0
0
0
0
0
0
0
0
0
0
0
0
0
0
0
0
0
0
0
0
0
0
0
0
0
0
0
0
0
0
0
0
0
0
0
0
0
0
0
0
0
0
0
0
0
0
0
0
0
0
0
0
0
0
0
0
0
0
0
0
0
0
0
0
0
0
0
0
0
0
0
0
0
0
0
0
0
0
0
0
0
0
0
0
0
0
0
0
0
0
0
0
0
0
0
0
0
0
0
0
0
0
0
0
0
0
0
0
0
0
0
0
0
0
0
0
0
0
0
0
0
0
0
0
0
0
0
0
0
0
0
0
0
0
0
0
0
0
0
0
0
0
0
0
0
0
0
0
0
0
0
0
0
0
0
0
0
0
0
0
0
0
0
0
0
0
0
0
0
0
0
0
0
0
0
0
0
0
0
0
0
0
0
0
0
0
0
0
0
0
0
0
0
0
0
0
0
0
0
0
0
0
0
0
0
0
0
0
0
0
0
0
0
0
0
0
0
0
0
0
0
0
0
0
0
0
0
0
0
0
0
0
0
0
0
0
0
0
0
0
0
0
0
0
0
0
0
0
0
0
0
0
0
0
0
0
0
0
0
0
0
0
0
0
0
0
0
0
0
0
0
0
0
0
0
0
0
0
0
0
0
0
0
0
0
0
0
0
0
0
0
0
0
0
0
0
0
0
0
0
0
0
0
0
0
0
0
0
0
0
0
0
0
0
0
0
0
0
0
0
0
0
0
0
0
0
0
0
0
0
0
0
0
0
0
0
0
0
0
0
0
0
0
0
0
0
0
0
0
0
0
0
0
0
0
0
0
0
0
0
0
0
0
0
0
0
0
0
0
0
0
0
0
0
0
0
0
0
0
0
0
0
0
0
0
0
0
0
0
0
0
0
0
0
0
0
0
0
0
0
0
0
0
0
0
0
0
0
0
0
0
0
0
0
0
0
0
0
0
0
0
0
0
0
0
0
0
0
0
0
0
0
0
0
0
0
0
0
0
0
0
0
0
0
0
0
0
0
0
0
0
0
0
0
0
0
0
0
0
0
0
0
0
0
0
0
0
0
0
0
0
0
0
0
0
0
0
0
0
0
0
0
0
0
0
0
0
0
0
0
0
0
0
0
0
0
0
0
0
0
0
0
0
0
0
0
0
0
0
0
0
0
0
0
0
0
0
0
0
0
0
0
0
0
0
0
0
0
0
0
0
0
0
0
0
0
0
0
0
0
0
0
0
0
0
0
0
0
0
0
0
0
0
0
0
0
0
0
0
0
0
0
0
0
0
0
0
0
0
0
0
0
0
0
0
0
0
0
0
0
0
0
0
0
0
0
0
0
0
0
0
0
0
0
0
0
0
0
0
0
0
0
0
0
0
0
0
0
0
0
0
0
0
0
0
0
0
0
0
0
0
0
0
0
0
0
0
0
0
0
0
0
0
0
0
0
0
0
0
0
0
0
0
0
0
0
0
0
0
0
0
0
0
0
0
0
0
0
0
0
0
0
0
0
0
0
0
0
0
0
0
0
0
0
0
0
0
0
0
0
0
0
0
0
0
0
0
0
0
0
0
0
0
0
0
0
0
0
0
0
0
0
0
0
0
0
0
0
0
0
0
0
0
0
0
0
0
0
0
0
0
0
0
0
0
0
0
0
0
0
0
0
0
0
0
0
0
0
0
0
0
0
0
0
0
0
0
0
0
0
0
0
0
0
0
0
0
0
0
0
0
0
0
0
0
0
0
0
0
0
0
0
0
0
0
0
0
0
0
0
0
0
0
0
0
0
0
0
0
0
0
0
0
0
0
0
0
0
0
0
0
0
0
0
0
0
0
0
0
0
0
0
0
0
0
0
0
0
0
0
0
0
0
0
0
0
0
0
0
0
0
0
0
0
0
0
0
0
0
0
0
0
0
0
0
0
0
0
0
0
0
0
0
0
0
0
0
0
0
0
0
0
0
0
0
0
0
0
0
0
0
0
0
0
0
0
0
0
0
0
0
0
0
0
0
0
0
0
0
0
0
0
0
0
0
0
0
0
0
0
0
0
0
0
0
0
0
0
0
0
0
0
0
0
0
0
0
0
0
0
0
0
0
0
0
0
0
0
0
0
0
0
0
0
0
0
0
0
0
0
0
0
0
0
0
0
0
0
0
0
0
0
0
0
0
0
0
0
0
0
0
0
0
0
0
0
0
0
0
0
0
0
0
0
0
0
0
0
0
0
0
0
0
0
0
0
0
0
0
0
0
0
0
0
0
0
0
0
0
0
0
0
0
0
0
0
0
0
0
0
0
0
0
0
0
0
0
0
0
0
0
0
0
0
0
0
0
0
0
0
0
0
0
0
0
0
0
0
0
0
0
0
0
0
0
0
0
0
0
0
0
0
0
0
0
0
0
0
0
0
0
0
0
0
0
0
0
0
0
0
0
0
0
0
0
0
0
0
0
0
0
0
0
0
0
0
0
0
0
0
0
0
0
0
0
0
0
0
0
0
0
0
0
0
0
0
0
0
0
0
0
0
0
0
0
0
0
0
0
0
0
0
0
0
0
0
0
0
0
0
0
0
0
0
0
0
0
0
0
0
0
0
0
0
0
0
0
0
0
0
0
0
0
0
0
0
0
0
0
0
0
0
0
0
0
0
0
0
0
0
0
0
0
0
0
0
0
0
0
0
0
0
0
0
0
0
0
0
0
0
0
0
0
0
0
0
0
0
0
0
0
0
0
0
0
0
0
0
0
0
0
0
0
0
0
0
0
0
0
0
0
0
0
0
0
0
0
0
0
0
0
0
0
0
0
0
0
0
0
0
0
0
0
0
0
0
0
0
0
0
0
0
0
0
0
0
0
0
0
0
0
0
0
0
0
0
0
0
0
0
0
0
0
0
0
0
0
0
0
0
0
0
0
0
0
0
0
0
0
0
0
0
0
0
0
0
0
0
0
0
0
0
0
0
0
0
0
0
0
0
0
0
0
0
0
0
0
0
0
0
0
0
0
0
0
0
0
0
0
0
0
0
0
0
0
0
0
0
0
0
0
0
0
0
0
0
0
0
0
0
0
0
0
0
0
0
0
0
0
0
0
0
0
0
0
0
0
0
0
0
0
0
0
0
0
0
0
0
0
0
0
0
0
0
0
0
0
0
0
0
0
0
0
0
0
0
0
0
0
0
0
0
0
0
0
0
0
0
0
0
0
0
0
0
0
0
0
0
0
0
0
0
0
0
0
0
0
0
0
0
0
0
0
0
0
0
0
0
0
0
0
0
0
0
0
0
0
0
0
0
0
0
0
0
0
0
0
0
0
0
0
0
0
0
0
0
0
0
0
0
0
0
0
0
0
0
0
0
0
0
0
0
0
0
0
0
0
0
0
0
0
0
0
0
0
0
0
0
0
0
0
0
0
0
0
0
0
0
0
0
0
0
0
0
0
0
0
0
0
0
0
0
0
0
0
0
0
0
0
0
0
0
0
0
0
0
0
0
0
0
0
0
0
0
0
0
0
0
0
0
0
0
0
0
0
0
0
0
0
0
0
0
0
0
0
0
0
0
0
0
0
0
0
0
0
0
0
0
0
0
0
0
0
0
0
0
0
0
0
0
0
0
0
0
0
0
0
0
0
0
0
0
0
0
0
0
0
0
0
0
0
0
0
0
0
0
0
0
0
0
0
0
0
0
0
0
0
0
0
0
0
0
0
0
0
0
0
0
0
0
0
0
0
0
0
0
0
0
0
0
0
0
0
0
0
0
0
0
0
0
0
0
0
0
0
0
0
0
0
0
0
0
0
0
0
0
0
0
0
0
0
0
0
0
0
0
0
0
0
0
0
0
0
0
0
0
0
0
0
0
0
0
0
0
0
0
0
0
0
0
0
0
0
0
0
0
0
0
0
0
0
0
0
0
0
0
0
0
0
0
0
0
0
0
0
0
0
0
0
0
0
0
0
0
0
0
0
0
0
0
0
0
0
0
0
0
0
0
0
0
0
0
0
0
0
0
0
0
0
0
0
0
0
0
0
0
0
0
0
0
0
0
0
0
0
0
0
0
0
0
0
0
0
0
0
0
0
0
0
0
0
0
0
0
0
0
0
0
0
0
0
0
0
0
0
0
0
0
0
0
0
0
0
0
0
0
0
0
0
0
0
0
0
0
0
0
0
0
0
0
0
0
0
0
0
0
0
0
0
0
0
0
0
0
0
0
0
0
0
0
0
0
0
0
0
0
0
0
0
0
0
0
0
0
0
0
0
0
0
0
0
0
0
0
0
0
0
0
0
0
0
0
0
0
0
0
0
0
0
0
0
0
0
0
0
0
0
0
0
0
0
0
0
0
0
0
0
0
0
0
0
0
0
0
0
0
0
0
0
0
0
0
0
0
0
0
0
0
0
0
0
0
0
0
0
0
0
0
0
0
0
0
0
0
0
0
0
0
0
0
0
0
0
0
0
0
0
0
0
0
0
0
0
0
0
0
0
0
0
0
0
0
0
0
0
0
0
0
0
0
0
0
0
0
0
0
0
0
0
0
0
0
0
0
0
0
0
0
0
0
0
0
0
0
0
0
0
0
0
0
0
0
0
0
0
0
0
0
0
0
0
0
0
0
0
0
0
0
0
0
0
0
0
0
0
0
0
0
0
0
0
0
0
0
0
0
0
0
0
0
0
0
0
0
0
0
0
0
0
0
0
0
0
0
0
0
0
0
0
0
0
0
0
0
0
0
0
0
0
0
0
0
0
0
0
0
0
0
0
0
0
0
0
0
0
0
0
0
0
0
0
0
0
0
0
0
0
0
0
0
0
0
0
0
0
0
0
0
0
0
0
0
0
0
0
0
0
0
0
0
0
0
0
0
0
0
0
0
0
0
0
0
0
0
0
0
0
0
0
0
0
0
0
0
0
0
0
0
0
0
0
0
0
0
0
0
0
0
0
0
0
0
0
0
0
0
0
0
0
0
0
0
0
0
0
0
0
0
0
0
0
0
0
0
0
0
0
0
0
0
0
0
0
0
0
0
0
0
0
0
0
0
0
0
0
0
0
0
0
0
0
0
0
0
0
0
0
0
0
0
0
0
0
0
0
0
0
0
0
0
0
0
0
0
0
0
0
0
0
0
0
0
0
0
0
0
0
0
0
0
0
0
0
0
0
0
0
0
0
0
0
0
0
0
0
0
0
0
0
0
0
0
0
0
0
0
0
0
0
0
0
0
0
0
0
0
0
0
0
0
0
0
0
0
0
0
0
0
0
0
0
0
0
0
0
0
0
0
0
0
0
0
0
0
0
0
0
0
0
0
0
0
0
0
0
0
0
0
0
0
0
0
0
0
0
0
0
0
0
0
0
0
0
0
0
0
0
0
0
0
0
0
0
0
0
0
0
0
0
0
0
0
0
0
0
0
0
0
0
0
0
0
0
0
0
0
0
0
0
0
0
0
0
0
0
0
0
0
0
0
0
0
0
0
0
0
0
0
0
0
0
0
0
0
0
0
0
0
0
0
0
0
0
0
0
0
0
0
0
0
0
0
0
0
0
0
0
0
0
0
0
0
0
0
0
0
0
0
0
0
0
0
0
0
0
0
0
0
0
0
0
0
0
0
0
0
0
0
0
0
0
0
0
0
0
0
0
0
0
0
0
0
0
0
0
0
0
0
0
0
0
0
0
0
0
0
0
0
0
0
0
0
0
0
0
0
0
0
0
0
0
0
0
0
0
0
0
0
0
0
0
0
0
0
0
0
0
0
0
0
0
0
0
0
0
0
0
0
0
0
0
0
0
0
0
0
0
0
0
0
0
0
0
0
0
0
0
0
0
0
0
0
0
0
0
0
0
0
0
0
0
0
0
0
0
0
0
0
0
0
0
0
0
0
0
0
0
0
0
0
0
0
0
0
0
0
0
0
0
0
0
0
0
0
0
0
0
0
0
0
0
0
0
0
0
0
0
0
0
0
0
0
0
0
0
0
0
0
0
0
0
0
0
0
0
0
0
0
0
0
0
0
0
0
0
0
0
0
0
0
0
0
0
0
0
0
0
0
0
0
0
0
0
0
0
0
0
0
0
0
0
0
0
0
0
0
0
0
0
0
0
0
0
0
0
0
0
0
0
0
0
0
0
0
0
0
0
0
0
0
0
0
0
0
0
0
0
0
0
0
0
0
0
0
0
0
0
0
0
0
0
0
0
0
0
0
0
0
0
0
0
0
0
0
0
0
0
0
0
0
0
0
0
0
0
0
0
0
0
0
0
0
0
0
0
0
0
0
0
0
0
0
0
0
0
0
0
0
0
0
0
0
0
0
0
0
0
0
0
0
0
0
0
0
0
0
0
0
0
0
0
0
0
0
0
0
0
0
0
0
0
0
0
0
0
0
0
0
0
0
0
0
0
0
0
0
0
0
0
0
0
0
0
0
0
0
0
0
0
0
0
0
0
0
0
0
0
0
0
0
0
0
0
0
0
0
0
0
0
0
0
0
0
0
0
0
0
0
0
0
0
0
0
0
0
0
0
0
0
0
0
0
0
0
0
0
0
0
0
0
0
0
0
0
0
0
0
0
0
0
0
0
0
0
0
0
0
0
0
0
0
0
0
0
0
0
0
0
0
0
0
0
0
0
0
0
0
0
0
0
0
0
0
0
0
0
0
0
0
0
0
0
0
0
0
0
0
0
0
0
0
0
0
0
0
0
0
0
0
0
0
0
0
0
0
0
0
0
0
0
0
0
0
0
0
0
0
0
0
0
0
0
0
0
0
0
0
0
0
0
0
0
0
0
0
0
0
0
0
0
0
0
0
0
0
0
0
0
0
0
0
0
0
0
0
0
0
0
0
0
0
0
0
0
0
0
0
0
0
0
0
0
0
0
0
0
0
0
0
0
0
0
0
0
0
0
0
0
0
0
0
0
0
0
0
0
0
0
0
0
0
0
0
0
0
0
0
0
0
0
0
0
0
0
0
0
0
0
0
0
0
0
0
0
0
0
0
0
0
0
0
0
0
0
0
0
0
0
0
0
0
0
0
0
0
0
0
0
0
0
0
0
0
0
0
0
0
0
0
0
0
0
0
0
0
0
0
0
0
0
0
0
0
0
0
0
0
0
0
0
0
0
0
0
0
0
0
0
0
0
0
0
0
0
0
0
0
0
0
0
0
0
0
0
0
0
0
0
0
0
0
0
0
0
0
0
0
0
0
0
0
0
0
0
0
0
0
0
0
0
0
0
0
0
0
0
0
0
0
0
0
0
0
0
0
0
0
0
0
0
0
0
0
0
0
0
0
0
0
0
0
0
0
0
0
0
0
0
0
0
0
0
0
0
0
0
0
0
0
0
0
0
0
0
0
0
0
0
0
0
0
0
0
0
0
0
0
0
0
0
0
0
0
0
0
0
0
0
0
0
0
0
0
0
0
0
0
0
0
0
0
0
0
0
0
0
0
0
0
0
0
0
0
0
0
0
0
0
0
0
0
0
0
0
0
0
0
0
0
0
0
0
0
0
0
0
0
0
0
0
0
0
0
0
0
0
0
0
0
0
0
0
0
0
0
0
0
0
0
0
0
0
0
0
0
0
0
0
0
0
0
0
0
0
0
0
0
0
0
0
0
0
0
0
0
0
0
0
0
0
0
0
0
0
0
0
0
0
0
0
0
0
0
0
0
0
0
0
0
0
0
0
0
0
0
0
0
0
0
0
0
0
0
0
0
0
0
0
0
0
0
0
0
0
0
0
0
0
0
0
0
0
0
0
0
0
0
0
0
0
0
0
0
0
0
0
0
0
0
0
0
0
0
0
0
0
0
0
0
0
0
0
0
0
0
0
0
0
0
0
0
0
0
0
0
0
0
0
0
0
0
0
0
0
0
0
0
0
0
0
0
0
0
0
0
0
0
0
0
0
0
0
0
0
0
0
0
0
0
0
0
0
0
0
0
0
0
0
0
0
0
0
0
0
0
0
0
0
0
0
0
0
0
0
0
0
0
0
0
0
0
0
0
0
0
0
0
0
0
0
0
0
0
0
0
0
0
0
0
0
0
0
0
0
0
0
0
0
0
0
0
0
0
0
0
0
0
0
0
0
0
0
0
0
0
0
0
0
0
0
0
0
0
0
0
0
0
0
0
0
0
0
0
0
0
0
0
0
0
0
0
0
0
0
0
0
0
0
0
0
0
0
0
0
0
0
0
0
0
0
0
0
0
0
0
0
0
0
0
0
0
0
0
0
0
0
0
0
0
0
0
0
0
0
0
0
0
0
0
0
0
0
0
0
0
0
0
0
0
0
0
0
0
0
0
0
0
0
0
0
0
0
0
0
0
0
0
0
0
0
0
0
0
0
0
0
0
0
0
0
0
0
0
0
0
0
0
0
0
0
0
0
0
0
0
0
0
0
0
0
0
0
0
0
0
0
0
0
0
0
0
0
0
0
0
0
0
0
0
0
0
0
0
0
0
0
0
0
0
0
0
0
0
0
0
0
0
0
0
0
0
0
0
0
0
0
0
0
0
0
0
0
0
0
0
0
0
0
0
0
0
0
0
0
0
0
0
0
0
0
0
0
0
0
0
0
0
0
0
0
0
0
0
0
0
0
0
0
0
0
0
0
0
0
0
0
0
0
0
0
0
0
0
0
0
0
0
0
0
0
0
0
0
0
0
0
0
0
0
0
0
0
0
0
0
0
0
0
0
0
0
0
0
0
0
0
0
0
0
0
0
0
0
0
0
0
0
0
0
0
0
0
0
0
0
0
0
0
0
0
0
0
0
0
0
0
0
0
0
0
0
0
0
0
0
0
0
0
0
0
0
0
0
0
0
0
0
0
0
0
0
0
0
0
0
0
0
0
0
0
0
0
0
0
0
0
0
0
0
0
0
0
0
0
0
0
0
0
0
0
0
0
0
0
0
0
0
0
0
0
0
0
0
0
0
0
0
0
0
0
0
0
0
0
0
0
0
0
0
0
0
0
0
0
0
0
0
0
0
0
0
0
0
0
0
0
0
0
0
0
0
0
0
0
0
0
0
0
0
0
0
0
0
0
0
0
0
0
0
0
0
0
0
0
0
0
0
0
0
0
0
0
0
0
0
0
0
0
0
0
0
0
0
0
0
0
0
0
0
0
0
0
0
0
0
0
0
0
0
0
0
0
0
0
0
0
0
0
0
0
0
0
0
0
0
0
0
0
0
0
0
0
0
0
0
0
0
0
0
0
0
0
0
0
0
0
0
0
0
0
0
0
0
0
0
0
0
0
0
0
0
0
0
0
0
0
0
0
0
0
0
0
0
0
0
0
0
0
0
0
0
0
0
0
0
0
0
0
0
0
0
0
0
0
0
0
0
0
0
0
0
0
0
0
0
0
0
0
0
0
0
0
0
0
0
0
0
0
0
0
0
0
0
0
0
0
0
0
0
0
0
0
0
0
0
0
0
0
0
0
0
0
0
0
0
0
0
0
0
0
0
0
0
0
0
0
0
0
0
0
0
0
0
0
0
0
0
0
0
0
0
0
0
0
0
0
0
0
0
0
0
0
0
0
0
0
0
0
0
0
0
0
0
0
0
0
0
0
0
0
0
0
0
0
0
0
0
0
0
0
0
0
0
0
0
0
0
0
0
0
0
0
0
0
0
0
0
0
0
0
0
0
0
0
0
0
0
0
0
0
0
0
0
0
0
0
0
0
0
0
0
0
0
0
0
0
0
0
0
0
0
0
0
0
0
0
0
0
0
0
0
0
0
0
0
0
0
0
0
0
0
0
0
0
0
0
0
0
0
0
0
0
0
0
0
0
0
0
0
0
0
0
0
0
0
0
0
0
0
0
0
0
0
0
0
0
0
0
0
0
0
0
0
0
0
0
0
0
0
0
0
0
0
0
0
0
0
0
0
0
0
0
0
0
0
0
0
0
0
0
0
0
0
0
0
0
0
0
0
0
0
0
0
0
0
0
0
0
0
0
0
0
0
0
0
0
0
0
0
0
0
0
0
0
0
0
0
0
0
0
0
0
0
0
0
0
0
0
0
0
0
0
0
0
0
0
0
0
0
0
0
0
0
0
0
0
0
0
0
0
0
0
0
0
0
0
0
0
0
0
0
0
0
0
0
0
0
0
0
0
0
0
0
0
0
0
0
0
0
0
0
0
0
0
0
0
0
0
0
0
0
0
0
0
0
0
0
0
0
0
0
0
0
0
0
0
0
0
0
0
0
0
0
0
0
0
0
0
0
0
0
0
0
0
0
0
0
0
0
0
0
0
0
0
0
0
0
0
0
0
0
0
0
0
0
0
0
0
0
0
0
0
0
0
0
0
0
0
0
0
0
0
0
0
0
0
0
0
0
0
0
0
0
0
0
0
0
0
0
0
0
0
0
0
0
0
0
0
0
0
0
0
0
0
0
0
0
0
0
0
0
0
0
0
0
0
0
0
0
0
0
0
0
0
0
0
0
0
0
0
0
0
0
0
0
0
0
0
0
0
0
0
0
0
0
0
0
0
0
0
0
0
0
0
0
0
0
0
0
0
0
0
0
0
0
0
0
0
0
0
0
0
0
0
0
0
0
0
0
0
0
0
0
0
0
0
0
0
0
0
0
0
0
0
0
0
0
0
0
0
0
0
0
0
0
0
0
0
0
0
0
0
0
0
0
0
0
0
0
0
0
0
0
0
0
0
0
0
0
0
0
0
0
0
0
0
0
0
0
0
0
0
0
0
0
0
0
0
0
0
0
0
0
0
0
0
0
0
0
0
0
0
0
0
0
0
0
0
0
0
0
0
0
0
0
0
0
0
0
0
0
0
0
0
0
0
0
0
0
0
0
0
0
0
0
0
0
0
0
0
0
0
0
0
0
0
0
0
0
0
0
0
0
0
0
0
0
0
0
0
0
0
0
0
0
0
0
0
0
0
0
0
0
0
0
0
0
0
0
0
0
0
0
0
0
0
0
0
0
0
0
0
0
0
0
0
0
0
0
0
0
0
0
0
0
0
0
0
0
0
0
0
0
0
0
0
0
0
0
0
0
0
0
0
0
0
0
0
0
0
0
0
0
0
0
0
0
0
0
0
0
0
0
0
0
0
0
0
0
0
0
0
0
0
0
0
0
0
0
0
0
0
0
0
0
0
0
0
0
0
0
0
0
0
0
0
0
0
0
0
0
0
0
0
0
0
0
0
0
0
0
0
0
0
0
0
0
0
0
0
0
0
0
0
0
0
0
0
0
0
0
0
0
0
0
0
0
0
0
0
0
0
0
0
0
0
0
0
0
0
0
0
0
0
0
0
0
0
0
0
0
0
0
0
0
0
0
0
0
0
0
0
0
0
0
0
0
0
0
0
0
0
0
0
0
0
0
0
0
0
0
0
0
0
0
0
0
0
0
0
0
0
0
0
0
0
0
0
0
0
0
0
0
0
0
0
0
0
0
0
0
0
0
0
0
0
0
0
0
0
0
0
0
0
0
0
0
0
0
0
0
0
0
0
0
0
0
0
0
0
0
0
0
0
0
0
0
0
0
0
0
0
0
0
0
0
0
0
0
0
0
0
0
0
0
0
0
0
0
0
0
0
0
0
0
0
0
0
0
0
0
0
0
0
0
0
0
0
0
0
0
0
0
0
0
0
0
0
0
0
0
0
0
0
0
0
0
0
0
0
0
0
0
0
0
0
0
0
0
0
0
0
0
0
0
0
0
0
0
0
0
0
0
0
0
0
0
0
0
0
0
0
0
0
0
0
0
0
0
0
0
0
0
0
0
0
0
0
0
0
0
0
0
0
0
0
0
0
0
0
0
0
0
0
0
0
0
0
0
0
0
0
0
0
0
0
0
0
0
0
0
0
0
0
0
0
0
0
0
0
0
0
0
0
0
0
0
0
0
0
0
0
0
0
0
0
0
0
0
0
0
0
0
0
0
0
0
0
0
0
0
0
0
0
0
0
0
0
0
0
0
0
0
0
0
0
0
0
0
0
0
0
0
0
0
0
0
0
0
0
0
0
0
0
0
0
0
0
0
0
0
0
0
0
0
0
0
0
0
0
0
0
0
0
0
0
0
0
0
0
0
0
0
0
0
0
0
0
0
0
0
0
0
0
0
0
0
0
0
0
0
0
0
0
0
0
0
0
0
0
0
0
0
0
0
0
0
0
0
0
0
0
0
0
0
0
0
0
0
0
0
0
0
0
0
0
0
0
0
0
0
0
0
0
0
0
0
0
0
0
0
0
0
0
0
0
0
0
0
0
0
0
0
0
0
0
0
0
0
0
0
0
0
0
0
0
0
0
0
0
0
0
0
0
0
0
0
0
0
0
0
0
0
0
0
0
0
0
0
0
0
0
0
0
0
0
0
0
0
0
0
0
0
0
0
0
0
0
0
0
0
0
0
0
0
0
0
0
0
0
0
0
0
0
0
0
0
0
0
0
0
0
0
0
0
0
0
0
0
0
0
0
0
0
0
0
0
0
0
0
0
0
0
0
0
0
0
0
0
0
0
0
0
0
0
0
0
0
0
0
0
0
0
0
0
0
0
0
0
0
0
0
0
0
0
0
0
0
0
0
0
0
0
0
0
0
0
0
0
0
0
0
0
0
0
0
0
0
0
0
0
0
0
0
0
0
0
0
0
0
0
0
0
0
0
0
0
0
0
0
0
0
0
0
0
0
0
0
0
0
0
0
0
0
0
0
0
0
0
0
0
0
0
0
0
0
0
0
0
0
0
0
0
0
0
0
0
0
0
0
0
0
0
0
0
0
0
0
0
0
0
0
0
0
0
0
0
0
0
0
0
0
0
0
0
0
0
0
0
0
0
0
0
0
0
0
0
0
0
0
0
0
0
0
0
0
0
0
0
0
0
0
0
0
0
0
0
0
0
0
0
0
0
0
0
0
0
0
0
0
0
0
0
0
0
0
0
0
0
0
0
0
0
0
0
0
0
0
0
0
0
0
0
0
0
0
0
0
0
0
0
0
0
0
0
0
0
0
0
0
0
0
0
0
0
0
0
0
0
0
0
0
0
0
0
0
0
0
0
0
0
0
0
0
0
0
0
0
0
0
0
0
0
0
0
0
0
0
0
0
0
0
0
0
0
0
0
0
0
0
0
0
0
0
0
0
0
0
0
0
0
0
0
0
0
0
0
0
0
0
0
0
0
0
0
0
0
0
0
0
0
0
0
0
0
0
0
0
0
0
0
0
0
0
0
0
0
0
0
0
0
0
0
0
0
0
0
0
0
0
0
0
0
0
0
0
0
0
0
0
0
0
0
0
0
0
0
0
0
0
0
0
0
0
0
0
0
0
0
0
0
0
0
0
0
0
0
0
0
0
0
0
0
0
0
0
0
0
0
0
0
0
0
0
0
0
0
0
0
0
0
0
0
0
0
0
0
0
0
0
0
0
0
0
0
0
0
0
0
0
0
0
0
0
0
0
0
0
0
0
0
0
0
0
0
0
0
0
0
0
0
0
0
0
0
0
0
0
0
0
0
0
0
0
0
0
0
0
0
0
0
0
0
0
0
0
0
0
0
0
0
0
0
0
0
0
0
0
0
0
0
0
0
0
0
0
0
0
0
0
0
0
0
0
0
0
0
0
0
0
0
0
0
0
0
0
0
0
0
0
0
0
0
0
0
0
0
0
0
0
0
0
0
0
0
0
0
0
0
0
0
0
0
0
0
0
0
0
0
0
0
0
0
0
0
0
0
0
0
0
0
0
0
0
0
0
0
0
0
0
0
0
0
0
0
0
0
0
0
0
0
0
0
0
0
0
0
0
0
0
0
0
0
0
0
0
0
0
0
0
0
0
0
0
0
0
0
0
0
0
0
0
0
0
0
0
0
0
0
0
0
0
0
0
0
0
0
0
0
0
0
0
0
0
0
0
0
0
0
0
0
0
0
0
0
0
0
0
0
0
0
0
0
0
0
0
0
0
0
0
0
0
0
0
0
0
0
0
0
0
0
0
0
0
0
0
0
0
0
0
0
0
0
0
0
0
0
0
0
0
0
0
0
0
0
0
0
0
0
0
0
0
0
0
0
0
0
0
0
0
0
0
0
0
0
0
0
0
0
0
0
0
0
0
0
0
0
0
0
0
0
0
0
0
0
0
0
0
0
0
0
0
0
0
0
0
0
0
0
0
0
0
0
0
0
0
0
0
0
0
0
0
0
0
0
0
0
0
0
0
0
0
0
0
0
0
0
0
0
0
0
0
0
0
0
0
0
0
0
0
0
0
0
0
0
0
0
0
0
0
0
0
0
0
0
0
0
0
0
0
0
0
0
0
0
0
0
0
0
0
0
0
0
0
0
0
0
0
0
0
0
0
0
0
0
0
0
0
0
0
0
0
0
0
0
0
0
0
0
0
0
0
0
0
0
0
0
0
0
0
0
0
0
0
0
0
0
0
0
0
0
0
0
0
0
0
0
0
0
0
0
0
0
0
0
0
0
0
0
0
0
0
0
0
0
0
0
0
0
0
0
0
0
0
0
0
0
0
0
0
0
0
0
0
0
0
0
0
0
0
0
0
0
0
0
0
0
0
0
0
0
0
0
0
0
0
0
0
0
0
0
0
0
0
0
0
0
0
0
0
0
0
0
0
0
0
0
0
0
0
0
0
0
0
0
0
0
0
0
0
0
0
0
0
0
0
0
0
0
0
0
0
0
0
0
0
0
0
0
0
0
0
0
0
0
0
0
0
0
0
0
0
0
0
0
0
0
0
0
0
0
0
0
0
0
0
0
0
0
0
0
0
0
0
0
0
0
0
0
0
0
0
0
0
0
0
0
0
0
0
0
0
0
0
0
0
0
0
0
0
0
0
0
0
0
0
0
0
0
0
0
0
0
0
0
0
0
0
0
0
0
0
0
0
0
0
0
0
0
0
0
0
0
0
0
0
0
0
0
0
0
0
0
0
0
0
0
0
0
0
0
0
0
0
0
0
0
0
0
0
0
0
0
0
0
0
0
0
0
0
0
0
0
0
0
0
0
0
0
0
0
0
0
0
0
0
0
0
0
0
0
0
0
0
0
0
0
0
0
0
0
0
0
0
0
0
0
0
0
0
0
0
0
0
0
0
0
0
0
0
0
0
0
0
0
0
0
0
0
0
0
0
0
0
0
0
0
0
0
0
0
0
0
0
0
0
0
0
0
0
0
0
0
0
0
0
0
0
0
0
0
0
0
0
0
0
0
0
0
0
0
0
0
0
0
0
0
0
0
0
0
0
0
0
0
0
0
0
0
0
0
0
0
0
0
0
0
0
0
0
0
0
0
0
0
0
0
0
0
0
0
0
0
0
0
0
0
0
0
0
0
0
0
0
0
0
0
0
0
0
0
0
0
0
0
0
0
0
0
0
0
0
0
0
0
0
0
0
0
0
0
0
0
0
0
0
0
0
0
0
0
0
0
0
0
0
0
0
0
0
0
0
0
0
0
0
0
0
0
0
0
0
0
0
0
0
0
0
0
0
0
0
0
0
0
0
0
0
0
0
0
0
0
0
0
0
0
0
0
0
0
0
0
0
0
0
0
0
0
0
0
0
0
0
0
0
0
0
0
0
0
0
0
0
0
0
0
0
0
0
0
0
0
0
0
0
0
0
0
0
0
0
0
0
0
0
0
0
0
0
0
0
0
0
0
0
0
0
0
0
0
0
0
0
0
0
0
0
0
0
0
0
0
0
0
0
0
0
0
0
0
0
0
0
0
0
0
0
0
0
0
0
0
0
0
0
0
0
0
0
0
0
0
0
0
0
0
0
0
0
0
0
0
0
0
0
0
0
0
0
0
0
0
0
0
0
0
0
0
0
0
0
0
0
0
0
0
0
0
0
0
0
0
0
0
0
0
0
0
0
0
0
0
0
0
0
0
0
0
0
0
0
0
0
0
0
0
0
0
0
0
0
0
0
0
0
0
0
0
0
0
0
0
0
0
0
0
0
0
0
0
0
0
0
0
0
0
0
0
0
0
0
0
0
0
0
0
0
0
0
0
0
0
0
0
0
0
0
0
0
0
0
0
0
0
0
0
0
0
0
0
0
0
0
0
0
0
0
0
0
0
0
0
0
0
0
0
0
0
0
0
0
0
0
0
0
0
0
0
0
0
0
0
0
0
0
0
0
0
0
0
0
0
0
0
0
0
0
0
0
0
0
0
0
0
0
0
0
0
0
0
0
0
0
0
0
0
0
0
0
0
0
0
0
0
0
0
0
0
0
0
0
0
0
0
0
0
0
0
0
0
0
0
0
0
0
0
0
0
0
0
0
0
0
0
0
0
0
0
0
0
0
0
0
0
0
0
0
0
0
0
0
0
0
0
0
0
0
0
0
0
0
0
0
0
0
0
0
0
0
0
0
0
0
0
0
0
0
0
0
0
0
0
0
0
0
0
0
0
0
0
0
0
0
0
0
0
0
0
0
0
0
0
0
0
0
0
0
0
0
0
0
0
0
0
0
0
0
0
0
0
0
0
0
0
0
0
0
0
0
0
0
0
0
0
0
0
0
0
0
0
0
0
0
0
0
0
0
0
0
0
0
0
0
0
0
0
0
0
0
0
0
0
0
0
0
0
0
0
0
0
0
0
0
0
0
0
0
0
0
0
0
0
0
0
0
0
0
0
0
0
0
0
0
0
0
0
0
0
0
0
0
0
0
0
0
0
0
0
0
0
0
0
0
0
0
0
0
0
0
0
0
0
0
0
0
0
0
0
0
0
0
0
0
0
0
0
0
0
0
0
0
0
0
0
0
0
0
0
0
0
0
0
0
0
0
0
0
0
0
0
0
0
0
0
0
0
0
0
0
0
0
0
0
0
0
0
0
0
0
0
0
0
0
0
0
0
0
0
0
0
