24
1036
-3164
-3499
-1739
-3721
-3833
24
2153
-2918
-2634
-1787
-3222
-2482
77
1389
-217
126
-1868
-4122
-361
-3894
-13912
-317
262
-1507
-3294
-2792
-3924
-18804
52
205
-66
204
-4032
-5885
-5327
-3574
-4233
-122
1022
-2264
-3936
-2286
-2628
-2798
113
320
-79
614
-3755
-5236
5388
-4277
-13065
-302
458
-2171
-2957
2106
-2829
-20896
102
568
83
1904
-5507
-7497
-7409
-6211
-5981
-21
3508
-4001
-5513
-5751
-4492
-3989
298
2661
-364
162
-6017
-6484
7897
-6085
-10902
-561
1645
-4708
-4495
4747
-5291
-15372
-241
1013
82
2733
-6505
-6407
-5719
-6380
-5867
165
4477
-4797
-4408
-4995
-4641
-3115
267
2614
-423
-951
-6776
-5336
6416
-5931
-18829
-651
-1766
-5623
-4357
3876
-5164
-23377
-267
-995
-8
90
-3840
-2142
-1887
-2435
-2648
-139
498
-3238
-1707
-1313
-2805
-1777
-8
608
-16
-842
-3101
-3252
909
-2606
-18049
-335
-1011
-3346
-3145
-711
-3163
-19530
1
177
-205
-622
-2698
-225
-967
-1714
-1786
-274
-194
-3343
-1350
-1463
-2495
-1302
-10
29
46
157
-627
-2887
-1130
-1614
-15141
-117
288
-2254
-2029
-2358
-2797
-13732
161
624
-163
-412
-1700
-714
-1083
-962
-1197
-253
189
-2612
-1195
-1667
-1763
-1744
-26
59
11
-221
471
-2128
-763
-1079
-14377
-70
-104
-932
-851
-1344
-1673
-12646
92
-339
-221
-133
-1515
-672
-809
-1399
-1468
-237
478
-1640
-691
-1102
-1640
-1831
-154
28
-78
-550
-1112
-1480
-617
-1339
-13638
-213
-46
-1608
-231
-1322
-1505
-14515
107
-428
194
3
-4462
-3818
-4060
-4143
-5305
302
-874
-3646
-2663
-3414
-3822
-2884
234
-161
-324
319
-1343
-4847
-2320
-5411
-13776
-308
224
-1441
-3688
-4185
-4546
-21581
58
539
178
-45
-3551
-3840
-5578
-2396
-3706
34
-1590
-4620
-2714
-4442
-4766
-5008
-30
-248
-91
174
-3419
-4097
2577
-3778
-26955
-246
1012
-3969
-4555
326
-3722
-22783
198
1047
100
-627
-13768
-13406
-16772
-14549
-14116
127
-2072
-8736
-7314
-10889
-7626
-9014
563
-1544
-656
1614
-13162
-14335
13602
-14183
11814
-812
4355
-7995
-7911
9590
-8528
-12344
-268
2161
50
-480
-13786
-14408
-14541
-14767
-14025
100
-1899
-7913
-7781
-9330
-7274
-7740
442
-1043
-710
-1355
-14613
-13049
14150
-13950
12760
-853
-1608
-9153
-7289
10247
-7766
-13590
-307
-1003
77
-540
-3653
-4486
-3572
-3799
-3792
68
-577
-4180
-3721
-4227
-4900
-2386
-78
603
-234
-1212
-4430
-4307
2855
-3557
-20464
-441
-2742
-6424
-5464
525
-4501
-17378
58
-1346
-209
-166
-2937
-882
-2076
-2346
-2110
-111
106
-4155
-1308
-4249
-3169
-430
-80
780
-143
668
-739
-4071
323
-1932
-16603
-157
433
-3717
-3574
-1200
-3293
-14227
91
409
-154
-462
-2556
-1382
-1148
-1748
-1752
-55
-473
-3239
-1617
-2708
-1990
-387
-24
-310
-130
-146
1021
-2912
-977
-1597
-14469
-109
-99
-1375
-1570
-1358
-1783
-15115
188
-656
-56
-495
-1323
-2022
-52
-1589
-1688
31
-529
-1156
-1769
-1114
-1842
-1919
-135
-513
-268
-496
-625
-1176
-1332
-1483
-13723
-240
-233
-1200
-195
-1077
-1517
-14949
94
-672
351
-642
-2572
-2132
-4015
-1499
-2809
172
-888
-3231
-2196
-3566
-2541
-768
114
-194
-169
1065
26
-2702
-487
-2739
-18365
-327
1104
-774
-2811
-3408
-2983
-19323
0
1195
550
1463
-4367
-4709
-7952
-2701
-4972
226
2135
-3967
-3524
-6203
-3849
-4410
19
1455
-176
137
-4002
-5023
4475
-4687
-22848
-282
-622
-2936
-3487
575
-3509
-22963
-93
-1047
364
3985
-7263
-8358
-10967
-7321
-7595
291
3310
-5964
-5220
-7554
-6903
-6331
557
3537
-492
-123
-9570
-6062
9502
-8130
-32624
-603
925
-7875
-6516
4995
-7643
-32102
-323
881
325
-131
-5883
-7197
-6069
-5602
-5273
257
-2843
-4194
-3825
-4277
-5266
-4593
287
-1515
-499
-1483
-6668
-3063
5894
-5404
-29274
-635
-995
-6471
-5913
4166
-4892
-29378
-264
1063
25
-539
-2733
-4172
-4691
-3053
-3909
-3
-305
-2884
-3494
-5308
-4633
-3394
-69
320
-174
624
-2677
-5099
1250
-3658
-15492
-138
235
-5195
-6261
-605
-4493
-12528
112
434
-96
270
-3664
-1064
-3659
-2487
-2925
-177
75
-4392
-344
-4818
-3634
-2407
-10
195
-36
71
-629
-5287
-55
-2837
-13603
-94
1
-3687
-4567
-1437
-3563
-12432
6
-400
-102
442
-2474
-1387
-1287
-1518
-1783
-63
172
-2805
-1063
-2150
-2012
-1693
-24
-459
-35
-743
1078
-2889
-1502
-1714
-15433
0
-118
-954
-1453
-1670
-1933
-16577
207
-7
11
-50
-2015
-3046
-249
-2077
-2196
74
-53
-1708
-2411
-723
-2269
-2969
-147
-328
-279
-550
-82
-1212
-1960
-2041
-13464
-211
-156
-679
-771
-1270
-1899
-14862
103
-336
270
-154
-2924
-2379
-4082
-1988
-3065
117
121
-3016
-1898
-3763
-2364
-1215
135
-563
-139
1355
-976
-3567
727
-3090
-17255
-344
1600
-1460
-1884
-1487
-2575
-21106
103
1366
468
112
-7332
-5959
-9242
-5214
-6810
291
-177
-6094
-3336
-6990
-4881
-4718
306
-847
-308
3697
-6973
-7855
6791
-6511
-19979
-446
4533
-4717
-4009
828
-4236
-26365
-208
1647
230
-92
-16740
-16925
-18523
-18833
-18844
393
-343
-7218
-8759
-11550
-7408
-9865
785
-379
-706
-565
-17239
-19895
14771
-18838
26798
-500
-573
-8741
-6769
8573
-8253
-18202
-132
-317
312
195
-3195
-3936
-3397
-3236
-3400
111
-237
-3389
-3002
-3897
-4928
-3369
136
851
-211
-4039
-4723
-3569
2254
-3156
28479
-366
-4835
-5896
-4793
-540
-3533
31853
-31
-1955
87
-533
-2988
-1385
-3725
-3019
-2912
-57
-174
-3142
-711
-4564
-3560
-1434
-55
286
-78
1098
-1974
-4388
941
-2742
-15143
-119
695
-4448
-4442
-915
-3314
-15652
4
561
-14
-10
-3756
-490
-2983
-3350
-2860
-131
-448
-4030
823
-3839
-3481
-2003
112
-524
-12
-175
-569
-5044
-244
-2814
-15103
-59
83
-3563
-3818
-1297
-2879
-17680
9
-158
-22
21
-2773
-1360
-1790
-2275
-2062
16
321
-3170
-668
-2498
-2449
-2248
19
-345
-28
-880
984
-3002
-845
-1963
-14310
39
-226
-1022
-1971
-907
-2131
-15339
211
-177
57
-281
-2323
-3097
-471
-2451
-2327
93
112
-2084
-2344
-1221
-2463
-3089
-94
-402
-274
-570
349
-1403
-1808
-2164
-13399
-185
-55
-410
-950
-904
-1991
-14844
75
-282
433
-722
-3274
-3555
-5247
-1198
-3252
127
-900
-3206
-3271
-3136
-1585
-1257
168
-897
-157
1046
-2614
-2960
2655
-3257
-18453
-489
-453
-2821
-1708
-25
-2543
-21308
-61
-492
397
700
-4393
-4400
-5847
-2157
-4225
74
-1747
-6957
-5062
-4106
-6348
-4285
372
-499
-363
1184
-8041
-4262
6483
-4367
-31552
-642
2091
-9573
-5899
2246
-6591
-17170
-321
1028
290
-3713
-5793
-7148
-5185
-4539
-5716
185
-7178
-4876
-4732
-3513
-5012
-4191
370
-4135
-449
-1158
-7636
-5094
6583
-5611
-25534
-456
-1068
-6250
-5032
3333
-3705
-24828
-240
-545
183
-873
-757
-3354
-3624
-1965
-3316
82
-591
-1299
-2891
-4596
-4558
-3854
47
-44
-204
-386
-3926
-3547
36
-2993
-19733
-111
480
-6057
-5666
-638
-4566
-14102
26
817
151
346
-2733
49
-4386
-3107
-2955
-71
71
-3307
967
-5144
-3895
-2214
71
-96
-74
1095
-1823
-4574
-208
-2896
-14515
-65
425
-5032
-4994
-1283
-3542
-14789
-76
42
46
471
-3787
453
-2960
-3550
-2784
-84
29
-4238
2091
-3815
-3749
-2711
91
-387
15
-484
-290
-4484
-1068
-2771
-14321
34
35
-3435
-3951
-1687
-2924
-16019
13
-2
42
370
-3558
-845
-2398
-3050
-2532
22
604
-3808
220
-3246
-2918
-3222
54
93
-59
-795
614
-3036
-902
-2341
-13567
-8
-147
-1353
-2275
-648
-2349
-14628
178
-148
88
-25
-2431
-2510
-723
-2677
-2377
103
189
-2108
-1694
-1604
-2549
-3188
-78
-199
-279
-704
-227
-1191
-1667
-2198
-13107
-172
-125
-1004
-955
-865
-1946
-14560
54
-365
207
622
-2863
-4926
-6774
-4186
-4782
9
1948
-2767
-4378
-6302
-4289
-3633
267
844
-164
1973
-5365
-5072
4704
-4701
-17442
-469
2391
-4635
-4125
460
-3970
-18381
62
1579
69
1985
-10859
-10495
-12343
-12962
-12333
114
3716
-6901
-6389
-9649
-7489
-8549
694
1969
-502
228
-14689
-14242
13572
-12458
9329
-620
171
-10173
-7278
8908
-7639
-8110
-200
-78
151
682
-3873
-4873
-2732
-4166
-3910
19
1416
-3617
-3133
-2660
-4516
-3558
233
880
-256
-3359
-5517
-3723
3745
-3910
-24603
-571
-4699
-5475
-4568
1970
-2766
-23939
-41
-3507
19
-845
-2452
-1962
-2736
-2503
-3304
-7
-178
-2124
-1530
-2841
-2819
-1606
-43
-36
-97
720
-2167
-3307
-1788
-3058
-13428
-54
838
-4102
-4320
-2187
-2630
-16859
170
284
72
-484
-3300
1650
-4304
-2760
-2880
-146
-547
-3932
2451
-4359
-3705
-1624
129
-354
-70
680
-1362
-4092
-1946
-2827
-14405
34
398
-5132
-5015
-3471
-2774
-15163
-53
142
46
-475
-4089
2451
-3987
-3021
-2838
-100
-600
-4592
3892
-3880
-3905
-3248
110
-658
10
-506
-404
-3693
-2835
-2789
-15384
61
-93
-3956
-4391
-4097
-2655
-15706
53
-91
42
-194
-3902
1075
-3070
-2804
-2673
-12
101
-3886
1797
-3296
-2964
-3330
100
-133
-71
-650
161
-3033
-2208
-2406
-13458
-18
-176
-1935
-2667
-2669
-2108
-14666
190
-194
70
-408
-1934
-1191
-1197
-2091
-2055
71
-281
-1504
-767
-1481
-2379
-2795
-69
-352
-280
-642
-548
-887
-2060
-1899
-14574
-131
167
-1513
-1186
-1953
-1602
-15632
111
-171
-85
-1338
-1545
-3714
-3390
-2759
-3223
-62
-2160
-3190
-4230
-4423
-4475
-3833
147
-745
-171
1180
-4137
-3467
2870
-3057
-25287
-341
2629
-4522
-3741
293
-2694
-19000
74
1717
-25
-3242
-10225
-11454
-11741
-12345
-12111
128
-5063
-5816
-6312
-9206
-6251
-8562
552
-3531
-522
41
-13169
-13233
12067
-12016
8207
-572
326
-8202
-6143
9021
-5605
-11942
-198
-130
-15
-1210
-2341
-4811
-3076
-4314
-3780
91
-2195
-1770
-3267
-3995
-3985
-4042
141
-40
-303
-2459
-4740
-3978
2904
-3593
-22323
-414
-3354
-4986
-4001
2057
-2450
-24264
77
-2416
-179
-443
-1907
-1338
-3180
-2064
-2275
-121
-649
-2471
-1898
-3729
-3021
-318
-36
365
-112
83
-288
-2904
-728
-2092
-17034
-156
-103
-3017
-3879
-2562
-2269
-16691
51
-98
-195
-566
-2761
1663
-4252
-2431
-2401
-190
-661
-3228
1729
-3842
-3076
-416
0
107
-80
-235
-1129
-3315
-937
-2283
-15282
-97
354
-4500
-3807
-3751
-1908
-16823
-21
217
-197
-344
-2853
3088
-3816
-1937
-2108
-155
-777
-3252
3653
-3251
-3162
-2428
-12
128
-6
-695
-1426
-2786
-1977
-2039
-14677
-26
-179
-4442
-3299
-4618
-1579
-13953
154
-327
-153
-404
-2570
2258
-3133
-1199
-1903
-79
-302
-2700
2414
-2946
-2248
-2509
-6
368
-79
-931
-1134
-2580
-1605
-1677
-13923
-39
-119
-2952
-2183
-3590
-1265
-14087
198
-234
-96
-573
-230
-408
-1947
-1190
-1634
-71
-216
101
-455
-1815
-2179
-2193
-147
-218
-205
-315
-1489
-1149
-1535
-1517
-15494
-142
502
-2602
-1448
-2705
-1323
-15703
161
4
-176
-379
-1634
-2513
-968
376
-1732
-154
-1197
-1893
-3092
-1457
-1438
-2698
-84
-765
-220
-58
-1886
-1930
-253
-1652
-17548
-296
-543
-1631
-1659
-409
-1586
-15924
94
-464
-160
-1389
-2654
-3602
-227
-845
-2398
-146
-3568
-1139
-1984
-82
-1204
-3002
-29
-2589
-427
-483
-4127
-1608
910
-2234
-21221
-479
-46
-2437
-1082
693
-644
-24791
-177
332
-151
-845
-1358
-1885
-1779
-1755
-2162
-213
-1178
-770
-1131
-2466
-2548
-3451
-36
-201
-191
-230
-3004
-1825
-691
-2176
-14072
-327
243
-3211
-2679
-592
-2622
-13992
49
372
-362
-530
-2096
-573
-3173
-1896
-2074
-340
-777
-1515
-625
-3051
-2131
-1395
-66
-333
-127
-63
-1004
-2372
-856
-1970
-14903
-151
414
-1926
-2717
-2009
-2594
-18106
57
40
-404
-411
-1131
649
-2373
-1469
-1431
-334
-818
-1373
107
-2569
-2175
-774
-68
-492
-96
-424
-1339
-1999
-705
-1333
-15398
-82
456
-2782
-2459
-2548
-2149
-16046
83
297
-458
-297
-1076
1290
-1833
-1220
-1176
-375
-470
-919
1007
-2022
-1714
-1653
-72
-99
-24
-611
-1513
-1478
-1444
-1099
-14633
-17
112
-2530
-1687
-2445
-1657
-15526
221
35
-453
-46
-1099
643
-2287
-724
-1258
-393
-240
-743
578
-2618
-1316
-2382
-102
80
-24
-816
-1524
-1593
-922
-1109
-13844
-32
279
-2165
-1489
-1548
-1764
-14690
275
98
-333
-617
813
-1664
-1455
-1143
-1490
-334
-866
1488
-1730
-2069
-1852
-2218
-134
-416
-128
-371
-1861
-1307
-1304
-1381
-14675
-158
266
-2553
-1688
-1728
-1856
-15651
177
156
0
0
0
0
0
0
0
0
0
0
0
-2341
-2670
-1919
-1530
-2058
0
0
0
0
0
0
0
0
0
0
0
464
-3016
-135
-2082
-18919
0
0
0
0
0
0
0
0
0
0
0
-4733
-5888
-5355
-726
-4071
0
0
0
0
0
0
0
0
0
0
0
-3472
-4769
3142
-4112
-11179
0
0
0
0
0
0
0
0
0
0
0
-3787
-5745
-5635
-3257
-4202
0
0
0
0
0
0
0
0
0
0
0
-4635
-3561
4640
-4208
-16954
0
0
0
0
0
0
0
0
0
0
0
-3892
-5047
-5397
-3351
-4475
0
0
0
0
0
0
0
0
0
0
0
-5546
-1991
2102
-4462
-20612
0
0
0
0
0
0
0
0
0
0
0
-2955
-2578
-2237
-839
-2764
0
0
0
0
0
0
0
0
0
0
0
-2917
-1747
-802
-2779
-15585
0
0
0
0
0
0
0
0
0
0
0
-1233
-532
-171
-811
-1184
0
0
0
0
0
0
0
0
0
0
0
-394
-1885
-832
-1081
-16521
0
0
0
0
0
0
0
0
0
0
0
-1248
-1190
-44
-658
-1118
0
0
0
0
0
0
0
0
0
0
0
474
-1750
-1150
-1145
-12910
0
0
0
0
0
0
0
0
0
0
0
-972
-1191
-150
-589
-1076
0
0
0
0
0
0
0
0
0
0
0
-209
-800
-1675
-1074
-13453
0
0
0
0
0
0
0
0
0
0
0
-3967
-3624
-4760
-1484
-3794
0
0
0
0
0
0
0
0
0
0
0
109
-4006
-2520
-3751
-16562
0
0
0
0
0
0
0
0
0
0
0
-5038
-5251
-5702
1478
-4090
0
0
0
0
0
0
0
0
0
0
0
-3820
-3419
-253
-4251
-22179
0
0
0
0
0
0
0
0
0
0
0
-7891
-7479
-8661
-6091
-6814
0
0
0
0
0
0
0
0
0
0
0
-7531
-6919
7840
-6428
-22011
0
0
0
0
0
0
0
0
0
0
0
-8543
-8239
-7952
-7404
-7100
0
0
0
0
0
0
0
0
0
0
0
-8681
-5522
7800
-6651
-16752
0
0
0
0
0
0
0
0
0
0
0
-4504
-4102
-3375
-2130
-3714
0
0
0
0
0
0
0
0
0
0
0
-4128
-1857
1201
-3545
-18869
0
0
0
0
0
0
0
0
0
0
0
-1689
-912
-1282
-1494
-1634
0
0
0
0
0
0
0
0
0
0
0
-668
-2464
635
-1412
-17456
0
0
0
0
0
0
0
0
0
0
0
-2095
-1482
-584
-1039
-1398
0
0
0
0
0
0
0
0
0
0
0
1003
-2066
-836
-1374
-15210
0
0
0
0
0
0
0
0
0
0
0
-1603
-1942
-32
-1087
-1283
0
0
0
0
0
0
0
0
0
0
0
744
-684
-2077
-1268
-13664
0
0
0
0
0
0
0
0
0
0
0
-1852
-3092
-4909
46
-2669
0
0
0
0
0
0
0
0
0
0
0
-330
-2876
-1403
-2706
-15760
0
0
0
0
0
0
0
0
0
0
0
-3842
-5534
-7541
-108
-4796
0
0
0
0
0
0
0
0
0
0
0
-5049
-3720
1323
-4852
-19365
0
0
0
0
0
0
0
0
0
0
0
-3290
-7275
-10309
-3027
-6914
0
0
0
0
0
0
0
0
0
0
0
-9441
-4051
3697
-6435
-32276
0
0
0
0
0
0
0
0
0
0
0
-3623
-5812
-6932
-2912
-4963
0
0
0
0
0
0
0
0
0
0
0
-6395
-1779
2780
-4760
-27767
0
0
0
0
0
0
0
0
0
0
0
-4046
-3147
-3229
-2165
-3235
0
0
0
0
0
0
0
0
0
0
0
-1549
-4326
2305
-3130
-16446
0
0
0
0
0
0
0
0
0
0
0
-2816
-1650
-2212
-1535
-2289
0
0
0
0
0
0
0
0
0
0
0
-103
-4339
1073
-2143
-14888
0
0
0
0
0
0
0
0
0
0
0
-2744
-1891
-837
-852
-1720
0
0
0
0
0
0
0
0
0
0
0
1237
-2591
-1117
-1671
-14611
0
0
0
0
0
0
0
0
0
0
0
-2427
-2676
-125
-1430
-1744
0
0
0
0
0
0
0
0
0
0
0
1314
-1009
-2800
-1670
-13827
0
0
0
0
0
0
0
0
0
0
0
-2522
-2957
-3579
-674
-2630
0
0
0
0
0
0
0
0
0
0
0
-681
-2756
-679
-2625
-16129
0
0
0
0
0
0
0
0
0
0
0
-5707
-4603
-5825
-1785
-4570
0
0
0
0
0
0
0
0
0
0
0
-4885
-3786
2272
-4596
-27315
0
0
0
0
0
0
0
0
0
0
0
-10002
-9306
-9270
-10105
-9328
0
0
0
0
0
0
0
0
0
0
0
-9644
-10390
9445
-8869
-14678
0
0
0
0
0
0
0
0
0
0
0
-4475
-5027
-4703
-2400
-5001
0
0
0
0
0
0
0
0
0
0
0
-5659
-1760
250
-4775
-27112
0
0
0
0
0
0
0
0
0
0
0
-2580
-1191
-2217
-1976
-2129
0
0
0
0
0
0
0
0
0
0
0
-1047
-2924
1484
-1938
-17387
0
0
0
0
0
0
0
0
0
0
0
-3160
-1588
-2038
-2063
-2509
0
0
0
0
0
0
0
0
0
0
0
184
-4048
547
-2245
-15620
0
0
0
0
0
0
0
0
0
0
0
-2991
-1921
-927
-1449
-1813
0
0
0
0
0
0
0
0
0
0
0
1365
-2299
-804
-1624
-14328
0
0
0
0
0
0
0
0
0
0
0
-2544
-2670
-242
-1666
-1720
0
0
0
0
0
0
0
0
0
0
0
1627
-1005
-2705
-1648
-14201
0
0
0
0
0
0
0
0
0
0
0
-2873
-4330
-4748
-1001
-3484
0
0
0
0
0
0
0
0
0
0
0
-3058
-1723
99
-3421
-15606
0
0
0
0
0
0
0
0
0
0
0
-2445
-4672
-5147
276
-4640
0
0
0
0
0
0
0
0
0
0
0
-7773
-3803
290
-4329
-27979
0
0
0
0
0
0
0
0
0
0
0
-2850
-6044
-5442
-963
-5051
0
0
0
0
0
0
0
0
0
0
0
-7238
-4684
905
-4828
-23772
0
0
0
0
0
0
0
0
0
0
0
-3343
-2805
-2031
-804
-2946
0
0
0
0
0
0
0
0
0
0
0
-2588
-2696
-69
-2821
-18595
0
0
0
0
0
0
0
0
0
0
0
-3203
-299
-2186
-2017
-2217
0
0
0
0
0
0
0
0
0
0
0
-269
-2955
533
-1955
-16560
0
0
0
0
0
0
0
0
0
0
0
-3538
-1006
-1949
-2108
-2353
0
0
0
0
0
0
0
0
0
0
0
345
-2846
-464
-2103
-14866
0
0
0
0
0
0
0
0
0
0
0
-3210
-1353
-1025
-1962
-1761
0
0
0
0
0
0
0
0
0
0
0
1102
-1230
-1081
-1522
-15880
0
0
0
0
0
0
0
0
0
0
0
-2698
-2318
-319
-1897
-1723
0
0
0
0
0
0
0
0
0
0
0
1154
-267
-2692
-1625
-14124
0
0
0
0
0
0
0
0
0
0
0
-4330
-4152
-4226
-3415
-3833
0
0
0
0
0
0
0
0
0
0
0
-2987
-2730
2306
-3788
-17454
0
0
0
0
0
0
0
0
0
0
0
-7191
-6090
-6083
-6775
-6460
0
0
0
0
0
0
0
0
0
0
0
-8347
-8226
8712
-6174
-14519
0
0
0
0
0
0
0
0
0
0
0
-3329
-4244
-3261
-841
-3718
0
0
0
0
0
0
0
0
0
0
0
-4924
-2104
366
-3581
-24053
0
0
0
0
0
0
0
0
0
0
0
-3100
-1176
-1517
-564
-2297
0
0
0
0
0
0
0
0
0
0
0
-1388
-2529
-1134
-2233
-17660
0
0
0
0
0
0
0
0
0
0
0
-3408
458
-2817
-1672
-2439
0
0
0
0
0
0
0
0
0
0
0
157
-2991
-843
-2160
-15244
0
0
0
0
0
0
0
0
0
0
0
-3726
296
-2740
-1589
-2433
0
0
0
0
0
0
0
0
0
0
0
135
-2272
-1985
-2246
-15283
0
0
0
0
0
0
0
0
0
0
0
-3130
82
-1314
-1822
-1818
0
0
0
0
0
0
0
0
0
0
0
475
-1291
-1647
-1636
-15599
0
0
0
0
0
0
0
0
0
0
0
-2624
-1586
-667
-1481
-1823
0
0
0
0
0
0
0
0
0
0
0
672
-317
-2983
-1749
-13587
0
0
0
0
0
0
0
0
0
0
0
-3422
-2809
-2013
-2088
-2782
0
0
0
0
0
0
0
0
0
0
0
-1766
-2369
577
-2613
-22537
0
0
0
0
0
0
0
0
0
0
0
-7059
-6914
-5656
-6665
-6577
0
0
0
0
0
0
0
0
0
0
0
-7204
-7931
6537
-6323
-12977
0
0
0
0
0
0
0
0
0
0
0
-3902
-4117
-2612
-2550
-3855
0
0
0
0
0
0
0
0
0
0
0
-3258
-2223
610
-3505
-20528
0
0
0
0
0
0
0
0
0
0
0
-3178
-973
-2172
-1475
-2387
0
0
0
0
0
0
0
0
0
0
0
415
-2367
-871
-2088
-15377
0
0
0
0
0
0
0
0
0
0
0
-2828
685
-2381
-1407
-1956
0
0
0
0
0
0
0
0
0
0
0
381
-2234
-533
-1605
-16210
0
0
0
0
0
0
0
0
0
0
0
-2671
1323
-1936
-666
-1628
0
0
0
0
0
0
0
0
0
0
0
-342
-1625
-1358
-1440
-15104
0
0
0
0
0
0
0
0
0
0
0
-2177
1179
-1123
-414
-1277
0
0
0
0
0
0
0
0
0
0
0
-327
-1402
-1086
-1116
-15141
0
0
0
0
0
0
0
0
0
0
0
-1776
-477
-838
-429
-1245
0
0
0
0
0
0
0
0
0
0
0
319
-783
-1902
-1188
-15316
0
0
0
0
0
0
0
0
0
0
0
-1964
-1785
-235
-241
-1632
0
0
0
0
0
0
0
0
0
0
0
-802
-1708
-1473
-1596
-16349
0
0
0
0
0
0
0
0
0
0
0
-1376
-2733
315
-551
-2091
0
0
0
0
0
0
0
0
0
0
0
-2901
-1360
-1509
-2100
-21061
0
0
0
0
0
0
0
0
0
0
0
-2557
-1674
-593
-1754
-1982
0
0
0
0
0
0
0
0
0
0
0
-1472
-425
-833
-1816
-14137
0
0
0
0
0
0
0
0
0
0
0
-3219
-360
-1989
-1999
-1949
0
0
0
0
0
0
0
0
0
0
0
57
-1006
-655
-1752
-14053
0
0
0
0
0
0
0
0
0
0
0
-2147
391
-1273
-962
-1135
0
0
0
0
0
0
0
0
0
0
0
0
-832
-407
-937
-15415
0
0
0
0
0
0
0
0
0
0
0
-1942
804
-988
-938
-915
0
0
0
0
0
0
0
0
0
0
0
-230
-200
-831
-802
-14457
0
0
0
0
0
0
0
0
0
0
0
-1839
574
-1085
-710
-804
0
0
0
0
0
0
0
0
0
0
0
-208
-217
-595
-780
-14471
0
0
0
0
0
0
0
0
0
0
0
-1656
-784
-935
-1166
-1034
0
0
0
0
0
0
0
0
0
0
0
666
-418
-1186
-992
-14720
0
0
0
0
0
0
0
0
0
0
0
0
0
0
0
0
0
0
0
0
0
0
0
0
0
0
0
0
0
0
0
0
0
0
0
0
0
0
0
0
0
0
0
0
0
0
0
0
0
0
0
0
0
0
0
0
0
0
0
0
0
0
0
0
0
0
0
0
0
0
0
0
0
0
0
0
0
0
0
0
0
0
0
0
0
0
0
0
0
0
0
0
0
0
0
0
0
0
0
0
0
0
0
0
0
0
0
0
0
0
0
0
0
0
0
0
0
0
0
0
0
0
0
0
0
0
0
0
0
0
0
0
0
0
0
0
0
0
0
0
0
0
0
0
0
0
0
0
0
0
0
0
0
0
0
0
0
0
0
0
0
0
0
0
0
0
0
0
0
0
0
0
0
0
0
0
0
0
0
0
0
0
0
0
0
0
0
0
0
0
0
0
0
0
0
0
0
0
0
0
0
0
0
0
0
0
0
0
0
0
0
0
0
0
0
0
0
0
0
0
0
0
0
0
0
0
0
0
0
0
0
0
0
0
0
0
0
0
0
0
0
0
0
0
0
0
0
0
0
0
0
0
0
0
0
0
0
0
0
0
0
0
0
0
0
0
0
0
0
0
0
0
0
0
0
0
0
0
0
0
0
0
0
0
0
0
0
0
0
0
0
0
0
0
0
0
0
0
0
0
0
0
0
0
0
0
0
0
0
0
0
0
0
0
0
0
0
0
0
0
0
0
0
0
0
0
0
0
0
0
0
0
0
0
0
0
0
0
0
0
0
0
0
0
0
0
0
0
0
0
0
0
0
0
0
0
0
0
0
0
0
0
0
0
0
0
0
0
0
0
0
0
0
0
0
0
0
0
0
0
0
0
0
0
0
0
0
0
0
0
0
0
0
0
0
0
0
0
0
0
0
0
0
0
0
0
0
0
0
0
0
0
0
0
0
0
0
0
0
0
0
0
0
0
0
0
0
0
0
0
0
0
0
0
0
0
0
0
0
0
0
0
0
0
0
0
0
0
0
0
0
0
0
0
0
0
0
0
0
0
0
0
0
0
0
0
0
0
0
0
0
0
0
0
0
0
0
0
0
0
0
0
0
0
0
0
0
0
0
0
0
0
0
0
0
0
0
0
0
0
0
0
0
0
0
0
0
0
0
0
0
0
0
0
0
0
0
0
0
0
0
0
0
0
0
0
0
0
0
0
0
0
0
0
0
0
0
0
0
0
0
0
0
0
0
0
0
0
0
0
0
0
0
0
0
0
0
0
0
0
0
0
0
0
0
0
0
0
0
0
0
0
0
0
0
0
0
0
0
0
0
0
0
0
0
0
0
0
0
0
0
0
0
0
0
0
0
0
0
0
0
0
0
0
0
0
0
0
0
0
0
0
0
0
0
0
0
0
0
0
0
0
0
0
0
0
0
0
0
0
0
0
0
0
0
0
0
0
0
0
0
0
0
0
0
0
0
0
0
0
0
0
0
0
0
0
0
0
0
0
0
0
0
0
0
0
0
0
0
0
0
0
0
0
0
0
0
0
0
0
0
0
0
0
0
0
0
0
0
0
0
0
0
0
0
0
0
0
0
0
0
0
0
0
0
0
0
0
0
0
0
0
0
0
0
0
0
0
0
0
0
0
0
0
0
0
0
0
0
0
0
0
0
0
0
0
0
0
0
0
0
0
0
0
0
0
0
0
0
0
0
0
0
0
0
0
0
0
0
0
0
0
0
0
0
0
0
0
0
0
0
0
0
0
0
0
0
0
0
0
0
0
0
0
0
0
0
0
0
0
0
0
0
0
0
0
0
0
0
0
0
0
0
0
0
0
0
0
0
0
0
0
0
0
0
0
0
0
0
0
0
0
0
0
0
0
0
0
0
0
0
0
0
0
0
0
0
0
0
0
0
0
0
0
0
0
0
0
0
0
0
0
0
0
0
0
0
0
0
0
0
0
0
0
0
0
0
0
0
0
0
0
0
0
0
0
0
0
0
0
0
0
0
0
0
0
0
0
0
0
0
0
0
0
0
0
0
0
0
0
0
0
0
0
0
0
0
0
0
0
0
0
0
0
0
0
0
0
0
0
0
0
0
0
0
0
0
0
0
0
0
0
0
0
0
0
0
0
0
0
0
0
0
0
0
0
0
0
0
0
0
0
0
0
0
0
0
0
0
0
0
0
0
0
0
0
0
0
0
0
0
0
0
0
0
0
0
0
0
0
0
0
0
0
0
0
0
0
0
0
0
0
0
0
0
0
0
0
0
0
0
0
0
0
0
0
0
0
0
0
0
0
0
0
0
0
0
0
0
0
0
0
0
0
0
0
0
0
0
0
0
0
0
0
0
0
0
0
0
0
0
0
0
0
0
0
0
0
0
0
0
0
0
0
0
0
0
0
0
0
0
0
0
0
0
0
0
0
0
0
0
0
0
0
0
0
0
0
0
0
0
0
0
0
0
0
0
0
0
0
0
0
0
0
0
0
0
0
0
0
0
0
0
0
0
0
0
0
0
0
0
0
0
0
0
0
0
0
0
0
0
0
0
0
0
0
0
0
0
0
0
0
0
0
0
0
0
0
0
0
0
0
0
0
0
0
0
0
0
0
0
0
0
0
0
0
0
0
0
0
0
0
0
0
0
0
0
0
0
0
0
0
0
0
0
0
0
0
0
0
0
0
0
0
0
0
0
0
0
0
0
0
0
0
0
0
0
0
0
0
0
0
0
0
0
0
0
0
0
0
0
0
0
0
0
0
0
0
0
0
0
0
0
0
0
0
0
0
0
0
0
0
0
0
0
0
0
0
0
0
0
0
0
0
0
0
0
0
0
0
0
0
0
0
0
0
0
0
0
0
0
0
0
0
0
0
0
0
0
0
0
0
0
0
0
0
0
0
0
0
0
0
0
0
0
0
0
0
0
0
0
0
0
0
0
0
0
0
0
0
0
0
0
0
0
0
0
0
0
0
0
0
0
0
0
0
0
0
0
0
0
0
0
0
0
0
0
0
0
0
0
0
0
0
0
0
0
0
0
0
0
0
0
0
0
0
0
0
0
0
0
0
0
0
0
0
0
0
0
0
0
0
0
0
0
0
0
0
0
0
0
0
0
0
0
0
0
0
0
0
0
0
0
0
0
0
0
0
0
0
0
0
0
0
0
0
0
0
0
0
0
0
0
0
0
0
0
0
0
0
0
0
0
0
0
0
0
0
0
0
0
0
0
0
0
0
0
0
0
0
0
0
0
0
0
0
0
0
0
0
0
0
0
0
0
0
0
0
0
0
0
0
0
0
0
0
0
0
0
0
0
0
0
0
0
0
0
0
0
0
0
0
0
0
0
0
0
0
0
0
0
0
0
0
0
0
0
0
0
0
0
0
0
0
0
0
0
0
0
0
0
0
0
0
0
0
0
0
0
0
0
0
0
0
0
0
0
0
0
0
0
0
0
0
0
0
0
0
0
0
0
0
0
0
0
0
0
0
0
0
0
0
0
0
0
0
0
0
0
0
0
0
0
0
0
0
0
0
0
0
0
0
0
0
0
0
0
0
0
0
0
0
0
0
0
0
0
0
0
0
0
0
0
0
0
0
0
0
0
0
0
0
0
0
0
0
0
0
0
0
0
0
0
0
0
0
0
0
0
0
0
0
0
0
0
0
0
0
0
0
0
0
0
0
0
0
0
0
0
0
0
0
0
0
0
0
0
0
0
0
0
0
0
0
0
0
0
0
0
0
0
0
0
0
0
0
0
0
0
0
0
0
0
0
0
0
0
0
0
0
0
0
0
0
0
0
0
0
0
0
0
0
0
0
0
0
0
0
0
0
0
0
0
0
0
0
0
0
0
0
0
0
0
0
0
0
0
0
0
0
0
0
0
0
0
0
0
0
0
0
0
0
0
0
0
0
0
0
0
0
0
0
0
0
0
0
0
0
0
0
0
0
0
0
0
0
0
0
0
0
0
0
0
0
0
0
0
0
0
0
0
0
0
0
0
0
0
0
0
0
0
0
0
0
0
0
0
0
0
0
0
0
0
0
0
0
0
0
0
0
0
0
0
0
0
0
0
0
0
0
0
0
0
0
0
0
0
0
0
0
0
0
0
0
0
0
0
0
0
0
0
0
0
0
0
0
0
0
0
0
0
0
0
0
0
0
0
0
0
0
0
0
0
0
0
0
0
0
0
0
0
0
0
0
0
0
0
0
0
0
0
0
0
0
0
0
0
0
0
0
0
0
0
0
0
0
0
0
0
0
0
0
0
0
0
0
0
0
0
0
0
0
0
0
0
0
0
0
0
0
0
0
0
0
0
0
0
0
0
0
0
0
0
0
0
0
0
0
0
0
0
0
0
0
0
0
0
0
0
0
0
0
0
0
0
0
0
0
0
0
0
0
0
0
0
0
0
0
0
0
0
0
0
0
0
0
0
0
0
0
0
0
0
0
0
0
0
0
0
0
0
0
0
0
0
0
0
0
0
0
0
0
0
0
0
0
0
0
0
0
0
0
0
0
0
0
0
0
0
0
0
0
0
0
0
0
0
0
0
0
0
0
0
0
0
0
0
0
0
0
0
0
0
0
0
0
0
0
0
0
0
0
0
0
0
0
0
0
0
0
0
0
0
0
0
0
0
0
0
0
0
0
0
0
0
0
0
0
0
0
0
0
0
0
0
0
0
0
0
0
0
0
0
0
0
0
0
0
0
0
0
0
0
0
0
0
0
0
0
0
0
0
0
0
0
0
0
0
0
0
0
0
0
0
0
0
0
0
0
0
0
0
0
0
0
0
0
0
0
0
0
0
0
0
0
0
0
0
0
0
0
0
0
0
0
0
0
0
0
0
0
0
0
0
0
0
0
0
0
0
0
0
0
0
0
0
0
0
0
0
0
0
0
0
0
0
0
0
0
0
0
0
0
0
0
0
0
0
0
0
0
0
0
0
0
0
0
0
0
0
0
0
0
0
0
0
0
0
0
0
0
0
0
0
0
0
0
0
0
0
0
0
0
0
0
0
0
0
0
0
0
0
0
0
0
0
0
0
0
0
0
0
0
0
0
0
0
0
0
0
0
0
0
0
0
0
0
0
0
0
0
0
0
0
0
0
0
0
0
0
0
0
0
0
0
0
0
0
0
0
0
0
0
0
0
0
0
0
0
0
0
0
0
0
0
0
0
0
0
0
0
0
0
0
0
0
0
0
0
0
0
0
0
0
0
0
0
0
0
0
0
0
0
0
0
0
0
0
0
0
0
0
0
0
0
0
0
0
0
0
0
0
0
0
0
0
0
0
0
0
0
0
0
0
0
0
0
0
0
0
0
0
0
0
0
0
0
0
0
0
0
0
0
0
0
0
0
0
0
0
0
0
0
0
0
0
0
0
0
0
0
0
0
0
0
0
0
0
0
0
0
0
0
0
0
0
0
0
0
0
0
0
0
0
0
0
0
0
0
0
0
0
0
0
0
0
0
0
0
0
0
0
0
0
0
0
0
0
0
0
0
0
0
0
0
0
0
0
0
0
0
0
0
0
0
0
0
0
0
0
0
0
0
0
0
0
0
0
0
0
0
0
0
0
0
0
0
0
0
0
0
0
0
0
0
0
0
0
0
0
0
0
0
0
0
0
0
0
0
0
0
0
0
0
0
0
0
0
0
0
0
0
0
0
0
0
0
0
0
0
0
0
0
0
0
0
0
0
0
0
0
0
0
0
0
0
0
0
0
0
0
0
0
0
0
0
0
0
0
0
0
0
0
0
0
0
0
0
0
0
0
0
0
0
0
0
0
0
0
0
0
0
0
0
0
0
0
0
0
0
0
0
0
0
0
0
0
0
0
0
0
0
0
0
0
0
0
0
0
0
0
0
0
0
0
0
0
0
0
0
0
0
0
0
0
0
0
0
0
0
0
0
0
0
0
0
0
0
0
0
0
0
0
0
0
0
0
0
0
0
0
0
0
0
0
0
0
0
0
0
0
0
0
0
0
0
0
0
0
0
0
0
0
0
0
0
0
0
0
0
0
0
0
0
0
0
0
0
0
0
0
0
0
0
0
0
0
0
0
0
0
0
0
0
0
0
0
0
0
0
0
0
0
0
0
0
0
0
0
0
0
0
0
0
0
0
0
0
0
0
0
0
0
0
0
0
0
0
0
0
0
0
0
0
0
0
0
0
0
0
0
0
0
0
0
0
0
0
0
0
0
0
0
0
0
0
0
0
0
0
0
0
0
0
0
0
0
0
0
0
0
0
0
0
0
0
0
0
0
0
0
0
0
0
0
0
0
0
0
0
0
0
0
0
0
0
0
0
0
0
0
0
0
0
0
0
0
0
0
0
0
0
0
0
0
0
0
0
0
0
0
0
0
0
0
0
0
0
0
0
0
0
0
0
0
0
0
0
0
0
0
0
0
0
0
0
0
0
0
0
0
0
0
0
0
0
0
0
0
0
0
0
0
0
0
0
0
0
0
0
0
0
0
0
0
0
0
0
0
0
0
0
0
0
0
0
0
0
0
0
0
0
0
0
0
0
0
0
0
0
0
0
0
0
0
0
0
0
0
0
0
0
0
0
0
0
0
0
0
0
0
0
0
0
0
0
0
0
0
0
0
0
0
0
0
0
0
0
0
0
0
0
0
0
0
0
0
0
0
0
0
0
0
0
0
0
0
0
0
0
0
0
0
0
0
0
0
0
0
0
0
0
0
0
0
0
0
0
0
0
0
0
0
0
0
0
0
0
0
0
0
0
0
0
0
0
0
0
0
0
0
0
0
0
0
0
0
0
0
0
0
0
0
0
0
0
0
0
0
0
0
0
0
0
0
0
0
0
0
0
0
0
0
0
0
0
0
0
0
0
0
0
0
0
0
0
0
0
0
0
0
0
0
0
0
0
0
0
0
0
0
0
0
0
0
0
0
0
0
0
0
0
0
0
0
0
0
0
0
0
0
0
0
0
0
0
0
0
0
0
0
0
0
0
0
0
0
0
0
0
0
0
0
0
0
0
0
0
0
0
0
0
0
0
0
0
0
0
0
0
0
0
0
0
0
0
0
0
0
0
0
0
0
0
0
0
0
0
0
0
0
0
0
0
0
0
0
0
0
0
0
0
0
0
0
0
0
0
0
0
0
0
0
0
0
0
0
0
0
0
0
0
0
0
0
0
0
0
0
0
0
0
0
0
0
0
0
0
0
0
0
0
0
0
0
0
0
0
0
0
0
0
0
0
0
0
0
0
0
0
0
0
0
0
0
0
0
0
0
0
0
0
0
0
0
0
0
0
0
0
0
0
0
0
0
0
0
0
0
0
0
0
0
0
0
0
0
0
0
0
0
0
0
0
0
0
0
0
0
0
0
0
0
0
0
0
0
0
0
0
0
0
0
0
0
0
0
0
0
0
0
0
0
0
0
0
0
0
0
0
0
0
0
0
0
0
0
0
0
0
0
0
0
0
0
0
0
0
0
0
0
0
0
0
0
0
0
0
0
0
0
0
0
0
0
0
0
0
0
0
0
0
0
0
0
0
0
0
0
0
0
0
0
0
0
0
0
0
0
0
0
0
0
0
0
0
0
0
0
0
0
0
0
0
0
0
0
0
0
0
0
0
0
0
0
0
0
0
0
0
0
0
0
0
0
0
0
0
0
0
0
0
0
0
0
0
0
0
0
0
0
0
0
0
0
0
0
0
0
0
0
0
0
0
0
0
0
0
0
0
0
0
0
0
0
0
0
0
0
0
0
0
0
0
0
0
0
0
0
0
0
0
0
0
0
0
0
0
0
0
0
0
0
0
0
0
0
0
0
0
0
0
0
0
0
0
0
0
0
0
0
0
0
0
0
0
0
0
0
0
0
0
0
0
0
0
0
0
0
0
0
0
0
0
0
0
0
0
0
0
0
0
0
0
0
0
0
0
0
0
0
0
0
0
0
0
0
0
0
0
0
0
0
0
0
0
0
0
0
0
0
0
0
0
0
0
0
0
0
0
0
0
0
0
0
0
0
0
0
0
0
0
0
0
0
0
0
0
0
0
0
0
0
0
0
0
0
0
0
0
0
0
0
0
0
0
0
0
0
0
0
0
0
0
0
0
0
0
0
0
0
0
0
0
0
0
0
0
0
0
0
0
0
0
0
0
0
0
0
0
0
0
0
0
0
0
0
0
0
0
0
0
0
0
0
0
0
0
0
0
0
0
0
0
0
0
0
0
0
0
0
0
0
0
0
0
0
0
0
0
0
0
0
0
0
0
0
0
0
0
0
0
0
0
0
0
0
0
0
0
0
0
0
0
0
0
0
0
0
0
0
0
0
0
0
0
0
0
0
0
0
0
0
0
0
0
0
0
0
0
0
0
0
0
0
0
0
0
0
0
0
0
0
0
0
0
0
0
0
0
0
0
0
0
0
0
0
0
0
0
0
0
0
0
0
0
0
0
0
0
0
0
0
0
0
0
0
0
0
0
0
0
0
0
0
0
0
0
0
0
0
0
0
0
0
0
0
0
0
0
0
0
0
0
0
0
0
0
0
0
0
0
0
0
0
0
0
0
0
0
0
0
0
0
0
0
0
0
0
0
0
0
0
0
0
0
0
0
0
0
0
0
0
0
0
0
0
0
0
0
0
0
0
0
0
0
0
0
0
0
0
0
0
0
0
0
0
0
0
0
0
0
0
0
0
0
0
0
0
0
0
0
0
0
0
0
0
0
0
0
0
0
0
0
0
0
0
0
0
0
0
0
0
0
0
0
0
0
0
0
0
0
0
0
0
0
0
0
0
0
0
0
0
0
0
0
0
0
0
0
0
0
0
0
0
0
0
0
0
0
0
0
0
0
0
0
0
0
0
0
0
0
0
0
0
0
0
0
0
0
0
0
0
0
0
0
0
0
0
0
0
0
0
0
0
0
0
0
0
0
0
0
0
0
0
0
0
0
0
0
0
0
0
0
0
0
0
0
0
0
0
0
0
0
0
0
0
0
0
0
0
0
0
0
0
0
0
0
0
0
0
0
0
0
0
0
0
0
0
0
0
0
0
0
0
0
0
0
0
0
0
0
0
0
0
0
0
0
0
0
0
0
0
0
0
0
0
0
0
0
0
0
0
0
0
0
0
0
0
0
0
0
0
0
0
0
0
0
0
0
0
0
0
0
0
0
0
0
0
0
0
0
0
0
0
0
0
0
0
0
0
0
0
0
0
0
0
0
0
0
0
0
0
0
0
0
0
0
0
0
0
0
0
0
0
0
0
0
0
0
0
0
0
0
0
0
0
0
0
0
0
0
0
0
0
0
0
0
0
0
0
0
0
0
0
0
0
0
0
0
0
0
0
0
0
0
0
0
0
0
0
0
0
0
0
0
0
0
0
0
0
0
0
0
0
0
0
0
0
0
0
0
0
0
0
0
0
0
0
0
0
0
0
0
0
0
0
0
0
0
0
0
0
0
0
0
0
0
0
0
0
0
0
0
0
0
0
0
0
0
0
0
0
0
0
0
0
0
0
0
0
0
0
0
0
0
0
0
0
0
0
0
0
0
0
0
0
0
0
0
0
0
0
0
0
0
0
0
0
0
0
0
0
0
0
0
0
0
0
0
0
0
0
0
0
0
0
0
0
0
0
0
0
0
0
0
0
0
0
0
0
0
0
0
0
0
0
0
0
0
0
0
0
0
0
0
0
0
0
0
0
0
0
0
0
0
0
0
0
0
0
0
0
0
0
0
0
0
0
0
0
0
0
0
0
0
0
0
0
0
0
0
0
0
0
0
0
0
0
0
0
0
0
0
0
0
0
0
0
0
0
0
0
0
0
0
0
0
0
0
0
0
0
0
0
0
0
0
0
0
0
0
0
0
0
0
0
0
0
0
0
0
0
0
0
0
0
0
0
0
0
0
0
0
0
0
0
0
0
0
0
0
0
0
0
0
0
0
0
0
0
0
0
0
0
0
0
0
0
0
0
0
0
0
0
0
0
0
0
0
0
0
0
0
0
0
0
0
0
0
0
0
0
0
0
0
0
0
0
0
0
0
0
0
0
0
0
0
0
0
0
0
0
0
0
0
0
0
0
0
0
0
0
0
0
0
0
0
0
0
0
0
0
0
0
0
0
0
0
0
0
0
0
0
0
0
0
0
0
0
0
0
0
0
0
0
0
0
0
0
0
0
0
0
0
0
0
0
0
0
0
0
0
0
0
0
0
0
0
0
0
0
0
0
0
0
0
0
0
0
0
0
0
0
0
0
0
0
0
0
0
0
0
0
0
0
0
0
0
0
0
0
0
0
0
0
0
0
0
0
0
0
0
0
0
0
0
0
0
0
0
0
0
0
0
0
0
0
0
0
0
0
0
0
0
0
0
0
0
0
0
0
0
0
0
0
0
0
0
0
0
0
0
0
0
0
0
0
0
0
0
0
0
0
0
0
0
0
0
0
0
0
0
0
0
0
0
0
0
0
0
0
0
0
0
0
0
0
0
0
0
0
0
0
0
0
0
0
0
0
0
0
0
0
0
0
0
0
0
0
0
0
0
0
0
0
0
0
0
0
0
0
0
0
0
0
0
0
0
0
0
0
0
0
0
0
0
0
0
0
0
0
0
0
0
0
0
0
0
0
0
0
0
0
0
0
0
0
0
0
0
0
0
0
0
0
0
0
0
0
0
0
0
0
0
0
0
0
0
0
0
0
0
0
0
0
0
0
0
0
0
0
0
0
0
0
0
0
0
0
0
0
0
0
0
0
0
0
0
0
0
0
0
0
0
0
0
0
0
0
0
0
0
0
0
0
0
0
0
0
0
0
0
0
0
0
0
0
0
0
0
0
0
0
0
0
0
0
0
0
0
0
0
0
0
0
0
0
0
0
0
0
0
0
0
0
0
0
0
0
0
0
0
0
0
0
0
0
0
0
0
0
0
0
0
0
0
0
0
0
0
0
0
0
0
0
0
0
0
0
0
0
0
0
0
0
0
0
0
0
0
0
0
0
0
0
0
0
0
0
0
0
0
0
0
0
0
0
0
0
0
0
0
0
0
0
0
0
0
0
0
0
0
0
0
0
0
0
0
0
0
0
0
0
0
0
0
0
0
0
0
0
0
0
0
0
0
0
0
0
0
0
0
0
0
0
0
0
0
0
0
0
0
0
0
0
0
0
0
0
0
0
0
0
0
0
0
0
0
0
0
0
0
0
0
0
0
0
0
0
0
0
0
0
0
0
0
0
0
0
0
0
0
0
0
0
0
0
0
0
0
0
0
0
0
0
0
0
0
0
0
0
0
0
0
0
0
0
0
0
0
0
0
0
0
0
0
0
0
0
0
0
0
0
0
0
0
0
0
0
0
0
0
0
0
0
0
0
0
0
0
0
0
0
0
0
0
0
0
0
0
0
0
0
0
0
0
0
0
0
0
0
0
0
0
0
0
0
0
0
0
0
0
0
0
0
0
0
0
0
0
0
0
0
0
0
0
0
0
0
0
0
0
0
0
0
0
0
0
0
0
0
0
0
0
0
0
0
0
0
0
0
0
0
0
0
0
0
0
0
0
0
0
0
0
0
0
0
0
0
0
0
0
0
0
0
0
0
0
0
0
0
0
0
0
0
0
0
0
0
0
0
0
0
0
0
0
0
0
0
0
0
0
0
0
0
0
0
0
0
0
0
0
0
0
0
0
0
0
0
0
0
0
0
0
0
0
0
0
0
0
0
0
0
0
0
0
0
0
0
0
0
0
0
0
0
0
0
0
0
0
0
0
0
0
0
0
0
0
0
0
0
0
0
0
0
0
0
0
0
0
0
0
0
0
0
0
0
0
0
0
0
0
0
0
0
0
0
0
0
0
0
0
0
0
0
0
0
0
0
0
0
0
0
0
0
0
0
0
0
0
0
0
0
0
0
0
0
0
0
0
0
0
0
0
0
0
0
0
0
0
0
0
0
0
0
0
0
0
0
0
0
0
0
0
0
0
0
0
0
0
0
0
0
0
0
0
0
0
0
0
0
0
0
0
0
0
0
0
0
0
0
0
0
0
0
0
0
0
0
0
0
0
0
0
0
0
0
0
0
0
0
0
0
0
0
0
0
0
0
0
0
0
0
0
0
0
0
0
0
0
0
0
0
0
0
0
0
0
0
0
0
0
0
0
0
0
0
0
0
0
0
0
0
0
0
0
0
0
0
0
0
0
0
0
0
0
0
0
0
0
0
0
0
0
0
0
0
0
0
0
0
0
0
0
0
0
0
0
0
0
0
0
0
0
0
0
0
0
0
0
0
0
0
0
0
0
0
0
0
0
0
0
0
0
0
0
0
0
0
0
0
0
0
0
0
0
0
0
0
0
0
0
0
0
0
0
0
0
0
0
0
0
0
0
0
0
0
0
0
0
0
0
0
0
0
0
0
0
0
0
0
0
0
0
0
0
0
0
0
0
0
0
0
0
0
0
0
0
0
0
0
0
0
0
0
0
0
0
0
0
0
0
0
0
0
0
0
0
0
0
0
0
0
0
0
0
0
0
0
0
0
0
0
0
0
0
0
0
0
0
0
0
0
0
0
0
0
0
0
0
0
0
0
0
0
0
0
0
0
0
0
0
0
0
0
0
0
0
0
0
0
0
0
0
0
0
0
0
0
0
0
0
0
0
0
0
0
0
0
0
0
0
0
0
0
0
0
0
0
0
0
0
0
0
0
0
0
0
0
0
0
0
0
0
0
0
0
0
0
0
0
0
0
0
0
0
0
0
0
0
0
0
0
0
0
0
0
0
0
0
0
0
0
0
0
0
0
0
0
0
0
0
0
0
0
0
0
0
0
0
0
0
0
0
0
0
0
0
0
0
0
0
0
0
0
0
0
0
0
0
0
0
0
0
0
0
0
0
0
0
0
0
0
0
0
0
0
0
0
0
0
0
0
0
0
0
0
0
0
0
0
0
0
0
0
0
0
0
0
0
0
0
0
0
0
0
0
0
0
0
0
0
0
0
0
0
0
0
0
0
0
0
0
0
0
0
0
0
0
0
0
0
0
0
0
0
0
0
0
0
0
0
0
0
0
0
0
0
0
0
0
0
0
0
0
0
0
0
0
0
0
0
0
0
0
0
0
0
0
0
0
0
0
0
0
0
0
0
0
0
0
0
0
0
0
0
0
0
0
0
0
0
0
0
0
0
0
0
0
0
0
0
0
0
0
0
0
0
0
0
0
0
0
0
0
0
0
0
0
0
0
0
0
0
0
0
0
0
0
0
0
0
0
0
0
0
0
0
0
0
0
0
0
0
0
0
0
0
0
0
0
0
0
0
0
0
0
0
0
0
0
0
0
0
0
0
0
0
0
0
0
0
0
0
0
0
0
0
0
0
0
0
0
0
0
0
0
0
0
0
0
0
0
0
0
0
0
0
0
0
0
0
0
0
0
0
0
0
0
0
0
0
0
0
0
0
0
0
0
0
0
0
0
0
0
0
0
0
0
0
0
0
0
0
0
0
0
0
0
0
0
0
0
0
0
0
0
0
0
0
0
0
0
0
0
0
0
0
0
0
0
0
0
0
0
0
0
0
0
0
0
0
0
0
0
0
0
0
0
0
0
0
0
0
0
0
0
0
0
0
0
0
0
0
0
0
0
0
0
0
0
0
0
0
0
0
0
0
0
0
0
0
0
0
0
0
0
0
0
0
0
0
0
0
0
0
0
0
0
0
0
0
0
0
0
0
0
0
0
0
0
0
0
0
0
0
0
0
0
0
0
0
0
0
0
0
0
0
0
0
0
0
0
0
0
0
0
0
0
0
0
0
0
0
0
0
0
0
0
0
0
0
0
0
0
0
0
0
0
0
0
0
0
0
0
0
0
0
0
0
0
0
0
0
0
0
0
0
0
0
0
0
0
0
0
0
0
0
0
0
0
0
0
0
0
0
0
0
0
0
0
0
0
0
0
0
0
0
0
0
0
0
0
0
0
0
0
0
0
0
0
0
0
0
0
0
0
0
0
0
0
0
0
0
0
0
0
0
0
0
0
0
0
0
0
0
0
0
0
0
0
0
0
0
0
0
0
0
0
0
0
0
0
0
0
0
0
0
0
0
0
0
0
0
0
0
0
0
0
0
0
0
0
0
0
0
0
0
0
0
0
0
0
0
0
0
0
0
0
0
0
0
0
0
0
0
0
0
0
0
0
0
0
0
0
0
0
0
0
0
0
0
0
0
0
0
0
0
0
0
0
0
0
0
0
0
0
0
0
0
0
0
0
0
0
0
0
0
0
0
0
0
0
0
0
0
0
0
0
0
0
0
0
0
0
0
0
0
0
0
0
0
0
0
0
0
0
0
0
0
0
0
0
0
0
0
0
0
0
0
0
0
0
0
0
0
0
0
0
0
0
0
0
0
0
0
0
0
0
0
0
0
0
0
0
0
0
0
0
0
0
0
0
0
0
0
0
0
0
0
0
0
0
0
0
0
0
0
0
0
0
0
0
0
0
0
0
0
0
0
0
0
0
0
0
0
0
0
0
0
0
0
0
0
0
0
0
0
0
0
0
0
0
0
0
0
0
0
0
0
0
0
0
0
0
0
0
0
0
0
0
0
0
0
0
0
0
0
0
0
0
0
0
0
0
0
0
0
0
0
0
0
0
0
0
0
0
0
0
0
0
0
0
0
0
0
0
0
0
0
0
0
0
0
0
0
0
0
0
0
0
0
0
0
0
0
0
0
0
0
0
0
0
0
0
0
0
0
0
0
0
0
0
0
0
0
0
0
0
0
0
0
0
0
0
0
0
0
0
0
0
0
0
0
0
0
0
0
0
0
0
0
0
0
0
0
0
0
0
0
0
0
0
0
0
0
0
0
0
0
0
0
0
0
0
0
0
0
0
0
0
0
0
0
0
0
0
0
0
0
0
0
0
0
0
0
0
0
0
0
0
0
0
0
0
0
0
0
0
0
0
0
0
0
0
0
0
0
0
0
0
0
0
0
0
0
0
0
0
0
0
0
0
0
0
0
0
0
0
0
0
0
0
0
0
0
0
0
0
0
0
0
0
0
0
0
0
0
0
0
0
0
0
0
0
0
0
0
0
0
0
0
0
0
0
0
0
0
0
0
0
0
0
0
0
0
0
0
0
0
0
0
0
0
0
0
0
0
0
0
0
0
0
0
0
0
0
0
0
0
0
0
0
0
0
0
0
0
0
0
0
0
0
0
0
0
0
0
0
0
0
0
0
0
0
0
0
0
0
0
0
0
0
0
0
0
0
0
0
0
0
0
0
0
0
0
0
0
0
0
0
0
0
0
0
0
0
0
0
0
0
0
0
0
0
0
0
0
0
0
0
0
0
0
0
0
0
0
0
0
0
0
0
0
0
0
0
0
0
0
0
0
0
0
0
0
0
0
0
0
0
0
0
0
0
0
0
0
0
0
0
0
0
0
0
0
0
0
0
0
0
0
0
0
0
0
0
0
0
0
0
0
0
0
0
0
0
0
0
0
0
0
0
0
0
0
0
0
0
0
0
0
0
0
0
0
0
0
0
0
0
0
0
0
0
0
0
0
0
0
0
0
0
0
0
0
0
0
0
0
0
0
0
0
0
0
0
0
0
0
0
0
0
0
0
0
0
0
0
0
0
0
0
0
0
0
0
0
0
0
0
0
0
0
0
0
0
0
0
0
0
0
0
0
0
0
0
0
0
0
0
0
0
0
0
0
0
0
0
0
0
0
0
0
0
0
0
0
0
0
0
0
0
0
0
0
0
0
0
0
0
0
0
0
0
0
0
0
0
0
0
0
0
0
0
0
0
0
0
0
0
0
0
0
0
0
0
0
0
0
0
0
0
0
0
0
0
0
0
0
0
0
0
0
0
0
0
0
0
0
0
0
0
0
0
0
0
0
0
0
0
0
0
0
0
0
0
0
0
0
0
0
0
0
0
0
0
0
0
0
0
0
0
0
0
0
0
0
0
0
0
0
0
0
0
0
0
0
0
0
0
0
0
0
0
0
0
0
0
0
0
0
0
0
0
0
0
0
0
0
0
0
0
0
0
0
0
0
0
0
0
0
0
0
0
0
0
0
0
0
0
0
0
0
0
0
0
0
0
0
0
0
0
0
0
0
0
0
0
0
0
0
0
0
0
0
0
0
0
0
0
0
0
0
0
0
0
0
0
0
0
0
0
0
0
0
0
0
0
0
0
0
0
0
0
0
0
0
0
0
0
0
0
0
0
0
0
0
0
0
0
0
0
0
0
0
0
0
0
0
0
0
0
0
0
0
0
0
0
0
0
0
0
0
0
0
0
0
0
0
0
0
0
0
0
0
0
0
0
0
0
0
0
0
0
0
0
0
0
0
0
0
0
0
0
0
0
0
0
0
0
0
0
0
0
0
0
0
0
0
0
0
0
0
0
0
0
0
0
0
0
0
0
0
0
0
0
0
0
0
0
0
0
0
0
0
0
0
0
0
0
0
0
0
0
0
0
0
0
0
0
0
0
0
0
0
0
0
0
0
0
0
0
0
0
0
0
0
0
0
0
0
0
0
0
0
0
0
0
0
0
0
0
0
0
0
0
0
0
0
0
0
0
0
0
0
0
0
0
0
0
0
0
0
0
0
0
0
0
0
0
0
0
0
0
0
0
0
0
0
0
0
0
0
0
0
0
0
0
0
0
0
0
0
0
0
0
0
0
0
0
0
0
0
0
0
0
0
0
0
0
0
0
0
0
0
0
0
0
0
0
0
0
0
0
0
0
0
0
0
0
0
0
0
0
0
0
0
0
0
0
0
0
0
0
0
0
0
0
0
0
0
0
0
0
0
0
0
0
0
0
0
0
0
0
0
0
0
0
0
0
0
0
0
0
0
0
0
0
0
0
0
0
0
0
0
0
0
0
0
0
0
0
0
0
0
0
0
0
0
0
0
0
0
0
0
0
0
0
0
0
0
0
0
0
0
0
0
0
0
0
0
0
0
0
0
0
0
0
0
0
0
0
0
0
0
0
0
0
0
0
0
0
0
0
0
0
0
0
0
0
0
0
0
0
0
0
0
0
0
0
0
0
0
0
0
0
0
0
0
0
0
0
0
0
0
0
0
0
0
0
0
0
0
0
0
0
0
0
0
0
0
0
0
0
0
0
0
0
0
0
0
0
0
0
0
0
0
0
0
0
0
0
0
0
0
0
0
0
0
0
0
0
0
0
0
0
0
0
0
0
0
0
0
0
0
0
0
0
0
0
0
0
0
0
0
0
0
0
0
0
0
0
0
0
0
0
0
0
0
0
0
0
0
0
0
0
0
0
0
0
0
0
0
0
0
0
0
0
0
0
0
0
0
0
0
0
0
0
0
0
0
0
0
0
0
0
0
0
0
0
0
0
0
0
0
0
0
0
0
0
0
0
0
0
0
0
0
0
0
0
0
0
0
0
0
0
0
0
0
0
0
0
0
0
0
0
0
0
0
0
0
0
0
0
0
0
0
0
0
0
0
0
0
0
0
0
0
0
0
0
0
0
0
0
0
0
0
0
0
0
0
0
0
0
0
0
0
0
0
0
0
0
0
0
0
0
0
0
0
0
0
0
0
0
0
0
0
0
0
0
0
0
0
0
0
0
0
0
0
0
0
0
0
0
0
0
0
0
0
0
0
0
0
0
0
0
0
0
0
0
0
0
0
0
0
0
0
0
0
0
0
0
0
0
0
0
0
0
0
0
0
0
0
0
0
0
0
0
0
0
0
0
0
0
0
0
0
0
0
0
0
0
0
0
0
0
0
0
0
0
0
0
0
0
0
0
0
0
0
0
0
0
0
0
0
0
0
0
0
0
0
0
0
0
0
0
0
0
0
0
0
0
0
0
0
0
0
0
0
0
0
0
0
0
0
0
0
0
0
0
0
0
0
0
0
0
0
0
0
0
0
0
0
0
0
0
0
0
0
0
0
0
0
0
0
0
0
0
0
0
0
0
0
0
0
0
0
0
0
0
0
0
0
0
0
0
0
0
0
0
0
0
0
0
0
0
0
0
0
0
0
0
0
0
0
0
0
0
0
0
0
0
0
0
0
0
0
0
0
0
0
0
0
0
0
0
0
0
0
0
0
0
0
0
0
0
0
0
0
0
0
0
0
0
0
0
0
0
0
0
0
0
0
0
0
0
0
0
0
0
0
0
0
0
0
0
0
0
0
0
0
0
0
0
0
0
0
0
0
0
0
0
0
0
0
0
0
0
0
0
0
0
0
0
0
0
0
0
0
0
0
0
0
0
0
0
0
0
0
0
0
0
0
0
0
0
0
0
0
0
0
0
0
0
0
0
0
0
0
0
0
0
0
0
0
0
0
0
0
0
0
0
0
0
0
0
0
0
0
0
0
0
0
0
0
0
0
0
0
0
0
0
0
0
0
0
0
0
0
0
0
0
0
0
0
0
0
0
0
0
0
0
0
0
0
0
0
0
0
0
0
0
0
0
0
0
0
0
0
0
0
0
0
0
0
0
0
0
0
0
0
0
0
0
0
0
0
0
0
0
0
0
0
0
0
0
0
0
0
0
0
0
0
0
0
0
0
0
0
0
0
0
0
0
0
0
0
0
0
0
0
0
0
0
0
0
0
0
0
0
0
0
0
0
0
0
0
0
0
0
0
0
0
0
0
0
0
0
0
0
0
0
0
0
0
0
0
0
0
0
0
0
0
0
0
0
0
0
0
0
0
0
0
0
0
0
0
0
0
0
0
0
0
0
0
0
0
0
0
0
0
0
0
0
0
0
0
0
0
0
0
0
0
0
0
0
0
0
0
0
0
0
0
0
0
0
0
0
0
0
0
0
0
0
0
0
0
0
0
0
0
0
0
0
0
0
0
0
0
0
0
0
0
0
0
0
0
0
0
0
0
0
0
0
0
0
0
0
0
0
0
0
0
0
0
0
0
0
0
0
0
0
0
0
0
0
0
0
0
0
0
0
0
0
0
0
0
0
0
0
0
0
0
0
0
0
0
0
0
0
0
0
0
0
0
0
0
0
0
0
0
0
0
0
0
0
0
0
0
0
0
0
0
0
0
0
0
0
0
0
0
0
0
0
0
0
0
0
0
0
0
0
0
0
0
0
0
0
0
0
0
0
0
0
0
0
0
0
0
0
0
0
0
0
0
0
0
0
0
0
0
0
0
0
0
0
0
0
0
0
0
0
0
0
0
0
0
0
0
0
0
0
0
0
0
0
0
0
0
0
0
0
0
0
0
0
0
0
0
0
0
0
0
0
0
0
0
0
0
0
0
0
0
0
0
0
0
0
0
0
0
0
0
0
0
0
0
0
0
0
0
0
0
0
0
0
0
0
0
0
0
0
0
0
0
0
0
0
0
0
0
0
0
0
0
0
0
0
0
0
0
0
0
0
0
0
0
0
0
0
0
0
0
0
0
0
0
0
0
0
0
0
0
0
0
0
0
0
0
0
0
0
0
0
0
0
0
0
0
0
0
0
0
0
0
0
0
0
0
0
0
0
0
0
0
0
0
0
0
0
0
0
0
0
0
0
0
0
0
0
0
0
0
0
0
0
0
0
0
0
0
0
0
0
0
0
0
0
0
0
0
0
0
0
0
0
0
0
0
0
0
0
0
0
0
0
0
0
0
0
0
0
0
0
0
0
0
0
0
0
0
0
0
0
0
0
0
0
0
0
0
0
0
0
0
0
0
0
0
0
0
0
0
0
0
0
0
0
0
0
0
0
0
0
0
0
0
0
0
0
0
0
0
0
0
0
0
0
0
0
0
0
0
0
0
0
0
0
0
0
0
0
0
0
0
0
0
0
0
0
0
0
0
0
0
0
0
0
0
0
0
0
0
0
0
0
0
0
0
0
0
0
0
0
0
0
0
0
0
0
0
0
0
0
0
0
0
0
0
0
0
0
0
0
0
0
0
0
0
0
0
0
0
0
0
0
0
0
0
0
0
0
0
0
0
0
0
0
0
0
0
0
0
0
0
0
0
0
0
0
0
0
0
0
0
0
0
0
0
0
0
0
0
0
0
0
0
0
0
0
0
0
0
0
0
0
0
0
0
0
0
0
0
0
0
0
0
0
0
0
0
0
0
0
0
0
0
0
0
0
0
0
0
0
0
0
0
0
0
0
0
0
0
0
0
0
0
0
0
0
0
0
0
0
0
0
0
0
0
0
0
0
0
0
0
0
0
0
0
0
0
0
0
0
0
0
0
0
0
0
0
0
0
0
0
0
0
0
0
0
0
0
0
0
0
0
0
0
0
0
0
0
0
0
0
0
0
0
0
0
0
0
0
0
0
0
0
0
0
0
0
0
0
0
0
0
0
0
0
0
0
0
0
0
0
0
0
0
0
0
0
0
0
0
0
0
0
0
0
0
0
0
0
0
0
0
0
0
0
0
0
0
0
0
0
0
0
0
0
0
0
0
0
0
0
0
0
0
0
0
0
0
0
0
0
0
0
0
0
0
0
0
0
0
0
0
0
0
0
0
0
0
0
0
0
0
0
0
0
0
0
0
0
0
0
0
0
0
0
0
0
0
0
0
0
0
0
0
0
0
0
0
0
0
0
0
0
0
0
0
0
0
0
0
0
0
0
0
0
0
0
0
0
0
0
0
0
0
0
0
0
0
0
0
0
0
0
0
0
0
0
0
0
0
0
0
0
0
0
0
0
0
0
0
0
0
0
0
0
0
0
0
0
0
0
0
0
0
0
0
0
0
0
0
0
0
0
0
0
0
0
0
0
0
0
0
0
0
0
0
0
0
0
0
0
0
0
0
0
0
0
0
0
0
0
0
0
0
0
0
0
0
0
0
0
0
0
0
0
0
0
0
0
0
0
0
0
0
0
0
0
0
0
0
0
0
0
0
0
0
0
0
0
0
0
0
0
0
0
0
0
0
0
0
0
0
0
0
0
0
0
0
0
0
0
0
0
0
0
0
0
0
0
0
0
0
0
0
0
0
0
0
0
0
0
0
0
0
0
0
0
0
0
0
0
0
0
0
0
0
0
0
0
0
0
0
0
0
0
0
0
0
0
0
0
0
0
0
0
0
0
0
0
0
0
0
0
0
0
0
0
0
0
0
0
0
0
0
0
0
0
0
0
0
0
0
0
0
0
0
0
0
0
0
0
0
0
0
0
0
0
0
0
0
0
0
0
0
0
0
0
0
0
0
0
0
0
0
0
0
0
0
0
0
0
0
0
0
0
0
0
0
0
0
0
0
0
0
0
0
0
0
0
0
0
0
0
0
0
0
0
0
0
0
0
0
0
0
0
0
0
0
0
0
0
0
0
0
0
0
0
0
0
0
0
0
0
0
0
0
0
0
0
0
0
0
0
0
0
0
0
0
0
0
0
0
0
0
0
0
0
0
0
0
0
0
0
0
0
0
0
0
0
0
0
0
0
0
0
0
0
0
0
0
0
0
0
0
0
0
0
0
0
0
0
0
0
0
0
0
0
0
0
0
0
0
0
0
0
0
0
0
0
0
0
0
0
0
0
0
0
0
0
0
0
0
0
0
0
0
0
0
0
0
0
0
0
0
0
0
0
0
0
0
0
0
0
0
0
0
0
0
0
0
0
0
0
0
0
0
0
0
0
0
0
0
0
0
0
0
0
0
0
0
0
0
0
0
0
0
0
0
0
0
0
0
0
0
0
0
0
0
0
0
0
0
0
0
0
0
0
0
0
0
0
0
0
0
0
0
0
0
0
0
0
0
0
0
0
0
0
0
0
0
0
0
0
0
0
0
0
0
0
0
0
0
0
0
0
0
0
0
0
0
0
0
0
0
0
0
0
0
0
0
0
0
0
0
0
0
0
0
0
0
0
0
0
0
0
0
0
0
0
0
0
0
0
0
0
0
0
0
0
0
0
0
0
0
0
0
0
0
0
0
0
0
0
0
0
0
0
0
0
0
0
0
0
0
0
0
0
0
0
0
0
0
0
0
0
0
0
0
0
0
0
0
0
0
0
0
0
0
0
0
0
0
0
0
0
0
0
0
0
0
0
0
0
0
0
0
0
0
0
0
0
0
0
0
0
0
0
0
0
0
0
0
0
0
0
0
0
0
0
0
0
0
0
0
0
0
0
0
0
0
0
0
0
0
0
0
0
0
0
0
0
0
0
0
0
0
0
0
0
0
0
0
0
0
0
0
0
0
0
0
0
0
0
0
0
0
0
0
0
0
0
0
0
0
0
0
0
0
0
0
0
0
0
0
0
0
0
0
0
0
0
0
0
0
0
0
0
0
0
0
0
0
0
0
0
0
0
0
0
0
0
0
0
0
0
0
0
0
0
0
0
0
0
0
0
0
0
0
0
0
0
0
0
0
0
0
0
0
0
0
0
0
0
0
0
0
0
0
0
0
0
0
0
0
0
0
0
0
0
0
0
0
0
0
0
0
0
0
0
0
0
0
0
0
0
0
0
0
0
0
0
0
0
0
0
0
0
0
0
0
0
0
0
0
0
0
0
0
0
0
0
0
0
0
0
0
0
0
0
0
0
0
0
0
0
0
0
0
0
0
0
0
0
0
0
0
0
0
0
0
0
0
0
0
0
0
0
0
0
0
0
0
0
0
0
0
0
0
0
0
0
0
0
0
0
0
0
0
0
0
0
0
0
0
0
0
0
0
0
0
0
0
0
0
0
0
0
0
0
0
0
0
0
0
0
0
0
0
0
0
0
0
0
0
0
0
0
0
0
0
0
0
0
0
0
0
0
0
0
0
0
0
0
0
0
0
0
0
0
0
0
0
0
0
0
0
0
0
0
0
0
0
0
0
0
0
0
0
0
0
0
0
0
0
0
0
0
0
0
0
0
0
0
0
0
0
0
0
0
0
0
0
0
0
0
0
0
0
0
0
0
0
0
0
0
0
0
0
0
0
0
0
0
0
0
0
0
0
0
0
0
0
0
0
0
0
0
0
0
0
0
0
0
0
0
0
0
0
0
0
0
0
0
0
0
0
0
0
0
0
0
0
0
0
0
0
0
0
0
0
0
0
0
0
0
0
0
0
0
0
0
0
0
0
0
0
0
0
0
0
0
0
0
0
0
0
0
0
0
0
0
0
0
0
0
0
0
0
0
0
0
0
0
0
0
0
0
0
0
0
0
0
0
0
0
0
0
0
0
0
0
0
0
0
0
0
0
0
0
0
0
0
0
0
0
0
0
0
0
0
0
0
0
0
0
0
0
0
0
0
0
0
0
0
0
0
0
0
0
0
0
0
0
0
0
0
0
0
0
0
0
0
0
0
0
0
0
0
0
0
0
0
0
0
0
0
0
0
0
0
0
0
0
0
0
0
0
0
0
0
0
0
0
0
0
0
0
0
0
0
0
0
0
0
0
0
0
0
0
0
0
0
0
0
0
0
0
0
0
0
0
0
0
0
0
0
0
0
0
0
0
0
0
0
0
0
0
0
0
0
0
0
0
0
0
0
0
0
0
0
0
0
0
0
0
0
0
0
0
0
0
0
0
0
0
0
0
0
0
0
0
0
0
0
0
0
0
0
0
0
0
0
0
0
0
0
0
0
0
0
0
0
0
0
0
0
0
0
0
0
0
0
0
0
0
0
0
0
0
0
0
0
0
0
0
0
0
0
0
0
0
0
0
0
0
0
0
0
0
0
0
0
0
0
0
0
0
0
0
0
0
0
0
0
0
0
0
0
0
0
0
0
0
0
0
0
0
0
0
0
0
0
0
0
0
0
0
0
0
0
0
0
0
0
0
0
0
0
0
0
0
0
0
0
0
0
0
0
0
0
0
0
0
0
0
0
0
0
0
0
0
0
0
0
0
0
0
0
0
0
0
0
0
0
0
0
0
0
0
0
0
0
0
0
0
0
0
0
0
0
0
0
0
0
0
0
0
0
0
0
0
0
0
0
0
0
0
0
0
0
0
0
0
0
0
0
0
0
0
0
0
0
0
0
0
0
0
0
0
0
0
0
0
0
0
0
0
0
0
0
0
0
0
0
0
0
0
0
0
0
0
0
0
0
0
0
0
0
0
0
0
0
0
0
0
0
0
0
0
0
0
0
0
0
0
0
0
0
0
0
0
0
0
0
0
0
0
0
0
0
0
0
0
0
0
0
0
0
0
0
0
0
0
0
0
0
0
0
0
0
0
0
0
0
0
0
0
0
0
0
0
0
0
0
0
0
0
0
0
0
0
0
0
0
0
0
0
0
0
0
0
0
0
0
0
0
0
0
0
0
0
0
0
0
0
0
0
0
0
0
0
0
0
0
0
0
0
0
0
0
0
0
0
0
0
0
0
0
0
0
0
0
0
0
0
0
0
0
0
0
0
0
0
0
0
0
0
0
0
0
0
0
0
0
0
0
0
0
0
0
0
0
0
0
0
0
0
0
0
0
0
0
0
0
0
0
0
0
0
0
0
0
0
0
0
0
0
0
0
0
0
0
0
0
0
0
0
0
0
0
0
0
0
0
0
0
0
0
0
0
0
0
0
0
0
0
0
0
0
0
0
0
0
0
0
0
0
0
0
0
0
0
0
0
0
0
0
0
0
0
0
0
0
0
0
0
0
0
0
0
0
0
0
0
0
0
0
0
0
0
0
0
0
0
0
0
0
0
0
0
0
0
0
0
0
0
0
0
0
0
0
0
0
0
0
0
0
0
0
0
0
0
0
0
0
0
0
0
0
0
0
0
0
0
0
0
0
0
0
0
0
0
0
0
0
0
0
0
0
0
0
0
0
0
0
0
0
0
0
0
0
0
0
0
0
0
0
0
0
0
0
0
0
0
0
0
0
0
0
0
0
0
0
0
0
0
0
0
0
0
0
0
0
0
0
0
0
0
0
0
0
0
0
0
0
0
0
0
0
0
0
0
0
0
0
0
0
0
0
0
0
0
0
0
0
0
0
0
0
0
0
0
0
0
0
0
0
0
0
0
0
0
0
0
0
0
0
0
0
0
0
0
0
0
0
0
0
0
0
0
0
0
0
0
0
0
0
0
0
0
0
0
0
0
0
0
0
0
0
0
0
0
0
0
0
0
0
0
0
0
0
0
0
0
0
0
0
0
0
0
0
0
0
0
0
0
0
0
0
0
0
0
0
0
0
0
0
0
0
0
0
0
0
0
0
0
0
0
0
0
0
0
0
0
0
0
0
0
0
0
0
0
0
0
0
0
0
0
0
0
0
0
0
0
0
0
0
0
0
0
0
0
0
0
0
0
0
0
0
0
0
0
0
0
0
0
0
0
0
0
0
0
0
0
0
0
0
0
0
0
0
0
0
0
0
0
0
0
0
0
0
0
0
0
0
0
0
0
0
0
0
0
0
0
0
0
0
0
0
0
0
0
0
0
0
0
0
0
0
0
0
0
0
0
0
0
0
0
0
0
0
0
0
0
0
0
0
0
0
0
0
0
0
0
0
0
0
0
0
0
0
0
0
0
0
0
0
0
0
0
0
0
0
0
0
0
0
0
0
0
0
0
0
0
0
0
0
0
0
0
0
0
0
0
0
0
0
0
0
0
0
0
0
0
0
0
0
0
0
0
0
0
0
0
0
0
0
0
0
0
0
0
0
0
0
0
0
0
0
0
0
0
0
0
0
0
0
0
0
0
0
0
0
0
0
0
0
0
0
0
0
0
0
0
0
0
0
0
0
0
0
0
0
0
0
0
0
0
0
0
0
0
0
0
0
0
0
0
0
0
0
0
0
0
0
0
0
0
0
0
0
0
0
0
0
0
0
0
0
0
0
0
0
0
0
0
0
0
0
0
0
0
0
0
0
0
0
0
0
0
0
0
0
0
0
0
0
0
0
0
0
0
0
0
0
0
0
0
0
0
0
0
0
0
0
0
0
0
0
0
0
0
0
0
0
0
0
0
0
0
0
0
0
0
0
0
0
0
0
0
0
0
0
0
0
0
0
0
0
0
0
0
0
0
0
0
0
0
0
0
0
0
0
0
0
0
0
0
0
0
0
0
0
0
0
0
0
0
0
0
0
0
0
0
0
0
0
0
0
0
0
0
0
0
0
0
0
0
0
0
0
0
0
0
0
0
0
0
0
0
0
0
0
0
0
0
0
0
0
0
0
0
0
0
0
0
0
0
0
0
0
0
0
0
0
0
0
0
0
0
0
0
0
0
0
0
0
0
0
0
0
0
0
0
0
0
0
0
0
0
0
0
0
0
0
0
0
0
0
0
0
0
0
0
0
0
0
0
0
0
0
0
0
0
0
0
0
0
0
0
0
0
0
0
0
0
0
0
0
0
0
0
0
0
0
0
0
0
0
0
0
0
0
0
0
0
0
0
0
0
0
0
0
0
0
0
0
0
0
0
0
0
0
0
0
0
0
0
0
0
0
0
0
0
0
0
0
0
0
0
0
0
0
0
0
0
0
0
0
0
0
0
0
0
0
0
0
0
0
0
0
0
0
0
0
0
0
0
0
0
0
0
0
0
0
0
0
0
0
0
0
0
0
0
0
0
0
0
0
0
0
0
0
0
0
0
0
0
0
0
0
0
0
0
0
0
0
0
0
0
0
0
0
0
0
0
0
0
0
0
0
0
0
0
0
0
0
0
0
0
0
0
0
0
0
0
0
0
0
0
0
0
0
0
0
0
0
0
0
0
0
0
0
0
0
0
0
0
0
0
0
0
0
0
0
0
0
0
0
0
0
0
0
0
0
0
0
0
0
0
0
0
0
0
0
0
0
0
0
0
0
0
0
0
0
0
0
0
0
0
0
0
0
0
0
0
0
0
0
0
0
0
0
0
0
0
0
0
0
0
0
0
0
0
0
0
0
0
0
0
0
0
0
0
0
0
0
0
0
0
0
0
0
0
0
0
0
0
0
0
0
0
0
0
0
0
0
0
0
0
0
0
0
0
0
0
0
0
0
0
0
0
0
0
0
0
0
0
0
0
0
0
0
0
0
0
0
0
0
0
0
0
0
0
0
0
0
0
0
0
0
0
0
0
0
0
0
0
0
0
0
0
0
0
0
0
0
0
0
0
0
0
0
0
0
0
0
0
0
0
0
0
0
0
0
0
0
0
0
0
0
0
0
0
0
0
0
0
0
0
0
0
0
0
0
0
0
0
0
0
0
0
0
0
0
0
0
0
0
0
0
0
0
0
0
0
0
0
0
0
0
0
0
0
0
0
0
0
0
0
0
0
0
0
0
0
0
0
0
0
0
0
0
0
0
0
0
0
0
0
0
0
0
0
0
0
0
0
0
0
0
0
0
0
0
0
0
0
0
0
0
0
0
0
0
0
0
0
0
0
0
0
0
0
0
0
0
0
0
0
0
0
0
0
0
0
0
0
0
0
0
0
0
0
0
0
0
0
0
0
0
0
0
0
0
0
0
0
0
0
0
0
0
0
0
0
0
0
0
0
0
0
0
0
0
0
0
0
0
0
0
0
0
0
0
0
0
0
0
0
0
0
0
0
0
0
0
0
0
0
0
0
0
0
0
0
0
0
0
0
0
0
0
0
0
0
0
0
0
0
0
0
0
0
0
0
0
0
0
0
0
0
0
0
0
0
0
0
0
0
0
0
0
0
0
0
0
0
0
0
0
0
0
0
0
0
0
0
0
0
0
0
0
0
0
0
0
0
0
0
0
0
0
0
0
0
0
0
0
0
0
0
0
0
0
0
0
0
0
0
0
0
0
0
0
0
0
0
0
0
0
0
0
0
0
0
0
0
0
0
0
0
0
0
0
0
0
0
0
0
0
0
0
0
0
0
0
0
0
0
0
0
0
0
0
0
0
0
0
0
0
0
0
0
0
0
0
0
0
0
0
0
