55
-488
-2151
-601
-2255
-865
-1559
25
123
-3197
-1061
-2890
-2309
-42
-42
-260
-304
141
-162
-1811
-400
-1392
-15163
-398
719
-581
-2637
-2827
-2465
-14788
-184
319
11
-400
-2217
-1007
-2498
-1429
-1960
-84
547
-2888
-1532
-3597
-2098
-23
-95
-14
-184
284
-658
-2819
291
-1738
-15179
-319
719
-1925
-2474
-1014
-2124
-16546
-189
576
80
219
-1585
-16
-2369
-1388
-1913
-62
1157
-2193
325
-2856
-2212
-803
-36
1059
-157
160
-1107
-2427
-1008
-1785
-14794
-321
-272
-2810
-2873
-1701
-2315
-16179
-240
-225
36
357
-1302
221
-1798
-879
-1413
-75
826
-2385
368
-2395
-2309
-1082
-42
1024
-165
-163
-712
-2117
-1306
-1329
-14971
-213
117
-2714
-3008
-1670
-2386
-13811
-175
-55
-106
290
-1824
-302
-1387
-1107
-1589
-159
458
-2383
-163
-1772
-1914
-829
-9
828
-115
-346
-702
-2293
-1381
-1524
-12900
-59
110
-2445
-2329
-1401
-2027
-14202
39
430
-209
171
-1688
-1263
-864
-1735
-1879
-298
282
-2678
-1201
-1442
-2389
-2024
-10
165
29
-580
-1078
-2467
-1130
-1723
-14365
-35
-276
-2899
-2431
-1112
-2001
-13379
147
-24
-254
-247
-1280
-2823
-752
-1652
-1975
-402
-220
-1222
-2489
-1463
-1101
-1941
-33
-281
68
-974
-470
-2626
-472
-1741
-14927
39
-588
-940
-939
-174
-650
-18743
245
-630
-275
-615
-964
-1822
-743
-1740
-1782
-380
-178
-798
-2094
-1141
-1705
-1076
-152
-433
-135
-235
-1609
-1630
267
-1550
-17614
-211
326
-1790
-415
-823
-1179
-20593
104
189
123
-672
-1964
-2062
-3008
-1867
-2002
-47
188
-2927
-3074
-3418
-3046
-341
59
460
-236
-64
-1093
-2814
2356
-1914
-17378
-288
741
-1519
-2978
-571
-2925
-15409
-248
768
-19
-296
-2702
-2228
-3053
-2937
-2568
-151
179
-3187
-3325
-3591
-3290
1026
-89
660
-133
500
-421
-3330
1227
-2409
-17117
-102
-351
-2242
-2981
-832
-2942
-19640
-104
-553
-28
-974
-2389
-869
-1483
-2695
-2407
-75
-335
-5051
-2262
-4254
-4677
1614
-12
-361
-95
1084
-1372
-3486
-407
-2256
-17354
-115
701
-4652
-5495
-3096
-4321
-11806
-176
399
-57
-313
-2462
-1177
-2825
-2224
-2103
68
583
-4199
-1998
-4847
-3987
1312
-106
326
-148
565
-281
-3403
390
-1995
-18515
-99
122
-3541
-5187
-2504
-3635
-14694
-139
54
34
46
-2868
-730
-2942
-1927
-2065
89
680
-4708
-1713
-5528
-3952
1407
-56
603
-143
295
-183
-4080
274
-2068
-18190
-146
-409
-3500
-5247
-2547
-4099
-13977
-165
-477
-76
207
-2520
-518
-3599
-2475
-2997
36
5
-3705
-1299
-5846
-3853
-217
-66
425
-100
-500
-1504
-4848
-473
-2871
-13927
-74
-565
-4992
-5217
-1476
-4215
-12138
16
89
-131
537
-882
-2689
-2241
-1808
-2288
-98
277
-1916
-3981
-4745
-2799
130
-76
489
-70
-1054
131
-3564
-1362
-2130
-17887
-54
-28
-2999
-3177
-1417
-2913
-17919
308
249
-63
420
-409
-2292
-1261
-2070
-1879
-109
131
-695
-3020
-3184
-2703
-542
-187
-354
-311
-346
-1521
-1676
248
-1721
-15723
-237
13
-2548
-491
-938
-2287
-15219
21
-325
-77
1960
-1806
-3336
-932
-3035
-2646
-314
2320
-2125
-3692
-3036
-3471
-457
-229
2783
9
1603
-3620
-1669
1490
-2569
-26489
83
1260
-5183
-2929
247
-3325
-24018
112
944
-399
4663
-3600
-5297
-3840
-5699
-4383
-340
5314
-4314
-5766
-6922
-6046
-2960
-116
5838
-22
540
-3918
-3695
3446
-4590
-30242
358
820
-6469
-5432
2146
-5776
-23280
362
472
-249
1678
-3187
-3464
-3154
-4566
-3708
-249
1822
-4598
-3387
-4904
-4812
-922
24
1859
163
-838
-4033
-5019
3598
-3771
-18750
153
-1023
-6008
-4573
1589
-4749
-16382
101
-1100
-102
-633
-3056
-2557
-3252
-2434
-2347
-125
-619
-2344
-1373
-2075
-1741
31
-68
462
55
316
-1659
-3210
2522
-2372
-13921
75
-659
-1908
-2721
-262
-1628
-19807
-102
-558
53
-585
-2897
-426
-3733
-2131
-2244
13
-394
-4276
40
-3666
-3471
1471
-71
-403
-81
929
-1922
-3561
2035
-2143
-16604
-49
516
-4382
-4629
-3015
-3178
-15591
-307
34
131
298
-1711
448
-4030
-2282
-2434
135
492
-2609
649
-4346
-3648
-491
41
175
-63
-694
-2399
-3647
572
-2220
-18764
-121
-940
-5179
-4613
-2803
-3467
-17940
-217
-919
30
654
-893
-971
-3630
-2590
-2437
72
895
-1475
-1446
-4018
-3589
-1512
-18
1410
-27
-390
-1639
-2447
-242
-2235
-13114
-72
128
-4681
-3970
-1451
-3897
-11479
133
600
53
595
-1018
-2771
-2793
-2397
-2222
103
526
-1434
-3613
-3370
-3412
-1009
-125
167
-205
-738
-843
-1397
-12
-2101
-14244
-99
-338
-2947
-1714
-1046
-3333
-12108
106
-416
-269
119
-3468
-2887
-2318
-5030
-4365
-367
-418
-4928
-4023
-4527
-5750
-280
-90
-762
209
4597
-6561
-4394
2051
-4162
-29377
338
4387
-9217
-4896
-386
-5702
-26535
366
2903
-604
-553
-14434
-11387
-15059
-14235
-13796
-222
-573
-8590
-7054
-10111
-6964
-7662
219
-277
-158
995
-13578
-14699
12781
-13797
15308
567
1119
-10217
-8470
10569
-8121
-12187
668
748
-379
515
-8592
-8241
-7093
-9340
-8154
-230
-407
-6084
-4556
-5364
-4988
-4602
166
280
-17
-4526
-8474
-8909
8531
-7909
-9490
420
-5375
-6759
-4875
6478
-4427
-25223
428
-4161
-77
3676
-2771
-5084
-2091
-3188
-2651
-259
1387
-3758
-4293
-2328
-4095
-2919
-42
1063
135
203
-2517
-3017
3561
-2641
32505
113
-1077
-3328
-4195
1660
-3504
-28104
123
-318
-257
4615
-3027
-3540
-2047
-3088
-2398
-209
3759
-4091
-3111
-2405
-4384
-1651
75
2827
36
-347
-2795
-3510
4044
-2684
31293
81
-499
-4704
-4229
518
-4021
-27465
127
-563
-122
-421
-3037
90
-4335
-2942
-3263
-113
-173
-2884
557
-2574
-3219
-2317
118
-501
119
-1431
-3968
-4119
1172
-3022
-13747
8
-480
-4400
-3818
-2172
-3401
-16329
-80
-33
-84
-1705
-1227
1094
-2710
-1680
-1688
2
-387
-2599
223
-2218
-3429
-1545
99
-137
76
612
-1578
-2136
-634
-1387
-16801
-4
68
-3865
-3512
-2926
-3740
-12412
1
333
-9
-1376
-1022
-1012
-2014
-981
-1664
66
-505
-1751
-2598
-2315
-2952
516
-97
-459
-47
-326
-905
-1805
-509
-1420
-17671
8
-22
-2961
-1796
-2767
-3003
-16359
107
-406
135
179
-3384
-4090
-3392
-4691
-4601
103
-281
-3234
-3483
-4082
-4649
-205
45
-939
-159
1039
-5635
-4435
3183
-4456
-19383
-125
927
-6022
-3241
-979
-3933
-24368
41
629
-134
-2937
-7943
-5518
-7399
-6687
-6425
-172
-4869
-6638
-3548
-6295
-5335
-1775
40
-2134
94
1450
-6752
-6526
7036
-6404
-20597
184
226
-6309
-5677
2421
-5182
-26689
265
-848
12
-738
-6319
-6793
-7450
-6976
-6369
-332
-3433
-5612
-4811
-4788
-5718
-3539
89
-2157
369
240
-3012
-6832
4634
-6063
-24719
217
-535
-2577
-5128
733
-5062
-32002
447
-102
-338
1120
-9050
-10615
-10620
-9475
-9335
-203
1011
-6659
-6557
-7191
-6166
-4985
148
439
-8
6337
-9356
-9676
10564
-8746
-14213
357
7007
-7853
-6544
6175
-6719
-28857
515
5435
-577
1330
-16550
-16621
-17404
-16892
-16629
-229
1197
-8802
-9787
-10430
-7581
-9402
240
1165
-164
-1736
-17097
-16739
16974
-16638
21689
540
-1647
-10414
-8562
11594
-9101
-13947
729
-1271
-232
1229
-4671
-3127
-875
-3904
-3449
-238
778
-5510
-2533
-1592
-4343
-2421
141
580
39
-6754
-4228
-4008
1634
-3379
-27960
75
-6495
-4459
-3358
-1473
-3607
-26761
282
-4245
-178
-540
-1988
637
-591
-1338
-1305
-222
-661
-3045
-514
-371
-2392
-61
134
-594
167
301
-1476
-2098
-790
-1011
-21095
-43
-404
-2981
-1839
-2912
-2458
-19930
92
582
-210
-1393
-1185
-336
-1006
-1407
-1976
-99
-649
-2992
-3055
-1661
-3646
1679
-111
-765
16
-114
-1611
-2520
-1179
-1627
-16439
-4
-21
-4263
-2609
-4873
-3906
-12223
14
-620
327
-305
-2886
-2905
-1483
-3448
-3810
294
-456
-4458
-3552
-5140
-5612
-1522
25
-963
-293
212
-1290
-3604
-2767
-3776
-20676
-363
-404
-1752
-4176
-6107
-4116
-17337
-243
10
348
-11
-1771
-1982
-2158
-1263
-1929
124
-527
-4065
-4352
-4593
-4857
615
-24
-306
29
961
-948
-1367
-397
-1878
-30823
-244
-494
-3678
-3771
-5075
-3088
-19680
-229
94
204
627
-3431
-5026
-4694
-2364
-3610
1
235
-4474
-6499
-2702
-4324
-438
-153
1050
281
1060
-1489
-2897
1895
-3403
-22615
-72
829
-3281
-3849
-3016
-3557
-20067
115
1002
-132
-809
-7545
-8856
-7967
-6923
-7210
-52
-1383
-6194
-6751
-4149
-5349
-2750
-78
366
93
1987
-8170
-5161
7584
-7120
-12206
286
3224
-7288
-6275
2958
-5868
-19546
435
2684
-233
-4782
-8987
-8436
-6312
-7872
-7200
-117
-5867
-8292
-7359
-4208
-6348
-2516
94
-3280
-53
-2672
-8972
-5129
8711
-7194
-20163
329
-1945
-7349
-6440
3729
-5897
-21018
445
-1453
-164
-961
-6098
-4815
-2937
-5571
-4513
-121
-1862
-5292
-3618
-2508
-3932
-2659
134
-497
-144
-3081
-4483
-4172
3771
-4476
-16872
9
-2848
-4017
-2335
1207
-3681
-20594
136
-2005
-295
2
-2370
-1274
-1152
-1974
-1957
-260
-151
-3385
-3270
-1461
-2304
1003
33
-4
62
-476
-1715
-2779
725
-1827
-15102
-42
-1296
-3643
-1691
-1421
-2589
-14229
114
-843
-428
-609
-546
-28
-1179
-1531
-1370
-207
-717
-2136
-2983
-1625
-3372
2185
-184
-1232
-51
-314
-1641
-1691
-5
-1106
-20219
-60
-147
-4686
-1768
-3574
-3029
-16397
-32
-659
157
-628
-4368
-2102
-591
-3139
-3968
66
204
-5121
-1503
-5299
-4138
-1363
7
-130
-316
318
-759
-4673
-3846
-3997
-19966
-317
79
-1561
-4248
-6633
-3378
-19676
-161
-51
167
-2019
-2930
-74
-2209
-534
-2518
-75
-38
-5792
-1537
-7323
-4154
781
-105
-211
-157
707
-2249
-2767
-1710
-2283
-29011
-215
105
-5870
-5751
-6761
-2672
-17549
-188
1653
-37
-1010
-3290
-2326
-4978
796
-2943
-88
461
-5137
-3909
-7141
-2876
1092
-197
1299
7
361
-3312
-2705
1386
-2659
-23346
-89
-154
-6568
-5002
-3767
-1948
-15418
121
733
-21
-1604
-2453
-1791
-3789
1821
-2520
51
-1184
-4686
-3326
-4751
-3497
-467
-159
-1007
2
786
-3760
-2389
-941
-2537
-26586
80
937
-6320
-5483
-4592
-3422
-15486
67
417
-46
-2144
-3515
-2901
-337
-557
-2793
-87
-2950
-4028
-3919
-154
-3603
-1257
-113
-2487
21
-1823
-3769
-1965
-1642
-2534
-30328
241
-838
-4999
-3276
-4245
-2656
-24787
90
-783
-143
-1725
-3957
-3040
1208
-2828
-3003
-170
-2580
-4074
-3926
607
-2980
-1238
-39
-1479
-137
-1214
-4096
-2807
-98
-2742
-21061
-65
-573
-4275
-1525
-2992
-2274
-20158
11
-456
-384
-319
-3009
-3151
-2380
-2516
-2660
-224
-51
-3330
-4635
-3204
-2349
876
-218
37
-105
-757
-2852
-3694
3779
-2401
-16042
27
-666
-4369
-1489
-32
-2177
-17797
90
-697
-389
-421
-1159
-1269
-2800
-2296
-1783
-249
-104
-1968
-2948
-3404
-3117
1191
-210
-680
-140
-708
-2175
-2582
2806
-1673
-16159
-119
66
-3942
-1794
-1368
-2805
-14463
-45
-365
56
-1484
-3877
-2431
-1748
-2115
-3693
-99
-1888
-3774
-1387
-4594
-2576
-490
47
-1219
-229
112
-4135
-4603
589
-3692
-13012
-353
837
-3504
-3815
-3521
-2743
-15966
-125
261
-210
-2118
-3785
-2623
-3147
607
-3364
-198
-1366
-3650
-1964
-4971
-669
119
-138
-911
-176
-258
-5101
-4082
1359
-3156
-14570
-251
-16
-5245
-3721
-3664
-1888
-16800
88
1205
-357
-2304
-5146
-3048
-6059
475
-3745
-176
-1392
-5395
-2240
-6456
-968
-162
-139
-1328
-137
114
-4427
-4418
3652
-3429
-14102
-95
693
-4968
-3985
-1506
-1401
-17026
52
729
-60
-1540
-3948
-1539
-4759
-578
-3469
-77
-1002
-4448
-136
-5670
-2420
-1806
-5
-1487
-166
-214
-2747
-4201
430
-3263
-10618
-305
-1333
-3227
-4251
-3633
-2160
-10839
-160
-1124
-115
-869
-1189
-545
108
-220
-925
-202
38
-953
-389
-914
-1086
-586
-140
-601
-239
-1155
-1926
-1314
-419
-807
-17675
-327
-1534
-2346
-1168
-2073
-595
-18459
-67
-1077
-312
-276
-2185
-2358
419
-1765
-1856
-132
-299
-1529
-2664
-1069
-1970
136
-284
-457
-297
-19
-3108
-1802
655
-1569
-17178
-306
628
-3683
-1767
-1259
-1545
-19375
-11
703
-381
-124
-3274
-3777
-3429
-2359
-2796
-258
-574
-2559
-3764
-4329
-2290
-244
-302
-107
-252
-636
-2376
-3555
3373
-2501
-13854
-142
-75
-3144
-2900
232
-2661
-16746
-10
132
-332
-361
-1532
-2151
-2931
-1969
-2182
-326
-742
-1640
-2568
-3906
-2924
-856
-156
-693
-178
-580
-1914
-2869
1731
-2070
-14454
-180
64
-3126
-3058
-1277
-3255
-13145
-36
276
0
0
0
0
0
0
0
0
0
0
0
-1486
-1544
-2235
192
-1514
0
0
0
0
0
0
0
0
0
0
0
124
-1832
-1169
-1459
-11937
0
0
0
0
0
0
0
0
0
0
0
-1047
-1340
-806
-189
-1092
0
0
0
0
0
0
0
0
0
0
0
-329
-1851
-185
-939
-16834
0
0
0
0
0
0
0
0
0
0
0
-1396
-792
-925
234
-1063
0
0
0
0
0
0
0
0
0
0
0
-21
-1839
-507
-757
-16667
0
0
0
0
0
0
0
0
0
0
0
-1509
-977
-1130
107
-1355
0
0
0
0
0
0
0
0
0
0
0
30
-2270
-582
-1117
-13394
0
0
0
0
0
0
0
0
0
0
0
-1616
-1307
-1079
-613
-1646
0
0
0
0
0
0
0
0
0
0
0
-86
-2553
-613
-1397
-11491
0
0
0
0
0
0
0
0
0
0
0
-1288
-1329
-59
-1238
-1195
0
0
0
0
0
0
0
0
0
0
0
-144
-2227
-355
-1131
-15705
0
0
0
0
0
0
0
0
0
0
0
-1681
-2212
126
-1640
-1552
0
0
0
0
0
0
0
0
0
0
0
433
-2019
-1036
-1617
-14957
0
0
0
0
0
0
0
0
0
0
0
-821
-1697
-701
-1205
-1351
0
0
0
0
0
0
0
0
0
0
0
-266
-545
-1788
-1461
-15572
0
0
0
0
0
0
0
0
0
0
0
-1844
-1386
-1874
-682
-1263
0
0
0
0
0
0
0
0
0
0
0
35
-1427
423
-1131
-16686
0
0
0
0
0
0
0
0
0
0
0
-2315
-1368
-1274
-1206
-1746
0
0
0
0
0
0
0
0
0
0
0
-446
-1691
-1044
-1618
-17327
0
0
0
0
0
0
0
0
0
0
0
-2425
-961
-842
211
-1607
0
0
0
0
0
0
0
0
0
0
0
-1246
-2198
-1686
-1452
-17592
0
0
0
0
0
0
0
0
0
0
0
-2485
-1587
-2299
188
-1677
0
0
0
0
0
0
0
0
0
0
0
-181
-2651
-457
-1465
-17855
0
0
0
0
0
0
0
0
0
0
0
-2708
-1551
-2548
-12
-1957
0
0
0
0
0
0
0
0
0
0
0
61
-3768
241
-1651
-16280
0
0
0
0
0
0
0
0
0
0
0
-2242
-1019
-2888
-1642
-2133
0
0
0
0
0
0
0
0
0
0
0
-483
-4344
1467
-1881
-14802
0
0
0
0
0
0
0
0
0
0
0
-1856
-1791
-1255
-1772
-1666
0
0
0
0
0
0
0
0
0
0
0
975
-3075
-114
-1619
-19108
0
0
0
0
0
0
0
0
0
0
0
-706
-1722
-984
-1707
-1280
0
0
0
0
0
0
0
0
0
0
0
353
-1214
-702
-1315
-15234
0
0
0
0
0
0
0
0
0
0
0
-2350
-2784
-1176
-2605
-2377
0
0
0
0
0
0
0
0
0
0
0
-2516
-56
-453
-2332
-24082
0
0
0
0
0
0
0
0
0
0
0
-4159
-4333
-3395
-5951
-4622
0
0
0
0
0
0
0
0
0
0
0
-3646
-1798
656
-4532
-22968
0
0
0
0
0
0
0
0
0
0
0
-1978
-1976
-1878
-2179
-2164
0
0
0
0
0
0
0
0
0
0
0
-2837
-2103
1770
-1915
-22299
0
0
0
0
0
0
0
0
0
0
0
-2283
-2040
-1494
-467
-1439
0
0
0
0
0
0
0
0
0
0
0
-1405
-665
240
-1351
-16331
0
0
0
0
0
0
0
0
0
0
0
-2768
-1382
-2170
-126
-1742
0
0
0
0
0
0
0
0
0
0
0
-1176
-2354
387
-1665
-15697
0
0
0
0
0
0
0
0
0
0
0
-2595
-581
-3749
-971
-2242
0
0
0
0
0
0
0
0
0
0
0
-1296
-3600
1262
-2143
-16179
0
0
0
0
0
0
0
0
0
0
0
-2101
-905
-2962
-1940
-1697
0
0
0
0
0
0
0
0
0
0
0
-413
-2218
1544
-1584
-13913
0
0
0
0
0
0
0
0
0
0
0
-2067
-2394
-2375
-2414
-2202
0
0
0
0
0
0
0
0
0
0
0
498
-1689
-658
-2136
-11628
0
0
0
0
0
0
0
0
0
0
0
-3594
-2524
-2743
-3379
-3369
0
0
0
0
0
0
0
0
0
0
0
-4399
-2314
1220
-3473
-30027
0
0
0
0
0
0
0
0
0
0
0
-12283
-10265
-11635
-13486
-11475
0
0
0
0
0
0
0
0
0
0
0
-11079
-11923
11119
-11556
8677
0
0
0
0
0
0
0
0
0
0
0
-6374
-6657
-5815
-7644
-6213
0
0
0
0
0
0
0
0
0
0
0
-7380
-3743
6157
-5653
-17811
0
0
0
0
0
0
0
0
0
0
0
-2819
-4413
-2016
-2543
-2928
0
0
0
0
0
0
0
0
0
0
0
-3392
-133
806
-2624
-29105
0
0
0
0
0
0
0
0
0
0
0
-2239
-3389
-2467
-2177
-3078
0
0
0
0
0
0
0
0
0
0
0
-3139
-3062
1999
-2883
-27470
0
0
0
0
0
0
0
0
0
0
0
-2196
-522
-3563
-1441
-2355
0
0
0
0
0
0
0
0
0
0
0
-3308
-3378
2520
-2230
-15298
0
0
0
0
0
0
0
0
0
0
0
-1422
258
-1645
-701
-1036
0
0
0
0
0
0
0
0
0
0
0
-610
-1483
917
-860
-17430
0
0
0
0
0
0
0
0
0
0
0
-2848
-1835
-1765
-986
-2561
0
0
0
0
0
0
0
0
0
0
0
-297
-2334
-1743
-2422
-11071
0
0
0
0
0
0
0
0
0
0
0
-2687
-3486
-4138
-2020
-3250
0
0
0
0
0
0
0
0
0
0
0
-3290
-3444
1895
-3296
-21481
0
0
0
0
0
0
0
0
0
0
0
-5405
-6173
-8316
-3193
-6038
0
0
0
0
0
0
0
0
0
0
0
-6439
-6571
4992
-5925
-19051
0
0
0
0
0
0
0
0
0
0
0
-5404
-5951
-7306
-1815
-4744
0
0
0
0
0
0
0
0
0
0
0
-3265
-4351
2895
-4499
-30200
0
0
0
0
0
0
0
0
0
0
0
-9726
-8958
-9114
-7642
-8034
0
0
0
0
0
0
0
0
0
0
0
-7735
-6409
8036
-7865
-18649
0
0
0
0
0
0
0
0
0
0
0
-14564
-13132
-13049
-14327
-13081
0
0
0
0
0
0
0
0
0
0
0
-13451
-12947
13631
-12947
8121
0
0
0
0
0
0
0
0
0
0
0
-3002
-3426
-1569
-2097
-3388
0
0
0
0
0
0
0
0
0
0
0
-5014
-1619
878
-3023
-28030
0
0
0
0
0
0
0
0
0
0
0
-1151
-16
148
-152
-1065
0
0
0
0
0
0
0
0
0
0
0
-1427
-857
-739
-720
-21459
0
0
0
0
0
0
0
0
0
0
0
-1821
-458
88
-727
-1750
0
0
0
0
0
0
0
0
0
0
0
-444
-2451
-1580
-1443
-15551
0
0
0
0
0
0
0
0
0
0
0
-2116
-2748
-2731
-845
-2816
0
0
0
0
0
0
0
0
0
0
0
-552
-3589
-2375
-2804
-19981
0
0
0
0
0
0
0
0
0
0
0
-3552
-3903
-5027
572
-3836
0
0
0
0
0
0
0
0
0
0
0
-2670
-3824
-1177
-4019
-17240
0
0
0
0
0
0
0
0
0
0
0
-5489
-6080
-6560
231
-4821
0
0
0
0
0
0
0
0
0
0
0
-4067
-5387
1626
-5186
-14492
0
0
0
0
0
0
0
0
0
0
0
-7852
-7154
-7432
-4160
-6435
0
0
0
0
0
0
0
0
0
0
0
-7542
-4602
5291
-6483
-16796
0
0
0
0
0
0
0
0
0
0
0
-7363
-7309
-5535
-5200
-6756
0
0
0
0
0
0
0
0
0
0
0
-9034
-2524
2617
-6554
-21027
0
0
0
0
0
0
0
0
0
0
0
-4598
-4264
-2272
-4385
-3927
0
0
0
0
0
0
0
0
0
0
0
-4812
7
794
-3734
-18313
0
0
0
0
0
0
0
0
0
0
0
-1745
-598
264
-2376
-1469
0
0
0
0
0
0
0
0
0
0
0
-990
-1610
54
-1208
-16480
0
0
0
0
0
0
0
0
0
0
0
-1200
-80
-306
-1977
-1557
0
0
0
0
0
0
0
0
0
0
0
-223
-1918
-696
-1213
-17373
0
0
0
0
0
0
0
0
0
0
0
-2103
-2700
-2794
-560
-3109
0
0
0
0
0
0
0
0
0
0
0
-577
-3943
-3203
-2945
-19604
0
0
0
0
0
0
0
0
0
0
0
-2403
-1750
-3869
1166
-2920
0
0
0
0
0
0
0
0
0
0
0
-3352
-4307
-1205
-3136
-22015
0
0
0
0
0
0
0
0
0
0
0
-5348
-3855
-5644
1366
-4452
0
0
0
0
0
0
0
0
0
0
0
-5270
-5495
872
-4669
-12983
0
0
0
0
0
0
0
0
0
0
0
-5567
-3192
-4448
3334
-4370
0
0
0
0
0
0
0
0
0
0
0
-4766
-4812
-2740
-4410
-15864
0
0
0
0
0
0
0
0
0
0
0
-5503
-4269
-2029
-181
-5117
0
0
0
0
0
0
0
0
0
0
0
-5589
-2972
-4522
-5168
-16794
0
0
0
0
0
0
0
0
0
0
0
-3235
-2987
1274
-4098
-3276
0
0
0
0
0
0
0
0
0
0
0
-4412
-1310
-1445
-3401
-16974
0
0
0
0
0
0
0
0
0
0
0
-2527
-1947
-600
-3752
-2414
0
0
0
0
0
0
0
0
0
0
0
-2281
-2884
2691
-2218
-15923
0
0
0
0
0
0
0
0
0
0
0
-1632
-1099
-1963
-2262
-1670
0
0
0
0
0
0
0
0
0
0
0
-568
-2671
2305
-1520
-14220
0
0
0
0
0
0
0
0
0
0
0
-2441
-2465
-2605
-888
-2667
0
0
0
0
0
0
0
0
0
0
0
-2417
-3180
239
-2412
-15267
0
0
0
0
0
0
0
0
0
0
0
-2767
-2266
-2862
1026
-2495
0
0
0
0
0
0
0
0
0
0
0
-4129
-3546
791
-2445
-17803
0
0
0
0
0
0
0
0
0
0
0
-4172
-2775
-4496
588
-3299
0
0
0
0
0
0
0
0
0
0
0
-4477
-4410
2112
-3233
-15198
0
0
0
0
0
0
0
0
0
0
0
-2755
-800
-2809
172
-2026
0
0
0
0
0
0
0
0
0
0
0
-1396
-3070
-208
-1850
-15321
0
0
0
0
0
0
0
0
0
0
0
-1190
-305
224
-298
-842
0
0
0
0
0
0
0
0
0
0
0
-873
-652
-1020
-732
-17087
0
0
0
0
0
0
0
0
0
0
0
-1507
-1818
530
-2491
-1904
0
0
0
0
0
0
0
0
0
0
0
-2713
-1694
368
-1908
-15296
0
0
0
0
0
0
0
0
0
0
0
-2653
-2465
-2210
-2907
-2345
0
0
0
0
0
0
0
0
0
0
0
-1774
-2843
2688
-2242
-13782
0
0
0
0
0
0
0
0
0
0
0
-2185
-1551
-2064
-1712
-1480
0
0
0
0
0
0
0
0
0
0
0
286
-2444
1607
-1422
-14783
0
0
0
0
0
0
0
0
0
0
0
0
0
0
0
0
0
0
0
0
0
0
0
0
0
0
0
0
0
0
0
0
0
0
0
0
0
0
0
0
0
0
0
0
0
0
0
0
0
0
0
0
0
0
0
0
0
0
0
0
0
0
0
0
0
0
0
0
0
0
0
0
0
0
0
0
0
0
0
0
0
0
0
0
0
0
0
0
0
0
0
0
0
0
0
0
0
0
0
0
0
0
0
0
0
0
0
0
0
0
0
0
0
0
0
0
0
0
0
0
0
0
0
0
0
0
0
0
0
0
0
0
0
0
0
0
0
0
0
0
0
0
0
0
0
0
0
0
0
0
0
0
0
0
0
0
0
0
0
0
0
0
0
0
0
0
0
0
0
0
0
0
0
0
0
0
0
0
0
0
0
0
0
0
0
0
0
0
0
0
0
0
0
0
0
0
0
0
0
0
0
0
0
0
0
0
0
0
0
0
0
0
0
0
0
0
0
0
0
0
0
0
0
0
0
0
0
0
0
0
0
0
0
0
0
0
0
0
0
0
0
0
0
0
0
0
0
0
0
0
0
0
0
0
0
0
0
0
0
0
0
0
0
0
0
0
0
0
0
0
0
0
0
0
0
0
0
0
0
0
0
0
0
0
0
0
0
0
0
0
0
0
0
0
0
0
0
0
0
0
0
0
0
0
0
0
0
0
0
0
0
0
0
0
0
0
0
0
0
0
0
0
0
0
0
0
0
0
0
0
0
0
0
0
0
0
0
0
0
0
0
0
0
0
0
0
0
0
0
0
0
0
0
0
0
0
0
0
0
0
0
0
0
0
0
0
0
0
0
0
0
0
0
0
0
0
0
0
0
0
0
0
0
0
0
0
0
0
0
0
0
0
0
0
0
0
0
0
0
0
0
0
0
0
0
0
0
0
0
0
0
0
0
0
0
0
0
0
0
0
0
0
0
0
0
0
0
0
0
0
0
0
0
0
0
0
0
0
0
0
0
0
0
0
0
0
0
0
0
0
0
0
0
0
0
0
0
0
0
0
0
0
0
0
0
0
0
0
0
0
0
0
0
0
0
0
0
0
0
0
0
0
0
0
0
0
0
0
0
0
0
0
0
0
0
0
0
0
0
0
0
0
0
0
0
0
0
0
0
0
0
0
0
0
0
0
0
0
0
0
0
0
0
0
0
0
0
0
0
0
0
0
0
0
0
0
0
0
0
0
0
0
0
0
0
0
0
0
0
0
0
0
0
0
0
0
0
0
0
0
0
0
0
0
0
0
0
0
0
0
0
0
0
0
0
0
0
0
0
0
0
0
0
0
0
0
0
0
0
0
0
0
0
0
0
0
0
0
0
0
0
0
0
0
0
0
0
0
0
0
0
0
0
0
0
0
0
0
0
0
0
0
0
0
0
0
0
0
0
0
0
0
0
0
0
0
0
0
0
0
0
0
0
0
0
0
0
0
0
0
0
0
0
0
0
0
0
0
0
0
0
0
0
0
0
0
0
0
0
0
0
0
0
0
0
0
0
0
0
0
0
0
0
0
0
0
0
0
0
0
0
0
0
0
0
0
0
0
0
0
0
0
0
0
0
0
0
0
0
0
0
0
0
0
0
0
0
0
0
0
0
0
0
0
0
0
0
0
0
0
0
0
0
0
0
0
0
0
0
0
0
0
0
0
0
0
0
0
0
0
0
0
0
0
0
0
0
0
0
0
0
0
0
0
0
0
0
0
0
0
0
0
0
0
0
0
0
0
0
0
0
0
0
0
0
0
0
0
0
0
0
0
0
0
0
0
0
0
0
0
0
0
0
0
0
0
0
0
0
0
0
0
0
0
0
0
0
0
0
0
0
0
0
0
0
0
0
0
0
0
0
0
0
0
0
0
0
0
0
0
0
0
0
0
0
0
0
0
0
0
0
0
0
0
0
0
0
0
0
0
0
0
0
0
0
0
0
0
0
0
0
0
0
0
0
0
0
0
0
0
0
0
0
0
0
0
0
0
0
0
0
0
0
0
0
0
0
0
0
0
0
0
0
0
0
0
0
0
0
0
0
0
0
0
0
0
0
0
0
0
0
0
0
0
0
0
0
0
0
0
0
0
0
0
0
0
0
0
0
0
0
0
0
0
0
0
0
0
0
0
0
0
0
0
0
0
0
0
0
0
0
0
0
0
0
0
0
0
0
0
0
0
0
0
0
0
0
0
0
0
0
0
0
0
0
0
0
0
0
0
0
0
0
0
0
0
0
0
0
0
0
0
0
0
0
0
0
0
0
0
0
0
0
0
0
0
0
0
0
0
0
0
0
0
0
0
0
0
0
0
0
0
0
0
0
0
0
0
0
0
0
0
0
0
0
0
0
0
0
0
0
0
0
0
0
0
0
0
0
0
0
0
0
0
0
0
0
0
0
0
0
0
0
0
0
0
0
0
0
0
0
0
0
0
0
0
0
0
0
0
0
0
0
0
0
0
0
0
0
0
0
0
0
0
0
0
0
0
0
0
0
0
0
0
0
0
0
0
0
0
0
0
0
0
0
0
0
0
0
0
0
0
0
0
0
0
0
0
0
0
0
0
0
0
0
0
0
0
0
0
0
0
0
0
0
0
0
0
0
0
0
0
0
0
0
0
0
0
0
0
0
0
0
0
0
0
0
0
0
0
0
0
0
0
0
0
0
0
0
0
0
0
0
0
0
0
0
0
0
0
0
0
0
0
0
0
0
0
0
0
0
0
0
0
0
0
0
0
0
0
0
0
0
0
0
0
0
0
0
0
0
0
0
0
0
0
0
0
0
0
0
0
0
0
0
0
0
0
0
0
0
0
0
0
0
0
0
0
0
0
0
0
0
0
0
0
0
0
0
0
0
0
0
0
0
0
0
0
0
0
0
0
0
0
0
0
0
0
0
0
0
0
0
0
0
0
0
0
0
0
0
0
0
0
0
0
0
0
0
0
0
0
0
0
0
0
0
0
0
0
0
0
0
0
0
0
0
0
0
0
0
0
0
0
0
0
0
0
0
0
0
0
0
0
0
0
0
0
0
0
0
0
0
0
0
0
0
0
0
0
0
0
0
0
0
0
0
0
0
0
0
0
0
0
0
0
0
0
0
0
0
0
0
0
0
0
0
0
0
0
0
0
0
0
0
0
0
0
0
0
0
0
0
0
0
0
0
0
0
0
0
0
0
0
0
0
0
0
0
0
0
0
0
0
0
0
0
0
0
0
0
0
0
0
0
0
0
0
0
0
0
0
0
0
0
0
0
0
0
0
0
0
0
0
0
0
0
0
0
0
0
0
0
0
0
0
0
0
0
0
0
0
0
0
0
0
0
0
0
0
0
0
0
0
0
0
0
0
0
0
0
0
0
0
0
0
0
0
0
0
0
0
0
0
0
0
0
0
0
0
0
0
0
0
0
0
0
0
0
0
0
0
0
0
0
0
0
0
0
0
0
0
0
0
0
0
0
0
0
0
0
0
0
0
0
0
0
0
0
0
0
0
0
0
0
0
0
0
0
0
0
0
0
0
0
0
0
0
0
0
0
0
0
0
0
0
0
0
0
0
0
0
0
0
0
0
0
0
0
0
0
0
0
0
0
0
0
0
0
0
0
0
0
0
0
0
0
0
0
0
0
0
0
0
0
0
0
0
0
0
0
0
0
0
0
0
0
0
0
0
0
0
0
0
0
0
0
0
0
0
0
0
0
0
0
0
0
0
0
0
0
0
0
0
0
0
0
0
0
0
0
0
0
0
0
0
0
0
0
0
0
0
0
0
0
0
0
0
0
0
0
0
0
0
0
0
0
0
0
0
0
0
0
0
0
0
0
0
0
0
0
0
0
0
0
0
0
0
0
0
0
0
0
0
0
0
0
0
0
0
0
0
0
0
0
0
0
0
0
0
0
0
0
0
0
0
0
0
0
0
0
0
0
0
0
0
0
0
0
0
0
0
0
0
0
0
0
0
0
0
0
0
0
0
0
0
0
0
0
0
0
0
0
0
0
0
0
0
0
0
0
0
0
0
0
0
0
0
0
0
0
0
0
0
0
0
0
0
0
0
0
0
0
0
0
0
0
0
0
0
0
0
0
0
0
0
0
0
0
0
0
0
0
0
0
0
0
0
0
0
0
0
0
0
0
0
0
0
0
0
0
0
0
0
0
0
0
0
0
0
0
0
0
0
0
0
0
0
0
0
0
0
0
0
0
0
0
0
0
0
0
0
0
0
0
0
0
0
0
0
0
0
0
0
0
0
0
0
0
0
0
0
0
0
0
0
0
0
0
0
0
0
0
0
0
0
0
0
0
0
0
0
0
0
0
0
0
0
0
0
0
0
0
0
0
0
0
0
0
0
0
0
0
0
0
0
0
0
0
0
0
0
0
0
0
0
0
0
0
0
0
0
0
0
0
0
0
0
0
0
0
0
0
0
0
0
0
0
0
0
0
0
0
0
0
0
0
0
0
0
0
0
0
0
0
0
0
0
0
0
0
0
0
0
0
0
0
0
0
0
0
0
0
0
0
0
0
0
0
0
0
0
0
0
0
0
0
0
0
0
0
0
0
0
0
0
0
0
0
0
0
0
0
0
0
0
0
0
0
0
0
0
0
0
0
0
0
0
0
0
0
0
0
0
0
0
0
0
0
0
0
0
0
0
0
0
0
0
0
0
0
0
0
0
0
0
0
0
0
0
0
0
0
0
0
0
0
0
0
0
0
0
0
0
0
0
0
0
0
0
0
0
0
0
0
0
0
0
0
0
0
0
0
0
0
0
0
0
0
0
0
0
0
0
0
0
0
0
0
0
0
0
0
0
0
0
0
0
0
0
0
0
0
0
0
0
0
0
0
0
0
0
0
0
0
0
0
0
0
0
0
0
0
0
0
0
0
0
0
0
0
0
0
0
0
0
0
0
0
0
0
0
0
0
0
0
0
0
0
0
0
0
0
0
0
0
0
0
0
0
0
0
0
0
0
0
0
0
0
0
0
0
0
0
0
0
0
0
0
0
0
0
0
0
0
0
0
0
0
0
0
0
0
0
0
0
0
0
0
0
0
0
0
0
0
0
0
0
0
0
0
0
0
0
0
0
0
0
0
0
0
0
0
0
0
0
0
0
0
0
0
0
0
0
0
0
0
0
0
0
0
0
0
0
0
0
0
0
0
0
0
0
0
0
0
0
0
0
0
0
0
0
0
0
0
0
0
0
0
0
0
0
0
0
0
0
0
0
0
0
0
0
0
0
0
0
0
0
0
0
0
0
0
0
0
0
0
0
0
0
0
0
0
0
0
0
0
0
0
0
0
0
0
0
0
0
0
0
0
0
0
0
0
0
0
0
0
0
0
0
0
0
0
0
0
0
0
0
0
0
0
0
0
0
0
0
0
0
0
0
0
0
0
0
0
0
0
0
0
0
0
0
0
0
0
0
0
0
0
0
0
0
0
0
0
0
0
0
0
0
0
0
0
0
0
0
0
0
0
0
0
0
0
0
0
0
0
0
0
0
0
0
0
0
0
0
0
0
0
0
0
0
0
0
0
0
0
0
0
0
0
0
0
0
0
0
0
0
0
0
0
0
0
0
0
0
0
0
0
0
0
0
0
0
0
0
0
0
0
0
0
0
0
0
0
0
0
0
0
0
0
0
0
0
0
0
0
0
0
0
0
0
0
0
0
0
0
0
0
0
0
0
0
0
0
0
0
0
0
0
0
0
0
0
0
0
0
0
0
0
0
0
0
0
0
0
0
0
0
0
0
0
0
0
0
0
0
0
0
0
0
0
0
0
0
0
0
0
0
0
0
0
0
0
0
0
0
0
0
0
0
0
0
0
0
0
0
0
0
0
0
0
0
0
0
0
0
0
0
0
0
0
0
0
0
0
0
0
0
0
0
0
0
0
0
0
0
0
0
0
0
0
0
0
0
0
0
0
0
0
0
0
0
0
0
0
0
0
0
0
0
0
0
0
0
0
0
0
0
0
0
0
0
0
0
0
0
0
0
0
0
0
0
0
0
0
0
0
0
0
0
0
0
0
0
0
0
0
0
0
0
0
0
0
0
0
0
0
0
0
0
0
0
0
0
0
0
0
0
0
0
0
0
0
0
0
0
0
0
0
0
0
0
0
0
0
0
0
0
0
0
0
0
0
0
0
0
0
0
0
0
0
0
0
0
0
0
0
0
0
0
0
0
0
0
0
0
0
0
0
0
0
0
0
0
0
0
0
0
0
0
0
0
0
0
0
0
0
0
0
0
0
0
0
0
0
0
0
0
0
0
0
0
0
0
0
0
0
0
0
0
0
0
0
0
0
0
0
0
0
0
0
0
0
0
0
0
0
0
0
0
0
0
0
0
0
0
0
0
0
0
0
0
0
0
0
0
0
0
0
0
0
0
0
0
0
0
0
0
0
0
0
0
0
0
0
0
0
0
0
0
0
0
0
0
0
0
0
0
0
0
0
0
0
0
0
0
0
0
0
0
0
0
0
0
0
0
0
0
0
0
0
0
0
0
0
0
0
0
0
0
0
0
0
0
0
0
0
0
0
0
0
0
0
0
0
0
0
0
0
0
0
0
0
0
0
0
0
0
0
0
0
0
0
0
0
0
0
0
0
0
0
0
0
0
0
0
0
0
0
0
0
0
0
0
0
0
0
0
0
0
0
0
0
0
0
0
0
0
0
0
0
0
0
0
0
0
0
0
0
0
0
0
0
0
0
0
0
0
0
0
0
0
0
0
0
0
0
0
0
0
0
0
0
0
0
0
0
0
0
0
0
0
0
0
0
0
0
0
0
0
0
0
0
0
0
0
0
0
0
0
0
0
0
0
0
0
0
0
0
0
0
0
0
0
0
0
0
0
0
0
0
0
0
0
0
0
0
0
0
0
0
0
0
0
0
0
0
0
0
0
0
0
0
0
0
0
0
0
0
0
0
0
0
0
0
0
0
0
0
0
0
0
0
0
0
0
0
0
0
0
0
0
0
0
0
0
0
0
0
0
0
0
0
0
0
0
0
0
0
0
0
0
0
0
0
0
0
0
0
0
0
0
0
0
0
0
0
0
0
0
0
0
0
0
0
0
0
0
0
0
0
0
0
0
0
0
0
0
0
0
0
0
0
0
0
0
0
0
0
0
0
0
0
0
0
0
0
0
0
0
0
0
0
0
0
0
0
0
0
0
0
0
0
0
0
0
0
0
0
0
0
0
0
0
0
0
0
0
0
0
0
0
0
0
0
0
0
0
0
0
0
0
0
0
0
0
0
0
0
0
0
0
0
0
0
0
0
0
0
0
0
0
0
0
0
0
0
0
0
0
0
0
0
0
0
0
0
0
0
0
0
0
0
0
0
0
0
0
0
0
0
0
0
0
0
0
0
0
0
0
0
0
0
0
0
0
0
0
0
0
0
0
0
0
0
0
0
0
0
0
0
0
0
0
0
0
0
0
0
0
0
0
0
0
0
0
0
0
0
0
0
0
0
0
0
0
0
0
0
0
0
0
0
0
0
0
0
0
0
0
0
0
0
0
0
0
0
0
0
0
0
0
0
0
0
0
0
0
0
0
0
0
0
0
0
0
0
0
0
0
0
0
0
0
0
0
0
0
0
0
0
0
0
0
0
0
0
0
0
0
0
0
0
0
0
0
0
0
0
0
0
0
0
0
0
0
0
0
0
0
0
0
0
0
0
0
0
0
0
0
0
0
0
0
0
0
0
0
0
0
0
0
0
0
0
0
0
0
0
0
0
0
0
0
0
0
0
0
0
0
0
0
0
0
0
0
0
0
0
0
0
0
0
0
0
0
0
0
0
0
0
0
0
0
0
0
0
0
0
0
0
0
0
0
0
0
0
0
0
0
0
0
0
0
0
0
0
0
0
0
0
0
0
0
0
0
0
0
0
0
0
0
0
0
0
0
0
0
0
0
0
0
0
0
0
0
0
0
0
0
0
0
0
0
0
0
0
0
0
0
0
0
0
0
0
0
0
0
0
0
0
0
0
0
0
0
0
0
0
0
0
0
0
0
0
0
0
0
0
0
0
0
0
0
0
0
0
0
0
0
0
0
0
0
0
0
0
0
0
0
0
0
0
0
0
0
0
0
0
0
0
0
0
0
0
0
0
0
0
0
0
0
0
0
0
0
0
0
0
0
0
0
0
0
0
0
0
0
0
0
0
0
0
0
0
0
0
0
0
0
0
0
0
0
0
0
0
0
0
0
0
0
0
0
0
0
0
0
0
0
0
0
0
0
0
0
0
0
0
0
0
0
0
0
0
0
0
0
0
0
0
0
0
0
0
0
0
0
0
0
0
0
0
0
0
0
0
0
0
0
0
0
0
0
0
0
0
0
0
0
0
0
0
0
0
0
0
0
0
0
0
0
0
0
0
0
0
0
0
0
0
0
0
0
0
0
0
0
0
0
0
0
0
0
0
0
0
0
0
0
0
0
0
0
0
0
0
0
0
0
0
0
0
0
0
0
0
0
0
0
0
0
0
0
0
0
0
0
0
0
0
0
0
0
0
0
0
0
0
0
0
0
0
0
0
0
0
0
0
0
0
0
0
0
0
0
0
0
0
0
0
0
0
0
0
0
0
0
0
0
0
0
0
0
0
0
0
0
0
0
0
0
0
0
0
0
0
0
0
0
0
0
0
0
0
0
0
0
0
0
0
0
0
0
0
0
0
0
0
0
0
0
0
0
0
0
0
0
0
0
0
0
0
0
0
0
0
0
0
0
0
0
0
0
0
0
0
0
0
0
0
0
0
0
0
0
0
0
0
0
0
0
0
0
0
0
0
0
0
0
0
0
0
0
0
0
0
0
0
0
0
0
0
0
0
0
0
0
0
0
0
0
0
0
0
0
0
0
0
0
0
0
0
0
0
0
0
0
0
0
0
0
0
0
0
0
0
0
0
0
0
0
0
0
0
0
0
0
0
0
0
0
0
0
0
0
0
0
0
0
0
0
0
0
0
0
0
0
0
0
0
0
0
0
0
0
0
0
0
0
0
0
0
0
0
0
0
0
0
0
0
0
0
0
0
0
0
0
0
0
0
0
0
0
0
0
0
0
0
0
0
0
0
0
0
0
0
0
0
0
0
0
0
0
0
0
0
0
0
0
0
0
0
0
0
0
0
0
0
0
0
0
0
0
0
0
0
0
0
0
0
0
0
0
0
0
0
0
0
0
0
0
0
0
0
0
0
0
0
0
0
0
0
0
0
0
0
0
0
0
0
0
0
0
0
0
0
0
0
0
0
0
0
0
0
0
0
0
0
0
0
0
0
0
0
0
0
0
0
0
0
0
0
0
0
0
0
0
0
0
0
0
0
0
0
0
0
0
0
0
0
0
0
0
0
0
0
0
0
0
0
0
0
0
0
0
0
0
0
0
0
0
0
0
0
0
0
0
0
0
0
0
0
0
0
0
0
0
0
0
0
0
0
0
0
0
0
0
0
0
0
0
0
0
0
0
0
0
0
0
0
0
0
0
0
0
0
0
0
0
0
0
0
0
0
0
0
0
0
0
0
0
0
0
0
0
0
0
0
0
0
0
0
0
0
0
0
0
0
0
0
0
0
0
0
0
0
0
0
0
0
0
0
0
0
0
0
0
0
0
0
0
0
0
0
0
0
0
0
0
0
0
0
0
0
0
0
0
0
0
0
0
0
0
0
0
0
0
0
0
0
0
0
0
0
0
0
0
0
0
0
0
0
0
0
0
0
0
0
0
0
0
0
0
0
0
0
0
0
0
0
0
0
0
0
0
0
0
0
0
0
0
0
0
0
0
0
0
0
0
0
0
0
0
0
0
0
0
0
0
0
0
0
0
0
0
0
0
0
0
0
0
0
0
0
0
0
0
0
0
0
0
0
0
0
0
0
0
0
0
0
0
0
0
0
0
0
0
0
0
0
0
0
0
0
0
0
0
0
0
0
0
0
0
0
0
0
0
0
0
0
0
0
0
0
0
0
0
0
0
0
0
0
0
0
0
0
0
0
0
0
0
0
0
0
0
0
0
0
0
0
0
0
0
0
0
0
0
0
0
0
0
0
0
0
0
0
0
0
0
0
0
0
0
0
0
0
0
0
0
0
0
0
0
0
0
0
0
0
0
0
0
0
0
0
0
0
0
0
0
0
0
0
0
0
0
0
0
0
0
0
0
0
0
0
0
0
0
0
0
0
0
0
0
0
0
0
0
0
0
0
0
0
0
0
0
0
0
0
0
0
0
0
0
0
0
0
0
0
0
0
0
0
0
0
0
0
0
0
0
0
0
0
0
0
0
0
0
0
0
0
0
0
0
0
0
0
0
0
0
0
0
0
0
0
0
0
0
0
0
0
0
0
0
0
0
0
0
0
0
0
0
0
0
0
0
0
0
0
0
0
0
0
0
0
0
0
0
0
0
0
0
0
0
0
0
0
0
0
0
0
0
0
0
0
0
0
0
0
0
0
0
0
0
0
0
0
0
0
0
0
0
0
0
0
0
0
0
0
0
0
0
0
0
0
0
0
0
0
0
0
0
0
0
0
0
0
0
0
0
0
0
0
0
0
0
0
0
0
0
0
0
0
0
0
0
0
0
0
0
0
0
0
0
0
0
0
0
0
0
0
0
0
0
0
0
0
0
0
0
0
0
0
0
0
0
0
0
0
0
0
0
0
0
0
0
0
0
0
0
0
0
0
0
0
0
0
0
0
0
0
0
0
0
0
0
0
0
0
0
0
0
0
0
0
0
0
0
0
0
0
0
0
0
0
0
0
0
0
0
0
0
0
0
0
0
0
0
0
0
0
0
0
0
0
0
0
0
0
0
0
0
0
0
0
0
0
0
0
0
0
0
0
0
0
0
0
0
0
0
0
0
0
0
0
0
0
0
0
0
0
0
0
0
0
0
0
0
0
0
0
0
0
0
0
0
0
0
0
0
0
0
0
0
0
0
0
0
0
0
0
0
0
0
0
0
0
0
0
0
0
0
0
0
0
0
0
0
0
0
0
0
0
0
0
0
0
0
0
0
0
0
0
0
0
0
0
0
0
0
0
0
0
0
0
0
0
0
0
0
0
0
0
0
0
0
0
0
0
0
0
0
0
0
0
0
0
0
0
0
0
0
0
0
0
0
0
0
0
0
0
0
0
0
0
0
0
0
0
0
0
0
0
0
0
0
0
0
0
0
0
0
0
0
0
0
0
0
0
0
0
0
0
0
0
0
0
0
0
0
0
0
0
0
0
0
0
0
0
0
0
0
0
0
0
0
0
0
0
0
0
0
0
0
0
0
0
0
0
0
0
0
0
0
0
0
0
0
0
0
0
0
0
0
0
0
0
0
0
0
0
0
0
0
0
0
0
0
0
0
0
0
0
0
0
0
0
0
0
0
0
0
0
0
0
0
0
0
0
0
0
0
0
0
0
0
0
0
0
0
0
0
0
0
0
0
0
0
0
0
0
0
0
0
0
0
0
0
0
0
0
0
0
0
0
0
0
0
0
0
0
0
0
0
0
0
0
0
0
0
0
0
0
0
0
0
0
0
0
0
0
0
0
0
0
0
0
0
0
0
0
0
0
0
0
0
0
0
0
0
0
0
0
0
0
0
0
0
0
0
0
0
0
0
0
0
0
0
0
0
0
0
0
0
0
0
0
0
0
0
0
0
0
0
0
0
0
0
0
0
0
0
0
0
0
0
0
0
0
0
0
0
0
0
0
0
0
0
0
0
0
0
0
0
0
0
0
0
0
0
0
0
0
0
0
0
0
0
0
0
0
0
0
0
0
0
0
0
0
0
0
0
0
0
0
0
0
0
0
0
0
0
0
0
0
0
0
0
0
0
0
0
0
0
0
0
0
0
0
0
0
0
0
0
0
0
0
0
0
0
0
0
0
0
0
0
0
0
0
0
0
0
0
0
0
0
0
0
0
0
0
0
0
0
0
0
0
0
0
0
0
0
0
0
0
0
0
0
0
0
0
0
0
0
0
0
0
0
0
0
0
0
0
0
0
0
0
0
0
0
0
0
0
0
0
0
0
0
0
0
0
0
0
0
0
0
0
0
0
0
0
0
0
0
0
0
0
0
0
0
0
0
0
0
0
0
0
0
0
0
0
0
0
0
0
0
0
0
0
0
0
0
0
0
0
0
0
0
0
0
0
0
0
0
0
0
0
0
0
0
0
0
0
0
0
0
0
0
0
0
0
0
0
0
0
0
0
0
0
0
0
0
0
0
0
0
0
0
0
0
0
0
0
0
0
0
0
0
0
0
0
0
0
0
0
0
0
0
0
0
0
0
0
0
0
0
0
0
0
0
0
0
0
0
0
0
0
0
0
0
0
0
0
0
0
0
0
0
0
0
0
0
0
0
0
0
0
0
0
0
0
0
0
0
0
0
0
0
0
0
0
0
0
0
0
0
0
0
0
0
0
0
0
0
0
0
0
0
0
0
0
0
0
0
0
0
0
0
0
0
0
0
0
0
0
0
0
0
0
0
0
0
0
0
0
0
0
0
0
0
0
0
0
0
0
0
0
0
0
0
0
0
0
0
0
0
0
0
0
0
0
0
0
0
0
0
0
0
0
0
0
0
0
0
0
0
0
0
0
0
0
0
0
0
0
0
0
0
0
0
0
0
0
0
0
0
0
0
0
0
0
0
0
0
0
0
0
0
0
0
0
0
0
0
0
0
0
0
0
0
0
0
0
0
0
0
0
0
0
0
0
0
0
0
0
0
0
0
0
0
0
0
0
0
0
0
0
0
0
0
0
0
0
0
0
0
0
0
0
0
0
0
0
0
0
0
0
0
0
0
0
0
0
0
0
0
0
0
0
0
0
0
0
0
0
0
0
0
0
0
0
0
0
0
0
0
0
0
0
0
0
0
0
0
0
0
0
0
0
0
0
0
0
0
0
0
0
0
0
0
0
0
0
0
0
0
0
0
0
0
0
0
0
0
0
0
0
0
0
0
0
0
0
0
0
0
0
0
0
0
0
0
0
0
0
0
0
0
0
0
0
0
0
0
0
0
0
0
0
0
0
0
0
0
0
0
0
0
0
0
0
0
0
0
0
0
0
0
0
0
0
0
0
0
0
0
0
0
0
0
0
0
0
0
0
0
0
0
0
0
0
0
0
0
0
0
0
0
0
0
0
0
0
0
0
0
0
0
0
0
0
0
0
0
0
0
0
0
0
0
0
0
0
0
0
0
0
0
0
0
0
0
0
0
0
0
0
0
0
0
0
0
0
0
0
0
0
0
0
0
0
0
0
0
0
0
0
0
0
0
0
0
0
0
0
0
0
0
0
0
0
0
0
0
0
0
0
0
0
0
0
0
0
0
0
0
0
0
0
0
0
0
0
0
0
0
0
0
0
0
0
0
0
0
0
0
0
0
0
0
0
0
0
0
0
0
0
0
0
0
0
0
0
0
0
0
0
0
0
0
0
0
0
0
0
0
0
0
0
0
0
0
0
0
0
0
0
0
0
0
0
0
0
0
0
0
0
0
0
0
0
0
0
0
0
0
0
0
0
0
0
0
0
0
0
0
0
0
0
0
0
0
0
0
0
0
0
0
0
0
0
0
0
0
0
0
0
0
0
0
0
0
0
0
0
0
0
0
0
0
0
0
0
0
0
0
0
0
0
0
0
0
0
0
0
0
0
0
0
0
0
0
0
0
0
0
0
0
0
0
0
0
0
0
0
0
0
0
0
0
0
0
0
0
0
0
0
0
0
0
0
0
0
0
0
0
0
0
0
0
0
0
0
0
0
0
0
0
0
0
0
0
0
0
0
0
0
0
0
0
0
0
0
0
0
0
0
0
0
0
0
0
0
0
0
0
0
0
0
0
0
0
0
0
0
0
0
0
0
0
0
0
0
0
0
0
0
0
0
0
0
0
0
0
0
0
0
0
0
0
0
0
0
0
0
0
0
0
0
0
0
0
0
0
0
0
0
0
0
0
0
0
0
0
0
0
0
0
0
0
0
0
0
0
0
0
0
0
0
0
0
0
0
0
0
0
0
0
0
0
0
0
0
0
0
0
0
0
0
0
0
0
0
0
0
0
0
0
0
0
0
0
0
0
0
0
0
0
0
0
0
0
0
0
0
0
0
0
0
0
0
0
0
0
0
0
0
0
0
0
0
0
0
0
0
0
0
0
0
0
0
0
0
0
0
0
0
0
0
0
0
0
0
0
0
0
0
0
0
0
0
0
0
0
0
0
0
0
0
0
0
0
0
0
0
0
0
0
0
0
0
0
0
0
0
0
0
0
0
0
0
0
0
0
0
0
0
0
0
0
0
0
0
0
0
0
0
0
0
0
0
0
0
0
0
0
0
0
0
0
0
0
0
0
0
0
0
0
0
0
0
0
0
0
0
0
0
0
0
0
0
0
0
0
0
0
0
0
0
0
0
0
0
0
0
0
0
0
0
0
0
0
0
0
0
0
0
0
0
0
0
0
0
0
0
0
0
0
0
0
0
0
0
0
0
0
0
0
0
0
0
0
0
0
0
0
0
0
0
0
0
0
0
0
0
0
0
0
0
0
0
0
0
0
0
0
0
0
0
0
0
0
0
0
0
0
0
0
0
0
0
0
0
0
0
0
0
0
0
0
0
0
0
0
0
0
0
0
0
0
0
0
0
0
0
0
0
0
0
0
0
0
0
0
0
0
0
0
0
0
0
0
0
0
0
0
0
0
0
0
0
0
0
0
0
0
0
0
0
0
0
0
0
0
0
0
0
0
0
0
0
0
0
0
0
0
0
0
0
0
0
0
0
0
0
0
0
0
0
0
0
0
0
0
0
0
0
0
0
0
0
0
0
0
0
0
0
0
0
0
0
0
0
0
0
0
0
0
0
0
0
0
0
0
0
0
0
0
0
0
0
0
0
0
0
0
0
0
0
0
0
0
0
0
0
0
0
0
0
0
0
0
0
0
0
0
0
0
0
0
0
0
0
0
0
0
0
0
0
0
0
0
0
0
0
0
0
0
0
0
0
0
0
0
0
0
0
0
0
0
0
0
0
0
0
0
0
0
0
0
0
0
0
0
0
0
0
0
0
0
0
0
0
0
0
0
0
0
0
0
0
0
0
0
0
0
0
0
0
0
0
0
0
0
0
0
0
0
0
0
0
0
0
0
0
0
0
0
0
0
0
0
0
0
0
0
0
0
0
0
0
0
0
0
0
0
0
0
0
0
0
0
0
0
0
0
0
0
0
0
0
0
0
0
0
0
0
0
0
0
0
0
0
0
0
0
0
0
0
0
0
0
0
0
0
0
0
0
0
0
0
0
0
0
0
0
0
0
0
0
0
0
0
0
0
0
0
0
0
0
0
0
0
0
0
0
0
0
0
0
0
0
0
0
0
0
0
0
0
0
0
0
0
0
0
0
0
0
0
0
0
0
0
0
0
0
0
0
0
0
0
0
0
0
0
0
0
0
0
0
0
0
0
0
0
0
0
0
0
0
0
0
0
0
0
0
0
0
0
0
0
0
0
0
0
0
0
0
0
0
0
0
0
0
0
0
0
0
0
0
0
0
0
0
0
0
0
0
0
0
0
0
0
0
0
0
0
0
0
0
0
0
0
0
0
0
0
0
0
0
0
0
0
0
0
0
0
0
0
0
0
0
0
0
0
0
0
0
0
0
0
0
0
0
0
0
0
0
0
0
0
0
0
0
0
0
0
0
0
0
0
0
0
0
0
0
0
0
0
0
0
0
0
0
0
0
0
0
0
0
0
0
0
0
0
0
0
0
0
0
0
0
0
0
0
0
0
0
0
0
0
0
0
0
0
0
0
0
0
0
0
0
0
0
0
0
0
0
0
0
0
0
0
0
0
0
0
0
0
0
0
0
0
0
0
0
0
0
0
0
0
0
0
0
0
0
0
0
0
0
0
0
0
0
0
0
0
0
0
0
0
0
0
0
0
0
0
0
0
0
0
0
0
0
0
0
0
0
0
0
0
0
0
0
0
0
0
0
0
0
0
0
0
0
0
0
0
0
0
0
0
0
0
0
0
0
0
0
0
0
0
0
0
0
0
0
0
0
0
0
0
0
0
0
0
0
0
0
0
0
0
0
0
0
0
0
0
0
0
0
0
0
0
0
0
0
0
0
0
0
0
0
0
0
0
0
0
0
0
0
0
0
0
0
0
0
0
0
0
0
0
0
0
0
0
0
0
0
0
0
0
0
0
0
0
0
0
0
0
0
0
0
0
0
0
0
0
0
0
0
0
0
0
0
0
0
0
0
0
0
0
0
0
0
0
0
0
0
0
0
0
0
0
0
0
0
0
0
0
0
0
0
0
0
0
0
0
0
0
0
0
0
0
0
0
0
0
0
0
0
0
0
0
0
0
0
0
0
0
0
0
0
0
0
0
0
0
0
0
0
0
0
0
0
0
0
0
0
0
0
0
0
0
0
0
0
0
0
0
0
0
0
0
0
0
0
0
0
0
0
0
0
0
0
0
0
0
0
0
0
0
0
0
0
0
0
0
0
0
0
0
0
0
0
0
0
0
0
0
0
0
0
0
0
0
0
0
0
0
0
0
0
0
0
0
0
0
0
0
0
0
0
0
0
0
0
0
0
0
0
0
0
0
0
0
0
0
0
0
0
0
0
0
0
0
0
0
0
0
0
0
0
0
0
0
0
0
0
0
0
0
0
0
0
0
0
0
0
0
0
0
0
0
0
0
0
0
0
0
0
0
0
0
0
0
0
0
0
0
0
0
0
0
0
0
0
0
0
0
0
0
0
0
0
0
0
0
0
0
0
0
0
0
0
0
0
0
0
0
0
0
0
0
0
0
0
0
0
0
0
0
0
0
0
0
0
0
0
0
0
0
0
0
0
0
0
0
0
0
0
0
0
0
0
0
0
0
0
0
0
0
0
0
0
0
0
0
0
0
0
0
0
0
0
0
0
0
0
0
0
0
0
0
0
0
0
0
0
0
0
0
0
0
0
0
0
0
0
0
0
0
0
0
0
0
0
0
0
0
0
0
0
0
0
0
0
0
0
0
0
0
0
0
0
0
0
0
0
0
0
0
0
0
0
0
0
0
0
0
0
0
0
0
0
0
0
0
0
0
0
0
0
0
0
0
0
0
0
0
0
0
0
0
0
0
0
0
0
0
0
0
0
0
0
0
0
0
0
0
0
0
0
0
0
0
0
0
0
0
0
0
0
0
0
0
0
0
0
0
0
0
0
0
0
0
0
0
0
0
0
0
0
0
0
0
0
0
0
0
0
0
0
0
0
0
0
0
0
0
0
0
0
0
0
0
0
0
0
0
0
0
0
0
0
0
0
0
0
0
0
0
0
0
0
0
0
0
0
0
0
0
0
0
0
0
0
0
0
0
0
0
0
0
0
0
0
0
0
0
0
0
0
0
0
0
0
0
0
0
0
0
0
0
0
0
0
0
0
0
0
0
0
0
0
0
0
0
0
0
0
0
0
0
0
0
0
0
0
0
0
0
0
0
0
0
0
0
0
0
0
0
0
0
0
0
0
0
0
0
0
0
0
0
0
0
0
0
0
0
0
0
0
0
0
0
0
0
0
0
0
0
0
0
0
0
0
0
0
0
0
0
0
0
0
0
0
0
0
0
0
0
0
0
0
0
0
0
0
0
0
0
0
0
0
0
0
0
0
0
0
0
0
0
0
0
0
0
0
0
0
0
0
0
0
0
0
0
0
0
0
0
0
0
0
0
0
0
0
0
0
0
0
0
0
0
0
0
0
0
0
0
0
0
0
0
0
0
0
0
0
0
0
0
0
0
0
0
0
0
0
0
0
0
0
0
0
0
0
0
0
0
0
0
0
0
0
0
0
0
0
0
0
0
0
0
0
0
0
0
0
0
0
0
0
0
0
0
0
0
0
0
0
0
0
0
0
0
0
0
0
0
0
0
0
0
0
0
0
0
0
0
0
0
0
0
0
0
0
0
0
0
0
0
0
0
0
0
0
0
0
0
0
0
0
0
0
0
0
0
0
0
0
0
0
0
0
0
0
0
0
0
0
0
0
0
0
0
0
0
0
0
0
0
0
0
0
0
0
0
0
0
0
0
0
0
0
0
0
0
0
0
0
0
0
0
0
0
0
0
0
0
0
0
0
0
0
0
0
0
0
0
0
0
0
0
0
0
0
0
0
0
0
0
0
0
0
0
0
0
0
0
0
0
0
0
0
0
0
0
0
0
0
0
0
0
0
0
0
0
0
0
0
0
0
0
0
0
0
0
0
0
0
0
0
0
0
0
0
0
0
0
0
0
0
0
0
0
0
0
0
0
0
0
0
0
0
0
0
0
0
0
0
0
0
0
0
0
0
0
0
0
0
0
0
0
0
0
0
0
0
0
0
0
0
0
0
0
0
0
0
0
0
0
0
0
0
0
0
0
0
0
0
0
0
0
0
0
0
0
0
0
0
0
0
0
0
0
0
0
0
0
0
0
0
0
0
0
0
0
0
0
0
0
0
0
0
0
0
0
0
0
0
0
0
0
0
0
0
0
0
0
0
0
0
0
0
0
0
0
0
0
0
0
0
0
0
0
0
0
0
0
0
0
0
0
0
0
0
0
0
0
0
0
0
0
0
0
0
0
0
0
0
0
0
0
0
0
0
0
0
0
0
0
0
0
0
0
0
0
0
0
0
0
0
0
0
0
0
0
0
0
0
0
0
0
0
0
0
0
0
0
0
0
0
0
0
0
0
0
0
0
0
0
0
0
0
0
0
0
0
0
0
0
0
0
0
0
0
0
0
0
0
0
0
0
0
0
0
0
0
0
0
0
0
0
0
0
0
0
0
0
0
0
0
0
0
0
0
0
0
0
0
0
0
0
0
0
0
0
0
0
0
0
0
0
0
0
0
0
0
0
0
0
0
0
0
0
0
0
0
0
0
0
0
0
0
0
0
0
0
0
0
0
0
0
0
0
0
0
0
0
0
0
0
0
0
0
0
0
0
0
0
0
0
0
0
0
0
0
0
0
0
0
0
0
0
0
0
0
0
0
0
0
0
0
0
0
0
0
0
0
0
0
0
0
0
0
0
0
0
0
0
0
0
0
0
0
0
0
0
0
0
0
0
0
0
0
0
0
0
0
0
0
0
0
0
0
0
0
0
0
0
0
0
0
0
0
0
0
0
0
0
0
0
0
0
0
0
0
0
0
0
0
0
0
0
0
0
0
0
0
0
0
0
0
0
0
0
0
0
0
0
0
0
0
0
0
0
0
0
0
0
0
0
0
0
0
0
0
0
0
0
0
0
0
0
0
0
0
0
0
0
0
0
0
0
0
0
0
0
0
0
0
0
0
0
0
0
0
0
0
0
0
0
0
0
0
0
0
0
0
0
0
0
0
0
0
0
0
0
0
0
0
0
0
0
0
0
0
0
0
0
0
0
0
0
0
0
0
0
0
0
0
0
0
0
0
0
0
0
0
0
0
0
0
0
0
0
0
0
0
0
0
0
0
0
0
0
0
0
0
0
0
0
0
0
0
0
0
0
0
0
0
0
0
0
0
0
0
0
0
0
0
0
0
0
0
0
0
0
0
0
0
0
0
0
0
0
0
0
0
0
0
0
0
0
0
0
0
0
0
0
0
0
0
0
0
0
0
0
0
0
0
0
0
0
0
0
0
0
0
0
0
0
0
0
0
0
0
0
0
0
0
0
0
0
0
0
0
0
0
0
0
0
0
0
0
0
0
0
0
0
0
0
0
0
0
0
0
0
0
0
0
0
0
0
0
0
0
0
0
0
0
0
0
0
0
0
0
0
0
0
0
0
0
0
0
0
0
0
0
0
0
0
0
0
0
0
0
0
0
0
0
0
0
0
0
0
0
0
0
0
0
0
0
0
0
0
0
0
0
0
0
0
0
0
0
0
0
0
0
0
0
0
0
0
0
0
0
0
0
0
0
0
0
0
0
0
0
0
0
0
0
0
0
0
0
0
0
0
0
0
0
0
0
0
0
0
0
0
0
0
0
0
0
0
0
0
0
0
0
0
0
0
0
0
0
0
0
0
0
0
0
0
0
0
0
0
0
0
0
0
0
0
0
0
0
0
0
0
0
0
0
0
0
0
0
0
0
0
0
0
0
0
0
0
0
0
0
0
0
0
0
0
0
0
0
0
0
0
0
0
0
0
0
0
0
0
0
0
0
0
0
0
0
0
0
0
0
0
0
0
0
0
0
0
0
0
0
0
0
0
0
0
0
0
0
0
0
0
0
0
0
0
0
0
0
0
0
0
0
0
0
0
0
0
0
0
0
0
0
0
0
0
0
0
0
0
0
0
0
0
0
0
0
0
0
0
0
0
0
0
0
0
0
0
0
0
0
0
0
0
0
0
0
0
0
0
0
0
0
0
0
0
0
0
0
0
0
0
0
0
0
0
0
0
0
0
0
0
0
0
0
0
0
0
0
0
0
0
0
0
0
0
0
0
0
0
0
0
0
0
0
0
0
0
0
0
0
0
0
0
0
0
0
0
0
0
0
0
0
0
0
0
0
0
0
0
0
0
0
0
0
0
0
0
0
0
0
0
0
0
0
0
0
0
0
0
0
0
0
0
0
0
0
0
0
0
0
0
0
0
0
0
0
0
0
0
0
0
0
0
0
0
0
0
0
0
0
0
0
0
0
0
0
0
0
0
0
0
0
0
0
0
0
0
0
0
0
0
0
0
0
0
0
0
0
0
0
0
0
0
0
0
0
0
0
0
0
0
0
0
0
0
0
0
0
0
0
0
0
0
0
0
0
0
0
0
0
0
0
0
0
0
0
0
0
0
0
0
0
0
0
0
0
0
0
0
0
0
0
0
0
0
0
0
0
0
0
0
0
0
0
0
0
0
0
0
0
0
0
0
0
0
0
0
0
0
0
0
0
0
0
0
0
0
0
0
0
0
0
0
0
0
0
0
0
0
0
0
0
0
0
0
0
0
0
0
0
0
0
0
0
0
0
0
0
0
0
0
0
0
0
0
0
0
0
0
0
0
0
0
0
0
0
0
0
0
0
0
0
0
0
0
0
0
0
0
0
0
0
0
0
0
0
0
0
0
0
0
0
0
0
0
0
0
0
0
0
0
0
0
0
0
0
0
0
0
0
0
0
0
0
0
0
0
0
0
0
0
0
0
0
0
0
0
0
0
0
0
0
0
0
0
0
0
0
0
0
0
0
0
0
0
0
0
0
0
0
0
0
0
0
0
0
0
0
0
0
0
0
0
0
0
0
0
0
0
0
0
0
0
0
0
0
0
0
0
0
0
0
0
0
0
0
0
0
0
0
0
0
0
0
0
0
0
0
0
0
0
0
0
0
0
0
0
0
0
0
0
0
0
0
0
0
0
0
0
0
0
0
0
0
0
0
0
0
0
0
0
0
0
0
0
0
0
0
0
0
0
0
0
0
0
0
0
0
0
0
0
0
0
0
0
0
0
0
0
0
0
0
0
0
0
0
0
0
0
0
0
0
0
0
0
0
0
0
0
0
0
0
0
0
0
0
0
0
0
0
0
0
0
0
0
0
0
0
0
0
0
0
0
0
0
0
0
0
0
0
0
0
0
0
0
0
0
0
0
0
0
0
0
0
0
0
0
0
0
0
0
0
0
0
0
0
0
0
0
0
0
0
0
0
0
0
0
0
0
0
0
0
0
0
0
0
0
0
0
0
0
0
0
0
0
0
0
0
0
0
0
0
0
0
0
0
0
0
0
0
0
0
0
0
0
0
0
0
0
0
0
0
0
0
0
0
0
0
0
0
0
0
0
0
0
0
0
0
0
0
0
0
0
0
0
0
0
0
0
0
0
0
0
0
0
0
0
0
0
0
0
0
0
0
0
0
0
0
0
0
0
0
0
0
0
0
0
0
0
0
0
0
0
0
0
0
0
0
0
0
0
0
0
0
0
0
0
0
0
0
0
0
0
0
0
0
0
0
0
0
0
0
0
0
0
0
0
0
0
0
0
0
0
0
0
0
0
0
0
0
0
0
0
0
0
0
0
0
0
0
0
0
0
0
0
0
0
0
0
0
0
0
0
0
0
0
0
0
0
0
0
0
0
0
0
0
0
0
0
0
0
0
0
0
0
0
0
0
0
0
0
0
0
0
0
0
0
0
0
0
0
0
0
0
0
0
0
0
0
0
0
0
0
0
0
0
0
0
0
0
0
0
0
0
0
0
0
0
0
0
0
0
0
0
0
0
0
0
0
0
0
0
0
0
0
0
0
0
0
0
0
0
0
0
0
0
0
0
0
0
0
0
0
0
0
0
0
0
0
0
0
0
0
0
0
0
0
0
0
0
0
0
0
0
0
0
0
0
0
0
0
0
0
0
0
0
0
0
0
0
0
0
0
0
0
0
0
0
0
0
0
0
0
0
0
0
0
0
0
0
0
0
0
0
0
0
0
0
0
0
0
0
0
0
0
0
0
0
0
0
0
0
0
0
0
0
0
0
0
0
0
0
0
0
0
0
0
0
0
0
0
0
0
0
0
0
0
0
0
0
0
0
0
0
0
0
0
0
0
0
0
0
0
0
0
0
0
0
0
0
0
0
0
0
0
0
0
0
0
0
0
0
0
0
0
0
0
0
0
0
0
0
0
0
0
0
0
0
0
0
0
0
0
0
0
0
0
0
0
0
0
0
0
0
0
0
0
0
0
0
0
0
0
0
0
0
0
0
0
0
0
0
0
0
0
0
0
0
0
0
0
0
0
0
0
0
0
0
0
0
0
0
0
0
0
0
0
0
0
0
0
0
0
0
0
0
0
0
0
0
0
0
0
0
0
0
0
0
0
0
0
0
0
0
0
0
0
0
0
0
0
0
0
0
0
0
0
0
0
0
0
0
0
0
0
0
0
0
0
0
0
0
0
0
0
0
0
0
0
0
0
0
0
0
0
0
0
0
0
0
0
0
0
0
0
0
0
0
0
0
0
0
0
0
0
0
0
0
0
0
0
0
0
0
0
0
0
0
0
0
0
0
0
0
0
0
0
0
0
0
0
0
0
0
0
0
0
0
0
0
0
0
0
0
0
0
0
0
0
0
0
0
0
0
0
0
0
0
0
0
0
0
0
0
0
0
0
0
0
0
0
0
0
0
0
0
0
0
0
0
0
0
0
0
0
0
0
0
0
0
0
0
0
0
0
0
0
0
0
0
0
0
0
0
0
0
0
0
0
0
0
0
0
0
0
0
0
0
0
0
0
0
0
0
0
0
0
0
0
0
0
0
0
0
0
0
0
0
0
0
0
0
0
0
0
0
0
0
0
0
0
0
0
0
0
0
0
0
0
0
0
0
0
0
0
0
0
0
0
0
0
0
0
0
0
0
0
0
0
0
0
0
0
0
0
0
0
0
0
0
0
0
0
0
0
0
0
0
0
0
0
0
0
0
0
0
0
0
0
0
0
0
0
0
0
0
0
0
0
0
0
0
0
0
0
0
0
0
0
0
0
0
0
0
0
0
0
0
0
0
0
0
0
0
0
0
0
0
0
0
0
0
0
0
0
0
0
0
0
0
0
0
0
0
0
0
0
0
0
0
0
0
0
0
0
0
0
0
0
0
0
0
0
0
0
0
0
0
0
0
0
0
0
0
0
0
0
0
0
0
0
0
0
0
0
0
0
0
0
0
0
0
0
0
0
0
0
0
0
0
0
0
0
0
0
0
0
0
0
0
0
0
0
0
0
0
0
0
0
0
0
0
0
0
0
0
0
0
0
0
0
0
0
0
0
0
0
0
0
0
0
0
0
0
0
0
0
0
0
0
0
0
0
0
0
0
0
0
0
0
0
0
0
0
0
0
0
0
0
0
0
0
0
0
0
0
0
0
0
0
0
0
0
0
0
0
0
0
0
0
0
0
0
0
0
0
0
0
0
0
0
0
0
0
0
0
0
0
0
0
0
0
0
0
0
0
0
0
0
0
0
0
0
0
0
0
0
0
0
0
0
0
0
0
0
0
0
0
0
0
0
0
0
0
0
0
0
0
0
0
0
0
0
0
0
0
0
0
0
0
0
0
0
0
0
0
0
0
0
0
0
0
0
0
0
0
0
0
0
0
0
0
0
0
0
0
0
0
0
0
0
0
0
0
0
0
0
0
0
0
0
0
0
0
0
0
0
0
0
0
0
0
0
0
0
0
0
0
0
0
0
0
0
0
0
0
0
0
0
0
0
0
0
0
0
0
0
0
0
0
0
0
0
0
0
0
0
0
0
0
0
0
0
0
0
0
0
0
0
0
0
0
0
0
0
0
0
0
0
0
0
0
0
0
0
0
0
0
0
0
0
0
0
0
0
0
0
0
0
0
0
0
0
0
0
0
0
0
0
0
0
0
0
0
0
0
0
0
0
0
0
0
0
0
0
0
0
0
0
0
0
0
0
0
0
0
0
0
0
0
0
0
0
0
0
0
0
0
0
0
0
0
0
0
0
0
0
0
0
0
0
0
0
0
0
0
0
0
0
0
0
0
0
0
0
0
0
0
0
0
0
0
0
0
0
0
0
0
0
0
0
0
0
0
0
0
0
0
0
0
0
0
0
0
0
0
0
0
0
0
0
0
0
0
0
0
0
0
0
0
0
0
0
0
0
0
0
0
0
0
0
0
0
0
0
0
0
0
0
0
0
0
0
0
0
0
0
0
0
0
0
0
0
0
0
0
0
0
0
0
0
0
0
0
0
0
0
0
0
0
0
0
0
0
0
0
0
0
0
0
0
0
0
0
0
0
0
0
0
0
0
0
0
0
0
0
0
0
0
0
0
0
0
0
0
0
0
0
0
0
0
0
0
0
0
0
0
0
0
0
0
0
0
0
0
0
0
0
0
0
0
0
0
0
0
0
0
0
0
0
0
0
0
0
0
0
0
0
0
0
0
0
0
0
0
0
0
0
0
0
0
0
0
0
0
0
0
0
0
0
0
0
0
0
0
0
0
0
0
0
0
0
0
0
0
0
0
0
0
0
0
0
0
0
0
0
0
0
0
0
0
0
0
0
0
0
0
0
0
0
0
0
0
0
0
0
0
0
0
0
0
0
0
0
0
0
0
0
0
0
0
0
0
0
0
0
0
0
0
0
0
0
0
0
0
0
0
0
0
0
0
0
0
0
0
0
0
0
0
0
0
0
0
0
0
0
0
0
0
0
0
0
0
0
0
0
0
0
0
0
0
0
0
0
0
0
0
0
0
0
0
0
0
0
0
0
0
0
0
0
0
0
0
0
0
0
0
0
0
0
0
0
0
0
0
0
0
0
0
0
0
0
0
0
0
0
0
0
0
0
0
0
0
0
0
0
0
0
0
0
0
0
0
0
0
0
0
0
0
0
0
0
0
0
0
0
0
0
0
0
0
0
0
0
0
0
0
0
0
0
0
0
0
0
0
0
0
0
0
0
0
0
0
0
0
0
0
0
0
0
0
0
0
0
0
0
0
0
0
0
0
0
0
0
0
0
0
0
0
0
0
0
0
0
0
0
0
0
0
0
0
0
0
0
0
0
0
0
0
0
0
0
0
0
0
0
0
0
0
0
0
0
0
0
0
0
0
0
0
0
0
0
0
0
0
0
0
0
0
0
0
0
0
0
0
0
0
0
0
0
0
0
0
0
0
0
0
0
0
0
0
0
0
0
0
0
0
0
0
0
0
0
0
0
0
0
0
0
0
0
0
0
0
0
0
0
0
0
0
0
0
0
0
0
0
0
0
0
0
0
0
0
0
0
0
0
0
0
0
0
0
0
0
0
0
0
0
0
0
0
0
0
0
0
0
0
0
0
0
0
0
0
0
0
0
0
0
0
0
0
0
0
0
0
0
0
0
0
0
0
0
0
0
0
0
0
0
0
0
0
0
0
0
0
0
0
0
0
0
0
0
0
0
0
0
0
0
0
0
0
0
0
0
0
0
0
0
0
0
0
0
0
0
0
0
0
0
0
0
0
0
0
0
0
0
0
0
0
0
0
0
0
0
0
0
0
0
0
0
0
0
0
0
0
0
0
0
0
0
0
0
0
0
0
0
0
0
0
0
0
0
0
0
0
0
0
0
0
0
0
0
0
0
0
0
0
0
0
0
0
0
0
0
0
0
0
0
0
0
0
0
0
0
0
0
0
0
0
0
0
0
0
0
0
0
0
0
0
0
0
0
0
0
0
0
0
0
0
0
0
0
0
0
0
0
0
0
0
0
0
0
0
0
0
0
0
0
0
0
0
0
0
0
0
0
0
0
0
0
0
0
0
0
0
0
0
0
0
0
0
0
0
0
0
0
0
0
0
0
0
0
0
0
0
0
0
0
0
0
0
0
0
0
0
0
0
0
0
0
0
0
0
0
0
0
0
0
0
0
0
0
0
0
0
0
0
0
0
0
0
0
0
0
0
0
0
0
0
0
0
0
0
0
0
0
0
0
0
0
0
0
0
0
0
0
0
0
0
0
0
0
0
0
0
0
0
0
0
0
0
0
0
0
0
0
0
0
0
0
0
0
0
0
0
0
0
0
0
0
0
0
0
0
0
0
0
0
0
0
0
0
0
0
0
0
0
0
0
0
0
0
0
0
0
0
0
0
0
0
0
0
0
0
0
0
0
0
0
0
0
0
0
0
0
0
0
0
0
0
0
0
0
0
0
0
0
0
0
0
0
0
0
0
0
0
0
0
0
0
0
0
0
0
0
0
0
0
0
0
0
0
0
0
0
0
0
0
0
0
0
0
0
0
0
0
0
0
0
0
0
0
0
0
0
0
0
0
0
0
0
0
0
0
0
0
0
0
0
0
0
0
0
0
0
0
0
0
0
0
0
0
0
0
0
0
0
0
0
0
0
0
0
0
0
0
0
0
0
0
0
0
0
0
0
0
0
0
0
0
0
0
0
0
0
0
0
0
0
0
0
0
0
0
0
0
0
0
0
0
0
0
0
0
0
0
0
0
0
0
0
0
0
0
0
0
0
0
0
0
0
0
0
0
0
0
0
0
0
0
0
0
0
0
0
0
0
0
0
0
0
0
0
0
0
0
0
0
0
0
0
0
0
0
0
0
0
0
0
0
0
0
0
0
0
0
0
0
0
0
0
0
0
0
0
0
0
0
0
0
0
0
0
0
0
0
0
0
0
0
0
0
0
0
0
0
0
0
0
0
0
0
0
0
0
0
0
0
0
0
0
0
0
0
0
0
0
0
0
0
0
0
0
0
0
0
0
0
0
0
0
0
0
0
0
0
0
0
0
0
0
0
0
0
0
0
0
0
0
0
0
0
0
0
0
0
0
0
0
0
0
0
0
0
0
0
0
0
0
0
0
0
0
0
0
0
0
0
0
0
0
0
0
0
0
0
0
0
0
0
0
0
0
0
0
0
0
0
0
0
0
0
0
0
0
0
0
0
0
0
0
0
0
0
0
0
0
0
0
0
0
0
0
0
0
0
0
0
0
0
0
0
0
0
0
0
0
0
0
0
0
0
0
0
0
0
0
0
0
0
0
0
0
0
0
0
0
0
0
0
0
0
0
0
0
0
0
0
0
0
0
0
0
0
0
0
0
0
0
0
0
0
0
0
0
0
0
0
0
0
0
0
0
0
0
0
0
0
0
0
0
0
0
0
0
0
0
0
0
0
0
0
0
0
0
0
0
0
0
0
0
0
0
0
0
0
0
0
0
0
0
0
0
0
0
0
0
0
0
0
0
0
0
0
0
0
0
0
0
0
0
0
0
0
0
0
0
0
0
0
0
0
0
0
0
0
0
0
0
