-107
121
-2679
-1276
-574
-1662
-1908
-107
785
-3383
-1053
-1999
-2432
-2597
50
174
-37
736
-1798
-2718
1014
-1849
-14930
-108
977
-1087
-2005
-266
-2878
-15553
245
846
-209
146
-2886
-328
-1855
-1402
-1943
-183
718
-3109
866
-1712
-1978
-3027
48
277
-85
-352
-2946
-2832
2212
-1817
-14843
-197
-560
-1965
-1525
244
-1907
-16367
157
-241
-134
669
-2676
-2787
-4366
-2324
-3117
-216
1192
-1841
-1165
-2834
-1849
-2926
123
572
-159
428
-4025
-2998
3200
-3075
-16747
-289
927
-3212
-2002
1483
-2266
-21806
-60
908
45
3336
-4178
-5710
-6729
-5764
-5840
-6
5382
-3395
-4372
-5604
-5017
-5244
407
3483
-296
1132
-5932
-6031
4605
-6023
-15915
-292
1614
-4880
-5037
2088
-6102
-18424
-134
2190
67
2201
-5677
-4081
-8001
-5583
-5461
-39
3331
-4986
-3237
-4338
-4798
-4938
250
2170
-135
-1519
-4356
-5349
4510
-5501
-14567
-280
-2401
-3009
-4292
1318
-4815
-18144
-180
-1172
90
2005
-4694
-2701
-5080
-4269
-4362
-117
2802
-4782
-2363
-1835
-4162
-4223
139
2293
-144
146
-4197
-3262
1353
-4324
-17211
-304
1137
-3544
-4146
-1533
-4963
-17086
-253
1555
72
1218
-4268
-2078
-2181
-3414
-3931
-155
1894
-5492
-4243
-1897
-4248
-92
117
2090
-138
-687
-3743
-3561
-841
-3826
-15708
-356
-1265
-4177
-4812
-4000
-5013
-12889
-318
-1412
-167
-77
-2292
-1557
152
-1766
-2200
-272
-112
-3054
-2591
-319
-2587
574
-62
-57
164
-637
-1546
-1848
-2210
-2053
-15064
-66
-1252
-2134
-3024
-3476
-2917
-16258
73
-1080
-82
-1059
-2623
-1641
-130
-1158
-2023
-16
243
-3365
-1249
-1947
-2028
-2142
5
415
-81
1289
-1213
-2858
190
-1953
-18307
38
1359
-753
-1074
-240
-2634
-19927
196
1547
-224
-730
-2744
587
-15
-624
-1727
-168
-427
-4146
1124
-2816
-2774
-4129
-36
-1010
-52
-518
-1727
-2743
-1867
-1563
-23675
-117
-481
-2200
-2048
-1552
-2806
-20007
257
-874
82
580
-5412
-3510
-6955
-4320
-4970
3
141
-4778
-1273
-6154
-4004
-4983
312
13
-165
3392
-6267
-6916
5930
-5136
-17403
-212
5070
-5566
-3971
2872
-4305
-21208
-40
3493
52
-937
-14009
-12042
-16640
-14356
-14800
199
-1254
-7056
-5220
-10424
-5987
-8186
602
-902
-490
1298
-13565
-17089
13153
-14996
20149
-204
1701
-7329
-7035
6971
-7385
-14015
78
1451
69
-623
-7432
-6039
-10288
-6683
-7016
96
-1292
-5732
-2831
-6696
-4561
-2711
308
-1229
-249
-3362
-7016
-8862
8693
-6902
-13263
-235
-4294
-5540
-4247
1481
-4353
-24436
62
-3837
165
2612
-10134
-8978
-12698
-11471
-10640
289
4193
-6265
-5776
-8244
-5691
-3903
429
2679
-463
1710
-10612
-11319
11040
-10650
3296
-104
3043
-6855
-5862
4012
-6773
-16825
-23
2660
115
2508
-6601
-5460
-8012
-7814
-6972
309
2206
-6373
-5682
-6722
-6330
316
305
726
-505
-2945
-6688
-7387
6346
-6815
-11889
-248
-3906
-6997
-5603
-929
-6441
-16249
-123
-3247
-195
-259
-2172
-569
-1445
-1771
-1627
-78
-65
-3685
-2590
-1930
-3328
1340
-218
-22
-19
-1439
-834
-1546
-158
-1502
-18971
-108
-1865
-2985
-2727
-3414
-3391
-14905
71
-1290
28
-1087
-3098
-1382
-1320
-999
-1936
26
11
-3865
-950
-1809
-1931
-1582
151
-744
-150
624
-1404
-2220
878
-1923
-18770
-253
596
-978
-1452
-434
-2453
-19915
198
479
106
1758
-4112
-2233
-2346
-1731
-2533
-18
4062
-4228
-1100
-2293
-2473
-1493
266
1877
-187
1474
-3355
-2862
3056
-2559
-22538
-302
1558
-3835
-2647
810
-3025
-22897
-46
1306
500
933
-5192
-4587
-5033
-3194
-3868
200
2215
-4908
-2748
-3690
-3654
-2168
378
1165
-82
474
-4856
-4585
6083
-4175
-21869
-205
448
-5025
-3653
1531
-4028
-21528
-343
330
402
-1916
-4699
-2615
-4899
-881
-3211
46
-4651
-5867
-2086
-3136
-4149
-3170
200
-2365
-14
-590
-3508
-4050
3173
-3281
-29871
-175
-984
-4024
-4368
-323
-4236
-22702
-60
-814
337
-775
-3084
-4101
-4849
-1353
-3333
59
-1809
-4049
-3241
-3615
-3502
-2237
210
5
-29
1769
-4060
-3743
3917
-3111
29806
-213
3513
-4796
-3433
1081
-4035
31216
-97
1672
231
-1323
-12245
-12463
-13641
-11813
-12608
315
-3421
-7590
-6393
-8865
-5475
-5606
415
-1910
-503
2482
-11870
-13368
12455
-12616
13122
-63
3096
-5951
-7097
7261
-6727
-13729
-58
2254
211
-1473
-7622
-9021
-9492
-7633
-8163
334
-3238
-4407
-5169
-5430
-4279
-1871
248
-1739
-517
-3286
-8591
-8730
9523
-7864
-3295
-149
-4864
-5962
-5007
3465
-4340
-22048
-80
-3415
-54
-1105
-2302
-2080
-3065
-1916
-2009
70
-1805
-2751
-3395
-2513
-2955
1682
-198
-1146
-89
-1778
-1504
-2533
2360
-1866
-21742
-80
-1513
-3335
-1686
-1546
-2631
-23035
-33
-1005
41
-362
-3043
-2193
-1063
-1203
-2113
112
865
-3453
-1682
-893
-1768
-484
248
-182
-150
1256
-1893
-2602
1412
-2032
-20368
-240
2625
-2024
-1017
-807
-2150
-23003
54
1369
171
1167
-13933
-12135
-11608
-12590
-12641
289
2736
-7894
-6142
-6722
-5035
-4464
711
1365
-500
1605
-13268
-13012
13362
-12818
12999
-307
1680
-8017
-5925
6729
-6455
-16821
-83
1705
342
648
-9217
-6696
-8118
-7563
-7495
200
2126
-7164
-3111
-5282
-4416
-2939
534
570
-226
-2472
-8138
-7236
8494
-7702
-7013
-304
-4535
-5310
-4112
2012
-4015
-19042
-153
-3087
332
2096
-4782
-3180
-2975
-2542
-2993
82
3940
-5921
-3513
-3679
-3982
-616
296
2343
35
-458
-1956
-3235
2361
-3087
-31720
-322
-1345
-3766
-3444
-877
-4123
-27819
-131
-1355
348
3788
-3731
-4675
3253
-4380
-3560
206
4907
-5229
-5352
-2428
-5166
-2343
241
3711
-168
485
-4740
-3790
-319
-3935
-26572
-153
1275
-4565
-3825
345
-5342
-21275
-187
544
300
-1035
-4570
-5609
1049
-3327
-3748
172
-3859
-4466
-3970
-902
-3541
-1317
40
-1517
-179
-295
-3718
-4299
457
-3876
-21414
-83
-40
-2223
-4415
-806
-3138
-23318
-165
-260
143
-2239
-1989
-2476
-988
-1235
-1730
210
-2156
-1984
-2356
-365
-2173
-264
-16
-903
-128
-1457
-2045
-2103
1139
-1583
-18290
-47
-1689
-2097
-2489
-875
-1516
-20024
84
-525
148
-317
-2542
-1317
-3884
-1610
-2040
156
194
-2756
-2031
-3078
-2845
-429
19
442
-349
-78
-1032
-2528
1492
-1963
-12426
-264
297
-1210
-2972
-785
-3017
-13195
-221
-39
54
45
-3817
-3766
-1217
-2505
-2956
-1
2075
-4534
-4138
-1492
-2976
250
232
1922
-125
1168
-1664
-3462
1598
-3032
-17969
-120
1628
-2354
-2007
-1194
-3618
-18858
-137
923
244
-2275
-11688
-11025
-8724
-10637
-9971
240
-3785
-8011
-6763
-4990
-5378
-2940
558
-1532
-339
960
-9585
-9344
11087
-10274
3695
-284
1385
-6105
-5774
5847
-5600
-12653
21
1046
170
-1930
-6099
-6820
-7441
-5940
-5281
165
-2424
-5593
-4518
-4539
-5019
-1937
452
-1410
-50
-1008
-5990
-4126
8387
-5292
-28357
-287
-2507
-4548
-4442
2102
-4331
-32270
-60
-2963
128
684
-12222
-11876
-10840
-12799
-12550
216
2457
-7067
-7157
-8052
-5516
-5325
714
1199
-367
1356
-10585
-13667
10807
-12582
13193
-396
1564
-6111
-5752
6651
-6433
-14692
-120
1048
206
1938
-11712
-10508
11220
-12322
-12228
438
1942
-6749
-7838
1583
-5086
-3119
378
292
-508
152
-12221
-13200
-10280
-12423
15965
-34
336
-7070
-5606
-4016
-6319
-14181
67
-232
165
1044
-4868
-3838
6960
-3659
-3739
263
844
-5308
-3589
833
-4212
-2732
63
-320
-180
-4137
-3920
-4523
-6727
-3577
-27801
-111
-6897
-3276
-3784
-4407
-2762
-30141
88
-5190
-141
-177
-3761
-1410
-245
-2364
-2420
29
1100
-4285
-2163
-2276
-3068
-936
23
603
-153
-5
-1312
-3663
-348
-2265
-14064
-167
1307
-1395
-3003
-683
-2377
-15541
72
1806
169
1686
-5373
-2345
-5363
-4512
-4286
106
2865
-5764
-2290
-5829
-4834
-951
237
2162
-429
-132
-3454
-5647
3999
-4391
-11521
-453
388
-3031
-5211
160
-5191
-13703
-327
11
46
-1181
-5377
-4733
-2480
-5407
-5866
33
-28
-5861
-6163
-5524
-5493
145
189
-285
-256
703
-3310
-6634
-235
-5807
-12458
-338
572
-3687
-5114
-3370
-6221
-14209
-114
455
83
-1496
-5084
-3345
-3664
-3184
-4023
153
-3150
-5614
-4722
-3468
-4376
624
85
-1571
-15
168
-3424
-2663
1431
-3965
-25702
-176
-1096
-4884
-5026
-2426
-4207
-22336
-223
-1124
146
-652
-4921
-4783
-5485
-3722
-3940
114
-1068
-4185
-3748
-3409
-3682
-1671
193
403
61
30
-3904
-2712
4955
-3760
-17656
-245
-84
-3630
-3827
1785
-3219
-19930
-165
-63
288
-1740
-9182
-9968
-7473
-10127
-9370
128
-4437
-8060
-7548
-6857
-7222
-5050
417
-2423
-194
1365
-7632
-8719
6513
-9449
-1932
-424
1429
-5145
-7374
3632
-6982
-8353
-175
1315
300
-3790
-7323
-8023
8749
-7047
-7830
398
-5637
-5982
-6711
1546
-5124
-2205
237
-4208
-395
119
-8111
-7527
-8899
-7761
-9009
-7
318
-5368
-5723
-4751
-5591
-18564
45
-471
73
-1662
-3167
-2677
5720
-2579
-3593
85
-1811
-4387
-4117
1990
-4141
-2356
93
-1405
-16
-3329
-4445
-4366
-6307
-3292
-21370
-28
-4099
-4380
-3463
-4033
-3781
-20404
212
-2864
-81
795
-4267
-1397
-967
-2695
-2707
-110
659
-6511
-3129
-3498
-4900
233
48
186
-168
1782
-2364
-4008
1071
-2385
-21537
-175
2561
-4163
-5013
-1061
-3748
-16306
-94
2329
151
421
-6581
-4992
-6437
-5905
-5440
74
653
-6219
-4047
-6519
-5393
-547
269
-354
-388
-805
-4236
-5836
5998
-5545
-14455
-320
-831
-4557
-6118
1251
-5593
-17121
-237
-354
126
-919
-3726
-3545
-310
-3870
-4145
277
-849
-3467
-3620
-3670
-3548
235
206
-673
-423
-26
-2943
-4953
-695
-4080
-12032
-471
58
-2411
-3151
-4167
-3360
-14809
-174
122
73
-1686
-3690
-2706
-2603
-1341
-2818
199
-859
-3446
-3509
-3700
-2404
547
-76
262
-117
170
-1741
-3242
62
-2747
-21996
-270
-898
-2604
-2833
-3187
-2338
-24152
-130
-280
9
-1792
-4156
-3136
-2504
-1922
-3594
-33
-1317
-4074
-3478
-3802
-3412
-1302
-108
195
108
807
-1775
-4051
-1484
-3576
-13784
10
-1
-2542
-4587
-3905
-2828
-15200
14
120
201
-1763
-4549
-5033
-1860
-2468
-3898
79
-2744
-4707
-3766
-3431
-3983
-1095
53
-2025
-122
779
-3386
-4374
1241
-3811
-21943
-140
630
-3576
-5072
-1576
-2385
-23012
-72
850
86
-1571
-3918
-3385
2333
-3496
-4236
73
-1363
-5880
-4210
-2079
-5488
903
15
-1080
-215
-972
-6060
-4737
-1833
-4171
-25728
-206
-1179
-8144
-5897
-3664
-4791
-20151
-38
-1352
-248
531
-4156
-3142
3214
-3972
-3992
-249
1323
-5549
-5224
-942
-4390
2366
6
978
130
79
-4640
-5520
-1763
-3940
-17804
66
-40
-6794
-4075
-3360
-3369
-19112
179
193
70
1145
-5846
-3794
-1536
-3768
-3851
-77
632
-7588
-5558
-4426
-5404
3196
70
518
-132
1491
-4050
-4578
2908
-3773
-24192
-123
1426
-6357
-5270
-1812
-4037
-22123
-198
1558
151
-244
-5490
-4353
-4792
-5662
-5160
78
-756
-7359
-5042
-5238
-6715
1614
102
-775
-300
-1413
-4870
-3448
3769
-5165
-19777
-306
-1409
-7133
-6847
-2206
-6004
-15129
-188
-691
154
-1710
-1271
-1994
-444
1263
-1373
63
-2354
-1404
-1777
-2000
-705
323
-78
-1750
-134
421
-2591
-1794
9
-1259
-19893
-286
613
-1787
-2222
-3281
-1154
-19975
-111
232
-155
-1771
-1365
-1936
-1527
2149
-1332
-183
-1162
-2198
-2889
-3468
-485
458
-166
-1520
-102
-923
-1675
-1851
-717
-1101
-15577
-229
-543
-2144
-3168
-4580
-2187
-11016
-22
-522
-199
-2080
-1883
-1339
-710
1033
-1182
-157
-1566
-1964
-1557
-1941
-184
1238
-249
-2207
95
91
-1871
-1546
-20
-961
-18142
-111
706
-1963
-1471
-3489
-724
-20585
57
650
-210
-1899
-2081
-1920
-4
-977
-2172
-146
-1329
-3995
-3561
-1816
-2838
2264
-112
-2007
-103
643
-3057
-2561
-181
-2052
-18385
-273
596
-5149
-4194
-4598
-3043
-13384
-20
894
-262
-1518
-2385
-1478
-1316
-2515
-3010
-251
-1635
-5232
-4347
-3358
-4977
4705
-21
-2462
-171
-1108
-4485
-3944
1369
-2902
-23724
-283
-1075
-7725
-5189
-5590
-4605
-18447
-55
-1441
-482
-1296
-4446
-2887
-1789
-3815
-3845
-498
-935
-6008
-5518
-3513
-4495
4052
-192
-879
40
1962
-4913
-5663
3650
-3649
-18131
-21
2161
-6320
-4017
-2805
-3875
-20197
-47
1884
-267
-1466
-6254
-3882
-5435
-5567
-5364
-274
-1186
-6835
-4978
-5419
-5207
2216
-102
-631
-166
178
-6753
-6125
6450
-5207
-11476
-183
-86
-7224
-4936
-472
-5368
-14363
-66
-657
-106
-1472
-3686
-3516
-3778
-3786
-3901
-78
-1852
-3684
-4179
-2756
-4141
1368
-81
-763
-319
-1714
-4861
-1922
2709
-3777
-17928
-356
-2349
-4826
-3701
-2508
-4055
-20803
64
-2015
0
0
0
0
0
0
0
0
0
0
0
-1335
-2168
-963
-582
-1573
0
0
0
0
0
0
0
0
0
0
0
-1254
-2859
774
-1631
-13411
0
0
0
0
0
0
0
0
0
0
0
-1830
-2034
-1337
53
-1730
0
0
0
0
0
0
0
0
0
0
0
-2690
-3200
1658
-1724
-11432
0
0
0
0
0
0
0
0
0
0
0
-2165
-2907
-2893
-884
-2360
0
0
0
0
0
0
0
0
0
0
0
-3187
-2131
1953
-2349
-17255
0
0
0
0
0
0
0
0
0
0
0
-2863
-4662
-5595
-3680
-4490
0
0
0
0
0
0
0
0
0
0
0
-4453
-3920
2403
-4472
-19032
0
0
0
0
0
0
0
0
0
0
0
-3785
-4643
-6840
-4394
-4885
0
0
0
0
0
0
0
0
0
0
0
-4797
-2540
2608
-4848
-13357
0
0
0
0
0
0
0
0
0
0
0
-3190
-3416
-4001
-3631
-3851
0
0
0
0
0
0
0
0
0
0
0
-4282
-1221
503
-3852
-17096
0
0
0
0
0
0
0
0
0
0
0
-2512
-1991
-1485
-3453
-2947
0
0
0
0
0
0
0
0
0
0
0
-2958
-1313
-1012
-2911
-17376
0
0
0
0
0
0
0
0
0
0
0
-2442
-2199
-349
-1387
-2219
0
0
0
0
0
0
0
0
0
0
0
-863
-1072
-2772
-2109
-12762
0
0
0
0
0
0
0
0
0
0
0
-1463
-2575
-827
-272
-2011
0
0
0
0
0
0
0
0
0
0
0
-1432
-2839
-358
-1867
-15521
0
0
0
0
0
0
0
0
0
0
0
-1687
-1797
201
602
-2146
0
0
0
0
0
0
0
0
0
0
0
-3038
-2817
-2125
-2014
-18089
0
0
0
0
0
0
0
0
0
0
0
-3906
-3440
-3484
-2847
-3482
0
0
0
0
0
0
0
0
0
0
0
-4891
-3662
3644
-3557
-20874
0
0
0
0
0
0
0
0
0
0
0
-7808
-7318
-8620
-7804
-7762
0
0
0
0
0
0
0
0
0
0
0
-8100
-10121
9078
-7341
-11030
0
0
0
0
0
0
0
0
0
0
0
-5405
-5848
-7537
-3646
-6191
0
0
0
0
0
0
0
0
0
0
0
-7154
-5663
5069
-5844
-14872
0
0
0
0
0
0
0
0
0
0
0
-5487
-5372
-7248
-6824
-6258
0
0
0
0
0
0
0
0
0
0
0
-7970
-6074
6935
-6181
-15804
0
0
0
0
0
0
0
0
0
0
0
-3613
-2999
-5814
-5072
-4184
0
0
0
0
0
0
0
0
0
0
0
-5199
-4043
5182
-4043
-20939
0
0
0
0
0
0
0
0
0
0
0
-1571
-797
-1487
-1718
-1647
0
0
0
0
0
0
0
0
0
0
0
-670
-1373
-432
-1585
-15201
0
0
0
0
0
0
0
0
0
0
0
-1270
-2277
-981
180
-1558
0
0
0
0
0
0
0
0
0
0
0
-1418
-1745
-451
-1523
-17334
0
0
0
0
0
0
0
0
0
0
0
-2597
-3715
-2052
-44
-3000
0
0
0
0
0
0
0
0
0
0
0
-4015
-2216
-327
-3003
-17779
0
0
0
0
0
0
0
0
0
0
0
-2938
-5002
-5549
-1935
-4305
0
0
0
0
0
0
0
0
0
0
0
-6100
-2005
1483
-4304
-16550
0
0
0
0
0
0
0
0
0
0
0
-1522
-4662
-5315
1186
-4230
0
0
0
0
0
0
0
0
0
0
0
-6185
-4040
-1144
-4235
-20449
0
0
0
0
0
0
0
0
0
0
0
-3070
-4602
-3317
-475
-3585
0
0
0
0
0
0
0
0
0
0
0
-4262
-2257
320
-3444
-32402
0
0
0
0
0
0
0
0
0
0
0
-7073
-7339
-7533
-5965
-6740
0
0
0
0
0
0
0
0
0
0
0
-7272
-8140
8000
-6345
-14088
0
0
0
0
0
0
0
0
0
0
0
-6162
-6516
-7379
-4926
-6002
0
0
0
0
0
0
0
0
0
0
0
-5959
-7791
8121
-5704
-10984
0
0
0
0
0
0
0
0
0
0
0
-2287
-2291
-2898
-1637
-2611
0
0
0
0
0
0
0
0
0
0
0
-1918
-3341
2049
-2467
-16183
0
0
0
0
0
0
0
0
0
0
0
-2090
-2853
-1014
-437
-2269
0
0
0
0
0
0
0
0
0
0
0
-1531
-2113
-629
-2352
-17444
0
0
0
0
0
0
0
0
0
0
0
-7627
-7523
-5916
-7485
-7027
0
0
0
0
0
0
0
0
0
0
0
-8262
-7382
7930
-6903
-13313
0
0
0
0
0
0
0
0
0
0
0
-3918
-5018
-6505
-3783
-4866
0
0
0
0
0
0
0
0
0
0
0
-7022
-2495
3841
-4840
-17656
0
0
0
0
0
0
0
0
0
0
0
-2355
-4272
-3187
-287
-3788
0
0
0
0
0
0
0
0
0
0
0
-4470
-2494
-1855
-4022
-24173
0
0
0
0
0
0
0
0
0
0
0
-1700
-3477
2368
-2197
-2881
0
0
0
0
0
0
0
0
0
0
0
-4261
-1727
-3010
-2891
-27238
0
0
0
0
0
0
0
0
0
0
0
-2266
-3973
-50
66
-2635
0
0
0
0
0
0
0
0
0
0
0
-3313
-3235
-1636
-2608
-24803
0
0
0
0
0
0
0
0
0
0
0
-1860
-2088
-535
754
-1350
0
0
0
0
0
0
0
0
0
0
0
-1638
-2861
619
-1437
-18004
0
0
0
0
0
0
0
0
0
0
0
-1904
-1507
-2484
-884
-1840
0
0
0
0
0
0
0
0
0
0
0
-779
-2707
1308
-1708
-11034
0
0
0
0
0
0
0
0
0
0
0
-3052
-3437
-1289
-1331
-2754
0
0
0
0
0
0
0
0
0
0
0
-783
-2722
-959
-2805
-17031
0
0
0
0
0
0
0
0
0
0
0
-5785
-6737
-4781
-6461
-5801
0
0
0
0
0
0
0
0
0
0
0
-6625
-4774
5012
-5682
-14372
0
0
0
0
0
0
0
0
0
0
0
-3305
-5497
-6567
-3177
-4329
0
0
0
0
0
0
0
0
0
0
0
-6189
-743
2975
-4221
-30476
0
0
0
0
0
0
0
0
0
0
0
-7019
-6522
-4300
-6859
-6029
0
0
0
0
0
0
0
0
0
0
0
-6063
-6778
6010
-5823
-15620
0
0
0
0
0
0
0
0
0
0
0
-7570
-6160
8659
-6664
-7022
0
0
0
0
0
0
0
0
0
0
0
-7279
-9183
-7318
-6869
-10102
0
0
0
0
0
0
0
0
0
0
0
-4061
-4573
3975
-711
-4207
0
0
0
0
0
0
0
0
0
0
0
-4932
-3524
-6327
-4022
-24968
0
0
0
0
0
0
0
0
0
0
0
-1815
-1636
574
-467
-1463
0
0
0
0
0
0
0
0
0
0
0
-1657
-2617
-354
-1547
-16351
0
0
0
0
0
0
0
0
0
0
0
-2354
-2134
-3680
-2540
-2800
0
0
0
0
0
0
0
0
0
0
0
-2284
-4309
3106
-2734
-14812
0
0
0
0
0
0
0
0
0
0
0
-2074
-2598
-2054
-2038
-3070
0
0
0
0
0
0
0
0
0
0
0
-1287
-4693
-1692
-3067
-21117
0
0
0
0
0
0
0
0
0
0
0
-2202
-2928
-5182
-1460
-4140
0
0
0
0
0
0
0
0
0
0
0
-4838
-3778
-840
-4235
-20764
0
0
0
0
0
0
0
0
0
0
0
-4455
-4615
-4564
-2268
-3925
0
0
0
0
0
0
0
0
0
0
0
-4251
-2619
1819
-4127
-14252
0
0
0
0
0
0
0
0
0
0
0
-4632
-5355
-2956
-3677
-4262
0
0
0
0
0
0
0
0
0
0
0
-4502
-4022
1891
-4014
-24692
0
0
0
0
0
0
0
0
0
0
0
-5656
-6766
4597
-2417
-6335
0
0
0
0
0
0
0
0
0
0
0
-6570
-7160
-8195
-6056
-15208
0
0
0
0
0
0
0
0
0
0
0
-3791
-3581
4011
-80
-3691
0
0
0
0
0
0
0
0
0
0
0
-4522
-4201
-5698
-3452
-19373
0
0
0
0
0
0
0
0
0
0
0
-3208
-2048
400
-1393
-2443
0
0
0
0
0
0
0
0
0
0
0
-2617
-3181
-511
-2547
-18812
0
0
0
0
0
0
0
0
0
0
0
-4540
-4450
-5458
-4795
-4410
0
0
0
0
0
0
0
0
0
0
0
-2856
-3343
2959
-4304
-14368
0
0
0
0
0
0
0
0
0
0
0
-903
-2545
-1565
-1046
-2286
0
0
0
0
0
0
0
0
0
0
0
-1746
-3557
-807
-2294
-16421
0
0
0
0
0
0
0
0
0
0
0
-1742
-2331
-3298
341
-2701
0
0
0
0
0
0
0
0
0
0
0
-3091
-4042
-92
-2871
-20186
0
0
0
0
0
0
0
0
0
0
0
-4092
-3145
-2698
606
-2925
0
0
0
0
0
0
0
0
0
0
0
-2645
-4302
-631
-3185
-15364
0
0
0
0
0
0
0
0
0
0
0
-3632
-4767
-3386
1575
-3742
0
0
0
0
0
0
0
0
0
0
0
-3282
-5480
-1020
-3721
-20828
0
0
0
0
0
0
0
0
0
0
0
-3840
-4010
451
-1219
-4241
0
0
0
0
0
0
0
0
0
0
0
-4664
-4588
-3211
-4148
-21411
0
0
0
0
0
0
0
0
0
0
0
-4105
-2898
3727
-1939
-3637
0
0
0
0
0
0
0
0
0
0
0
-3918
-5045
-3105
-3711
-17454
0
0
0
0
0
0
0
0
0
0
0
-4969
-3689
-1099
-2929
-4636
0
0
0
0
0
0
0
0
0
0
0
-5027
-4033
-1211
-4684
-16943
0
0
0
0
0
0
0
0
0
0
0
-3076
-2983
-4255
-3694
-3278
0
0
0
0
0
0
0
0
0
0
0
-2988
-592
515
-3206
-23250
0
0
0
0
0
0
0
0
0
0
0
-1312
-2617
-2367
1488
-2032
0
0
0
0
0
0
0
0
0
0
0
-2254
-2925
-731
-1844
-14364
0
0
0
0
0
0
0
0
0
0
0
-1171
-1525
-943
1744
-970
0
0
0
0
0
0
0
0
0
0
0
-1448
-2337
-448
-1000
-15869
0
0
0
0
0
0
0
0
0
0
0
-1636
-1543
-1217
1351
-1159
0
0
0
0
0
0
0
0
0
0
0
-1929
-2027
3
-1172
-17965
0
0
0
0
0
0
0
0
0
0
0
-1613
-1327
-774
-67
-1519
0
0
0
0
0
0
0
0
0
0
0
-1896
-2921
-155
-1501
-19028
0
0
0
0
0
0
0
0
0
0
0
-2525
-1263
-1537
-1414
-2517
0
0
0
0
0
0
0
0
0
0
0
-2671
-4073
654
-2377
-22203
0
0
0
0
0
0
0
0
0
0
0
-3054
-1902
-49
-2572
-3030
0
0
0
0
0
0
0
0
0
0
0
-4285
-4221
1315
-2994
-20339
0
0
0
0
0
0
0
0
0
0
0
-3315
-2606
-3807
-4198
-3971
0
0
0
0
0
0
0
0
0
0
0
-6165
-4032
3712
-3975
-14500
0
0
0
0
0
0
0
0
0
0
0
-2240
-2673
-4600
-2346
-2934
0
0
0
0
0
0
0
0
0
0
0
-3785
-1213
1503
-2805
-19943
0
0
0
0
0
0
0
0
0
0
0
0
0
0
0
0
0
0
0
0
0
0
0
0
0
0
0
0
0
0
0
0
0
0
0
0
0
0
0
0
0
0
0
0
0
0
0
0
0
0
0
0
0
0
0
0
0
0
0
0
0
0
0
0
0
0
0
0
0
0
0
0
0
0
0
0
0
0
0
0
0
0
0
0
0
0
0
0
0
0
0
0
0
0
0
0
0
0
0
0
0
0
0
0
0
0
0
0
0
0
0
0
0
0
0
0
0
0
0
0
0
0
0
0
0
0
0
0
0
0
0
0
0
0
0
0
0
0
0
0
0
0
0
0
0
0
0
0
0
0
0
0
0
0
0
0
0
0
0
0
0
0
0
0
0
0
0
0
0
0
0
0
0
0
0
0
0
0
0
0
0
0
0
0
0
0
0
0
0
0
0
0
0
0
0
0
0
0
0
0
0
0
0
0
0
0
0
0
0
0
0
0
0
0
0
0
0
0
0
0
0
0
0
0
0
0
0
0
0
0
0
0
0
0
0
0
0
0
0
0
0
0
0
0
0
0
0
0
0
0
0
0
0
0
0
0
0
0
0
0
0
0
0
0
0
0
0
0
0
0
0
0
0
0
0
0
0
0
0
0
0
0
0
0
0
0
0
0
0
0
0
0
0
0
0
0
0
0
0
0
0
0
0
0
0
0
0
0
0
0
0
0
0
0
0
0
0
0
0
0
0
0
0
0
0
0
0
0
0
0
0
0
0
0
0
0
0
0
0
0
0
0
0
0
0
0
0
0
0
0
0
0
0
0
0
0
0
0
0
0
0
0
0
0
0
0
0
0
0
0
0
0
0
0
0
0
0
0
0
0
0
0
0
0
0
0
0
0
0
0
0
0
0
0
0
0
0
0
0
0
0
0
0
0
0
0
0
0
0
0
0
0
0
0
0
0
0
0
0
0
0
0
0
0
0
0
0
0
0
0
0
0
0
0
0
0
0
0
0
0
0
0
0
0
0
0
0
0
0
0
0
0
0
0
0
0
0
0
0
0
0
0
0
0
0
0
0
0
0
0
0
0
0
0
0
0
0
0
0
0
0
0
0
0
0
0
0
0
0
0
0
0
0
0
0
0
0
0
0
0
0
0
0
0
0
0
0
0
0
0
0
0
0
0
0
0
0
0
0
0
0
0
0
0
0
0
0
0
0
0
0
0
0
0
0
0
0
0
0
0
0
0
0
0
0
0
0
0
0
0
0
0
0
0
0
0
0
0
0
0
0
0
0
0
0
0
0
0
0
0
0
0
0
0
0
0
0
0
0
0
0
0
0
0
0
0
0
0
0
0
0
0
0
0
0
0
0
0
0
0
0
0
0
0
0
0
0
0
0
0
0
0
0
0
0
0
0
0
0
0
0
0
0
0
0
0
0
0
0
0
0
0
0
0
0
0
0
0
0
0
0
0
0
0
0
0
0
0
0
0
0
0
0
0
0
0
0
0
0
0
0
0
0
0
0
0
0
0
0
0
0
0
0
0
0
0
0
0
0
0
0
0
0
0
0
0
0
0
0
0
0
0
0
0
0
0
0
0
0
0
0
0
0
0
0
0
0
0
0
0
0
0
0
0
0
0
0
0
0
0
0
0
0
0
0
0
0
0
0
0
0
0
0
0
0
0
0
0
0
0
0
0
0
0
0
0
0
0
0
0
0
0
0
0
0
0
0
0
0
0
0
0
0
0
0
0
0
0
0
0
0
0
0
0
0
0
0
0
0
0
0
0
0
0
0
0
0
0
0
0
0
0
0
0
0
0
0
0
0
0
0
0
0
0
0
0
0
0
0
0
0
0
0
0
0
0
0
0
0
0
0
0
0
0
0
0
0
0
0
0
0
0
0
0
0
0
0
0
0
0
0
0
0
0
0
0
0
0
0
0
0
0
0
0
0
0
0
0
0
0
0
0
0
0
0
0
0
0
0
0
0
0
0
0
0
0
0
0
0
0
0
0
0
0
0
0
0
0
0
0
0
0
0
0
0
0
0
0
0
0
0
0
0
0
0
0
0
0
0
0
0
0
0
0
0
0
0
0
0
0
0
0
0
0
0
0
0
0
0
0
0
0
0
0
0
0
0
0
0
0
0
0
0
0
0
0
0
0
0
0
0
0
0
0
0
0
0
0
0
0
0
0
0
0
0
0
0
0
0
0
0
0
0
0
0
0
0
0
0
0
0
0
0
0
0
0
0
0
0
0
0
0
0
0
0
0
0
0
0
0
0
0
0
0
0
0
0
0
0
0
0
0
0
0
0
0
0
0
0
0
0
0
0
0
0
0
0
0
0
0
0
0
0
0
0
0
0
0
0
0
0
0
0
0
0
0
0
0
0
0
0
0
0
0
0
0
0
0
0
0
0
0
0
0
0
0
0
0
0
0
0
0
0
0
0
0
0
0
0
0
0
0
0
0
0
0
0
0
0
0
0
0
0
0
0
0
0
0
0
0
0
0
0
0
0
0
0
0
0
0
0
0
0
0
0
0
0
0
0
0
0
0
0
0
0
0
0
0
0
0
0
0
0
0
0
0
0
0
0
0
0
0
0
0
0
0
0
0
0
0
0
0
0
0
0
0
0
0
0
0
0
0
0
0
0
0
0
0
0
0
0
0
0
0
0
0
0
0
0
0
0
0
0
0
0
0
0
0
0
0
0
0
0
0
0
0
0
0
0
0
0
0
0
0
0
0
0
0
0
0
0
0
0
0
0
0
0
0
0
0
0
0
0
0
0
0
0
0
0
0
0
0
0
0
0
0
0
0
0
0
0
0
0
0
0
0
0
0
0
0
0
0
0
0
0
0
0
0
0
0
0
0
0
0
0
0
0
0
0
0
0
0
0
0
0
0
0
0
0
0
0
0
0
0
0
0
0
0
0
0
0
0
0
0
0
0
0
0
0
0
0
0
0
0
0
0
0
0
0
0
0
0
0
0
0
0
0
0
0
0
0
0
0
0
0
0
0
0
0
0
0
0
0
0
0
0
0
0
0
0
0
0
0
0
0
0
0
0
0
0
0
0
0
0
0
0
0
0
0
0
0
0
0
0
0
0
0
0
0
0
0
0
0
0
0
0
0
0
0
0
0
0
0
0
0
0
0
0
0
0
0
0
0
0
0
0
0
0
0
0
0
0
0
0
0
0
0
0
0
0
0
0
0
0
0
0
0
0
0
0
0
0
0
0
0
0
0
0
0
0
0
0
0
0
0
0
0
0
0
0
0
0
0
0
0
0
0
0
0
0
0
0
0
0
0
0
0
0
0
0
0
0
0
0
0
0
0
0
0
0
0
0
0
0
0
0
0
0
0
0
0
0
0
0
0
0
0
0
0
0
0
0
0
0
0
0
0
0
0
0
0
0
0
0
0
0
0
0
0
0
0
0
0
0
0
0
0
0
0
0
0
0
0
0
0
0
0
0
0
0
0
0
0
0
0
0
0
0
0
0
0
0
0
0
0
0
0
0
0
0
0
0
0
0
0
0
0
0
0
0
0
0
0
0
0
0
0
0
0
0
0
0
0
0
0
0
0
0
0
0
0
0
0
0
0
0
0
0
0
0
0
0
0
0
0
0
0
0
0
0
0
0
0
0
0
0
0
0
0
0
0
0
0
0
0
0
0
0
0
0
0
0
0
0
0
0
0
0
0
0
0
0
0
0
0
0
0
0
0
0
0
0
0
0
0
0
0
0
0
0
0
0
0
0
0
0
0
0
0
0
0
0
0
0
0
0
0
0
0
0
0
0
0
0
0
0
0
0
0
0
0
0
0
0
0
0
0
0
0
0
0
0
0
0
0
0
0
0
0
0
0
0
0
0
0
0
0
0
0
0
0
0
0
0
0
0
0
0
0
0
0
0
0
0
0
0
0
0
0
0
0
0
0
0
0
0
0
0
0
0
0
0
0
0
0
0
0
0
0
0
0
0
0
0
0
0
0
0
0
0
0
0
0
0
0
0
0
0
0
0
0
0
0
0
0
0
0
0
0
0
0
0
0
0
0
0
0
0
0
0
0
0
0
0
0
0
0
0
0
0
0
0
0
0
0
0
0
0
0
0
0
0
0
0
0
0
0
0
0
0
0
0
0
0
0
0
0
0
0
0
0
0
0
0
0
0
0
0
0
0
0
0
0
0
0
0
0
0
0
0
0
0
0
0
0
0
0
0
0
0
0
0
0
0
0
0
0
0
0
0
0
0
0
0
0
0
0
0
0
0
0
0
0
0
0
0
0
0
0
0
0
0
0
0
0
0
0
0
0
0
0
0
0
0
0
0
0
0
0
0
0
0
0
0
0
0
0
0
0
0
0
0
0
0
0
0
0
0
0
0
0
0
0
0
0
0
0
0
0
0
0
0
0
0
0
0
0
0
0
0
0
0
0
0
0
0
0
0
0
0
0
0
0
0
0
0
0
0
0
0
0
0
0
0
0
0
0
0
0
0
0
0
0
0
0
0
0
0
0
0
0
0
0
0
0
0
0
0
0
0
0
0
0
0
0
0
0
0
0
0
0
0
0
0
0
0
0
0
0
0
0
0
0
0
0
0
0
0
0
0
0
0
0
0
0
0
0
0
0
0
0
0
0
0
0
0
0
0
0
0
0
0
0
0
0
0
0
0
0
0
0
0
0
0
0
0
0
0
0
0
0
0
0
0
0
0
0
0
0
0
0
0
0
0
0
0
0
0
0
0
0
0
0
0
0
0
0
0
0
0
0
0
0
0
0
0
0
0
0
0
0
0
0
0
0
0
0
0
0
0
0
0
0
0
0
0
0
0
0
0
0
0
0
0
0
0
0
0
0
0
0
0
0
0
0
0
0
0
0
0
0
0
0
0
0
0
0
0
0
0
0
0
0
0
0
0
0
0
0
0
0
0
0
0
0
0
0
0
0
0
0
0
0
0
0
0
0
0
0
0
0
0
0
0
0
0
0
0
0
0
0
0
0
0
0
0
0
0
0
0
0
0
0
0
0
0
0
0
0
0
0
0
0
0
0
0
0
0
0
0
0
0
0
0
0
0
0
0
0
0
0
0
0
0
0
0
0
0
0
0
0
0
0
0
0
0
0
0
0
0
0
0
0
0
0
0
0
0
0
0
0
0
0
0
0
0
0
0
0
0
0
0
0
0
0
0
0
0
0
0
0
0
0
0
0
0
0
0
0
0
0
0
0
0
0
0
0
0
0
0
0
0
0
0
0
0
0
0
0
0
0
0
0
0
0
0
0
0
0
0
0
0
0
0
0
0
0
0
0
0
0
0
0
0
0
0
0
0
0
0
0
0
0
0
0
0
0
0
0
0
0
0
0
0
0
0
0
0
0
0
0
0
0
0
0
0
0
0
0
0
0
0
0
0
0
0
0
0
0
0
0
0
0
0
0
0
0
0
0
0
0
0
0
0
0
0
0
0
0
0
0
0
0
0
0
0
0
0
0
0
0
0
0
0
0
0
0
0
0
0
0
0
0
0
0
0
0
0
0
0
0
0
0
0
0
0
0
0
0
0
0
0
0
0
0
0
0
0
0
0
0
0
0
0
0
0
0
0
0
0
0
0
0
0
0
0
0
0
0
0
0
0
0
0
0
0
0
0
0
0
0
0
0
0
0
0
0
0
0
0
0
0
0
0
0
0
0
0
0
0
0
0
0
0
0
0
0
0
0
0
0
0
0
0
0
0
0
0
0
0
0
0
0
0
0
0
0
0
0
0
0
0
0
0
0
0
0
0
0
0
0
0
0
0
0
0
0
0
0
0
0
0
0
0
0
0
0
0
0
0
0
0
0
0
0
0
0
0
0
0
0
0
0
0
0
0
0
0
0
0
0
0
0
0
0
0
0
0
0
0
0
0
0
0
0
0
0
0
0
0
0
0
0
0
0
0
0
0
0
0
0
0
0
0
0
0
0
0
0
0
0
0
0
0
0
0
0
0
0
0
0
0
0
0
0
0
0
0
0
0
0
0
0
0
0
0
0
0
0
0
0
0
0
0
0
0
0
0
0
0
0
0
0
0
0
0
0
0
0
0
0
0
0
0
0
0
0
0
0
0
0
0
0
0
0
0
0
0
0
0
0
0
0
0
0
0
0
0
0
0
0
0
0
0
0
0
0
0
0
0
0
0
0
0
0
0
0
0
0
0
0
0
0
0
0
0
0
0
0
0
0
0
0
0
0
0
0
0
0
0
0
0
0
0
0
0
0
0
0
0
0
0
0
0
0
0
0
0
0
0
0
0
0
0
0
0
0
0
0
0
0
0
0
0
0
0
0
0
0
0
0
0
0
0
0
0
0
0
0
0
0
0
0
0
0
0
0
0
0
0
0
0
0
0
0
0
0
0
0
0
0
0
0
0
0
0
0
0
0
0
0
0
0
0
0
0
0
0
0
0
0
0
0
0
0
0
0
0
0
0
0
0
0
0
0
0
0
0
0
0
0
0
0
0
0
0
0
0
0
0
0
0
0
0
0
0
0
0
0
0
0
0
0
0
0
0
0
0
0
0
0
0
0
0
0
0
0
0
0
0
0
0
0
0
0
0
0
0
0
0
0
0
0
0
0
0
0
0
0
0
0
0
0
0
0
0
0
0
0
0
0
0
0
0
0
0
0
0
0
0
0
0
0
0
0
0
0
0
0
0
0
0
0
0
0
0
0
0
0
0
0
0
0
0
0
0
0
0
0
0
0
0
0
0
0
0
0
0
0
0
0
0
0
0
0
0
0
0
0
0
0
0
0
0
0
0
0
0
0
0
0
0
0
0
0
0
0
0
0
0
0
0
0
0
0
0
0
0
0
0
0
0
0
0
0
0
0
0
0
0
0
0
0
0
0
0
0
0
0
0
0
0
0
0
0
0
0
0
0
0
0
0
0
0
0
0
0
0
0
0
0
0
0
0
0
0
0
0
0
0
0
0
0
0
0
0
0
0
0
0
0
0
0
0
0
0
0
0
0
0
0
0
0
0
0
0
0
0
0
0
0
0
0
0
0
0
0
0
0
0
0
0
0
0
0
0
0
0
0
0
0
0
0
0
0
0
0
0
0
0
0
0
0
0
0
0
0
0
0
0
0
0
0
0
0
0
0
0
0
0
0
0
0
0
0
0
0
0
0
0
0
0
0
0
0
0
0
0
0
0
0
0
0
0
0
0
0
0
0
0
0
0
0
0
0
0
0
0
0
0
0
0
0
0
0
0
0
0
0
0
0
0
0
0
0
0
0
0
0
0
0
0
0
0
0
0
0
0
0
0
0
0
0
0
0
0
0
0
0
0
0
0
0
0
0
0
0
0
0
0
0
0
0
0
0
0
0
0
0
0
0
0
0
0
0
0
0
0
0
0
0
0
0
0
0
0
0
0
0
0
0
0
0
0
0
0
0
0
0
0
0
0
0
0
0
0
0
0
0
0
0
0
0
0
0
0
0
0
0
0
0
0
0
0
0
0
0
0
0
0
0
0
0
0
0
0
0
0
0
0
0
0
0
0
0
0
0
0
0
0
0
0
0
0
0
0
0
0
0
0
0
0
0
0
0
0
0
0
0
0
0
0
0
0
0
0
0
0
0
0
0
0
0
0
0
0
0
0
0
0
0
0
0
0
0
0
0
0
0
0
0
0
0
0
0
0
0
0
0
0
0
0
0
0
0
0
0
0
0
0
0
0
0
0
0
0
0
0
0
0
0
0
0
0
0
0
0
0
0
0
0
0
0
0
0
0
0
0
0
0
0
0
0
0
0
0
0
0
0
0
0
0
0
0
0
0
0
0
0
0
0
0
0
0
0
0
0
0
0
0
0
0
0
0
0
0
0
0
0
0
0
0
0
0
0
0
0
0
0
0
0
0
0
0
0
0
0
0
0
0
0
0
0
0
0
0
0
0
0
0
0
0
0
0
0
0
0
0
0
0
0
0
0
0
0
0
0
0
0
0
0
0
0
0
0
0
0
0
0
0
0
0
0
0
0
0
0
0
0
0
0
0
0
0
0
0
0
0
0
0
0
0
0
0
0
0
0
0
0
0
0
0
0
0
0
0
0
0
0
0
0
0
0
0
0
0
0
0
0
0
0
0
0
0
0
0
0
0
0
0
0
0
0
0
0
0
0
0
0
0
0
0
0
0
0
0
0
0
0
0
0
0
0
0
0
0
0
0
0
0
0
0
0
0
0
0
0
0
0
0
0
0
0
0
0
0
0
0
0
0
0
0
0
0
0
0
0
0
0
0
0
0
0
0
0
0
0
0
0
0
0
0
0
0
0
0
0
0
0
0
0
0
0
0
0
0
0
0
0
0
0
0
0
0
0
0
0
0
0
0
0
0
0
0
0
0
0
0
0
0
0
0
0
0
0
0
0
0
0
0
0
0
0
0
0
0
0
0
0
0
0
0
0
0
0
0
0
0
0
0
0
0
0
0
0
0
0
0
0
0
0
0
0
0
0
0
0
0
0
0
0
0
0
0
0
0
0
0
0
0
0
0
0
0
0
0
0
0
0
0
0
0
0
0
0
0
0
0
0
0
0
0
0
0
0
0
0
0
0
0
0
0
0
0
0
0
0
0
0
0
0
0
0
0
0
0
0
0
0
0
0
0
0
0
0
0
0
0
0
0
0
0
0
0
0
0
0
0
0
0
0
0
0
0
0
0
0
0
0
0
0
0
0
0
0
0
0
0
0
0
0
0
0
0
0
0
0
0
0
0
0
0
0
0
0
0
0
0
0
0
0
0
0
0
0
0
0
0
0
0
0
0
0
0
0
0
0
0
0
0
0
0
0
0
0
0
0
0
0
0
0
0
0
0
0
0
0
0
0
0
0
0
0
0
0
0
0
0
0
0
0
0
0
0
0
0
0
0
0
0
0
0
0
0
0
0
0
0
0
0
0
0
0
0
0
0
0
0
0
0
0
0
0
0
0
0
0
0
0
0
0
0
0
0
0
0
0
0
0
0
0
0
0
0
0
0
0
0
0
0
0
0
0
0
0
0
0
0
0
0
0
0
0
0
0
0
0
0
0
0
0
0
0
0
0
0
0
0
0
0
0
0
0
0
0
0
0
0
0
0
0
0
0
0
0
0
0
0
0
0
0
0
0
0
0
0
0
0
0
0
0
0
0
0
0
0
0
0
0
0
0
0
0
0
0
0
0
0
0
0
0
0
0
0
0
0
0
0
0
0
0
0
0
0
0
0
0
0
0
0
0
0
0
0
0
0
0
0
0
0
0
0
0
0
0
0
0
0
0
0
0
0
0
0
0
0
0
0
0
0
0
0
0
0
0
0
0
0
0
0
0
0
0
0
0
0
0
0
0
0
0
0
0
0
0
0
0
0
0
0
0
0
0
0
0
0
0
0
0
0
0
0
0
0
0
0
0
0
0
0
0
0
0
0
0
0
0
0
0
0
0
0
0
0
0
0
0
0
0
0
0
0
0
0
0
0
0
0
0
0
0
0
0
0
0
0
0
0
0
0
0
0
0
0
0
0
0
0
0
0
0
0
0
0
0
0
0
0
0
0
0
0
0
0
0
0
0
0
0
0
0
0
0
0
0
0
0
0
0
0
0
0
0
0
0
0
0
0
0
0
0
0
0
0
0
0
0
0
0
0
0
0
0
0
0
0
0
0
0
0
0
0
0
0
0
0
0
0
0
0
0
0
0
0
0
0
0
0
0
0
0
0
0
0
0
0
0
0
0
0
0
0
0
0
0
0
0
0
0
0
0
0
0
0
0
0
0
0
0
0
0
0
0
0
0
0
0
0
0
0
0
0
0
0
0
0
0
0
0
0
0
0
0
0
0
0
0
0
0
0
0
0
0
0
0
0
0
0
0
0
0
0
0
0
0
0
0
0
0
0
0
0
0
0
0
0
0
0
0
0
0
0
0
0
0
0
0
0
0
0
0
0
0
0
0
0
0
0
0
0
0
0
0
0
0
0
0
0
0
0
0
0
0
0
0
0
0
0
0
0
0
0
0
0
0
0
0
0
0
0
0
0
0
0
0
0
0
0
0
0
0
0
0
0
0
0
0
0
0
0
0
0
0
0
0
0
0
0
0
0
0
0
0
0
0
0
0
0
0
0
0
0
0
0
0
0
0
0
0
0
0
0
0
0
0
0
0
0
0
0
0
0
0
0
0
0
0
0
0
0
0
0
0
0
0
0
0
0
0
0
0
0
0
0
0
0
0
0
0
0
0
0
0
0
0
0
0
0
0
0
0
0
0
0
0
0
0
0
0
0
0
0
0
0
0
0
0
0
0
0
0
0
0
0
0
0
0
0
0
0
0
0
0
0
0
0
0
0
0
0
0
0
0
0
0
0
0
0
0
0
0
0
0
0
0
0
0
0
0
0
0
0
0
0
0
0
0
0
0
0
0
0
0
0
0
0
0
0
0
0
0
0
0
0
0
0
0
0
0
0
0
0
0
0
0
0
0
0
0
0
0
0
0
0
0
0
0
0
0
0
0
0
0
0
0
0
0
0
0
0
0
0
0
0
0
0
0
0
0
0
0
0
0
0
0
0
0
0
0
0
0
0
0
0
0
0
0
0
0
0
0
0
0
0
0
0
0
0
0
0
0
0
0
0
0
0
0
0
0
0
0
0
0
0
0
0
0
0
0
0
0
0
0
0
0
0
0
0
0
0
0
0
0
0
0
0
0
0
0
0
0
0
0
0
0
0
0
0
0
0
0
0
0
0
0
0
0
0
0
0
0
0
0
0
0
0
0
0
0
0
0
0
0
0
0
0
0
0
0
0
0
0
0
0
0
0
0
0
0
0
0
0
0
0
0
0
0
0
0
0
0
0
0
0
0
0
0
0
0
0
0
0
0
0
0
0
0
0
0
0
0
0
0
0
0
0
0
0
0
0
0
0
0
0
0
0
0
0
0
0
0
0
0
0
0
0
0
0
0
0
0
0
0
0
0
0
0
0
0
0
0
0
0
0
0
0
0
0
0
0
0
0
0
0
0
0
0
0
0
0
0
0
0
0
0
0
0
0
0
0
0
0
0
0
0
0
0
0
0
0
0
0
0
0
0
0
0
0
0
0
0
0
0
0
0
0
0
0
0
0
0
0
0
0
0
0
0
0
0
0
0
0
0
0
0
0
0
0
0
0
0
0
0
0
0
0
0
0
0
0
0
0
0
0
0
0
0
0
0
0
0
0
0
0
0
0
0
0
0
0
0
0
0
0
0
0
0
0
0
0
0
0
0
0
0
0
0
0
0
0
0
0
0
0
0
0
0
0
0
0
0
0
0
0
0
0
0
0
0
0
0
0
0
0
0
0
0
0
0
0
0
0
0
0
0
0
0
0
0
0
0
0
0
0
0
0
0
0
0
0
0
0
0
0
0
0
0
0
0
0
0
0
0
0
0
0
0
0
0
0
0
0
0
0
0
0
0
0
0
0
0
0
0
0
0
0
0
0
0
0
0
0
0
0
0
0
0
0
0
0
0
0
0
0
0
0
0
0
0
0
0
0
0
0
0
0
0
0
0
0
0
0
0
0
0
0
0
0
0
0
0
0
0
0
0
0
0
0
0
0
0
0
0
0
0
0
0
0
0
0
0
0
0
0
0
0
0
0
0
0
0
0
0
0
0
0
0
0
0
0
0
0
0
0
0
0
0
0
0
0
0
0
0
0
0
0
0
0
0
0
0
0
0
0
0
0
0
0
0
0
0
0
0
0
0
0
0
0
0
0
0
0
0
0
0
0
0
0
0
0
0
0
0
0
0
0
0
0
0
0
0
0
0
0
0
0
0
0
0
0
0
0
0
0
0
0
0
0
0
0
0
0
0
0
0
0
0
0
0
0
0
0
0
0
0
0
0
0
0
0
0
0
0
0
0
0
0
0
0
0
0
0
0
0
0
0
0
0
0
0
0
0
0
0
0
0
0
0
0
0
0
0
0
0
0
0
0
0
0
0
0
0
0
0
0
0
0
0
0
0
0
0
0
0
0
0
0
0
0
0
0
0
0
0
0
0
0
0
0
0
0
0
0
0
0
0
0
0
0
0
0
0
0
0
0
0
0
0
0
0
0
0
0
0
0
0
0
0
0
0
0
0
0
0
0
0
0
0
0
0
0
0
0
0
0
0
0
0
0
0
0
0
0
0
0
0
0
0
0
0
0
0
0
0
0
0
0
0
0
0
0
0
0
0
0
0
0
0
0
0
0
0
0
0
0
0
0
0
0
0
0
0
0
0
0
0
0
0
0
0
0
0
0
0
0
0
0
0
0
0
0
0
0
0
0
0
0
0
0
0
0
0
0
0
0
0
0
0
0
0
0
0
0
0
0
0
0
0
0
0
0
0
0
0
0
0
0
0
0
0
0
0
0
0
0
0
0
0
0
0
0
0
0
0
0
0
0
0
0
0
0
0
0
0
0
0
0
0
0
0
0
0
0
0
0
0
0
0
0
0
0
0
0
0
0
0
0
0
0
0
0
0
0
0
0
0
0
0
0
0
0
0
0
0
0
0
0
0
0
0
0
0
0
0
0
0
0
0
0
0
0
0
0
0
0
0
0
0
0
0
0
0
0
0
0
0
0
0
0
0
0
0
0
0
0
0
0
0
0
0
0
0
0
0
0
0
0
0
0
0
0
0
0
0
0
0
0
0
0
0
0
0
0
0
0
0
0
0
0
0
0
0
0
0
0
0
0
0
0
0
0
0
0
0
0
0
0
0
0
0
0
0
0
0
0
0
0
0
0
0
0
0
0
0
0
0
0
0
0
0
0
0
0
0
0
0
0
0
0
0
0
0
0
0
0
0
0
0
0
0
0
0
0
0
0
0
0
0
0
0
0
0
0
0
0
0
0
0
0
0
0
0
0
0
0
0
0
0
0
0
0
0
0
0
0
0
0
0
0
0
0
0
0
0
0
0
0
0
0
0
0
0
0
0
0
0
0
0
0
0
0
0
0
0
0
0
0
0
0
0
0
0
0
0
0
0
0
0
0
0
0
0
0
0
0
0
0
0
0
0
0
0
0
0
0
0
0
0
0
0
0
0
0
0
0
0
0
0
0
0
0
0
0
0
0
0
0
0
0
0
0
0
0
0
0
0
0
0
0
0
0
0
0
0
0
0
0
0
0
0
0
0
0
0
0
0
0
0
0
0
0
0
0
0
0
0
0
0
0
0
0
0
0
0
0
0
0
0
0
0
0
0
0
0
0
0
0
0
0
0
0
0
0
0
0
0
0
0
0
0
0
0
0
0
0
0
0
0
0
0
0
0
0
0
0
0
0
0
0
0
0
0
0
0
0
0
0
0
0
0
0
0
0
0
0
0
0
0
0
0
0
0
0
0
0
0
0
0
0
0
0
0
0
0
0
0
0
0
0
0
0
0
0
0
0
0
0
0
0
0
0
0
0
0
0
0
0
0
0
0
0
0
0
0
0
0
0
0
0
0
0
0
0
0
0
0
0
0
0
0
0
0
0
0
0
0
0
0
0
0
0
0
0
0
0
0
0
0
0
0
0
0
0
0
0
0
0
0
0
0
0
0
0
0
0
0
0
0
0
0
0
0
0
0
0
0
0
0
0
0
0
0
0
0
0
0
0
0
0
0
0
0
0
0
0
0
0
0
0
0
0
0
0
0
0
0
0
0
0
0
0
0
0
0
0
0
0
0
0
0
0
0
0
0
0
0
0
0
0
0
0
0
0
0
0
0
0
0
0
0
0
0
0
0
0
0
0
0
0
0
0
0
0
0
0
0
0
0
0
0
0
0
0
0
0
0
0
0
0
0
0
0
0
0
0
0
0
0
0
0
0
0
0
0
0
0
0
0
0
0
0
0
0
0
0
0
0
0
0
0
0
0
0
0
0
0
0
0
0
0
0
0
0
0
0
0
0
0
0
0
0
0
0
0
0
0
0
0
0
0
0
0
0
0
0
0
0
0
0
0
0
0
0
0
0
0
0
0
0
0
0
0
0
0
0
0
0
0
0
0
0
0
0
0
0
0
0
0
0
0
0
0
0
0
0
0
0
0
0
0
0
0
0
0
0
0
0
0
0
0
0
0
0
0
0
0
0
0
0
0
0
0
0
0
0
0
0
0
0
0
0
0
0
0
0
0
0
0
0
0
0
0
0
0
0
0
0
0
0
0
0
0
0
0
0
0
0
0
0
0
0
0
0
0
0
0
0
0
0
0
0
0
0
0
0
0
0
0
0
0
0
0
0
0
0
0
0
0
0
0
0
0
0
0
0
0
0
0
0
0
0
0
0
0
0
0
0
0
0
0
0
0
0
0
0
0
0
0
0
0
0
0
0
0
0
0
0
0
0
0
0
0
0
0
0
0
0
0
0
0
0
0
0
0
0
0
0
0
0
0
0
0
0
0
0
0
0
0
0
0
0
0
0
0
0
0
0
0
0
0
0
0
0
0
0
0
0
0
0
0
0
0
0
0
0
0
0
0
0
0
0
0
0
0
0
0
0
0
0
0
0
0
0
0
0
0
0
0
0
0
0
0
0
0
0
0
0
0
0
0
0
0
0
0
0
0
0
0
0
0
0
0
0
0
0
0
0
0
0
0
0
0
0
0
0
0
0
0
0
0
0
0
0
0
0
0
0
0
0
0
0
0
0
0
0
0
0
0
0
0
0
0
0
0
0
0
0
0
0
0
0
0
0
0
0
0
0
0
0
0
0
0
0
0
0
0
0
0
0
0
0
0
0
0
0
0
0
0
0
0
0
0
0
0
0
0
0
0
0
0
0
0
0
0
0
0
0
0
0
0
0
0
0
0
0
0
0
0
0
0
0
0
0
0
0
0
0
0
0
0
0
0
0
0
0
0
0
0
0
0
0
0
0
0
0
0
0
0
0
0
0
0
0
0
0
0
0
0
0
0
0
0
0
0
0
0
0
0
0
0
0
0
0
0
0
0
0
0
0
0
0
0
0
0
0
0
0
0
0
0
0
0
0
0
0
0
0
0
0
0
0
0
0
0
0
0
0
0
0
0
0
0
0
0
0
0
0
0
0
0
0
0
0
0
0
0
0
0
0
0
0
0
0
0
0
0
0
0
0
0
0
0
0
0
0
0
0
0
0
0
0
0
0
0
0
0
0
0
0
0
0
0
0
0
0
0
0
0
0
0
0
0
0
0
0
0
0
0
0
0
0
0
0
0
0
0
0
0
0
0
0
0
0
0
0
0
0
0
0
0
0
0
0
0
0
0
0
0
0
0
0
0
0
0
0
0
0
0
0
0
0
0
0
0
0
0
0
0
0
0
0
0
0
0
0
0
0
0
0
0
0
0
0
0
0
0
0
0
0
0
0
0
0
0
0
0
0
0
0
0
0
0
0
0
0
0
0
0
0
0
0
0
0
0
0
0
0
0
0
0
0
0
0
0
0
0
0
0
0
0
0
0
0
0
0
0
0
0
0
0
0
0
0
0
0
0
0
0
0
0
0
0
0
0
0
0
0
0
0
0
0
0
0
0
0
0
0
0
0
0
0
0
0
0
0
0
0
0
0
0
0
0
0
0
0
0
0
0
0
0
0
0
0
0
0
0
0
0
0
0
0
0
0
0
0
0
0
0
0
0
0
0
0
0
0
0
0
0
0
0
0
0
0
0
0
0
0
0
0
0
0
0
0
0
0
0
0
0
0
0
0
0
0
0
0
0
0
0
0
0
0
0
0
0
0
0
0
0
0
0
0
0
0
0
0
0
0
0
0
0
0
0
0
0
0
0
0
0
0
0
0
0
0
0
0
0
0
0
0
0
0
0
0
0
0
0
0
0
0
0
0
0
0
0
0
0
0
0
0
0
0
0
0
0
0
0
0
0
0
0
0
0
0
0
0
0
0
0
0
0
0
0
0
0
0
0
0
0
0
0
0
0
0
0
0
0
0
0
0
0
0
0
0
0
0
0
0
0
0
0
0
0
0
0
0
0
0
0
0
0
0
0
0
0
0
0
0
0
0
0
0
0
0
0
0
0
0
0
0
0
0
0
0
0
0
0
0
0
0
0
0
0
0
0
0
0
0
0
0
0
0
0
0
0
0
0
0
0
0
0
0
0
0
0
0
0
0
0
0
0
0
0
0
0
0
0
0
0
0
0
0
0
0
0
0
0
0
0
0
0
0
0
0
0
0
0
0
0
0
0
0
0
0
0
0
0
0
0
0
0
0
0
0
0
0
0
0
0
0
0
0
0
0
0
0
0
0
0
0
0
0
0
0
0
0
0
0
0
0
0
0
0
0
0
0
0
0
0
0
0
0
0
0
0
0
0
0
0
0
0
0
0
0
0
0
0
0
0
0
0
0
0
0
0
0
0
0
0
0
0
0
0
0
0
0
0
0
0
0
0
0
0
0
0
0
0
0
0
0
0
0
0
0
0
0
0
0
0
0
0
0
0
0
0
0
0
0
0
0
0
0
0
0
0
0
0
0
0
0
0
0
0
0
0
0
0
0
0
0
0
0
0
0
0
0
0
0
0
0
0
0
0
0
0
0
0
0
0
0
0
0
0
0
0
0
0
0
0
0
0
0
0
0
0
0
0
0
0
0
0
0
0
0
0
0
0
0
0
0
0
0
0
0
0
0
0
0
0
0
0
0
0
0
0
0
0
0
0
0
0
0
0
0
0
0
0
0
0
0
0
0
0
0
0
0
0
0
0
0
0
0
0
0
0
0
0
0
0
0
0
0
0
0
0
0
0
0
0
0
0
0
0
0
0
0
0
0
0
0
0
0
0
0
0
0
0
0
0
0
0
0
0
0
0
0
0
0
0
0
0
0
0
0
0
0
0
0
0
0
0
0
0
0
0
0
0
0
0
0
0
0
0
0
0
0
0
0
0
0
0
0
0
0
0
0
0
0
0
0
0
0
0
0
0
0
0
0
0
0
0
0
0
0
0
0
0
0
0
0
0
0
0
0
0
0
0
0
0
0
0
0
0
0
0
0
0
0
0
0
0
0
0
0
0
0
0
0
0
0
0
0
0
0
0
0
0
0
0
0
0
0
0
0
0
0
0
0
0
0
0
0
0
0
0
0
0
0
0
0
0
0
0
0
0
0
0
0
0
0
0
0
0
0
0
0
0
0
0
0
0
0
0
0
0
0
0
0
0
0
0
0
0
0
0
0
0
0
0
0
0
0
0
0
0
0
0
0
0
0
0
0
0
0
0
0
0
0
0
0
0
0
0
0
0
0
0
0
0
0
0
0
0
0
0
0
0
0
0
0
0
0
0
0
0
0
0
0
0
0
0
0
0
0
0
0
0
0
0
0
0
0
0
0
0
0
0
0
0
0
0
0
0
0
0
0
0
0
0
0
0
0
0
0
0
0
0
0
0
0
0
0
0
0
0
0
0
0
0
0
0
0
0
0
0
0
0
0
0
0
0
0
0
0
0
0
0
0
0
0
0
0
0
0
0
0
0
0
0
0
0
0
0
0
0
0
0
0
0
0
0
0
0
0
0
0
0
0
0
0
0
0
0
0
0
0
0
0
0
0
0
0
0
0
0
0
0
0
0
0
0
0
0
0
0
0
0
0
0
0
0
0
0
0
0
0
0
0
0
0
0
0
0
0
0
0
0
0
0
0
0
0
0
0
0
0
0
0
0
0
0
0
0
0
0
0
0
0
0
0
0
0
0
0
0
0
0
0
0
0
0
0
0
0
0
0
0
0
0
0
0
0
0
0
0
0
0
0
0
0
0
0
0
0
0
0
0
0
0
0
0
0
0
0
0
0
0
0
0
0
0
0
0
0
0
0
0
0
0
0
0
0
0
0
0
0
0
0
0
0
0
0
0
0
0
0
0
0
0
0
0
0
0
0
0
0
0
0
0
0
0
0
0
0
0
0
0
0
0
0
0
0
0
0
0
0
0
0
0
0
0
0
0
0
0
0
0
0
0
0
0
0
0
0
0
0
0
0
0
0
0
0
0
0
0
0
0
0
0
0
0
0
0
0
0
0
0
0
0
0
0
0
0
0
0
0
0
0
0
0
0
0
0
0
0
0
0
0
0
0
0
0
0
0
0
0
0
0
0
0
0
0
0
0
0
0
0
0
0
0
0
0
0
0
0
0
0
0
0
0
0
0
0
0
0
0
0
0
0
0
0
0
0
0
0
0
0
0
0
0
0
0
0
0
0
0
0
0
0
0
0
0
0
0
0
0
0
0
0
0
0
0
0
0
0
0
0
0
0
0
0
0
0
0
0
0
0
0
0
0
0
0
0
0
0
0
0
0
0
0
0
0
0
0
0
0
0
0
0
0
0
0
0
0
0
0
0
0
0
0
0
0
0
0
0
0
0
0
0
0
0
0
0
0
0
0
0
0
0
0
0
0
0
0
0
0
0
0
0
0
0
0
0
0
0
0
0
0
0
0
0
0
0
0
0
0
0
0
0
0
0
0
0
0
0
0
0
0
0
0
0
0
0
0
0
0
0
0
0
0
0
0
0
0
0
0
0
0
0
0
0
0
0
0
0
0
0
0
0
0
0
0
0
0
0
0
0
0
0
0
0
0
0
0
0
0
0
0
0
0
0
0
0
0
0
0
0
0
0
0
0
0
0
0
0
0
0
0
0
0
0
0
0
0
0
0
0
0
0
0
0
0
0
0
0
0
0
0
0
0
0
0
0
0
0
0
0
0
0
0
0
0
0
0
0
0
0
0
0
0
0
0
0
0
0
0
0
0
0
0
0
0
0
0
0
0
0
0
0
0
0
0
0
0
0
0
0
0
0
0
0
0
0
0
0
0
0
0
0
0
0
0
0
0
0
0
0
0
0
0
0
0
0
0
0
0
0
0
0
0
0
0
0
0
0
0
0
0
0
0
0
0
0
0
0
0
0
0
0
0
0
0
0
0
0
0
0
0
0
0
0
0
0
0
0
0
0
0
0
0
0
0
0
0
0
0
0
0
0
0
0
0
0
0
0
0
0
0
0
0
0
0
0
0
0
0
0
0
0
0
0
0
0
0
0
0
0
0
0
0
0
0
0
0
0
0
0
0
0
0
0
0
0
0
0
0
0
0
0
0
0
0
0
0
0
0
0
0
0
0
0
0
0
0
0
0
0
0
0
0
0
0
0
0
0
0
0
0
0
0
0
0
0
0
0
0
0
0
0
0
0
0
0
0
0
0
0
0
0
0
0
0
0
0
0
0
0
0
0
0
0
0
0
0
0
0
0
0
0
0
0
0
0
0
0
0
0
0
0
0
0
0
0
0
0
0
0
0
0
0
0
0
0
0
0
0
0
0
0
0
0
0
0
0
0
0
0
0
0
0
0
0
0
0
0
0
0
0
0
0
0
0
0
0
0
0
0
0
0
0
0
0
0
0
0
0
0
0
0
0
0
0
0
0
0
0
0
0
0
0
0
0
0
0
0
0
0
0
0
0
0
0
0
0
0
0
0
0
0
0
0
0
0
0
0
0
0
0
0
0
0
0
0
0
0
0
0
0
0
0
0
0
0
0
0
0
0
0
0
0
0
0
0
0
0
0
0
0
0
0
0
0
0
0
0
0
0
0
0
0
0
0
0
0
0
0
0
0
0
0
0
0
0
0
0
0
0
0
0
0
0
0
0
0
0
0
0
0
0
0
0
0
0
0
0
0
0
0
0
0
0
0
0
0
0
0
0
0
0
0
0
0
0
0
0
0
0
0
0
0
0
0
0
0
0
0
0
0
0
0
0
0
0
0
0
0
0
0
0
0
0
0
0
0
0
0
0
0
0
0
0
0
0
0
0
0
0
0
0
0
0
0
0
0
0
0
0
0
0
0
0
0
0
0
0
0
0
0
0
0
0
0
0
0
0
0
0
0
0
0
0
0
0
0
0
0
0
0
0
0
0
0
0
0
0
0
0
0
0
0
0
0
0
0
0
0
0
0
0
0
0
0
0
0
0
0
0
0
0
0
0
0
0
0
0
0
0
0
0
0
0
0
0
0
0
0
0
0
0
0
0
0
0
0
0
0
0
0
0
0
0
0
0
0
0
0
0
0
0
0
0
0
0
0
0
0
0
0
0
0
0
0
0
0
0
0
0
0
0
0
0
0
0
0
0
0
0
0
0
0
0
0
0
0
0
0
0
0
0
0
0
0
0
0
0
0
0
0
0
0
0
0
0
0
0
0
0
0
0
0
0
0
0
0
0
0
0
0
0
0
0
0
0
0
0
0
0
0
0
0
0
0
0
0
0
0
0
0
0
0
0
0
0
0
0
0
0
0
0
0
0
0
0
0
0
0
0
0
0
0
0
0
0
0
0
0
0
0
0
0
0
0
0
0
0
0
0
0
0
0
0
0
0
0
0
0
0
0
0
0
0
0
0
0
0
0
0
0
0
0
0
0
0
0
0
0
0
0
0
0
0
0
0
0
0
0
0
0
0
0
0
0
0
0
0
0
0
0
0
0
0
0
0
0
0
0
0
0
0
0
0
0
0
0
0
0
0
0
0
0
0
0
0
0
0
0
0
0
0
0
0
0
0
0
0
0
0
0
0
0
0
0
0
0
0
0
0
0
0
0
0
0
0
0
0
0
0
0
0
0
0
0
0
0
0
0
0
0
0
0
0
0
0
0
0
0
0
0
0
0
0
0
0
0
0
0
0
0
0
0
0
0
0
0
0
0
0
0
0
0
0
0
0
0
0
0
0
0
0
0
0
0
0
0
0
0
0
0
0
0
0
0
0
0
0
0
0
0
0
0
0
0
0
0
0
0
0
0
0
0
0
0
0
0
0
0
0
0
0
0
0
0
0
0
0
0
0
0
0
0
0
0
0
0
0
0
0
0
0
0
0
0
0
0
0
0
0
0
0
0
0
0
0
0
0
0
0
0
0
0
0
0
0
0
0
0
0
0
0
0
0
0
0
0
0
0
0
0
0
0
0
0
0
0
0
0
0
0
0
0
0
0
0
0
0
0
0
0
0
0
0
0
0
0
0
0
0
0
0
0
0
0
0
0
0
0
0
0
0
0
0
0
0
0
0
0
0
0
0
0
0
0
0
0
0
0
0
0
0
0
0
0
0
0
0
0
0
0
0
0
0
0
0
0
0
0
0
0
0
0
0
0
0
0
0
0
0
0
0
0
0
0
0
0
0
0
0
0
0
0
0
0
0
0
0
0
0
0
0
0
0
0
0
0
0
0
0
0
0
0
0
0
0
0
0
0
0
0
0
0
0
0
0
0
0
0
0
0
0
0
0
0
0
0
0
0
0
0
0
0
0
0
0
0
0
0
0
0
0
0
0
0
0
0
0
0
0
0
0
0
0
0
0
0
0
0
0
0
0
0
0
0
0
0
0
0
0
0
0
0
0
0
0
0
0
0
0
0
0
0
0
0
0
0
0
0
0
0
0
0
0
0
0
0
0
0
0
0
0
0
0
0
0
0
0
0
0
0
0
0
0
0
0
0
0
0
0
0
0
0
0
0
0
0
0
0
0
0
0
0
0
0
0
0
0
0
0
0
0
0
0
0
0
0
0
0
0
0
0
0
0
0
0
0
0
0
0
0
0
0
0
0
0
0
0
0
0
0
0
0
0
0
0
0
0
0
0
0
0
0
0
0
0
0
0
0
0
0
0
0
0
0
0
0
0
0
0
0
0
0
0
0
0
0
0
0
0
0
0
0
0
0
0
0
0
0
0
0
0
0
0
0
0
0
0
0
0
0
0
0
0
0
0
0
0
0
0
0
0
0
0
0
0
0
0
0
0
0
0
0
0
0
0
0
0
0
0
0
0
0
0
0
0
0
0
0
0
0
0
0
0
0
0
0
0
0
0
0
0
0
0
0
0
0
0
0
0
0
0
0
0
0
0
0
0
0
0
0
0
0
0
0
0
0
0
0
0
0
0
0
0
0
0
0
0
0
0
0
0
0
0
0
0
0
0
0
0
0
0
0
0
0
0
0
0
0
0
0
0
0
0
0
0
0
0
0
0
0
0
0
0
0
0
0
0
0
0
0
0
0
0
0
0
0
0
0
0
0
0
0
0
0
0
0
0
0
0
0
0
0
0
0
0
0
0
0
0
0
0
0
0
0
0
0
0
0
0
0
0
0
0
0
0
0
0
0
0
0
0
0
0
0
0
0
0
0
0
0
0
0
0
0
0
0
0
0
0
0
0
0
0
0
0
0
0
0
0
0
0
0
0
0
0
0
0
0
0
0
0
0
0
0
0
0
0
0
0
0
0
0
0
0
0
0
0
0
0
0
0
0
0
0
0
0
0
0
0
0
0
0
0
0
0
0
0
0
0
0
0
0
0
0
0
0
0
0
0
0
0
0
0
0
0
0
0
0
0
0
0
0
0
0
0
0
0
0
0
0
0
0
0
0
0
0
0
0
0
0
0
0
0
0
0
0
0
0
0
0
0
0
0
0
0
0
0
0
0
0
0
0
0
0
0
0
0
0
0
0
0
0
0
0
0
0
0
0
0
0
0
0
0
0
0
0
0
0
0
0
0
0
0
0
0
0
0
0
0
0
0
0
0
0
0
0
0
0
0
0
0
0
0
0
0
0
0
0
0
0
0
0
0
0
0
0
0
0
0
0
0
0
0
0
0
0
0
0
0
0
0
0
0
0
0
0
0
0
0
0
0
0
0
0
0
0
0
0
0
0
0
0
0
0
0
0
0
0
0
0
0
0
0
0
0
0
0
0
0
0
0
0
0
0
0
0
0
0
0
0
0
0
0
0
0
0
0
0
0
0
0
0
0
0
0
0
0
0
0
0
0
0
0
0
0
0
0
0
0
0
0
0
0
0
0
0
0
0
0
0
0
0
0
0
0
0
0
0
0
0
0
0
0
0
0
0
0
0
0
0
0
0
0
0
0
0
0
0
0
0
0
0
0
0
0
0
0
0
0
0
0
0
0
0
0
0
0
0
0
0
0
0
0
0
0
0
0
0
0
0
0
0
0
0
0
0
0
0
0
0
0
0
0
0
0
0
0
0
0
0
0
0
0
0
0
0
0
0
0
0
0
0
0
0
0
0
0
0
0
0
0
0
0
0
0
0
0
0
0
0
0
0
0
0
0
0
0
0
0
0
0
0
0
0
0
0
0
0
0
0
0
0
0
0
0
0
0
0
0
0
0
0
0
0
0
0
0
0
0
0
0
0
0
0
0
0
0
0
0
0
0
0
0
0
0
0
0
0
0
0
0
0
0
0
0
0
0
0
0
0
0
0
0
0
0
0
0
0
0
0
0
0
0
0
0
0
0
0
0
0
0
0
0
0
0
0
0
0
0
0
0
0
0
0
0
0
0
0
0
0
0
0
0
0
0
0
0
0
0
0
0
0
0
0
0
0
0
0
0
0
0
0
0
0
0
0
0
0
0
0
0
0
0
0
0
0
0
0
0
0
0
0
0
0
0
0
0
0
0
0
0
0
0
0
0
0
0
0
0
0
0
0
0
0
0
0
0
0
0
0
0
0
0
0
0
0
0
0
0
0
0
0
0
0
0
0
0
0
0
0
0
0
0
0
0
0
0
0
0
0
0
0
0
0
0
0
0
0
0
0
0
0
0
0
0
0
0
0
0
0
0
0
0
0
0
0
0
0
0
0
0
0
0
0
0
0
0
0
0
0
0
0
0
0
0
0
0
0
0
0
0
0
0
0
0
0
0
0
0
0
0
0
0
0
0
0
0
0
0
0
0
0
0
0
0
0
0
0
0
0
0
0
0
0
0
0
0
0
0
0
0
0
0
0
0
0
0
0
0
0
0
0
0
0
0
0
0
0
0
0
0
0
0
0
0
0
0
0
0
0
0
0
0
0
0
0
0
0
0
0
0
0
0
0
0
0
0
0
0
0
0
0
0
0
0
0
0
0
0
0
0
0
0
0
0
0
0
0
0
0
0
0
0
0
0
0
0
0
0
0
0
0
0
0
0
0
0
0
0
0
0
0
0
0
0
0
0
0
0
0
0
0
0
0
0
0
0
0
0
0
0
0
0
0
0
0
0
0
0
0
0
0
0
0
0
0
0
0
0
0
0
0
0
0
0
0
0
0
0
0
0
0
0
0
0
0
0
0
0
0
0
0
0
0
0
0
0
0
0
0
0
0
0
0
0
0
0
0
0
0
0
0
0
0
0
0
0
0
0
0
0
0
0
0
0
0
0
0
0
0
0
0
0
0
0
0
0
0
0
0
0
0
0
0
0
0
0
0
0
0
0
0
0
0
0
0
0
0
0
0
0
0
0
0
0
0
0
0
0
0
0
0
0
0
0
0
0
0
0
0
0
0
0
0
0
0
0
0
0
0
0
0
0
0
0
0
0
0
0
0
0
0
0
0
0
0
0
0
0
0
0
0
0
0
0
0
0
0
0
0
0
0
0
0
0
0
0
0
0
0
0
0
0
0
0
0
0
0
0
0
0
0
0
0
0
0
0
0
0
0
0
0
0
0
0
0
0
0
0
0
0
0
0
0
0
0
0
0
0
0
0
0
0
0
0
0
0
0
0
0
0
0
0
0
0
0
0
0
0
0
0
0
0
0
0
0
0
0
0
0
0
0
0
0
0
0
0
0
0
0
0
0
0
0
0
0
0
0
0
0
0
0
0
0
0
0
0
0
0
0
0
0
0
0
0
0
0
0
0
0
0
0
0
0
0
0
0
0
0
0
0
0
0
0
0
0
0
0
0
0
0
0
0
0
0
0
0
0
0
0
0
0
0
0
0
0
0
0
0
0
0
0
0
0
0
0
0
0
0
0
0
0
0
0
0
0
0
0
0
0
0
0
0
0
0
0
0
0
0
0
0
0
0
0
0
0
0
0
0
0
0
0
0
0
0
0
0
0
0
0
0
0
0
0
0
0
0
0
0
0
0
0
0
0
0
0
0
0
0
0
0
0
0
0
0
0
0
0
0
0
0
0
0
0
0
0
0
0
0
0
0
0
0
0
0
0
0
0
0
0
0
0
0
0
0
0
0
0
0
0
0
0
0
0
0
0
0
0
0
0
0
0
0
0
0
0
0
0
0
0
0
0
0
0
0
0
0
0
0
0
0
0
0
0
0
0
0
0
0
0
0
0
0
0
0
0
0
0
0
0
0
0
0
0
0
0
0
0
0
0
0
0
0
0
0
0
0
0
0
0
0
0
0
0
0
0
0
0
0
0
0
0
0
0
0
0
0
0
0
0
0
0
0
0
0
0
0
0
0
0
0
0
0
0
0
0
0
0
0
0
0
0
0
0
0
0
0
0
0
0
0
0
0
0
0
0
0
0
0
0
0
0
0
0
0
0
0
0
0
0
0
0
0
0
0
0
0
0
0
0
0
0
0
0
0
0
0
0
0
0
0
0
0
0
0
0
0
0
0
0
0
0
0
0
0
0
0
0
0
0
0
0
0
0
0
0
0
0
0
0
0
0
0
0
0
0
0
0
0
0
0
0
0
0
0
0
0
0
0
0
0
0
0
0
0
0
0
0
0
0
0
0
0
0
0
0
0
0
0
0
0
0
0
0
0
0
0
0
0
0
0
0
0
0
0
0
0
0
0
0
0
0
0
0
0
0
0
0
0
0
0
0
0
0
0
0
0
0
0
0
0
0
0
0
0
0
0
0
0
0
0
0
0
0
0
0
0
0
0
0
0
0
0
0
0
0
0
0
0
0
0
0
0
0
0
0
0
0
0
0
0
0
0
0
0
0
0
0
0
0
0
0
0
0
0
0
0
0
0
0
0
0
0
0
0
0
0
0
0
0
0
0
0
0
0
0
0
0
0
0
0
0
0
0
0
0
0
0
0
0
0
0
0
0
0
0
0
0
0
0
0
0
0
0
0
0
0
0
0
0
0
0
0
0
0
0
0
0
0
0
0
0
0
0
0
0
0
0
0
0
0
0
0
0
0
0
0
0
0
0
0
0
0
0
0
0
0
0
0
0
0
0
0
0
0
0
0
0
0
0
0
0
0
0
0
0
0
0
0
0
0
0
0
0
0
0
0
0
0
0
0
0
0
0
0
0
0
0
0
0
0
0
0
0
0
0
0
0
0
0
0
0
0
0
0
0
0
0
0
0
0
0
0
0
0
0
0
0
0
0
0
0
0
0
0
0
0
0
0
0
0
0
0
0
0
0
0
0
0
0
0
0
0
0
0
0
0
0
0
0
0
0
0
0
0
0
0
0
0
0
0
0
0
0
0
0
0
0
0
0
0
0
0
0
0
0
0
0
0
0
0
0
0
0
0
0
0
0
0
0
0
0
0
0
0
0
0
0
0
0
0
0
0
0
0
0
0
0
0
0
0
0
0
0
0
0
0
0
0
0
0
0
0
0
0
0
0
0
0
0
0
0
0
0
0
0
0
0
0
0
0
0
0
0
0
0
0
0
0
0
0
0
0
0
0
0
0
0
0
0
0
0
0
0
0
0
0
0
0
0
0
0
0
0
0
0
0
0
0
0
0
0
0
0
0
0
0
0
0
0
0
0
0
0
0
0
0
0
0
0
0
0
0
0
0
0
0
0
0
0
0
0
0
0
0
0
0
0
0
0
0
0
0
0
0
0
0
0
0
0
0
0
0
0
0
0
0
0
0
0
0
0
0
0
0
0
0
0
0
0
0
0
0
0
0
0
0
0
0
0
0
0
0
0
0
0
0
0
0
0
0
0
0
0
0
0
0
0
0
0
0
0
0
0
0
0
0
0
0
0
0
0
0
0
0
0
0
0
0
0
0
0
0
0
0
0
0
0
0
0
0
0
0
0
0
0
0
0
0
0
0
0
0
0
0
0
0
0
0
0
0
0
0
0
0
0
0
0
0
0
0
0
0
0
0
0
0
0
0
0
0
0
0
0
0
0
0
0
0
0
0
0
0
0
0
0
0
0
0
0
0
0
0
0
0
0
0
0
0
0
0
0
0
0
0
0
0
0
0
0
0
0
0
0
0
0
0
0
0
0
0
0
0
0
0
0
0
0
0
0
0
0
0
0
0
0
0
0
0
0
0
0
0
0
0
0
0
0
0
0
0
0
0
0
0
0
0
0
0
0
0
0
0
0
0
0
0
0
0
0
0
0
0
0
0
0
0
0
0
0
0
0
0
0
0
0
0
0
0
0
0
0
0
0
0
0
0
0
0
0
0
0
0
0
0
0
0
0
0
0
0
0
0
0
0
0
0
0
0
0
0
0
0
0
0
0
0
0
0
0
0
0
0
0
0
0
0
0
0
0
0
0
0
0
0
0
0
0
0
0
0
0
0
0
0
0
0
0
0
0
0
0
0
0
0
0
0
0
0
0
0
0
0
0
0
0
0
0
0
0
0
0
0
0
0
0
0
0
0
0
0
0
0
0
0
0
0
0
0
0
0
0
0
0
0
0
0
0
0
0
0
0
0
0
0
0
0
0
0
0
0
0
0
0
0
0
0
0
0
0
0
0
0
0
0
0
0
0
0
0
0
0
0
0
0
0
0
0
0
0
0
0
0
0
0
0
0
0
0
0
0
0
0
0
0
0
0
0
0
0
0
0
0
0
0
0
0
0
0
0
0
0
0
0
0
0
0
0
0
0
0
0
0
0
0
0
0
0
0
0
0
0
0
0
0
0
0
0
0
0
0
0
0
0
0
0
0
0
0
0
0
0
0
0
0
0
0
0
0
0
0
0
0
0
0
0
0
0
0
0
0
0
0
0
0
0
0
0
0
0
0
0
0
0
0
0
0
0
0
0
0
0
0
0
0
0
0
0
0
0
0
0
0
0
0
0
0
0
0
0
0
0
0
0
0
0
0
0
0
0
0
