-68
-599
-1144
-56
-36
-1393
-1360
-156
43
-1813
-856
-1596
-2011
-1298
10
400
-182
36
-873
-1879
-1835
-1303
-14126
-299
917
-412
-1795
-2804
-2245
-14795
-80
1020
28
-733
-2732
1087
-1494
-2600
-2360
-144
-243
-3404
558
-2937
-2923
-1903
112
-113
-126
351
-1603
-2829
-2134
-2162
-14084
-210
-86
-1310
-2724
-3616
-2924
-16120
-77
-226
-11
-508
-2205
917
-1602
-2717
-2077
-186
-156
-3269
390
-3412
-3227
-1919
134
163
-150
132
-429
-2615
-2458
-1944
-14560
-193
177
-680
-3081
-3854
-3389
-14602
-96
-15
35
-9
-1850
266
-1570
-2551
-1967
-143
154
-2858
-308
-3608
-3051
-1726
133
531
-175
-251
-405
-2616
-1978
-1869
-13841
-184
119
-697
-2988
-3106
-3241
-13892
-94
135
8
-89
-1575
-147
-1798
-2184
-1820
-170
103
-2729
-678
-3496
-2931
-1713
97
422
-166
-402
-319
-2481
-1473
-1680
-13789
-216
-249
-775
-2899
-2780
-3063
-13199
-118
-84
-83
-69
-1751
-185
-1547
-1907
-1667
-245
-16
-2877
-329
-3259
-2632
-2249
90
523
-153
21
-250
-2316
-1352
-1576
-15664
-188
393
-659
-2526
-2326
-2924
-15515
-89
425
-153
-219
-2580
-864
-2101
-2438
-2219
-210
226
-3698
-717
-3941
-2991
-3288
82
638
-206
-531
-998
-2680
-451
-2159
-15322
-151
44
-1147
-2955
-1444
-3435
-14041
-67
-405
-156
-382
-2464
-538
-2782
-2254
-2032
-161
-211
-3184
-431
-2970
-2812
-2683
-13
-490
-212
-398
-1067
-2218
-39
-1949
-14215
-295
-1030
-938
-2458
-1590
-3088
-13903
-31
-1204
-350
-4
-657
-508
-3108
-881
-1930
-343
845
-1675
-2074
-3871
-2682
-2636
-259
1039
-166
476
-1563
-2286
-491
-1913
-16661
-84
1139
-2753
-1762
-1371
-3267
-12797
239
1234
-507
234
-2273
-850
-3823
-1748
-2481
-526
336
-4470
-2970
-6335
-3927
-2440
-273
952
-123
482
-1227
-3105
135
-2223
-18028
-47
-151
-3356
-3808
-242
-4145
-11221
197
-273
-556
-34
-2544
19
-4608
-1822
-2599
-434
39
-3728
-875
-5042
-3331
-3578
-240
689
-83
-78
-1087
-2847
-987
-2419
-15833
15
675
-2288
-3430
-693
-3648
-14738
176
404
-461
-349
-2492
-704
-4199
-1769
-2335
-374
-375
-3129
-1313
-4414
-2710
-3332
-171
355
-82
-348
-803
-2660
-283
-2237
-14425
-34
-18
-1497
-2522
313
-3067
-14950
133
-283
-445
-309
-2177
-87
-3722
-1128
-1935
-398
-191
-2538
-397
-3265
-2219
-3049
-171
87
-17
-223
-1924
-2466
284
-1854
-14562
-15
-276
-2633
-2270
175
-2711
-14953
176
-127
-577
-340
-2173
231
-2647
-1270
-1824
-398
220
-2764
14
-2997
-2185
-2785
-141
248
-14
-10
-2366
-2155
-519
-1812
-15201
48
621
-3720
-2471
-197
-2999
-15203
220
634
-666
-368
-2495
-553
-1486
-1625
-1981
-340
121
-3041
-1657
-2524
-2064
-2039
-166
346
-153
-1030
-2852
-2169
-229
-1985
-14116
55
405
-3947
-2308
165
-3313
-13285
262
-366
-429
-352
-1582
-28
-699
-1339
-1608
-269
63
-1084
-475
-621
-1720
-2647
-84
-152
-244
-980
-1709
-1783
-1507
-1594
-16630
-208
-844
-1799
-986
-1456
-2049
-18721
113
-1379
-232
-1
-1544
-3203
-3308
-1141
-2706
-13
336
-529
-2993
-2100
-1192
-1853
-52
-906
-301
486
-1518
-2529
391
-2620
-10948
-197
388
-1916
-1485
-48
-1847
-17006
118
621
-412
-101
-3675
-4331
-5380
-2515
-3901
-105
1077
-3811
-4911
-5774
-3080
-1071
-92
-191
-157
674
-2168
-4600
3153
-3710
-14442
-169
-399
-4642
-3670
2211
-3337
-17099
259
-573
-425
400
-3273
-4308
-5024
-1738
-3322
-143
1283
-2795
-3837
-4020
-2432
-1146
-68
56
-3
357
-1351
-3782
2069
-3393
-12332
-217
462
-2881
-3492
874
-2676
-16641
126
193
-487
502
-2714
-3600
-3431
-1895
-2420
-225
1453
-2710
-3178
-3112
-2503
-897
-72
936
76
-152
-530
-2714
1885
-2530
-17065
-220
-671
-1672
-2509
133
-2195
-19809
99
-247
-533
1534
-3126
-3673
-3825
-2832
-3020
-327
1479
-3137
-3424
-3000
-3315
-976
-69
1126
187
26
-842
-3619
1911
-3140
-17122
-33
-929
-2513
-3433
-1005
-3456
-19576
248
-548
-502
1325
-3348
-2277
-3415
-2568
-2787
-350
998
-3216
-1404
-2917
-2830
-1844
-31
202
184
246
-962
-3652
812
-2862
-17858
40
-53
-2020
-3155
-1489
-3574
-21699
222
4
-589
641
-4759
-2437
-3543
-3882
-3519
-257
333
-4194
-1315
-3540
-3176
-3199
-50
-154
-14
-202
-1520
-4481
1336
-3588
-13355
-4
-236
-1693
-3633
127
-3839
-18281
199
-453
-303
341
-3254
-1231
-595
-2943
-2504
-149
11
-2371
-405
-508
-2733
-2963
73
-387
-241
-749
-984
-3184
-837
-2431
-14433
-283
-521
-1094
-2223
-1174
-2613
-18611
16
-630
-117
638
-2335
-3459
-1324
-1520
-3212
-1
614
-1352
-3659
-406
-1620
-1666
130
1584
-135
683
-1846
-1690
-2316
-3202
-15377
-80
474
-2688
-2097
-2025
-2803
-20462
226
357
-520
429
-2890
-4593
-2623
-3686
-4094
-381
561
-4001
-5060
-1400
-4460
-3148
-108
1212
62
53
-2647
-2869
147
-4055
-17318
-7
-1130
-4910
-3431
-1035
-4152
-15585
323
-636
-502
1004
-3177
-4397
-2033
-2496
-4186
-489
-758
-3020
-3602
-85
-3448
-3432
-125
521
346
1706
-3098
-3849
-1734
-4397
-17862
12
697
-3421
-3717
-3003
-3356
-21517
378
1202
-583
3495
-3862
-5073
-1622
-3120
-4120
-543
293
-5276
-5085
-1915
-4699
-2593
-235
791
577
1319
-2447
-3512
-1260
-4304
-22675
115
-814
-3571
-4134
-2602
-4802
-20714
643
156
-458
5416
-4757
-4027
-2287
-3545
-4400
-474
394
-8222
-4880
-3024
-6878
-3095
-197
1539
688
139
-2646
-4436
-1289
-4624
-20193
222
-573
-4602
-6088
-3404
-7090
-10613
699
-130
-364
3728
-4636
-2125
-2711
-2417
-3643
-437
957
-7076
-1851
-2319
-5187
-3520
-142
2039
635
-804
-2382
-3597
-1446
-3826
-21001
222
-266
-3384
-4615
-3552
-6054
-15473
566
138
-560
1677
-4491
-3321
-3648
-4166
-3718
-461
234
-6837
-3395
-4702
-6384
-4849
-255
1613
309
-1909
-1103
-4149
1063
-3753
-23151
260
-611
-2443
-5668
197
-6399
-16448
514
-282
-294
828
-3684
-2552
177
-3326
-2853
-219
452
-4551
-2216
-1212
-4377
-2867
-38
1273
-119
-1370
-556
-2770
-1451
-2875
-19224
-199
-907
-1514
-3435
-1178
-4240
-17636
82
-825
-57
702
-3508
-1925
445
-2512
-4014
-80
1258
-3825
-4059
946
-3120
-971
125
979
-14
1393
-4386
-3835
-2991
-3959
-14768
77
1694
-4830
-3015
-4174
-4287
-16670
342
1470
-408
2632
-4258
-2866
-1138
-5671
-5886
-284
1999
-6417
-3976
794
-6775
-5005
-5
358
127
781
-6086
-4729
-2383
-5664
-16873
180
-782
-7432
-5548
-5931
-6234
-12347
414
-378
-264
2234
-3882
-1855
-2332
-2963
-4766
-284
243
-4592
-1413
1478
-4435
-3747
-19
134
454
3264
-5145
-3568
-3432
-4676
-24815
170
348
-6492
-3664
-5783
-3315
-28594
457
706
-23
1266
-4059
-2938
-2925
-521
-4542
-239
-1164
-5621
-2581
-801
-5148
-3990
-197
-928
757
4274
-5319
-4199
-3415
-4432
-22977
140
899
-6686
-5212
-5948
-4581
-18742
527
1382
155
1097
-5987
-4288
-5056
2667
-4749
13
-1292
-6707
-2804
-1764
-3980
-2722
-183
-1251
1013
-223
-4382
-4477
-3525
-4693
-19023
280
-638
-4985
-6048
-5613
-5120
-17602
609
-362
167
431
-6670
-3305
-5288
1417
-5135
-14
-469
-7824
-1615
-4840
-3446
-3085
-124
-317
813
-3482
-4380
-4718
-2467
-4818
-23451
276
-366
-5668
-5795
-3748
-5879
-21285
622
-146
-189
298
-5829
-3928
-5777
-3218
-5254
-244
670
-8048
-4750
-8643
-6158
-4815
-284
483
417
-3443
-2332
-5190
293
-4799
-23136
229
-594
-5145
-5826
83
-6924
-15143
531
-22
-192
1150
-4055
-2371
-417
-3632
-3734
-67
1571
-6133
-3565
-3279
-5647
-2923
-174
791
-31
-1523
-861
-3045
-3622
-3560
-19300
-19
-1652
-3792
-2504
-3255
-5208
-13539
188
-2090
-4
-998
-5406
-373
-3431
-4196
-5293
79
-1295
-5377
-1293
-3341
-4376
-1248
-79
-930
-32
2652
-4210
-5625
-1621
-5202
-16686
-32
2498
-5994
-2124
-3710
-4274
-23199
124
1929
-263
-1053
-7153
-2143
-6227
-6171
-7058
30
-1355
-5232
-2198
-3727
-4385
-1324
40
-108
156
1280
-4083
-6232
-1529
-6962
-12728
128
-757
-4981
-2703
-4387
-3705
-28505
362
-340
-242
-1436
-4639
-2565
-4247
-4190
-5464
-105
-820
-3514
-2513
-2693
-3559
-447
-97
290
446
933
-3143
-3338
-3492
-5259
-19424
191
-1056
-6165
-2598
-4634
-2343
-30528
392
-434
-37
-2515
-2184
-3463
-4357
-1607
-4426
-125
-1079
-3875
-4561
-4955
-5021
123
-142
-570
600
1987
-3151
-4162
-1955
-4221
-24971
164
194
-7778
-5472
-5478
-3503
-20533
319
745
81
-4861
-4208
-4978
-6208
-750
-5154
-143
-2841
-6330
-6097
-5613
-5240
434
-156
-1935
892
-532
-1985
-5662
-1392
-4916
-22412
113
-622
-5208
-6634
-6505
-4740
-17592
292
-956
32
-3766
-5070
-3218
-5186
-154
-4431
-87
-2759
-5971
-2729
-4501
-2659
-1325
-127
-2545
719
-1783
-1829
-4122
-1903
-4147
-19501
145
-324
-3492
-3822
-3866
-3268
-21203
446
-267
21
-2425
-5347
-4806
-4012
-4018
-5080
-85
-1987
-6012
-5188
-6235
-4724
-2189
-220
-2318
300
-782
744
-4587
-1956
-4612
-22979
33
-877
-2697
-3258
-3118
-3382
-24121
237
-1057
144
-1047
-4781
-4686
-1904
-4627
-5096
225
-664
-5129
-6143
-3609
-5443
-1798
-25
-1689
-192
-887
1730
-4457
-4894
-4940
-14727
-122
-630
-865
-2626
-5404
-3997
-16567
-43
-709
-63
-1508
-4121
-809
-2990
-1681
-3436
127
-1763
-3516
-358
-4062
-2428
-1151
-94
-547
-16
1268
-2524
-3207
-1376
-3442
-14545
-193
1063
-3847
-805
-3029
-2000
-19809
114
1014
42
-1017
-4133
-2219
-4112
-1944
-3707
111
-819
-4966
-3030
-6443
-3463
508
-58
33
158
464
-1358
-1695
-2756
-3682
-20515
-40
-204
-4282
-2968
-5249
-2447
-20149
164
91
-12
-709
-3634
-3366
-3291
-4159
-4291
22
-469
-5159
-4152
-7843
-5182
1142
-123
-308
310
537
-1217
-1974
-3447
-4132
-20525
-69
1079
-5751
-4233
-5827
-3381
-18139
167
1112
-61
-144
-4039
-2614
-4241
-3655
-4599
-1
144
-3224
-1158
-6305
-3590
-737
-163
-138
254
1123
-2864
-3081
-2641
-4517
-17647
-2
-362
-6173
-3694
-4371
-1732
-23199
150
-203
-33
-1034
-4468
-2419
-5481
-3485
-4738
-87
327
-4080
-593
-6063
-4002
-2241
-177
699
386
-834
-3077
-4491
-379
-4677
-11272
-82
-1193
-4725
-4682
-3998
-1884
-14939
113
-539
108
-985
-3385
-950
-2200
-2306
-2897
-13
435
-4972
628
-4974
-3810
-3087
-226
-182
308
-820
-1742
-2762
-1408
-2830
-19018
-178
-354
-3374
-3857
-3199
-886
-16970
37
422
248
-464
-2317
-2310
-1458
-2723
-2941
71
588
-4898
-2448
-6997
-5372
-2542
-232
-223
-88
691
357
-2868
-2569
-2692
-27577
-197
519
-3382
-4838
-4750
-1747
-19104
-40
659
174
-1325
-3344
-4148
-2881
-3745
-4416
157
-441
-3586
-3921
-5296
-4819
-1807
15
-457
-331
-503
1230
-3953
-3168
-4298
-19496
-209
-241
-746
-3857
-5495
-2509
-21087
-37
-381
-206
-980
-275
-989
-1218
448
-1361
-415
-285
-1249
-1828
-4468
-2370
-1483
-247
-99
26
511
-2134
-1357
-1401
-1314
-23155
-214
451
-2669
-2003
-4354
-2206
-18066
163
27
-133
-1078
-630
-2544
-2286
580
-1754
-368
-581
-1395
-3000
-5101
-1870
-1914
-238
-924
89
475
-1102
-1242
-1536
-1630
-19894
-134
-269
-2239
-2635
-3701
-1730
-15812
301
-389
20
-1143
-1776
-2593
-2379
-1323
-2070
-123
-1198
-2205
-2429
-4199
-2870
-2026
-84
-1367
77
468
-688
-887
-1061
-1993
-18820
-228
728
-711
-2634
-3245
-1682
-17718
231
575
-57
-1274
-2399
76
-3592
-1597
-2423
-219
-1223
-2092
1141
-4191
-2718
-2222
-194
-1225
153
169
-2721
-1204
-1971
-2420
-18056
-168
306
-3151
-2827
-4255
-2033
-20398
185
186
-190
-1216
-3673
211
-4182
-3185
-3371
-270
-657
-3648
1111
-4593
-3772
-3126
-258
-675
96
-894
-3591
-2652
-525
-3385
-10416
-186
-758
-3348
-4082
-3993
-3176
-10241
143
-1279
-288
-255
-2979
-1671
-1293
-2271
-2480
-295
170
-2818
-951
-2809
-2019
-2106
-179
172
25
-739
-1726
-2479
-342
-2423
-15618
-336
238
-1303
-2161
-2225
-975
-19314
84
355
-261
275
-1590
-2034
-98
-975
-2033
-320
104
-2223
-2174
-3440
-2175
-2158
-155
501
-114
-179
-828
-2582
-2136
-2019
-21709
-261
704
-1267
-2145
-4073
-993
-21631
103
959
-209
-157
-2076
-3306
-1738
-1526
-3151
-238
-1054
-2083
-3050
-3216
-2863
-2844
-85
-535
-260
-661
-950
-3419
-2045
-3156
-15080
-238
-530
-714
-2693
-4610
-2356
-15731
91
-236
0
0
0
0
0
0
0
0
0
0
0
-894
-632
-409
-226
-935
0
0
0
0
0
0
0
0
0
0
0
200
-1340
-1631
-881
-13623
0
0
0
0
0
0
0
0
0
0
0
-934
379
-694
-665
-1122
0
0
0
0
0
0
0
0
0
0
0
-870
-1691
-1169
-853
-17275
0
0
0
0
0
0
0
0
0
0
0
-649
24
-975
-1247
-1170
0
0
0
0
0
0
0
0
0
0
0
-172
-1022
-1627
-899
-16159
0
0
0
0
0
0
0
0
0
0
0
-635
-307
-823
-1072
-1100
0
0
0
0
0
0
0
0
0
0
0
10
-1068
-1543
-806
-15547
0
0
0
0
0
0
0
0
0
0
0
-512
-596
-869
-442
-884
0
0
0
0
0
0
0
0
0
0
0
152
-987
-1233
-586
-16017
0
0
0
0
0
0
0
0
0
0
0
-519
-1093
-962
-572
-1076
0
0
0
0
0
0
0
0
0
0
0
-149
-1100
-1193
-835
-16498
0
0
0
0
0
0
0
0
0
0
0
-1105
-1678
-1425
-1430
-1649
0
0
0
0
0
0
0
0
0
0
0
-923
-1388
-828
-1454
-16043
0
0
0
0
0
0
0
0
0
0
0
-943
-1329
-1564
-907
-1320
0
0
0
0
0
0
0
0
0
0
0
-390
-743
-1090
-1112
-15272
0
0
0
0
0
0
0
0
0
0
0
-1314
-558
-2665
-142
-1275
0
0
0
0
0
0
0
0
0
0
0
-254
-1138
-1100
-1276
-15570
0
0
0
0
0
0
0
0
0
0
0
-1299
-1050
-2348
-1257
-1513
0
0
0
0
0
0
0
0
0
0
0
-907
-1629
-477
-1536
-17025
0
0
0
0
0
0
0
0
0
0
0
-1453
-731
-3077
-1721
-1796
0
0
0
0
0
0
0
0
0
0
0
-702
-814
-1389
-1804
-15465
0
0
0
0
0
0
0
0
0
0
0
-1143
-1107
-2659
-1548
-1566
0
0
0
0
0
0
0
0
0
0
0
-513
-411
-1579
-1518
-14399
0
0
0
0
0
0
0
0
0
0
0
-912
-787
-2316
-359
-1387
0
0
0
0
0
0
0
0
0
0
0
-1616
-138
-1503
-1304
-14608
0
0
0
0
0
0
0
0
0
0
0
-922
-649
-1289
-1365
-1347
0
0
0
0
0
0
0
0
0
0
0
-2181
147
-1540
-1382
-14799
0
0
0
0
0
0
0
0
0
0
0
-1420
-535
-253
-2386
-1432
0
0
0
0
0
0
0
0
0
0
0
-2078
-414
-1127
-1469
-13849
0
0
0
0
0
0
0
0
0
0
0
-615
-216
-29
-1408
-766
0
0
0
0
0
0
0
0
0
0
0
-393
-38
-1827
-792
-16991
0
0
0
0
0
0
0
0
0
0
0
-1822
-1887
-2566
-659
-1826
0
0
0
0
0
0
0
0
0
0
0
418
-2189
-779
-1722
-13100
0
0
0
0
0
0
0
0
0
0
0
-2272
-3061
-3390
-1771
-2643
0
0
0
0
0
0
0
0
0
0
0
-1091
-3788
827
-2502
-18214
0
0
0
0
0
0
0
0
0
0
0
-2713
-3635
-3892
-929
-2778
0
0
0
0
0
0
0
0
0
0
0
-592
-3278
-261
-2770
-13741
0
0
0
0
0
0
0
0
0
0
0
-2400
-3376
-2910
-1659
-2196
0
0
0
0
0
0
0
0
0
0
0
123
-984
-622
-2160
-16631
0
0
0
0
0
0
0
0
0
0
0
-2270
-2582
-2715
-1620
-1788
0
0
0
0
0
0
0
0
0
0
0
716
-1116
-189
-1750
-21449
0
0
0
0
0
0
0
0
0
0
0
-1998
-2014
-2620
-2045
-1827
0
0
0
0
0
0
0
0
0
0
0
-127
-1137
-7
-1800
-20396
0
0
0
0
0
0
0
0
0
0
0
-2669
-1989
-2444
-3919
-2239
0
0
0
0
0
0
0
0
0
0
0
-211
-2074
1020
-2214
-15692
0
0
0
0
0
0
0
0
0
0
0
-1700
-1506
-530
-3150
-1745
0
0
0
0
0
0
0
0
0
0
0
372
-1168
-1414
-1730
-13413
0
0
0
0
0
0
0
0
0
0
0
-2479
-3070
-2609
-1158
-3011
0
0
0
0
0
0
0
0
0
0
0
-1240
-2311
-2334
-2959
-14197
0
0
0
0
0
0
0
0
0
0
0
-2056
-2982
-2745
-1278
-2435
0
0
0
0
0
0
0
0
0
0
0
-1430
-2903
68
-2333
-22676
0
0
0
0
0
0
0
0
0
0
0
-4050
-3858
-2797
829
-3218
0
0
0
0
0
0
0
0
0
0
0
-2047
-3199
-2249
-3173
-20805
0
0
0
0
0
0
0
0
0
0
0
-4545
-4573
-2835
1231
-3270
0
0
0
0
0
0
0
0
0
0
0
-2133
-2158
-3262
-3204
-25487
0
0
0
0
0
0
0
0
0
0
0
-5092
-4462
-3788
2669
-3826
0
0
0
0
0
0
0
0
0
0
0
-2679
-3638
-4054
-3821
-21185
0
0
0
0
0
0
0
0
0
0
0
-4234
-3861
-5259
2704
-4065
0
0
0
0
0
0
0
0
0
0
0
-3374
-3365
-3024
-3889
-18361
0
0
0
0
0
0
0
0
0
0
0
-3638
-3681
-5292
-1879
-3584
0
0
0
0
0
0
0
0
0
0
0
-1639
-3089
837
-3427
-19958
0
0
0
0
0
0
0
0
0
0
0
-2284
-2688
-1925
-1378
-2249
0
0
0
0
0
0
0
0
0
0
0
256
-1322
-2237
-2170
-18391
0
0
0
0
0
0
0
0
0
0
0
-3291
-2444
-1248
-1686
-3839
0
0
0
0
0
0
0
0
0
0
0
-3257
-4902
-2157
-3854
-12792
0
0
0
0
0
0
0
0
0
0
0
-3679
-2168
-1922
-2395
-3702
0
0
0
0
0
0
0
0
0
0
0
-3711
-5221
-137
-3592
-22428
0
0
0
0
0
0
0
0
0
0
0
-5536
-2986
-4905
1431
-4951
0
0
0
0
0
0
0
0
0
0
0
-4660
-4828
-2808
-4720
-22950
0
0
0
0
0
0
0
0
0
0
0
-8055
-5872
-7216
6816
-6809
0
0
0
0
0
0
0
0
0
0
0
-7022
-7035
-6648
-6510
-12278
0
0
0
0
0
0
0
0
0
0
0
-11643
-11158
-13744
11408
-11782
0
0
0
0
0
0
0
0
0
0
0
-11484
-12388
-10253
-11715
13795
0
0
0
0
0
0
0
0
0
0
0
-7876
-7249
-10182
8351
-7968
0
0
0
0
0
0
0
0
0
0
0
-9024
-7842
-6380
-7812
-10808
0
0
0
0
0
0
0
0
0
0
0
-5295
-4628
-6650
344
-4675
0
0
0
0
0
0
0
0
0
0
0
-3007
-5484
-114
-4545
-22298
0
0
0
0
0
0
0
0
0
0
0
-3764
-3083
-2393
-2059
-3322
0
0
0
0
0
0
0
0
0
0
0
-175
-3130
-2967
-3294
-17311
0
0
0
0
0
0
0
0
0
0
0
-2865
-1054
-3534
-2063
-3947
0
0
0
0
0
0
0
0
0
0
0
-2384
-5361
-1853
-3951
-19921
0
0
0
0
0
0
0
0
0
0
0
-4257
-1824
-6761
-2558
-5498
0
0
0
0
0
0
0
0
0
0
0
-3604
-7321
-1095
-5529
-17516
0
0
0
0
0
0
0
0
0
0
0
-6070
-3108
-6714
-1048
-5902
0
0
0
0
0
0
0
0
0
0
0
-3521
-4557
-3292
-5675
-17258
0
0
0
0
0
0
0
0
0
0
0
-5543
-4195
-6696
3021
-5197
0
0
0
0
0
0
0
0
0
0
0
-3230
-5735
-3696
-4925
-20529
0
0
0
0
0
0
0
0
0
0
0
-7349
-6851
-9454
5879
-7096
0
0
0
0
0
0
0
0
0
0
0
-4963
-8761
-5234
-7001
-11624
0
0
0
0
0
0
0
0
0
0
0
-4943
-4548
-6148
4031
-4981
0
0
0
0
0
0
0
0
0
0
0
-4425
-4611
-4606
-4866
-18153
0
0
0
0
0
0
0
0
0
0
0
-4163
-4010
-3801
-973
-3625
0
0
0
0
0
0
0
0
0
0
0
1032
-4486
-2341
-3506
-28825
0
0
0
0
0
0
0
0
0
0
0
-5315
-4549
-2432
-3278
-4643
0
0
0
0
0
0
0
0
0
0
0
2682
-5939
-4852
-4684
-12284
0
0
0
0
0
0
0
0
0
0
0
-3183
-1964
-4086
-846
-3675
0
0
0
0
0
0
0
0
0
0
0
-1945
-3300
-2927
-3702
-11485
0
0
0
0
0
0
0
0
0
0
0
-4184
-2402
-5488
-347
-4434
0
0
0
0
0
0
0
0
0
0
0
-1966
-3799
-4034
-4478
-14813
0
0
0
0
0
0
0
0
0
0
0
-4657
-1922
-4360
-1133
-3347
0
0
0
0
0
0
0
0
0
0
0
-145
-1915
-3613
-3371
-23211
0
0
0
0
0
0
0
0
0
0
0
-5237
-2055
-5430
-752
-3895
0
0
0
0
0
0
0
0
0
0
0
-1318
-2271
-2992
-3730
-20321
0
0
0
0
0
0
0
0
0
0
0
-4704
-3071
-5868
-22
-4090
0
0
0
0
0
0
0
0
0
0
0
-2502
-3706
-1605
-3978
-12291
0
0
0
0
0
0
0
0
0
0
0
-2630
-2477
-2797
-102
-2752
0
0
0
0
0
0
0
0
0
0
0
-1927
-1777
-2252
-2731
-17718
0
0
0
0
0
0
0
0
0
0
0
-2810
-2257
-1946
-489
-2417
0
0
0
0
0
0
0
0
0
0
0
1528
-3292
-2635
-2381
-25393
0
0
0
0
0
0
0
0
0
0
0
-3851
-3234
-3093
-999
-3497
0
0
0
0
0
0
0
0
0
0
0
2753
-5070
-3826
-3438
-18291
0
0
0
0
0
0
0
0
0
0
0
-1031
-879
-1444
124
-1322
0
0
0
0
0
0
0
0
0
0
0
-541
-1004
-2056
-1226
-20479
0
0
0
0
0
0
0
0
0
0
0
-1566
-1623
-2016
-204
-1619
0
0
0
0
0
0
0
0
0
0
0
52
-1556
-2232
-1638
-17647
0
0
0
0
0
0
0
0
0
0
0
-2826
-2047
-3255
-883
-2182
0
0
0
0
0
0
0
0
0
0
0
-106
-737
-1911
-2169
-15817
0
0
0
0
0
0
0
0
0
0
0
-3279
-397
-4312
-617
-2267
0
0
0
0
0
0
0
0
0
0
0
-1510
-635
-1603
-2338
-16751
0
0
0
0
0
0
0
0
0
0
0
-2585
-237
-3548
-1133
-2006
0
0
0
0
0
0
0
0
0
0
0
-2020
-1427
-11
-1870
-14382
0
0
0
0
0
0
0
0
0
0
0
-1906
-1438
-1465
-772
-1618
0
0
0
0
0
0
0
0
0
0
0
-1037
-1358
-295
-1454
-18760
0
0
0
0
0
0
0
0
0
0
0
-1903
-1312
-601
-175
-1505
0
0
0
0
0
0
0
0
0
0
0
13
-1854
-1854
-1464
-21634
0
0
0
0
0
0
0
0
0
0
0
-2271
-2194
-1560
-5
-1951
0
0
0
0
0
0
0
0
0
0
0
694
-3082
-2152
-1831
-17170
0
0
0
0
0
0
0
0
0
0
0
0
0
0
0
0
0
0
0
0
0
0
0
0
0
0
0
0
0
0
0
0
0
0
0
0
0
0
0
0
0
0
0
0
0
0
0
0
0
0
0
0
0
0
0
0
0
0
0
0
0
0
0
0
0
0
0
0
0
0
0
0
0
0
0
0
0
0
0
0
0
0
0
0
0
0
0
0
0
0
0
0
0
0
0
0
0
0
0
0
0
0
0
0
0
0
0
0
0
0
0
0
0
0
0
0
0
0
0
0
0
0
0
0
0
0
0
0
0
0
0
0
0
0
0
0
0
0
0
0
0
0
0
0
0
0
0
0
0
0
0
0
0
0
0
0
0
0
0
0
0
0
0
0
0
0
0
0
0
0
0
0
0
0
0
0
0
0
0
0
0
0
0
0
0
0
0
0
0
0
0
0
0
0
0
0
0
0
0
0
0
0
0
0
0
0
0
0
0
0
0
0
0
0
0
0
0
0
0
0
0
0
0
0
0
0
0
0
0
0
0
0
0
0
0
0
0
0
0
0
0
0
0
0
0
0
0
0
0
0
0
0
0
0
0
0
0
0
0
0
0
0
0
0
0
0
0
0
0
0
0
0
0
0
0
0
0
0
0
0
0
0
0
0
0
0
0
0
0
0
0
0
0
0
0
0
0
0
0
0
0
0
0
0
0
0
0
0
0
0
0
0
0
0
0
0
0
0
0
0
0
0
0
0
0
0
0
0
0
0
0
0
0
0
0
0
0
0
0
0
0
0
0
0
0
0
0
0
0
0
0
0
0
0
0
0
0
0
0
0
0
0
0
0
0
0
0
0
0
0
0
0
0
0
0
0
0
0
0
0
0
0
0
0
0
0
0
0
0
0
0
0
0
0
0
0
0
0
0
0
0
0
0
0
0
0
0
0
0
0
0
0
0
0
0
0
0
0
0
0
0
0
0
0
0
0
0
0
0
0
0
0
0
0
0
0
0
0
0
0
0
0
0
0
0
0
0
0
0
0
0
0
0
0
0
0
0
0
0
0
0
0
0
0
0
0
0
0
0
0
0
0
0
0
0
0
0
0
0
0
0
0
0
0
0
0
0
0
0
0
0
0
0
0
0
0
0
0
0
0
0
0
0
0
0
0
0
0
0
0
0
0
0
0
0
0
0
0
0
0
0
0
0
0
0
0
0
0
0
0
0
0
0
0
0
0
0
0
0
0
0
0
0
0
0
0
0
0
0
0
0
0
0
0
0
0
0
0
0
0
0
0
0
0
0
0
0
0
0
0
0
0
0
0
0
0
0
0
0
0
0
0
0
0
0
0
0
0
0
0
0
0
0
0
0
0
0
0
0
0
0
0
0
0
0
0
0
0
0
0
0
0
0
0
0
0
0
0
0
0
0
0
0
0
0
0
0
0
0
0
0
0
0
0
0
0
0
0
0
0
0
0
0
0
0
0
0
0
0
0
0
0
0
0
0
0
0
0
0
0
0
0
0
0
0
0
0
0
0
0
0
0
0
0
0
0
0
0
0
0
0
0
0
0
0
0
0
0
0
0
0
0
0
0
0
0
0
0
0
0
0
0
0
0
0
0
0
0
0
0
0
0
0
0
0
0
0
0
0
0
0
0
0
0
0
0
0
0
0
0
0
0
0
0
0
0
0
0
0
0
0
0
0
0
0
0
0
0
0
0
0
0
0
0
0
0
0
0
0
0
0
0
0
0
0
0
0
0
0
0
0
0
0
0
0
0
0
0
0
0
0
0
0
0
0
0
0
0
0
0
0
0
0
0
0
0
0
0
0
0
0
0
0
0
0
0
0
0
0
0
0
0
0
0
0
0
0
0
0
0
0
0
0
0
0
0
0
0
0
0
0
0
0
0
0
0
0
0
0
0
0
0
0
0
0
0
0
0
0
0
0
0
0
0
0
0
0
0
0
0
0
0
0
0
0
0
0
0
0
0
0
0
0
0
0
0
0
0
0
0
0
0
0
0
0
0
0
0
0
0
0
0
0
0
0
0
0
0
0
0
0
0
0
0
0
0
0
0
0
0
0
0
0
0
0
0
0
0
0
0
0
0
0
0
0
0
0
0
0
0
0
0
0
0
0
0
0
0
0
0
0
0
0
0
0
0
0
0
0
0
0
0
0
0
0
0
0
0
0
0
0
0
0
0
0
0
0
0
0
0
0
0
0
0
0
0
0
0
0
0
0
0
0
0
0
0
0
0
0
0
0
0
0
0
0
0
0
0
0
0
0
0
0
0
0
0
0
0
0
0
0
0
0
0
0
0
0
0
0
0
0
0
0
0
0
0
0
0
0
0
0
0
0
0
0
0
0
0
0
0
0
0
0
0
0
0
0
0
0
0
0
0
0
0
0
0
0
0
0
0
0
0
0
0
0
0
0
0
0
0
0
0
0
0
0
0
0
0
0
0
0
0
0
0
0
0
0
0
0
0
0
0
0
0
0
0
0
0
0
0
0
0
0
0
0
0
0
0
0
0
0
0
0
0
0
0
0
0
0
0
0
0
0
0
0
0
0
0
0
0
0
0
0
0
0
0
0
0
0
0
0
0
0
0
0
0
0
0
0
0
0
0
0
0
0
0
0
0
0
0
0
0
0
0
0
0
0
0
0
0
0
0
0
0
0
0
0
0
0
0
0
0
0
0
0
0
0
0
0
0
0
0
0
0
0
0
0
0
0
0
0
0
0
0
0
0
0
0
0
0
0
0
0
0
0
0
0
0
0
0
0
0
0
0
0
0
0
0
0
0
0
0
0
0
0
0
0
0
0
0
0
0
0
0
0
0
0
0
0
0
0
0
0
0
0
0
0
0
0
0
0
0
0
0
0
0
0
0
0
0
0
0
0
0
0
0
0
0
0
0
0
0
0
0
0
0
0
0
0
0
0
0
0
0
0
0
0
0
0
0
0
0
0
0
0
0
0
0
0
0
0
0
0
0
0
0
0
0
0
0
0
0
0
0
0
0
0
0
0
0
0
0
0
0
0
0
0
0
0
0
0
0
0
0
0
0
0
0
0
0
0
0
0
0
0
0
0
0
0
0
0
0
0
0
0
0
0
0
0
0
0
0
0
0
0
0
0
0
0
0
0
0
0
0
0
0
0
0
0
0
0
0
0
0
0
0
0
0
0
0
0
0
0
0
0
0
0
0
0
0
0
0
0
0
0
0
0
0
0
0
0
0
0
0
0
0
0
0
0
0
0
0
0
0
0
0
0
0
0
0
0
0
0
0
0
0
0
0
0
0
0
0
0
0
0
0
0
0
0
0
0
0
0
0
0
0
0
0
0
0
0
0
0
0
0
0
0
0
0
0
0
0
0
0
0
0
0
0
0
0
0
0
0
0
0
0
0
0
0
0
0
0
0
0
0
0
0
0
0
0
0
0
0
0
0
0
0
0
0
0
0
0
0
0
0
0
0
0
0
0
0
0
0
0
0
0
0
0
0
0
0
0
0
0
0
0
0
0
0
0
0
0
0
0
0
0
0
0
0
0
0
0
0
0
0
0
0
0
0
0
0
0
0
0
0
0
0
0
0
0
0
0
0
0
0
0
0
0
0
0
0
0
0
0
0
0
0
0
0
0
0
0
0
0
0
0
0
0
0
0
0
0
0
0
0
0
0
0
0
0
0
0
0
0
0
0
0
0
0
0
0
0
0
0
0
0
0
0
0
0
0
0
0
0
0
0
0
0
0
0
0
0
0
0
0
0
0
0
0
0
0
0
0
0
0
0
0
0
0
0
0
0
0
0
0
0
0
0
0
0
0
0
0
0
0
0
0
0
0
0
0
0
0
0
0
0
0
0
0
0
0
0
0
0
0
0
0
0
0
0
0
0
0
0
0
0
0
0
0
0
0
0
0
0
0
0
0
0
0
0
0
0
0
0
0
0
0
0
0
0
0
0
0
0
0
0
0
0
0
0
0
0
0
0
0
0
0
0
0
0
0
0
0
0
0
0
0
0
0
0
0
0
0
0
0
0
0
0
0
0
0
0
0
0
0
0
0
0
0
0
0
0
0
0
0
0
0
0
0
0
0
0
0
0
0
0
0
0
0
0
0
0
0
0
0
0
0
0
0
0
0
0
0
0
0
0
0
0
0
0
0
0
0
0
0
0
0
0
0
0
0
0
0
0
0
0
0
0
0
0
0
0
0
0
0
0
0
0
0
0
0
0
0
0
0
0
0
0
0
0
0
0
0
0
0
0
0
0
0
0
0
0
0
0
0
0
0
0
0
0
0
0
0
0
0
0
0
0
0
0
0
0
0
0
0
0
0
0
0
0
0
0
0
0
0
0
0
0
0
0
0
0
0
0
0
0
0
0
0
0
0
0
0
0
0
0
0
0
0
0
0
0
0
0
0
0
0
0
0
0
0
0
0
0
0
0
0
0
0
0
0
0
0
0
0
0
0
0
0
0
0
0
0
0
0
0
0
0
0
0
0
0
0
0
0
0
0
0
0
0
0
0
0
0
0
0
0
0
0
0
0
0
0
0
0
0
0
0
0
0
0
0
0
0
0
0
0
0
0
0
0
0
0
0
0
0
0
0
0
0
0
0
0
0
0
0
0
0
0
0
0
0
0
0
0
0
0
0
0
0
0
0
0
0
0
0
0
0
0
0
0
0
0
0
0
0
0
0
0
0
0
0
0
0
0
0
0
0
0
0
0
0
0
0
0
0
0
0
0
0
0
0
0
0
0
0
0
0
0
0
0
0
0
0
0
0
0
0
0
0
0
0
0
0
0
0
0
0
0
0
0
0
0
0
0
0
0
0
0
0
0
0
0
0
0
0
0
0
0
0
0
0
0
0
0
0
0
0
0
0
0
0
0
0
0
0
0
0
0
0
0
0
0
0
0
0
0
0
0
0
0
0
0
0
0
0
0
0
0
0
0
0
0
0
0
0
0
0
0
0
0
0
0
0
0
0
0
0
0
0
0
0
0
0
0
0
0
0
0
0
0
0
0
0
0
0
0
0
0
0
0
0
0
0
0
0
0
0
0
0
0
0
0
0
0
0
0
0
0
0
0
0
0
0
0
0
0
0
0
0
0
0
0
0
0
0
0
0
0
0
0
0
0
0
0
0
0
0
0
0
0
0
0
0
0
0
0
0
0
0
0
0
0
0
0
0
0
0
0
0
0
0
0
0
0
0
0
0
0
0
0
0
0
0
0
0
0
0
0
0
0
0
0
0
0
0
0
0
0
0
0
0
0
0
0
0
0
0
0
0
0
0
0
0
0
0
0
0
0
0
0
0
0
0
0
0
0
0
0
0
0
0
0
0
0
0
0
0
0
0
0
0
0
0
0
0
0
0
0
0
0
0
0
0
0
0
0
0
0
0
0
0
0
0
0
0
0
0
0
0
0
0
0
0
0
0
0
0
0
0
0
0
0
0
0
0
0
0
0
0
0
0
0
0
0
0
0
0
0
0
0
0
0
0
0
0
0
0
0
0
0
0
0
0
0
0
0
0
0
0
0
0
0
0
0
0
0
0
0
0
0
0
0
0
0
0
0
0
0
0
0
0
0
0
0
0
0
0
0
0
0
0
0
0
0
0
0
0
0
0
0
0
0
0
0
0
0
0
0
0
0
0
0
0
0
0
0
0
0
0
0
0
0
0
0
0
0
0
0
0
0
0
0
0
0
0
0
0
0
0
0
0
0
0
0
0
0
0
0
0
0
0
0
0
0
0
0
0
0
0
0
0
0
0
0
0
0
0
0
0
0
0
0
0
0
0
0
0
0
0
0
0
0
0
0
0
0
0
0
0
0
0
0
0
0
0
0
0
0
0
0
0
0
0
0
0
0
0
0
0
0
0
0
0
0
0
0
0
0
0
0
0
0
0
0
0
0
0
0
0
0
0
0
0
0
0
0
0
0
0
0
0
0
0
0
0
0
0
0
0
0
0
0
0
0
0
0
0
0
0
0
0
0
0
0
0
0
0
0
0
0
0
0
0
0
0
0
0
0
0
0
0
0
0
0
0
0
0
0
0
0
0
0
0
0
0
0
0
0
0
0
0
0
0
0
0
0
0
0
0
0
0
0
0
0
0
0
0
0
0
0
0
0
0
0
0
0
0
0
0
0
0
0
0
0
0
0
0
0
0
0
0
0
0
0
0
0
0
0
0
0
0
0
0
0
0
0
0
0
0
0
0
0
0
0
0
0
0
0
0
0
0
0
0
0
0
0
0
0
0
0
0
0
0
0
0
0
0
0
0
0
0
0
0
0
0
0
0
0
0
0
0
0
0
0
0
0
0
0
0
0
0
0
0
0
0
0
0
0
0
0
0
0
0
0
0
0
0
0
0
0
0
0
0
0
0
0
0
0
0
0
0
0
0
0
0
0
0
0
0
0
0
0
0
0
0
0
0
0
0
0
0
0
0
0
0
0
0
0
0
0
0
0
0
0
0
0
0
0
0
0
0
0
0
0
0
0
0
0
0
0
0
0
0
0
0
0
0
0
0
0
0
0
0
0
0
0
0
0
0
0
0
0
0
0
0
0
0
0
0
0
0
0
0
0
0
0
0
0
0
0
0
0
0
0
0
0
0
0
0
0
0
0
0
0
0
0
0
0
0
0
0
0
0
0
0
0
0
0
0
0
0
0
0
0
0
0
0
0
0
0
0
0
0
0
0
0
0
0
0
0
0
0
0
0
0
0
0
0
0
0
0
0
0
0
0
0
0
0
0
0
0
0
0
0
0
0
0
0
0
0
0
0
0
0
0
0
0
0
0
0
0
0
0
0
0
0
0
0
0
0
0
0
0
0
0
0
0
0
0
0
0
0
0
0
0
0
0
0
0
0
0
0
0
0
0
0
0
0
0
0
0
0
0
0
0
0
0
0
0
0
0
0
0
0
0
0
0
0
0
0
0
0
0
0
0
0
0
0
0
0
0
0
0
0
0
0
0
0
0
0
0
0
0
0
0
0
0
0
0
0
0
0
0
0
0
0
0
0
0
0
0
0
0
0
0
0
0
0
0
0
0
0
0
0
0
0
0
0
0
0
0
0
0
0
0
0
0
0
0
0
0
0
0
0
0
0
0
0
0
0
0
0
0
0
0
0
0
0
0
0
0
0
0
0
0
0
0
0
0
0
0
0
0
0
0
0
0
0
0
0
0
0
0
0
0
0
0
0
0
0
0
0
0
0
0
0
0
0
0
0
0
0
0
0
0
0
0
0
0
0
0
0
0
0
0
0
0
0
0
0
0
0
0
0
0
0
0
0
0
0
0
0
0
0
0
0
0
0
0
0
0
0
0
0
0
0
0
0
0
0
0
0
0
0
0
0
0
0
0
0
0
0
0
0
0
0
0
0
0
0
0
0
0
0
0
0
0
0
0
0
0
0
0
0
0
0
0
0
0
0
0
0
0
0
0
0
0
0
0
0
0
0
0
0
0
0
0
0
0
0
0
0
0
0
0
0
0
0
0
0
0
0
0
0
0
0
0
0
0
0
0
0
0
0
0
0
0
0
0
0
0
0
0
0
0
0
0
0
0
0
0
0
0
0
0
0
0
0
0
0
0
0
0
0
0
0
0
0
0
0
0
0
0
0
0
0
0
0
0
0
0
0
0
0
0
0
0
0
0
0
0
0
0
0
0
0
0
0
0
0
0
0
0
0
0
0
0
0
0
0
0
0
0
0
0
0
0
0
0
0
0
0
0
0
0
0
0
0
0
0
0
0
0
0
0
0
0
0
0
0
0
0
0
0
0
0
0
0
0
0
0
0
0
0
0
0
0
0
0
0
0
0
0
0
0
0
0
0
0
0
0
0
0
0
0
0
0
0
0
0
0
0
0
0
0
0
0
0
0
0
0
0
0
0
0
0
0
0
0
0
0
0
0
0
0
0
0
0
0
0
0
0
0
0
0
0
0
0
0
0
0
0
0
0
0
0
0
0
0
0
0
0
0
0
0
0
0
0
0
0
0
0
0
0
0
0
0
0
0
0
0
0
0
0
0
0
0
0
0
0
0
0
0
0
0
0
0
0
0
0
0
0
0
0
0
0
0
0
0
0
0
0
0
0
0
0
0
0
0
0
0
0
0
0
0
0
0
0
0
0
0
0
0
0
0
0
0
0
0
0
0
0
0
0
0
0
0
0
0
0
0
0
0
0
0
0
0
0
0
0
0
0
0
0
0
0
0
0
0
0
0
0
0
0
0
0
0
0
0
0
0
0
0
0
0
0
0
0
0
0
0
0
0
0
0
0
0
0
0
0
0
0
0
0
0
0
0
0
0
0
0
0
0
0
0
0
0
0
0
0
0
0
0
0
0
0
0
0
0
0
0
0
0
0
0
0
0
0
0
0
0
0
0
0
0
0
0
0
0
0
0
0
0
0
0
0
0
0
0
0
0
0
0
0
0
0
0
0
0
0
0
0
0
0
0
0
0
0
0
0
0
0
0
0
0
0
0
0
0
0
0
0
0
0
0
0
0
0
0
0
0
0
0
0
0
0
0
0
0
0
0
0
0
0
0
0
0
0
0
0
0
0
0
0
0
0
0
0
0
0
0
0
0
0
0
0
0
0
0
0
0
0
0
0
0
0
0
0
0
0
0
0
0
0
0
0
0
0
0
0
0
0
0
0
0
0
0
0
0
0
0
0
0
0
0
0
0
0
0
0
0
0
0
0
0
0
0
0
0
0
0
0
0
0
0
0
0
0
0
0
0
0
0
0
0
0
0
0
0
0
0
0
0
0
0
0
0
0
0
0
0
0
0
0
0
0
0
0
0
0
0
0
0
0
0
0
0
0
0
0
0
0
0
0
0
0
0
0
0
0
0
0
0
0
0
0
0
0
0
0
0
0
0
0
0
0
0
0
0
0
0
0
0
0
0
0
0
0
0
0
0
0
0
0
0
0
0
0
0
0
0
0
0
0
0
0
0
0
0
0
0
0
0
0
0
0
0
0
0
0
0
0
0
0
0
0
0
0
0
0
0
0
0
0
0
0
0
0
0
0
0
0
0
0
0
0
0
0
0
0
0
0
0
0
0
0
0
0
0
0
0
0
0
0
0
0
0
0
0
0
0
0
0
0
0
0
0
0
0
0
0
0
0
0
0
0
0
0
0
0
0
0
0
0
0
0
0
0
0
0
0
0
0
0
0
0
0
0
0
0
0
0
0
0
0
0
0
0
0
0
0
0
0
0
0
0
0
0
0
0
0
0
0
0
0
0
0
0
0
0
0
0
0
0
0
0
0
0
0
0
0
0
0
0
0
0
0
0
0
0
0
0
0
0
0
0
0
0
0
0
0
0
0
0
0
0
0
0
0
0
0
0
0
0
0
0
0
0
0
0
0
0
0
0
0
0
0
0
0
0
0
0
0
0
0
0
0
0
0
0
0
0
0
0
0
0
0
0
0
0
0
0
0
0
0
0
0
0
0
0
0
0
0
0
0
0
0
0
0
0
0
0
0
0
0
0
0
0
0
0
0
0
0
0
0
0
0
0
0
0
0
0
0
0
0
0
0
0
0
0
0
0
0
0
0
0
0
0
0
0
0
0
0
0
0
0
0
0
0
0
0
0
0
0
0
0
0
0
0
0
0
0
0
0
0
0
0
0
0
0
0
0
0
0
0
0
0
0
0
0
0
0
0
0
0
0
0
0
0
0
0
0
0
0
0
0
0
0
0
0
0
0
0
0
0
0
0
0
0
0
0
0
0
0
0
0
0
0
0
0
0
0
0
0
0
0
0
0
0
0
0
0
0
0
0
0
0
0
0
0
0
0
0
0
0
0
0
0
0
0
0
0
0
0
0
0
0
0
0
0
0
0
0
0
0
0
0
0
0
0
0
0
0
0
0
0
0
0
0
0
0
0
0
0
0
0
0
0
0
0
0
0
0
0
0
0
0
0
0
0
0
0
0
0
0
0
0
0
0
0
0
0
0
0
0
0
0
0
0
0
0
0
0
0
0
0
0
0
0
0
0
0
0
0
0
0
0
0
0
0
0
0
0
0
0
0
0
0
0
0
0
0
0
0
0
0
0
0
0
0
0
0
0
0
0
0
0
0
0
0
0
0
0
0
0
0
0
0
0
0
0
0
0
0
0
0
0
0
0
0
0
0
0
0
0
0
0
0
0
0
0
0
0
0
0
0
0
0
0
0
0
0
0
0
0
0
0
0
0
0
0
0
0
0
0
0
0
0
0
0
0
0
0
0
0
0
0
0
0
0
0
0
0
0
0
0
0
0
0
0
0
0
0
0
0
0
0
0
0
0
0
0
0
0
0
0
0
0
0
0
0
0
0
0
0
0
0
0
0
0
0
0
0
0
0
0
0
0
0
0
0
0
0
0
0
0
0
0
0
0
0
0
0
0
0
0
0
0
0
0
0
0
0
0
0
0
0
0
0
0
0
0
0
0
0
0
0
0
0
0
0
0
0
0
0
0
0
0
0
0
0
0
0
0
0
0
0
0
0
0
0
0
0
0
0
0
0
0
0
0
0
0
0
0
0
0
0
0
0
0
0
0
0
0
0
0
0
0
0
0
0
0
0
0
0
0
0
0
0
0
0
0
0
0
0
0
0
0
0
0
0
0
0
0
0
0
0
0
0
0
0
0
0
0
0
0
0
0
0
0
0
0
0
0
0
0
0
0
0
0
0
0
0
0
0
0
0
0
0
0
0
0
0
0
0
0
0
0
0
0
0
0
0
0
0
0
0
0
0
0
0
0
0
0
0
0
0
0
0
0
0
0
0
0
0
0
0
0
0
0
0
0
0
0
0
0
0
0
0
0
0
0
0
0
0
0
0
0
0
0
0
0
0
0
0
0
0
0
0
0
0
0
0
0
0
0
0
0
0
0
0
0
0
0
0
0
0
0
0
0
0
0
0
0
0
0
0
0
0
0
0
0
0
0
0
0
0
0
0
0
0
0
0
0
0
0
0
0
0
0
0
0
0
0
0
0
0
0
0
0
0
0
0
0
0
0
0
0
0
0
0
0
0
0
0
0
0
0
0
0
0
0
0
0
0
0
0
0
0
0
0
0
0
0
0
0
0
0
0
0
0
0
0
0
0
0
0
0
0
0
0
0
0
0
0
0
0
0
0
0
0
0
0
0
0
0
0
0
0
0
0
0
0
0
0
0
0
0
0
0
0
0
0
0
0
0
0
0
0
0
0
0
0
0
0
0
0
0
0
0
0
0
0
0
0
0
0
0
0
0
0
0
0
0
0
0
0
0
0
0
0
0
0
0
0
0
0
0
0
0
0
0
0
0
0
0
0
0
0
0
0
0
0
0
0
0
0
0
0
0
0
0
0
0
0
0
0
0
0
0
0
0
0
0
0
0
0
0
0
0
0
0
0
0
0
0
0
0
0
0
0
0
0
0
0
0
0
0
0
0
0
0
0
0
0
0
0
0
0
0
0
0
0
0
0
0
0
0
0
0
0
0
0
0
0
0
0
0
0
0
0
0
0
0
0
0
0
0
0
0
0
0
0
0
0
0
0
0
0
0
0
0
0
0
0
0
0
0
0
0
0
0
0
0
0
0
0
0
0
0
0
0
0
0
0
0
0
0
0
0
0
0
0
0
0
0
0
0
0
0
0
0
0
0
0
0
0
0
0
0
0
0
0
0
0
0
0
0
0
0
0
0
0
0
0
0
0
0
0
0
0
0
0
0
0
0
0
0
0
0
0
0
0
0
0
0
0
0
0
0
0
0
0
0
0
0
0
0
0
0
0
0
0
0
0
0
0
0
0
0
0
0
0
0
0
0
0
0
0
0
0
0
0
0
0
0
0
0
0
0
0
0
0
0
0
0
0
0
0
0
0
0
0
0
0
0
0
0
0
0
0
0
0
0
0
0
0
0
0
0
0
0
0
0
0
0
0
0
0
0
0
0
0
0
0
0
0
0
0
0
0
0
0
0
0
0
0
0
0
0
0
0
0
0
0
0
0
0
0
0
0
0
0
0
0
0
0
0
0
0
0
0
0
0
0
0
0
0
0
0
0
0
0
0
0
0
0
0
0
0
0
0
0
0
0
0
0
0
0
0
0
0
0
0
0
0
0
0
0
0
0
0
0
0
0
0
0
0
0
0
0
0
0
0
0
0
0
0
0
0
0
0
0
0
0
0
0
0
0
0
0
0
0
0
0
0
0
0
0
0
0
0
0
0
0
0
0
0
0
0
0
0
0
0
0
0
0
0
0
0
0
0
0
0
0
0
0
0
0
0
0
0
0
0
0
0
0
0
0
0
0
0
0
0
0
0
0
0
0
0
0
0
0
0
0
0
0
0
0
0
0
0
0
0
0
0
0
0
0
0
0
0
0
0
0
0
0
0
0
0
0
0
0
0
0
0
0
0
0
0
0
0
0
0
0
0
0
0
0
0
0
0
0
0
0
0
0
0
0
0
0
0
0
0
0
0
0
0
0
0
0
0
0
0
0
0
0
0
0
0
0
0
0
0
0
0
0
0
0
0
0
0
0
0
0
0
0
0
0
0
0
0
0
0
0
0
0
0
0
0
0
0
0
0
0
0
0
0
0
0
0
0
0
0
0
0
0
0
0
0
0
0
0
0
0
0
0
0
0
0
0
0
0
0
0
0
0
0
0
0
0
0
0
0
0
0
0
0
0
0
0
0
0
0
0
0
0
0
0
0
0
0
0
0
0
0
0
0
0
0
0
0
0
0
0
0
0
0
0
0
0
0
0
0
0
0
0
0
0
0
0
0
0
0
0
0
0
0
0
0
0
0
0
0
0
0
0
0
0
0
0
0
0
0
0
0
0
0
0
0
0
0
0
0
0
0
0
0
0
0
0
0
0
0
0
0
0
0
0
0
0
0
0
0
0
0
0
0
0
0
0
0
0
0
0
0
0
0
0
0
0
0
0
0
0
0
0
0
0
0
0
0
0
0
0
0
0
0
0
0
0
0
0
0
0
0
0
0
0
0
0
0
0
0
0
0
0
0
0
0
0
0
0
0
0
0
0
0
0
0
0
0
0
0
0
0
0
0
0
0
0
0
0
0
0
0
0
0
0
0
0
0
0
0
0
0
0
0
0
0
0
0
0
0
0
0
0
0
0
0
0
0
0
0
0
0
0
0
0
0
0
0
0
0
0
0
0
0
0
0
0
0
0
0
0
0
0
0
0
0
0
0
0
0
0
0
0
0
0
0
0
0
0
0
0
0
0
0
0
0
0
0
0
0
0
0
0
0
0
0
0
0
0
0
0
0
0
0
0
0
0
0
0
0
0
0
0
0
0
0
0
0
0
0
0
0
0
0
0
0
0
0
0
0
0
0
0
0
0
0
0
0
0
0
0
0
0
0
0
0
0
0
0
0
0
0
0
0
0
0
0
0
0
0
0
0
0
0
0
0
0
0
0
0
0
0
0
0
0
0
0
0
0
0
0
0
0
0
0
0
0
0
0
0
0
0
0
0
0
0
0
0
0
0
0
0
0
0
0
0
0
0
0
0
0
0
0
0
0
0
0
0
0
0
0
0
0
0
0
0
0
0
0
0
0
0
0
0
0
0
0
0
0
0
0
0
0
0
0
0
0
0
0
0
0
0
0
0
0
0
0
0
0
0
0
0
0
0
0
0
0
0
0
0
0
0
0
0
0
0
0
0
0
0
0
0
0
0
0
0
0
0
0
0
0
0
0
0
0
0
0
0
0
0
0
0
0
0
0
0
0
0
0
0
0
0
0
0
0
0
0
0
0
0
0
0
0
0
0
0
0
0
0
0
0
0
0
0
0
0
0
0
0
0
0
0
0
0
0
0
0
0
0
0
0
0
0
0
0
0
0
0
0
0
0
0
0
0
0
0
0
0
0
0
0
0
0
0
0
0
0
0
0
0
0
0
0
0
0
0
0
0
0
0
0
0
0
0
0
0
0
0
0
0
0
0
0
0
0
0
0
0
0
0
0
0
0
0
0
0
0
0
0
0
0
0
0
0
0
0
0
0
0
0
0
0
0
0
0
0
0
0
0
0
0
0
0
0
0
0
0
0
0
0
0
0
0
0
0
0
0
0
0
0
0
0
0
0
0
0
0
0
0
0
0
0
0
0
0
0
0
0
0
0
0
0
0
0
0
0
0
0
0
0
0
0
0
0
0
0
0
0
0
0
0
0
0
0
0
0
0
0
0
0
0
0
0
0
0
0
0
0
0
0
0
0
0
0
0
0
0
0
0
0
0
0
0
0
0
0
0
0
0
0
0
0
0
0
0
0
0
0
0
0
0
0
0
0
0
0
0
0
0
0
0
0
0
0
0
0
0
0
0
0
0
0
0
0
0
0
0
0
0
0
0
0
0
0
0
0
0
0
0
0
0
0
0
0
0
0
0
0
0
0
0
0
0
0
0
0
0
0
0
0
0
0
0
0
0
0
0
0
0
0
0
0
0
0
0
0
0
0
0
0
0
0
0
0
0
0
0
0
0
0
0
0
0
0
0
0
0
0
0
0
0
0
0
0
0
0
0
0
0
0
0
0
0
0
0
0
0
0
0
0
0
0
0
0
0
0
0
0
0
0
0
0
0
0
0
0
0
0
0
0
0
0
0
0
0
0
0
0
0
0
0
0
0
0
0
0
0
0
0
0
0
0
0
0
0
0
0
0
0
0
0
0
0
0
0
0
0
0
0
0
0
0
0
0
0
0
0
0
0
0
0
0
0
0
0
0
0
0
0
0
0
0
0
0
0
0
0
0
0
0
0
0
0
0
0
0
0
0
0
0
0
0
0
0
0
0
0
0
0
0
0
0
0
0
0
0
0
0
0
0
0
0
0
0
0
0
0
0
0
0
0
0
0
0
0
0
0
0
0
0
0
0
0
0
0
0
0
0
0
0
0
0
0
0
0
0
0
0
0
0
0
0
0
0
0
0
0
0
0
0
0
0
0
0
0
0
0
0
0
0
0
0
0
0
0
0
0
0
0
0
0
0
0
0
0
0
0
0
0
0
0
0
0
0
0
0
0
0
0
0
0
0
0
0
0
0
0
0
0
0
0
0
0
0
0
0
0
0
0
0
0
0
0
0
0
0
0
0
0
0
0
0
0
0
0
0
0
0
0
0
0
0
0
0
0
0
0
0
0
0
0
0
0
0
0
0
0
0
0
0
0
0
0
0
0
0
0
0
0
0
0
0
0
0
0
0
0
0
0
0
0
0
0
0
0
0
0
0
0
0
0
0
0
0
0
0
0
0
0
0
0
0
0
0
0
0
0
0
0
0
0
0
0
0
0
0
0
0
0
0
0
0
0
0
0
0
0
0
0
0
0
0
0
0
0
0
0
0
0
0
0
0
0
0
0
0
0
0
0
0
0
0
0
0
0
0
0
0
0
0
0
0
0
0
0
0
0
0
0
0
0
0
0
0
0
0
0
0
0
0
0
0
0
0
0
0
0
0
0
0
0
0
0
0
0
0
0
0
0
0
0
0
0
0
0
0
0
0
0
0
0
0
0
0
0
0
0
0
0
0
0
0
0
0
0
0
0
0
0
0
0
0
0
0
0
0
0
0
0
0
0
0
0
0
0
0
0
0
0
0
0
0
0
0
0
0
0
0
0
0
0
0
0
0
0
0
0
0
0
0
0
0
0
0
0
0
0
0
0
0
0
0
0
0
0
0
0
0
0
0
0
0
0
0
0
0
0
0
0
0
0
0
0
0
0
0
0
0
0
0
0
0
0
0
0
0
0
0
0
0
0
0
0
0
0
0
0
0
0
0
0
0
0
0
0
0
0
0
0
0
0
0
0
0
0
0
0
0
0
0
0
0
0
0
0
0
0
0
0
0
0
0
0
0
0
0
0
0
0
0
0
0
0
0
0
0
0
0
0
0
0
0
0
0
0
0
0
0
0
0
0
0
0
0
0
0
0
0
0
0
0
0
0
0
0
0
0
0
0
0
0
0
0
0
0
0
0
0
0
0
0
0
0
0
0
0
0
0
0
0
0
0
0
0
0
0
0
0
0
0
0
0
0
0
0
0
0
0
0
0
0
0
0
0
0
0
0
0
0
0
0
0
0
0
0
0
0
0
0
0
0
0
0
0
0
0
0
0
0
0
0
0
0
0
0
0
0
0
0
0
0
0
0
0
0
0
0
0
0
0
0
0
0
0
0
0
0
0
0
0
0
0
0
0
0
0
0
0
0
0
0
0
0
0
0
0
0
0
0
0
0
0
0
0
0
0
0
0
0
0
0
0
0
0
0
0
0
0
0
0
0
0
0
0
0
0
0
0
0
0
0
0
0
0
0
0
0
0
0
0
0
0
0
0
0
0
0
0
0
0
0
0
0
0
0
0
0
0
0
0
0
0
0
0
0
0
0
0
0
0
0
0
0
0
0
0
0
0
0
0
0
0
0
0
0
0
0
0
0
0
0
0
0
0
0
0
0
0
0
0
0
0
0
0
0
0
0
0
0
0
0
0
0
0
0
0
0
0
0
0
0
0
0
0
0
0
0
0
0
0
0
0
0
0
0
0
0
0
0
0
0
0
0
0
0
0
0
0
0
0
0
0
0
0
0
0
0
0
0
0
0
0
0
0
0
0
0
0
0
0
0
0
0
0
0
0
0
0
0
0
0
0
0
0
0
0
0
0
0
0
0
0
0
0
0
0
0
0
0
0
0
0
0
0
0
0
0
0
0
0
0
0
0
0
0
0
0
0
0
0
0
0
0
0
0
0
0
0
0
0
0
0
0
0
0
0
0
0
0
0
0
0
0
0
0
0
0
0
0
0
0
0
0
0
0
0
0
0
0
0
0
0
0
0
0
0
0
0
0
0
0
0
0
0
0
0
0
0
0
0
0
0
0
0
0
0
0
0
0
0
0
0
0
0
0
0
0
0
0
0
0
0
0
0
0
0
0
0
0
0
0
0
0
0
0
0
0
0
0
0
0
0
0
0
0
0
0
0
0
0
0
0
0
0
0
0
0
0
0
0
0
0
0
0
0
0
0
0
0
0
0
0
0
0
0
0
0
0
0
0
0
0
0
0
0
0
0
0
0
0
0
0
0
0
0
0
0
0
0
0
0
0
0
0
0
0
0
0
0
0
0
0
0
0
0
0
0
0
0
0
0
0
0
0
0
0
0
0
0
0
0
0
0
0
0
0
0
0
0
0
0
0
0
0
0
0
0
0
0
0
0
0
0
0
0
0
0
0
0
0
0
0
0
0
0
0
0
0
0
0
0
0
0
0
0
0
0
0
0
0
0
0
0
0
0
0
0
0
0
0
0
0
0
0
0
0
0
0
0
0
0
0
0
0
0
0
0
0
0
0
0
0
0
0
0
0
0
0
0
0
0
0
0
0
0
0
0
0
0
0
0
0
0
0
0
0
0
0
0
0
0
0
0
0
0
0
0
0
0
0
0
0
0
0
0
0
0
0
0
0
0
0
0
0
0
0
0
0
0
0
0
0
0
0
0
0
0
0
0
0
0
0
0
0
0
0
0
0
0
0
0
0
0
0
0
0
0
0
0
0
0
0
0
0
0
0
0
0
0
0
0
0
0
0
0
0
0
0
0
0
0
0
0
0
0
0
0
0
0
0
0
0
0
0
0
0
0
0
0
0
0
0
0
0
0
0
0
0
0
0
0
0
0
0
0
0
0
0
0
0
0
0
0
0
0
0
0
0
0
0
0
0
0
0
0
0
0
0
0
0
0
0
0
0
0
0
0
0
0
0
0
0
0
0
0
0
0
0
0
0
0
0
0
0
0
0
0
0
0
0
0
0
0
0
0
0
0
0
0
0
0
0
0
0
0
0
0
0
0
0
0
0
0
0
0
0
0
0
0
0
0
0
0
0
0
0
0
0
0
0
0
0
0
0
0
0
0
0
0
0
0
0
0
0
0
0
0
0
0
0
0
0
0
0
0
0
0
0
0
0
0
0
0
0
0
0
0
0
0
0
0
0
0
0
0
0
0
0
0
0
0
0
0
0
0
0
0
0
0
0
0
0
0
0
0
0
0
0
0
0
0
0
0
0
0
0
0
0
0
0
0
0
0
0
0
0
0
0
0
0
0
0
0
0
0
0
0
0
0
0
0
0
0
0
0
0
0
0
0
0
0
0
0
0
0
0
0
0
0
0
0
0
0
0
0
0
0
0
0
0
0
0
0
0
0
0
0
0
0
0
0
0
0
0
0
0
0
0
0
0
0
0
0
0
0
0
0
0
0
0
0
0
0
0
0
0
0
0
0
0
0
0
0
0
0
0
0
0
0
0
0
0
0
0
0
0
0
0
0
0
0
0
0
0
0
0
0
0
0
0
0
0
0
0
0
0
0
0
0
0
0
0
0
0
0
0
0
0
0
0
0
0
0
0
0
0
0
0
0
0
0
0
0
0
0
0
0
0
0
0
0
0
0
0
0
0
0
0
0
0
0
0
0
0
0
0
0
0
0
0
0
0
0
0
0
0
0
0
0
0
0
0
0
0
0
0
0
0
0
0
0
0
0
0
0
0
0
0
0
0
0
0
0
0
0
0
0
0
0
0
0
0
0
0
0
0
0
0
0
0
0
0
0
0
0
0
0
0
0
0
0
0
0
0
0
0
0
0
0
0
0
0
0
0
0
0
0
0
0
0
0
0
0
0
0
0
0
0
0
0
0
0
0
0
0
0
0
0
0
0
0
0
0
0
0
0
0
0
0
0
0
0
0
0
0
0
0
0
0
0
0
0
0
0
0
0
0
0
0
0
0
0
0
0
0
0
0
0
0
0
0
0
0
0
0
0
0
0
0
0
0
0
0
0
0
0
0
0
0
0
0
0
0
0
0
0
0
0
0
0
0
0
0
0
0
0
0
0
0
0
0
0
0
0
0
0
0
0
0
0
0
0
0
0
0
0
0
0
0
0
0
0
0
0
0
0
0
0
0
0
0
0
0
0
0
0
0
0
0
0
0
0
0
0
0
0
0
0
0
0
0
0
0
0
0
0
0
0
0
0
0
0
0
0
0
0
0
0
0
0
0
0
0
0
0
0
0
0
0
0
0
0
0
0
0
0
0
0
0
0
0
0
0
0
0
0
0
0
0
0
0
0
0
0
0
0
0
0
0
0
0
0
0
0
0
0
0
0
0
0
0
0
0
0
0
0
0
0
0
0
0
0
0
0
0
0
0
0
0
0
0
0
0
0
0
0
0
0
0
0
0
0
0
0
0
0
0
0
0
0
0
0
0
0
0
0
0
0
0
0
0
0
0
0
0
0
0
0
0
0
0
0
0
0
0
0
0
0
0
0
0
0
0
0
0
0
0
0
0
0
0
0
0
0
0
0
0
0
0
0
0
0
0
0
0
0
0
0
0
0
0
0
0
0
0
0
0
0
0
0
0
0
0
0
0
0
0
0
0
0
0
0
0
0
0
0
0
0
0
0
0
0
0
0
0
0
0
0
0
0
0
0
0
0
0
0
0
0
0
0
0
0
0
0
0
0
0
0
0
0
0
0
0
0
0
0
0
0
0
0
0
0
0
0
0
0
0
0
0
0
0
0
0
0
0
0
0
0
0
0
0
0
0
0
0
0
0
0
0
0
0
0
0
0
0
0
0
0
0
0
0
0
0
0
0
0
0
0
0
0
0
0
0
0
0
0
0
0
0
0
0
0
0
0
0
0
0
0
0
0
0
0
0
0
0
0
0
0
0
0
0
0
0
0
0
0
0
0
0
0
0
0
0
0
0
0
0
0
0
0
0
0
0
0
0
0
0
0
0
0
0
0
0
0
0
0
0
0
0
0
0
0
0
0
0
0
0
0
0
0
0
0
0
0
0
0
0
0
0
0
0
0
0
0
0
0
0
0
0
0
0
0
0
0
0
0
0
0
0
0
0
0
0
0
0
0
0
0
0
0
0
0
0
0
0
0
0
0
0
0
0
0
0
0
0
0
0
0
0
0
0
0
0
0
0
0
0
0
0
0
0
0
0
0
0
0
0
0
0
0
0
0
0
0
0
0
0
0
0
0
0
0
0
0
0
0
0
0
0
0
0
0
0
0
0
0
0
0
0
0
0
0
0
0
0
0
0
0
0
0
0
0
0
0
0
0
0
0
0
0
0
0
0
0
0
0
0
0
0
0
0
0
0
0
0
0
0
0
0
0
0
0
0
0
0
0
0
0
0
0
0
0
0
0
0
0
0
0
0
0
0
0
0
0
0
0
0
0
0
0
0
0
0
0
0
0
0
0
0
0
0
0
0
0
0
0
0
0
0
0
0
0
0
0
0
0
0
0
0
0
0
0
0
0
0
0
0
0
0
0
0
0
0
0
0
0
0
0
0
0
0
0
0
0
0
0
0
0
0
0
0
0
0
0
0
0
0
0
0
0
0
0
0
0
0
0
0
0
0
0
0
0
0
0
0
0
0
0
0
0
0
0
0
0
0
0
0
0
0
0
0
0
0
0
0
0
0
0
0
0
0
0
0
0
0
0
0
0
0
0
0
0
0
0
0
0
0
0
0
0
0
0
0
0
0
0
0
0
0
0
0
0
0
0
0
0
0
0
0
0
0
0
0
0
0
0
0
0
0
0
0
0
0
0
0
0
0
0
0
0
0
0
0
0
0
0
0
0
0
0
0
0
0
0
0
0
0
0
0
0
0
0
0
0
0
0
0
0
0
0
0
0
0
0
0
0
0
0
0
0
0
0
0
0
0
0
0
0
0
0
0
0
0
0
0
0
0
0
0
0
0
0
0
0
0
0
0
0
0
0
0
0
0
0
0
0
0
0
0
0
0
0
0
0
0
0
0
0
0
0
0
0
0
0
0
0
0
0
0
0
0
0
0
0
0
0
0
0
0
0
0
0
0
0
0
0
0
0
0
0
0
0
0
0
0
0
0
0
0
0
0
0
0
0
0
0
0
0
0
0
0
0
0
0
0
0
0
0
0
0
0
0
0
0
0
0
0
0
0
0
0
0
0
0
0
0
0
0
0
0
0
0
0
0
0
0
0
0
0
0
0
0
0
0
0
0
0
0
0
0
0
0
0
0
0
0
0
0
0
0
0
0
0
0
0
0
0
0
0
0
0
0
0
0
0
0
0
0
0
0
0
0
0
0
0
0
0
0
0
0
0
0
0
0
0
0
0
0
0
0
0
0
0
0
0
0
0
0
0
0
0
0
0
0
0
0
0
0
0
0
0
0
0
0
0
0
0
0
0
0
0
0
0
0
0
0
0
0
0
0
0
0
0
0
0
0
0
0
0
0
0
0
0
0
0
0
0
0
0
0
0
0
0
0
0
0
0
0
0
0
0
0
0
0
0
0
0
0
0
0
0
0
0
0
0
0
0
0
0
0
0
0
0
0
0
0
0
0
0
0
0
0
0
0
0
0
0
0
0
0
0
0
0
0
0
0
0
0
0
0
0
0
0
0
0
0
0
0
0
0
0
0
0
0
0
0
0
0
0
0
0
0
0
0
0
0
0
0
0
0
0
0
0
0
0
0
0
0
0
0
0
0
0
0
0
0
0
0
0
0
0
0
0
0
0
0
0
0
0
0
0
0
0
0
0
0
0
0
0
0
0
0
0
0
0
0
0
0
0
0
0
0
0
0
0
0
0
0
0
0
0
0
0
0
0
0
0
0
0
0
0
0
0
0
0
0
0
0
0
0
0
0
0
0
0
0
0
0
0
0
0
0
0
0
0
0
0
0
0
0
0
0
0
0
0
0
0
0
0
0
0
0
0
0
0
0
0
0
0
0
0
0
0
0
0
0
0
0
0
0
0
0
0
0
0
0
0
0
0
0
0
0
0
0
0
0
0
0
0
0
0
0
0
0
0
0
0
0
0
0
0
0
0
0
0
0
0
0
0
0
0
0
0
0
0
0
0
0
0
0
0
0
0
0
0
0
0
0
0
0
0
0
0
0
0
0
0
0
0
0
0
0
0
0
0
0
0
0
0
0
0
0
0
0
0
0
0
0
0
0
0
0
0
0
0
0
0
0
0
0
0
0
0
0
0
0
0
0
0
0
0
0
0
0
0
0
0
0
0
0
0
0
0
0
0
0
0
0
0
0
0
0
0
0
0
0
0
0
0
0
0
0
0
0
0
0
0
0
0
0
0
0
0
0
0
0
0
0
0
0
0
0
0
0
0
0
0
0
0
0
0
0
0
0
0
0
0
0
0
0
0
0
0
0
0
0
0
0
0
0
0
0
0
0
0
0
0
0
0
0
0
0
0
0
0
0
0
0
0
0
0
0
0
0
0
0
0
0
0
0
0
0
0
0
0
0
0
0
0
0
0
0
0
0
0
0
0
0
0
0
0
0
0
0
0
0
0
0
0
0
0
0
0
0
0
0
0
0
0
0
0
0
0
0
0
0
0
0
0
0
0
0
0
0
0
0
0
0
0
0
0
0
0
0
0
0
0
0
0
0
0
0
0
0
0
0
0
0
0
0
0
0
0
0
0
0
0
0
0
0
0
0
0
0
0
0
0
0
0
0
0
0
0
0
0
0
0
0
0
0
0
0
0
0
0
0
0
0
0
0
0
0
0
0
0
0
0
0
0
0
0
0
0
0
0
0
0
0
0
0
0
0
0
0
0
0
0
0
0
0
0
0
0
0
0
0
0
0
0
0
0
0
0
0
0
0
0
0
0
0
0
0
0
0
0
0
0
0
0
0
0
0
0
0
0
0
0
0
0
0
0
0
0
0
0
0
0
0
0
0
0
0
0
0
0
0
0
0
0
0
0
0
0
0
0
0
0
0
0
0
0
0
0
0
0
0
0
0
0
0
0
0
0
0
0
0
0
0
0
0
0
0
0
0
0
0
0
0
0
0
0
0
0
0
0
0
0
0
0
0
0
0
0
0
0
0
0
0
0
0
0
0
0
0
0
0
0
0
0
0
0
0
0
0
0
0
0
0
0
0
0
0
0
0
0
0
0
0
0
0
0
0
0
0
0
0
0
0
0
0
0
0
0
0
0
0
0
0
0
0
0
0
0
0
0
0
0
0
0
0
0
0
0
0
0
0
0
0
0
0
0
0
0
0
0
0
0
0
0
0
0
0
0
0
0
0
0
0
0
0
0
0
0
0
0
0
0
0
0
0
0
0
0
0
0
0
0
0
0
0
0
0
0
0
0
0
0
0
0
0
0
0
0
0
0
0
0
0
0
0
0
0
0
0
0
0
0
0
0
0
0
0
0
0
0
0
0
0
0
0
0
0
0
0
0
0
0
0
0
0
0
0
0
0
0
0
0
0
0
0
0
0
0
0
0
0
0
0
0
0
0
0
0
0
0
0
0
0
0
0
0
0
0
0
0
0
0
0
0
0
0
0
0
0
0
0
0
0
0
0
0
0
0
0
0
0
0
0
0
0
0
0
0
0
0
0
0
0
0
0
0
0
0
0
0
0
0
0
0
0
0
0
0
0
0
0
0
0
0
0
0
0
0
0
0
0
0
0
0
0
0
0
0
0
0
0
0
0
0
0
0
0
0
0
0
0
0
0
0
0
0
0
0
0
0
0
0
0
0
0
0
0
0
0
0
0
0
0
0
0
0
0
0
0
0
0
0
0
0
0
0
0
0
0
0
0
0
0
0
0
0
0
0
0
0
0
0
0
0
0
0
0
0
0
0
0
0
0
0
0
0
0
0
0
0
0
0
0
0
0
0
0
0
0
0
0
0
0
0
0
0
0
0
0
0
0
0
0
0
0
0
0
0
0
0
0
0
0
0
0
0
0
0
0
0
0
0
0
0
0
0
0
0
0
0
0
0
0
0
0
0
0
0
0
0
0
0
0
0
0
0
0
0
0
0
0
0
0
0
0
0
0
0
0
0
0
0
0
0
0
0
0
0
0
0
0
0
0
0
0
0
0
0
0
0
0
0
0
0
0
0
0
0
0
0
0
0
0
0
0
0
0
0
0
0
0
0
0
0
0
0
0
0
0
0
0
0
0
0
0
0
0
0
0
0
0
0
0
0
0
0
0
0
0
0
0
0
0
0
0
0
0
0
0
0
0
0
0
0
0
0
0
0
0
0
0
0
0
0
0
0
0
0
0
0
0
0
0
0
0
0
0
0
0
0
0
0
0
0
0
0
0
0
0
0
0
0
0
0
0
0
0
0
0
0
0
0
0
0
0
0
0
0
0
0
0
0
0
0
0
0
0
0
0
0
0
0
0
0
0
0
0
0
0
0
0
0
0
0
0
0
0
0
0
0
0
0
0
0
0
0
0
0
0
0
0
0
0
0
0
0
0
0
0
0
0
0
0
0
0
0
0
0
0
0
0
0
0
0
0
0
0
0
0
0
0
0
0
0
0
0
0
0
0
0
0
0
0
0
0
0
0
0
0
0
0
0
0
0
0
0
0
0
0
0
0
0
0
0
0
0
0
0
0
0
0
0
0
0
0
0
0
0
0
0
0
0
0
0
0
0
0
0
0
0
0
0
0
0
0
0
0
0
0
0
0
0
0
0
0
0
0
0
0
0
0
0
0
0
0
0
0
0
0
0
0
0
0
0
0
0
0
0
0
0
0
0
0
0
0
0
0
0
0
0
0
0
0
0
0
0
0
0
0
0
0
0
0
0
0
0
0
0
0
0
0
0
0
0
0
0
0
0
0
0
0
0
0
0
0
0
0
0
0
0
0
0
0
0
0
0
0
0
0
0
0
0
0
0
0
0
0
0
0
0
0
0
0
0
0
0
0
0
0
0
0
0
0
0
0
0
0
0
0
0
0
0
0
0
0
0
0
0
0
0
0
0
0
0
0
0
0
0
0
0
0
0
0
0
0
0
0
0
0
0
0
0
0
0
0
0
0
0
0
0
0
0
0
0
0
0
0
0
0
0
0
0
0
0
0
0
0
0
0
0
0
0
0
0
0
0
0
0
0
0
0
0
0
0
0
0
0
0
0
0
0
0
0
0
0
0
0
0
0
0
0
0
0
0
0
0
0
0
0
0
0
0
0
0
0
0
0
0
0
0
0
0
0
0
0
0
0
0
0
0
0
0
0
0
0
0
0
0
0
0
0
0
0
0
0
0
0
0
0
0
0
0
0
0
0
0
0
0
0
0
0
0
0
0
0
0
0
0
0
0
0
0
0
0
0
0
0
0
0
0
0
0
0
0
0
0
0
0
0
0
0
0
0
0
0
0
0
0
0
0
0
0
0
0
0
0
0
0
0
0
0
0
0
0
0
0
0
0
0
0
0
0
0
0
0
0
0
0
0
0
0
0
0
0
0
0
0
0
0
0
0
0
0
0
0
0
0
0
0
0
0
0
0
0
0
0
0
0
0
0
0
0
0
0
0
0
0
0
0
0
0
0
0
0
0
0
0
0
0
0
0
0
0
0
0
0
0
0
0
0
0
0
0
0
0
0
0
0
0
0
0
0
0
0
0
0
0
0
0
0
0
0
0
0
0
0
0
0
0
0
0
0
0
0
0
0
0
0
0
0
0
0
0
0
0
0
0
0
0
0
0
0
0
0
0
0
0
0
0
0
0
0
0
0
0
0
0
0
0
0
0
0
0
0
0
0
0
0
0
0
0
0
0
0
0
0
0
0
0
0
0
0
0
0
0
0
0
0
0
0
0
0
0
0
0
0
0
0
0
0
0
0
0
0
0
0
0
0
0
0
0
0
0
0
0
0
0
0
0
0
0
0
0
0
0
0
0
0
0
0
0
0
0
0
0
0
0
0
0
0
0
0
0
0
0
0
0
0
0
0
0
0
0
0
0
0
0
0
0
0
0
0
0
0
0
0
0
0
0
0
0
0
0
0
0
0
0
0
0
0
0
0
0
0
0
0
0
0
0
0
0
0
0
0
0
0
0
0
0
0
0
0
0
0
0
0
0
0
0
0
0
0
0
0
0
0
0
0
0
0
0
0
0
0
0
0
0
0
0
0
0
0
0
0
0
0
0
0
0
0
0
0
0
0
0
0
0
0
0
0
0
0
0
0
0
0
0
0
0
0
0
0
0
0
0
0
0
0
0
0
0
0
0
0
0
0
0
0
0
0
0
0
0
0
0
0
0
0
0
0
0
0
0
0
0
0
0
0
0
0
0
0
0
0
0
0
0
0
0
0
0
0
0
0
0
0
0
0
0
0
0
0
0
0
0
0
0
0
0
0
0
0
0
0
0
0
0
0
0
0
0
0
0
0
0
0
0
0
0
0
0
0
0
0
0
0
0
0
0
0
0
0
0
0
0
0
0
0
0
0
0
0
0
0
0
0
0
0
0
0
0
0
0
0
0
0
0
0
0
0
0
0
0
0
0
0
0
0
0
0
0
0
0
0
0
0
0
0
0
0
0
0
0
0
0
0
0
0
0
0
0
0
0
0
0
0
0
0
0
0
0
0
0
0
0
0
0
0
0
0
0
0
0
0
0
0
0
0
0
0
0
0
0
0
0
0
0
0
0
0
0
0
0
0
0
0
0
0
0
0
0
0
0
0
0
0
0
0
0
0
0
0
0
0
0
0
0
0
0
0
0
0
0
0
0
0
0
0
0
0
0
0
0
0
0
0
0
0
0
0
0
0
0
0
0
0
0
0
0
0
0
0
0
0
0
0
0
0
0
0
0
0
0
0
0
0
0
0
0
0
0
0
0
0
0
0
0
0
0
0
0
0
0
0
0
0
0
0
0
0
0
0
0
0
0
0
0
0
0
0
0
0
0
0
0
0
0
0
0
0
0
0
0
0
0
0
0
0
0
0
0
0
0
0
0
0
0
0
0
0
0
0
0
0
0
0
0
0
0
0
0
0
0
0
0
0
0
0
0
0
0
0
0
0
0
0
0
0
0
0
0
0
0
0
0
0
0
0
0
0
0
0
0
0
0
0
0
0
0
0
0
0
0
0
0
0
0
0
0
0
0
0
0
0
0
0
0
0
0
0
0
0
0
0
0
0
0
0
0
0
0
0
0
0
0
0
0
0
0
0
0
0
0
0
0
0
0
0
0
0
0
0
0
0
0
0
0
0
0
0
0
0
0
0
0
0
0
0
0
0
0
0
0
0
0
0
0
0
0
0
0
0
0
0
0
0
0
0
0
0
0
0
0
0
0
0
0
0
0
0
0
0
0
0
0
0
0
0
0
0
0
0
0
0
0
0
0
0
0
0
0
0
0
0
0
0
0
0
0
0
0
0
0
0
0
0
0
0
0
0
0
0
0
0
0
0
0
0
0
0
0
0
0
0
0
0
0
0
0
0
0
0
0
0
0
0
0
0
0
0
0
0
0
0
0
0
0
0
0
0
0
0
0
0
0
0
0
0
0
0
0
0
0
0
0
0
0
0
0
0
0
0
0
0
0
0
0
0
0
0
0
0
0
0
0
0
0
0
0
0
0
0
0
0
0
0
0
0
0
0
0
0
0
0
0
0
0
0
0
0
0
0
0
0
0
0
0
0
0
0
0
0
0
0
0
0
0
0
0
0
0
0
0
0
0
0
0
0
0
0
0
0
0
0
0
0
0
0
0
0
0
0
0
0
0
0
0
0
0
0
0
0
0
0
0
0
0
0
0
0
0
0
0
0
0
0
0
0
0
0
0
0
0
0
0
0
0
0
0
0
0
0
0
0
0
0
0
0
0
0
0
0
0
0
0
0
0
0
0
0
0
0
0
0
0
0
0
0
0
0
0
0
0
0
0
0
0
0
0
0
0
0
0
0
0
0
0
0
0
0
0
0
0
0
0
0
0
0
0
0
0
0
0
0
0
0
0
0
0
0
0
0
0
0
0
0
0
0
