-41
1438
-3952
-816
-2784
-3530
-3573
-164
2270
-3778
-903
-3765
-3267
-313
-22
2093
-301
449
-1296
-3221
-1656
-3477
-14891
-238
895
-2508
-3838
-3192
-4027
-18497
3
785
-4
1750
-3082
62
-4928
-3351
-3154
-172
2395
-3484
719
-5516
-4115
-2860
-104
1557
-223
-216
-2858
-1983
-22
-3025
-17946
-288
-1496
-3482
-4036
-2004
-4324
-16175
-100
-1124
-146
253
-2991
4975
-3181
-2080
-2355
-296
404
-4398
6628
-3661
-4309
-4707
-81
250
-78
-356
-4301
-2008
-3650
-2328
-17643
-293
-630
-6098
-4141
-5409
-4353
-11893
-113
-726
-251
-371
-3482
5392
-2870
-1733
-2229
-308
-330
-3870
6595
-2374
-3153
-4018
103
-35
-23
-205
-3837
-2859
-3055
-1979
-20095
-206
-232
-5646
-2703
-3774
-3200
-20750
-46
39
-201
-448
-3448
4114
-4105
-1904
-2725
-212
-399
-4053
4115
-2349
-3608
-3464
14
118
-56
114
-2749
-3521
-2686
-2443
-12724
-106
-560
-5404
-3157
-3584
-3676
-12086
17
-29
-185
7
-2119
1836
-2413
-1546
-1761
-150
192
-2934
1263
-1102
-2976
-2132
39
744
-43
-517
-1568
-1885
-1699
-1470
-16106
-131
-26
-3789
-2427
-2774
-2793
-14532
14
602
-268
-90
-1210
48
-802
-841
-1114
-263
192
-1686
-591
-668
-1635
-1774
-95
933
-39
-541
-1053
-1378
-1137
-939
-16055
-53
-396
-2091
-636
-1155
-1674
-15527
21
-109
-273
-17
-874
119
-482
-1042
-1293
-223
567
-1231
-1199
-13
-1776
-717
-201
608
-61
-456
-1507
-1711
-1470
-1212
-15099
-105
-641
-2837
-257
-2227
-1990
-15472
87
-1361
122
-206
-3970
72
-4285
-4381
-4574
-52
-677
-5910
-1695
-7395
-6901
283
81
-530
-233
2023
-2200
-5487
-2150
-4423
-20553
-216
1282
-6013
-7089
-6367
-7428
-14935
-126
715
-5
1096
-4904
-1306
-6656
-4777
-4456
-156
62
-5316
-1097
-7336
-6013
-2248
-49
99
-135
657
-3526
-4303
2931
-4242
-20505
-39
-1074
-4441
-5754
-2375
-6127
-17035
116
-985
6
3167
-4369
-2275
-6234
-4635
-4706
-200
2911
-2930
1158
-5424
-3467
-4163
56
2391
-114
-474
-4520
-2158
667
-4653
-18446
-21
-70
-4403
-4028
-1139
-4248
-23764
100
766
-272
2117
-3493
2962
-3547
-2599
-3089
-340
1586
-4347
5502
-5208
-4226
-5164
62
1116
-208
-591
-4094
-3397
-2984
-3148
-14512
-91
-1816
-5968
-4726
-4205
-4678
-10765
107
-1516
-189
955
-2697
2156
-2417
-1183
-1827
-230
679
-3677
2370
-2291
-3205
-2480
150
480
-37
918
-1954
-2629
-2435
-1803
-21620
-78
-1044
-4005
-3185
-3928
-3390
-19506
67
-1002
-70
1338
-1767
243
-2069
-1549
-1910
-23
426
-2316
463
-1965
-2848
-736
128
364
128
33
-1838
-2424
-1222
-1740
-16768
-103
-922
-4184
-3028
-2560
-2436
-17267
53
-387
-46
1306
-1550
-210
-389
-172
-584
-5
578
-2021
-545
-1208
-1926
171
-8
972
28
-595
-495
-1312
29
-490
-22625
-253
-205
-2205
-1460
-1336
-1376
-21792
-58
-3
-125
-169
-1003
-305
159
-1457
-1391
-20
462
-1527
-1315
-1253
-2638
165
-61
353
-162
-1119
-1817
-2103
-373
-1253
-17190
-213
-1031
-3373
-853
-2056
-1958
-16183
44
-1849
189
-607
-2470
220
-2783
-1276
-2779
3
-1762
-3247
214
-4439
-3862
-168
-7
-1196
-210
1484
-3271
-3052
-790
-2656
-24784
-382
1960
-5134
-3673
-4495
-4177
-22677
-207
2080
182
-83
-4438
-324
-5225
-3575
-3902
4
-1431
-5173
126
-6893
-5849
-1694
-18
114
-188
1858
-4174
-3572
1334
-3853
-20657
-88
557
-6367
-5793
-3561
-5806
-14888
12
-801
225
1922
-7825
-7168
-10293
-7027
-6718
18
922
-4548
-3599
-8000
-4531
-4853
92
1386
2
2012
-4145
-1949
4179
-6652
-11837
189
1116
-2724
-5016
2873
-5313
-21243
205
1000
329
7207
-6533
-5172
-5290
-5943
-5346
-142
3507
-7221
-2877
-8438
-6194
-6990
37
2172
47
-2029
-1307
-889
-2571
-5436
-29251
35
-1120
-1628
-5981
-926
-7407
-24431
87
256
-86
2913
-4913
-1127
-1534
-4155
-3595
-216
2975
-6619
-344
-5594
-5230
-2537
66
1990
-78
157
-1174
-3238
-3713
-3591
-23467
19
-792
-3236
-4599
-4637
-5480
-19645
125
-852
90
1105
-2430
-720
-1473
-882
-3049
8
-19
-1990
736
-2496
-2123
-2098
203
404
116
662
-4111
-4435
-2006
-2915
-13375
-53
-1542
-4967
-3665
-2825
-1960
-16794
124
-443
70
489
-1558
444
-1251
588
-1150
-98
-178
-2242
494
-2093
-1754
-836
56
201
210
-857
-1340
-2933
-478
-911
-18851
-117
-458
-2493
-2058
-2547
-1481
-18331
101
321
63
-351
-1405
715
-869
-1363
-1609
-80
-276
-2079
437
-2777
-2572
-528
37
-309
-2
-1420
-1730
-2381
-713
-1339
-18493
-314
-619
-3239
-1089
-2483
-2000
-18110
51
-889
237
-23
-2216
1041
-2016
47
-1879
-56
133
-2926
2939
-3245
-2570
-2878
-208
-114
-20
249
-2907
-1067
-2566
-1855
-18509
-327
720
-3828
-3152
-4306
-2714
-15750
-223
677
229
375
-4039
-1342
-3359
-1435
-3420
-44
-282
-4737
853
-4394
-3960
-5110
43
-299
-222
2080
-3291
-1901
-2500
-3432
-22146
-224
1113
-3904
-5097
-4586
-4249
-17543
-81
797
396
-276
-7793
-7931
-8892
-7100
-6429
75
-1795
-5684
-4298
-5771
-5416
-5830
0
-85
83
5696
-2650
1380
-84
-6280
-12992
152
2812
-2822
-5971
869
-5708
-18045
250
1250
504
-209
-9078
-7471
-8790
-7780
-6677
460
-414
-6734
-4024
-4366
-6011
-6403
-171
114
131
-534
-3986
6403
-4327
-6437
-14464
371
530
-3926
-5934
-973
-6534
-19122
388
893
291
699
-6664
-5628
-4630
-7560
-6397
15
212
-6775
-2856
-4011
-5984
-4845
-117
-100
0
-5508
-5369
2124
-3984
-6374
-16336
22
-2501
-5771
-6178
-3815
-6053
-17685
146
-1171
163
747
-2169
-1009
-1522
-953
-2271
28
-113
-3942
-1340
-2146
-4174
-2847
-86
278
4
-60
-3490
-2142
-2131
-2288
-20620
-25
-2769
-4376
-5146
-4420
-3603
-12292
152
-2428
73
-99
-2273
687
-3157
1264
-1527
-76
353
-3105
-270
-3015
-1660
-762
25
399
177
-290
-1861
-3184
227
-1364
-17894
-134
-784
-2809
-2900
-3111
-2659
-15099
135
217
81
392
-2440
1131
-2644
-1014
-1818
-88
251
-2894
1253
-3354
-2218
-982
59
-987
56
-1314
-1325
-2287
-446
-1593
-18968
-311
-259
-2290
-1642
-3203
-2203
-19925
43
-467
-39
-302
-4984
2747
-2584
-2439
-3483
-231
1013
-5722
5177
-4822
-3431
-3968
-175
613
-132
447
-3972
-2998
-3777
-3385
-19922
-266
147
-5255
-4351
-5190
-3758
-21139
-221
-341
109
-240
-4671
2613
-3268
-2508
-3548
-289
996
-6823
4558
-5755
-5050
-6495
-108
191
-7
575
-3768
-3622
-3503
-3566
-18279
-210
-276
-4710
-5839
-6374
-4593
-11080
-152
602
225
-1331
-4443
-2856
-5054
-4427
-3982
-159
-747
-6493
-1201
-5280
-6387
-7401
-39
390
41
1542
-2219
-786
-1611
-4107
-20424
-174
177
-2162
-6863
-2993
-5401
-10674
-26
-546
450
-5739
-6457
-4260
-6835
-7104
-5630
132
-2406
-7814
-4155
-5508
-7320
-4121
-209
-141
47
1612
-4158
3481
-1789
-5148
-26558
34
2102
-6049
-7739
-2884
-6466
-18339
202
1224
384
-511
-6668
-4341
-7517
-8438
-6569
168
-609
-5084
-2765
-4476
-5499
-3933
-127
-494
-98
-1806
-4112
1739
-2621
-6459
-12310
-44
-516
-4477
-4915
-2358
-5304
-19792
138
161
216
-484
-3752
-1061
-2934
-3352
-3862
173
-775
-3840
-55
-1043
-4044
-3254
-125
-494
-84
-1632
-4006
-2257
-2572
-3952
-16929
-64
-2965
-4482
-4624
-4836
-3465
-18881
119
-2120
-82
-100
-2085
268
-3973
-728
-2186
-97
895
-3503
-1335
-3671
-3140
-544
20
426
40
527
-2808
-3773
1859
-2155
-17605
-98
-713
-4950
-3809
-2460
-3232
-13392
161
38
-31
-136
-2157
121
-3297
-1587
-2033
-95
-68
-2269
-377
-3188
-2453
78
107
-1840
-23
-707
-2220
-2842
1610
-1882
-19623
-274
-477
-2883
-1416
-2183
-2383
-22152
13
-766
-320
-935
-5026
2502
-2815
-4346
-4388
-332
-326
-5504
3441
-6136
-4156
-3666
-89
-608
-293
578
-4674
-4722
-3033
-4372
-17385
-168
1898
-5925
-4319
-4900
-3919
-19796
52
1666
-268
-1252
-7091
6555
-3561
-4643
-5583
-592
34
-8556
8190
-8437
-5762
-7381
-136
-191
-80
163
-6706
-6586
-6208
-5540
-13888
-57
-2298
-8355
-6418
-9273
-5083
-10331
73
-2356
-79
-1476
-4000
580
-3455
-2974
-4162
-609
-408
-5449
1721
-6427
-4494
-6610
-186
-395
183
1594
-2676
-4563
-3959
-3998
-14409
-77
-276
-2543
-4953
-6810
-3601
-9393
142
-276
-14
-1025
-3579
-3831
-2903
-4503
-4256
-265
345
-3977
-3206
-5640
-4262
-3746
-59
981
52
1300
95
-2352
-3383
-3925
-22712
96
1210
-1876
-4358
-3575
-3090
-22629
322
326
4
-1429
-5472
-4980
-4740
-6993
-5681
-143
-553
-5225
-4800
-5998
-5462
-3429
-36
332
-110
-1856
1638
-3674
-2899
-5511
-17433
-4
-863
-330
-4593
-3843
-4046
-21107
246
-172
39
-1048
-3665
361
-932
-3306
-2844
18
-1871
-4476
1608
-2357
-4173
-3537
-74
-640
-92
-2046
-2313
-3068
-1712
-2810
-22242
-223
-2462
-3874
-3629
-4243
-1991
-20737
-16
-1853
-196
-1009
-1405
490
-1191
-975
-1813
-120
-402
-2271
-109
-2329
-2397
-1377
-74
-721
-90
579
-2913
-3259
452
-1701
-12808
-72
150
-3992
-2667
-2827
-1490
-12272
3
-70
-95
-1061
-892
-734
-3294
-1213
-2208
-173
-196
-972
-1811
-2747
-2450
-774
31
-228
-163
-517
-3182
-3135
1400
-1957
-21101
-242
-720
-3220
-1715
-3434
-2117
-22747
-51
-1015
-502
-1697
-2467
18
-1377
-2748
-3241
-503
-2982
-2537
42
-3528
-2537
-2718
-303
-2038
-167
769
-3643
-3691
-2322
-3336
-16202
-13
1561
-4324
-2377
-3237
-3101
-19265
162
1208
-709
-2719
-5314
1616
-1462
-2836
-3721
-806
-3715
-7105
1808
-5529
-3669
-5218
-289
-3800
-42
186
-3418
-4050
-4084
-3606
-20968
176
-529
-4633
-3849
-5999
-3960
-15576
280
35
-446
-3004
-3412
-1440
-1975
-435
-2430
-745
-2977
-3307
-589
-3282
-466
-4449
-382
-2980
314
387
-1482
-2102
-1682
-2116
-18828
158
-675
-1075
-976
-3242
-760
-18883
270
-400
-517
-2732
-1929
-2267
-2937
-1467
-2779
-602
-2860
-1837
-1918
-4270
-1573
-5290
-212
-2174
153
229
-1154
-2742
-1145
-2435
-18001
272
564
-1517
-2570
-1532
-1873
-17404
329
640
-419
-3010
-4227
-2641
-2934
-3743
-4426
-314
-3791
-3852
-2889
-4465
-2824
-3077
-105
-2380
-163
-1646
635
-3857
-3896
-4155
-17348
49
-1014
150
-2659
-4520
-2776
-23199
259
-717
-326
-1629
-2804
453
-73
-1888
-2185
-231
-2354
-4132
149
-2599
-2918
-2515
-138
-1446
-186
-2482
-1896
-2507
-2437
-2036
-17627
-387
-1772
-2260
-2359
-4574
-2381
-15821
-161
-1645
-499
-1370
-1117
-144
1198
-170
-1322
-351
-1222
-1701
-797
-1336
-1173
-225
-232
-946
-73
654
-2434
-2102
-1486
-1017
-17478
-158
1207
-2682
-1444
-3646
-957
-19007
-81
85
-402
-996
763
-1864
-1576
-1347
-2354
-409
-312
759
-3549
-2304
-2429
-971
-204
-134
-293
-59
-3038
-2927
-751
-2068
-21242
-69
227
-2687
-2108
-4913
-2685
-22199
89
-27
-156
-247
-1485
-1107
-218
-113
-1502
-179
-79
-903
-545
-1314
-746
-1966
-166
97
-258
-135
-2600
-1683
-865
-1422
-13603
-137
38
-2864
-1368
-834
-1639
-15638
0
-534
-292
-988
-2989
-2175
-293
-155
-1915
-288
-482
-1929
-1092
-901
-125
-3098
-153
-1263
-217
-516
-1821
-2264
-514
-1777
-11439
-85
-514
-1538
-1445
44
-1191
-15082
89
-216
-112
-1297
-2282
-2710
-1701
-25
-1505
-239
-368
-1254
-1894
-1716
-231
-3033
-200
-1225
-129
-948
-990
-1971
768
-1302
-17524
-268
-1169
105
-1174
-643
-301
-21891
-45
-1273
-41
-1103
-1610
-1855
-1920
640
-1112
-184
-278
-1372
-1314
-2116
-581
-3158
-222
-1016
-156
-18
-968
-1805
928
-922
-15579
-206
-346
-564
-2096
-700
-819
-15203
-41
37
-120
-505
-1448
-1254
-1004
333
-941
-184
-824
-1175
-1549
-1655
-795
-1622
-237
-1501
-292
-595
-708
-1548
-185
-867
-18096
-212
-662
-206
-1117
-2041
-1222
-18671
-24
-262
-171
-702
-1994
-964
-588
-667
-1279
-230
-756
-1875
-1335
-2279
-1568
-634
-260
-1276
-203
-767
-1624
-1930
24
-1163
-16436
-417
-303
-1120
-853
-2162
-1685
-18414
-208
-160
-324
-414
-1590
-1515
490
-950
-1400
-379
-8
-1732
-2392
-2524
-1827
85
-315
-291
-69
1005
-1750
-2510
-242
-1253
-16432
-152
1020
-2289
-1407
-1996
-1820
-17510
-77
531
-279
-544
-259
-1996
-669
-1862
-2211
-480
-934
-226
-3898
-3030
-3253
38
-264
-1454
-240
-105
-2690
-3179
-849
-2127
-17127
-137
365
-3911
-2646
-3923
-3385
-15346
116
577
0
0
0
0
0
0
0
0
0
0
0
-2068
-900
-2575
-1802
-1797
0
0
0
0
0
0
0
0
0
0
0
502
-2061
-815
-1763
-19534
0
0
0
0
0
0
0
0
0
0
0
-2254
-740
-3892
-1390
-1844
0
0
0
0
0
0
0
0
0
0
0
-1592
-128
11
-1840
-18780
0
0
0
0
0
0
0
0
0
0
0
-2073
1294
-2974
-81
-1576
0
0
0
0
0
0
0
0
0
0
0
-2894
28
-2256
-1643
-15169
0
0
0
0
0
0
0
0
0
0
0
-2331
1511
-1816
-502
-1807
0
0
0
0
0
0
0
0
0
0
0
-3041
-991
-2107
-1808
-17209
0
0
0
0
0
0
0
0
0
0
0
-2638
1519
-2084
-658
-1665
0
0
0
0
0
0
0
0
0
0
0
-1539
-2092
-1008
-1729
-13595
0
0
0
0
0
0
0
0
0
0
0
-2059
321
-1580
-809
-1292
0
0
0
0
0
0
0
0
0
0
0
-788
-1278
-495
-1300
-14905
0
0
0
0
0
0
0
0
0
0
0
-1482
-843
-460
-464
-1018
0
0
0
0
0
0
0
0
0
0
0
-512
-690
-560
-843
-14659
0
0
0
0
0
0
0
0
0
0
0
-1492
-807
6
-585
-1209
0
0
0
0
0
0
0
0
0
0
0
-574
-1040
-1449
-1053
-13549
0
0
0
0
0
0
0
0
0
0
0
-2508
-964
-4425
-2728
-3282
0
0
0
0
0
0
0
0
0
0
0
-683
-4733
-816
-3132
-19512
0
0
0
0
0
0
0
0
0
0
0
-2178
-2337
-6231
-3857
-3639
0
0
0
0
0
0
0
0
0
0
0
-2920
-3724
2460
-3534
-16576
0
0
0
0
0
0
0
0
0
0
0
-2503
-2330
-5649
-2870
-3266
0
0
0
0
0
0
0
0
0
0
0
-3756
298
748
-2998
-22456
0
0
0
0
0
0
0
0
0
0
0
-1171
758
-2132
-1635
-1625
0
0
0
0
0
0
0
0
0
0
0
-3081
-853
-687
-1480
-17663
0
0
0
0
0
0
0
0
0
0
0
-2584
-217
-1635
-985
-2125
0
0
0
0
0
0
0
0
0
0
0
-2222
-1077
-1782
-2032
-17591
0
0
0
0
0
0
0
0
0
0
0
-2640
-305
-1835
734
-1299
0
0
0
0
0
0
0
0
0
0
0
-813
-1394
-900
-1270
-17589
0
0
0
0
0
0
0
0
0
0
0
-2774
-1499
-1475
1455
-1443
0
0
0
0
0
0
0
0
0
0
0
-549
-1011
-1380
-1361
-16153
0
0
0
0
0
0
0
0
0
0
0
-1180
-227
270
-143
-540
0
0
0
0
0
0
0
0
0
0
0
144
-837
-930
-549
-18129
0
0
0
0
0
0
0
0
0
0
0
-1251
-2092
-3834
777
-2665
0
0
0
0
0
0
0
0
0
0
0
-3005
-3162
-1636
-2631
-20126
0
0
0
0
0
0
0
0
0
0
0
-2152
-1731
-5088
-1405
-2831
0
0
0
0
0
0
0
0
0
0
0
-3176
-2857
904
-2627
-20982
0
0
0
0
0
0
0
0
0
0
0
-5482
-6326
-8826
-5793
-5432
0
0
0
0
0
0
0
0
0
0
0
-5106
2368
452
-5250
-16634
0
0
0
0
0
0
0
0
0
0
0
-3809
-6148
-5862
-5457
-4992
0
0
0
0
0
0
0
0
0
0
0
-4802
4417
-4692
-4595
-27704
0
0
0
0
0
0
0
0
0
0
0
-2460
-2027
-1896
-2165
-2422
0
0
0
0
0
0
0
0
0
0
0
-2723
792
-2963
-2256
-26735
0
0
0
0
0
0
0
0
0
0
0
-3473
-1462
-1806
1867
-2654
0
0
0
0
0
0
0
0
0
0
0
-3597
-3533
-1940
-2539
-14308
0
0
0
0
0
0
0
0
0
0
0
-3203
-974
-2231
3340
-1606
0
0
0
0
0
0
0
0
0
0
0
-1314
-2905
-1177
-1509
-14837
0
0
0
0
0
0
0
0
0
0
0
-1105
17
-671
667
-411
0
0
0
0
0
0
0
0
0
0
0
-110
-593
-725
-321
-21117
0
0
0
0
0
0
0
0
0
0
0
-1577
-1940
-3070
1761
-2128
0
0
0
0
0
0
0
0
0
0
0
-3500
-100
-3506
-2136
-13749
0
0
0
0
0
0
0
0
0
0
0
-2592
-2583
-2903
446
-2152
0
0
0
0
0
0
0
0
0
0
0
-3144
447
-3517
-2218
-25545
0
0
0
0
0
0
0
0
0
0
0
-7208
-7818
-8989
-6708
-6390
0
0
0
0
0
0
0
0
0
0
0
-4822
5189
-4592
-6477
-13401
0
0
0
0
0
0
0
0
0
0
0
-14066
-13748
-14199
-14468
-14012
0
0
0
0
0
0
0
0
0
0
0
-11746
10246
-11723
-13999
22124
0
0
0
0
0
0
0
0
0
0
0
-5917
-5287
-5260
-6240
-5037
0
0
0
0
0
0
0
0
0
0
0
-5302
6487
-5684
-4733
-23892
0
0
0
0
0
0
0
0
0
0
0
-3654
-2591
-1562
611
-3043
0
0
0
0
0
0
0
0
0
0
0
-4551
-711
-3388
-2870
-15291
0
0
0
0
0
0
0
0
0
0
0
-2756
-681
-2488
2970
-1663
0
0
0
0
0
0
0
0
0
0
0
-2113
-3133
-621
-1548
-15305
0
0
0
0
0
0
0
0
0
0
0
-1575
-296
-1920
584
-951
0
0
0
0
0
0
0
0
0
0
0
-351
-1247
-446
-916
-19932
0
0
0
0
0
0
0
0
0
0
0
-2661
-523
-2969
-1360
-2727
0
0
0
0
0
0
0
0
0
0
0
-3745
-654
-2458
-2658
-18910
0
0
0
0
0
0
0
0
0
0
0
-2726
-354
-1727
-1153
-2060
0
0
0
0
0
0
0
0
0
0
0
-3445
-408
-2837
-2203
-19299
0
0
0
0
0
0
0
0
0
0
0
-4367
-4277
-3966
-3563
-3703
0
0
0
0
0
0
0
0
0
0
0
-3225
2400
-3988
-3666
-18224
0
0
0
0
0
0
0
0
0
0
0
-6640
-4840
-6992
-7336
-5843
0
0
0
0
0
0
0
0
0
0
0
-4589
5746
-5796
-5814
-22333
0
0
0
0
0
0
0
0
0
0
0
-5914
-4388
-7293
-8016
-5873
0
0
0
0
0
0
0
0
0
0
0
-3566
4762
-5461
-5451
-14173
0
0
0
0
0
0
0
0
0
0
0
-4178
-1925
-2527
-1155
-3069
0
0
0
0
0
0
0
0
0
0
0
-2822
-643
-2315
-2863
-19413
0
0
0
0
0
0
0
0
0
0
0
-2385
-163
-2105
785
-1524
0
0
0
0
0
0
0
0
0
0
0
-1954
-3300
1828
-1277
-18459
0
0
0
0
0
0
0
0
0
0
0
-1935
-1301
-3057
-78
-1947
0
0
0
0
0
0
0
0
0
0
0
-1671
-2893
1439
-1854
-16407
0
0
0
0
0
0
0
0
0
0
0
-2538
366
-2252
-3784
-2507
0
0
0
0
0
0
0
0
0
0
0
-2583
-1797
-557
-2459
-21197
0
0
0
0
0
0
0
0
0
0
0
-2681
2711
-2004
-3802
-2487
0
0
0
0
0
0
0
0
0
0
0
-4558
-2480
-1484
-2547
-20771
0
0
0
0
0
0
0
0
0
0
0
-2596
-975
-1762
-1629
-2135
0
0
0
0
0
0
0
0
0
0
0
-2280
-1366
-2124
-2137
-19462
0
0
0
0
0
0
0
0
0
0
0
-4486
-3527
-2429
-5023
-4177
0
0
0
0
0
0
0
0
0
0
0
94
-1260
-4264
-4148
-20138
0
0
0
0
0
0
0
0
0
0
0
-3045
-3940
-3931
-5880
-4275
0
0
0
0
0
0
0
0
0
0
0
2186
-2156
-4787
-4066
-19539
0
0
0
0
0
0
0
0
0
0
0
-1840
-663
-939
-811
-1868
0
0
0
0
0
0
0
0
0
0
0
-630
-1637
-2163
-1680
-24272
0
0
0
0
0
0
0
0
0
0
0
-1515
381
-296
-134
-1125
0
0
0
0
0
0
0
0
0
0
0
-1574
-3020
1330
-998
-13623
0
0
0
0
0
0
0
0
0
0
0
-2371
-1564
-2656
91
-2427
0
0
0
0
0
0
0
0
0
0
0
-2099
-4014
1113
-2342
-16153
0
0
0
0
0
0
0
0
0
0
0
-1582
-739
-1198
-2705
-1889
0
0
0
0
0
0
0
0
0
0
0
-1467
-1679
-417
-1650
-19864
0
0
0
0
0
0
0
0
0
0
0
-2027
-398
-780
-3391
-2150
0
0
0
0
0
0
0
0
0
0
0
-2762
-2055
-1256
-2147
-23057
0
0
0
0
0
0
0
0
0
0
0
-2199
-2677
-2245
-2665
-2142
0
0
0
0
0
0
0
0
0
0
0
-2380
-430
-305
-2209
-17970
0
0
0
0
0
0
0
0
0
0
0
-1725
-2954
-2837
-4642
-3070
0
0
0
0
0
0
0
0
0
0
0
-1127
-2469
-471
-2984
-12813
0
0
0
0
0
0
0
0
0
0
0
-1229
-2608
-2571
-5136
-3387
0
0
0
0
0
0
0
0
0
0
0
969
-3744
-3332
-3356
-16919
0
0
0
0
0
0
0
0
0
0
0
-610
265
611
-1720
-1034
0
0
0
0
0
0
0
0
0
0
0
-740
-1185
-1677
-1025
-20095
0
0
0
0
0
0
0
0
0
0
0
-913
367
1918
-680
-812
0
0
0
0
0
0
0
0
0
0
0
-1158
-1786
-874
-797
-17716
0
0
0
0
0
0
0
0
0
0
0
-1628
-1077
-814
-1104
-1886
0
0
0
0
0
0
0
0
0
0
0
-804
-3052
-459
-1711
-18667
0
0
0
0
0
0
0
0
0
0
0
-1627
-1176
-237
-696
-1155
0
0
0
0
0
0
0
0
0
0
0
-853
-1161
-290
-1048
-14148
0
0
0
0
0
0
0
0
0
0
0
-2132
-2251
77
-1517
-1419
0
0
0
0
0
0
0
0
0
0
0
-912
-1535
-67
-1307
-12507
0
0
0
0
0
0
0
0
0
0
0
-1782
-2168
-1322
-848
-1162
0
0
0
0
0
0
0
0
0
0
0
-435
-1024
957
-969
-18538
0
0
0
0
0
0
0
0
0
0
0
-768
-1623
-1126
-752
-865
0
0
0
0
0
0
0
0
0
0
0
26
-1831
682
-870
-15120
0
0
0
0
0
0
0
0
0
0
0
-214
-1451
-552
-894
-997
0
0
0
0
0
0
0
0
0
0
0
-103
-2136
-453
-1039
-15851
0
0
0
0
0
0
0
0
0
0
0
-654
-585
526
-881
-819
0
0
0
0
0
0
0
0
0
0
0
-903
-1184
-451
-847
-17278
0
0
0
0
0
0
0
0
0
0
0
-1519
-940
1637
-1483
-1209
0
0
0
0
0
0
0
0
0
0
0
-919
-2083
-410
-1235
-15787
0
0
0
0
0
0
0
0
0
0
0
-1959
-1580
-139
-1776
-1960
0
0
0
0
0
0
0
0
0
0
0
-795
-3227
-590
-1885
-14928
0
0
0
0
0
0
0
0
0
0
0
0
0
0
0
0
0
0
0
0
0
0
0
0
0
0
0
0
0
0
0
0
0
0
0
0
0
0
0
0
0
0
0
0
0
0
0
0
0
0
0
0
0
0
0
0
0
0
0
0
0
0
0
0
0
0
0
0
0
0
0
0
0
0
0
0
0
0
0
0
0
0
0
0
0
0
0
0
0
0
0
0
0
0
0
0
0
0
0
0
0
0
0
0
0
0
0
0
0
0
0
0
0
0
0
0
0
0
0
0
0
0
0
0
0
0
0
0
0
0
0
0
0
0
0
0
0
0
0
0
0
0
0
0
0
0
0
0
0
0
0
0
0
0
0
0
0
0
0
0
0
0
0
0
0
0
0
0
0
0
0
0
0
0
0
0
0
0
0
0
0
0
0
0
0
0
0
0
0
0
0
0
0
0
0
0
0
0
0
0
0
0
0
0
0
0
0
0
0
0
0
0
0
0
0
0
0
0
0
0
0
0
0
0
0
0
0
0
0
0
0
0
0
0
0
0
0
0
0
0
0
0
0
0
0
0
0
0
0
0
0
0
0
0
0
0
0
0
0
0
0
0
0
0
0
0
0
0
0
0
0
0
0
0
0
0
0
0
0
0
0
0
0
0
0
0
0
0
0
0
0
0
0
0
0
0
0
0
0
0
0
0
0
0
0
0
0
0
0
0
0
0
0
0
0
0
0
0
0
0
0
0
0
0
0
0
0
0
0
0
0
0
0
0
0
0
0
0
0
0
0
0
0
0
0
0
0
0
0
0
0
0
0
0
0
0
0
0
0
0
0
0
0
0
0
0
0
0
0
0
0
0
0
0
0
0
0
0
0
0
0
0
0
0
0
0
0
0
0
0
0
0
0
0
0
0
0
0
0
0
0
0
0
0
0
0
0
0
0
0
0
0
0
0
0
0
0
0
0
0
0
0
0
0
0
0
0
0
0
0
0
0
0
0
0
0
0
0
0
0
0
0
0
0
0
0
0
0
0
0
0
0
0
0
0
0
0
0
0
0
0
0
0
0
0
0
0
0
0
0
0
0
0
0
0
0
0
0
0
0
0
0
0
0
0
0
0
0
0
0
0
0
0
0
0
0
0
0
0
0
0
0
0
0
0
0
0
0
0
0
0
0
0
0
0
0
0
0
0
0
0
0
0
0
0
0
0
0
0
0
0
0
0
0
0
0
0
0
0
0
0
0
0
0
0
0
0
0
0
0
0
0
0
0
0
0
0
0
0
0
0
0
0
0
0
0
0
0
0
0
0
0
0
0
0
0
0
0
0
0
0
0
0
0
0
0
0
0
0
0
0
0
0
0
0
0
0
0
0
0
0
0
0
0
0
0
0
0
0
0
0
0
0
0
0
0
0
0
0
0
0
0
0
0
0
0
0
0
0
0
0
0
0
0
0
0
0
0
0
0
0
0
0
0
0
0
0
0
0
0
0
0
0
0
0
0
0
0
0
0
0
0
0
0
0
0
0
0
0
0
0
0
0
0
0
0
0
0
0
0
0
0
0
0
0
0
0
0
0
0
0
0
0
0
0
0
0
0
0
0
0
0
0
0
0
0
0
0
0
0
0
0
0
0
0
0
0
0
0
0
0
0
0
0
0
0
0
0
0
0
0
0
0
0
0
0
0
0
0
0
0
0
0
0
0
0
0
0
0
0
0
0
0
0
0
0
0
0
0
0
0
0
0
0
0
0
0
0
0
0
0
0
0
0
0
0
0
0
0
0
0
0
0
0
0
0
0
0
0
0
0
0
0
0
0
0
0
0
0
0
0
0
0
0
0
0
0
0
0
0
0
0
0
0
0
0
0
0
0
0
0
0
0
0
0
0
0
0
0
0
0
0
0
0
0
0
0
0
0
0
0
0
0
0
0
0
0
0
0
0
0
0
0
0
0
0
0
0
0
0
0
0
0
0
0
0
0
0
0
0
0
0
0
0
0
0
0
0
0
0
0
0
0
0
0
0
0
0
0
0
0
0
0
0
0
0
0
0
0
0
0
0
0
0
0
0
0
0
0
0
0
0
0
0
0
0
0
0
0
0
0
0
0
0
0
0
0
0
0
0
0
0
0
0
0
0
0
0
0
0
0
0
0
0
0
0
0
0
0
0
0
0
0
0
0
0
0
0
0
0
0
0
0
0
0
0
0
0
0
0
0
0
0
0
0
0
0
0
0
0
0
0
0
0
0
0
0
0
0
0
0
0
0
0
0
0
0
0
0
0
0
0
0
0
0
0
0
0
0
0
0
0
0
0
0
0
0
0
0
0
0
0
0
0
0
0
0
0
0
0
0
0
0
0
0
0
0
0
0
0
0
0
0
0
0
0
0
0
0
0
0
0
0
0
0
0
0
0
0
0
0
0
0
0
0
0
0
0
0
0
0
0
0
0
0
0
0
0
0
0
0
0
0
0
0
0
0
0
0
0
0
0
0
0
0
0
0
0
0
0
0
0
0
0
0
0
0
0
0
0
0
0
0
0
0
0
0
0
0
0
0
0
0
0
0
0
0
0
0
0
0
0
0
0
0
0
0
0
0
0
0
0
0
0
0
0
0
0
0
0
0
0
0
0
0
0
0
0
0
0
0
0
0
0
0
0
0
0
0
0
0
0
0
0
0
0
0
0
0
0
0
0
0
0
0
0
0
0
0
0
0
0
0
0
0
0
0
0
0
0
0
0
0
0
0
0
0
0
0
0
0
0
0
0
0
0
0
0
0
0
0
0
0
0
0
0
0
0
0
0
0
0
0
0
0
0
0
0
0
0
0
0
0
0
0
0
0
0
0
0
0
0
0
0
0
0
0
0
0
0
0
0
0
0
0
0
0
0
0
0
0
0
0
0
0
0
0
0
0
0
0
0
0
0
0
0
0
0
0
0
0
0
0
0
0
0
0
0
0
0
0
0
0
0
0
0
0
0
0
0
0
0
0
0
0
0
0
0
0
0
0
0
0
0
0
0
0
0
0
0
0
0
0
0
0
0
0
0
0
0
0
0
0
0
0
0
0
0
0
0
0
0
0
0
0
0
0
0
0
0
0
0
0
0
0
0
0
0
0
0
0
0
0
0
0
0
0
0
0
0
0
0
0
0
0
0
0
0
0
0
0
0
0
0
0
0
0
0
0
0
0
0
0
0
0
0
0
0
0
0
0
0
0
0
0
0
0
0
0
0
0
0
0
0
0
0
0
0
0
0
0
0
0
0
0
0
0
0
0
0
0
0
0
0
0
0
0
0
0
0
0
0
0
0
0
0
0
0
0
0
0
0
0
0
0
0
0
0
0
0
0
0
0
0
0
0
0
0
0
0
0
0
0
0
0
0
0
0
0
0
0
0
0
0
0
0
0
0
0
0
0
0
0
0
0
0
0
0
0
0
0
0
0
0
0
0
0
0
0
0
0
0
0
0
0
0
0
0
0
0
0
0
0
0
0
0
0
0
0
0
0
0
0
0
0
0
0
0
0
0
0
0
0
0
0
0
0
0
0
0
0
0
0
0
0
0
0
0
0
0
0
0
0
0
0
0
0
0
0
0
0
0
0
0
0
0
0
0
0
0
0
0
0
0
0
0
0
0
0
0
0
0
0
0
0
0
0
0
0
0
0
0
0
0
0
0
0
0
0
0
0
0
0
0
0
0
0
0
0
0
0
0
0
0
0
0
0
0
0
0
0
0
0
0
0
0
0
0
0
0
0
0
0
0
0
0
0
0
0
0
0
0
0
0
0
0
0
0
0
0
0
0
0
0
0
0
0
0
0
0
0
0
0
0
0
0
0
0
0
0
0
0
0
0
0
0
0
0
0
0
0
0
0
0
0
0
0
0
0
0
0
0
0
0
0
0
0
0
0
0
0
0
0
0
0
0
0
0
0
0
0
0
0
0
0
0
0
0
0
0
0
0
0
0
0
0
0
0
0
0
0
0
0
0
0
0
0
0
0
0
0
0
0
0
0
0
0
0
0
0
0
0
0
0
0
0
0
0
0
0
0
0
0
0
0
0
0
0
0
0
0
0
0
0
0
0
0
0
0
0
0
0
0
0
0
0
0
0
0
0
0
0
0
0
0
0
0
0
0
0
0
0
0
0
0
0
0
0
0
0
0
0
0
0
0
0
0
0
0
0
0
0
0
0
0
0
0
0
0
0
0
0
0
0
0
0
0
0
0
0
0
0
0
0
0
0
0
0
0
0
0
0
0
0
0
0
0
0
0
0
0
0
0
0
0
0
0
0
0
0
0
0
0
0
0
0
0
0
0
0
0
0
0
0
0
0
0
0
0
0
0
0
0
0
0
0
0
0
0
0
0
0
0
0
0
0
0
0
0
0
0
0
0
0
0
0
0
0
0
0
0
0
0
0
0
0
0
0
0
0
0
0
0
0
0
0
0
0
0
0
0
0
0
0
0
0
0
0
0
0
0
0
0
0
0
0
0
0
0
0
0
0
0
0
0
0
0
0
0
0
0
0
0
0
0
0
0
0
0
0
0
0
0
0
0
0
0
0
0
0
0
0
0
0
0
0
0
0
0
0
0
0
0
0
0
0
0
0
0
0
0
0
0
0
0
0
0
0
0
0
0
0
0
0
0
0
0
0
0
0
0
0
0
0
0
0
0
0
0
0
0
0
0
0
0
0
0
0
0
0
0
0
0
0
0
0
0
0
0
0
0
0
0
0
0
0
0
0
0
0
0
0
0
0
0
0
0
0
0
0
0
0
0
0
0
0
0
0
0
0
0
0
0
0
0
0
0
0
0
0
0
0
0
0
0
0
0
0
0
0
0
0
0
0
0
0
0
0
0
0
0
0
0
0
0
0
0
0
0
0
0
0
0
0
0
0
0
0
0
0
0
0
0
0
0
0
0
0
0
0
0
0
0
0
0
0
0
0
0
0
0
0
0
0
0
0
0
0
0
0
0
0
0
0
0
0
0
0
0
0
0
0
0
0
0
0
0
0
0
0
0
0
0
0
0
0
0
0
0
0
0
0
0
0
0
0
0
0
0
0
0
0
0
0
0
0
0
0
0
0
0
0
0
0
0
0
0
0
0
0
0
0
0
0
0
0
0
0
0
0
0
0
0
0
0
0
0
0
0
0
0
0
0
0
0
0
0
0
0
0
0
0
0
0
0
0
0
0
0
0
0
0
0
0
0
0
0
0
0
0
0
0
0
0
0
0
0
0
0
0
0
0
0
0
0
0
0
0
0
0
0
0
0
0
0
0
0
0
0
0
0
0
0
0
0
0
0
0
0
0
0
0
0
0
0
0
0
0
0
0
0
0
0
0
0
0
0
0
0
0
0
0
0
0
0
0
0
0
0
0
0
0
0
0
0
0
0
0
0
0
0
0
0
0
0
0
0
0
0
0
0
0
0
0
0
0
0
0
0
0
0
0
0
0
0
0
0
0
0
0
0
0
0
0
0
0
0
0
0
0
0
0
0
0
0
0
0
0
0
0
0
0
0
0
0
0
0
0
0
0
0
0
0
0
0
0
0
0
0
0
0
0
0
0
0
0
0
0
0
0
0
0
0
0
0
0
0
0
0
0
0
0
0
0
0
0
0
0
0
0
0
0
0
0
0
0
0
0
0
0
0
0
0
0
0
0
0
0
0
0
0
0
0
0
0
0
0
0
0
0
0
0
0
0
0
0
0
0
0
0
0
0
0
0
0
0
0
0
0
0
0
0
0
0
0
0
0
0
0
0
0
0
0
0
0
0
0
0
0
0
0
0
0
0
0
0
0
0
0
0
0
0
0
0
0
0
0
0
0
0
0
0
0
0
0
0
0
0
0
0
0
0
0
0
0
0
0
0
0
0
0
0
0
0
0
0
0
0
0
0
0
0
0
0
0
0
0
0
0
0
0
0
0
0
0
0
0
0
0
0
0
0
0
0
0
0
0
0
0
0
0
0
0
0
0
0
0
0
0
0
0
0
0
0
0
0
0
0
0
0
0
0
0
0
0
0
0
0
0
0
0
0
0
0
0
0
0
0
0
0
0
0
0
0
0
0
0
0
0
0
0
0
0
0
0
0
0
0
0
0
0
0
0
0
0
0
0
0
0
0
0
0
0
0
0
0
0
0
0
0
0
0
0
0
0
0
0
0
0
0
0
0
0
0
0
0
0
0
0
0
0
0
0
0
0
0
0
0
0
0
0
0
0
0
0
0
0
0
0
0
0
0
0
0
0
0
0
0
0
0
0
0
0
0
0
0
0
0
0
0
0
0
0
0
0
0
0
0
0
0
0
0
0
0
0
0
0
0
0
0
0
0
0
0
0
0
0
0
0
0
0
0
0
0
0
0
0
0
0
0
0
0
0
0
0
0
0
0
0
0
0
0
0
0
0
0
0
0
0
0
0
0
0
0
0
0
0
0
0
0
0
0
0
0
0
0
0
0
0
0
0
0
0
0
0
0
0
0
0
0
0
0
0
0
0
0
0
0
0
0
0
0
0
0
0
0
0
0
0
0
0
0
0
0
0
0
0
0
0
0
0
0
0
0
0
0
0
0
0
0
0
0
0
0
0
0
0
0
0
0
0
0
0
0
0
0
0
0
0
0
0
0
0
0
0
0
0
0
0
0
0
0
0
0
0
0
0
0
0
0
0
0
0
0
0
0
0
0
0
0
0
0
0
0
0
0
0
0
0
0
0
0
0
0
0
0
0
0
0
0
0
0
0
0
0
0
0
0
0
0
0
0
0
0
0
0
0
0
0
0
0
0
0
0
0
0
0
0
0
0
0
0
0
0
0
0
0
0
0
0
0
0
0
0
0
0
0
0
0
0
0
0
0
0
0
0
0
0
0
0
0
0
0
0
0
0
0
0
0
0
0
0
0
0
0
0
0
0
0
0
0
0
0
0
0
0
0
0
0
0
0
0
0
0
0
0
0
0
0
0
0
0
0
0
0
0
0
0
0
0
0
0
0
0
0
0
0
0
0
0
0
0
0
0
0
0
0
0
0
0
0
0
0
0
0
0
0
0
0
0
0
0
0
0
0
0
0
0
0
0
0
0
0
0
0
0
0
0
0
0
0
0
0
0
0
0
0
0
0
0
0
0
0
0
0
0
0
0
0
0
0
0
0
0
0
0
0
0
0
0
0
0
0
0
0
0
0
0
0
0
0
0
0
0
0
0
0
0
0
0
0
0
0
0
0
0
0
0
0
0
0
0
0
0
0
0
0
0
0
0
0
0
0
0
0
0
0
0
0
0
0
0
0
0
0
0
0
0
0
0
0
0
0
0
0
0
0
0
0
0
0
0
0
0
0
0
0
0
0
0
0
0
0
0
0
0
0
0
0
0
0
0
0
0
0
0
0
0
0
0
0
0
0
0
0
0
0
0
0
0
0
0
0
0
0
0
0
0
0
0
0
0
0
0
0
0
0
0
0
0
0
0
0
0
0
0
0
0
0
0
0
0
0
0
0
0
0
0
0
0
0
0
0
0
0
0
0
0
0
0
0
0
0
0
0
0
0
0
0
0
0
0
0
0
0
0
0
0
0
0
0
0
0
0
0
0
0
0
0
0
0
0
0
0
0
0
0
0
0
0
0
0
0
0
0
0
0
0
0
0
0
0
0
0
0
0
0
0
0
0
0
0
0
0
0
0
0
0
0
0
0
0
0
0
0
0
0
0
0
0
0
0
0
0
0
0
0
0
0
0
0
0
0
0
0
0
0
0
0
0
0
0
0
0
0
0
0
0
0
0
0
0
0
0
0
0
0
0
0
0
0
0
0
0
0
0
0
0
0
0
0
0
0
0
0
0
0
0
0
0
0
0
0
0
0
0
0
0
0
0
0
0
0
0
0
0
0
0
0
0
0
0
0
0
0
0
0
0
0
0
0
0
0
0
0
0
0
0
0
0
0
0
0
0
0
0
0
0
0
0
0
0
0
0
0
0
0
0
0
0
0
0
0
0
0
0
0
0
0
0
0
0
0
0
0
0
0
0
0
0
0
0
0
0
0
0
0
0
0
0
0
0
0
0
0
0
0
0
0
0
0
0
0
0
0
0
0
0
0
0
0
0
0
0
0
0
0
0
0
0
0
0
0
0
0
0
0
0
0
0
0
0
0
0
0
0
0
0
0
0
0
0
0
0
0
0
0
0
0
0
0
0
0
0
0
0
0
0
0
0
0
0
0
0
0
0
0
0
0
0
0
0
0
0
0
0
0
0
0
0
0
0
0
0
0
0
0
0
0
0
0
0
0
0
0
0
0
0
0
0
0
0
0
0
0
0
0
0
0
0
0
0
0
0
0
0
0
0
0
0
0
0
0
0
0
0
0
0
0
0
0
0
0
0
0
0
0
0
0
0
0
0
0
0
0
0
0
0
0
0
0
0
0
0
0
0
0
0
0
0
0
0
0
0
0
0
0
0
0
0
0
0
0
0
0
0
0
0
0
0
0
0
0
0
0
0
0
0
0
0
0
0
0
0
0
0
0
0
0
0
0
0
0
0
0
0
0
0
0
0
0
0
0
0
0
0
0
0
0
0
0
0
0
0
0
0
0
0
0
0
0
0
0
0
0
0
0
0
0
0
0
0
0
0
0
0
0
0
0
0
0
0
0
0
0
0
0
0
0
0
0
0
0
0
0
0
0
0
0
0
0
0
0
0
0
0
0
0
0
0
0
0
0
0
0
0
0
0
0
0
0
0
0
0
0
0
0
0
0
0
0
0
0
0
0
0
0
0
0
0
0
0
0
0
0
0
0
0
0
0
0
0
0
0
0
0
0
0
0
0
0
0
0
0
0
0
0
0
0
0
0
0
0
0
0
0
0
0
0
0
0
0
0
0
0
0
0
0
0
0
0
0
0
0
0
0
0
0
0
0
0
0
0
0
0
0
0
0
0
0
0
0
0
0
0
0
0
0
0
0
0
0
0
0
0
0
0
0
0
0
0
0
0
0
0
0
0
0
0
0
0
0
0
0
0
0
0
0
0
0
0
0
0
0
0
0
0
0
0
0
0
0
0
0
0
0
0
0
0
0
0
0
0
0
0
0
0
0
0
0
0
0
0
0
0
0
0
0
0
0
0
0
0
0
0
0
0
0
0
0
0
0
0
0
0
0
0
0
0
0
0
0
0
0
0
0
0
0
0
0
0
0
0
0
0
0
0
0
0
0
0
0
0
0
0
0
0
0
0
0
0
0
0
0
0
0
0
0
0
0
0
0
0
0
0
0
0
0
0
0
0
0
0
0
0
0
0
0
0
0
0
0
0
0
0
0
0
0
0
0
0
0
0
0
0
0
0
0
0
0
0
0
0
0
0
0
0
0
0
0
0
0
0
0
0
0
0
0
0
0
0
0
0
0
0
0
0
0
0
0
0
0
0
0
0
0
0
0
0
0
0
0
0
0
0
0
0
0
0
0
0
0
0
0
0
0
0
0
0
0
0
0
0
0
0
0
0
0
0
0
0
0
0
0
0
0
0
0
0
0
0
0
0
0
0
0
0
0
0
0
0
0
0
0
0
0
0
0
0
0
0
0
0
0
0
0
0
0
0
0
0
0
0
0
0
0
0
0
0
0
0
0
0
0
0
0
0
0
0
0
0
0
0
0
0
0
0
0
0
0
0
0
0
0
0
0
0
0
0
0
0
0
0
0
0
0
0
0
0
0
0
0
0
0
0
0
0
0
0
0
0
0
0
0
0
0
0
0
0
0
0
0
0
0
0
0
0
0
0
0
0
0
0
0
0
0
0
0
0
0
0
0
0
0
0
0
0
0
0
0
0
0
0
0
0
0
0
0
0
0
0
0
0
0
0
0
0
0
0
0
0
0
0
0
0
0
0
0
0
0
0
0
0
0
0
0
0
0
0
0
0
0
0
0
0
0
0
0
0
0
0
0
0
0
0
0
0
0
0
0
0
0
0
0
0
0
0
0
0
0
0
0
0
0
0
0
0
0
0
0
0
0
0
0
0
0
0
0
0
0
0
0
0
0
0
0
0
0
0
0
0
0
0
0
0
0
0
0
0
0
0
0
0
0
0
0
0
0
0
0
0
0
0
0
0
0
0
0
0
0
0
0
0
0
0
0
0
0
0
0
0
0
0
0
0
0
0
0
0
0
0
0
0
0
0
0
0
0
0
0
0
0
0
0
0
0
0
0
0
0
0
0
0
0
0
0
0
0
0
0
0
0
0
0
0
0
0
0
0
0
0
0
0
0
0
0
0
0
0
0
0
0
0
0
0
0
0
0
0
0
0
0
0
0
0
0
0
0
0
0
0
0
0
0
0
0
0
0
0
0
0
0
0
0
0
0
0
0
0
0
0
0
0
0
0
0
0
0
0
0
0
0
0
0
0
0
0
0
0
0
0
0
0
0
0
0
0
0
0
0
0
0
0
0
0
0
0
0
0
0
0
0
0
0
0
0
0
0
0
0
0
0
0
0
0
0
0
0
0
0
0
0
0
0
0
0
0
0
0
0
0
0
0
0
0
0
0
0
0
0
0
0
0
0
0
0
0
0
0
0
0
0
0
0
0
0
0
0
0
0
0
0
0
0
0
0
0
0
0
0
0
0
0
0
0
0
0
0
0
0
0
0
0
0
0
0
0
0
0
0
0
0
0
0
0
0
0
0
0
0
0
0
0
0
0
0
0
0
0
0
0
0
0
0
0
0
0
0
0
0
0
0
0
0
0
0
0
0
0
0
0
0
0
0
0
0
0
0
0
0
0
0
0
0
0
0
0
0
0
0
0
0
0
0
0
0
0
0
0
0
0
0
0
0
0
0
0
0
0
0
0
0
0
0
0
0
0
0
0
0
0
0
0
0
0
0
0
0
0
0
0
0
0
0
0
0
0
0
0
0
0
0
0
0
0
0
0
0
0
0
0
0
0
0
0
0
0
0
0
0
0
0
0
0
0
0
0
0
0
0
0
0
0
0
0
0
0
0
0
0
0
0
0
0
0
0
0
0
0
0
0
0
0
0
0
0
0
0
0
0
0
0
0
0
0
0
0
0
0
0
0
0
0
0
0
0
0
0
0
0
0
0
0
0
0
0
0
0
0
0
0
0
0
0
0
0
0
0
0
0
0
0
0
0
0
0
0
0
0
0
0
0
0
0
0
0
0
0
0
0
0
0
0
0
0
0
0
0
0
0
0
0
0
0
0
0
0
0
0
0
0
0
0
0
0
0
0
0
0
0
0
0
0
0
0
0
0
0
0
0
0
0
0
0
0
0
0
0
0
0
0
0
0
0
0
0
0
0
0
0
0
0
0
0
0
0
0
0
0
0
0
0
0
0
0
0
0
0
0
0
0
0
0
0
0
0
0
0
0
0
0
0
0
0
0
0
0
0
0
0
0
0
0
0
0
0
0
0
0
0
0
0
0
0
0
0
0
0
0
0
0
0
0
0
0
0
0
0
0
0
0
0
0
0
0
0
0
0
0
0
0
0
0
0
0
0
0
0
0
0
0
0
0
0
0
0
0
0
0
0
0
0
0
0
0
0
0
0
0
0
0
0
0
0
0
0
0
0
0
0
0
0
0
0
0
0
0
0
0
0
0
0
0
0
0
0
0
0
0
0
0
0
0
0
0
0
0
0
0
0
0
0
0
0
0
0
0
0
0
0
0
0
0
0
0
0
0
0
0
0
0
0
0
0
0
0
0
0
0
0
0
0
0
0
0
0
0
0
0
0
0
0
0
0
0
0
0
0
0
0
0
0
0
0
0
0
0
0
0
0
0
0
0
0
0
0
0
0
0
0
0
0
0
0
0
0
0
0
0
0
0
0
0
0
0
0
0
0
0
0
0
0
0
0
0
0
0
0
0
0
0
0
0
0
0
0
0
0
0
0
0
0
0
0
0
0
0
0
0
0
0
0
0
0
0
0
0
0
0
0
0
0
0
0
0
0
0
0
0
0
0
0
0
0
0
0
0
0
0
0
0
0
0
0
0
0
0
0
0
0
0
0
0
0
0
0
0
0
0
0
0
0
0
0
0
0
0
0
0
0
0
0
0
0
0
0
0
0
0
0
0
0
0
0
0
0
0
0
0
0
0
0
0
0
0
0
0
0
0
0
0
0
0
0
0
0
0
0
0
0
0
0
0
0
0
0
0
0
0
0
0
0
0
0
0
0
0
0
0
0
0
0
0
0
0
0
0
0
0
0
0
0
0
0
0
0
0
0
0
0
0
0
0
0
0
0
0
0
0
0
0
0
0
0
0
0
0
0
0
0
0
0
0
0
0
0
0
0
0
0
0
0
0
0
0
0
0
0
0
0
0
0
0
0
0
0
0
0
0
0
0
0
0
0
0
0
0
0
0
0
0
0
0
0
0
0
0
0
0
0
0
0
0
0
0
0
0
0
0
0
0
0
0
0
0
0
0
0
0
0
0
0
0
0
0
0
0
0
0
0
0
0
0
0
0
0
0
0
0
0
0
0
0
0
0
0
0
0
0
0
0
0
0
0
0
0
0
0
0
0
0
0
0
0
0
0
0
0
0
0
0
0
0
0
0
0
0
0
0
0
0
0
0
0
0
0
0
0
0
0
0
0
0
0
0
0
0
0
0
0
0
0
0
0
0
0
0
0
0
0
0
0
0
0
0
0
0
0
0
0
0
0
0
0
0
0
0
0
0
0
0
0
0
0
0
0
0
0
0
0
0
0
0
0
0
0
0
0
0
0
0
0
0
0
0
0
0
0
0
0
0
0
0
0
0
0
0
0
0
0
0
0
0
0
0
0
0
0
0
0
0
0
0
0
0
0
0
0
0
0
0
0
0
0
0
0
0
0
0
0
0
0
0
0
0
0
0
0
0
0
0
0
0
0
0
0
0
0
0
0
0
0
0
0
0
0
0
0
0
0
0
0
0
0
0
0
0
0
0
0
0
0
0
0
0
0
0
0
0
0
0
0
0
0
0
0
0
0
0
0
0
0
0
0
0
0
0
0
0
0
0
0
0
0
0
0
0
0
0
0
0
0
0
0
0
0
0
0
0
0
0
0
0
0
0
0
0
0
0
0
0
0
0
0
0
0
0
0
0
0
0
0
0
0
0
0
0
0
0
0
0
0
0
0
0
0
0
0
0
0
0
0
0
0
0
0
0
0
0
0
0
0
0
0
0
0
0
0
0
0
0
0
0
0
0
0
0
0
0
0
0
0
0
0
0
0
0
0
0
0
0
0
0
0
0
0
0
0
0
0
0
0
0
0
0
0
0
0
0
0
0
0
0
0
0
0
0
0
0
0
0
0
0
0
0
0
0
0
0
0
0
0
0
0
0
0
0
0
0
0
0
0
0
0
0
0
0
0
0
0
0
0
0
0
0
0
0
0
0
0
0
0
0
0
0
0
0
0
0
0
0
0
0
0
0
0
0
0
0
0
0
0
0
0
0
0
0
0
0
0
0
0
0
0
0
0
0
0
0
0
0
0
0
0
0
0
0
0
0
0
0
0
0
0
0
0
0
0
0
0
0
0
0
0
0
0
0
0
0
0
0
0
0
0
0
0
0
0
0
0
0
0
0
0
0
0
0
0
0
0
0
0
0
0
0
0
0
0
0
0
0
0
0
0
0
0
0
0
0
0
0
0
0
0
0
0
0
0
0
0
0
0
0
0
0
0
0
0
0
0
0
0
0
0
0
0
0
0
0
0
0
0
0
0
0
0
0
0
0
0
0
0
0
0
0
0
0
0
0
0
0
0
0
0
0
0
0
0
0
0
0
0
0
0
0
0
0
0
0
0
0
0
0
0
0
0
0
0
0
0
0
0
0
0
0
0
0
0
0
0
0
0
0
0
0
0
0
0
0
0
0
0
0
0
0
0
0
0
0
0
0
0
0
0
0
0
0
0
0
0
0
0
0
0
0
0
0
0
0
0
0
0
0
0
0
0
0
0
0
0
0
0
0
0
0
0
0
0
0
0
0
0
0
0
0
0
0
0
0
0
0
0
0
0
0
0
0
0
0
0
0
0
0
0
0
0
0
0
0
0
0
0
0
0
0
0
0
0
0
0
0
0
0
0
0
0
0
0
0
0
0
0
0
0
0
0
0
0
0
0
0
0
0
0
0
0
0
0
0
0
0
0
0
0
0
0
0
0
0
0
0
0
0
0
0
0
0
0
0
0
0
0
0
0
0
0
0
0
0
0
0
0
0
0
0
0
0
0
0
0
0
0
0
0
0
0
0
0
0
0
0
0
0
0
0
0
0
0
0
0
0
0
0
0
0
0
0
0
0
0
0
0
0
0
0
0
0
0
0
0
0
0
0
0
0
0
0
0
0
0
0
0
0
0
0
0
0
0
0
0
0
0
0
0
0
0
0
0
0
0
0
0
0
0
0
0
0
0
0
0
0
0
0
0
0
0
0
0
0
0
0
0
0
0
0
0
0
0
0
0
0
0
0
0
0
0
0
0
0
0
0
0
0
0
0
0
0
0
0
0
0
0
0
0
0
0
0
0
0
0
0
0
0
0
0
0
0
0
0
0
0
0
0
0
0
0
0
0
0
0
0
0
0
0
0
0
0
0
0
0
0
0
0
0
0
0
0
0
0
0
0
0
0
0
0
0
0
0
0
0
0
0
0
0
0
0
0
0
0
0
0
0
0
0
0
0
0
0
0
0
0
0
0
0
0
0
0
0
0
0
0
0
0
0
0
0
0
0
0
0
0
0
0
0
0
0
0
0
0
0
0
0
0
0
0
0
0
0
0
0
0
0
0
0
0
0
0
0
0
0
0
0
0
0
0
0
0
0
0
0
0
0
0
0
0
0
0
0
0
0
0
0
0
0
0
0
0
0
0
0
0
0
0
0
0
0
0
0
0
0
0
0
0
0
0
0
0
0
0
0
0
0
0
0
0
0
0
0
0
0
0
0
0
0
0
0
0
0
0
0
0
0
0
0
0
0
0
0
0
0
0
0
0
0
0
0
0
0
0
0
0
0
0
0
0
0
0
0
0
0
0
0
0
0
0
0
0
0
0
0
0
0
0
0
0
0
0
0
0
0
0
0
0
0
0
0
0
0
0
0
0
0
0
0
0
0
0
0
0
0
0
0
0
0
0
0
0
0
0
0
0
0
0
0
0
0
0
0
0
0
0
0
0
0
0
0
0
0
0
0
0
0
0
0
0
0
0
0
0
0
0
0
0
0
0
0
0
0
0
0
0
0
0
0
0
0
0
0
0
0
0
0
0
0
0
0
0
0
0
0
0
0
0
0
0
0
0
0
0
0
0
0
0
0
0
0
0
0
0
0
0
0
0
0
0
0
0
0
0
0
0
0
0
0
0
0
0
0
0
0
0
0
0
0
0
0
0
0
0
0
0
0
0
0
0
0
0
0
0
0
0
0
0
0
0
0
0
0
0
0
0
0
0
0
0
0
0
0
0
0
0
0
0
0
0
0
0
0
0
0
0
0
0
0
0
0
0
0
0
0
0
0
0
0
0
0
0
0
0
0
0
0
0
0
0
0
0
0
0
0
0
0
0
0
0
0
0
0
0
0
0
0
0
0
0
0
0
0
0
0
0
0
0
0
0
0
0
0
0
0
0
0
0
0
0
0
0
0
0
0
0
0
0
0
0
0
0
0
0
0
0
0
0
0
0
0
0
0
0
0
0
0
0
0
0
0
0
0
0
0
0
0
0
0
0
0
0
0
0
0
0
0
0
0
0
0
0
0
0
0
0
0
0
0
0
0
0
0
0
0
0
0
0
0
0
0
0
0
0
0
0
0
0
0
0
0
0
0
0
0
0
0
0
0
0
0
0
0
0
0
0
0
0
0
0
0
0
0
0
0
0
0
0
0
0
0
0
0
0
0
0
0
0
0
0
0
0
0
0
0
0
0
0
0
0
0
0
0
0
0
0
0
0
0
0
0
0
0
0
0
0
0
0
0
0
0
0
0
0
0
0
0
0
0
0
0
0
0
0
0
0
0
0
0
0
0
0
0
0
0
0
0
0
0
0
0
0
0
0
0
0
0
0
0
0
0
0
0
0
0
0
0
0
0
0
0
0
0
0
0
0
0
0
0
0
0
0
0
0
0
0
0
0
0
0
0
0
0
0
0
0
0
0
0
0
0
0
0
0
0
0
0
0
0
0
0
0
0
0
0
0
0
0
0
0
0
0
0
0
0
0
0
0
0
0
0
0
0
0
0
0
0
0
0
0
0
0
0
0
0
0
0
0
0
0
0
0
0
0
0
0
0
0
0
0
0
0
0
0
0
0
0
0
0
0
0
0
0
0
0
0
0
0
0
0
0
0
0
0
0
0
0
0
0
0
0
0
0
0
0
0
0
0
0
0
0
0
0
0
0
0
0
0
0
0
0
0
0
0
0
0
0
0
0
0
0
0
0
0
0
0
0
0
0
0
0
0
0
0
0
0
0
0
0
0
0
0
0
0
0
0
0
0
0
0
0
0
0
0
0
0
0
0
0
0
0
0
0
0
0
0
0
0
0
0
0
0
0
0
0
0
0
0
0
0
0
0
0
0
0
0
0
0
0
0
0
0
0
0
0
0
0
0
0
0
0
0
0
0
0
0
0
0
0
0
0
0
0
0
0
0
0
0
0
0
0
0
0
0
0
0
0
0
0
0
0
0
0
0
0
0
0
0
0
0
0
0
0
0
0
0
0
0
0
0
0
0
0
0
0
0
0
0
0
0
0
0
0
0
0
0
0
0
0
0
0
0
0
0
0
0
0
0
0
0
0
0
0
0
0
0
0
0
0
0
0
0
0
0
0
0
0
0
0
0
0
0
0
0
0
0
0
0
0
0
0
0
0
0
0
0
0
0
0
0
0
0
0
0
0
0
0
0
0
0
0
0
0
0
0
0
0
0
0
0
0
0
0
0
0
0
0
0
0
0
0
0
0
0
0
0
0
0
0
0
0
0
0
0
0
0
0
0
0
0
0
0
0
0
0
0
0
0
0
0
0
0
0
0
0
0
0
0
0
0
0
0
0
0
0
0
0
0
0
0
0
0
0
0
0
0
0
0
0
0
0
0
0
0
0
0
0
0
0
0
0
0
0
0
0
0
0
0
0
0
0
0
0
0
0
0
0
0
0
0
0
0
0
0
0
0
0
0
0
0
0
0
0
0
0
0
0
0
0
0
0
0
0
0
0
0
0
0
0
0
0
0
0
0
0
0
0
0
0
0
0
0
0
0
0
0
0
0
0
0
0
0
0
0
0
0
0
0
0
0
0
0
0
0
0
0
0
0
0
0
0
0
0
0
0
0
0
0
0
0
0
0
0
0
0
0
0
0
0
0
0
0
0
0
0
0
0
0
0
0
0
0
0
0
0
0
0
0
0
0
0
0
0
0
0
0
0
0
0
0
0
0
0
0
0
0
0
0
0
0
0
0
0
0
0
0
0
0
0
0
0
0
0
0
0
0
0
0
0
0
0
0
0
0
0
0
0
0
0
0
0
0
0
0
0
0
0
0
0
0
0
0
0
0
0
0
0
0
0
0
0
0
0
0
0
0
0
0
0
0
0
0
0
0
0
0
0
0
0
0
0
0
0
0
0
0
0
0
0
0
0
0
0
0
0
0
0
0
0
0
0
0
0
0
0
0
0
0
0
0
0
0
0
0
0
0
0
0
0
0
0
0
0
0
0
0
0
0
0
0
0
0
0
0
0
0
0
0
0
0
0
0
0
0
0
0
0
0
0
0
0
0
0
0
0
0
0
0
0
0
0
0
0
0
0
0
0
0
0
0
0
0
0
0
0
0
0
0
0
0
0
0
0
0
0
0
0
0
0
0
0
0
0
0
0
0
0
0
0
0
0
0
0
0
0
0
0
0
0
0
0
0
0
0
0
0
0
0
0
0
0
0
0
0
0
0
0
0
0
0
0
0
0
0
0
0
0
0
0
0
0
0
0
0
0
0
0
0
0
0
0
0
0
0
0
0
0
0
0
0
0
0
0
0
0
0
0
0
0
0
0
0
0
0
0
0
0
0
0
0
0
0
0
0
0
0
0
0
0
0
0
0
0
0
0
0
0
0
0
0
0
0
0
0
0
0
0
0
0
0
0
0
0
0
0
0
0
0
0
0
0
0
0
0
0
0
0
0
0
0
0
0
0
0
0
0
0
0
0
0
0
0
0
0
0
0
0
0
0
0
0
0
0
0
0
0
0
0
0
0
0
0
0
0
0
0
0
0
0
0
0
0
0
0
0
0
0
0
0
0
0
0
0
0
0
0
0
0
0
0
0
0
0
0
0
0
0
0
0
0
0
0
0
0
0
0
0
0
0
0
0
0
0
0
0
0
0
0
0
0
0
0
0
0
0
0
0
0
0
0
0
0
0
0
0
0
0
0
0
0
0
0
0
0
0
0
0
0
0
0
0
0
0
0
0
0
0
0
0
0
0
0
0
0
0
0
0
0
0
0
0
0
0
0
0
0
0
0
0
0
0
0
0
0
0
0
0
0
0
0
0
0
0
0
0
0
0
0
0
0
0
0
0
0
0
0
0
0
0
0
0
0
0
0
0
0
0
0
0
0
0
0
0
0
0
0
0
0
0
0
0
0
0
0
0
0
0
0
0
0
0
0
0
0
0
0
0
0
0
0
0
0
0
0
0
0
0
0
0
0
0
0
0
0
0
0
0
0
0
0
0
0
0
0
0
0
0
0
0
0
0
0
0
0
0
0
0
0
0
0
0
0
0
0
0
0
0
0
0
0
0
0
0
0
0
0
0
0
0
0
0
0
0
0
0
0
0
0
0
0
0
0
0
0
0
0
0
0
0
0
0
0
0
0
0
0
0
0
0
0
0
0
0
0
0
0
0
0
0
0
0
0
0
0
0
0
0
0
0
0
0
0
0
0
0
0
0
0
0
0
0
0
0
0
0
0
0
0
0
0
0
0
0
0
0
0
0
0
0
0
0
0
0
0
0
0
0
0
0
0
0
0
0
0
0
0
0
0
0
0
0
0
0
0
0
0
0
0
0
0
0
0
0
0
0
0
0
0
0
0
0
0
0
0
0
0
0
0
0
0
0
0
0
0
0
0
0
0
0
0
0
0
0
0
0
0
0
0
0
0
0
0
0
0
0
0
0
0
0
0
0
0
0
0
0
0
0
0
0
0
0
0
0
0
0
0
0
0
0
0
0
0
0
0
0
0
0
0
0
0
0
0
0
0
0
0
0
0
0
0
0
0
0
0
0
0
0
0
0
0
0
0
0
0
0
0
0
0
0
0
0
0
0
0
0
0
0
0
0
0
0
0
0
0
0
0
0
0
0
0
0
0
0
0
0
0
0
0
0
0
0
0
0
0
0
0
0
0
0
0
0
0
0
0
0
0
0
0
0
0
0
0
0
0
0
0
0
0
0
0
0
0
0
0
0
0
0
0
0
0
0
0
0
0
0
0
0
0
0
0
0
0
0
0
0
0
0
0
0
0
0
0
0
0
0
0
0
0
0
0
0
0
0
0
0
0
0
0
0
0
0
0
0
0
0
0
0
0
0
0
0
0
0
0
0
0
0
0
0
0
0
0
0
0
0
0
0
0
0
0
0
0
0
0
0
0
0
0
0
0
0
0
0
0
0
0
0
0
0
0
0
0
0
0
0
0
0
0
0
0
0
0
0
0
0
0
0
0
0
0
0
0
0
0
0
0
0
0
0
0
0
0
0
0
0
0
0
0
0
0
0
0
0
0
0
0
0
0
0
0
0
0
0
0
0
0
0
0
0
0
0
0
0
0
0
0
0
0
0
0
0
0
0
0
0
0
0
0
0
0
0
0
0
0
0
0
0
0
0
0
0
0
0
0
0
0
0
0
0
0
0
0
0
0
0
0
0
0
0
0
0
0
0
0
0
0
0
0
0
0
0
0
0
0
0
0
0
0
0
0
0
0
0
0
0
0
0
0
0
0
0
0
0
0
0
0
0
0
0
0
0
0
0
0
0
0
0
0
0
0
0
0
0
0
0
0
0
0
0
0
0
0
0
0
0
0
0
0
0
0
0
0
0
0
0
0
0
0
0
0
0
0
0
0
0
0
0
0
0
0
0
0
0
0
0
0
0
0
0
0
0
0
0
0
0
0
0
0
0
0
0
0
0
0
0
0
0
0
0
0
0
0
0
0
0
0
0
0
0
0
0
0
0
0
0
0
0
0
0
0
0
0
0
0
0
0
0
0
0
0
0
0
0
0
0
0
0
0
0
0
0
0
0
0
0
0
0
0
0
0
0
0
0
0
0
0
0
0
0
0
0
0
0
0
0
0
0
0
0
0
0
0
0
0
0
0
0
0
0
0
0
0
0
0
0
0
0
0
0
0
0
0
0
0
0
0
0
0
0
0
0
0
0
0
0
0
0
0
0
0
0
0
0
0
0
0
0
0
0
0
0
0
0
0
0
0
0
0
0
0
0
0
0
0
0
0
0
0
0
0
0
0
0
0
0
0
0
0
0
0
0
0
0
0
0
0
0
0
0
0
0
0
0
0
0
0
0
0
0
0
0
0
0
0
0
0
0
0
0
0
0
0
0
0
0
0
0
0
0
0
0
0
0
0
0
0
0
0
0
0
0
0
0
0
0
0
0
0
0
0
0
0
0
0
0
0
0
0
0
0
0
0
0
0
0
0
0
0
0
0
0
0
0
0
0
0
0
0
0
0
0
0
0
0
0
0
0
0
0
0
0
0
0
0
0
0
0
0
0
0
0
0
0
0
0
0
0
0
0
0
0
0
0
0
0
0
0
0
0
0
0
0
0
0
0
0
0
0
0
0
0
0
0
0
0
0
0
0
0
0
0
0
0
0
0
0
0
0
0
0
0
0
0
0
0
0
0
0
0
0
0
0
0
0
0
0
0
0
0
0
0
0
0
0
0
0
0
0
0
0
0
0
0
0
0
0
0
0
0
0
0
0
0
0
0
0
0
0
0
0
0
0
0
0
0
0
0
0
0
0
0
0
0
0
0
0
0
0
0
0
0
0
0
0
0
0
0
0
0
0
0
0
0
0
0
0
0
0
0
0
0
0
0
0
0
0
0
0
0
0
0
0
0
0
0
0
0
0
0
0
0
0
0
0
0
0
0
0
0
0
0
0
0
0
0
0
0
0
0
0
0
0
0
0
0
0
0
0
0
0
0
0
0
0
0
0
0
0
0
0
0
0
0
0
0
0
0
0
0
0
0
0
0
0
0
0
0
0
0
0
0
0
0
0
0
0
0
0
0
0
0
0
0
0
0
0
0
0
0
0
0
0
0
0
0
0
0
0
0
0
0
0
0
0
0
0
0
0
0
0
0
0
0
0
0
0
0
0
0
0
0
0
0
0
0
0
0
0
0
0
0
0
0
0
0
0
0
0
0
0
0
0
0
0
0
0
0
0
0
0
0
0
0
0
0
0
0
0
0
0
0
0
0
0
0
0
0
0
0
0
0
0
0
0
0
0
0
0
0
0
0
0
0
0
0
0
0
0
0
0
0
0
0
0
0
0
0
0
0
0
0
0
0
0
0
0
0
0
0
0
0
0
0
0
0
0
0
0
0
0
0
0
0
0
0
0
0
0
0
0
0
0
0
0
0
0
0
0
0
0
0
0
0
0
0
0
0
0
0
0
0
0
0
0
0
0
0
0
0
0
0
0
0
0
0
0
0
0
0
0
0
0
0
0
0
0
0
0
0
0
0
0
0
0
0
0
0
0
0
0
0
0
0
0
0
0
0
0
0
0
0
0
0
0
0
0
0
0
0
0
0
0
0
0
0
0
0
0
0
0
0
0
0
0
0
0
0
0
0
0
0
0
0
0
0
0
0
0
0
0
0
0
0
0
0
0
0
0
0
0
0
0
0
0
0
0
0
0
0
0
0
0
0
0
0
0
0
0
0
0
0
0
0
0
0
0
0
0
0
0
0
0
0
0
0
0
0
0
0
0
0
0
0
0
0
0
0
0
0
0
0
0
0
0
0
0
0
0
0
0
0
0
0
0
0
0
0
0
0
0
0
0
0
0
0
0
0
0
0
0
0
0
0
0
0
0
0
0
0
0
0
0
0
0
0
0
0
0
0
0
0
0
0
0
0
0
0
0
0
0
0
0
0
0
0
0
0
0
0
0
0
0
0
0
0
0
0
0
0
0
0
0
0
0
0
0
0
0
0
0
0
0
0
0
0
0
0
0
0
0
0
0
0
0
0
0
0
0
0
0
0
0
0
0
0
0
0
0
0
0
0
0
0
0
0
0
0
0
0
0
0
0
0
0
0
0
0
0
0
0
0
0
0
0
0
0
0
0
0
0
0
0
0
0
0
0
0
0
0
0
0
0
0
0
0
0
0
0
0
0
0
0
0
0
0
0
0
0
0
0
0
0
0
0
0
0
0
0
0
0
0
0
0
0
0
0
0
0
0
0
0
0
0
0
0
0
0
0
0
0
0
0
0
0
0
0
0
0
0
0
0
0
0
0
0
0
0
0
0
0
0
0
0
0
0
0
0
0
0
0
0
0
0
0
0
0
0
0
0
0
0
0
0
0
0
0
0
0
0
0
0
0
0
0
0
0
0
0
0
0
0
0
0
0
0
0
0
0
0
0
0
0
0
0
0
0
0
0
0
0
0
0
0
0
0
0
0
0
0
0
0
0
0
0
0
0
0
0
0
0
0
0
0
0
0
0
0
0
0
0
0
0
0
0
0
0
0
0
0
0
0
0
0
0
0
0
0
0
0
0
0
0
0
0
0
0
0
0
0
0
0
0
0
0
0
0
0
0
0
0
0
0
0
0
0
0
0
0
0
0
0
0
0
0
0
0
0
0
0
0
0
0
0
0
0
0
0
0
0
0
0
0
0
0
0
0
0
0
0
0
0
0
0
0
0
0
0
0
0
0
0
0
0
0
0
0
0
0
0
0
0
0
0
0
0
0
0
0
0
0
0
0
0
0
0
0
0
0
0
0
0
0
0
0
0
0
0
0
0
0
0
0
0
0
0
0
0
0
0
0
0
0
0
0
0
0
0
0
0
0
0
0
0
0
0
0
0
0
0
0
0
0
0
0
0
0
0
0
0
0
0
0
0
0
0
0
0
0
0
0
0
0
0
0
0
0
0
0
0
0
0
0
0
0
0
0
0
0
0
0
0
0
0
0
0
0
0
0
0
0
0
0
0
0
0
0
0
0
0
0
0
0
0
0
0
0
0
0
0
0
0
0
0
0
0
0
0
0
0
0
0
0
0
0
0
0
0
0
0
0
0
0
0
0
0
0
0
0
0
0
0
0
0
0
0
0
0
0
0
0
0
0
0
0
0
0
0
0
0
0
0
0
0
0
0
0
0
0
0
0
0
0
0
0
0
0
0
0
0
0
0
0
0
0
0
0
0
0
0
0
0
0
0
0
0
0
0
0
0
0
0
0
0
0
0
0
0
0
0
0
0
0
0
0
0
0
0
0
0
0
0
0
0
0
0
0
0
0
0
0
0
0
0
0
0
0
0
0
0
0
0
0
0
0
0
0
0
0
0
0
0
0
0
0
0
0
0
0
0
0
0
0
0
0
0
0
0
0
0
0
0
0
0
0
0
0
0
0
0
0
0
0
0
0
0
0
0
0
0
0
0
0
0
0
0
0
0
0
0
0
0
0
0
0
0
0
0
0
0
0
0
0
0
0
0
0
0
0
0
0
0
0
0
0
0
0
0
0
0
0
0
0
0
0
0
0
0
0
0
0
0
0
0
0
0
0
0
0
0
0
0
0
0
0
0
0
0
0
0
0
0
0
0
0
0
0
0
0
0
0
0
0
0
0
0
0
0
0
0
0
0
0
0
0
0
0
0
0
0
0
0
0
0
0
0
0
0
0
0
0
0
0
0
0
0
0
0
0
0
0
0
0
0
0
0
0
0
0
0
0
0
0
0
0
0
0
0
0
0
0
0
0
0
0
0
0
0
0
0
0
0
0
0
0
0
0
0
0
0
0
0
0
0
0
0
0
0
0
0
0
0
0
0
0
0
0
0
0
0
0
0
0
0
0
0
0
0
0
0
0
0
0
0
0
0
0
0
0
0
0
0
0
0
0
0
0
0
0
0
0
0
0
0
0
0
0
0
0
0
0
0
0
0
0
0
0
0
0
0
0
0
0
0
0
0
0
0
0
0
0
0
0
0
0
0
0
0
0
0
0
0
0
0
0
0
0
0
0
0
0
0
0
0
0
0
0
0
0
0
0
0
0
0
0
0
0
0
0
0
0
0
0
0
0
0
0
0
0
0
0
0
0
0
0
0
0
0
0
0
0
0
0
0
0
0
0
0
0
0
0
0
0
0
0
0
0
0
0
0
0
0
0
0
0
0
0
0
0
0
0
0
0
0
0
0
0
0
0
0
0
0
0
0
0
0
0
0
0
0
0
0
0
0
0
0
0
0
0
0
0
0
0
0
0
0
0
0
0
0
0
0
0
0
0
0
0
0
0
0
0
0
0
0
0
0
0
0
0
0
0
0
0
0
0
0
0
0
0
0
0
0
0
0
0
0
0
0
0
0
0
0
0
0
0
0
0
0
0
0
0
0
0
0
0
0
0
0
0
0
0
0
0
0
0
0
0
0
0
0
0
0
0
0
0
0
0
0
0
0
0
0
0
0
0
0
0
0
0
0
0
0
0
0
0
0
0
0
0
0
0
0
0
0
0
0
0
0
0
0
0
0
0
0
0
0
0
0
0
0
0
0
0
0
0
0
0
0
0
0
0
0
0
0
0
0
0
0
0
0
0
0
0
0
0
0
0
0
0
0
0
0
0
0
0
0
0
0
0
0
0
0
0
0
0
0
0
0
0
0
0
0
0
0
0
0
0
0
0
0
0
0
0
0
0
0
0
0
0
0
0
0
0
0
0
0
0
0
0
0
0
0
0
0
0
0
0
0
0
0
0
0
0
0
0
0
0
0
0
0
0
0
0
0
0
0
0
0
0
0
0
0
0
0
0
0
0
0
0
0
0
0
0
0
0
0
0
0
0
0
0
0
0
0
0
0
0
0
0
0
0
0
0
0
0
0
0
0
0
0
0
0
0
0
0
0
0
0
0
0
0
0
0
0
0
0
0
0
0
0
0
0
0
0
0
0
0
0
0
0
0
0
0
0
0
0
0
0
0
0
0
0
0
0
0
0
0
0
0
0
0
0
0
0
0
0
0
0
0
0
0
0
0
0
0
0
0
0
0
0
0
0
0
0
0
0
0
0
0
0
0
0
0
0
0
0
0
0
0
0
0
0
0
0
0
0
0
0
0
0
0
0
0
0
0
0
0
0
0
0
0
0
0
0
0
0
0
0
0
0
0
0
0
0
0
0
0
0
0
0
0
0
0
0
0
0
0
0
0
0
0
0
0
0
0
0
0
0
0
0
0
0
0
0
0
0
0
0
0
0
0
0
0
0
0
0
0
0
0
0
0
0
0
0
0
0
0
0
0
0
0
0
0
0
0
0
0
0
0
0
0
0
0
0
0
0
0
0
0
0
0
0
0
0
0
0
0
0
0
0
0
0
0
0
0
0
0
0
0
0
0
0
0
0
0
0
0
0
0
0
0
0
0
0
0
0
0
0
0
0
0
0
0
0
0
0
0
0
0
0
0
0
0
0
0
0
0
0
0
0
0
0
0
0
0
0
0
0
0
0
0
0
0
0
0
0
0
0
0
0
0
0
0
0
0
0
0
0
0
0
0
0
0
0
0
0
0
0
0
0
0
0
0
0
0
0
0
0
0
0
0
0
0
0
0
0
0
0
0
0
0
0
0
0
0
0
0
0
0
0
0
0
0
0
0
0
0
0
0
0
0
0
0
0
0
0
0
0
0
0
0
0
0
0
0
0
0
0
0
0
0
0
0
0
0
0
0
0
0
0
0
0
0
0
0
0
0
0
0
0
0
0
0
0
0
0
0
0
0
0
0
0
0
0
0
0
0
0
0
0
0
0
0
0
0
0
0
0
0
0
0
0
0
0
0
0
0
0
0
0
0
0
0
0
0
0
0
0
0
0
0
0
0
0
0
0
0
0
0
0
0
0
0
0
0
0
0
0
0
0
0
0
0
0
0
0
0
0
0
0
0
0
0
0
0
0
0
0
0
0
0
0
0
0
0
0
0
0
0
0
0
0
0
0
0
0
0
0
0
0
0
0
0
0
0
0
0
0
0
0
0
0
0
0
0
0
0
0
0
0
0
0
0
0
0
0
0
0
0
0
0
0
0
0
0
0
0
0
0
0
0
0
0
0
0
0
0
0
0
0
0
0
0
0
0
0
0
0
0
0
0
0
0
0
0
0
0
0
0
0
0
0
0
0
0
0
0
0
0
0
0
0
0
0
0
0
0
0
0
0
0
0
0
0
0
0
0
0
0
0
0
0
0
0
0
0
0
0
0
0
0
0
0
0
0
0
0
0
0
0
0
0
0
0
0
0
0
0
0
0
0
0
0
0
0
0
0
0
0
0
0
0
0
0
0
0
0
0
0
0
0
0
0
0
0
0
0
0
0
0
0
0
0
0
0
0
0
0
0
0
0
0
0
0
0
0
0
0
0
0
0
0
0
0
0
0
0
0
0
0
0
0
0
0
0
0
0
0
0
0
0
0
0
0
0
0
0
0
0
0
0
0
0
0
0
0
0
0
0
0
0
0
0
0
0
0
0
0
0
0
0
0
0
0
0
0
0
0
0
0
0
0
0
0
0
0
0
0
0
0
0
0
0
0
0
0
0
0
0
0
0
0
0
0
0
0
0
0
0
0
0
0
0
0
0
0
0
0
0
0
0
0
0
0
0
0
0
0
0
0
0
0
0
0
0
0
0
0
0
0
0
0
0
0
0
0
0
0
0
0
0
0
0
0
0
0
0
0
0
0
0
0
0
0
0
0
0
0
0
0
0
0
0
0
0
0
0
0
0
0
0
0
0
0
0
0
0
0
0
0
0
0
0
0
0
0
0
0
0
0
0
0
0
0
0
0
0
0
0
0
0
0
0
0
0
0
0
0
0
0
0
0
0
0
0
0
0
0
0
0
0
0
0
0
0
0
0
0
0
0
0
0
0
0
0
0
0
0
0
0
0
0
0
0
0
0
0
0
0
0
0
0
0
0
0
0
0
0
0
0
0
0
0
0
0
0
0
0
0
0
0
0
0
0
0
0
0
0
0
0
0
0
0
0
0
0
0
0
0
0
0
0
0
0
0
0
0
0
0
0
0
0
0
0
0
0
0
0
0
0
0
0
0
0
0
0
0
0
0
0
0
0
0
0
0
0
0
0
0
0
0
0
0
0
0
0
0
0
0
0
0
0
0
0
0
0
0
0
0
0
0
0
0
0
0
0
0
0
0
0
0
0
0
0
0
0
0
0
0
0
0
0
0
0
0
0
0
0
0
0
0
0
0
0
0
0
0
0
0
0
0
0
0
0
0
0
0
0
0
0
0
0
0
0
0
0
0
0
0
0
0
0
0
0
0
0
0
0
0
0
0
0
0
0
0
0
0
0
0
0
0
0
0
0
0
0
0
0
0
0
0
0
0
0
0
0
0
0
0
0
0
0
0
0
0
0
0
0
0
0
0
0
0
0
0
0
0
0
0
0
0
0
0
0
0
0
0
0
0
0
0
0
0
0
0
0
0
0
0
0
0
0
0
0
0
0
0
0
0
0
0
0
0
0
0
0
0
0
0
0
0
0
0
0
0
0
0
0
0
0
0
0
0
0
0
0
0
0
0
0
0
0
0
0
0
0
0
0
0
0
0
0
0
0
