-133
-41
-975
-648
-986
-1023
-1117
-157
120
-1607
-1092
-1478
-1582
-898
-76
436
-177
331
434
-1146
-1500
-1083
-14780
-180
1054
-961
-1269
-1839
-1787
-15545
132
1218
-120
-289
-1122
-83
-1746
-1287
-1385
-270
-351
-2477
-1070
-3033
-2312
-525
-45
471
-118
-79
-170
-2028
-1243
-1338
-14004
-179
-208
-2415
-2227
-1551
-2311
-12564
105
-84
-130
-252
-1650
700
-1879
-1949
-1926
-252
-179
-2993
-223
-4119
-3128
-644
-22
945
-148
56
-130
-2977
-2715
-1886
-14764
-225
227
-3124
-3028
-2688
-3386
-13752
9
-113
-109
-2
-1970
440
-2009
-1872
-2159
-214
105
-3605
-407
-5127
-3722
-1047
-52
1255
-185
-128
-314
-3675
-2610
-2146
-16237
-213
295
-3374
-3897
-2846
-4015
-13025
-96
180
-73
431
-1697
-350
-677
-1596
-1849
-204
454
-3078
-1542
-4147
-3272
-273
-65
1523
-151
-466
-241
-3742
-2577
-1862
-17072
-181
-125
-2702
-3673
-2905
-3471
-14263
-162
-287
-46
89
-1263
38
-151
-1010
-1304
-223
349
-2294
-1143
-2800
-2103
328
-116
1135
-109
-431
-159
-2957
-2483
-1301
-17107
-212
-336
-2144
-2381
-2600
-2307
-16759
-140
-65
-92
-295
-701
461
-774
-547
-1083
-205
157
-2221
-407
-2944
-2164
-470
-99
864
-132
-231
-202
-2371
-2466
-1049
-17047
-184
283
-2364
-2562
-2612
-2620
-15082
-127
234
-122
-212
-1043
644
-1010
-719
-1331
-165
131
-1818
201
-1692
-2071
-1340
-157
283
-142
-204
-364
-2036
-2581
-1217
-13322
-132
313
-1827
-1462
-2819
-2261
-13370
-80
-297
-38
-371
-1604
-1339
-1141
-422
-1411
71
-149
-2298
-1973
-2163
-1879
213
-101
150
-290
387
821
-1258
-2391
-1409
-14271
-130
662
-1434
-1914
-2237
-2029
-14381
56
283
-150
283
-2794
-699
-198
-1486
-1800
0
1589
-4208
-1776
-2925
-2775
454
-169
1382
-244
-250
397
-2104
-3530
-1823
-17932
-229
25
-2530
-3269
-2895
-2799
-17543
48
-523
-253
265
-3109
-978
-1024
-2613
-2315
-32
1894
-3929
-1673
-3265
-3220
-288
-163
1806
-279
-121
832
-3614
-2782
-2376
-16145
-118
327
-2054
-3938
-2503
-3199
-17600
-6
-414
-271
-51
-3199
-2065
-2345
-2986
-2627
1
1419
-3436
-2032
-3808
-3556
-1758
-167
841
-328
530
819
-4229
-907
-2543
-15837
-34
683
-1421
-4289
-996
-3337
-18100
-53
403
-265
-586
-3034
-2392
-1879
-2528
-2538
-12
246
-3224
-3352
-3349
-3819
-1257
-274
-263
-327
-344
782
-4443
-731
-2376
-15468
-3
-147
-1296
-4535
-1221
-3338
-15715
-81
215
-218
-740
-2474
-2061
-638
-2300
-2297
-80
84
-3374
-3270
-3273
-3534
465
-243
-813
-264
458
898
-4007
-2071
-2092
-18010
-100
384
-2171
-4157
-2674
-3295
-17740
-129
475
-170
-39
-1422
-1747
-1259
-1574
-1617
56
1132
-2436
-3045
-3452
-2816
1047
-119
673
-242
762
1048
-2556
-1400
-1462
-16551
-125
761
-2048
-3514
-1998
-2955
-15850
-88
433
-96
-3
-1681
-1139
-1241
-1460
-1746
21
1052
-1967
-1193
-1932
-2595
-1419
-43
934
-274
-501
426
-1750
-1808
-1617
-14761
-193
115
-1091
-2522
-1817
-2594
-15356
-108
-112
102
-761
-1741
-68
-866
-1175
-1459
60
-258
-2598
-349
-2606
-2527
-742
-18
-733
-232
-11
-591
-1444
-1603
-1384
-16361
-242
302
-1802
-2247
-2784
-2289
-15183
-156
151
-114
-705
-2138
-325
-1035
-1889
-1813
-37
283
-3165
-756
-3256
-2862
-1156
-151
-338
-146
-412
-909
-2233
-1363
-1715
-15614
-107
-270
-2305
-2921
-1961
-2479
-14361
13
16
-273
-659
-2011
-654
-1748
-1873
-1475
-114
-517
-2671
-1256
-1886
-2942
-1981
-93
-438
-69
-413
-156
-2063
-102
-1587
-16223
-65
328
-1324
-2698
-818
-2168
-15312
-1
595
-360
80
-2647
-1286
-2696
-2364
-1935
-193
-423
-2415
-1347
-1142
-3152
-3195
30
-331
-21
-55
-155
-2584
423
-2053
-14912
-61
-592
-826
-3030
-396
-2420
-15527
-6
246
-472
1050
-2586
-2359
-3250
-2529
-2215
-307
550
-2507
-2515
-2326
-3945
-3563
46
1197
-4
-269
906
-3092
201
-2207
-21656
-4
-147
-964
-4177
-172
-3250
-20005
-13
533
-372
902
-2558
-3305
-3374
-2475
-2505
-232
1164
-2228
-3507
-2780
-2817
-1996
63
1580
-157
-114
1459
-3652
108
-2427
-17368
-32
-456
-473
-3170
-315
-3082
-19961
-50
106
-232
-495
-2020
-2619
-3259
-1609
-2206
-62
-392
-2120
-3283
-2595
-2143
-116
23
120
-212
123
-558
-3211
1657
-2001
-14212
-108
-88
-2686
-3392
-40
-3027
-15355
-73
273
-173
-298
-2111
-1543
-3360
-2276
-2411
3
-410
-2154
-1049
-2734
-3318
-1832
-3
-471
-263
-569
-2071
-3484
2201
-2292
-14864
-226
-540
-3509
-4006
63
-3565
-13953
-75
-576
-189
-156
-1933
1226
-1075
-1043
-1368
-316
728
-3447
1301
-1653
-2498
-1382
-73
1360
23
-226
-1539
-793
-1030
-1337
-18379
-68
378
-2877
-2837
-2432
-2201
-15979
139
198
-665
85
-3292
-16
-2984
-2613
-3073
-476
368
-3962
93
-4038
-2919
-1890
-213
454
220
1045
-2948
-3157
247
-2948
-12674
172
115
-4353
-3511
-483
-3287
-13780
268
567
-691
3370
-1788
-2380
-880
-2210
-2032
-495
2385
-2900
-2930
-3139
-3998
-3829
-317
2594
325
1336
-1062
-988
-1415
-2285
-22131
235
113
-1935
-3598
-854
-3784
-16540
347
844
-853
6428
-3943
-2868
-2066
-3222
-2615
-538
3039
-4202
-1898
-2271
-4150
-5265
-306
4030
550
1530
-622
557
-2410
-2998
-26032
403
-226
-1651
-3383
-53
-3944
-23551
635
596
-809
4301
-5022
-3091
-4995
-3818
-3640
-591
1486
-6433
-2345
-4614
-5910
-6587
-204
2303
545
-788
-637
-1587
-1246
-3721
-18799
443
269
-2511
-5869
448
-5304
-11858
536
314
-699
2422
-5138
-3483
-5225
-4045
-4389
-476
2187
-6179
-3222
-4743
-4871
-5003
-150
2425
231
-2009
-2489
-3835
506
-4199
-13940
297
-871
-3851
-5132
1459
-5672
-11735
393
-2159
-429
2201
-3678
-1718
-4371
-2031
-3274
-409
1742
-3689
-1344
-2636
-2724
-2534
-139
2559
55
-2409
-3755
-3831
2107
-3179
-17595
22
-2482
-4814
-3407
6
-3854
-18936
287
-2765
-275
181
-2902
136
-2872
-2659
-2963
-298
-458
-2230
1184
-1184
-2888
-2410
39
625
-137
-241
-3032
-3936
143
-3007
-13071
-265
-293
-3723
-3300
-1913
-3481
-16607
87
-374
-429
1315
-2939
157
-2011
-2095
-2753
-463
1498
-3693
1284
-1311
-3268
-4233
-259
1092
42
243
-3945
-1697
-842
-2737
-16310
15
738
-4753
-3196
-2157
-3310
-14524
298
656
-766
461
-3538
-3392
-2530
-3158
-3768
-696
1163
-5346
-3411
-1835
-5259
-5819
-315
1556
251
3067
-3604
-1728
-797
-3452
-26044
296
1532
-4783
-4801
-1805
-4794
-19017
505
906
-688
580
-5275
-5279
-4376
-5797
-5098
-488
592
-5688
-3743
-4063
-6703
-7219
-283
600
362
4711
-3482
862
-3370
-4880
-23261
446
2078
-3899
-5125
-2594
-6807
-18950
599
1549
-728
-502
-7913
-6225
-7839
-6815
-6053
-383
-476
-7811
-3439
-3271
-7547
-10134
-191
429
482
1540
-4875
4410
-3582
-5816
-19171
659
-217
-4386
-6374
-1450
-8037
-13361
827
-53
-762
-570
-6396
-3773
-6393
-5169
-4996
-356
-838
-7262
-1208
-2872
-6202
-7412
-131
-286
481
-4534
-3920
3588
-3768
-4770
-21704
550
-2108
-4680
-6077
-3241
-6939
-15273
776
-1668
-550
-757
-6384
-1909
-5225
-5191
-5583
-316
-1161
-8415
505
-5097
-6906
-6855
-60
-1528
134
-3634
-5086
-1886
-2529
-5335
-21983
221
-682
-6912
-7186
-4078
-8079
-12630
374
-1062
-327
852
-6800
-1050
-7074
-4010
-5955
-343
-298
-6502
1855
-6396
-5177
-6955
-58
-775
-81
-2937
-7353
-6099
2072
-5758
-16780
5
-1731
-6289
-5129
-1203
-6194
-17770
207
-1105
-478
133
-3265
248
-2157
-2397
-3116
-431
276
-4114
407
-2773
-4426
-2945
17
1051
-168
-1650
-3399
-3626
-782
-3013
-20465
-214
-2469
-4211
-3420
-3310
-4354
-18169
204
-1901
-431
-692
-3130
-1291
-2573
-2635
-2866
-225
-1449
-2700
-255
-2174
-2900
-2872
-259
-1733
4
391
-2906
-1508
55
-2709
-19317
24
890
-3705
-1502
-544
-2406
-21903
290
796
-555
148
-4640
-2837
-5261
-5223
-5014
-392
324
-5590
-1538
-3927
-6219
-8484
-338
30
134
1522
-3422
-1172
-2059
-4670
-20869
202
-33
-4490
-4215
-2770
-5137
-16069
366
-407
-481
-1067
-5998
-999
-7041
-6337
-5370
-270
-944
-6512
1112
-3527
-6679
-7647
-219
-1481
216
974
-4094
1093
-4171
-5178
-19935
123
-34
-4664
-5375
-5597
-6149
-17938
331
-542
-267
-3396
-5666
-2344
-7014
-5409
-4572
-190
-2706
-5409
122
-2506
-5081
-4166
-174
-2063
541
1272
-3404
3656
-3108
-4238
-25795
119
-2044
-5377
-4237
-5341
-5315
-24843
380
-1706
-44
-1581
-4002
-3432
-6632
-3759
-3710
-116
-1819
-4095
-1123
-3521
-4208
-2605
-151
-1587
510
-860
-2517
4041
-2518
-3609
-26020
-48
-1658
-5847
-4266
-3871
-4849
-21822
261
-1346
82
-125
-4722
-2299
-6224
-4327
-5134
24
-658
-3950
304
-3958
-3499
-2025
52
-581
-44
-699
-4011
1140
-4395
-5099
-11670
-326
674
-6269
-4452
-5691
-5026
-14975
-45
684
60
-684
-4821
-43
-4716
-1283
-4159
45
-831
-4122
1442
-3225
-3343
-3136
52
-116
-150
-2082
-5237
-2548
-2592
-4161
-17871
-274
-1060
-5174
-3826
-5025
-4092
-21465
44
-272
-116
-237
-3578
-471
-3469
-1388
-2984
-130
-783
-4397
81
-3926
-3902
-3295
-3
-897
-290
-2489
-2848
-2499
-572
-2900
-20176
-299
-3063
-3699
-3077
-2842
-3708
-16666
68
-2000
-327
-254
-3203
-593
-2071
-3381
-2784
-130
788
-2207
245
-3895
-3145
-3683
-158
454
-62
1007
-1904
-2476
-1364
-2635
-17094
-112
1138
-2759
-1227
-1859
-2369
-20775
185
1116
-343
153
-3864
-1333
-4422
-5240
-4467
-193
692
-3216
-878
-6109
-4446
-4725
-204
113
53
800
-1869
-2253
-3433
-4245
-12696
-16
-717
-3228
-2039
-3535
-3556
-16724
382
-456
-184
26
-4002
-2235
-2702
-4746
-3657
-72
-10
-4246
-1774
-4359
-4522
-3001
-195
-300
75
344
-981
-427
-4091
-3665
-16999
-183
432
-2515
-3084
-4807
-3781
-17661
95
321
-33
-1711
-3771
-3261
-3353
-4001
-3319
-38
-866
-3765
-2148
-4848
-3298
-767
-114
-23
122
848
393
-1566
-2677
-3432
-17355
-347
17
-1647
-3133
-4480
-2804
-21461
-24
-81
32
-2058
-2093
-3352
-3507
-2900
-2832
-16
-889
-2619
-2034
-5430
-3050
59
-34
-313
23
628
733
-1501
-2375
-2809
-17427
-425
-61
-2909
-3928
-4524
-2706
-18716
-84
335
47
-1879
-2445
-2678
-2425
-2100
-3377
51
-1265
-3212
-1369
-5782
-3132
442
43
-647
-273
-478
-448
-2092
-4631
-3358
-18363
-370
-114
-4464
-5012
-6469
-2584
-18585
-101
24
87
-1874
-4295
866
-1523
-1496
-4183
72
-473
-4082
1508
-4130
-3054
-1324
64
215
-351
-1585
-2695
-4238
-6928
-4261
-18142
-243
-549
-4663
-4372
-7798
-3124
-23655
-81
6
54
-951
-3024
1289
-2019
-463
-2270
-136
-672
-2839
1844
-3059
-2157
-1875
-107
-725
-267
-1147
-1331
-1874
-3709
-2228
-14775
-310
-1704
-2160
-2137
-4273
-1908
-17329
-177
-956
-276
-1024
-1301
-728
-1628
-1412
-2842
-341
-1569
-1107
-275
-3333
-2332
-3458
-147
-991
10
521
-3058
-3017
-2841
-2825
-14321
-176
709
-2417
-2242
-4944
-3099
-15847
133
354
-418
-1243
477
-3700
-1261
-939
-2667
-382
-1611
487
-3393
-4389
-1741
-1763
-180
-1132
18
619
-2074
-2834
-3080
-2569
-16501
-95
-80
-2377
-2602
-5118
-3031
-18717
266
-73
-274
-1450
-591
-3281
-604
-899
-1980
-291
-1644
-2132
-3957
-4890
-2879
-75
-120
-1562
-7
-570
-1130
-1970
-1951
-1914
-19250
-180
-491
-2637
-3468
-5003
-3552
-14197
138
-145
-387
-1450
-1545
-2513
-269
-285
-1279
-313
-1813
-2864
-3068
-3392
-1807
220
-190
-1729
-65
-366
196
-1445
-1327
-1165
-19459
-275
-99
-419
-2950
-4237
-2722
-16587
-21
64
-402
-1912
-1545
-2231
-141
-295
-1209
-341
-1672
-2520
-2466
-2784
-1065
1027
-151
-1543
-67
104
147
-1746
-1300
-1085
-18343
-268
323
-958
-2826
-4219
-1857
-18993
-49
137
-385
-2109
-2340
-2249
256
-812
-2239
-283
-1541
-3596
-1969
-3106
-1879
575
25
-1779
-298
-201
-195
-3050
-3021
-2164
-17856
-279
286
-2182
-4282
-5867
-2767
-18410
-135
679
-267
-1956
-2059
264
-622
-179
-1990
-246
-1515
-3834
199
-3553
-2794
-826
-16
-1771
-350
-1961
-2118
-2238
-2730
-1921
-22676
-326
-677
-3487
-4081
-6513
-3475
-18248
-73
71
-127
-1356
-1171
349
-1181
327
-1030
-239
-954
-1095
571
-2249
-1208
-854
-109
-835
-261
-930
-1672
-620
-1194
-916
-17358
-394
-1472
-2188
-1421
-3348
-1314
-17305
-190
-1432
0
0
0
0
0
0
0
0
0
0
0
-1255
-1160
-1246
-681
-908
0
0
0
0
0
0
0
0
0
0
0
1673
-968
-844
-809
-14153
0
0
0
0
0
0
0
0
0
0
0
-1139
-644
-583
-274
-737
0
0
0
0
0
0
0
0
0
0
0
853
-1576
-426
-499
-15384
0
0
0
0
0
0
0
0
0
0
0
-1373
-331
-792
-659
-1070
0
0
0
0
0
0
0
0
0
0
0
1025
-2212
-1117
-801
-16772
0
0
0
0
0
0
0
0
0
0
0
-1686
-947
-1248
-428
-1591
0
0
0
0
0
0
0
0
0
0
0
617
-3334
-1104
-1291
-16256
0
0
0
0
0
0
0
0
0
0
0
-1760
-1452
-425
189
-1674
0
0
0
0
0
0
0
0
0
0
0
174
-3948
-1248
-1350
-15668
0
0
0
0
0
0
0
0
0
0
0
-1042
-961
259
486
-1139
0
0
0
0
0
0
0
0
0
0
0
65
-3107
-1140
-835
-16556
0
0
0
0
0
0
0
0
0
0
0
-562
-490
230
489
-806
0
0
0
0
0
0
0
0
0
0
0
246
-2612
-1138
-506
-17147
0
0
0
0
0
0
0
0
0
0
0
-743
-333
-308
-40
-918
0
0
0
0
0
0
0
0
0
0
0
673
-1937
-2101
-720
-13255
0
0
0
0
0
0
0
0
0
0
0
-2197
-1467
-1762
-77
-1491
0
0
0
0
0
0
0
0
0
0
0
1881
-1867
-2213
-1467
-12636
0
0
0
0
0
0
0
0
0
0
0
-2502
-1463
118
-698
-1824
0
0
0
0
0
0
0
0
0
0
0
660
-2787
-2784
-1804
-16886
0
0
0
0
0
0
0
0
0
0
0
-2573
-1278
400
-1588
-1669
0
0
0
0
0
0
0
0
0
0
0
1512
-3263
-2070
-1599
-17546
0
0
0
0
0
0
0
0
0
0
0
-2977
-2325
-956
-1716
-2085
0
0
0
0
0
0
0
0
0
0
0
1571
-3975
-952
-1962
-15735
0
0
0
0
0
0
0
0
0
0
0
-3480
-2675
-1108
-1093
-2324
0
0
0
0
0
0
0
0
0
0
0
1024
-4468
-1396
-2208
-12548
0
0
0
0
0
0
0
0
0
0
0
-2144
-1856
-76
-666
-1408
0
0
0
0
0
0
0
0
0
0
0
887
-3023
-1940
-1425
-18889
0
0
0
0
0
0
0
0
0
0
0
-1615
-1594
-755
-650
-1371
0
0
0
0
0
0
0
0
0
0
0
1108
-2687
-1222
-1317
-15535
0
0
0
0
0
0
0
0
0
0
0
-1298
-1257
-1099
-688
-1152
0
0
0
0
0
0
0
0
0
0
0
1369
-1663
-1605
-1152
-14977
0
0
0
0
0
0
0
0
0
0
0
-1444
-578
-961
57
-966
0
0
0
0
0
0
0
0
0
0
0
782
-1115
-1861
-883
-15881
0
0
0
0
0
0
0
0
0
0
0
-1599
-536
93
-365
-1027
0
0
0
0
0
0
0
0
0
0
0
-53
-2040
-1370
-908
-17002
0
0
0
0
0
0
0
0
0
0
0
-1493
-922
-237
-432
-790
0
0
0
0
0
0
0
0
0
0
0
570
-1266
-927
-664
-17170
0
0
0
0
0
0
0
0
0
0
0
-1809
-1320
-775
-335
-934
0
0
0
0
0
0
0
0
0
0
0
1160
-1746
-859
-741
-17476
0
0
0
0
0
0
0
0
0
0
0
-2136
-2099
-1701
-222
-1284
0
0
0
0
0
0
0
0
0
0
0
1584
-2219
-1433
-1236
-22752
0
0
0
0
0
0
0
0
0
0
0
-1383
-1825
-1740
-920
-1053
0
0
0
0
0
0
0
0
0
0
0
1565
-2014
-506
-1004
-21667
0
0
0
0
0
0
0
0
0
0
0
-1518
-1416
-1931
-752
-1143
0
0
0
0
0
0
0
0
0
0
0
171
-2413
1296
-1031
-16893
0
0
0
0
0
0
0
0
0
0
0
-1360
-1302
-2026
-630
-1311
0
0
0
0
0
0
0
0
0
0
0
-72
-2525
1345
-1100
-16735
0
0
0
0
0
0
0
0
0
0
0
-1198
-103
-1204
-455
-1036
0
0
0
0
0
0
0
0
0
0
0
-741
175
-1058
-926
-16610
0
0
0
0
0
0
0
0
0
0
0
-2193
-549
-1713
-1383
-1624
0
0
0
0
0
0
0
0
0
0
0
-1972
-1237
339
-1435
-15973
0
0
0
0
0
0
0
0
0
0
0
-2239
-2757
-1339
-2114
-2317
0
0
0
0
0
0
0
0
0
0
0
-1865
1258
-2829
-2115
-17936
0
0
0
0
0
0
0
0
0
0
0
-5358
-4959
-4414
-2300
-4565
0
0
0
0
0
0
0
0
0
0
0
-3387
3322
-5590
-4326
-15277
0
0
0
0
0
0
0
0
0
0
0
-5930
-5020
-5683
-2556
-4929
0
0
0
0
0
0
0
0
0
0
0
-2982
1115
-4686
-4960
-10170
0
0
0
0
0
0
0
0
0
0
0
-4266
-3469
-4347
-3480
-4153
0
0
0
0
0
0
0
0
0
0
0
-3783
-575
-1054
-4068
-13802
0
0
0
0
0
0
0
0
0
0
0
-2912
-1824
-3589
-1337
-2873
0
0
0
0
0
0
0
0
0
0
0
-3368
-1905
864
-2713
-17765
0
0
0
0
0
0
0
0
0
0
0
-1547
-481
-1689
-819
-1494
0
0
0
0
0
0
0
0
0
0
0
-703
-2495
442
-1257
-16931
0
0
0
0
0
0
0
0
0
0
0
-2376
-1562
-2218
-2994
-2768
0
0
0
0
0
0
0
0
0
0
0
-3272
-192
-1284
-2765
-11581
0
0
0
0
0
0
0
0
0
0
0
-4811
-4083
-1650
-4203
-3880
0
0
0
0
0
0
0
0
0
0
0
-4169
1394
-3342
-3809
-21016
0
0
0
0
0
0
0
0
0
0
0
-7339
-6146
-5750
-7582
-6044
0
0
0
0
0
0
0
0
0
0
0
-5766
6425
-6543
-6142
-14748
0
0
0
0
0
0
0
0
0
0
0
-13380
-12098
-12643
-11826
-11958
0
0
0
0
0
0
0
0
0
0
0
-12291
10751
-10080
-12102
13040
0
0
0
0
0
0
0
0
0
0
0
-9477
-8411
-10086
-7403
-8288
0
0
0
0
0
0
0
0
0
0
0
-9158
8847
-7761
-8285
-3405
0
0
0
0
0
0
0
0
0
0
0
-4278
-3638
-5355
-3069
-4545
0
0
0
0
0
0
0
0
0
0
0
-6415
2244
-3706
-4453
-23649
0
0
0
0
0
0
0
0
0
0
0
-4857
-2856
-5828
-468
-4520
0
0
0
0
0
0
0
0
0
0
0
-6806
-3203
-31
-4519
-18802
0
0
0
0
0
0
0
0
0
0
0
-1925
-772
-1620
214
-1761
0
0
0
0
0
0
0
0
0
0
0
-2201
-2071
-892
-1561
-22902
0
0
0
0
0
0
0
0
0
0
0
-2826
-2154
-3436
-2634
-3090
0
0
0
0
0
0
0
0
0
0
0
-1948
-1109
-1337
-3163
-14169
0
0
0
0
0
0
0
0
0
0
0
-4038
-2080
-2586
-4211
-2916
0
0
0
0
0
0
0
0
0
0
0
-1787
177
-2614
-2960
-25922
0
0
0
0
0
0
0
0
0
0
0
-5749
-1789
-5912
-5986
-4277
0
0
0
0
0
0
0
0
0
0
0
-3333
3429
-4195
-4437
-20727
0
0
0
0
0
0
0
0
0
0
0
-6787
-4189
-9267
-5569
-5633
0
0
0
0
0
0
0
0
0
0
0
-5596
6390
-5187
-5633
-18615
0
0
0
0
0
0
0
0
0
0
0
-6130
-5322
-9093
-3419
-5222
0
0
0
0
0
0
0
0
0
0
0
-5337
6054
-5183
-5190
-17707
0
0
0
0
0
0
0
0
0
0
0
-3838
-2714
-7131
-2188
-3970
0
0
0
0
0
0
0
0
0
0
0
-4390
2066
-3480
-4043
-16651
0
0
0
0
0
0
0
0
0
0
0
-5241
-2838
-6103
1835
-4925
0
0
0
0
0
0
0
0
0
0
0
-5849
-3195
-3636
-4901
-12407
0
0
0
0
0
0
0
0
0
0
0
-2644
-1718
-2849
1227
-2249
0
0
0
0
0
0
0
0
0
0
0
-2613
-1680
-1547
-2056
-20531
0
0
0
0
0
0
0
0
0
0
0
-2845
-1422
-3055
-3340
-2844
0
0
0
0
0
0
0
0
0
0
0
-850
-1164
-1781
-3067
-13118
0
0
0
0
0
0
0
0
0
0
0
-3554
-660
-3365
-3409
-2960
0
0
0
0
0
0
0
0
0
0
0
-1031
-1230
-2755
-3020
-15567
0
0
0
0
0
0
0
0
0
0
0
-3691
-1939
-2827
-2957
-3067
0
0
0
0
0
0
0
0
0
0
0
-1176
200
-4271
-3171
-16874
0
0
0
0
0
0
0
0
0
0
0
-3086
-2543
-3954
-2143
-2566
0
0
0
0
0
0
0
0
0
0
0
-451
116
-2773
-2702
-19508
0
0
0
0
0
0
0
0
0
0
0
-3375
-2878
-4219
-2016
-2523
0
0
0
0
0
0
0
0
0
0
0
381
181
-2415
-2655
-16918
0
0
0
0
0
0
0
0
0
0
0
-3626
-2532
-3500
-1369
-3294
0
0
0
0
0
0
0
0
0
0
0
231
-2387
-4349
-3424
-15884
0
0
0
0
0
0
0
0
0
0
0
-4637
-331
-2650
180
-3759
0
0
0
0
0
0
0
0
0
0
0
-890
-4473
-6411
-3775
-16554
0
0
0
0
0
0
0
0
0
0
0
-2660
23
-2181
24
-2143
0
0
0
0
0
0
0
0
0
0
0
-651
-1042
-4198
-2067
-12230
0
0
0
0
0
0
0
0
0
0
0
-1486
-547
-1277
-1642
-1633
0
0
0
0
0
0
0
0
0
0
0
-692
-1026
-2265
-1591
-16738
0
0
0
0
0
0
0
0
0
0
0
-1080
-1988
-959
-1687
-1861
0
0
0
0
0
0
0
0
0
0
0
-14
-2073
-2554
-1742
-17603
0
0
0
0
0
0
0
0
0
0
0
-1687
-2541
-573
-1794
-1993
0
0
0
0
0
0
0
0
0
0
0
-473
-1427
-2363
-1835
-16100
0
0
0
0
0
0
0
0
0
0
0
-1289
-1832
-681
-846
-1141
0
0
0
0
0
0
0
0
0
0
0
7
-407
-2024
-1066
-17661
0
0
0
0
0
0
0
0
0
0
0
-1604
-1557
-540
-1288
-1091
0
0
0
0
0
0
0
0
0
0
0
611
-699
-1417
-1020
-17519
0
0
0
0
0
0
0
0
0
0
0
-2582
-1717
182
-2165
-1750
0
0
0
0
0
0
0
0
0
0
0
1490
-2537
-2481
-1680
-17449
0
0
0
0
0
0
0
0
0
0
0
-2226
-20
-338
-1042
-1274
0
0
0
0
0
0
0
0
0
0
0
351
-1542
-2406
-1158
-21792
0
0
0
0
0
0
0
0
0
0
0
-1111
185
-985
-600
-757
0
0
0
0
0
0
0
0
0
0
0
-212
438
-1827
-586
-16238
0
0
0
0
0
0
0
0
0
0
0
0
0
0
0
0
0
0
0
0
0
0
0
0
0
0
0
0
0
0
0
0
0
0
0
0
0
0
0
0
0
0
0
0
0
0
0
0
0
0
0
0
0
0
0
0
0
0
0
0
0
0
0
0
0
0
0
0
0
0
0
0
0
0
0
0
0
0
0
0
0
0
0
0
0
0
0
0
0
0
0
0
0
0
0
0
0
0
0
0
0
0
0
0
0
0
0
0
0
0
0
0
0
0
0
0
0
0
0
0
0
0
0
0
0
0
0
0
0
0
0
0
0
0
0
0
0
0
0
0
0
0
0
0
0
0
0
0
0
0
0
0
0
0
0
0
0
0
0
0
0
0
0
0
0
0
0
0
0
0
0
0
0
0
0
0
0
0
0
0
0
0
0
0
0
0
0
0
0
0
0
0
0
0
0
0
0
0
0
0
0
0
0
0
0
0
0
0
0
0
0
0
0
0
0
0
0
0
0
0
0
0
0
0
0
0
0
0
0
0
0
0
0
0
0
0
0
0
0
0
0
0
0
0
0
0
0
0
0
0
0
0
0
0
0
0
0
0
0
0
0
0
0
0
0
0
0
0
0
0
0
0
0
0
0
0
0
0
0
0
0
0
0
0
0
0
0
0
0
0
0
0
0
0
0
0
0
0
0
0
0
0
0
0
0
0
0
0
0
0
0
0
0
0
0
0
0
0
0
0
0
0
0
0
0
0
0
0
0
0
0
0
0
0
0
0
0
0
0
0
0
0
0
0
0
0
0
0
0
0
0
0
0
0
0
0
0
0
0
0
0
0
0
0
0
0
0
0
0
0
0
0
0
0
0
0
0
0
0
0
0
0
0
0
0
0
0
0
0
0
0
0
0
0
0
0
0
0
0
0
0
0
0
0
0
0
0
0
0
0
0
0
0
0
0
0
0
0
0
0
0
0
0
0
0
0
0
0
0
0
0
0
0
0
0
0
0
0
0
0
0
0
0
0
0
0
0
0
0
0
0
0
0
0
0
0
0
0
0
0
0
0
0
0
0
0
0
0
0
0
0
0
0
0
0
0
0
0
0
0
0
0
0
0
0
0
0
0
0
0
0
0
0
0
0
0
0
0
0
0
0
0
0
0
0
0
0
0
0
0
0
0
0
0
0
0
0
0
0
0
0
0
0
0
0
0
0
0
0
0
0
0
0
0
0
0
0
0
0
0
0
0
0
0
0
0
0
0
0
0
0
0
0
0
0
0
0
0
0
0
0
0
0
0
0
0
0
0
0
0
0
0
0
0
0
0
0
0
0
0
0
0
0
0
0
0
0
0
0
0
0
0
0
0
0
0
0
0
0
0
0
0
0
0
0
0
0
0
0
0
0
0
0
0
0
0
0
0
0
0
0
0
0
0
0
0
0
0
0
0
0
0
0
0
0
0
0
0
0
0
0
0
0
0
0
0
0
0
0
0
0
0
0
0
0
0
0
0
0
0
0
0
0
0
0
0
0
0
0
0
0
0
0
0
0
0
0
0
0
0
0
0
0
0
0
0
0
0
0
0
0
0
0
0
0
0
0
0
0
0
0
0
0
0
0
0
0
0
0
0
0
0
0
0
0
0
0
0
0
0
0
0
0
0
0
0
0
0
0
0
0
0
0
0
0
0
0
0
0
0
0
0
0
0
0
0
0
0
0
0
0
0
0
0
0
0
0
0
0
0
0
0
0
0
0
0
0
0
0
0
0
0
0
0
0
0
0
0
0
0
0
0
0
0
0
0
0
0
0
0
0
0
0
0
0
0
0
0
0
0
0
0
0
0
0
0
0
0
0
0
0
0
0
0
0
0
0
0
0
0
0
0
0
0
0
0
0
0
0
0
0
0
0
0
0
0
0
0
0
0
0
0
0
0
0
0
0
0
0
0
0
0
0
0
0
0
0
0
0
0
0
0
0
0
0
0
0
0
0
0
0
0
0
0
0
0
0
0
0
0
0
0
0
0
0
0
0
0
0
0
0
0
0
0
0
0
0
0
0
0
0
0
0
0
0
0
0
0
0
0
0
0
0
0
0
0
0
0
0
0
0
0
0
0
0
0
0
0
0
0
0
0
0
0
0
0
0
0
0
0
0
0
0
0
0
0
0
0
0
0
0
0
0
0
0
0
0
0
0
0
0
0
0
0
0
0
0
0
0
0
0
0
0
0
0
0
0
0
0
0
0
0
0
0
0
0
0
0
0
0
0
0
0
0
0
0
0
0
0
0
0
0
0
0
0
0
0
0
0
0
0
0
0
0
0
0
0
0
0
0
0
0
0
0
0
0
0
0
0
0
0
0
0
0
0
0
0
0
0
0
0
0
0
0
0
0
0
0
0
0
0
0
0
0
0
0
0
0
0
0
0
0
0
0
0
0
0
0
0
0
0
0
0
0
0
0
0
0
0
0
0
0
0
0
0
0
0
0
0
0
0
0
0
0
0
0
0
0
0
0
0
0
0
0
0
0
0
0
0
0
0
0
0
0
0
0
0
0
0
0
0
0
0
0
0
0
0
0
0
0
0
0
0
0
0
0
0
0
0
0
0
0
0
0
0
0
0
0
0
0
0
0
0
0
0
0
0
0
0
0
0
0
0
0
0
0
0
0
0
0
0
0
0
0
0
0
0
0
0
0
0
0
0
0
0
0
0
0
0
0
0
0
0
0
0
0
0
0
0
0
0
0
0
0
0
0
0
0
0
0
0
0
0
0
0
0
0
0
0
0
0
0
0
0
0
0
0
0
0
0
0
0
0
0
0
0
0
0
0
0
0
0
0
0
0
0
0
0
0
0
0
0
0
0
0
0
0
0
0
0
0
0
0
0
0
0
0
0
0
0
0
0
0
0
0
0
0
0
0
0
0
0
0
0
0
0
0
0
0
0
0
0
0
0
0
0
0
0
0
0
0
0
0
0
0
0
0
0
0
0
0
0
0
0
0
0
0
0
0
0
0
0
0
0
0
0
0
0
0
0
0
0
0
0
0
0
0
0
0
0
0
0
0
0
0
0
0
0
0
0
0
0
0
0
0
0
0
0
0
0
0
0
0
0
0
0
0
0
0
0
0
0
0
0
0
0
0
0
0
0
0
0
0
0
0
0
0
0
0
0
0
0
0
0
0
0
0
0
0
0
0
0
0
0
0
0
0
0
0
0
0
0
0
0
0
0
0
0
0
0
0
0
0
0
0
0
0
0
0
0
0
0
0
0
0
0
0
0
0
0
0
0
0
0
0
0
0
0
0
0
0
0
0
0
0
0
0
0
0
0
0
0
0
0
0
0
0
0
0
0
0
0
0
0
0
0
0
0
0
0
0
0
0
0
0
0
0
0
0
0
0
0
0
0
0
0
0
0
0
0
0
0
0
0
0
0
0
0
0
0
0
0
0
0
0
0
0
0
0
0
0
0
0
0
0
0
0
0
0
0
0
0
0
0
0
0
0
0
0
0
0
0
0
0
0
0
0
0
0
0
0
0
0
0
0
0
0
0
0
0
0
0
0
0
0
0
0
0
0
0
0
0
0
0
0
0
0
0
0
0
0
0
0
0
0
0
0
0
0
0
0
0
0
0
0
0
0
0
0
0
0
0
0
0
0
0
0
0
0
0
0
0
0
0
0
0
0
0
0
0
0
0
0
0
0
0
0
0
0
0
0
0
0
0
0
0
0
0
0
0
0
0
0
0
0
0
0
0
0
0
0
0
0
0
0
0
0
0
0
0
0
0
0
0
0
0
0
0
0
0
0
0
0
0
0
0
0
0
0
0
0
0
0
0
0
0
0
0
0
0
0
0
0
0
0
0
0
0
0
0
0
0
0
0
0
0
0
0
0
0
0
0
0
0
0
0
0
0
0
0
0
0
0
0
0
0
0
0
0
0
0
0
0
0
0
0
0
0
0
0
0
0
0
0
0
0
0
0
0
0
0
0
0
0
0
0
0
0
0
0
0
0
0
0
0
0
0
0
0
0
0
0
0
0
0
0
0
0
0
0
0
0
0
0
0
0
0
0
0
0
0
0
0
0
0
0
0
0
0
0
0
0
0
0
0
0
0
0
0
0
0
0
0
0
0
0
0
0
0
0
0
0
0
0
0
0
0
0
0
0
0
0
0
0
0
0
0
0
0
0
0
0
0
0
0
0
0
0
0
0
0
0
0
0
0
0
0
0
0
0
0
0
0
0
0
0
0
0
0
0
0
0
0
0
0
0
0
0
0
0
0
0
0
0
0
0
0
0
0
0
0
0
0
0
0
0
0
0
0
0
0
0
0
0
0
0
0
0
0
0
0
0
0
0
0
0
0
0
0
0
0
0
0
0
0
0
0
0
0
0
0
0
0
0
0
0
0
0
0
0
0
0
0
0
0
0
0
0
0
0
0
0
0
0
0
0
0
0
0
0
0
0
0
0
0
0
0
0
0
0
0
0
0
0
0
0
0
0
0
0
0
0
0
0
0
0
0
0
0
0
0
0
0
0
0
0
0
0
0
0
0
0
0
0
0
0
0
0
0
0
0
0
0
0
0
0
0
0
0
0
0
0
0
0
0
0
0
0
0
0
0
0
0
0
0
0
0
0
0
0
0
0
0
0
0
0
0
0
0
0
0
0
0
0
0
0
0
0
0
0
0
0
0
0
0
0
0
0
0
0
0
0
0
0
0
0
0
0
0
0
0
0
0
0
0
0
0
0
0
0
0
0
0
0
0
0
0
0
0
0
0
0
0
0
0
0
0
0
0
0
0
0
0
0
0
0
0
0
0
0
0
0
0
0
0
0
0
0
0
0
0
0
0
0
0
0
0
0
0
0
0
0
0
0
0
0
0
0
0
0
0
0
0
0
0
0
0
0
0
0
0
0
0
0
0
0
0
0
0
0
0
0
0
0
0
0
0
0
0
0
0
0
0
0
0
0
0
0
0
0
0
0
0
0
0
0
0
0
0
0
0
0
0
0
0
0
0
0
0
0
0
0
0
0
0
0
0
0
0
0
0
0
0
0
0
0
0
0
0
0
0
0
0
0
0
0
0
0
0
0
0
0
0
0
0
0
0
0
0
0
0
0
0
0
0
0
0
0
0
0
0
0
0
0
0
0
0
0
0
0
0
0
0
0
0
0
0
0
0
0
0
0
0
0
0
0
0
0
0
0
0
0
0
0
0
0
0
0
0
0
0
0
0
0
0
0
0
0
0
0
0
0
0
0
0
0
0
0
0
0
0
0
0
0
0
0
0
0
0
0
0
0
0
0
0
0
0
0
0
0
0
0
0
0
0
0
0
0
0
0
0
0
0
0
0
0
0
0
0
0
0
0
0
0
0
0
0
0
0
0
0
0
0
0
0
0
0
0
0
0
0
0
0
0
0
0
0
0
0
0
0
0
0
0
0
0
0
0
0
0
0
0
0
0
0
0
0
0
0
0
0
0
0
0
0
0
0
0
0
0
0
0
0
0
0
0
0
0
0
0
0
0
0
0
0
0
0
0
0
0
0
0
0
0
0
0
0
0
0
0
0
0
0
0
0
0
0
0
0
0
0
0
0
0
0
0
0
0
0
0
0
0
0
0
0
0
0
0
0
0
0
0
0
0
0
0
0
0
0
0
0
0
0
0
0
0
0
0
0
0
0
0
0
0
0
0
0
0
0
0
0
0
0
0
0
0
0
0
0
0
0
0
0
0
0
0
0
0
0
0
0
0
0
0
0
0
0
0
0
0
0
0
0
0
0
0
0
0
0
0
0
0
0
0
0
0
0
0
0
0
0
0
0
0
0
0
0
0
0
0
0
0
0
0
0
0
0
0
0
0
0
0
0
0
0
0
0
0
0
0
0
0
0
0
0
0
0
0
0
0
0
0
0
0
0
0
0
0
0
0
0
0
0
0
0
0
0
0
0
0
0
0
0
0
0
0
0
0
0
0
0
0
0
0
0
0
0
0
0
0
0
0
0
0
0
0
0
0
0
0
0
0
0
0
0
0
0
0
0
0
0
0
0
0
0
0
0
0
0
0
0
0
0
0
0
0
0
0
0
0
0
0
0
0
0
0
0
0
0
0
0
0
0
0
0
0
0
0
0
0
0
0
0
0
0
0
0
0
0
0
0
0
0
0
0
0
0
0
0
0
0
0
0
0
0
0
0
0
0
0
0
0
0
0
0
0
0
0
0
0
0
0
0
0
0
0
0
0
0
0
0
0
0
0
0
0
0
0
0
0
0
0
0
0
0
0
0
0
0
0
0
0
0
0
0
0
0
0
0
0
0
0
0
0
0
0
0
0
0
0
0
0
0
0
0
0
0
0
0
0
0
0
0
0
0
0
0
0
0
0
0
0
0
0
0
0
0
0
0
0
0
0
0
0
0
0
0
0
0
0
0
0
0
0
0
0
0
0
0
0
0
0
0
0
0
0
0
0
0
0
0
0
0
0
0
0
0
0
0
0
0
0
0
0
0
0
0
0
0
0
0
0
0
0
0
0
0
0
0
0
0
0
0
0
0
0
0
0
0
0
0
0
0
0
0
0
0
0
0
0
0
0
0
0
0
0
0
0
0
0
0
0
0
0
0
0
0
0
0
0
0
0
0
0
0
0
0
0
0
0
0
0
0
0
0
0
0
0
0
0
0
0
0
0
0
0
0
0
0
0
0
0
0
0
0
0
0
0
0
0
0
0
0
0
0
0
0
0
0
0
0
0
0
0
0
0
0
0
0
0
0
0
0
0
0
0
0
0
0
0
0
0
0
0
0
0
0
0
0
0
0
0
0
0
0
0
0
0
0
0
0
0
0
0
0
0
0
0
0
0
0
0
0
0
0
0
0
0
0
0
0
0
0
0
0
0
0
0
0
0
0
0
0
0
0
0
0
0
0
0
0
0
0
0
0
0
0
0
0
0
0
0
0
0
0
0
0
0
0
0
0
0
0
0
0
0
0
0
0
0
0
0
0
0
0
0
0
0
0
0
0
0
0
0
0
0
0
0
0
0
0
0
0
0
0
0
0
0
0
0
0
0
0
0
0
0
0
0
0
0
0
0
0
0
0
0
0
0
0
0
0
0
0
0
0
0
0
0
0
0
0
0
0
0
0
0
0
0
0
0
0
0
0
0
0
0
0
0
0
0
0
0
0
0
0
0
0
0
0
0
0
0
0
0
0
0
0
0
0
0
0
0
0
0
0
0
0
0
0
0
0
0
0
0
0
0
0
0
0
0
0
0
0
0
0
0
0
0
0
0
0
0
0
0
0
0
0
0
0
0
0
0
0
0
0
0
0
0
0
0
0
0
0
0
0
0
0
0
0
0
0
0
0
0
0
0
0
0
0
0
0
0
0
0
0
0
0
0
0
0
0
0
0
0
0
0
0
0
0
0
0
0
0
0
0
0
0
0
0
0
0
0
0
0
0
0
0
0
0
0
0
0
0
0
0
0
0
0
0
0
0
0
0
0
0
0
0
0
0
0
0
0
0
0
0
0
0
0
0
0
0
0
0
0
0
0
0
0
0
0
0
0
0
0
0
0
0
0
0
0
0
0
0
0
0
0
0
0
0
0
0
0
0
0
0
0
0
0
0
0
0
0
0
0
0
0
0
0
0
0
0
0
0
0
0
0
0
0
0
0
0
0
0
0
0
0
0
0
0
0
0
0
0
0
0
0
0
0
0
0
0
0
0
0
0
0
0
0
0
0
0
0
0
0
0
0
0
0
0
0
0
0
0
0
0
0
0
0
0
0
0
0
0
0
0
0
0
0
0
0
0
0
0
0
0
0
0
0
0
0
0
0
0
0
0
0
0
0
0
0
0
0
0
0
0
0
0
0
0
0
0
0
0
0
0
0
0
0
0
0
0
0
0
0
0
0
0
0
0
0
0
0
0
0
0
0
0
0
0
0
0
0
0
0
0
0
0
0
0
0
0
0
0
0
0
0
0
0
0
0
0
0
0
0
0
0
0
0
0
0
0
0
0
0
0
0
0
0
0
0
0
0
0
0
0
0
0
0
0
0
0
0
0
0
0
0
0
0
0
0
0
0
0
0
0
0
0
0
0
0
0
0
0
0
0
0
0
0
0
0
0
0
0
0
0
0
0
0
0
0
0
0
0
0
0
0
0
0
0
0
0
0
0
0
0
0
0
0
0
0
0
0
0
0
0
0
0
0
0
0
0
0
0
0
0
0
0
0
0
0
0
0
0
0
0
0
0
0
0
0
0
0
0
0
0
0
0
0
0
0
0
0
0
0
0
0
0
0
0
0
0
0
0
0
0
0
0
0
0
0
0
0
0
0
0
0
0
0
0
0
0
0
0
0
0
0
0
0
0
0
0
0
0
0
0
0
0
0
0
0
0
0
0
0
0
0
0
0
0
0
0
0
0
0
0
0
0
0
0
0
0
0
0
0
0
0
0
0
0
0
0
0
0
0
0
0
0
0
0
0
0
0
0
0
0
0
0
0
0
0
0
0
0
0
0
0
0
0
0
0
0
0
0
0
0
0
0
0
0
0
0
0
0
0
0
0
0
0
0
0
0
0
0
0
0
0
0
0
0
0
0
0
0
0
0
0
0
0
0
0
0
0
0
0
0
0
0
0
0
0
0
0
0
0
0
0
0
0
0
0
0
0
0
0
0
0
0
0
0
0
0
0
0
0
0
0
0
0
0
0
0
0
0
0
0
0
0
0
0
0
0
0
0
0
0
0
0
0
0
0
0
0
0
0
0
0
0
0
0
0
0
0
0
0
0
0
0
0
0
0
0
0
0
0
0
0
0
0
0
0
0
0
0
0
0
0
0
0
0
0
0
0
0
0
0
0
0
0
0
0
0
0
0
0
0
0
0
0
0
0
0
0
0
0
0
0
0
0
0
0
0
0
0
0
0
0
0
0
0
0
0
0
0
0
0
0
0
0
0
0
0
0
0
0
0
0
0
0
0
0
0
0
0
0
0
0
0
0
0
0
0
0
0
0
0
0
0
0
0
0
0
0
0
0
0
0
0
0
0
0
0
0
0
0
0
0
0
0
0
0
0
0
0
0
0
0
0
0
0
0
0
0
0
0
0
0
0
0
0
0
0
0
0
0
0
0
0
0
0
0
0
0
0
0
0
0
0
0
0
0
0
0
0
0
0
0
0
0
0
0
0
0
0
0
0
0
0
0
0
0
0
0
0
0
0
0
0
0
0
0
0
0
0
0
0
0
0
0
0
0
0
0
0
0
0
0
0
0
0
0
0
0
0
0
0
0
0
0
0
0
0
0
0
0
0
0
0
0
0
0
0
0
0
0
0
0
0
0
0
0
0
0
0
0
0
0
0
0
0
0
0
0
0
0
0
0
0
0
0
0
0
0
0
0
0
0
0
0
0
0
0
0
0
0
0
0
0
0
0
0
0
0
0
0
0
0
0
0
0
0
0
0
0
0
0
0
0
0
0
0
0
0
0
0
0
0
0
0
0
0
0
0
0
0
0
0
0
0
0
0
0
0
0
0
0
0
0
0
0
0
0
0
0
0
0
0
0
0
0
0
0
0
0
0
0
0
0
0
0
0
0
0
0
0
0
0
0
0
0
0
0
0
0
0
0
0
0
0
0
0
0
0
0
0
0
0
0
0
0
0
0
0
0
0
0
0
0
0
0
0
0
0
0
0
0
0
0
0
0
0
0
0
0
0
0
0
0
0
0
0
0
0
0
0
0
0
0
0
0
0
0
0
0
0
0
0
0
0
0
0
0
0
0
0
0
0
0
0
0
0
0
0
0
0
0
0
0
0
0
0
0
0
0
0
0
0
0
0
0
0
0
0
0
0
0
0
0
0
0
0
0
0
0
0
0
0
0
0
0
0
0
0
0
0
0
0
0
0
0
0
0
0
0
0
0
0
0
0
0
0
0
0
0
0
0
0
0
0
0
0
0
0
0
0
0
0
0
0
0
0
0
0
0
0
0
0
0
0
0
0
0
0
0
0
0
0
0
0
0
0
0
0
0
0
0
0
0
0
0
0
0
0
0
0
0
0
0
0
0
0
0
0
0
0
0
0
0
0
0
0
0
0
0
0
0
0
0
0
0
0
0
0
0
0
0
0
0
0
0
0
0
0
0
0
0
0
0
0
0
0
0
0
0
0
0
0
0
0
0
0
0
0
0
0
0
0
0
0
0
0
0
0
0
0
0
0
0
0
0
0
0
0
0
0
0
0
0
0
0
0
0
0
0
0
0
0
0
0
0
0
0
0
0
0
0
0
0
0
0
0
0
0
0
0
0
0
0
0
0
0
0
0
0
0
0
0
0
0
0
0
0
0
0
0
0
0
0
0
0
0
0
0
0
0
0
0
0
0
0
0
0
0
0
0
0
0
0
0
0
0
0
0
0
0
0
0
0
0
0
0
0
0
0
0
0
0
0
0
0
0
0
0
0
0
0
0
0
0
0
0
0
0
0
0
0
0
0
0
0
0
0
0
0
0
0
0
0
0
0
0
0
0
0
0
0
0
0
0
0
0
0
0
0
0
0
0
0
0
0
0
0
0
0
0
0
0
0
0
0
0
0
0
0
0
0
0
0
0
0
0
0
0
0
0
0
0
0
0
0
0
0
0
0
0
0
0
0
0
0
0
0
0
0
0
0
0
0
0
0
0
0
0
0
0
0
0
0
0
0
0
0
0
0
0
0
0
0
0
0
0
0
0
0
0
0
0
0
0
0
0
0
0
0
0
0
0
0
0
0
0
0
0
0
0
0
0
0
0
0
0
0
0
0
0
0
0
0
0
0
0
0
0
0
0
0
0
0
0
0
0
0
0
0
0
0
0
0
0
0
0
0
0
0
0
0
0
0
0
0
0
0
0
0
0
0
0
0
0
0
0
0
0
0
0
0
0
0
0
0
0
0
0
0
0
0
0
0
0
0
0
0
0
0
0
0
0
0
0
0
0
0
0
0
0
0
0
0
0
0
0
0
0
0
0
0
0
0
0
0
0
0
0
0
0
0
0
0
0
0
0
0
0
0
0
0
0
0
0
0
0
0
0
0
0
0
0
0
0
0
0
0
0
0
0
0
0
0
0
0
0
0
0
0
0
0
0
0
0
0
0
0
0
0
0
0
0
0
0
0
0
0
0
0
0
0
0
0
0
0
0
0
0
0
0
0
0
0
0
0
0
0
0
0
0
0
0
0
0
0
0
0
0
0
0
0
0
0
0
0
0
0
0
0
0
0
0
0
0
0
0
0
0
0
0
0
0
0
0
0
0
0
0
0
0
0
0
0
0
0
0
0
0
0
0
0
0
0
0
0
0
0
0
0
0
0
0
0
0
0
0
0
0
0
0
0
0
0
0
0
0
0
0
0
0
0
0
0
0
0
0
0
0
0
0
0
0
0
0
0
0
0
0
0
0
0
0
0
0
0
0
0
0
0
0
0
0
0
0
0
0
0
0
0
0
0
0
0
0
0
0
0
0
0
0
0
0
0
0
0
0
0
0
0
0
0
0
0
0
0
0
0
0
0
0
0
0
0
0
0
0
0
0
0
0
0
0
0
0
0
0
0
0
0
0
0
0
0
0
0
0
0
0
0
0
0
0
0
0
0
0
0
0
0
0
0
0
0
0
0
0
0
0
0
0
0
0
0
0
0
0
0
0
0
0
0
0
0
0
0
0
0
0
0
0
0
0
0
0
0
0
0
0
0
0
0
0
0
0
0
0
0
0
0
0
0
0
0
0
0
0
0
0
0
0
0
0
0
0
0
0
0
0
0
0
0
0
0
0
0
0
0
0
0
0
0
0
0
0
0
0
0
0
0
0
0
0
0
0
0
0
0
0
0
0
0
0
0
0
0
0
0
0
0
0
0
0
0
0
0
0
0
0
0
0
0
0
0
0
0
0
0
0
0
0
0
0
0
0
0
0
0
0
0
0
0
0
0
0
0
0
0
0
0
0
0
0
0
0
0
0
0
0
0
0
0
0
0
0
0
0
0
0
0
0
0
0
0
0
0
0
0
0
0
0
0
0
0
0
0
0
0
0
0
0
0
0
0
0
0
0
0
0
0
0
0
0
0
0
0
0
0
0
0
0
0
0
0
0
0
0
0
0
0
0
0
0
0
0
0
0
0
0
0
0
0
0
0
0
0
0
0
0
0
0
0
0
0
0
0
0
0
0
0
0
0
0
0
0
0
0
0
0
0
0
0
0
0
0
0
0
0
0
0
0
0
0
0
0
0
0
0
0
0
0
0
0
0
0
0
0
0
0
0
0
0
0
0
0
0
0
0
0
0
0
0
0
0
0
0
0
0
0
0
0
0
0
0
0
0
0
0
0
0
0
0
0
0
0
0
0
0
0
0
0
0
0
0
0
0
0
0
0
0
0
0
0
0
0
0
0
0
0
0
0
0
0
0
0
0
0
0
0
0
0
0
0
0
0
0
0
0
0
0
0
0
0
0
0
0
0
0
0
0
0
0
0
0
0
0
0
0
0
0
0
0
0
0
0
0
0
0
0
0
0
0
0
0
0
0
0
0
0
0
0
0
0
0
0
0
0
0
0
0
0
0
0
0
0
0
0
0
0
0
0
0
0
0
0
0
0
0
0
0
0
0
0
0
0
0
0
0
0
0
0
0
0
0
0
0
0
0
0
0
0
0
0
0
0
0
0
0
0
0
0
0
0
0
0
0
0
0
0
0
0
0
0
0
0
0
0
0
0
0
0
0
0
0
0
0
0
0
0
0
0
0
0
0
0
0
0
0
0
0
0
0
0
0
0
0
0
0
0
0
0
0
0
0
0
0
0
0
0
0
0
0
0
0
0
0
0
0
0
0
0
0
0
0
0
0
0
0
0
0
0
0
0
0
0
0
0
0
0
0
0
0
0
0
0
0
0
0
0
0
0
0
0
0
0
0
0
0
0
0
0
0
0
0
0
0
0
0
0
0
0
0
0
0
0
0
0
0
0
0
0
0
0
0
0
0
0
0
0
0
0
0
0
0
0
0
0
0
0
0
0
0
0
0
0
0
0
0
0
0
0
0
0
0
0
0
0
0
0
0
0
0
0
0
0
0
0
0
0
0
0
0
0
0
0
0
0
0
0
0
0
0
0
0
0
0
0
0
0
0
0
0
0
0
0
0
0
0
0
0
0
0
0
0
0
0
0
0
0
0
0
0
0
0
0
0
0
0
0
0
0
0
0
0
0
0
0
0
0
0
0
0
0
0
0
0
0
0
0
0
0
0
0
0
0
0
0
0
0
0
0
0
0
0
0
0
0
0
0
0
0
0
0
0
0
0
0
0
0
0
0
0
0
0
0
0
0
0
0
0
0
0
0
0
0
0
0
0
0
0
0
0
0
0
0
0
0
0
0
0
0
0
0
0
0
0
0
0
0
0
0
0
0
0
0
0
0
0
0
0
0
0
0
0
0
0
0
0
0
0
0
0
0
0
0
0
0
0
0
0
0
0
0
0
0
0
0
0
0
0
0
0
0
0
0
0
0
0
0
0
0
0
0
0
0
0
0
0
0
0
0
0
0
0
0
0
0
0
0
0
0
0
0
0
0
0
0
0
0
0
0
0
0
0
0
0
0
0
0
0
0
0
0
0
0
0
0
0
0
0
0
0
0
0
0
0
0
0
0
0
0
0
0
0
0
0
0
0
0
0
0
0
0
0
0
0
0
0
0
0
0
0
0
0
0
0
0
0
0
0
0
0
0
0
0
0
0
0
0
0
0
0
0
0
0
0
0
0
0
0
0
0
0
0
0
0
0
0
0
0
0
0
0
0
0
0
0
0
0
0
0
0
0
0
0
0
0
0
0
0
0
0
0
0
0
0
0
0
0
0
0
0
0
0
0
0
0
0
0
0
0
0
0
0
0
0
0
0
0
0
0
0
0
0
0
0
0
0
0
0
0
0
0
0
0
0
0
0
0
0
0
0
0
0
0
0
0
0
0
0
0
0
0
0
0
0
0
0
0
0
0
0
0
0
0
0
0
0
0
0
0
0
0
0
0
0
0
0
0
0
0
0
0
0
0
0
0
0
0
0
0
0
0
0
0
0
0
0
0
0
0
0
0
0
0
0
0
0
0
0
0
0
0
0
0
0
0
0
0
0
0
0
0
0
0
0
0
0
0
0
0
0
0
0
0
0
0
0
0
0
0
0
0
0
0
0
0
0
0
0
0
0
0
0
0
0
0
0
0
0
0
0
0
0
0
0
0
0
0
0
0
0
0
0
0
0
0
0
0
0
0
0
0
0
0
0
0
0
0
0
0
0
0
0
0
0
0
0
0
0
0
0
0
0
0
0
0
0
0
0
0
0
0
0
0
0
0
0
0
0
0
0
0
0
0
0
0
0
0
0
0
0
0
0
0
0
0
0
0
0
0
0
0
0
0
0
0
0
0
0
0
0
0
0
0
0
0
0
0
0
0
0
0
0
0
0
0
0
0
0
0
0
0
0
0
0
0
0
0
0
0
0
0
0
0
0
0
0
0
0
0
0
0
0
0
0
0
0
0
0
0
0
0
0
0
0
0
0
0
0
0
0
0
0
0
0
0
0
0
0
0
0
0
0
0
0
0
0
0
0
0
0
0
0
0
0
0
0
0
0
0
0
0
0
0
0
0
0
0
0
0
0
0
0
0
0
0
0
0
0
0
0
0
0
0
0
0
0
0
0
0
0
0
0
0
0
0
0
0
0
0
0
0
0
0
0
0
0
0
0
0
0
0
0
0
0
0
0
0
0
0
0
0
0
0
0
0
0
0
0
0
0
0
0
0
0
0
0
0
0
0
0
0
0
0
0
0
0
0
0
0
0
0
0
0
0
0
0
0
0
0
0
0
0
0
0
0
0
0
0
0
0
0
0
0
0
0
0
0
0
0
0
0
0
0
0
0
0
0
0
0
0
0
0
0
0
0
0
0
0
0
0
0
0
0
0
0
0
0
0
0
0
0
0
0
0
0
0
0
0
0
0
0
0
0
0
0
0
0
0
0
0
0
0
0
0
0
0
0
0
0
0
0
0
0
0
0
0
0
0
0
0
0
0
0
0
0
0
0
0
0
0
0
0
0
0
0
0
0
0
0
0
0
0
0
0
0
0
0
0
0
0
0
0
0
0
0
0
0
0
0
0
0
0
0
0
0
0
0
0
0
0
0
0
0
0
0
0
0
0
0
0
0
0
0
0
0
0
0
0
0
0
0
0
0
0
0
0
0
0
0
0
0
0
0
0
0
0
0
0
0
0
0
0
0
0
0
0
0
0
0
0
0
0
0
0
0
0
0
0
0
0
0
0
0
0
0
0
0
0
0
0
0
0
0
0
0
0
0
0
0
0
0
0
0
0
0
0
0
0
0
0
0
0
0
0
0
0
0
0
0
0
0
0
0
0
0
0
0
0
0
0
0
0
0
0
0
0
0
0
0
0
0
0
0
0
0
0
0
0
0
0
0
0
0
0
0
0
0
0
0
0
0
0
0
0
0
0
0
0
0
0
0
0
0
0
0
0
0
0
0
0
0
0
0
0
0
0
0
0
0
0
0
0
0
0
0
0
0
0
0
0
0
0
0
0
0
0
0
0
0
0
0
0
0
0
0
0
0
0
0
0
0
0
0
0
0
0
0
0
0
0
0
0
0
0
0
0
0
0
0
0
0
0
0
0
0
0
0
0
0
0
0
0
0
0
0
0
0
0
0
0
0
0
0
0
0
0
0
0
0
0
0
0
0
0
0
0
0
0
0
0
0
0
0
0
0
0
0
0
0
0
0
0
0
0
0
0
0
0
0
0
0
0
0
0
0
0
0
0
0
0
0
0
0
0
0
0
0
0
0
0
0
0
0
0
0
0
0
0
0
0
0
0
0
0
0
0
0
0
0
0
0
0
0
0
0
0
0
0
0
0
0
0
0
0
0
0
0
0
0
0
0
0
0
0
0
0
0
0
0
0
0
0
0
0
0
0
0
0
0
0
0
0
0
0
0
0
0
0
0
0
0
0
0
0
0
0
0
0
0
0
0
0
0
0
0
0
0
0
0
0
0
0
0
0
0
0
0
0
0
0
0
0
0
0
0
0
0
0
0
0
0
0
0
0
0
0
0
0
0
0
0
0
0
0
0
0
0
0
0
0
0
0
0
0
0
0
0
0
0
0
0
0
0
0
0
0
0
0
0
0
0
0
0
0
0
0
0
0
0
0
0
0
0
0
0
0
0
0
0
0
0
0
0
0
0
0
0
0
0
0
0
0
0
0
0
0
0
0
0
0
0
0
0
0
0
0
0
0
0
0
0
0
0
0
0
0
0
0
0
0
0
0
0
0
0
0
0
0
0
0
0
0
0
0
0
0
0
0
0
0
0
0
0
0
0
0
0
0
0
0
0
0
0
0
0
0
0
0
0
0
0
0
0
0
0
0
0
0
0
0
0
0
0
0
0
0
0
0
0
0
0
0
0
0
0
0
0
0
0
0
0
0
0
0
0
0
0
0
0
0
0
0
0
0
0
0
0
0
0
0
0
0
0
0
0
0
0
0
0
0
0
0
0
0
0
0
0
0
0
0
0
0
0
0
0
0
0
0
0
0
0
0
0
0
0
0
0
0
0
0
0
0
0
0
0
0
0
0
0
0
0
0
0
0
0
0
0
0
0
0
0
0
0
0
0
0
0
0
0
0
0
0
0
0
0
0
0
0
0
0
0
0
0
0
0
0
0
0
0
0
0
0
0
0
0
0
0
0
0
0
0
0
0
0
0
0
0
0
0
0
0
0
0
0
0
0
0
0
0
0
0
0
0
0
0
0
0
0
0
0
0
0
0
0
0
0
0
0
0
0
0
0
0
0
0
0
0
0
0
0
0
0
0
0
0
0
0
0
0
0
0
0
0
0
0
0
0
0
0
0
0
0
0
0
0
0
0
0
0
0
0
0
0
0
0
0
0
0
0
0
0
0
0
0
0
0
0
0
0
0
0
0
0
0
0
0
0
0
0
0
0
0
0
0
0
0
0
0
0
0
0
0
0
0
0
0
0
0
0
0
0
0
0
0
0
0
0
0
0
0
0
0
0
0
0
0
0
0
0
0
0
0
0
0
0
0
0
0
0
0
0
0
0
0
0
0
0
0
0
0
0
0
0
0
0
0
0
0
0
0
0
0
0
0
0
0
0
0
0
0
0
0
0
0
0
0
0
0
0
0
0
0
0
0
0
0
0
0
0
0
0
0
0
0
0
0
0
0
0
0
0
0
0
0
0
0
0
0
0
0
0
0
0
0
0
0
0
0
0
0
0
0
0
0
0
0
0
0
0
0
0
0
0
0
0
0
0
0
0
0
0
0
0
0
0
0
0
0
0
0
0
0
0
0
0
0
0
0
0
0
0
0
0
0
0
0
0
0
0
0
0
0
0
0
0
0
0
0
0
0
0
0
0
0
0
0
0
0
0
0
0
0
0
0
0
0
0
0
0
0
0
0
0
0
0
0
0
0
0
0
0
0
0
0
0
0
0
0
0
0
0
0
0
0
0
0
0
0
0
0
0
0
0
0
0
0
0
0
0
0
0
0
0
0
0
0
0
0
0
0
0
0
0
0
0
0
0
0
0
0
0
0
0
0
0
0
0
0
0
0
0
0
0
0
0
0
0
0
0
0
0
0
0
0
0
0
0
0
0
0
0
0
0
0
0
0
0
0
0
0
0
0
0
0
0
0
0
0
0
0
0
0
0
0
0
0
0
0
0
0
0
0
0
0
0
0
0
0
0
0
0
0
0
0
0
0
0
0
0
0
0
0
0
0
0
0
0
0
0
0
0
0
0
0
0
0
0
0
0
0
0
0
0
0
0
0
0
0
0
0
0
0
0
0
0
0
0
0
0
0
0
0
0
0
0
0
0
0
0
0
0
0
0
0
0
0
0
0
0
0
0
0
0
0
0
0
0
0
0
0
0
0
0
0
0
0
0
0
0
0
0
0
0
0
0
0
0
0
0
0
0
0
0
0
0
0
0
0
0
0
0
0
0
0
0
0
0
0
0
0
0
0
0
0
0
0
0
0
0
0
0
0
0
0
0
0
0
0
0
0
0
0
0
0
0
0
0
0
0
0
0
0
0
0
0
0
0
0
0
0
0
0
0
0
0
0
0
0
0
0
0
0
0
0
0
0
0
0
0
0
0
0
0
0
0
0
0
0
0
0
0
0
0
0
0
0
0
0
0
0
0
0
0
0
0
0
0
0
0
0
0
0
0
0
0
0
0
0
0
0
0
0
0
0
0
0
0
0
0
0
0
0
0
0
0
0
0
0
0
0
0
0
0
0
0
0
0
0
0
0
0
0
0
0
0
0
0
0
0
0
0
0
0
0
0
0
0
0
0
0
0
0
0
0
0
0
0
0
0
0
0
0
0
0
0
0
0
0
0
0
0
0
0
0
0
0
0
0
0
0
0
0
0
0
0
0
0
0
0
0
0
0
0
0
0
0
0
0
0
0
0
0
0
0
0
0
0
0
0
0
0
0
0
0
0
0
0
0
0
0
0
0
0
0
0
0
0
0
0
0
0
0
0
0
0
0
0
0
0
0
0
0
0
0
0
0
0
0
0
0
0
0
0
0
0
0
0
0
0
0
0
0
0
0
0
0
0
0
0
0
0
0
0
0
0
0
0
0
0
0
0
0
0
0
0
0
0
0
0
0
0
0
0
0
0
0
0
0
0
0
0
0
0
0
0
0
0
0
0
0
0
0
0
0
0
0
0
0
0
0
0
0
0
0
0
0
0
0
0
0
0
0
0
0
0
0
0
0
0
0
0
0
0
0
0
0
0
0
0
0
0
0
0
0
0
0
0
0
0
0
0
0
0
0
0
0
0
0
0
0
0
0
0
0
0
0
0
0
0
0
0
0
0
0
0
0
0
0
0
0
0
0
0
0
0
0
0
0
0
0
0
0
0
0
0
0
0
0
0
0
0
0
0
0
0
0
0
0
0
0
0
0
0
0
0
0
0
0
0
0
0
0
0
0
0
0
0
0
0
0
0
0
0
0
0
0
0
0
0
0
0
0
0
0
0
0
0
0
0
0
0
0
0
0
0
0
0
0
0
0
0
0
0
0
0
0
0
0
0
0
0
0
0
0
0
0
0
0
0
0
0
0
0
0
0
0
0
0
0
0
0
0
0
0
0
0
0
0
0
0
0
0
0
0
0
0
0
0
0
0
0
0
0
0
0
0
0
0
0
0
0
0
0
0
0
0
0
0
0
0
0
0
0
0
0
0
0
0
0
0
0
0
0
0
0
0
0
0
0
0
0
0
0
0
0
0
0
0
0
0
0
0
0
0
0
0
0
0
0
0
0
0
0
0
0
0
0
0
0
0
0
0
0
0
0
0
0
0
0
0
0
0
0
0
0
0
0
0
0
0
0
0
0
0
0
0
0
0
0
0
0
0
0
0
0
0
0
0
0
0
0
0
0
0
0
0
0
0
0
0
0
0
0
0
0
0
0
0
0
0
0
0
0
0
0
0
0
0
0
0
0
0
0
0
0
0
0
0
0
0
0
0
0
0
0
0
0
0
0
0
0
0
0
0
0
0
0
0
0
0
0
0
0
0
0
0
0
0
0
0
0
0
0
0
0
0
0
0
0
0
0
0
0
0
0
0
0
0
0
0
0
0
0
0
0
0
0
0
0
0
0
0
0
0
0
0
0
0
0
0
0
0
0
0
0
0
0
0
0
0
0
0
0
0
0
0
0
0
0
0
0
0
0
0
0
0
0
0
0
0
0
0
0
0
0
0
0
0
0
0
0
0
0
0
0
0
0
0
0
0
0
0
0
0
0
0
0
0
0
0
0
0
0
0
0
0
0
0
0
0
0
0
0
0
0
0
0
0
0
0
0
0
0
0
0
0
0
0
0
0
0
0
0
0
0
0
0
0
0
0
0
0
0
0
0
0
0
0
0
0
0
0
0
0
0
0
0
0
0
0
0
0
0
0
0
0
0
0
0
0
0
0
0
0
0
0
0
0
0
0
0
0
0
0
0
0
0
0
0
0
0
0
0
0
0
0
0
0
0
0
0
0
0
0
0
0
0
0
0
0
0
0
0
0
0
0
0
0
0
0
0
0
0
0
0
0
0
0
0
0
0
0
0
0
0
0
0
0
0
0
0
0
0
0
0
0
0
0
0
0
0
0
0
0
0
0
0
0
0
0
0
0
0
0
0
0
0
0
0
0
0
0
0
0
0
0
0
0
0
0
0
0
0
0
0
0
0
0
0
0
0
0
0
0
0
0
0
0
0
0
0
0
0
0
0
0
0
0
0
0
0
0
0
0
0
0
0
0
0
0
0
0
0
0
0
0
0
0
0
0
0
0
0
0
0
0
0
0
0
0
0
0
0
0
0
0
0
0
0
0
0
0
0
0
0
0
0
0
0
0
0
0
0
0
0
0
0
0
0
0
0
0
0
0
0
0
0
0
0
0
0
0
0
0
0
0
0
0
0
0
0
0
0
0
0
0
0
0
0
0
0
0
0
0
0
0
0
0
0
0
0
0
0
0
0
0
0
0
0
0
0
0
0
0
0
0
0
0
0
0
0
0
0
0
0
0
0
0
0
0
0
0
0
0
0
0
0
0
0
0
0
0
0
0
0
0
0
0
0
0
0
0
0
0
0
0
0
0
0
0
0
0
0
0
0
0
0
0
0
0
0
0
0
0
0
0
0
0
0
0
0
0
0
0
0
0
0
0
0
0
0
0
0
0
0
0
0
0
0
0
0
0
0
0
0
0
0
0
0
0
0
0
0
0
0
0
0
0
0
0
0
0
0
0
0
0
0
0
0
0
0
0
0
0
0
0
0
0
0
0
0
0
0
0
0
0
0
0
0
0
0
0
0
0
0
0
0
0
0
0
0
0
0
0
0
0
0
0
0
0
0
0
0
0
0
0
0
0
0
0
0
0
0
0
0
0
0
0
0
0
0
0
0
0
0
0
0
0
0
0
0
0
0
0
0
0
0
0
0
0
0
0
0
0
0
0
0
0
0
0
0
0
0
0
0
0
0
0
0
0
0
0
0
0
0
0
0
0
0
0
0
0
0
0
0
0
0
0
0
0
0
0
0
0
0
0
0
0
0
0
0
0
0
0
0
0
0
0
0
0
0
0
0
0
0
0
0
0
0
0
0
0
0
0
0
0
0
0
0
0
0
0
0
0
0
0
0
0
0
0
0
0
0
0
0
0
0
0
0
0
0
0
0
0
0
0
0
0
0
0
0
0
0
0
0
0
0
0
0
0
0
0
0
0
0
0
0
0
0
0
0
0
0
0
0
0
0
0
0
0
0
0
0
0
0
0
0
0
0
0
0
0
0
0
0
0
0
0
0
0
0
0
0
0
0
0
0
0
0
0
0
0
0
0
0
0
0
0
0
0
0
0
0
0
0
0
0
0
0
0
0
0
0
0
0
0
0
0
0
0
0
0
0
0
0
0
0
0
0
0
0
0
0
0
0
0
0
0
0
0
0
0
0
0
0
0
0
0
0
0
0
0
0
0
0
0
0
0
0
0
0
0
0
0
0
0
0
0
0
0
0
0
0
0
0
0
0
0
0
0
0
0
0
0
0
0
0
0
0
0
0
0
0
0
0
0
0
0
0
0
0
0
0
0
0
0
0
0
0
0
0
0
0
0
0
0
0
0
0
0
0
0
0
0
0
0
0
0
0
0
0
0
0
0
0
0
0
0
0
0
0
0
0
0
0
0
0
0
0
0
0
0
0
0
0
0
0
0
0
0
0
0
0
0
0
0
0
0
0
0
0
0
0
0
0
0
0
0
0
0
0
0
0
0
0
0
0
0
0
0
0
0
0
0
0
0
0
0
0
0
0
0
0
0
0
0
0
0
0
0
0
0
0
0
0
0
0
0
0
0
0
0
0
0
0
0
0
0
0
0
0
0
0
0
0
0
0
0
0
0
0
0
0
0
0
0
0
0
0
0
0
0
0
0
0
0
0
0
0
0
0
0
0
0
0
0
0
0
0
0
0
0
0
0
0
0
0
0
0
0
0
0
0
0
0
0
0
0
0
0
0
0
0
0
0
0
0
0
0
0
0
0
0
0
0
0
0
0
0
0
0
0
0
0
0
0
0
0
0
0
0
0
0
0
0
0
0
0
0
0
0
0
0
0
0
0
0
0
0
0
0
0
0
0
0
0
0
0
0
0
0
0
0
0
0
0
0
0
0
0
0
0
0
0
0
0
0
0
0
0
0
0
0
0
0
0
0
0
0
0
0
0
0
0
0
0
0
0
0
0
0
0
0
0
0
0
0
0
0
0
0
0
0
0
0
0
0
0
0
0
0
0
0
0
0
0
0
0
0
0
0
0
0
0
0
0
0
0
0
0
0
0
0
0
0
0
0
0
0
0
0
0
0
0
0
0
0
0
0
0
0
0
0
0
0
0
0
0
0
0
0
0
0
0
0
0
0
0
0
0
0
0
0
0
0
0
0
0
0
0
0
0
0
0
0
0
0
0
0
0
0
0
0
0
0
0
0
0
0
0
0
0
0
0
0
0
0
0
0
0
0
0
0
0
0
0
0
0
0
0
0
0
0
0
0
0
0
0
0
0
0
0
0
0
0
0
0
0
0
0
0
0
0
0
0
0
0
0
0
0
0
0
0
0
0
0
0
0
0
0
0
0
0
0
0
0
0
0
0
0
0
0
0
0
0
0
0
0
0
0
0
0
0
0
0
0
0
0
0
0
0
0
0
0
0
0
0
0
0
0
0
0
0
0
0
0
0
0
0
0
0
0
0
0
0
0
0
0
0
0
0
0
0
0
0
0
0
0
0
0
0
0
0
0
0
0
0
0
0
0
0
0
0
0
0
0
0
0
0
0
0
0
0
0
0
0
0
0
0
0
0
0
0
0
0
0
0
0
0
0
0
0
0
0
0
0
0
0
0
0
0
0
0
0
0
0
0
0
0
0
0
0
0
0
0
0
0
0
0
0
0
0
0
0
0
0
0
0
0
0
0
0
0
0
0
0
0
0
0
0
0
0
0
0
0
0
0
0
0
0
0
0
0
0
0
0
0
0
0
0
0
0
0
0
0
0
0
0
0
0
0
0
0
0
0
0
0
0
0
0
0
0
0
0
0
0
0
0
0
0
0
0
0
0
0
0
0
0
0
0
0
0
0
0
0
0
0
0
0
0
0
0
0
0
0
0
0
0
0
0
0
0
0
0
0
0
0
0
0
0
0
0
0
0
0
0
0
0
0
0
0
0
0
0
0
0
0
0
0
0
0
0
0
0
0
0
0
0
0
0
0
0
0
0
0
0
0
0
0
0
0
0
0
0
0
0
0
0
0
0
0
0
0
0
0
0
0
0
0
0
0
0
0
0
0
0
0
0
0
0
0
0
0
0
0
0
0
0
0
0
0
0
0
0
0
0
0
0
0
0
0
0
0
0
0
0
0
0
0
0
0
0
0
0
0
0
0
0
0
0
0
0
0
0
0
0
0
0
0
0
0
0
0
0
0
0
0
0
0
0
0
0
0
0
0
0
0
0
0
0
0
0
0
0
0
0
0
0
0
0
0
0
0
0
0
0
0
0
0
0
0
0
0
0
0
0
0
0
0
0
0
0
0
0
0
0
0
0
0
0
0
0
0
0
0
0
0
0
0
0
0
0
0
0
0
0
0
0
0
0
0
0
0
0
0
0
0
0
0
0
0
0
0
0
0
0
0
0
0
0
0
0
0
0
0
0
0
0
0
0
0
0
0
0
0
0
0
0
0
0
0
0
0
0
0
0
0
0
0
0
0
0
0
0
0
0
0
0
0
0
0
0
0
0
0
0
0
0
0
0
0
0
0
0
0
0
0
0
0
0
0
0
0
0
0
0
0
0
0
0
0
0
0
0
0
0
0
0
0
0
0
0
0
0
0
0
0
0
0
0
0
0
0
0
0
0
0
0
0
0
0
0
0
0
0
0
0
0
0
0
0
0
0
0
0
0
0
0
0
0
0
0
0
0
0
0
0
0
0
0
0
0
0
0
0
0
0
0
0
0
0
0
0
0
0
0
0
0
0
0
0
0
0
0
0
0
0
0
0
0
0
0
0
0
0
0
0
0
0
0
0
0
0
0
0
0
0
0
0
0
0
0
0
0
0
0
0
0
0
0
0
0
0
0
0
0
0
0
0
0
0
0
0
0
0
0
0
0
0
0
0
0
0
0
0
0
0
0
0
0
0
0
0
0
0
0
0
0
0
0
0
0
0
0
0
0
0
0
0
0
0
0
0
0
0
0
0
0
0
0
0
0
0
0
0
0
0
0
0
0
0
0
0
0
0
0
0
0
0
0
0
0
0
0
0
0
0
0
0
0
0
0
0
0
0
0
0
0
0
0
0
0
0
0
0
0
0
0
0
0
0
0
0
0
0
0
0
0
0
0
0
0
0
0
0
0
0
0
0
0
0
0
0
0
0
0
0
0
0
0
0
0
0
0
0
0
0
0
0
0
0
0
0
0
0
0
0
0
0
0
0
0
0
0
0
0
0
0
0
0
0
0
0
0
0
0
0
0
0
0
0
0
0
0
0
0
0
0
0
0
0
0
0
0
0
0
0
0
0
0
0
0
0
0
0
0
0
0
0
0
0
0
0
0
0
0
0
0
0
0
0
0
0
0
0
0
0
0
0
0
0
0
0
0
0
0
0
0
0
0
0
0
0
0
0
0
0
0
0
0
0
0
0
0
0
0
0
0
0
0
0
0
0
0
0
0
0
0
0
0
0
0
0
0
0
0
0
0
0
0
0
0
0
0
0
0
0
0
0
0
0
0
0
0
0
0
0
0
0
0
0
0
0
0
0
0
0
0
0
0
0
0
0
0
0
0
0
0
0
0
0
0
0
0
0
0
0
0
0
0
0
0
0
0
0
0
0
0
0
0
0
0
0
0
0
0
0
0
0
0
0
0
0
0
0
0
0
0
0
0
0
0
0
0
0
0
0
0
0
0
0
0
0
0
0
0
0
0
0
0
0
0
0
0
0
0
0
0
0
0
0
0
0
0
0
0
0
0
0
0
0
0
0
0
0
0
0
0
0
0
0
0
0
0
0
0
0
0
0
0
0
0
0
0
0
0
0
0
0
0
0
0
0
0
0
0
0
0
0
0
0
0
0
0
0
0
0
0
0
0
0
0
0
0
0
0
0
0
0
0
0
0
0
0
0
0
0
0
0
0
0
0
0
0
0
0
0
0
0
0
0
0
0
0
0
0
0
0
0
0
0
0
0
0
0
0
0
0
0
0
0
0
0
0
0
0
0
0
0
0
0
0
0
0
0
0
0
0
0
0
0
0
0
0
0
0
0
0
0
0
0
0
0
0
0
0
0
0
0
0
0
0
0
0
0
0
0
0
0
0
0
0
0
0
0
0
0
0
0
0
0
0
0
0
0
0
0
0
0
0
0
0
0
0
0
0
0
0
0
0
0
0
0
0
0
0
0
0
0
0
0
0
0
0
0
0
0
0
0
0
0
0
0
0
0
0
0
0
0
0
0
0
0
0
0
0
0
0
0
0
0
0
0
0
0
0
0
0
0
0
0
0
0
0
0
0
0
0
0
0
0
0
0
0
0
0
0
0
0
0
0
0
0
0
0
0
0
0
0
0
0
0
0
0
0
0
0
0
0
0
0
0
0
0
0
0
0
0
0
0
0
0
0
0
0
0
0
0
0
0
0
0
0
0
0
0
0
0
0
0
0
0
0
0
0
0
0
0
0
0
0
0
0
0
0
0
0
0
0
0
0
0
0
0
0
0
0
0
0
0
0
0
0
0
0
0
0
0
0
0
0
0
0
0
0
0
0
0
0
0
0
0
0
0
0
0
0
0
0
0
0
0
0
0
0
0
0
0
0
0
0
0
0
0
0
0
0
0
0
0
0
0
0
0
0
0
0
0
0
0
0
0
0
0
0
0
0
0
0
0
0
0
0
0
0
0
0
0
0
0
0
0
0
0
0
0
0
0
0
0
0
0
0
0
0
0
0
0
0
0
0
0
0
0
0
0
0
0
0
0
0
0
0
0
0
0
0
0
0
0
0
0
0
0
0
0
0
0
0
0
0
0
0
0
0
0
0
0
0
0
0
0
0
0
0
0
0
0
0
0
0
0
0
0
0
0
0
0
0
0
0
0
0
0
0
0
0
0
0
0
0
0
0
0
0
0
0
0
0
0
0
0
0
0
0
0
0
0
0
0
0
0
0
0
0
0
0
0
0
0
0
0
0
0
0
0
0
0
0
0
0
0
0
0
0
0
0
0
0
0
0
0
0
0
0
0
0
0
0
0
0
0
0
0
0
0
0
0
0
0
0
0
0
0
0
0
0
0
0
0
0
0
0
0
0
0
0
0
0
0
0
0
0
0
0
0
0
0
0
0
0
0
0
0
0
0
0
0
0
0
0
0
0
0
0
0
0
0
0
0
0
0
0
0
0
0
0
0
0
0
0
0
0
0
0
0
0
0
0
0
0
0
0
0
0
0
0
0
0
0
0
0
0
0
0
0
0
0
0
0
0
0
0
0
0
0
0
0
0
0
0
0
0
0
0
0
0
0
0
0
0
0
0
0
0
0
0
0
0
0
0
0
0
0
0
0
0
0
0
0
0
0
0
0
0
0
0
0
0
0
0
0
0
0
0
0
0
0
0
0
0
0
0
0
0
0
0
0
0
0
0
0
0
0
0
0
0
0
0
0
0
0
0
0
0
0
0
0
0
0
0
0
0
0
0
0
0
0
0
0
0
0
0
0
0
0
0
0
0
0
0
0
0
0
0
0
0
0
0
0
0
0
0
0
0
0
0
0
0
0
0
0
0
0
0
0
0
0
0
0
0
0
0
0
0
0
0
0
0
0
0
0
0
0
0
0
0
0
0
0
0
0
0
0
0
0
0
0
0
0
0
0
0
0
0
0
0
0
0
0
0
0
0
0
0
0
0
0
0
0
0
0
0
0
0
0
0
0
0
0
0
0
0
0
0
0
0
0
0
0
0
0
0
0
0
0
0
0
0
0
0
0
0
0
0
0
0
0
0
0
0
0
0
0
0
0
0
0
0
0
0
0
0
0
0
0
0
0
0
0
0
0
0
0
0
0
0
0
0
0
0
0
0
0
0
0
0
0
0
0
0
0
0
0
0
0
0
0
0
0
0
0
0
0
0
0
0
0
0
0
0
0
0
0
0
0
0
0
0
0
0
0
0
0
0
0
0
0
0
0
0
0
0
0
0
0
0
0
0
0
0
0
0
0
0
0
0
0
0
0
0
0
0
0
0
0
0
0
0
0
0
0
0
0
0
0
0
0
0
0
0
0
0
0
0
0
0
0
0
0
0
0
0
0
0
0
0
0
0
0
0
0
0
0
0
0
0
0
0
0
0
0
0
0
0
0
0
0
0
0
0
0
0
0
0
0
0
0
0
0
0
0
0
0
0
0
0
0
0
0
0
0
0
0
0
0
0
0
0
0
0
0
0
0
0
0
0
0
0
0
0
0
0
0
0
0
0
0
0
0
0
0
0
0
0
0
0
0
0
0
0
0
0
0
0
0
0
0
0
0
0
0
0
0
0
0
0
0
0
0
0
0
0
0
0
0
0
0
0
0
0
0
0
0
0
0
0
0
0
0
0
0
0
0
0
0
0
0
0
0
0
0
0
0
0
0
0
0
0
0
0
0
0
0
0
0
0
0
0
0
0
0
0
0
0
0
0
0
0
0
0
0
0
