-111
433
-2693
-1945
1029
-2396
-2637
-229
405
-3126
-1450
11
-2703
-2869
-40
209
-196
832
-1832
-2195
-3335
-2635
-12110
-121
1130
-2813
-2889
-2404
-2738
-12368
159
1502
-235
206
-2832
-1211
109
-2215
-2073
-344
125
-3425
-990
-759
-2498
-2001
12
470
60
144
-930
-2102
-2135
-1950
-15637
-34
-609
-2831
-2088
-1193
-1368
-16089
202
0
-249
-335
-3585
1131
-1012
-3232
-2675
-294
51
-4384
1585
-1471
-3396
-2763
42
621
106
-115
-1781
-2540
-3482
-2667
-12799
19
472
-4363
-3474
-3141
-2141
-12927
196
730
-170
-82
-2822
1631
-522
-2498
-2001
-202
455
-3940
2169
-1059
-3402
-3368
38
562
104
-565
-1845
-1600
-3807
-2016
-14153
-18
285
-3914
-3305
-3293
-2262
-11882
83
-370
-87
-90
-2698
834
-1922
-3220
-2805
-127
405
-3594
1464
-1959
-3712
-2867
43
335
-4
-135
-2637
-1823
-3135
-2631
-12697
-198
238
-4350
-3631
-3352
-2980
-12284
-36
-444
-94
-299
-2085
-1938
-2504
-2749
-2484
-100
398
-3067
-1871
-2414
-3301
-1649
-75
34
-74
396
-705
-1619
-1418
-2318
-14212
-215
294
-2165
-3604
-2400
-2835
-13527
-43
619
-121
-359
-2967
-3297
-3736
-3110
-3050
-176
470
-3105
-3222
-3229
-3163
-2692
-156
379
-67
-230
-181
-2706
295
-2896
-13615
-136
445
-602
-3318
-522
-2698
-15478
9
654
-54
327
-1626
-1180
-1185
-2284
-2292
-61
1094
-2012
-1031
-1713
-3090
-2564
-120
764
-221
-782
-1469
-1724
-1633
-2149
-13741
-211
-152
-1775
-2635
-1864
-2487
-14081
-64
-613
89
35
-1115
-2076
956
-1686
-2251
68
-553
-1970
-1749
-1612
-3180
-1900
37
143
-348
856
-2274
-1931
-3252
-2220
-15065
-150
948
-4295
-3001
-2793
-2674
-11812
43
1360
-259
262
-3591
-1512
2010
-2816
-2846
-185
-20
-4233
-1292
-1942
-3774
-2302
-87
833
-30
290
-1779
-3463
-4797
-2792
-16637
-78
-906
-4681
-3604
-2330
-2104
-15703
249
-341
-406
-122
-5681
1257
1282
-4068
-3512
-217
-63
-6912
1993
-2315
-4516
-3089
1
644
192
515
-2807
-3827
-5756
-3579
-16148
73
462
-5821
-4649
-4174
-2768
-15560
388
95
-199
-569
-5001
667
1512
-3396
-3290
-112
-992
-5649
1293
-837
-3863
-2947
46
-302
217
-45
-2679
-3170
-6236
-3473
-12808
45
-592
-3856
-3880
-5568
-2284
-13861
167
-1582
-41
-617
-3243
-1126
-126
-2632
-2697
20
-1133
-3812
-904
-775
-3466
-1265
62
-166
-22
-586
-2450
-1506
-3629
-2694
-15099
-106
-590
-3316
-3408
-4622
-1989
-15175
-51
-1065
-111
-978
-2653
-3686
-2970
-3517
-3097
1
-126
-2769
-3248
-2036
-3342
-1203
-30
788
-186
576
-1693
-1657
730
-3045
-14386
-43
140
-2021
-3396
-1689
-2267
-16763
-97
506
-115
-18
-2230
-3668
-3230
-2692
-2730
12
756
-2822
-3954
-3346
-3937
-1777
-127
991
-187
507
-1169
-2675
1936
-2714
-21180
13
-4
-2240
-4375
-599
-2868
-19553
-23
412
55
-41
-1599
-2301
-1890
-2057
-2353
44
-184
-1988
-1847
-2878
-3441
-1769
7
-1482
-287
-525
-747
-1931
-845
-2278
-18997
-232
-131
-1910
-3929
-1759
-2765
-17736
-34
-185
235
5
-314
-2284
593
-2264
-2642
134
-90
-634
-1160
-1520
-3067
-3409
30
194
-349
480
-3548
-1725
-3076
-2646
-13658
-159
509
-4534
-2591
-2544
-2514
-12123
9
747
40
-111
-3540
-428
1778
-2667
-3032
-54
-471
-4111
528
-1040
-3985
-4889
-36
67
39
641
-3412
-2973
-5781
-2966
-17328
-70
-756
-4824
-3901
-3803
-2213
-15226
219
-412
-146
314
-6129
524
856
-4457
-4825
-117
-35
-6079
1882
-818
-4339
-5240
123
515
146
916
-3856
-5081
-7671
-4961
-9272
91
815
-4947
-4603
-6166
-3658
-13104
378
239
-143
686
-4319
-538
2684
-2584
-3423
-156
-78
-5528
124
1290
-3701
-3378
162
291
288
-678
-3318
-3641
-6697
-3576
-16154
-15
-1172
-4389
-3475
-7153
-2833
-14506
274
-1650
-68
648
-4468
-3206
1528
-3271
-3723
-237
766
-4855
-2118
1340
-3260
-2140
-63
750
150
158
-3354
-2767
-3798
-3866
-16641
-17
598
-3528
-3543
-4578
-2789
-18523
83
224
-299
1488
-7362
-7599
-5046
-7466
-6882
-315
1213
-5566
-4978
-4382
-4646
-4713
-67
2100
-22
1666
-4559
-6374
4749
-6828
-18561
170
1143
-3619
-4329
2952
-3989
-28259
349
1683
-521
3863
-5494
-6361
-6130
-6914
-6018
-389
2428
-6012
-5730
-6817
-6960
-6488
0
3683
-10
-1015
-4191
-6995
5738
-6245
-22824
231
-1119
-5331
-6751
3925
-5885
-19841
444
-331
-151
-171
-3005
-3776
-2966
-3766
-3444
-163
-798
-3312
-4188
-3120
-4480
-2980
26
638
-127
-611
-2464
-4266
2889
-3382
-18152
-163
-660
-2742
-3604
1053
-3564
-16929
126
-436
201
26
-1043
-2101
243
-3099
-3104
93
-549
-536
-46
-1496
-2442
-3587
102
-324
-363
646
-3775
-2503
-2170
-3062
-11948
-120
604
-4386
-1895
-1465
-1957
-15509
53
556
95
-767
-3302
863
451
-2952
-2874
-90
-944
-3313
2621
-1702
-3078
-4109
36
-50
-52
333
-3840
-3540
-3542
-2708
-16107
-124
-671
-5183
-2919
-2329
-1536
-17994
157
-157
-21
-1029
-4922
2924
-803
-4286
-4263
-71
-1141
-5198
4286
-2210
-4079
-3653
139
-408
13
1725
-4866
-5301
-4961
-4072
-11568
9
1054
-6849
-3989
-5151
-3513
-14826
154
72
-59
879
-4564
2031
857
-3689
-3757
-116
-143
-5935
2003
-904
-4724
-2959
163
-1193
171
248
-4563
-5319
-4512
-3644
-15872
-44
-306
-6876
-3468
-6136
-3845
-13246
181
-1158
-40
1321
-5969
-1530
-893
-4281
-4127
-205
636
-6928
-454
-624
-5216
-3073
44
-874
170
1733
-5476
-5700
927
-4211
-19645
8
1948
-6456
-3964
-2599
-4098
-17851
157
1430
-536
1096
-12002
-9381
-10724
-10709
-10245
-351
488
-10095
-5401
-7915
-8038
-8230
41
118
5
5418
-11342
-11627
12420
-9816
-12135
368
4097
-10093
-7957
8307
-7820
-20387
549
3735
-746
1066
-13304
-12126
-12317
-11520
-11985
-396
920
-10271
-9017
-9027
-8485
-10179
60
836
-45
-1797
-12177
-13446
13093
-11716
-348
630
-2229
-10164
-10065
10870
-8844
-10914
882
-2141
-481
834
-4319
-4227
-1401
-4451
-4035
-422
896
-5753
-4937
-2722
-5096
-3537
-204
1767
-98
-4016
-4632
-4212
3041
-3827
-22712
98
-3129
-5541
-3482
1624
-4648
-18557
343
-1914
289
-1
-936
-870
-519
-2484
-2607
46
-787
-1275
715
-2076
-2977
-3574
89
-422
-305
786
-3466
-2063
-2128
-2543
-14227
-124
464
-5063
-2797
-2277
-2369
-12465
35
403
136
-11
-2881
298
-1620
-2485
-2700
-49
-563
-2736
2503
-2611
-2861
-4277
62
281
-136
205
-3494
-3279
-1327
-2565
-14037
-121
-714
-5628
-3332
-726
-1633
-14079
150
-291
161
363
-4070
2511
-2247
-3718
-3525
-56
-710
-4140
4906
-3333
-3787
-4018
238
-593
-88
1088
-4399
-4402
-3054
-3460
-13830
-66
710
-6862
-4062
-3329
-2915
-15700
92
80
146
798
-4479
2684
-1545
-4705
-4113
12
-352
-4605
3448
-2459
-4836
-3393
236
-760
-11
323
-5297
-5739
-3591
-4145
-12993
-84
248
-7820
-4116
-5057
-3844
-14441
123
-541
73
425
-4816
-34
-3613
-5062
-4119
55
-879
-5452
434
-2142
-5632
-2465
-35
-147
-6
557
-5602
-5609
1606
-4116
-15199
-109
637
-8124
-4086
-2341
-4520
-13961
29
80
-254
-2612
-7584
-5708
-7488
-7350
-6329
-216
-3619
-7918
-3598
-5986
-7004
-6378
-15
-2849
15
1084
-6696
-6906
7510
-6315
-15447
197
318
-7553
-6806
5234
-6696
-13122
437
469
-504
-6876
-7710
-6298
-6091
-6182
-5788
-410
-6155
-8684
-6422
-7139
-7281
-6164
-36
-6212
80
-1588
-5416
-6182
6995
-5583
-28815
353
-1124
-5137
-7072
5059
-6398
-21978
646
-1111
-203
-2729
-5731
-4065
-3303
-5178
-4806
-309
-2131
-6305
-4208
-4608
-5027
-3547
-65
-3156
-231
-1007
-3886
-4676
3183
-4616
-14823
-85
-876
-3849
-3807
2134
-4944
-13428
65
-527
269
-659
-1182
-714
-892
-1663
-1969
135
-284
-1221
243
-1689
-2288
-2733
114
-178
-313
494
-2431
-705
-1844
-1893
-17364
-205
270
-3680
-2499
-2751
-1490
-15518
-148
304
87
-934
-2429
-433
-2561
-1862
-2388
-6
-13
-2236
675
-2072
-2363
-3384
110
339
-111
537
-2740
-1142
-1137
-2218
-14919
-52
-364
-5195
-3298
-1431
-390
-13711
173
164
149
-315
-3764
1348
-4177
-3216
-3289
9
-140
-4237
3027
-3025
-4013
-3867
159
-32
9
1226
-3947
-1900
-2234
-3227
-13689
6
645
-7062
-4897
-3744
-2126
-11629
165
142
166
480
-3743
1133
-3607
-3992
-3508
113
146
-3931
2420
-2845
-4640
-2851
200
235
92
573
-4377
-2199
-2502
-3538
-13968
-31
376
-7204
-5085
-4599
-2959
-13620
273
-73
193
207
-3899
513
-4644
-3516
-3687
277
-209
-4365
1056
-3611
-4908
-2934
87
13
-25
-872
-3849
-2519
-2194
-3585
-15534
-90
-230
-6179
-5064
-4690
-3869
-13925
179
-875
132
209
-5989
-1417
-5265
-4468
-4821
281
-93
-5638
152
-5511
-4635
-3742
-48
-545
-145
-1842
-1939
-4325
-1591
-4662
-11602
-54
-774
-4279
-5401
-1997
-4107
-14581
319
-613
198
383
-4575
-2729
-3067
-2972
-3005
230
415
-5515
-2581
-5624
-4204
-1326
-135
-386
-215
88
-600
-3076
540
-2820
-22055
-62
178
-3127
-4361
-944
-3112
-20051
163
462
241
604
-2460
-2007
-1501
-2232
-1858
224
659
-3647
-2074
-3457
-3889
-854
42
-261
-339
-1069
-966
-480
-28
-1938
-17832
-326
-630
-2345
-2969
-1441
-2747
-12993
-154
-515
-25
-345
-625
-1561
-146
-1261
-1575
1
-288
-317
-1128
-2057
-1657
-2151
46
30
-297
91
-1339
-1340
-1041
-1575
-16303
-280
430
-2148
-1748
-2089
-306
-15443
-90
415
-289
-650
-1368
-1088
-1183
-983
-1704
-175
-352
-1494
-1212
-2734
-1755
-2377
-12
357
11
582
-703
-1737
-1301
-1555
-17786
-137
312
-3187
-2153
-2552
1527
-15496
105
493
-306
-711
-2584
-59
-3038
-2165
-2430
-141
-688
-2913
404
-3279
-2876
-2904
5
142
70
963
-1446
-2309
-1186
-2365
-17032
-27
540
-4460
-3276
-3474
864
-15499
169
-439
-278
-795
-2681
-387
-2716
-2096
-2401
-59
-730
-3083
157
-2516
-3026
-2223
-25
154
138
571
-1603
-2231
-893
-2406
-15848
55
249
-4112
-3514
-3786
306
-14454
240
-160
-228
-486
-2633
544
-3319
-1592
-2369
-47
-315
-3738
829
-2649
-3440
-2117
-27
179
118
-768
-1672
-2725
-951
-2192
-18177
-9
-516
-4413
-4161
-4574
-807
-14984
295
-871
-110
375
-3153
1178
-3233
-1990
-2745
8
224
-3849
2009
-3492
-3438
-2406
18
293
-18
-788
-1588
-3348
-1817
-2493
-16286
-120
63
-4502
-4488
-4384
-1251
-15643
232
-35
-74
347
-2821
-243
-3547
-2042
-2669
50
948
-4245
-822
-5073
-3930
-1433
-47
801
-238
-86
-1579
-2929
-649
-2485
-17752
-140
72
-4715
-5241
-4145
-2334
-12426
164
515
112
-386
-1066
-1674
-2803
-1926
-2132
213
55
-1447
-1805
-3270
-3198
-931
22
-233
-375
-688
-804
-1155
-825
-1946
-17523
-393
7
-2185
-3173
-3054
-1838
-16359
-101
-151
-244
-581
-473
-2151
406
-455
-1684
-212
-917
-310
-2727
-1902
-1329
-1294
-144
-430
-149
117
-1310
-1908
-2218
-1663
-16277
-105
531
-992
-1541
-3399
-1898
-16678
123
116
-581
-975
-661
-2341
444
1
-1387
-455
-1014
-169
-2743
-1460
-308
-1614
-193
-534
39
399
-207
-2100
-2825
-1371
-13901
10
259
-1205
-1189
-2608
-593
-15381
328
261
-659
-1059
-508
-1489
-392
-178
-1153
-446
-1334
-404
-1597
-1886
-706
-1704
-160
-916
38
40
-742
-1869
-1701
-1144
-15194
57
334
-2124
-1652
-1971
-396
-14988
330
12
-623
-1021
-558
-1000
-144
204
-929
-460
-1309
-833
-1387
-1269
-722
-1560
-179
-905
108
-119
-826
-1569
-1738
-990
-15457
130
85
-2204
-1495
-2700
-566
-13274
349
-41
-638
-1137
-456
-350
-736
499
-662
-428
-1502
-767
-602
-1075
-493
-1285
-165
-998
124
-889
-1011
-1371
-960
-734
-15322
121
-176
-2239
-1190
-2323
-482
-13880
338
-329
-687
-1481
-885
182
-651
150
-948
-467
-1729
-1188
69
-1146
-590
-907
-216
-1001
86
-676
-1658
-1715
-1206
-957
-16877
97
369
-3153
-1590
-2379
-701
-17072
311
160
-624
-1321
-832
-966
-1571
-144
-1615
-465
-1191
-1728
-2313
-2568
-1450
-330
-174
-483
-38
-692
-2186
-2061
-632
-1511
-15908
25
306
-4224
-2731
-2475
-2310
-13307
324
-83
-426
-1309
427
-2617
-1851
-1314
-2022
-328
-1711
703
-3059
-2470
-2021
-610
-95
-1153
-255
-828
-1955
-2129
-565
-1885
-17677
-245
-131
-2953
-2419
-2198
-1954
-20244
135
153
0
0
0
0
0
0
0
0
0
0
0
-2074
-2092
508
-1637
-1832
0
0
0
0
0
0
0
0
0
0
0
-81
-1785
-2686
-1850
-13951
0
0
0
0
0
0
0
0
0
0
0
-3122
-1920
886
-1479
-2213
0
0
0
0
0
0
0
0
0
0
0
-526
-1998
-2713
-2191
-13048
0
0
0
0
0
0
0
0
0
0
0
-2860
-110
365
-1612
-1731
0
0
0
0
0
0
0
0
0
0
0
-620
-1275
-2805
-1729
-15579
0
0
0
0
0
0
0
0
0
0
0
-2531
-241
82
-1160
-1768
0
0
0
0
0
0
0
0
0
0
0
-1429
-606
-3433
-1876
-13332
0
0
0
0
0
0
0
0
0
0
0
-2222
-180
-709
-993
-1507
0
0
0
0
0
0
0
0
0
0
0
-1417
34
-2673
-1484
-16694
0
0
0
0
0
0
0
0
0
0
0
-1903
-2383
-992
-1828
-1999
0
0
0
0
0
0
0
0
0
0
0
-963
-318
-2202
-1896
-13831
0
0
0
0
0
0
0
0
0
0
0
-2083
-2715
-1141
-2326
-1970
0
0
0
0
0
0
0
0
0
0
0
-45
-1252
-1128
-1915
-16205
0
0
0
0
0
0
0
0
0
0
0
-1425
-1338
182
-1155
-1162
0
0
0
0
0
0
0
0
0
0
0
-9
-251
-2256
-1050
-15641
0
0
0
0
0
0
0
0
0
0
0
-2258
-2360
-189
-1100
-2317
0
0
0
0
0
0
0
0
0
0
0
-509
-1842
-3041
-2208
-12392
0
0
0
0
0
0
0
0
0
0
0
-3718
-2376
1761
-1370
-2831
0
0
0
0
0
0
0
0
0
0
0
-1281
-3737
-3499
-2781
-15107
0
0
0
0
0
0
0
0
0
0
0
-3489
-295
1315
-1420
-2423
0
0
0
0
0
0
0
0
0
0
0
-2057
-2569
-4153
-2431
-20258
0
0
0
0
0
0
0
0
0
0
0
-3707
-895
544
-368
-2678
0
0
0
0
0
0
0
0
0
0
0
-2476
-2210
-5211
-2654
-14351
0
0
0
0
0
0
0
0
0
0
0
-2986
-1698
-783
-510
-2214
0
0
0
0
0
0
0
0
0
0
0
-2407
-329
-3535
-2208
-15207
0
0
0
0
0
0
0
0
0
0
0
-2244
-3013
-2484
-2947
-2206
0
0
0
0
0
0
0
0
0
0
0
-1343
58
8
-2172
-15117
0
0
0
0
0
0
0
0
0
0
0
-2560
-3050
-2410
-2250
-2210
0
0
0
0
0
0
0
0
0
0
0
-585
-1667
861
-2099
-19333
0
0
0
0
0
0
0
0
0
0
0
-1905
-2181
-1500
-950
-1658
0
0
0
0
0
0
0
0
0
0
0
420
-1068
-1649
-1681
-17616
0
0
0
0
0
0
0
0
0
0
0
-1577
-2068
-23
-890
-1943
0
0
0
0
0
0
0
0
0
0
0
-893
-1625
-2527
-1767
-14877
0
0
0
0
0
0
0
0
0
0
0
-3884
-2295
1345
-258
-3216
0
0
0
0
0
0
0
0
0
0
0
-3094
-3862
-4363
-3111
-14561
0
0
0
0
0
0
0
0
0
0
0
-4081
-1332
1485
-997
-3492
0
0
0
0
0
0
0
0
0
0
0
-3204
-4263
-5406
-3309
-15031
0
0
0
0
0
0
0
0
0
0
0
-3403
-1993
2028
545
-2677
0
0
0
0
0
0
0
0
0
0
0
-2964
-2876
-5409
-2479
-18737
0
0
0
0
0
0
0
0
0
0
0
-3799
-3045
623
-431
-2536
0
0
0
0
0
0
0
0
0
0
0
-2620
-699
-3988
-2537
-20572
0
0
0
0
0
0
0
0
0
0
0
-4554
-5171
-3736
-4856
-3970
0
0
0
0
0
0
0
0
0
0
0
-2989
-1756
1956
-3938
-28571
0
0
0
0
0
0
0
0
0
0
0
-4360
-5049
-5100
-5124
-4477
0
0
0
0
0
0
0
0
0
0
0
-2779
-4898
4602
-4294
-24250
0
0
0
0
0
0
0
0
0
0
0
-2191
-3158
-2034
-2215
-2454
0
0
0
0
0
0
0
0
0
0
0
-1798
-2529
1692
-2280
-18504
0
0
0
0
0
0
0
0
0
0
0
-1771
-1937
17
-1664
-1849
0
0
0
0
0
0
0
0
0
0
0
-610
-1554
-1749
-1687
-15888
0
0
0
0
0
0
0
0
0
0
0
-3052
-1087
826
-846
-2516
0
0
0
0
0
0
0
0
0
0
0
-3006
-3151
-2091
-2369
-15712
0
0
0
0
0
0
0
0
0
0
0
-2782
736
867
-1850
-2479
0
0
0
0
0
0
0
0
0
0
0
-3359
-3616
-2108
-2209
-17763
0
0
0
0
0
0
0
0
0
0
0
-3558
-708
1059
-1665
-3274
0
0
0
0
0
0
0
0
0
0
0
-4051
-4876
-2639
-3191
-14321
0
0
0
0
0
0
0
0
0
0
0
-5453
-3514
-2381
-1120
-4526
0
0
0
0
0
0
0
0
0
0
0
-5599
-5317
148
-4563
-13920
0
0
0
0
0
0
0
0
0
0
0
-10062
-8453
-9096
-8216
-8334
0
0
0
0
0
0
0
0
0
0
0
-9056
-8952
9680
-8293
-15533
0
0
0
0
0
0
0
0
0
0
0
-15334
-14667
-12327
-14377
-14178
0
0
0
0
0
0
0
0
0
0
0
-12638
-14607
11852
-14253
18232
0
0
0
0
0
0
0
0
0
0
0
-4009
-4728
-1511
-4337
-3908
0
0
0
0
0
0
0
0
0
0
0
-3896
-3018
2343
-3602
-20686
0
0
0
0
0
0
0
0
0
0
0
-1625
-1345
-821
-1743
-1676
0
0
0
0
0
0
0
0
0
0
0
-986
-859
-1257
-1580
-15586
0
0
0
0
0
0
0
0
0
0
0
-3413
-1772
-998
-1816
-2566
0
0
0
0
0
0
0
0
0
0
0
-3029
-2200
190
-2452
-12227
0
0
0
0
0
0
0
0
0
0
0
-3031
88
-830
-2121
-2222
0
0
0
0
0
0
0
0
0
0
0
-3188
-2273
-412
-2162
-17607
0
0
0
0
0
0
0
0
0
0
0
-4273
156
-631
-2817
-3242
0
0
0
0
0
0
0
0
0
0
0
-4155
-4468
-441
-3347
-13659
0
0
0
0
0
0
0
0
0
0
0
-4174
-1237
-2769
-2664
-3362
0
0
0
0
0
0
0
0
0
0
0
-5026
-4405
2933
-3458
-15663
0
0
0
0
0
0
0
0
0
0
0
-5107
-5702
-6013
-5858
-4975
0
0
0
0
0
0
0
0
0
0
0
-5932
-6146
7659
-4901
-17905
0
0
0
0
0
0
0
0
0
0
0
-7187
-8604
-6527
-7629
-6970
0
0
0
0
0
0
0
0
0
0
0
-6556
-6410
5998
-6977
-17269
0
0
0
0
0
0
0
0
0
0
0
-3571
-3479
-1756
-4092
-2767
0
0
0
0
0
0
0
0
0
0
0
-2334
-1854
1561
-2492
-20725
0
0
0
0
0
0
0
0
0
0
0
-1547
-1027
-1497
-1382
-1578
0
0
0
0
0
0
0
0
0
0
0
-898
-91
-1398
-1441
-16709
0
0
0
0
0
0
0
0
0
0
0
-3666
-1772
-2015
-2084
-2666
0
0
0
0
0
0
0
0
0
0
0
-2908
-875
-138
-2620
-11946
0
0
0
0
0
0
0
0
0
0
0
-3820
-295
-2423
-2139
-2519
0
0
0
0
0
0
0
0
0
0
0
-3610
-342
-854
-2556
-15802
0
0
0
0
0
0
0
0
0
0
0
-4862
-742
-2614
-1901
-3519
0
0
0
0
0
0
0
0
0
0
0
-4305
-1985
-1466
-3533
-11987
0
0
0
0
0
0
0
0
0
0
0
-4933
-1184
-4446
-1330
-3921
0
0
0
0
0
0
0
0
0
0
0
-4184
-2633
-1037
-3967
-12036
0
0
0
0
0
0
0
0
0
0
0
-4295
-1867
-3752
-2250
-3353
0
0
0
0
0
0
0
0
0
0
0
-1684
-3608
298
-3367
-16862
0
0
0
0
0
0
0
0
0
0
0
-4113
-3423
-2789
-1447
-3086
0
0
0
0
0
0
0
0
0
0
0
-1088
-3446
470
-2984
-19775
0
0
0
0
0
0
0
0
0
0
0
-2551
-2439
-1469
-1077
-1786
0
0
0
0
0
0
0
0
0
0
0
-336
-255
-1423
-1819
-14743
0
0
0
0
0
0
0
0
0
0
0
-1122
-1181
-291
-985
-1228
0
0
0
0
0
0
0
0
0
0
0
284
-713
-1449
-1031
-15769
0
0
0
0
0
0
0
0
0
0
0
-2061
-929
-178
-879
-1473
0
0
0
0
0
0
0
0
0
0
0
-467
-1448
-797
-1389
-17382
0
0
0
0
0
0
0
0
0
0
0
-2690
-517
-1623
-1261
-1873
0
0
0
0
0
0
0
0
0
0
0
-1042
-1562
-263
-1838
-18693
0
0
0
0
0
0
0
0
0
0
0
-3406
-1548
-1979
-418
-2513
0
0
0
0
0
0
0
0
0
0
0
-1658
-2708
-354
-2456
-13625
0
0
0
0
0
0
0
0
0
0
0
-3441
-1003
-2521
700
-2359
0
0
0
0
0
0
0
0
0
0
0
-1596
-3046
-368
-2252
-16215
0
0
0
0
0
0
0
0
0
0
0
-3377
-465
-2325
-37
-2444
0
0
0
0
0
0
0
0
0
0
0
-871
-3634
-541
-2320
-15835
0
0
0
0
0
0
0
0
0
0
0
-3096
-860
-2526
-991
-2327
0
0
0
0
0
0
0
0
0
0
0
-738
-3534
487
-2208
-16634
0
0
0
0
0
0
0
0
0
0
0
-1997
-1397
-2445
-253
-1880
0
0
0
0
0
0
0
0
0
0
0
571
-2098
-1636
-1868
-15281
0
0
0
0
0
0
0
0
0
0
0
-1285
-1414
294
-1117
-1464
0
0
0
0
0
0
0
0
0
0
0
53
-1073
-2520
-1380
-14759
0
0
0
0
0
0
0
0
0
0
0
-1784
-1251
1012
-1422
-1344
0
0
0
0
0
0
0
0
0
0
0
341
-1822
-2040
-1324
-13220
0
0
0
0
0
0
0
0
0
0
0
-1427
-845
76
-1250
-1239
0
0
0
0
0
0
0
0
0
0
0
-31
-1386
-1135
-1114
-14337
0
0
0
0
0
0
0
0
0
0
0
-1677
-1041
48
-819
-1340
0
0
0
0
0
0
0
0
0
0
0
-464
-1441
-1132
-1262
-12755
0
0
0
0
0
0
0
0
0
0
0
-1434
-706
-374
-330
-1062
0
0
0
0
0
0
0
0
0
0
0
-687
-1112
-487
-958
-13201
0
0
0
0
0
0
0
0
0
0
0
-1450
-323
-290
-605
-1142
0
0
0
0
0
0
0
0
0
0
0
-903
-1285
-380
-965
-16082
0
0
0
0
0
0
0
0
0
0
0
-1767
-504
-750
-1156
-1407
0
0
0
0
0
0
0
0
0
0
0
-1032
-1763
185
-1278
-16018
0
0
0
0
0
0
0
0
0
0
0
-1458
-1272
-1529
-1477
-1548
0
0
0
0
0
0
0
0
0
0
0
457
-2165
-367
-1399
-17521
0
0
0
0
0
0
0
0
0
0
0
0
0
0
0
0
0
0
0
0
0
0
0
0
0
0
0
0
0
0
0
0
0
0
0
0
0
0
0
0
0
0
0
0
0
0
0
0
0
0
0
0
0
0
0
0
0
0
0
0
0
0
0
0
0
0
0
0
0
0
0
0
0
0
0
0
0
0
0
0
0
0
0
0
0
0
0
0
0
0
0
0
0
0
0
0
0
0
0
0
0
0
0
0
0
0
0
0
0
0
0
0
0
0
0
0
0
0
0
0
0
0
0
0
0
0
0
0
0
0
0
0
0
0
0
0
0
0
0
0
0
0
0
0
0
0
0
0
0
0
0
0
0
0
0
0
0
0
0
0
0
0
0
0
0
0
0
0
0
0
0
0
0
0
0
0
0
0
0
0
0
0
0
0
0
0
0
0
0
0
0
0
0
0
0
0
0
0
0
0
0
0
0
0
0
0
0
0
0
0
0
0
0
0
0
0
0
0
0
0
0
0
0
0
0
0
0
0
0
0
0
0
0
0
0
0
0
0
0
0
0
0
0
0
0
0
0
0
0
0
0
0
0
0
0
0
0
0
0
0
0
0
0
0
0
0
0
0
0
0
0
0
0
0
0
0
0
0
0
0
0
0
0
0
0
0
0
0
0
0
0
0
0
0
0
0
0
0
0
0
0
0
0
0
0
0
0
0
0
0
0
0
0
0
0
0
0
0
0
0
0
0
0
0
0
0
0
0
0
0
0
0
0
0
0
0
0
0
0
0
0
0
0
0
0
0
0
0
0
0
0
0
0
0
0
0
0
0
0
0
0
0
0
0
0
0
0
0
0
0
0
0
0
0
0
0
0
0
0
0
0
0
0
0
0
0
0
0
0
0
0
0
0
0
0
0
0
0
0
0
0
0
0
0
0
0
0
0
0
0
0
0
0
0
0
0
0
0
0
0
0
0
0
0
0
0
0
0
0
0
0
0
0
0
0
0
0
0
0
0
0
0
0
0
0
0
0
0
0
0
0
0
0
0
0
0
0
0
0
0
0
0
0
0
0
0
0
0
0
0
0
0
0
0
0
0
0
0
0
0
0
0
0
0
0
0
0
0
0
0
0
0
0
0
0
0
0
0
0
0
0
0
0
0
0
0
0
0
0
0
0
0
0
0
0
0
0
0
0
0
0
0
0
0
0
0
0
0
0
0
0
0
0
0
0
0
0
0
0
0
0
0
0
0
0
0
0
0
0
0
0
0
0
0
0
0
0
0
0
0
0
0
0
0
0
0
0
0
0
0
0
0
0
0
0
0
0
0
0
0
0
0
0
0
0
0
0
0
0
0
0
0
0
0
0
0
0
0
0
0
0
0
0
0
0
0
0
0
0
0
0
0
0
0
0
0
0
0
0
0
0
0
0
0
0
0
0
0
0
0
0
0
0
0
0
0
0
0
0
0
0
0
0
0
0
0
0
0
0
0
0
0
0
0
0
0
0
0
0
0
0
0
0
0
0
0
0
0
0
0
0
0
0
0
0
0
0
0
0
0
0
0
0
0
0
0
0
0
0
0
0
0
0
0
0
0
0
0
0
0
0
0
0
0
0
0
0
0
0
0
0
0
0
0
0
0
0
0
0
0
0
0
0
0
0
0
0
0
0
0
0
0
0
0
0
0
0
0
0
0
0
0
0
0
0
0
0
0
0
0
0
0
0
0
0
0
0
0
0
0
0
0
0
0
0
0
0
0
0
0
0
0
0
0
0
0
0
0
0
0
0
0
0
0
0
0
0
0
0
0
0
0
0
0
0
0
0
0
0
0
0
0
0
0
0
0
0
0
0
0
0
0
0
0
0
0
0
0
0
0
0
0
0
0
0
0
0
0
0
0
0
0
0
0
0
0
0
0
0
0
0
0
0
0
0
0
0
0
0
0
0
0
0
0
0
0
0
0
0
0
0
0
0
0
0
0
0
0
0
0
0
0
0
0
0
0
0
0
0
0
0
0
0
0
0
0
0
0
0
0
0
0
0
0
0
0
0
0
0
0
0
0
0
0
0
0
0
0
0
0
0
0
0
0
0
0
0
0
0
0
0
0
0
0
0
0
0
0
0
0
0
0
0
0
0
0
0
0
0
0
0
0
0
0
0
0
0
0
0
0
0
0
0
0
0
0
0
0
0
0
0
0
0
0
0
0
0
0
0
0
0
0
0
0
0
0
0
0
0
0
0
0
0
0
0
0
0
0
0
0
0
0
0
0
0
0
0
0
0
0
0
0
0
0
0
0
0
0
0
0
0
0
0
0
0
0
0
0
0
0
0
0
0
0
0
0
0
0
0
0
0
0
0
0
0
0
0
0
0
0
0
0
0
0
0
0
0
0
0
0
0
0
0
0
0
0
0
0
0
0
0
0
0
0
0
0
0
0
0
0
0
0
0
0
0
0
0
0
0
0
0
0
0
0
0
0
0
0
0
0
0
0
0
0
0
0
0
0
0
0
0
0
0
0
0
0
0
0
0
0
0
0
0
0
0
0
0
0
0
0
0
0
0
0
0
0
0
0
0
0
0
0
0
0
0
0
0
0
0
0
0
0
0
0
0
0
0
0
0
0
0
0
0
0
0
0
0
0
0
0
0
0
0
0
0
0
0
0
0
0
0
0
0
0
0
0
0
0
0
0
0
0
0
0
0
0
0
0
0
0
0
0
0
0
0
0
0
0
0
0
0
0
0
0
0
0
0
0
0
0
0
0
0
0
0
0
0
0
0
0
0
0
0
0
0
0
0
0
0
0
0
0
0
0
0
0
0
0
0
0
0
0
0
0
0
0
0
0
0
0
0
0
0
0
0
0
0
0
0
0
0
0
0
0
0
0
0
0
0
0
0
0
0
0
0
0
0
0
0
0
0
0
0
0
0
0
0
0
0
0
0
0
0
0
0
0
0
0
0
0
0
0
0
0
0
0
0
0
0
0
0
0
0
0
0
0
0
0
0
0
0
0
0
0
0
0
0
0
0
0
0
0
0
0
0
0
0
0
0
0
0
0
0
0
0
0
0
0
0
0
0
0
0
0
0
0
0
0
0
0
0
0
0
0
0
0
0
0
0
0
0
0
0
0
0
0
0
0
0
0
0
0
0
0
0
0
0
0
0
0
0
0
0
0
0
0
0
0
0
0
0
0
0
0
0
0
0
0
0
0
0
0
0
0
0
0
0
0
0
0
0
0
0
0
0
0
0
0
0
0
0
0
0
0
0
0
0
0
0
0
0
0
0
0
0
0
0
0
0
0
0
0
0
0
0
0
0
0
0
0
0
0
0
0
0
0
0
0
0
0
0
0
0
0
0
0
0
0
0
0
0
0
0
0
0
0
0
0
0
0
0
0
0
0
0
0
0
0
0
0
0
0
0
0
0
0
0
0
0
0
0
0
0
0
0
0
0
0
0
0
0
0
0
0
0
0
0
0
0
0
0
0
0
0
0
0
0
0
0
0
0
0
0
0
0
0
0
0
0
0
0
0
0
0
0
0
0
0
0
0
0
0
0
0
0
0
0
0
0
0
0
0
0
0
0
0
0
0
0
0
0
0
0
0
0
0
0
0
0
0
0
0
0
0
0
0
0
0
0
0
0
0
0
0
0
0
0
0
0
0
0
0
0
0
0
0
0
0
0
0
0
0
0
0
0
0
0
0
0
0
0
0
0
0
0
0
0
0
0
0
0
0
0
0
0
0
0
0
0
0
0
0
0
0
0
0
0
0
0
0
0
0
0
0
0
0
0
0
0
0
0
0
0
0
0
0
0
0
0
0
0
0
0
0
0
0
0
0
0
0
0
0
0
0
0
0
0
0
0
0
0
0
0
0
0
0
0
0
0
0
0
0
0
0
0
0
0
0
0
0
0
0
0
0
0
0
0
0
0
0
0
0
0
0
0
0
0
0
0
0
0
0
0
0
0
0
0
0
0
0
0
0
0
0
0
0
0
0
0
0
0
0
0
0
0
0
0
0
0
0
0
0
0
0
0
0
0
0
0
0
0
0
0
0
0
0
0
0
0
0
0
0
0
0
0
0
0
0
0
0
0
0
0
0
0
0
0
0
0
0
0
0
0
0
0
0
0
0
0
0
0
0
0
0
0
0
0
0
0
0
0
0
0
0
0
0
0
0
0
0
0
0
0
0
0
0
0
0
0
0
0
0
0
0
0
0
0
0
0
0
0
0
0
0
0
0
0
0
0
0
0
0
0
0
0
0
0
0
0
0
0
0
0
0
0
0
0
0
0
0
0
0
0
0
0
0
0
0
0
0
0
0
0
0
0
0
0
0
0
0
0
0
0
0
0
0
0
0
0
0
0
0
0
0
0
0
0
0
0
0
0
0
0
0
0
0
0
0
0
0
0
0
0
0
0
0
0
0
0
0
0
0
0
0
0
0
0
0
0
0
0
0
0
0
0
0
0
0
0
0
0
0
0
0
0
0
0
0
0
0
0
0
0
0
0
0
0
0
0
0
0
0
0
0
0
0
0
0
0
0
0
0
0
0
0
0
0
0
0
0
0
0
0
0
0
0
0
0
0
0
0
0
0
0
0
0
0
0
0
0
0
0
0
0
0
0
0
0
0
0
0
0
0
0
0
0
0
0
0
0
0
0
0
0
0
0
0
0
0
0
0
0
0
0
0
0
0
0
0
0
0
0
0
0
0
0
0
0
0
0
0
0
0
0
0
0
0
0
0
0
0
0
0
0
0
0
0
0
0
0
0
0
0
0
0
0
0
0
0
0
0
0
0
0
0
0
0
0
0
0
0
0
0
0
0
0
0
0
0
0
0
0
0
0
0
0
0
0
0
0
0
0
0
0
0
0
0
0
0
0
0
0
0
0
0
0
0
0
0
0
0
0
0
0
0
0
0
0
0
0
0
0
0
0
0
0
0
0
0
0
0
0
0
0
0
0
0
0
0
0
0
0
0
0
0
0
0
0
0
0
0
0
0
0
0
0
0
0
0
0
0
0
0
0
0
0
0
0
0
0
0
0
0
0
0
0
0
0
0
0
0
0
0
0
0
0
0
0
0
0
0
0
0
0
0
0
0
0
0
0
0
0
0
0
0
0
0
0
0
0
0
0
0
0
0
0
0
0
0
0
0
0
0
0
0
0
0
0
0
0
0
0
0
0
0
0
0
0
0
0
0
0
0
0
0
0
0
0
0
0
0
0
0
0
0
0
0
0
0
0
0
0
0
0
0
0
0
0
0
0
0
0
0
0
0
0
0
0
0
0
0
0
0
0
0
0
0
0
0
0
0
0
0
0
0
0
0
0
0
0
0
0
0
0
0
0
0
0
0
0
0
0
0
0
0
0
0
0
0
0
0
0
0
0
0
0
0
0
0
0
0
0
0
0
0
0
0
0
0
0
0
0
0
0
0
0
0
0
0
0
0
0
0
0
0
0
0
0
0
0
0
0
0
0
0
0
0
0
0
0
0
0
0
0
0
0
0
0
0
0
0
0
0
0
0
0
0
0
0
0
0
0
0
0
0
0
0
0
0
0
0
0
0
0
0
0
0
0
0
0
0
0
0
0
0
0
0
0
0
0
0
0
0
0
0
0
0
0
0
0
0
0
0
0
0
0
0
0
0
0
0
0
0
0
0
0
0
0
0
0
0
0
0
0
0
0
0
0
0
0
0
0
0
0
0
0
0
0
0
0
0
0
0
0
0
0
0
0
0
0
0
0
0
0
0
0
0
0
0
0
0
0
0
0
0
0
0
0
0
0
0
0
0
0
0
0
0
0
0
0
0
0
0
0
0
0
0
0
0
0
0
0
0
0
0
0
0
0
0
0
0
0
0
0
0
0
0
0
0
0
0
0
0
0
0
0
0
0
0
0
0
0
0
0
0
0
0
0
0
0
0
0
0
0
0
0
0
0
0
0
0
0
0
0
0
0
0
0
0
0
0
0
0
0
0
0
0
0
0
0
0
0
0
0
0
0
0
0
0
0
0
0
0
0
0
0
0
0
0
0
0
0
0
0
0
0
0
0
0
0
0
0
0
0
0
0
0
0
0
0
0
0
0
0
0
0
0
0
0
0
0
0
0
0
0
0
0
0
0
0
0
0
0
0
0
0
0
0
0
0
0
0
0
0
0
0
0
0
0
0
0
0
0
0
0
0
0
0
0
0
0
0
0
0
0
0
0
0
0
0
0
0
0
0
0
0
0
0
0
0
0
0
0
0
0
0
0
0
0
0
0
0
0
0
0
0
0
0
0
0
0
0
0
0
0
0
0
0
0
0
0
0
0
0
0
0
0
0
0
0
0
0
0
0
0
0
0
0
0
0
0
0
0
0
0
0
0
0
0
0
0
0
0
0
0
0
0
0
0
0
0
0
0
0
0
0
0
0
0
0
0
0
0
0
0
0
0
0
0
0
0
0
0
0
0
0
0
0
0
0
0
0
0
0
0
0
0
0
0
0
0
0
0
0
0
0
0
0
0
0
0
0
0
0
0
0
0
0
0
0
0
0
0
0
0
0
0
0
0
0
0
0
0
0
0
0
0
0
0
0
0
0
0
0
0
0
0
0
0
0
0
0
0
0
0
0
0
0
0
0
0
0
0
0
0
0
0
0
0
0
0
0
0
0
0
0
0
0
0
0
0
0
0
0
0
0
0
0
0
0
0
0
0
0
0
0
0
0
0
0
0
0
0
0
0
0
0
0
0
0
0
0
0
0
0
0
0
0
0
0
0
0
0
0
0
0
0
0
0
0
0
0
0
0
0
0
0
0
0
0
0
0
0
0
0
0
0
0
0
0
0
0
0
0
0
0
0
0
0
0
0
0
0
0
0
0
0
0
0
0
0
0
0
0
0
0
0
0
0
0
0
0
0
0
0
0
0
0
0
0
0
0
0
0
0
0
0
0
0
0
0
0
0
0
0
0
0
0
0
0
0
0
0
0
0
0
0
0
0
0
0
0
0
0
0
0
0
0
0
0
0
0
0
0
0
0
0
0
0
0
0
0
0
0
0
0
0
0
0
0
0
0
0
0
0
0
0
0
0
0
0
0
0
0
0
0
0
0
0
0
0
0
0
0
0
0
0
0
0
0
0
0
0
0
0
0
0
0
0
0
0
0
0
0
0
0
0
0
0
0
0
0
0
0
0
0
0
0
0
0
0
0
0
0
0
0
0
0
0
0
0
0
0
0
0
0
0
0
0
0
0
0
0
0
0
0
0
0
0
0
0
0
0
0
0
0
0
0
0
0
0
0
0
0
0
0
0
0
0
0
0
0
0
0
0
0
0
0
0
0
0
0
0
0
0
0
0
0
0
0
0
0
0
0
0
0
0
0
0
0
0
0
0
0
0
0
0
0
0
0
0
0
0
0
0
0
0
0
0
0
0
0
0
0
0
0
0
0
0
0
0
0
0
0
0
0
0
0
0
0
0
0
0
0
0
0
0
0
0
0
0
0
0
0
0
0
0
0
0
0
0
0
0
0
0
0
0
0
0
0
0
0
0
0
0
0
0
0
0
0
0
0
0
0
0
0
0
0
0
0
0
0
0
0
0
0
0
0
0
0
0
0
0
0
0
0
0
0
0
0
0
0
0
0
0
0
0
0
0
0
0
0
0
0
0
0
0
0
0
0
0
0
0
0
0
0
0
0
0
0
0
0
0
0
0
0
0
0
0
0
0
0
0
0
0
0
0
0
0
0
0
0
0
0
0
0
0
0
0
0
0
0
0
0
0
0
0
0
0
0
0
0
0
0
0
0
0
0
0
0
0
0
0
0
0
0
0
0
0
0
0
0
0
0
0
0
0
0
0
0
0
0
0
0
0
0
0
0
0
0
0
0
0
0
0
0
0
0
0
0
0
0
0
0
0
0
0
0
0
0
0
0
0
0
0
0
0
0
0
0
0
0
0
0
0
0
0
0
0
0
0
0
0
0
0
0
0
0
0
0
0
0
0
0
0
0
0
0
0
0
0
0
0
0
0
0
0
0
0
0
0
0
0
0
0
0
0
0
0
0
0
0
0
0
0
0
0
0
0
0
0
0
0
0
0
0
0
0
0
0
0
0
0
0
0
0
0
0
0
0
0
0
0
0
0
0
0
0
0
0
0
0
0
0
0
0
0
0
0
0
0
0
0
0
0
0
0
0
0
0
0
0
0
0
0
0
0
0
0
0
0
0
0
0
0
0
0
0
0
0
0
0
0
0
0
0
0
0
0
0
0
0
0
0
0
0
0
0
0
0
0
0
0
0
0
0
0
0
0
0
0
0
0
0
0
0
0
0
0
0
0
0
0
0
0
0
0
0
0
0
0
0
0
0
0
0
0
0
0
0
0
0
0
0
0
0
0
0
0
0
0
0
0
0
0
0
0
0
0
0
0
0
0
0
0
0
0
0
0
0
0
0
0
0
0
0
0
0
0
0
0
0
0
0
0
0
0
0
0
0
0
0
0
0
0
0
0
0
0
0
0
0
0
0
0
0
0
0
0
0
0
0
0
0
0
0
0
0
0
0
0
0
0
0
0
0
0
0
0
0
0
0
0
0
0
0
0
0
0
0
0
0
0
0
0
0
0
0
0
0
0
0
0
0
0
0
0
0
0
0
0
0
0
0
0
0
0
0
0
0
0
0
0
0
0
0
0
0
0
0
0
0
0
0
0
0
0
0
0
0
0
0
0
0
0
0
0
0
0
0
0
0
0
0
0
0
0
0
0
0
0
0
0
0
0
0
0
0
0
0
0
0
0
0
0
0
0
0
0
0
0
0
0
0
0
0
0
0
0
0
0
0
0
0
0
0
0
0
0
0
0
0
0
0
0
0
0
0
0
0
0
0
0
0
0
0
0
0
0
0
0
0
0
0
0
0
0
0
0
0
0
0
0
0
0
0
0
0
0
0
0
0
0
0
0
0
0
0
0
0
0
0
0
0
0
0
0
0
0
0
0
0
0
0
0
0
0
0
0
0
0
0
0
0
0
0
0
0
0
0
0
0
0
0
0
0
0
0
0
0
0
0
0
0
0
0
0
0
0
0
0
0
0
0
0
0
0
0
0
0
0
0
0
0
0
0
0
0
0
0
0
0
0
0
0
0
0
0
0
0
0
0
0
0
0
0
0
0
0
0
0
0
0
0
0
0
0
0
0
0
0
0
0
0
0
0
0
0
0
0
0
0
0
0
0
0
0
0
0
0
0
0
0
0
0
0
0
0
0
0
0
0
0
0
0
0
0
0
0
0
0
0
0
0
0
0
0
0
0
0
0
0
0
0
0
0
0
0
0
0
0
0
0
0
0
0
0
0
0
0
0
0
0
0
0
0
0
0
0
0
0
0
0
0
0
0
0
0
0
0
0
0
0
0
0
0
0
0
0
0
0
0
0
0
0
0
0
0
0
0
0
0
0
0
0
0
0
0
0
0
0
0
0
0
0
0
0
0
0
0
0
0
0
0
0
0
0
0
0
0
0
0
0
0
0
0
0
0
0
0
0
0
0
0
0
0
0
0
0
0
0
0
0
0
0
0
0
0
0
0
0
0
0
0
0
0
0
0
0
0
0
0
0
0
0
0
0
0
0
0
0
0
0
0
0
0
0
0
0
0
0
0
0
0
0
0
0
0
0
0
0
0
0
0
0
0
0
0
0
0
0
0
0
0
0
0
0
0
0
0
0
0
0
0
0
0
0
0
0
0
0
0
0
0
0
0
0
0
0
0
0
0
0
0
0
0
0
0
0
0
0
0
0
0
0
0
0
0
0
0
0
0
0
0
0
0
0
0
0
0
0
0
0
0
0
0
0
0
0
0
0
0
0
0
0
0
0
0
0
0
0
0
0
0
0
0
0
0
0
0
0
0
0
0
0
0
0
0
0
0
0
0
0
0
0
0
0
0
0
0
0
0
0
0
0
0
0
0
0
0
0
0
0
0
0
0
0
0
0
0
0
0
0
0
0
0
0
0
0
0
0
0
0
0
0
0
0
0
0
0
0
0
0
0
0
0
0
0
0
0
0
0
0
0
0
0
0
0
0
0
0
0
0
0
0
0
0
0
0
0
0
0
0
0
0
0
0
0
0
0
0
0
0
0
0
0
0
0
0
0
0
0
0
0
0
0
0
0
0
0
0
0
0
0
0
0
0
0
0
0
0
0
0
0
0
0
0
0
0
0
0
0
0
0
0
0
0
0
0
0
0
0
0
0
0
0
0
0
0
0
0
0
0
0
0
0
0
0
0
0
0
0
0
0
0
0
0
0
0
0
0
0
0
0
0
0
0
0
0
0
0
0
0
0
0
0
0
0
0
0
0
0
0
0
0
0
0
0
0
0
0
0
0
0
0
0
0
0
0
0
0
0
0
0
0
0
0
0
0
0
0
0
0
0
0
0
0
0
0
0
0
0
0
0
0
0
0
0
0
0
0
0
0
0
0
0
0
0
0
0
0
0
0
0
0
0
0
0
0
0
0
0
0
0
0
0
0
0
0
0
0
0
0
0
0
0
0
0
0
0
0
0
0
0
0
0
0
0
0
0
0
0
0
0
0
0
0
0
0
0
0
0
0
0
0
0
0
0
0
0
0
0
0
0
0
0
0
0
0
0
0
0
0
0
0
0
0
0
0
0
0
0
0
0
0
0
0
0
0
0
0
0
0
0
0
0
0
0
0
0
0
0
0
0
0
0
0
0
0
0
0
0
0
0
0
0
0
0
0
0
0
0
0
0
0
0
0
0
0
0
0
0
0
0
0
0
0
0
0
0
0
0
0
0
0
0
0
0
0
0
0
0
0
0
0
0
0
0
0
0
0
0
0
0
0
0
0
0
0
0
0
0
0
0
0
0
0
0
0
0
0
0
0
0
0
0
0
0
0
0
0
0
0
0
0
0
0
0
0
0
0
0
0
0
0
0
0
0
0
0
0
0
0
0
0
0
0
0
0
0
0
0
0
0
0
0
0
0
0
0
0
0
0
0
0
0
0
0
0
0
0
0
0
0
0
0
0
0
0
0
0
0
0
0
0
0
0
0
0
0
0
0
0
0
0
0
0
0
0
0
0
0
0
0
0
0
0
0
0
0
0
0
0
0
0
0
0
0
0
0
0
0
0
0
0
0
0
0
0
0
0
0
0
0
0
0
0
0
0
0
0
0
0
0
0
0
0
0
0
0
0
0
0
0
0
0
0
0
0
0
0
0
0
0
0
0
0
0
0
0
0
0
0
0
0
0
0
0
0
0
0
0
0
0
0
0
0
0
0
0
0
0
0
0
0
0
0
0
0
0
0
0
0
0
0
0
0
0
0
0
0
0
0
0
0
0
0
0
0
0
0
0
0
0
0
0
0
0
0
0
0
0
0
0
0
0
0
0
0
0
0
0
0
0
0
0
0
0
0
0
0
0
0
0
0
0
0
0
0
0
0
0
0
0
0
0
0
0
0
0
0
0
0
0
0
0
0
0
0
0
0
0
0
0
0
0
0
0
0
0
0
0
0
0
0
0
0
0
0
0
0
0
0
0
0
0
0
0
0
0
0
0
0
0
0
0
0
0
0
0
0
0
0
0
0
0
0
0
0
0
0
0
0
0
0
0
0
0
0
0
0
0
0
0
0
0
0
0
0
0
0
0
0
0
0
0
0
0
0
0
0
0
0
0
0
0
0
0
0
0
0
0
0
0
0
0
0
0
0
0
0
0
0
0
0
0
0
0
0
0
0
0
0
0
0
0
0
0
0
0
0
0
0
0
0
0
0
0
0
0
0
0
0
0
0
0
0
0
0
0
0
0
0
0
0
0
0
0
0
0
0
0
0
0
0
0
0
0
0
0
0
0
0
0
0
0
0
0
0
0
0
0
0
0
0
0
0
0
0
0
0
0
0
0
0
0
0
0
0
0
0
0
0
0
0
0
0
0
0
0
0
0
0
0
0
0
0
0
0
0
0
0
0
0
0
0
0
0
0
0
0
0
0
0
0
0
0
0
0
0
0
0
0
0
0
0
0
0
0
0
0
0
0
0
0
0
0
0
0
0
0
0
0
0
0
0
0
0
0
0
0
0
0
0
0
0
0
0
0
0
0
0
0
0
0
0
0
0
0
0
0
0
0
0
0
0
0
0
0
0
0
0
0
0
0
0
0
0
0
0
0
0
0
0
0
0
0
0
0
0
0
0
0
0
0
0
0
0
0
0
0
0
0
0
0
0
0
0
0
0
0
0
0
0
0
0
0
0
0
0
0
0
0
0
0
0
0
0
0
0
0
0
0
0
0
0
0
0
0
0
0
0
0
0
0
0
0
0
0
0
0
0
0
0
0
0
0
0
0
0
0
0
0
0
0
0
0
0
0
0
0
0
0
0
0
0
0
0
0
0
0
0
0
0
0
0
0
0
0
0
0
0
0
0
0
0
0
0
0
0
0
0
0
0
0
0
0
0
0
0
0
0
0
0
0
0
0
0
0
0
0
0
0
0
0
0
0
0
0
0
0
0
0
0
0
0
0
0
0
0
0
0
0
0
0
0
0
0
0
0
0
0
0
0
0
0
0
0
0
0
0
0
0
0
0
0
0
0
0
0
0
0
0
0
0
0
0
0
0
0
0
0
0
0
0
0
0
0
0
0
0
0
0
0
0
0
0
0
0
0
0
0
0
0
0
0
0
0
0
0
0
0
0
0
0
0
0
0
0
0
0
0
0
0
0
0
0
0
0
0
0
0
0
0
0
0
0
0
0
0
0
0
0
0
0
0
0
0
0
0
0
0
0
0
0
0
0
0
0
0
0
0
0
0
0
0
0
0
0
0
0
0
0
0
0
0
0
0
0
0
0
0
0
0
0
0
0
0
0
0
0
0
0
0
0
0
0
0
0
0
0
0
0
0
0
0
0
0
0
0
0
0
0
0
0
0
0
0
0
0
0
0
0
0
0
0
0
0
0
0
0
0
0
0
0
0
0
0
0
0
0
0
0
0
0
0
0
0
0
0
0
0
0
0
0
0
0
0
0
0
0
0
0
0
0
0
0
0
0
0
0
0
0
0
0
0
0
0
0
0
0
0
0
0
0
0
0
0
0
0
0
0
0
0
0
0
0
0
0
0
0
0
0
0
0
0
0
0
0
0
0
0
0
0
0
0
0
0
0
0
0
0
0
0
0
0
0
0
0
0
0
0
0
0
0
0
0
0
0
0
0
0
0
0
0
0
0
0
0
0
0
0
0
0
0
0
0
0
0
0
0
0
0
0
0
0
0
0
0
0
0
0
0
0
0
0
0
0
0
0
0
0
0
0
0
0
0
0
0
0
0
0
0
0
0
0
0
0
0
0
0
0
0
0
0
0
0
0
0
0
0
0
0
0
0
0
0
0
0
0
0
0
0
0
0
0
0
0
0
0
0
0
0
0
0
0
0
0
0
0
0
0
0
0
0
0
0
0
0
0
0
0
0
0
0
0
0
0
0
0
0
0
0
0
0
0
0
0
0
0
0
0
0
0
0
0
0
0
0
0
0
0
0
0
0
0
0
0
0
0
0
0
0
0
0
0
0
0
0
0
0
0
0
0
0
0
0
0
0
0
0
0
0
0
0
0
0
0
0
0
0
0
0
0
0
0
0
0
0
0
0
0
0
0
0
0
0
0
0
0
0
0
0
0
0
0
0
0
0
0
0
0
0
0
0
0
0
0
0
0
0
0
0
0
0
0
0
0
0
0
0
0
0
0
0
0
0
0
0
0
0
0
0
0
0
0
0
0
0
0
0
0
0
0
0
0
0
0
0
0
0
0
0
0
0
0
0
0
0
0
0
0
0
0
0
0
0
0
0
0
0
0
0
0
0
0
0
0
0
0
0
0
0
0
0
0
0
0
0
0
0
0
0
0
0
0
0
0
0
0
0
0
0
0
0
0
0
0
0
0
0
0
0
0
0
0
0
0
0
0
0
0
0
0
0
0
0
0
0
0
0
0
0
0
0
0
0
0
0
0
0
0
0
0
0
0
0
0
0
0
0
0
0
0
0
0
0
0
0
0
0
0
0
0
0
0
0
0
0
0
0
0
0
0
0
0
0
0
0
0
0
0
0
0
0
0
0
0
0
0
0
0
0
0
0
0
0
0
0
0
0
0
0
0
0
0
0
0
0
0
0
0
0
0
0
0
0
0
0
0
0
0
0
0
0
0
0
0
0
0
0
0
0
0
0
0
0
0
0
0
0
0
0
0
0
0
0
0
0
0
0
0
0
0
0
0
0
0
0
0
0
0
0
0
0
0
0
0
0
0
0
0
0
0
0
0
0
0
0
0
0
0
0
0
0
0
0
0
0
0
0
0
0
0
0
0
0
0
0
0
0
0
0
0
0
0
0
0
0
0
0
0
0
0
0
0
0
0
0
0
0
0
0
0
0
0
0
0
0
0
0
0
0
0
0
0
0
0
0
0
0
0
0
0
0
0
0
0
0
0
0
0
0
0
0
0
0
0
0
0
0
0
0
0
0
0
0
0
0
0
0
0
0
0
0
0
0
0
0
0
0
0
0
0
0
0
0
0
0
0
0
0
0
0
0
0
0
0
0
0
0
0
0
0
0
0
0
0
0
0
0
0
0
0
0
0
0
0
0
0
0
0
0
0
0
0
0
0
0
0
0
0
0
0
0
0
0
0
0
0
0
0
0
0
0
0
0
0
0
0
0
0
0
0
0
0
0
0
0
0
0
0
0
0
0
0
0
0
0
0
0
0
0
0
0
0
0
0
0
0
0
0
0
0
0
0
0
0
0
0
0
0
0
0
0
0
0
0
0
0
0
0
0
0
0
0
0
0
0
0
0
0
0
0
0
0
0
0
0
0
0
0
0
0
0
0
0
0
0
0
0
0
0
0
0
0
0
0
0
0
0
0
0
0
0
0
0
0
0
0
0
0
0
0
0
0
0
0
0
0
0
0
0
0
0
0
0
0
0
0
0
0
0
0
0
0
0
0
0
0
0
0
0
0
0
0
0
0
0
0
0
0
0
0
0
0
0
0
0
0
0
0
0
0
0
0
0
0
0
0
0
0
0
0
0
0
0
0
0
0
0
0
0
0
0
0
0
0
0
0
0
0
0
0
0
0
0
0
0
0
0
0
0
0
0
0
0
0
0
0
0
0
0
0
0
0
0
0
0
0
0
0
0
0
0
0
0
0
0
0
0
0
0
0
0
0
0
0
0
0
0
0
0
0
0
0
0
0
0
0
0
0
0
0
0
0
0
0
0
0
0
0
0
0
0
0
0
0
0
0
0
0
0
0
0
0
0
0
0
0
0
0
0
0
0
0
0
0
0
0
0
0
0
0
0
0
0
0
0
0
0
0
0
0
0
0
0
0
0
0
0
0
0
0
0
0
0
0
0
0
0
0
0
0
0
0
0
0
0
0
0
0
0
0
0
0
0
0
0
0
0
0
0
0
0
0
0
0
0
0
0
0
0
0
0
0
0
0
0
0
0
0
0
0
0
0
0
0
0
0
0
0
0
0
0
0
0
0
0
0
0
0
0
0
0
0
0
0
0
0
0
0
0
0
0
0
0
0
0
0
0
0
0
0
0
0
0
0
0
0
0
0
0
0
0
0
0
0
0
0
0
0
0
0
0
0
0
0
0
0
0
0
0
0
0
0
0
0
0
0
0
0
0
0
0
0
0
0
0
0
0
0
0
0
0
0
0
0
0
0
0
0
0
0
0
0
0
0
0
0
0
0
0
0
0
0
0
0
0
0
0
0
0
0
0
0
0
0
0
0
0
0
0
0
0
0
0
0
0
0
0
0
0
0
0
0
0
0
0
0
0
0
0
0
0
0
0
0
0
0
0
0
0
0
0
0
0
0
0
0
0
0
0
0
0
0
0
0
0
0
0
0
0
0
0
0
0
0
0
0
0
0
0
0
0
0
0
0
0
0
0
0
0
0
0
0
0
0
0
0
0
0
0
0
0
0
0
0
0
0
0
0
0
0
0
0
0
0
0
0
0
0
0
0
0
0
0
0
0
0
0
0
0
0
0
0
0
0
0
0
0
0
0
0
0
0
0
0
0
0
0
0
0
0
0
0
0
0
0
0
0
0
0
0
0
0
0
0
0
0
0
0
0
0
0
0
0
0
0
0
0
0
0
0
0
0
0
0
0
0
0
0
0
0
0
0
0
0
0
0
0
0
0
0
0
0
0
0
0
0
0
0
0
0
0
0
0
0
0
0
0
0
0
0
0
0
0
0
0
0
0
0
0
0
0
0
0
0
0
0
0
0
0
0
0
0
0
0
0
0
0
0
0
0
0
0
0
0
0
0
0
0
0
0
0
0
0
0
0
0
0
0
0
0
0
0
0
0
0
0
0
0
0
0
0
0
0
0
0
0
0
0
0
0
0
0
0
0
0
0
0
0
0
0
0
0
0
0
0
0
0
0
0
0
0
0
0
0
0
0
0
0
0
0
0
0
0
0
0
0
0
0
0
0
0
0
0
0
0
0
0
0
0
0
0
0
0
0
0
0
0
0
0
0
0
0
0
0
0
0
0
0
0
0
0
0
0
0
0
0
0
0
0
0
0
0
0
0
0
0
0
0
0
0
0
0
0
0
0
0
0
0
0
0
0
0
0
0
0
0
0
0
0
0
0
0
0
0
0
0
0
0
0
0
0
0
0
0
0
0
0
0
0
0
0
0
0
0
0
0
0
0
0
0
0
0
0
0
0
0
0
0
0
0
0
0
0
0
0
0
0
0
0
0
0
0
0
0
0
0
0
0
0
0
0
0
0
0
0
0
0
0
0
0
0
0
0
0
0
0
0
0
0
0
0
0
0
0
0
0
0
0
0
0
0
0
0
0
0
0
0
0
0
0
0
0
0
0
0
0
0
0
0
0
0
0
0
0
0
0
0
0
0
0
0
0
0
0
0
0
0
0
0
0
0
0
0
0
0
0
0
0
0
0
0
0
0
0
0
0
0
0
0
0
0
0
0
0
0
0
0
0
0
0
0
0
0
0
0
0
0
0
0
0
0
0
0
0
0
0
0
0
0
0
0
0
0
0
0
0
0
0
0
0
0
0
0
0
0
0
0
0
0
0
0
0
0
0
0
0
0
0
0
0
0
0
0
0
0
0
0
0
0
0
0
0
0
0
0
0
0
0
0
0
0
0
0
0
0
0
0
0
0
0
0
0
0
0
0
0
0
0
0
0
0
0
0
0
0
0
0
0
0
0
0
0
0
0
0
0
0
0
0
0
0
0
0
0
0
0
0
0
0
0
0
0
0
0
0
0
0
0
0
0
0
0
0
0
0
0
0
0
0
0
0
0
0
0
0
0
0
0
0
0
0
0
0
0
0
0
0
0
0
0
0
0
0
0
0
0
0
0
0
0
0
0
0
0
0
0
0
0
0
0
0
0
0
0
0
0
0
0
0
0
0
0
0
0
0
0
0
0
0
0
0
0
0
0
0
0
0
0
0
0
0
0
0
0
0
0
0
0
0
0
0
0
0
0
0
0
0
0
0
0
0
0
0
0
0
0
0
0
0
0
0
0
0
0
0
0
0
0
0
0
0
0
0
0
0
0
0
0
0
0
0
0
0
0
0
0
0
0
0
0
0
0
0
0
0
0
0
0
0
0
0
0
0
0
0
0
0
0
0
0
0
0
0
0
0
0
0
0
0
0
0
0
0
0
0
0
0
0
0
0
0
0
0
0
0
0
0
0
0
0
0
0
0
0
0
0
0
0
0
0
0
0
0
0
0
0
0
0
0
0
0
0
0
0
0
0
0
0
0
0
0
0
0
0
0
0
0
0
0
0
0
0
0
0
0
0
0
0
0
0
0
0
0
0
0
0
0
0
0
0
0
0
0
0
0
0
0
0
0
0
0
0
0
0
0
0
0
0
0
0
0
0
0
0
0
0
0
0
0
0
0
0
0
0
0
0
0
0
0
0
0
0
0
0
0
0
0
0
0
0
0
0
0
0
0
0
0
0
0
0
0
0
0
0
0
0
0
0
0
0
0
0
0
0
0
0
0
0
0
0
0
0
0
0
0
0
0
0
0
0
0
0
0
0
0
0
0
0
0
0
0
0
0
0
0
0
0
0
0
0
0
0
0
0
0
0
0
0
0
0
0
0
0
0
0
0
0
0
0
0
0
0
0
0
0
0
0
0
0
0
0
0
0
0
0
0
0
0
0
0
0
0
0
0
0
0
0
0
0
0
0
0
0
0
0
0
0
0
0
0
0
0
0
0
0
0
0
0
0
0
0
0
0
0
0
0
0
0
0
0
0
0
0
0
0
0
0
0
0
0
0
0
0
0
0
0
0
0
0
0
0
0
0
0
0
0
0
0
0
0
0
0
0
0
0
0
0
0
0
0
0
0
0
0
0
0
0
0
0
0
0
0
0
0
0
0
0
0
0
0
0
0
0
0
0
0
0
0
0
0
0
0
0
0
0
0
0
0
0
0
0
0
0
0
0
0
0
0
0
0
0
0
0
0
0
0
0
0
0
0
0
0
0
0
0
0
0
0
0
0
0
0
0
0
0
0
0
0
0
0
0
0
0
0
0
0
0
0
0
0
0
0
0
0
0
0
0
0
0
0
0
0
0
0
0
0
0
0
0
0
0
0
0
0
0
0
0
0
0
0
0
0
0
0
0
0
0
0
0
0
0
0
0
0
0
0
0
0
0
0
0
0
0
0
0
0
0
0
0
0
0
0
0
0
0
0
0
0
0
0
0
0
0
0
0
0
0
0
0
0
0
0
0
0
0
0
0
0
0
0
0
0
0
0
0
0
0
0
0
0
0
0
0
0
0
0
0
0
0
0
0
0
0
0
0
0
0
0
0
0
0
0
0
0
0
0
0
0
0
0
0
0
0
0
0
0
0
0
0
0
0
0
0
0
0
0
0
0
0
0
0
0
0
0
0
0
0
0
0
0
0
0
0
0
0
0
0
0
0
0
0
0
0
0
0
0
0
0
0
0
0
0
0
0
0
0
0
0
0
0
0
0
0
0
0
0
0
0
0
0
0
0
0
0
0
0
0
0
0
0
0
0
0
0
0
0
0
0
0
0
0
0
0
0
0
0
0
0
0
0
0
0
0
0
0
0
0
0
0
0
0
0
0
0
0
0
0
0
0
0
0
0
0
0
0
0
0
0
0
0
0
0
0
0
0
0
0
0
0
0
0
0
0
0
0
0
0
0
0
0
0
0
0
0
0
0
0
0
0
0
0
0
0
0
0
0
0
0
0
0
0
0
0
0
0
0
0
0
0
0
0
0
0
0
0
0
0
0
0
0
0
0
0
0
0
0
0
0
0
0
0
0
0
0
0
0
0
0
0
0
0
0
0
0
0
0
0
0
0
0
0
0
0
0
0
0
0
0
0
0
0
0
0
0
0
0
0
0
0
0
0
0
0
0
0
0
0
0
0
0
0
0
0
0
0
0
0
0
0
0
0
0
0
0
0
0
0
0
0
0
0
0
0
0
0
0
0
0
0
0
0
0
0
0
0
0
0
0
0
0
0
0
0
0
0
0
0
0
0
0
0
0
0
0
0
0
0
0
0
0
0
0
0
0
0
0
0
0
0
0
0
0
0
0
0
0
0
0
0
0
0
0
0
0
0
0
0
0
0
0
0
0
0
0
0
0
0
0
0
0
0
0
0
0
0
0
0
0
0
0
0
0
0
0
0
0
0
0
0
0
0
0
0
0
0
0
0
0
0
0
0
0
0
0
0
0
0
0
0
0
0
0
0
0
0
0
0
0
0
0
0
0
0
0
0
0
0
0
0
0
0
0
0
0
0
0
0
0
0
0
0
0
0
0
0
0
0
0
0
0
0
0
0
0
0
0
0
0
0
0
0
0
0
0
0
0
0
0
0
0
0
0
0
0
0
0
0
0
0
0
0
0
0
0
0
0
0
0
0
0
0
0
0
0
0
0
0
0
0
0
0
0
0
0
0
0
0
0
0
0
0
0
0
0
0
0
0
0
0
0
0
0
0
0
0
0
0
0
0
0
0
0
0
0
0
0
0
0
0
0
0
0
0
0
0
0
0
0
0
0
0
0
0
0
0
0
0
0
0
0
0
0
0
0
0
0
0
0
0
0
0
0
0
0
0
0
0
0
0
0
0
0
0
0
0
0
0
0
0
0
0
0
0
0
0
0
0
0
0
0
0
0
0
0
0
0
0
0
0
0
0
0
0
0
0
0
0
0
0
0
0
0
0
0
0
0
0
0
0
0
0
0
0
0
0
0
0
0
0
0
0
0
0
0
0
0
0
0
0
0
0
0
0
0
0
0
0
0
0
0
0
0
0
0
0
0
0
0
0
0
0
0
0
0
0
0
0
0
0
0
0
0
0
0
0
0
0
0
0
0
0
0
0
0
0
0
0
0
0
0
0
0
0
0
0
0
0
0
0
0
0
0
0
0
0
0
0
0
0
0
0
0
0
0
0
0
0
0
0
0
0
0
0
0
0
0
0
0
0
0
0
0
0
0
0
0
0
0
0
0
0
0
0
0
0
0
0
0
0
0
0
0
0
0
0
0
0
0
0
0
0
0
0
0
0
0
0
0
0
0
0
0
0
0
0
0
0
0
0
0
0
0
0
0
0
0
0
0
0
0
0
0
0
0
0
0
0
0
0
0
0
0
0
0
0
0
0
0
0
0
0
0
0
0
0
0
0
0
0
0
0
0
0
0
0
0
0
0
0
0
0
0
0
0
0
0
0
0
0
0
0
0
0
0
0
0
0
0
0
0
0
0
0
0
0
0
0
0
0
0
0
0
0
0
0
0
0
0
0
0
0
0
0
0
0
0
0
0
0
0
0
0
0
0
0
0
0
0
0
0
0
0
0
0
0
0
0
0
0
0
0
0
0
0
0
0
0
0
0
0
0
0
0
0
0
0
0
0
0
0
0
0
0
0
0
0
0
0
0
0
0
0
0
0
0
0
0
0
0
0
0
0
0
0
0
0
0
0
0
0
0
0
0
0
0
0
0
0
0
0
0
0
0
0
0
0
0
0
0
0
0
0
0
0
0
0
0
0
0
0
0
0
0
0
0
0
0
0
0
0
0
0
0
0
0
0
0
0
0
0
0
0
0
0
0
0
0
0
0
0
0
0
0
0
0
0
0
0
0
0
0
0
0
0
0
0
0
0
0
0
0
0
0
0
0
0
0
0
0
0
0
0
0
0
0
0
0
0
0
0
0
0
0
0
0
0
0
0
0
0
0
0
0
0
0
0
0
0
0
0
0
0
0
0
0
0
0
0
0
0
0
0
0
0
0
0
0
0
0
0
0
0
0
0
0
0
0
0
0
0
0
0
0
0
0
0
0
0
0
0
0
0
0
0
0
0
0
0
0
0
0
0
0
0
0
0
0
0
0
0
0
0
0
0
0
0
0
0
0
0
0
0
0
0
0
0
0
0
0
0
0
0
0
0
0
0
0
0
0
0
0
0
0
0
0
0
0
0
0
0
0
0
0
0
0
0
0
0
0
0
0
0
0
0
0
0
0
0
0
0
0
0
0
0
0
0
0
0
0
0
0
0
0
0
0
0
0
0
0
0
0
0
0
0
0
0
0
0
0
0
0
0
0
0
0
0
0
0
0
0
0
0
0
0
0
0
0
0
0
0
0
0
0
0
0
0
0
0
0
0
0
0
0
0
0
0
0
0
0
0
0
0
0
0
0
0
0
0
0
0
0
0
0
0
0
0
0
0
0
0
0
0
0
0
0
0
0
0
0
0
0
0
0
0
0
0
0
0
0
0
0
0
0
0
0
0
0
0
0
0
0
0
0
0
0
0
0
0
0
0
0
0
0
0
0
0
0
0
0
0
0
0
0
0
0
0
0
0
0
0
0
0
0
0
0
0
0
0
0
0
0
0
0
0
0
0
0
0
0
0
0
0
0
0
0
0
0
0
0
0
0
0
0
0
0
0
0
0
0
0
0
0
0
0
0
0
0
0
0
0
0
0
0
0
0
0
0
0
0
0
0
0
0
0
0
0
0
0
0
0
0
0
0
0
0
0
0
0
0
0
0
0
0
0
0
0
0
0
0
0
0
0
0
0
0
0
0
0
0
0
0
0
0
0
0
0
0
0
0
0
0
0
0
0
0
0
0
0
0
0
0
0
0
0
0
0
0
0
0
0
0
0
0
0
0
0
0
0
0
0
0
0
0
0
0
0
0
0
0
0
0
0
0
0
0
0
0
0
0
0
0
0
0
0
0
0
0
0
0
0
0
0
0
0
0
0
0
0
0
0
0
0
0
0
0
0
0
0
0
0
0
0
0
0
0
0
0
0
0
0
0
0
0
0
0
0
0
0
0
0
0
0
0
0
0
0
0
0
0
0
0
0
0
0
0
0
0
0
0
0
0
0
0
0
0
0
0
0
0
0
0
0
0
0
0
0
0
0
0
0
0
0
0
0
0
0
0
0
0
0
0
0
0
0
0
0
0
0
0
0
0
0
0
0
0
0
0
0
0
0
0
0
0
0
0
0
0
0
0
0
0
0
0
0
0
0
0
0
0
0
0
0
0
0
0
0
0
0
0
0
0
0
0
0
0
0
0
0
0
0
0
0
0
0
0
0
0
0
0
0
0
0
0
0
0
0
0
0
0
0
0
0
0
0
0
0
0
0
0
0
0
0
0
0
0
0
0
0
0
0
0
0
0
0
0
0
0
0
0
0
0
0
0
0
0
0
0
0
0
0
0
0
0
0
0
0
0
0
0
0
0
0
0
0
0
0
0
0
0
0
0
0
0
0
0
0
0
0
0
0
0
0
0
0
0
0
0
0
0
0
0
0
0
0
0
0
0
0
0
0
0
0
0
0
0
0
0
0
0
0
0
0
0
0
0
0
0
0
0
0
0
0
0
0
0
0
0
0
0
0
0
0
0
0
0
0
0
0
0
0
0
0
0
0
0
0
0
0
0
0
0
0
0
0
0
0
0
0
0
0
0
0
0
0
0
0
0
0
0
0
0
0
0
0
0
0
0
0
0
0
0
0
0
0
0
0
0
0
0
0
0
0
0
0
0
0
0
0
0
0
0
0
0
0
0
0
0
0
0
0
0
0
0
0
0
0
0
0
0
0
0
0
0
0
0
0
0
0
0
0
0
0
0
0
0
0
0
0
0
0
0
0
0
0
0
0
0
0
0
0
0
0
0
0
0
0
0
0
0
0
0
0
0
0
0
0
0
0
0
0
0
0
0
0
0
0
0
0
0
0
0
0
0
0
0
0
0
0
0
0
0
0
0
0
0
0
0
0
0
0
0
0
0
0
0
0
0
0
0
0
0
0
0
0
0
0
0
0
0
0
0
0
0
0
0
0
0
0
0
0
0
0
0
0
0
0
0
0
0
0
0
0
0
0
0
0
0
0
0
0
0
0
0
0
0
0
0
0
0
0
0
0
0
0
0
0
0
0
0
0
0
0
0
0
0
0
0
0
0
0
0
0
0
0
0
0
0
0
0
0
0
0
0
0
0
0
0
0
0
0
0
0
0
0
0
0
0
0
0
0
0
0
0
0
0
0
0
0
0
0
0
0
0
0
0
0
0
0
0
0
0
0
0
0
0
0
0
0
0
0
0
0
0
0
0
0
0
0
0
0
0
0
0
0
0
0
0
0
0
0
0
0
0
0
0
0
0
0
0
0
0
0
0
0
0
0
0
0
0
0
0
0
0
0
0
0
0
0
0
0
0
0
0
0
0
0
0
0
0
0
0
0
0
0
0
0
0
0
0
0
0
0
0
0
0
0
0
0
0
0
0
0
0
0
0
0
0
0
0
0
0
0
0
0
0
0
0
0
0
0
0
0
0
0
0
0
0
0
0
0
0
0
0
0
0
0
0
0
0
0
0
0
0
0
0
0
0
0
0
0
0
0
0
0
0
0
0
0
0
0
0
0
0
0
0
0
0
0
0
0
0
0
0
0
0
0
0
0
0
0
0
0
0
0
0
0
0
0
0
0
0
0
0
0
0
0
0
0
0
0
0
0
0
0
0
0
0
0
0
0
0
0
0
0
0
0
0
0
0
0
0
0
0
0
0
0
0
0
0
0
0
0
0
0
0
0
0
0
0
0
0
0
0
0
0
0
0
0
0
0
0
0
0
0
0
0
0
0
0
0
0
0
0
0
0
0
0
0
0
0
0
0
0
0
0
0
0
0
0
0
0
0
0
0
0
0
0
0
0
0
0
0
0
0
0
0
0
0
0
0
0
0
0
0
0
0
0
0
0
0
0
0
0
0
0
0
0
0
0
0
0
0
0
0
0
0
0
0
0
0
0
0
0
0
0
0
0
0
0
0
0
0
0
0
0
0
0
0
0
0
0
0
0
0
0
0
0
0
0
0
0
0
0
0
0
0
0
0
0
0
0
0
0
0
0
0
0
0
0
0
0
0
0
0
0
0
0
0
0
0
0
0
0
0
0
0
0
0
0
0
0
0
0
0
0
0
0
0
0
0
0
0
0
0
0
0
0
0
0
0
0
0
0
0
0
0
0
0
0
0
0
0
0
0
0
0
0
0
0
0
0
0
0
0
0
0
0
0
0
0
0
0
0
0
0
0
0
0
0
0
0
0
0
0
0
0
0
0
0
0
0
0
0
0
0
0
0
0
0
0
0
0
0
0
0
0
0
0
0
0
0
0
0
0
0
0
0
0
0
0
0
0
0
0
0
0
0
0
0
0
0
0
0
0
0
0
0
0
0
0
0
0
0
0
0
0
0
0
0
0
0
0
0
0
0
0
0
0
0
0
0
0
0
0
0
0
0
0
0
0
0
0
0
0
0
0
0
0
0
0
0
0
0
0
0
0
0
0
0
0
0
0
0
0
0
0
0
0
0
0
0
0
0
0
0
0
0
0
0
0
0
0
0
0
0
0
0
0
0
0
0
0
0
0
0
0
0
0
0
0
0
0
0
0
0
0
0
0
0
0
0
0
0
0
0
0
0
0
0
0
0
0
0
0
0
0
0
0
0
0
0
0
0
0
0
0
0
0
0
0
0
0
0
0
0
0
0
0
0
0
0
0
0
0
0
0
0
0
0
0
0
0
0
0
0
0
0
0
0
0
0
0
0
0
0
0
0
0
0
0
0
0
0
0
0
0
0
0
0
0
0
0
0
0
0
0
0
0
0
0
0
0
0
0
0
0
0
0
0
0
0
0
0
0
0
0
0
0
0
0
0
0
0
0
0
0
0
0
0
0
0
0
0
0
0
0
0
0
0
0
0
0
0
0
0
0
0
0
0
0
0
0
0
0
0
0
0
0
0
0
0
0
0
0
0
0
0
0
0
0
0
0
0
0
0
0
0
0
0
0
0
0
0
0
0
0
0
0
0
0
0
0
0
0
0
0
0
0
0
0
0
0
0
0
0
0
0
0
0
0
0
0
0
0
0
0
0
0
0
0
0
0
0
0
0
0
0
0
0
0
0
0
0
0
0
0
0
0
0
0
0
0
0
0
0
0
0
0
0
0
0
0
0
0
0
0
0
0
0
0
0
0
0
0
0
0
0
0
0
0
0
0
0
0
0
0
0
0
0
0
0
0
0
0
0
0
0
0
0
0
0
0
0
0
0
0
0
0
0
0
0
0
0
0
0
0
0
0
0
0
0
0
0
0
0
0
0
0
0
0
0
0
0
0
0
0
0
0
0
0
0
0
0
0
0
0
0
0
0
0
0
0
0
0
0
0
0
0
0
0
0
0
0
0
0
0
0
0
0
0
0
0
0
0
0
0
0
0
0
0
0
0
0
0
0
0
0
0
0
0
0
0
0
0
0
0
0
0
0
0
0
0
0
0
0
0
0
0
0
0
0
0
0
0
0
0
0
0
0
0
0
0
0
0
0
0
0
0
0
0
0
0
0
0
0
0
0
0
0
0
0
0
0
0
0
0
0
0
0
0
0
0
0
0
0
0
0
0
0
0
0
0
0
0
0
0
0
0
0
0
0
0
0
0
0
0
0
0
0
0
0
0
0
0
0
0
0
0
0
0
0
0
0
0
0
0
0
0
0
0
0
0
0
0
0
0
0
0
0
0
0
0
0
0
0
0
0
0
0
0
0
0
0
0
0
0
0
0
0
0
0
0
0
0
0
0
0
0
0
0
0
0
0
0
0
0
0
0
0
0
0
0
0
0
0
0
0
0
0
0
0
0
0
0
0
0
0
0
0
0
0
0
0
0
0
0
0
0
0
0
0
0
0
0
0
0
0
0
0
0
0
0
0
0
0
0
0
0
0
0
0
0
0
0
0
0
0
0
0
0
0
0
0
0
0
0
0
0
0
0
0
0
0
0
0
0
0
0
0
0
0
0
0
0
0
0
0
0
0
0
0
0
0
0
0
0
0
0
0
0
0
0
0
0
0
0
0
0
0
0
0
0
0
0
0
0
0
0
0
0
0
0
0
0
0
0
0
0
0
0
0
0
0
0
0
0
0
0
0
0
0
0
0
0
0
0
0
0
0
0
0
0
0
0
0
0
0
0
0
0
0
0
0
0
0
0
0
0
0
0
0
0
0
0
0
0
0
0
0
0
0
0
0
0
0
0
0
0
0
0
0
0
0
0
0
0
0
0
0
0
0
0
0
0
0
0
0
0
0
0
0
0
0
0
0
0
0
0
0
0
0
0
0
0
0
0
0
0
0
0
0
0
0
0
0
0
0
0
0
0
0
0
0
0
0
0
0
0
0
0
0
0
0
0
0
0
0
0
0
0
0
0
0
0
0
0
0
0
0
0
0
0
0
0
0
0
0
0
0
0
0
0
0
0
0
0
0
0
0
0
0
0
0
0
0
0
0
0
0
0
0
0
0
0
0
0
0
0
0
0
0
0
0
0
0
0
0
0
0
0
0
0
0
0
0
0
0
0
0
0
0
0
0
0
0
0
0
0
0
0
0
0
0
0
0
0
0
0
0
0
0
0
0
0
0
0
0
0
0
0
0
0
0
0
0
0
0
0
0
0
0
0
0
0
0
0
0
0
0
0
0
0
0
0
0
0
0
0
0
0
0
0
0
0
0
0
0
0
0
0
0
0
0
0
0
0
0
0
0
0
0
0
0
0
0
0
0
0
0
0
0
0
0
0
0
0
0
0
0
0
0
0
0
0
0
0
0
0
0
0
0
0
0
0
0
0
0
0
0
0
0
0
0
0
0
0
0
0
0
0
0
0
0
0
0
0
0
0
0
0
0
0
0
0
0
0
0
0
0
0
0
0
0
0
0
0
0
0
0
0
0
0
0
0
0
0
0
0
0
0
0
0
0
0
0
0
0
0
0
0
0
0
0
0
0
0
0
0
0
0
0
0
0
0
0
0
0
0
0
0
0
0
0
0
0
0
0
0
0
0
0
0
0
0
0
0
0
0
0
0
0
0
0
0
0
0
0
0
0
0
0
0
0
0
0
0
0
0
0
0
0
0
0
0
0
0
0
0
0
0
0
0
0
0
0
0
0
0
0
0
0
0
0
0
0
0
0
0
0
0
0
0
0
0
0
0
0
0
0
0
0
0
0
0
0
0
0
0
0
0
0
0
0
0
0
0
0
0
0
0
0
0
0
0
0
0
0
0
0
0
0
0
0
0
0
0
0
0
0
0
0
0
0
0
0
0
0
0
0
0
0
0
0
0
0
0
0
0
0
0
0
0
0
0
0
0
0
0
0
0
0
0
0
0
0
0
0
0
0
0
0
0
0
0
0
0
0
0
0
0
0
0
0
0
0
0
0
0
0
0
0
0
0
0
