-95
1009
-2907
-155
-429
-2098
-3096
-7
1513
-4820
-925
-2737
-4219
-162
-12
778
-122
1286
-4450
-2926
-1762
-2945
-19141
-85
1125
-6595
-4641
-4128
-4715
-14746
202
859
-101
1239
-3673
817
-2402
-2752
-3174
-55
2088
-6643
305
-4367
-6053
-2253
26
1407
-82
291
-5227
-3439
188
-3190
-22731
-146
-538
-7903
-5944
-3253
-5505
-11724
105
-316
-234
916
-2494
-54
-1443
-2348
-2584
-185
1296
-4490
43
-1947
-4160
-1924
45
1148
176
-828
-2928
-2844
-1226
-2614
-19985
-153
-1442
-5089
-4733
-3161
-3467
-14957
44
-926
-302
841
-3904
-1729
-2212
-2781
-3514
-353
891
-5047
-960
-1984
-4037
-2256
-69
990
167
207
-1273
-3577
-2109
-3437
-16056
-11
705
-2834
-4826
-3886
-4149
-14989
174
659
-137
1255
-4402
-2485
-2643
-3455
-3619
-277
1683
-5430
-2690
-1546
-4250
-1734
-172
1882
85
-286
-1445
-2483
-1701
-3501
-20106
-159
11
-1927
-4224
-4011
-4258
-19257
46
-449
2
1889
-4015
-1798
-2043
-2873
-3179
-140
2601
-4574
-2820
-1640
-3723
-18
-119
2152
-138
-1485
-2055
-2550
-1055
-3050
-20442
-261
-1116
-2058
-3552
-4189
-4169
-21227
-208
-1115
-144
184
-2672
-1331
558
-1290
-2176
-269
519
-3453
-2664
-430
-2498
537
47
598
-56
41
-2040
-3181
-1614
-2092
-18047
-162
12
-2129
-2814
-3556
-2867
-19094
-116
245
-322
-268
-2059
-752
-639
-1313
-1852
-312
72
-2450
-1500
-424
-2043
194
-81
-145
56
-104
-1143
-2680
-533
-1703
-14867
-136
-500
-1753
-1377
-2553
-2074
-17369
107
-366
86
491
-3434
-1299
-276
-2850
-4308
227
159
-3423
-1298
-2575
-3123
-224
31
-143
-232
1896
-5482
-4306
-2186
-4149
-15208
-29
1949
-6578
-3348
-2781
-4018
-19517
181
1338
-63
-59
-4856
-2169
-2722
-4584
-4714
326
-79
-4988
-1054
-4109
-3977
117
42
-1256
-157
32
-5484
-3124
559
-4539
-17360
-33
-953
-6768
-3844
-1182
-3874
-22570
105
-629
-143
-428
-3314
-2034
-3839
-4365
-3516
23
-1089
-3731
267
-4212
-3996
-1445
64
-2011
159
-134
-3437
-1814
587
-3477
-20057
-67
-1617
-5272
-3289
-1238
-3366
-22466
27
-698
128
44
-3631
-1796
-4943
-3095
-3360
166
-925
-5342
-534
-5388
-5515
-1795
111
-1037
-132
321
-2553
-3292
1521
-3371
-21287
-224
866
-4533
-5095
-3340
-5318
-14298
82
556
380
1851
-4521
-3859
-4947
-4005
-4309
280
227
-5527
-3503
-5704
-5909
-499
129
-369
-338
982
-3422
-3174
1567
-4207
-23327
-400
1215
-4408
-5426
-3307
-5803
-18869
-83
108
243
2000
-7236
-4518
-6962
-6275
-7058
223
592
-6015
-3393
-6424
-5849
-2050
219
-647
-570
-1546
-5380
-6453
1514
-7062
-12351
-376
-106
-4425
-5623
-3011
-6557
-19093
-132
-516
100
304
-3360
-2057
-1980
-1960
-2784
170
90
-4451
-3080
-3624
-3671
747
209
76
-419
-1636
-2115
-2915
224
-2634
-21743
-430
-3029
-3308
-2975
-2864
-3603
-20185
-230
-1645
-265
-943
-1592
-741
-1029
-856
-1292
-77
-881
-2728
-2103
-1966
-2155
2302
-103
-791
-114
82
168
-1913
-80
-1080
-16631
-198
-589
-2018
-994
-2678
-2060
-16627
11
-605
302
438
-4574
446
-3740
-3236
-4732
336
321
-4272
884
-3757
-4087
-2904
118
7
-351
1370
-3478
-4068
-3888
-4701
-12398
-71
1399
-4903
-4422
-4431
-4851
-16325
60
947
345
756
-4371
351
-4815
-3094
-3595
342
1029
-5265
713
-5678
-5036
-1180
37
579
-263
-1126
-2722
-1058
-1970
-3459
-22676
-182
-1523
-5604
-5488
-3774
-4795
-19452
-63
-1138
327
526
-2885
-1426
-3704
-3245
-2892
138
1151
-3757
-146
-4859
-4466
-478
-16
561
28
846
-2259
-607
-1454
-2966
-21495
-215
-762
-5172
-4764
-3582
-4415
-18872
-39
157
633
1215
-3250
-2404
-5932
-1581
-3892
335
32
-4020
-1100
-7673
-4674
-2706
-1
-265
-106
1287
-3843
-2763
-252
-3857
-21956
-338
-211
-5706
-5602
-3437
-5359
-15989
-105
-136
883
4067
-3390
-3389
-4932
1345
-4398
650
-1215
-4379
-2606
-6101
-5147
-2711
83
-1464
-229
2810
-6327
-2406
-3146
-4448
-28622
-262
1637
-7332
-5357
-6480
-6713
-19789
-73
1259
741
3098
-6363
-3757
-4263
783
-5817
693
-888
-4631
-1841
-3178
-3615
-3673
133
-436
-466
-3082
-6472
-4451
-4150
-5927
-13710
-217
-752
-5280
-4256
-5739
-5406
-17021
-167
-424
546
726
-2955
-1797
-1205
-709
-2135
428
-164
-3372
-2718
-2559
-3437
-623
81
-12
-473
-3383
-2504
-1930
-408
-1982
-24559
-579
-3649
-3411
-1513
-3220
-3159
-21611
-271
-2338
34
-365
-1594
-964
-1415
-1317
-1544
112
-32
-2394
-2426
-2644
-2844
1035
-11
-668
-291
-720
-439
-1819
65
-1266
-18820
-353
-1125
-2398
-1139
-2789
-2520
-17071
-143
-1171
355
17
-6013
3232
-4331
-4179
-5719
303
-138
-4846
4608
-4174
-4329
-5778
139
148
-377
1479
-4697
-5271
-6418
-5673
-7542
-105
1370
-4792
-4649
-5571
-4845
-16021
68
1232
520
-168
-4419
2543
-4002
-2814
-3224
371
51
-4678
3750
-4609
-4320
-3597
73
572
-194
-620
-2441
-2258
-3225
-3126
-14741
-243
-1118
-4142
-5188
-3819
-4011
-13997
-64
-477
608
-282
-2496
-663
-2570
-1375
-1720
354
-91
-4163
-391
-3860
-3683
-388
-1
-221
-62
612
-894
264
-1725
-1696
-22927
-275
-2090
-2689
-4673
-4278
-3756
-16263
-27
-1901
716
-980
-3096
-2745
-5001
-207
-3911
369
-946
-4032
-1322
-5269
-3458
-2525
-32
-1840
-120
3793
-5223
-1688
-2260
-3718
-20408
-271
207
-6939
-5802
-4431
-4796
-15377
-42
-197
920
-490
-5271
-5902
-5849
4362
-5750
986
-766
-3871
-2869
-2145
-1844
-3962
57
-539
-329
3396
-7044
-4035
-5613
-5808
-10609
27
1446
-5172
-5893
-6568
-5248
-15283
-141
1421
948
-571
-6688
-5065
-4421
5190
-5298
1016
-758
-4701
-1932
-2062
-1778
-6384
103
-385
-344
-6224
-6238
-4925
-4269
-5291
-13922
-50
-3286
-4197
-4989
-4806
-3968
-15648
-13
-1911
640
-393
-3518
-2076
-1728
410
-2473
380
-402
-3598
-1562
-2610
-3195
-4382
41
59
-325
-3454
-3339
-2578
-346
-2205
-23529
-550
-2084
-3519
-3398
-1375
-3285
-19214
-109
-978
185
-228
-2066
-585
-2013
-1188
-1825
103
76
-1666
-581
-2195
-2148
-1369
55
-521
-277
87
-1164
-2279
-84
-1551
-14835
-346
-222
-1739
-1651
-1155
-1922
-17615
-117
-731
248
-1188
-4279
-582
-2144
-2526
-3827
245
-2085
-4291
611
-2791
-2941
-4080
135
-1389
-280
732
-1722
-3127
-4117
-3898
-14155
-130
724
-1195
-3555
-3290
-3251
-17417
161
877
464
-720
-3741
-1003
-2292
-1986
-2731
309
-2319
-4753
1145
-2691
-3045
-2847
134
-2790
-147
434
-206
-2176
-2377
-2603
-19970
-72
246
-1413
-4255
-3041
-2852
-19031
173
298
528
-96
-3110
-2310
-2376
-2019
-3105
406
-236
-2846
-453
-1677
-2059
-219
39
-725
-120
781
-2010
-2234
-712
-3076
-11524
-56
219
-2603
-3543
-2277
-2139
-16688
84
-184
663
-1131
-3896
-4244
-2684
-1118
-4233
520
413
-3033
-1560
-644
-1345
-1624
155
-375
-205
1766
-5325
-2947
-597
-4241
-13785
-195
-281
-4292
-4075
-3124
-1949
-21825
-106
-332
713
-3672
-4566
-4896
-1789
1476
-3492
581
-1910
-6339
-4274
-901
-3568
-2006
125
-1287
-159
2119
-4979
-3724
-181
-3623
-23558
-123
624
-5058
-6453
-4653
-3827
-15238
-183
468
655
-4525
-5866
-5802
-1670
1194
-4074
515
-2540
-5246
-4524
-1765
-2945
-5156
121
-612
-270
-4796
-3835
-4763
875
-3879
-24888
-171
-3000
-2025
-4368
-2566
-2200
-21434
-7
-2326
499
-657
-2980
-2056
-1814
792
-2515
221
-333
-2843
-1999
-2350
-2834
-4405
-68
218
-258
-1303
-3792
-2795
-114
-2274
-24054
-396
-472
-3949
-3598
81
-2920
-21173
-42
-330
270
232
-2031
737
-2687
-43
-1988
110
-263
-1618
673
-2486
-2060
-2192
82
-526
-348
-514
-2728
-2389
-805
-1718
-18626
-353
-456
-3352
-2153
-1359
-2524
-20214
-186
-249
102
-277
-3363
-2454
-2157
-1769
-3581
83
-102
-4950
-2622
-4709
-3794
-2310
89
215
-167
1248
181
-3660
-3950
-3751
-17387
-167
726
-1483
-4061
-4348
-5011
-14238
252
1017
33
366
-2989
-1075
-2379
2041
-2353
-6
634
-5482
-203
-2331
-2083
-3573
36
654
36
918
-863
-2399
-3613
-2187
-30118
150
-559
-2807
-4508
-5542
-4298
-21448
475
-827
182
-614
-2904
-2783
-2260
673
-3306
54
-526
-2916
-1128
-1725
-1333
-1973
-24
846
65
866
-2581
-3716
-2336
-3334
-18012
93
479
-2769
-3771
-4328
-1981
-20200
317
-543
357
-1200
-3718
-4536
-2359
-785
-4185
246
-933
-3196
-2405
-947
-2107
-2421
139
601
-75
427
-4386
-4640
539
-4200
-13770
-45
-330
-3205
-4255
-3717
-889
-17793
21
-413
422
-2758
-5044
-3861
598
-800
-3821
227
-2405
-4652
-1767
913
-2457
-2873
173
-386
-35
-381
-4367
-4165
-1586
-3789
-16261
-293
-874
-2952
-3908
-4720
-1283
-18972
-87
-149
226
-2626
-4869
-4591
1674
-1162
-3999
-29
-1851
-4884
-4104
620
-3084
-4080
-46
-921
-63
-2257
-3104
-4264
-2560
-3785
-15315
-147
-1352
-1831
-3564
-4587
-2240
-14637
37
-1602
270
-368
-4153
-3282
-2412
87
-3967
138
949
-3717
-3048
-1296
-2467
-2868
-1
984
-324
824
-4179
-4027
-1642
-3739
-14038
-185
985
-4410
-3846
-2381
-3214
-16674
-65
-229
311
511
-2136
-1123
-2694
-999
-2641
167
799
-1572
-463
-2920
-2532
-943
79
-469
-340
-1102
-3800
-3069
705
-2477
-18100
-334
-1480
-5012
-2505
-1128
-2852
-21150
-221
-754
-133
162
-3262
-3779
-3975
3126
-4028
-149
161
-3074
-3062
-4868
335
-3464
20
718
-21
1389
-2142
-3571
-5133
-4134
-16949
151
1712
-3308
-2413
-3741
-4480
-18124
499
1387
-382
2002
-7607
-5814
-7236
7188
-8699
-207
4285
-5702
-4668
-5873
4451
-5601
66
3287
44
328
-5990
-8009
-11259
-8560
-6066
524
-2038
-6032
-4327
-9429
-6133
-16168
693
-1560
-261
-661
-4263
-2465
-2907
5970
-3941
-280
-531
-3834
-1655
-2478
2932
-4391
-35
489
230
-755
-5424
-3146
-5790
-3737
-22359
234
-788
-5330
-2431
-4732
-1767
-23563
469
-714
-124
-2005
-3337
-1881
-1759
2561
-3280
-211
-3272
-2630
-912
-700
558
-4201
-29
-1518
99
-1076
-4829
-3762
-1758
-2927
-10960
90
-732
-3363
-2666
-3264
4
-12297
154
-937
-88
-2623
-3767
-564
-774
-1206
-3429
-189
-2245
-3877
218
-1429
-2052
-3470
-40
-1418
56
-1700
-4166
-3442
-2537
-3072
-13782
-179
-1080
-3577
-2777
-4935
-1124
-15865
-87
-1409
-236
-1057
-2866
-1351
75
-1338
-2783
-191
-127
-2799
-139
-1522
-2282
-1895
-180
-98
-88
773
-3512
-2819
-1863
-2517
-19741
-205
1326
-4116
-3051
-3688
-1038
-23173
-151
726
69
-623
-4262
-4043
-2671
-1541
-3730
45
440
-3630
-2414
-3689
-2694
-100
84
-529
-409
1937
-3370
-4616
1371
-3562
-20016
-401
2092
-5366
-4185
-1785
-2559
-24462
-332
1192
289
-235
-2088
-4862
-4464
-3118
-4328
217
578
-306
-2093
-3924
-3076
-2084
186
-187
-497
-927
-4722
-4620
2675
-4329
-14588
-539
-1271
-6074
-4302
-418
-3269
-21009
-232
-776
-306
-1666
-3773
-4650
-4461
5950
-4530
-391
-1600
-3303
-3908
-3148
2786
-3549
-154
-1030
62
2177
-5870
-3711
-4728
-4454
-11602
277
3900
-5992
-4000
-3999
-4525
-13355
630
2677
-420
-2038
-10414
-9111
-12672
8288
-12308
-326
-1634
-5997
-6153
-6121
6539
-8944
55
-1454
-71
-269
-10185
-10516
-10685
-11824
13867
560
-1476
-7195
-6951
-7716
-7133
-7594
854
-1102
-285
-1822
-5539
-2673
-6019
5370
-4439
-379
-1392
-4239
-1289
-2832
2951
-4292
-152
-1804
209
-1979
-4722
-2611
-5074
-4027
-20276
141
-4195
-3696
-2488
-5007
-2165
-28099
412
-4116
-341
-1684
-2539
1109
-1572
1891
-1314
-428
-1594
-2468
1893
-1014
12
-2751
-167
-2623
105
-1239
-3345
-1122
-1460
-1142
-16919
-131
-1555
-2885
-990
-3092
-574
-16837
22
-1019
-421
-571
-2318
1570
-482
-1006
-1555
-346
-487
-2155
1889
-990
-1836
-2140
-218
-1320
-28
-194
-3732
-1689
-1056
-1353
-13714
-295
-177
-3456
-1794
-2836
-1432
-14340
-95
-389
-391
-445
-2067
-799
-665
-962
-1606
-328
-581
-2309
-1370
-2237
-2130
666
-193
-1112
-150
319
-2400
-2476
417
-1454
-18624
-325
1437
-3108
-2572
-2327
-1843
-20148
-127
757
-158
-978
-2502
-2708
-2915
-2104
-3932
-234
-1562
-1842
-1816
-3895
-2470
-29
25
-1400
-347
840
-4753
-4377
94
-3799
-14982
-687
1787
-5708
-3293
-3105
-3753
-21164
-268
1264
-130
-1616
882
-4205
-2604
-2582
-3789
-108
-2151
2395
-3167
-2531
-2957
-2216
-2
-1039
-419
-247
-5147
-3501
-848
-3715
-15240
-518
-1034
-5282
-3828
-2957
-3314
-20767
14
-882
0
0
0
0
0
0
0
0
0
0
0
-2400
-1736
-1622
-1130
-2838
0
0
0
0
0
0
0
0
0
0
0
-2989
-3705
-519
-2747
-15834
0
0
0
0
0
0
0
0
0
0
0
-3133
-1972
-2727
-1424
-3525
0
0
0
0
0
0
0
0
0
0
0
-4429
-4397
551
-3519
-14719
0
0
0
0
0
0
0
0
0
0
0
-3042
-2140
-2048
-565
-2468
0
0
0
0
0
0
0
0
0
0
0
-2275
-2657
-339
-2481
-16520
0
0
0
0
0
0
0
0
0
0
0
-3945
-3044
-2286
-982
-2968
0
0
0
0
0
0
0
0
0
0
0
-686
-3187
-1673
-2947
-14789
0
0
0
0
0
0
0
0
0
0
0
-3682
-3189
-2749
-2814
-3214
0
0
0
0
0
0
0
0
0
0
0
-1197
-302
-2126
-3085
-19685
0
0
0
0
0
0
0
0
0
0
0
-3522
-2286
-3773
-1715
-3268
0
0
0
0
0
0
0
0
0
0
0
-2422
-1112
-1686
-3322
-16554
0
0
0
0
0
0
0
0
0
0
0
-1934
-1570
-695
493
-1820
0
0
0
0
0
0
0
0
0
0
0
-2068
-2410
-1161
-1838
-17256
0
0
0
0
0
0
0
0
0
0
0
-1550
-816
-559
126
-1196
0
0
0
0
0
0
0
0
0
0
0
-22
-1995
-857
-1011
-15479
0
0
0
0
0
0
0
0
0
0
0
-2001
-1608
-1563
-2127
-3251
0
0
0
0
0
0
0
0
0
0
0
-3142
-4355
-1533
-3096
-16312
0
0
0
0
0
0
0
0
0
0
0
-2601
-2222
-2411
-3083
-3559
0
0
0
0
0
0
0
0
0
0
0
-3740
-3115
-329
-3247
-19540
0
0
0
0
0
0
0
0
0
0
0
-3215
-2939
-3929
-2279
-2713
0
0
0
0
0
0
0
0
0
0
0
-3126
111
-193
-2530
-21495
0
0
0
0
0
0
0
0
0
0
0
-3106
-3220
-4771
79
-2996
0
0
0
0
0
0
0
0
0
0
0
-2494
-3320
22
-3052
-17709
0
0
0
0
0
0
0
0
0
0
0
-3653
-3231
-4808
701
-3243
0
0
0
0
0
0
0
0
0
0
0
-2110
-2500
-1727
-3128
-23897
0
0
0
0
0
0
0
0
0
0
0
-4887
-2554
-5923
294
-3857
0
0
0
0
0
0
0
0
0
0
0
-2620
-4195
-1010
-3699
-23308
0
0
0
0
0
0
0
0
0
0
0
-2098
-1723
-2632
1227
-2008
0
0
0
0
0
0
0
0
0
0
0
-2038
-2147
-867
-1800
-22281
0
0
0
0
0
0
0
0
0
0
0
-747
-542
-1298
-251
-1094
0
0
0
0
0
0
0
0
0
0
0
545
-2218
-513
-834
-14803
0
0
0
0
0
0
0
0
0
0
0
-3079
-75
-3115
-2499
-3269
0
0
0
0
0
0
0
0
0
0
0
-852
-3265
-3610
-3110
-15702
0
0
0
0
0
0
0
0
0
0
0
-2727
-943
-4231
-2919
-3333
0
0
0
0
0
0
0
0
0
0
0
-1722
-760
-3351
-2960
-19189
0
0
0
0
0
0
0
0
0
0
0
-2069
-1946
-3525
-596
-1956
0
0
0
0
0
0
0
0
0
0
0
-2343
640
-2183
-1776
-23873
0
0
0
0
0
0
0
0
0
0
0
-3377
-3625
-5795
2238
-3314
0
0
0
0
0
0
0
0
0
0
0
-4364
-2509
-2091
-3484
-20515
0
0
0
0
0
0
0
0
0
0
0
-6301
-5755
-7686
8680
-6228
0
0
0
0
0
0
0
0
0
0
0
-7305
-6530
-8205
-6107
-17294
0
0
0
0
0
0
0
0
0
0
0
-6769
-5532
-6947
6856
-6728
0
0
0
0
0
0
0
0
0
0
0
-6861
-7943
-7740
-6703
-8220
0
0
0
0
0
0
0
0
0
0
0
-1874
-2086
-1709
1732
-2064
0
0
0
0
0
0
0
0
0
0
0
-2406
-2243
-1506
-1939
-23335
0
0
0
0
0
0
0
0
0
0
0
-106
-429
-924
-380
-871
0
0
0
0
0
0
0
0
0
0
0
95
-1865
-36
-656
-19247
0
0
0
0
0
0
0
0
0
0
0
-3602
1286
-2932
-2241
-3174
0
0
0
0
0
0
0
0
0
0
0
-1561
-3095
-4551
-3113
-15162
0
0
0
0
0
0
0
0
0
0
0
-2823
80
-3419
-1583
-2762
0
0
0
0
0
0
0
0
0
0
0
-1507
-1715
-3722
-2608
-12492
0
0
0
0
0
0
0
0
0
0
0
-1785
-1876
-2705
1092
-1458
0
0
0
0
0
0
0
0
0
0
0
-1738
340
-2707
-1366
-21173
0
0
0
0
0
0
0
0
0
0
0
-3854
-3408
-4496
3696
-3176
0
0
0
0
0
0
0
0
0
0
0
-5125
-2080
-4272
-3123
-21814
0
0
0
0
0
0
0
0
0
0
0
-9778
-9442
-10133
9095
-9993
0
0
0
0
0
0
0
0
0
0
0
-10349
-10555
-11155
-10030
9221
0
0
0
0
0
0
0
0
0
0
0
-9105
-9425
-9365
8466
-9657
0
0
0
0
0
0
0
0
0
0
0
-9934
-10354
-9929
-9831
6951
0
0
0
0
0
0
0
0
0
0
0
-2559
-2368
-1645
2655
-1894
0
0
0
0
0
0
0
0
0
0
0
-2370
-2256
-2105
-1970
-24975
0
0
0
0
0
0
0
0
0
0
0
-1050
-479
-1041
243
-1108
0
0
0
0
0
0
0
0
0
0
0
-154
-1771
-594
-836
-16448
0
0
0
0
0
0
0
0
0
0
0
-1398
-1765
-2052
-140
-2177
0
0
0
0
0
0
0
0
0
0
0
-1160
-1669
-3735
-2118
-18759
0
0
0
0
0
0
0
0
0
0
0
-1076
-1889
-1866
912
-1673
0
0
0
0
0
0
0
0
0
0
0
-907
-2052
-3195
-1824
-21025
0
0
0
0
0
0
0
0
0
0
0
-2174
-2293
-2017
2233
-1644
0
0
0
0
0
0
0
0
0
0
0
-1856
-2462
-1850
-1747
-15337
0
0
0
0
0
0
0
0
0
0
0
-3315
-3311
-2253
3308
-2564
0
0
0
0
0
0
0
0
0
0
0
-3521
-3007
-2887
-2324
-22415
0
0
0
0
0
0
0
0
0
0
0
-5034
-5736
-3129
5313
-4951
0
0
0
0
0
0
0
0
0
0
0
-5603
-6313
-5779
-4723
-16091
0
0
0
0
0
0
0
0
0
0
0
-5675
-6399
-3638
4541
-5072
0
0
0
0
0
0
0
0
0
0
0
-4377
-5893
-5092
-5046
-18328
0
0
0
0
0
0
0
0
0
0
0
-3330
-2894
-2636
2539
-2970
0
0
0
0
0
0
0
0
0
0
0
-3022
-2982
-2834
-2829
-20195
0
0
0
0
0
0
0
0
0
0
0
-1635
-467
-2653
751
-2220
0
0
0
0
0
0
0
0
0
0
0
-1772
-2300
-1775
-1954
-14957
0
0
0
0
0
0
0
0
0
0
0
-1893
-3105
-2878
965
-2343
0
0
0
0
0
0
0
0
0
0
0
-482
-2096
-3445
-2217
-19307
0
0
0
0
0
0
0
0
0
0
0
-2534
-4225
-4126
3605
-3820
0
0
0
0
0
0
0
0
0
0
0
-3960
-3944
-4949
-3764
-18663
0
0
0
0
0
0
0
0
0
0
0
-3806
-3748
-2937
4099
-3097
0
0
0
0
0
0
0
0
0
0
0
-3075
-4176
-3431
-3044
-17019
0
0
0
0
0
0
0
0
0
0
0
-3700
-3358
-2202
4063
-2658
0
0
0
0
0
0
0
0
0
0
0
-2663
-4001
-2725
-2314
-20731
0
0
0
0
0
0
0
0
0
0
0
-4252
-4290
-1711
3838
-4221
0
0
0
0
0
0
0
0
0
0
0
-4661
-4674
-5858
-4022
-13659
0
0
0
0
0
0
0
0
0
0
0
-3515
-4079
1000
1981
-2777
0
0
0
0
0
0
0
0
0
0
0
-2484
-3818
-4479
-2735
-19763
0
0
0
0
0
0
0
0
0
0
0
-4572
-3007
-2044
1378
-3836
0
0
0
0
0
0
0
0
0
0
0
-3080
-4261
-3250
-3681
-14741
0
0
0
0
0
0
0
0
0
0
0
-2221
-1489
-2909
-482
-2850
0
0
0
0
0
0
0
0
0
0
0
-2495
-2268
-1095
-2617
-14728
0
0
0
0
0
0
0
0
0
0
0
-3677
-5304
-5874
3428
-4516
0
0
0
0
0
0
0
0
0
0
0
-3908
-3700
-5505
-4526
-13727
0
0
0
0
0
0
0
0
0
0
0
-5645
-5526
-5446
3558
-6600
0
0
0
0
0
0
0
0
0
0
0
-7326
-7526
-8393
-6748
-17395
0
0
0
0
0
0
0
0
0
0
0
-4518
-3853
-3862
4165
-4421
0
0
0
0
0
0
0
0
0
0
0
-7013
-1945
-6447
-4409
-21450
0
0
0
0
0
0
0
0
0
0
0
-3343
-2661
-2635
3721
-2831
0
0
0
0
0
0
0
0
0
0
0
-4546
-3296
-2991
-2688
-12539
0
0
0
0
0
0
0
0
0
0
0
-1585
-821
-671
570
-1807
0
0
0
0
0
0
0
0
0
0
0
-2901
-1775
-2524
-1576
-19558
0
0
0
0
0
0
0
0
0
0
0
-1986
-1491
-236
693
-1987
0
0
0
0
0
0
0
0
0
0
0
-1957
-2699
-2195
-2023
-21327
0
0
0
0
0
0
0
0
0
0
0
-3862
-2740
-1968
-166
-3213
0
0
0
0
0
0
0
0
0
0
0
-1904
-3603
-1300
-3186
-21100
0
0
0
0
0
0
0
0
0
0
0
-3308
-2893
-3640
-1852
-3071
0
0
0
0
0
0
0
0
0
0
0
-1339
-3100
867
-2987
-17421
0
0
0
0
0
0
0
0
0
0
0
-4084
-4692
-3586
3226
-3982
0
0
0
0
0
0
0
0
0
0
0
-5364
-3666
-4764
-4080
-15946
0
0
0
0
0
0
0
0
0
0
0
-7538
-6309
-6598
1657
-7591
0
0
0
0
0
0
0
0
0
0
0
-8339
-8699
-7212
-7649
-11582
0
0
0
0
0
0
0
0
0
0
0
-4275
-2983
-5157
1734
-4119
0
0
0
0
0
0
0
0
0
0
0
-5228
-819
-5413
-3953
-24675
0
0
0
0
0
0
0
0
0
0
0
-1623
-763
-1842
1091
-1622
0
0
0
0
0
0
0
0
0
0
0
-3175
-345
-2166
-1522
-14560
0
0
0
0
0
0
0
0
0
0
0
-995
456
-353
-1182
-1065
0
0
0
0
0
0
0
0
0
0
0
-2446
-617
-501
-1024
-13539
0
0
0
0
0
0
0
0
0
0
0
-2376
-1171
-1322
-1239
-2186
0
0
0
0
0
0
0
0
0
0
0
-1756
-2138
-479
-2266
-13511
0
0
0
0
0
0
0
0
0
0
0
-2618
-729
-2005
-1070
-2169
0
0
0
0
0
0
0
0
0
0
0
-1760
-2006
-738
-2168
-21178
0
0
0
0
0
0
0
0
0
0
0
-1960
-1684
-1953
-1167
-2036
0
0
0
0
0
0
0
0
0
0
0
-929
-2076
-1185
-1885
-20266
0
0
0
0
0
0
0
0
0
0
0
0
0
0
0
0
0
0
0
0
0
0
0
0
0
0
0
0
0
0
0
0
0
0
0
0
0
0
0
0
0
0
0
0
0
0
0
0
0
0
0
0
0
0
0
0
0
0
0
0
0
0
0
0
0
0
0
0
0
0
0
0
0
0
0
0
0
0
0
0
0
0
0
0
0
0
0
0
0
0
0
0
0
0
0
0
0
0
0
0
0
0
0
0
0
0
0
0
0
0
0
0
0
0
0
0
0
0
0
0
0
0
0
0
0
0
0
0
0
0
0
0
0
0
0
0
0
0
0
0
0
0
0
0
0
0
0
0
0
0
0
0
0
0
0
0
0
0
0
0
0
0
0
0
0
0
0
0
0
0
0
0
0
0
0
0
0
0
0
0
0
0
0
0
0
0
0
0
0
0
0
0
0
0
0
0
0
0
0
0
0
0
0
0
0
0
0
0
0
0
0
0
0
0
0
0
0
0
0
0
0
0
0
0
0
0
0
0
0
0
0
0
0
0
0
0
0
0
0
0
0
0
0
0
0
0
0
0
0
0
0
0
0
0
0
0
0
0
0
0
0
0
0
0
0
0
0
0
0
0
0
0
0
0
0
0
0
0
0
0
0
0
0
0
0
0
0
0
0
0
0
0
0
0
0
0
0
0
0
0
0
0
0
0
0
0
0
0
0
0
0
0
0
0
0
0
0
0
0
0
0
0
0
0
0
0
0
0
0
0
0
0
0
0
0
0
0
0
0
0
0
0
0
0
0
0
0
0
0
0
0
0
0
0
0
0
0
0
0
0
0
0
0
0
0
0
0
0
0
0
0
0
0
0
0
0
0
0
0
0
0
0
0
0
0
0
0
0
0
0
0
0
0
0
0
0
0
0
0
0
0
0
0
0
0
0
0
0
0
0
0
0
0
0
0
0
0
0
0
0
0
0
0
0
0
0
0
0
0
0
0
0
0
0
0
0
0
0
0
0
0
0
0
0
0
0
0
0
0
0
0
0
0
0
0
0
0
0
0
0
0
0
0
0
0
0
0
0
0
0
0
0
0
0
0
0
0
0
0
0
0
0
0
0
0
0
0
0
0
0
0
0
0
0
0
0
0
0
0
0
0
0
0
0
0
0
0
0
0
0
0
0
0
0
0
0
0
0
0
0
0
0
0
0
0
0
0
0
0
0
0
0
0
0
0
0
0
0
0
0
0
0
0
0
0
0
0
0
0
0
0
0
0
0
0
0
0
0
0
0
0
0
0
0
0
0
0
0
0
0
0
0
0
0
0
0
0
0
0
0
0
0
0
0
0
0
0
0
0
0
0
0
0
0
0
0
0
0
0
0
0
0
0
0
0
0
0
0
0
0
0
0
0
0
0
0
0
0
0
0
0
0
0
0
0
0
0
0
0
0
0
0
0
0
0
0
0
0
0
0
0
0
0
0
0
0
0
0
0
0
0
0
0
0
0
0
0
0
0
0
0
0
0
0
0
0
0
0
0
0
0
0
0
0
0
0
0
0
0
0
0
0
0
0
0
0
0
0
0
0
0
0
0
0
0
0
0
0
0
0
0
0
0
0
0
0
0
0
0
0
0
0
0
0
0
0
0
0
0
0
0
0
0
0
0
0
0
0
0
0
0
0
0
0
0
0
0
0
0
0
0
0
0
0
0
0
0
0
0
0
0
0
0
0
0
0
0
0
0
0
0
0
0
0
0
0
0
0
0
0
0
0
0
0
0
0
0
0
0
0
0
0
0
0
0
0
0
0
0
0
0
0
0
0
0
0
0
0
0
0
0
0
0
0
0
0
0
0
0
0
0
0
0
0
0
0
0
0
0
0
0
0
0
0
0
0
0
0
0
0
0
0
0
0
0
0
0
0
0
0
0
0
0
0
0
0
0
0
0
0
0
0
0
0
0
0
0
0
0
0
0
0
0
0
0
0
0
0
0
0
0
0
0
0
0
0
0
0
0
0
0
0
0
0
0
0
0
0
0
0
0
0
0
0
0
0
0
0
0
0
0
0
0
0
0
0
0
0
0
0
0
0
0
0
0
0
0
0
0
0
0
0
0
0
0
0
0
0
0
0
0
0
0
0
0
0
0
0
0
0
0
0
0
0
0
0
0
0
0
0
0
0
0
0
0
0
0
0
0
0
0
0
0
0
0
0
0
0
0
0
0
0
0
0
0
0
0
0
0
0
0
0
0
0
0
0
0
0
0
0
0
0
0
0
0
0
0
0
0
0
0
0
0
0
0
0
0
0
0
0
0
0
0
0
0
0
0
0
0
0
0
0
0
0
0
0
0
0
0
0
0
0
0
0
0
0
0
0
0
0
0
0
0
0
0
0
0
0
0
0
0
0
0
0
0
0
0
0
0
0
0
0
0
0
0
0
0
0
0
0
0
0
0
0
0
0
0
0
0
0
0
0
0
0
0
0
0
0
0
0
0
0
0
0
0
0
0
0
0
0
0
0
0
0
0
0
0
0
0
0
0
0
0
0
0
0
0
0
0
0
0
0
0
0
0
0
0
0
0
0
0
0
0
0
0
0
0
0
0
0
0
0
0
0
0
0
0
0
0
0
0
0
0
0
0
0
0
0
0
0
0
0
0
0
0
0
0
0
0
0
0
0
0
0
0
0
0
0
0
0
0
0
0
0
0
0
0
0
0
0
0
0
0
0
0
0
0
0
0
0
0
0
0
0
0
0
0
0
0
0
0
0
0
0
0
0
0
0
0
0
0
0
0
0
0
0
0
0
0
0
0
0
0
0
0
0
0
0
0
0
0
0
0
0
0
0
0
0
0
0
0
0
0
0
0
0
0
0
0
0
0
0
0
0
0
0
0
0
0
0
0
0
0
0
0
0
0
0
0
0
0
0
0
0
0
0
0
0
0
0
0
0
0
0
0
0
0
0
0
0
0
0
0
0
0
0
0
0
0
0
0
0
0
0
0
0
0
0
0
0
0
0
0
0
0
0
0
0
0
0
0
0
0
0
0
0
0
0
0
0
0
0
0
0
0
0
0
0
0
0
0
0
0
0
0
0
0
0
0
0
0
0
0
0
0
0
0
0
0
0
0
0
0
0
0
0
0
0
0
0
0
0
0
0
0
0
0
0
0
0
0
0
0
0
0
0
0
0
0
0
0
0
0
0
0
0
0
0
0
0
0
0
0
0
0
0
0
0
0
0
0
0
0
0
0
0
0
0
0
0
0
0
0
0
0
0
0
0
0
0
0
0
0
0
0
0
0
0
0
0
0
0
0
0
0
0
0
0
0
0
0
0
0
0
0
0
0
0
0
0
0
0
0
0
0
0
0
0
0
0
0
0
0
0
0
0
0
0
0
0
0
0
0
0
0
0
0
0
0
0
0
0
0
0
0
0
0
0
0
0
0
0
0
0
0
0
0
0
0
0
0
0
0
0
0
0
0
0
0
0
0
0
0
0
0
0
0
0
0
0
0
0
0
0
0
0
0
0
0
0
0
0
0
0
0
0
0
0
0
0
0
0
0
0
0
0
0
0
0
0
0
0
0
0
0
0
0
0
0
0
0
0
0
0
0
0
0
0
0
0
0
0
0
0
0
0
0
0
0
0
0
0
0
0
0
0
0
0
0
0
0
0
0
0
0
0
0
0
0
0
0
0
0
0
0
0
0
0
0
0
0
0
0
0
0
0
0
0
0
0
0
0
0
0
0
0
0
0
0
0
0
0
0
0
0
0
0
0
0
0
0
0
0
0
0
0
0
0
0
0
0
0
0
0
0
0
0
0
0
0
0
0
0
0
0
0
0
0
0
0
0
0
0
0
0
0
0
0
0
0
0
0
0
0
0
0
0
0
0
0
0
0
0
0
0
0
0
0
0
0
0
0
0
0
0
0
0
0
0
0
0
0
0
0
0
0
0
0
0
0
0
0
0
0
0
0
0
0
0
0
0
0
0
0
0
0
0
0
0
0
0
0
0
0
0
0
0
0
0
0
0
0
0
0
0
0
0
0
0
0
0
0
0
0
0
0
0
0
0
0
0
0
0
0
0
0
0
0
0
0
0
0
0
0
0
0
0
0
0
0
0
0
0
0
0
0
0
0
0
0
0
0
0
0
0
0
0
0
0
0
0
0
0
0
0
0
0
0
0
0
0
0
0
0
0
0
0
0
0
0
0
0
0
0
0
0
0
0
0
0
0
0
0
0
0
0
0
0
0
0
0
0
0
0
0
0
0
0
0
0
0
0
0
0
0
0
0
0
0
0
0
0
0
0
0
0
0
0
0
0
0
0
0
0
0
0
0
0
0
0
0
0
0
0
0
0
0
0
0
0
0
0
0
0
0
0
0
0
0
0
0
0
0
0
0
0
0
0
0
0
0
0
0
0
0
0
0
0
0
0
0
0
0
0
0
0
0
0
0
0
0
0
0
0
0
0
0
0
0
0
0
0
0
0
0
0
0
0
0
0
0
0
0
0
0
0
0
0
0
0
0
0
0
0
0
0
0
0
0
0
0
0
0
0
0
0
0
0
0
0
0
0
0
0
0
0
0
0
0
0
0
0
0
0
0
0
0
0
0
0
0
0
0
0
0
0
0
0
0
0
0
0
0
0
0
0
0
0
0
0
0
0
0
0
0
0
0
0
0
0
0
0
0
0
0
0
0
0
0
0
0
0
0
0
0
0
0
0
0
0
0
0
0
0
0
0
0
0
0
0
0
0
0
0
0
0
0
0
0
0
0
0
0
0
0
0
0
0
0
0
0
0
0
0
0
0
0
0
0
0
0
0
0
0
0
0
0
0
0
0
0
0
0
0
0
0
0
0
0
0
0
0
0
0
0
0
0
0
0
0
0
0
0
0
0
0
0
0
0
0
0
0
0
0
0
0
0
0
0
0
0
0
0
0
0
0
0
0
0
0
0
0
0
0
0
0
0
0
0
0
0
0
0
0
0
0
0
0
0
0
0
0
0
0
0
0
0
0
0
0
0
0
0
0
0
0
0
0
0
0
0
0
0
0
0
0
0
0
0
0
0
0
0
0
0
0
0
0
0
0
0
0
0
0
0
0
0
0
0
0
0
0
0
0
0
0
0
0
0
0
0
0
0
0
0
0
0
0
0
0
0
0
0
0
0
0
0
0
0
0
0
0
0
0
0
0
0
0
0
0
0
0
0
0
0
0
0
0
0
0
0
0
0
0
0
0
0
0
0
0
0
0
0
0
0
0
0
0
0
0
0
0
0
0
0
0
0
0
0
0
0
0
0
0
0
0
0
0
0
0
0
0
0
0
0
0
0
0
0
0
0
0
0
0
0
0
0
0
0
0
0
0
0
0
0
0
0
0
0
0
0
0
0
0
0
0
0
0
0
0
0
0
0
0
0
0
0
0
0
0
0
0
0
0
0
0
0
0
0
0
0
0
0
0
0
0
0
0
0
0
0
0
0
0
0
0
0
0
0
0
0
0
0
0
0
0
0
0
0
0
0
0
0
0
0
0
0
0
0
0
0
0
0
0
0
0
0
0
0
0
0
0
0
0
0
0
0
0
0
0
0
0
0
0
0
0
0
0
0
0
0
0
0
0
0
0
0
0
0
0
0
0
0
0
0
0
0
0
0
0
0
0
0
0
0
0
0
0
0
0
0
0
0
0
0
0
0
0
0
0
0
0
0
0
0
0
0
0
0
0
0
0
0
0
0
0
0
0
0
0
0
0
0
0
0
0
0
0
0
0
0
0
0
0
0
0
0
0
0
0
0
0
0
0
0
0
0
0
0
0
0
0
0
0
0
0
0
0
0
0
0
0
0
0
0
0
0
0
0
0
0
0
0
0
0
0
0
0
0
0
0
0
0
0
0
0
0
0
0
0
0
0
0
0
0
0
0
0
0
0
0
0
0
0
0
0
0
0
0
0
0
0
0
0
0
0
0
0
0
0
0
0
0
0
0
0
0
0
0
0
0
0
0
0
0
0
0
0
0
0
0
0
0
0
0
0
0
0
0
0
0
0
0
0
0
0
0
0
0
0
0
0
0
0
0
0
0
0
0
0
0
0
0
0
0
0
0
0
0
0
0
0
0
0
0
0
0
0
0
0
0
0
0
0
0
0
0
0
0
0
0
0
0
0
0
0
0
0
0
0
0
0
0
0
0
0
0
0
0
0
0
0
0
0
0
0
0
0
0
0
0
0
0
0
0
0
0
0
0
0
0
0
0
0
0
0
0
0
0
0
0
0
0
0
0
0
0
0
0
0
0
0
0
0
0
0
0
0
0
0
0
0
0
0
0
0
0
0
0
0
0
0
0
0
0
0
0
0
0
0
0
0
0
0
0
0
0
0
0
0
0
0
0
0
0
0
0
0
0
0
0
0
0
0
0
0
0
0
0
0
0
0
0
0
0
0
0
0
0
0
0
0
0
0
0
0
0
0
0
0
0
0
0
0
0
0
0
0
0
0
0
0
0
0
0
0
0
0
0
0
0
0
0
0
0
0
0
0
0
0
0
0
0
0
0
0
0
0
0
0
0
0
0
0
0
0
0
0
0
0
0
0
0
0
0
0
0
0
0
0
0
0
0
0
0
0
0
0
0
0
0
0
0
0
0
0
0
0
0
0
0
0
0
0
0
0
0
0
0
0
0
0
0
0
0
0
0
0
0
0
0
0
0
0
0
0
0
0
0
0
0
0
0
0
0
0
0
0
0
0
0
0
0
0
0
0
0
0
0
0
0
0
0
0
0
0
0
0
0
0
0
0
0
0
0
0
0
0
0
0
0
0
0
0
0
0
0
0
0
0
0
0
0
0
0
0
0
0
0
0
0
0
0
0
0
0
0
0
0
0
0
0
0
0
0
0
0
0
0
0
0
0
0
0
0
0
0
0
0
0
0
0
0
0
0
0
0
0
0
0
0
0
0
0
0
0
0
0
0
0
0
0
0
0
0
0
0
0
0
0
0
0
0
0
0
0
0
0
0
0
0
0
0
0
0
0
0
0
0
0
0
0
0
0
0
0
0
0
0
0
0
0
0
0
0
0
0
0
0
0
0
0
0
0
0
0
0
0
0
0
0
0
0
0
0
0
0
0
0
0
0
0
0
0
0
0
0
0
0
0
0
0
0
0
0
0
0
0
0
0
0
0
0
0
0
0
0
0
0
0
0
0
0
0
0
0
0
0
0
0
0
0
0
0
0
0
0
0
0
0
0
0
0
0
0
0
0
0
0
0
0
0
0
0
0
0
0
0
0
0
0
0
0
0
0
0
0
0
0
0
0
0
0
0
0
0
0
0
0
0
0
0
0
0
0
0
0
0
0
0
0
0
0
0
0
0
0
0
0
0
0
0
0
0
0
0
0
0
0
0
0
0
0
0
0
0
0
0
0
0
0
0
0
0
0
0
0
0
0
0
0
0
0
0
0
0
0
0
0
0
0
0
0
0
0
0
0
0
0
0
0
0
0
0
0
0
0
0
0
0
0
0
0
0
0
0
0
0
0
0
0
0
0
0
0
0
0
0
0
0
0
0
0
0
0
0
0
0
0
0
0
0
0
0
0
0
0
0
0
0
0
0
0
0
0
0
0
0
0
0
0
0
0
0
0
0
0
0
0
0
0
0
0
0
0
0
0
0
0
0
0
0
0
0
0
0
0
0
0
0
0
0
0
0
0
0
0
0
0
0
0
0
0
0
0
0
0
0
0
0
0
0
0
0
0
0
0
0
0
0
0
0
0
0
0
0
0
0
0
0
0
0
0
0
0
0
0
0
0
0
0
0
0
0
0
0
0
0
0
0
0
0
0
0
0
0
0
0
0
0
0
0
0
0
0
0
0
0
0
0
0
0
0
0
0
0
0
0
0
0
0
0
0
0
0
0
0
0
0
0
0
0
0
0
0
0
0
0
0
0
0
0
0
0
0
0
0
0
0
0
0
0
0
0
0
0
0
0
0
0
0
0
0
0
0
0
0
0
0
0
0
0
0
0
0
0
0
0
0
0
0
0
0
0
0
0
0
0
0
0
0
0
0
0
0
0
0
0
0
0
0
0
0
0
0
0
0
0
0
0
0
0
0
0
0
0
0
0
0
0
0
0
0
0
0
0
0
0
0
0
0
0
0
0
0
0
0
0
0
0
0
0
0
0
0
0
0
0
0
0
0
0
0
0
0
0
0
0
0
0
0
0
0
0
0
0
0
0
0
0
0
0
0
0
0
0
0
0
0
0
0
0
0
0
0
0
0
0
0
0
0
0
0
0
0
0
0
0
0
0
0
0
0
0
0
0
0
0
0
0
0
0
0
0
0
0
0
0
0
0
0
0
0
0
0
0
0
0
0
0
0
0
0
0
0
0
0
0
0
0
0
0
0
0
0
0
0
0
0
0
0
0
0
0
0
0
0
0
0
0
0
0
0
0
0
0
0
0
0
0
0
0
0
0
0
0
0
0
0
0
0
0
0
0
0
0
0
0
0
0
0
0
0
0
0
0
0
0
0
0
0
0
0
0
0
0
0
0
0
0
0
0
0
0
0
0
0
0
0
0
0
0
0
0
0
0
0
0
0
0
0
0
0
0
0
0
0
0
0
0
0
0
0
0
0
0
0
0
0
0
0
0
0
0
0
0
0
0
0
0
0
0
0
0
0
0
0
0
0
0
0
0
0
0
0
0
0
0
0
0
0
0
0
0
0
0
0
0
0
0
0
0
0
0
0
0
0
0
0
0
0
0
0
0
0
0
0
0
0
0
0
0
0
0
0
0
0
0
0
0
0
0
0
0
0
0
0
0
0
0
0
0
0
0
0
0
0
0
0
0
0
0
0
0
0
0
0
0
0
0
0
0
0
0
0
0
0
0
0
0
0
0
0
0
0
0
0
0
0
0
0
0
0
0
0
0
0
0
0
0
0
0
0
0
0
0
0
0
0
0
0
0
0
0
0
0
0
0
0
0
0
0
0
0
0
0
0
0
0
0
0
0
0
0
0
0
0
0
0
0
0
0
0
0
0
0
0
0
0
0
0
0
0
0
0
0
0
0
0
0
0
0
0
0
0
0
0
0
0
0
0
0
0
0
0
0
0
0
0
0
0
0
0
0
0
0
0
0
0
0
0
0
0
0
0
0
0
0
0
0
0
0
0
0
0
0
0
0
0
0
0
0
0
0
0
0
0
0
0
0
0
0
0
0
0
0
0
0
0
0
0
0
0
0
0
0
0
0
0
0
0
0
0
0
0
0
0
0
0
0
0
0
0
0
0
0
0
0
0
0
0
0
0
0
0
0
0
0
0
0
0
0
0
0
0
0
0
0
0
0
0
0
0
0
0
0
0
0
0
0
0
0
0
0
0
0
0
0
0
0
0
0
0
0
0
0
0
0
0
0
0
0
0
0
0
0
0
0
0
0
0
0
0
0
0
0
0
0
0
0
0
0
0
0
0
0
0
0
0
0
0
0
0
0
0
0
0
0
0
0
0
0
0
0
0
0
0
0
0
0
0
0
0
0
0
0
0
0
0
0
0
0
0
0
0
0
0
0
0
0
0
0
0
0
0
0
0
0
0
0
0
0
0
0
0
0
0
0
0
0
0
0
0
0
0
0
0
0
0
0
0
0
0
0
0
0
0
0
0
0
0
0
0
0
0
0
0
0
0
0
0
0
0
0
0
0
0
0
0
0
0
0
0
0
0
0
0
0
0
0
0
0
0
0
0
0
0
0
0
0
0
0
0
0
0
0
0
0
0
0
0
0
0
0
0
0
0
0
0
0
0
0
0
0
0
0
0
0
0
0
0
0
0
0
0
0
0
0
0
0
0
0
0
0
0
0
0
0
0
0
0
0
0
0
0
0
0
0
0
0
0
0
0
0
0
0
0
0
0
0
0
0
0
0
0
0
0
0
0
0
0
0
0
0
0
0
0
0
0
0
0
0
0
0
0
0
0
0
0
0
0
0
0
0
0
0
0
0
0
0
0
0
0
0
0
0
0
0
0
0
0
0
0
0
0
0
0
0
0
0
0
0
0
0
0
0
0
0
0
0
0
0
0
0
0
0
0
0
0
0
0
0
0
0
0
0
0
0
0
0
0
0
0
0
0
0
0
0
0
0
0
0
0
0
0
0
0
0
0
0
0
0
0
0
0
0
0
0
0
0
0
0
0
0
0
0
0
0
0
0
0
0
0
0
0
0
0
0
0
0
0
0
0
0
0
0
0
0
0
0
0
0
0
0
0
0
0
0
0
0
0
0
0
0
0
0
0
0
0
0
0
0
0
0
0
0
0
0
0
0
0
0
0
0
0
0
0
0
0
0
0
0
0
0
0
0
0
0
0
0
0
0
0
0
0
0
0
0
0
0
0
0
0
0
0
0
0
0
0
0
0
0
0
0
0
0
0
0
0
0
0
0
0
0
0
0
0
0
0
0
0
0
0
0
0
0
0
0
0
0
0
0
0
0
0
0
0
0
0
0
0
0
0
0
0
0
0
0
0
0
0
0
0
0
0
0
0
0
0
0
0
0
0
0
0
0
0
0
0
0
0
0
0
0
0
0
0
0
0
0
0
0
0
0
0
0
0
0
0
0
0
0
0
0
0
0
0
0
0
0
0
0
0
0
0
0
0
0
0
0
0
0
0
0
0
0
0
0
0
0
0
0
0
0
0
0
0
0
0
0
0
0
0
0
0
0
0
0
0
0
0
0
0
0
0
0
0
0
0
0
0
0
0
0
0
0
0
0
0
0
0
0
0
0
0
0
0
0
0
0
0
0
0
0
0
0
0
0
0
0
0
0
0
0
0
0
0
0
0
0
0
0
0
0
0
0
0
0
0
0
0
0
0
0
0
0
0
0
0
0
0
0
0
0
0
0
0
0
0
0
0
0
0
0
0
0
0
0
0
0
0
0
0
0
0
0
0
0
0
0
0
0
0
0
0
0
0
0
0
0
0
0
0
0
0
0
0
0
0
0
0
0
0
0
0
0
0
0
0
0
0
0
0
0
0
0
0
0
0
0
0
0
0
0
0
0
0
0
0
0
0
0
0
0
0
0
0
0
0
0
0
0
0
0
0
0
0
0
0
0
0
0
0
0
0
0
0
0
0
0
0
0
0
0
0
0
0
0
0
0
0
0
0
0
0
0
0
0
0
0
0
0
0
0
0
0
0
0
0
0
0
0
0
0
0
0
0
0
0
0
0
0
0
0
0
0
0
0
0
0
0
0
0
0
0
0
0
0
0
0
0
0
0
0
0
0
0
0
0
0
0
0
0
0
0
0
0
0
0
0
0
0
0
0
0
0
0
0
0
0
0
0
0
0
0
0
0
0
0
0
0
0
0
0
0
0
0
0
0
0
0
0
0
0
0
0
0
0
0
0
0
0
0
0
0
0
0
0
0
0
0
0
0
0
0
0
0
0
0
0
0
0
0
0
0
0
0
0
0
0
0
0
0
0
0
0
0
0
0
0
0
0
0
0
0
0
0
0
0
0
0
0
0
0
0
0
0
0
0
0
0
0
0
0
0
0
0
0
0
0
0
0
0
0
0
0
0
0
0
0
0
0
0
0
0
0
0
0
0
0
0
0
0
0
0
0
0
0
0
0
0
0
0
0
0
0
0
0
0
0
0
0
0
0
0
0
0
0
0
0
0
0
0
0
0
0
0
0
0
0
0
0
0
0
0
0
0
0
0
0
0
0
0
0
0
0
0
0
0
0
0
0
0
0
0
0
0
0
0
0
0
0
0
0
0
0
0
0
0
0
0
0
0
0
0
0
0
0
0
0
0
0
0
0
0
0
0
0
0
0
0
0
0
0
0
0
0
0
0
0
0
0
0
0
0
0
0
0
0
0
0
0
0
0
0
0
0
0
0
0
0
0
0
0
0
0
0
0
0
0
0
0
0
0
0
0
0
0
0
0
0
0
0
0
0
0
0
0
0
0
0
0
0
0
0
0
0
0
0
0
0
0
0
0
0
0
0
0
0
0
0
0
0
0
0
0
0
0
0
0
0
0
0
0
0
0
0
0
0
0
0
0
0
0
0
0
0
0
0
0
0
0
0
0
0
0
0
0
0
0
0
0
0
0
0
0
0
0
0
0
0
0
0
0
0
0
0
0
0
0
0
0
0
0
0
0
0
0
0
0
0
0
0
0
0
0
0
0
0
0
0
0
0
0
0
0
0
0
0
0
0
0
0
0
0
0
0
0
0
0
0
0
0
0
0
0
0
0
0
0
0
0
0
0
0
0
0
0
0
0
0
0
0
0
0
0
0
0
0
0
0
0
0
0
0
0
0
0
0
0
0
0
0
0
0
0
0
0
0
0
0
0
0
0
0
0
0
0
0
0
0
0
0
0
0
0
0
0
0
0
0
0
0
0
0
0
0
0
0
0
0
0
0
0
0
0
0
0
0
0
0
0
0
0
0
0
0
0
0
0
0
0
0
0
0
0
0
0
0
0
0
0
0
0
0
0
0
0
0
0
0
0
0
0
0
0
0
0
0
0
0
0
0
0
0
0
0
0
0
0
0
0
0
0
0
0
0
0
0
0
0
0
0
0
0
0
0
0
0
0
0
0
0
0
0
0
0
0
0
0
0
0
0
0
0
0
0
0
0
0
0
0
0
0
0
0
0
0
0
0
0
0
0
0
0
0
0
0
0
0
0
0
0
0
0
0
0
0
0
0
0
0
0
0
0
0
0
0
0
0
0
0
0
0
0
0
0
0
0
0
0
0
0
0
0
0
0
0
0
0
0
0
0
0
0
0
0
0
0
0
0
0
0
0
0
0
0
0
0
0
0
0
0
0
0
0
0
0
0
0
0
0
0
0
0
0
0
0
0
0
0
0
0
0
0
0
0
0
0
0
0
0
0
0
0
0
0
0
0
0
0
0
0
0
0
0
0
0
0
0
0
0
0
0
0
0
0
0
0
0
0
0
0
0
0
0
0
0
0
0
0
0
0
0
0
0
0
0
0
0
0
0
0
0
0
0
0
0
0
0
0
0
0
0
0
0
0
0
0
0
0
0
0
0
0
0
0
0
0
0
0
0
0
0
0
0
0
0
0
0
0
0
0
0
0
0
0
0
0
0
0
0
0
0
0
0
0
0
0
0
0
0
0
0
0
0
0
0
0
0
0
0
0
0
0
0
0
0
0
0
0
0
0
0
0
0
0
0
0
0
0
0
0
0
0
0
0
0
0
0
0
0
0
0
0
0
0
0
0
0
0
0
0
0
0
0
0
0
0
0
0
0
0
0
0
0
0
0
0
0
0
0
0
0
0
0
0
0
0
0
0
0
0
0
0
0
0
0
0
0
0
0
0
0
0
0
0
0
0
0
0
0
0
0
0
0
0
0
0
0
0
0
0
0
0
0
0
0
0
0
0
0
0
0
0
0
0
0
0
0
0
0
0
0
0
0
0
0
0
0
0
0
0
0
0
0
0
0
0
0
0
0
0
0
0
0
0
0
0
0
0
0
0
0
0
0
0
0
0
0
0
0
0
0
0
0
0
0
0
0
0
0
0
0
0
0
0
0
0
0
0
0
0
0
0
0
0
0
0
0
0
0
0
0
0
0
0
0
0
0
0
0
0
0
0
0
0
0
0
0
0
0
0
0
0
0
0
0
0
0
0
0
0
0
0
0
0
0
0
0
0
0
0
0
0
0
0
0
0
0
0
0
0
0
0
0
0
0
0
0
0
0
0
0
0
0
0
0
0
0
0
0
0
0
0
0
0
0
0
0
0
0
0
0
0
0
0
0
0
0
0
0
0
0
0
0
0
0
0
0
0
0
0
0
0
0
0
0
0
0
0
0
0
0
0
0
0
0
0
0
0
0
0
0
0
0
0
0
0
0
0
0
0
0
0
0
0
0
0
0
0
0
0
0
0
0
0
0
0
0
0
0
0
0
0
0
0
0
0
0
0
0
0
0
0
0
0
0
0
0
0
0
0
0
0
0
0
0
0
0
0
0
0
0
0
0
0
0
0
0
0
0
0
0
0
0
0
0
0
0
0
0
0
0
0
0
0
0
0
0
0
0
0
0
0
0
0
0
0
0
0
0
0
0
0
0
0
0
0
0
0
0
0
0
0
0
0
0
0
0
0
0
0
0
0
0
0
0
0
0
0
0
0
0
0
0
0
0
0
0
0
0
0
0
0
0
0
0
0
0
0
0
0
0
0
0
0
0
0
0
0
0
0
0
0
0
0
0
0
0
0
0
0
0
0
0
0
0
0
0
0
0
0
0
0
0
0
0
0
0
0
0
0
0
0
0
0
0
0
0
0
0
0
0
0
0
0
0
0
0
0
0
0
0
0
0
0
0
0
0
0
0
0
0
0
0
0
0
0
0
0
0
0
0
0
0
0
0
0
0
0
0
0
0
0
0
0
0
0
0
0
0
0
0
0
0
0
0
0
0
0
0
0
0
0
0
0
0
0
0
0
0
0
0
0
0
0
0
0
0
0
0
0
0
0
0
0
0
0
0
0
0
0
0
0
0
0
0
0
0
0
0
0
0
0
0
0
0
0
0
0
0
0
0
0
0
0
0
0
0
0
0
0
0
0
0
0
0
0
0
0
0
0
0
0
0
0
0
0
0
0
0
0
0
0
0
0
0
0
0
0
0
0
0
0
0
0
0
0
0
0
0
0
0
0
0
0
0
0
0
0
0
0
0
0
0
0
0
0
0
0
0
0
0
0
0
0
0
0
0
0
0
0
0
0
0
0
0
0
0
0
0
0
0
0
0
0
0
0
0
0
0
0
0
0
0
0
0
0
0
0
0
0
0
0
0
0
0
0
0
0
0
0
0
0
0
0
0
0
0
0
0
0
0
0
0
0
0
0
0
0
0
0
0
0
0
0
0
0
0
0
0
0
0
0
0
0
0
0
0
0
0
0
0
0
0
0
0
0
0
0
0
0
0
0
0
0
0
0
0
0
0
0
0
0
0
0
0
0
0
0
0
0
0
0
0
0
0
0
0
0
0
0
0
0
0
0
0
0
0
0
0
0
0
0
0
0
0
0
0
0
0
0
0
0
0
0
0
0
0
0
0
0
0
0
0
0
0
0
0
0
0
0
0
0
0
0
0
0
0
0
0
0
0
0
0
0
0
0
0
0
0
0
0
0
0
0
0
0
0
0
0
0
0
0
0
0
0
0
0
0
0
0
0
0
0
0
0
0
0
0
0
0
0
0
0
0
0
0
0
0
0
0
0
0
0
0
0
0
0
0
0
0
0
0
0
0
0
0
0
0
0
0
0
0
0
0
0
0
0
0
0
0
0
0
0
0
0
0
0
0
0
0
0
0
0
0
0
0
0
0
0
0
0
0
0
0
0
0
0
0
0
0
0
0
0
0
0
0
0
0
0
0
0
0
0
0
0
0
0
0
0
0
0
0
0
0
0
0
0
0
0
0
0
0
0
0
0
0
0
0
0
0
0
0
0
0
0
0
0
0
0
0
0
0
0
0
0
0
0
0
0
0
0
0
0
0
0
0
0
0
0
0
0
0
0
0
0
0
0
0
0
0
0
0
0
0
0
0
0
0
0
0
0
0
0
0
0
0
0
0
0
0
0
0
0
0
0
0
0
0
0
0
0
0
0
0
0
0
0
0
0
0
0
0
0
0
0
0
0
0
0
0
0
0
0
0
0
0
0
0
0
0
0
0
0
0
0
0
0
0
0
0
0
0
0
0
0
0
0
0
0
0
0
0
0
0
0
0
0
0
0
0
0
0
0
0
0
0
0
0
0
0
0
0
0
0
0
0
0
0
0
0
0
0
0
0
0
0
0
0
0
0
0
0
0
0
0
0
0
0
0
0
0
0
0
0
0
0
0
0
0
0
0
0
0
0
0
0
0
0
0
0
0
0
0
0
0
0
0
0
0
0
0
0
0
0
0
0
0
0
0
0
0
0
0
0
0
0
0
0
0
0
0
0
0
0
0
0
0
0
0
0
0
0
0
0
0
0
0
0
0
0
0
0
0
0
0
0
0
0
0
0
0
0
0
0
0
0
0
0
0
0
0
0
0
0
0
0
0
0
0
0
0
0
0
0
0
0
0
0
0
0
0
0
0
0
0
0
0
0
0
0
0
0
0
0
0
0
0
0
0
0
0
0
0
0
0
0
0
0
0
0
0
0
0
0
0
0
0
0
0
0
0
0
0
0
0
0
0
0
0
0
0
0
0
0
0
0
0
0
0
0
0
0
0
0
0
0
0
0
0
0
0
0
0
0
0
0
0
0
0
0
0
0
0
0
0
0
0
0
0
0
0
0
0
0
0
0
0
0
0
0
0
0
0
0
0
0
0
0
0
0
0
0
0
0
0
0
0
0
0
0
0
0
0
0
0
0
0
0
0
0
0
0
0
0
0
0
0
0
0
0
0
0
0
0
0
0
0
0
0
0
0
0
0
0
0
0
0
0
0
0
0
0
0
0
0
0
0
0
0
0
0
0
0
0
0
0
0
0
0
0
0
0
0
0
0
0
0
0
0
0
0
0
0
0
0
0
0
0
0
0
0
0
0
0
0
0
0
0
0
0
0
0
0
0
0
0
0
0
0
0
0
0
0
0
0
0
0
0
0
0
0
0
0
0
0
0
0
0
0
0
0
0
0
0
0
0
0
0
0
0
0
0
0
0
0
0
0
0
0
0
0
0
0
0
0
0
0
0
0
0
0
0
0
0
0
0
0
0
0
0
0
0
0
0
0
0
0
0
0
0
0
0
0
0
0
0
0
0
0
0
0
0
0
0
0
0
0
0
0
0
0
0
0
0
0
0
0
0
0
0
0
0
0
0
0
0
0
0
0
0
0
0
0
0
0
0
0
0
0
0
0
0
0
0
0
0
0
0
0
0
0
0
0
0
0
0
0
0
0
0
0
0
0
0
0
0
0
0
0
0
0
0
0
0
0
0
0
0
0
0
0
0
0
0
0
0
0
0
0
0
0
0
0
0
0
0
0
0
0
0
0
0
0
0
0
0
0
0
0
0
0
0
0
0
0
0
0
0
0
0
0
0
0
0
0
0
0
0
0
0
0
0
0
0
0
0
0
0
0
0
0
0
0
0
0
0
0
0
0
0
0
0
0
0
0
0
0
0
0
0
0
0
0
0
0
0
0
0
0
0
0
0
0
0
0
0
0
0
0
0
0
0
0
0
0
0
0
0
0
0
0
0
0
0
0
0
0
0
0
0
0
0
0
0
0
0
0
0
0
0
0
0
0
0
0
0
0
0
0
0
0
0
0
0
0
0
0
0
0
0
0
0
0
0
0
0
0
0
0
0
0
0
0
0
0
0
0
0
0
0
0
0
0
0
0
0
0
0
0
0
0
0
0
0
0
0
0
0
0
0
0
0
0
0
0
0
0
0
0
0
0
0
0
0
0
0
0
0
0
0
0
0
0
0
0
0
0
0
0
0
0
0
0
0
0
0
0
0
0
0
0
0
0
0
0
0
0
0
0
0
0
0
0
0
0
0
0
0
0
0
0
0
0
0
0
0
0
0
0
0
0
0
0
0
0
0
0
0
0
0
0
0
0
0
0
0
0
0
0
0
0
0
0
0
0
0
0
0
0
0
0
0
0
0
0
0
0
0
0
0
0
0
0
0
0
0
0
0
0
0
0
0
0
0
0
0
0
0
0
0
0
0
0
0
0
0
0
0
0
0
0
0
0
0
0
0
0
0
0
0
0
0
0
0
0
0
0
0
0
0
0
0
0
0
0
0
0
0
0
0
0
0
0
0
0
0
0
0
0
0
0
0
0
0
0
0
0
0
0
0
0
0
0
0
0
0
0
0
0
0
0
0
0
0
0
0
0
0
0
0
0
0
0
0
0
0
0
0
0
0
0
0
0
0
0
0
0
0
0
0
0
0
0
0
0
0
0
0
0
0
0
0
0
0
0
0
0
0
0
0
0
0
0
0
0
0
0
0
0
0
0
0
0
0
0
0
0
0
0
0
0
0
0
0
0
0
0
0
0
0
0
0
0
0
0
0
0
0
0
0
0
0
0
0
0
0
0
0
0
0
0
0
0
0
0
0
0
0
0
0
0
0
0
0
0
0
0
0
0
0
0
0
0
0
0
0
0
0
0
0
0
0
0
0
0
0
0
0
0
0
0
0
0
0
0
0
0
0
0
0
0
0
0
0
0
0
0
0
0
0
0
0
0
0
0
0
0
0
0
0
0
0
0
0
0
0
0
0
0
0
0
0
0
0
0
0
0
0
0
0
0
0
0
0
0
0
0
0
0
0
0
0
0
0
0
0
0
0
0
0
0
0
0
0
0
0
0
0
0
0
0
0
0
0
0
0
0
0
0
0
0
0
0
0
0
0
0
0
0
0
0
0
0
0
0
0
0
0
0
0
0
0
0
0
0
0
0
0
0
0
0
0
0
0
0
0
0
0
0
0
0
0
0
0
0
0
0
0
0
0
0
0
0
0
0
0
0
0
0
0
0
0
0
0
0
0
0
0
0
0
0
0
0
0
0
0
0
0
0
0
0
0
0
0
0
0
0
0
0
0
0
0
0
0
0
0
0
0
0
0
0
0
0
0
0
0
0
0
0
0
0
0
0
0
0
0
0
0
0
0
0
0
0
0
0
0
0
0
0
0
0
0
0
0
0
0
0
0
0
0
0
0
0
0
0
0
0
0
0
0
0
0
0
0
0
0
0
0
0
0
0
0
0
0
0
0
0
0
0
0
0
0
0
0
0
0
0
0
0
0
0
0
0
0
0
0
0
0
0
0
0
0
0
0
0
0
0
0
0
0
0
0
0
0
0
0
0
0
0
0
0
0
0
0
0
0
0
0
0
0
0
0
0
0
0
0
0
0
0
0
0
0
0
0
0
0
0
0
0
0
0
0
0
0
0
0
0
0
0
0
0
0
0
0
0
0
0
0
0
0
0
0
0
0
0
0
0
0
0
0
0
0
0
0
0
0
0
0
0
0
0
0
0
0
0
0
0
0
0
0
0
0
0
0
0
0
0
0
0
0
0
0
0
0
0
0
0
0
0
0
0
0
0
0
0
0
0
0
0
0
0
0
0
0
0
0
0
0
0
0
0
0
0
0
0
0
0
0
0
0
0
0
0
0
0
0
0
0
0
0
0
0
0
0
0
0
0
0
0
0
0
0
0
0
0
0
0
0
0
0
0
0
0
0
0
0
0
0
0
0
0
0
0
0
0
0
0
0
0
0
0
0
0
0
0
0
0
0
0
0
0
0
0
0
0
0
0
0
0
0
0
0
0
0
0
0
0
0
0
0
0
0
0
0
0
0
0
0
0
0
0
0
0
0
0
0
0
0
0
0
0
0
0
0
0
0
0
0
0
0
0
0
0
0
0
0
0
0
0
0
0
0
0
0
0
0
0
0
0
0
0
0
0
0
0
0
0
0
0
0
0
0
0
0
0
0
0
0
0
0
0
0
0
0
0
0
0
0
0
0
0
0
0
0
0
0
0
0
0
0
0
0
0
0
0
0
0
0
0
0
0
0
0
0
0
0
0
0
0
0
0
0
0
0
0
0
0
0
0
0
0
0
0
0
0
0
0
0
0
0
0
0
0
0
0
0
0
0
0
0
0
0
0
0
0
0
0
0
0
0
0
0
0
0
0
0
0
0
0
0
0
0
0
0
0
0
0
0
0
0
0
0
0
0
0
0
0
0
0
0
0
0
0
0
0
0
0
0
0
0
0
0
0
0
0
0
0
0
0
0
0
0
0
0
0
0
0
0
0
0
0
0
0
0
0
0
0
0
0
0
0
0
0
0
0
0
0
0
0
0
0
0
0
0
0
0
0
0
0
0
0
0
0
0
0
0
0
0
0
0
0
0
0
0
0
0
0
0
0
0
0
0
0
0
0
0
0
0
0
0
0
0
0
0
0
0
0
0
0
0
0
0
0
0
0
0
0
0
0
0
0
0
0
0
0
0
0
0
0
0
0
0
0
0
0
0
0
0
0
0
0
0
0
0
0
0
0
0
0
0
0
0
0
0
0
0
0
0
0
0
0
0
0
0
0
0
0
0
0
0
0
0
0
0
0
0
0
0
0
0
0
0
0
0
0
0
0
0
0
0
0
0
0
0
0
0
0
0
0
0
0
0
0
0
0
0
0
0
0
0
0
0
0
0
0
0
0
0
0
0
0
0
0
0
0
0
0
0
0
0
0
0
0
0
0
0
0
0
0
0
0
0
0
0
0
0
0
0
0
0
0
0
0
0
0
0
0
0
0
0
0
0
0
0
0
0
0
0
0
0
0
0
0
0
0
0
0
0
0
0
0
0
0
0
0
0
0
0
0
0
0
0
0
0
0
0
0
0
0
0
0
0
0
0
0
0
0
0
0
0
0
0
0
0
0
0
0
0
0
0
0
0
0
0
0
0
0
0
0
0
0
0
0
0
0
0
0
0
0
0
0
0
0
0
0
0
0
0
0
0
0
0
0
0
0
0
0
0
0
0
0
0
0
0
0
0
0
0
0
0
0
0
0
0
0
0
0
0
0
0
0
0
0
0
0
0
0
0
0
0
0
0
0
0
0
0
0
0
0
0
0
0
0
0
0
0
0
0
0
0
0
0
0
0
0
0
0
0
0
0
0
0
0
0
0
0
0
0
0
0
0
0
0
0
0
0
0
0
0
0
0
0
0
0
0
0
0
0
0
0
0
0
0
0
0
0
0
0
0
0
0
0
0
0
0
0
0
0
0
0
0
0
0
0
0
0
0
0
0
0
0
0
0
0
0
0
0
0
0
0
0
0
0
0
0
0
0
0
0
0
0
0
0
0
0
0
0
0
0
0
0
0
0
0
0
0
0
0
0
0
0
0
0
0
0
0
0
0
0
0
0
0
0
0
0
0
0
0
0
0
0
0
0
0
0
0
0
0
0
0
0
0
0
0
0
0
0
0
0
0
0
0
0
0
0
0
0
0
0
0
0
0
0
0
0
0
0
0
0
0
0
0
0
0
0
0
0
0
0
0
0
0
0
0
0
0
0
0
0
0
0
0
0
0
0
0
0
0
0
0
0
0
0
0
0
0
0
0
0
0
0
0
0
0
0
0
0
0
0
0
0
0
0
0
0
0
0
0
0
0
0
0
0
0
0
0
0
0
0
0
0
0
0
0
0
0
0
0
0
0
0
0
0
0
0
0
0
0
0
0
0
0
0
0
0
0
0
0
0
0
0
0
0
0
0
0
0
0
0
0
0
0
0
0
0
0
0
0
0
0
0
0
0
0
0
0
0
0
0
0
0
0
0
0
0
0
0
0
0
0
0
0
0
0
0
0
0
0
0
0
0
0
0
0
0
0
0
0
0
0
0
0
0
0
0
0
0
0
0
0
0
0
0
0
0
0
0
0
0
0
0
0
0
0
0
0
0
0
0
0
0
0
0
0
0
0
0
0
0
0
0
0
0
0
0
0
0
0
0
0
0
0
0
0
0
0
0
0
0
0
0
0
0
0
0
0
0
0
0
0
0
0
0
0
0
0
0
0
0
0
0
0
0
0
0
0
0
0
0
0
0
0
0
0
0
0
0
0
0
0
0
0
0
0
0
0
0
0
0
0
0
0
0
0
0
0
0
0
0
0
0
0
0
0
0
0
0
0
0
0
0
0
0
0
0
0
0
0
0
0
0
0
0
0
0
0
0
0
0
0
0
0
0
0
0
0
0
0
0
0
0
0
0
0
0
0
0
0
0
0
0
0
0
0
0
0
0
0
0
0
0
0
0
0
0
0
0
0
0
0
0
0
0
0
0
0
0
0
0
0
0
0
0
0
0
0
0
0
0
0
0
0
0
0
0
0
0
0
0
0
0
0
0
0
0
0
0
0
0
0
0
0
0
0
0
0
0
0
0
0
0
0
0
0
0
0
0
0
0
0
0
0
0
0
0
0
0
0
0
0
0
0
0
0
0
0
0
0
0
0
0
0
0
0
0
0
0
0
0
0
0
0
0
0
0
0
0
0
0
0
0
0
0
0
0
0
0
0
0
0
0
0
0
0
0
0
0
0
0
0
0
0
0
0
0
0
0
0
0
0
0
0
0
0
0
0
0
0
0
0
0
0
0
0
0
0
0
0
0
0
0
0
0
0
0
0
0
0
0
0
0
0
0
0
0
0
0
0
0
0
0
0
0
0
0
0
0
0
0
0
0
0
0
0
0
0
0
0
0
0
0
0
0
0
0
0
0
0
0
0
0
0
0
0
0
0
0
0
0
0
0
0
0
0
0
0
0
0
0
0
0
0
0
0
0
0
0
0
0
0
0
0
0
0
0
0
0
0
0
0
0
0
0
0
0
0
0
0
0
0
0
0
0
0
0
0
0
0
0
0
0
0
0
0
0
0
0
0
0
0
0
0
0
0
0
0
0
0
0
0
0
0
0
0
0
0
0
0
0
0
0
0
0
0
0
0
0
0
0
0
0
0
0
0
0
0
0
0
0
0
0
0
0
0
0
0
0
0
0
0
0
0
0
0
0
0
0
0
0
0
0
0
0
0
0
0
0
0
0
0
0
0
0
0
0
0
0
0
0
0
0
0
0
0
0
0
0
0
0
0
0
0
0
0
0
0
0
0
0
0
0
0
0
0
0
0
0
0
0
0
0
0
0
0
0
0
0
0
0
0
0
0
0
0
0
0
0
0
0
0
0
0
0
0
0
0
0
0
0
0
0
0
0
0
0
0
0
0
0
0
0
0
0
0
0
0
0
0
0
0
0
0
0
0
0
0
0
0
0
0
0
0
0
0
0
0
0
0
0
0
0
0
0
0
0
0
0
0
0
0
0
0
0
0
0
0
0
0
0
0
0
0
0
0
0
0
0
0
0
0
0
0
0
0
0
0
0
0
0
0
0
0
0
0
0
0
0
0
0
0
0
0
0
0
0
0
0
0
0
0
0
0
0
0
0
0
0
0
0
0
0
0
0
0
0
0
0
0
0
0
0
0
0
0
0
0
0
0
0
0
0
0
0
0
0
0
0
0
0
0
0
0
0
0
0
0
0
0
0
0
0
0
0
0
0
0
0
0
0
0
0
0
0
0
0
0
0
0
0
0
0
0
0
0
0
0
0
0
0
0
0
0
0
0
0
0
0
0
0
0
0
0
0
0
0
0
0
0
0
0
0
0
0
0
0
0
0
0
0
0
0
0
0
0
0
0
0
0
0
0
0
0
0
0
0
0
0
0
0
0
0
0
0
0
0
0
0
0
0
0
0
0
0
0
0
0
0
0
0
0
0
0
0
0
0
0
0
0
0
0
0
0
0
0
0
0
0
0
0
0
0
0
0
0
0
0
0
0
0
0
0
0
0
0
0
0
0
0
0
0
0
0
0
0
0
0
0
0
0
0
0
0
0
0
0
0
0
0
0
0
0
0
0
0
0
0
0
0
0
0
0
0
0
0
0
0
0
0
0
0
0
0
0
0
0
0
0
0
0
0
0
0
0
0
0
0
0
0
0
0
0
0
0
0
0
0
0
0
0
0
0
0
0
0
0
0
0
0
0
0
0
0
0
0
0
0
0
0
0
0
0
0
0
0
0
0
0
0
0
0
0
0
0
0
0
0
0
0
0
0
0
0
0
0
0
0
0
0
0
0
0
0
0
0
0
0
0
0
0
0
0
0
0
0
0
0
0
0
0
0
0
0
0
0
0
0
0
0
0
0
0
0
0
0
0
0
0
0
0
0
0
0
0
0
0
0
0
0
0
0
0
0
0
0
0
0
0
0
0
0
0
0
0
0
0
0
0
0
0
0
0
0
0
0
0
0
0
0
0
0
0
0
0
0
0
0
0
0
0
0
0
0
0
0
0
0
0
0
0
0
0
0
0
0
0
0
0
0
0
0
0
0
0
0
0
0
0
0
0
0
0
0
0
0
0
0
0
0
0
0
0
0
0
0
0
0
0
0
0
0
0
0
0
0
0
0
0
0
0
0
0
0
0
0
0
0
0
0
0
0
0
0
0
0
0
0
0
0
0
0
0
0
0
0
0
0
0
0
0
0
0
0
0
0
0
0
0
0
0
0
0
0
0
0
0
0
0
0
0
0
0
0
0
0
0
0
0
0
0
0
0
0
0
0
0
0
0
0
0
0
0
0
0
0
0
0
0
0
0
0
0
0
0
0
0
0
0
0
0
0
0
0
0
0
0
0
0
0
0
0
0
0
0
0
0
0
0
0
0
0
0
0
0
0
0
0
0
0
0
0
0
0
0
0
0
0
0
0
0
0
0
0
0
0
0
0
0
0
0
0
0
0
0
0
0
0
0
0
0
0
0
0
0
0
0
0
0
0
0
0
0
0
0
0
0
0
0
0
0
0
0
0
0
0
0
0
0
0
0
0
0
0
0
0
0
0
0
0
0
0
0
0
0
0
0
0
0
0
0
0
0
0
0
0
0
0
0
0
0
0
0
0
0
0
0
0
0
0
0
0
0
0
0
0
0
0
0
0
0
0
0
0
0
0
0
0
0
0
0
0
0
0
0
0
0
0
0
0
0
0
0
0
0
0
0
0
0
0
0
0
0
0
0
0
0
0
0
0
0
0
0
0
0
0
0
0
0
0
0
0
0
0
0
0
0
0
0
0
0
0
0
0
0
0
0
0
0
0
0
0
0
0
0
0
0
0
0
0
0
0
0
0
0
0
0
0
0
0
0
0
0
0
0
0
0
0
0
0
0
0
0
0
0
0
0
0
0
0
0
0
0
0
0
0
0
0
0
0
0
0
0
0
0
0
0
0
0
0
0
0
0
0
0
0
0
0
0
0
0
0
0
0
0
0
0
0
0
0
0
0
0
0
0
0
0
0
0
0
0
0
0
0
0
0
0
0
0
0
0
0
0
0
0
0
0
0
0
0
0
0
0
0
0
0
0
0
0
0
0
0
0
0
0
0
0
0
0
0
0
0
0
0
0
0
0
0
0
0
0
0
0
0
0
0
0
0
0
0
0
0
0
0
0
0
0
0
0
0
0
0
0
0
0
0
0
0
0
0
0
0
0
0
0
0
0
0
0
0
0
0
0
0
0
0
0
0
0
0
0
0
0
0
0
0
0
0
0
0
0
0
0
0
0
0
0
0
0
0
0
0
0
0
0
0
0
0
0
0
0
0
0
0
0
0
0
0
0
0
0
0
0
0
0
0
0
0
0
0
0
0
0
0
0
0
0
0
0
0
0
0
0
0
0
0
0
0
0
0
0
0
0
0
0
0
0
0
0
0
0
0
0
0
0
0
0
0
0
0
0
0
0
0
0
0
0
0
0
0
0
0
0
0
0
0
0
0
0
0
0
0
0
0
0
0
0
0
0
0
0
0
0
0
0
0
0
0
0
0
0
0
0
0
0
0
0
0
0
0
0
0
0
0
0
0
0
0
0
0
0
0
0
0
0
0
0
0
0
0
0
0
0
0
0
0
0
0
0
0
0
0
0
0
0
0
0
0
0
0
0
0
0
0
0
0
0
0
0
0
0
0
0
0
0
0
0
0
0
0
0
0
0
0
0
0
0
0
0
0
0
0
0
0
0
0
0
0
0
0
0
0
0
0
0
0
0
0
0
0
0
0
0
0
0
0
0
0
0
0
0
0
0
0
0
0
0
0
0
0
0
0
0
0
0
0
0
0
0
0
0
0
0
0
0
0
0
0
0
0
0
0
0
0
0
0
0
0
0
0
0
0
0
0
0
0
0
0
0
0
0
0
0
0
0
0
0
0
0
0
0
0
0
0
0
0
0
0
0
0
0
0
0
0
0
0
0
0
0
0
0
0
0
0
0
0
0
0
0
0
0
0
0
0
0
0
0
0
0
0
0
0
0
0
0
0
0
0
0
0
0
0
0
0
0
0
0
0
0
0
0
0
0
0
0
0
0
0
0
0
0
0
0
0
0
0
0
0
0
0
0
0
0
0
0
0
0
0
0
0
0
0
0
0
0
0
0
0
0
0
0
0
0
0
0
0
0
0
0
0
0
0
0
0
0
0
0
0
0
0
0
0
0
0
0
0
0
0
0
0
0
0
0
0
0
0
0
0
0
0
0
0
0
0
0
0
0
0
0
0
0
0
0
0
0
0
0
0
0
0
0
0
0
0
0
0
0
0
0
0
0
0
0
0
0
0
0
0
0
0
0
0
0
0
0
0
0
0
0
0
0
0
0
0
0
0
0
0
0
0
0
0
0
0
0
0
0
0
0
0
0
0
0
0
0
0
0
0
0
0
0
0
0
0
0
0
0
0
0
0
0
0
0
0
0
0
0
0
0
0
0
0
0
0
0
0
0
0
0
0
0
0
0
0
0
0
0
0
0
0
0
0
0
0
0
0
0
0
0
0
0
0
0
0
0
0
0
0
0
0
0
0
0
0
0
0
0
0
0
0
0
0
0
0
0
0
0
0
0
0
0
0
0
0
0
0
0
0
0
0
0
0
0
0
0
0
0
0
0
0
0
0
0
0
0
0
0
0
0
0
0
0
0
0
0
0
0
0
0
0
0
0
0
0
0
0
0
0
0
0
0
0
0
0
0
0
0
0
0
0
0
0
0
0
0
0
0
0
0
0
0
0
0
0
0
0
0
0
0
0
0
0
0
0
0
0
0
0
0
0
0
0
0
0
0
0
0
0
0
0
0
0
0
0
0
0
0
0
0
0
0
0
0
0
0
0
0
0
0
0
0
0
0
0
0
0
0
0
0
0
0
0
0
0
0
0
0
0
0
0
0
0
0
0
0
0
0
0
0
0
0
0
0
0
0
0
0
0
0
0
0
0
0
0
0
0
0
0
0
0
0
0
0
0
0
0
0
0
0
0
0
0
0
0
0
0
0
0
0
0
0
0
0
0
0
0
0
0
0
0
0
0
0
0
0
0
0
0
0
0
0
0
0
0
0
0
0
0
0
0
0
0
0
0
0
0
0
0
0
0
0
0
0
0
0
0
0
0
0
0
0
0
0
0
0
0
0
0
0
0
0
0
0
0
0
0
0
0
0
0
0
0
0
0
0
0
0
0
0
0
0
0
0
0
0
0
0
0
0
0
0
0
0
0
0
0
0
0
0
0
0
0
0
0
0
0
0
0
0
0
0
0
0
0
0
0
0
0
0
0
0
0
0
0
0
0
0
0
0
0
0
0
0
0
0
0
0
0
0
0
0
0
0
0
0
0
0
0
0
0
0
0
0
0
0
0
0
0
0
0
0
0
0
0
0
0
0
0
0
0
0
0
0
0
0
0
0
0
0
0
0
0
0
0
0
0
0
0
0
0
0
0
0
0
0
0
0
0
0
0
0
0
0
0
0
0
0
0
0
0
0
0
0
0
0
0
0
0
0
0
0
0
0
0
0
0
0
0
0
0
0
0
0
0
0
0
0
0
0
0
0
0
0
0
0
0
0
0
0
0
0
0
0
0
0
0
0
0
0
0
0
0
0
0
0
0
0
0
0
0
0
0
0
0
0
0
0
0
0
0
0
0
0
0
0
0
0
0
0
0
0
0
0
0
0
0
0
0
0
0
0
0
0
0
0
0
0
0
0
0
0
0
0
0
0
0
0
0
0
0
0
0
0
0
0
0
0
0
0
0
0
0
0
0
0
0
0
0
0
0
0
0
0
0
0
0
0
0
0
0
0
0
0
0
0
0
0
0
0
0
0
0
0
0
0
0
0
0
0
0
0
0
0
0
0
0
0
0
0
0
0
0
0
0
0
0
0
0
0
0
0
0
0
0
0
0
0
0
0
0
0
0
0
0
0
0
0
