-264
249
-1052
-472
-1056
-1268
-1404
-279
552
-2144
-1262
-1611
-2272
-1483
-152
1131
-260
425
-507
-1791
-922
-1407
-16252
-170
1254
-1976
-1787
-1776
-2420
-14899
124
1550
-283
-234
-1145
123
-1695
-1863
-1964
-266
-40
-2699
-840
-3145
-2795
-785
-114
809
-266
581
-2255
-2843
-316
-1720
-14570
-71
808
-4492
-2667
-1312
-2820
-12802
36
1024
-248
-263
-1521
479
-3164
-2597
-2723
-246
-32
-2370
159
-4083
-3119
-2207
-90
935
-242
-72
-2683
-3732
-600
-2441
-12803
-75
11
-4594
-2752
-1316
-3181
-13592
26
-91
-239
-103
-719
389
-3100
-2319
-2260
-307
-121
-1406
-92
-3733
-2829
-1903
-102
874
-137
-484
-2358
-3730
-221
-2077
-15917
-109
-652
-4123
-2091
-1451
-2680
-17165
-1
-402
-234
-331
235
71
-2669
-2116
-1941
-326
-687
-712
-484
-3282
-2920
-1934
-133
594
-73
-92
-2049
-3159
-668
-1739
-16394
-111
-406
-4033
-2281
-1907
-2477
-16170
-37
-170
-286
-433
439
-282
-1829
-1330
-1282
-329
-510
-1025
-1082
-2953
-2749
-1679
-167
637
-56
398
-1456
-2280
-617
-1099
-19274
-88
528
-3662
-2200
-1725
-2566
-15974
-72
778
-417
-583
-481
-1202
-1573
-1279
-1340
-331
-397
-2030
-2719
-3072
-2832
-1863
-203
534
-67
-508
-823
-2288
-130
-1167
-18567
51
140
-2961
-2254
-682
-2847
-13142
60
-386
-373
-564
-167
-898
-1011
-1398
-1381
-269
-24
-1097
-2076
-1600
-2879
-2793
-225
290
-120
-1106
-1514
-1718
-614
-1239
-16757
-94
-956
-2556
-1470
-1478
-2702
-12614
72
-1668
-249
-480
-1938
-1689
-562
-122
-1484
-131
-477
-1958
-1841
-880
-978
-1395
-177
-615
-243
256
-38
-1800
-1329
-1394
-14108
-126
633
-1328
-794
-451
-1386
-15931
124
391
-451
-173
-2445
-960
-26
-1022
-1507
-308
-31
-3013
-1475
-2296
-2224
-1802
-216
248
-211
58
-1692
-2621
-261
-1402
-19210
-178
25
-3156
-2269
875
-2057
-18988
122
167
-451
-415
-2728
-1254
-1039
-1828
-1713
-279
-116
-2837
-924
-1996
-2435
-2196
-303
565
-99
-126
-927
-2559
-93
-1652
-15873
-119
-278
-2483
-2527
610
-1841
-16442
224
-1075
-390
-591
-2500
-475
-1502
-1818
-1614
-261
-31
-2867
-366
-1666
-2658
-1725
-263
755
-47
364
-777
-2376
-185
-1602
-17198
-186
-288
-2316
-2253
-976
-2036
-17619
71
-634
-472
-328
-2658
-459
-2734
-1809
-1756
-222
0
-3112
-85
-1770
-2652
-1494
-253
157
-22
41
-614
-2400
450
-1727
-17864
-177
-161
-2083
-2539
-1421
-2131
-19172
-3
-744
-490
24
-2510
-1004
-2713
-2188
-1899
-166
761
-2642
-225
-2255
-2405
-1908
-221
43
-43
-188
-1032
-2721
1274
-1923
-15367
-84
258
-2068
-2581
-251
-2181
-17509
18
-38
-579
82
-3038
-3132
-1934
-3030
-2650
-194
962
-2056
-2599
-2577
-2214
-2296
-229
442
-155
-372
-1653
-3605
1750
-2709
-13571
-42
375
-1735
-2786
1213
-2325
-18250
103
-230
-344
350
-1627
-2191
-139
-2543
-2026
-65
855
-757
-2089
-1075
-2613
-2741
-60
-183
-358
-804
-1516
-2254
-491
-2026
-17318
-212
-441
-1177
-1683
-906
-2206
-19904
-68
-922
-186
415
-2449
-1380
-939
-931
-1912
-87
789
-3356
-1656
-2079
-2133
-792
30
945
-201
133
-1130
-2439
-158
-1846
-16241
-281
577
-2406
-1764
-748
-2618
-15516
73
653
-398
1103
-4214
-1772
-3452
-3522
-3566
-359
508
-5062
-781
-5599
-4201
-3479
-272
404
41
425
-2001
-5010
1022
-3539
-14237
-237
-521
-3781
-3740
611
-4003
-13297
125
-216
-384
2791
-3618
-1791
-971
-2769
-2703
-359
943
-4886
-844
-4392
-4683
-2870
-363
779
275
853
-1130
-3325
-1389
-2771
-25619
-28
184
-3696
-4148
-1583
-3833
-22557
210
-317
-410
6124
-4404
-1749
578
-2271
-3289
-420
2459
-6294
-587
-2182
-5203
-4143
-393
2135
461
897
-2321
-3065
-4360
-3552
-28318
65
-214
-4569
-5000
-4109
-4938
-22142
477
273
-397
4800
-4951
-2145
-2053
-2130
-3525
-364
2198
-7285
-1107
-313
-4919
-3948
-310
3077
488
-1201
-1943
-2816
-1999
-3670
-23827
19
-664
-4079
-5011
-4704
-5228
-17263
397
-179
-495
2887
-4317
-2214
-4409
-2570
-3481
-392
645
-5583
-648
-1519
-4654
-5230
-199
1915
325
-571
-1502
-2640
-546
-3694
-15820
56
-109
-3387
-4858
-2690
-4661
-11282
346
122
-602
1952
-3702
-2919
-4798
-4125
-3852
-445
-31
-3920
-1547
-4554
-4612
-4856
-241
1706
152
-580
-2262
-3971
1494
-3911
-14556
163
189
-3829
-5101
706
-4585
-14134
339
131
-341
868
-1978
-2088
-2067
-2785
-2302
-241
-695
-1805
-1059
-2477
-3357
-3226
-50
603
-124
-1841
-856
-2618
261
-2446
-18015
-98
-676
-1907
-2910
-3
-2886
-19208
147
-1093
-1
160
-2500
-2135
-1046
-811
-2040
-8
552
-3333
-1869
-1125
-2438
-834
-42
205
-80
188
-2530
-2210
1622
-1964
-18429
-229
30
-3128
-2431
-755
-2249
-17238
45
98
-257
1546
-3282
-2767
-2792
-2635
-3608
-375
1134
-4002
-1829
-2312
-4104
-3062
-196
1034
302
2219
-3347
-4081
1673
-3491
-18298
-34
486
-4805
-3286
-1296
-2833
-17868
379
690
-141
1886
-3394
-2909
-3645
-1105
-3968
-349
523
-5409
-2585
-2552
-5832
-3332
-201
309
660
5152
-4963
-3825
-275
-3779
-25834
168
1936
-7496
-6154
-3664
-4410
-18721
408
1535
-150
1707
-6627
-5043
-4115
1815
-5719
-182
-826
-6904
-3550
280
-4878
-5013
-84
-765
1015
2009
-4884
-4669
-6443
-5693
-15141
448
-465
-4538
-6993
-7309
-5490
-15688
664
-243
-84
2356
-5212
-4953
-3709
2140
-4643
-182
-71
-6369
-2511
100
-3878
-4671
-128
-531
974
-3653
-2997
-3187
-4755
-4495
-18582
381
-1515
-4197
-6308
-6696
-4437
-15429
619
188
-260
2723
-4520
-5261
-5833
-757
-4629
-288
888
-6506
-2784
-3620
-5683
-7589
-121
692
584
-3171
-2718
-2926
-1485
-4570
-28824
309
-791
-4807
-7573
-3140
-5327
-19471
572
409
-482
1945
-4464
-5108
-6986
-3904
-5406
-352
1431
-5459
-3738
-5743
-6263
-7514
-221
1743
281
-1666
-4936
-4931
2362
-5446
-19377
475
-534
-5752
-7811
941
-5835
-14518
635
-174
-271
888
-2852
-1338
-2818
-2212
-3192
-238
520
-3349
-554
-2237
-4191
-4457
-144
723
71
-2517
-3919
-3391
280
-3243
-19608
211
-2046
-4950
-4119
-206
-3411
-17820
395
-2009
-11
435
-3757
-4018
-7
-2433
-3557
-21
277
-3343
-3040
-1658
-2718
-1783
-169
-759
10
1092
-3197
-2915
-28
-3454
-16702
-278
239
-2899
-1653
-1073
-2195
-20785
10
462
-326
307
-2366
-3627
-748
-1758
-3158
-318
571
-3671
-4656
-2452
-4397
-1881
-295
-93
296
1537
-3743
-3257
567
-2989
-18709
131
-41
-5611
-2983
-1612
-2927
-14156
455
106
-247
-1850
-3392
-5258
-3297
-2031
-3943
-325
-1022
-3880
-4931
-3562
-3731
-1102
-244
-182
636
2465
-4149
-3460
2337
-3766
-20737
270
-77
-5615
-3928
217
-2737
-20827
443
-700
-250
-5356
-4215
-4903
-3322
1204
-3658
-206
-3221
-5156
-5107
-1541
-3298
-802
-272
-766
946
2442
-2642
-2635
-1021
-3283
-25990
505
1116
-3927
-4696
-3672
-2710
-24269
515
953
-122
-2708
-5662
-5323
-5516
-621
-5744
-179
-1332
-4249
-2874
-2486
-1841
-2382
-241
-896
801
-1059
-3515
-3476
-1930
-5228
-15073
356
-61
-3808
-4320
-2347
-2373
-25784
569
548
-228
-832
-6426
-6187
-8377
-3574
-6955
-172
-759
-4776
-2886
-4887
-3485
-4896
-93
-1304
521
-1476
-4108
-4547
-157
-6677
-15876
312
-497
-4164
-5162
-734
-3514
-27705
579
-48
-444
-1948
-5143
-4945
-7527
-4464
-6250
-314
-1119
-5538
-4592
-6358
-5354
-3828
-114
-840
309
-1293
-5268
-5763
2848
-6052
-17901
374
-854
-5661
-5491
-731
-4837
-19650
655
-102
-234
-1235
-3035
-2576
-3379
-3428
-3917
-127
-717
-3551
-2759
-2792
-4153
-1638
-89
-508
29
-1382
-3212
-3378
734
-3842
-17687
64
-2257
-3683
-2324
-2484
-2821
-19325
295
-2478
-33
262
-5222
-4074
-1927
-4455
-5147
141
780
-4280
-1884
-2929
-3624
-3046
-93
409
-126
2069
-3851
-3672
-1360
-5146
-14414
-264
1481
-3752
-1926
-2542
-3569
-21492
163
1809
-307
-94
-4963
-4069
-3025
-5146
-4821
15
928
-4966
-3048
-4149
-4983
-3893
-201
203
0
37
-5595
-2697
1642
-4676
-18581
94
-472
-6183
-3204
353
-3461
-19763
341
-888
-455
-342
-3818
-4033
-3761
-3883
-3817
-340
337
-3970
-3225
-4383
-3844
-2684
-79
-88
310
-165
-3393
-2350
1695
-3699
-16244
247
-569
-4691
-3524
682
-1788
-16618
355
-830
-456
-1869
-3538
-2753
-4048
-2399
-3040
-332
-95
-5093
-3768
-3944
-4090
-176
-175
308
465
1376
-357
-2084
-617
-2861
-26472
347
847
-3168
-3667
-4443
-2563
-23409
387
662
-237
-1811
-5257
-909
-4641
-4041
-4333
-232
-274
-6594
-1230
-4978
-5152
-1725
-265
931
463
-308
-397
-2013
-4366
-4177
-20635
122
-859
-3169
-4704
-7250
-3672
-19504
180
-773
-60
-1560
-5838
428
-6818
-4799
-5536
-130
-831
-6461
1313
-5841
-5490
-4848
-101
182
300
-1029
-3056
-3510
-3596
-5482
-15672
18
-272
-4011
-5171
-6404
-3979
-18653
171
717
-56
-891
-3251
1579
-5292
-2691
-3344
-87
-907
-4802
1
-5372
-4738
-1604
-134
-646
91
11
-3018
-2347
-1313
-3133
-28172
45
-640
-5222
-2505
-6077
-3238
-25351
253
-580
-41
-1
-1986
-337
-4046
-2660
-2860
4
-1160
-3285
-1520
-4910
-4346
-792
-89
-1876
-121
-670
-1927
-1280
-786
-2710
-21519
-241
-1017
-4173
-871
-4656
-2811
-17258
70
-1449
-37
-695
-5826
-1182
-5287
-5084
-5802
51
-249
-6758
-490
-7003
-6246
-4008
-107
5
-198
1374
-3797
-6072
-903
-5648
-17831
-179
1642
-4932
-3849
-5486
-6121
-17756
199
1358
-184
-760
-7225
-2087
-4459
-6805
-6058
3
-6
-5896
-1204
-5343
-5156
-4096
-4
187
-178
-456
-5381
-4985
693
-5973
-18001
-81
-274
-4260
-2470
-2900
-3144
-26470
265
-112
-163
-665
-3228
-1168
-2136
-3237
-2530
-178
-733
-4035
-1097
-3396
-4150
-3232
-27
-519
153
-571
-1604
-1523
-506
-2482
-17411
-209
-936
-2210
-1787
-3772
-698
-14997
-15
-387
-228
-1675
-2831
-425
-3606
-2382
-2614
-187
-834
-3505
-253
-4872
-3291
-1869
-216
-328
150
765
-2086
-2378
-279
-2430
-21557
-39
-454
-3075
-1984
-4552
-2169
-21931
107
-707
-163
-1004
-3158
2179
-3696
-3322
-3511
-279
-501
-5892
1692
-8114
-6135
-3279
-226
160
99
-315
-1849
-3637
-4299
-3373
-19175
-285
-878
-4257
-4675
-8708
-3900
-11018
-26
-440
-162
-262
-2486
2614
-3780
-1577
-2964
-292
598
-5025
2947
-7991
-5017
-5186
-55
1756
33
-670
-2172
-3385
-4113
-2962
-20099
-193
-30
-4183
-4123
-7792
-2389
-11297
47
928
-84
-523
-388
2525
-3915
573
-2324
-204
399
-1267
1572
-6869
-2499
-4019
-11
978
-56
143
-3983
-2351
-3171
-2086
-21888
-32
3
-5949
-978
-5679
-1274
-16100
112
44
-94
-214
468
185
-2394
713
-1700
-86
6
367
-997
-3283
-1566
-1419
-165
-233
-105
-460
-2822
-1034
-2208
-1311
-20291
-135
-590
-4499
991
-4266
-1164
-18205
47
-1263
-163
-1173
-4269
-739
-3290
-1349
-3893
-203
-1491
-4304
-187
-4116
-3458
-3219
-163
-156
-101
654
-4809
-4481
-673
-3784
-16361
2
1041
-4441
-3380
-4406
-4335
-16826
238
673
-205
-829
-4042
-1679
-1861
-1116
-3483
-201
-1503
-3168
-805
-2347
-2062
-3869
-146
-484
-179
-948
-4455
-3008
-1382
-3396
-16041
-131
-839
-2702
-2108
-3971
-2060
-19823
210
-692
-55
-1148
-1680
-1583
-374
327
-1081
-158
-1518
-1510
-931
-2011
-1270
-3300
-201
-1073
51
-1883
-1598
-929
-474
-925
-17963
-346
-1790
-548
-24
-2866
341
-17543
-2
-1920
-107
-1116
-829
-1043
-2120
538
-1533
-258
-807
-413
-642
-4426
-1136
-3581
-253
-864
-31
-16
-2006
-1880
-696
-1325
-16383
-280
9
-1676
-689
-2610
-1313
-15419
29
320
-246
-1327
-909
-1448
-1845
1402
-1406
-440
-1351
-833
-1085
-4671
-932
-4019
-230
-2210
26
503
-597
-1844
-2246
-1232
-19475
-249
322
-255
-1688
-3433
-1030
-17714
96
675
-425
-1366
-2056
-1226
-2492
3000
-1405
-571
-1184
-2586
-420
-4553
167
-5534
-323
-2173
171
-595
-948
-1315
-2036
-1210
-15061
13
-299
-488
-2321
-2863
-317
-10345
291
-215
-413
-1184
-1262
-903
-2621
4283
-1929
-537
-600
-384
-25
-3910
1981
-4747
-263
-814
-21
-320
-4024
-1704
-2804
-1659
-17727
75
599
-3760
-1093
-2934
-245
-17924
250
397
-308
-1181
1570
-1250
-1082
2229
-1454
-450
-858
2602
-1302
-2552
55
-2820
-238
-942
-61
-369
-3815
-1750
-2814
-1241
-17644
-69
-517
-4344
-668
-3200
-920
-17691
213
-1110
0
0
0
0
0
0
0
0
0
0
0
-1359
-947
-1005
-409
-969
0
0
0
0
0
0
0
0
0
0
0
913
-1497
-664
-887
-15738
0
0
0
0
0
0
0
0
0
0
0
-1317
-387
-143
-869
-919
0
0
0
0
0
0
0
0
0
0
0
-416
-2063
288
-766
-16338
0
0
0
0
0
0
0
0
0
0
0
-1617
-153
-1103
-1246
-1229
0
0
0
0
0
0
0
0
0
0
0
-433
-2141
237
-1044
-16257
0
0
0
0
0
0
0
0
0
0
0
-1649
-380
-1590
-760
-1390
0
0
0
0
0
0
0
0
0
0
0
-557
-2200
27
-1174
-16392
0
0
0
0
0
0
0
0
0
0
0
-1459
-458
-1320
-383
-1140
0
0
0
0
0
0
0
0
0
0
0
-257
-1679
-414
-914
-16533
0
0
0
0
0
0
0
0
0
0
0
-873
-858
-541
-609
-1029
0
0
0
0
0
0
0
0
0
0
0
-617
-1286
-520
-825
-16965
0
0
0
0
0
0
0
0
0
0
0
-1385
-1665
-93
-1868
-1570
0
0
0
0
0
0
0
0
0
0
0
-587
-2286
-309
-1557
-13666
0
0
0
0
0
0
0
0
0
0
0
-1016
-1212
214
-1516
-1163
0
0
0
0
0
0
0
0
0
0
0
-251
-1151
-1279
-1095
-14156
0
0
0
0
0
0
0
0
0
0
0
-2052
-1810
-965
-337
-1770
0
0
0
0
0
0
0
0
0
0
0
955
-2054
-2468
-1747
-11319
0
0
0
0
0
0
0
0
0
0
0
-1875
-1517
612
-977
-1596
0
0
0
0
0
0
0
0
0
0
0
-834
-2144
-1383
-1548
-17618
0
0
0
0
0
0
0
0
0
0
0
-1790
-1591
216
-1088
-1319
0
0
0
0
0
0
0
0
0
0
0
232
-1062
-1516
-1134
-16987
0
0
0
0
0
0
0
0
0
0
0
-2241
-1357
-522
-418
-1336
0
0
0
0
0
0
0
0
0
0
0
219
-750
-1723
-1192
-17589
0
0
0
0
0
0
0
0
0
0
0
-2951
-1622
-1796
-502
-1718
0
0
0
0
0
0
0
0
0
0
0
113
-761
-1396
-1571
-16704
0
0
0
0
0
0
0
0
0
0
0
-2298
-1658
-1450
-1880
-1535
0
0
0
0
0
0
0
0
0
0
0
-116
-951
5
-1421
-15144
0
0
0
0
0
0
0
0
0
0
0
-2600
-2337
-231
-3268
-1893
0
0
0
0
0
0
0
0
0
0
0
-216
-1668
150
-1814
-15148
0
0
0
0
0
0
0
0
0
0
0
-1213
-1627
835
-2377
-1212
0
0
0
0
0
0
0
0
0
0
0
337
-517
-2058
-1161
-17943
0
0
0
0
0
0
0
0
0
0
0
-1936
-1684
-1544
227
-1677
0
0
0
0
0
0
0
0
0
0
0
319
-2410
-1244
-1555
-14817
0
0
0
0
0
0
0
0
0
0
0
-2526
-1565
-2283
-1180
-1831
0
0
0
0
0
0
0
0
0
0
0
-237
-2424
197
-1597
-19764
0
0
0
0
0
0
0
0
0
0
0
-3323
-2365
-1706
76
-2309
0
0
0
0
0
0
0
0
0
0
0
-303
-1095
-3352
-2178
-25265
0
0
0
0
0
0
0
0
0
0
0
-4453
-3591
-1634
2219
-3427
0
0
0
0
0
0
0
0
0
0
0
-2153
-1890
-6577
-3300
-25857
0
0
0
0
0
0
0
0
0
0
0
-4186
-3361
-3215
1525
-3002
0
0
0
0
0
0
0
0
0
0
0
-1781
-1381
-3597
-2874
-25944
0
0
0
0
0
0
0
0
0
0
0
-4417
-3091
-4570
-982
-3217
0
0
0
0
0
0
0
0
0
0
0
-1531
-1543
-985
-3225
-15780
0
0
0
0
0
0
0
0
0
0
0
-4388
-3243
-4743
-3354
-3359
0
0
0
0
0
0
0
0
0
0
0
-1503
-2259
1452
-3385
-13639
0
0
0
0
0
0
0
0
0
0
0
-2345
-2487
-2560
-2069
-2302
0
0
0
0
0
0
0
0
0
0
0
202
-1128
-1178
-2263
-15013
0
0
0
0
0
0
0
0
0
0
0
-2544
-2522
-2478
1484
-2259
0
0
0
0
0
0
0
0
0
0
0
-1403
-3226
-325
-2154
-14634
0
0
0
0
0
0
0
0
0
0
0
-3786
-2629
-2558
1112
-2635
0
0
0
0
0
0
0
0
0
0
0
-2059
-3727
91
-2502
-20090
0
0
0
0
0
0
0
0
0
0
0
-6632
-4314
-5331
5046
-4886
0
0
0
0
0
0
0
0
0
0
0
-5657
-4977
-3915
-4714
-19447
0
0
0
0
0
0
0
0
0
0
0
-13434
-11591
-12497
10288
-12705
0
0
0
0
0
0
0
0
0
0
0
-12102
-12877
-12935
-12602
18016
0
0
0
0
0
0
0
0
0
0
0
-9859
-9728
-10983
10621
-8896
0
0
0
0
0
0
0
0
0
0
0
-8116
-9155
-9584
-8974
481
0
0
0
0
0
0
0
0
0
0
0
-7113
-7217
-9440
5719
-6236
0
0
0
0
0
0
0
0
0
0
0
-5112
-6185
-3547
-6257
-20607
0
0
0
0
0
0
0
0
0
0
0
-6640
-5261
-8403
-42
-5473
0
0
0
0
0
0
0
0
0
0
0
-4806
-6538
2626
-5496
-15610
0
0
0
0
0
0
0
0
0
0
0
-4412
-2511
-4502
-35
-3386
0
0
0
0
0
0
0
0
0
0
0
-2571
-3527
-165
-3403
-15527
0
0
0
0
0
0
0
0
0
0
0
-3008
-3398
-2224
742
-3351
0
0
0
0
0
0
0
0
0
0
0
-2717
-4313
-1948
-3265
-15759
0
0
0
0
0
0
0
0
0
0
0
-4485
-3361
-1394
1335
-3417
0
0
0
0
0
0
0
0
0
0
0
-4095
-4831
-1503
-3608
-14467
0
0
0
0
0
0
0
0
0
0
0
-4680
-4082
-3875
2875
-3416
0
0
0
0
0
0
0
0
0
0
0
-4735
-2881
-1518
-3290
-23257
0
0
0
0
0
0
0
0
0
0
0
-7362
-7679
-8225
7091
-7537
0
0
0
0
0
0
0
0
0
0
0
-8020
-7171
-6928
-7325
-7937
0
0
0
0
0
0
0
0
0
0
0
-6186
-6421
-9176
5287
-6765
0
0
0
0
0
0
0
0
0
0
0
-6338
-5455
-6008
-6451
-12411
0
0
0
0
0
0
0
0
0
0
0
-6563
-6022
-9969
1988
-6606
0
0
0
0
0
0
0
0
0
0
0
-5045
-5554
-2180
-6319
-18522
0
0
0
0
0
0
0
0
0
0
0
-5774
-4339
-7723
392
-5137
0
0
0
0
0
0
0
0
0
0
0
-4775
-6330
2292
-4825
-21167
0
0
0
0
0
0
0
0
0
0
0
-4021
-2735
-4244
-138
-3097
0
0
0
0
0
0
0
0
0
0
0
-1893
-3251
320
-2927
-19180
0
0
0
0
0
0
0
0
0
0
0
-3221
-3635
-3029
-2541
-4356
0
0
0
0
0
0
0
0
0
0
0
-3040
-4416
-2045
-4407
-15763
0
0
0
0
0
0
0
0
0
0
0
-5234
-3527
-2037
-4218
-4640
0
0
0
0
0
0
0
0
0
0
0
-5229
-2512
-403
-4682
-15673
0
0
0
0
0
0
0
0
0
0
0
-4972
-3325
-3431
-2407
-3715
0
0
0
0
0
0
0
0
0
0
0
-3657
-499
-1001
-3718
-15171
0
0
0
0
0
0
0
0
0
0
0
-4113
-3429
-5295
-1260
-4735
0
0
0
0
0
0
0
0
0
0
0
-3349
-2097
-2991
-4589
-16572
0
0
0
0
0
0
0
0
0
0
0
-2872
-1189
-5679
-1217
-3753
0
0
0
0
0
0
0
0
0
0
0
-1770
-1201
-4535
-3604
-21655
0
0
0
0
0
0
0
0
0
0
0
-3676
-137
-5802
-1316
-3948
0
0
0
0
0
0
0
0
0
0
0
-3039
-2393
-3448
-3891
-20073
0
0
0
0
0
0
0
0
0
0
0
-2791
184
-5122
97
-3249
0
0
0
0
0
0
0
0
0
0
0
-3161
-2908
-1658
-3105
-25490
0
0
0
0
0
0
0
0
0
0
0
-2306
-846
-3598
-227
-2135
0
0
0
0
0
0
0
0
0
0
0
-750
-1660
-1322
-2115
-21024
0
0
0
0
0
0
0
0
0
0
0
-3381
-1795
-3792
-2883
-4097
0
0
0
0
0
0
0
0
0
0
0
-1605
-5705
-1133
-4144
-19916
0
0
0
0
0
0
0
0
0
0
0
-4976
-1194
-2023
-4353
-4437
0
0
0
0
0
0
0
0
0
0
0
-4207
-3326
-1082
-4470
-21099
0
0
0
0
0
0
0
0
0
0
0
-3751
-1315
-2199
-1210
-2559
0
0
0
0
0
0
0
0
0
0
0
-1731
-573
-2461
-2583
-15241
0
0
0
0
0
0
0
0
0
0
0
-3175
-1162
-3795
-1239
-3047
0
0
0
0
0
0
0
0
0
0
0
-2226
-1999
-1287
-2952
-16437
0
0
0
0
0
0
0
0
0
0
0
-1784
1174
-2907
-390
-1918
0
0
0
0
0
0
0
0
0
0
0
-801
-2214
-2717
-1829
-21310
0
0
0
0
0
0
0
0
0
0
0
-1896
966
-2827
495
-1942
0
0
0
0
0
0
0
0
0
0
0
-1389
-2432
-3027
-1988
-19862
0
0
0
0
0
0
0
0
0
0
0
-2118
1462
-2779
733
-1967
0
0
0
0
0
0
0
0
0
0
0
-2354
-2069
-2383
-1985
-19177
0
0
0
0
0
0
0
0
0
0
0
-1848
-319
-2260
937
-2073
0
0
0
0
0
0
0
0
0
0
0
-1405
-1831
-2959
-2130
-15203
0
0
0
0
0
0
0
0
0
0
0
-3709
-1935
-2797
-1058
-3751
0
0
0
0
0
0
0
0
0
0
0
-3389
-4948
-517
-3748
-13204
0
0
0
0
0
0
0
0
0
0
0
-3050
-1082
-1177
-862
-2715
0
0
0
0
0
0
0
0
0
0
0
-3462
-2565
-815
-2618
-18158
0
0
0
0
0
0
0
0
0
0
0
-2058
-1649
-801
310
-1570
0
0
0
0
0
0
0
0
0
0
0
-2040
-660
-1383
-1497
-14603
0
0
0
0
0
0
0
0
0
0
0
-540
-446
-1038
351
-652
0
0
0
0
0
0
0
0
0
0
0
-844
-1315
-653
-656
-17932
0
0
0
0
0
0
0
0
0
0
0
-860
-1175
-1699
1387
-1014
0
0
0
0
0
0
0
0
0
0
0
-430
-1795
-2047
-1106
-19344
0
0
0
0
0
0
0
0
0
0
0
-1205
-1662
-1909
1428
-1269
0
0
0
0
0
0
0
0
0
0
0
-1170
-1474
-2253
-1351
-14873
0
0
0
0
0
0
0
0
0
0
0
-1664
-775
-1446
1567
-1303
0
0
0
0
0
0
0
0
0
0
0
-2310
-1140
-2451
-1305
-19746
0
0
0
0
0
0
0
0
0
0
0
-1284
-826
-655
356
-1434
0
0
0
0
0
0
0
0
0
0
0
-1161
-1221
-2786
-1320
-15254
0
0
0
0
0
0
0
0
0
0
0
0
0
0
0
0
0
0
0
0
0
0
0
0
0
0
0
0
0
0
0
0
0
0
0
0
0
0
0
0
0
0
0
0
0
0
0
0
0
0
0
0
0
0
0
0
0
0
0
0
0
0
0
0
0
0
0
0
0
0
0
0
0
0
0
0
0
0
0
0
0
0
0
0
0
0
0
0
0
0
0
0
0
0
0
0
0
0
0
0
0
0
0
0
0
0
0
0
0
0
0
0
0
0
0
0
0
0
0
0
0
0
0
0
0
0
0
0
0
0
0
0
0
0
0
0
0
0
0
0
0
0
0
0
0
0
0
0
0
0
0
0
0
0
0
0
0
0
0
0
0
0
0
0
0
0
0
0
0
0
0
0
0
0
0
0
0
0
0
0
0
0
0
0
0
0
0
0
0
0
0
0
0
0
0
0
0
0
0
0
0
0
0
0
0
0
0
0
0
0
0
0
0
0
0
0
0
0
0
0
0
0
0
0
0
0
0
0
0
0
0
0
0
0
0
0
0
0
0
0
0
0
0
0
0
0
0
0
0
0
0
0
0
0
0
0
0
0
0
0
0
0
0
0
0
0
0
0
0
0
0
0
0
0
0
0
0
0
0
0
0
0
0
0
0
0
0
0
0
0
0
0
0
0
0
0
0
0
0
0
0
0
0
0
0
0
0
0
0
0
0
0
0
0
0
0
0
0
0
0
0
0
0
0
0
0
0
0
0
0
0
0
0
0
0
0
0
0
0
0
0
0
0
0
0
0
0
0
0
0
0
0
0
0
0
0
0
0
0
0
0
0
0
0
0
0
0
0
0
0
0
0
0
0
0
0
0
0
0
0
0
0
0
0
0
0
0
0
0
0
0
0
0
0
0
0
0
0
0
0
0
0
0
0
0
0
0
0
0
0
0
0
0
0
0
0
0
0
0
0
0
0
0
0
0
0
0
0
0
0
0
0
0
0
0
0
0
0
0
0
0
0
0
0
0
0
0
0
0
0
0
0
0
0
0
0
0
0
0
0
0
0
0
0
0
0
0
0
0
0
0
0
0
0
0
0
0
0
0
0
0
0
0
0
0
0
0
0
0
0
0
0
0
0
0
0
0
0
0
0
0
0
0
0
0
0
0
0
0
0
0
0
0
0
0
0
0
0
0
0
0
0
0
0
0
0
0
0
0
0
0
0
0
0
0
0
0
0
0
0
0
0
0
0
0
0
0
0
0
0
0
0
0
0
0
0
0
0
0
0
0
0
0
0
0
0
0
0
0
0
0
0
0
0
0
0
0
0
0
0
0
0
0
0
0
0
0
0
0
0
0
0
0
0
0
0
0
0
0
0
0
0
0
0
0
0
0
0
0
0
0
0
0
0
0
0
0
0
0
0
0
0
0
0
0
0
0
0
0
0
0
0
0
0
0
0
0
0
0
0
0
0
0
0
0
0
0
0
0
0
0
0
0
0
0
0
0
0
0
0
0
0
0
0
0
0
0
0
0
0
0
0
0
0
0
0
0
0
0
0
0
0
0
0
0
0
0
0
0
0
0
0
0
0
0
0
0
0
0
0
0
0
0
0
0
0
0
0
0
0
0
0
0
0
0
0
0
0
0
0
0
0
0
0
0
0
0
0
0
0
0
0
0
0
0
0
0
0
0
0
0
0
0
0
0
0
0
0
0
0
0
0
0
0
0
0
0
0
0
0
0
0
0
0
0
0
0
0
0
0
0
0
0
0
0
0
0
0
0
0
0
0
0
0
0
0
0
0
0
0
0
0
0
0
0
0
0
0
0
0
0
0
0
0
0
0
0
0
0
0
0
0
0
0
0
0
0
0
0
0
0
0
0
0
0
0
0
0
0
0
0
0
0
0
0
0
0
0
0
0
0
0
0
0
0
0
0
0
0
0
0
0
0
0
0
0
0
0
0
0
0
0
0
0
0
0
0
0
0
0
0
0
0
0
0
0
0
0
0
0
0
0
0
0
0
0
0
0
0
0
0
0
0
0
0
0
0
0
0
0
0
0
0
0
0
0
0
0
0
0
0
0
0
0
0
0
0
0
0
0
0
0
0
0
0
0
0
0
0
0
0
0
0
0
0
0
0
0
0
0
0
0
0
0
0
0
0
0
0
0
0
0
0
0
0
0
0
0
0
0
0
0
0
0
0
0
0
0
0
0
0
0
0
0
0
0
0
0
0
0
0
0
0
0
0
0
0
0
0
0
0
0
0
0
0
0
0
0
0
0
0
0
0
0
0
0
0
0
0
0
0
0
0
0
0
0
0
0
0
0
0
0
0
0
0
0
0
0
0
0
0
0
0
0
0
0
0
0
0
0
0
0
0
0
0
0
0
0
0
0
0
0
0
0
0
0
0
0
0
0
0
0
0
0
0
0
0
0
0
0
0
0
0
0
0
0
0
0
0
0
0
0
0
0
0
0
0
0
0
0
0
0
0
0
0
0
0
0
0
0
0
0
0
0
0
0
0
0
0
0
0
0
0
0
0
0
0
0
0
0
0
0
0
0
0
0
0
0
0
0
0
0
0
0
0
0
0
0
0
0
0
0
0
0
0
0
0
0
0
0
0
0
0
0
0
0
0
0
0
0
0
0
0
0
0
0
0
0
0
0
0
0
0
0
0
0
0
0
0
0
0
0
0
0
0
0
0
0
0
0
0
0
0
0
0
0
0
0
0
0
0
0
0
0
0
0
0
0
0
0
0
0
0
0
0
0
0
0
0
0
0
0
0
0
0
0
0
0
0
0
0
0
0
0
0
0
0
0
0
0
0
0
0
0
0
0
0
0
0
0
0
0
0
0
0
0
0
0
0
0
0
0
0
0
0
0
0
0
0
0
0
0
0
0
0
0
0
0
0
0
0
0
0
0
0
0
0
0
0
0
0
0
0
0
0
0
0
0
0
0
0
0
0
0
0
0
0
0
0
0
0
0
0
0
0
0
0
0
0
0
0
0
0
0
0
0
0
0
0
0
0
0
0
0
0
0
0
0
0
0
0
0
0
0
0
0
0
0
0
0
0
0
0
0
0
0
0
0
0
0
0
0
0
0
0
0
0
0
0
0
0
0
0
0
0
0
0
0
0
0
0
0
0
0
0
0
0
0
0
0
0
0
0
0
0
0
0
0
0
0
0
0
0
0
0
0
0
0
0
0
0
0
0
0
0
0
0
0
0
0
0
0
0
0
0
0
0
0
0
0
0
0
0
0
0
0
0
0
0
0
0
0
0
0
0
0
0
0
0
0
0
0
0
0
0
0
0
0
0
0
0
0
0
0
0
0
0
0
0
0
0
0
0
0
0
0
0
0
0
0
0
0
0
0
0
0
0
0
0
0
0
0
0
0
0
0
0
0
0
0
0
0
0
0
0
0
0
0
0
0
0
0
0
0
0
0
0
0
0
0
0
0
0
0
0
0
0
0
0
0
0
0
0
0
0
0
0
0
0
0
0
0
0
0
0
0
0
0
0
0
0
0
0
0
0
0
0
0
0
0
0
0
0
0
0
0
0
0
0
0
0
0
0
0
0
0
0
0
0
0
0
0
0
0
0
0
0
0
0
0
0
0
0
0
0
0
0
0
0
0
0
0
0
0
0
0
0
0
0
0
0
0
0
0
0
0
0
0
0
0
0
0
0
0
0
0
0
0
0
0
0
0
0
0
0
0
0
0
0
0
0
0
0
0
0
0
0
0
0
0
0
0
0
0
0
0
0
0
0
0
0
0
0
0
0
0
0
0
0
0
0
0
0
0
0
0
0
0
0
0
0
0
0
0
0
0
0
0
0
0
0
0
0
0
0
0
0
0
0
0
0
0
0
0
0
0
0
0
0
0
0
0
0
0
0
0
0
0
0
0
0
0
0
0
0
0
0
0
0
0
0
0
0
0
0
0
0
0
0
0
0
0
0
0
0
0
0
0
0
0
0
0
0
0
0
0
0
0
0
0
0
0
0
0
0
0
0
0
0
0
0
0
0
0
0
0
0
0
0
0
0
0
0
0
0
0
0
0
0
0
0
0
0
0
0
0
0
0
0
0
0
0
0
0
0
0
0
0
0
0
0
0
0
0
0
0
0
0
0
0
0
0
0
0
0
0
0
0
0
0
0
0
0
0
0
0
0
0
0
0
0
0
0
0
0
0
0
0
0
0
0
0
0
0
0
0
0
0
0
0
0
0
0
0
0
0
0
0
0
0
0
0
0
0
0
0
0
0
0
0
0
0
0
0
0
0
0
0
0
0
0
0
0
0
0
0
0
0
0
0
0
0
0
0
0
0
0
0
0
0
0
0
0
0
0
0
0
0
0
0
0
0
0
0
0
0
0
0
0
0
0
0
0
0
0
0
0
0
0
0
0
0
0
0
0
0
0
0
0
0
0
0
0
0
0
0
0
0
0
0
0
0
0
0
0
0
0
0
0
0
0
0
0
0
0
0
0
0
0
0
0
0
0
0
0
0
0
0
0
0
0
0
0
0
0
0
0
0
0
0
0
0
0
0
0
0
0
0
0
0
0
0
0
0
0
0
0
0
0
0
0
0
0
0
0
0
0
0
0
0
0
0
0
0
0
0
0
0
0
0
0
0
0
0
0
0
0
0
0
0
0
0
0
0
0
0
0
0
0
0
0
0
0
0
0
0
0
0
0
0
0
0
0
0
0
0
0
0
0
0
0
0
0
0
0
0
0
0
0
0
0
0
0
0
0
0
0
0
0
0
0
0
0
0
0
0
0
0
0
0
0
0
0
0
0
0
0
0
0
0
0
0
0
0
0
0
0
0
0
0
0
0
0
0
0
0
0
0
0
0
0
0
0
0
0
0
0
0
0
0
0
0
0
0
0
0
0
0
0
0
0
0
0
0
0
0
0
0
0
0
0
0
0
0
0
0
0
0
0
0
0
0
0
0
0
0
0
0
0
0
0
0
0
0
0
0
0
0
0
0
0
0
0
0
0
0
0
0
0
0
0
0
0
0
0
0
0
0
0
0
0
0
0
0
0
0
0
0
0
0
0
0
0
0
0
0
0
0
0
0
0
0
0
0
0
0
0
0
0
0
0
0
0
0
0
0
0
0
0
0
0
0
0
0
0
0
0
0
0
0
0
0
0
0
0
0
0
0
0
0
0
0
0
0
0
0
0
0
0
0
0
0
0
0
0
0
0
0
0
0
0
0
0
0
0
0
0
0
0
0
0
0
0
0
0
0
0
0
0
0
0
0
0
0
0
0
0
0
0
0
0
0
0
0
0
0
0
0
0
0
0
0
0
0
0
0
0
0
0
0
0
0
0
0
0
0
0
0
0
0
0
0
0
0
0
0
0
0
0
0
0
0
0
0
0
0
0
0
0
0
0
0
0
0
0
0
0
0
0
0
0
0
0
0
0
0
0
0
0
0
0
0
0
0
0
0
0
0
0
0
0
0
0
0
0
0
0
0
0
0
0
0
0
0
0
0
0
0
0
0
0
0
0
0
0
0
0
0
0
0
0
0
0
0
0
0
0
0
0
0
0
0
0
0
0
0
0
0
0
0
0
0
0
0
0
0
0
0
0
0
0
0
0
0
0
0
0
0
0
0
0
0
0
0
0
0
0
0
0
0
0
0
0
0
0
0
0
0
0
0
0
0
0
0
0
0
0
0
0
0
0
0
0
0
0
0
0
0
0
0
0
0
0
0
0
0
0
0
0
0
0
0
0
0
0
0
0
0
0
0
0
0
0
0
0
0
0
0
0
0
0
0
0
0
0
0
0
0
0
0
0
0
0
0
0
0
0
0
0
0
0
0
0
0
0
0
0
0
0
0
0
0
0
0
0
0
0
0
0
0
0
0
0
0
0
0
0
0
0
0
0
0
0
0
0
0
0
0
0
0
0
0
0
0
0
0
0
0
0
0
0
0
0
0
0
0
0
0
0
0
0
0
0
0
0
0
0
0
0
0
0
0
0
0
0
0
0
0
0
0
0
0
0
0
0
0
0
0
0
0
0
0
0
0
0
0
0
0
0
0
0
0
0
0
0
0
0
0
0
0
0
0
0
0
0
0
0
0
0
0
0
0
0
0
0
0
0
0
0
0
0
0
0
0
0
0
0
0
0
0
0
0
0
0
0
0
0
0
0
0
0
0
0
0
0
0
0
0
0
0
0
0
0
0
0
0
0
0
0
0
0
0
0
0
0
0
0
0
0
0
0
0
0
0
0
0
0
0
0
0
0
0
0
0
0
0
0
0
0
0
0
0
0
0
0
0
0
0
0
0
0
0
0
0
0
0
0
0
0
0
0
0
0
0
0
0
0
0
0
0
0
0
0
0
0
0
0
0
0
0
0
0
0
0
0
0
0
0
0
0
0
0
0
0
0
0
0
0
0
0
0
0
0
0
0
0
0
0
0
0
0
0
0
0
0
0
0
0
0
0
0
0
0
0
0
0
0
0
0
0
0
0
0
0
0
0
0
0
0
0
0
0
0
0
0
0
0
0
0
0
0
0
0
0
0
0
0
0
0
0
0
0
0
0
0
0
0
0
0
0
0
0
0
0
0
0
0
0
0
0
0
0
0
0
0
0
0
0
0
0
0
0
0
0
0
0
0
0
0
0
0
0
0
0
0
0
0
0
0
0
0
0
0
0
0
0
0
0
0
0
0
0
0
0
0
0
0
0
0
0
0
0
0
0
0
0
0
0
0
0
0
0
0
0
0
0
0
0
0
0
0
0
0
0
0
0
0
0
0
0
0
0
0
0
0
0
0
0
0
0
0
0
0
0
0
0
0
0
0
0
0
0
0
0
0
0
0
0
0
0
0
0
0
0
0
0
0
0
0
0
0
0
0
0
0
0
0
0
0
0
0
0
0
0
0
0
0
0
0
0
0
0
0
0
0
0
0
0
0
0
0
0
0
0
0
0
0
0
0
0
0
0
0
0
0
0
0
0
0
0
0
0
0
0
0
0
0
0
0
0
0
0
0
0
0
0
0
0
0
0
0
0
0
0
0
0
0
0
0
0
0
0
0
0
0
0
0
0
0
0
0
0
0
0
0
0
0
0
0
0
0
0
0
0
0
0
0
0
0
0
0
0
0
0
0
0
0
0
0
0
0
0
0
0
0
0
0
0
0
0
0
0
0
0
0
0
0
0
0
0
0
0
0
0
0
0
0
0
0
0
0
0
0
0
0
0
0
0
0
0
0
0
0
0
0
0
0
0
0
0
0
0
0
0
0
0
0
0
0
0
0
0
0
0
0
0
0
0
0
0
0
0
0
0
0
0
0
0
0
0
0
0
0
0
0
0
0
0
0
0
0
0
0
0
0
0
0
0
0
0
0
0
0
0
0
0
0
0
0
0
0
0
0
0
0
0
0
0
0
0
0
0
0
0
0
0
0
0
0
0
0
0
0
0
0
0
0
0
0
0
0
0
0
0
0
0
0
0
0
0
0
0
0
0
0
0
0
0
0
0
0
0
0
0
0
0
0
0
0
0
0
0
0
0
0
0
0
0
0
0
0
0
0
0
0
0
0
0
0
0
0
0
0
0
0
0
0
0
0
0
0
0
0
0
0
0
0
0
0
0
0
0
0
0
0
0
0
0
0
0
0
0
0
0
0
0
0
0
0
0
0
0
0
0
0
0
0
0
0
0
0
0
0
0
0
0
0
0
0
0
0
0
0
0
0
0
0
0
0
0
0
0
0
0
0
0
0
0
0
0
0
0
0
0
0
0
0
0
0
0
0
0
0
0
0
0
0
0
0
0
0
0
0
0
0
0
0
0
0
0
0
0
0
0
0
0
0
0
0
0
0
0
0
0
0
0
0
0
0
0
0
0
0
0
0
0
0
0
0
0
0
0
0
0
0
0
0
0
0
0
0
0
0
0
0
0
0
0
0
0
0
0
0
0
0
0
0
0
0
0
0
0
0
0
0
0
0
0
0
0
0
0
0
0
0
0
0
0
0
0
0
0
0
0
0
0
0
0
0
0
0
0
0
0
0
0
0
0
0
0
0
0
0
0
0
0
0
0
0
0
0
0
0
0
0
0
0
0
0
0
0
0
0
0
0
0
0
0
0
0
0
0
0
0
0
0
0
0
0
0
0
0
0
0
0
0
0
0
0
0
0
0
0
0
0
0
0
0
0
0
0
0
0
0
0
0
0
0
0
0
0
0
0
0
0
0
0
0
0
0
0
0
0
0
0
0
0
0
0
0
0
0
0
0
0
0
0
0
0
0
0
0
0
0
0
0
0
0
0
0
0
0
0
0
0
0
0
0
0
0
0
0
0
0
0
0
0
0
0
0
0
0
0
0
0
0
0
0
0
0
0
0
0
0
0
0
0
0
0
0
0
0
0
0
0
0
0
0
0
0
0
0
0
0
0
0
0
0
0
0
0
0
0
0
0
0
0
0
0
0
0
0
0
0
0
0
0
0
0
0
0
0
0
0
0
0
0
0
0
0
0
0
0
0
0
0
0
0
0
0
0
0
0
0
0
0
0
0
0
0
0
0
0
0
0
0
0
0
0
0
0
0
0
0
0
0
0
0
0
0
0
0
0
0
0
0
0
0
0
0
0
0
0
0
0
0
0
0
0
0
0
0
0
0
0
0
0
0
0
0
0
0
0
0
0
0
0
0
0
0
0
0
0
0
0
0
0
0
0
0
0
0
0
0
0
0
0
0
0
0
0
0
0
0
0
0
0
0
0
0
0
0
0
0
0
0
0
0
0
0
0
0
0
0
0
0
0
0
0
0
0
0
0
0
0
0
0
0
0
0
0
0
0
0
0
0
0
0
0
0
0
0
0
0
0
0
0
0
0
0
0
0
0
0
0
0
0
0
0
0
0
0
0
0
0
0
0
0
0
0
0
0
0
0
0
0
0
0
0
0
0
0
0
0
0
0
0
0
0
0
0
0
0
0
0
0
0
0
0
0
0
0
0
0
0
0
0
0
0
0
0
0
0
0
0
0
0
0
0
0
0
0
0
0
0
0
0
0
0
0
0
0
0
0
0
0
0
0
0
0
0
0
0
0
0
0
0
0
0
0
0
0
0
0
0
0
0
0
0
0
0
0
0
0
0
0
0
0
0
0
0
0
0
0
0
0
0
0
0
0
0
0
0
0
0
0
0
0
0
0
0
0
0
0
0
0
0
0
0
0
0
0
0
0
0
0
0
0
0
0
0
0
0
0
0
0
0
0
0
0
0
0
0
0
0
0
0
0
0
0
0
0
0
0
0
0
0
0
0
0
0
0
0
0
0
0
0
0
0
0
0
0
0
0
0
0
0
0
0
0
0
0
0
0
0
0
0
0
0
0
0
0
0
0
0
0
0
0
0
0
0
0
0
0
0
0
0
0
0
0
0
0
0
0
0
0
0
0
0
0
0
0
0
0
0
0
0
0
0
0
0
0
0
0
0
0
0
0
0
0
0
0
0
0
0
0
0
0
0
0
0
0
0
0
0
0
0
0
0
0
0
0
0
0
0
0
0
0
0
0
0
0
0
0
0
0
0
0
0
0
0
0
0
0
0
0
0
0
0
0
0
0
0
0
0
0
0
0
0
0
0
0
0
0
0
0
0
0
0
0
0
0
0
0
0
0
0
0
0
0
0
0
0
0
0
0
0
0
0
0
0
0
0
0
0
0
0
0
0
0
0
0
0
0
0
0
0
0
0
0
0
0
0
0
0
0
0
0
0
0
0
0
0
0
0
0
0
0
0
0
0
0
0
0
0
0
0
0
0
0
0
0
0
0
0
0
0
0
0
0
0
0
0
0
0
0
0
0
0
0
0
0
0
0
0
0
0
0
0
0
0
0
0
0
0
0
0
0
0
0
0
0
0
0
0
0
0
0
0
0
0
0
0
0
0
0
0
0
0
0
0
0
0
0
0
0
0
0
0
0
0
0
0
0
0
0
0
0
0
0
0
0
0
0
0
0
0
0
0
0
0
0
0
0
0
0
0
0
0
0
0
0
0
0
0
0
0
0
0
0
0
0
0
0
0
0
0
0
0
0
0
0
0
0
0
0
0
0
0
0
0
0
0
0
0
0
0
0
0
0
0
0
0
0
0
0
0
0
0
0
0
0
0
0
0
0
0
0
0
0
0
0
0
0
0
0
0
0
0
0
0
0
0
0
0
0
0
0
0
0
0
0
0
0
0
0
0
0
0
0
0
0
0
0
0
0
0
0
0
0
0
0
0
0
0
0
0
0
0
0
0
0
0
0
0
0
0
0
0
0
0
0
0
0
0
0
0
0
0
0
0
0
0
0
0
0
0
0
0
0
0
0
0
0
0
0
0
0
0
0
0
0
0
0
0
0
0
0
0
0
0
0
0
0
0
0
0
0
0
0
0
0
0
0
0
0
0
0
0
0
0
0
0
0
0
0
0
0
0
0
0
0
0
0
0
0
0
0
0
0
0
0
0
0
0
0
0
0
0
0
0
0
0
0
0
0
0
0
0
0
0
0
0
0
0
0
0
0
0
0
0
0
0
0
0
0
0
0
0
0
0
0
0
0
0
0
0
0
0
0
0
0
0
0
0
0
0
0
0
0
0
0
0
0
0
0
0
0
0
0
0
0
0
0
0
0
0
0
0
0
0
0
0
0
0
0
0
0
0
0
0
0
0
0
0
0
0
0
0
0
0
0
0
0
0
0
0
0
0
0
0
0
0
0
0
0
0
0
0
0
0
0
0
0
0
0
0
0
0
0
0
0
0
0
0
0
0
0
0
0
0
0
0
0
0
0
0
0
0
0
0
0
0
0
0
0
0
0
0
0
0
0
0
0
0
0
0
0
0
0
0
0
0
0
0
0
0
0
0
0
0
0
0
0
0
0
0
0
0
0
0
0
0
0
0
0
0
0
0
0
0
0
0
0
0
0
0
0
0
0
0
0
0
0
0
0
0
0
0
0
0
0
0
0
0
0
0
0
0
0
0
0
0
0
0
0
0
0
0
0
0
0
0
0
0
0
0
0
0
0
0
0
0
0
0
0
0
0
0
0
0
0
0
0
0
0
0
0
0
0
0
0
0
0
0
0
0
0
0
0
0
0
0
0
0
0
0
0
0
0
0
0
0
0
0
0
0
0
0
0
0
0
0
0
0
0
0
0
0
0
0
0
0
0
0
0
0
0
0
0
0
0
0
0
0
0
0
0
0
0
0
0
0
0
0
0
0
0
0
0
0
0
0
0
0
0
0
0
0
0
0
0
0
0
0
0
0
0
0
0
0
0
0
0
0
0
0
0
0
0
0
0
0
0
0
0
0
0
0
0
0
0
0
0
0
0
0
0
0
0
0
0
0
0
0
0
0
0
0
0
0
0
0
0
0
0
0
0
0
0
0
0
0
0
0
0
0
0
0
0
0
0
0
0
0
0
0
0
0
0
0
0
0
0
0
0
0
0
0
0
0
0
0
0
0
0
0
0
0
0
0
0
0
0
0
0
0
0
0
0
0
0
0
0
0
0
0
0
0
0
0
0
0
0
0
0
0
0
0
0
0
0
0
0
0
0
0
0
0
0
0
0
0
0
0
0
0
0
0
0
0
0
0
0
0
0
0
0
0
0
0
0
0
0
0
0
0
0
0
0
0
0
0
0
0
0
0
0
0
0
0
0
0
0
0
0
0
0
0
0
0
0
0
0
0
0
0
0
0
0
0
0
0
0
0
0
0
0
0
0
0
0
0
0
0
0
0
0
0
0
0
0
0
0
0
0
0
0
0
0
0
0
0
0
0
0
0
0
0
0
0
0
0
0
0
0
0
0
0
0
0
0
0
0
0
0
0
0
0
0
0
0
0
0
0
0
0
0
0
0
0
0
0
0
0
0
0
0
0
0
0
0
0
0
0
0
0
0
0
0
0
0
0
0
0
0
0
0
0
0
0
0
0
0
0
0
0
0
0
0
0
0
0
0
0
0
0
0
0
0
0
0
0
0
0
0
0
0
0
0
0
0
0
0
0
0
0
0
0
0
0
0
0
0
0
0
0
0
0
0
0
0
0
0
0
0
0
0
0
0
0
0
0
0
0
0
0
0
0
0
0
0
0
0
0
0
0
0
0
0
0
0
0
0
0
0
0
0
0
0
0
0
0
0
0
0
0
0
0
0
0
0
0
0
0
0
0
0
0
0
0
0
0
0
0
0
0
0
0
0
0
0
0
0
0
0
0
0
0
0
0
0
0
0
0
0
0
0
0
0
0
0
0
0
0
0
0
0
0
0
0
0
0
0
0
0
0
0
0
0
0
0
0
0
0
0
0
0
0
0
0
0
0
0
0
0
0
0
0
0
0
0
0
0
0
0
0
0
0
0
0
0
0
0
0
0
0
0
0
0
0
0
0
0
0
0
0
0
0
0
0
0
0
0
0
0
0
0
0
0
0
0
0
0
0
0
0
0
0
0
0
0
0
0
0
0
0
0
0
0
0
0
0
0
0
0
0
0
0
0
0
0
0
0
0
0
0
0
0
0
0
0
0
0
0
0
0
0
0
0
0
0
0
0
0
0
0
0
0
0
0
0
0
0
0
0
0
0
0
0
0
0
0
0
0
0
0
0
0
0
0
0
0
0
0
0
0
0
0
0
0
0
0
0
0
0
0
0
0
0
0
0
0
0
0
0
0
0
0
0
0
0
0
0
0
0
0
0
0
0
0
0
0
0
0
0
0
0
0
0
0
0
0
0
0
0
0
0
0
0
0
0
0
0
0
0
0
0
0
0
0
0
0
0
0
0
0
0
0
0
0
0
0
0
0
0
0
0
0
0
0
0
0
0
0
0
0
0
0
0
0
0
0
0
0
0
0
0
0
0
0
0
0
0
0
0
0
0
0
0
0
0
0
0
0
0
0
0
0
0
0
0
0
0
0
0
0
0
0
0
0
0
0
0
0
0
0
0
0
0
0
0
0
0
0
0
0
0
0
0
0
0
0
0
0
0
0
0
0
0
0
0
0
0
0
0
0
0
0
0
0
0
0
0
0
0
0
0
0
0
0
0
0
0
0
0
0
0
0
0
0
0
0
0
0
0
0
0
0
0
0
0
0
0
0
0
0
0
0
0
0
0
0
0
0
0
0
0
0
0
0
0
0
0
0
0
0
0
0
0
0
0
0
0
0
0
0
0
0
0
0
0
0
0
0
0
0
0
0
0
0
0
0
0
0
0
0
0
0
0
0
0
0
0
0
0
0
0
0
0
0
0
0
0
0
0
0
0
0
0
0
0
0
0
0
0
0
0
0
0
0
0
0
0
0
0
0
0
0
0
0
0
0
0
0
0
0
0
0
0
0
0
0
0
0
0
0
0
0
0
0
0
0
0
0
0
0
0
0
0
0
0
0
0
0
0
0
0
0
0
0
0
0
0
0
0
0
0
0
0
0
0
0
0
0
0
0
0
0
0
0
0
0
0
0
0
0
0
0
0
0
0
0
0
0
0
0
0
0
0
0
0
0
0
0
0
0
0
0
0
0
0
0
0
0
0
0
0
0
0
0
0
0
0
0
0
0
0
0
0
0
0
0
0
0
0
0
0
0
0
0
0
0
0
0
0
0
0
0
0
0
0
0
0
0
0
0
0
0
0
0
0
0
0
0
0
0
0
0
0
0
0
0
0
0
0
0
0
0
0
0
0
0
0
0
0
0
0
0
0
0
0
0
0
0
0
0
0
0
0
0
0
0
0
0
0
0
0
0
0
0
0
0
0
0
0
0
0
0
0
0
0
0
0
0
0
0
0
0
0
0
0
0
0
0
0
0
0
0
0
0
0
0
0
0
0
0
0
0
0
0
0
0
0
0
0
0
0
0
0
0
0
0
0
0
0
0
0
0
0
0
0
0
0
0
0
0
0
0
0
0
0
0
0
0
0
0
0
0
0
0
0
0
0
0
0
0
0
0
0
0
0
0
0
0
0
0
0
0
0
0
0
0
0
0
0
0
0
0
0
0
0
0
0
0
0
0
0
0
0
0
0
0
0
0
0
0
0
0
0
0
0
0
0
0
0
0
0
0
0
0
0
0
0
0
0
0
0
0
0
0
0
0
0
0
0
0
0
0
0
0
0
0
0
0
0
0
0
0
0
0
0
0
0
0
0
0
0
0
0
0
0
0
0
0
0
0
0
0
0
0
0
0
0
0
0
0
0
0
0
0
0
0
0
0
0
0
0
0
0
0
0
0
0
0
0
0
0
0
0
0
0
0
0
0
0
0
0
0
0
0
0
0
0
0
0
0
0
0
0
0
0
0
0
0
0
0
0
0
0
0
0
0
0
0
0
0
0
0
0
0
0
0
0
0
0
0
0
0
0
0
0
0
0
0
0
0
0
0
0
0
0
0
0
0
0
0
0
0
0
0
0
0
0
0
0
0
0
0
0
0
0
0
0
0
0
0
0
0
0
0
0
0
0
0
0
0
0
0
0
0
0
0
0
0
0
0
0
0
0
0
0
0
0
0
0
0
0
0
0
0
0
0
0
0
0
0
0
0
0
0
0
0
0
0
0
0
0
0
0
0
0
0
0
0
0
0
0
0
0
0
0
0
0
0
0
0
0
0
0
0
0
0
0
0
0
0
0
0
0
0
0
0
0
0
0
0
0
0
0
0
0
0
0
0
0
0
0
0
0
0
0
0
0
0
0
0
0
0
0
0
0
0
0
0
0
0
0
0
0
0
0
0
0
0
0
0
0
0
0
0
0
0
0
0
0
0
0
0
0
0
0
0
0
0
0
0
0
0
0
0
0
0
0
0
0
0
0
0
0
0
0
0
0
0
0
0
0
0
0
0
0
0
0
0
0
0
0
0
0
0
0
0
0
0
0
0
0
0
0
0
0
0
0
0
0
0
0
0
0
0
0
0
0
0
0
0
0
0
0
0
0
0
0
0
0
0
0
0
0
0
0
0
0
0
0
0
0
0
0
0
0
0
0
0
0
0
0
0
0
0
0
0
0
0
0
0
0
0
0
0
0
0
0
0
0
0
0
0
0
0
0
0
0
0
0
0
0
0
0
0
0
0
0
0
0
0
0
0
0
0
0
0
0
0
0
0
0
0
0
0
0
0
0
0
0
0
0
0
0
0
0
0
0
0
0
0
0
0
0
0
0
0
0
0
0
0
0
0
0
0
0
0
0
0
0
0
0
0
0
0
0
0
0
0
0
0
0
0
0
0
0
0
0
0
0
0
0
0
0
0
0
0
0
0
0
0
0
0
0
0
0
0
0
0
0
0
0
0
0
0
0
0
0
0
0
0
0
0
0
0
0
0
0
0
0
0
0
0
0
0
0
0
0
0
0
0
0
0
0
0
0
0
0
0
0
0
0
0
0
0
0
0
0
0
0
0
0
0
0
0
0
0
0
0
0
0
0
0
0
0
0
0
0
0
0
0
0
0
0
0
0
0
0
0
0
0
0
0
0
0
0
0
0
0
0
0
0
0
0
0
0
0
0
0
0
0
0
0
0
0
0
0
0
0
0
0
0
0
0
0
0
0
0
0
0
0
0
0
0
0
0
0
0
0
0
0
0
0
0
0
0
0
0
0
0
0
0
0
0
0
0
0
0
0
0
0
0
0
0
0
0
0
0
0
0
0
0
0
0
0
0
0
0
0
0
0
0
0
0
0
0
0
0
0
0
0
0
0
0
0
0
0
0
0
0
0
0
0
0
0
0
0
0
0
0
0
0
0
0
0
0
0
0
0
0
0
0
0
0
0
0
0
0
0
0
0
0
0
0
0
0
0
0
0
0
0
0
0
0
0
0
0
0
0
0
0
0
0
0
0
0
0
0
0
0
0
0
0
0
0
0
0
0
0
0
0
0
0
0
0
0
0
0
0
0
0
0
0
0
0
0
0
0
0
0
0
0
0
0
0
0
0
0
0
0
0
0
0
0
0
0
0
0
0
0
0
0
0
0
0
0
0
0
0
0
0
0
0
0
0
0
0
0
0
0
0
0
0
0
0
0
0
0
0
0
0
0
0
0
0
0
0
0
0
0
0
0
0
0
0
0
0
0
0
0
0
0
0
0
0
0
0
0
0
0
0
0
0
0
0
0
0
0
0
0
0
0
0
0
0
0
0
0
0
0
0
0
0
0
0
0
0
0
0
0
0
0
0
0
0
0
0
0
0
0
0
0
0
0
0
0
0
0
0
0
0
0
0
0
0
0
0
0
0
0
0
0
0
0
0
0
0
0
0
0
0
0
0
0
0
0
0
0
0
0
0
0
0
0
0
0
0
0
0
0
0
0
0
0
0
0
0
0
0
0
0
0
0
0
0
0
0
0
0
0
0
0
0
0
0
0
0
0
0
0
0
0
0
0
0
0
0
0
0
0
0
0
0
0
0
0
0
0
0
0
0
0
0
0
0
0
0
0
0
0
0
0
0
0
0
0
0
0
0
0
0
0
0
0
0
0
0
0
0
0
0
0
0
0
0
0
0
0
0
0
0
0
0
0
0
0
0
0
0
0
0
0
0
0
0
0
0
0
0
0
0
0
0
0
0
0
0
0
0
0
0
0
0
0
0
0
0
0
0
0
0
0
0
0
0
0
0
0
0
0
0
0
0
0
0
0
0
0
0
0
0
0
0
0
0
0
0
0
0
0
0
0
0
0
0
0
0
0
0
0
0
0
0
0
0
0
0
0
0
0
0
0
0
0
0
0
0
0
0
0
0
0
0
0
0
0
0
0
0
0
0
0
0
0
0
0
0
0
0
0
0
0
0
0
0
0
0
0
0
0
0
0
0
0
0
0
0
0
0
0
0
0
0
0
0
0
0
0
0
0
0
0
0
0
0
0
0
0
0
0
0
0
0
0
0
0
0
0
0
0
0
0
0
0
0
0
0
0
0
0
0
0
0
0
0
0
0
0
0
0
0
0
0
0
0
0
0
0
0
0
0
0
0
0
0
0
0
0
0
0
0
0
0
0
0
0
0
0
0
0
0
0
0
0
0
0
0
0
0
0
0
0
0
0
0
0
0
0
0
0
0
0
0
0
0
0
0
0
0
0
0
0
0
0
0
0
0
0
0
0
0
0
0
0
0
0
0
0
0
0
0
0
0
0
0
0
0
0
0
0
0
0
0
0
0
0
0
0
0
0
0
0
0
0
0
0
0
0
0
0
0
0
0
0
0
0
0
0
0
0
0
0
0
0
0
0
0
0
0
0
0
0
0
0
0
0
0
0
0
0
0
0
0
0
0
0
0
0
0
0
0
0
0
0
0
0
0
0
0
0
0
0
0
0
0
0
0
0
0
0
0
0
0
0
0
0
0
0
0
0
0
0
0
0
0
0
0
0
0
0
0
0
0
0
0
0
0
0
0
0
0
0
0
0
0
0
0
0
0
0
0
0
0
0
0
0
0
0
0
0
0
0
0
0
0
0
0
0
0
0
0
0
0
0
0
0
0
0
0
0
0
0
0
0
0
0
0
0
0
0
0
0
0
0
0
0
0
0
0
0
0
0
0
0
0
0
0
0
0
0
0
0
0
0
0
0
0
0
0
0
0
0
0
0
0
0
0
0
0
0
0
0
0
0
0
0
0
0
0
0
0
0
0
0
0
0
0
0
0
0
0
0
0
0
0
0
0
0
0
0
0
0
0
0
0
0
0
0
0
0
0
0
0
0
0
0
0
0
0
0
0
0
0
0
0
0
0
0
0
0
0
0
0
0
0
0
0
0
0
0
0
0
0
0
0
0
0
0
0
0
0
0
0
0
0
0
0
0
0
0
0
0
0
0
0
0
0
0
0
0
0
0
0
0
0
0
0
0
0
0
0
0
0
0
0
0
0
0
0
0
0
0
0
0
0
0
0
0
0
0
0
0
0
0
0
0
0
0
0
0
0
0
0
0
0
0
0
0
0
0
0
0
0
0
0
0
0
0
0
0
0
0
0
0
0
0
0
0
0
0
0
0
0
0
0
0
0
0
0
0
0
0
0
0
0
0
0
0
0
0
0
0
0
0
0
0
0
0
0
0
0
0
0
0
0
0
0
0
0
0
0
0
0
0
0
0
0
0
0
0
0
0
0
0
0
0
0
0
0
0
0
0
0
0
0
0
0
0
0
0
0
0
0
0
0
0
0
0
0
0
0
0
0
0
0
0
0
0
0
0
0
0
0
0
0
0
0
0
0
0
0
0
0
0
0
0
0
0
0
0
0
0
0
0
0
0
0
0
0
0
0
0
0
0
0
0
0
0
0
0
0
0
0
0
0
0
0
0
0
0
0
0
0
0
0
0
0
0
0
0
0
0
0
0
0
0
0
0
0
0
0
0
0
0
0
0
0
0
0
0
0
0
0
0
0
0
0
0
0
0
0
0
0
0
0
0
0
0
0
0
0
0
0
0
0
0
0
0
0
0
0
0
0
0
0
0
0
0
0
0
0
0
0
0
0
0
0
0
0
0
0
0
0
0
0
0
0
0
0
0
0
0
0
0
0
0
0
0
0
0
0
0
0
0
0
0
0
0
0
0
0
0
0
0
0
0
0
0
0
0
0
0
0
0
0
0
0
0
0
0
0
0
0
0
0
0
0
0
0
0
0
0
0
0
0
0
0
0
0
0
0
0
0
0
0
0
0
0
0
0
0
0
0
0
0
0
0
0
0
0
0
0
0
0
0
0
0
0
0
0
0
0
0
0
0
0
0
0
0
0
0
0
0
0
0
0
0
0
0
0
0
0
0
0
0
0
0
0
0
0
0
0
0
0
0
0
0
0
0
0
0
0
0
0
0
0
0
0
0
0
0
0
0
0
0
0
0
0
0
0
0
0
0
0
0
0
0
0
0
0
0
0
0
0
0
0
0
0
0
0
0
0
0
0
0
0
0
0
0
0
0
0
0
0
0
0
0
0
0
0
0
0
0
0
0
0
0
0
0
0
0
0
0
0
0
0
0
0
0
0
0
0
0
0
0
0
0
0
0
0
0
0
0
0
0
0
0
0
0
0
0
0
0
0
0
0
0
0
0
0
0
0
0
0
0
0
0
0
0
0
0
0
0
0
0
0
0
0
0
0
0
0
0
0
0
0
0
0
0
0
0
0
0
0
0
0
0
0
0
0
0
0
0
0
0
0
0
0
0
0
0
0
0
0
0
0
0
0
0
0
0
0
0
0
0
0
0
0
0
0
0
0
0
0
0
0
0
0
0
0
0
0
0
0
0
0
0
0
0
0
0
0
0
0
0
0
0
0
0
0
0
0
0
0
0
0
0
0
0
0
0
0
0
0
0
0
0
0
0
0
0
0
0
0
0
0
0
0
0
0
0
0
0
0
0
0
0
0
0
0
0
0
0
0
0
0
0
0
0
0
0
0
0
0
0
0
0
0
0
0
0
0
0
0
0
0
0
0
0
0
0
0
0
0
0
0
0
0
0
0
0
0
0
0
0
0
0
0
0
0
0
0
0
0
0
0
0
0
0
0
0
0
0
0
0
0
0
0
0
0
0
0
0
0
0
0
0
0
0
0
0
0
0
0
0
0
0
0
0
0
0
0
0
0
0
0
0
0
0
0
0
0
0
0
0
0
0
0
0
0
0
0
0
0
0
0
0
0
0
0
0
0
0
0
0
0
0
0
0
0
0
0
0
0
0
0
0
0
0
0
0
0
0
0
0
0
0
0
0
0
0
0
0
0
0
0
0
0
0
0
0
0
0
0
0
0
0
0
0
0
0
0
0
0
0
0
0
0
0
0
0
0
0
0
0
0
0
0
0
0
0
0
0
0
0
0
0
0
0
0
0
0
0
0
0
0
0
0
0
0
0
0
0
0
0
0
0
0
0
0
0
0
0
0
0
0
0
0
0
0
0
0
0
0
0
0
0
0
0
0
0
0
0
0
0
0
0
0
0
0
0
0
0
0
0
0
0
0
0
0
0
0
0
0
0
0
0
0
0
0
0
0
0
0
0
0
0
0
0
0
0
0
0
0
0
0
0
0
0
0
0
0
0
0
0
0
0
0
0
0
0
0
0
0
0
0
0
0
0
0
0
0
0
0
0
0
0
0
0
0
0
0
0
0
0
0
0
0
0
0
0
0
0
0
0
0
0
0
0
0
0
0
0
0
0
0
0
0
0
0
0
0
0
0
0
0
0
0
0
0
0
0
0
0
0
0
0
0
0
0
0
0
0
0
0
0
0
0
0
0
0
0
0
0
0
0
0
0
0
0
0
0
0
0
0
0
0
0
0
0
0
0
0
0
0
0
0
0
0
0
0
0
0
0
0
0
0
0
0
0
0
0
0
0
0
0
0
0
0
0
0
0
0
0
0
0
0
0
0
0
0
0
0
0
0
0
0
0
0
0
0
0
0
0
0
0
0
0
0
0
0
0
0
0
0
0
0
0
0
0
0
0
0
0
0
0
0
0
0
0
0
0
0
0
0
0
0
0
0
0
0
0
0
0
0
0
0
0
0
0
0
0
0
0
0
0
0
0
0
0
0
0
0
0
0
0
0
0
0
0
0
0
0
0
0
0
0
0
0
0
0
0
0
0
0
0
0
0
0
0
0
0
0
0
0
0
0
0
0
0
0
0
0
0
0
0
0
0
0
0
0
0
0
0
0
0
0
0
0
0
0
0
0
0
0
0
0
0
0
0
0
0
0
0
0
0
0
0
0
0
0
0
0
0
0
0
0
0
0
0
0
0
0
0
0
0
0
0
0
0
0
0
0
0
0
0
0
0
0
0
0
0
0
0
0
0
0
0
0
0
0
0
0
0
0
0
0
0
0
0
0
0
0
0
0
0
0
0
0
0
0
0
0
0
0
0
0
0
0
0
0
0
0
0
0
0
0
0
0
0
0
0
0
0
0
0
0
0
0
0
0
0
0
0
0
0
0
0
0
0
0
0
0
0
0
0
0
0
0
0
0
0
0
0
0
0
0
0
0
0
0
0
0
0
0
0
0
0
0
0
0
0
0
0
0
0
0
0
0
0
0
0
0
0
0
0
0
0
0
0
0
0
0
0
0
0
0
0
0
0
0
0
0
0
0
0
0
0
0
0
0
0
0
0
0
0
0
0
0
0
0
0
0
0
0
0
0
0
0
0
0
0
0
0
0
0
0
0
0
0
0
0
0
0
0
0
0
0
0
0
0
0
0
0
0
0
0
0
0
0
0
0
0
0
0
0
0
0
0
0
0
0
0
0
0
0
0
0
0
0
0
0
0
0
0
0
0
0
0
0
0
0
0
0
0
0
0
0
0
0
0
0
0
0
0
0
0
0
0
0
0
0
0
0
0
0
0
0
0
0
0
0
0
0
0
0
0
0
0
0
0
0
0
0
0
0
0
0
0
0
0
0
0
0
0
0
0
0
0
0
0
0
0
0
0
0
0
0
0
0
0
0
0
0
0
0
0
0
0
0
0
0
0
0
0
0
0
0
0
0
0
0
0
0
0
0
0
0
0
0
0
0
0
0
0
0
0
0
0
0
0
0
0
0
0
0
0
0
0
0
0
0
0
0
0
0
0
0
0
0
0
0
0
0
0
0
0
0
0
0
0
0
0
0
0
0
0
0
0
0
0
0
0
0
0
0
0
0
0
0
0
0
0
0
0
0
0
0
0
0
0
0
0
0
0
0
0
0
0
0
0
0
0
0
0
0
0
0
0
0
0
0
0
0
0
0
0
0
0
0
0
0
0
0
0
0
0
0
0
0
0
0
0
0
0
0
0
0
0
0
0
0
0
0
0
0
0
0
0
0
0
0
0
0
0
0
0
0
0
0
0
0
0
0
0
0
0
0
0
0
0
0
0
0
0
0
0
0
0
0
0
0
0
0
0
0
0
0
0
0
0
0
0
0
0
0
0
0
0
0
0
0
0
0
0
0
0
0
0
0
0
0
0
0
0
0
0
0
0
0
0
0
0
0
0
0
0
0
0
0
0
0
0
0
0
0
0
0
0
0
0
0
0
0
0
0
0
0
0
0
0
0
0
0
0
0
0
0
0
0
0
0
0
0
0
0
0
0
0
0
0
0
0
0
0
0
0
0
0
0
0
0
0
0
0
0
0
0
0
0
0
0
0
0
0
0
0
0
0
0
0
0
0
0
0
0
0
0
0
0
0
0
0
0
0
0
0
0
0
0
0
0
0
0
0
0
0
0
0
0
0
0
0
0
0
0
0
0
0
0
0
0
0
0
0
0
0
0
0
0
0
0
0
0
0
0
0
0
0
0
0
0
0
0
0
0
0
0
0
0
0
0
0
0
0
0
0
0
0
0
0
0
0
0
0
0
0
0
0
0
0
0
0
0
0
0
0
0
0
0
0
0
0
0
0
0
0
0
0
0
0
0
0
0
0
0
0
0
0
0
0
0
0
0
0
0
0
0
0
0
0
0
0
0
0
0
0
0
0
0
0
0
0
0
0
0
0
0
0
0
0
0
0
0
0
0
0
0
0
0
0
0
0
0
0
0
0
0
0
0
0
0
0
0
0
0
0
0
0
0
0
0
0
0
0
0
0
0
0
0
0
0
0
0
0
0
0
0
0
0
0
0
0
0
0
0
0
0
0
0
0
0
0
0
0
0
0
0
0
0
0
0
0
0
0
0
0
0
0
0
0
0
0
0
0
0
0
0
0
0
0
0
0
0
0
0
0
0
0
0
0
0
0
0
0
0
0
0
0
0
0
0
0
0
0
0
0
0
0
0
0
0
0
0
0
0
0
0
0
0
0
0
0
0
0
0
0
0
0
0
0
0
0
0
0
0
0
0
0
0
0
0
0
0
0
0
0
0
0
0
0
0
0
0
0
0
0
0
0
0
0
0
0
0
0
0
0
0
0
0
0
0
0
0
0
0
0
0
0
0
0
0
0
0
0
0
0
0
0
0
0
0
0
0
0
0
0
0
0
0
0
0
0
0
0
0
0
0
0
0
0
0
0
0
0
0
0
0
0
0
0
0
0
0
0
0
0
0
0
0
0
0
0
0
0
0
0
0
0
0
0
0
0
0
0
0
0
0
0
0
0
0
0
0
0
0
0
0
0
0
0
0
0
0
0
0
0
0
0
0
0
0
0
0
0
0
0
0
0
0
0
0
0
0
0
0
0
0
0
0
0
0
0
0
0
0
0
0
0
0
0
0
0
0
0
0
0
0
0
0
0
0
0
0
0
0
0
0
0
0
0
0
0
0
0
0
0
0
0
0
0
0
0
0
0
0
0
0
0
0
0
0
0
0
0
0
0
0
0
0
0
0
0
0
0
0
0
0
0
0
0
0
0
0
0
0
0
0
0
0
0
0
0
0
0
0
0
0
0
0
0
0
0
0
0
0
0
0
0
0
0
0
0
0
0
0
0
0
0
0
0
0
0
0
0
0
0
0
0
0
0
0
0
0
0
0
0
0
0
0
0
0
0
0
0
0
0
0
0
0
0
0
0
0
0
0
0
0
0
0
0
0
0
0
0
0
0
0
0
0
0
0
0
0
0
0
0
0
0
0
0
0
0
0
0
0
0
0
0
0
0
0
0
0
0
0
0
0
0
0
0
0
0
0
0
0
0
0
0
0
0
0
0
0
0
0
0
0
0
0
0
0
0
0
0
0
0
0
0
0
0
0
0
0
0
0
0
0
0
0
0
0
0
0
0
0
0
0
0
0
0
0
0
0
0
0
0
0
0
0
0
0
0
0
0
0
0
0
0
0
0
0
0
0
0
0
0
0
0
0
0
0
0
0
0
0
0
0
0
0
0
0
0
0
0
0
0
0
0
0
0
0
0
0
0
0
0
0
0
0
0
0
0
0
0
0
0
0
0
0
0
0
0
0
0
0
0
0
0
0
0
0
0
0
0
0
0
0
0
0
0
0
0
0
0
0
0
0
0
0
0
0
0
0
0
0
0
0
0
0
0
0
0
0
0
0
0
0
0
0
0
0
0
0
0
0
0
0
0
0
0
0
0
0
0
0
0
0
0
0
0
0
0
0
0
0
0
0
0
0
0
0
0
0
0
0
0
0
0
0
0
0
0
0
0
0
0
0
0
0
0
0
0
0
0
0
0
0
0
0
0
0
0
0
0
0
0
0
0
0
0
0
0
0
0
0
0
0
0
0
0
0
0
0
0
0
0
0
0
0
0
0
0
0
0
0
0
0
0
0
0
0
0
0
0
0
0
0
0
0
0
0
0
0
0
0
0
0
0
0
0
0
0
0
0
0
0
0
0
0
0
0
0
0
0
0
0
0
0
0
0
0
0
0
0
0
0
0
0
0
0
0
0
0
0
0
0
0
0
0
0
0
0
0
0
0
0
0
0
0
0
0
0
0
0
0
0
0
0
0
0
0
0
0
0
0
0
0
0
0
0
0
0
0
0
0
0
0
0
0
0
0
0
0
0
0
0
0
0
0
0
0
0
0
0
0
0
0
0
0
0
0
0
0
0
0
0
0
0
0
0
0
0
0
0
0
0
0
0
0
0
0
0
0
0
0
0
0
0
0
0
0
0
0
0
0
0
0
0
0
0
0
0
0
0
0
0
0
0
0
0
0
0
0
0
0
0
0
0
0
0
0
0
0
0
0
0
0
0
0
0
0
0
0
0
0
0
0
0
0
0
0
0
0
0
0
0
0
0
0
0
0
0
0
0
0
0
0
0
0
0
0
0
0
0
0
0
0
0
0
0
0
0
0
0
0
0
0
0
0
0
0
0
0
0
0
0
0
0
0
0
0
0
0
0
0
0
0
0
0
0
0
0
0
0
0
0
0
0
0
0
0
0
0
0
0
0
0
0
0
0
0
0
0
0
0
0
0
0
0
0
0
0
0
0
0
0
0
0
0
0
0
0
0
0
0
0
0
0
0
0
0
0
0
0
0
0
0
0
0
0
0
0
0
0
0
0
0
0
0
0
0
0
0
0
0
0
0
0
0
0
0
0
0
0
0
0
0
0
0
0
0
0
0
0
0
0
0
0
0
0
0
0
0
0
0
0
0
0
0
0
0
0
0
0
0
0
0
0
0
0
0
0
0
0
0
0
0
0
0
0
0
0
0
0
0
0
0
0
0
0
0
0
0
0
0
0
0
0
0
0
0
0
0
0
0
0
0
0
0
0
0
0
0
0
0
0
0
0
0
0
0
0
0
0
0
0
0
0
0
0
0
0
0
0
0
0
0
0
0
0
0
0
0
0
0
0
0
0
0
0
0
0
0
0
0
0
0
0
0
0
0
0
0
0
0
0
0
0
0
0
0
0
0
0
0
0
0
0
0
0
0
0
0
0
0
0
0
0
0
0
0
0
0
0
0
0
0
0
0
0
0
0
0
0
0
0
0
0
0
0
0
0
0
0
0
0
0
0
0
0
0
0
0
0
0
0
0
0
0
0
0
0
0
0
0
0
0
0
0
0
0
0
0
0
0
0
0
0
0
0
0
0
0
0
0
0
0
0
0
0
0
0
0
0
0
0
0
0
0
0
0
0
0
0
0
0
0
0
0
0
0
0
0
0
0
0
0
0
0
0
0
0
0
0
0
0
0
0
0
0
0
0
0
0
0
0
0
0
0
0
0
0
0
0
0
0
0
0
0
0
0
0
0
0
0
0
0
0
0
0
0
0
0
0
0
0
0
0
0
0
0
0
0
0
0
0
0
0
0
0
0
0
0
0
0
0
0
0
0
0
0
0
0
0
0
0
0
0
0
0
0
0
0
0
0
0
0
0
0
0
0
0
0
0
0
0
0
0
0
0
0
0
0
0
0
0
0
0
0
0
0
0
0
0
0
0
0
0
0
0
0
0
0
0
0
0
0
0
0
0
0
0
0
0
0
0
0
0
0
0
0
0
0
0
0
0
0
0
0
0
0
0
0
0
0
0
0
0
0
0
0
0
0
0
0
0
0
0
0
0
0
0
0
0
0
0
0
0
0
0
0
0
0
0
0
0
0
0
0
0
0
0
0
0
0
0
0
0
0
0
0
0
0
0
0
0
0
0
0
0
0
0
0
0
0
0
0
0
0
0
0
0
0
0
0
0
0
0
0
0
0
0
0
0
0
0
0
0
0
0
0
0
0
0
0
0
0
0
0
0
0
0
0
0
0
0
0
0
0
0
0
0
0
0
0
0
0
0
0
0
0
0
0
0
0
0
0
0
0
0
0
0
0
0
0
0
0
0
0
0
0
0
0
0
0
0
0
0
0
0
0
0
0
0
0
0
0
0
0
0
0
0
0
0
0
0
0
0
0
0
0
0
0
0
0
0
0
0
0
0
0
0
0
0
0
0
0
0
0
0
0
0
0
0
0
0
0
0
0
0
0
0
0
0
0
0
0
0
0
0
0
0
0
0
0
0
0
0
0
0
0
0
0
0
0
0
0
0
0
0
0
0
0
0
0
0
0
0
0
0
0
0
0
0
0
0
0
0
0
0
0
0
0
0
0
0
0
0
0
0
0
0
0
0
0
0
0
0
0
0
0
0
0
0
0
0
0
0
0
0
0
0
0
0
0
0
0
0
0
0
0
0
0
0
0
0
0
0
0
0
0
0
0
0
0
0
0
0
0
0
0
0
0
0
0
0
0
0
0
0
0
0
0
0
0
0
0
0
0
0
0
0
0
0
0
0
0
0
0
0
0
0
0
0
0
0
0
0
0
0
0
0
0
0
0
0
0
0
0
0
0
0
0
0
0
0
0
0
0
0
0
0
0
0
0
0
0
0
0
0
0
0
0
0
0
0
0
0
0
0
0
0
0
0
0
0
0
0
0
0
0
0
0
0
0
0
0
0
0
0
0
0
0
0
0
0
0
0
0
0
0
0
0
0
0
0
0
0
0
0
0
0
0
0
0
0
0
0
0
0
0
0
0
0
0
0
0
0
0
0
0
0
0
0
0
0
0
0
0
0
0
0
0
0
0
0
0
0
0
0
0
0
0
0
0
0
0
0
0
0
0
0
0
0
0
0
0
0
0
0
0
0
0
0
0
0
0
0
0
0
0
0
0
0
0
0
0
0
0
0
0
0
0
0
0
0
0
0
0
0
0
0
0
0
0
0
0
0
0
0
0
0
0
0
0
0
0
0
0
0
0
0
0
0
0
0
0
0
0
0
0
0
0
0
0
0
0
0
0
0
0
0
0
0
0
0
0
0
0
0
0
0
0
0
0
0
0
0
0
0
0
0
0
0
0
0
0
0
0
0
0
0
0
0
0
0
0
0
0
0
0
0
0
0
0
0
0
0
0
0
0
0
0
0
0
0
0
0
0
0
0
0
0
0
0
0
0
0
0
0
0
0
0
0
0
0
0
0
0
0
0
0
0
0
0
0
0
0
0
0
0
0
0
0
0
0
0
0
0
0
0
0
0
0
0
0
0
0
0
0
0
0
0
0
0
0
0
0
0
0
0
0
0
0
0
0
0
0
0
0
0
0
0
0
0
0
0
0
0
0
0
0
0
0
0
0
0
0
0
0
0
0
0
0
0
0
0
0
0
0
0
0
0
0
0
0
0
0
0
0
0
0
0
0
0
0
0
0
0
0
0
0
0
0
0
0
0
0
0
0
0
0
0
0
0
0
0
0
0
0
0
0
0
0
0
0
0
0
0
0
0
0
0
0
0
0
0
0
0
0
0
0
0
0
0
0
0
0
0
0
0
0
0
0
0
0
0
0
0
0
0
0
0
0
0
0
0
0
0
0
0
0
0
0
0
0
0
0
0
0
0
0
0
0
0
0
0
0
0
0
0
0
0
0
0
0
0
0
0
0
0
0
0
0
0
0
0
0
0
0
0
0
0
0
0
0
0
0
0
0
0
