-279
131
-2980
-28
944
-2160
-2334
-429
-6
-3991
-864
186
-2455
-1955
-44
-981
116
-221
-2246
-2777
-2378
-2394
-15243
91
524
-2291
-560
-3811
-2405
-15998
207
218
-33
887
-4729
-3670
2895
-4095
-4159
-109
1529
-5404
-4250
1471
-3990
-3698
-65
598
-80
1660
-3620
-4236
-3056
-4178
-11967
44
1633
-2628
-2825
-3115
-3545
-11481
129
778
-53
1492
-5023
-3539
-822
-3093
-4605
-176
1162
-4355
-4021
334
-3405
-3558
-20
835
-42
812
-1987
-4675
-3211
-4575
-13965
93
427
-1397
-2450
-3523
-3304
-18464
363
441
-236
884
-3478
659
-3816
-2882
-3818
-314
238
-4053
-6
-2931
-4510
-2488
-77
501
77
-22
-1134
-4434
-3930
-3721
-18864
138
-942
-2579
-4117
-6095
-4208
-20276
328
-220
-366
597
-3186
51
-1591
-2869
-2997
-276
-360
-3791
-263
-1023
-3229
-1898
-111
-575
232
-404
225
-3660
-3409
-2822
-14832
94
-1105
-760
-2971
-3743
-2589
-17879
285
-504
-442
482
-3616
-2505
-57
-3402
-3361
-192
395
-3578
-2430
381
-3036
-2526
-111
-13
193
1475
-305
-3041
-3270
-3103
-19581
194
2314
-149
-2651
-2930
-2271
-25249
243
1750
-546
1134
-5209
-2115
-2279
-4577
-4710
-308
1491
-4868
-3261
-1466
-4079
-2577
-183
1123
8
101
-2688
-4508
-895
-4428
-14293
394
630
-2181
-3499
-2405
-3823
-18333
498
288
-250
1057
-4516
-1768
-1913
-4108
-4289
-165
842
-3995
-2097
-1364
-3722
-1548
-44
796
-113
-1568
-3480
-3841
-1224
-4144
-16538
33
-1893
-3311
-2721
-2712
-3568
-22250
219
-1282
-278
-277
-2365
2513
-1028
-2011
-2524
-197
-246
-3313
1365
-2490
-3174
-2188
-105
294
55
339
-2969
-3559
-2965
-2457
-16069
-86
361
-4871
1012
-4138
-3153
-15855
168
189
150
-1423
-3286
-1801
1414
-3301
-3741
58
-1948
-4487
-3256
-2225
-4567
-3515
-210
-1002
-83
2925
-4992
-3737
-2580
-3518
-22449
-120
2269
-5238
-822
-3300
-3353
-17785
-69
1635
221
1407
-4458
-4002
-469
-1363
-4137
137
-1388
-5146
-5185
-2817
-4944
-3686
-125
-978
7
2312
-4105
-3383
-2610
-3933
-23106
136
4
-4332
-2889
-3290
-3989
-16703
164
322
208
4777
-3106
-1781
-3151
-36
-3243
-30
-348
-4610
-1960
-4085
-4862
-2761
93
18
163
-634
-2489
-3401
-2240
-3235
30287
-40
-1319
-4718
-4172
-5169
-4702
-27076
258
-608
-56
934
-3372
-1782
-3132
-2973
-3470
-29
-264
-2868
-212
-2223
-2802
-1277
-53
-139
140
-1123
-873
-3447
-1341
-3469
-14734
41
-1374
-1427
-1583
-3387
-2629
-22138
221
-1146
-91
-370
-2343
-2445
-1330
-3364
-2544
-49
-960
-2761
-1251
-467
-3063
-2641
-165
-661
44
854
-1046
-2245
-625
-2559
-19936
17
1610
-923
-2200
-1928
-1897
-24472
177
1458
-63
97
-4669
-2362
-2422
-4860
-4442
57
-1343
-4520
-2261
-2462
-4406
-2033
-72
-1376
-151
866
-1950
-3952
-936
-4216
-19761
71
718
-2007
-3147
-3293
-3725
-24381
134
150
-69
-19
-4201
78
-1905
-4162
-3666
57
66
-5443
-1441
-3305
-5214
-88
84
-214
-259
-1863
-2199
-2614
-1939
-3404
-23047
14
-1505
-3723
-3208
-5120
-4304
-21238
79
-1085
-217
50
-2813
1602
-2291
-2422
-2842
-63
519
-2973
1638
-3481
-2732
-2773
-181
388
-222
280
-2458
-3808
-1672
-2557
-10181
-139
377
-3441
-401
-2085
-2685
-13758
79
293
123
-362
-1900
-1210
299
-2471
-2794
48
-275
-2089
-2066
-3373
-3228
-2513
-262
-512
-15
2181
-3669
-3542
-2015
-2484
-19283
-153
1426
-4806
-160
-1879
-1785
-20246
76
1281
519
528
-3491
-6046
-2003
-1111
-5189
178
-720
-3192
-5424
-4606
-4667
-5320
-222
-236
299
5512
-6922
-3624
-3424
-5045
-17131
138
1872
-6189
-3590
-4150
-4066
-13617
153
866
635
3155
-6239
-6668
-5673
4453
-5779
458
289
-4834
-3976
-2556
-2563
-3534
6
-692
529
307
-5942
-3905
-5917
-5681
-21129
408
-922
-5159
-5859
-7012
-4837
-24069
544
-646
437
1905
-5027
-5117
-5067
711
-4782
158
1206
-5497
-3401
-4281
-3206
-3194
-13
699
257
-4890
-3484
-3963
-795
-4619
-26733
84
-1244
-3711
-4366
-5097
-4034
-25384
234
-163
170
683
-3396
-3610
-3409
-2052
-4003
181
427
-4135
-2812
-3875
-4147
-4339
-215
870
-131
-618
-2722
-4241
-238
-4035
-14320
76
-905
-2498
-4318
-3030
-2978
-13017
28
-604
412
325
-2101
-1381
-2331
-493
-2414
188
-1269
-2957
-2392
-3144
-3125
-427
-26
-297
-102
697
-1666
-2966
-1313
-2355
-24324
-78
-47
-2711
-2889
-3787
-2385
-23086
-70
-112
289
-183
-3639
-132
-1326
-2387
-3060
120
-1669
-4628
-689
-2920
-4131
-50
100
-1796
-255
-862
-1383
-2724
-3062
-3041
-19338
-204
-504
-3391
-3376
-4930
-3476
-18253
-69
-477
-76
-162
-1747
597
-2120
-1699
-1897
19
212
-3100
795
-3545
-3202
-1942
-86
-39
-280
512
-1156
-2796
-1012
-1734
-15876
-124
428
-2800
-2926
-2003
-3395
-13801
-6
-253
-16
-651
-1073
232
-1223
-1741
-2404
-36
-194
-1744
-819
-3117
-3183
-1836
-206
-165
-87
660
-2855
-3087
-2508
-2165
-13986
-92
323
-4991
-2357
-1997
-2592
-13924
162
688
292
-1971
-1958
-3309
-807
20
-3171
23
-2213
-2498
-3506
-2197
-3122
-2903
-144
-1232
270
5326
-5067
-3302
-2570
-3071
-20976
71
2424
-5818
-3439
-3289
-2895
-17880
246
1446
563
-4504
-6477
-6635
-5342
4113
-5678
357
-2767
-5588
-5592
-1767
-1841
-1203
-169
-1038
521
515
-6629
-5136
-2598
-5345
-18096
520
295
-5631
-5602
-6824
-4532
-21760
439
-83
463
-2608
-6792
-7234
-6406
2145
-6424
240
-1306
-5157
-4780
-3393
-981
-1828
-49
-594
392
-4568
-7551
-5531
1102
-5950
-19614
294
-2746
-6366
-5237
-3445
-3452
-27541
374
-1905
185
-1032
-4943
-5729
-2354
-1321
-4902
92
-1070
-4610
-3811
-4698
-1943
-1426
55
-545
62
-2693
-3668
-5340
875
-4626
-21720
213
-1188
-3971
-3697
-1853
-1212
-28080
261
-879
101
-436
-4253
-4224
-4498
-2169
-4369
-52
304
-6561
-6039
-8011
-4290
731
30
1349
-121
-246
-2788
-5932
2920
-4092
-23301
61
632
-5148
-4167
-2117
-4003
-18382
162
1241
293
220
-4263
-2940
-2663
-3321
-4244
113
685
-4994
-4075
-5041
-3904
904
110
597
-302
-898
-2580
-5277
924
-4083
-14468
-151
-1353
-4541
-3142
-2132
-3824
-15712
26
-1487
130
117
-2066
116
-2773
-2107
-2206
117
-60
-3112
691
-3854
-2986
-726
123
-290
-322
181
-1309
-3111
-341
-2085
-14480
-120
195
-3218
-3465
-2017
-3230
-14531
-9
-3
124
-377
-3110
1744
-3614
-3175
-3055
119
-169
-4195
1437
-4906
-4168
-1771
-3
-468
-273
-87
-2579
-3709
-1490
-2722
-14322
-196
204
-5260
-4227
-2349
-3710
-14667
-10
343
142
-1551
-1944
559
-1732
-1232
-2267
55
-848
-2943
-16
-1827
-3243
-902
-147
-502
-57
696
-2877
-2670
-2388
-2137
-18954
-133
-237
-5193
-3605
-3910
-3106
-17438
12
-532
64
-5498
-3255
-2307
-3272
517
-2885
-112
-1862
-3954
-3561
-1707
-1290
456
-257
-703
200
1302
-4230
-2693
940
-2684
-18068
118
1367
-5293
-3394
-2597
-2737
-17507
300
1422
-17
-4047
-5723
-4276
-6894
-983
-4893
-183
-2643
-5131
-4422
-3846
-1426
857
-141
-1867
179
-633
-5374
-4366
3460
-4617
-15094
200
-610
-6097
-4704
-1402
-2697
-20986
257
355
149
-750
-2620
-3876
-2076
-688
-2894
-132
-1081
-5494
-5759
-4900
-3535
927
-137
-550
269
-1293
-2066
-2685
137
-2637
-21553
145
-1405
-4667
-5201
-4009
-3178
-10528
136
-1298
-51
2521
-6600
-5962
-5237
-4803
-5832
-122
4751
-8370
-5749
-8543
-4466
-1061
93
2458
13
-741
-5374
-6166
5756
-5805
-27442
178
2476
-7068
-4969
2297
-5304
-24885
284
2604
-64
510
-7377
-4753
-7729
-5815
-6397
-153
35
-6932
-3784
-7819
-4187
-2832
275
-35
-367
-1206
-4588
-7194
5765
-6399
-14238
-142
-2379
-5381
-3350
3607
-5270
-18575
168
-2277
113
-418
-1719
-504
-2389
-2460
-2180
103
-58
-2419
-323
-3372
-2925
-539
111
-264
-298
54
-771
-2211
-939
-2144
-15241
-35
267
-2384
-3123
-2948
-2723
-15465
-44
155
30
-36
-2831
1532
-3735
-3145
-2728
-9
320
-4460
882
-5106
-4727
-576
106
13
-163
-202
-1070
-3262
-1961
-2480
-15923
-128
-192
-4823
-5097
-4076
-3929
-13091
56
241
38
-856
-2756
1317
-4081
-3175
-2816
18
-304
-3473
1009
-3808
-4324
-1385
32
-120
-149
-559
-2367
-2443
-1553
-2439
-18501
-146
-202
-5179
-4655
-3821
-3815
-17479
-60
-923
-44
258
-4000
302
-4485
-3234
-3170
-49
268
-3724
426
-3340
-3145
-1619
-23
416
-178
99
-2802
-2980
190
-2992
-16593
-77
38
-4130
-3703
-2148
-2993
-19551
-25
231
-30
-490
-3008
-832
-3495
-2229
-1900
-156
188
-4154
-2681
-2832
-3725
965
-75
-6
26
459
-1538
-1947
1604
-1884
-19782
-107
-1126
-3869
-4194
-2560
-3201
-14774
-83
-924
-103
-2094
-3880
-2682
-3080
-2750
-2814
-213
-592
-5033
-3982
-2774
-3714
868
-77
-2073
184
1887
-2780
-3524
3298
-2649
-23524
68
2700
-4599
-4033
-1771
-2676
-20819
118
1824
-359
-385
-15479
-11046
-13911
-13747
-14630
-122
-302
-9925
-5819
-10254
-6020
-7817
239
-619
-266
376
-12498
-16260
10047
-14618
16883
311
1641
-7878
-7840
5437
-7703
-12473
411
1458
-179
7
-8928
-3922
-8928
-6215
-7116
-252
-377
-8973
-3004
-7224
-5246
-4764
170
-203
-347
-2243
-7243
-7712
6573
-6973
-12309
45
-4292
-6745
-5166
2383
-6091
-14254
280
-3435
-6
-195
-1176
-1130
-1440
-2015
-1656
14
-302
-1286
-1038
-2578
-2407
-1266
16
-304
-242
11
-123
-1375
-853
-1652
-15853
-97
397
-1162
-1919
-2409
-1479
-15790
-62
345
-227
-230
-2260
414
-3656
-2447
-2372
-194
-441
-3199
312
-3864
-3391
-1420
49
-298
70
-276
-863
-2600
-788
-2176
-18994
-26
-125
-3393
-3396
-3761
-1650
-18222
179
369
-221
145
-2077
903
-5308
-3579
-3314
-127
-283
-2317
1666
-4015
-4186
-2674
142
-108
20
-229
-3749
-3586
-149
-3132
-16540
-82
446
-5509
-4622
-3608
-2552
-18792
174
359
-94
366
-1637
-476
-5041
-3213
-3102
-26
-209
-1998
-412
-3985
-4435
-2394
104
-38
-103
-104
-3002
-3460
85
-2889
-13573
-215
350
-4424
-4812
-3474
-3092
-12860
-20
-251
-147
91
-2213
-1639
-4281
-2935
-2387
16
212
-3034
-2753
-3942
-4305
-116
-80
302
-248
-600
-2021
-2442
2024
-2036
-19247
-366
81
-3632
-4317
-2272
-3287
-16793
-255
-456
-452
-148
-3608
-3655
-2702
-4293
-3963
-241
294
-2893
-3636
-2830
-3491
-473
-241
105
-167
-521
-2146
-4427
417
-3700
-14670
-62
-468
-3784
-4577
-2153
-2764
-20531
80
-385
-259
-2177
-4068
-4190
-2887
-3667
-3566
-169
-3550
-5452
-5038
-4430
-4869
691
-58
-2806
-288
420
-1533
-4814
2143
-3447
-25676
-26
-252
-4492
-5963
-1884
-3461
-21159
15
-754
-49
-652
-4919
-3488
-5023
-4879
-4904
-299
-1485
-7340
-5260
-7629
-6818
254
155
-1318
-318
-603
-3224
-6177
2849
-4924
-18511
-175
-548
-5354
-7209
-2021
-6162
-11895
-83
510
-223
-401
-941
-2258
-1058
-1395
-1876
-211
-785
-867
-2507
-2354
-2232
-1674
-82
-360
-137
245
-779
-1586
-1494
-1878
-14630
-66
627
-781
-1758
-2782
-2395
-14929
113
181
-459
-90
-592
-1326
-1789
-1065
-1417
-421
-917
-416
-1597
-2210
-1833
-1967
-158
-49
90
-484
-180
-1306
-1637
-1384
-15491
44
-572
-1317
-1489
-2418
-1545
-16202
299
-497
-512
-71
-301
265
-2753
-1670
-1602
-418
-1121
-472
405
-2641
-2794
-2169
-84
-509
129
-719
-2404
-1558
-821
-1566
-16574
30
192
-3402
-2561
-2759
-2019
-16062
266
397
-426
-213
576
-42
-1950
-1396
-1340
-313
-912
15
-524
-2100
-3042
-1266
-73
-307
21
-886
-2762
-1661
-861
-1280
-19841
-10
204
-4214
-3005
-3298
-2616
-16839
177
-166
-273
-443
143
-1906
-2232
-2237
-1920
-233
-515
-42
-2104
-2470
-2986
-563
-94
-456
-158
-1300
-3195
-2221
859
-1720
-16889
-187
128
-3960
-3392
-1746
-3277
-16696
-82
182
-381
-428
-136
-2027
-1773
-2438
-1990
-250
-553
-1400
-3999
-3721
-4472
26
-191
-529
-222
-671
-1893
-3023
-75
-1763
-17382
-205
-306
-4123
-5004
-2585
-4469
-12228
13
-9
-271
-348
-422
-1278
-1422
-1363
-1559
-179
-291
-1818
-3335
-3794
-3797
836
-101
20
-199
-459
-723
-2412
-938
-1337
-21084
-192
-759
-4358
-4158
-3161
-3515
-15103
99
-868
-53
-334
-2933
-2928
-2845
-3174
-3411
-110
-567
-2913
-3088
-3912
-3725
-366
25
-718
-354
-65
-2794
-3928
1526
-3468
-11693
-373
191
-3538
-4103
-1027
-3773
-12759
-121
547
0
0
0
0
0
0
0
0
0
0
0
-2302
-820
865
-1729
-1579
0
0
0
0
0
0
0
0
0
0
0
-772
-1729
-1614
-1687
-15539
0
0
0
0
0
0
0
0
0
0
0
-3415
-2840
3301
-2308
-2487
0
0
0
0
0
0
0
0
0
0
0
-2226
-2614
-3162
-2612
-17349
0
0
0
0
0
0
0
0
0
0
0
-4441
-2933
-643
-872
-3430
0
0
0
0
0
0
0
0
0
0
0
-1373
-2953
-4197
-3469
-17957
0
0
0
0
0
0
0
0
0
0
0
-3451
-476
-3961
167
-2627
0
0
0
0
0
0
0
0
0
0
0
-165
-2927
-2638
-2487
-20726
0
0
0
0
0
0
0
0
0
0
0
-2613
-1282
-2442
-496
-2048
0
0
0
0
0
0
0
0
0
0
0
347
-2528
-2087
-2071
-15420
0
0
0
0
0
0
0
0
0
0
0
-3496
-2761
-481
-3325
-2997
0
0
0
0
0
0
0
0
0
0
0
-899
-1773
-2271
-3064
-18076
0
0
0
0
0
0
0
0
0
0
0
-3447
-1744
-1439
-3426
-3089
0
0
0
0
0
0
0
0
0
0
0
-1690
-3124
-601
-3056
-18376
0
0
0
0
0
0
0
0
0
0
0
-4040
-2374
-1472
-2724
-3670
0
0
0
0
0
0
0
0
0
0
0
-2579
-2660
-1914
-3598
-15502
0
0
0
0
0
0
0
0
0
0
0
-1806
1333
-533
-1628
-1601
0
0
0
0
0
0
0
0
0
0
0
-489
-2483
-1716
-1597
-16454
0
0
0
0
0
0
0
0
0
0
0
-2572
-1439
1919
-1082
-2317
0
0
0
0
0
0
0
0
0
0
0
-2985
-3323
-3005
-2634
-24976
0
0
0
0
0
0
0
0
0
0
0
-5186
-4087
-2153
3694
-4399
0
0
0
0
0
0
0
0
0
0
0
-4299
-4626
-6525
-4525
-19384
0
0
0
0
0
0
0
0
0
0
0
-5008
-3871
-6618
6329
-4634
0
0
0
0
0
0
0
0
0
0
0
-3916
-5435
-4987
-4517
-25873
0
0
0
0
0
0
0
0
0
0
0
-2803
-2554
-4839
152
-2552
0
0
0
0
0
0
0
0
0
0
0
-637
-2815
-758
-2625
-16703
0
0
0
0
0
0
0
0
0
0
0
-2248
-2833
-1830
-2050
-2329
0
0
0
0
0
0
0
0
0
0
0
-1218
-1671
-693
-2383
-19507
0
0
0
0
0
0
0
0
0
0
0
-3492
-2392
-2646
-2812
-3392
0
0
0
0
0
0
0
0
0
0
0
-792
-3762
-1471
-3357
-20285
0
0
0
0
0
0
0
0
0
0
0
-3450
-1003
-2063
-3018
-3257
0
0
0
0
0
0
0
0
0
0
0
-1306
-1693
-2929
-3048
-18623
0
0
0
0
0
0
0
0
0
0
0
-1556
741
-1345
-2110
-1620
0
0
0
0
0
0
0
0
0
0
0
-8
-2872
-552
-1566
-12141
0
0
0
0
0
0
0
0
0
0
0
-2152
-993
772
-807
-2208
0
0
0
0
0
0
0
0
0
0
0
-2564
-2984
-2316
-2301
-19303
0
0
0
0
0
0
0
0
0
0
0
-6089
-5257
-3650
6663
-4846
0
0
0
0
0
0
0
0
0
0
0
-6214
-4962
-7419
-4814
-18880
0
0
0
0
0
0
0
0
0
0
0
-13095
-12423
-15418
13936
-13597
0
0
0
0
0
0
0
0
0
0
0
-14066
-13013
-14369
-13644
15513
0
0
0
0
0
0
0
0
0
0
0
-5336
-6336
-8895
6963
-5651
0
0
0
0
0
0
0
0
0
0
0
-6003
-6105
-4072
-5586
-22969
0
0
0
0
0
0
0
0
0
0
0
-2494
-3678
-3543
1671
-3112
0
0
0
0
0
0
0
0
0
0
0
-2790
-5072
-259
-2916
-16752
0
0
0
0
0
0
0
0
0
0
0
-1707
-3336
-4283
2248
-3885
0
0
0
0
0
0
0
0
0
0
0
-3383
-5703
-2073
-3681
-14867
0
0
0
0
0
0
0
0
0
0
0
-2129
-1744
-2095
-1460
-3230
0
0
0
0
0
0
0
0
0
0
0
-1746
-3190
-2773
-3018
-14396
0
0
0
0
0
0
0
0
0
0
0
-1699
22
-1221
-1255
-1327
0
0
0
0
0
0
0
0
0
0
0
1231
-2571
-651
-1047
-15333
0
0
0
0
0
0
0
0
0
0
0
-2124
70
-557
-1271
-2091
0
0
0
0
0
0
0
0
0
0
0
-1249
-3505
-1396
-1996
-12208
0
0
0
0
0
0
0
0
0
0
0
-4691
-3590
-2277
3938
-3995
0
0
0
0
0
0
0
0
0
0
0
-4944
-5328
-4173
-3880
-16642
0
0
0
0
0
0
0
0
0
0
0
-12415
-11667
-12608
10806
-12404
0
0
0
0
0
0
0
0
0
0
0
-13433
-12642
-10228
-12147
13402
0
0
0
0
0
0
0
0
0
0
0
-9242
-8972
-12035
8470
-8923
0
0
0
0
0
0
0
0
0
0
0
-10996
-8510
-5139
-8748
-9520
0
0
0
0
0
0
0
0
0
0
0
-4033
-5734
-3895
2694
-4175
0
0
0
0
0
0
0
0
0
0
0
-4425
-4941
-1530
-3987
-24148
0
0
0
0
0
0
0
0
0
0
0
-3000
-5006
-4072
-330
-4215
0
0
0
0
0
0
0
0
0
0
0
-4509
-5376
1290
-3977
-20083
0
0
0
0
0
0
0
0
0
0
0
-2993
-3538
-2199
-2716
-3675
0
0
0
0
0
0
0
0
0
0
0
-2497
-4957
771
-3563
-12431
0
0
0
0
0
0
0
0
0
0
0
-2574
-732
-2163
-929
-1776
0
0
0
0
0
0
0
0
0
0
0
1064
-2914
-298
-1498
-13834
0
0
0
0
0
0
0
0
0
0
0
-2722
817
-2147
-2529
-2174
0
0
0
0
0
0
0
0
0
0
0
-917
-3341
303
-1865
-14997
0
0
0
0
0
0
0
0
0
0
0
-3184
-540
-2433
-230
-2974
0
0
0
0
0
0
0
0
0
0
0
-2646
-4040
-1267
-2696
-12523
0
0
0
0
0
0
0
0
0
0
0
-3594
-2019
-2950
1127
-3018
0
0
0
0
0
0
0
0
0
0
0
-4112
-3790
-193
-2732
-17580
0
0
0
0
0
0
0
0
0
0
0
-5394
-3515
-6758
636
-4417
0
0
0
0
0
0
0
0
0
0
0
-5265
-4083
669
-4163
-17741
0
0
0
0
0
0
0
0
0
0
0
-3507
-4605
-2935
-637
-3505
0
0
0
0
0
0
0
0
0
0
0
-3771
-1943
-1825
-3616
-14735
0
0
0
0
0
0
0
0
0
0
0
-4007
-4945
-3209
-3306
-4174
0
0
0
0
0
0
0
0
0
0
0
-5198
-2346
1615
-4038
32756
0
0
0
0
0
0
0
0
0
0
0
-3666
-3872
-4532
-4952
-3673
0
0
0
0
0
0
0
0
0
0
0
-3380
-3397
3924
-3548
-21888
0
0
0
0
0
0
0
0
0
0
0
-2393
-959
-1720
-1687
-1661
0
0
0
0
0
0
0
0
0
0
0
1720
-1754
-988
-1391
-15469
0
0
0
0
0
0
0
0
0
0
0
-3092
86
-2359
-2393
-2336
0
0
0
0
0
0
0
0
0
0
0
185
-3395
-326
-2109
-14125
0
0
0
0
0
0
0
0
0
0
0
-3239
522
-2640
-2366
-2411
0
0
0
0
0
0
0
0
0
0
0
-989
-2241
-518
-2222
-16882
0
0
0
0
0
0
0
0
0
0
0
-2823
495
-2443
-1992
-2139
0
0
0
0
0
0
0
0
0
0
0
-1679
-1955
225
-1843
-19322
0
0
0
0
0
0
0
0
0
0
0
-2115
-899
-3466
-1992
-2198
0
0
0
0
0
0
0
0
0
0
0
-1727
-2005
1519
-1825
-16894
0
0
0
0
0
0
0
0
0
0
0
-3202
-3037
-2588
-2923
-2898
0
0
0
0
0
0
0
0
0
0
0
-3229
-3355
2750
-3046
-20529
0
0
0
0
0
0
0
0
0
0
0
-8555
-6387
-6074
-9746
-7565
0
0
0
0
0
0
0
0
0
0
0
-8027
-9099
7619
-7467
-14122
0
0
0
0
0
0
0
0
0
0
0
-4673
-3578
-5106
-5943
-4768
0
0
0
0
0
0
0
0
0
0
0
-6290
-2947
4014
-4594
-18713
0
0
0
0
0
0
0
0
0
0
0
-2035
-1393
-1241
-1825
-1648
0
0
0
0
0
0
0
0
0
0
0
1842
-1127
-1601
-1446
-13554
0
0
0
0
0
0
0
0
0
0
0
-3115
-577
-1663
-1543
-1985
0
0
0
0
0
0
0
0
0
0
0
592
-2575
-451
-1838
-17753
0
0
0
0
0
0
0
0
0
0
0
-3695
169
-2741
-1659
-2423
0
0
0
0
0
0
0
0
0
0
0
-543
-3084
367
-2182
-17682
0
0
0
0
0
0
0
0
0
0
0
-3725
-691
-3133
-1875
-2823
0
0
0
0
0
0
0
0
0
0
0
-864
-3351
224
-2569
-11147
0
0
0
0
0
0
0
0
0
0
0
-3296
-1930
-3779
-3060
-3007
0
0
0
0
0
0
0
0
0
0
0
-1816
-1883
1436
-2681
-13293
0
0
0
0
0
0
0
0
0
0
0
-2732
-2169
-2504
-3726
-2864
0
0
0
0
0
0
0
0
0
0
0
-1359
-3853
2056
-2619
-18055
0
0
0
0
0
0
0
0
0
0
0
-2107
-3521
-3106
-3277
-3694
0
0
0
0
0
0
0
0
0
0
0
-1893
-5703
1660
-3547
-21676
0
0
0
0
0
0
0
0
0
0
0
-2387
-2780
-3056
-3832
-3444
0
0
0
0
0
0
0
0
0
0
0
-2530
-4234
1490
-3221
-19494
0
0
0
0
0
0
0
0
0
0
0
-2083
-1526
-591
-1486
-1636
0
0
0
0
0
0
0
0
0
0
0
789
-858
-2135
-1579
-13766
0
0
0
0
0
0
0
0
0
0
0
-2477
-1059
-1091
-1438
-1614
0
0
0
0
0
0
0
0
0
0
0
762
-1060
-1438
-1527
-13325
0
0
0
0
0
0
0
0
0
0
0
-2488
-297
-2133
-1081
-1738
0
0
0
0
0
0
0
0
0
0
0
-473
-1316
-278
-1595
-14213
0
0
0
0
0
0
0
0
0
0
0
-2216
-515
-1511
-754
-1701
0
0
0
0
0
0
0
0
0
0
0
-931
-1707
-34
-1474
-16167
0
0
0
0
0
0
0
0
0
0
0
-1497
-769
-913
-1548
-1260
0
0
0
0
0
0
0
0
0
0
0
-773
-1278
889
-958
-18191
0
0
0
0
0
0
0
0
0
0
0
-1956
-991
-1056
-2425
-1860
0
0
0
0
0
0
0
0
0
0
0
-312
-2665
450
-1641
-14908
0
0
0
0
0
0
0
0
0
0
0
-1605
-1065
-1599
-1845
-2198
0
0
0
0
0
0
0
0
0
0
0
-139
-3576
-246
-1954
-14956
0
0
0
0
0
0
0
0
0
0
0
-1889
-2161
-2395
-2394
-2620
0
0
0
0
0
0
0
0
0
0
0
-1276
-3884
960
-2441
-12359
0
0
0
0
0
0
0
0
0
0
0
0
0
0
0
0
0
0
0
0
0
0
0
0
0
0
0
0
0
0
0
0
0
0
0
0
0
0
0
0
0
0
0
0
0
0
0
0
0
0
0
0
0
0
0
0
0
0
0
0
0
0
0
0
0
0
0
0
0
0
0
0
0
0
0
0
0
0
0
0
0
0
0
0
0
0
0
0
0
0
0
0
0
0
0
0
0
0
0
0
0
0
0
0
0
0
0
0
0
0
0
0
0
0
0
0
0
0
0
0
0
0
0
0
0
0
0
0
0
0
0
0
0
0
0
0
0
0
0
0
0
0
0
0
0
0
0
0
0
0
0
0
0
0
0
0
0
0
0
0
0
0
0
0
0
0
0
0
0
0
0
0
0
0
0
0
0
0
0
0
0
0
0
0
0
0
0
0
0
0
0
0
0
0
0
0
0
0
0
0
0
0
0
0
0
0
0
0
0
0
0
0
0
0
0
0
0
0
0
0
0
0
0
0
0
0
0
0
0
0
0
0
0
0
0
0
0
0
0
0
0
0
0
0
0
0
0
0
0
0
0
0
0
0
0
0
0
0
0
0
0
0
0
0
0
0
0
0
0
0
0
0
0
0
0
0
0
0
0
0
0
0
0
0
0
0
0
0
0
0
0
0
0
0
0
0
0
0
0
0
0
0
0
0
0
0
0
0
0
0
0
0
0
0
0
0
0
0
0
0
0
0
0
0
0
0
0
0
0
0
0
0
0
0
0
0
0
0
0
0
0
0
0
0
0
0
0
0
0
0
0
0
0
0
0
0
0
0
0
0
0
0
0
0
0
0
0
0
0
0
0
0
0
0
0
0
0
0
0
0
0
0
0
0
0
0
0
0
0
0
0
0
0
0
0
0
0
0
0
0
0
0
0
0
0
0
0
0
0
0
0
0
0
0
0
0
0
0
0
0
0
0
0
0
0
0
0
0
0
0
0
0
0
0
0
0
0
0
0
0
0
0
0
0
0
0
0
0
0
0
0
0
0
0
0
0
0
0
0
0
0
0
0
0
0
0
0
0
0
0
0
0
0
0
0
0
0
0
0
0
0
0
0
0
0
0
0
0
0
0
0
0
0
0
0
0
0
0
0
0
0
0
0
0
0
0
0
0
0
0
0
0
0
0
0
0
0
0
0
0
0
0
0
0
0
0
0
0
0
0
0
0
0
0
0
0
0
0
0
0
0
0
0
0
0
0
0
0
0
0
0
0
0
0
0
0
0
0
0
0
0
0
0
0
0
0
0
0
0
0
0
0
0
0
0
0
0
0
0
0
0
0
0
0
0
0
0
0
0
0
0
0
0
0
0
0
0
0
0
0
0
0
0
0
0
0
0
0
0
0
0
0
0
0
0
0
0
0
0
0
0
0
0
0
0
0
0
0
0
0
0
0
0
0
0
0
0
0
0
0
0
0
0
0
0
0
0
0
0
0
0
0
0
0
0
0
0
0
0
0
0
0
0
0
0
0
0
0
0
0
0
0
0
0
0
0
0
0
0
0
0
0
0
0
0
0
0
0
0
0
0
0
0
0
0
0
0
0
0
0
0
0
0
0
0
0
0
0
0
0
0
0
0
0
0
0
0
0
0
0
0
0
0
0
0
0
0
0
0
0
0
0
0
0
0
0
0
0
0
0
0
0
0
0
0
0
0
0
0
0
0
0
0
0
0
0
0
0
0
0
0
0
0
0
0
0
0
0
0
0
0
0
0
0
0
0
0
0
0
0
0
0
0
0
0
0
0
0
0
0
0
0
0
0
0
0
0
0
0
0
0
0
0
0
0
0
0
0
0
0
0
0
0
0
0
0
0
0
0
0
0
0
0
0
0
0
0
0
0
0
0
0
0
0
0
0
0
0
0
0
0
0
0
0
0
0
0
0
0
0
0
0
0
0
0
0
0
0
0
0
0
0
0
0
0
0
0
0
0
0
0
0
0
0
0
0
0
0
0
0
0
0
0
0
0
0
0
0
0
0
0
0
0
0
0
0
0
0
0
0
0
0
0
0
0
0
0
0
0
0
0
0
0
0
0
0
0
0
0
0
0
0
0
0
0
0
0
0
0
0
0
0
0
0
0
0
0
0
0
0
0
0
0
0
0
0
0
0
0
0
0
0
0
0
0
0
0
0
0
0
0
0
0
0
0
0
0
0
0
0
0
0
0
0
0
0
0
0
0
0
0
0
0
0
0
0
0
0
0
0
0
0
0
0
0
0
0
0
0
0
0
0
0
0
0
0
0
0
0
0
0
0
0
0
0
0
0
0
0
0
0
0
0
0
0
0
0
0
0
0
0
0
0
0
0
0
0
0
0
0
0
0
0
0
0
0
0
0
0
0
0
0
0
0
0
0
0
0
0
0
0
0
0
0
0
0
0
0
0
0
0
0
0
0
0
0
0
0
0
0
0
0
0
0
0
0
0
0
0
0
0
0
0
0
0
0
0
0
0
0
0
0
0
0
0
0
0
0
0
0
0
0
0
0
0
0
0
0
0
0
0
0
0
0
0
0
0
0
0
0
0
0
0
0
0
0
0
0
0
0
0
0
0
0
0
0
0
0
0
0
0
0
0
0
0
0
0
0
0
0
0
0
0
0
0
0
0
0
0
0
0
0
0
0
0
0
0
0
0
0
0
0
0
0
0
0
0
0
0
0
0
0
0
0
0
0
0
0
0
0
0
0
0
0
0
0
0
0
0
0
0
0
0
0
0
0
0
0
0
0
0
0
0
0
0
0
0
0
0
0
0
0
0
0
0
0
0
0
0
0
0
0
0
0
0
0
0
0
0
0
0
0
0
0
0
0
0
0
0
0
0
0
0
0
0
0
0
0
0
0
0
0
0
0
0
0
0
0
0
0
0
0
0
0
0
0
0
0
0
0
0
0
0
0
0
0
0
0
0
0
0
0
0
0
0
0
0
0
0
0
0
0
0
0
0
0
0
0
0
0
0
0
0
0
0
0
0
0
0
0
0
0
0
0
0
0
0
0
0
0
0
0
0
0
0
0
0
0
0
0
0
0
0
0
0
0
0
0
0
0
0
0
0
0
0
0
0
0
0
0
0
0
0
0
0
0
0
0
0
0
0
0
0
0
0
0
0
0
0
0
0
0
0
0
0
0
0
0
0
0
0
0
0
0
0
0
0
0
0
0
0
0
0
0
0
0
0
0
0
0
0
0
0
0
0
0
0
0
0
0
0
0
0
0
0
0
0
0
0
0
0
0
0
0
0
0
0
0
0
0
0
0
0
0
0
0
0
0
0
0
0
0
0
0
0
0
0
0
0
0
0
0
0
0
0
0
0
0
0
0
0
0
0
0
0
0
0
0
0
0
0
0
0
0
0
0
0
0
0
0
0
0
0
0
0
0
0
0
0
0
0
0
0
0
0
0
0
0
0
0
0
0
0
0
0
0
0
0
0
0
0
0
0
0
0
0
0
0
0
0
0
0
0
0
0
0
0
0
0
0
0
0
0
0
0
0
0
0
0
0
0
0
0
0
0
0
0
0
0
0
0
0
0
0
0
0
0
0
0
0
0
0
0
0
0
0
0
0
0
0
0
0
0
0
0
0
0
0
0
0
0
0
0
0
0
0
0
0
0
0
0
0
0
0
0
0
0
0
0
0
0
0
0
0
0
0
0
0
0
0
0
0
0
0
0
0
0
0
0
0
0
0
0
0
0
0
0
0
0
0
0
0
0
0
0
0
0
0
0
0
0
0
0
0
0
0
0
0
0
0
0
0
0
0
0
0
0
0
0
0
0
0
0
0
0
0
0
0
0
0
0
0
0
0
0
0
0
0
0
0
0
0
0
0
0
0
0
0
0
0
0
0
0
0
0
0
0
0
0
0
0
0
0
0
0
0
0
0
0
0
0
0
0
0
0
0
0
0
0
0
0
0
0
0
0
0
0
0
0
0
0
0
0
0
0
0
0
0
0
0
0
0
0
0
0
0
0
0
0
0
0
0
0
0
0
0
0
0
0
0
0
0
0
0
0
0
0
0
0
0
0
0
0
0
0
0
0
0
0
0
0
0
0
0
0
0
0
0
0
0
0
0
0
0
0
0
0
0
0
0
0
0
0
0
0
0
0
0
0
0
0
0
0
0
0
0
0
0
0
0
0
0
0
0
0
0
0
0
0
0
0
0
0
0
0
0
0
0
0
0
0
0
0
0
0
0
0
0
0
0
0
0
0
0
0
0
0
0
0
0
0
0
0
0
0
0
0
0
0
0
0
0
0
0
0
0
0
0
0
0
0
0
0
0
0
0
0
0
0
0
0
0
0
0
0
0
0
0
0
0
0
0
0
0
0
0
0
0
0
0
0
0
0
0
0
0
0
0
0
0
0
0
0
0
0
0
0
0
0
0
0
0
0
0
0
0
0
0
0
0
0
0
0
0
0
0
0
0
0
0
0
0
0
0
0
0
0
0
0
0
0
0
0
0
0
0
0
0
0
0
0
0
0
0
0
0
0
0
0
0
0
0
0
0
0
0
0
0
0
0
0
0
0
0
0
0
0
0
0
0
0
0
0
0
0
0
0
0
0
0
0
0
0
0
0
0
0
0
0
0
0
0
0
0
0
0
0
0
0
0
0
0
0
0
0
0
0
0
0
0
0
0
0
0
0
0
0
0
0
0
0
0
0
0
0
0
0
0
0
0
0
0
0
0
0
0
0
0
0
0
0
0
0
0
0
0
0
0
0
0
0
0
0
0
0
0
0
0
0
0
0
0
0
0
0
0
0
0
0
0
0
0
0
0
0
0
0
0
0
0
0
0
0
0
0
0
0
0
0
0
0
0
0
0
0
0
0
0
0
0
0
0
0
0
0
0
0
0
0
0
0
0
0
0
0
0
0
0
0
0
0
0
0
0
0
0
0
0
0
0
0
0
0
0
0
0
0
0
0
0
0
0
0
0
0
0
0
0
0
0
0
0
0
0
0
0
0
0
0
0
0
0
0
0
0
0
0
0
0
0
0
0
0
0
0
0
0
0
0
0
0
0
0
0
0
0
0
0
0
0
0
0
0
0
0
0
0
0
0
0
0
0
0
0
0
0
0
0
0
0
0
0
0
0
0
0
0
0
0
0
0
0
0
0
0
0
0
0
0
0
0
0
0
0
0
0
0
0
0
0
0
0
0
0
0
0
0
0
0
0
0
0
0
0
0
0
0
0
0
0
0
0
0
0
0
0
0
0
0
0
0
0
0
0
0
0
0
0
0
0
0
0
0
0
0
0
0
0
0
0
0
0
0
0
0
0
0
0
0
0
0
0
0
0
0
0
0
0
0
0
0
0
0
0
0
0
0
0
0
0
0
0
0
0
0
0
0
0
0
0
0
0
0
0
0
0
0
0
0
0
0
0
0
0
0
0
0
0
0
0
0
0
0
0
0
0
0
0
0
0
0
0
0
0
0
0
0
0
0
0
0
0
0
0
0
0
0
0
0
0
0
0
0
0
0
0
0
0
0
0
0
0
0
0
0
0
0
0
0
0
0
0
0
0
0
0
0
0
0
0
0
0
0
0
0
0
0
0
0
0
0
0
0
0
0
0
0
0
0
0
0
0
0
0
0
0
0
0
0
0
0
0
0
0
0
0
0
0
0
0
0
0
0
0
0
0
0
0
0
0
0
0
0
0
0
0
0
0
0
0
0
0
0
0
0
0
0
0
0
0
0
0
0
0
0
0
0
0
0
0
0
0
0
0
0
0
0
0
0
0
0
0
0
0
0
0
0
0
0
0
0
0
0
0
0
0
0
0
0
0
0
0
0
0
0
0
0
0
0
0
0
0
0
0
0
0
0
0
0
0
0
0
0
0
0
0
0
0
0
0
0
0
0
0
0
0
0
0
0
0
0
0
0
0
0
0
0
0
0
0
0
0
0
0
0
0
0
0
0
0
0
0
0
0
0
0
0
0
0
0
0
0
0
0
0
0
0
0
0
0
0
0
0
0
0
0
0
0
0
0
0
0
0
0
0
0
0
0
0
0
0
0
0
0
0
0
0
0
0
0
0
0
0
0
0
0
0
0
0
0
0
0
0
0
0
0
0
0
0
0
0
0
0
0
0
0
0
0
0
0
0
0
0
0
0
0
0
0
0
0
0
0
0
0
0
0
0
0
0
0
0
0
0
0
0
0
0
0
0
0
0
0
0
0
0
0
0
0
0
0
0
0
0
0
0
0
0
0
0
0
0
0
0
0
0
0
0
0
0
0
0
0
0
0
0
0
0
0
0
0
0
0
0
0
0
0
0
0
0
0
0
0
0
0
0
0
0
0
0
0
0
0
0
0
0
0
0
0
0
0
0
0
0
0
0
0
0
0
0
0
0
0
0
0
0
0
0
0
0
0
0
0
0
0
0
0
0
0
0
0
0
0
0
0
0
0
0
0
0
0
0
0
0
0
0
0
0
0
0
0
0
0
0
0
0
0
0
0
0
0
0
0
0
0
0
0
0
0
0
0
0
0
0
0
0
0
0
0
0
0
0
0
0
0
0
0
0
0
0
0
0
0
0
0
0
0
0
0
0
0
0
0
0
0
0
0
0
0
0
0
0
0
0
0
0
0
0
0
0
0
0
0
0
0
0
0
0
0
0
0
0
0
0
0
0
0
0
0
0
0
0
0
0
0
0
0
0
0
0
0
0
0
0
0
0
0
0
0
0
0
0
0
0
0
0
0
0
0
0
0
0
0
0
0
0
0
0
0
0
0
0
0
0
0
0
0
0
0
0
0
0
0
0
0
0
0
0
0
0
0
0
0
0
0
0
0
0
0
0
0
0
0
0
0
0
0
0
0
0
0
0
0
0
0
0
0
0
0
0
0
0
0
0
0
0
0
0
0
0
0
0
0
0
0
0
0
0
0
0
0
0
0
0
0
0
0
0
0
0
0
0
0
0
0
0
0
0
0
0
0
0
0
0
0
0
0
0
0
0
0
0
0
0
0
0
0
0
0
0
0
0
0
0
0
0
0
0
0
0
0
0
0
0
0
0
0
0
0
0
0
0
0
0
0
0
0
0
0
0
0
0
0
0
0
0
0
0
0
0
0
0
0
0
0
0
0
0
0
0
0
0
0
0
0
0
0
0
0
0
0
0
0
0
0
0
0
0
0
0
0
0
0
0
0
0
0
0
0
0
0
0
0
0
0
0
0
0
0
0
0
0
0
0
0
0
0
0
0
0
0
0
0
0
0
0
0
0
0
0
0
0
0
0
0
0
0
0
0
0
0
0
0
0
0
0
0
0
0
0
0
0
0
0
0
0
0
0
0
0
0
0
0
0
0
0
0
0
0
0
0
0
0
0
0
0
0
0
0
0
0
0
0
0
0
0
0
0
0
0
0
0
0
0
0
0
0
0
0
0
0
0
0
0
0
0
0
0
0
0
0
0
0
0
0
0
0
0
0
0
0
0
0
0
0
0
0
0
0
0
0
0
0
0
0
0
0
0
0
0
0
0
0
0
0
0
0
0
0
0
0
0
0
0
0
0
0
0
0
0
0
0
0
0
0
0
0
0
0
0
0
0
0
0
0
0
0
0
0
0
0
0
0
0
0
0
0
0
0
0
0
0
0
0
0
0
0
0
0
0
0
0
0
0
0
0
0
0
0
0
0
0
0
0
0
0
0
0
0
0
0
0
0
0
0
0
0
0
0
0
0
0
0
0
0
0
0
0
0
0
0
0
0
0
0
0
0
0
0
0
0
0
0
0
0
0
0
0
0
0
0
0
0
0
0
0
0
0
0
0
0
0
0
0
0
0
0
0
0
0
0
0
0
0
0
0
0
0
0
0
0
0
0
0
0
0
0
0
0
0
0
0
0
0
0
0
0
0
0
0
0
0
0
0
0
0
0
0
0
0
0
0
0
0
0
0
0
0
0
0
0
0
0
0
0
0
0
0
0
0
0
0
0
0
0
0
0
0
0
0
0
0
0
0
0
0
0
0
0
0
0
0
0
0
0
0
0
0
0
0
0
0
0
0
0
0
0
0
0
0
0
0
0
0
0
0
0
0
0
0
0
0
0
0
0
0
0
0
0
0
0
0
0
0
0
0
0
0
0
0
0
0
0
0
0
0
0
0
0
0
0
0
0
0
0
0
0
0
0
0
0
0
0
0
0
0
0
0
0
0
0
0
0
0
0
0
0
0
0
0
0
0
0
0
0
0
0
0
0
0
0
0
0
0
0
0
0
0
0
0
0
0
0
0
0
0
0
0
0
0
0
0
0
0
0
0
0
0
0
0
0
0
0
0
0
0
0
0
0
0
0
0
0
0
0
0
0
0
0
0
0
0
0
0
0
0
0
0
0
0
0
0
0
0
0
0
0
0
0
0
0
0
0
0
0
0
0
0
0
0
0
0
0
0
0
0
0
0
0
0
0
0
0
0
0
0
0
0
0
0
0
0
0
0
0
0
0
0
0
0
0
0
0
0
0
0
0
0
0
0
0
0
0
0
0
0
0
0
0
0
0
0
0
0
0
0
0
0
0
0
0
0
0
0
0
0
0
0
0
0
0
0
0
0
0
0
0
0
0
0
0
0
0
0
0
0
0
0
0
0
0
0
0
0
0
0
0
0
0
0
0
0
0
0
0
0
0
0
0
0
0
0
0
0
0
0
0
0
0
0
0
0
0
0
0
0
0
0
0
0
0
0
0
0
0
0
0
0
0
0
0
0
0
0
0
0
0
0
0
0
0
0
0
0
0
0
0
0
0
0
0
0
0
0
0
0
0
0
0
0
0
0
0
0
0
0
0
0
0
0
0
0
0
0
0
0
0
0
0
0
0
0
0
0
0
0
0
0
0
0
0
0
0
0
0
0
0
0
0
0
0
0
0
0
0
0
0
0
0
0
0
0
0
0
0
0
0
0
0
0
0
0
0
0
0
0
0
0
0
0
0
0
0
0
0
0
0
0
0
0
0
0
0
0
0
0
0
0
0
0
0
0
0
0
0
0
0
0
0
0
0
0
0
0
0
0
0
0
0
0
0
0
0
0
0
0
0
0
0
0
0
0
0
0
0
0
0
0
0
0
0
0
0
0
0
0
0
0
0
0
0
0
0
0
0
0
0
0
0
0
0
0
0
0
0
0
0
0
0
0
0
0
0
0
0
0
0
0
0
0
0
0
0
0
0
0
0
0
0
0
0
0
0
0
0
0
0
0
0
0
0
0
0
0
0
0
0
0
0
0
0
0
0
0
0
0
0
0
0
0
0
0
0
0
0
0
0
0
0
0
0
0
0
0
0
0
0
0
0
0
0
0
0
0
0
0
0
0
0
0
0
0
0
0
0
0
0
0
0
0
0
0
0
0
0
0
0
0
0
0
0
0
0
0
0
0
0
0
0
0
0
0
0
0
0
0
0
0
0
0
0
0
0
0
0
0
0
0
0
0
0
0
0
0
0
0
0
0
0
0
0
0
0
0
0
0
0
0
0
0
0
0
0
0
0
0
0
0
0
0
0
0
0
0
0
0
0
0
0
0
0
0
0
0
0
0
0
0
0
0
0
0
0
0
0
0
0
0
0
0
0
0
0
0
0
0
0
0
0
0
0
0
0
0
0
0
0
0
0
0
0
0
0
0
0
0
0
0
0
0
0
0
0
0
0
0
0
0
0
0
0
0
0
0
0
0
0
0
0
0
0
0
0
0
0
0
0
0
0
0
0
0
0
0
0
0
0
0
0
0
0
0
0
0
0
0
0
0
0
0
0
0
0
0
0
0
0
0
0
0
0
0
0
0
0
0
0
0
0
0
0
0
0
0
0
0
0
0
0
0
0
0
0
0
0
0
0
0
0
0
0
0
0
0
0
0
0
0
0
0
0
0
0
0
0
0
0
0
0
0
0
0
0
0
0
0
0
0
0
0
0
0
0
0
0
0
0
0
0
0
0
0
0
0
0
0
0
0
0
0
0
0
0
0
0
0
0
0
0
0
0
0
0
0
0
0
0
0
0
0
0
0
0
0
0
0
0
0
0
0
0
0
0
0
0
0
0
0
0
0
0
0
0
0
0
0
0
0
0
0
0
0
0
0
0
0
0
0
0
0
0
0
0
0
0
0
0
0
0
0
0
0
0
0
0
0
0
0
0
0
0
0
0
0
0
0
0
0
0
0
0
0
0
0
0
0
0
0
0
0
0
0
0
0
0
0
0
0
0
0
0
0
0
0
0
0
0
0
0
0
0
0
0
0
0
0
0
0
0
0
0
0
0
0
0
0
0
0
0
0
0
0
0
0
0
0
0
0
0
0
0
0
0
0
0
0
0
0
0
0
0
0
0
0
0
0
0
0
0
0
0
0
0
0
0
0
0
0
0
0
0
0
0
0
0
0
0
0
0
0
0
0
0
0
0
0
0
0
0
0
0
0
0
0
0
0
0
0
0
0
0
0
0
0
0
0
0
0
0
0
0
0
0
0
0
0
0
0
0
0
0
0
0
0
0
0
0
0
0
0
0
0
0
0
0
0
0
0
0
0
0
0
0
0
0
0
0
0
0
0
0
0
0
0
0
0
0
0
0
0
0
0
0
0
0
0
0
0
0
0
0
0
0
0
0
0
0
0
0
0
0
0
0
0
0
0
0
0
0
0
0
0
0
0
0
0
0
0
0
0
0
0
0
0
0
0
0
0
0
0
0
0
0
0
0
0
0
0
0
0
0
0
0
0
0
0
0
0
0
0
0
0
0
0
0
0
0
0
0
0
0
0
0
0
0
0
0
0
0
0
0
0
0
0
0
0
0
0
0
0
0
0
0
0
0
0
0
0
0
0
0
0
0
0
0
0
0
0
0
0
0
0
0
0
0
0
0
0
0
0
0
0
0
0
0
0
0
0
0
0
0
0
0
0
0
0
0
0
0
0
0
0
0
0
0
0
0
0
0
0
0
0
0
0
0
0
0
0
0
0
0
0
0
0
0
0
0
0
0
0
0
0
0
0
0
0
0
0
0
0
0
0
0
0
0
0
0
0
0
0
0
0
0
0
0
0
0
0
0
0
0
0
0
0
0
0
0
0
0
0
0
0
0
0
0
0
0
0
0
0
0
0
0
0
0
0
0
0
0
0
0
0
0
0
0
0
0
0
0
0
0
0
0
0
0
0
0
0
0
0
0
0
0
0
0
0
0
0
0
0
0
0
0
0
0
0
0
0
0
0
0
0
0
0
0
0
0
0
0
0
0
0
0
0
0
0
0
0
0
0
0
0
0
0
0
0
0
0
0
0
0
0
0
0
0
0
0
0
0
0
0
0
0
0
0
0
0
0
0
0
0
0
0
0
0
0
0
0
0
0
0
0
0
0
0
0
0
0
0
0
0
0
0
0
0
0
0
0
0
0
0
0
0
0
0
0
0
0
0
0
0
0
0
0
0
0
0
0
0
0
0
0
0
0
0
0
0
0
0
0
0
0
0
0
0
0
0
0
0
0
0
0
0
0
0
0
0
0
0
0
0
0
0
0
0
0
0
0
0
0
0
0
0
0
0
0
0
0
0
0
0
0
0
0
0
0
0
0
0
0
0
0
0
0
0
0
0
0
0
0
0
0
0
0
0
0
0
0
0
0
0
0
0
0
0
0
0
0
0
0
0
0
0
0
0
0
0
0
0
0
0
0
0
0
0
0
0
0
0
0
0
0
0
0
0
0
0
0
0
0
0
0
0
0
0
0
0
0
0
0
0
0
0
0
0
0
0
0
0
0
0
0
0
0
0
0
0
0
0
0
0
0
0
0
0
0
0
0
0
0
0
0
0
0
0
0
0
0
0
0
0
0
0
0
0
0
0
0
0
0
0
0
0
0
0
0
0
0
0
0
0
0
0
0
0
0
0
0
0
0
0
0
0
0
0
0
0
0
0
0
0
0
0
0
0
0
0
0
0
0
0
0
0
0
0
0
0
0
0
0
0
0
0
0
0
0
0
0
0
0
0
0
0
0
0
0
0
0
0
0
0
0
0
0
0
0
0
0
0
0
0
0
0
0
0
0
0
0
0
0
0
0
0
0
0
0
0
0
0
0
0
0
0
0
0
0
0
0
0
0
0
0
0
0
0
0
0
0
0
0
0
0
0
0
0
0
0
0
0
0
0
0
0
0
0
0
0
0
0
0
0
0
0
0
0
0
0
0
0
0
0
0
0
0
0
0
0
0
0
0
0
0
0
0
0
0
0
0
0
0
0
0
0
0
0
0
0
0
0
0
0
0
0
0
0
0
0
0
0
0
0
0
0
0
0
0
0
0
0
0
0
0
0
0
0
0
0
0
0
0
0
0
0
0
0
0
0
0
0
0
0
0
0
0
0
0
0
0
0
0
0
0
0
0
0
0
0
0
0
0
0
0
0
0
0
0
0
0
0
0
0
0
0
0
0
0
0
0
0
0
0
0
0
0
0
0
0
0
0
0
0
0
0
0
0
0
0
0
0
0
0
0
0
0
0
0
0
0
0
0
0
0
0
0
0
0
0
0
0
0
0
0
0
0
0
0
0
0
0
0
0
0
0
0
0
0
0
0
0
0
0
0
0
0
0
0
0
0
0
0
0
0
0
0
0
0
0
0
0
0
0
0
0
0
0
0
0
0
0
0
0
0
0
0
0
0
0
0
0
0
0
0
0
0
0
0
0
0
0
0
0
0
0
0
0
0
0
0
0
0
0
0
0
0
0
0
0
0
0
0
0
0
0
0
0
0
0
0
0
0
0
0
0
0
0
0
0
0
0
0
0
0
0
0
0
0
0
0
0
0
0
0
0
0
0
0
0
0
0
0
0
0
0
0
0
0
0
0
0
0
0
0
0
0
0
0
0
0
0
0
0
0
0
0
0
0
0
0
0
0
0
0
0
0
0
0
0
0
0
0
0
0
0
0
0
0
0
0
0
0
0
0
0
0
0
0
0
0
0
0
0
0
0
0
0
0
0
0
0
0
0
0
0
0
0
0
0
0
0
0
0
0
0
0
0
0
0
0
0
0
0
0
0
0
0
0
0
0
0
0
0
0
0
0
0
0
0
0
0
0
0
0
0
0
0
0
0
0
0
0
0
0
0
0
0
0
0
0
0
0
0
0
0
0
0
0
0
0
0
0
0
0
0
0
0
0
0
0
0
0
0
0
0
0
0
0
0
0
0
0
0
0
0
0
0
0
0
0
0
0
0
0
0
0
0
0
0
0
0
0
0
0
0
0
0
0
0
0
0
0
0
0
0
0
0
0
0
0
0
0
0
0
0
0
0
0
0
0
0
0
0
0
0
0
0
0
0
0
0
0
0
0
0
0
0
0
0
0
0
0
0
0
0
0
0
0
0
0
0
0
0
0
0
0
0
0
0
0
0
0
0
0
0
0
0
0
0
0
0
0
0
0
0
0
0
0
0
0
0
0
0
0
0
0
0
0
0
0
0
0
0
0
0
0
0
0
0
0
0
0
0
0
0
0
0
0
0
0
0
0
0
0
0
0
0
0
0
0
0
0
0
0
0
0
0
0
0
0
0
0
0
0
0
0
0
0
0
0
0
0
0
0
0
0
0
0
0
0
0
0
0
0
0
0
0
0
0
0
0
0
0
0
0
0
0
0
0
0
0
0
0
0
0
0
0
0
0
0
0
0
0
0
0
0
0
0
0
0
0
0
0
0
0
0
0
0
0
0
0
0
0
0
0
0
0
0
0
0
0
0
0
0
0
0
0
0
0
0
0
0
0
0
0
0
0
0
0
0
0
0
0
0
0
0
0
0
0
0
0
0
0
0
0
0
0
0
0
0
0
0
0
0
0
0
0
0
0
0
0
0
0
0
0
0
0
0
0
0
0
0
0
0
0
0
0
0
0
0
0
0
0
0
0
0
0
0
0
0
0
0
0
0
0
0
0
0
0
0
0
0
0
0
0
0
0
0
0
0
0
0
0
0
0
0
0
0
0
0
0
0
0
0
0
0
0
0
0
0
0
0
0
0
0
0
0
0
0
0
0
0
0
0
0
0
0
0
0
0
0
0
0
0
0
0
0
0
0
0
0
0
0
0
0
0
0
0
0
0
0
0
0
0
0
0
0
0
0
0
0
0
0
0
0
0
0
0
0
0
0
0
0
0
0
0
0
0
0
0
0
0
0
0
0
0
0
0
0
0
0
0
0
0
0
0
0
0
0
0
0
0
0
0
0
0
0
0
0
0
0
0
0
0
0
0
0
0
0
0
0
0
0
0
0
0
0
0
0
0
0
0
0
0
0
0
0
0
0
0
0
0
0
0
0
0
0
0
0
0
0
0
0
0
0
0
0
0
0
0
0
0
0
0
0
0
0
0
0
0
0
0
0
0
0
0
0
0
0
0
0
0
0
0
0
0
0
0
0
0
0
0
0
0
0
0
0
0
0
0
0
0
0
0
0
0
0
0
0
0
0
0
0
0
0
0
0
0
0
0
0
0
0
0
0
0
0
0
0
0
0
0
0
0
0
0
0
0
0
0
0
0
0
0
0
0
0
0
0
0
0
0
0
0
0
0
0
0
0
0
0
0
0
0
0
0
0
0
0
0
0
0
0
0
0
0
0
0
0
0
0
0
0
0
0
0
0
0
0
0
0
0
0
0
0
0
0
0
0
0
0
0
0
0
0
0
0
0
0
0
0
0
0
0
0
0
0
0
0
0
0
0
0
0
0
0
0
0
0
0
0
0
0
0
0
0
0
0
0
0
0
0
0
0
0
0
0
0
0
0
0
0
0
0
0
0
0
0
0
0
0
0
0
0
0
0
0
0
0
0
0
0
0
0
0
0
0
0
0
0
0
0
0
0
0
0
0
0
0
0
0
0
0
0
0
0
0
0
0
0
0
0
0
0
0
0
0
0
0
0
0
0
0
0
0
0
0
0
0
0
0
0
0
0
0
0
0
0
0
0
0
0
0
0
0
0
0
0
0
0
0
0
0
0
0
0
0
0
0
0
0
0
0
0
0
0
0
0
0
0
0
0
0
0
0
0
0
0
0
0
0
0
0
0
0
0
0
0
0
0
0
0
0
0
0
0
0
0
0
0
0
0
0
0
0
0
0
0
0
0
0
0
0
0
0
0
0
0
0
0
0
0
0
0
0
0
0
0
0
0
0
0
0
0
0
0
0
0
0
0
0
0
0
0
0
0
0
0
0
0
0
0
0
0
0
0
0
0
0
0
0
0
0
0
0
0
0
0
0
0
0
0
0
0
0
0
0
0
0
0
0
0
0
0
0
0
0
0
0
0
0
0
0
0
0
0
0
0
0
0
0
0
0
0
0
0
0
0
0
0
0
0
0
0
0
0
0
0
0
0
0
0
0
0
0
0
0
0
0
0
0
0
0
0
0
0
0
0
0
0
0
0
0
0
0
0
0
0
0
0
0
0
0
0
0
0
0
0
0
0
0
0
0
0
0
0
0
0
0
0
0
0
0
0
0
0
0
0
0
0
0
0
0
0
0
0
0
0
0
0
0
0
0
0
0
0
0
0
0
0
0
0
0
0
0
0
0
0
0
0
0
0
0
0
0
0
0
0
0
0
0
0
0
0
0
0
0
0
0
0
0
0
0
0
0
0
0
0
0
0
0
0
0
0
0
0
0
0
0
0
0
0
0
0
0
0
0
0
0
0
0
0
0
0
0
0
0
0
0
0
0
0
0
0
0
0
0
0
0
0
0
0
0
0
0
0
0
0
0
0
0
0
0
0
0
0
0
0
0
0
0
0
0
0
0
0
0
0
0
0
0
0
0
0
0
0
0
0
0
0
0
0
0
0
0
0
0
0
0
0
0
0
0
0
0
0
0
0
0
0
0
0
0
0
0
0
0
0
0
0
0
0
0
0
0
0
0
0
0
0
0
0
0
0
0
0
0
0
0
0
0
0
0
0
0
0
0
0
0
0
0
0
0
0
0
0
0
0
0
0
0
0
0
0
0
0
0
0
0
0
0
0
0
0
0
0
0
0
0
0
0
0
0
0
0
0
0
0
0
0
0
0
0
0
0
0
0
0
0
0
0
0
0
0
0
0
0
0
0
0
0
0
0
0
0
0
0
0
0
0
0
0
0
0
0
0
0
0
0
0
0
0
0
0
0
0
0
0
0
0
0
0
0
0
0
0
0
0
0
0
0
0
0
0
0
0
0
0
0
0
0
0
0
0
0
0
0
0
0
0
0
0
0
0
0
0
0
0
0
0
0
0
0
0
0
0
0
0
0
0
0
0
0
0
0
0
0
0
0
0
0
0
0
0
0
0
0
0
0
0
0
0
0
0
0
0
0
0
0
0
0
0
0
0
0
0
0
0
0
0
0
0
0
0
0
0
0
0
0
0
0
0
0
0
0
0
0
0
0
0
0
0
0
0
0
0
0
0
0
0
0
0
0
0
0
0
0
0
0
0
0
0
0
0
0
0
0
0
0
0
0
0
0
0
0
0
0
0
0
0
0
0
0
0
0
0
0
0
0
0
0
0
0
0
0
0
0
0
0
0
0
0
0
0
0
0
0
0
0
0
0
0
0
0
0
0
0
0
0
0
0
0
0
0
0
0
0
0
0
0
0
0
0
0
0
0
0
0
0
0
0
0
0
0
0
0
0
0
0
0
0
0
0
0
0
0
0
0
0
0
0
0
0
0
0
0
0
0
0
0
0
0
0
0
0
0
0
0
0
0
0
0
0
0
0
0
0
0
0
0
0
0
0
0
0
0
0
0
0
0
0
0
0
0
0
0
0
0
0
0
0
0
0
0
0
0
0
0
0
0
0
0
0
0
0
0
0
0
0
0
0
0
0
0
0
0
0
0
0
0
0
0
0
0
0
0
0
0
0
0
0
0
0
0
0
0
0
0
0
0
0
0
0
0
0
0
0
0
0
0
0
0
0
0
0
0
0
0
0
0
0
0
0
0
0
0
0
0
0
0
0
0
0
0
0
0
0
0
0
0
0
0
0
0
0
0
0
0
0
0
0
0
0
0
0
0
0
0
0
0
0
0
0
0
0
0
0
0
0
0
0
0
0
0
0
0
0
0
0
0
0
0
0
0
0
0
0
0
0
0
0
0
0
0
0
0
0
0
0
0
0
0
0
0
0
0
0
0
0
0
0
0
0
0
0
0
0
0
0
0
0
0
0
0
0
0
0
0
0
0
0
0
0
0
0
0
0
0
0
0
0
0
0
0
0
0
0
0
0
0
0
0
0
0
0
0
0
0
0
0
0
0
0
0
0
0
0
0
0
0
0
0
0
0
0
0
0
0
0
0
0
0
0
0
0
0
0
0
0
0
0
0
0
0
0
0
0
0
0
0
0
0
0
0
0
0
0
0
0
0
0
0
0
0
0
0
0
0
0
0
0
0
0
0
0
0
0
0
0
0
0
0
0
0
0
0
0
0
0
0
0
0
0
0
0
0
0
0
0
0
0
0
0
0
0
0
0
0
0
0
0
0
0
0
0
0
0
0
0
0
0
0
0
0
0
0
0
0
0
0
0
0
0
0
0
0
0
0
0
0
0
0
0
0
0
0
0
0
0
0
0
0
0
0
0
0
0
0
0
0
0
0
0
0
0
0
0
0
0
0
0
0
0
0
0
0
0
0
0
0
0
0
0
0
0
0
0
0
0
0
0
0
0
0
0
0
0
0
0
0
0
0
0
0
0
0
0
0
0
0
0
0
0
0
0
0
0
0
0
0
0
0
0
0
0
0
0
0
0
0
0
0
0
0
0
0
0
0
0
0
0
0
0
0
0
0
0
0
0
0
0
0
0
0
0
0
0
0
0
0
0
0
0
0
0
0
0
0
0
0
0
0
0
0
0
0
0
0
0
0
0
0
0
0
0
0
0
0
0
0
0
0
0
0
0
0
0
0
0
0
0
0
0
0
0
0
0
0
0
0
0
0
0
0
0
0
0
0
0
0
0
0
0
0
0
0
0
0
0
0
0
0
0
0
0
0
0
0
0
0
0
0
0
0
0
0
0
0
0
0
0
0
0
0
0
0
0
0
0
0
0
0
0
0
0
0
0
0
0
0
0
0
0
0
0
0
0
0
0
0
0
0
0
0
0
0
0
0
0
0
0
0
0
0
0
0
0
0
0
0
0
0
0
0
0
0
0
0
0
0
0
0
0
0
0
0
0
0
0
0
0
0
0
0
0
0
0
0
0
0
0
0
0
0
0
0
0
0
0
0
0
0
0
0
0
0
0
0
0
0
0
0
0
0
0
0
0
0
0
0
0
0
0
0
0
0
0
0
0
0
0
0
0
0
0
0
0
0
0
0
0
0
0
0
0
0
0
0
0
0
0
0
0
0
0
0
0
0
0
0
0
0
0
0
0
0
0
0
0
0
0
0
0
0
0
0
0
0
0
0
0
0
0
0
0
0
0
0
0
0
0
0
0
0
0
0
0
0
0
0
0
0
0
0
0
0
0
0
0
0
0
0
0
0
0
0
0
0
0
0
0
0
0
0
0
0
0
0
0
0
0
0
0
0
0
0
0
0
0
0
0
0
0
0
0
0
0
0
0
0
0
0
0
0
0
0
0
0
0
0
0
0
0
0
0
0
0
0
0
0
0
0
0
0
0
0
0
0
0
0
0
0
0
0
0
0
0
0
0
0
0
0
0
0
0
0
0
0
0
0
0
0
0
0
0
0
0
0
0
0
0
0
0
0
0
0
0
0
0
0
0
0
0
0
0
0
0
0
0
0
0
0
0
0
0
0
0
0
0
0
0
0
0
0
0
0
0
0
0
0
0
0
0
0
0
0
0
0
0
0
0
0
0
0
0
0
0
0
0
0
0
0
0
0
0
0
0
0
0
0
0
0
0
0
0
0
0
0
0
0
0
0
0
0
0
0
0
0
0
0
0
0
0
0
0
0
0
0
0
0
0
0
0
0
0
0
0
0
0
0
0
0
0
0
0
0
0
0
0
0
0
0
0
0
0
0
0
0
0
0
0
0
0
0
0
0
0
0
0
0
0
0
0
0
0
0
0
0
0
0
0
0
0
0
0
0
0
0
0
0
0
0
0
0
0
0
0
0
0
0
0
0
0
0
0
0
0
0
0
0
0
0
0
0
0
0
0
0
0
0
0
0
0
0
0
0
0
0
0
0
0
0
0
0
0
0
0
0
0
0
0
0
0
0
0
0
0
0
0
0
0
0
0
0
0
0
0
0
0
0
0
0
0
0
0
0
0
0
0
0
0
0
0
0
0
0
0
0
0
0
0
0
0
0
0
0
0
0
0
0
0
0
0
0
0
0
0
0
0
0
0
0
0
0
0
0
0
0
0
0
0
0
0
0
0
0
0
0
0
0
0
0
0
0
0
0
0
0
0
0
0
0
0
0
0
0
0
0
0
0
0
0
0
0
0
0
0
0
0
0
0
0
0
0
0
0
0
0
0
0
0
0
0
0
0
0
0
0
0
0
0
0
0
0
0
0
0
0
0
0
0
0
0
0
0
0
0
0
0
0
0
0
0
0
0
0
0
0
0
0
0
0
0
0
0
0
0
0
0
0
0
0
0
0
0
0
0
0
0
0
0
0
0
0
0
0
0
0
0
0
0
0
0
0
0
0
0
0
0
0
0
0
0
0
0
0
0
0
0
0
0
0
0
0
0
0
0
0
0
0
0
0
0
0
0
0
0
0
0
0
0
0
0
0
0
0
0
0
0
0
0
0
0
0
0
0
0
0
0
0
0
0
0
0
0
0
0
0
0
0
0
0
0
0
0
0
0
0
0
0
0
0
0
0
0
0
0
0
0
0
0
0
0
0
0
0
0
0
0
0
0
0
0
0
0
0
0
0
0
0
0
0
0
0
0
0
0
0
0
0
0
0
0
0
0
0
0
0
0
0
0
0
0
0
0
0
0
0
0
0
0
0
0
0
0
0
0
0
0
0
0
0
0
0
0
0
0
0
0
0
0
0
0
0
0
0
0
0
0
0
0
0
0
0
0
0
0
0
0
0
0
0
0
0
0
0
0
0
0
0
0
0
0
0
0
0
0
0
0
0
0
0
0
0
0
0
0
0
0
0
0
0
0
0
0
0
0
0
0
0
0
0
0
0
0
0
0
0
0
0
0
0
0
0
0
0
0
0
0
0
0
0
0
0
0
0
0
0
0
0
0
0
0
0
0
0
0
0
0
0
0
0
0
0
0
0
0
0
0
0
0
0
0
0
0
0
0
0
0
0
0
0
0
0
0
0
0
0
0
0
0
0
0
0
0
0
0
0
0
0
0
0
0
0
0
0
0
0
0
0
0
0
0
0
0
0
0
0
0
0
0
0
0
0
0
0
0
0
0
0
0
0
0
0
0
0
0
0
0
0
0
0
0
0
0
0
0
0
0
0
0
0
0
0
0
0
0
0
0
0
0
0
0
0
0
0
0
0
0
0
0
0
0
0
0
0
0
0
0
0
0
0
0
0
0
0
0
0
0
0
0
0
0
0
0
0
0
0
0
0
0
0
0
0
0
0
0
0
0
0
0
0
0
0
0
0
0
0
0
0
0
0
0
0
0
0
0
0
0
0
0
0
0
0
0
0
0
0
0
0
0
0
0
0
0
0
0
0
0
0
0
0
0
0
0
0
0
0
0
0
0
0
0
0
0
0
0
0
0
0
0
0
0
0
0
0
0
0
0
0
0
0
0
0
0
0
0
0
0
0
0
0
0
0
0
0
0
0
0
0
0
0
0
0
0
0
0
0
0
0
0
0
0
0
0
0
0
0
0
0
0
0
0
0
0
0
0
0
0
0
0
0
0
0
0
0
0
0
0
0
0
0
0
0
0
0
0
0
0
0
0
0
0
0
0
0
0
0
0
0
0
0
0
0
0
0
0
0
0
0
0
0
0
0
0
0
0
0
0
0
0
0
0
0
0
0
0
0
0
0
0
0
0
0
0
0
0
0
0
0
0
0
0
0
0
0
0
0
0
0
0
0
0
0
0
0
0
0
0
0
0
0
0
0
0
0
0
0
0
0
0
0
0
0
0
0
0
0
0
0
0
0
0
0
0
0
0
0
0
0
0
0
0
0
0
0
0
0
0
0
0
0
0
0
0
0
0
0
0
0
0
0
0
0
0
0
0
0
0
0
0
0
0
0
0
0
0
0
0
0
0
0
0
0
0
0
0
0
0
0
0
0
0
0
0
0
0
0
0
0
0
0
0
0
0
0
0
0
0
0
0
0
0
0
0
0
0
0
0
0
0
0
0
0
0
0
0
0
0
0
0
0
0
0
0
0
0
0
0
0
0
0
0
0
0
0
0
0
0
0
0
0
0
0
0
0
0
0
0
0
0
0
0
0
0
0
0
0
0
0
0
0
0
0
0
0
0
0
0
0
0
0
0
0
0
0
0
0
0
0
0
0
0
0
0
0
0
0
0
0
0
0
0
0
0
0
0
0
0
0
0
0
0
0
0
0
0
0
0
0
0
0
0
0
0
0
0
0
0
0
0
0
0
0
0
0
0
0
0
0
0
0
0
0
0
0
0
0
0
0
0
0
0
0
0
0
0
0
0
0
0
0
0
0
0
0
0
0
0
0
0
0
0
0
0
0
0
0
0
0
0
0
0
0
0
0
0
0
0
0
0
0
0
0
0
0
0
0
0
0
0
0
0
0
0
0
0
0
0
0
0
0
0
0
0
0
0
0
0
0
0
0
0
0
0
0
0
0
0
0
0
0
0
0
0
0
0
0
0
0
0
0
0
0
0
0
0
0
0
0
0
0
0
0
0
0
0
0
0
0
0
0
0
0
0
0
0
0
0
0
0
0
0
0
0
0
0
0
0
0
0
0
0
0
0
0
0
0
0
0
0
0
0
0
0
0
0
0
0
0
0
0
0
0
0
0
0
0
0
0
0
0
0
0
0
0
0
0
0
0
0
0
0
0
0
0
0
0
0
0
0
0
0
0
0
0
0
0
0
0
0
0
0
0
0
0
0
0
0
0
0
0
0
0
0
0
0
0
0
0
0
0
0
0
0
0
0
0
0
0
0
0
0
0
0
0
0
0
0
0
0
0
0
0
0
0
0
0
0
0
0
0
0
0
0
0
0
0
0
0
0
0
0
0
0
0
0
0
0
0
0
0
0
0
0
0
0
0
0
0
0
0
0
0
0
0
0
0
0
0
0
0
0
0
0
0
0
0
0
0
0
0
0
0
0
0
0
0
0
0
0
0
0
0
0
0
0
0
0
0
0
0
0
0
0
0
0
0
0
0
0
0
0
0
0
0
0
0
0
0
0
0
0
0
0
0
0
0
0
0
0
0
0
0
0
0
0
0
0
0
0
0
0
0
0
0
0
0
0
0
0
0
0
0
0
0
0
0
0
0
0
0
0
0
0
0
0
0
0
0
0
0
0
0
0
0
0
0
0
0
0
0
0
0
0
0
0
0
0
0
0
0
0
0
0
0
0
0
0
0
0
0
0
0
0
0
0
0
0
0
0
0
0
0
0
0
0
0
0
0
0
0
0
0
0
0
0
0
0
0
0
0
0
0
0
0
0
0
0
0
0
0
0
0
0
0
0
0
0
0
0
0
0
0
0
0
0
0
0
0
0
0
0
0
0
0
0
0
0
0
0
0
0
0
0
0
0
0
0
0
0
0
0
0
0
0
0
0
0
0
0
0
0
0
0
0
0
0
0
0
0
0
0
0
0
0
0
0
0
0
0
0
0
0
0
0
0
0
0
0
0
0
0
0
0
0
0
0
0
0
0
0
0
0
0
0
0
0
0
0
0
0
0
0
0
0
0
0
0
0
0
0
0
0
0
0
0
0
0
0
0
0
0
0
0
0
0
0
0
0
0
0
0
0
0
0
0
0
0
0
0
0
0
0
0
0
0
0
0
0
0
0
0
0
0
0
0
0
0
0
0
0
0
0
0
0
0
0
0
0
0
0
0
0
0
0
0
0
0
0
0
0
0
0
0
0
0
0
0
0
0
0
0
0
0
0
0
0
0
0
0
0
0
0
0
0
0
0
0
0
0
0
0
0
0
0
0
0
0
0
0
0
0
0
0
0
0
0
0
0
0
0
0
0
0
0
0
0
0
0
0
0
0
0
0
0
0
0
0
0
0
0
0
0
0
0
0
0
0
0
0
0
0
0
0
0
0
0
0
0
0
0
0
0
0
0
0
0
0
0
0
0
0
0
0
0
0
0
0
0
0
0
0
0
0
0
0
0
0
0
0
0
0
0
0
0
0
0
0
0
0
0
0
0
0
0
0
0
0
0
0
0
0
0
0
0
0
0
0
0
0
0
0
0
0
0
0
0
0
0
0
0
0
0
0
0
0
0
0
0
0
0
0
0
0
0
0
0
0
0
0
0
0
0
0
0
0
0
0
0
0
0
0
0
0
0
0
0
0
0
0
0
0
0
0
0
0
0
0
0
0
0
0
0
0
0
0
0
0
0
0
0
0
0
0
0
0
0
0
0
0
0
0
0
0
0
0
0
0
0
0
0
0
0
0
0
0
0
0
0
0
0
0
0
0
0
0
0
0
0
0
0
0
0
0
0
0
0
0
0
0
0
0
0
0
0
0
0
0
0
0
0
0
0
0
0
0
0
0
0
0
0
0
0
0
0
0
0
0
0
0
0
0
0
0
0
0
0
0
0
0
0
0
0
0
0
0
0
0
0
0
0
0
0
0
0
0
0
0
0
0
0
0
0
0
0
0
0
0
0
0
0
0
0
0
0
0
0
0
0
0
0
0
0
0
0
0
0
0
0
0
0
0
0
0
0
0
0
0
0
0
0
0
0
0
0
0
0
0
0
0
0
0
0
0
0
0
0
0
0
0
0
0
0
0
0
0
0
0
0
0
0
0
0
0
0
0
0
0
0
0
0
0
0
0
0
0
0
0
0
0
0
0
0
0
0
0
0
0
0
0
0
0
0
0
0
0
0
0
0
0
0
0
0
0
0
0
0
0
0
0
0
0
0
0
0
0
0
0
0
0
0
0
0
0
0
0
0
0
0
0
0
0
0
0
0
0
0
0
0
0
0
0
0
0
0
0
0
0
0
0
0
0
0
0
0
0
0
0
0
0
0
0
0
0
0
0
0
0
0
0
0
0
0
0
0
0
0
0
0
0
0
0
0
0
0
0
0
0
0
0
0
0
0
0
0
0
0
0
0
0
0
0
0
0
0
0
0
0
0
0
0
0
0
0
0
0
0
0
0
0
0
0
0
0
0
0
0
0
0
0
0
0
0
0
0
0
0
0
0
0
0
0
0
0
0
0
0
0
0
0
0
0
0
0
0
0
0
0
0
0
0
0
0
0
0
0
0
0
0
0
0
0
0
0
0
0
0
0
0
0
0
0
0
0
0
0
0
0
0
0
0
0
0
0
0
0
0
0
0
0
0
0
0
0
0
0
0
0
0
0
0
0
0
0
0
0
0
0
0
0
0
0
0
0
0
0
0
0
0
0
0
0
0
0
0
0
0
0
0
0
0
0
0
0
0
0
0
0
0
0
0
0
0
0
0
0
0
0
0
0
0
0
0
0
0
0
0
0
0
0
0
0
0
0
0
0
0
0
0
0
0
0
0
0
0
0
0
0
0
0
0
0
0
0
0
0
0
0
0
0
0
0
0
0
0
0
0
0
0
0
0
0
0
0
0
0
0
0
0
0
0
0
0
0
0
0
0
0
0
0
0
0
0
0
0
0
0
0
0
0
0
0
0
0
0
0
0
0
0
0
0
0
0
0
0
0
0
0
0
0
0
0
0
0
0
0
0
0
0
0
0
0
0
0
0
0
0
0
0
0
0
0
0
0
0
0
0
0
0
0
0
0
0
0
0
0
0
0
0
0
0
0
0
0
0
0
0
0
0
0
0
0
0
0
0
0
0
0
0
0
0
0
0
0
0
0
0
0
0
0
0
0
0
0
0
0
0
0
0
0
0
0
0
0
0
0
0
0
0
0
0
0
0
0
0
0
0
0
0
0
0
0
0
0
0
0
0
0
0
0
0
0
0
0
0
0
0
0
0
0
0
0
0
0
0
0
0
0
0
0
0
0
0
0
0
0
0
0
0
0
0
0
0
0
0
0
0
0
0
0
0
0
0
0
0
0
0
0
0
0
0
0
0
0
0
0
0
0
0
0
0
0
0
0
0
0
0
0
0
0
0
0
0
0
0
0
0
0
0
0
0
0
0
0
0
0
0
0
0
0
0
0
0
0
0
0
0
0
0
0
0
0
0
0
0
0
0
0
0
0
0
0
0
0
0
0
0
0
0
0
0
0
0
0
0
0
0
0
0
0
0
0
0
0
0
0
0
0
0
0
0
0
0
0
0
0
0
0
0
0
0
0
0
0
0
0
0
0
0
0
0
0
0
0
0
0
0
0
0
0
0
0
0
0
0
0
0
0
0
0
0
0
0
0
0
0
0
0
0
0
0
0
0
0
0
0
0
0
0
0
0
0
0
0
0
0
0
0
0
0
0
0
0
0
0
0
0
0
0
0
0
0
0
0
0
0
0
0
0
0
0
0
0
0
0
0
0
0
0
0
0
0
0
0
0
0
0
0
0
0
0
0
0
0
0
0
0
0
0
0
0
0
0
0
0
0
0
0
0
0
0
0
0
0
0
0
0
0
0
0
0
0
0
0
0
0
0
0
0
0
0
0
0
0
0
0
0
0
0
0
0
0
0
0
0
0
0
0
0
0
0
0
0
0
0
0
0
0
0
0
0
0
0
0
0
0
0
0
0
0
0
0
0
0
0
0
0
0
0
0
0
0
0
0
0
0
0
0
0
0
0
0
0
0
0
0
0
0
0
0
0
0
0
0
0
0
0
0
0
0
0
0
0
0
0
0
0
0
0
0
0
0
0
0
0
0
0
0
0
0
0
0
0
0
0
0
0
0
0
0
0
0
0
0
0
0
0
0
0
0
0
0
0
0
0
0
0
0
0
0
0
0
0
0
0
0
0
0
0
0
0
0
0
0
0
0
0
0
0
0
0
0
0
0
0
0
0
0
0
0
0
0
0
0
0
0
0
0
0
0
0
0
0
0
0
0
0
0
0
0
0
0
0
0
0
0
0
0
0
0
0
0
0
0
0
0
0
0
0
0
0
0
0
0
0
0
0
0
0
0
0
0
0
0
0
0
0
0
0
0
0
0
0
0
0
0
0
0
0
0
0
0
0
0
0
0
0
0
0
0
0
0
0
0
0
0
0
0
0
0
0
0
0
0
0
0
0
0
0
0
0
0
0
0
0
0
0
0
0
0
0
0
0
0
0
0
0
0
0
0
0
0
0
0
0
0
0
0
0
0
0
0
0
0
0
0
0
0
0
0
0
0
0
0
0
0
0
0
0
0
0
0
0
0
0
0
0
0
0
0
0
0
0
0
0
0
0
0
0
0
0
0
0
0
0
0
0
0
0
0
0
0
0
0
0
0
0
0
0
0
0
0
0
0
0
0
0
0
0
0
0
0
0
0
0
0
0
0
0
0
0
0
0
0
0
0
0
0
0
0
0
0
0
0
0
0
0
0
0
0
0
0
0
0
0
0
0
0
0
0
0
0
0
0
0
0
0
0
0
0
0
0
0
0
0
0
0
0
0
0
0
0
0
0
0
0
0
0
0
0
0
0
0
0
0
0
0
0
0
0
0
0
0
0
0
0
0
0
0
0
0
0
0
0
0
0
0
0
0
0
0
0
0
0
0
0
0
0
0
0
0
0
0
0
0
0
0
0
0
0
0
0
0
0
0
0
0
0
0
0
0
0
0
0
0
0
0
0
0
0
0
0
0
0
0
0
0
0
0
0
0
0
0
0
0
0
0
0
0
0
0
0
0
0
0
0
0
0
0
0
0
0
0
0
0
0
0
0
0
0
0
0
0
0
0
0
0
0
0
0
0
0
0
0
0
0
0
0
0
0
0
0
0
0
0
0
0
0
0
0
0
0
0
0
0
0
0
0
0
0
0
0
0
0
0
0
0
0
0
0
0
0
0
0
0
0
0
0
0
0
0
0
0
0
0
0
0
0
0
0
0
0
0
0
0
0
0
0
0
0
0
0
0
0
0
0
0
0
0
0
0
0
0
0
0
0
0
0
0
0
0
0
0
0
0
0
0
0
0
0
0
0
0
0
0
0
0
0
0
0
0
0
0
0
0
0
0
0
0
0
0
0
0
0
0
0
0
0
0
0
0
0
0
0
0
0
0
0
0
0
0
0
0
0
0
0
0
0
0
0
0
0
0
0
0
0
0
0
0
0
0
0
0
0
0
0
0
0
0
0
0
0
0
0
0
0
0
0
0
0
0
0
0
0
0
0
0
0
0
0
0
0
0
0
0
0
0
0
0
0
0
0
0
0
0
0
0
0
0
0
0
0
0
0
0
0
0
0
0
0
0
0
0
0
0
0
0
0
0
0
0
0
0
0
0
0
0
0
0
0
0
0
0
0
0
0
0
0
0
0
0
0
0
0
0
0
0
0
0
0
0
0
0
0
0
0
0
0
0
0
0
0
0
0
0
0
0
0
0
0
0
0
0
0
0
0
0
0
0
0
0
0
0
0
0
0
0
0
0
0
0
0
0
0
0
0
0
0
0
0
0
0
0
0
0
0
0
0
0
0
0
0
0
0
0
0
0
0
0
0
0
0
0
0
0
0
0
0
0
0
0
0
0
0
0
0
0
0
0
0
0
0
0
0
0
0
0
0
0
0
0
0
0
0
0
0
0
0
0
0
0
0
0
0
0
0
0
0
0
0
