2
-749
-2519
195
-1469
-1153
-1880
-58
-412
-2545
379
-653
-1770
-2504
33
-615
-216
829
-1069
-1034
-2422
-1787
-14385
-250
323
-237
-2272
-2739
-1991
-17278
2
583
-114
-384
-1530
-1511
-1730
-1881
-1612
-180
410
-2187
-1580
-1635
-2750
-2657
-89
41
-18
-33
-476
-876
-1046
-1543
-18068
-104
-812
-799
-2459
-1211
-2365
-16718
52
-405
-351
149
-2044
-1772
-2531
-2596
-2174
-341
511
-2063
-1170
-1701
-2634
-3153
-87
950
126
10
-509
-1561
-842
-2257
-13588
-62
614
-1161
-2332
-414
-2156
-15228
106
-344
-310
295
-2790
-1289
-3339
-2462
-2336
-283
-293
-2011
-743
-1584
-2175
-2858
-101
1080
172
743
-1031
-2089
483
-2309
-13598
-63
279
-1023
-1750
139
-2005
-18751
48
-518
-337
23
-2866
-964
-3778
-2182
-2454
-218
-24
-1836
-1117
-1236
-1644
-2021
-12
1163
122
75
-385
-2444
215
-2345
-14967
-11
-183
-850
-1365
-453
-1821
-22526
64
-651
-318
330
-2949
-1292
-3641
-1931
-2591
-245
474
-2906
-1623
-1253
-1848
-1605
63
1004
67
44
-807
-2964
-56
-2591
-15267
30
563
-1629
-2135
-1379
-2494
-20427
157
188
-215
120
-2444
-280
-2268
-1805
-2483
-165
386
-2882
-233
302
-2389
-3183
136
618
-98
-184
-1904
-3336
-1490
-2528
-11564
-132
209
-1510
-2803
-3212
-2611
-13225
42
-532
7
18
-3375
783
-1809
-3334
-3404
-117
388
-2215
1786
405
-2609
-3402
223
21
-186
-115
-3954
-3245
-2580
-3407
-9303
-262
-76
-3254
-3014
-3657
-2730
-15870
-5
-324
-200
2582
-2441
-2081
-1708
-2169
-2776
-160
2514
-2649
-2497
-1268
-2965
-1870
-20
2232
-8
1700
-83
-1212
-3690
-2840
-17595
-83
1624
-968
-2700
-3281
-3123
-19137
153
1383
-481
2974
-2971
-6126
-2696
-4733
-4888
-339
2636
-2865
-6264
-1771
-4865
-2451
-263
1834
194
1650
-2036
-2586
-2341
-4898
-12536
274
-284
-2918
-4034
-3779
-4299
-15061
511
514
-528
3965
-1968
-4711
-1173
-2546
-3420
-445
1049
-3589
-4488
-1240
-5267
-4379
-347
625
590
1388
-2549
-515
-4454
-3486
-20123
375
-502
-3034
-5029
-4577
-5296
-13676
708
-86
-385
6226
-3623
-3609
-1553
-1052
-3601
-476
649
-5844
-3893
-155
-5474
-5052
-255
576
839
504
-1949
-1636
-5657
-3603
-25962
475
-693
-2621
-5709
-5601
-6757
-17393
789
-726
-576
3639
-4199
-3550
-2784
-2975
-4255
-464
1340
-6540
-4638
-1154
-5748
-3292
-289
993
507
-1894
-889
-3260
-3347
-4088
-22564
367
-500
-2543
-5547
-4819
-6924
-16782
567
-716
-683
1799
-2785
-3241
-3252
-2899
-3733
-502
1373
-4014
-3449
-2297
-4514
-2287
-297
1041
276
-1621
-1600
-2887
-2012
-3752
-12642
422
-754
-2673
-5342
-3369
-5085
-11996
574
-724
-307
789
-2330
-2115
-3968
-2773
-2941
-278
-534
-4301
-2071
-3996
-4583
-1085
-229
1003
86
-2196
-1799
-3343
104
-2914
-21458
2
-1106
-3059
-5191
-3543
-4396
-19161
264
-2207
-11
568
-3217
848
-3834
-2608
-3085
89
-1465
-2629
2439
-2783
-2648
-926
159
-380
-301
-184
-3650
-3599
422
-3107
-15211
-411
133
-3989
-3084
-2403
-2745
-22527
-53
160
-226
-297
-2198
-3422
-2625
-3320
-3596
-73
-363
-2388
-4996
-2811
-3961
-198
-76
-631
17
1409
-815
-3532
-994
-3617
-13682
4
1954
-2355
-2461
-2273
-3788
-16224
186
1493
-532
-1414
-4148
-4570
-4586
-5529
-5629
-209
-1532
-5135
-7100
-3186
-6847
-984
-250
-823
234
3221
-3986
-4602
376
-5334
-16156
287
727
-5166
-5215
-4401
-5311
-15935
456
698
-167
-1046
-2804
-3664
-1792
-1646
-3970
-163
-2144
-4753
-5798
-682
-5662
-1219
-242
-776
813
4385
-2824
-2728
-4287
-3712
-26160
199
-404
-4101
-4750
-7202
-4695
-21549
492
-456
-136
-829
-5270
-4687
-3316
2068
-4599
-88
-2354
-5620
-4235
935
-3739
-2869
-208
-1320
1015
734
-2309
-3359
-6220
-4391
-18561
475
-439
-2132
-5129
-6915
-4633
-20182
699
317
-169
-705
-4259
-4216
-3350
348
-4328
-153
-1614
-5029
-3111
-1296
-3744
-2679
-173
-926
865
-3978
-2073
-2687
-4184
-3931
-21681
340
-1448
-2519
-5493
-6069
-4568
-21008
589
-563
-202
-1267
-3628
-2696
-3404
-1129
-3759
-244
-1894
-4524
-1315
-2880
-3963
-2068
-174
-1104
558
-3406
-2983
-2710
-1088
-3492
-23635
350
-748
-3601
-4778
-3829
-3743
-24481
491
-162
16
-118
-3473
-2441
-4387
-2428
-3449
-131
-923
-4858
-2683
-5063
-4694
-177
-205
-365
176
-2002
-1805
-4285
1261
-3384
-24204
14
-1566
-3340
-4316
-2613
-4350
-24904
74
-1946
42
-110
-3498
-253
-2662
-1256
-2388
121
-587
-3710
31
-2140
-2736
42
127
-191
-224
-1029
-1336
-3397
115
-2457
-18243
-414
-910
-2097
-2582
-2905
-2557
-21572
-196
-462
-65
-260
-2088
-3682
-2534
-2219
-3165
88
-1308
-2581
-5377
-3313
-3950
300
-67
-552
-55
1135
-2621
-3026
1081
-3224
-19597
-213
1246
-3830
-1326
-2671
-3787
-18293
47
1324
-363
541
-4278
-4356
-2810
-4126
-4866
-61
-1058
-4733
-5428
-4332
-5288
-738
-231
-198
201
1538
-5270
-3974
1045
-4775
-20821
144
-974
-6514
-3827
-3265
-4562
-19757
474
-1442
-234
-60
-2842
-2605
-2504
-3783
-4055
-215
-1504
-4708
-4057
-4894
-6195
-221
-190
-286
616
1408
-4129
-2652
-1416
-3993
-32531
-71
58
-6302
-3779
-5870
-4196
-27945
318
351
-279
-606
-3439
-3036
-2135
-2514
-3490
-319
74
-6128
-5113
-4249
-5823
205
-159
850
774
475
-1694
-2958
-1373
-3699
-30801
112
231
-3718
-4118
-7054
-4892
-22145
407
323
-81
-393
-4739
-3735
-4585
-3017
-4202
-271
-222
-7706
-4012
-6529
-6223
-2796
-220
-796
682
-883
-2423
-2792
540
-4097
-26513
12
-668
-3218
-5129
-4570
-6018
-15905
287
-665
-1
211
-4910
-4089
-5169
-2615
-4430
-181
356
-5490
-3422
-6258
-4866
-3654
-236
528
540
-889
-4684
-3502
3213
-4317
-24970
120
-683
-3319
-4293
-431
-4418
-23184
339
-451
61
690
-4633
-3838
-5143
-2389
-4440
13
1164
-4767
-3863
-5454
-4521
-2096
-235
1100
196
-1302
-3711
-4922
2567
-4517
-19067
44
-940
-3963
-4516
-282
-4043
-20386
197
-616
77
-55
-3161
-1445
-517
-1168
-2429
71
-261
-4302
-2251
-2056
-3513
414
-20
-1025
-116
-958
-625
-3231
-1850
-2405
-18921
-411
-969
-2837
-3095
-3513
-2869
-17664
-209
-367
-70
-309
-2719
-3711
-1175
-481
-2966
-76
-33
-3823
-4690
-2314
-2633
-764
-196
275
47
1865
-3322
-2550
-194
-2978
-24520
-220
1721
-4023
-1292
-2468
-3930
-21410
129
1961
-400
905
-4882
-4557
-3709
-1535
-4626
-335
94
-5683
-3954
-6913
-3606
-4012
-174
-1223
309
2886
-5689
-4312
1472
-4341
-19678
119
494
-6859
-4298
652
-4531
-13692
391
657
-257
2134
-4067
-2822
-3426
-225
-4468
-278
-375
-4470
-2005
-4431
-4423
-5258
-64
-627
693
3529
-4454
-4046
-4071
-4244
-22523
55
868
-6021
-3391
-4078
-4508
-17924
479
424
-202
3576
-5426
-3211
-2687
1181
-4830
-213
-694
-5396
-2226
-1481
-4182
-5730
4
-874
945
-252
-3503
-4545
-6960
-4820
-16627
136
-1271
-3779
-4328
-7962
-4808
-12654
559
-1142
-161
2060
-5511
-4015
-2489
-355
-4174
-305
-292
-5815
-2694
-3048
-3317
-4284
-73
-404
875
-1623
-3017
-4113
-3320
-4138
-19948
66
-1230
-3126
-2982
-4558
-4579
-17935
592
-632
-133
791
-5615
-5707
-4551
-2717
-5043
-262
-337
-6075
-5227
-6510
-4972
-4914
-119
-353
569
-2228
-4637
-5786
3313
-4703
-19459
191
-978
-3548
-4295
997
-5227
-15287
641
-855
-61
-486
-5700
-5239
-4721
-3112
-5101
-152
-19
-5818
-4882
-7004
-4659
-3458
-52
-595
156
-2746
-3717
-6058
3161
-4933
-18632
-65
-1300
-3819
-3760
358
-4198
-18123
225
-882
40
-856
-3370
-1818
-800
-1077
-2334
-82
-489
-4551
-2492
-2957
-2751
-423
23
-775
-153
-541
-465
-2531
-1307
-2000
-23247
-519
-1307
-2622
-856
-2740
-2733
-21901
-240
-1376
-197
-2111
-4063
-3958
-491
-1780
-3307
-255
-1566
-3864
-3482
-914
-1575
-1776
-160
-1631
-6
1987
-4133
-2894
1140
-3199
-20523
-280
2108
-3071
-1092
197
-2165
-24643
182
2062
-285
-3344
-5891
-4598
-4102
-1038
-4369
-328
-1529
-5090
-3604
-5147
-1679
-3084
-189
-1018
341
2721
-5491
-4648
2924
-4100
-18266
74
38
-4811
-3559
2152
-3319
-21959
436
787
-292
-4213
-4460
-3294
-4843
2956
-3864
-370
-2523
-4325
-2056
-3274
-1336
-5744
-108
-1575
701
4288
-5030
-3579
-2960
-3729
-24955
94
1293
-4700
-3232
-3059
-3446
-24268
540
820
-167
-4882
-5053
-3424
-3962
5466
-4414
-167
-3377
-4794
-2712
251
-517
-6002
-107
-2317
984
11
-5573
-3520
-6421
-4248
-21334
262
-737
-4407
-3572
-7218
-3645
-19457
656
-676
-254
-4176
-4185
-3631
-2827
4654
-3966
-313
-1816
-3811
-3484
386
885
-4571
-175
-1755
857
-2705
-5779
-2532
-5225
-3850
-17411
332
-1051
-4875
-3116
-4842
-3395
-17090
758
-505
-363
-3378
-1992
-3171
-1881
1976
-3178
-361
-1668
-3819
-4169
-1287
-2316
-6349
-204
-2002
478
-3323
-5321
-2591
-2386
-2717
-26899
276
-1183
-4735
-4221
-2948
-4878
-16733
670
-839
-199
-2364
-2943
-2065
-1979
-627
-2946
-254
-1889
-4094
-2903
-1896
-3228
-4691
-177
-2294
89
-1133
-4168
-3201
-38
-2730
-21207
-84
-877
-4235
-2647
-1846
-3725
-14236
323
-1227
54
-664
-2342
-1341
-2502
-924
-2333
-48
-275
-2304
-2293
-1271
-2034
-1486
-5
-965
-263
-403
-1441
-2089
-227
-2173
-16879
-566
66
-2154
234
-2510
-2384
-18034
-287
-703
-59
-6
-2915
-3374
1469
-1846
-2613
43
-28
-1756
-2305
-209
-900
-1086
-57
-159
-447
-237
-3547
-2503
-409
-2520
-15031
-425
951
-2249
-1232
-415
-789
-22669
10
965
-55
-1051
-3769
-2638
-1263
-1694
-3214
-71
-427
-3316
-1562
-2255
-1787
-2668
-105
-608
-276
288
-4261
-2828
-389
-3079
-14436
-320
-324
-3805
-3226
-1195
-1472
-18068
-24
191
-200
-2095
-3921
-1920
-3118
-938
-3053
-288
-468
-3493
-103
-3391
-1563
-4251
-5
-1372
-93
1715
-3754
-2347
-900
-3006
-18023
-237
297
-3113
-3234
-1757
-1244
-20499
64
301
-231
-3278
-3563
-1698
-2940
40
-2934
-289
154
-3681
-132
-2345
-1246
-3867
-6
-778
56
353
-4030
-2419
-1118
-2863
-17715
-199
-193
-3935
-4018
-3125
-1374
-17156
157
-682
-264
-2412
-2892
-2189
-3603
-126
-2882
-262
457
-2453
-523
-1785
-844
-3424
-29
-513
46
-328
-3737
-1709
-727
-2839
-15083
-155
-99
-3866
-3624
-2022
-1121
-17713
193
-201
-209
-1440
-1995
-1382
-1452
618
-2150
-126
613
-1579
405
-862
-680
-3624
-32
-505
-103
-303
-3015
-1048
-2827
-2085
-19243
-195
-329
-3079
-3343
-2471
-1277
-21738
106
-90
-65
-456
-1690
-1866
-393
-591
-2322
-8
975
-2309
-1521
-969
-2535
-3037
41
476
-293
669
-2511
-2436
-2728
-2352
-17515
-380
658
-3491
-4181
-3625
-2564
-14080
-8
394
113
-433
-1415
-3570
-2659
-1673
-2737
32
174
-1149
-3690
-2564
-2652
-925
82
-396
-407
129
-863
-2993
-55
-2692
-15127
-440
256
-1487
-2891
-2873
-2659
-16229
-316
93
-7
-165
-1072
-2613
-185
-1158
-1842
40
-535
-622
-2111
-1526
-1746
-1221
-87
-324
-359
-248
-2773
-1732
-121
-1651
-16228
-392
304
-2220
-1999
-735
-1644
-19180
-29
142
-95
-343
-1586
-1616
123
-1461
-1908
-138
-499
-2052
-1365
-1677
-2669
-2844
-88
-588
-246
-554
-2486
-1030
-2342
-1675
-14796
-418
-489
-2520
-3298
-2178
-2587
-12188
7
-196
-192
-168
-2126
-1334
-590
-2473
-2406
-166
-288
-2198
-361
-1996
-2848
-3622
-12
-886
-191
-294
-2950
-1268
-2727
-2299
-16004
-354
96
-2601
-3565
-2507
-2858
-15983
4
161
-237
96
-2641
-961
-368
-2859
-2628
-166
-261
-2999
-230
-1586
-3283
-3109
-56
-1054
-136
-456
-3192
-2573
-2021
-2570
-14694
-250
296
-3150
-4247
-2872
-3013
-14278
77
244
-213
-34
-2789
-1561
-1734
-3068
-2781
-95
-215
-2535
-183
-2199
-2635
-2169
-39
-996
-178
-664
-2579
-3037
-174
-2647
-14195
-273
363
-2774
-3460
-1577
-2469
-17884
1
628
-283
-221
-2087
-1189
-657
-2045
-2138
-128
45
-2080
-276
-1946
-2243
-1927
-68
-464
-190
-946
-1970
-2508
-1082
-1995
-12689
-236
-662
-2315
-3414
-1404
-2326
-14928
53
-129
-193
-527
-1297
-3450
-770
-1690
-2426
-76
-222
-1323
-2986
-2425
-2772
-2008
48
-342
-305
156
-1216
-2895
-1824
-2359
-15169
-285
430
-2335
-4091
-1773
-2958
-16394
60
656
-26
-840
-1483
-4457
-2670
-2179
-3080
-47
-1197
-925
-4275
-3557
-3419
-1941
-32
-520
-375
-181
-1131
-3132
-629
-3028
-13997
-515
-134
-1729
-3718
-1943
-3825
-15269
-155
212
0
0
0
0
0
0
0
0
0
0
0
-1580
-549
-1324
-229
-1110
0
0
0
0
0
0
0
0
0
0
0
131
-337
-2490
-1184
-15099
0
0
0
0
0
0
0
0
0
0
0
-1633
-1703
-851
-1028
-1271
0
0
0
0
0
0
0
0
0
0
0
-518
250
-1890
-1374
-16511
0
0
0
0
0
0
0
0
0
0
0
-1896
-1332
-1656
-1537
-1117
0
0
0
0
0
0
0
0
0
0
0
307
498
-968
-1271
-16726
0
0
0
0
0
0
0
0
0
0
0
-2521
-830
-2485
-874
-1289
0
0
0
0
0
0
0
0
0
0
0
70
112
-548
-1349
-17305
0
0
0
0
0
0
0
0
0
0
0
-3151
-906
-2935
-1766
-1690
0
0
0
0
0
0
0
0
0
0
0
752
-282
-551
-1648
-16466
0
0
0
0
0
0
0
0
0
0
0
-2824
-1500
-2624
-1357
-1839
0
0
0
0
0
0
0
0
0
0
0
-270
-1133
-452
-1826
-17085
0
0
0
0
0
0
0
0
0
0
0
-1942
-1073
-1497
-606
-1668
0
0
0
0
0
0
0
0
0
0
0
-1328
-1391
-1170
-1629
-13694
0
0
0
0
0
0
0
0
0
0
0
-2122
-15
-1467
-1394
-1974
0
0
0
0
0
0
0
0
0
0
0
-1764
-989
-2194
-1863
-13272
0
0
0
0
0
0
0
0
0
0
0
-2647
-1855
-2757
-1305
-2847
0
0
0
0
0
0
0
0
0
0
0
-79
-1085
-4291
-2897
-14362
0
0
0
0
0
0
0
0
0
0
0
-3535
-3543
-2007
-2054
-3103
0
0
0
0
0
0
0
0
0
0
0
-1588
-1647
-2901
-3216
-18755
0
0
0
0
0
0
0
0
0
0
0
-4294
-4762
-4128
1942
-3672
0
0
0
0
0
0
0
0
0
0
0
-4062
74
-5599
-3735
-17578
0
0
0
0
0
0
0
0
0
0
0
-6629
-6184
-6332
4618
-5936
0
0
0
0
0
0
0
0
0
0
0
-5199
-2278
-8522
-5811
-14927
0
0
0
0
0
0
0
0
0
0
0
-4922
-3724
-4260
324
-3772
0
0
0
0
0
0
0
0
0
0
0
-1230
-2049
-3707
-3727
-23207
0
0
0
0
0
0
0
0
0
0
0
-4227
-3475
-4298
-1492
-3683
0
0
0
0
0
0
0
0
0
0
0
-1986
-2020
-1915
-3760
-10278
0
0
0
0
0
0
0
0
0
0
0
-2186
-1846
-3931
-415
-2329
0
0
0
0
0
0
0
0
0
0
0
-1233
-1321
-558
-2197
-23053
0
0
0
0
0
0
0
0
0
0
0
-1737
363
-3405
-344
-1829
0
0
0
0
0
0
0
0
0
0
0
-1515
-1565
-424
-1703
-18190
0
0
0
0
0
0
0
0
0
0
0
-2471
-2588
-3355
-1776
-3079
0
0
0
0
0
0
0
0
0
0
0
-125
-3878
-1116
-3129
-12855
0
0
0
0
0
0
0
0
0
0
0
-3976
-2258
-3688
-141
-3408
0
0
0
0
0
0
0
0
0
0
0
-2730
-4996
-997
-3230
-24000
0
0
0
0
0
0
0
0
0
0
0
-6732
-5684
-6567
5272
-5944
0
0
0
0
0
0
0
0
0
0
0
-5730
-4733
-6810
-5573
-15423
0
0
0
0
0
0
0
0
0
0
0
-12001
-11385
-12420
10384
-11717
0
0
0
0
0
0
0
0
0
0
0
-10473
-10625
-12274
-11487
15201
0
0
0
0
0
0
0
0
0
0
0
-8381
-8293
-9256
7689
-7602
0
0
0
0
0
0
0
0
0
0
0
-6708
-6771
-7361
-7287
-6509
0
0
0
0
0
0
0
0
0
0
0
-5312
-5256
-6829
3976
-5110
0
0
0
0
0
0
0
0
0
0
0
-5289
-3888
-3443
-4983
-16114
0
0
0
0
0
0
0
0
0
0
0
-2919
-2658
-5333
1498
-3025
0
0
0
0
0
0
0
0
0
0
0
-1729
-3275
-892
-2714
-24230
0
0
0
0
0
0
0
0
0
0
0
-1701
-1213
-3427
977
-2231
0
0
0
0
0
0
0
0
0
0
0
-954
-2929
-1226
-2066
-16724
0
0
0
0
0
0
0
0
0
0
0
-2266
-3879
-4980
-389
-3960
0
0
0
0
0
0
0
0
0
0
0
-3147
-4558
-158
-3979
-11949
0
0
0
0
0
0
0
0
0
0
0
-3050
-3694
-4323
82
-4505
0
0
0
0
0
0
0
0
0
0
0
-5683
-6029
-208
-4374
-19850
0
0
0
0
0
0
0
0
0
0
0
-3433
-2813
-4904
2899
-3544
0
0
0
0
0
0
0
0
0
0
0
-4430
-2315
-3907
-3479
32717
0
0
0
0
0
0
0
0
0
0
0
-4163
-3565
-4286
4983
-3425
0
0
0
0
0
0
0
0
0
0
0
-2794
-3535
-4996
-3378
-29091
0
0
0
0
0
0
0
0
0
0
0
-3909
-4078
-5019
3098
-3196
0
0
0
0
0
0
0
0
0
0
0
-3388
-2032
-2452
-2984
-28882
0
0
0
0
0
0
0
0
0
0
0
-4287
-4795
-6202
2525
-4065
0
0
0
0
0
0
0
0
0
0
0
-5162
-3415
-355
-3826
-23900
0
0
0
0
0
0
0
0
0
0
0
-4758
-3907
-6159
1452
-4264
0
0
0
0
0
0
0
0
0
0
0
-2587
-5499
-246
-3914
-17856
0
0
0
0
0
0
0
0
0
0
0
-2007
-2155
-1870
1468
-2322
0
0
0
0
0
0
0
0
0
0
0
-418
-3860
-2598
-2213
-17457
0
0
0
0
0
0
0
0
0
0
0
-1988
-3505
-3592
942
-2901
0
0
0
0
0
0
0
0
0
0
0
-2910
-2830
-2128
-2977
-21480
0
0
0
0
0
0
0
0
0
0
0
-3626
-4008
-4036
1339
-3984
0
0
0
0
0
0
0
0
0
0
0
-6307
-4515
-1166
-3914
-19257
0
0
0
0
0
0
0
0
0
0
0
-6336
-5570
-7965
7090
-6701
0
0
0
0
0
0
0
0
0
0
0
-7571
-6124
-8547
-6488
-11534
0
0
0
0
0
0
0
0
0
0
0
-9667
-8787
-10468
9922
-10053
0
0
0
0
0
0
0
0
0
0
0
-9297
-10637
-12635
-9986
8740
0
0
0
0
0
0
0
0
0
0
0
-6361
-7349
-7653
6645
-6885
0
0
0
0
0
0
0
0
0
0
0
-7752
-6771
-6970
-6873
-8833
0
0
0
0
0
0
0
0
0
0
0
-5141
-6576
-6427
2551
-5375
0
0
0
0
0
0
0
0
0
0
0
-6122
-6312
-486
-5123
-15743
0
0
0
0
0
0
0
0
0
0
0
-4077
-4862
-5901
629
-4446
0
0
0
0
0
0
0
0
0
0
0
-2899
-5901
-418
-4142
-18403
0
0
0
0
0
0
0
0
0
0
0
-871
-1986
-2230
529
-1887
0
0
0
0
0
0
0
0
0
0
0
-666
-2241
-2077
-1677
-23487
0
0
0
0
0
0
0
0
0
0
0
-1677
-2901
-1182
-862
-2011
0
0
0
0
0
0
0
0
0
0
0
-2533
-1606
-1021
-2034
-24688
0
0
0
0
0
0
0
0
0
0
0
-3420
-3875
-2425
-443
-3327
0
0
0
0
0
0
0
0
0
0
0
-5303
-3372
-136
-3251
-20638
0
0
0
0
0
0
0
0
0
0
0
-6741
-6007
-6368
5179
-6330
0
0
0
0
0
0
0
0
0
0
0
-7893
-4057
-7387
-6246
-13806
0
0
0
0
0
0
0
0
0
0
0
-10035
-9442
-9408
8985
-10215
0
0
0
0
0
0
0
0
0
0
0
-11917
-8296
-12483
-10191
6131
0
0
0
0
0
0
0
0
0
0
0
-6520
-6545
-5557
7104
-6529
0
0
0
0
0
0
0
0
0
0
0
-9665
-4815
-8632
-6382
-8287
0
0
0
0
0
0
0
0
0
0
0
-3261
-4394
-2930
3389
-3795
0
0
0
0
0
0
0
0
0
0
0
-6275
-2898
-4224
-3692
-23125
0
0
0
0
0
0
0
0
0
0
0
-1650
-2726
-1760
197
-2768
0
0
0
0
0
0
0
0
0
0
0
-3565
-3140
-2151
-2737
-19253
0
0
0
0
0
0
0
0
0
0
0
-791
-1318
-2297
-606
-1978
0
0
0
0
0
0
0
0
0
0
0
-1010
-1998
-1251
-1897
-16503
0
0
0
0
0
0
0
0
0
0
0
-1170
-2031
899
-1059
-1417
0
0
0
0
0
0
0
0
0
0
0
-1309
-1422
-1249
-1375
-19718
0
0
0
0
0
0
0
0
0
0
0
-1065
-1378
923
-1271
-1200
0
0
0
0
0
0
0
0
0
0
0
-2235
-1302
-1130
-1231
-22118
0
0
0
0
0
0
0
0
0
0
0
-1777
-1451
-648
-460
-1419
0
0
0
0
0
0
0
0
0
0
0
-2312
8
-1846
-1383
-24797
0
0
0
0
0
0
0
0
0
0
0
-2617
-1764
-932
793
-1863
0
0
0
0
0
0
0
0
0
0
0
-3132
-714
-2535
-1902
-21553
0
0
0
0
0
0
0
0
0
0
0
-2455
-1398
-1390
778
-1612
0
0
0
0
0
0
0
0
0
0
0
-2462
-255
-1721
-1539
-21651
0
0
0
0
0
0
0
0
0
0
0
-1343
-1194
-823
387
-1504
0
0
0
0
0
0
0
0
0
0
0
-2005
-661
-2776
-1503
-21244
0
0
0
0
0
0
0
0
0
0
0
-1099
-1606
-1
-879
-1881
0
0
0
0
0
0
0
0
0
0
0
-1181
-3115
-2606
-2084
-16726
0
0
0
0
0
0
0
0
0
0
0
-776
-2002
-2422
-747
-1799
0
0
0
0
0
0
0
0
0
0
0
529
-3355
-676
-1881
-16291
0
0
0
0
0
0
0
0
0
0
0
-1794
-2090
-1290
-158
-1756
0
0
0
0
0
0
0
0
0
0
0
-1027
-1270
-1329
-1686
-14919
0
0
0
0
0
0
0
0
0
0
0
-1381
-1715
-742
-331
-1598
0
0
0
0
0
0
0
0
0
0
0
-1258
-1176
-2407
-1535
-13427
0
0
0
0
0
0
0
0
0
0
0
-2025
-1516
-1413
-1039
-1851
0
0
0
0
0
0
0
0
0
0
0
-1095
-941
-1961
-1665
-16389
0
0
0
0
0
0
0
0
0
0
0
-2632
-1427
-1224
-1086
-2036
0
0
0
0
0
0
0
0
0
0
0
-1193
-2303
-1016
-1864
-14757
0
0
0
0
0
0
0
0
0
0
0
-1980
-1257
-1894
-1100
-1651
0
0
0
0
0
0
0
0
0
0
0
-647
-2155
462
-1433
-17730
0
0
0
0
0
0
0
0
0
0
0
-1763
-1151
-1091
-1258
-1544
0
0
0
0
0
0
0
0
0
0
0
-485
-1816
-274
-1340
-13374
0
0
0
0
0
0
0
0
0
0
0
-2066
-2194
-1180
-1092
-2194
0
0
0
0
0
0
0
0
0
0
0
121
-3606
-1347
-2169
-14214
0
0
0
0
0
0
0
0
0
0
0
-1871
-2515
-2957
-815
-2102
0
0
0
0
0
0
0
0
0
0
0
835
-3359
-825
-2091
-15613
0
0
0
0
0
0
0
0
0
0
0
0
0
0
0
0
0
0
0
0
0
0
0
0
0
0
0
0
0
0
0
0
0
0
0
0
0
0
0
0
0
0
0
0
0
0
0
0
0
0
0
0
0
0
0
0
0
0
0
0
0
0
0
0
0
0
0
0
0
0
0
0
0
0
0
0
0
0
0
0
0
0
0
0
0
0
0
0
0
0
0
0
0
0
0
0
0
0
0
0
0
0
0
0
0
0
0
0
0
0
0
0
0
0
0
0
0
0
0
0
0
0
0
0
0
0
0
0
0
0
0
0
0
0
0
0
0
0
0
0
0
0
0
0
0
0
0
0
0
0
0
0
0
0
0
0
0
0
0
0
0
0
0
0
0
0
0
0
0
0
0
0
0
0
0
0
0
0
0
0
0
0
0
0
0
0
0
0
0
0
0
0
0
0
0
0
0
0
0
0
0
0
0
0
0
0
0
0
0
0
0
0
0
0
0
0
0
0
0
0
0
0
0
0
0
0
0
0
0
0
0
0
0
0
0
0
0
0
0
0
0
0
0
0
0
0
0
0
0
0
0
0
0
0
0
0
0
0
0
0
0
0
0
0
0
0
0
0
0
0
0
0
0
0
0
0
0
0
0
0
0
0
0
0
0
0
0
0
0
0
0
0
0
0
0
0
0
0
0
0
0
0
0
0
0
0
0
0
0
0
0
0
0
0
0
0
0
0
0
0
0
0
0
0
0
0
0
0
0
0
0
0
0
0
0
0
0
0
0
0
0
0
0
0
0
0
0
0
0
0
0
0
0
0
0
0
0
0
0
0
0
0
0
0
0
0
0
0
0
0
0
0
0
0
0
0
0
0
0
0
0
0
0
0
0
0
0
0
0
0
0
0
0
0
0
0
0
0
0
0
0
0
0
0
0
0
0
0
0
0
0
0
0
0
0
0
0
0
0
0
0
0
0
0
0
0
0
0
0
0
0
0
0
0
0
0
0
0
0
0
0
0
0
0
0
0
0
0
0
0
0
0
0
0
0
0
0
0
0
0
0
0
0
0
0
0
0
0
0
0
0
0
0
0
0
0
0
0
0
0
0
0
0
0
0
0
0
0
0
0
0
0
0
0
0
0
0
0
0
0
0
0
0
0
0
0
0
0
0
0
0
0
0
0
0
0
0
0
0
0
0
0
0
0
0
0
0
0
0
0
0
0
0
0
0
0
0
0
0
0
0
0
0
0
0
0
0
0
0
0
0
0
0
0
0
0
0
0
0
0
0
0
0
0
0
0
0
0
0
0
0
0
0
0
0
0
0
0
0
0
0
0
0
0
0
0
0
0
0
0
0
0
0
0
0
0
0
0
0
0
0
0
0
0
0
0
0
0
0
0
0
0
0
0
0
0
0
0
0
0
0
0
0
0
0
0
0
0
0
0
0
0
0
0
0
0
0
0
0
0
0
0
0
0
0
0
0
0
0
0
0
0
0
0
0
0
0
0
0
0
0
0
0
0
0
0
0
0
0
0
0
0
0
0
0
0
0
0
0
0
0
0
0
0
0
0
0
0
0
0
0
0
0
0
0
0
0
0
0
0
0
0
0
0
0
0
0
0
0
0
0
0
0
0
0
0
0
0
0
0
0
0
0
0
0
0
0
0
0
0
0
0
0
0
0
0
0
0
0
0
0
0
0
0
0
0
0
0
0
0
0
0
0
0
0
0
0
0
0
0
0
0
0
0
0
0
0
0
0
0
0
0
0
0
0
0
0
0
0
0
0
0
0
0
0
0
0
0
0
0
0
0
0
0
0
0
0
0
0
0
0
0
0
0
0
0
0
0
0
0
0
0
0
0
0
0
0
0
0
0
0
0
0
0
0
0
0
0
0
0
0
0
0
0
0
0
0
0
0
0
0
0
0
0
0
0
0
0
0
0
0
0
0
0
0
0
0
0
0
0
0
0
0
0
0
0
0
0
0
0
0
0
0
0
0
0
0
0
0
0
0
0
0
0
0
0
0
0
0
0
0
0
0
0
0
0
0
0
0
0
0
0
0
0
0
0
0
0
0
0
0
0
0
0
0
0
0
0
0
0
0
0
0
0
0
0
0
0
0
0
0
0
0
0
0
0
0
0
0
0
0
0
0
0
0
0
0
0
0
0
0
0
0
0
0
0
0
0
0
0
0
0
0
0
0
0
0
0
0
0
0
0
0
0
0
0
0
0
0
0
0
0
0
0
0
0
0
0
0
0
0
0
0
0
0
0
0
0
0
0
0
0
0
0
0
0
0
0
0
0
0
0
0
0
0
0
0
0
0
0
0
0
0
0
0
0
0
0
0
0
0
0
0
0
0
0
0
0
0
0
0
0
0
0
0
0
0
0
0
0
0
0
0
0
0
0
0
0
0
0
0
0
0
0
0
0
0
0
0
0
0
0
0
0
0
0
0
0
0
0
0
0
0
0
0
0
0
0
0
0
0
0
0
0
0
0
0
0
0
0
0
0
0
0
0
0
0
0
0
0
0
0
0
0
0
0
0
0
0
0
0
0
0
0
0
0
0
0
0
0
0
0
0
0
0
0
0
0
0
0
0
0
0
0
0
0
0
0
0
0
0
0
0
0
0
0
0
0
0
0
0
0
0
0
0
0
0
0
0
0
0
0
0
0
0
0
0
0
0
0
0
0
0
0
0
0
0
0
0
0
0
0
0
0
0
0
0
0
0
0
0
0
0
0
0
0
0
0
0
0
0
0
0
0
0
0
0
0
0
0
0
0
0
0
0
0
0
0
0
0
0
0
0
0
0
0
0
0
0
0
0
0
0
0
0
0
0
0
0
0
0
0
0
0
0
0
0
0
0
0
0
0
0
0
0
0
0
0
0
0
0
0
0
0
0
0
0
0
0
0
0
0
0
0
0
0
0
0
0
0
0
0
0
0
0
0
0
0
0
0
0
0
0
0
0
0
0
0
0
0
0
0
0
0
0
0
0
0
0
0
0
0
0
0
0
0
0
0
0
0
0
0
0
0
0
0
0
0
0
0
0
0
0
0
0
0
0
0
0
0
0
0
0
0
0
0
0
0
0
0
0
0
0
0
0
0
0
0
0
0
0
0
0
0
0
0
0
0
0
0
0
0
0
0
0
0
0
0
0
0
0
0
0
0
0
0
0
0
0
0
0
0
0
0
0
0
0
0
0
0
0
0
0
0
0
0
0
0
0
0
0
0
0
0
0
0
0
0
0
0
0
0
0
0
0
0
0
0
0
0
0
0
0
0
0
0
0
0
0
0
0
0
0
0
0
0
0
0
0
0
0
0
0
0
0
0
0
0
0
0
0
0
0
0
0
0
0
0
0
0
0
0
0
0
0
0
0
0
0
0
0
0
0
0
0
0
0
0
0
0
0
0
0
0
0
0
0
0
0
0
0
0
0
0
0
0
0
0
0
0
0
0
0
0
0
0
0
0
0
0
0
0
0
0
0
0
0
0
0
0
0
0
0
0
0
0
0
0
0
0
0
0
0
0
0
0
0
0
0
0
0
0
0
0
0
0
0
0
0
0
0
0
0
0
0
0
0
0
0
0
0
0
0
0
0
0
0
0
0
0
0
0
0
0
0
0
0
0
0
0
0
0
0
0
0
0
0
0
0
0
0
0
0
0
0
0
0
0
0
0
0
0
0
0
0
0
0
0
0
0
0
0
0
0
0
0
0
0
0
0
0
0
0
0
0
0
0
0
0
0
0
0
0
0
0
0
0
0
0
0
0
0
0
0
0
0
0
0
0
0
0
0
0
0
0
0
0
0
0
0
0
0
0
0
0
0
0
0
0
0
0
0
0
0
0
0
0
0
0
0
0
0
0
0
0
0
0
0
0
0
0
0
0
0
0
0
0
0
0
0
0
0
0
0
0
0
0
0
0
0
0
0
0
0
0
0
0
0
0
0
0
0
0
0
0
0
0
0
0
0
0
0
0
0
0
0
0
0
0
0
0
0
0
0
0
0
0
0
0
0
0
0
0
0
0
0
0
0
0
0
0
0
0
0
0
0
0
0
0
0
0
0
0
0
0
0
0
0
0
0
0
0
0
0
0
0
0
0
0
0
0
0
0
0
0
0
0
0
0
0
0
0
0
0
0
0
0
0
0
0
0
0
0
0
0
0
0
0
0
0
0
0
0
0
0
0
0
0
0
0
0
0
0
0
0
0
0
0
0
0
0
0
0
0
0
0
0
0
0
0
0
0
0
0
0
0
0
0
0
0
0
0
0
0
0
0
0
0
0
0
0
0
0
0
0
0
0
0
0
0
0
0
0
0
0
0
0
0
0
0
0
0
0
0
0
0
0
0
0
0
0
0
0
0
0
0
0
0
0
0
0
0
0
0
0
0
0
0
0
0
0
0
0
0
0
0
0
0
0
0
0
0
0
0
0
0
0
0
0
0
0
0
0
0
0
0
0
0
0
0
0
0
0
0
0
0
0
0
0
0
0
0
0
0
0
0
0
0
0
0
0
0
0
0
0
0
0
0
0
0
0
0
0
0
0
0
0
0
0
0
0
0
0
0
0
0
0
0
0
0
0
0
0
0
0
0
0
0
0
0
0
0
0
0
0
0
0
0
0
0
0
0
0
0
0
0
0
0
0
0
0
0
0
0
0
0
0
0
0
0
0
0
0
0
0
0
0
0
0
0
0
0
0
0
0
0
0
0
0
0
0
0
0
0
0
0
0
0
0
0
0
0
0
0
0
0
0
0
0
0
0
0
0
0
0
0
0
0
0
0
0
0
0
0
0
0
0
0
0
0
0
0
0
0
0
0
0
0
0
0
0
0
0
0
0
0
0
0
0
0
0
0
0
0
0
0
0
0
0
0
0
0
0
0
0
0
0
0
0
0
0
0
0
0
0
0
0
0
0
0
0
0
0
0
0
0
0
0
0
0
0
0
0
0
0
0
0
0
0
0
0
0
0
0
0
0
0
0
0
0
0
0
0
0
0
0
0
0
0
0
0
0
0
0
0
0
0
0
0
0
0
0
0
0
0
0
0
0
0
0
0
0
0
0
0
0
0
0
0
0
0
0
0
0
0
0
0
0
0
0
0
0
0
0
0
0
0
0
0
0
0
0
0
0
0
0
0
0
0
0
0
0
0
0
0
0
0
0
0
0
0
0
0
0
0
0
0
0
0
0
0
0
0
0
0
0
0
0
0
0
0
0
0
0
0
0
0
0
0
0
0
0
0
0
0
0
0
0
0
0
0
0
0
0
0
0
0
0
0
0
0
0
0
0
0
0
0
0
0
0
0
0
0
0
0
0
0
0
0
0
0
0
0
0
0
0
0
0
0
0
0
0
0
0
0
0
0
0
0
0
0
0
0
0
0
0
0
0
0
0
0
0
0
0
0
0
0
0
0
0
0
0
0
0
0
0
0
0
0
0
0
0
0
0
0
0
0
0
0
0
0
0
0
0
0
0
0
0
0
0
0
0
0
0
0
0
0
0
0
0
0
0
0
0
0
0
0
0
0
0
0
0
0
0
0
0
0
0
0
0
0
0
0
0
0
0
0
0
0
0
0
0
0
0
0
0
0
0
0
0
0
0
0
0
0
0
0
0
0
0
0
0
0
0
0
0
0
0
0
0
0
0
0
0
0
0
0
0
0
0
0
0
0
0
0
0
0
0
0
0
0
0
0
0
0
0
0
0
0
0
0
0
0
0
0
0
0
0
0
0
0
0
0
0
0
0
0
0
0
0
0
0
0
0
0
0
0
0
0
0
0
0
0
0
0
0
0
0
0
0
0
0
0
0
0
0
0
0
0
0
0
0
0
0
0
0
0
0
0
0
0
0
0
0
0
0
0
0
0
0
0
0
0
0
0
0
0
0
0
0
0
0
0
0
0
0
0
0
0
0
0
0
0
0
0
0
0
0
0
0
0
0
0
0
0
0
0
0
0
0
0
0
0
0
0
0
0
0
0
0
0
0
0
0
0
0
0
0
0
0
0
0
0
0
0
0
0
0
0
0
0
0
0
0
0
0
0
0
0
0
0
0
0
0
0
0
0
0
0
0
0
0
0
0
0
0
0
0
0
0
0
0
0
0
0
0
0
0
0
0
0
0
0
0
0
0
0
0
0
0
0
0
0
0
0
0
0
0
0
0
0
0
0
0
0
0
0
0
0
0
0
0
0
0
0
0
0
0
0
0
0
0
0
0
0
0
0
0
0
0
0
0
0
0
0
0
0
0
0
0
0
0
0
0
0
0
0
0
0
0
0
0
0
0
0
0
0
0
0
0
0
0
0
0
0
0
0
0
0
0
0
0
0
0
0
0
0
0
0
0
0
0
0
0
0
0
0
0
0
0
0
0
0
0
0
0
0
0
0
0
0
0
0
0
0
0
0
0
0
0
0
0
0
0
0
0
0
0
0
0
0
0
0
0
0
0
0
0
0
0
0
0
0
0
0
0
0
0
0
0
0
0
0
0
0
0
0
0
0
0
0
0
0
0
0
0
0
0
0
0
0
0
0
0
0
0
0
0
0
0
0
0
0
0
0
0
0
0
0
0
0
0
0
0
0
0
0
0
0
0
0
0
0
0
0
0
0
0
0
0
0
0
0
0
0
0
0
0
0
0
0
0
0
0
0
0
0
0
0
0
0
0
0
0
0
0
0
0
0
0
0
0
0
0
0
0
0
0
0
0
0
0
0
0
0
0
0
0
0
0
0
0
0
0
0
0
0
0
0
0
0
0
0
0
0
0
0
0
0
0
0
0
0
0
0
0
0
0
0
0
0
0
0
0
0
0
0
0
0
0
0
0
0
0
0
0
0
0
0
0
0
0
0
0
0
0
0
0
0
0
0
0
0
0
0
0
0
0
0
0
0
0
0
0
0
0
0
0
0
0
0
0
0
0
0
0
0
0
0
0
0
0
0
0
0
0
0
0
0
0
0
0
0
0
0
0
0
0
0
0
0
0
0
0
0
0
0
0
0
0
0
0
0
0
0
0
0
0
0
0
0
0
0
0
0
0
0
0
0
0
0
0
0
0
0
0
0
0
0
0
0
0
0
0
0
0
0
0
0
0
0
0
0
0
0
0
0
0
0
0
0
0
0
0
0
0
0
0
0
0
0
0
0
0
0
0
0
0
0
0
0
0
0
0
0
0
0
0
0
0
0
0
0
0
0
0
0
0
0
0
0
0
0
0
0
0
0
0
0
0
0
0
0
0
0
0
0
0
0
0
0
0
0
0
0
0
0
0
0
0
0
0
0
0
0
0
0
0
0
0
0
0
0
0
0
0
0
0
0
0
0
0
0
0
0
0
0
0
0
0
0
0
0
0
0
0
0
0
0
0
0
0
0
0
0
0
0
0
0
0
0
0
0
0
0
0
0
0
0
0
0
0
0
0
0
0
0
0
0
0
0
0
0
0
0
0
0
0
0
0
0
0
0
0
0
0
0
0
0
0
0
0
0
0
0
0
0
0
0
0
0
0
0
0
0
0
0
0
0
0
0
0
0
0
0
0
0
0
0
0
0
0
0
0
0
0
0
0
0
0
0
0
0
0
0
0
0
0
0
0
0
0
0
0
0
0
0
0
0
0
0
0
0
0
0
0
0
0
0
0
0
0
0
0
0
0
0
0
0
0
0
0
0
0
0
0
0
0
0
0
0
0
0
0
0
0
0
0
0
0
0
0
0
0
0
0
0
0
0
0
0
0
0
0
0
0
0
0
0
0
0
0
0
0
0
0
0
0
0
0
0
0
0
0
0
0
0
0
0
0
0
0
0
0
0
0
0
0
0
0
0
0
0
0
0
0
0
0
0
0
0
0
0
0
0
0
0
0
0
0
0
0
0
0
0
0
0
0
0
0
0
0
0
0
0
0
0
0
0
0
0
0
0
0
0
0
0
0
0
0
0
0
0
0
0
0
0
0
0
0
0
0
0
0
0
0
0
0
0
0
0
0
0
0
0
0
0
0
0
0
0
0
0
0
0
0
0
0
0
0
0
0
0
0
0
0
0
0
0
0
0
0
0
0
0
0
0
0
0
0
0
0
0
0
0
0
0
0
0
0
0
0
0
0
0
0
0
0
0
0
0
0
0
0
0
0
0
0
0
0
0
0
0
0
0
0
0
0
0
0
0
0
0
0
0
0
0
0
0
0
0
0
0
0
0
0
0
0
0
0
0
0
0
0
0
0
0
0
0
0
0
0
0
0
0
0
0
0
0
0
0
0
0
0
0
0
0
0
0
0
0
0
0
0
0
0
0
0
0
0
0
0
0
0
0
0
0
0
0
0
0
0
0
0
0
0
0
0
0
0
0
0
0
0
0
0
0
0
0
0
0
0
0
0
0
0
0
0
0
0
0
0
0
0
0
0
0
0
0
0
0
0
0
0
0
0
0
0
0
0
0
0
0
0
0
0
0
0
0
0
0
0
0
0
0
0
0
0
0
0
0
0
0
0
0
0
0
0
0
0
0
0
0
0
0
0
0
0
0
0
0
0
0
0
0
0
0
0
0
0
0
0
0
0
0
0
0
0
0
0
0
0
0
0
0
0
0
0
0
0
0
0
0
0
0
0
0
0
0
0
0
0
0
0
0
0
0
0
0
0
0
0
0
0
0
0
0
0
0
0
0
0
0
0
0
0
0
0
0
0
0
0
0
0
0
0
0
0
0
0
0
0
0
0
0
0
0
0
0
0
0
0
0
0
0
0
0
0
0
0
0
0
0
0
0
0
0
0
0
0
0
0
0
0
0
0
0
0
0
0
0
0
0
0
0
0
0
0
0
0
0
0
0
0
0
0
0
0
0
0
0
0
0
0
0
0
0
0
0
0
0
0
0
0
0
0
0
0
0
0
0
0
0
0
0
0
0
0
0
0
0
0
0
0
0
0
0
0
0
0
0
0
0
0
0
0
0
0
0
0
0
0
0
0
0
0
0
0
0
0
0
0
0
0
0
0
0
0
0
0
0
0
0
0
0
0
0
0
0
0
0
0
0
0
0
0
0
0
0
0
0
0
0
0
0
0
0
0
0
0
0
0
0
0
0
0
0
0
0
0
0
0
0
0
0
0
0
0
0
0
0
0
0
0
0
0
0
0
0
0
0
0
0
0
0
0
0
0
0
0
0
0
0
0
0
0
0
0
0
0
0
0
0
0
0
0
0
0
0
0
0
0
0
0
0
0
0
0
0
0
0
0
0
0
0
0
0
0
0
0
0
0
0
0
0
0
0
0
0
0
0
0
0
0
0
0
0
0
0
0
0
0
0
0
0
0
0
0
0
0
0
0
0
0
0
0
0
0
0
0
0
0
0
0
0
0
0
0
0
0
0
0
0
0
0
0
0
0
0
0
0
0
0
0
0
0
0
0
0
0
0
0
0
0
0
0
0
0
0
0
0
0
0
0
0
0
0
0
0
0
0
0
0
0
0
0
0
0
0
0
0
0
0
0
0
0
0
0
0
0
0
0
0
0
0
0
0
0
0
0
0
0
0
0
0
0
0
0
0
0
0
0
0
0
0
0
0
0
0
0
0
0
0
0
0
0
0
0
0
0
0
0
0
0
0
0
0
0
0
0
0
0
0
0
0
0
0
0
0
0
0
0
0
0
0
0
0
0
0
0
0
0
0
0
0
0
0
0
0
0
0
0
0
0
0
0
0
0
0
0
0
0
0
0
0
0
0
0
0
0
0
0
0
0
0
0
0
0
0
0
0
0
0
0
0
0
0
0
0
0
0
0
0
0
0
0
0
0
0
0
0
0
0
0
0
0
0
0
0
0
0
0
0
0
0
0
0
0
0
0
0
0
0
0
0
0
0
0
0
0
0
0
0
0
0
0
0
0
0
0
0
0
0
0
0
0
0
0
0
0
0
0
0
0
0
0
0
0
0
0
0
0
0
0
0
0
0
0
0
0
0
0
0
0
0
0
0
0
0
0
0
0
0
0
0
0
0
0
0
0
0
0
0
0
0
0
0
0
0
0
0
0
0
0
0
0
0
0
0
0
0
0
0
0
0
0
0
0
0
0
0
0
0
0
0
0
0
0
0
0
0
0
0
0
0
0
0
0
0
0
0
0
0
0
0
0
0
0
0
0
0
0
0
0
0
0
0
0
0
0
0
0
0
0
0
0
0
0
0
0
0
0
0
0
0
0
0
0
0
0
0
0
0
0
0
0
0
0
0
0
0
0
0
0
0
0
0
0
0
0
0
0
0
0
0
0
0
0
0
0
0
0
0
0
0
0
0
0
0
0
0
0
0
0
0
0
0
0
0
0
0
0
0
0
0
0
0
0
0
0
0
0
0
0
0
0
0
0
0
0
0
0
0
0
0
0
0
0
0
0
0
0
0
0
0
0
0
0
0
0
0
0
0
0
0
0
0
0
0
0
0
0
0
0
0
0
0
0
0
0
0
0
0
0
0
0
0
0
0
0
0
0
0
0
0
0
0
0
0
0
0
0
0
0
0
0
0
0
0
0
0
0
0
0
0
0
0
0
0
0
0
0
0
0
0
0
0
0
0
0
0
0
0
0
0
0
0
0
0
0
0
0
0
0
0
0
0
0
0
0
0
0
0
0
0
0
0
0
0
0
0
0
0
0
0
0
0
0
0
0
0
0
0
0
0
0
0
0
0
0
0
0
0
0
0
0
0
0
0
0
0
0
0
0
0
0
0
0
0
0
0
0
0
0
0
0
0
0
0
0
0
0
0
0
0
0
0
0
0
0
0
0
0
0
0
0
0
0
0
0
0
0
0
0
0
0
0
0
0
0
0
0
0
0
0
0
0
0
0
0
0
0
0
0
0
0
0
0
0
0
0
0
0
0
0
0
0
0
0
0
0
0
0
0
0
0
0
0
0
0
0
0
0
0
0
0
0
0
0
0
0
0
0
0
0
0
0
0
0
0
0
0
0
0
0
0
0
0
0
0
0
0
0
0
0
0
0
0
0
0
0
0
0
0
0
0
0
0
0
0
0
0
0
0
0
0
0
0
0
0
0
0
0
0
0
0
0
0
0
0
0
0
0
0
0
0
0
0
0
0
0
0
0
0
0
0
0
0
0
0
0
0
0
0
0
0
0
0
0
0
0
0
0
0
0
0
0
0
0
0
0
0
0
0
0
0
0
0
0
0
0
0
0
0
0
0
0
0
0
0
0
0
0
0
0
0
0
0
0
0
0
0
0
0
0
0
0
0
0
0
0
0
0
0
0
0
0
0
0
0
0
0
0
0
0
0
0
0
0
0
0
0
0
0
0
0
0
0
0
0
0
0
0
0
0
0
0
0
0
0
0
0
0
0
0
0
0
0
0
0
0
0
0
0
0
0
0
0
0
0
0
0
0
0
0
0
0
0
0
0
0
0
0
0
0
0
0
0
0
0
0
0
0
0
0
0
0
0
0
0
0
0
0
0
0
0
0
0
0
0
0
0
0
0
0
0
0
0
0
0
0
0
0
0
0
0
0
0
0
0
0
0
0
0
0
0
0
0
0
0
0
0
0
0
0
0
0
0
0
0
0
0
0
0
0
0
0
0
0
0
0
0
0
0
0
0
0
0
0
0
0
0
0
0
0
0
0
0
0
0
0
0
0
0
0
0
0
0
0
0
0
0
0
0
0
0
0
0
0
0
0
0
0
0
0
0
0
0
0
0
0
0
0
0
0
0
0
0
0
0
0
0
0
0
0
0
0
0
0
0
0
0
0
0
0
0
0
0
0
0
0
0
0
0
0
0
0
0
0
0
0
0
0
0
0
0
0
0
0
0
0
0
0
0
0
0
0
0
0
0
0
0
0
0
0
0
0
0
0
0
0
0
0
0
0
0
0
0
0
0
0
0
0
0
0
0
0
0
0
0
0
0
0
0
0
0
0
0
0
0
0
0
0
0
0
0
0
0
0
0
0
0
0
0
0
0
0
0
0
0
0
0
0
0
0
0
0
0
0
0
0
0
0
0
0
0
0
0
0
0
0
0
0
0
0
0
0
0
0
0
0
0
0
0
0
0
0
0
0
0
0
0
0
0
0
0
0
0
0
0
0
0
0
0
0
0
0
0
0
0
0
0
0
0
0
0
0
0
0
0
0
0
0
0
0
0
0
0
0
0
0
0
0
0
0
0
0
0
0
0
0
0
0
0
0
0
0
0
0
0
0
0
0
0
0
0
0
0
0
0
0
0
0
0
0
0
0
0
0
0
0
0
0
0
0
0
0
0
0
0
0
0
0
0
0
0
0
0
0
0
0
0
0
0
0
0
0
0
0
0
0
0
0
0
0
0
0
0
0
0
0
0
0
0
0
0
0
0
0
0
0
0
0
0
0
0
0
0
0
0
0
0
0
0
0
0
0
0
0
0
0
0
0
0
0
0
0
0
0
0
0
0
0
0
0
0
0
0
0
0
0
0
0
0
0
0
0
0
0
0
0
0
0
0
0
0
0
0
0
0
0
0
0
0
0
0
0
0
0
0
0
0
0
0
0
0
0
0
0
0
0
0
0
0
0
0
0
0
0
0
0
0
0
0
0
0
0
0
0
0
0
0
0
0
0
0
0
0
0
0
0
0
0
0
0
0
0
0
0
0
0
0
0
0
0
0
0
0
0
0
0
0
0
0
0
0
0
0
0
0
0
0
0
0
0
0
0
0
0
0
0
0
0
0
0
0
0
0
0
0
0
0
0
0
0
0
0
0
0
0
0
0
0
0
0
0
0
0
0
0
0
0
0
0
0
0
0
0
0
0
0
0
0
0
0
0
0
0
0
0
0
0
0
0
0
0
0
0
0
0
0
0
0
0
0
0
0
0
0
0
0
0
0
0
0
0
0
0
0
0
0
0
0
0
0
0
0
0
0
0
0
0
0
0
0
0
0
0
0
0
0
0
0
0
0
0
0
0
0
0
0
0
0
0
0
0
0
0
0
0
0
0
0
0
0
0
0
0
0
0
0
0
0
0
0
0
0
0
0
0
0
0
0
0
0
0
0
0
0
0
0
0
0
0
0
0
0
0
0
0
0
0
0
0
0
0
0
0
0
0
0
0
0
0
0
0
0
0
0
0
0
0
0
0
0
0
0
0
0
0
0
0
0
0
0
0
0
0
0
0
0
0
0
0
0
0
0
0
0
0
0
0
0
0
0
0
0
0
0
0
0
0
0
0
0
0
0
0
0
0
0
0
0
0
0
0
0
0
0
0
0
0
0
0
0
0
0
0
0
0
0
0
0
0
0
0
0
0
0
0
0
0
0
0
0
0
0
0
0
0
0
0
0
0
0
0
0
0
0
0
0
0
0
0
0
0
0
0
0
0
0
0
0
0
0
0
0
0
0
0
0
0
0
0
0
0
0
0
0
0
0
0
0
0
0
0
0
0
0
0
0
0
0
0
0
0
0
0
0
0
0
0
0
0
0
0
0
0
0
0
0
0
0
0
0
0
0
0
0
0
0
0
0
0
0
0
0
0
0
0
0
0
0
0
0
0
0
0
0
0
0
0
0
0
0
0
0
0
0
0
0
0
0
0
0
0
0
0
0
0
0
0
0
0
0
0
0
0
0
0
0
0
0
0
0
0
0
0
0
0
0
0
0
0
0
0
0
0
0
0
0
0
0
0
0
0
0
0
0
0
0
0
0
0
0
0
0
0
0
0
0
0
0
0
0
0
0
0
0
0
0
0
0
0
0
0
0
0
0
0
0
0
0
0
0
0
0
0
0
0
0
0
0
0
0
0
0
0
0
0
0
0
0
0
0
0
0
0
0
0
0
0
0
0
0
0
0
0
0
0
0
0
0
0
0
0
0
0
0
0
0
0
0
0
0
0
0
0
0
0
0
0
0
0
0
0
0
0
0
0
0
0
0
0
0
0
0
0
0
0
0
0
0
0
0
0
0
0
0
0
0
0
0
0
0
0
0
0
0
0
0
0
0
0
0
0
0
0
0
0
0
0
0
0
0
0
0
0
0
0
0
0
0
0
0
0
0
0
0
0
0
0
0
0
0
0
0
0
0
0
0
0
0
0
0
0
0
0
0
0
0
0
0
0
0
0
0
0
0
0
0
0
0
0
0
0
0
0
0
0
0
0
0
0
0
0
0
0
0
0
0
0
0
0
0
0
0
0
0
0
0
0
0
0
0
0
0
0
0
0
0
0
0
0
0
0
0
0
0
0
0
0
0
0
0
0
0
0
0
0
0
0
0
0
0
0
0
0
0
0
0
0
0
0
0
0
0
0
0
0
0
0
0
0
0
0
0
0
0
0
0
0
0
0
0
0
0
0
0
0
0
0
0
0
0
0
0
0
0
0
0
0
0
0
0
0
0
0
0
0
0
0
0
0
0
0
0
0
0
0
0
0
0
0
0
0
0
0
0
0
0
0
0
0
0
0
0
0
0
0
0
0
0
0
0
0
0
0
0
0
0
0
0
0
0
0
0
0
0
0
0
0
0
0
0
0
0
0
0
0
0
0
0
0
0
0
0
0
0
0
0
0
0
0
0
0
0
0
0
0
0
0
0
0
0
0
0
0
0
0
0
0
0
0
0
0
0
0
0
0
0
0
0
0
0
0
0
0
0
0
0
0
0
0
0
0
0
0
0
0
0
0
0
0
0
0
0
0
0
0
0
0
0
0
0
0
0
0
0
0
0
0
0
0
0
0
0
0
0
0
0
0
0
0
0
0
0
0
0
0
0
0
0
0
0
0
0
0
0
0
0
0
0
0
0
0
0
0
0
0
0
0
0
0
0
0
0
0
0
0
0
0
0
0
0
0
0
0
0
0
0
0
0
0
0
0
0
0
0
0
0
0
0
0
0
0
0
0
0
0
0
0
0
0
0
0
0
0
0
0
0
0
0
0
0
0
0
0
0
0
0
0
0
0
0
0
0
0
0
0
0
0
0
0
0
0
0
0
0
0
0
0
0
0
0
0
0
0
0
0
0
0
0
0
0
0
0
0
0
0
0
0
0
0
0
0
0
0
0
0
0
0
0
0
0
0
0
0
0
0
0
0
0
0
0
0
0
0
0
0
0
0
0
0
0
0
0
0
0
0
0
0
0
0
0
0
0
0
0
0
0
0
0
0
0
0
0
0
0
0
0
0
0
0
0
0
0
0
0
0
0
0
0
0
0
0
0
0
0
0
0
0
0
0
0
0
0
0
0
0
0
0
0
0
0
0
0
0
0
0
0
0
0
0
0
0
0
0
0
0
0
0
0
0
0
0
0
0
0
0
0
0
0
0
0
0
0
0
0
0
0
0
0
0
0
0
0
0
0
0
0
0
0
0
0
0
0
0
0
0
0
0
0
0
0
0
0
0
0
0
0
0
0
0
0
0
0
0
0
0
0
0
0
0
0
0
0
0
0
0
0
0
0
0
0
0
0
0
0
0
0
0
0
0
0
0
0
0
0
0
0
0
0
0
0
0
0
0
0
0
0
0
0
0
0
0
0
0
0
0
0
0
0
0
0
0
0
0
0
0
0
0
0
0
0
0
0
0
0
0
0
0
0
0
0
0
0
0
0
0
0
0
0
0
0
0
0
0
0
0
0
0
0
0
0
0
0
0
0
0
0
0
0
0
0
0
0
0
0
0
0
0
0
0
0
0
0
0
0
0
0
0
0
0
0
0
0
0
0
0
0
0
0
0
0
0
0
0
0
0
0
0
0
0
0
0
0
0
0
0
0
0
0
0
0
0
0
0
0
0
0
0
0
0
0
0
0
0
0
0
0
0
0
0
0
0
0
0
0
0
0
0
0
0
0
0
0
0
0
0
0
0
0
0
0
0
0
0
0
0
0
0
0
0
0
0
0
0
0
0
0
0
0
0
0
0
0
0
0
0
0
0
0
0
0
0
0
0
0
0
0
0
0
0
0
0
0
0
0
0
0
0
0
0
0
0
0
0
0
0
0
0
0
0
0
0
0
0
0
0
0
0
0
0
0
0
0
0
0
0
0
0
0
0
0
0
0
0
0
0
0
0
0
0
0
0
0
0
0
0
0
0
0
0
0
0
0
0
0
0
0
0
0
0
0
0
0
0
0
0
0
0
0
0
0
0
0
0
0
0
0
0
0
0
0
0
0
0
0
0
0
0
0
0
0
0
0
0
0
0
0
0
0
0
0
0
0
0
0
0
0
0
0
0
0
0
0
0
0
0
0
0
0
0
0
0
0
0
0
0
0
0
0
0
0
0
0
0
0
0
0
0
0
0
0
0
0
0
0
0
0
0
0
0
0
0
0
0
0
0
0
0
0
0
0
0
0
0
0
0
0
0
0
0
0
0
0
0
0
0
0
0
0
0
0
0
0
0
0
0
0
0
0
0
0
0
0
0
0
0
0
0
0
0
0
0
0
0
0
0
0
0
0
0
0
0
0
0
0
0
0
0
0
0
0
0
0
0
0
0
0
0
0
0
0
0
0
0
0
0
0
0
0
0
0
0
0
0
0
0
0
0
0
0
0
0
0
0
0
0
0
0
0
0
0
0
0
0
0
0
0
0
0
0
0
0
0
0
0
0
0
0
0
0
0
0
0
0
0
0
0
0
0
0
0
0
0
0
0
0
0
0
0
0
0
0
0
0
0
0
0
0
0
0
0
0
0
0
0
0
0
0
0
0
0
0
0
0
0
0
0
0
0
0
0
0
0
0
0
0
0
0
0
0
0
0
0
0
0
0
0
0
0
0
0
0
0
0
0
0
0
0
0
0
0
0
0
0
0
0
0
0
0
0
0
0
0
0
0
0
0
0
0
0
0
0
0
0
0
0
0
0
0
0
0
0
0
0
0
0
0
0
0
0
0
0
0
0
0
0
0
0
0
0
0
0
0
0
0
0
0
0
0
0
0
0
0
0
0
0
0
0
0
0
0
0
0
0
0
0
0
0
0
0
0
0
0
0
0
0
0
0
0
0
0
0
0
0
0
0
0
0
0
0
0
0
0
0
0
0
0
0
0
0
0
0
0
0
0
0
0
0
0
0
0
0
0
0
0
0
0
0
0
0
0
0
0
0
0
0
0
0
0
0
0
0
0
0
0
0
0
0
0
0
0
0
0
0
0
0
0
0
0
0
0
0
0
0
0
0
0
0
0
0
0
0
0
0
0
0
0
0
0
0
0
0
0
0
0
0
0
0
0
0
0
0
0
0
0
0
0
0
0
0
0
0
0
0
0
0
0
0
0
0
0
0
0
0
0
0
0
0
0
0
0
0
0
0
0
0
0
0
0
0
0
0
0
0
0
0
0
0
0
0
0
0
0
0
0
0
0
0
0
0
0
0
0
0
0
0
0
0
0
0
0
0
0
0
0
0
0
0
0
0
0
0
0
0
0
0
0
0
0
0
0
0
0
0
0
0
0
0
0
0
0
0
0
0
0
0
0
0
0
0
0
0
0
0
0
0
0
0
0
0
0
0
0
0
0
0
0
0
0
0
0
0
0
0
0
0
0
0
0
0
0
0
0
0
0
0
0
0
0
0
0
0
0
0
0
0
0
0
0
0
0
0
0
0
0
0
0
0
0
0
0
0
0
0
0
0
0
0
0
0
0
0
0
0
0
0
0
0
0
0
0
0
0
0
0
0
0
0
0
0
0
0
0
0
0
0
0
0
0
0
0
0
0
0
0
0
0
0
0
0
0
0
0
0
0
0
0
0
0
0
0
0
0
0
0
0
0
0
0
0
0
0
0
0
0
0
0
0
0
0
0
0
0
0
0
0
0
0
0
0
0
0
0
0
0
0
0
0
0
0
0
0
0
0
0
0
0
0
0
0
0
0
0
0
0
0
0
0
0
0
0
0
0
0
0
0
0
0
0
0
0
0
0
0
0
0
0
0
0
0
0
0
0
0
0
0
0
0
0
0
0
0
0
0
0
0
0
0
0
0
0
0
0
0
0
0
0
0
0
0
0
0
0
0
0
0
0
0
0
0
0
0
0
0
0
0
0
0
0
0
0
0
0
0
0
0
0
0
0
0
0
0
0
0
0
0
0
0
0
0
0
0
0
0
0
0
0
0
0
0
0
0
0
0
0
0
0
0
0
0
0
0
0
0
0
0
0
0
0
0
0
0
0
0
0
0
0
0
0
0
0
0
0
0
0
0
0
0
0
0
0
0
0
0
0
0
0
0
0
0
0
0
0
0
0
0
0
0
0
0
0
0
0
0
0
0
0
0
0
0
0
0
0
0
0
0
0
0
0
0
0
0
0
0
0
0
0
0
0
0
0
0
0
0
0
0
0
0
0
0
0
0
0
0
0
0
0
0
0
0
0
0
0
0
0
0
0
0
0
0
0
0
0
0
0
0
0
0
0
0
0
0
0
0
0
0
0
0
0
0
0
0
0
0
0
0
0
0
0
0
0
0
0
0
0
0
0
0
0
0
0
0
0
0
0
0
0
0
0
0
0
0
0
0
0
0
0
0
0
0
0
0
0
0
0
0
0
0
0
0
0
0
0
0
0
0
0
0
0
0
0
0
0
0
0
0
0
0
0
0
0
0
0
0
0
0
0
0
0
0
0
0
0
0
0
0
0
0
0
0
0
0
0
0
0
0
0
0
0
0
0
0
0
0
0
0
0
0
0
0
0
0
0
0
0
0
0
0
0
0
0
0
0
0
0
0
0
0
0
0
0
0
0
0
0
0
0
0
0
0
0
0
0
0
0
0
0
0
0
0
0
0
0
0
0
0
0
0
0
0
0
0
0
0
0
0
0
0
0
0
0
0
0
0
0
0
0
0
0
0
0
0
0
0
0
0
0
0
0
0
0
0
0
0
0
0
0
0
0
0
0
0
0
0
0
0
0
0
0
0
0
0
0
0
0
0
0
0
0
0
0
0
0
0
0
0
0
0
0
0
0
0
0
0
0
0
0
0
0
0
0
0
0
0
0
0
0
0
0
0
0
0
0
0
0
0
0
0
0
0
0
0
0
0
0
0
0
0
0
0
0
0
0
0
0
0
0
0
0
0
0
0
0
0
0
0
0
0
0
0
0
0
0
0
0
0
0
0
0
0
0
0
0
0
0
0
0
0
0
0
0
0
0
0
0
0
0
0
0
0
0
0
0
0
0
0
0
0
0
0
0
0
0
0
0
0
0
0
0
0
0
0
0
0
0
0
0
0
0
0
0
0
0
0
0
0
0
0
0
0
0
0
0
0
0
0
0
0
0
0
0
0
0
0
0
0
0
0
0
0
0
0
0
0
0
0
0
0
0
0
0
0
0
0
0
0
0
0
0
0
0
0
0
0
0
0
0
0
0
0
0
0
0
0
0
0
0
0
0
0
0
0
0
0
0
0
0
0
0
0
0
0
0
0
0
0
0
0
0
0
0
0
0
0
0
0
0
0
0
0
0
0
0
0
0
0
0
0
0
0
0
0
0
0
0
0
0
0
0
0
0
0
0
0
0
0
0
0
0
0
0
0
0
0
0
0
0
0
0
0
0
0
0
0
0
0
0
0
0
0
0
0
0
0
0
0
0
0
0
0
0
0
0
0
0
0
0
0
0
0
0
0
0
0
0
0
0
0
0
0
0
0
0
0
0
0
0
0
0
0
0
0
0
0
0
0
0
0
0
0
0
0
0
0
0
0
0
0
0
0
0
0
0
0
0
0
0
0
0
0
0
0
0
0
0
0
0
0
0
0
0
0
0
0
0
0
0
0
0
0
0
0
0
0
0
0
0
0
0
0
0
0
0
0
0
0
0
0
0
0
0
0
0
0
0
0
0
0
0
0
0
0
0
0
0
0
0
0
0
0
0
0
0
0
0
0
0
0
0
0
0
0
0
0
0
0
0
0
0
0
0
0
0
0
0
0
0
0
0
0
0
0
0
0
0
0
0
0
0
0
0
0
0
0
0
0
0
0
0
0
0
0
0
0
0
0
0
0
0
0
0
0
0
0
0
0
0
0
0
0
0
0
0
0
0
0
0
0
0
0
0
0
0
0
0
0
0
0
0
0
0
0
0
0
0
0
0
0
0
0
0
0
0
0
0
0
0
0
0
0
0
0
0
0
0
0
0
0
0
0
0
0
0
0
0
0
0
0
0
0
0
0
0
0
0
0
0
0
0
0
0
0
0
0
0
0
0
0
0
0
0
0
0
0
0
0
0
0
0
0
0
0
0
0
0
0
0
0
0
0
0
0
0
0
0
0
0
0
0
0
0
0
0
0
0
0
0
0
0
0
0
0
0
0
0
0
0
0
0
0
0
0
0
0
0
0
0
0
0
0
0
0
0
0
0
0
0
0
0
0
0
0
0
0
0
0
0
0
0
0
0
0
0
0
0
0
0
0
0
0
0
0
0
0
0
0
0
0
0
0
0
0
0
0
0
0
0
0
0
0
0
0
0
0
0
0
0
0
0
0
0
0
0
0
0
0
0
0
0
0
0
0
0
0
0
0
0
0
0
0
0
0
0
0
0
0
0
0
0
0
0
0
0
0
0
0
0
0
0
0
0
0
0
0
0
0
0
0
0
0
0
0
0
0
0
0
0
0
0
0
0
0
0
0
0
0
0
0
0
0
0
0
0
0
0
0
0
0
0
0
0
0
0
0
0
0
0
0
0
0
0
0
0
0
0
0
0
0
0
0
0
0
0
0
0
0
0
0
0
0
0
0
0
0
0
0
0
0
0
0
0
0
0
0
0
0
0
0
0
0
0
0
0
0
0
0
0
0
0
0
0
0
0
0
0
0
0
0
0
0
0
0
0
0
0
0
0
0
0
0
0
0
0
0
0
0
0
0
0
0
0
0
0
0
0
0
0
0
0
0
0
0
0
0
0
0
0
0
0
0
0
0
0
0
0
0
0
0
0
0
0
0
0
0
0
0
0
0
0
0
0
0
0
0
0
0
0
0
0
0
0
0
0
0
0
0
0
0
0
0
0
0
0
0
0
0
0
0
0
0
0
0
0
0
0
0
0
0
0
0
0
0
0
0
0
0
0
0
0
0
0
0
0
0
0
0
0
0
0
0
0
0
0
0
0
0
0
0
0
0
0
0
0
0
0
0
0
0
0
0
0
0
0
0
0
0
0
0
0
0
0
0
0
0
0
0
0
0
0
0
0
0
0
0
0
0
0
0
0
0
0
0
0
0
0
0
0
0
0
0
0
0
0
0
0
0
0
0
0
0
0
0
0
0
0
0
0
0
0
0
0
0
0
0
0
0
0
0
0
0
0
0
0
0
0
0
0
0
0
0
0
0
0
0
0
0
0
0
0
0
0
0
0
0
0
0
0
0
0
0
0
0
0
0
0
0
0
0
0
0
0
0
0
0
0
0
0
0
0
0
0
0
0
0
0
0
0
0
0
0
0
0
0
0
0
0
0
0
0
0
0
0
0
0
0
0
0
0
0
0
0
0
0
0
0
0
0
0
0
0
0
0
0
0
0
0
0
0
0
0
0
0
0
0
0
0
0
0
0
0
0
0
0
0
0
0
0
0
0
0
0
0
0
0
0
0
0
0
0
0
0
0
0
0
0
0
0
0
0
0
0
0
0
0
0
0
0
0
0
0
0
0
0
0
0
0
0
0
0
0
0
0
0
0
0
0
0
0
0
0
0
0
0
0
0
0
0
0
0
0
0
0
0
0
0
0
0
0
0
0
0
0
0
0
0
0
0
0
0
0
0
0
0
0
0
0
0
0
0
0
0
0
0
0
0
0
0
0
0
0
0
0
0
0
0
0
0
0
0
0
0
0
0
0
0
0
0
0
0
0
0
0
0
0
0
0
0
0
0
0
0
0
0
0
0
0
0
0
0
0
0
0
0
0
0
0
0
0
0
0
0
0
0
0
0
0
0
0
0
0
0
0
0
0
0
0
0
0
0
0
0
0
0
0
0
0
0
0
0
0
0
0
0
0
0
0
0
0
0
0
0
0
0
0
0
0
0
0
0
0
0
0
0
0
0
0
0
0
0
0
0
0
0
0
0
0
0
0
0
0
0
0
0
0
0
0
0
0
0
0
0
0
0
0
0
0
0
0
0
0
0
0
0
0
0
0
0
0
0
0
0
0
0
0
0
0
0
0
0
0
0
0
0
0
0
0
0
0
0
0
0
0
0
0
0
0
0
0
0
0
0
0
0
0
0
0
0
0
0
0
0
0
0
0
0
0
0
0
0
0
0
0
0
0
0
0
0
0
0
0
0
0
0
0
0
0
0
0
0
0
0
0
0
0
0
0
0
0
0
0
0
0
0
0
0
0
0
0
0
0
0
0
0
0
0
0
0
0
0
0
0
0
0
0
0
0
0
0
0
0
0
0
0
0
0
0
0
0
0
0
0
0
0
0
0
0
0
0
0
0
0
0
0
0
0
0
0
0
0
0
0
0
0
0
0
0
0
0
0
0
0
0
0
0
0
0
0
0
0
0
0
0
0
0
0
0
0
0
0
0
0
0
0
0
0
0
0
0
0
0
0
0
0
0
0
0
0
0
0
0
0
0
0
0
0
0
0
0
0
0
0
0
0
0
0
0
0
0
0
0
0
0
0
0
0
0
0
0
0
0
0
0
0
0
0
0
0
0
0
0
0
0
0
0
0
0
0
0
0
0
0
0
0
0
0
0
0
0
0
0
0
0
0
0
0
0
0
0
0
0
0
0
0
0
0
0
0
0
0
0
0
0
0
0
0
0
0
0
0
0
0
0
0
0
0
0
0
0
0
0
0
0
0
0
0
0
0
0
0
0
0
0
0
0
0
0
0
0
0
0
0
0
0
0
0
0
0
0
0
0
0
0
0
0
0
0
0
0
0
0
0
0
0
0
0
0
0
0
0
0
0
0
0
0
0
0
0
0
0
0
0
0
0
0
0
0
0
0
0
0
0
0
0
0
0
0
0
0
0
0
0
0
0
0
0
0
0
0
0
0
0
0
0
0
0
0
0
0
0
0
0
0
0
0
0
0
0
0
0
0
0
0
0
0
0
0
0
0
0
0
0
0
0
0
0
0
0
0
0
0
0
0
0
0
0
0
0
0
0
0
0
0
0
0
0
0
0
0
0
0
0
0
0
0
0
0
0
0
0
0
0
0
0
0
0
0
0
0
0
0
0
0
0
0
0
0
0
0
0
0
0
0
0
0
0
0
0
0
0
0
0
0
0
0
0
0
0
0
0
0
0
0
0
0
0
0
0
0
0
0
0
0
0
0
0
0
0
0
0
0
0
0
0
0
0
0
0
0
0
0
0
0
0
0
0
0
0
0
0
0
0
0
0
0
0
0
0
0
0
0
0
0
0
0
0
0
0
0
0
0
0
0
0
0
0
0
0
0
0
0
0
0
0
0
0
0
0
0
0
0
0
0
0
0
0
0
0
0
0
0
0
0
0
0
0
0
0
0
0
0
0
0
0
0
0
0
0
0
0
0
0
0
0
0
0
0
0
0
0
0
0
0
0
0
0
0
0
0
0
0
0
0
0
0
0
0
0
0
0
0
0
0
0
0
0
0
0
0
0
0
0
0
0
0
0
0
0
0
0
0
0
0
0
0
0
0
0
0
0
0
0
0
0
0
0
0
0
0
0
0
0
0
0
0
0
0
0
0
0
0
0
0
0
0
0
0
0
0
0
0
0
0
0
0
0
0
0
0
0
0
0
0
0
0
0
0
0
0
0
0
0
0
0
0
0
0
0
0
0
0
0
0
0
0
0
0
0
0
0
0
0
0
0
0
0
0
0
0
0
0
0
0
0
0
0
0
0
0
0
0
0
0
0
0
0
0
0
0
0
0
0
0
0
0
0
0
0
0
0
0
0
0
0
0
0
0
0
0
0
0
0
0
0
0
0
0
0
0
0
0
0
0
0
0
0
0
0
0
0
0
0
0
0
0
0
0
0
0
0
0
0
0
0
0
0
0
0
0
0
0
0
0
0
0
0
0
0
0
0
0
0
0
0
0
0
0
0
0
0
0
0
0
0
0
0
0
0
0
0
0
0
0
0
0
0
0
0
0
0
0
0
0
0
0
0
0
0
0
0
0
0
0
0
0
0
0
0
0
0
0
0
0
0
0
0
0
0
0
0
0
0
0
0
0
0
0
0
0
0
0
0
0
0
0
0
0
0
0
0
0
0
0
0
0
0
0
0
0
0
0
0
0
0
0
0
0
0
0
0
0
0
0
0
0
0
0
0
0
0
0
0
0
0
0
0
0
0
0
0
0
0
0
0
0
0
0
0
0
0
0
0
0
0
0
0
0
0
0
0
0
0
0
0
0
0
0
0
0
0
0
0
0
0
0
0
0
0
0
0
0
0
0
0
0
0
0
0
0
0
0
0
0
0
0
0
0
0
0
0
0
0
0
0
0
0
0
0
0
0
0
0
0
0
0
0
0
0
0
0
0
0
0
0
0
0
0
0
0
0
0
0
0
0
0
0
0
0
0
0
0
0
0
0
0
0
0
0
0
0
0
0
0
0
0
0
0
0
0
0
0
0
0
0
0
0
0
0
0
0
0
0
0
0
0
0
0
0
0
0
0
0
0
0
0
0
0
0
0
0
0
0
0
0
0
0
0
0
0
0
0
0
0
0
0
0
0
0
0
0
0
0
0
0
0
0
0
0
0
0
0
0
0
0
0
0
0
0
0
0
0
0
0
0
0
0
0
0
0
0
0
0
0
0
0
0
0
0
0
0
0
0
0
0
0
0
0
0
0
0
0
0
0
0
0
0
0
0
0
0
0
0
0
0
0
0
0
0
0
0
0
0
0
0
0
0
0
0
0
0
0
0
0
0
0
0
0
0
0
0
0
0
0
0
0
0
0
0
0
0
0
0
0
0
0
0
0
0
0
0
0
0
0
0
0
0
0
0
0
0
0
0
0
0
0
0
0
0
0
0
0
0
0
0
0
0
0
0
0
0
0
0
0
0
0
0
0
0
0
0
0
0
0
0
0
0
0
0
0
0
0
0
0
0
0
0
0
0
0
0
0
0
0
0
0
0
0
0
0
0
0
0
0
0
0
0
0
0
0
0
0
0
0
0
0
0
0
0
0
0
0
0
0
0
0
0
0
0
0
0
0
0
0
0
0
0
0
0
0
0
0
0
0
0
0
0
0
0
0
0
0
0
0
0
0
0
0
0
0
0
0
0
0
0
0
0
0
0
0
0
0
0
0
0
0
0
0
0
0
0
0
0
0
0
0
0
0
0
0
0
0
0
0
0
0
0
0
0
0
0
0
0
0
0
0
0
0
0
0
0
0
0
0
0
0
0
0
0
0
0
0
0
0
0
0
0
0
0
0
0
0
0
0
0
0
0
0
0
0
0
0
0
0
0
0
0
0
0
0
0
0
0
0
0
0
0
0
0
0
0
0
0
0
0
0
0
0
0
0
0
0
0
0
0
0
0
0
0
0
0
0
0
0
0
0
0
0
0
0
0
0
0
0
0
0
0
0
0
0
0
0
0
0
0
0
0
0
0
0
0
0
0
0
0
0
0
0
0
0
0
0
0
0
0
0
0
0
0
0
0
0
0
0
0
0
0
0
0
0
0
0
0
0
0
0
0
0
0
0
0
0
0
0
0
0
0
0
0
0
0
0
0
0
0
0
0
0
0
0
0
0
0
0
0
0
0
0
0
0
0
0
0
0
0
0
0
0
0
0
0
0
0
0
0
0
0
0
0
0
0
0
0
0
0
0
0
0
0
0
0
0
0
0
0
0
0
0
0
0
0
0
0
0
0
0
0
0
0
0
0
0
0
0
0
0
0
0
0
0
0
0
0
0
0
0
0
0
0
0
0
0
0
0
0
0
0
0
0
0
0
0
0
0
0
0
0
0
0
0
0
0
0
0
0
0
0
0
0
0
0
0
0
0
0
0
0
0
0
0
0
0
0
0
0
0
0
0
0
0
0
0
0
0
0
0
0
0
0
0
0
0
0
0
0
0
0
0
0
0
0
0
0
0
0
0
0
0
0
0
0
0
0
0
0
0
0
0
0
0
0
0
0
0
0
0
0
0
0
0
0
0
0
0
0
0
0
0
0
0
0
0
0
0
0
0
0
0
0
0
0
0
0
0
0
0
0
0
0
0
0
0
0
0
0
0
0
0
0
0
0
0
0
0
0
0
0
0
0
0
0
0
0
0
0
0
0
0
0
0
0
0
0
0
0
0
0
0
0
0
0
0
0
0
0
0
0
0
0
0
0
0
0
0
0
0
0
0
0
0
0
0
0
0
0
0
0
0
0
0
0
0
0
0
0
0
0
0
0
0
0
0
0
0
0
0
0
0
0
0
0
0
0
0
0
0
0
0
0
0
0
0
0
0
0
0
0
0
0
0
0
0
0
0
0
0
0
0
0
0
0
0
0
0
0
0
0
0
0
0
0
0
0
0
0
0
0
0
0
0
0
0
0
0
0
0
0
0
0
0
0
0
0
0
0
0
0
0
0
0
0
0
0
0
0
0
0
0
0
0
0
0
0
0
0
0
0
0
0
0
0
0
0
0
0
0
0
0
0
0
0
0
0
0
0
0
0
0
0
0
0
0
0
0
0
0
0
0
0
0
0
0
0
0
0
0
0
0
0
0
0
0
0
0
0
0
0
0
0
0
0
0
0
0
0
0
0
0
0
0
0
0
0
0
0
0
0
0
0
0
0
0
0
0
0
0
0
0
0
0
0
0
0
0
0
0
0
0
0
0
0
0
0
0
0
0
0
0
0
0
0
0
0
0
0
0
0
0
0
0
0
0
0
0
0
0
0
0
0
0
0
0
0
0
0
0
0
0
0
0
0
0
0
0
0
0
0
0
0
0
0
0
0
0
0
0
0
0
0
0
0
0
0
0
0
0
0
0
0
0
0
0
0
0
0
0
0
0
0
0
0
0
0
0
0
0
0
0
0
0
0
0
0
0
0
0
0
0
0
0
0
0
0
0
0
0
0
0
0
0
0
0
0
0
0
0
0
0
0
0
0
0
0
0
0
0
0
0
0
0
0
0
0
0
0
0
0
0
0
0
0
0
0
0
0
0
0
0
0
0
0
0
0
0
0
0
0
0
0
0
0
0
0
0
0
0
0
0
0
0
0
0
0
0
0
0
0
0
0
0
0
0
0
0
0
0
0
0
0
0
0
0
0
0
0
0
0
0
0
0
0
0
0
0
0
0
0
0
0
0
0
0
0
0
0
0
0
0
0
0
0
0
0
0
0
0
0
0
0
0
0
0
0
0
0
0
0
0
0
0
0
0
0
0
0
0
0
0
0
0
0
0
0
0
0
0
0
0
0
0
0
0
0
0
0
0
0
0
0
0
0
0
0
0
0
0
0
0
0
0
0
0
0
0
0
0
0
0
0
0
0
0
0
0
0
0
0
0
0
0
0
0
0
0
0
0
0
0
0
0
0
0
0
0
0
0
0
0
0
0
0
0
0
0
0
0
0
0
0
0
0
0
0
0
0
0
0
0
0
0
0
0
0
0
0
0
0
0
0
0
0
0
0
0
0
0
0
0
0
0
0
0
0
0
0
0
0
0
0
0
0
0
0
0
0
0
0
0
0
0
0
0
0
0
0
0
0
0
0
0
0
0
0
0
0
0
0
0
0
0
0
0
0
0
0
0
0
0
0
0
0
0
0
0
0
0
0
0
0
0
0
0
0
0
0
0
0
0
0
0
0
0
0
0
0
0
0
0
0
0
0
0
0
0
0
0
0
0
0
0
0
0
0
0
0
0
0
0
0
0
0
0
0
0
0
0
0
0
0
0
0
0
0
0
0
0
0
0
0
0
0
0
0
0
0
0
0
0
0
0
0
0
0
0
0
0
