29
-123
-2442
1589
-3999
-1360
-2748
-261
12
-3283
2826
-4187
-3161
-2966
-27
20
-157
573
-2614
-2380
-2226
-2731
-17704
-298
395
-3989
-3922
-3301
-4110
-19305
-8
478
39
239
-3201
1702
-4086
-208
-2177
-280
299
-3962
2697
-3341
-3160
-2229
-123
503
-80
503
-1535
-2452
-1822
-2104
-22258
-249
-107
-3773
-3417
-3355
-3626
-21787
-27
828
-41
803
-3613
3087
-3265
-2298
-2239
-176
925
-5729
3984
-2508
-4852
-2576
50
797
-79
-37
-2497
-1483
-2534
-2113
-20237
-358
49
-5661
-4559
-4808
-4700
-13079
-223
-353
-77
896
-2161
1808
-2020
-1781
-2021
-200
902
-2216
2478
-455
-2364
-1695
134
1341
-8
-2
-3057
-1983
-1940
-1844
-16498
-351
-951
-4464
-2314
-3079
-2460
-18147
-86
-1013
-32
704
-2106
1186
-1816
-1392
-1882
-191
332
-2289
1238
-919
-2398
-1683
157
838
66
240
-3129
-2648
-885
-1806
-15525
-287
-51
-4258
-2178
-2155
-2302
-15347
-6
337
-114
749
-2474
-450
-1787
-3188
-2879
-208
482
-3328
-983
-2227
-3847
-1992
142
355
-11
-102
-3916
-3374
-229
-2702
-12397
-279
-236
-5703
-3368
-1336
-3368
-9325
10
-98
-94
551
-2428
-1832
-2457
-3099
-2848
-170
559
-2293
-1718
-1851
-2769
-2412
116
-43
-93
74
-3642
-3013
1316
-2693
-13019
-303
-516
-3723
-1805
-236
-2277
-13357
-83
-219
-170
306
-1326
-942
-1552
-2494
-2194
-142
638
-1739
-1417
-1268
-3245
-1444
-75
12
-232
-783
-2787
-1908
144
-2050
-18557
-396
-778
-3662
-1724
-2141
-2570
-16998
-20
-694
118
1335
-1334
-39
-2675
-503
-2602
-135
223
-3182
902
-5849
-4852
-3740
19
140
-137
1349
-2715
-1907
-3759
-2642
-24496
-236
843
-5038
-4549
-4263
-5235
-17115
5
909
72
2404
-3490
-1743
-5620
-455
-4132
-33
2776
-4296
855
-6788
-4037
-4914
-73
2018
-262
1143
-2828
-1552
-4960
-4258
-23528
-75
674
-5623
-5192
-4717
-6308
-19757
-34
798
142
3206
-4752
-1376
-3060
-3478
-3651
239
3030
-6578
1692
-4984
-6163
-3797
108
1243
-307
-11
-2099
2054
-6175
-3746
-27115
-148
-958
-5827
-6121
-5931
-6719
-18299
-150
-399
-7
762
-1815
-806
-389
-1147
-1871
2
-573
-2723
952
-1611
-2808
-905
-71
575
93
-774
-2722
-817
-3029
-1676
-17883
-148
-832
-5683
-3430
-3473
-3143
-14717
-78
-263
49
190
-1118
-1681
261
-841
-1561
-24
-551
-2103
-1333
-2367
-2555
-84
-15
365
64
191
-2671
-2698
-1047
-1464
-18626
-107
437
-5503
-2749
-2158
-2134
-15644
29
-151
41
63
-2751
-2278
-156
-2897
-2641
44
-30
-2509
-1392
-2403
-2845
-2348
50
307
-100
-86
-2699
-2774
-1266
-2485
-14162
-102
-266
-4572
-2273
-862
-1842
-14204
95
-984
105
572
-1829
-2294
-894
-1345
-1920
143
304
-1430
-1321
-1927
-1720
-2436
49
620
-245
23
-3546
-1732
452
-1707
-19594
-304
-1339
-4307
-725
-313
-1214
-18689
-52
-1215
135
331
-1299
-1955
-1201
-1621
-2019
243
294
68
-629
-1168
-1418
-1795
96
220
-432
-1398
-3319
-371
-15
-1788
-15155
-436
-1461
-3569
-280
-531
-995
-18155
-95
-1269
334
805
-2747
-2213
-2775
-387
-3546
103
281
-2314
-1106
-2878
-3237
-3044
71
-682
-120
1486
-2259
-758
-6054
-3665
-19430
-138
696
-2861
-4025
-5944
-3851
-21096
18
203
324
1991
-6083
-7221
-6630
-2801
-6961
443
2281
-4050
-2984
-2976
-3323
-6589
2
1182
-297
2310
-5729
5344
-9724
-6846
-18824
113
3158
-6278
-6365
-6035
-6950
-22935
83
2137
351
2557
-10089
-10242
-9939
-8771
-11402
593
3693
-3562
-1958
-1538
-3011
-8220
153
2705
-532
-1408
-9392
7423
-11652
-11501
7633
-23
-1940
-7571
-6103
-4961
-6467
-19466
173
-622
166
925
-2078
-2347
-2451
-1128
-3169
110
352
-2685
929
-1722
-2840
-5300
-94
282
49
-3206
-4761
2253
-5986
-3112
-22650
-53
-2858
-6349
-5107
-5628
-4253
-17678
175
-1396
34
-27
-1517
-601
-296
266
-1523
-60
-92
-1998
927
-1155
-1391
-2846
-62
127
144
181
-2643
-2107
-2624
-1627
-15977
22
767
-4541
-3034
-3174
-1751
-13243
179
-370
16
-90
-2644
-1991
-1332
-1142
-2604
16
237
-1746
-922
-255
-1413
-3440
70
267
-115
-56
-2328
-2715
-1862
-2606
-12055
29
-113
-3418
-2058
-2937
-1655
-13810
268
-627
192
403
-1835
-2630
-1703
-37
-2201
83
308
-1217
-1870
157
-1086
-3741
25
333
-214
-25
-3263
-1372
-876
-2040
-17360
-23
-1094
-3613
-1696
-2610
-1988
-15455
98
-1017
292
108
-1718
-2543
-2458
-738
-2520
233
-132
-63
-765
-340
-1093
-2993
88
-814
-388
-1326
-3467
131
-960
-2259
-15009
-391
-884
-3684
-1647
-1293
-1622
-18354
-19
-662
362
-660
-5435
-253
-6087
-3528
-5254
210
-1141
-5337
1187
-3111
-5254
-6895
31
-779
-164
935
-2726
482
-7999
-5500
-20152
-207
228
-2815
-5380
-8212
-5120
-22227
-56
-347
358
-2326
-9162
-7842
-11305
-9327
-10018
615
-3430
-5197
-2414
-1386
-5273
-9457
74
-1240
-489
2829
-8844
8450
-10133
-9743
-7219
-54
4874
-6747
-7886
-5723
-7009
-23266
140
3191
433
-3269
-12004
-9108
-14836
-12949
-13578
729
-3909
-4818
-276
-2176
-4970
-11889
76
-2416
-638
-1661
-13385
9185
-10500
-13525
13821
-98
-2493
-10492
-7950
-4840
-7674
-13729
283
-1068
113
-1216
-3195
-1122
-5158
-2131
-3050
109
-1394
-3390
2093
-2073
-3193
-6190
-14
-181
-26
-2748
-4973
2747
-3028
-3133
-23407
-17
-3995
-6587
-4462
-4110
-3703
-18493
240
-2504
12
-379
-2633
923
-3425
-554
-1576
-87
28
-3246
2196
-3438
-1968
-2497
10
-221
131
192
-2727
-2538
479
-1770
-17561
-77
-207
-4888
-2775
-2606
-1667
-14553
147
-1008
-99
-765
-3647
-70
-4509
-2020
-2906
-120
-26
-3185
739
-2789
-2193
-3396
134
51
-97
-134
-2640
-3401
523
-2878
-13043
-94
-176
-4079
-2206
-2992
-1829
-14035
186
-814
40
-749
-3219
-879
-3794
-1660
-3041
-59
208
-1525
54
-2116
-1093
-2860
156
-45
-217
-28
-3531
-2815
324
-2833
-14016
-175
-789
-3781
-747
-2848
-1417
-18764
125
-296
236
-1091
-2163
-714
-3506
-2080
-2833
152
-427
-445
517
-1834
-1765
-2529
120
-537
-362
-847
-3932
-865
-300
-2543
-14832
-409
-778
-4192
-1178
-2162
-1604
-19614
0
-547
27
-701
-4585
-1607
-4867
-3478
-4250
44
-269
-5129
-1221
-4637
-5054
-5565
-4
226
-288
576
-538
-2494
-3272
-4219
-22859
-341
539
-556
-4525
-5486
-3362
-23182
-133
91
213
-2197
-6288
-5538
-7598
-6997
-6494
293
-1455
-3465
-2620
-3988
-3903
-4988
115
-196
-378
1131
-3477
968
-3057
-6448
-14280
-219
1256
-1783
-4667
-2902
-3361
-27322
-26
533
112
-3097
-5025
-5094
-5468
-5945
-5171
216
-2670
-3127
-2282
-3168
-3820
-4340
-104
-192
-350
-1252
-4281
3632
-2691
-5065
-20392
-274
-1923
-4293
-4492
-3095
-2486
-24873
57
-615
-39
-442
-2337
-1544
-3698
-1803
-2637
-35
-225
-2438
-232
-4851
-2356
-2415
-72
-32
-118
-593
-2819
-2540
689
-2655
-13719
-183
-1053
-4760
-3225
-2245
-1615
-12032
-68
-532
-224
31
-3103
68
-3390
-996
-2096
-214
-35
-3404
1575
-4712
-1917
-2109
-64
87
-4
630
-2414
-3948
1922
-2045
-15566
-137
-73
-4787
-2532
-2153
-43
-15240
-108
-268
-375
344
-3378
1690
-3607
-1670
-2519
-322
16
-3801
3132
-5119
-2566
-3555
-21
254
-34
431
-3547
-3784
645
-2462
-16066
-98
482
-6137
-2205
-3184
-825
-14585
28
-308
-320
316
-2501
1533
-4145
-1045
-2860
-297
158
-2472
2570
-5437
-2081
-3826
28
194
-152
-410
-5117
-3430
-274
-2811
-16220
-75
157
-7250
-1845
-3492
-2046
-15005
141
290
-83
-123
479
195
-3751
-2291
-3049
-186
-77
1126
449
-4898
-3207
-3024
-19
69
-317
-663
-5347
-2653
-1278
-2765
-16257
-315
-679
-7244
-2183
-4148
-2700
-15643
47
-644
-171
-1517
-2381
-2810
-2112
-1214
-2427
-197
-1354
-2992
-2923
-4032
-2603
-3244
-39
-579
-236
508
-256
-2291
-765
-2298
-23044
-285
526
352
-2560
-2457
-1600
-22391
10
574
-131
-2712
-2616
-3707
-1960
-1953
-2856
-204
-2138
-2851
-2701
-4327
-1935
-3127
53
-692
-244
1058
-727
-3037
-455
-2867
-19664
-243
547
-488
-3117
-2204
-1617
-20198
80
450
-223
-2281
-1271
-2374
-378
-885
-1534
-185
-2117
-2521
-2309
-3445
-2336
-1650
-129
-851
-154
-1252
-399
-1920
-1025
-1333
-23113
-208
-769
-2085
-3483
-3004
-1688
-18242
66
-764
-268
-1574
-1977
-1926
-500
297
-1379
-229
-1081
-1593
-1436
-1858
-185
-418
-137
-811
5
-817
-962
-2644
-68
-1288
-15981
-120
-517
-2114
-1905
-2063
-327
-18012
-48
-640
-417
-1124
-1938
-606
-1070
577
-1045
-354
-1529
-2087
246
-2116
-268
-1049
-205
-986
18
261
-1637
-2523
881
-930
-17979
-84
106
-3258
-1666
-1884
-56
-18289
-104
-131
-516
-943
-1996
1172
-962
-7
-1410
-401
-1744
-2412
2192
-2750
-747
-2102
-140
-1161
15
10
-2796
-2772
-590
-1296
-16879
-2
579
-4830
-1894
-3077
-722
-16129
12
-19
-449
-958
-1077
431
-427
-126
-2245
-356
-1722
-679
1706
-3265
-439
-1739
-111
-1401
-80
-639
-4721
-3454
-2045
-2100
-17407
3
192
-6479
-2040
-3413
-1482
-21055
184
-320
-287
-919
2413
-2070
-1464
-1504
-2524
-382
-1639
3370
-1640
-3274
-2095
-1516
-128
-1104
-238
-719
-4989
-3051
-980
-2188
-16838
-292
-431
-6679
-2334
-2933
-2067
-19520
42
-525
-136
-1277
-1744
-2166
-944
-415
-1488
-330
-1486
-2076
-2672
-1238
-903
-2194
-16
-1163
-232
411
-640
-1471
-211
-1446
-17719
-222
403
-342
-1242
-486
-573
-18072
45
738
-70
-1478
-2754
-2635
-1180
575
-1631
-405
-1900
-3095
-2448
-1588
-318
-2848
-185
-1372
-177
1062
-529
-2313
-159
-1442
-16212
-221
622
-20
-1823
-891
-861
-15541
96
777
-172
-1076
-2922
-3039
-1956
119
-1718
-299
-604
-2971
-3042
-2216
-776
-2251
-161
-802
-98
-163
1436
-2799
-785
-1552
-11885
-145
94
959
-2348
-1209
-1922
-11265
90
-101
-204
-600
-2861
-3154
-2328
-220
-1982
-301
-231
-2151
-2975
-2029
-409
-543
-138
-617
-62
-647
659
-3291
-43
-1929
-12410
-164
14
-543
-1872
-1158
-1818
-15879
33
-278
-273
-271
-1958
-1659
-2686
-506
-1415
-346
134
-2041
-1599
-2485
-1267
-885
-159
-516
-72
47
-559
-2801
1645
-1324
-14295
-151
-16
-2202
-2029
-711
-1890
-13553
-45
-38
-299
-613
-1292
-224
-1992
-423
-1141
-353
-568
-1350
-301
-2237
-967
-260
-181
-1071
-77
79
-1533
-2646
1023
-1064
-15998
-109
484
-3255
-1549
-1616
-1354
-16748
14
159
-294
-193
51
-404
-1300
-25
-1395
-324
-115
124
-652
-2500
-941
-342
-184
-902
-152
-27
-2772
-2673
-403
-1209
-15013
-97
463
-4797
-1933
-2480
-1831
-15059
42
147
-160
-377
1624
-2216
-1758
-1021
-2091
-341
-569
2761
-2254
-2260
-1616
-1519
-176
-1267
-243
124
-3804
-2870
21
-1868
-14648
-368
636
-4624
-1993
-1832
-1966
-17217
54
290
-85
344
-1386
-2304
295
-680
-1448
-168
60
-1668
-2816
-540
-1886
-1617
-71
72
-320
236
-1468
-2023
-590
-1456
-16188
-314
381
-1600
-2037
-1503
-1851
-15213
-47
120
-14
530
-2277
-3025
574
-537
-1790
-151
406
-2246
-3763
-439
-1594
-1346
-99
451
-361
349
-1611
-2734
-542
-1733
-14736
-449
179
-1878
-2249
-1601
-1857
-14392
-163
-82
75
-38
-2284
-3638
-1324
-1259
-2095
-85
252
-1806
-3790
-2189
-1748
-1192
-66
-39
-343
-210
-406
-3384
49
-2084
-12863
-466
-47
-492
-2717
-1510
-2480
-14597
-253
-547
8
21
-1803
-3041
-2347
-1783
-2126
-168
71
-1224
-3328
-2678
-2332
-403
-75
-247
-291
-117
-752
-3720
883
-2106
-12928
-412
480
-1799
-2760
-1484
-2924
-14792
-246
101
-69
121
-1195
-2618
-2743
-2558
-2291
-185
202
-711
-3074
-3192
-3041
-403
-87
-157
-297
9
-1608
-3824
1246
-2205
-13333
-315
241
-3217
-2821
-1560
-3222
-14596
-187
48
-111
309
-1000
-1684
-2221
-2399
-2051
-197
473
-736
-2431
-2934
-3076
-132
-127
251
-257
17
-2334
-3538
1008
-1965
-14066
-238
339
-3984
-2827
-2279
-3165
-14402
-157
48
-126
393
-709
-1563
-1839
-1776
-1891
-206
409
-442
-2235
-3168
-2732
-315
-115
384
-252
-120
-2691
-3354
762
-1791
-14092
-285
177
-4416
-2897
-2057
-3078
-13696
-139
6
-116
-58
382
-2628
-571
-1678
-2110
-248
-182
1049
-3371
-2127
-2710
-1349
-136
-49
-270
-344
-2846
-3237
-575
-1963
-13252
-347
-114
-4030
-2954
-1924
-2871
-13406
-90
-50
0
0
0
0
0
0
0
0
0
0
0
-2074
-209
-3488
817
-1659
0
0
0
0
0
0
0
0
0
0
0
-817
-1319
-1967
-1621
-19199
0
0
0
0
0
0
0
0
0
0
0
-2916
-1619
-4661
2391
-2704
0
0
0
0
0
0
0
0
0
0
0
-2237
-1925
-3264
-2677
-15914
0
0
0
0
0
0
0
0
0
0
0
-1839
48
-3003
-1056
-2040
0
0
0
0
0
0
0
0
0
0
0
-2127
250
-2822
-2085
-15263
0
0
0
0
0
0
0
0
0
0
0
-2110
-35
-1782
-316
-1611
0
0
0
0
0
0
0
0
0
0
0
-2048
-535
-1506
-1630
-14735
0
0
0
0
0
0
0
0
0
0
0
-2644
-406
-1297
-165
-1705
0
0
0
0
0
0
0
0
0
0
0
-2237
-1386
-651
-1799
-12720
0
0
0
0
0
0
0
0
0
0
0
-2093
-500
-139
-1149
-1287
0
0
0
0
0
0
0
0
0
0
0
-2226
-976
-244
-1382
-16479
0
0
0
0
0
0
0
0
0
0
0
-2023
-1467
-566
-1186
-1580
0
0
0
0
0
0
0
0
0
0
0
-2458
-717
15
-1564
-15518
0
0
0
0
0
0
0
0
0
0
0
-1331
-1254
-570
-895
-1349
0
0
0
0
0
0
0
0
0
0
0
-1680
-76
-1028
-1343
-18124
0
0
0
0
0
0
0
0
0
0
0
-2267
-2214
-3653
1385
-3086
0
0
0
0
0
0
0
0
0
0
0
-2569
-1193
-4886
-2886
-17867
0
0
0
0
0
0
0
0
0
0
0
-3318
-3703
-5328
2204
-4434
0
0
0
0
0
0
0
0
0
0
0
-5109
-63
-7885
-4349
-19999
0
0
0
0
0
0
0
0
0
0
0
-2335
-3555
-5123
-644
-4133
0
0
0
0
0
0
0
0
0
0
0
-5033
2635
-8045
-4123
-20252
0
0
0
0
0
0
0
0
0
0
0
-2496
-2808
-2138
1119
-2378
0
0
0
0
0
0
0
0
0
0
0
-3621
234
-3498
-2415
-13405
0
0
0
0
0
0
0
0
0
0
0
-3160
-2668
84
66
-2181
0
0
0
0
0
0
0
0
0
0
0
-2458
-1508
-1896
-2135
-14220
0
0
0
0
0
0
0
0
0
0
0
-2795
-2600
-117
-1594
-1983
0
0
0
0
0
0
0
0
0
0
0
-2302
-193
-1468
-2088
-16080
0
0
0
0
0
0
0
0
0
0
0
-2862
-2812
-1031
-385
-2054
0
0
0
0
0
0
0
0
0
0
0
-3659
763
-830
-2061
-17775
0
0
0
0
0
0
0
0
0
0
0
-2483
-2057
-1177
-561
-1629
0
0
0
0
0
0
0
0
0
0
0
-2114
1362
-1395
-1633
-14338
0
0
0
0
0
0
0
0
0
0
0
-4126
-3824
-4727
554
-4764
0
0
0
0
0
0
0
0
0
0
0
-2443
-1464
-7753
-4577
-11950
0
0
0
0
0
0
0
0
0
0
0
-7097
-7258
-8003
-2795
-7840
0
0
0
0
0
0
0
0
0
0
0
-7243
4191
-12360
-7829
-16815
0
0
0
0
0
0
0
0
0
0
0
-8106
-8209
-10678
-8014
-8598
0
0
0
0
0
0
0
0
0
0
0
-8114
6693
-9806
-8643
-9873
0
0
0
0
0
0
0
0
0
0
0
-2298
-3706
-3381
-1474
-2882
0
0
0
0
0
0
0
0
0
0
0
-4584
3464
-4746
-2882
-23357
0
0
0
0
0
0
0
0
0
0
0
-1805
-1794
-107
-158
-1338
0
0
0
0
0
0
0
0
0
0
0
-1991
-542
-1624
-1372
-16191
0
0
0
0
0
0
0
0
0
0
0
-2628
-2459
-855
-1594
-1964
0
0
0
0
0
0
0
0
0
0
0
-2059
-641
-824
-2070
-14252
0
0
0
0
0
0
0
0
0
0
0
-2953
-2807
-1150
-498
-1972
0
0
0
0
0
0
0
0
0
0
0
-3062
969
-1080
-1964
-17904
0
0
0
0
0
0
0
0
0
0
0
-2797
-2423
-1889
-614
-1924
0
0
0
0
0
0
0
0
0
0
0
-1989
1565
-2168
-1972
-15522
0
0
0
0
0
0
0
0
0
0
0
-5114
-1676
-6286
-2941
-5187
0
0
0
0
0
0
0
0
0
0
0
-1818
873
-9315
-5137
-17618
0
0
0
0
0
0
0
0
0
0
0
-9671
-5914
-10172
-8979
-8820
0
0
0
0
0
0
0
0
0
0
0
-7106
7514
-11786
-8946
-16425
0
0
0
0
0
0
0
0
0
0
0
-10446
-6248
-12044
-11798
-8699
0
0
0
0
0
0
0
0
0
0
0
-8649
9021
-8120
-8890
-12313
0
0
0
0
0
0
0
0
0
0
0
-2727
-2771
-5082
-1676
-2833
0
0
0
0
0
0
0
0
0
0
0
-4872
3851
-2732
-2857
-24222
0
0
0
0
0
0
0
0
0
0
0
-1618
-653
-1868
-749
-1268
0
0
0
0
0
0
0
0
0
0
0
-2282
-963
816
-1363
-17115
0
0
0
0
0
0
0
0
0
0
0
-2453
-687
-2116
-1961
-1709
0
0
0
0
0
0
0
0
0
0
0
-1933
-1425
1606
-1757
-17201
0
0
0
0
0
0
0
0
0
0
0
-2955
-942
-1833
-1264
-1811
0
0
0
0
0
0
0
0
0
0
0
-2465
-3
595
-1721
-19111
0
0
0
0
0
0
0
0
0
0
0
-2611
-1011
-2343
-812
-1765
0
0
0
0
0
0
0
0
0
0
0
-1979
985
-1118
-1728
-17495
0
0
0
0
0
0
0
0
0
0
0
-4248
-2168
-4824
-2846
-4250
0
0
0
0
0
0
0
0
0
0
0
323
-893
-6443
-4230
-18296
0
0
0
0
0
0
0
0
0
0
0
-4990
-3454
-6748
-5621
-5275
0
0
0
0
0
0
0
0
0
0
0
-2550
2413
-6279
-5380
-17635
0
0
0
0
0
0
0
0
0
0
0
-4302
-3833
-5779
-4684
-4086
0
0
0
0
0
0
0
0
0
0
0
-3277
4260
-4286
-4286
-22708
0
0
0
0
0
0
0
0
0
0
0
-1953
-1410
-2571
-365
-1333
0
0
0
0
0
0
0
0
0
0
0
-1587
-739
1188
-1363
-17963
0
0
0
0
0
0
0
0
0
0
0
-2104
-1117
-2093
-562
-1498
0
0
0
0
0
0
0
0
0
0
0
-1156
-2674
2047
-1423
-15557
0
0
0
0
0
0
0
0
0
0
0
-2760
-219
-2115
-1350
-1855
0
0
0
0
0
0
0
0
0
0
0
-1910
-2398
1367
-1911
-15643
0
0
0
0
0
0
0
0
0
0
0
-3304
279
-2243
-791
-2107
0
0
0
0
0
0
0
0
0
0
0
-2852
-1558
381
-2021
-17407
0
0
0
0
0
0
0
0
0
0
0
-2193
267
-2276
-1020
-1684
0
0
0
0
0
0
0
0
0
0
0
-1515
-816
-1022
-1624
-18174
0
0
0
0
0
0
0
0
0
0
0
-2587
-2807
-2263
-1890
-2657
0
0
0
0
0
0
0
0
0
0
0
437
-582
-3804
-2489
-17217
0
0
0
0
0
0
0
0
0
0
0
-1465
-2788
-1504
-2812
-2488
0
0
0
0
0
0
0
0
0
0
0
39
-1625
-2921
-2524
-16584
0
0
0
0
0
0
0
0
0
0
0
-882
-1627
-443
-1137
-1198
0
0
0
0
0
0
0
0
0
0
0
440
-1732
-1624
-1326
-21024
0
0
0
0
0
0
0
0
0
0
0
-1671
-1822
-480
-117
-1072
0
0
0
0
0
0
0
0
0
0
0
-426
-2157
358
-1150
-15892
0
0
0
0
0
0
0
0
0
0
0
-1651
-1327
-613
-145
-992
0
0
0
0
0
0
0
0
0
0
0
-845
-1886
835
-1000
-16564
0
0
0
0
0
0
0
0
0
0
0
-2094
-465
-354
-1116
-1396
0
0
0
0
0
0
0
0
0
0
0
-1145
-2331
425
-1428
-14387
0
0
0
0
0
0
0
0
0
0
0
-2682
-352
-155
-1192
-2122
0
0
0
0
0
0
0
0
0
0
0
-1886
-3063
-321
-1977
-16303
0
0
0
0
0
0
0
0
0
0
0
-1336
-905
-958
-1732
-1626
0
0
0
0
0
0
0
0
0
0
0
-704
-2109
-432
-1460
-17053
0
0
0
0
0
0
0
0
0
0
0
-1402
-1705
-676
-1067
-1028
0
0
0
0
0
0
0
0
0
0
0
882
-704
-1278
-892
-17957
0
0
0
0
0
0
0
0
0
0
0
-536
-2432
-57
-1303
-1235
0
0
0
0
0
0
0
0
0
0
0
-471
-1592
-1085
-1361
-15949
0
0
0
0
0
0
0
0
0
0
0
-799
-2446
-463
-1221
-1096
0
0
0
0
0
0
0
0
0
0
0
904
-2079
-787
-1188
-13653
0
0
0
0
0
0
0
0
0
0
0
-1796
-2334
-943
-1122
-1347
0
0
0
0
0
0
0
0
0
0
0
773
-2488
277
-1330
-14706
0
0
0
0
0
0
0
0
0
0
0
-1581
-1380
-887
-1269
-972
0
0
0
0
0
0
0
0
0
0
0
185
-1940
1641
-880
-14888
0
0
0
0
0
0
0
0
0
0
0
-1344
-741
-590
-1554
-1007
0
0
0
0
0
0
0
0
0
0
0
-225
-2243
1774
-925
-15312
0
0
0
0
0
0
0
0
0
0
0
-1311
-229
-16
-1554
-1086
0
0
0
0
0
0
0
0
0
0
0
-540
-2575
1152
-954
-14786
0
0
0
0
0
0
0
0
0
0
0
-1003
-1178
-716
-1760
-1522
0
0
0
0
0
0
0
0
0
0
0
-378
-2810
406
-1329
-14798
0
0
0
0
0
0
0
0
0
0
0
-1386
-1623
395
-679
-1106
0
0
0
0
0
0
0
0
0
0
0
52
-1767
-886
-1081
-16611
0
0
0
0
0
0
0
0
0
0
0
-1351
-2050
1290
-1179
-1365
0
0
0
0
0
0
0
0
0
0
0
-879
-2496
-800
-1475
-15642
0
0
0
0
0
0
0
0
0
0
0
-1414
-2211
-397
-1164
-1375
0
0
0
0
0
0
0
0
0
0
0
310
-2737
9
-1487
-15064
0
0
0
0
0
0
0
0
0
0
0
-2184
-1837
-1057
-1402
-1614
0
0
0
0
0
0
0
0
0
0
0
498
-3143
765
-1606
-14100
0
0
0
0
0
0
0
0
0
0
0
-2324
-1548
-1427
-2322
-1779
0
0
0
0
0
0
0
0
0
0
0
158
-3175
1697
-1694
-13978
0
0
0
0
0
0
0
0
0
0
0
-2165
-987
-1085
-2450
-1667
0
0
0
0
0
0
0
0
0
0
0
-382
-2958
1729
-1628
-14116
0
0
0
0
0
0
0
0
0
0
0
-2109
-787
-872
-1988
-1555
0
0
0
0
0
0
0
0
0
0
0
-615
-2762
1338
-1538
-13781
0
0
0
0
0
0
0
0
0
0
0
-2018
-1432
-125
-2081
-1599
0
0
0
0
0
0
0
0
0
0
0
375
-2676
-208
-1533
-13107
0
0
0
0
0
0
0
0
0
0
0
0
0
0
0
0
0
0
0
0
0
0
0
0
0
0
0
0
0
0
0
0
0
0
0
0
0
0
0
0
0
0
0
0
0
0
0
0
0
0
0
0
0
0
0
0
0
0
0
0
0
0
0
0
0
0
0
0
0
0
0
0
0
0
0
0
0
0
0
0
0
0
0
0
0
0
0
0
0
0
0
0
0
0
0
0
0
0
0
0
0
0
0
0
0
0
0
0
0
0
0
0
0
0
0
0
0
0
0
0
0
0
0
0
0
0
0
0
0
0
0
0
0
0
0
0
0
0
0
0
0
0
0
0
0
0
0
0
0
0
0
0
0
0
0
0
0
0
0
0
0
0
0
0
0
0
0
0
0
0
0
0
0
0
0
0
0
0
0
0
0
0
0
0
0
0
0
0
0
0
0
0
0
0
0
0
0
0
0
0
0
0
0
0
0
0
0
0
0
0
0
0
0
0
0
0
0
0
0
0
0
0
0
0
0
0
0
0
0
0
0
0
0
0
0
0
0
0
0
0
0
0
0
0
0
0
0
0
0
0
0
0
0
0
0
0
0
0
0
0
0
0
0
0
0
0
0
0
0
0
0
0
0
0
0
0
0
0
0
0
0
0
0
0
0
0
0
0
0
0
0
0
0
0
0
0
0
0
0
0
0
0
0
0
0
0
0
0
0
0
0
0
0
0
0
0
0
0
0
0
0
0
0
0
0
0
0
0
0
0
0
0
0
0
0
0
0
0
0
0
0
0
0
0
0
0
0
0
0
0
0
0
0
0
0
0
0
0
0
0
0
0
0
0
0
0
0
0
0
0
0
0
0
0
0
0
0
0
0
0
0
0
0
0
0
0
0
0
0
0
0
0
0
0
0
0
0
0
0
0
0
0
0
0
0
0
0
0
0
0
0
0
0
0
0
0
0
0
0
0
0
0
0
0
0
0
0
0
0
0
0
0
0
0
0
0
0
0
0
0
0
0
0
0
0
0
0
0
0
0
0
0
0
0
0
0
0
0
0
0
0
0
0
0
0
0
0
0
0
0
0
0
0
0
0
0
0
0
0
0
0
0
0
0
0
0
0
0
0
0
0
0
0
0
0
0
0
0
0
0
0
0
0
0
0
0
0
0
0
0
0
0
0
0
0
0
0
0
0
0
0
0
0
0
0
0
0
0
0
0
0
0
0
0
0
0
0
0
0
0
0
0
0
0
0
0
0
0
0
0
0
0
0
0
0
0
0
0
0
0
0
0
0
0
0
0
0
0
0
0
0
0
0
0
0
0
0
0
0
0
0
0
0
0
0
0
0
0
0
0
0
0
0
0
0
0
0
0
0
0
0
0
0
0
0
0
0
0
0
0
0
0
0
0
0
0
0
0
0
0
0
0
0
0
0
0
0
0
0
0
0
0
0
0
0
0
0
0
0
0
0
0
0
0
0
0
0
0
0
0
0
0
0
0
0
0
0
0
0
0
0
0
0
0
0
0
0
0
0
0
0
0
0
0
0
0
0
0
0
0
0
0
0
0
0
0
0
0
0
0
0
0
0
0
0
0
0
0
0
0
0
0
0
0
0
0
0
0
0
0
0
0
0
0
0
0
0
0
0
0
0
0
0
0
0
0
0
0
0
0
0
0
0
0
0
0
0
0
0
0
0
0
0
0
0
0
0
0
0
0
0
0
0
0
0
0
0
0
0
0
0
0
0
0
0
0
0
0
0
0
0
0
0
0
0
0
0
0
0
0
0
0
0
0
0
0
0
0
0
0
0
0
0
0
0
0
0
0
0
0
0
0
0
0
0
0
0
0
0
0
0
0
0
0
0
0
0
0
0
0
0
0
0
0
0
0
0
0
0
0
0
0
0
0
0
0
0
0
0
0
0
0
0
0
0
0
0
0
0
0
0
0
0
0
0
0
0
0
0
0
0
0
0
0
0
0
0
0
0
0
0
0
0
0
0
0
0
0
0
0
0
0
0
0
0
0
0
0
0
0
0
0
0
0
0
0
0
0
0
0
0
0
0
0
0
0
0
0
0
0
0
0
0
0
0
0
0
0
0
0
0
0
0
0
0
0
0
0
0
0
0
0
0
0
0
0
0
0
0
0
0
0
0
0
0
0
0
0
0
0
0
0
0
0
0
0
0
0
0
0
0
0
0
0
0
0
0
0
0
0
0
0
0
0
0
0
0
0
0
0
0
0
0
0
0
0
0
0
0
0
0
0
0
0
0
0
0
0
0
0
0
0
0
0
0
0
0
0
0
0
0
0
0
0
0
0
0
0
0
0
0
0
0
0
0
0
0
0
0
0
0
0
0
0
0
0
0
0
0
0
0
0
0
0
0
0
0
0
0
0
0
0
0
0
0
0
0
0
0
0
0
0
0
0
0
0
0
0
0
0
0
0
0
0
0
0
0
0
0
0
0
0
0
0
0
0
0
0
0
0
0
0
0
0
0
0
0
0
0
0
0
0
0
0
0
0
0
0
0
0
0
0
0
0
0
0
0
0
0
0
0
0
0
0
0
0
0
0
0
0
0
0
0
0
0
0
0
0
0
0
0
0
0
0
0
0
0
0
0
0
0
0
0
0
0
0
0
0
0
0
0
0
0
0
0
0
0
0
0
0
0
0
0
0
0
0
0
0
0
0
0
0
0
0
0
0
0
0
0
0
0
0
0
0
0
0
0
0
0
0
0
0
0
0
0
0
0
0
0
0
0
0
0
0
0
0
0
0
0
0
0
0
0
0
0
0
0
0
0
0
0
0
0
0
0
0
0
0
0
0
0
0
0
0
0
0
0
0
0
0
0
0
0
0
0
0
0
0
0
0
0
0
0
0
0
0
0
0
0
0
0
0
0
0
0
0
0
0
0
0
0
0
0
0
0
0
0
0
0
0
0
0
0
0
0
0
0
0
0
0
0
0
0
0
0
0
0
0
0
0
0
0
0
0
0
0
0
0
0
0
0
0
0
0
0
0
0
0
0
0
0
0
0
0
0
0
0
0
0
0
0
0
0
0
0
0
0
0
0
0
0
0
0
0
0
0
0
0
0
0
0
0
0
0
0
0
0
0
0
0
0
0
0
0
0
0
0
0
0
0
0
0
0
0
0
0
0
0
0
0
0
0
0
0
0
0
0
0
0
0
0
0
0
0
0
0
0
0
0
0
0
0
0
0
0
0
0
0
0
0
0
0
0
0
0
0
0
0
0
0
0
0
0
0
0
0
0
0
0
0
0
0
0
0
0
0
0
0
0
0
0
0
0
0
0
0
0
0
0
0
0
0
0
0
0
0
0
0
0
0
0
0
0
0
0
0
0
0
0
0
0
0
0
0
0
0
0
0
0
0
0
0
0
0
0
0
0
0
0
0
0
0
0
0
0
0
0
0
0
0
0
0
0
0
0
0
0
0
0
0
0
0
0
0
0
0
0
0
0
0
0
0
0
0
0
0
0
0
0
0
0
0
0
0
0
0
0
0
0
0
0
0
0
0
0
0
0
0
0
0
0
0
0
0
0
0
0
0
0
0
0
0
0
0
0
0
0
0
0
0
0
0
0
0
0
0
0
0
0
0
0
0
0
0
0
0
0
0
0
0
0
0
0
0
0
0
0
0
0
0
0
0
0
0
0
0
0
0
0
0
0
0
0
0
0
0
0
0
0
0
0
0
0
0
0
0
0
0
0
0
0
0
0
0
0
0
0
0
0
0
0
0
0
0
0
0
0
0
0
0
0
0
0
0
0
0
0
0
0
0
0
0
0
0
0
0
0
0
0
0
0
0
0
0
0
0
0
0
0
0
0
0
0
0
0
0
0
0
0
0
0
0
0
0
0
0
0
0
0
0
0
0
0
0
0
0
0
0
0
0
0
0
0
0
0
0
0
0
0
0
0
0
0
0
0
0
0
0
0
0
0
0
0
0
0
0
0
0
0
0
0
0
0
0
0
0
0
0
0
0
0
0
0
0
0
0
0
0
0
0
0
0
0
0
0
0
0
0
0
0
0
0
0
0
0
0
0
0
0
0
0
0
0
0
0
0
0
0
0
0
0
0
0
0
0
0
0
0
0
0
0
0
0
0
0
0
0
0
0
0
0
0
0
0
0
0
0
0
0
0
0
0
0
0
0
0
0
0
0
0
0
0
0
0
0
0
0
0
0
0
0
0
0
0
0
0
0
0
0
0
0
0
0
0
0
0
0
0
0
0
0
0
0
0
0
0
0
0
0
0
0
0
0
0
0
0
0
0
0
0
0
0
0
0
0
0
0
0
0
0
0
0
0
0
0
0
0
0
0
0
0
0
0
0
0
0
0
0
0
0
0
0
0
0
0
0
0
0
0
0
0
0
0
0
0
0
0
0
0
0
0
0
0
0
0
0
0
0
0
0
0
0
0
0
0
0
0
0
0
0
0
0
0
0
0
0
0
0
0
0
0
0
0
0
0
0
0
0
0
0
0
0
0
0
0
0
0
0
0
0
0
0
0
0
0
0
0
0
0
0
0
0
0
0
0
0
0
0
0
0
0
0
0
0
0
0
0
0
0
0
0
0
0
0
0
0
0
0
0
0
0
0
0
0
0
0
0
0
0
0
0
0
0
0
0
0
0
0
0
0
0
0
0
0
0
0
0
0
0
0
0
0
0
0
0
0
0
0
0
0
0
0
0
0
0
0
0
0
0
0
0
0
0
0
0
0
0
0
0
0
0
0
0
0
0
0
0
0
0
0
0
0
0
0
0
0
0
0
0
0
0
0
0
0
0
0
0
0
0
0
0
0
0
0
0
0
0
0
0
0
0
0
0
0
0
0
0
0
0
0
0
0
0
0
0
0
0
0
0
0
0
0
0
0
0
0
0
0
0
0
0
0
0
0
0
0
0
0
0
0
0
0
0
0
0
0
0
0
0
0
0
0
0
0
0
0
0
0
0
0
0
0
0
0
0
0
0
0
0
0
0
0
0
0
0
0
0
0
0
0
0
0
0
0
0
0
0
0
0
0
0
0
0
0
0
0
0
0
0
0
0
0
0
0
0
0
0
0
0
0
0
0
0
0
0
0
0
0
0
0
0
0
0
0
0
0
0
0
0
0
0
0
0
0
0
0
0
0
0
0
0
0
0
0
0
0
0
0
0
0
0
0
0
0
0
0
0
0
0
0
0
0
0
0
0
0
0
0
0
0
0
0
0
0
0
0
0
0
0
0
0
0
0
0
0
0
0
0
0
0
0
0
0
0
0
0
0
0
0
0
0
0
0
0
0
0
0
0
0
0
0
0
0
0
0
0
0
0
0
0
0
0
0
0
0
0
0
0
0
0
0
0
0
0
0
0
0
0
0
0
0
0
0
0
0
0
0
0
0
0
0
0
0
0
0
0
0
0
0
0
0
0
0
0
0
0
0
0
0
0
0
0
0
0
0
0
0
0
0
0
0
0
0
0
0
0
0
0
0
0
0
0
0
0
0
0
0
0
0
0
0
0
0
0
0
0
0
0
0
0
0
0
0
0
0
0
0
0
0
0
0
0
0
0
0
0
0
0
0
0
0
0
0
0
0
0
0
0
0
0
0
0
0
0
0
0
0
0
0
0
0
0
0
0
0
0
0
0
0
0
0
0
0
0
0
0
0
0
0
0
0
0
0
0
0
0
0
0
0
0
0
0
0
0
0
0
0
0
0
0
0
0
0
0
0
0
0
0
0
0
0
0
0
0
0
0
0
0
0
0
0
0
0
0
0
0
0
0
0
0
0
0
0
0
0
0
0
0
0
0
0
0
0
0
0
0
0
0
0
0
0
0
0
0
0
0
0
0
0
0
0
0
0
0
0
0
0
0
0
0
0
0
0
0
0
0
0
0
0
0
0
0
0
0
0
0
0
0
0
0
0
0
0
0
0
0
0
0
0
0
0
0
0
0
0
0
0
0
0
0
0
0
0
0
0
0
0
0
0
0
0
0
0
0
0
0
0
0
0
0
0
0
0
0
0
0
0
0
0
0
0
0
0
0
0
0
0
0
0
0
0
0
0
0
0
0
0
0
0
0
0
0
0
0
0
0
0
0
0
0
0
0
0
0
0
0
0
0
0
0
0
0
0
0
0
0
0
0
0
0
0
0
0
0
0
0
0
0
0
0
0
0
0
0
0
0
0
0
0
0
0
0
0
0
0
0
0
0
0
0
0
0
0
0
0
0
0
0
0
0
0
0
0
0
0
0
0
0
0
0
0
0
0
0
0
0
0
0
0
0
0
0
0
0
0
0
0
0
0
0
0
0
0
0
0
0
0
0
0
0
0
0
0
0
0
0
0
0
0
0
0
0
0
0
0
0
0
0
0
0
0
0
0
0
0
0
0
0
0
0
0
0
0
0
0
0
0
0
0
0
0
0
0
0
0
0
0
0
0
0
0
0
0
0
0
0
0
0
0
0
0
0
0
0
0
0
0
0
0
0
0
0
0
0
0
0
0
0
0
0
0
0
0
0
0
0
0
0
0
0
0
0
0
0
0
0
0
0
0
0
0
0
0
0
0
0
0
0
0
0
0
0
0
0
0
0
0
0
0
0
0
0
0
0
0
0
0
0
0
0
0
0
0
0
0
0
0
0
0
0
0
0
0
0
0
0
0
0
0
0
0
0
0
0
0
0
0
0
0
0
0
0
0
0
0
0
0
0
0
0
0
0
0
0
0
0
0
0
0
0
0
0
0
0
0
0
0
0
0
0
0
0
0
0
0
0
0
0
0
0
0
0
0
0
0
0
0
0
0
0
0
0
0
0
0
0
0
0
0
0
0
0
0
0
0
0
0
0
0
0
0
0
0
0
0
0
0
0
0
0
0
0
0
0
0
0
0
0
0
0
0
0
0
0
0
0
0
0
0
0
0
0
0
0
0
0
0
0
0
0
0
0
0
0
0
0
0
0
0
0
0
0
0
0
0
0
0
0
0
0
0
0
0
0
0
0
0
0
0
0
0
0
0
0
0
0
0
0
0
0
0
0
0
0
0
0
0
0
0
0
0
0
0
0
0
0
0
0
0
0
0
0
0
0
0
0
0
0
0
0
0
0
0
0
0
0
0
0
0
0
0
0
0
0
0
0
0
0
0
0
0
0
0
0
0
0
0
0
0
0
0
0
0
0
0
0
0
0
0
0
0
0
0
0
0
0
0
0
0
0
0
0
0
0
0
0
0
0
0
0
0
0
0
0
0
0
0
0
0
0
0
0
0
0
0
0
0
0
0
0
0
0
0
0
0
0
0
0
0
0
0
0
0
0
0
0
0
0
0
0
0
0
0
0
0
0
0
0
0
0
0
0
0
0
0
0
0
0
0
0
0
0
0
0
0
0
0
0
0
0
0
0
0
0
0
0
0
0
0
0
0
0
0
0
0
0
0
0
0
0
0
0
0
0
0
0
0
0
0
0
0
0
0
0
0
0
0
0
0
0
0
0
0
0
0
0
0
0
0
0
0
0
0
0
0
0
0
0
0
0
0
0
0
0
0
0
0
0
0
0
0
0
0
0
0
0
0
0
0
0
0
0
0
0
0
0
0
0
0
0
0
0
0
0
0
0
0
0
0
0
0
0
0
0
0
0
0
0
0
0
0
0
0
0
0
0
0
0
0
0
0
0
0
0
0
0
0
0
0
0
0
0
0
0
0
0
0
0
0
0
0
0
0
0
0
0
0
0
0
0
0
0
0
0
0
0
0
0
0
0
0
0
0
0
0
0
0
0
0
0
0
0
0
0
0
0
0
0
0
0
0
0
0
0
0
0
0
0
0
0
0
0
0
0
0
0
0
0
0
0
0
0
0
0
0
0
0
0
0
0
0
0
0
0
0
0
0
0
0
0
0
0
0
0
0
0
0
0
0
0
0
0
0
0
0
0
0
0
0
0
0
0
0
0
0
0
0
0
0
0
0
0
0
0
0
0
0
0
0
0
0
0
0
0
0
0
0
0
0
0
0
0
0
0
0
0
0
0
0
0
0
0
0
0
0
0
0
0
0
0
0
0
0
0
0
0
0
0
0
0
0
0
0
0
0
0
0
0
0
0
0
0
0
0
0
0
0
0
0
0
0
0
0
0
0
0
0
0
0
0
0
0
0
0
0
0
0
0
0
0
0
0
0
0
0
0
0
0
0
0
0
0
0
0
0
0
0
0
0
0
0
0
0
0
0
0
0
0
0
0
0
0
0
0
0
0
0
0
0
0
0
0
0
0
0
0
0
0
0
0
0
0
0
0
0
0
0
0
0
0
0
0
0
0
0
0
0
0
0
0
0
0
0
0
0
0
0
0
0
0
0
0
0
0
0
0
0
0
0
0
0
0
0
0
0
0
0
0
0
0
0
0
0
0
0
0
0
0
0
0
0
0
0
0
0
0
0
0
0
0
0
0
0
0
0
0
0
0
0
0
0
0
0
0
0
0
0
0
0
0
0
0
0
0
0
0
0
0
0
0
0
0
0
0
0
0
0
0
0
0
0
0
0
0
0
0
0
0
0
0
0
0
0
0
0
0
0
0
0
0
0
0
0
0
0
0
0
0
0
0
0
0
0
0
0
0
0
0
0
0
0
0
0
0
0
0
0
0
0
0
0
0
0
0
0
0
0
0
0
0
0
0
0
0
0
0
0
0
0
0
0
0
0
0
0
0
0
0
0
0
0
0
0
0
0
0
0
0
0
0
0
0
0
0
0
0
0
0
0
0
0
0
0
0
0
0
0
0
0
0
0
0
0
0
0
0
0
0
0
0
0
0
0
0
0
0
0
0
0
0
0
0
0
0
0
0
0
0
0
0
0
0
0
0
0
0
0
0
0
0
0
0
0
0
0
0
0
0
0
0
0
0
0
0
0
0
0
0
0
0
0
0
0
0
0
0
0
0
0
0
0
0
0
0
0
0
0
0
0
0
0
0
0
0
0
0
0
0
0
0
0
0
0
0
0
0
0
0
0
0
0
0
0
0
0
0
0
0
0
0
0
0
0
0
0
0
0
0
0
0
0
0
0
0
0
0
0
0
0
0
0
0
0
0
0
0
0
0
0
0
0
0
0
0
0
0
0
0
0
0
0
0
0
0
0
0
0
0
0
0
0
0
0
0
0
0
0
0
0
0
0
0
0
0
0
0
0
0
0
0
0
0
0
0
0
0
0
0
0
0
0
0
0
0
0
0
0
0
0
0
0
0
0
0
0
0
0
0
0
0
0
0
0
0
0
0
0
0
0
0
0
0
0
0
0
0
0
0
0
0
0
0
0
0
0
0
0
0
0
0
0
0
0
0
0
0
0
0
0
0
0
0
0
0
0
0
0
0
0
0
0
0
0
0
0
0
0
0
0
0
0
0
0
0
0
0
0
0
0
0
0
0
0
0
0
0
0
0
0
0
0
0
0
0
0
0
0
0
0
0
0
0
0
0
0
0
0
0
0
0
0
0
0
0
0
0
0
0
0
0
0
0
0
0
0
0
0
0
0
0
0
0
0
0
0
0
0
0
0
0
0
0
0
0
0
0
0
0
0
0
0
0
0
0
0
0
0
0
0
0
0
0
0
0
0
0
0
0
0
0
0
0
0
0
0
0
0
0
0
0
0
0
0
0
0
0
0
0
0
0
0
0
0
0
0
0
0
0
0
0
0
0
0
0
0
0
0
0
0
0
0
0
0
0
0
0
0
0
0
0
0
0
0
0
0
0
0
0
0
0
0
0
0
0
0
0
0
0
0
0
0
0
0
0
0
0
0
0
0
0
0
0
0
0
0
0
0
0
0
0
0
0
0
0
0
0
0
0
0
0
0
0
0
0
0
0
0
0
0
0
0
0
0
0
0
0
0
0
0
0
0
0
0
0
0
0
0
0
0
0
0
0
0
0
0
0
0
0
0
0
0
0
0
0
0
0
0
0
0
0
0
0
0
0
0
0
0
0
0
0
0
0
0
0
0
0
0
0
0
0
0
0
0
0
0
0
0
0
0
0
0
0
0
0
0
0
0
0
0
0
0
0
0
0
0
0
0
0
0
0
0
0
0
0
0
0
0
0
0
0
0
0
0
0
0
0
0
0
0
0
0
0
0
0
0
0
0
0
0
0
0
0
0
0
0
0
0
0
0
0
0
0
0
0
0
0
0
0
0
0
0
0
0
0
0
0
0
0
0
0
0
0
0
0
0
0
0
0
0
0
0
0
0
0
0
0
0
0
0
0
0
0
0
0
0
0
0
0
0
0
0
0
0
0
0
0
0
0
0
0
0
0
0
0
0
0
0
0
0
0
0
0
0
0
0
0
0
0
0
0
0
0
0
0
0
0
0
0
0
0
0
0
0
0
0
0
0
0
0
0
0
0
0
0
0
0
0
0
0
0
0
0
0
0
0
0
0
0
0
0
0
0
0
0
0
0
0
0
0
0
0
0
0
0
0
0
0
0
0
0
0
0
0
0
0
0
0
0
0
0
0
0
0
0
0
0
0
0
0
0
0
0
0
0
0
0
0
0
0
0
0
0
0
0
0
0
0
0
0
0
0
0
0
0
0
0
0
0
0
0
0
0
0
0
0
0
0
0
0
0
0
0
0
0
0
0
0
0
0
0
0
0
0
0
0
0
0
0
0
0
0
0
0
0
0
0
0
0
0
0
0
0
0
0
0
0
0
0
0
0
0
0
0
0
0
0
0
0
0
0
0
0
0
0
0
0
0
0
0
0
0
0
0
0
0
0
0
0
0
0
0
0
0
0
0
0
0
0
0
0
0
0
0
0
0
0
0
0
0
0
0
0
0
0
0
0
0
0
0
0
0
0
0
0
0
0
0
0
0
0
0
0
0
0
0
0
0
0
0
0
0
0
0
0
0
0
0
0
0
0
0
0
0
0
0
0
0
0
0
0
0
0
0
0
0
0
0
0
0
0
0
0
0
0
0
0
0
0
0
0
0
0
0
0
0
0
0
0
0
0
0
0
0
0
0
0
0
0
0
0
0
0
0
0
0
0
0
0
0
0
0
0
0
0
0
0
0
0
0
0
0
0
0
0
0
0
0
0
0
0
0
0
0
0
0
0
0
0
0
0
0
0
0
0
0
0
0
0
0
0
0
0
0
0
0
0
0
0
0
0
0
0
0
0
0
0
0
0
0
0
0
0
0
0
0
0
0
0
0
0
0
0
0
0
0
0
0
0
0
0
0
0
0
0
0
0
0
0
0
0
0
0
0
0
0
0
0
0
0
0
0
0
0
0
0
0
0
0
0
0
0
0
0
0
0
0
0
0
0
0
0
0
0
0
0
0
0
0
0
0
0
0
0
0
0
0
0
0
0
0
0
0
0
0
0
0
0
0
0
0
0
0
0
0
0
0
0
0
0
0
0
0
0
0
0
0
0
0
0
0
0
0
0
0
0
0
0
0
0
0
0
0
0
0
0
0
0
0
0
0
0
0
0
0
0
0
0
0
0
0
0
0
0
0
0
0
0
0
0
0
0
0
0
0
0
0
0
0
0
0
0
0
0
0
0
0
0
0
0
0
0
0
0
0
0
0
0
0
0
0
0
0
0
0
0
0
0
0
0
0
0
0
0
0
0
0
0
0
0
0
0
0
0
0
0
0
0
0
0
0
0
0
0
0
0
0
0
0
0
0
0
0
0
0
0
0
0
0
0
0
0
0
0
0
0
0
0
0
0
0
0
0
0
0
0
0
0
0
0
0
0
0
0
0
0
0
0
0
0
0
0
0
0
0
0
0
0
0
0
0
0
0
0
0
0
0
0
0
0
0
0
0
0
0
0
0
0
0
0
0
0
0
0
0
0
0
0
0
0
0
0
0
0
0
0
0
0
0
0
0
0
0
0
0
0
0
0
0
0
0
0
0
0
0
0
0
0
0
0
0
0
0
0
0
0
0
0
0
0
0
0
0
0
0
0
0
0
0
0
0
0
0
0
0
0
0
0
0
0
0
0
0
0
0
0
0
0
0
0
0
0
0
0
0
0
0
0
0
0
0
0
0
0
0
0
0
0
0
0
0
0
0
0
0
0
0
0
0
0
0
0
0
0
0
0
0
0
0
0
0
0
0
0
0
0
0
0
0
0
0
0
0
0
0
0
0
0
0
0
0
0
0
0
0
0
0
0
0
0
0
0
0
0
0
0
0
0
0
0
0
0
0
0
0
0
0
0
0
0
0
0
0
0
0
0
0
0
0
0
0
0
0
0
0
0
0
0
0
0
0
0
0
0
0
0
0
0
0
0
0
0
0
0
0
0
0
0
0
0
0
0
0
0
0
0
0
0
0
0
0
0
0
0
0
0
0
0
0
0
0
0
0
0
0
0
0
0
0
0
0
0
0
0
0
0
0
0
0
0
0
0
0
0
0
0
0
0
0
0
0
0
0
0
0
0
0
0
0
0
0
0
0
0
0
0
0
0
0
0
0
0
0
0
0
0
0
0
0
0
0
0
0
0
0
0
0
0
0
0
0
0
0
0
0
0
0
0
0
0
0
0
0
0
0
0
0
0
0
0
0
0
0
0
0
0
0
0
0
0
0
0
0
0
0
0
0
0
0
0
0
0
0
0
0
0
0
0
0
0
0
0
0
0
0
0
0
0
0
0
0
0
0
0
0
0
0
0
0
0
0
0
0
0
0
0
0
0
0
0
0
0
0
0
0
0
0
0
0
0
0
0
0
0
0
0
0
0
0
0
0
0
0
0
0
0
0
0
0
0
0
0
0
0
0
0
0
0
0
0
0
0
0
0
0
0
0
0
0
0
0
0
0
0
0
0
0
0
0
0
0
0
0
0
0
0
0
0
0
0
0
0
0
0
0
0
0
0
0
0
0
0
0
0
0
0
0
0
0
0
0
0
0
0
0
0
0
0
0
0
0
0
0
0
0
0
0
0
0
0
0
0
0
0
0
0
0
0
0
0
0
0
0
0
0
0
0
0
0
0
0
0
0
0
0
0
0
0
0
0
0
0
0
0
0
0
0
0
0
0
0
0
0
0
0
0
0
0
0
0
0
0
0
0
0
0
0
0
0
0
0
0
0
0
0
0
0
0
0
0
0
0
0
0
0
0
0
0
0
0
0
0
0
0
0
0
0
0
0
0
0
0
0
0
0
0
0
0
0
0
0
0
0
0
0
0
0
0
0
0
0
0
0
0
0
0
0
0
0
0
0
0
0
0
0
0
0
0
0
0
0
0
0
0
0
0
0
0
0
0
0
0
0
0
0
0
0
0
0
0
0
0
0
0
0
0
0
0
0
0
0
0
0
0
0
0
0
0
0
0
0
0
0
0
0
0
0
0
0
0
0
0
0
0
0
0
0
0
0
0
0
0
0
0
0
0
0
0
0
0
0
0
0
0
0
0
0
0
0
0
0
0
0
0
0
0
0
0
0
0
0
0
0
0
0
0
0
0
0
0
0
0
0
0
0
0
0
0
0
0
0
0
0
0
0
0
0
0
0
0
0
0
0
0
0
0
0
0
0
0
0
0
0
0
0
0
0
0
0
0
0
0
0
0
0
0
0
0
0
0
0
0
0
0
0
0
0
0
0
0
0
0
0
0
0
0
0
0
0
0
0
0
0
0
0
0
0
0
0
0
0
0
0
0
0
0
0
0
0
0
0
0
0
0
0
0
0
0
0
0
0
0
0
0
0
0
0
0
0
0
0
0
0
0
0
0
0
0
0
0
0
0
0
0
0
0
0
0
0
0
0
0
0
0
0
0
0
0
0
0
0
0
0
0
0
0
0
0
0
0
0
0
0
0
0
0
0
0
0
0
0
0
0
0
0
0
0
0
0
0
0
0
0
0
0
0
0
0
0
0
0
0
0
0
0
0
0
0
0
0
0
0
0
0
0
0
0
0
0
0
0
0
0
0
0
0
0
0
0
0
0
0
0
0
0
0
0
0
0
0
0
0
0
0
0
0
0
0
0
0
0
0
0
0
0
0
0
0
0
0
0
0
0
0
0
0
0
0
0
0
0
0
0
0
0
0
0
0
0
0
0
0
0
0
0
0
0
0
0
0
0
0
0
0
0
0
0
0
0
0
0
0
0
0
0
0
0
0
0
0
0
0
0
0
0
0
0
0
0
0
0
0
0
0
0
0
0
0
0
0
0
0
0
0
0
0
0
0
0
0
0
0
0
0
0
0
0
0
0
0
0
0
0
0
0
0
0
0
0
0
0
0
0
0
0
0
0
0
0
0
0
0
0
0
0
0
0
0
0
0
0
0
0
0
0
0
0
0
0
0
0
0
0
0
0
0
0
0
0
0
0
0
0
0
0
0
0
0
0
0
0
0
0
0
0
0
0
0
0
0
0
0
0
0
0
0
0
0
0
0
0
0
0
0
0
0
0
0
0
0
0
0
0
0
0
0
0
0
0
0
0
0
0
0
0
0
0
0
0
0
0
0
0
0
0
0
0
0
0
0
0
0
0
0
0
0
0
0
0
0
0
0
0
0
0
0
0
0
0
0
0
0
0
0
0
0
0
0
0
0
0
0
0
0
0
0
0
0
0
0
0
0
0
0
0
0
0
0
0
0
0
0
0
0
0
0
0
0
0
0
0
0
0
0
0
0
0
0
0
0
0
0
0
0
0
0
0
0
0
0
0
0
0
0
0
0
0
0
0
0
0
0
0
0
0
0
0
0
0
0
0
0
0
0
0
0
0
0
0
0
0
0
0
0
0
0
0
0
0
0
0
0
0
0
0
0
0
0
0
0
0
0
0
0
0
0
0
0
0
0
0
0
0
0
0
0
0
0
0
0
0
0
0
0
0
0
0
0
0
0
0
0
0
0
0
0
0
0
0
0
0
0
0
0
0
0
0
0
0
0
0
0
0
0
0
0
0
0
0
0
0
0
0
0
0
0
0
0
0
0
0
0
0
0
0
0
0
0
0
0
0
0
0
0
0
0
0
0
0
0
0
0
0
0
0
0
0
0
0
0
0
0
0
0
0
0
0
0
0
0
0
0
0
0
0
0
0
0
0
0
0
0
0
0
0
0
0
0
0
0
0
0
0
0
0
0
0
0
0
0
0
0
0
0
0
0
0
0
0
0
0
0
0
0
0
0
0
0
0
0
0
0
0
0
0
0
0
0
0
0
0
0
0
0
0
0
0
0
0
0
0
0
0
0
0
0
0
0
0
0
0
0
0
0
0
0
0
0
0
0
0
0
0
0
0
0
0
0
0
0
0
0
0
0
0
0
0
0
0
0
0
0
0
0
0
0
0
0
0
0
0
0
0
0
0
0
0
0
0
0
0
0
0
0
0
0
0
0
0
0
0
0
0
0
0
0
0
0
0
0
0
0
0
0
0
0
0
0
0
0
0
0
0
0
0
0
0
0
0
0
0
0
0
0
0
0
0
0
0
0
0
0
0
0
0
0
0
0
0
0
0
0
0
0
0
0
0
0
0
0
0
0
0
0
0
0
0
0
0
0
0
0
0
0
0
0
0
0
0
0
0
0
0
0
0
0
0
0
0
0
0
0
0
0
0
0
0
0
0
0
0
0
0
0
0
0
0
0
0
0
0
0
0
0
0
0
0
0
0
0
0
0
0
0
0
0
0
0
0
0
0
0
0
0
0
0
0
0
0
0
0
0
0
0
0
0
0
0
0
0
0
0
0
0
0
0
0
0
0
0
0
0
0
0
0
0
0
0
0
0
0
0
0
0
0
0
0
0
0
0
0
0
0
0
0
0
0
0
0
0
0
0
0
0
0
0
0
0
0
0
0
0
0
0
0
0
0
0
0
0
0
0
0
0
0
0
0
0
0
0
0
0
0
0
0
0
0
0
0
0
0
0
0
0
0
0
0
0
0
0
0
0
0
0
0
0
0
0
0
0
0
0
0
0
0
0
0
0
0
0
0
0
0
0
0
0
0
0
0
0
0
0
0
0
0
0
0
0
0
0
0
0
0
0
0
0
0
0
0
0
0
0
0
0
0
0
0
0
0
0
0
0
0
0
0
0
0
0
0
0
0
0
0
0
0
0
0
0
0
0
0
0
0
0
0
0
0
0
0
0
0
0
0
0
0
0
0
0
0
0
0
0
0
0
0
0
0
0
0
0
0
0
0
0
0
0
0
0
0
0
0
0
0
0
0
0
0
0
0
0
0
0
0
0
0
0
0
0
0
0
0
0
0
0
0
0
0
0
0
0
0
0
0
0
0
0
0
0
0
0
0
0
0
0
0
0
0
0
0
0
0
0
0
0
0
0
0
0
0
0
0
0
0
0
0
0
0
0
0
0
0
0
0
0
0
0
0
0
0
0
0
0
0
0
0
0
0
0
0
0
0
0
0
0
0
0
0
0
0
0
0
0
0
0
0
0
0
0
0
0
0
0
0
0
0
0
0
0
0
0
0
0
0
0
0
0
0
0
0
0
0
0
0
0
0
0
0
0
0
0
0
0
0
0
0
0
0
0
0
0
0
0
0
0
0
0
0
0
0
0
0
0
0
0
0
0
0
0
0
0
0
0
0
0
0
0
0
0
0
0
0
0
0
0
0
0
0
0
0
0
0
0
0
0
0
0
0
0
0
0
0
0
0
0
0
0
0
0
0
0
0
0
0
0
0
0
0
0
0
0
0
0
0
0
0
0
0
0
0
0
0
0
0
0
0
0
0
0
0
0
0
0
0
0
0
0
0
0
0
0
0
0
0
0
0
0
0
0
0
0
0
0
0
0
0
0
0
0
0
0
0
0
0
0
0
0
0
0
0
0
0
0
0
0
0
0
0
0
0
0
0
0
0
0
0
0
0
0
0
0
0
0
0
0
0
0
0
0
0
0
0
0
0
0
0
0
0
0
0
0
0
0
0
0
0
0
0
0
0
0
0
0
0
0
0
0
0
0
0
0
0
0
0
0
0
0
0
0
0
0
0
0
0
0
0
0
0
0
0
0
0
0
0
0
0
0
0
0
0
0
0
0
0
0
0
0
0
0
0
0
0
0
0
0
0
0
0
0
0
0
0
0
0
0
0
0
0
0
0
0
0
0
0
0
0
0
0
0
0
0
0
0
0
0
0
0
0
0
0
0
0
0
0
0
0
0
0
0
0
0
0
0
0
0
0
0
0
0
0
0
0
0
0
0
0
0
0
0
0
0
0
0
0
0
0
0
0
0
0
0
0
0
0
0
0
0
0
0
0
0
0
0
0
0
0
0
0
0
0
0
0
0
0
0
0
0
0
0
0
0
0
0
0
0
0
0
0
0
0
0
0
0
0
0
0
0
0
0
0
0
0
0
0
0
0
0
0
0
0
0
0
0
0
0
0
0
0
0
0
0
0
0
0
0
0
0
0
0
0
0
0
0
0
0
0
0
0
0
0
0
0
0
0
0
0
0
0
0
0
0
0
0
0
0
0
0
0
0
0
0
0
0
0
0
0
0
0
0
0
0
0
0
0
0
0
0
0
0
0
0
0
0
0
0
0
0
0
0
0
0
0
0
0
0
0
0
0
0
0
0
0
0
0
0
0
0
0
0
0
0
0
0
0
0
0
0
0
0
0
0
0
0
0
0
0
0
0
0
0
0
0
0
0
0
0
0
0
0
0
0
0
0
0
0
0
0
0
0
0
0
0
0
0
0
0
0
0
0
0
0
0
0
0
0
0
0
0
0
0
0
0
0
0
0
0
0
0
0
0
0
0
0
0
0
0
0
0
0
0
0
0
0
0
0
0
0
0
0
0
0
0
0
0
0
0
0
0
0
0
0
0
0
0
0
0
0
0
0
0
0
0
0
0
0
0
0
0
0
0
0
0
0
0
0
0
0
0
0
0
0
0
0
0
0
0
0
0
0
0
0
0
0
0
0
0
0
0
0
0
0
0
0
0
0
0
0
0
0
0
0
0
0
0
0
0
0
0
0
0
0
0
0
0
0
0
0
0
0
0
0
0
0
0
0
0
0
0
0
0
0
0
0
0
0
0
0
0
0
0
0
0
0
0
0
0
0
0
0
0
0
0
0
0
0
0
0
0
0
0
0
0
0
0
0
0
0
0
0
0
0
0
0
0
0
0
0
0
0
0
0
0
0
0
0
0
0
0
0
0
0
0
0
0
0
0
0
0
0
0
0
0
0
0
0
0
0
0
0
0
0
0
0
0
0
0
0
0
0
0
0
0
0
0
0
0
0
0
0
0
0
0
0
0
0
0
0
0
0
0
0
0
0
0
0
0
0
0
0
0
0
0
0
0
0
0
0
0
0
0
0
0
0
0
0
0
0
0
0
0
0
0
0
0
0
0
0
0
0
0
0
0
0
0
0
0
0
0
0
0
0
0
0
0
0
0
0
0
0
0
0
0
0
0
0
0
0
0
0
0
0
0
0
0
0
0
0
0
0
0
0
0
0
0
0
0
0
0
0
0
0
0
0
0
0
0
0
0
0
0
0
0
0
0
0
0
0
0
0
0
0
0
0
0
0
0
0
0
0
0
0
0
0
0
0
0
0
0
0
0
0
0
0
0
0
0
0
0
0
0
0
0
0
0
0
0
0
0
0
0
0
0
0
0
0
0
0
0
0
0
0
0
0
0
0
0
0
0
0
0
0
0
0
0
0
0
0
0
0
0
0
0
0
0
0
0
0
0
0
0
0
0
0
0
0
0
0
0
0
0
0
0
0
0
0
0
0
0
0
0
0
0
0
0
0
0
0
0
0
0
0
0
0
0
0
0
0
0
0
0
0
0
0
0
0
0
0
0
0
0
0
0
0
0
0
0
0
0
0
0
0
0
0
0
0
0
0
0
0
0
0
0
0
0
0
0
0
0
0
0
0
0
0
0
0
0
0
0
0
0
0
0
0
0
0
0
0
0
0
0
0
0
0
0
0
0
0
0
0
0
0
0
0
0
0
0
0
0
0
0
0
0
0
0
0
0
0
0
0
0
0
0
0
0
0
0
0
0
0
0
0
0
0
0
0
0
0
0
0
0
0
0
0
0
0
0
0
0
0
0
0
0
0
0
0
0
0
0
0
0
0
0
0
0
0
0
0
0
0
0
0
0
0
0
0
0
0
0
0
0
0
0
0
0
0
0
0
0
0
0
0
0
0
0
0
0
0
0
0
0
0
0
0
0
0
0
0
0
0
0
0
0
0
0
0
0
0
0
0
0
0
0
0
0
0
0
0
0
0
0
0
0
0
0
0
0
0
0
0
0
0
0
0
0
0
0
0
0
0
0
0
0
0
0
0
0
0
0
0
0
0
0
0
0
0
0
0
0
0
0
0
0
0
0
0
0
0
0
0
0
0
0
0
0
0
0
0
0
0
0
0
0
0
0
0
0
0
0
0
0
0
0
0
0
0
0
0
0
0
0
0
0
0
0
0
0
0
0
0
0
0
0
0
0
0
0
0
0
0
0
0
0
0
0
0
0
0
0
0
0
0
0
0
0
0
0
0
0
0
0
0
0
0
0
0
0
0
0
0
0
0
0
0
0
0
0
0
0
0
0
0
0
0
0
0
0
0
0
0
0
0
0
0
0
0
0
0
0
0
0
0
0
0
0
0
0
0
0
0
0
0
0
0
0
0
0
0
0
0
0
0
0
0
0
0
0
0
0
0
0
0
0
0
0
0
0
0
0
0
0
0
0
0
0
0
0
0
0
0
0
0
0
0
0
0
0
0
0
0
0
0
0
0
0
0
0
0
0
0
0
0
0
0
0
0
0
0
0
0
0
0
0
0
0
0
0
0
0
0
0
0
0
0
0
0
0
0
0
0
0
0
0
0
0
0
0
0
0
0
0
0
0
0
0
0
0
0
0
0
0
0
0
0
0
0
0
0
0
0
0
0
0
0
0
0
0
0
0
0
0
0
0
0
0
0
0
0
0
0
0
0
0
0
0
0
0
0
0
0
0
0
0
0
0
0
0
0
0
0
0
0
0
0
0
0
0
0
0
0
0
0
0
0
0
0
0
0
0
0
0
0
0
0
0
0
0
0
0
0
0
0
0
0
0
0
0
0
0
0
0
0
0
0
0
0
0
0
0
0
0
0
0
0
0
0
0
0
0
0
0
0
0
0
0
0
0
0
0
0
0
0
0
0
0
0
0
0
0
0
0
0
0
0
0
0
0
0
0
0
0
0
0
0
0
0
0
0
0
0
0
0
0
0
0
0
0
0
0
0
0
0
0
0
0
0
0
0
0
0
0
0
0
0
0
0
0
0
0
0
0
0
0
0
0
0
0
0
0
0
0
0
0
0
0
0
0
0
0
0
0
0
0
0
0
0
0
0
0
0
0
0
0
0
0
0
0
0
0
0
0
0
0
0
0
0
0
0
0
0
0
0
0
0
0
0
0
0
0
0
0
0
0
0
0
0
0
0
0
0
0
0
0
0
0
0
0
0
0
0
0
0
0
0
0
0
0
0
0
0
0
0
0
0
0
0
0
0
0
0
0
0
0
0
0
0
0
0
0
0
0
0
0
0
0
0
0
0
0
0
0
0
0
0
0
0
0
0
0
0
0
0
0
0
0
0
0
0
0
0
0
0
0
0
0
0
0
0
0
0
0
0
0
0
0
0
0
0
0
0
0
0
0
0
0
0
0
0
0
0
0
0
0
0
0
0
0
0
0
0
0
0
0
0
0
0
0
0
0
0
0
0
0
0
0
0
0
0
0
0
0
0
0
0
0
0
0
0
0
0
0
0
0
0
0
0
0
0
0
0
0
0
0
0
0
0
0
0
0
0
0
0
0
0
0
0
0
0
0
0
0
0
0
0
0
0
0
0
0
0
0
0
0
0
0
0
0
0
0
0
0
0
0
0
0
0
0
0
0
0
0
0
0
0
0
0
0
0
0
0
0
0
0
0
0
0
0
0
0
0
0
0
0
0
0
0
0
0
0
0
0
0
0
0
0
0
0
0
0
0
0
0
0
0
0
0
0
0
0
0
0
0
0
0
0
0
0
0
0
0
0
0
0
0
0
0
0
0
0
0
0
0
0
0
0
0
0
0
0
0
0
0
0
0
0
0
0
0
0
0
0
0
0
0
0
0
0
0
0
0
0
0
0
0
0
0
0
0
0
0
0
0
0
0
0
0
0
0
0
0
0
0
0
0
0
0
0
0
0
0
0
0
0
0
0
0
0
0
0
0
0
0
0
0
0
0
0
0
0
0
0
0
0
0
0
0
0
0
0
0
0
0
0
0
0
0
0
0
0
0
0
0
0
0
0
0
0
0
0
0
0
0
0
0
0
0
0
0
0
0
0
0
0
0
0
0
0
0
0
0
0
0
0
0
0
0
0
0
0
0
0
0
0
0
0
0
0
0
0
0
0
0
0
0
0
0
0
0
0
0
0
0
0
0
0
0
0
0
0
0
0
0
0
0
0
0
0
0
0
0
0
0
0
0
0
0
0
0
0
0
0
0
0
0
0
0
0
0
0
0
0
0
0
0
0
0
0
0
0
0
0
0
0
0
0
0
0
0
0
0
0
0
0
0
0
0
0
0
0
0
0
0
0
0
0
0
0
0
0
0
0
0
0
0
0
0
0
0
0
0
0
0
0
0
0
0
0
0
0
0
0
0
0
0
0
0
0
0
0
0
0
0
0
0
0
0
0
0
0
0
0
0
0
0
0
0
0
0
0
0
0
0
0
0
0
0
0
0
0
0
0
0
0
0
0
0
0
0
0
0
0
0
0
0
0
0
0
0
0
0
0
0
0
0
0
0
0
0
0
0
0
0
0
0
0
0
0
0
0
0
0
0
0
0
0
0
0
0
0
0
0
0
0
0
0
0
0
0
0
0
0
0
0
0
0
0
0
0
0
0
0
0
0
0
0
0
0
0
0
0
0
0
0
0
0
0
0
0
0
0
0
0
0
0
0
0
0
0
0
0
0
0
0
0
0
0
0
0
0
0
0
0
0
0
0
0
0
0
0
0
0
0
0
0
0
0
0
0
0
0
0
0
0
0
0
0
0
0
0
0
0
0
0
0
0
0
0
0
0
0
0
0
0
0
0
0
0
0
0
0
0
0
0
0
0
0
0
0
0
0
0
0
0
0
0
0
0
0
0
0
0
0
0
0
0
0
0
0
0
0
0
0
0
0
0
0
0
0
0
0
0
0
0
0
0
0
0
0
0
0
0
0
0
0
0
0
0
0
0
0
0
0
0
0
0
0
0
0
0
0
0
0
0
0
0
0
0
0
0
0
0
0
0
0
0
0
0
0
0
0
0
0
0
0
0
0
0
0
0
0
0
0
0
0
0
0
0
0
0
0
0
0
0
0
0
0
0
0
0
0
0
0
0
0
0
0
0
0
0
0
0
0
0
0
0
0
0
0
0
0
0
0
0
0
0
0
0
0
0
0
0
0
0
0
0
0
0
0
0
0
0
0
0
0
0
0
0
0
0
0
0
0
0
0
0
0
0
0
0
0
0
0
0
0
0
0
0
0
0
0
0
0
0
0
0
0
0
0
0
0
0
0
0
0
0
0
0
0
0
0
0
0
0
0
0
0
0
0
0
0
0
0
0
0
0
0
0
0
0
0
0
0
0
0
0
0
0
0
0
0
0
0
0
0
0
0
0
0
0
0
0
0
0
0
0
0
0
0
0
0
0
0
0
0
0
0
0
0
0
0
0
0
0
0
0
0
0
0
0
0
0
0
0
0
0
0
0
0
0
0
0
0
0
0
0
0
0
0
0
0
0
0
0
0
0
0
0
0
0
0
0
0
0
0
0
0
0
0
0
0
0
0
0
0
0
0
0
0
0
0
0
0
0
0
0
0
0
0
0
0
0
0
0
0
0
0
0
0
0
0
0
0
0
0
0
0
0
0
0
0
0
0
0
0
0
0
0
0
0
0
0
0
0
0
0
0
0
0
0
0
0
0
0
0
0
0
0
0
0
0
0
0
0
0
0
0
0
0
0
0
0
0
0
0
0
0
0
0
0
0
0
0
0
0
0
0
0
0
0
0
0
0
0
0
0
0
0
0
0
0
0
0
0
0
0
0
0
0
0
0
0
0
0
0
0
0
0
0
0
0
0
0
0
0
0
0
0
0
0
0
0
0
0
0
0
0
0
0
0
0
0
0
0
0
0
0
0
0
0
0
0
0
0
0
0
0
0
0
0
0
0
0
0
0
0
0
0
0
0
0
0
0
0
0
0
0
0
0
0
0
0
0
0
0
0
0
0
0
0
0
0
0
0
0
0
0
0
0
0
0
0
0
0
0
0
0
0
0
0
0
0
0
0
0
0
0
0
0
0
0
0
0
0
0
0
0
0
0
0
0
0
0
0
0
0
0
0
0
0
0
0
0
0
0
0
0
0
0
0
0
0
0
0
0
0
0
0
0
0
0
0
0
0
0
0
0
0
0
0
0
0
0
0
0
0
0
0
0
0
0
0
0
0
0
0
0
0
0
0
0
0
0
0
0
0
0
0
0
0
0
0
0
0
0
0
0
0
0
0
0
0
0
0
0
0
0
0
0
0
0
0
0
0
0
0
0
0
0
0
0
0
0
0
0
0
0
0
0
0
0
0
0
0
0
0
0
0
0
0
0
0
0
0
0
0
0
0
0
0
0
0
0
0
0
0
0
0
0
0
0
0
0
0
0
0
0
0
0
0
0
0
0
0
0
0
0
0
0
0
0
0
0
0
0
0
0
0
0
0
0
0
0
0
0
0
0
0
0
0
0
0
0
0
0
0
0
0
0
0
0
0
0
0
0
0
0
0
0
0
0
0
0
0
0
0
0
0
0
0
0
0
0
0
0
0
0
0
0
0
0
0
0
0
0
0
0
0
0
0
0
0
0
0
0
0
0
0
0
0
0
0
0
0
0
0
0
0
0
0
0
0
0
0
0
0
0
0
0
0
0
0
0
0
0
0
0
0
0
0
0
0
0
0
0
0
0
0
0
0
0
0
0
0
0
0
0
0
0
0
0
0
0
0
0
0
0
0
0
0
0
0
0
0
0
0
0
0
0
0
0
0
0
0
0
0
0
0
0
0
0
0
0
0
0
0
0
0
0
0
0
0
0
0
0
0
0
0
0
0
0
0
0
0
0
0
0
0
0
0
0
0
0
0
0
0
0
0
0
0
0
0
0
0
0
0
0
0
0
0
0
0
0
0
0
0
0
0
0
0
0
0
0
0
0
0
0
0
0
0
0
0
0
0
0
0
0
0
0
0
0
0
0
0
0
0
0
0
0
0
0
0
0
0
0
0
0
0
0
0
0
0
0
0
0
0
0
0
0
0
0
0
0
0
0
0
0
0
0
0
0
0
0
0
0
0
0
0
0
0
0
0
0
0
0
0
0
0
0
0
0
0
0
0
0
0
0
0
0
0
0
0
0
0
0
0
0
0
0
0
0
0
0
0
0
0
0
0
0
0
0
0
0
0
0
0
0
0
0
0
0
0
0
0
0
0
0
0
0
0
0
0
0
0
0
0
0
0
0
0
0
0
0
0
0
0
0
0
0
0
0
0
0
0
0
0
0
0
0
0
0
0
0
0
0
0
0
0
0
0
0
0
0
0
0
0
0
0
0
0
0
0
0
0
0
0
0
0
0
0
0
0
0
0
0
0
0
0
0
0
0
0
0
0
0
0
0
0
0
0
0
0
0
0
0
0
0
0
0
0
0
0
0
0
0
0
0
0
0
0
0
0
0
0
0
0
0
0
0
0
0
0
0
0
0
0
0
0
0
0
0
0
0
0
0
0
0
0
0
0
0
0
0
0
0
0
0
0
0
0
0
0
0
0
0
0
0
0
0
0
0
0
0
0
0
0
0
0
0
0
0
0
0
0
0
0
0
0
0
0
0
0
0
0
0
0
0
0
0
0
0
0
0
0
0
0
0
0
0
0
0
0
0
0
0
0
0
0
0
0
0
0
0
0
0
0
0
0
0
0
0
0
0
0
0
0
0
0
0
0
0
0
0
0
0
0
0
0
0
0
0
0
0
0
0
0
0
0
0
0
0
0
0
0
0
0
0
0
0
0
0
0
0
0
0
0
0
0
0
0
0
0
0
0
0
0
0
0
0
0
0
0
0
0
0
0
0
0
0
0
0
0
0
0
0
0
0
0
0
0
0
0
0
0
0
0
0
0
0
0
0
0
0
0
0
0
0
0
0
0
0
0
0
0
0
0
0
0
0
0
0
0
0
0
0
0
0
0
0
0
0
0
0
0
0
0
0
0
0
0
0
0
0
0
0
0
0
0
0
0
0
0
0
0
0
0
0
0
0
0
0
0
0
0
0
0
0
0
0
0
0
0
0
0
0
0
0
0
0
0
0
0
0
0
0
0
0
0
0
0
0
0
0
0
0
0
0
0
0
0
0
0
0
0
0
0
0
0
0
0
0
0
0
0
0
0
0
0
0
0
0
0
0
0
0
0
0
0
0
0
0
0
0
0
0
0
0
0
0
0
0
0
0
0
0
0
0
0
0
0
0
0
0
0
0
0
0
0
0
0
0
0
0
0
0
0
0
0
0
0
0
0
0
0
0
0
0
0
0
0
0
0
0
0
0
0
0
0
0
0
0
0
0
0
0
0
0
0
0
0
0
0
0
0
0
0
0
0
0
0
0
0
0
0
0
0
0
0
0
0
0
0
0
0
0
0
0
0
0
0
0
0
0
0
0
0
0
0
0
0
0
0
0
0
0
0
0
0
0
0
0
0
0
0
0
0
0
0
0
0
0
0
0
0
0
0
0
0
0
0
0
0
0
0
0
0
0
0
0
0
0
0
0
0
0
0
0
0
0
0
0
0
0
0
0
0
0
0
0
0
0
0
0
0
0
0
0
0
0
0
0
0
0
0
0
0
0
0
0
0
0
0
0
0
0
0
0
0
0
0
0
0
0
0
0
0
0
0
0
0
0
0
0
0
0
0
0
0
0
0
0
0
0
0
0
0
0
0
0
0
0
0
0
0
0
0
0
0
0
0
0
0
0
0
0
0
0
0
0
0
0
0
0
0
0
0
0
0
0
0
0
0
0
0
0
0
0
0
0
0
0
0
0
0
0
0
0
0
0
0
0
0
0
0
0
0
0
0
0
0
0
0
0
0
0
0
0
0
0
0
0
0
0
0
0
0
0
0
0
0
0
0
0
0
0
0
0
0
0
0
0
0
0
0
0
0
0
0
0
0
0
0
0
0
0
0
0
0
0
0
0
0
0
0
0
0
0
0
0
0
0
0
0
0
0
0
0
0
0
0
0
0
0
0
0
0
0
0
0
0
0
0
0
0
0
0
0
0
0
0
0
0
0
0
0
0
0
0
0
0
0
0
0
0
0
0
0
0
0
0
0
0
0
0
0
0
0
0
0
0
0
0
0
0
0
0
0
0
0
0
0
0
0
0
0
0
0
0
0
0
0
0
0
0
0
0
0
0
0
0
0
0
0
0
0
0
0
0
0
0
0
0
0
0
0
0
0
0
0
0
0
0
0
0
0
0
0
0
0
0
0
0
0
0
0
0
0
0
0
0
0
0
0
0
0
0
0
0
0
0
0
0
0
0
0
0
0
0
0
0
0
0
0
0
0
0
0
0
0
0
0
0
0
0
0
0
0
0
0
0
0
0
0
0
0
0
0
0
0
0
0
0
0
0
0
0
0
0
0
0
0
0
0
0
0
0
0
0
0
0
0
0
0
0
0
0
0
0
0
0
0
0
0
0
0
0
0
0
0
0
0
0
0
0
0
0
0
0
0
0
0
0
0
0
0
0
0
0
0
0
0
0
0
0
0
0
0
0
0
0
0
0
0
0
0
0
0
0
0
0
0
0
0
0
0
0
0
0
0
0
0
0
0
0
0
0
0
0
0
0
0
0
0
0
0
0
0
0
0
0
0
0
0
0
0
0
0
0
0
0
0
0
0
0
0
0
0
0
0
0
0
0
0
0
0
0
0
0
0
0
0
0
0
0
0
0
0
0
0
0
0
0
0
0
0
0
0
0
0
0
0
0
0
0
0
0
0
0
0
0
0
0
0
0
0
0
0
0
0
0
0
0
0
0
0
0
0
0
0
0
0
0
0
0
0
0
0
0
0
0
0
0
0
0
0
0
0
0
0
0
0
0
0
0
0
0
0
0
0
0
0
0
0
0
0
0
0
0
0
0
0
0
0
0
0
0
0
0
0
0
0
0
0
0
0
0
0
0
0
0
0
0
0
0
0
0
0
0
0
0
0
0
0
0
0
0
0
0
0
0
0
0
0
0
0
0
0
0
0
0
0
0
0
0
0
0
0
0
0
0
0
0
0
0
0
0
0
0
0
0
0
0
0
0
0
0
0
0
0
0
0
0
0
0
0
0
0
0
0
0
0
0
0
0
0
0
0
0
0
0
0
0
0
0
0
0
0
0
0
0
0
0
0
0
0
0
0
0
0
0
0
0
0
0
0
0
0
0
0
0
0
0
0
0
0
0
0
0
0
0
0
0
0
0
0
0
0
0
0
0
0
0
0
0
0
0
0
0
0
0
0
0
0
0
0
0
0
0
0
0
0
0
0
0
0
0
0
0
0
0
0
0
0
0
0
0
0
0
0
0
0
0
0
0
0
0
0
0
0
0
0
0
0
0
0
0
0
0
0
0
0
0
0
0
0
0
0
0
0
0
0
0
0
0
0
0
0
0
0
0
0
0
0
0
0
0
0
0
0
0
0
0
0
0
0
0
0
0
0
0
0
0
0
0
0
0
0
0
0
0
0
0
0
0
0
0
0
0
0
0
0
0
0
0
0
0
0
0
0
0
0
0
0
0
0
0
0
0
0
0
0
0
