-115
60
-2141
-2352
118
-1967
-2112
-160
434
-1833
-1723
-1269
-1327
-1932
-90
330
-167
256
158
-1975
-2302
-2029
-11897
-106
540
-482
-1272
-1414
-1643
-15838
190
725
-150
15
-2487
-2160
-827
-1858
-1856
-172
246
-2462
-1765
-1656
-1521
-1866
4
542
-19
382
489
-2136
-1267
-1764
-14114
-53
174
-284
-1088
-781
-1078
-16926
231
356
-190
-199
-2784
-629
-2538
-2460
-2426
-217
206
-3111
-1093
-2786
-2386
-794
33
430
82
163
-676
-2885
-418
-2228
-11889
37
443
-1755
-1867
-1250
-2312
-14608
220
221
-115
-435
-1508
534
-934
-1385
-1742
-227
-91
-2385
-308
-1154
-1795
568
-9
-305
162
-526
-1314
-2037
-1549
-1658
-12970
-53
-1087
-2960
-1218
-2690
-1716
-14744
132
-1076
138
269
-1000
-2483
13
-1716
-2269
-15
983
-1496
-2632
-198
-1954
-461
10
-94
46
930
-2245
-1820
-2095
-2080
-21211
-280
712
-2584
-2127
-2893
-2025
-23449
-190
-417
135
3544
-3178
-5909
-2621
-5507
-5008
85
5216
-3064
-5198
-4456
-5040
-2700
278
3003
-222
2053
-7326
-5121
3771
-5105
-19346
-273
1798
-6904
-5297
1935
-5568
-18792
-77
1356
56
2405
-3377
-5684
-4125
-4484
-4767
-43
1639
-3138
-5729
-4954
-4947
-1394
64
541
-146
-421
-6040
-6068
4816
-4895
-13410
-111
-457
-6276
-4767
1896
-4852
-13492
67
-125
-34
1097
-2829
-3856
-4159
-3529
-4218
-6
978
-1865
-2740
-3492
-3301
-868
20
614
-224
-2210
-3531
-4070
1538
-4064
-20047
-258
-2247
-3510
-3432
-1849
-3007
-26457
103
-1297
78
-263
-813
-2647
-718
-1717
-1770
146
-861
-1548
-2739
-2908
-2473
-1080
-1
-292
-312
980
505
-2024
-1421
-1651
-16796
-154
601
-1336
-2050
-1479
-1909
-16093
91
468
99
-388
-2560
-2626
-2903
-2257
-2419
107
-900
-3640
-3196
-4462
-2900
-562
-80
-747
-100
273
384
-3163
-283
-2307
-13929
-138
-331
-1381
-3043
-576
-2235
-13967
162
-405
11
-843
-2451
1043
-2641
-2655
-2666
114
-614
-4311
-365
-5262
-4040
1541
-5
-533
-104
-29
-1834
-3789
-2047
-2603
-15136
-81
-57
-4484
-4096
-3864
-3964
-13788
4
-1096
-134
334
-1434
1678
-2341
-2295
-2424
51
1515
-3225
19
-5005
-3723
1685
-111
924
-158
-603
-2568
-3423
-1881
-2189
-21101
-88
246
-6231
-3652
-4012
-3579
-19073
20
-582
-25
-381
-1476
-2276
-3515
-3344
-3243
177
306
-1833
-2608
-4454
-3838
-1012
-41
-209
-194
1938
-3671
-4583
1669
-3025
-20029
-83
2749
-5595
-3824
-1064
-3266
-21404
-10
607
6
-654
-12835
-13069
-12836
-14472
-14998
429
-1012
-5310
-6402
-8782
-6126
-7231
279
-510
-619
2132
-15730
-16338
11428
-14774
20009
120
1661
-10192
-7175
6736
-7121
-16020
45
1425
203
-256
-6921
-7399
-6455
-5221
-7005
335
-1075
-4773
-4348
-5619
-4950
-3182
188
-18
-387
-2479
-9515
-8369
7665
-6756
-17207
1
-5462
-7857
-5124
2827
-4039
-26825
18
-2065
171
1215
-2592
-2519
-3492
-1472
-3290
218
-45
-4435
-2232
-4810
-5018
-1989
95
563
-365
-2844
-3200
-2830
693
-3154
-23584
-311
-1841
-5534
-4855
-3114
-4224
-14686
-77
-803
273
-118
-954
-1807
-1933
-1356
-2086
251
-283
-1953
-3096
-3398
-2996
-449
35
-418
-315
444
787
-2430
-2279
-2073
-15427
-149
190
-1141
-2889
-3520
-2597
-13887
-75
134
219
107
-1831
-1322
-1720
-1793
-1818
239
1061
-3897
-3012
-3933
-3812
1419
-84
1352
-70
316
781
-2207
-1825
-1725
-20682
-91
-478
-2674
-4287
-3987
-2739
-16254
50
-1146
178
191
-2026
-760
-2977
-2679
-2672
124
844
-2975
-1615
-3673
-3632
1906
16
6
-87
12
-1513
-3751
-613
-2535
-15644
-157
759
-3939
-4116
-4121
-3103
-17758
-139
136
-25
-219
-1932
-944
-4143
-3475
-3142
118
235
-3132
-2186
-4716
-4811
-87
13
-664
-198
-834
-3214
-4740
2062
-2800
-17323
-54
646
-4874
-4925
-2325
-4226
-16865
-97
238
18
-1313
-1941
-3475
-5035
-4455
-3907
38
-477
-1864
-3225
-4968
-4494
-3748
-89
-759
-239
-885
-4670
-5360
4725
-3741
-14069
-74
-129
-5387
-4420
2531
-4186
-15053
48
-63
48
-3078
-3599
-4974
-5761
-3753
-4600
26
-3861
-3057
-4051
-3716
-4384
-5054
-154
-1233
-182
1474
-7022
-5321
6834
-4349
-28259
-47
870
-6228
-4856
4300
-3720
-27805
53
478
234
-1771
-6060
-4706
-8476
-4064
-5921
81
-1889
-4657
-2995
-5917
-4409
-6717
55
-252
-125
416
-7048
-6520
6814
-5633
-16231
-122
-835
-5803
-5470
4356
-4736
-18244
-103
-333
445
-961
-4684
-606
-5131
-415
-4379
242
-354
-3289
1495
-3444
-1652
-3774
173
569
-306
-1219
-5433
-3278
-766
-4228
-12916
-267
-74
-4983
-4009
-1848
-3374
-19324
-185
127
167
-364
-1773
-1719
-1389
-2012
-2525
149
360
-3215
-3074
-3726
-3991
-1165
132
32
-278
520
97
-2905
-1828
-2358
-16309
-118
1055
-1530
-3529
-3805
-3151
-12613
-95
543
-27
-402
-2621
-2300
-2042
-3464
-3066
63
892
-3654
-3254
-4935
-4177
-666
-35
231
-144
-538
-194
-3680
-574
-2698
-15493
-36
-874
-2170
-4013
-2074
-2979
-15344
71
-446
-56
-511
-1952
-1710
-3365
-2993
-2539
-29
185
-2629
-1456
-3034
-3648
-565
89
52
56
-701
-1731
-3266
2039
-2386
-20582
74
-573
-2865
-3523
-1526
-2890
-21913
16
-517
-253
-435
-2329
-3006
-4294
-3361
-3044
-173
10
-1977
-2014
-2456
-3628
-1588
119
279
-27
-148
-3375
-4488
4613
-2914
-19639
24
-267
-3583
-3156
782
-2789
-23209
4
546
-224
2134
-2914
-5225
-939
-4670
-3652
-276
1321
-3732
-5390
-4511
-6625
-5344
-142
1167
-45
1601
-3609
-5573
2504
-3694
-27797
73
605
-4214
-5438
2559
-5382
-20839
215
1369
-378
6806
-3972
-6464
6704
-5342
-4769
-316
5051
-5722
-8811
-1690
-8170
-7443
-188
4061
-23
1015
-5733
-6319
-3864
-4858
-30626
342
398
-6859
-6697
585
-7222
-16417
434
640
-322
2652
-5222
-3545
5033
-4160
-3963
-250
2623
-6567
-5649
-150
-5586
-5507
-145
3161
12
-1681
-5518
-5020
-2681
-3982
-26812
123
-1395
-5819
-5159
90
-4842
-18355
272
-1848
165
-429
-4704
738
1225
-2055
-3479
1
-115
-5249
557
-96
-2853
-1970
59
423
-259
-1314
-5443
-2714
-3339
-3528
-18577
-234
-422
-4965
-3791
-3141
-3776
-19982
-39
-699
5
-1227
-1939
-2767
-981
-1526
-2138
-11
-551
-1950
-2578
-1231
-2335
-2260
79
-814
-197
89
-1710
-1587
804
-1979
-19188
-126
387
-1730
-2557
-129
-1480
-19246
-85
133
-348
205
-2337
-5520
194
-4206
-3968
-291
-173
-2728
-6417
-1908
-4603
-2907
-119
-277
-41
550
-3860
-3736
699
-3799
-19037
139
-667
-4221
-4201
1382
-3751
-18507
248
-68
-361
4907
-3311
-4718
2114
-5719
-4209
-401
2360
-5338
-5890
-2310
-7276
-5417
-158
1825
106
-69
-3395
-4502
-2361
-4420
-28019
162
-167
-4884
-6043
-1113
-6479
-18265
365
457
-255
4241
-3558
-4625
2339
-5258
-3837
-329
2667
-3634
-4054
-1424
-5313
-5510
34
2695
213
1338
-3922
-4901
-2075
-3808
31425
207
1027
-4134
-4022
232
-4715
31889
213
512
-292
1602
-7177
-9436
8616
-8005
-7216
-234
1031
-6601
-8265
295
-6701
-5482
95
640
141
4555
-7637
-8848
-5848
-7176
-11930
446
3266
-7354
-6342
-590
-5807
-15706
315
2982
-493
-1008
-11426
-13161
14782
-9126
-10632
-196
-1022
-8003
-12175
4203
-6401
-7405
80
-1068
52
579
-10486
-12450
-12787
-10695
1519
673
416
-7644
-7934
-3139
-6555
-13366
788
750
-462
-1672
-7386
-6792
9870
-5164
-6899
-249
-1574
-7313
-7221
2597
-5024
-4780
-48
-926
110
-6584
-7300
-7958
-9529
-6514
-16887
461
-4712
-6851
-6570
-5165
-5020
-20453
701
-4224
-144
-933
-4552
-1941
2026
-3466
-4118
-48
-813
-6701
-2918
443
-4817
-1757
37
-1010
-209
-2202
-4389
-2952
-3420
-3835
-19623
-162
-1836
-4975
-4878
-4467
-4750
-15369
120
-1403
-218
321
-2325
-4018
-806
-2841
-3032
-217
482
-2697
-3841
-1659
-3889
-3387
16
-138
-35
871
-3072
-2573
768
-2958
-21173
-218
481
-3768
-3356
463
-2456
-19717
37
-71
-360
1912
-4919
-7659
8237
-6250
-5856
-342
1586
-5290
-8459
878
-6418
-4219
-123
1066
75
6087
-6894
-6125
-6418
-5527
-25310
265
3843
-8230
-6281
-1413
-4431
-24666
458
3435
-542
1451
-11128
-12512
14508
-10729
-10496
-272
1211
-9145
-13224
4674
-8787
-9195
22
1060
87
268
-10708
-10813
-12839
-10473
-3974
664
118
-8620
-8276
-4374
-7411
-9918
739
730
-481
793
-7123
-7543
9641
-8948
-7737
-401
222
-6735
-8001
1787
-7291
-8376
-40
-264
200
-5615
-9069
-8033
-8813
-7340
-20904
519
-4237
-6873
-6095
-4002
-6014
-23576
632
-3045
-367
-1874
-6121
-5127
5696
-7196
-6589
-361
-2827
-6918
-5798
1104
-5868
-5140
-70
-1939
181
-2340
-7077
-6529
-6228
-6517
-13949
334
-2267
-5411
-5353
-4411
-5428
-14814
506
-1775
-256
-5176
-4753
-3776
4564
-3530
-4398
-257
-4108
-7328
-6253
616
-5027
-763
-90
-1690
177
-498
-3754
-3794
-5927
-4173
-31057
271
-1619
-4269
-5537
-6828
-3879
-27116
501
-1514
-244
-1633
-2587
-1745
54
-908
-2599
-176
-1851
-6532
-5389
-1175
-4909
59
-52
-1131
161
-1939
-1803
-2674
-2122
-2140
-29163
149
-819
-4904
-4739
-5615
-3889
-17595
273
-314
-301
-1137
-3167
-1184
-2777
-3224
-3199
-237
-1921
-5785
-3829
-3176
-5297
-3
-48
-1787
-124
-849
-1407
-2759
-223
-2789
-18996
-160
-1252
-4017
-3298
-3843
-4140
-12021
78
-892
-267
645
-4589
-4041
952
-4961
-4525
-215
957
-4532
-4045
-2385
-4386
-2680
-64
730
-71
54
-2982
-5595
-535
-4502
-11486
-154
725
-3175
-2333
-1336
-3129
-15656
61
562
-381
-1407
-5803
-3550
4709
-5628
-4886
-480
-822
-7726
-5758
-3021
-6477
-1941
-124
-1147
112
3174
-4863
-6095
-3765
-4468
-24274
193
1890
-6861
-5973
-3520
-3798
-18953
246
1910
-438
-5971
-8415
-5940
8341
-7447
-6831
-362
-4649
-7321
-7062
752
-5691
-4288
-138
-3295
49
367
-5605
-6123
-8523
-6399
-17119
426
-671
-4605
-5334
-5202
-3887
-20380
534
-724
-281
-2567
-5935
-3485
4409
-5031
-4811
-364
-1682
-5374
-3833
334
-4056
-4372
-137
-746
276
-2984
-4040
-2804
-7034
-4563
-20898
199
-1912
-3265
-2834
-5262
-3950
-23135
477
-1054
-311
-356
-3973
-2246
1122
-3331
-3484
-289
-33
-6024
-4137
-2668
-4507
-2441
-210
-493
189
-1228
-1573
-1400
-5204
-3119
-28276
124
572
-2238
-1901
-6281
-3945
-22999
322
1342
-339
430
-3993
-3421
-2083
-3149
-3411
-282
253
-6146
-5328
-4468
-4357
-3557
-179
-17
143
278
2383
-2585
-3567
-3086
-24076
63
-562
1444
-1823
-5608
-2727
-19199
346
-972
-192
-476
-2731
-1119
-2809
-1222
-2033
-345
-417
-3717
-1748
-3376
-2230
-2338
-141
-643
184
-1331
692
-1903
-897
-1759
-19618
74
-1561
-1061
-453
-2743
-169
-17670
183
-818
-310
-1644
-2793
1342
-2567
-2011
-2033
-363
-1700
-2843
523
-3051
-2347
-693
-138
-2040
-55
-574
-2317
-1950
184
-1674
-16744
-172
-529
-3768
-552
-1777
-1038
-18176
37
-548
-177
-792
-5069
-3318
-273
-4701
-4971
-88
-1281
-3837
-2891
-3592
-3394
-1854
-49
-971
-186
-891
-4469
-6131
-542
-4899
-8204
-198
-239
-3657
-1354
-2774
-3141
-16185
14
-205
-343
-1261
-2341
-685
-230
-1842
-2352
-574
-1168
-4764
-2444
-3737
-4642
-1120
-290
-974
29
-22
-3162
-2472
-1762
-2273
-28902
12
155
-4485
-3630
-6443
-3407
-20502
204
906
-502
-2082
-2000
-1953
419
-1866
-2326
-655
-1261
-4744
-3901
-2920
-5073
-2846
-416
-1396
232
1121
-1780
-1236
-3602
-2047
-26972
198
381
-1913
-4395
-7356
-4172
-16143
377
149
-441
-1353
-2879
-2558
-944
-799
-1857
-528
-1061
-3579
-2461
-1056
-2187
-3261
-373
-792
413
380
-471
26
-2921
-1748
-19432
270
426
-180
-2013
-4691
-2815
-17396
534
206
-433
-795
-3261
-2649
-1022
-1191
-2112
-383
-1034
-3588
-2042
-824
-1799
-3290
-302
-984
223
-279
-681
-179
-2325
-2043
-14636
271
608
-409
-1762
-3530
-2646
-14339
503
409
-367
-1207
-3744
-2436
-1485
-1569
-2695
-327
-1378
-4202
-1707
-1361
-2300
-3784
-284
-1707
69
-1692
-1136
-1549
-1388
-2400
-15523
166
-1062
-382
-2116
-3152
-2157
-15612
421
-1240
-274
-1217
-2112
578
-1747
-99
-1226
-277
-1079
-1806
1456
-1785
-983
-2677
-116
-1431
-57
-2220
-2009
-478
-879
-934
-18567
-97
-2281
-2306
-112
-2264
-520
-19551
166
-1543
-361
-774
-1600
1209
-1526
-312
-780
-324
-322
-1257
1479
-2088
-1314
-1913
-171
-903
-126
-711
-2204
-673
163
-628
-16857
-260
-436
-2786
-782
-1338
-959
-16617
-31
-749
0
0
0
0
0
0
0
0
0
0
0
-1921
-2257
-643
-1644
-1588
0
0
0
0
0
0
0
0
0
0
0
1377
-1257
-1874
-1573
-13094
0
0
0
0
0
0
0
0
0
0
0
-2358
-2345
-449
-1110
-1815
0
0
0
0
0
0
0
0
0
0
0
863
-2004
-1586
-1858
-12855
0
0
0
0
0
0
0
0
0
0
0
-1650
-723
-1368
-1202
-1566
0
0
0
0
0
0
0
0
0
0
0
100
-1905
-640
-1406
-13991
0
0
0
0
0
0
0
0
0
0
0
-1395
-293
-1053
-98
-1067
0
0
0
0
0
0
0
0
0
0
0
-466
-1373
-1020
-994
-13988
0
0
0
0
0
0
0
0
0
0
0
-2162
-2611
-401
-440
-1943
0
0
0
0
0
0
0
0
0
0
0
-1383
-1115
-2409
-2114
-19618
0
0
0
0
0
0
0
0
0
0
0
-3377
-4325
-2054
-2575
-3896
0
0
0
0
0
0
0
0
0
0
0
-4746
-3629
1026
-3828
-21259
0
0
0
0
0
0
0
0
0
0
0
-4518
-4789
-3532
-1602
-4688
0
0
0
0
0
0
0
0
0
0
0
-4667
-5974
2105
-4521
-10837
0
0
0
0
0
0
0
0
0
0
0
-3554
-3494
-3707
-728
-3248
0
0
0
0
0
0
0
0
0
0
0
-1647
-3367
529
-3206
-20766
0
0
0
0
0
0
0
0
0
0
0
-2539
-2253
-1622
-933
-1740
0
0
0
0
0
0
0
0
0
0
0
2582
-1849
-1733
-1534
-15320
0
0
0
0
0
0
0
0
0
0
0
-3193
-2632
-1899
-810
-2247
0
0
0
0
0
0
0
0
0
0
0
1067
-3272
-695
-2046
-13211
0
0
0
0
0
0
0
0
0
0
0
-1935
443
-1210
-830
-1764
0
0
0
0
0
0
0
0
0
0
0
-577
-3064
-1053
-1469
-16949
0
0
0
0
0
0
0
0
0
0
0
-2119
153
-1759
-2463
-2384
0
0
0
0
0
0
0
0
0
0
0
-1362
-3681
65
-2316
-16736
0
0
0
0
0
0
0
0
0
0
0
-3575
-2303
-1884
-3869
-2919
0
0
0
0
0
0
0
0
0
0
0
-1323
-4060
1846
-3156
-16645
0
0
0
0
0
0
0
0
0
0
0
-9282
-7609
-5813
-9175
-8460
0
0
0
0
0
0
0
0
0
0
0
-8479
-10967
7520
-8248
-8200
0
0
0
0
0
0
0
0
0
0
0
-7045
-6272
-4490
-703
-6779
0
0
0
0
0
0
0
0
0
0
0
-8610
-7134
1038
-6346
-16178
0
0
0
0
0
0
0
0
0
0
0
-3824
-3425
-3354
835
-3448
0
0
0
0
0
0
0
0
0
0
0
-2549
-2808
-1981
-3277
-17720
0
0
0
0
0
0
0
0
0
0
0
-2546
-1579
-1759
-243
-1752
0
0
0
0
0
0
0
0
0
0
0
2569
-2986
-2212
-1592
-14913
0
0
0
0
0
0
0
0
0
0
0
-3344
-2320
-1142
-582
-2342
0
0
0
0
0
0
0
0
0
0
0
1157
-3615
-1431
-2151
-16083
0
0
0
0
0
0
0
0
0
0
0
-3460
-1271
-1359
-725
-2223
0
0
0
0
0
0
0
0
0
0
0
-105
-3624
-669
-2086
-15386
0
0
0
0
0
0
0
0
0
0
0
-3485
-1531
-2585
-2623
-2650
0
0
0
0
0
0
0
0
0
0
0
-1524
-4433
2245
-2626
-14142
0
0
0
0
0
0
0
0
0
0
0
-2668
-2547
-2471
-3466
-2503
0
0
0
0
0
0
0
0
0
0
0
-1905
-3831
3496
-2362
-15734
0
0
0
0
0
0
0
0
0
0
0
-1646
-3792
-2530
-1852
-3295
0
0
0
0
0
0
0
0
0
0
0
-5160
-4287
2089
-2915
-30577
0
0
0
0
0
0
0
0
0
0
0
-3856
-3708
-4069
-1835
-4076
0
0
0
0
0
0
0
0
0
0
0
-5571
-4256
1827
-3745
-20645
0
0
0
0
0
0
0
0
0
0
0
-3952
-1859
-4054
-992
-4053
0
0
0
0
0
0
0
0
0
0
0
-4568
-2498
-2524
-4117
-10544
0
0
0
0
0
0
0
0
0
0
0
-3014
-1773
-902
-711
-2066
0
0
0
0
0
0
0
0
0
0
0
1839
-3535
-2150
-1921
-14348
0
0
0
0
0
0
0
0
0
0
0
-3994
-2254
-240
-2248
-2557
0
0
0
0
0
0
0
0
0
0
0
808
-3738
-1073
-2320
-14942
0
0
0
0
0
0
0
0
0
0
0
-2585
-1461
-999
-546
-1517
0
0
0
0
0
0
0
0
0
0
0
137
-2120
-96
-1331
-22504
0
0
0
0
0
0
0
0
0
0
0
-2081
-1875
-1061
-239
-1338
0
0
0
0
0
0
0
0
0
0
0
-1320
-2436
1628
-1003
-23956
0
0
0
0
0
0
0
0
0
0
0
-2077
-3445
1334
-2142
-2432
0
0
0
0
0
0
0
0
0
0
0
-2506
-3031
-1042
-2171
-28279
0
0
0
0
0
0
0
0
0
0
0
-4409
-6419
6677
-5584
-6453
0
0
0
0
0
0
0
0
0
0
0
-7296
-6899
-6650
-6202
-17331
0
0
0
0
0
0
0
0
0
0
0
-3267
-3973
4869
-3979
-4613
0
0
0
0
0
0
0
0
0
0
0
-6455
-4685
-4131
-4353
-21774
0
0
0
0
0
0
0
0
0
0
0
-1689
55
896
-643
-1822
0
0
0
0
0
0
0
0
0
0
0
-3186
-1917
-3004
-1755
-23902
0
0
0
0
0
0
0
0
0
0
0
-1980
-2186
-705
-876
-1716
0
0
0
0
0
0
0
0
0
0
0
-370
-1362
-1018
-1566
-18783
0
0
0
0
0
0
0
0
0
0
0
-2725
-3424
2011
-2438
-2441
0
0
0
0
0
0
0
0
0
0
0
-2255
-1826
-1871
-2092
-23715
0
0
0
0
0
0
0
0
0
0
0
-2666
-3656
4524
-4395
-3416
0
0
0
0
0
0
0
0
0
0
0
-2897
-2508
-5322
-3160
-26718
0
0
0
0
0
0
0
0
0
0
0
-2654
-3571
3675
-3690
-3369
0
0
0
0
0
0
0
0
0
0
0
-3742
-2315
-4543
-3219
31842
0
0
0
0
0
0
0
0
0
0
0
-6111
-7275
8629
-5781
-6069
0
0
0
0
0
0
0
0
0
0
0
-6485
-6583
-7803
-5942
-17107
0
0
0
0
0
0
0
0
0
0
0
-13053
-14595
12489
-11742
-14219
0
0
0
0
0
0
0
0
0
0
0
-13081
-14734
-14447
-14034
19177
0
0
0
0
0
0
0
0
0
0
0
-6562
-6955
7227
-3265
-6722
0
0
0
0
0
0
0
0
0
0
0
-7464
-8237
-8171
-6360
-18808
0
0
0
0
0
0
0
0
0
0
0
-2310
-1749
1395
-53
-2058
0
0
0
0
0
0
0
0
0
0
0
-2691
-2335
-3435
-1882
-27013
0
0
0
0
0
0
0
0
0
0
0
-2103
-2449
-460
-1733
-2200
0
0
0
0
0
0
0
0
0
0
0
-1339
-1380
-1387
-2011
-22294
0
0
0
0
0
0
0
0
0
0
0
-6769
-6639
7033
-6949
-6547
0
0
0
0
0
0
0
0
0
0
0
-6003
-5417
-7408
-6344
-19456
0
0
0
0
0
0
0
0
0
0
0
-15117
-14275
14074
-16351
-14952
0
0
0
0
0
0
0
0
0
0
0
-12768
-12162
-15475
-14923
20781
0
0
0
0
0
0
0
0
0
0
0
-7408
-8022
9470
-10320
-8394
0
0
0
0
0
0
0
0
0
0
0
-9774
-5667
-9433
-8147
-16024
0
0
0
0
0
0
0
0
0
0
0
-2660
-4677
5833
-5492
-4751
0
0
0
0
0
0
0
0
0
0
0
-6651
-3704
-6781
-4536
-22246
0
0
0
0
0
0
0
0
0
0
0
-1961
-3871
3232
-1766
-4185
0
0
0
0
0
0
0
0
0
0
0
-4773
-4204
-7461
-3924
-29775
0
0
0
0
0
0
0
0
0
0
0
-2413
-2206
-765
834
-2584
0
0
0
0
0
0
0
0
0
0
0
-2779
-3824
-2208
-2373
-26198
0
0
0
0
0
0
0
0
0
0
0
-2196
-1133
-1995
-1090
-1927
0
0
0
0
0
0
0
0
0
0
0
-939
-2709
-136
-1686
-21087
0
0
0
0
0
0
0
0
0
0
0
-2642
-2840
1115
-3941
-3062
0
0
0
0
0
0
0
0
0
0
0
-1323
-3893
-1332
-2902
-16283
0
0
0
0
0
0
0
0
0
0
0
-4552
-3130
5068
-6192
-4709
0
0
0
0
0
0
0
0
0
0
0
-4770
-4758
-5227
-4605
-20906
0
0
0
0
0
0
0
0
0
0
0
-7240
-6727
7895
-9787
-7796
0
0
0
0
0
0
0
0
0
0
0
-7127
-5821
-9584
-7791
-8982
0
0
0
0
0
0
0
0
0
0
0
-3639
-4226
3056
-5496
-4479
0
0
0
0
0
0
0
0
0
0
0
-6302
-942
-5309
-4355
-21902
0
0
0
0
0
0
0
0
0
0
0
-867
-2840
-6
-3018
-2911
0
0
0
0
0
0
0
0
0
0
0
-3984
-808
-4088
-3011
-28115
0
0
0
0
0
0
0
0
0
0
0
-1847
-3158
-1788
-2890
-2783
0
0
0
0
0
0
0
0
0
0
0
197
-2123
-3528
-2910
-23042
0
0
0
0
0
0
0
0
0
0
0
-2102
-1793
-3150
-1621
-2298
0
0
0
0
0
0
0
0
0
0
0
-799
-1532
-939
-2377
-15383
0
0
0
0
0
0
0
0
0
0
0
-1687
287
-1879
-1646
-1594
0
0
0
0
0
0
0
0
0
0
0
-1267
-2018
493
-1482
-16341
0
0
0
0
0
0
0
0
0
0
0
-3061
-2881
-332
-3998
-3650
0
0
0
0
0
0
0
0
0
0
0
-2661
-4671
-570
-3652
-12500
0
0
0
0
0
0
0
0
0
0
0
-1212
-636
-134
-1707
-1927
0
0
0
0
0
0
0
0
0
0
0
-2736
-1830
-1577
-1986
-27276
0
0
0
0
0
0
0
0
0
0
0
-2135
-1946
-206
-2350
-2290
0
0
0
0
0
0
0
0
0
0
0
-2193
-734
-3091
-2240
-22775
0
0
0
0
0
0
0
0
0
0
0
-2898
-3409
-1369
-2079
-2530
0
0
0
0
0
0
0
0
0
0
0
-2630
1234
-2727
-2498
-16077
0
0
0
0
0
0
0
0
0
0
0
-2721
-3275
-773
-3175
-2712
0
0
0
0
0
0
0
0
0
0
0
-2150
122
-2601
-2684
-11029
0
0
0
0
0
0
0
0
0
0
0
-2626
-2359
-868
-2653
-2292
0
0
0
0
0
0
0
0
0
0
0
-754
-1594
-1785
-2333
-14792
0
0
0
0
0
0
0
0
0
0
0
-1306
-146
-1839
-509
-1211
0
0
0
0
0
0
0
0
0
0
0
-1600
-165
-886
-1146
-17037
0
0
0
0
0
0
0
0
0
0
0
-1170
85
-1508
-1246
-1082
0
0
0
0
0
0
0
0
0
0
0
-1263
-549
239
-985
-13476
0
0
0
0
0
0
0
0
0
0
0
0
0
0
0
0
0
0
0
0
0
0
0
0
0
0
0
0
0
0
0
0
0
0
0
0
0
0
0
0
0
0
0
0
0
0
0
0
0
0
0
0
0
0
0
0
0
0
0
0
0
0
0
0
0
0
0
0
0
0
0
0
0
0
0
0
0
0
0
0
0
0
0
0
0
0
0
0
0
0
0
0
0
0
0
0
0
0
0
0
0
0
0
0
0
0
0
0
0
0
0
0
0
0
0
0
0
0
0
0
0
0
0
0
0
0
0
0
0
0
0
0
0
0
0
0
0
0
0
0
0
0
0
0
0
0
0
0
0
0
0
0
0
0
0
0
0
0
0
0
0
0
0
0
0
0
0
0
0
0
0
0
0
0
0
0
0
0
0
0
0
0
0
0
0
0
0
0
0
0
0
0
0
0
0
0
0
0
0
0
0
0
0
0
0
0
0
0
0
0
0
0
0
0
0
0
0
0
0
0
0
0
0
0
0
0
0
0
0
0
0
0
0
0
0
0
0
0
0
0
0
0
0
0
0
0
0
0
0
0
0
0
0
0
0
0
0
0
0
0
0
0
0
0
0
0
0
0
0
0
0
0
0
0
0
0
0
0
0
0
0
0
0
0
0
0
0
0
0
0
0
0
0
0
0
0
0
0
0
0
0
0
0
0
0
0
0
0
0
0
0
0
0
0
0
0
0
0
0
0
0
0
0
0
0
0
0
0
0
0
0
0
0
0
0
0
0
0
0
0
0
0
0
0
0
0
0
0
0
0
0
0
0
0
0
0
0
0
0
0
0
0
0
0
0
0
0
0
0
0
0
0
0
0
0
0
0
0
0
0
0
0
0
0
0
0
0
0
0
0
0
0
0
0
0
0
0
0
0
0
0
0
0
0
0
0
0
0
0
0
0
0
0
0
0
0
0
0
0
0
0
0
0
0
0
0
0
0
0
0
0
0
0
0
0
0
0
0
0
0
0
0
0
0
0
0
0
0
0
0
0
0
0
0
0
0
0
0
0
0
0
0
0
0
0
0
0
0
0
0
0
0
0
0
0
0
0
0
0
0
0
0
0
0
0
0
0
0
0
0
0
0
0
0
0
0
0
0
0
0
0
0
0
0
0
0
0
0
0
0
0
0
0
0
0
0
0
0
0
0
0
0
0
0
0
0
0
0
0
0
0
0
0
0
0
0
0
0
0
0
0
0
0
0
0
0
0
0
0
0
0
0
0
0
0
0
0
0
0
0
0
0
0
0
0
0
0
0
0
0
0
0
0
0
0
0
0
0
0
0
0
0
0
0
0
0
0
0
0
0
0
0
0
0
0
0
0
0
0
0
0
0
0
0
0
0
0
0
0
0
0
0
0
0
0
0
0
0
0
0
0
0
0
0
0
0
0
0
0
0
0
0
0
0
0
0
0
0
0
0
0
0
0
0
0
0
0
0
0
0
0
0
0
0
0
0
0
0
0
0
0
0
0
0
0
0
0
0
0
0
0
0
0
0
0
0
0
0
0
0
0
0
0
0
0
0
0
0
0
0
0
0
0
0
0
0
0
0
0
0
0
0
0
0
0
0
0
0
0
0
0
0
0
0
0
0
0
0
0
0
0
0
0
0
0
0
0
0
0
0
0
0
0
0
0
0
0
0
0
0
0
0
0
0
0
0
0
0
0
0
0
0
0
0
0
0
0
0
0
0
0
0
0
0
0
0
0
0
0
0
0
0
0
0
0
0
0
0
0
0
0
0
0
0
0
0
0
0
0
0
0
0
0
0
0
0
0
0
0
0
0
0
0
0
0
0
0
0
0
0
0
0
0
0
0
0
0
0
0
0
0
0
0
0
0
0
0
0
0
0
0
0
0
0
0
0
0
0
0
0
0
0
0
0
0
0
0
0
0
0
0
0
0
0
0
0
0
0
0
0
0
0
0
0
0
0
0
0
0
0
0
0
0
0
0
0
0
0
0
0
0
0
0
0
0
0
0
0
0
0
0
0
0
0
0
0
0
0
0
0
0
0
0
0
0
0
0
0
0
0
0
0
0
0
0
0
0
0
0
0
0
0
0
0
0
0
0
0
0
0
0
0
0
0
0
0
0
0
0
0
0
0
0
0
0
0
0
0
0
0
0
0
0
0
0
0
0
0
0
0
0
0
0
0
0
0
0
0
0
0
0
0
0
0
0
0
0
0
0
0
0
0
0
0
0
0
0
0
0
0
0
0
0
0
0
0
0
0
0
0
0
0
0
0
0
0
0
0
0
0
0
0
0
0
0
0
0
0
0
0
0
0
0
0
0
0
0
0
0
0
0
0
0
0
0
0
0
0
0
0
0
0
0
0
0
0
0
0
0
0
0
0
0
0
0
0
0
0
0
0
0
0
0
0
0
0
0
0
0
0
0
0
0
0
0
0
0
0
0
0
0
0
0
0
0
0
0
0
0
0
0
0
0
0
0
0
0
0
0
0
0
0
0
0
0
0
0
0
0
0
0
0
0
0
0
0
0
0
0
0
0
0
0
0
0
0
0
0
0
0
0
0
0
0
0
0
0
0
0
0
0
0
0
0
0
0
0
0
0
0
0
0
0
0
0
0
0
0
0
0
0
0
0
0
0
0
0
0
0
0
0
0
0
0
0
0
0
0
0
0
0
0
0
0
0
0
0
0
0
0
0
0
0
0
0
0
0
0
0
0
0
0
0
0
0
0
0
0
0
0
0
0
0
0
0
0
0
0
0
0
0
0
0
0
0
0
0
0
0
0
0
0
0
0
0
0
0
0
0
0
0
0
0
0
0
0
0
0
0
0
0
0
0
0
0
0
0
0
0
0
0
0
0
0
0
0
0
0
0
0
0
0
0
0
0
0
0
0
0
0
0
0
0
0
0
0
0
0
0
0
0
0
0
0
0
0
0
0
0
0
0
0
0
0
0
0
0
0
0
0
0
0
0
0
0
0
0
0
0
0
0
0
0
0
0
0
0
0
0
0
0
0
0
0
0
0
0
0
0
0
0
0
0
0
0
0
0
0
0
0
0
0
0
0
0
0
0
0
0
0
0
0
0
0
0
0
0
0
0
0
0
0
0
0
0
0
0
0
0
0
0
0
0
0
0
0
0
0
0
0
0
0
0
0
0
0
0
0
0
0
0
0
0
0
0
0
0
0
0
0
0
0
0
0
0
0
0
0
0
0
0
0
0
0
0
0
0
0
0
0
0
0
0
0
0
0
0
0
0
0
0
0
0
0
0
0
0
0
0
0
0
0
0
0
0
0
0
0
0
0
0
0
0
0
0
0
0
0
0
0
0
0
0
0
0
0
0
0
0
0
0
0
0
0
0
0
0
0
0
0
0
0
0
0
0
0
0
0
0
0
0
0
0
0
0
0
0
0
0
0
0
0
0
0
0
0
0
0
0
0
0
0
0
0
0
0
0
0
0
0
0
0
0
0
0
0
0
0
0
0
0
0
0
0
0
0
0
0
0
0
0
0
0
0
0
0
0
0
0
0
0
0
0
0
0
0
0
0
0
0
0
0
0
0
0
0
0
0
0
0
0
0
0
0
0
0
0
0
0
0
0
0
0
0
0
0
0
0
0
0
0
0
0
0
0
0
0
0
0
0
0
0
0
0
0
0
0
0
0
0
0
0
0
0
0
0
0
0
0
0
0
0
0
0
0
0
0
0
0
0
0
0
0
0
0
0
0
0
0
0
0
0
0
0
0
0
0
0
0
0
0
0
0
0
0
0
0
0
0
0
0
0
0
0
0
0
0
0
0
0
0
0
0
0
0
0
0
0
0
0
0
0
0
0
0
0
0
0
0
0
0
0
0
0
0
0
0
0
0
0
0
0
0
0
0
0
0
0
0
0
0
0
0
0
0
0
0
0
0
0
0
0
0
0
0
0
0
0
0
0
0
0
0
0
0
0
0
0
0
0
0
0
0
0
0
0
0
0
0
0
0
0
0
0
0
0
0
0
0
0
0
0
0
0
0
0
0
0
0
0
0
0
0
0
0
0
0
0
0
0
0
0
0
0
0
0
0
0
0
0
0
0
0
0
0
0
0
0
0
0
0
0
0
0
0
0
0
0
0
0
0
0
0
0
0
0
0
0
0
0
0
0
0
0
0
0
0
0
0
0
0
0
0
0
0
0
0
0
0
0
0
0
0
0
0
0
0
0
0
0
0
0
0
0
0
0
0
0
0
0
0
0
0
0
0
0
0
0
0
0
0
0
0
0
0
0
0
0
0
0
0
0
0
0
0
0
0
0
0
0
0
0
0
0
0
0
0
0
0
0
0
0
0
0
0
0
0
0
0
0
0
0
0
0
0
0
0
0
0
0
0
0
0
0
0
0
0
0
0
0
0
0
0
0
0
0
0
0
0
0
0
0
0
0
0
0
0
0
0
0
0
0
0
0
0
0
0
0
0
0
0
0
0
0
0
0
0
0
0
0
0
0
0
0
0
0
0
0
0
0
0
0
0
0
0
0
0
0
0
0
0
0
0
0
0
0
0
0
0
0
0
0
0
0
0
0
0
0
0
0
0
0
0
0
0
0
0
0
0
0
0
0
0
0
0
0
0
0
0
0
0
0
0
0
0
0
0
0
0
0
0
0
0
0
0
0
0
0
0
0
0
0
0
0
0
0
0
0
0
0
0
0
0
0
0
0
0
0
0
0
0
0
0
0
0
0
0
0
0
0
0
0
0
0
0
0
0
0
0
0
0
0
0
0
0
0
0
0
0
0
0
0
0
0
0
0
0
0
0
0
0
0
0
0
0
0
0
0
0
0
0
0
0
0
0
0
0
0
0
0
0
0
0
0
0
0
0
0
0
0
0
0
0
0
0
0
0
0
0
0
0
0
0
0
0
0
0
0
0
0
0
0
0
0
0
0
0
0
0
0
0
0
0
0
0
0
0
0
0
0
0
0
0
0
0
0
0
0
0
0
0
0
0
0
0
0
0
0
0
0
0
0
0
0
0
0
0
0
0
0
0
0
0
0
0
0
0
0
0
0
0
0
0
0
0
0
0
0
0
0
0
0
0
0
0
0
0
0
0
0
0
0
0
0
0
0
0
0
0
0
0
0
0
0
0
0
0
0
0
0
0
0
0
0
0
0
0
0
0
0
0
0
0
0
0
0
0
0
0
0
0
0
0
0
0
0
0
0
0
0
0
0
0
0
0
0
0
0
0
0
0
0
0
0
0
0
0
0
0
0
0
0
0
0
0
0
0
0
0
0
0
0
0
0
0
0
0
0
0
0
0
0
0
0
0
0
0
0
0
0
0
0
0
0
0
0
0
0
0
0
0
0
0
0
0
0
0
0
0
0
0
0
0
0
0
0
0
0
0
0
0
0
0
0
0
0
0
0
0
0
0
0
0
0
0
0
0
0
0
0
0
0
0
0
0
0
0
0
0
0
0
0
0
0
0
0
0
0
0
0
0
0
0
0
0
0
0
0
0
0
0
0
0
0
0
0
0
0
0
0
0
0
0
0
0
0
0
0
0
0
0
0
0
0
0
0
0
0
0
0
0
0
0
0
0
0
0
0
0
0
0
0
0
0
0
0
0
0
0
0
0
0
0
0
0
0
0
0
0
0
0
0
0
0
0
0
0
0
0
0
0
0
0
0
0
0
0
0
0
0
0
0
0
0
0
0
0
0
0
0
0
0
0
0
0
0
0
0
0
0
0
0
0
0
0
0
0
0
0
0
0
0
0
0
0
0
0
0
0
0
0
0
0
0
0
0
0
0
0
0
0
0
0
0
0
0
0
0
0
0
0
0
0
0
0
0
0
0
0
0
0
0
0
0
0
0
0
0
0
0
0
0
0
0
0
0
0
0
0
0
0
0
0
0
0
0
0
0
0
0
0
0
0
0
0
0
0
0
0
0
0
0
0
0
0
0
0
0
0
0
0
0
0
0
0
0
0
0
0
0
0
0
0
0
0
0
0
0
0
0
0
0
0
0
0
0
0
0
0
0
0
0
0
0
0
0
0
0
0
0
0
0
0
0
0
0
0
0
0
0
0
0
0
0
0
0
0
0
0
0
0
0
0
0
0
0
0
0
0
0
0
0
0
0
0
0
0
0
0
0
0
0
0
0
0
0
0
0
0
0
0
0
0
0
0
0
0
0
0
0
0
0
0
0
0
0
0
0
0
0
0
0
0
0
0
0
0
0
0
0
0
0
0
0
0
0
0
0
0
0
0
0
0
0
0
0
0
0
0
0
0
0
0
0
0
0
0
0
0
0
0
0
0
0
0
0
0
0
0
0
0
0
0
0
0
0
0
0
0
0
0
0
0
0
0
0
0
0
0
0
0
0
0
0
0
0
0
0
0
0
0
0
0
0
0
0
0
0
0
0
0
0
0
0
0
0
0
0
0
0
0
0
0
0
0
0
0
0
0
0
0
0
0
0
0
0
0
0
0
0
0
0
0
0
0
0
0
0
0
0
0
0
0
0
0
0
0
0
0
0
0
0
0
0
0
0
0
0
0
0
0
0
0
0
0
0
0
0
0
0
0
0
0
0
0
0
0
0
0
0
0
0
0
0
0
0
0
0
0
0
0
0
0
0
0
0
0
0
0
0
0
0
0
0
0
0
0
0
0
0
0
0
0
0
0
0
0
0
0
0
0
0
0
0
0
0
0
0
0
0
0
0
0
0
0
0
0
0
0
0
0
0
0
0
0
0
0
0
0
0
0
0
0
0
0
0
0
0
0
0
0
0
0
0
0
0
0
0
0
0
0
0
0
0
0
0
0
0
0
0
0
0
0
0
0
0
0
0
0
0
0
0
0
0
0
0
0
0
0
0
0
0
0
0
0
0
0
0
0
0
0
0
0
0
0
0
0
0
0
0
0
0
0
0
0
0
0
0
0
0
0
0
0
0
0
0
0
0
0
0
0
0
0
0
0
0
0
0
0
0
0
0
0
0
0
0
0
0
0
0
0
0
0
0
0
0
0
0
0
0
0
0
0
0
0
0
0
0
0
0
0
0
0
0
0
0
0
0
0
0
0
0
0
0
0
0
0
0
0
0
0
0
0
0
0
0
0
0
0
0
0
0
0
0
0
0
0
0
0
0
0
0
0
0
0
0
0
0
0
0
0
0
0
0
0
0
0
0
0
0
0
0
0
0
0
0
0
0
0
0
0
0
0
0
0
0
0
0
0
0
0
0
0
0
0
0
0
0
0
0
0
0
0
0
0
0
0
0
0
0
0
0
0
0
0
0
0
0
0
0
0
0
0
0
0
0
0
0
0
0
0
0
0
0
0
0
0
0
0
0
0
0
0
0
0
0
0
0
0
0
0
0
0
0
0
0
0
0
0
0
0
0
0
0
0
0
0
0
0
0
0
0
0
0
0
0
0
0
0
0
0
0
0
0
0
0
0
0
0
0
0
0
0
0
0
0
0
0
0
0
0
0
0
0
0
0
0
0
0
0
0
0
0
0
0
0
0
0
0
0
0
0
0
0
0
0
0
0
0
0
0
0
0
0
0
0
0
0
0
0
0
0
0
0
0
0
0
0
0
0
0
0
0
0
0
0
0
0
0
0
0
0
0
0
0
0
0
0
0
0
0
0
0
0
0
0
0
0
0
0
0
0
0
0
0
0
0
0
0
0
0
0
0
0
0
0
0
0
0
0
0
0
0
0
0
0
0
0
0
0
0
0
0
0
0
0
0
0
0
0
0
0
0
0
0
0
0
0
0
0
0
0
0
0
0
0
0
0
0
0
0
0
0
0
0
0
0
0
0
0
0
0
0
0
0
0
0
0
0
0
0
0
0
0
0
0
0
0
0
0
0
0
0
0
0
0
0
0
0
0
0
0
0
0
0
0
0
0
0
0
0
0
0
0
0
0
0
0
0
0
0
0
0
0
0
0
0
0
0
0
0
0
0
0
0
0
0
0
0
0
0
0
0
0
0
0
0
0
0
0
0
0
0
0
0
0
0
0
0
0
0
0
0
0
0
0
0
0
0
0
0
0
0
0
0
0
0
0
0
0
0
0
0
0
0
0
0
0
0
0
0
0
0
0
0
0
0
0
0
0
0
0
0
0
0
0
0
0
0
0
0
0
0
0
0
0
0
0
0
0
0
0
0
0
0
0
0
0
0
0
0
0
0
0
0
0
0
0
0
0
0
0
0
0
0
0
0
0
0
0
0
0
0
0
0
0
0
0
0
0
0
0
0
0
0
0
0
0
0
0
0
0
0
0
0
0
0
0
0
0
0
0
0
0
0
0
0
0
0
0
0
0
0
0
0
0
0
0
0
0
0
0
0
0
0
0
0
0
0
0
0
0
0
0
0
0
0
0
0
0
0
0
0
0
0
0
0
0
0
0
0
0
0
0
0
0
0
0
0
0
0
0
0
0
0
0
0
0
0
0
0
0
0
0
0
0
0
0
0
0
0
0
0
0
0
0
0
0
0
0
0
0
0
0
0
0
0
0
0
0
0
0
0
0
0
0
0
0
0
0
0
0
0
0
0
0
0
0
0
0
0
0
0
0
0
0
0
0
0
0
0
0
0
0
0
0
0
0
0
0
0
0
0
0
0
0
0
0
0
0
0
0
0
0
0
0
0
0
0
0
0
0
0
0
0
0
0
0
0
0
0
0
0
0
0
0
0
0
0
0
0
0
0
0
0
0
0
0
0
0
0
0
0
0
0
0
0
0
0
0
0
0
0
0
0
0
0
0
0
0
0
0
0
0
0
0
0
0
0
0
0
0
0
0
0
0
0
0
0
0
0
0
0
0
0
0
0
0
0
0
0
0
0
0
0
0
0
0
0
0
0
0
0
0
0
0
0
0
0
0
0
0
0
0
0
0
0
0
0
0
0
0
0
0
0
0
0
0
0
0
0
0
0
0
0
0
0
0
0
0
0
0
0
0
0
0
0
0
0
0
0
0
0
0
0
0
0
0
0
0
0
0
0
0
0
0
0
0
0
0
0
0
0
0
0
0
0
0
0
0
0
0
0
0
0
0
0
0
0
0
0
0
0
0
0
0
0
0
0
0
0
0
0
0
0
0
0
0
0
0
0
0
0
0
0
0
0
0
0
0
0
0
0
0
0
0
0
0
0
0
0
0
0
0
0
0
0
0
0
0
0
0
0
0
0
0
0
0
0
0
0
0
0
0
0
0
0
0
0
0
0
0
0
0
0
0
0
0
0
0
0
0
0
0
0
0
0
0
0
0
0
0
0
0
0
0
0
0
0
0
0
0
0
0
0
0
0
0
0
0
0
0
0
0
0
0
0
0
0
0
0
0
0
0
0
0
0
0
0
0
0
0
0
0
0
0
0
0
0
0
0
0
0
0
0
0
0
0
0
0
0
0
0
0
0
0
0
0
0
0
0
0
0
0
0
0
0
0
0
0
0
0
0
0
0
0
0
0
0
0
0
0
0
0
0
0
0
0
0
0
0
0
0
0
0
0
0
0
0
0
0
0
0
0
0
0
0
0
0
0
0
0
0
0
0
0
0
0
0
0
0
0
0
0
0
0
0
0
0
0
0
0
0
0
0
0
0
0
0
0
0
0
0
0
0
0
0
0
0
0
0
0
0
0
0
0
0
0
0
0
0
0
0
0
0
0
0
0
0
0
0
0
0
0
0
0
0
0
0
0
0
0
0
0
0
0
0
0
0
0
0
0
0
0
0
0
0
0
0
0
0
0
0
0
0
0
0
0
0
0
0
0
0
0
0
0
0
0
0
0
0
0
0
0
0
0
0
0
0
0
0
0
0
0
0
0
0
0
0
0
0
0
0
0
0
0
0
0
0
0
0
0
0
0
0
0
0
0
0
0
0
0
0
0
0
0
0
0
0
0
0
0
0
0
0
0
0
0
0
0
0
0
0
0
0
0
0
0
0
0
0
0
0
0
0
0
0
0
0
0
0
0
0
0
0
0
0
0
0
0
0
0
0
0
0
0
0
0
0
0
0
0
0
0
0
0
0
0
0
0
0
0
0
0
0
0
0
0
0
0
0
0
0
0
0
0
0
0
0
0
0
0
0
0
0
0
0
0
0
0
0
0
0
0
0
0
0
0
0
0
0
0
0
0
0
0
0
0
0
0
0
0
0
0
0
0
0
0
0
0
0
0
0
0
0
0
0
0
0
0
0
0
0
0
0
0
0
0
0
0
0
0
0
0
0
0
0
0
0
0
0
0
0
0
0
0
0
0
0
0
0
0
0
0
0
0
0
0
0
0
0
0
0
0
0
0
0
0
0
0
0
0
0
0
0
0
0
0
0
0
0
0
0
0
0
0
0
0
0
0
0
0
0
0
0
0
0
0
0
0
0
0
0
0
0
0
0
0
0
0
0
0
0
0
0
0
0
0
0
0
0
0
0
0
0
0
0
0
0
0
0
0
0
0
0
0
0
0
0
0
0
0
0
0
0
0
0
0
0
0
0
0
0
0
0
0
0
0
0
0
0
0
0
0
0
0
0
0
0
0
0
0
0
0
0
0
0
0
0
0
0
0
0
0
0
0
0
0
0
0
0
0
0
0
0
0
0
0
0
0
0
0
0
0
0
0
0
0
0
0
0
0
0
0
0
0
0
0
0
0
0
0
0
0
0
0
0
0
0
0
0
0
0
0
0
0
0
0
0
0
0
0
0
0
0
0
0
0
0
0
0
0
0
0
0
0
0
0
0
0
0
0
0
0
0
0
0
0
0
0
0
0
0
0
0
0
0
0
0
0
0
0
0
0
0
0
0
0
0
0
0
0
0
0
0
0
0
0
0
0
0
0
0
0
0
0
0
0
0
0
0
0
0
0
0
0
0
0
0
0
0
0
0
0
0
0
0
0
0
0
0
0
0
0
0
0
0
0
0
0
0
0
0
0
0
0
0
0
0
0
0
0
0
0
0
0
0
0
0
0
0
0
0
0
0
0
0
0
0
0
0
0
0
0
0
0
0
0
0
0
0
0
0
0
0
0
0
0
0
0
0
0
0
0
0
0
0
0
0
0
0
0
0
0
0
0
0
0
0
0
0
0
0
0
0
0
0
0
0
0
0
0
0
0
0
0
0
0
0
0
0
0
0
0
0
0
0
0
0
0
0
0
0
0
0
0
0
0
0
0
0
0
0
0
0
0
0
0
0
0
0
0
0
0
0
0
0
0
0
0
0
0
0
0
0
0
0
0
0
0
0
0
0
0
0
0
0
0
0
0
0
0
0
0
0
0
0
0
0
0
0
0
0
0
0
0
0
0
0
0
0
0
0
0
0
0
0
0
0
0
0
0
0
0
0
0
0
0
0
0
0
0
0
0
0
0
0
0
0
0
0
0
0
0
0
0
0
0
0
0
0
0
0
0
0
0
0
0
0
0
0
0
0
0
0
0
0
0
0
0
0
0
0
0
0
0
0
0
0
0
0
0
0
0
0
0
0
0
0
0
0
0
0
0
0
0
0
0
0
0
0
0
0
0
0
0
0
0
0
0
0
0
0
0
0
0
0
0
0
0
0
0
0
0
0
0
0
0
0
0
0
0
0
0
0
0
0
0
0
0
0
0
0
0
0
0
0
0
0
0
0
0
0
0
0
0
0
0
0
0
0
0
0
0
0
0
0
0
0
0
0
0
0
0
0
0
0
0
0
0
0
0
0
0
0
0
0
0
0
0
0
0
0
0
0
0
0
0
0
0
0
0
0
0
0
0
0
0
0
0
0
0
0
0
0
0
0
0
0
0
0
0
0
0
0
0
0
0
0
0
0
0
0
0
0
0
0
0
0
0
0
0
0
0
0
0
0
0
0
0
0
0
0
0
0
0
0
0
0
0
0
0
0
0
0
0
0
0
0
0
0
0
0
0
0
0
0
0
0
0
0
0
0
0
0
0
0
0
0
0
0
0
0
0
0
0
0
0
0
0
0
0
0
0
0
0
0
0
0
0
0
0
0
0
0
0
0
0
0
0
0
0
0
0
0
0
0
0
0
0
0
0
0
0
0
0
0
0
0
0
0
0
0
0
0
0
0
0
0
0
0
0
0
0
0
0
0
0
0
0
0
0
0
0
0
0
0
0
0
0
0
0
0
0
0
0
0
0
0
0
0
0
0
0
0
0
0
0
0
0
0
0
0
0
0
0
0
0
0
0
0
0
0
0
0
0
0
0
0
0
0
0
0
0
0
0
0
0
0
0
0
0
0
0
0
0
0
0
0
0
0
0
0
0
0
0
0
0
0
0
0
0
0
0
0
0
0
0
0
0
0
0
0
0
0
0
0
0
0
0
0
0
0
0
0
0
0
0
0
0
0
0
0
0
0
0
0
0
0
0
0
0
0
0
0
0
0
0
0
0
0
0
0
0
0
0
0
0
0
0
0
0
0
0
0
0
0
0
0
0
0
0
0
0
0
0
0
0
0
0
0
0
0
0
0
0
0
0
0
0
0
0
0
0
0
0
0
0
0
0
0
0
0
0
0
0
0
0
0
0
0
0
0
0
0
0
0
0
0
0
0
0
0
0
0
0
0
0
0
0
0
0
0
0
0
0
0
0
0
0
0
0
0
0
0
0
0
0
0
0
0
0
0
0
0
0
0
0
0
0
0
0
0
0
0
0
0
0
0
0
0
0
0
0
0
0
0
0
0
0
0
0
0
0
0
0
0
0
0
0
0
0
0
0
0
0
0
0
0
0
0
0
0
0
0
0
0
0
0
0
0
0
0
0
0
0
0
0
0
0
0
0
0
0
0
0
0
0
0
0
0
0
0
0
0
0
0
0
0
0
0
0
0
0
0
0
0
0
0
0
0
0
0
0
0
0
0
0
0
0
0
0
0
0
0
0
0
0
0
0
0
0
0
0
0
0
0
0
0
0
0
0
0
0
0
0
0
0
0
0
0
0
0
0
0
0
0
0
0
0
0
0
0
0
0
0
0
0
0
0
0
0
0
0
0
0
0
0
0
0
0
0
0
0
0
0
0
0
0
0
0
0
0
0
0
0
0
0
0
0
0
0
0
0
0
0
0
0
0
0
0
0
0
0
0
0
0
0
0
0
0
0
0
0
0
0
0
0
0
0
0
0
0
0
0
0
0
0
0
0
0
0
0
0
0
0
0
0
0
0
0
0
0
0
0
0
0
0
0
0
0
0
0
0
0
0
0
0
0
0
0
0
0
0
0
0
0
0
0
0
0
0
0
0
0
0
0
0
0
0
0
0
0
0
0
0
0
0
0
0
0
0
0
0
0
0
0
0
0
0
0
0
0
0
0
0
0
0
0
0
0
0
0
0
0
0
0
0
0
0
0
0
0
0
0
0
0
0
0
0
0
0
0
0
0
0
0
0
0
0
0
0
0
0
0
0
0
0
0
0
0
0
0
0
0
0
0
0
0
0
0
0
0
0
0
0
0
0
0
0
0
0
0
0
0
0
0
0
0
0
0
0
0
0
0
0
0
0
0
0
0
0
0
0
0
0
0
0
0
0
0
0
0
0
0
0
0
0
0
0
0
0
0
0
0
0
0
0
0
0
0
0
0
0
0
0
0
0
0
0
0
0
0
0
0
0
0
0
0
0
0
0
0
0
0
0
0
0
0
0
0
0
0
0
0
0
0
0
0
0
0
0
0
0
0
0
0
0
0
0
0
0
0
0
0
0
0
0
0
0
0
0
0
0
0
0
0
0
0
0
0
0
0
0
0
0
0
0
0
0
0
0
0
0
0
0
0
0
0
0
0
0
0
0
0
0
0
0
0
0
0
0
0
0
0
0
0
0
0
0
0
0
0
0
0
0
0
0
0
0
0
0
0
0
0
0
0
0
0
0
0
0
0
0
0
0
0
0
0
0
0
0
0
0
0
0
0
0
0
0
0
0
0
0
0
0
0
0
0
0
0
0
0
0
0
0
0
0
0
0
0
0
0
0
0
0
0
0
0
0
0
0
0
0
0
0
0
0
0
0
0
0
0
0
0
0
0
0
0
0
0
0
0
0
0
0
0
0
0
0
0
0
0
0
0
0
0
0
0
0
0
0
0
0
0
0
0
0
0
0
0
0
0
0
0
0
0
0
0
0
0
0
0
0
0
0
0
0
0
0
0
0
0
0
0
0
0
0
0
0
0
0
0
0
0
0
0
0
0
0
0
0
0
0
0
0
0
0
0
0
0
0
0
0
0
0
0
0
0
0
0
0
0
0
0
0
0
0
0
0
0
0
0
0
0
0
0
0
0
0
0
0
0
0
0
0
0
0
0
0
0
0
0
0
0
0
0
0
0
0
0
0
0
0
0
0
0
0
0
0
0
0
0
0
0
0
0
0
0
0
0
0
0
0
0
0
0
0
0
0
0
0
0
0
0
0
0
0
0
0
0
0
0
0
0
0
0
0
0
0
0
0
0
0
0
0
0
0
0
0
0
0
0
0
0
0
0
0
0
0
0
0
0
0
0
0
0
0
0
0
0
0
0
0
0
0
0
0
0
0
0
0
0
0
0
0
0
0
0
0
0
0
0
0
0
0
0
0
0
0
0
0
0
0
0
0
0
0
0
0
0
0
0
0
0
0
0
0
0
0
0
0
0
0
0
0
0
0
0
0
0
0
0
0
0
0
0
0
0
0
0
0
0
0
0
0
0
0
0
0
0
0
0
0
0
0
0
0
0
0
0
0
0
0
0
0
0
0
0
0
0
0
0
0
0
0
0
0
0
0
0
0
0
0
0
0
0
0
0
0
0
0
0
0
0
0
0
0
0
0
0
0
0
0
0
0
0
0
0
0
0
0
0
0
0
0
0
0
0
0
0
0
0
0
0
0
0
0
0
0
0
0
0
0
0
0
0
0
0
0
0
0
0
0
0
0
0
0
0
0
0
0
0
0
0
0
0
0
0
0
0
0
0
0
0
0
0
0
0
0
0
0
0
0
0
0
0
0
0
0
0
0
0
0
0
0
0
0
0
0
0
0
0
0
0
0
0
0
0
0
0
0
0
0
0
0
0
0
0
0
0
0
0
0
0
0
0
0
0
0
0
0
0
0
0
0
0
0
0
0
0
0
0
0
0
0
0
0
0
0
0
0
0
0
0
0
0
0
0
0
0
0
0
0
0
0
0
0
0
0
0
0
0
0
0
0
0
0
0
0
0
0
0
0
0
0
0
0
0
0
0
0
0
0
0
0
0
0
0
0
0
0
0
0
0
0
0
0
0
0
0
0
0
0
0
0
0
0
0
0
0
0
0
0
0
0
0
0
0
0
0
0
0
0
0
0
0
0
0
0
0
0
0
0
0
0
0
0
0
0
0
0
0
0
0
0
0
0
0
0
0
0
0
0
0
0
0
0
0
0
0
0
0
0
0
0
0
0
0
0
0
0
0
0
0
0
0
0
0
0
0
0
0
0
0
0
0
0
0
0
0
0
0
0
0
0
0
0
0
0
0
0
0
0
0
0
0
0
0
0
0
0
0
0
0
0
0
0
0
0
0
0
0
0
0
0
0
0
0
0
0
0
0
0
0
0
0
0
0
0
0
0
0
0
0
0
0
0
0
0
0
0
0
0
0
0
0
0
0
0
0
0
0
0
0
0
0
0
0
0
0
0
0
0
0
0
0
0
0
0
0
0
0
0
0
0
0
0
0
0
0
0
0
0
0
0
0
0
0
0
0
0
0
0
0
0
0
0
0
0
0
0
0
0
0
0
0
0
0
0
0
0
0
0
0
0
0
0
0
0
0
0
0
0
0
0
0
0
0
0
0
0
0
0
0
0
0
0
0
0
0
0
0
0
0
0
0
0
0
0
0
0
0
0
0
0
0
0
0
0
0
0
0
0
0
0
0
0
0
0
0
0
0
0
0
0
0
0
0
0
0
0
0
0
0
0
0
0
0
0
0
0
0
0
0
0
0
0
0
0
0
0
0
0
0
0
0
0
0
0
0
0
0
0
0
0
0
0
0
0
0
0
0
0
0
0
0
0
0
0
0
0
0
0
0
0
0
0
0
0
0
0
0
0
0
0
0
0
0
0
0
0
0
0
0
0
0
0
0
0
0
0
0
0
0
0
0
0
0
0
0
0
0
0
0
0
0
0
0
0
0
0
0
0
0
0
0
0
0
0
0
0
0
0
0
0
0
0
0
0
0
0
0
0
0
0
0
0
0
0
0
0
0
0
0
0
0
0
0
0
0
0
0
0
0
0
0
0
0
0
0
0
0
0
0
0
0
0
0
0
0
0
0
0
0
0
0
0
0
0
0
0
0
0
0
0
0
0
0
0
0
0
0
0
0
0
0
0
0
0
0
0
0
0
0
0
0
0
0
0
0
0
0
0
0
0
0
0
0
0
0
0
0
0
0
0
0
0
0
0
0
0
0
0
0
0
0
0
0
0
0
0
0
0
0
0
0
0
0
0
0
0
0
0
0
0
0
0
0
0
0
0
0
0
0
0
0
0
0
0
0
0
0
0
0
0
0
0
0
0
0
0
0
0
0
0
0
0
0
0
0
0
0
0
0
0
0
0
0
0
0
0
0
0
0
0
0
0
0
0
0
0
0
0
0
0
0
0
0
0
0
0
0
0
0
0
0
0
0
0
0
0
0
0
0
0
0
0
0
0
0
0
0
0
0
0
0
0
0
0
0
0
0
0
0
0
0
0
0
0
0
0
0
0
0
0
0
0
0
0
0
0
0
0
0
0
0
0
0
0
0
0
0
0
0
0
0
0
0
0
0
0
0
0
0
0
0
0
0
0
0
0
0
0
0
0
0
0
0
0
0
0
0
0
0
0
0
0
0
0
0
0
0
0
0
0
0
0
0
0
0
0
0
0
0
0
0
0
0
0
0
0
0
0
0
0
0
0
0
0
0
0
0
0
0
0
0
0
0
0
0
0
0
0
0
0
0
0
0
0
0
0
0
0
0
0
0
0
0
0
0
0
0
0
0
0
0
0
0
0
0
0
0
0
0
0
0
0
0
0
0
0
0
0
0
0
0
0
0
0
0
0
0
0
0
0
0
0
0
0
0
0
0
0
0
0
0
0
0
0
0
0
0
0
0
0
0
0
0
0
0
0
0
0
0
0
0
0
0
0
0
0
0
0
0
0
0
0
0
0
0
0
0
0
0
0
0
0
0
0
0
0
0
0
0
0
0
0
0
0
0
0
0
0
0
0
0
0
0
0
0
0
0
0
0
0
0
0
0
0
0
0
0
0
0
0
0
0
0
0
0
0
0
0
0
0
0
0
0
0
0
0
0
0
0
0
0
0
0
0
0
0
0
0
0
0
0
0
0
0
0
0
0
0
0
0
0
0
0
0
0
0
0
0
0
0
0
0
0
0
0
0
0
0
0
0
0
0
0
0
0
0
0
0
0
0
0
0
0
0
0
0
0
0
0
0
0
0
0
0
0
0
0
0
0
0
0
0
0
0
0
0
0
0
0
0
0
0
0
0
0
0
0
0
0
0
0
0
0
0
0
0
0
0
0
0
0
0
0
0
0
0
0
0
0
0
0
0
0
0
0
0
0
0
0
0
0
0
0
0
0
0
0
0
0
0
0
0
0
0
0
0
0
0
0
0
0
0
0
0
0
0
0
0
0
0
0
0
0
0
0
0
0
0
0
0
0
0
0
0
0
0
0
0
0
0
0
0
0
0
0
0
0
0
0
0
0
0
0
0
0
0
0
0
0
0
0
0
0
0
0
0
0
0
0
0
0
0
0
0
0
0
0
0
0
0
0
0
0
0
0
0
0
0
0
0
0
0
0
0
0
0
0
0
0
0
0
0
0
0
0
0
0
0
0
0
0
0
0
0
0
0
0
0
0
0
0
0
0
0
0
0
0
0
0
0
0
0
0
0
0
0
0
0
0
0
0
0
0
0
0
0
0
0
0
0
0
0
0
0
0
0
0
0
0
0
0
0
0
0
0
0
0
0
0
0
0
0
0
0
0
0
0
0
0
0
0
0
0
0
0
0
0
0
0
0
0
0
0
0
0
0
0
0
0
0
0
0
0
0
0
0
0
0
0
0
0
0
0
0
0
0
0
0
0
0
0
0
0
0
0
0
0
0
0
0
0
0
0
0
0
0
0
0
0
0
0
0
0
0
0
0
0
0
0
0
0
0
0
0
0
0
0
0
0
0
0
0
0
0
0
0
0
0
0
0
0
0
0
0
0
0
0
0
0
0
0
0
0
0
0
0
0
0
0
0
0
0
0
0
0
0
0
0
0
0
0
0
0
0
0
0
0
0
0
0
0
0
0
0
0
0
0
0
0
0
0
0
0
0
0
0
0
0
0
0
0
0
0
0
0
0
0
0
0
0
0
0
0
0
0
0
0
0
0
0
0
0
0
0
0
0
0
0
0
0
0
0
0
0
0
0
0
0
0
0
0
0
0
0
0
0
0
0
0
0
0
0
0
0
0
0
0
0
0
0
0
0
0
0
0
0
0
0
0
0
0
0
0
0
0
0
0
0
0
0
0
0
0
0
0
0
0
0
0
0
0
0
0
0
0
0
0
0
0
0
0
0
0
0
0
0
0
0
0
0
0
0
0
0
0
0
0
0
0
0
0
0
0
0
0
0
0
0
0
0
0
0
0
0
0
0
0
0
0
0
0
0
0
0
0
0
0
0
0
0
0
0
0
0
0
0
0
0
0
0
0
0
0
0
0
0
0
0
0
0
0
0
0
0
0
0
0
0
0
0
0
0
0
0
0
0
0
0
0
0
0
0
0
0
0
0
0
0
0
0
0
0
0
0
0
0
0
0
0
0
0
0
0
0
0
0
0
0
0
0
0
0
0
0
0
0
0
0
0
0
0
0
0
0
0
0
0
0
0
0
0
0
0
0
0
0
0
0
0
0
0
0
0
0
0
0
0
0
0
0
0
0
0
0
0
0
0
0
0
0
0
0
0
0
0
0
0
0
0
0
0
0
0
0
0
0
0
0
0
0
0
0
0
0
0
0
0
0
0
0
0
0
0
0
0
0
0
0
0
0
0
0
0
0
0
0
0
0
0
0
0
0
0
0
0
0
0
0
0
0
0
0
0
0
0
0
0
0
0
0
0
0
0
0
0
0
0
0
0
0
0
0
0
0
0
0
0
0
0
0
0
0
0
0
0
0
0
0
0
0
0
0
0
0
0
0
0
0
0
0
0
0
0
0
0
0
0
0
0
0
0
0
0
0
0
0
0
0
0
0
0
0
0
0
0
0
0
0
0
0
0
0
0
0
0
0
0
0
0
0
0
0
0
0
0
0
0
0
0
0
0
0
0
0
0
0
0
0
0
0
0
0
0
0
0
0
0
0
0
0
0
0
0
0
0
0
0
0
0
0
0
0
0
0
0
0
0
0
0
0
0
0
0
0
0
0
0
0
0
0
0
0
0
0
0
0
0
0
0
0
0
0
0
0
0
0
0
0
0
0
0
0
0
0
0
0
0
0
0
0
0
0
0
0
0
0
0
0
0
0
0
0
0
0
0
0
0
0
0
0
0
0
0
0
0
0
0
0
0
0
0
0
0
0
0
0
0
0
0
0
0
0
0
0
0
0
0
0
0
0
0
0
0
0
0
0
0
0
0
0
0
0
0
0
0
0
0
0
0
0
0
0
0
0
0
0
0
0
0
0
0
0
0
0
0
0
0
0
0
0
0
0
0
0
0
0
0
0
0
0
0
0
0
0
0
0
0
0
0
0
0
0
0
0
0
0
0
0
0
0
0
0
0
0
0
0
0
0
0
0
0
0
0
0
0
0
0
0
0
0
0
0
0
0
0
0
0
0
0
0
0
0
0
0
0
0
0
0
0
0
0
0
0
0
0
0
0
0
0
0
0
0
0
0
0
0
0
0
0
0
0
0
0
0
0
0
0
0
0
0
0
0
0
0
0
0
0
0
0
0
0
0
0
0
0
0
0
0
0
0
0
0
0
0
0
0
0
0
0
0
0
0
0
0
0
0
0
0
0
0
0
0
0
0
0
0
0
0
0
0
0
0
0
0
0
0
0
0
0
0
0
0
0
0
0
0
0
0
0
0
0
0
0
0
0
0
0
0
0
0
0
0
0
0
0
0
0
0
0
0
0
0
0
0
0
0
0
0
0
0
0
0
0
0
0
0
0
0
0
0
0
0
0
0
0
0
0
0
0
0
0
0
0
0
0
0
0
0
0
0
0
0
0
0
0
0
0
0
0
0
0
0
0
0
0
0
0
0
0
0
0
0
0
0
0
0
0
0
0
0
0
0
0
0
0
0
0
0
0
0
0
0
0
0
0
0
0
0
0
0
0
0
0
0
0
0
0
0
0
0
0
0
0
0
0
0
0
0
0
0
0
0
0
0
0
0
0
0
0
0
0
0
0
0
0
0
0
0
0
0
0
0
0
0
0
0
0
0
0
0
0
0
0
0
0
0
0
0
0
0
0
0
0
0
0
0
0
0
0
0
0
0
0
0
0
0
0
0
0
0
0
0
0
0
0
0
0
0
0
0
0
0
0
0
0
0
0
0
0
0
0
0
0
0
0
0
0
0
0
0
0
0
0
0
0
0
0
0
0
0
0
0
0
0
0
0
0
0
0
0
0
0
0
0
0
0
0
0
0
0
0
0
0
0
0
0
0
0
0
0
0
0
0
0
0
0
0
0
0
0
0
0
0
0
0
0
0
0
0
0
0
0
0
0
0
0
0
0
0
0
0
0
0
0
0
0
0
0
0
0
0
0
0
0
0
0
0
0
0
0
0
0
0
0
0
0
0
0
0
0
0
0
0
0
0
0
0
0
0
0
0
0
0
0
0
0
0
0
0
0
0
0
0
0
0
0
0
0
0
0
0
0
0
0
0
0
0
0
0
0
0
0
0
0
0
0
0
0
0
0
0
0
0
0
0
0
0
0
0
0
0
0
0
0
0
0
0
0
0
0
0
0
0
0
0
0
0
0
0
0
0
0
0
0
0
0
0
0
0
0
0
0
0
0
0
0
0
0
0
0
0
0
0
0
0
0
0
0
0
0
0
0
0
0
0
0
0
0
0
0
0
0
0
0
0
0
0
0
0
0
0
0
0
0
0
0
0
0
0
0
0
0
0
0
0
0
0
0
0
0
0
0
0
0
0
0
0
0
0
0
0
0
0
0
0
0
0
0
0
0
0
0
0
0
0
0
0
0
0
0
0
0
0
0
0
0
0
0
0
0
0
0
0
0
0
0
0
0
0
0
0
0
0
0
0
0
0
0
0
0
0
0
0
0
0
0
0
0
0
0
0
0
0
0
0
0
0
0
0
0
0
0
0
0
0
0
0
0
0
0
0
0
0
0
0
0
0
0
0
0
0
0
0
0
0
0
0
0
0
0
0
0
0
0
0
0
0
0
0
0
0
0
0
0
0
0
0
0
0
0
0
0
0
0
0
0
0
0
0
0
0
0
0
0
0
0
0
0
0
0
0
0
0
0
0
0
0
0
0
0
0
0
0
0
0
0
0
0
0
0
0
0
0
0
0
0
0
0
0
0
0
0
0
0
0
0
0
0
0
0
0
0
0
0
0
0
0
0
0
0
0
0
0
0
0
0
0
0
0
0
0
0
0
0
0
0
0
0
0
0
0
0
0
0
0
0
0
0
0
0
0
0
0
0
0
0
0
0
0
0
0
0
0
0
0
0
0
0
0
0
0
0
0
0
0
0
0
0
0
0
0
0
0
0
0
0
0
0
0
0
0
0
0
0
0
0
0
0
0
0
0
0
0
0
0
0
0
0
0
0
0
0
0
0
0
0
0
0
0
0
0
0
0
0
0
0
0
0
0
0
0
0
0
0
0
0
0
0
0
0
0
0
0
0
0
0
0
0
0
0
0
0
0
0
0
0
0
0
0
0
0
0
0
0
0
0
0
0
0
0
0
0
0
0
0
0
0
0
0
0
0
0
0
0
0
0
0
0
0
0
0
0
0
0
0
0
0
0
0
0
0
0
0
0
0
0
0
0
0
0
0
0
0
0
0
0
0
0
0
0
0
0
0
0
0
0
0
0
0
0
0
0
0
0
0
0
0
0
0
0
0
0
0
0
0
0
0
0
0
0
0
0
0
0
0
0
0
0
0
0
0
0
0
0
0
0
0
0
0
0
0
0
0
0
0
0
0
0
0
0
0
0
0
0
0
0
0
0
0
0
0
0
0
0
0
0
0
0
0
0
0
0
0
0
0
0
0
0
0
0
0
0
0
0
0
0
0
0
0
0
0
0
0
0
0
0
0
0
0
0
0
0
0
0
0
0
0
0
0
0
0
0
0
0
0
0
0
0
0
0
0
0
0
0
0
0
0
0
0
0
0
0
0
0
0
0
0
0
0
0
0
0
0
0
0
0
0
0
0
0
0
0
0
0
0
0
0
0
0
0
0
0
0
0
0
0
0
0
0
0
0
0
0
0
0
0
0
0
0
0
0
0
0
0
0
0
0
0
0
0
0
0
0
0
0
0
0
0
0
0
0
0
0
0
0
0
0
0
0
0
0
0
0
0
0
0
0
0
0
0
0
0
0
0
0
0
0
0
0
0
0
0
0
0
0
0
0
0
0
0
0
0
0
0
0
0
0
0
0
0
0
0
0
0
0
0
0
0
0
0
0
0
0
0
0
0
0
0
0
0
0
0
0
0
0
0
0
0
0
0
0
0
0
0
0
0
0
0
0
0
0
0
0
0
0
0
0
0
0
0
0
0
0
0
0
0
0
0
0
0
0
0
0
0
0
0
0
0
0
0
0
0
0
0
0
0
0
0
0
0
0
0
0
0
0
0
0
0
0
0
0
0
0
0
0
0
0
0
0
0
0
0
0
0
0
0
0
0
0
0
0
0
0
0
0
0
0
0
0
0
0
0
0
0
0
0
0
0
0
0
0
0
0
0
0
0
0
0
0
0
0
0
0
0
0
0
0
0
0
0
0
0
0
0
0
0
0
0
0
0
0
0
0
0
0
0
0
0
0
0
0
0
0
0
0
0
0
0
0
0
0
0
0
0
0
0
0
0
0
0
0
0
0
0
0
0
0
0
0
0
0
0
0
0
0
0
0
0
0
0
0
0
0
0
0
0
0
0
0
0
0
0
0
0
0
0
0
0
0
0
0
0
0
0
0
0
0
0
0
0
0
0
0
0
0
0
0
0
0
0
0
0
0
0
0
0
0
0
0
0
0
0
0
0
0
0
0
0
0
0
0
0
0
0
0
0
0
0
0
0
0
0
0
0
0
0
0
0
0
0
0
0
0
0
0
0
0
0
0
0
0
0
0
0
0
0
0
0
0
0
0
0
0
0
0
0
0
0
0
0
0
0
0
0
0
0
0
0
0
0
0
0
0
0
0
0
0
0
0
0
0
0
0
0
0
0
0
0
0
0
0
0
0
0
0
0
0
0
0
0
0
0
0
0
0
0
0
0
0
0
0
0
0
0
0
0
0
0
0
0
0
0
0
0
0
0
0
0
0
0
0
0
0
0
0
0
0
0
0
0
0
0
0
0
0
0
0
0
0
0
0
0
0
0
0
0
0
0
0
0
0
0
0
0
0
0
0
0
0
0
0
0
0
0
0
0
0
0
0
0
0
0
0
0
0
0
0
0
0
0
0
0
0
0
0
0
0
0
0
0
0
0
0
0
0
0
0
0
0
0
0
0
0
0
0
0
0
0
0
0
0
0
0
0
0
0
0
0
0
0
0
0
0
0
0
0
0
0
0
0
0
0
0
0
0
0
0
0
0
0
0
0
0
0
0
0
0
0
0
0
0
0
0
0
0
0
0
0
0
0
0
0
0
0
0
0
0
0
0
0
0
0
0
0
0
0
0
0
0
0
0
0
0
0
0
0
0
0
0
0
0
0
0
0
0
0
0
0
0
0
0
0
0
0
0
0
0
0
0
0
0
0
0
0
0
0
0
0
0
0
0
0
0
0
0
0
0
0
0
0
0
0
0
0
0
0
0
0
0
0
0
0
0
0
0
0
0
0
0
0
0
0
0
0
0
0
0
0
0
0
0
0
0
0
0
0
0
0
0
0
0
0
0
0
0
0
0
0
0
0
0
0
0
0
0
0
0
0
0
0
0
0
0
0
0
0
0
0
0
0
0
0
0
0
0
0
0
0
0
0
0
0
0
0
0
0
0
0
0
0
0
0
0
0
0
0
0
0
0
0
0
0
0
0
0
0
0
0
0
0
0
0
0
0
0
0
0
0
0
0
0
0
0
0
0
0
0
0
0
0
0
0
0
0
0
0
0
0
0
0
0
0
0
0
0
0
0
0
0
0
0
0
0
0
0
0
0
0
0
0
0
0
0
0
0
0
0
0
0
0
0
0
0
0
0
0
0
0
0
0
0
0
0
0
0
0
0
0
0
0
0
0
0
0
0
0
0
0
0
0
0
0
0
0
0
0
0
0
0
0
0
0
0
0
0
0
0
0
0
0
0
0
0
0
0
0
0
0
0
0
0
0
0
0
0
0
0
0
0
0
0
0
0
0
0
0
0
0
0
0
0
0
0
0
0
0
0
0
0
0
0
0
0
0
0
0
0
0
0
0
0
0
0
0
0
0
0
0
0
0
0
0
0
0
0
0
0
0
0
0
0
0
0
0
0
0
0
0
0
0
0
0
0
0
0
0
0
0
0
0
0
0
0
0
0
0
0
0
0
0
0
0
0
0
0
0
0
0
0
0
0
0
0
0
0
0
0
0
0
0
0
0
0
0
0
0
0
0
0
0
0
0
0
0
0
0
0
0
0
0
0
0
0
0
0
0
0
0
0
0
0
0
0
0
0
0
0
0
0
0
0
0
0
0
0
0
0
0
0
0
0
0
0
0
0
0
0
0
0
0
0
0
0
0
0
0
0
0
0
0
0
0
0
0
0
0
0
0
0
0
0
0
0
0
0
0
0
0
0
0
0
0
0
0
0
0
0
0
0
0
0
0
0
0
0
0
0
0
0
0
0
0
0
0
0
0
0
0
0
0
0
0
0
0
0
0
0
0
0
0
0
0
0
0
0
0
0
0
0
0
0
0
0
0
0
0
0
0
0
0
0
0
0
0
0
0
0
0
0
0
0
0
0
0
0
0
0
0
0
0
0
0
0
0
0
0
0
0
0
0
0
0
0
0
0
0
0
0
0
0
0
0
0
0
0
0
0
0
0
0
0
0
0
0
0
0
0
0
0
0
0
0
0
0
0
0
0
0
0
0
0
0
0
0
0
0
0
0
0
0
0
0
0
0
0
0
0
0
0
0
0
0
0
0
0
0
0
0
0
0
0
0
0
0
0
0
0
0
0
0
0
0
0
0
0
0
0
0
0
0
0
0
0
0
0
0
0
0
0
0
0
0
0
0
0
0
0
0
0
0
0
0
0
0
0
0
0
0
0
0
0
0
0
0
0
0
0
0
0
0
0
0
0
0
0
0
0
0
0
0
0
0
0
0
0
0
0
0
0
0
0
0
0
0
0
0
0
0
0
0
0
0
0
0
0
0
0
0
0
0
0
0
0
0
0
0
0
0
0
0
0
0
0
0
0
0
0
0
0
0
0
0
0
0
0
0
0
0
0
0
0
0
0
0
0
0
0
0
0
0
0
0
0
0
0
0
0
0
0
0
0
0
0
0
0
0
0
0
0
0
0
0
0
0
0
0
0
0
0
0
0
0
0
0
0
0
0
0
0
0
0
0
0
0
0
0
0
0
0
0
0
0
0
0
0
0
0
0
0
0
0
0
0
0
0
0
0
0
0
0
0
0
0
0
0
0
0
0
0
0
0
0
0
0
0
0
0
0
0
0
0
0
0
0
0
0
0
0
0
0
0
0
0
0
0
0
0
0
0
0
0
0
0
0
0
0
0
0
0
0
0
0
0
0
0
0
0
0
0
0
0
0
0
0
0
0
0
0
0
0
0
0
0
0
0
0
0
0
0
0
0
0
0
0
0
0
0
0
0
0
0
0
0
0
0
0
0
0
0
0
0
0
0
0
0
0
0
0
0
0
0
0
0
0
0
0
0
0
0
0
0
0
0
0
0
0
0
0
0
0
0
0
0
0
0
0
0
0
0
0
0
0
0
0
0
0
0
0
0
0
0
0
0
0
0
0
0
0
0
0
0
0
0
0
0
0
0
0
0
0
0
0
0
0
0
0
0
0
0
0
0
0
0
0
0
0
0
0
0
0
0
0
0
0
0
0
0
0
0
0
0
0
0
0
0
0
0
0
0
0
0
0
0
0
0
0
0
0
0
0
0
0
0
0
0
0
0
0
0
0
0
0
0
0
0
0
0
0
0
0
0
0
0
0
0
0
0
0
0
0
0
0
0
0
0
0
0
0
0
0
0
0
0
0
0
0
0
0
0
0
0
0
0
0
0
0
0
0
0
0
0
0
0
0
0
0
0
0
0
0
0
0
0
0
0
0
0
0
0
0
0
0
0
0
0
0
0
0
0
0
0
0
0
0
0
0
0
0
0
0
0
0
0
0
0
0
0
0
0
0
0
0
0
0
0
0
0
0
0
0
0
0
0
0
0
0
0
0
0
0
0
0
0
0
0
0
0
0
0
0
0
0
0
0
0
0
0
0
0
0
0
0
0
0
0
0
0
0
0
0
0
0
0
0
0
0
0
0
0
0
0
0
0
0
0
0
0
0
0
0
0
0
0
0
0
0
0
0
0
0
0
0
0
0
0
0
0
0
0
0
0
0
0
0
0
0
0
0
0
0
0
0
0
0
0
0
0
0
0
0
0
0
0
0
0
0
0
0
0
0
0
0
0
0
0
0
0
0
0
0
0
0
0
0
0
0
0
0
0
0
0
0
0
0
0
0
0
0
0
0
0
0
0
0
0
0
0
0
0
0
0
0
0
0
0
0
0
0
0
0
0
0
0
0
0
0
0
0
0
0
0
0
0
0
0
0
0
0
0
0
0
0
0
0
0
0
0
0
0
0
0
0
0
0
0
0
0
0
0
0
0
0
0
0
0
0
0
0
0
0
0
0
0
0
0
0
0
0
0
0
0
0
0
0
0
0
0
0
0
0
0
0
0
0
0
0
0
0
0
0
0
0
0
0
0
0
0
0
0
0
0
0
0
0
0
0
0
0
0
0
0
0
0
0
0
0
0
0
0
0
0
0
0
0
0
0
0
0
0
0
0
0
0
0
0
0
0
0
0
0
0
0
0
0
0
0
0
0
0
0
0
0
0
0
0
0
0
0
0
0
0
0
0
0
0
0
0
0
0
0
0
0
0
0
0
0
0
0
0
0
0
0
0
0
0
0
0
0
0
0
0
0
0
0
0
0
0
0
0
0
0
0
0
0
0
0
0
0
0
0
0
0
0
0
0
0
0
0
0
0
0
0
0
0
0
0
0
0
0
0
0
0
0
0
0
0
0
0
0
0
0
0
0
0
0
0
0
0
0
0
0
0
0
0
0
0
0
0
0
0
0
0
0
0
0
0
0
0
0
0
0
0
0
0
0
0
0
0
0
0
0
0
0
0
0
0
0
0
0
0
0
0
0
0
0
0
0
0
0
0
0
0
0
0
0
0
0
0
0
0
0
0
0
0
0
0
0
0
0
0
0
0
0
0
0
0
0
0
0
0
0
0
0
0
0
0
0
0
0
0
0
0
0
0
0
0
0
0
0
0
0
0
0
0
0
0
0
0
0
0
0
0
0
0
0
0
0
0
0
0
0
0
0
0
0
0
0
0
0
0
0
0
0
0
0
0
0
0
0
0
0
0
0
0
0
0
0
0
0
0
0
0
