-74
360
-3140
-1991
-3543
-1938
-2314
32
1170
-3612
-2610
-2625
-2451
-564
-1
231
-291
6
-1091
-1473
1671
-2157
-15937
-358
738
-987
-2342
-1065
-3039
-16755
-53
465
-235
-444
-2465
-3919
-3967
-2660
-2931
-183
-45
-2819
-4545
-3366
-2812
-733
-68
-220
-124
-258
-1655
-2669
2833
-2816
-15154
-195
-767
-2478
-2926
217
-2565
-16262
8
-902
-108
-29
-1871
-3272
-2385
-1854
-2226
-215
549
-2589
-4129
-1603
-2672
-543
-63
615
12
217
1342
-1729
-815
-2133
-16896
-36
885
370
-2729
-2205
-2278
-18196
-180
717
-78
771
-2933
-1444
-1160
-1794
-2883
-237
1736
-3617
-2333
-2298
-2811
-890
-127
1847
-82
1745
481
-2353
-3717
-2675
-19785
34
2139
-777
-2962
-3238
-2961
-22314
-114
2011
-120
1626
-3574
830
-2188
-2350
-3811
-285
2085
-3055
226
-3213
-2911
-1013
-167
2101
-36
109
-1346
-4314
-5683
-3815
-12554
137
-1247
-3489
-3959
-4773
-3574
-19093
178
-564
-144
981
-2174
-74
-1429
-1394
-1983
-242
685
-2851
-1029
-2375
-2568
195
-61
1323
108
-261
-85
-2731
-3046
-1960
-14999
-85
-976
-2407
-3022
-3261
-3076
-16091
86
-16
-147
26
-1678
183
-1255
-732
-1111
-172
36
-2441
-668
-905
-1487
-241
84
306
98
-290
662
-1809
-1622
-988
-15189
-26
176
-621
-1143
-2326
-1972
-16051
8
93
-137
-36
-1621
59
-438
-1396
-1650
-159
217
-2261
-892
-767
-2086
-1308
-125
-249
-38
-576
-425
-1904
-2538
-1511
-15146
-25
-18
-1019
-494
-3434
-2177
-15754
57
-643
-18
723
-3980
-3918
-5333
-2922
-3273
-8
1434
-4357
-4911
-3730
-3677
-453
-110
1038
-210
-172
-1456
-2468
3291
-3255
-17160
-106
-50
-1747
-3296
-339
-4546
-16166
-8
216
-209
1059
-3586
-4950
-5129
-3789
-3304
-371
414
-4464
-5097
-4902
-4164
-374
-117
1009
-86
-1026
-1849
-3423
5161
-3259
-22586
-13
-1484
-3308
-3576
1811
-3829
-21940
151
-1619
-219
1268
-3706
-4097
-3974
-3924
-3151
-436
1809
-6480
-4736
-4836
-5347
-221
-128
2648
7
-78
-469
-3853
3287
-3508
-25249
87
1628
-3153
-4878
-142
-4755
-19558
200
1706
-203
110
-4581
-3077
-3981
-4156
-3707
-390
-575
-7186
-3363
-5402
-5695
-1509
-152
348
-38
1580
-1519
-3932
2137
-3839
-23819
128
1757
-3380
-5370
343
-5655
-19244
96
1072
-237
-1639
-4197
-672
-2924
-3175
-4171
-308
-1913
-5458
-1888
-4404
-4790
601
-238
-651
-42
575
-2989
-4898
-1276
-3959
-17966
190
-946
-6112
-5736
-3040
-5013
-18966
132
-875
-284
-915
-1796
-54
-1387
-1461
-2131
-258
-969
-4879
-3290
-4171
-4922
3632
-220
-138
80
-259
-1546
-2593
-1877
-1878
-20054
24
-1058
-6449
-5387
-4423
-5014
-12722
152
-447
-149
-48
-1830
283
-1609
-920
-1126
-4
480
-4085
-1619
-3502
-2891
2619
59
1027
68
119
216
-1421
-989
-965
-24147
-66
234
-3185
-2612
-3288
-3497
-19759
7
-347
-14
-237
-1143
-396
-1166
-1224
-1330
129
82
-1737
-1710
-2096
-2055
968
-56
-239
-217
-572
602
-1338
-1686
-1135
-17282
-71
-235
-982
-402
-3238
-2088
-18005
33
-904
-2
508
-4426
-6109
-4998
-5171
-5157
-106
1169
-4038
-7050
-4280
-4393
75
-57
1231
-81
1146
-4073
-4275
4018
-5013
-14236
132
1384
-3648
-3761
-172
-5111
-17155
171
831
-65
3095
-5328
-6786
-6739
-5735
-4717
-206
4027
-6577
-7479
-6220
-6107
-466
72
1899
-111
-102
-4157
-4861
8455
-4725
-29111
84
-1168
-5971
-4706
3069
-5774
-25467
155
-753
-144
790
-5360
-5836
-6626
-5713
-5188
-274
936
-8020
-6326
-7088
-6585
-733
-35
-145
-60
-340
-5746
-5913
8287
-5325
-14687
104
101
-8131
-6488
2694
-6548
-7571
110
316
-189
588
-4011
-3514
-3081
-2426
-2882
-361
593
-6085
-3899
-4683
-4111
436
-97
324
60
-708
-3887
-3309
4144
-2966
-26556
174
-36
-6186
-4404
573
-4593
-19930
216
-769
-244
412
-4839
-2436
-4023
-4727
-5058
-414
1421
-4871
-3022
-5632
-4260
1036
-103
1836
-66
790
-4659
-5788
1424
-5033
-15320
2
-416
-6457
-4973
-987
-4908
-20480
66
-628
-241
-12
-2291
483
-2585
-1918
-2366
-225
1032
-4495
-1913
-4889
-4358
3577
-134
722
38
446
-1906
-3226
-718
-2292
-24728
-60
-1366
-6404
-4848
-3607
-3972
-22778
83
-683
-130
322
-2319
1066
-2358
-1250
-1883
-48
321
-4551
-1799
-3733
-3250
3464
-12
472
88
402
-1249
-2375
-1283
-1708
-16545
-8
485
-5152
-2841
-4014
-3782
-13931
-83
1140
-33
-256
-1299
813
-1901
-1532
-1668
82
-157
-2998
-1261
-3066
-3433
1490
-80
-292
-158
-1046
-653
-2049
-1597
-1450
-21762
-118
-8
-3210
-1722
-4938
-3299
-19474
-76
-392
-180
90
-3840
-5053
-2749
-5616
-5190
16
226
-4178
-5458
-4551
-5132
-1308
-3
-94
-114
4398
-7315
-6109
4273
-4838
-18779
289
6051
-7666
-4675
131
-5330
-18424
245
4038
-129
845
-14112
-13252
-12955
-15084
-14248
82
872
-6972
-8387
-8043
-5668
-5062
300
202
-293
113
-14611
-15345
14663
-14132
18352
267
-1121
-8387
-5359
7892
-6746
-16677
310
-927
146
633
-6442
-6531
-5136
-5840
-5216
37
238
-7082
-4935
-4156
-4601
-1518
93
-79
20
-2896
-6045
-4763
7518
-5032
-24918
59
-3625
-6097
-2934
1857
-2944
-28821
102
-1767
-25
-652
-5253
-5584
-3437
-4915
-4914
-219
206
-6769
-5951
-4534
-4803
-758
-83
52
86
-652
-5928
-4874
4212
-4922
-12629
178
477
-6034
-4440
124
-4971
-10507
133
600
-231
-637
-5130
-3086
-4269
-5505
-5459
-358
-5
-6773
-4375
-7445
-6030
734
-131
-40
-134
608
-6066
-6216
3041
-5207
-18152
62
-669
-8051
-7009
-722
-6320
-16542
81
-782
-246
-336
-4591
-1103
-4688
-4132
-3554
-246
189
-6348
-2187
-6074
-5265
1421
-77
-315
7
238
-3569
-4417
3485
-3455
-20813
12
-1897
-6659
-5629
-6
-5000
-19555
258
-799
-116
-292
-1919
1205
-1268
-1036
-1191
-47
366
-5081
-1891
-3719
-3797
3584
-19
-185
194
-121
-1570
-1627
31
-993
-22456
15
-261
-5513
-3379
-3211
-3932
-14999
45
470
9
-108
-1464
634
-1558
-1781
-1918
149
79
-3868
-1602
-3991
-4110
2216
-45
-818
-115
-1171
-824
-2216
-2005
-1738
-19047
-127
29
-3877
-2845
-5226
-4394
-14414
-78
-249
-140
-1452
-1670
-3587
-2014
-2831
-3234
-52
-3056
-2519
-4567
-2495
-3724
-1600
-17
-1958
-126
2159
-4469
-4352
2214
-3260
-13571
83
2694
-4488
-3148
230
-3875
-12423
118
1850
46
-4575
-5766
-6113
-3706
-4274
-4690
152
-6903
-5171
-6247
-2734
-3990
-2090
64
-3237
-35
265
-5032
-4602
5727
-4447
-20652
188
-1166
-3687
-3897
2571
-3657
-21436
91
-645
352
-97
-3997
-5479
-4172
-3765
-3443
65
-942
-4370
-5808
-3172
-4086
-2285
96
-212
235
-435
-2925
-2219
4229
-3198
-22184
103
-1204
-3397
-2816
1541
-2940
-18987
131
-757
341
519
-5000
-5844
-3706
-4874
-4339
-41
-341
-5326
-5500
-3432
-4032
-1074
36
397
130
-956
-4304
-3054
4202
-4208
-22853
-46
-292
-4130
-3820
858
-3512
-23516
12
-471
30
-210
-3623
-3724
-2640
-4678
-4078
-315
-406
-5065
-4667
-4024
-4923
336
87
427
-162
-410
-5143
-4174
3513
-4182
-18384
-41
-410
-6626
-4829
402
-4905
-15629
23
10
-163
-1468
-2194
-1571
-1291
-2387
-1839
-227
-1497
-5143
-3718
-3389
-4975
1444
-7
-1719
-41
-6
-2526
-1943
1862
-1863
-25943
77
-1186
-5536
-4856
-710
-4294
-16590
209
-146
-84
-591
-1089
-426
607
-620
-852
49
-247
-4132
-3869
-1733
-3597
4348
62
-456
158
787
-1142
-1316
-379
-562
-22890
67
170
-5257
-3331
-3243
-3538
-15124
87
-264
76
-114
-2169
-884
-682
-1246
-2063
237
166
-3236
-2338
-2106
-2593
2500
-81
-653
-63
-1286
-684
-1803
-2230
-1876
-15805
-151
3
-2947
-1972
-4055
-3215
-16822
-75
53
-54
-213
-2781
-1296
-3091
-2766
-2877
3
910
-3019
-2233
-2718
-2989
-2681
11
433
-242
-112
-1772
-2966
-168
-2684
-11854
-207
212
343
-2368
-1682
-3053
-13959
24
153
-48
-714
-2388
-2110
-2615
-2707
-2329
-166
-1237
-3514
-3337
-2494
-3657
-4106
104
-1602
30
1071
-1171
-2398
-92
-2307
-13736
-67
-23
-413
-3478
-630
-3252
-10546
-51
488
201
-281
-2847
-4933
-3138
-3230
-2751
61
-135
-2749
-4941
-3221
-3034
-2351
10
-744
119
1214
-676
-2386
1371
-2545
-25299
123
1668
503
-3308
-232
-2567
-27361
124
1220
-35
3032
-8172
-8158
-9854
-10100
-8343
79
5110
-6964
-6994
-8611
-6571
-3237
194
3088
-75
731
-8404
-8130
10670
-8248
-7496
238
970
-6899
-6692
5316
-6933
-13479
310
842
-40
928
-7094
-5925
-8225
-7885
-6278
-91
1829
-8410
-6335
-8437
-7113
-1068
145
964
-168
-2378
-7120
-6078
9562
-6319
-20227
112
-1619
-8915
-7119
5308
-7129
-16824
185
-783
-268
95
-4040
-2790
-2758
-4863
-3919
-118
940
-4357
-3255
-2756
-4530
-127
112
418
-152
-2069
-4324
-2757
1639
-3801
-19962
-41
-3155
-5987
-3966
-491
-4228
-22055
194
-1732
-265
-987
-3046
-134
161
-2719
-2902
-60
541
-3801
-2512
-571
-2919
2605
54
204
84
536
-3200
-3095
-1557
-2620
-12812
-18
173
-5311
-2611
-3501
-3017
-15807
149
-107
-53
-886
-2404
-665
-1367
-1702
-2460
115
-433
-3157
-2614
-1825
-2500
2253
-28
-881
-49
-1045
-2126
-2500
-984
-2224
-15802
-91
-231
-3499
-1809
-3807
-3033
-18068
7
-310
-37
663
-3717
-4126
-4721
-4500
-3823
-19
1345
-3843
-4000
-5062
-4541
-3399
110
769
-330
-237
-1593
-4216
2952
-3740
-14279
-128
296
-235
-4217
413
-3991
-15170
-24
527
-281
649
-2396
-2156
-2147
-3881
-3035
-160
341
-3369
-3031
-2842
-4747
-4883
-18
280
-78
161
-628
-3993
-1352
-2923
-17073
-61
-182
-78
-4607
-1944
-3625
-15799
19
-272
-346
-1178
-2646
-3517
-2290
-3968
-2971
-117
-1012
-4484
-4498
-3056
-5334
-3164
-100
-936
71
2229
-1940
-4019
748
-2758
-25008
201
2921
-2211
-5681
-1589
-4211
-20551
206
1386
-368
-1413
-16215
-14088
-15651
-16233
-15592
69
-1622
-9066
-8431
-9903
-6546
-7021
206
-1005
-347
1126
-14328
-16217
15135
-15306
18185
347
1155
-7555
-7455
8656
-7614
-17478
392
1152
-181
-840
-9625
-7169
-10373
-9530
-8632
-67
-1824
-8968
-7454
-7228
-7185
-2132
78
17
-219
-3840
-10378
-8739
11825
-8241
-13950
120
-4613
-9653
-5637
3955
-6304
-20074
205
-3138
-209
-516
-4687
-3147
-2803
-5042
-3996
-146
-2516
-5224
-3392
-1412
-4075
171
183
-552
-93
-1952
-4704
-2386
2145
-3830
-19872
-303
-2940
-6251
-1745
-1615
-3280
-23195
149
-1466
-384
-1524
-2278
-1851
-185
-2534
-2367
-217
-1778
-3725
-3591
-997
-2786
3252
9
-659
34
-466
-2954
-2609
805
-2231
-15532
-78
-57
-5314
-2272
-2387
-2437
-16548
172
-333
-212
-1465
-1331
-1485
-2248
-2136
-2085
-121
-655
-3285
-4636
-2731
-3763
3280
-115
-306
-183
-574
-1720
-2863
1471
-1839
-19248
-82
-324
-4304
-2680
-3577
-3724
-15339
-55
-129
-166
-289
-2633
-5490
-3191
-4961
-4378
-171
-350
-1857
-5342
-4395
-4581
-3284
15
-337
-270
-734
-3279
-5550
2581
-4382
-13458
11
347
-2135
-3955
-492
-4394
-15908
10
-165
-324
-1190
-2210
-3059
-1472
-3149
-2698
-292
-563
-1883
-3298
-2233
-3389
-1837
-183
-90
-155
-1008
-3122
-4550
2305
-2490
-22061
149
-900
-2821
-3414
-567
-2817
-25150
23
-665
-306
-396
-2582
-2373
-947
-2712
-2467
-212
-408
-2608
-2984
-791
-3490
-1150
-256
-455
-17
-1226
-3295
-3797
1568
-2456
-15255
100
-823
-3969
-3388
-941
-2986
-16527
176
-45
-210
-1550
-2682
-3796
-1307
-1148
-2044
-107
-2802
-4602
-5406
-1093
-4383
-2304
-159
-2371
-36
483
-3083
-2619
2579
-2113
-27151
67
443
-3756
-4107
-977
-3677
-16126
234
808
-122
-969
-2971
-4441
-2660
-1531
-2882
-152
-1903
-2631
-4744
-2504
-3044
-3038
-46
-2088
-138
-973
-4802
-2736
3951
-2776
-26698
67
-1334
-3377
-3184
453
-2755
-23591
259
-603
-156
-852
-1936
-2796
956
-1206
-1788
-203
-836
-2006
-2916
-260
-2161
-294
-13
-1379
-37
-309
-3760
-1217
-41
-1749
-16180
-226
-657
-3876
-1819
-1881
-2066
-15786
84
-683
-430
-512
-1476
-1956
264
-901
-1078
-386
-133
-2405
-2856
-1292
-1813
2179
-174
-425
12
-572
-2109
-1451
1271
-947
-18981
-89
226
-3409
-1973
-1414
-1689
-19191
37
-39
-380
-589
-1736
-3166
-2465
-2406
-2610
-365
-335
-2416
-4238
-3185
-3152
1056
-137
246
-232
-499
-2393
-3181
1947
-2513
-17201
-168
172
-3643
-3023
-2380
-3652
-17036
71
253
0
0
0
0
0
0
0
0
0
0
0
-2082
-2479
-3295
-1469
-2048
0
0
0
0
0
0
0
0
0
0
0
-695
-1707
610
-2112
-12351
0
0
0
0
0
0
0
0
0
0
0
-1931
-2788
-2297
-1496
-1425
0
0
0
0
0
0
0
0
0
0
0
-779
-1904
2340
-1350
-18573
0
0
0
0
0
0
0
0
0
0
0
-1715
-3299
-1735
-1785
-1951
0
0
0
0
0
0
0
0
0
0
0
1076
-1629
-1639
-2019
-13774
0
0
0
0
0
0
0
0
0
0
0
-1698
-1787
-1082
-1644
-1872
0
0
0
0
0
0
0
0
0
0
0
594
-804
-3594
-1975
-20236
0
0
0
0
0
0
0
0
0
0
0
-2210
-79
-1493
-889
-2497
0
0
0
0
0
0
0
0
0
0
0
-760
-2342
-4181
-2342
-16499
0
0
0
0
0
0
0
0
0
0
0
-1483
-656
-1003
123
-1334
0
0
0
0
0
0
0
0
0
0
0
-200
-1413
-2036
-1262
-16710
0
0
0
0
0
0
0
0
0
0
0
-1283
-509
-970
-13
-859
0
0
0
0
0
0
0
0
0
0
0
250
-509
-1236
-712
-15248
0
0
0
0
0
0
0
0
0
0
0
-1396
-686
-12
-316
-1175
0
0
0
0
0
0
0
0
0
0
0
299
-875
-2852
-1062
-15139
0
0
0
0
0
0
0
0
0
0
0
-2640
-3677
-4732
-2706
-3174
0
0
0
0
0
0
0
0
0
0
0
-1894
-1647
740
-3141
-12628
0
0
0
0
0
0
0
0
0
0
0
-1619
-4251
-4487
-3791
-2743
0
0
0
0
0
0
0
0
0
0
0
-2628
-2382
4202
-2672
-20393
0
0
0
0
0
0
0
0
0
0
0
-1317
-3624
-2703
-3257
-2262
0
0
0
0
0
0
0
0
0
0
0
-824
-1941
1757
-2332
-24770
0
0
0
0
0
0
0
0
0
0
0
-1519
-2761
-3226
-3360
-2473
0
0
0
0
0
0
0
0
0
0
0
-1787
-1307
889
-2417
-24795
0
0
0
0
0
0
0
0
0
0
0
-1819
-314
-2217
-1881
-2446
0
0
0
0
0
0
0
0
0
0
0
-2552
-2193
-2044
-2321
-21271
0
0
0
0
0
0
0
0
0
0
0
-2197
-842
-1296
-554
-2465
0
0
0
0
0
0
0
0
0
0
0
-2169
-2133
-2700
-2257
-14921
0
0
0
0
0
0
0
0
0
0
0
-1774
-540
-1904
-40
-1647
0
0
0
0
0
0
0
0
0
0
0
-753
-528
-1463
-1331
-20488
0
0
0
0
0
0
0
0
0
0
0
-1678
-684
-1104
-890
-1259
0
0
0
0
0
0
0
0
0
0
0
1554
-545
-2292
-1137
-15026
0
0
0
0
0
0
0
0
0
0
0
-2610
-3669
-2906
-3679
-3089
0
0
0
0
0
0
0
0
0
0
0
-2675
-1740
1032
-3151
-20329
0
0
0
0
0
0
0
0
0
0
0
-3203
-5685
-5889
-5489
-4603
0
0
0
0
0
0
0
0
0
0
0
-4756
-3070
4483
-4430
-24416
0
0
0
0
0
0
0
0
0
0
0
-2628
-5147
-4360
-5624
-4024
0
0
0
0
0
0
0
0
0
0
0
-5494
-3709
5899
-3958
-14978
0
0
0
0
0
0
0
0
0
0
0
-2347
-5997
-5443
-3936
-5312
0
0
0
0
0
0
0
0
0
0
0
-7316
-3781
2281
-5323
-10659
0
0
0
0
0
0
0
0
0
0
0
-1180
-1173
-3011
-3725
-2863
0
0
0
0
0
0
0
0
0
0
0
-4038
-2843
936
-2720
-21686
0
0
0
0
0
0
0
0
0
0
0
-1941
-135
-2259
-1242
-2369
0
0
0
0
0
0
0
0
0
0
0
-2035
-2708
-1054
-2284
-21026
0
0
0
0
0
0
0
0
0
0
0
-2506
142
-1477
-1089
-2124
0
0
0
0
0
0
0
0
0
0
0
-1808
-1941
-834
-2003
-13695
0
0
0
0
0
0
0
0
0
0
0
-1865
244
-1003
-1040
-1486
0
0
0
0
0
0
0
0
0
0
0
768
-1512
-1894
-1277
-19330
0
0
0
0
0
0
0
0
0
0
0
-4014
-3920
-1027
-4915
-3852
0
0
0
0
0
0
0
0
0
0
0
-4615
-4664
2656
-4007
-20639
0
0
0
0
0
0
0
0
0
0
0
-8364
-7564
-6905
-9819
-7636
0
0
0
0
0
0
0
0
0
0
0
-9109
-9294
10318
-7434
-11056
0
0
0
0
0
0
0
0
0
0
0
-2673
-5204
-3595
-4050
-4216
0
0
0
0
0
0
0
0
0
0
0
-6464
-2143
3542
-3773
-27845
0
0
0
0
0
0
0
0
0
0
0
-2257
-5124
-2584
-4815
-3947
0
0
0
0
0
0
0
0
0
0
0
-6250
-2699
3008
-3909
-14106
0
0
0
0
0
0
0
0
0
0
0
-2017
-2203
-3315
-4348
-3305
0
0
0
0
0
0
0
0
0
0
0
-5163
-3738
3029
-3154
-22008
0
0
0
0
0
0
0
0
0
0
0
-3329
-2274
-4011
-4182
-3645
0
0
0
0
0
0
0
0
0
0
0
-4034
-3680
3223
-3564
-14910
0
0
0
0
0
0
0
0
0
0
0
-2379
-602
-1328
-529
-2277
0
0
0
0
0
0
0
0
0
0
0
-2362
-2601
66
-1974
-14867
0
0
0
0
0
0
0
0
0
0
0
-1559
274
-569
-772
-1328
0
0
0
0
0
0
0
0
0
0
0
506
-1877
-1765
-1111
-18803
0
0
0
0
0
0
0
0
0
0
0
-2493
-2640
-433
-1677
-2460
0
0
0
0
0
0
0
0
0
0
0
-2609
-4234
1406
-2325
-15403
0
0
0
0
0
0
0
0
0
0
0
-2929
-5074
-3037
-3009
-3871
0
0
0
0
0
0
0
0
0
0
0
-4997
-4466
2811
-3667
-22116
0
0
0
0
0
0
0
0
0
0
0
-2770
-5639
-3597
-3969
-4074
0
0
0
0
0
0
0
0
0
0
0
-4983
-756
1190
-3833
-16167
0
0
0
0
0
0
0
0
0
0
0
-246
-4361
-2913
-3727
-3290
0
0
0
0
0
0
0
0
0
0
0
-5176
-919
610
-2980
-25739
0
0
0
0
0
0
0
0
0
0
0
-153
-2787
-2472
-3202
-2609
0
0
0
0
0
0
0
0
0
0
0
-4448
-2939
2579
-2309
-21737
0
0
0
0
0
0
0
0
0
0
0
-1789
-2616
-2369
-2239
-2608
0
0
0
0
0
0
0
0
0
0
0
-3609
-2411
2055
-2558
-18355
0
0
0
0
0
0
0
0
0
0
0
-2556
-1871
-485
-249
-2402
0
0
0
0
0
0
0
0
0
0
0
-2216
-2950
-61
-2066
-13749
0
0
0
0
0
0
0
0
0
0
0
-1910
-1264
-942
-851
-2160
0
0
0
0
0
0
0
0
0
0
0
-231
-2274
-2346
-1899
-14153
0
0
0
0
0
0
0
0
0
0
0
-1747
-818
-1886
-1323
-1790
0
0
0
0
0
0
0
0
0
0
0
-514
-1966
-77
-1617
-13962
0
0
0
0
0
0
0
0
0
0
0
-1831
-2080
-902
-1743
-1825
0
0
0
0
0
0
0
0
0
0
0
-1096
-2391
-78
-1786
-13993
0
0
0
0
0
0
0
0
0
0
0
-3349
-5758
-3485
-3759
-4005
0
0
0
0
0
0
0
0
0
0
0
-2758
-1709
-179
-4186
-15726
0
0
0
0
0
0
0
0
0
0
0
-3647
-4963
-6679
-7075
-5024
0
0
0
0
0
0
0
0
0
0
0
-6072
-3990
6403
-4849
-19510
0
0
0
0
0
0
0
0
0
0
0
-2659
-4484
-7358
-6888
-5114
0
0
0
0
0
0
0
0
0
0
0
-6491
-3835
6195
-4799
-21116
0
0
0
0
0
0
0
0
0
0
0
-3479
-2478
-2933
-3600
-3208
0
0
0
0
0
0
0
0
0
0
0
-3576
-1261
1656
-2990
-21522
0
0
0
0
0
0
0
0
0
0
0
-2956
-556
43
-1661
-2383
0
0
0
0
0
0
0
0
0
0
0
-2501
-3024
-259
-2150
-14218
0
0
0
0
0
0
0
0
0
0
0
-1891
-1254
-1126
-1046
-2451
0
0
0
0
0
0
0
0
0
0
0
-1704
-2815
-1282
-2188
-14125
0
0
0
0
0
0
0
0
0
0
0
-3306
-2830
-3212
-3428
-2698
0
0
0
0
0
0
0
0
0
0
0
534
-3094
1882
-2497
-14812
0
0
0
0
0
0
0
0
0
0
0
-3202
-2259
-212
-4602
-2863
0
0
0
0
0
0
0
0
0
0
0
252
-3499
-520
-2743
-12737
0
0
0
0
0
0
0
0
0
0
0
-3675
-3546
-1078
-4070
-2896
0
0
0
0
0
0
0
0
0
0
0
-1124
-3705
1445
-3104
-20824
0
0
0
0
0
0
0
0
0
0
0
-10028
-8700
-8870
-11870
-9229
0
0
0
0
0
0
0
0
0
0
0
-9292
-11371
11384
-9005
-8756
0
0
0
0
0
0
0
0
0
0
0
-6170
-4613
-7348
-6413
-6163
0
0
0
0
0
0
0
0
0
0
0
-8256
-5613
7754
-5769
-22697
0
0
0
0
0
0
0
0
0
0
0
-4030
-2603
-2677
-2894
-3374
0
0
0
0
0
0
0
0
0
0
0
-4494
419
7
-3087
-22859
0
0
0
0
0
0
0
0
0
0
0
-2509
-1061
223
-1555
-1780
0
0
0
0
0
0
0
0
0
0
0
-1902
-1812
530
-1507
-18250
0
0
0
0
0
0
0
0
0
0
0
-1793
-1548
-1349
-1838
-2289
0
0
0
0
0
0
0
0
0
0
0
-1094
-2842
317
-1957
-14881
0
0
0
0
0
0
0
0
0
0
0
-3867
-3289
-1669
-4281
-3075
0
0
0
0
0
0
0
0
0
0
0
-179
-3657
1297
-2925
-15625
0
0
0
0
0
0
0
0
0
0
0
-3335
-2666
-829
-4542
-3206
0
0
0
0
0
0
0
0
0
0
0
-1940
-4424
2305
-3013
-15455
0
0
0
0
0
0
0
0
0
0
0
-3101
-1846
431
-2922
-2537
0
0
0
0
0
0
0
0
0
0
0
-2412
-3791
1737
-2345
-13253
0
0
0
0
0
0
0
0
0
0
0
-2613
-3564
-251
-1691
-2916
0
0
0
0
0
0
0
0
0
0
0
-3546
-3766
1360
-2827
-20483
0
0
0
0
0
0
0
0
0
0
0
-2782
-3656
-2190
-1046
-2985
0
0
0
0
0
0
0
0
0
0
0
-4382
-3083
2253
-2734
-24270
0
0
0
0
0
0
0
0
0
0
0
-2590
-2537
977
-1172
-2123
0
0
0
0
0
0
0
0
0
0
0
-3623
-709
-1153
-2068
-13654
0
0
0
0
0
0
0
0
0
0
0
-2031
-1718
210
-793
-1587
0
0
0
0
0
0
0
0
0
0
0
-2002
-1051
125
-1330
-16232
0
0
0
0
0
0
0
0
0
0
0
-2122
-2168
-1817
-2467
-2083
0
0
0
0
0
0
0
0
0
0
0
-818
-2587
1522
-1858
-16794
0
0
0
0
0
0
0
0
0
0
0
0
0
0
0
0
0
0
0
0
0
0
0
0
0
0
0
0
0
0
0
0
0
0
0
0
0
0
0
0
0
0
0
0
0
0
0
0
0
0
0
0
0
0
0
0
0
0
0
0
0
0
0
0
0
0
0
0
0
0
0
0
0
0
0
0
0
0
0
0
0
0
0
0
0
0
0
0
0
0
0
0
0
0
0
0
0
0
0
0
0
0
0
0
0
0
0
0
0
0
0
0
0
0
0
0
0
0
0
0
0
0
0
0
0
0
0
0
0
0
0
0
0
0
0
0
0
0
0
0
0
0
0
0
0
0
0
0
0
0
0
0
0
0
0
0
0
0
0
0
0
0
0
0
0
0
0
0
0
0
0
0
0
0
0
0
0
0
0
0
0
0
0
0
0
0
0
0
0
0
0
0
0
0
0
0
0
0
0
0
0
0
0
0
0
0
0
0
0
0
0
0
0
0
0
0
0
0
0
0
0
0
0
0
0
0
0
0
0
0
0
0
0
0
0
0
0
0
0
0
0
0
0
0
0
0
0
0
0
0
0
0
0
0
0
0
0
0
0
0
0
0
0
0
0
0
0
0
0
0
0
0
0
0
0
0
0
0
0
0
0
0
0
0
0
0
0
0
0
0
0
0
0
0
0
0
0
0
0
0
0
0
0
0
0
0
0
0
0
0
0
0
0
0
0
0
0
0
0
0
0
0
0
0
0
0
0
0
0
0
0
0
0
0
0
0
0
0
0
0
0
0
0
0
0
0
0
0
0
0
0
0
0
0
0
0
0
0
0
0
0
0
0
0
0
0
0
0
0
0
0
0
0
0
0
0
0
0
0
0
0
0
0
0
0
0
0
0
0
0
0
0
0
0
0
0
0
0
0
0
0
0
0
0
0
0
0
0
0
0
0
0
0
0
0
0
0
0
0
0
0
0
0
0
0
0
0
0
0
0
0
0
0
0
0
0
0
0
0
0
0
0
0
0
0
0
0
0
0
0
0
0
0
0
0
0
0
0
0
0
0
0
0
0
0
0
0
0
0
0
0
0
0
0
0
0
0
0
0
0
0
0
0
0
0
0
0
0
0
0
0
0
0
0
0
0
0
0
0
0
0
0
0
0
0
0
0
0
0
0
0
0
0
0
0
0
0
0
0
0
0
0
0
0
0
0
0
0
0
0
0
0
0
0
0
0
0
0
0
0
0
0
0
0
0
0
0
0
0
0
0
0
0
0
0
0
0
0
0
0
0
0
0
0
0
0
0
0
0
0
0
0
0
0
0
0
0
0
0
0
0
0
0
0
0
0
0
0
0
0
0
0
0
0
0
0
0
0
0
0
0
0
0
0
0
0
0
0
0
0
0
0
0
0
0
0
0
0
0
0
0
0
0
0
0
0
0
0
0
0
0
0
0
0
0
0
0
0
0
0
0
0
0
0
0
0
0
0
0
0
0
0
0
0
0
0
0
0
0
0
0
0
0
0
0
0
0
0
0
0
0
0
0
0
0
0
0
0
0
0
0
0
0
0
0
0
0
0
0
0
0
0
0
0
0
0
0
0
0
0
0
0
0
0
0
0
0
0
0
0
0
0
0
0
0
0
0
0
0
0
0
0
0
0
0
0
0
0
0
0
0
0
0
0
0
0
0
0
0
0
0
0
0
0
0
0
0
0
0
0
0
0
0
0
0
0
0
0
0
0
0
0
0
0
0
0
0
0
0
0
0
0
0
0
0
0
0
0
0
0
0
0
0
0
0
0
0
0
0
0
0
0
0
0
0
0
0
0
0
0
0
0
0
0
0
0
0
0
0
0
0
0
0
0
0
0
0
0
0
0
0
0
0
0
0
0
0
0
0
0
0
0
0
0
0
0
0
0
0
0
0
0
0
0
0
0
0
0
0
0
0
0
0
0
0
0
0
0
0
0
0
0
0
0
0
0
0
0
0
0
0
0
0
0
0
0
0
0
0
0
0
0
0
0
0
0
0
0
0
0
0
0
0
0
0
0
0
0
0
0
0
0
0
0
0
0
0
0
0
0
0
0
0
0
0
0
0
0
0
0
0
0
0
0
0
0
0
0
0
0
0
0
0
0
0
0
0
0
0
0
0
0
0
0
0
0
0
0
0
0
0
0
0
0
0
0
0
0
0
0
0
0
0
0
0
0
0
0
0
0
0
0
0
0
0
0
0
0
0
0
0
0
0
0
0
0
0
0
0
0
0
0
0
0
0
0
0
0
0
0
0
0
0
0
0
0
0
0
0
0
0
0
0
0
0
0
0
0
0
0
0
0
0
0
0
0
0
0
0
0
0
0
0
0
0
0
0
0
0
0
0
0
0
0
0
0
0
0
0
0
0
0
0
0
0
0
0
0
0
0
0
0
0
0
0
0
0
0
0
0
0
0
0
0
0
0
0
0
0
0
0
0
0
0
0
0
0
0
0
0
0
0
0
0
0
0
0
0
0
0
0
0
0
0
0
0
0
0
0
0
0
0
0
0
0
0
0
0
0
0
0
0
0
0
0
0
0
0
0
0
0
0
0
0
0
0
0
0
0
0
0
0
0
0
0
0
0
0
0
0
0
0
0
0
0
0
0
0
0
0
0
0
0
0
0
0
0
0
0
0
0
0
0
0
0
0
0
0
0
0
0
0
0
0
0
0
0
0
0
0
0
0
0
0
0
0
0
0
0
0
0
0
0
0
0
0
0
0
0
0
0
0
0
0
0
0
0
0
0
0
0
0
0
0
0
0
0
0
0
0
0
0
0
0
0
0
0
0
0
0
0
0
0
0
0
0
0
0
0
0
0
0
0
0
0
0
0
0
0
0
0
0
0
0
0
0
0
0
0
0
0
0
0
0
0
0
0
0
0
0
0
0
0
0
0
0
0
0
0
0
0
0
0
0
0
0
0
0
0
0
0
0
0
0
0
0
0
0
0
0
0
0
0
0
0
0
0
0
0
0
0
0
0
0
0
0
0
0
0
0
0
0
0
0
0
0
0
0
0
0
0
0
0
0
0
0
0
0
0
0
0
0
0
0
0
0
0
0
0
0
0
0
0
0
0
0
0
0
0
0
0
0
0
0
0
0
0
0
0
0
0
0
0
0
0
0
0
0
0
0
0
0
0
0
0
0
0
0
0
0
0
0
0
0
0
0
0
0
0
0
0
0
0
0
0
0
0
0
0
0
0
0
0
0
0
0
0
0
0
0
0
0
0
0
0
0
0
0
0
0
0
0
0
0
0
0
0
0
0
0
0
0
0
0
0
0
0
0
0
0
0
0
0
0
0
0
0
0
0
0
0
0
0
0
0
0
0
0
0
0
0
0
0
0
0
0
0
0
0
0
0
0
0
0
0
0
0
0
0
0
0
0
0
0
0
0
0
0
0
0
0
0
0
0
0
0
0
0
0
0
0
0
0
0
0
0
0
0
0
0
0
0
0
0
0
0
0
0
0
0
0
0
0
0
0
0
0
0
0
0
0
0
0
0
0
0
0
0
0
0
0
0
0
0
0
0
0
0
0
0
0
0
0
0
0
0
0
0
0
0
0
0
0
0
0
0
0
0
0
0
0
0
0
0
0
0
0
0
0
0
0
0
0
0
0
0
0
0
0
0
0
0
0
0
0
0
0
0
0
0
0
0
0
0
0
0
0
0
0
0
0
0
0
0
0
0
0
0
0
0
0
0
0
0
0
0
0
0
0
0
0
0
0
0
0
0
0
0
0
0
0
0
0
0
0
0
0
0
0
0
0
0
0
0
0
0
0
0
0
0
0
0
0
0
0
0
0
0
0
0
0
0
0
0
0
0
0
0
0
0
0
0
0
0
0
0
0
0
0
0
0
0
0
0
0
0
0
0
0
0
0
0
0
0
0
0
0
0
0
0
0
0
0
0
0
0
0
0
0
0
0
0
0
0
0
0
0
0
0
0
0
0
0
0
0
0
0
0
0
0
0
0
0
0
0
0
0
0
0
0
0
0
0
0
0
0
0
0
0
0
0
0
0
0
0
0
0
0
0
0
0
0
0
0
0
0
0
0
0
0
0
0
0
0
0
0
0
0
0
0
0
0
0
0
0
0
0
0
0
0
0
0
0
0
0
0
0
0
0
0
0
0
0
0
0
0
0
0
0
0
0
0
0
0
0
0
0
0
0
0
0
0
0
0
0
0
0
0
0
0
0
0
0
0
0
0
0
0
0
0
0
0
0
0
0
0
0
0
0
0
0
0
0
0
0
0
0
0
0
0
0
0
0
0
0
0
0
0
0
0
0
0
0
0
0
0
0
0
0
0
0
0
0
0
0
0
0
0
0
0
0
0
0
0
0
0
0
0
0
0
0
0
0
0
0
0
0
0
0
0
0
0
0
0
0
0
0
0
0
0
0
0
0
0
0
0
0
0
0
0
0
0
0
0
0
0
0
0
0
0
0
0
0
0
0
0
0
0
0
0
0
0
0
0
0
0
0
0
0
0
0
0
0
0
0
0
0
0
0
0
0
0
0
0
0
0
0
0
0
0
0
0
0
0
0
0
0
0
0
0
0
0
0
0
0
0
0
0
0
0
0
0
0
0
0
0
0
0
0
0
0
0
0
0
0
0
0
0
0
0
0
0
0
0
0
0
0
0
0
0
0
0
0
0
0
0
0
0
0
0
0
0
0
0
0
0
0
0
0
0
0
0
0
0
0
0
0
0
0
0
0
0
0
0
0
0
0
0
0
0
0
0
0
0
0
0
0
0
0
0
0
0
0
0
0
0
0
0
0
0
0
0
0
0
0
0
0
0
0
0
0
0
0
0
0
0
0
0
0
0
0
0
0
0
0
0
0
0
0
0
0
0
0
0
0
0
0
0
0
0
0
0
0
0
0
0
0
0
0
0
0
0
0
0
0
0
0
0
0
0
0
0
0
0
0
0
0
0
0
0
0
0
0
0
0
0
0
0
0
0
0
0
0
0
0
0
0
0
0
0
0
0
0
0
0
0
0
0
0
0
0
0
0
0
0
0
0
0
0
0
0
0
0
0
0
0
0
0
0
0
0
0
0
0
0
0
0
0
0
0
0
0
0
0
0
0
0
0
0
0
0
0
0
0
0
0
0
0
0
0
0
0
0
0
0
0
0
0
0
0
0
0
0
0
0
0
0
0
0
0
0
0
0
0
0
0
0
0
0
0
0
0
0
0
0
0
0
0
0
0
0
0
0
0
0
0
0
0
0
0
0
0
0
0
0
0
0
0
0
0
0
0
0
0
0
0
0
0
0
0
0
0
0
0
0
0
0
0
0
0
0
0
0
0
0
0
0
0
0
0
0
0
0
0
0
0
0
0
0
0
0
0
0
0
0
0
0
0
0
0
0
0
0
0
0
0
0
0
0
0
0
0
0
0
0
0
0
0
0
0
0
0
0
0
0
0
0
0
0
0
0
0
0
0
0
0
0
0
0
0
0
0
0
0
0
0
0
0
0
0
0
0
0
0
0
0
0
0
0
0
0
0
0
0
0
0
0
0
0
0
0
0
0
0
0
0
0
0
0
0
0
0
0
0
0
0
0
0
0
0
0
0
0
0
0
0
0
0
0
0
0
0
0
0
0
0
0
0
0
0
0
0
0
0
0
0
0
0
0
0
0
0
0
0
0
0
0
0
0
0
0
0
0
0
0
0
0
0
0
0
0
0
0
0
0
0
0
0
0
0
0
0
0
0
0
0
0
0
0
0
0
0
0
0
0
0
0
0
0
0
0
0
0
0
0
0
0
0
0
0
0
0
0
0
0
0
0
0
0
0
0
0
0
0
0
0
0
0
0
0
0
0
0
0
0
0
0
0
0
0
0
0
0
0
0
0
0
0
0
0
0
0
0
0
0
0
0
0
0
0
0
0
0
0
0
0
0
0
0
0
0
0
0
0
0
0
0
0
0
0
0
0
0
0
0
0
0
0
0
0
0
0
0
0
0
0
0
0
0
0
0
0
0
0
0
0
0
0
0
0
0
0
0
0
0
0
0
0
0
0
0
0
0
0
0
0
0
0
0
0
0
0
0
0
0
0
0
0
0
0
0
0
0
0
0
0
0
0
0
0
0
0
0
0
0
0
0
0
0
0
0
0
0
0
0
0
0
0
0
0
0
0
0
0
0
0
0
0
0
0
0
0
0
0
0
0
0
0
0
0
0
0
0
0
0
0
0
0
0
0
0
0
0
0
0
0
0
0
0
0
0
0
0
0
0
0
0
0
0
0
0
0
0
0
0
0
0
0
0
0
0
0
0
0
0
0
0
0
0
0
0
0
0
0
0
0
0
0
0
0
0
0
0
0
0
0
0
0
0
0
0
0
0
0
0
0
0
0
0
0
0
0
0
0
0
0
0
0
0
0
0
0
0
0
0
0
0
0
0
0
0
0
0
0
0
0
0
0
0
0
0
0
0
0
0
0
0
0
0
0
0
0
0
0
0
0
0
0
0
0
0
0
0
0
0
0
0
0
0
0
0
0
0
0
0
0
0
0
0
0
0
0
0
0
0
0
0
0
0
0
0
0
0
0
0
0
0
0
0
0
0
0
0
0
0
0
0
0
0
0
0
0
0
0
0
0
0
0
0
0
0
0
0
0
0
0
0
0
0
0
0
0
0
0
0
0
0
0
0
0
0
0
0
0
0
0
0
0
0
0
0
0
0
0
0
0
0
0
0
0
0
0
0
0
0
0
0
0
0
0
0
0
0
0
0
0
0
0
0
0
0
0
0
0
0
0
0
0
0
0
0
0
0
0
0
0
0
0
0
0
0
0
0
0
0
0
0
0
0
0
0
0
0
0
0
0
0
0
0
0
0
0
0
0
0
0
0
0
0
0
0
0
0
0
0
0
0
0
0
0
0
0
0
0
0
0
0
0
0
0
0
0
0
0
0
0
0
0
0
0
0
0
0
0
0
0
0
0
0
0
0
0
0
0
0
0
0
0
0
0
0
0
0
0
0
0
0
0
0
0
0
0
0
0
0
0
0
0
0
0
0
0
0
0
0
0
0
0
0
0
0
0
0
0
0
0
0
0
0
0
0
0
0
0
0
0
0
0
0
0
0
0
0
0
0
0
0
0
0
0
0
0
0
0
0
0
0
0
0
0
0
0
0
0
0
0
0
0
0
0
0
0
0
0
0
0
0
0
0
0
0
0
0
0
0
0
0
0
0
0
0
0
0
0
0
0
0
0
0
0
0
0
0
0
0
0
0
0
0
0
0
0
0
0
0
0
0
0
0
0
0
0
0
0
0
0
0
0
0
0
0
0
0
0
0
0
0
0
0
0
0
0
0
0
0
0
0
0
0
0
0
0
0
0
0
0
0
0
0
0
0
0
0
0
0
0
0
0
0
0
0
0
0
0
0
0
0
0
0
0
0
0
0
0
0
0
0
0
0
0
0
0
0
0
0
0
0
0
0
0
0
0
0
0
0
0
0
0
0
0
0
0
0
0
0
0
0
0
0
0
0
0
0
0
0
0
0
0
0
0
0
0
0
0
0
0
0
0
0
0
0
0
0
0
0
0
0
0
0
0
0
0
0
0
0
0
0
0
0
0
0
0
0
0
0
0
0
0
0
0
0
0
0
0
0
0
0
0
0
0
0
0
0
0
0
0
0
0
0
0
0
0
0
0
0
0
0
0
0
0
0
0
0
0
0
0
0
0
0
0
0
0
0
0
0
0
0
0
0
0
0
0
0
0
0
0
0
0
0
0
0
0
0
0
0
0
0
0
0
0
0
0
0
0
0
0
0
0
0
0
0
0
0
0
0
0
0
0
0
0
0
0
0
0
0
0
0
0
0
0
0
0
0
0
0
0
0
0
0
0
0
0
0
0
0
0
0
0
0
0
0
0
0
0
0
0
0
0
0
0
0
0
0
0
0
0
0
0
0
0
0
0
0
0
0
0
0
0
0
0
0
0
0
0
0
0
0
0
0
0
0
0
0
0
0
0
0
0
0
0
0
0
0
0
0
0
0
0
0
0
0
0
0
0
0
0
0
0
0
0
0
0
0
0
0
0
0
0
0
0
0
0
0
0
0
0
0
0
0
0
0
0
0
0
0
0
0
0
0
0
0
0
0
0
0
0
0
0
0
0
0
0
0
0
0
0
0
0
0
0
0
0
0
0
0
0
0
0
0
0
0
0
0
0
0
0
0
0
0
0
0
0
0
0
0
0
0
0
0
0
0
0
0
0
0
0
0
0
0
0
0
0
0
0
0
0
0
0
0
0
0
0
0
0
0
0
0
0
0
0
0
0
0
0
0
0
0
0
0
0
0
0
0
0
0
0
0
0
0
0
0
0
0
0
0
0
0
0
0
0
0
0
0
0
0
0
0
0
0
0
0
0
0
0
0
0
0
0
0
0
0
0
0
0
0
0
0
0
0
0
0
0
0
0
0
0
0
0
0
0
0
0
0
0
0
0
0
0
0
0
0
0
0
0
0
0
0
0
0
0
0
0
0
0
0
0
0
0
0
0
0
0
0
0
0
0
0
0
0
0
0
0
0
0
0
0
0
0
0
0
0
0
0
0
0
0
0
0
0
0
0
0
0
0
0
0
0
0
0
0
0
0
0
0
0
0
0
0
0
0
0
0
0
0
0
0
0
0
0
0
0
0
0
0
0
0
0
0
0
0
0
0
0
0
0
0
0
0
0
0
0
0
0
0
0
0
0
0
0
0
0
0
0
0
0
0
0
0
0
0
0
0
0
0
0
0
0
0
0
0
0
0
0
0
0
0
0
0
0
0
0
0
0
0
0
0
0
0
0
0
0
0
0
0
0
0
0
0
0
0
0
0
0
0
0
0
0
0
0
0
0
0
0
0
0
0
0
0
0
0
0
0
0
0
0
0
0
0
0
0
0
0
0
0
0
0
0
0
0
0
0
0
0
0
0
0
0
0
0
0
0
0
0
0
0
0
0
0
0
0
0
0
0
0
0
0
0
0
0
0
0
0
0
0
0
0
0
0
0
0
0
0
0
0
0
0
0
0
0
0
0
0
0
0
0
0
0
0
0
0
0
0
0
0
0
0
0
0
0
0
0
0
0
0
0
0
0
0
0
0
0
0
0
0
0
0
0
0
0
0
0
0
0
0
0
0
0
0
0
0
0
0
0
0
0
0
0
0
0
0
0
0
0
0
0
0
0
0
0
0
0
0
0
0
0
0
0
0
0
0
0
0
0
0
0
0
0
0
0
0
0
0
0
0
0
0
0
0
0
0
0
0
0
0
0
0
0
0
0
0
0
0
0
0
0
0
0
0
0
0
0
0
0
0
0
0
0
0
0
0
0
0
0
0
0
0
0
0
0
0
0
0
0
0
0
0
0
0
0
0
0
0
0
0
0
0
0
0
0
0
0
0
0
0
0
0
0
0
0
0
0
0
0
0
0
0
0
0
0
0
0
0
0
0
0
0
0
0
0
0
0
0
0
0
0
0
0
0
0
0
0
0
0
0
0
0
0
0
0
0
0
0
0
0
0
0
0
0
0
0
0
0
0
0
0
0
0
0
0
0
0
0
0
0
0
0
0
0
0
0
0
0
0
0
0
0
0
0
0
0
0
0
0
0
0
0
0
0
0
0
0
0
0
0
0
0
0
0
0
0
0
0
0
0
0
0
0
0
0
0
0
0
0
0
0
0
0
0
0
0
0
0
0
0
0
0
0
0
0
0
0
0
0
0
0
0
0
0
0
0
0
0
0
0
0
0
0
0
0
0
0
0
0
0
0
0
0
0
0
0
0
0
0
0
0
0
0
0
0
0
0
0
0
0
0
0
0
0
0
0
0
0
0
0
0
0
0
0
0
0
0
0
0
0
0
0
0
0
0
0
0
0
0
0
0
0
0
0
0
0
0
0
0
0
0
0
0
0
0
0
0
0
0
0
0
0
0
0
0
0
0
0
0
0
0
0
0
0
0
0
0
0
0
0
0
0
0
0
0
0
0
0
0
0
0
0
0
0
0
0
0
0
0
0
0
0
0
0
0
0
0
0
0
0
0
0
0
0
0
0
0
0
0
0
0
0
0
0
0
0
0
0
0
0
0
0
0
0
0
0
0
0
0
0
0
0
0
0
0
0
0
0
0
0
0
0
0
0
0
0
0
0
0
0
0
0
0
0
0
0
0
0
0
0
0
0
0
0
0
0
0
0
0
0
0
0
0
0
0
0
0
0
0
0
0
0
0
0
0
0
0
0
0
0
0
0
0
0
0
0
0
0
0
0
0
0
0
0
0
0
0
0
0
0
0
0
0
0
0
0
0
0
0
0
0
0
0
0
0
0
0
0
0
0
0
0
0
0
0
0
0
0
0
0
0
0
0
0
0
0
0
0
0
0
0
0
0
0
0
0
0
0
0
0
0
0
0
0
0
0
0
0
0
0
0
0
0
0
0
0
0
0
0
0
0
0
0
0
0
0
0
0
0
0
0
0
0
0
0
0
0
0
0
0
0
0
0
0
0
0
0
0
0
0
0
0
0
0
0
0
0
0
0
0
0
0
0
0
0
0
0
0
0
0
0
0
0
0
0
0
0
0
0
0
0
0
0
0
0
0
0
0
0
0
0
0
0
0
0
0
0
0
0
0
0
0
0
0
0
0
0
0
0
0
0
0
0
0
0
0
0
0
0
0
0
0
0
0
0
0
0
0
0
0
0
0
0
0
0
0
0
0
0
0
0
0
0
0
0
0
0
0
0
0
0
0
0
0
0
0
0
0
0
0
0
0
0
0
0
0
0
0
0
0
0
0
0
0
0
0
0
0
0
0
0
0
0
0
0
0
0
0
0
0
0
0
0
0
0
0
0
0
0
0
0
0
0
0
0
0
0
0
0
0
0
0
0
0
0
0
0
0
0
0
0
0
0
0
0
0
0
0
0
0
0
0
0
0
0
0
0
0
0
0
0
0
0
0
0
0
0
0
0
0
0
0
0
0
0
0
0
0
0
0
0
0
0
0
0
0
0
0
0
0
0
0
0
0
0
0
0
0
0
0
0
0
0
0
0
0
0
0
0
0
0
0
0
0
0
0
0
0
0
0
0
0
0
0
0
0
0
0
0
0
0
0
0
0
0
0
0
0
0
0
0
0
0
0
0
0
0
0
0
0
0
0
0
0
0
0
0
0
0
0
0
0
0
0
0
0
0
0
0
0
0
0
0
0
0
0
0
0
0
0
0
0
0
0
0
0
0
0
0
0
0
0
0
0
0
0
0
0
0
0
0
0
0
0
0
0
0
0
0
0
0
0
0
0
0
0
0
0
0
0
0
0
0
0
0
0
0
0
0
0
0
0
0
0
0
0
0
0
0
0
0
0
0
0
0
0
0
0
0
0
0
0
0
0
0
0
0
0
0
0
0
0
0
0
0
0
0
0
0
0
0
0
0
0
0
0
0
0
0
0
0
0
0
0
0
0
0
0
0
0
0
0
0
0
0
0
0
0
0
0
0
0
0
0
0
0
0
0
0
0
0
0
0
0
0
0
0
0
0
0
0
0
0
0
0
0
0
0
0
0
0
0
0
0
0
0
0
0
0
0
0
0
0
0
0
0
0
0
0
0
0
0
0
0
0
0
0
0
0
0
0
0
0
0
0
0
0
0
0
0
0
0
0
0
0
0
0
0
0
0
0
0
0
0
0
0
0
0
0
0
0
0
0
0
0
0
0
0
0
0
0
0
0
0
0
0
0
0
0
0
0
0
0
0
0
0
0
0
0
0
0
0
0
0
0
0
0
0
0
0
0
0
0
0
0
0
0
0
0
0
0
0
0
0
0
0
0
0
0
0
0
0
0
0
0
0
0
0
0
0
0
0
0
0
0
0
0
0
0
0
0
0
0
0
0
0
0
0
0
0
0
0
0
0
0
0
0
0
0
0
0
0
0
0
0
0
0
0
0
0
0
0
0
0
0
0
0
0
0
0
0
0
0
0
0
0
0
0
0
0
0
0
0
0
0
0
0
0
0
0
0
0
0
0
0
0
0
0
0
0
0
0
0
0
0
0
0
0
0
0
0
0
0
0
0
0
0
0
0
0
0
0
0
0
0
0
0
0
0
0
0
0
0
0
0
0
0
0
0
0
0
0
0
0
0
0
0
0
0
0
0
0
0
0
0
0
0
0
0
0
0
0
0
0
0
0
0
0
0
0
0
0
0
0
0
0
0
0
0
0
0
0
0
0
0
0
0
0
0
0
0
0
0
0
0
0
0
0
0
0
0
0
0
0
0
0
0
0
0
0
0
0
0
0
0
0
0
0
0
0
0
0
0
0
0
0
0
0
0
0
0
0
0
0
0
0
0
0
0
0
0
0
0
0
0
0
0
0
0
0
0
0
0
0
0
0
0
0
0
0
0
0
0
0
0
0
0
0
0
0
0
0
0
0
0
0
0
0
0
0
0
0
0
0
0
0
0
0
0
0
0
0
0
0
0
0
0
0
0
0
0
0
0
0
0
0
0
0
0
0
0
0
0
0
0
0
0
0
0
0
0
0
0
0
0
0
0
0
0
0
0
0
0
0
0
0
0
0
0
0
0
0
0
0
0
0
0
0
0
0
0
0
0
0
0
0
0
0
0
0
0
0
0
0
0
0
0
0
0
0
0
0
0
0
0
0
0
0
0
0
0
0
0
0
0
0
0
0
0
0
0
0
0
0
0
0
0
0
0
0
0
0
0
0
0
0
0
0
0
0
0
0
0
0
0
0
0
0
0
0
0
0
0
0
0
0
0
0
0
0
0
0
0
0
0
0
0
0
0
0
0
0
0
0
0
0
0
0
0
0
0
0
0
0
0
0
0
0
0
0
0
0
0
0
0
0
0
0
0
0
0
0
0
0
0
0
0
0
0
0
0
0
0
0
0
0
0
0
0
0
0
0
0
0
0
0
0
0
0
0
0
0
0
0
0
0
0
0
0
0
0
0
0
0
0
0
0
0
0
0
0
0
0
0
0
0
0
0
0
0
0
0
0
0
0
0
0
0
0
0
0
0
0
0
0
0
0
0
0
0
0
0
0
0
0
0
0
0
0
0
0
0
0
0
0
0
0
0
0
0
0
0
0
0
0
0
0
0
0
0
0
0
0
0
0
0
0
0
0
0
0
0
0
0
0
0
0
0
0
0
0
0
0
0
0
0
0
0
0
0
0
0
0
0
0
0
0
0
0
0
0
0
0
0
0
0
0
0
0
0
0
0
0
0
0
0
0
0
0
0
0
0
0
0
0
0
0
0
0
0
0
0
0
0
0
0
0
0
0
0
0
0
0
0
0
0
0
0
0
0
0
0
0
0
0
0
0
0
0
0
0
0
0
0
0
0
0
0
0
0
0
0
0
0
0
0
0
0
0
0
0
0
0
0
0
0
0
0
0
0
0
0
0
0
0
0
0
0
0
0
0
0
0
0
0
0
0
0
0
0
0
0
0
0
0
0
0
0
0
0
0
0
0
0
0
0
0
0
0
0
0
0
0
0
0
0
0
0
0
0
0
0
0
0
0
0
0
0
0
0
0
0
0
0
0
0
0
0
0
0
0
0
0
0
0
0
0
0
0
0
0
0
0
0
0
0
0
0
0
0
0
0
0
0
0
0
0
0
0
0
0
0
0
0
0
0
0
0
0
0
0
0
0
0
0
0
0
0
0
0
0
0
0
0
0
0
0
0
0
0
0
0
0
0
0
0
0
0
0
0
0
0
0
0
0
0
0
0
0
0
0
0
0
0
0
0
0
0
0
0
0
0
0
0
0
0
0
0
0
0
0
0
0
0
0
0
0
0
0
0
0
0
0
0
0
0
0
0
0
0
0
0
0
0
0
0
0
0
0
0
0
0
0
0
0
0
0
0
0
0
0
0
0
0
0
0
0
0
0
0
0
0
0
0
0
0
0
0
0
0
0
0
0
0
0
0
0
0
0
0
0
0
0
0
0
0
0
0
0
0
0
0
0
0
0
0
0
0
0
0
0
0
0
0
0
0
0
0
0
0
0
0
0
0
0
0
0
0
0
0
0
0
0
0
0
0
0
0
0
0
0
0
0
0
0
0
0
0
0
0
0
0
0
0
0
0
0
0
0
0
0
0
0
0
0
0
0
0
0
0
0
0
0
0
0
0
0
0
0
0
0
0
0
0
0
0
0
0
0
0
0
0
0
0
0
0
0
0
0
0
0
0
0
0
0
0
0
0
0
0
0
0
0
0
0
0
0
0
0
0
0
0
0
0
0
0
0
0
0
0
0
0
0
0
0
0
0
0
0
0
0
0
0
0
0
0
0
0
0
0
0
0
0
0
0
0
0
0
0
0
0
0
0
0
0
0
0
0
0
0
0
0
0
0
0
0
0
0
0
0
0
0
0
0
0
0
0
0
0
0
0
0
0
0
0
0
0
0
0
0
0
0
0
0
0
0
0
0
0
0
0
0
0
0
0
0
0
0
0
0
0
0
0
0
0
0
0
0
0
0
0
0
0
0
0
0
0
0
0
0
0
0
0
0
0
0
0
0
0
0
0
0
0
0
0
0
0
0
0
0
0
0
0
0
0
0
0
0
0
0
0
0
0
0
0
0
0
0
0
0
0
0
0
0
0
0
0
0
0
0
0
0
0
0
0
0
0
0
0
0
0
0
0
0
0
0
0
0
0
0
0
0
0
0
0
0
0
0
0
0
0
0
0
0
0
0
0
0
0
0
0
0
0
0
0
0
0
0
0
0
0
0
0
0
0
0
0
0
0
0
0
0
0
0
0
0
0
0
0
0
0
0
0
0
0
0
0
0
0
0
0
0
0
0
0
0
0
0
0
0
0
0
0
0
0
0
0
0
0
0
0
0
0
0
0
0
0
0
0
0
0
0
0
0
0
0
0
0
0
0
0
0
0
0
0
0
0
0
0
0
0
0
0
0
0
0
0
0
0
0
0
0
0
0
0
0
0
0
0
0
0
0
0
0
0
0
0
0
0
0
0
0
0
0
0
0
0
0
0
0
0
0
0
0
0
0
0
0
0
0
0
0
0
0
0
0
0
0
0
0
0
0
0
0
0
0
0
0
0
0
0
0
0
0
0
0
0
0
0
0
0
0
0
0
0
0
0
0
0
0
0
0
0
0
0
0
0
0
0
0
0
0
0
0
0
0
0
0
0
0
0
0
0
0
0
0
0
0
0
0
0
0
0
0
0
0
0
0
0
0
0
0
0
0
0
0
0
0
0
0
0
0
0
0
0
0
0
0
0
0
0
0
0
0
0
0
0
0
0
0
0
0
0
0
0
0
0
0
0
0
0
0
0
0
0
0
0
0
0
0
0
0
0
0
0
0
0
0
0
0
0
0
0
0
0
0
0
0
0
0
0
0
0
0
0
0
0
0
0
0
0
0
0
0
0
0
0
0
0
0
0
0
0
0
0
0
0
0
0
0
0
0
0
0
0
0
0
0
0
0
0
0
0
0
0
0
0
0
0
0
0
0
0
0
0
0
0
0
0
0
0
0
0
0
0
0
0
0
0
0
0
0
0
0
0
0
0
0
0
0
0
0
0
0
0
0
0
0
0
0
0
0
0
0
0
0
0
0
0
0
0
0
0
0
0
0
0
0
0
0
0
0
0
0
0
0
0
0
0
0
0
0
0
0
0
0
0
0
0
0
0
0
0
0
0
0
0
0
0
0
0
0
0
0
0
0
0
0
0
0
0
0
0
0
0
0
0
0
0
0
0
0
0
0
0
0
0
0
0
0
0
0
0
0
0
0
0
0
0
0
0
0
0
0
0
0
0
0
0
0
0
0
0
0
0
0
0
0
0
0
0
0
0
0
0
0
0
0
0
0
0
0
0
0
0
0
0
0
0
0
0
0
0
0
0
0
0
0
0
0
0
0
0
0
0
0
0
0
0
0
0
0
0
0
0
0
0
0
0
0
0
0
0
0
0
0
0
0
0
0
0
0
0
0
0
0
0
0
0
0
0
0
0
0
0
0
0
0
0
0
0
0
0
0
0
0
0
0
0
0
0
0
0
0
0
0
0
0
0
0
0
0
0
0
0
0
0
0
0
0
0
0
0
0
0
0
0
0
0
0
0
0
0
0
0
0
0
0
0
0
0
0
0
0
0
0
0
0
0
0
0
0
0
0
0
0
0
0
0
0
0
0
0
0
0
0
0
0
0
0
0
0
0
0
0
0
0
0
0
0
0
0
0
0
0
0
0
0
0
0
0
0
0
0
0
0
0
0
0
0
0
0
0
0
0
0
0
0
0
0
0
0
0
0
0
0
0
0
0
0
0
0
0
0
0
0
0
0
0
0
0
0
0
0
0
0
0
0
0
0
0
0
0
0
0
0
0
0
0
0
0
0
0
0
0
0
0
0
0
0
0
0
0
0
0
0
0
0
0
0
0
0
0
0
0
0
0
0
0
0
0
0
0
0
0
0
0
0
0
0
0
0
0
0
0
0
0
0
0
0
0
0
0
0
0
0
0
0
0
0
0
0
0
0
0
0
0
0
0
0
0
0
0
0
0
0
0
0
0
0
0
0
0
0
0
0
0
0
0
0
0
0
0
0
0
0
0
0
0
0
0
0
0
0
0
0
0
0
0
0
0
0
0
0
0
0
0
0
0
0
0
0
0
0
0
0
0
0
0
0
0
0
0
0
0
0
0
0
0
0
0
0
0
0
0
0
0
0
0
0
0
0
0
0
0
0
0
0
0
0
0
0
0
0
0
0
0
0
0
0
0
0
0
0
0
0
0
0
0
0
0
0
0
0
0
0
0
0
0
0
0
0
0
0
0
0
0
0
0
0
0
0
0
0
0
0
0
0
0
0
0
0
0
0
0
0
0
0
0
0
0
0
0
0
0
0
0
0
0
0
0
0
0
0
0
0
0
0
0
0
0
0
0
0
0
0
0
0
0
0
0
0
0
0
0
0
0
0
0
0
0
0
0
0
0
0
0
0
0
0
0
0
0
0
0
0
0
0
0
0
0
0
0
0
0
0
0
0
0
0
0
0
0
0
0
0
0
0
0
0
0
0
0
0
0
0
0
0
0
0
0
0
0
0
0
0
0
0
0
0
0
0
0
0
0
0
0
0
0
0
0
0
0
0
0
0
0
0
0
0
0
0
0
0
0
0
0
0
0
0
0
0
0
0
0
0
0
0
0
0
0
0
0
0
0
0
0
0
0
0
0
0
0
0
0
0
0
0
0
0
0
0
0
0
0
0
0
0
0
0
0
0
0
0
0
0
0
0
0
0
0
0
0
0
0
0
0
0
0
0
0
0
0
0
0
0
0
0
0
0
0
0
0
0
0
0
0
0
0
0
0
0
0
0
0
0
0
0
0
0
0
0
0
0
0
0
0
0
0
0
0
0
0
0
0
0
0
0
0
0
0
0
0
0
0
0
0
0
0
0
0
0
0
0
0
0
0
0
0
0
0
0
0
0
0
0
0
0
0
0
0
0
0
0
0
0
0
0
0
0
0
0
0
0
0
0
0
0
0
0
0
0
0
0
0
0
0
0
0
0
0
0
0
0
0
0
0
0
0
0
0
0
0
0
0
0
0
0
0
0
0
0
0
0
0
0
0
0
0
0
0
0
0
0
0
0
0
0
0
0
0
0
0
0
0
0
0
0
0
0
0
0
0
0
0
0
0
0
0
0
0
0
0
0
0
0
0
0
0
0
0
0
0
0
0
0
0
0
0
0
0
0
0
0
0
0
0
0
0
0
0
0
0
0
0
0
0
0
0
0
0
0
0
0
0
0
0
0
0
0
0
0
0
0
0
0
0
0
0
0
0
0
0
0
0
0
0
0
0
0
0
0
0
0
0
0
0
0
0
0
0
0
0
0
0
0
0
0
0
0
0
0
0
0
0
0
0
0
0
0
0
0
0
0
0
0
0
0
0
0
0
0
0
0
0
0
0
0
0
0
0
0
0
0
0
0
0
0
0
0
0
0
0
0
0
0
0
0
0
0
0
0
0
0
0
0
0
0
0
0
0
0
0
0
0
0
0
0
0
0
0
0
0
0
0
0
0
0
0
0
0
0
0
0
0
0
0
0
0
0
0
0
0
0
0
0
0
0
0
0
0
0
0
0
0
0
0
0
0
0
0
0
0
0
0
0
0
0
0
0
0
0
0
0
0
0
0
0
0
0
0
0
0
0
0
0
0
0
0
0
0
0
0
0
0
0
0
0
0
0
0
0
0
0
0
0
0
0
0
0
0
0
0
0
0
0
0
0
0
0
0
0
0
0
0
0
0
0
0
0
0
0
0
0
0
0
0
0
0
0
0
0
0
0
0
0
0
0
0
0
0
0
0
0
0
0
0
0
0
0
0
0
0
0
0
0
0
0
0
0
0
0
0
0
0
0
0
0
0
0
0
0
0
0
0
0
0
0
0
0
0
0
0
0
0
0
0
0
0
0
0
0
0
0
0
0
0
0
0
0
0
0
0
0
0
0
0
0
0
0
0
0
0
0
0
0
0
0
0
0
0
0
0
0
0
0
0
0
0
0
0
0
0
0
0
0
0
0
0
0
0
0
0
0
0
0
0
0
0
0
0
0
0
0
0
0
0
0
0
0
0
0
0
0
0
0
0
0
0
0
0
0
0
0
0
0
0
0
0
0
0
0
0
0
0
0
0
0
0
0
0
0
0
0
0
0
0
0
0
0
0
0
0
0
0
0
0
0
0
0
0
0
0
0
0
0
0
0
0
0
0
0
0
0
0
0
0
0
0
0
0
0
0
0
0
0
0
0
0
0
0
0
0
0
0
0
0
0
0
0
0
0
0
0
0
0
0
0
0
0
0
0
0
0
0
0
0
0
0
0
0
0
0
0
0
0
0
0
0
0
0
0
0
0
0
0
0
0
0
0
0
0
0
0
0
0
0
0
0
0
0
0
0
0
0
0
0
0
0
0
0
0
0
0
0
0
0
0
0
0
0
0
0
0
0
0
0
0
0
0
0
0
0
0
0
0
0
0
0
0
0
0
0
0
0
0
0
0
0
0
0
0
0
0
0
0
0
0
0
0
0
0
0
0
0
0
0
0
0
0
0
0
0
0
0
0
0
0
0
0
0
0
0
0
0
0
0
0
0
0
0
0
0
0
0
0
0
0
0
0
0
0
0
0
0
0
0
0
0
0
0
0
0
0
0
0
0
0
0
0
0
0
0
0
0
0
0
0
0
0
0
0
0
0
0
0
0
0
0
0
0
0
0
0
0
0
0
0
0
0
0
0
0
0
0
0
0
0
0
0
0
0
0
0
0
0
0
0
0
0
0
0
0
0
0
0
0
0
0
0
0
0
0
0
0
0
0
0
0
0
0
0
0
0
0
0
0
0
0
0
0
0
0
0
0
0
0
0
0
0
0
0
0
0
0
0
0
0
0
0
0
0
0
0
0
0
0
0
0
0
0
0
0
0
0
0
0
0
0
0
0
0
0
0
0
0
0
0
0
0
0
0
0
0
0
0
0
0
0
0
0
0
0
0
0
0
0
0
0
0
0
0
0
0
0
0
0
0
0
0
0
0
0
0
0
0
0
0
0
0
0
0
0
0
0
0
0
0
0
0
0
0
0
0
0
0
0
0
0
0
0
0
0
0
0
0
0
0
0
0
0
0
0
0
0
0
0
0
0
0
0
0
0
0
0
0
0
0
0
0
0
0
0
0
0
0
0
0
0
0
0
0
0
0
0
0
0
0
0
0
0
0
0
0
0
0
0
0
0
0
0
0
0
0
0
0
0
0
0
0
0
0
0
0
0
0
0
0
0
0
0
0
0
0
0
0
0
0
0
0
0
0
0
0
0
0
0
0
0
0
0
0
0
0
0
0
0
0
0
0
0
0
0
0
0
0
0
0
0
0
0
0
0
0
0
0
0
0
0
0
0
0
0
0
0
0
0
0
0
0
0
0
0
0
0
0
0
0
0
0
0
0
0
0
0
0
0
0
0
0
0
0
0
0
0
0
0
0
0
0
0
0
0
0
0
0
0
0
0
0
0
0
0
0
0
0
0
0
0
0
0
0
0
0
0
0
0
0
0
0
0
0
0
0
0
0
0
0
0
0
0
0
0
0
0
0
0
0
0
0
0
0
0
0
0
0
0
0
0
0
0
0
0
0
0
0
0
0
0
0
0
0
0
0
0
0
0
0
0
0
0
0
0
0
0
0
0
0
0
0
0
0
0
0
0
0
0
0
0
0
0
0
0
0
0
0
0
0
0
0
0
0
0
0
0
0
0
0
0
0
0
0
0
0
0
0
0
0
0
0
0
0
0
0
0
0
0
0
0
0
0
0
0
0
0
0
0
0
0
0
0
0
0
0
0
0
0
0
0
0
0
0
0
0
0
0
0
0
0
0
0
0
0
0
0
0
0
0
0
0
0
0
0
0
0
0
0
0
0
0
0
0
0
0
0
0
0
0
0
0
0
0
0
0
0
0
0
0
0
0
0
0
0
0
0
0
0
0
0
0
0
0
0
0
0
0
0
0
0
0
0
0
0
0
0
0
0
0
0
0
0
0
0
0
0
0
0
0
0
0
0
0
0
0
0
0
0
0
0
0
0
0
0
0
0
0
0
0
0
0
0
0
0
0
0
0
0
0
0
0
0
0
0
0
0
0
0
0
0
0
0
0
0
0
0
0
0
0
0
0
0
0
0
0
0
0
0
0
0
0
0
0
0
0
0
0
0
0
0
0
0
0
0
0
0
0
0
0
0
0
0
0
0
0
0
0
0
0
0
0
0
0
0
0
0
0
0
0
0
0
0
0
0
0
0
0
0
0
0
0
0
0
0
0
0
0
0
0
0
0
0
0
0
0
0
0
0
0
0
0
0
0
0
0
0
0
0
0
0
0
0
0
0
0
0
0
0
0
0
0
0
0
0
0
0
0
0
0
0
0
0
0
0
0
0
0
0
0
0
0
0
0
0
0
0
0
0
0
0
0
0
0
0
0
0
0
0
0
0
0
0
0
0
0
0
0
0
0
0
0
0
0
0
0
0
0
0
0
0
0
0
0
0
0
0
0
0
0
0
0
0
0
0
0
0
0
0
0
0
0
0
0
0
0
0
0
0
0
0
0
0
0
0
0
0
0
0
0
0
0
0
0
0
0
0
0
0
0
0
0
0
0
0
0
0
0
0
0
0
0
0
0
0
0
0
0
0
0
0
0
0
0
0
0
0
0
0
0
0
0
0
0
0
0
0
0
0
0
0
0
0
0
0
0
0
0
0
0
0
0
0
0
0
0
0
0
0
0
0
0
0
0
0
0
0
0
0
0
0
0
0
0
0
0
0
0
0
0
0
0
0
0
0
0
0
0
0
0
0
0
0
0
0
0
0
0
0
0
0
0
0
0
0
0
0
0
0
0
0
0
0
0
0
0
0
0
0
0
0
0
0
0
0
0
0
0
0
0
0
0
0
0
0
0
0
0
0
0
0
0
0
0
0
0
0
0
0
0
0
0
0
0
0
0
0
0
0
0
0
0
0
0
0
0
0
0
0
0
0
0
0
0
0
0
0
0
0
0
0
0
0
0
0
0
0
0
0
0
0
0
0
0
0
0
0
0
0
0
0
0
0
0
0
0
0
0
0
0
0
0
0
0
0
0
0
0
0
0
0
0
0
0
0
0
0
0
0
0
0
0
0
0
0
0
0
0
0
0
0
0
0
0
0
0
0
0
0
0
0
0
0
0
0
0
0
0
0
0
0
0
0
0
0
0
0
0
0
0
0
0
0
0
0
0
0
0
0
0
0
0
0
0
0
0
0
0
0
0
0
0
0
0
0
0
0
0
0
0
0
0
0
0
0
0
0
0
0
0
0
0
0
0
0
0
0
0
0
0
0
0
0
0
0
0
0
0
0
0
0
0
0
0
0
0
0
0
0
0
0
0
0
0
0
0
0
0
0
0
0
0
0
0
0
0
0
0
0
0
0
0
0
0
0
0
0
0
0
0
0
0
0
0
0
0
0
0
0
0
0
0
0
0
0
0
0
0
0
0
0
0
0
0
0
0
0
0
0
0
0
0
0
0
0
0
0
0
0
0
0
0
0
0
0
0
0
0
0
0
0
0
0
0
0
0
0
0
0
0
0
0
0
0
0
0
0
0
0
0
0
0
0
0
0
0
0
0
0
0
0
0
0
0
0
0
0
0
0
0
0
0
0
0
0
0
0
0
0
0
0
0
0
0
0
0
0
0
0
0
0
0
0
0
0
0
0
0
0
0
0
0
0
0
0
0
0
0
0
0
0
0
0
0
0
0
0
0
0
0
0
0
0
0
0
0
0
0
0
0
0
0
0
0
0
0
0
0
0
0
0
0
0
0
0
0
0
0
0
0
0
0
0
0
0
0
0
0
0
0
0
0
0
0
0
0
0
0
0
0
0
0
0
0
0
0
0
0
0
0
0
0
0
0
0
0
0
0
0
0
0
0
0
0
0
0
0
0
0
0
0
0
0
0
0
0
0
0
0
0
0
0
0
0
0
0
0
0
0
0
0
0
0
0
0
0
0
0
0
0
0
0
0
0
0
0
0
0
0
0
0
0
0
0
0
0
0
0
0
0
0
0
0
0
0
0
0
0
0
0
0
0
0
0
0
0
0
0
0
0
0
0
0
0
0
0
0
0
0
0
0
0
0
0
0
0
0
0
0
0
0
0
0
0
0
0
0
0
0
0
0
0
0
0
0
0
0
0
0
0
0
0
0
0
0
0
0
0
0
0
0
0
0
0
0
0
0
0
0
0
0
0
0
0
0
0
0
0
0
0
0
0
0
0
0
0
0
0
0
0
0
0
0
0
0
0
0
0
0
0
0
0
0
0
0
0
0
0
0
0
0
0
0
0
0
0
0
0
0
0
0
0
0
0
0
0
0
0
0
0
0
0
0
0
0
0
0
0
0
0
0
0
0
0
0
0
0
0
0
0
0
0
0
0
0
0
0
0
0
0
0
0
0
0
0
0
0
0
0
0
0
0
0
0
0
0
0
0
0
0
0
0
0
0
0
0
0
0
0
0
0
0
0
0
0
0
0
0
0
0
0
0
0
0
0
0
0
0
0
0
0
0
0
0
0
0
0
0
0
0
0
0
0
0
0
0
0
0
0
0
0
0
0
0
0
0
0
0
0
0
0
0
0
0
0
0
0
0
0
0
0
0
0
0
0
0
0
0
0
0
0
0
0
0
0
0
0
0
0
0
0
0
0
0
0
0
0
0
0
0
0
0
0
0
0
0
0
0
0
0
0
0
0
0
0
0
0
0
0
0
0
0
0
0
0
0
0
0
0
0
0
0
0
0
0
0
0
0
0
0
0
0
0
0
0
0
0
0
0
0
0
0
0
0
0
0
0
0
0
0
0
0
0
0
0
0
0
0
0
0
0
0
0
0
0
0
0
0
0
0
0
0
0
0
0
0
0
0
0
0
0
0
0
0
0
0
0
0
0
0
0
0
0
0
0
0
0
0
0
0
0
0
0
0
0
0
0
0
0
0
0
0
0
0
0
0
0
0
0
0
0
0
0
0
0
0
0
0
0
0
0
0
0
0
0
0
0
0
0
0
0
0
0
0
0
0
0
0
0
0
0
0
0
0
0
0
0
0
0
0
0
0
0
0
0
0
0
0
0
0
0
0
0
0
0
0
0
0
0
0
0
0
0
0
0
0
0
0
0
0
0
0
0
0
0
0
0
0
0
0
0
0
0
0
0
0
0
0
0
0
0
0
0
0
0
0
0
0
0
0
0
0
0
0
0
0
0
0
0
0
0
0
0
0
0
0
0
0
0
0
0
0
0
0
0
0
0
0
0
0
0
0
0
0
0
0
0
0
0
0
0
0
0
0
0
0
0
0
0
0
0
0
0
0
0
0
0
0
0
0
0
0
0
0
0
0
0
0
0
0
0
0
0
0
0
0
0
0
0
0
0
0
0
0
0
0
0
0
0
0
0
0
0
0
0
0
0
0
0
0
0
0
0
0
0
0
0
0
0
0
0
0
0
0
0
0
0
0
0
0
0
0
0
0
0
0
0
0
0
0
0
0
0
0
0
0
0
0
0
0
0
0
0
0
0
0
0
0
0
0
0
0
0
0
0
0
0
0
0
0
0
0
0
0
0
0
0
0
0
0
0
0
0
0
0
0
0
0
0
0
0
0
0
0
0
0
0
0
0
0
0
0
0
0
0
0
0
0
0
0
0
0
0
0
0
0
0
0
0
0
0
0
0
0
0
0
0
0
0
0
0
0
0
0
0
0
0
0
0
0
0
0
0
0
0
0
0
0
0
0
0
0
0
0
0
0
0
0
0
0
0
0
0
0
0
0
0
0
0
0
0
0
0
0
0
0
0
0
0
0
0
0
0
0
0
0
0
0
0
0
0
0
0
0
0
0
0
0
0
0
0
0
0
0
0
0
0
0
0
0
0
0
0
0
0
0
0
0
0
0
0
0
0
0
0
0
0
0
0
0
0
0
0
0
0
0
0
0
0
0
0
0
0
0
0
0
0
0
0
0
0
0
0
0
0
0
0
0
0
0
0
0
0
0
0
0
0
0
0
0
0
0
0
0
0
0
0
0
0
0
0
0
0
0
0
0
0
0
0
0
0
0
0
0
0
0
0
0
0
0
0
0
0
0
0
0
0
0
0
0
0
0
0
0
0
0
0
0
0
0
0
0
0
0
0
0
0
0
0
0
0
0
0
0
0
0
0
0
0
0
0
0
0
0
0
0
0
0
0
0
0
0
0
0
0
0
0
0
0
0
0
0
0
0
0
0
0
0
0
0
0
0
0
0
0
0
0
0
0
0
0
0
0
0
0
0
0
0
0
0
0
0
0
0
0
0
0
0
0
0
0
0
0
0
0
0
0
0
0
0
0
0
0
0
0
0
0
0
0
0
0
0
0
0
0
0
0
0
0
0
0
0
0
0
0
0
0
0
0
0
0
0
0
0
0
0
0
0
0
0
0
0
0
0
0
0
0
0
0
0
0
0
0
0
0
0
0
0
0
0
0
0
0
0
0
0
0
0
0
0
0
0
0
0
0
0
0
0
0
0
0
0
0
0
0
0
0
0
0
0
0
0
0
0
0
0
0
0
0
0
0
0
0
0
0
0
0
0
0
0
0
0
0
0
0
0
0
0
0
0
0
0
0
0
0
0
0
0
0
0
0
0
0
0
0
0
0
0
0
0
0
0
0
0
0
0
0
0
0
0
0
0
0
0
0
0
0
0
0
0
0
0
0
0
0
0
0
0
0
0
0
0
0
0
0
0
0
0
0
0
0
0
0
0
0
0
0
0
0
0
0
0
0
0
0
0
0
0
0
0
0
0
0
0
0
0
0
0
0
0
0
0
0
0
0
0
0
0
0
0
0
0
0
0
0
0
0
0
0
0
0
0
0
0
0
0
0
0
0
0
0
0
0
0
0
0
0
0
0
0
0
0
0
0
0
0
0
0
0
0
0
0
0
0
0
0
0
0
0
0
0
0
0
0
0
0
0
0
0
0
0
0
0
0
0
0
0
0
0
0
0
0
0
0
0
0
0
0
0
0
0
0
0
0
0
0
0
0
0
0
0
0
0
0
0
0
0
0
0
0
0
0
0
0
0
0
0
0
0
0
0
0
0
0
0
0
0
0
0
0
0
0
0
0
0
0
0
0
0
0
0
0
0
0
0
0
0
0
0
0
0
0
0
0
0
0
0
0
0
0
0
0
0
0
0
0
0
0
0
0
0
0
0
0
0
0
0
0
0
0
0
0
0
0
0
0
0
0
0
0
0
0
0
0
0
0
0
0
0
0
0
0
0
0
0
0
0
0
0
0
0
0
0
0
0
0
0
0
0
0
0
0
0
0
0
0
0
0
0
0
0
0
0
0
0
0
0
0
0
0
0
0
0
0
0
0
0
0
0
0
0
0
0
0
0
0
0
0
0
0
0
0
0
0
0
0
0
0
0
0
0
0
0
0
0
0
0
0
0
0
0
0
0
0
0
0
0
0
0
0
0
0
0
0
0
0
0
0
0
0
0
0
0
0
0
0
0
0
0
0
0
0
0
0
0
0
0
0
0
0
0
0
0
0
0
0
0
0
0
0
0
0
0
0
0
0
0
0
0
0
0
0
0
0
0
0
0
0
0
0
0
0
0
0
0
0
0
0
0
0
0
0
0
0
0
0
0
0
0
0
0
0
0
0
0
0
0
0
0
0
0
0
0
0
0
0
0
0
0
0
0
0
0
0
0
0
0
0
0
0
0
0
0
0
0
0
0
0
0
0
0
0
0
0
0
0
0
0
0
0
0
0
0
0
0
0
0
0
0
0
0
0
0
0
0
0
0
0
0
0
0
0
0
0
0
0
0
0
0
0
0
0
0
0
0
0
0
0
0
0
0
0
0
0
0
0
0
0
0
0
0
0
0
0
0
0
0
0
0
0
0
0
0
0
0
0
0
0
0
0
0
0
0
0
0
0
0
0
0
0
0
0
0
0
0
0
0
0
0
0
0
0
0
0
0
0
0
0
0
0
0
0
0
0
0
0
0
0
0
0
0
0
0
0
0
0
0
0
0
0
0
0
0
0
0
0
0
0
0
0
0
0
0
0
0
0
0
0
0
0
0
0
0
0
0
0
0
0
0
0
0
0
0
0
0
0
0
0
0
0
0
0
0
0
0
0
0
0
0
0
0
0
0
0
0
0
0
0
0
0
0
0
0
0
0
0
0
0
0
0
0
0
0
0
0
0
0
0
0
0
0
0
0
0
0
0
0
0
0
0
0
0
0
0
0
0
0
0
0
0
0
0
0
0
0
0
0
0
0
0
0
0
0
0
0
0
0
0
0
0
0
0
0
0
0
0
0
0
0
0
0
0
0
0
0
0
0
0
0
0
0
0
0
0
0
0
0
0
0
0
0
0
0
0
0
0
0
0
0
0
0
0
0
0
0
0
0
0
0
0
0
0
0
0
0
0
0
0
0
0
0
0
0
0
0
0
0
0
0
0
0
0
0
0
0
0
0
0
0
0
0
0
0
0
0
0
0
0
0
0
0
0
0
0
0
0
0
0
0
0
0
0
0
0
0
0
0
0
0
0
0
0
0
0
0
0
0
0
0
0
0
0
0
0
0
0
0
0
0
0
0
0
0
0
0
0
0
0
0
0
0
0
0
0
0
0
0
0
0
0
0
0
0
0
0
0
0
0
0
0
0
0
0
0
0
0
0
0
0
0
0
0
0
0
0
0
0
0
0
0
0
0
0
0
0
0
0
0
0
0
0
0
0
0
0
0
0
0
0
0
0
0
0
0
0
0
0
0
0
0
0
0
0
0
0
0
0
0
0
0
0
0
0
0
0
0
0
0
0
0
0
0
0
0
0
0
0
0
0
0
0
0
0
0
0
0
0
0
0
0
0
0
0
0
0
0
0
0
0
0
0
0
0
0
0
0
0
0
0
0
0
0
0
0
0
0
0
0
0
0
0
0
0
0
0
0
0
0
0
0
0
0
0
0
0
0
0
0
0
0
0
0
0
0
0
0
0
0
0
0
0
0
0
0
0
0
0
0
0
0
0
0
0
0
0
0
0
0
0
0
0
0
0
0
0
0
0
0
0
0
0
0
0
0
0
0
0
0
0
0
0
0
0
0
0
0
0
0
0
0
0
0
0
0
0
0
0
0
0
0
0
0
0
0
0
0
0
0
0
0
0
0
0
0
0
0
0
0
0
0
0
0
0
0
0
0
