-24
841
-1365
-3217
-1839
-3112
-3500
-111
1351
-2977
-4880
-3556
-5069
-416
-22
606
-230
1122
-3228
-3006
-1181
-3396
-19937
-201
876
-4302
-4900
-4250
-5117
-16103
103
707
117
1481
-4524
-5069
-711
-4414
-4817
75
2323
-4332
-5248
-3080
-4056
-985
117
656
-275
-725
-4851
-5780
615
-4798
-14272
-247
-689
-3797
-3661
-266
-3945
-18529
-168
-1245
115
850
-4160
-3597
777
-2736
-3135
15
964
-3967
-3305
-1611
-2465
-866
24
642
-107
-909
-1911
-4788
-436
-2993
-16257
-192
-1131
-2092
-2866
-220
-2329
-20389
-51
-514
53
411
-2827
-1011
3
-1383
-1994
-51
882
-3492
-1566
-2281
-2019
397
-83
934
-111
40
166
-3125
-2146
-1803
-14403
-145
275
-1934
-2413
-2456
-2388
-15675
-34
383
-52
368
-2193
-306
-1036
-1134
-1543
-134
597
-3306
-296
-2773
-2403
-743
-39
631
-70
-285
565
-2365
-2156
-1418
-16234
-109
-303
-2037
-2446
-2180
-2498
-15091
-64
-39
-124
143
-2081
-1451
-1690
-1937
-2008
-209
398
-2894
-1059
-3079
-2475
-1603
-49
434
-34
-500
971
-2705
-2009
-1898
-12927
-59
-255
-1382
-2396
-1618
-2292
-13664
61
165
-118
-153
-1575
-1672
-931
-1572
-1722
-209
229
-1622
-1095
-1968
-1290
-1831
-44
226
-47
-560
764
-2382
-1570
-1563
-12689
-39
-200
-492
-782
-975
-963
-16168
114
-254
-198
-7
-996
-760
-490
-1375
-1413
-221
379
-1145
-638
-1361
-1660
-1606
-173
7
-91
-654
-857
-1439
-1121
-1295
-14965
-168
-247
-1489
-375
-1707
-1414
-16296
73
-608
193
-210
-2722
-3710
-135
-3110
-3569
250
-90
-3319
-3677
-2326
-4740
-1246
91
-417
-347
1876
-5242
-2856
-9
-3576
-20122
-147
1785
-5327
-4419
-2331
-3875
-18333
-31
623
138
-1122
-5520
-5867
1652
-4876
-5268
384
-1737
-3755
-4818
-1426
-3671
-489
26
-972
-512
-1149
-6247
-6458
767
-5113
-10705
-164
-1018
-5498
-3459
464
-2420
-20709
-292
-1006
92
-426
-3775
-4086
182
-3301
-3368
139
-716
-4008
-4289
-2079
-3463
-837
-128
-157
-226
-262
-2548
-5050
968
-3122
-15476
-114
-1224
-4112
-4162
306
-2073
-16891
-29
-823
115
-219
-3123
-1380
-2517
-1635
-2026
91
-287
-4928
-2435
-4894
-3308
2455
-124
-432
-202
984
-128
-3668
1027
-1897
-19140
-63
387
-3964
-4805
-1823
-3277
-16675
-144
528
80
-332
-3294
-546
-3176
-2010
-2196
130
-111
-5737
-1568
-5607
-4415
2329
-105
284
-169
83
559
-3510
-781
-2157
-19714
-106
-346
-4265
-5833
-3770
-4565
-14490
-255
-349
9
-318
-2403
-1228
-2751
-2136
-2183
90
-78
-4604
-2236
-5648
-4207
205
-96
899
-142
-444
1367
-3377
-1569
-2169
-17874
-185
-166
-2983
-5190
-2661
-4192
-12061
-115
-20
-24
385
-1521
-1488
-1881
-1374
-1633
2
103
-3207
-2612
-4243
-3043
-380
-59
1003
-120
-488
995
-2761
-1086
-1535
-17345
-45
-257
-2102
-3230
-1277
-2835
-13421
60
-227
50
-160
-474
-1363
-818
-1394
-1552
66
-537
-543
-1560
-1794
-1998
-708
-92
-459
-282
-684
-438
-1535
-1487
-1399
-14453
-132
-419
-1841
-849
-1682
-1657
-16104
28
-960
262
-623
-2995
-3045
712
-2899
-3542
234
-470
-3165
-3262
-742
-4128
-1489
78
153
-339
637
-4638
-3107
-1313
-3678
-18287
-139
655
-4439
-4581
-2396
-3381
-18211
-10
294
92
-578
-2697
-4348
1589
-2656
-3325
64
-604
-2359
-5216
-1081
-3798
-1124
-130
590
-111
-145
-3883
-3765
-1073
-3016
-25218
-27
-1222
-5073
-3782
-753
-1509
-25444
-334
-358
-96
840
-1909
-3894
-323
-2995
-3133
-170
964
-2436
-5727
-2564
-4089
-1863
-56
1298
43
-12
-1528
-4307
-787
-2967
-16369
85
249
-3558
-3950
-866
-1987
-13391
27
460
15
142
-2387
-1697
-2825
-2756
-2379
-64
762
-4511
-3546
-4574
-4617
1912
39
823
-13
-68
-1588
-3828
1820
-2293
-21834
136
-296
-5046
-5255
-1587
-4155
-17382
-51
-1132
14
-958
-2492
1247
-2888
-2484
-2378
-21
-24
-4352
486
-4050
-4183
1270
-17
-220
-24
715
-1384
-3460
-1035
-2090
-17885
59
548
-4673
-4951
-4494
-3970
-16628
-212
49
110
-421
-2785
-854
-3324
-2407
-2649
101
331
-3695
-924
-4448
-3597
217
-5
-171
-141
444
-80
-4149
-362
-2492
-15157
-107
302
-2682
-4668
-3334
-3433
-15655
-240
477
84
756
-2722
-629
-3704
-2395
-2331
59
961
-3639
-1216
-5003
-3666
-746
79
707
-65
-198
-131
-3729
914
-2212
-15460
-156
-425
-2406
-3998
-1161
-3683
-13391
-166
-96
67
520
-1748
-988
-3647
-2466
-2513
100
885
-1921
-909
-3645
-3601
-2442
-33
978
-279
-915
-1411
-2621
386
-2404
-14549
-144
-241
-3109
-2792
-817
-3319
-13764
-7
-335
94
181
-5172
-3047
2714
-4515
-5220
35
-33
-3226
-2710
623
-2827
-51
304
450
-334
1140
-5607
-5614
-3358
-5296
-16728
-323
498
-4505
-3082
-2663
-3136
-30148
80
502
-165
1763
-4221
-4576
-162
-4061
-3830
-238
747
-5154
-5431
-2805
-5045
-710
-32
820
-18
2242
-5075
-4648
2328
-3745
-21867
70
1229
-7012
-5157
1608
-3761
-17429
120
1610
-404
2164
-6183
-8051
-5280
-6422
-6417
-238
3024
-5405
-6993
-6871
-5178
-3111
77
3172
-99
2312
-5264
-7581
5295
-6210
-14856
351
3525
-6672
-5643
4870
-5011
-17907
301
2928
-520
4376
-7017
-8667
-8178
-9225
-7670
-200
5440
-5312
-6259
-8517
-5818
-4284
168
5023
-88
-1209
-7086
-8353
8845
-7896
-8747
489
-1199
-6892
-6287
7002
-5768
-17036
477
-1287
-262
289
-2580
-2648
-3161
-3672
-2603
-229
1027
-2528
-1486
-2559
-2836
-852
-10
1244
102
-1919
-3280
-3098
3448
-2622
-24364
225
-2331
-3571
-2771
896
-2374
-28367
104
-1850
-37
-1251
-2199
17
-2542
-1756
-1897
-93
-698
-2463
590
-2268
-2367
-216
12
-195
-85
947
-2397
-2623
946
-1756
-19021
-42
131
-3346
-2945
-2098
-2282
-20512
-292
308
-141
-457
-2234
751
-3794
-1694
-2404
12
101
-2569
868
-3664
-2698
-542
-7
-166
-114
212
-3406
-3590
1471
-2199
-13135
-75
38
-4890
-3404
-1772
-3130
-13486
-258
-89
-137
-677
-466
-2000
-3173
-1728
-2188
39
65
-588
-1968
-3244
-3372
-2148
-47
-333
-171
-358
-2241
-3036
1583
-2081
-17364
-91
-109
-3896
-3802
-457
-3286
-15169
-131
-576
341
752
-3055
-2547
1573
-3224
-3949
195
-877
-2017
-1452
-748
-3014
-860
393
-1303
-294
1415
-5663
-4781
-1457
-3962
-16756
-610
384
-5134
-2055
-2168
-2557
-23691
-151
147
101
133
-4454
-3974
-2976
-4610
-4391
-93
-1007
-4068
-3654
-3629
-4430
-81
100
-1047
-53
1577
-5662
-4660
3116
-4460
-15830
-246
613
-6070
-3760
-150
-3783
-18527
122
730
-299
-831
-7954
-8103
-9864
-8610
-7767
-264
-2298
-6844
-5742
-7243
-6361
-3283
174
-1875
14
4210
-7526
-7537
8064
-7563
-17756
304
4793
-7333
-6517
4228
-6355
-25772
360
3787
-562
-1430
-13265
-13501
-14802
-15197
-13986
-211
-1938
-6867
-7856
-10007
-6279
-7168
335
-2194
-87
-896
-11879
-14040
12708
-14103
16373
494
-1182
-7131
-7520
10014
-7114
-15679
587
-1055
-235
2262
-4795
-8285
-5996
-7290
-5731
-377
279
-4032
-6275
-5628
-5090
-3348
3
1144
253
-1669
-6237
-4758
6745
-5763
-21905
281
-2356
-4996
-4767
4741
-4878
-27184
368
-1127
-316
8293
-3604
-5031
-3770
-4768
-3874
-353
5796
-4072
-3761
-4635
-4611
-3789
19
4607
0
339
-4332
-3066
3531
-4181
-30067
137
-362
-4933
-4869
1804
-5534
-25598
300
198
-296
1994
-3692
-1991
-2896
-3212
-2923
-325
1238
-3517
-1462
-2879
-2759
-1702
109
467
-21
-2557
-4105
-4088
3811
-2977
-18604
-34
-1742
-4591
-2728
1453
-3328
-19982
176
-1207
-260
-510
-1598
-2701
-1278
-2651
-2768
-232
-528
-1964
-2848
-664
-3555
-2232
97
-854
-28
-547
-2221
-3293
-301
-2634
-12641
-130
-439
-2675
-4214
-2001
-3552
-11787
-66
76
432
-898
-2562
-1223
65
-731
-2525
393
-1277
-3253
-581
-1683
-2803
-1644
202
-649
-261
1178
-3194
-2135
-2326
-2347
-19116
-304
663
-4415
-1504
-3569
-1847
-16528
-208
385
433
-140
-2598
-4589
-1485
-1157
-3183
375
-324
-2211
-3775
-2187
-2159
35
95
-106
-268
-407
-4419
-226
-632
-3078
-17482
-316
662
-4983
-1944
-2377
-1346
-18823
-62
750
399
213
-2602
-5146
-3151
-3145
-3619
216
-668
-3324
-5021
-3736
-4771
208
-19
-1114
48
1127
-3632
-1175
984
-3444
-23806
-239
-1095
-5186
-4160
-2636
-3249
-21210
-133
-1191
197
-1877
-4645
-4775
-4160
-4187
-3972
-171
-3869
-5088
-4928
-4123
-4989
671
-31
-2284
453
389
-2011
-2915
2567
-3881
-30718
179
-33
-3763
-5168
-1646
-3797
-29351
195
-67
-131
-194
-4357
-6251
-7199
-6184
-5312
-329
-1852
-5026
-5076
-6053
-6223
-2612
65
-1588
312
4409
-5571
-5066
6206
-4952
-32024
234
3821
-7045
-5831
1839
-5673
-31383
406
3121
-542
-34
-13550
-12022
-15985
-13068
-13298
-231
-88
-8165
-6555
-9782
-7201
-8799
148
-538
-68
819
-14370
-13657
14237
-13121
9192
584
973
-10353
-8994
9785
-8775
-14147
793
865
-509
404
-10328
-7590
-9146
-9315
-9110
-307
401
-9010
-4750
-6900
-6823
-6237
114
411
-218
-8200
-11858
-9861
11518
-8894
-11606
385
-6328
-10543
-7349
6470
-6870
-18124
611
-4795
-345
57
-2515
-1706
1123
-2021
-2310
-391
-179
-3494
-1947
1172
-3063
-1910
48
206
-28
-2305
-3059
-2089
-1365
-2151
-24204
-119
-3216
-3480
-2801
-2908
-2570
-23309
160
-1808
-8
-1277
-3184
-1655
1794
-1571
-3055
-67
-396
-3806
-1523
-2153
-2040
-692
33
-42
-180
711
-2778
-2289
-4386
-2975
-18044
-187
1486
-4045
-1931
-5041
-1066
-17549
-135
1005
111
-784
-3637
-3292
1184
-656
-3657
23
-382
-3706
-1713
-3053
-1341
-1335
11
-556
-258
260
-4713
-1182
-5114
-3531
-21662
-154
167
-5247
-2955
-5507
-434
-22258
44
-250
187
103
-3213
-4648
-1464
-2062
-3731
41
198
-2022
-3021
-4133
-1548
-928
23
444
-127
70
-2369
-2023
-2300
-3542
-14844
-294
-1662
-3035
-1948
-3111
229
-20915
-127
-802
35
-978
-2923
-3969
-2880
-1118
-2391
-102
-395
-4169
-4802
-5273
-3158
-373
-154
180
136
327
-149
-1893
804
-2277
-25147
-186
-380
-2448
-3249
-2990
-1864
-18920
-22
-169
-262
-847
-3247
-3213
-4225
-1359
-2838
-247
-747
-5213
-3996
-3879
-4267
-2433
-195
-208
116
1960
-3562
-3152
3198
-2805
-27470
148
1874
-5464
-3810
-1047
-3385
-18701
344
1663
-336
-3801
-6490
-2940
-4279
-4210
-5773
-107
-3897
-7226
-4282
-2876
-6306
-2867
-85
-713
1
-425
-8334
-5381
2669
-5566
-25497
261
1133
-8204
-6157
-3496
-5555
-20310
335
827
-333
-1423
-6581
-2992
-3353
-4611
-5284
-175
-2715
-6659
-3278
-3100
-5350
-2830
-5
-899
-206
-4470
-7452
-5928
4197
-5015
-22045
179
-3128
-7547
-4305
-754
-4884
-19962
235
-2545
-343
-353
-3029
-1624
-513
-1419
-2502
-348
-844
-3184
-2089
-1271
-1880
-1408
-110
-411
-86
-1109
-2075
-3018
-256
-2404
-12803
-20
-1341
-2493
-715
-2346
-1829
-13527
90
-1273
-183
-1671
-2619
-1774
887
-818
-2502
-210
-1528
-2345
-2077
-1674
-772
608
-114
-843
-139
1051
-3761
-2334
-1595
-2418
-13514
-114
1597
-3663
-1665
-2850
-1074
-17187
23
644
-366
-1389
-3204
-2662
231
115
-3306
-350
-1326
-2264
-1492
-1599
237
-471
-194
-879
-51
718
-5264
-2453
-3077
-3327
-11535
35
76
-4730
-2373
-3970
-733
-18045
315
218
-294
-1537
-3570
-3130
-1674
1203
-2400
-364
-1805
-3887
-2018
-2798
-325
-1850
-254
-854
-30
-1477
-3258
-1428
-229
-2205
-20069
26
-985
-2603
-2556
-3343
-449
-19920
185
-220
-389
-1448
-3615
-3533
-3042
1850
-2092
-419
-796
-3989
-2838
-4379
88
-1438
-290
-348
46
-1512
-1968
-2222
1497
-1894
-20242
4
-722
-1945
-2161
-2643
-1147
-18795
152
11
-370
-1929
-2628
-2112
-2269
3375
-1695
-288
-410
-4233
-1904
-3242
-438
-3146
-332
-462
-4
96
-2121
-1718
-1417
-1561
-19436
84
-950
-3367
-3131
-3895
-2098
-11315
322
-1119
-203
-1907
-3228
-2205
-2012
3435
-2188
-165
-2035
-2559
-1932
-767
154
-2149
-221
-2416
-53
-179
-1857
-1476
-3740
-1913
-18760
17
-44
-2083
-2381
-3933
-1613
-20758
118
-69
-106
-705
-2777
-2273
-190
932
-2401
-142
-2356
-1700
-2000
156
-1298
-1782
-107
-2782
-200
-1724
-2872
-1950
-2716
-2054
-18306
-69
-1716
-3705
-1713
-3590
-1959
-19673
18
-1021
-239
-904
-2427
-1770
-2072
-904
-2107
-201
-703
-1846
-1908
-2419
-1830
-1027
-208
-27
-197
-583
-2606
-2474
1568
-2005
-13159
-220
-87
-3604
-1197
-1116
-1826
-13830
-56
-341
0
0
0
0
0
0
0
0
0
0
0
-3207
-3274
-1508
-1472
-3361
0
0
0
0
0
0
0
0
0
0
0
-1604
-2957
-2577
-3173
-15129
0
0
0
0
0
0
0
0
0
0
0
-4048
-3667
582
-594
-3475
0
0
0
0
0
0
0
0
0
0
0
-3435
-4106
-2428
-3339
-17209
0
0
0
0
0
0
0
0
0
0
0
-3213
-3273
970
-853
-2623
0
0
0
0
0
0
0
0
0
0
0
-1360
-4052
-1622
-2583
-16578
0
0
0
0
0
0
0
0
0
0
0
-1328
-1169
568
-447
-1095
0
0
0
0
0
0
0
0
0
0
0
560
-2481
-1248
-906
-17239
0
0
0
0
0
0
0
0
0
0
0
-1620
-1228
-690
-357
-1316
0
0
0
0
0
0
0
0
0
0
0
875
-2124
-1334
-1107
-15411
0
0
0
0
0
0
0
0
0
0
0
-1700
-1720
-876
-1287
-1561
0
0
0
0
0
0
0
0
0
0
0
1323
-2392
-1314
-1415
-13408
0
0
0
0
0
0
0
0
0
0
0
-1299
-1615
8
-1120
-1241
0
0
0
0
0
0
0
0
0
0
0
1227
-2041
-1373
-1186
-13790
0
0
0
0
0
0
0
0
0
0
0
-850
-1202
-77
-631
-1017
0
0
0
0
0
0
0
0
0
0
0
278
-808
-1844
-965
-14478
0
0
0
0
0
0
0
0
0
0
0
-3696
-2980
79
-203
-3004
0
0
0
0
0
0
0
0
0
0
0
-2104
-3191
-2959
-2803
-18845
0
0
0
0
0
0
0
0
0
0
0
-5349
-4347
2336
-1002
-4009
0
0
0
0
0
0
0
0
0
0
0
-3945
-5716
-2568
-3889
-13998
0
0
0
0
0
0
0
0
0
0
0
-4192
-3288
1325
-1703
-2887
0
0
0
0
0
0
0
0
0
0
0
-1543
-4492
-1194
-2808
-15047
0
0
0
0
0
0
0
0
0
0
0
-2711
-1908
-2244
-617
-2134
0
0
0
0
0
0
0
0
0
0
0
-482
-3941
598
-2012
-16164
0
0
0
0
0
0
0
0
0
0
0
-3107
-1894
-3835
-284
-2731
0
0
0
0
0
0
0
0
0
0
0
89
-4458
-358
-2452
-14525
0
0
0
0
0
0
0
0
0
0
0
-2372
-1708
-2445
-1370
-1926
0
0
0
0
0
0
0
0
0
0
0
1676
-3408
-219
-1611
-16783
0
0
0
0
0
0
0
0
0
0
0
-1683
-1390
-866
-1074
-1292
0
0
0
0
0
0
0
0
0
0
0
1607
-2461
-555
-1028
-17321
0
0
0
0
0
0
0
0
0
0
0
-1283
-1164
-566
-944
-1104
0
0
0
0
0
0
0
0
0
0
0
1195
-1178
-1678
-985
-14362
0
0
0
0
0
0
0
0
0
0
0
-2910
-2253
-66
-373
-2850
0
0
0
0
0
0
0
0
0
0
0
-2162
-3732
-2491
-2677
-18603
0
0
0
0
0
0
0
0
0
0
0
-3997
-3191
1999
-578
-3190
0
0
0
0
0
0
0
0
0
0
0
-2433
-4187
-3177
-3015
-22561
0
0
0
0
0
0
0
0
0
0
0
-3549
-2601
1740
-1886
-2496
0
0
0
0
0
0
0
0
0
0
0
-625
-4116
-1962
-2484
-15110
0
0
0
0
0
0
0
0
0
0
0
-2813
-1206
-1403
-1072
-1957
0
0
0
0
0
0
0
0
0
0
0
-1168
-3348
707
-1770
-19876
0
0
0
0
0
0
0
0
0
0
0
-2564
-26
-2442
-387
-1925
0
0
0
0
0
0
0
0
0
0
0
-1105
-2850
-824
-1722
-16385
0
0
0
0
0
0
0
0
0
0
0
-2348
-1475
-2654
-174
-1758
0
0
0
0
0
0
0
0
0
0
0
226
-3503
18
-1648
-16265
0
0
0
0
0
0
0
0
0
0
0
-2274
-1423
-2681
-619
-1711
0
0
0
0
0
0
0
0
0
0
0
261
-3409
1210
-1538
-15088
0
0
0
0
0
0
0
0
0
0
0
-2174
-1219
-2740
-1166
-1829
0
0
0
0
0
0
0
0
0
0
0
-55
-2043
227
-1692
-14520
0
0
0
0
0
0
0
0
0
0
0
-2743
-2240
324
-915
-3491
0
0
0
0
0
0
0
0
0
0
0
-3319
-4739
-3661
-3452
-22729
0
0
0
0
0
0
0
0
0
0
0
-4221
-3543
43
-1106
-3257
0
0
0
0
0
0
0
0
0
0
0
-4340
-3838
-126
-3317
-22104
0
0
0
0
0
0
0
0
0
0
0
-7223
-6711
-3434
-6138
-5841
0
0
0
0
0
0
0
0
0
0
0
-5300
-4955
3189
-5891
-14092
0
0
0
0
0
0
0
0
0
0
0
-7026
-6703
-6128
-8357
-6314
0
0
0
0
0
0
0
0
0
0
0
-5465
-5567
7287
-6048
-11604
0
0
0
0
0
0
0
0
0
0
0
-2287
-2036
-2376
-2355
-2127
0
0
0
0
0
0
0
0
0
0
0
-3226
-139
1756
-1907
-23887
0
0
0
0
0
0
0
0
0
0
0
-1693
-177
-708
-391
-997
0
0
0
0
0
0
0
0
0
0
0
-1783
-716
-69
-993
-19513
0
0
0
0
0
0
0
0
0
0
0
-2272
-43
-2013
-323
-1583
0
0
0
0
0
0
0
0
0
0
0
-2335
-2596
1283
-1403
-13551
0
0
0
0
0
0
0
0
0
0
0
-2105
-1735
-2401
-772
-1796
0
0
0
0
0
0
0
0
0
0
0
-555
-2593
1035
-1649
-16073
0
0
0
0
0
0
0
0
0
0
0
-2280
-2445
-838
1867
-2532
0
0
0
0
0
0
0
0
0
0
0
-3513
-3634
-2898
-2678
-21239
0
0
0
0
0
0
0
0
0
0
0
-4150
-3737
-3375
602
-3737
0
0
0
0
0
0
0
0
0
0
0
-5928
-3981
611
-3924
-17646
0
0
0
0
0
0
0
0
0
0
0
-7731
-6916
-7563
-5225
-6182
0
0
0
0
0
0
0
0
0
0
0
-7336
-3486
5082
-6237
-23740
0
0
0
0
0
0
0
0
0
0
0
-10572
-10086
-10087
-12514
-9188
0
0
0
0
0
0
0
0
0
0
0
-8327
-7837
10240
-8931
-4065
0
0
0
0
0
0
0
0
0
0
0
-4520
-6115
-4785
-6216
-4410
0
0
0
0
0
0
0
0
0
0
0
-6016
1256
3239
-3879
-27412
0
0
0
0
0
0
0
0
0
0
0
-2750
-4419
-3178
-5035
-4019
0
0
0
0
0
0
0
0
0
0
0
-5222
-401
1087
-3779
-25628
0
0
0
0
0
0
0
0
0
0
0
-1533
-1816
-1947
-2776
-2197
0
0
0
0
0
0
0
0
0
0
0
-3662
-2103
2687
-2121
-19237
0
0
0
0
0
0
0
0
0
0
0
-1733
-1771
-449
-1166
-1324
0
0
0
0
0
0
0
0
0
0
0
-182
-2190
371
-1165
-16968
0
0
0
0
0
0
0
0
0
0
0
-3065
-2995
-2594
844
-3228
0
0
0
0
0
0
0
0
0
0
0
-3298
-2572
-3132
-3367
-12317
0
0
0
0
0
0
0
0
0
0
0
-4619
-4796
-3417
1223
-4035
0
0
0
0
0
0
0
0
0
0
0
-5801
-2013
-1867
-4424
-12230
0
0
0
0
0
0
0
0
0
0
0
-4316
-4846
-5358
760
-3581
0
0
0
0
0
0
0
0
0
0
0
-4809
-1865
-76
-3718
-21571
0
0
0
0
0
0
0
0
0
0
0
-4960
-5995
-6832
-749
-4701
0
0
0
0
0
0
0
0
0
0
0
-3918
-2929
738
-4585
-24727
0
0
0
0
0
0
0
0
0
0
0
-6152
-6698
-7344
-3743
-5714
0
0
0
0
0
0
0
0
0
0
0
-6241
-2970
3831
-5592
-27065
0
0
0
0
0
0
0
0
0
0
0
-13877
-12822
-13910
-13872
-13724
0
0
0
0
0
0
0
0
0
0
0
-13867
-13023
12003
-13736
16988
0
0
0
0
0
0
0
0
0
0
0
-7939
-6605
-6656
-7759
-7121
0
0
0
0
0
0
0
0
0
0
0
-9504
-6386
8765
-6839
-17296
0
0
0
0
0
0
0
0
0
0
0
-2191
-1985
654
-596
-1943
0
0
0
0
0
0
0
0
0
0
0
-2133
-1338
-1671
-1668
-24634
0
0
0
0
0
0
0
0
0
0
0
-2825
-2414
-98
-1807
-2879
0
0
0
0
0
0
0
0
0
0
0
-1676
-1104
-3902
-2763
-16944
0
0
0
0
0
0
0
0
0
0
0
-3811
-2615
-286
117
-3125
0
0
0
0
0
0
0
0
0
0
0
-3948
-1268
-4341
-3252
-23540
0
0
0
0
0
0
0
0
0
0
0
-3720
-3889
-3121
-585
-3022
0
0
0
0
0
0
0
0
0
0
0
-2677
-1071
-1650
-3188
-17677
0
0
0
0
0
0
0
0
0
0
0
-4028
-4700
-4879
-34
-3103
0
0
0
0
0
0
0
0
0
0
0
-2426
-1290
-158
-3326
-18652
0
0
0
0
0
0
0
0
0
0
0
-5485
-5263
-5421
-171
-4552
0
0
0
0
0
0
0
0
0
0
0
-5161
-4650
2372
-4783
-16410
0
0
0
0
0
0
0
0
0
0
0
-6980
-4266
-4416
-1770
-6490
0
0
0
0
0
0
0
0
0
0
0
-8304
-7277
2105
-6413
-19335
0
0
0
0
0
0
0
0
0
0
0
-5496
-3206
-2693
-2420
-4669
0
0
0
0
0
0
0
0
0
0
0
-6760
-4083
2232
-4408
-21915
0
0
0
0
0
0
0
0
0
0
0
-2147
-1729
259
-1706
-1935
0
0
0
0
0
0
0
0
0
0
0
-1426
-2065
-680
-1791
-13615
0
0
0
0
0
0
0
0
0
0
0
-2358
-1431
-8
-1799
-2267
0
0
0
0
0
0
0
0
0
0
0
-1681
-934
-2106
-2012
-14613
0
0
0
0
0
0
0
0
0
0
0
-3398
-2222
-448
-1209
-3191
0
0
0
0
0
0
0
0
0
0
0
-4067
-1588
-2922
-3011
-12845
0
0
0
0
0
0
0
0
0
0
0
-3877
-3910
-3185
-658
-3847
0
0
0
0
0
0
0
0
0
0
0
-4968
-1096
-1658
-3621
-12891
0
0
0
0
0
0
0
0
0
0
0
-3527
-3789
-3650
1040
-2705
0
0
0
0
0
0
0
0
0
0
0
-3541
-1769
176
-2662
-16724
0
0
0
0
0
0
0
0
0
0
0
-2973
-2625
-1093
2281
-2092
0
0
0
0
0
0
0
0
0
0
0
-2805
-2345
-1896
-2109
-17043
0
0
0
0
0
0
0
0
0
0
0
-3517
-2318
-1662
2636
-2832
0
0
0
0
0
0
0
0
0
0
0
-2815
-3161
-4211
-2860
-16937
0
0
0
0
0
0
0
0
0
0
0
-2609
-2278
-558
460
-2511
0
0
0
0
0
0
0
0
0
0
0
-2583
-2815
-2745
-2506
-17843
0
0
0
0
0
0
0
0
0
0
0
-1851
-1634
-1143
-1926
-1892
0
0
0
0
0
0
0
0
0
0
0
-1605
-2116
763
-1815
-12725
0
0
0
0
0
0
0
0
0
0
0
0
0
0
0
0
0
0
0
0
0
0
0
0
0
0
0
0
0
0
0
0
0
0
0
0
0
0
0
0
0
0
0
0
0
0
0
0
0
0
0
0
0
0
0
0
0
0
0
0
0
0
0
0
0
0
0
0
0
0
0
0
0
0
0
0
0
0
0
0
0
0
0
0
0
0
0
0
0
0
0
0
0
0
0
0
0
0
0
0
0
0
0
0
0
0
0
0
0
0
0
0
0
0
0
0
0
0
0
0
0
0
0
0
0
0
0
0
0
0
0
0
0
0
0
0
0
0
0
0
0
0
0
0
0
0
0
0
0
0
0
0
0
0
0
0
0
0
0
0
0
0
0
0
0
0
0
0
0
0
0
0
0
0
0
0
0
0
0
0
0
0
0
0
0
0
0
0
0
0
0
0
0
0
0
0
0
0
0
0
0
0
0
0
0
0
0
0
0
0
0
0
0
0
0
0
0
0
0
0
0
0
0
0
0
0
0
0
0
0
0
0
0
0
0
0
0
0
0
0
0
0
0
0
0
0
0
0
0
0
0
0
0
0
0
0
0
0
0
0
0
0
0
0
0
0
0
0
0
0
0
0
0
0
0
0
0
0
0
0
0
0
0
0
0
0
0
0
0
0
0
0
0
0
0
0
0
0
0
0
0
0
0
0
0
0
0
0
0
0
0
0
0
0
0
0
0
0
0
0
0
0
0
0
0
0
0
0
0
0
0
0
0
0
0
0
0
0
0
0
0
0
0
0
0
0
0
0
0
0
0
0
0
0
0
0
0
0
0
0
0
0
0
0
0
0
0
0
0
0
0
0
0
0
0
0
0
0
0
0
0
0
0
0
0
0
0
0
0
0
0
0
0
0
0
0
0
0
0
0
0
0
0
0
0
0
0
0
0
0
0
0
0
0
0
0
0
0
0
0
0
0
0
0
0
0
0
0
0
0
0
0
0
0
0
0
0
0
0
0
0
0
0
0
0
0
0
0
0
0
0
0
0
0
0
0
0
0
0
0
0
0
0
0
0
0
0
0
0
0
0
0
0
0
0
0
0
0
0
0
0
0
0
0
0
0
0
0
0
0
0
0
0
0
0
0
0
0
0
0
0
0
0
0
0
0
0
0
0
0
0
0
0
0
0
0
0
0
0
0
0
0
0
0
0
0
0
0
0
0
0
0
0
0
0
0
0
0
0
0
0
0
0
0
0
0
0
0
0
0
0
0
0
0
0
0
0
0
0
0
0
0
0
0
0
0
0
0
0
0
0
0
0
0
0
0
0
0
0
0
0
0
0
0
0
0
0
0
0
0
0
0
0
0
0
0
0
0
0
0
0
0
0
0
0
0
0
0
0
0
0
0
0
0
0
0
0
0
0
0
0
0
0
0
0
0
0
0
0
0
0
0
0
0
0
0
0
0
0
0
0
0
0
0
0
0
0
0
0
0
0
0
0
0
0
0
0
0
0
0
0
0
0
0
0
0
0
0
0
0
0
0
0
0
0
0
0
0
0
0
0
0
0
0
0
0
0
0
0
0
0
0
0
0
0
0
0
0
0
0
0
0
0
0
0
0
0
0
0
0
0
0
0
0
0
0
0
0
0
0
0
0
0
0
0
0
0
0
0
0
0
0
0
0
0
0
0
0
0
0
0
0
0
0
0
0
0
0
0
0
0
0
0
0
0
0
0
0
0
0
0
0
0
0
0
0
0
0
0
0
0
0
0
0
0
0
0
0
0
0
0
0
0
0
0
0
0
0
0
0
0
0
0
0
0
0
0
0
0
0
0
0
0
0
0
0
0
0
0
0
0
0
0
0
0
0
0
0
0
0
0
0
0
0
0
0
0
0
0
0
0
0
0
0
0
0
0
0
0
0
0
0
0
0
0
0
0
0
0
0
0
0
0
0
0
0
0
0
0
0
0
0
0
0
0
0
0
0
0
0
0
0
0
0
0
0
0
0
0
0
0
0
0
0
0
0
0
0
0
0
0
0
0
0
0
0
0
0
0
0
0
0
0
0
0
0
0
0
0
0
0
0
0
0
0
0
0
0
0
0
0
0
0
0
0
0
0
0
0
0
0
0
0
0
0
0
0
0
0
0
0
0
0
0
0
0
0
0
0
0
0
0
0
0
0
0
0
0
0
0
0
0
0
0
0
0
0
0
0
0
0
0
0
0
0
0
0
0
0
0
0
0
0
0
0
0
0
0
0
0
0
0
0
0
0
0
0
0
0
0
0
0
0
0
0
0
0
0
0
0
0
0
0
0
0
0
0
0
0
0
0
0
0
0
0
0
0
0
0
0
0
0
0
0
0
0
0
0
0
0
0
0
0
0
0
0
0
0
0
0
0
0
0
0
0
0
0
0
0
0
0
0
0
0
0
0
0
0
0
0
0
0
0
0
0
0
0
0
0
0
0
0
0
0
0
0
0
0
0
0
0
0
0
0
0
0
0
0
0
0
0
0
0
0
0
0
0
0
0
0
0
0
0
0
0
0
0
0
0
0
0
0
0
0
0
0
0
0
0
0
0
0
0
0
0
0
0
0
0
0
0
0
0
0
0
0
0
0
0
0
0
0
0
0
0
0
0
0
0
0
0
0
0
0
0
0
0
0
0
0
0
0
0
0
0
0
0
0
0
0
0
0
0
0
0
0
0
0
0
0
0
0
0
0
0
0
0
0
0
0
0
0
0
0
0
0
0
0
0
0
0
0
0
0
0
0
0
0
0
0
0
0
0
0
0
0
0
0
0
0
0
0
0
0
0
0
0
0
0
0
0
0
0
0
0
0
0
0
0
0
0
0
0
0
0
0
0
0
0
0
0
0
0
0
0
0
0
0
0
0
0
0
0
0
0
0
0
0
0
0
0
0
0
0
0
0
0
0
0
0
0
0
0
0
0
0
0
0
0
0
0
0
0
0
0
0
0
0
0
0
0
0
0
0
0
0
0
0
0
0
0
0
0
0
0
0
0
0
0
0
0
0
0
0
0
0
0
0
0
0
0
0
0
0
0
0
0
0
0
0
0
0
0
0
0
0
0
0
0
0
0
0
0
0
0
0
0
0
0
0
0
0
0
0
0
0
0
0
0
0
0
0
0
0
0
0
0
0
0
0
0
0
0
0
0
0
0
0
0
0
0
0
0
0
0
0
0
0
0
0
0
0
0
0
0
0
0
0
0
0
0
0
0
0
0
0
0
0
0
0
0
0
0
0
0
0
0
0
0
0
0
0
0
0
0
0
0
0
0
0
0
0
0
0
0
0
0
0
0
0
0
0
0
0
0
0
0
0
0
0
0
0
0
0
0
0
0
0
0
0
0
0
0
0
0
0
0
0
0
0
0
0
0
0
0
0
0
0
0
0
0
0
0
0
0
0
0
0
0
0
0
0
0
0
0
0
0
0
0
0
0
0
0
0
0
0
0
0
0
0
0
0
0
0
0
0
0
0
0
0
0
0
0
0
0
0
0
0
0
0
0
0
0
0
0
0
0
0
0
0
0
0
0
0
0
0
0
0
0
0
0
0
0
0
0
0
0
0
0
0
0
0
0
0
0
0
0
0
0
0
0
0
0
0
0
0
0
0
0
0
0
0
0
0
0
0
0
0
0
0
0
0
0
0
0
0
0
0
0
0
0
0
0
0
0
0
0
0
0
0
0
0
0
0
0
0
0
0
0
0
0
0
0
0
0
0
0
0
0
0
0
0
0
0
0
0
0
0
0
0
0
0
0
0
0
0
0
0
0
0
0
0
0
0
0
0
0
0
0
0
0
0
0
0
0
0
0
0
0
0
0
0
0
0
0
0
0
0
0
0
0
0
0
0
0
0
0
0
0
0
0
0
0
0
0
0
0
0
0
0
0
0
0
0
0
0
0
0
0
0
0
0
0
0
0
0
0
0
0
0
0
0
0
0
0
0
0
0
0
0
0
0
0
0
0
0
0
0
0
0
0
0
0
0
0
0
0
0
0
0
0
0
0
0
0
0
0
0
0
0
0
0
0
0
0
0
0
0
0
0
0
0
0
0
0
0
0
0
0
0
0
0
0
0
0
0
0
0
0
0
0
0
0
0
0
0
0
0
0
0
0
0
0
0
0
0
0
0
0
0
0
0
0
0
0
0
0
0
0
0
0
0
0
0
0
0
0
0
0
0
0
0
0
0
0
0
0
0
0
0
0
0
0
0
0
0
0
0
0
0
0
0
0
0
0
0
0
0
0
0
0
0
0
0
0
0
0
0
0
0
0
0
0
0
0
0
0
0
0
0
0
0
0
0
0
0
0
0
0
0
0
0
0
0
0
0
0
0
0
0
0
0
0
0
0
0
0
0
0
0
0
0
0
0
0
0
0
0
0
0
0
0
0
0
0
0
0
0
0
0
0
0
0
0
0
0
0
0
0
0
0
0
0
0
0
0
0
0
0
0
0
0
0
0
0
0
0
0
0
0
0
0
0
0
0
0
0
0
0
0
0
0
0
0
0
0
0
0
0
0
0
0
0
0
0
0
0
0
0
0
0
0
0
0
0
0
0
0
0
0
0
0
0
0
0
0
0
0
0
0
0
0
0
0
0
0
0
0
0
0
0
0
0
0
0
0
0
0
0
0
0
0
0
0
0
0
0
0
0
0
0
0
0
0
0
0
0
0
0
0
0
0
0
0
0
0
0
0
0
0
0
0
0
0
0
0
0
0
0
0
0
0
0
0
0
0
0
0
0
0
0
0
0
0
0
0
0
0
0
0
0
0
0
0
0
0
0
0
0
0
0
0
0
0
0
0
0
0
0
0
0
0
0
0
0
0
0
0
0
0
0
0
0
0
0
0
0
0
0
0
0
0
0
0
0
0
0
0
0
0
0
0
0
0
0
0
0
0
0
0
0
0
0
0
0
0
0
0
0
0
0
0
0
0
0
0
0
0
0
0
0
0
0
0
0
0
0
0
0
0
0
0
0
0
0
0
0
0
0
0
0
0
0
0
0
0
0
0
0
0
0
0
0
0
0
0
0
0
0
0
0
0
0
0
0
0
0
0
0
0
0
0
0
0
0
0
0
0
0
0
0
0
0
0
0
0
0
0
0
0
0
0
0
0
0
0
0
0
0
0
0
0
0
0
0
0
0
0
0
0
0
0
0
0
0
0
0
0
0
0
0
0
0
0
0
0
0
0
0
0
0
0
0
0
0
0
0
0
0
0
0
0
0
0
0
0
0
0
0
0
0
0
0
0
0
0
0
0
0
0
0
0
0
0
0
0
0
0
0
0
0
0
0
0
0
0
0
0
0
0
0
0
0
0
0
0
0
0
0
0
0
0
0
0
0
0
0
0
0
0
0
0
0
0
0
0
0
0
0
0
0
0
0
0
0
0
0
0
0
0
0
0
0
0
0
0
0
0
0
0
0
0
0
0
0
0
0
0
0
0
0
0
0
0
0
0
0
0
0
0
0
0
0
0
0
0
0
0
0
0
0
0
0
0
0
0
0
0
0
0
0
0
0
0
0
0
0
0
0
0
0
0
0
0
0
0
0
0
0
0
0
0
0
0
0
0
0
0
0
0
0
0
0
0
0
0
0
0
0
0
0
0
0
0
0
0
0
0
0
0
0
0
0
0
0
0
0
0
0
0
0
0
0
0
0
0
0
0
0
0
0
0
0
0
0
0
0
0
0
0
0
0
0
0
0
0
0
0
0
0
0
0
0
0
0
0
0
0
0
0
0
0
0
0
0
0
0
0
0
0
0
0
0
0
0
0
0
0
0
0
0
0
0
0
0
0
0
0
0
0
0
0
0
0
0
0
0
0
0
0
0
0
0
0
0
0
0
0
0
0
0
0
0
0
0
0
0
0
0
0
0
0
0
0
0
0
0
0
0
0
0
0
0
0
0
0
0
0
0
0
0
0
0
0
0
0
0
0
0
0
0
0
0
0
0
0
0
0
0
0
0
0
0
0
0
0
0
0
0
0
0
0
0
0
0
0
0
0
0
0
0
0
0
0
0
0
0
0
0
0
0
0
0
0
0
0
0
0
0
0
0
0
0
0
0
0
0
0
0
0
0
0
0
0
0
0
0
0
0
0
0
0
0
0
0
0
0
0
0
0
0
0
0
0
0
0
0
0
0
0
0
0
0
0
0
0
0
0
0
0
0
0
0
0
0
0
0
0
0
0
0
0
0
0
0
0
0
0
0
0
0
0
0
0
0
0
0
0
0
0
0
0
0
0
0
0
0
0
0
0
0
0
0
0
0
0
0
0
0
0
0
0
0
0
0
0
0
0
0
0
0
0
0
0
0
0
0
0
0
0
0
0
0
0
0
0
0
0
0
0
0
0
0
0
0
0
0
0
0
0
0
0
0
0
0
0
0
0
0
0
0
0
0
0
0
0
0
0
0
0
0
0
0
0
0
0
0
0
0
0
0
0
0
0
0
0
0
0
0
0
0
0
0
0
0
0
0
0
0
0
0
0
0
0
0
0
0
0
0
0
0
0
0
0
0
0
0
0
0
0
0
0
0
0
0
0
0
0
0
0
0
0
0
0
0
0
0
0
0
0
0
0
0
0
0
0
0
0
0
0
0
0
0
0
0
0
0
0
0
0
0
0
0
0
0
0
0
0
0
0
0
0
0
0
0
0
0
0
0
0
0
0
0
0
0
0
0
0
0
0
0
0
0
0
0
0
0
0
0
0
0
0
0
0
0
0
0
0
0
0
0
0
0
0
0
0
0
0
0
0
0
0
0
0
0
0
0
0
0
0
0
0
0
0
0
0
0
0
0
0
0
0
0
0
0
0
0
0
0
0
0
0
0
0
0
0
0
0
0
0
0
0
0
0
0
0
0
0
0
0
0
0
0
0
0
0
0
0
0
0
0
0
0
0
0
0
0
0
0
0
0
0
0
0
0
0
0
0
0
0
0
0
0
0
0
0
0
0
0
0
0
0
0
0
0
0
0
0
0
0
0
0
0
0
0
0
0
0
0
0
0
0
0
0
0
0
0
0
0
0
0
0
0
0
0
0
0
0
0
0
0
0
0
0
0
0
0
0
0
0
0
0
0
0
0
0
0
0
0
0
0
0
0
0
0
0
0
0
0
0
0
0
0
0
0
0
0
0
0
0
0
0
0
0
0
0
0
0
0
0
0
0
0
0
0
0
0
0
0
0
0
0
0
0
0
0
0
0
0
0
0
0
0
0
0
0
0
0
0
0
0
0
0
0
0
0
0
0
0
0
0
0
0
0
0
0
0
0
0
0
0
0
0
0
0
0
0
0
0
0
0
0
0
0
0
0
0
0
0
0
0
0
0
0
0
0
0
0
0
0
0
0
0
0
0
0
0
0
0
0
0
0
0
0
0
0
0
0
0
0
0
0
0
0
0
0
0
0
0
0
0
0
0
0
0
0
0
0
0
0
0
0
0
0
0
0
0
0
0
0
0
0
0
0
0
0
0
0
0
0
0
0
0
0
0
0
0
0
0
0
0
0
0
0
0
0
0
0
0
0
0
0
0
0
0
0
0
0
0
0
0
0
0
0
0
0
0
0
0
0
0
0
0
0
0
0
0
0
0
0
0
0
0
0
0
0
0
0
0
0
0
0
0
0
0
0
0
0
0
0
0
0
0
0
0
0
0
0
0
0
0
0
0
0
0
0
0
0
0
0
0
0
0
0
0
0
0
0
0
0
0
0
0
0
0
0
0
0
0
0
0
0
0
0
0
0
0
0
0
0
0
0
0
0
0
0
0
0
0
0
0
0
0
0
0
0
0
0
0
0
0
0
0
0
0
0
0
0
0
0
0
0
0
0
0
0
0
0
0
0
0
0
0
0
0
0
0
0
0
0
0
0
0
0
0
0
0
0
0
0
0
0
0
0
0
0
0
0
0
0
0
0
0
0
0
0
0
0
0
0
0
0
0
0
0
0
0
0
0
0
0
0
0
0
0
0
0
0
0
0
0
0
0
0
0
0
0
0
0
0
0
0
0
0
0
0
0
0
0
0
0
0
0
0
0
0
0
0
0
0
0
0
0
0
0
0
0
0
0
0
0
0
0
0
0
0
0
0
0
0
0
0
0
0
0
0
0
0
0
0
0
0
0
0
0
0
0
0
0
0
0
0
0
0
0
0
0
0
0
0
0
0
0
0
0
0
0
0
0
0
0
0
0
0
0
0
0
0
0
0
0
0
0
0
0
0
0
0
0
0
0
0
0
0
0
0
0
0
0
0
0
0
0
0
0
0
0
0
0
0
0
0
0
0
0
0
0
0
0
0
0
0
0
0
0
0
0
0
0
0
0
0
0
0
0
0
0
0
0
0
0
0
0
0
0
0
0
0
0
0
0
0
0
0
0
0
0
0
0
0
0
0
0
0
0
0
0
0
0
0
0
0
0
0
0
0
0
0
0
0
0
0
0
0
0
0
0
0
0
0
0
0
0
0
0
0
0
0
0
0
0
0
0
0
0
0
0
0
0
0
0
0
0
0
0
0
0
0
0
0
0
0
0
0
0
0
0
0
0
0
0
0
0
0
0
0
0
0
0
0
0
0
0
0
0
0
0
0
0
0
0
0
0
0
0
0
0
0
0
0
0
0
0
0
0
0
0
0
0
0
0
0
0
0
0
0
0
0
0
0
0
0
0
0
0
0
0
0
0
0
0
0
0
0
0
0
0
0
0
0
0
0
0
0
0
0
0
0
0
0
0
0
0
0
0
0
0
0
0
0
0
0
0
0
0
0
0
0
0
0
0
0
0
0
0
0
0
0
0
0
0
0
0
0
0
0
0
0
0
0
0
0
0
0
0
0
0
0
0
0
0
0
0
0
0
0
0
0
0
0
0
0
0
0
0
0
0
0
0
0
0
0
0
0
0
0
0
0
0
0
0
0
0
0
0
0
0
0
0
0
0
0
0
0
0
0
0
0
0
0
0
0
0
0
0
0
0
0
0
0
0
0
0
0
0
0
0
0
0
0
0
0
0
0
0
0
0
0
0
0
0
0
0
0
0
0
0
0
0
0
0
0
0
0
0
0
0
0
0
0
0
0
0
0
0
0
0
0
0
0
0
0
0
0
0
0
0
0
0
0
0
0
0
0
0
0
0
0
0
0
0
0
0
0
0
0
0
0
0
0
0
0
0
0
0
0
0
0
0
0
0
0
0
0
0
0
0
0
0
0
0
0
0
0
0
0
0
0
0
0
0
0
0
0
0
0
0
0
0
0
0
0
0
0
0
0
0
0
0
0
0
0
0
0
0
0
0
0
0
0
0
0
0
0
0
0
0
0
0
0
0
0
0
0
0
0
0
0
0
0
0
0
0
0
0
0
0
0
0
0
0
0
0
0
0
0
0
0
0
0
0
0
0
0
0
0
0
0
0
0
0
0
0
0
0
0
0
0
0
0
0
0
0
0
0
0
0
0
0
0
0
0
0
0
0
0
0
0
0
0
0
0
0
0
0
0
0
0
0
0
0
0
0
0
0
0
0
0
0
0
0
0
0
0
0
0
0
0
0
0
0
0
0
0
0
0
0
0
0
0
0
0
0
0
0
0
0
0
0
0
0
0
0
0
0
0
0
0
0
0
0
0
0
0
0
0
0
0
0
0
0
0
0
0
0
0
0
0
0
0
0
0
0
0
0
0
0
0
0
0
0
0
0
0
0
0
0
0
0
0
0
0
0
0
0
0
0
0
0
0
0
0
0
0
0
0
0
0
0
0
0
0
0
0
0
0
0
0
0
0
0
0
0
0
0
0
0
0
0
0
0
0
0
0
0
0
0
0
0
0
0
0
0
0
0
0
0
0
0
0
0
0
0
0
0
0
0
0
0
0
0
0
0
0
0
0
0
0
0
0
0
0
0
0
0
0
0
0
0
0
0
0
0
0
0
0
0
0
0
0
0
0
0
0
0
0
0
0
0
0
0
0
0
0
0
0
0
0
0
0
0
0
0
0
0
0
0
0
0
0
0
0
0
0
0
0
0
0
0
0
0
0
0
0
0
0
0
0
0
0
0
0
0
0
0
0
0
0
0
0
0
0
0
0
0
0
0
0
0
0
0
0
0
0
0
0
0
0
0
0
0
0
0
0
0
0
0
0
0
0
0
0
0
0
0
0
0
0
0
0
0
0
0
0
0
0
0
0
0
0
0
0
0
0
0
0
0
0
0
0
0
0
0
0
0
0
0
0
0
0
0
0
0
0
0
0
0
0
0
0
0
0
0
0
0
0
0
0
0
0
0
0
0
0
0
0
0
0
0
0
0
0
0
0
0
0
0
0
0
0
0
0
0
0
0
0
0
0
0
0
0
0
0
0
0
0
0
0
0
0
0
0
0
0
0
0
0
0
0
0
0
0
0
0
0
0
0
0
0
0
0
0
0
0
0
0
0
0
0
0
0
0
0
0
0
0
0
0
0
0
0
0
0
0
0
0
0
0
0
0
0
0
0
0
0
0
0
0
0
0
0
0
0
0
0
0
0
0
0
0
0
0
0
0
0
0
0
0
0
0
0
0
0
0
0
0
0
0
0
0
0
0
0
0
0
0
0
0
0
0
0
0
0
0
0
0
0
0
0
0
0
0
0
0
0
0
0
0
0
0
0
0
0
0
0
0
0
0
0
0
0
0
0
0
0
0
0
0
0
0
0
0
0
0
0
0
0
0
0
0
0
0
0
0
0
0
0
0
0
0
0
0
0
0
0
0
0
0
0
0
0
0
0
0
0
0
0
0
0
0
0
0
0
0
0
0
0
0
0
0
0
0
0
0
0
0
0
0
0
0
0
0
0
0
0
0
0
0
0
0
0
0
0
0
0
0
0
0
0
0
0
0
0
0
0
0
0
0
0
0
0
0
0
0
0
0
0
0
0
0
0
0
0
0
0
0
0
0
0
0
0
0
0
0
0
0
0
0
0
0
0
0
0
0
0
0
0
0
0
0
0
0
0
0
0
0
0
0
0
0
0
0
0
0
0
0
0
0
0
0
0
0
0
0
0
0
0
0
0
0
0
0
0
0
0
0
0
0
0
0
0
0
0
0
0
0
0
0
0
0
0
0
0
0
0
0
0
0
0
0
0
0
0
0
0
0
0
0
0
0
0
0
0
0
0
0
0
0
0
0
0
0
0
0
0
0
0
0
0
0
0
0
0
0
0
0
0
0
0
0
0
0
0
0
0
0
0
0
0
0
0
0
0
0
0
0
0
0
0
0
0
0
0
0
0
0
0
0
0
0
0
0
0
0
0
0
0
0
0
0
0
0
0
0
0
0
0
0
0
0
0
0
0
0
0
0
0
0
0
0
0
0
0
0
0
0
0
0
0
0
0
0
0
0
0
0
0
0
0
0
0
0
0
0
0
0
0
0
0
0
0
0
0
0
0
0
0
0
0
0
0
0
0
0
0
0
0
0
0
0
0
0
0
0
0
0
0
0
0
0
0
0
0
0
0
0
0
0
0
0
0
0
0
0
0
0
0
0
0
0
0
0
0
0
0
0
0
0
0
0
0
0
0
0
0
0
0
0
0
0
0
0
0
0
0
0
0
0
0
0
0
0
0
0
0
0
0
0
0
0
0
0
0
0
0
0
0
0
0
0
0
0
0
0
0
0
0
0
0
0
0
0
0
0
0
0
0
0
0
0
0
0
0
0
0
0
0
0
0
0
0
0
0
0
0
0
0
0
0
0
0
0
0
0
0
0
0
0
0
0
0
0
0
0
0
0
0
0
0
0
0
0
0
0
0
0
0
0
0
0
0
0
0
0
0
0
0
0
0
0
0
0
0
0
0
0
0
0
0
0
0
0
0
0
0
0
0
0
0
0
0
0
0
0
0
0
0
0
0
0
0
0
0
0
0
0
0
0
0
0
0
0
0
0
0
0
0
0
0
0
0
0
0
0
0
0
0
0
0
0
0
0
0
0
0
0
0
0
0
0
0
0
0
0
0
0
0
0
0
0
0
0
0
0
0
0
0
0
0
0
0
0
0
0
0
0
0
0
0
0
0
0
0
0
0
0
0
0
0
0
0
0
0
0
0
0
0
0
0
0
0
0
0
0
0
0
0
0
0
0
0
0
0
0
0
0
0
0
0
0
0
0
0
0
0
0
0
0
0
0
0
0
0
0
0
0
0
0
0
0
0
0
0
0
0
0
0
0
0
0
0
0
0
0
0
0
0
0
0
0
0
0
0
0
0
0
0
0
0
0
0
0
0
0
0
0
0
0
0
0
0
0
0
0
0
0
0
0
0
0
0
0
0
0
0
0
0
0
0
0
0
0
0
0
0
0
0
0
0
0
0
0
0
0
0
0
0
0
0
0
0
0
0
0
0
0
0
0
0
0
0
0
0
0
0
0
0
0
0
0
0
0
0
0
0
0
0
0
0
0
0
0
0
0
0
0
0
0
0
0
0
0
0
0
0
0
0
0
0
0
0
0
0
0
0
0
0
0
0
0
0
0
0
0
0
0
0
0
0
0
0
0
0
0
0
0
0
0
0
0
0
0
0
0
0
0
0
0
0
0
0
0
0
0
0
0
0
0
0
0
0
0
0
0
0
0
0
0
0
0
0
0
0
0
0
0
0
0
0
0
0
0
0
0
0
0
0
0
0
0
0
0
0
0
0
0
0
0
0
0
0
0
0
0
0
0
0
0
0
0
0
0
0
0
0
0
0
0
0
0
0
0
0
0
0
0
0
0
0
0
0
0
0
0
0
0
0
0
0
0
0
0
0
0
0
0
0
0
0
0
0
0
0
0
0
0
0
0
0
0
0
0
0
0
0
0
0
0
0
0
0
0
0
0
0
0
0
0
0
0
0
0
0
0
0
0
0
0
0
0
0
0
0
0
0
0
0
0
0
0
0
0
0
0
0
0
0
0
0
0
0
0
0
0
0
0
0
0
0
0
0
0
0
0
0
0
0
0
0
0
0
0
0
0
0
0
0
0
0
0
0
0
0
0
0
0
0
0
0
0
0
0
0
0
0
0
0
0
0
0
0
0
0
0
0
0
0
0
0
0
0
0
0
0
0
0
0
0
0
0
0
0
0
0
0
0
0
0
0
0
0
0
0
0
0
0
0
0
0
0
0
0
0
0
0
0
0
0
0
0
0
0
0
0
0
0
0
0
0
0
0
0
0
0
0
0
0
0
0
0
0
0
0
0
0
0
0
0
0
0
0
0
0
0
0
0
0
0
0
0
0
0
0
0
0
0
0
0
0
0
0
0
0
0
0
0
0
0
0
0
0
0
0
0
0
0
0
0
0
0
0
0
0
0
0
0
0
0
0
0
0
0
0
0
0
0
0
0
0
0
0
0
0
0
0
0
0
0
0
0
0
0
0
0
0
0
0
0
0
0
0
0
0
0
0
0
0
0
0
0
0
0
0
0
0
0
0
0
0
0
0
0
0
0
0
0
0
0
0
0
0
0
0
0
0
0
0
0
0
0
0
0
0
0
0
0
0
0
0
0
0
0
0
0
0
0
0
0
0
0
0
0
0
0
0
0
0
0
0
0
0
0
0
0
0
0
0
0
0
0
0
0
0
0
0
0
0
0
0
0
0
0
0
0
0
0
0
0
0
0
0
0
0
0
0
0
0
0
0
0
0
0
0
0
0
0
0
0
0
0
0
0
0
0
0
0
0
0
0
0
0
0
0
0
0
0
0
0
0
0
0
0
0
0
0
0
0
0
0
0
0
0
0
0
0
0
0
0
0
0
0
0
0
0
0
0
0
0
0
0
0
0
0
0
0
0
0
0
0
0
0
0
0
0
0
0
0
0
0
0
0
0
0
0
0
0
0
0
0
0
0
0
0
0
0
0
0
0
0
0
0
0
0
0
0
0
0
0
0
0
0
0
0
0
0
0
0
0
0
0
0
0
0
0
0
0
0
0
0
0
0
0
0
0
0
0
0
0
0
0
0
0
0
0
0
0
0
0
0
0
0
0
0
0
0
0
0
0
0
0
0
0
0
0
0
0
0
0
0
0
0
0
0
0
0
0
0
0
0
0
0
0
0
0
0
0
0
0
0
0
0
0
0
0
0
0
0
0
0
0
0
0
0
0
0
0
0
0
0
0
0
0
0
0
0
0
0
0
0
0
0
0
0
0
0
0
0
0
0
0
0
0
0
0
0
0
0
0
0
0
0
0
0
0
0
0
0
0
0
0
0
0
0
0
0
0
0
0
0
0
0
0
0
0
0
0
0
0
0
0
0
0
0
0
0
0
0
0
0
0
0
0
0
0
0
0
0
0
0
0
0
0
0
0
0
0
0
0
0
0
0
0
0
0
0
0
0
0
0
0
0
0
0
0
0
0
0
0
0
0
0
0
0
0
0
0
0
0
0
0
0
0
0
0
0
0
0
0
0
0
0
0
0
0
0
0
0
0
0
0
0
0
0
0
0
0
0
0
0
0
0
0
0
0
0
0
0
0
0
0
0
0
0
0
0
0
0
0
0
0
0
0
0
0
0
0
0
0
0
0
0
0
0
0
0
0
0
0
0
0
0
0
0
0
0
0
0
0
0
0
0
0
0
0
0
0
0
0
0
0
0
0
0
0
0
0
0
0
0
0
0
0
0
0
0
0
0
0
0
0
0
0
0
0
0
0
0
0
0
0
0
0
0
0
0
0
0
0
0
0
0
0
0
0
0
0
0
0
0
0
0
0
0
0
0
0
0
0
0
0
0
0
0
0
0
0
0
0
0
0
0
0
0
0
0
0
0
0
0
0
0
0
0
0
0
0
0
0
0
0
0
0
0
0
0
0
0
0
0
0
0
0
0
0
0
0
0
0
0
0
0
0
0
0
0
0
0
0
0
0
0
0
0
0
0
0
0
0
0
0
0
0
0
0
0
0
0
0
0
0
0
0
0
0
0
0
0
0
0
0
0
0
0
0
0
0
0
0
0
0
0
0
0
0
0
0
0
0
0
0
0
0
0
0
0
0
0
0
0
0
0
0
0
0
0
0
0
0
0
0
0
0
0
0
0
0
0
0
0
0
0
0
0
0
0
0
0
0
0
0
0
0
0
0
0
0
0
0
0
0
0
0
0
0
0
0
0
0
0
0
0
0
0
0
0
0
0
0
0
0
0
0
0
0
0
0
0
0
0
0
0
0
0
0
0
0
0
0
0
0
0
0
0
0
0
0
0
0
0
0
0
0
0
0
0
0
0
0
0
0
0
0
0
0
0
0
0
0
0
0
0
0
0
0
0
0
0
0
0
0
0
0
0
0
0
0
0
0
0
0
0
0
0
0
0
0
0
0
0
0
0
0
0
0
0
0
0
0
0
0
0
0
0
0
0
0
0
0
0
0
0
0
0
0
0
0
0
0
0
0
0
0
0
0
0
0
0
0
0
0
0
0
0
0
0
0
0
0
0
0
0
0
0
0
0
0
0
0
0
0
0
0
0
0
0
0
0
0
0
0
0
0
0
0
0
0
0
0
0
0
0
0
0
0
0
0
0
0
0
0
0
0
0
0
0
0
0
0
0
0
0
0
0
0
0
0
0
0
0
0
0
0
0
0
0
0
0
0
0
0
0
0
0
0
0
0
0
0
0
0
0
0
0
0
0
0
0
0
0
0
0
0
0
0
0
0
0
0
0
0
0
0
0
0
0
0
0
0
0
0
0
0
0
0
0
0
0
0
0
0
0
0
0
0
0
0
0
0
0
0
0
0
0
0
0
0
0
0
0
0
0
0
0
0
0
0
0
0
0
0
0
0
0
0
0
0
0
0
0
0
0
0
0
0
0
0
0
0
0
0
0
0
0
0
0
0
0
0
0
0
0
0
0
0
0
0
0
0
0
0
0
0
0
0
0
0
0
0
0
0
0
0
0
0
0
0
0
0
0
0
0
0
0
0
0
0
0
0
0
0
0
0
0
0
0
0
0
0
0
0
0
0
0
0
0
0
0
0
0
0
0
0
0
0
0
0
0
0
0
0
0
0
0
0
0
0
0
0
0
0
0
0
0
0
0
0
0
0
0
0
0
0
0
0
0
0
0
0
0
0
0
0
0
0
0
0
0
0
0
0
0
0
0
0
0
0
0
0
0
0
0
0
0
0
0
0
0
0
0
0
0
0
0
0
0
0
0
0
0
0
0
0
0
0
0
0
0
0
0
0
0
0
0
0
0
0
0
0
0
0
0
0
0
0
0
0
0
0
0
0
0
0
0
0
0
0
0
0
0
0
0
0
0
0
0
0
0
0
0
0
0
0
0
0
0
0
0
0
0
0
0
0
0
0
0
0
0
0
0
0
0
0
0
0
0
0
0
0
0
0
0
0
0
0
0
0
0
0
0
0
0
0
0
0
0
0
0
0
0
0
0
0
0
0
0
0
0
0
0
0
0
0
0
0
0
0
0
0
0
0
0
0
0
0
0
0
0
0
0
0
0
0
0
0
0
0
0
0
0
0
0
0
0
0
0
0
0
0
0
0
0
0
0
0
0
0
0
0
0
0
0
0
0
0
0
0
0
0
0
0
0
0
0
0
0
0
0
0
0
0
0
0
0
0
0
0
0
0
0
0
0
0
0
0
0
0
0
0
0
0
0
0
0
0
0
0
0
0
0
0
0
0
0
0
0
0
0
0
0
0
0
0
0
0
0
0
0
0
0
0
0
0
0
0
0
0
0
0
0
0
0
0
0
0
0
0
0
0
0
0
0
0
0
0
0
0
0
0
0
0
0
0
0
0
0
0
0
0
0
0
0
0
0
0
0
0
0
0
0
0
0
0
0
0
0
0
0
0
0
0
0
0
0
0
0
0
0
0
0
0
0
0
0
0
0
0
0
0
0
0
0
0
0
0
0
0
0
0
0
0
0
0
0
0
0
0
0
0
0
0
0
0
0
0
0
0
0
0
0
0
0
0
0
0
0
0
0
0
0
0
0
0
0
0
0
0
0
0
0
0
0
0
0
0
0
0
0
0
0
0
0
0
0
0
0
0
0
0
0
0
0
0
0
0
0
0
0
0
0
0
0
0
0
0
0
0
0
0
0
0
0
0
0
0
0
0
0
0
0
0
0
0
0
0
0
0
0
0
0
0
0
0
0
0
0
0
0
0
0
0
0
0
0
0
0
0
0
0
0
0
0
0
0
0
0
0
0
0
0
0
0
0
0
0
0
0
0
0
0
0
0
0
0
0
0
0
0
0
0
0
0
0
0
0
0
0
0
0
0
0
0
0
0
0
0
0
0
0
0
0
0
0
0
0
0
0
0
0
0
0
0
0
0
0
0
0
0
0
0
0
0
0
0
0
0
0
0
0
0
0
0
0
0
0
0
0
0
0
0
0
0
0
0
0
0
0
0
0
0
0
0
0
0
0
0
0
0
0
0
0
0
0
0
0
0
0
0
0
0
0
0
0
0
0
0
0
0
0
0
0
0
0
0
0
0
0
0
0
0
0
0
0
0
0
0
0
0
0
0
0
0
0
0
0
0
0
0
0
0
0
0
0
0
0
0
0
0
0
0
0
0
0
0
0
0
0
0
0
0
0
0
0
0
0
0
0
0
0
0
0
0
0
0
0
0
0
0
0
0
0
0
0
0
0
0
0
0
0
0
0
0
0
0
0
0
0
0
0
0
0
0
0
0
0
0
0
0
0
0
0
0
0
0
0
0
0
0
0
0
0
0
0
0
0
0
0
0
0
0
0
0
0
0
0
0
0
0
0
0
0
0
0
0
0
0
0
0
0
0
0
0
0
0
0
0
0
0
0
0
0
0
0
0
0
0
0
0
0
0
0
0
0
0
0
0
0
0
0
0
0
0
0
0
0
0
0
0
0
0
0
0
0
0
0
0
0
0
0
0
0
0
0
0
0
0
0
0
0
0
0
0
0
0
0
0
0
0
0
0
0
0
0
0
0
0
0
0
0
0
0
0
0
0
0
0
0
0
0
0
0
0
0
0
0
0
0
0
0
0
0
0
0
0
0
0
0
0
0
0
0
0
0
0
0
0
0
0
0
0
0
0
0
0
0
0
0
0
0
0
0
0
0
0
0
0
0
0
0
0
0
0
0
0
0
0
0
0
0
0
0
0
0
0
0
0
0
0
0
0
0
0
0
0
0
0
0
0
0
0
0
0
0
0
0
0
0
0
0
0
0
0
0
0
0
0
0
0
0
0
0
0
0
0
0
0
0
0
0
0
0
0
0
0
0
0
0
0
0
0
0
0
0
0
0
0
0
0
0
0
0
0
0
0
0
0
0
0
0
0
0
0
0
0
0
0
0
0
0
0
0
0
0
0
0
0
0
0
0
0
0
0
0
0
0
0
0
0
0
0
0
0
0
0
0
0
0
0
0
0
0
0
0
0
0
0
0
0
0
0
0
0
0
0
0
0
0
0
0
0
0
0
0
0
0
0
0
0
0
0
0
0
0
0
0
0
0
0
0
0
0
0
0
0
0
0
0
0
0
0
0
0
0
0
0
0
0
0
0
0
0
0
0
0
0
0
0
0
0
0
0
0
0
0
0
0
0
0
0
0
0
0
0
0
0
0
0
0
0
0
0
0
0
0
0
0
0
0
0
0
0
0
0
0
0
0
0
0
0
0
0
0
0
0
0
0
0
0
0
0
0
0
0
0
0
0
0
0
0
0
0
0
0
0
0
0
0
0
0
0
0
0
0
0
0
0
0
0
0
0
0
0
0
0
0
0
0
0
0
0
0
0
0
0
0
0
0
0
0
0
0
0
0
0
0
0
0
0
0
0
0
0
0
0
0
0
0
0
0
0
0
0
0
0
0
0
0
0
0
0
0
0
0
0
0
0
0
0
0
0
0
0
0
0
0
0
0
0
0
0
0
0
0
0
0
0
0
0
0
0
0
0
0
0
0
0
0
0
0
0
0
0
0
0
0
0
0
0
0
0
0
0
0
0
0
0
0
0
0
0
0
0
0
0
0
0
0
0
0
0
0
0
0
0
0
0
0
0
0
0
0
0
0
0
0
0
0
0
0
0
0
0
0
0
0
0
0
0
0
0
0
0
0
0
0
0
0
0
0
0
0
0
0
0
0
0
0
0
0
0
0
0
0
0
0
0
0
0
0
0
0
0
0
0
0
0
0
0
0
0
0
0
0
0
0
0
0
0
0
0
0
0
0
0
0
0
0
0
0
0
0
0
0
0
0
0
0
0
0
0
0
0
0
0
0
0
0
0
0
0
0
0
0
0
0
0
0
0
0
0
0
0
0
0
0
0
0
0
0
0
0
0
0
0
0
0
0
0
0
0
0
0
0
0
0
0
0
0
0
0
0
0
0
0
0
0
0
0
0
0
0
0
0
0
0
0
0
0
0
0
0
0
0
0
0
0
0
0
0
0
0
0
0
0
0
0
0
0
0
0
0
0
0
0
0
0
0
0
0
0
0
0
0
0
0
0
0
0
0
0
0
0
0
0
0
0
0
0
0
0
0
0
0
0
0
0
0
0
0
0
0
0
0
0
0
0
0
0
0
0
0
0
0
0
0
0
0
0
0
0
0
0
0
0
0
0
0
0
0
0
0
0
0
0
0
0
0
0
0
0
0
0
0
0
0
0
0
0
0
0
0
0
0
0
0
0
0
0
0
0
0
0
0
0
0
0
0
0
0
0
0
0
0
0
0
0
0
0
0
0
0
0
0
0
0
0
0
0
0
0
0
0
0
0
0
0
0
0
0
0
0
0
0
0
0
0
0
0
0
0
0
0
0
0
0
0
0
0
0
0
0
0
0
0
0
0
0
0
0
0
0
0
0
0
0
0
0
0
0
0
0
0
0
0
0
0
0
0
0
0
0
0
0
0
0
0
0
0
0
0
0
0
0
0
0
0
0
0
0
0
0
0
0
0
0
0
0
0
0
0
0
0
0
0
0
0
0
0
0
0
0
0
0
0
0
0
0
0
0
0
0
0
0
0
0
0
0
0
0
0
0
0
0
0
0
0
0
0
0
0
0
0
0
0
0
0
0
0
0
0
0
0
0
0
0
0
0
0
0
0
0
0
0
0
0
0
0
0
0
0
0
0
0
0
0
0
0
0
0
0
0
0
0
0
0
0
0
0
0
0
0
0
0
0
0
0
0
0
0
0
0
0
0
0
0
0
0
0
0
0
0
0
0
0
0
0
0
0
0
0
0
0
0
0
0
0
0
0
0
0
0
0
0
0
0
0
0
0
0
0
0
0
0
0
0
0
0
0
0
0
0
0
0
0
0
0
0
0
0
0
0
0
0
0
0
0
0
0
0
0
0
0
0
0
0
0
0
0
0
0
0
0
0
0
0
0
0
0
0
0
0
0
0
0
0
0
0
0
0
0
0
0
0
0
0
0
0
0
0
0
0
0
0
0
0
0
0
0
0
0
0
0
0
0
0
0
0
0
0
0
0
0
0
0
0
0
0
0
0
0
0
0
0
0
0
0
0
0
0
0
0
0
0
0
0
0
0
0
0
0
0
0
0
0
0
0
0
0
0
0
0
0
0
0
0
0
0
0
0
0
0
0
0
0
0
0
0
0
0
0
0
0
0
0
0
0
0
0
0
0
0
0
0
0
0
0
0
0
0
0
0
0
0
0
0
0
0
0
0
0
0
0
0
0
0
0
0
0
0
0
0
0
0
0
0
0
0
0
0
0
0
0
0
0
0
0
0
0
0
0
0
0
0
0
0
0
0
0
0
0
0
0
0
0
0
0
0
0
0
0
0
0
0
0
0
0
0
0
0
0
0
0
0
0
0
0
0
0
0
0
0
0
0
0
0
0
0
0
0
0
0
0
0
0
0
0
0
0
0
0
0
0
0
0
0
0
0
0
0
0
0
0
0
0
0
0
0
0
0
0
0
0
0
0
0
0
0
0
0
0
0
0
0
0
0
0
0
0
0
0
0
0
0
0
0
0
0
0
0
0
0
0
0
0
0
0
0
0
0
0
0
0
0
0
0
0
0
0
0
0
0
0
0
0
0
0
0
0
0
0
0
0
0
0
0
0
0
0
0
0
0
0
0
0
0
0
0
0
0
0
0
0
0
0
0
0
0
0
0
0
0
0
0
0
0
0
0
0
0
0
0
0
0
0
0
0
0
0
0
0
0
0
0
0
0
0
0
0
0
0
0
0
0
0
0
0
0
0
0
0
0
0
0
0
0
0
0
0
0
0
0
0
0
0
0
0
0
0
0
0
0
0
0
0
0
0
0
0
0
0
0
0
0
0
0
0
0
0
0
0
0
0
0
0
0
0
0
0
0
0
0
0
0
0
0
0
0
0
0
0
0
0
0
0
0
0
0
0
0
0
0
0
0
0
0
0
0
0
0
0
0
0
0
0
0
0
0
0
0
0
0
0
0
0
0
0
0
0
0
0
0
0
0
0
0
0
0
0
0
0
0
0
0
0
0
0
0
0
0
0
0
0
0
0
0
0
0
0
0
0
0
0
0
0
0
0
0
0
0
0
0
0
0
0
0
0
0
0
0
0
0
0
0
0
0
0
0
0
0
0
0
0
0
0
0
0
0
0
0
0
0
0
0
0
0
0
0
0
0
0
0
0
0
0
0
0
0
0
0
0
0
0
0
0
0
0
0
0
0
0
0
0
0
0
0
0
0
0
0
0
0
0
0
0
0
0
0
0
0
0
0
0
0
0
0
0
0
0
0
0
0
0
0
0
0
0
0
0
0
0
0
0
0
0
0
0
0
0
0
0
0
0
0
0
0
0
0
0
0
0
0
0
0
0
0
0
0
0
0
0
0
0
0
0
0
0
0
0
0
0
0
0
0
0
0
0
0
0
0
0
0
0
0
0
0
0
0
0
0
0
0
0
0
0
0
0
0
0
0
0
0
0
0
0
0
0
0
0
0
0
0
0
0
0
0
0
0
0
0
0
0
0
0
0
0
0
0
0
0
0
0
0
0
0
0
0
0
0
0
0
0
0
0
0
0
0
0
0
0
0
0
0
0
0
0
0
0
0
0
0
0
0
0
0
0
0
0
0
0
0
0
0
0
0
0
0
0
0
0
0
0
0
0
0
0
0
0
0
0
0
0
0
0
0
0
0
0
0
0
0
0
0
0
0
0
0
0
0
0
0
0
0
0
0
0
0
0
0
0
0
0
0
0
0
0
0
0
0
0
0
0
0
0
0
0
0
0
0
0
0
0
0
0
0
0
0
0
0
0
0
0
0
0
0
0
0
0
0
0
0
0
0
0
0
0
0
0
0
0
0
0
0
0
0
0
0
0
0
0
0
0
0
0
0
0
0
0
0
0
0
0
0
0
0
0
0
0
0
0
0
0
0
0
0
0
0
0
0
0
0
0
0
0
0
0
0
0
0
0
0
0
0
0
0
0
0
0
0
0
0
0
0
0
0
0
0
0
0
0
0
0
0
0
0
0
0
0
0
0
0
0
0
0
0
0
0
0
0
0
0
0
0
0
0
0
0
0
0
0
0
0
0
0
0
0
0
0
0
0
0
0
0
0
0
0
0
0
0
0
0
0
0
0
0
0
0
0
0
0
0
0
0
0
0
0
0
0
0
0
0
0
0
0
0
0
0
0
0
0
0
0
0
0
0
0
0
0
0
0
0
0
0
0
0
0
0
0
0
0
0
0
0
0
0
0
0
0
0
0
0
0
0
0
0
0
0
0
0
0
0
0
0
0
0
0
0
0
0
0
0
0
0
0
0
0
0
0
0
0
0
0
0
0
0
0
0
0
0
0
0
0
0
0
0
0
0
0
0
0
0
0
0
0
0
0
0
0
0
0
0
0
0
0
0
0
0
0
0
0
0
0
0
0
0
0
0
0
0
0
0
0
0
0
0
0
0
0
0
0
0
0
0
0
0
0
0
0
0
0
0
0
0
0
0
0
0
0
0
0
0
0
0
0
0
0
0
0
0
0
0
0
0
0
0
0
0
0
0
0
0
0
0
0
0
0
0
0
0
0
0
0
0
0
0
0
0
0
0
0
0
0
0
0
0
0
0
0
0
0
0
0
0
0
0
0
0
0
0
0
0
0
0
0
0
0
0
0
0
0
0
0
0
0
0
0
0
0
0
0
0
0
0
0
0
0
0
0
0
0
0
0
0
0
0
0
0
0
0
0
0
0
0
0
0
0
0
0
0
0
0
0
0
0
0
0
0
0
0
0
0
0
0
0
0
0
0
0
0
0
0
0
0
0
0
0
0
0
0
0
0
0
0
0
0
0
0
0
0
0
0
0
0
0
0
0
0
0
0
0
0
0
0
0
0
0
0
0
0
0
0
0
0
0
0
0
0
0
0
0
0
0
0
0
0
0
0
0
0
0
0
0
0
0
0
0
0
0
0
0
0
0
0
0
0
0
0
0
0
0
0
0
0
0
0
0
0
0
0
0
0
0
0
0
0
0
0
0
0
0
0
0
0
0
0
0
0
0
0
0
0
0
0
0
0
0
0
0
0
0
0
0
0
0
0
0
0
0
0
0
0
0
0
0
0
0
0
0
0
0
0
0
0
0
0
0
0
0
0
0
0
0
0
0
0
0
0
0
0
0
0
0
0
0
0
0
0
0
0
0
0
0
0
0
0
0
0
0
0
0
0
0
0
0
0
0
0
0
0
0
0
0
0
0
0
0
0
0
0
0
0
0
0
0
0
0
0
0
0
0
0
0
0
0
0
0
0
0
0
0
0
0
0
0
0
0
0
0
0
0
0
0
0
0
0
0
0
0
0
0
0
0
0
0
0
0
0
0
0
0
0
0
0
0
0
0
0
0
0
0
0
0
0
0
0
0
0
0
0
0
0
0
0
0
0
0
0
0
0
0
0
0
0
0
0
0
0
0
0
0
0
0
0
0
0
0
0
0
0
0
0
0
0
0
0
0
0
0
0
0
0
0
0
0
0
0
0
0
0
0
0
0
0
0
0
0
0
0
0
0
0
0
0
0
0
0
0
0
0
0
0
0
0
0
0
0
0
0
0
0
0
0
0
0
0
0
0
0
0
0
0
0
0
0
0
0
0
0
0
0
0
0
0
0
0
0
0
0
0
0
0
0
0
0
0
0
0
0
0
0
0
0
0
0
0
0
0
0
0
0
0
0
0
0
0
0
0
0
0
0
0
0
0
0
0
0
0
0
0
0
0
0
0
0
0
0
0
0
0
0
0
0
0
0
0
0
0
0
0
0
0
0
0
0
0
0
0
0
0
0
0
0
0
0
0
0
0
0
0
0
0
0
0
0
0
0
0
0
0
0
0
0
0
0
0
0
0
0
0
0
0
0
0
0
0
0
0
0
0
0
0
0
0
0
0
0
0
0
0
0
0
0
0
0
0
0
0
0
0
0
0
0
0
0
0
0
0
0
0
0
0
0
0
0
0
0
0
0
0
0
0
0
0
0
0
0
0
0
0
0
0
0
0
0
0
0
0
0
0
0
0
0
0
0
0
0
0
0
0
0
0
0
0
0
0
0
0
0
0
0
0
0
0
0
0
0
0
0
0
0
0
0
0
0
0
0
0
0
0
0
0
0
0
0
0
0
0
0
0
0
0
0
0
0
0
0
0
0
0
0
0
0
0
0
0
0
0
0
0
0
0
0
0
0
0
0
0
0
0
0
0
0
0
0
0
0
0
0
0
0
0
0
0
0
0
0
0
0
0
0
0
0
0
0
0
0
0
0
0
0
0
0
0
0
0
0
0
0
0
0
0
0
0
0
0
0
0
0
0
0
0
0
0
0
0
0
0
0
0
0
0
0
0
0
0
0
0
0
0
0
0
0
0
0
0
0
0
0
0
0
0
0
0
0
0
0
0
0
0
0
0
0
0
0
0
0
0
0
0
0
0
0
0
0
0
0
0
0
0
0
0
0
0
0
0
0
0
0
0
0
0
0
0
0
0
0
0
0
0
0
0
0
0
0
0
0
0
0
0
0
0
0
0
0
0
0
0
0
0
0
0
0
0
0
0
0
0
0
0
0
0
0
0
0
0
0
0
0
0
0
0
0
0
0
0
0
0
0
0
0
0
0
0
0
0
0
0
0
0
0
0
0
0
0
0
0
0
0
0
0
0
0
0
0
0
0
0
0
0
0
0
0
0
0
0
0
0
0
0
0
0
0
0
0
0
0
0
0
0
0
0
0
0
0
0
0
0
0
0
0
0
0
0
0
0
0
0
0
0
0
0
0
0
0
0
0
0
0
0
0
0
0
0
0
0
0
0
0
0
0
0
0
0
0
0
0
0
0
0
0
0
0
0
0
0
0
0
0
0
0
0
0
0
0
0
0
0
0
0
0
0
0
0
0
0
0
0
0
0
0
0
0
0
0
0
0
0
0
0
0
0
0
0
0
0
0
0
0
0
0
0
0
0
0
0
0
0
0
0
0
0
0
0
0
0
0
0
0
0
0
0
0
0
0
0
0
0
0
0
0
0
0
0
0
0
0
0
0
0
0
0
0
0
0
0
0
0
0
0
0
0
0
0
0
0
0
0
0
0
0
0
0
0
0
0
0
0
0
0
0
0
0
0
0
0
0
0
0
0
0
0
0
0
0
0
0
0
0
0
0
0
0
0
0
0
0
0
0
0
0
0
0
0
0
0
0
0
0
0
0
0
0
0
0
0
0
0
0
0
0
0
0
0
0
0
0
0
0
0
0
0
0
0
0
0
0
0
0
0
0
0
0
0
0
0
0
0
0
0
0
0
0
0
0
0
0
0
0
0
0
0
0
0
0
0
0
0
0
0
0
0
0
0
0
0
0
0
0
0
0
0
0
0
0
0
0
0
0
0
0
0
0
0
0
0
0
0
0
0
0
0
0
0
0
0
0
0
0
0
0
0
0
0
0
0
0
0
0
0
0
0
0
0
0
0
0
0
0
0
0
0
0
0
0
0
0
0
0
0
0
0
0
0
0
0
0
0
0
0
0
0
0
0
0
0
0
0
0
0
0
0
0
0
0
0
0
0
0
0
0
0
0
0
0
0
0
0
0
0
0
0
0
0
0
0
0
0
0
0
0
0
0
0
0
0
0
0
0
0
0
0
0
0
0
0
0
0
0
0
0
0
0
0
0
0
0
0
0
0
0
0
0
0
0
0
0
0
0
0
0
0
0
0
0
0
0
0
0
0
0
0
0
0
0
0
0
0
0
0
0
0
0
0
0
0
0
0
0
0
0
0
0
0
0
0
0
0
0
0
0
0
0
0
0
0
0
0
0
0
0
0
0
0
0
0
0
0
0
0
0
0
0
0
0
0
0
0
0
0
0
0
0
0
0
0
0
0
0
0
0
0
0
0
0
0
0
0
0
0
0
0
0
0
0
0
0
0
0
0
0
0
0
0
0
0
0
0
0
0
0
0
0
0
0
0
0
0
0
0
0
0
0
0
0
0
0
0
0
0
0
0
0
0
0
0
0
0
0
0
0
0
0
0
0
0
0
0
0
0
0
0
0
0
0
0
0
0
0
0
0
0
0
0
0
0
0
0
0
0
0
0
0
0
0
0
0
0
0
0
0
0
0
0
0
0
0
0
0
0
0
0
0
0
0
0
0
0
0
0
0
0
0
0
0
0
0
0
0
0
0
0
0
0
0
0
0
0
0
0
0
0
0
0
0
0
0
0
0
0
0
0
0
0
0
0
0
0
0
0
0
0
0
0
0
0
0
0
0
0
0
0
0
0
0
0
0
0
0
0
0
0
0
0
0
0
0
0
0
0
0
0
0
0
0
0
0
0
0
0
0
0
0
0
0
0
0
0
0
0
0
0
0
0
0
0
0
0
0
0
0
0
0
0
0
0
0
0
0
0
0
0
0
0
0
0
0
0
0
0
0
0
0
0
0
0
0
0
0
0
0
0
0
0
0
0
0
0
0
0
0
0
0
0
0
0
0
0
0
0
0
0
0
0
0
0
0
0
0
0
0
0
0
0
0
0
0
0
0
0
0
0
0
0
0
0
0
0
0
0
0
0
0
0
0
0
0
0
0
0
0
0
0
0
0
0
0
0
0
0
0
0
0
0
0
0
0
0
0
0
0
0
0
0
0
0
0
0
0
0
0
0
0
0
0
0
0
0
0
0
0
0
0
0
0
0
0
0
0
0
0
0
0
0
0
0
0
0
0
0
0
0
0
0
0
0
0
0
0
0
0
0
0
0
0
0
0
0
0
0
0
0
0
0
0
0
0
0
0
0
0
0
0
0
0
0
0
0
0
0
0
0
0
0
0
0
0
0
0
0
0
0
0
0
0
0
0
0
0
0
0
0
0
0
0
0
0
0
0
0
0
0
0
0
0
0
0
0
0
0
0
0
0
0
0
0
0
0
0
0
0
0
0
0
0
0
0
0
0
0
0
0
0
0
0
0
0
0
0
0
0
0
0
0
0
0
0
0
0
0
0
0
0
0
0
0
0
0
0
0
0
0
0
0
0
0
0
0
0
0
0
0
0
0
0
0
0
0
0
0
0
0
0
0
0
0
0
0
0
0
0
0
0
0
0
0
0
0
0
0
0
0
0
0
0
0
0
0
0
0
0
0
0
0
0
0
0
0
0
0
0
0
0
0
0
0
0
0
0
0
0
0
0
0
0
0
0
0
0
0
0
0
0
0
0
0
0
0
0
0
0
0
0
0
0
0
0
0
0
0
0
0
0
0
0
0
0
0
0
0
0
0
0
0
0
0
0
0
0
0
0
0
0
0
0
0
0
0
0
0
0
0
0
0
0
0
0
0
0
0
0
0
0
0
0
0
0
0
0
0
0
0
0
0
0
0
0
0
0
0
0
