-130
428
-3179
348
-694
-1918
-2645
-119
479
-3336
377
-149
-2244
-2602
15
275
-72
420
-2829
-2138
-3085
-2592
-12419
-145
699
-3279
-1701
-3053
-3150
-14753
161
698
-214
-159
-2521
314
-1168
-1197
-1931
-227
349
-2707
-436
-186
-1666
-1184
107
599
60
-739
-2187
-2122
-1401
-1895
-13614
-98
-1179
-2638
-496
-1979
-1969
-16106
130
-1194
-87
202
-1473
-1461
-758
-940
-1481
-199
810
-2412
-2710
594
-2488
-872
14
856
66
782
-1276
-1556
-666
-1412
-17869
-204
543
-2264
-1072
-2646
-2374
-15607
41
396
112
1343
-2582
-2265
-150
-1869
-2356
-100
1395
-4001
-4752
-1207
-4176
1167
-1
871
21
665
-778
-2501
-1558
-2165
-19625
-308
845
-2415
-3733
-5032
-4444
-12891
-134
1108
-40
1123
-3002
-1093
-743
-2141
-2392
-193
1801
-4337
-3226
-1732
-4055
2104
-63
1318
-6
-463
-1078
-2872
-1472
-2214
-23440
-379
-885
-3628
-4078
-5137
-4132
-18889
-143
-1060
-1
971
-3523
-2674
-2938
-3347
-3436
-173
1308
-2990
-2717
-2632
-3330
684
58
756
-63
843
-3390
-4618
2255
-3447
-14586
-517
819
-3951
-3507
-1018
-3045
-18338
-188
276
111
2492
-4203
-3087
-3004
-4223
-4207
-69
1720
-4358
-4448
-4204
-5413
124
86
1195
-111
623
-3114
-4653
1105
-4103
-19688
-401
331
-4299
-4875
-2412
-5322
-18023
-271
144
74
2044
-3271
-1333
-2222
-2540
-3136
-3
2566
-4183
-2586
-3099
-4584
-1114
-42
1602
-157
-1256
-2484
-3241
-250
-3055
-23781
-357
-1214
-2495
-3797
-3451
-4707
-21182
-95
-1301
-22
141
-3106
-618
146
-1531
-2308
62
-578
-3106
-136
-752
-1933
-1250
41
-776
-98
1194
-2679
-2486
-2034
-2279
-15235
-219
850
-3545
-561
-2263
-2286
-17896
162
717
-214
242
-2330
-464
-1807
-2175
-2527
-125
146
-2627
-764
-3618
-3136
-1150
52
-29
-122
-1445
-3221
-3721
-316
-2443
-17009
-197
-1387
-4676
-1066
-1717
-2592
-17317
130
-845
-92
-334
-2342
-1721
-2384
-2465
-2909
-132
-32
-3015
-2007
-4353
-3681
-1695
15
-59
-117
1438
-2587
-4136
284
-2774
-16896
-315
952
-3851
-2154
-1338
-2639
-15368
-19
726
297
1881
-4693
-4523
-4481
-3567
-5297
279
-376
-4413
-4746
-5523
-5102
654
125
-742
-270
1700
-2637
-5597
-349
-5142
-21835
-388
1606
-4251
-4584
-3784
-4856
-25000
-136
1318
393
4327
-5432
-3019
-3907
-3711
-5804
229
975
-6748
-4559
-7713
-7365
495
131
-1366
-256
-1630
-2912
-7327
-2484
-5844
-21015
-467
-390
-5278
-6946
-7525
-7993
-15268
-183
-64
402
1925
-5068
-3989
-4891
-3898
-5831
208
110
-4175
-3041
-5850
-5397
-2466
152
-823
-240
2128
-6054
-6846
686
-5766
-19440
-647
670
-6110
-4667
-2416
-4753
-22433
-226
1034
631
3831
-4576
-4341
-2942
-1100
-4705
567
-844
-4492
-4435
-4439
-5777
470
166
-851
-209
750
-4889
-5347
-1249
-4776
-22615
-516
-45
-6547
-5519
-5009
-5568
-19578
-225
77
446
677
-4548
-4517
-2914
-2063
-4766
565
-120
-3540
-4140
-2852
-3826
-1096
146
-301
-366
-2291
-3595
-4997
-288
-4683
-16596
-411
-1807
-2413
-2771
-3796
-3957
-21714
-173
-1483
113
-317
-1556
-449
-1092
-1139
-1642
138
-149
-1867
45
-1773
-1733
-206
113
-93
-143
911
-1957
-2094
-760
-1620
-16937
-167
545
-3395
-1088
-2578
-1599
-19625
150
140
177
2
-3628
-695
-4086
-2860
-2834
79
-199
-3432
273
-4256
-2817
-1649
127
-1062
-186
-648
-3083
-3854
2381
-2719
-15691
-352
137
-3671
-1155
364
-1954
-19939
-57
517
359
-107
-4128
-778
-4076
-3360
-3795
92
-470
-4457
562
-5389
-4130
-3554
97
-1436
-26
1603
-5123
-4797
2055
-3655
-15857
-471
108
-5813
-1808
-176
-2412
-16231
-57
186
776
1087
-4323
-4107
-5973
686
-4942
478
-756
-5050
-3060
-6487
-5459
-3107
76
-823
-109
4709
-5495
-5270
-1780
-4813
-22023
-309
2365
-6486
-6327
-3927
-5725
-17828
-77
1302
855
1203
-7931
-6233
-6830
3974
-7214
705
-262
-6614
-5021
-5306
-3823
-2068
166
256
-102
-1765
-5377
-7907
-6702
-7295
-12865
-119
299
-4579
-8016
-8640
-6582
-17738
78
381
778
272
-5683
-5523
-6012
1467
-6061
575
852
-4974
-3714
-5051
-3470
-3585
195
712
-130
-366
-5822
-5444
-3736
-5845
-20260
-433
-2250
-6789
-6419
-5735
-4335
-21169
-93
-1513
726
-1228
-6550
-5795
-5220
4155
-6011
833
-2084
-4960
-3790
-1931
-2694
-2065
159
-1870
-110
569
-6045
-5826
-5755
-5973
-14028
-170
-92
-5616
-6312
-6575
-3877
-20206
-71
707
646
-1153
-3723
-4443
-1526
2760
-4390
650
-1342
-3184
-4170
-1355
-2311
-1446
171
-757
-323
-3501
-4256
-4581
-4258
-4207
-18733
-312
-1814
-3636
-4831
-6042
-3286
-19761
-88
-1169
206
-75
-1454
1211
-2073
-1910
-1979
110
432
-2793
1146
-3679
-3293
162
90
874
-218
671
-2544
-2686
-890
-1909
-17292
-186
155
-4826
-2773
-3977
-2904
-16183
-4
34
256
-8
-4125
232
-3839
-3320
-3078
177
449
-4169
1457
-4692
-3259
-628
59
364
-224
391
-2337
-4646
1112
-2968
-16614
-396
1099
-3896
-2843
-598
-2738
-22715
-155
743
325
-913
-4310
1252
-2700
-3059
-3272
179
357
-4561
2403
-4694
-3797
-1713
77
-111
-64
633
-4705
-4415
961
-3030
-15813
-341
238
-6741
-3032
-1229
-2625
-16929
-9
294
588
-3042
-3155
-1454
-2709
1263
-2831
277
-1170
-4049
-1003
-4337
-2606
-237
88
-558
-70
2928
-4440
-3927
-731
-2748
-20297
-284
753
-5659
-3784
-3550
-2690
-18130
-48
-43
698
-5185
-6211
-5679
-3311
3463
-5124
573
-2675
-6147
-5193
-3949
-2413
-40
193
-1472
-174
-1309
-5263
-6467
-1774
-4991
-18092
-130
582
-4079
-6855
-6064
-4289
-17870
-14
598
595
-3987
-6268
-6521
-4841
-1295
-6067
412
-1190
-4657
-4054
-4392
-1873
-1882
290
-202
-201
-1867
-5403
-5908
1925
-5813
-14510
-326
-2246
-4124
-5336
-1988
-2024
-22683
-90
-2083
588
-5329
-4534
-4543
-2301
1061
-4053
368
-1939
-3890
-3491
-2543
-1082
338
199
-264
-78
1368
-3846
-3826
-796
-3848
-26240
-319
895
-3568
-4603
-3866
-1055
-31421
-68
1821
535
-2302
-4031
-3756
-1931
-149
-4234
320
-1084
-4384
-4383
-3394
-3300
655
171
-199
-339
-51
-4208
-5557
283
-3991
-18696
-354
94
-4250
-5378
-3859
-3370
-18861
-196
236
184
-407
-2570
2996
-1344
-2058
-2065
89
-316
-4638
3655
-2856
-4146
-2070
207
-58
-279
256
-2895
-2716
-2413
-1949
-15373
-223
30
-4668
-3903
-5589
-3474
-10818
-12
13
170
-335
-2584
1358
-883
-2222
-1796
166
309
-3833
1930
-2835
-3779
-634
106
328
-186
-396
-2004
-3528
-819
-1663
-18808
-323
-249
-4462
-3617
-2999
-3001
-17522
-60
-1059
141
-1375
-3656
676
-812
-2636
-2486
125
-517
-3867
1373
-2160
-3101
-1327
48
-596
-73
-319
-2356
-3568
-299
-2177
-15590
-259
20
-4305
-3010
-1442
-1813
-18020
-51
782
198
-1880
-2204
268
-1074
-263
-1762
-75
-665
-3167
435
-2067
-2292
-1100
-1
-383
134
904
-2680
-2533
-767
-1574
-19347
-166
51
-4088
-3099
-2317
-1548
-17433
-5
1246
456
-2425
-4131
-2937
-3326
1420
-3181
326
-2006
-5118
-2918
-3423
-2968
-1003
82
-899
-29
555
-3354
-4113
519
-3101
-22769
-146
320
-3783
-5477
-2562
-3445
-19077
-72
134
413
-491
-6241
-5355
-3956
-1840
-5392
307
-1169
-6128
-3259
-5115
-3264
-3040
170
141
-169
-1477
-4653
-4982
1210
-5462
-15678
-219
-44
-4760
-5693
-412
-3192
-17313
-45
145
269
-34
-6807
-4763
-4875
-2182
-5562
56
258
-6835
-3669
-6285
-2584
-1921
64
1643
-120
374
-4530
-5067
974
-5385
-19490
-59
-1
-4727
-5077
-893
-3262
-22808
67
75
336
-590
-7176
-2411
-2906
-3871
-5928
97
-512
-6418
-1743
-4976
-3813
-586
154
-151
-321
-380
-5209
-6539
-7
-5817
-18076
-260
-483
-4178
-4805
-2870
-3888
-26973
-88
-558
35
-1379
-3168
2611
-82
-1620
-2115
-72
-1323
-4763
3265
-1895
-3659
-3699
149
-1599
-125
200
-2040
-2771
-3716
-1947
-17129
-111
-257
-2317
-3499
-5865
-2875
-13719
-36
-511
-81
-588
-2598
856
355
-1286
-1717
-88
-1480
-4167
852
-756
-3270
-2050
116
-1083
105
69
-1218
-2550
-2215
-1448
-19261
40
-761
-2713
-2798
-3410
-2143
-16691
124
-414
-178
745
-2780
-1103
-29
-1910
-2128
-246
-619
-4857
-336
-1891
-3850
-2696
16
-235
243
693
-1284
-2538
-1679
-2061
-17840
94
178
-3389
-4232
-1622
-2692
-13306
201
757
-179
1086
-2788
-1154
25
-790
-2192
-245
383
-5842
-1221
-2669
-4977
-3303
-127
1000
217
1302
-2588
-2314
-2556
-2197
-24387
207
693
-5067
-6238
-3544
-3876
-12993
245
1098
49
176
-2802
-685
-1598
-760
-2603
56
430
-5219
-865
-3444
-4844
-2345
-183
1204
115
895
-4548
-1858
-1075
-2480
-23733
172
69
-6716
-6253
-3287
-3231
-13994
234
-173
244
-270
-4889
-2466
-2276
-2074
-4438
227
-501
-6440
-1721
-2995
-4537
-3168
-37
527
40
-1304
-5371
-1961
-2692
-4500
-16645
9
-510
-6742
-6763
-3526
-3880
-11156
209
-153
304
-5
-5878
-1344
-3840
-1766
-4169
208
357
-7894
-1797
-5697
-3455
-121
-60
-21
41
263
-4630
-829
-1929
-3828
-25314
69
148
-6957
-6025
-3199
-4546
-20384
99
4
310
290
-6440
1460
-3257
-3501
-4863
186
366
-7387
135
-5861
-4860
551
81
-298
-290
-1122
-3807
-3318
-3902
-4813
-20368
-106
-855
-5323
-5186
-5884
-4948
-21739
-78
-1276
-356
601
-2143
1033
-409
-1729
-2143
-315
862
-2286
1342
-1682
-1956
-2375
7
593
94
1327
-1750
-2935
-2163
-2156
-18067
161
1542
-2259
-1370
-3351
-1472
-20910
220
828
-547
1810
-4597
2029
-2598
-2655
-3685
-313
2496
-3795
2257
-2692
-2111
-2928
16
2448
198
1171
-3159
-3737
-3424
-3660
-13206
359
133
-3627
-1913
-2828
-1825
-20908
571
251
-385
1477
-5581
805
-3718
-3508
-3961
-205
1687
-6252
1222
-5228
-3657
-2987
12
1904
237
508
-2908
-3730
-2105
-3920
-14665
234
313
-4182
-4220
-1917
-2785
-16797
445
390
-254
16
-5054
-1894
-2048
-3579
-3776
-182
599
-6276
-1709
-5689
-3868
-948
-51
-182
309
-278
-905
-3239
-2168
-3622
-17556
265
-38
-2616
-4545
-2817
-2859
-17891
394
586
-177
-1609
-4396
-2286
-1701
-3309
-3709
-203
-652
-5380
-1781
-4548
-3588
-847
-44
-1034
137
-445
-1278
-2913
-1537
-3455
-16869
127
-318
-2597
-4779
-3354
-1560
-17799
205
193
13
-1891
-5621
-3449
-119
-4399
-4910
-75
-692
-4083
-1496
-2193
-2427
-1941
-24
-230
29
-1340
-2226
-3510
-4153
-4856
-13456
-35
-1668
-2454
-3683
-3928
-531
-24484
183
-1254
9
-1172
-5423
-644
-742
-4211
-4469
38
270
-5712
-1067
-4139
-3272
-266
3
-511
-160
676
-4450
-2760
-3776
-4303
-23238
43
1579
-5552
-4378
-4954
-3368
-26929
150
1914
-6
-1220
-5449
1249
-2582
-4979
-4938
-30
-1039
-7073
-1554
-6344
-5747
1753
-7
-2077
-277
-481
-4026
-3453
-4086
-4702
-16804
-30
-901
-6992
-5691
-6719
-5150
-15352
-15
-1054
-377
-776
-2153
93
-1233
-1878
-2259
-343
-797
-3163
-454
-2102
-2987
-1268
-53
-270
78
1543
-2298
-2237
-1591
-2174
-18348
86
1443
-2636
-1877
-4134
-3141
-18506
205
708
-541
-717
-3219
228
-3208
-2610
-3234
-509
-938
-3944
-1358
-2803
-3018
-702
-287
-927
169
952
-3743
-1839
-1632
-3014
-16590
329
713
-4167
-2162
-4245
-3407
-18522
488
1140
-504
-1448
-3051
883
-3763
-2422
-2627
-412
-1154
-6398
-2299
-4424
-5296
435
-159
-1106
230
-1331
-2236
-697
-1893
-2253
-26958
268
-110
-4452
-3452
-7144
-5017
-17767
355
143
-481
-1374
-2694
-1122
-3196
-3178
-3349
-358
-1515
-5747
-4457
-5441
-5118
2509
-154
-1240
161
-919
-1390
-2237
-1891
-3128
-20800
111
-182
-3759
-3404
-7389
-5330
-15053
216
-288
-335
-1257
-2174
-2462
-2105
-1497
-2297
-333
-1708
-3140
-3310
-3652
-2690
700
-177
-919
128
-277
-1073
-878
-1081
-2203
-21226
-41
-554
-1977
-2112
-4422
-2101
-20453
133
-1133
-419
-1589
-2888
-3614
-1452
-911
-2157
-388
-1929
-2487
-2741
-2708
-1035
-1722
-183
-1067
120
-1158
-308
-832
-1071
-2119
-18529
-71
-332
-36
-1233
-2838
-235
-22024
185
-589
-434
-1309
-2324
-3826
-1872
-2305
-3212
-325
-1144
-2048
-3118
-3184
-1666
-1721
-142
-747
-106
-152
-3443
-1994
-243
-3136
-15883
-22
843
-2669
-2571
-2783
-2532
-20644
304
707
-240
-1589
-2837
-1951
-1907
-2690
-2798
-108
-1866
-2165
-2145
-2617
-2309
584
-61
-1839
-300
-905
-3432
-1193
277
-2553
-14368
-152
-1481
-3901
-2462
-1971
-2458
-19064
127
-1182
0
0
0
0
0
0
0
0
0
0
0
-2271
-647
-1046
-460
-1675
0
0
0
0
0
0
0
0
0
0
0
-781
-1218
-2097
-1662
-15297
0
0
0
0
0
0
0
0
0
0
0
-2363
-553
-1020
-58
-1617
0
0
0
0
0
0
0
0
0
0
0
-1922
-1025
-1178
-1674
-13342
0
0
0
0
0
0
0
0
0
0
0
-1777
-1672
-544
266
-1408
0
0
0
0
0
0
0
0
0
0
0
-1129
-1395
-1090
-1440
-16049
0
0
0
0
0
0
0
0
0
0
0
-2696
-2467
-2217
166
-2557
0
0
0
0
0
0
0
0
0
0
0
-1069
-2638
-2041
-2516
-14495
0
0
0
0
0
0
0
0
0
0
0
-2504
-1159
-1936
-279
-2376
0
0
0
0
0
0
0
0
0
0
0
-1289
-2205
-1914
-2333
-20141
0
0
0
0
0
0
0
0
0
0
0
-3157
-2077
-2540
190
-2457
0
0
0
0
0
0
0
0
0
0
0
-2097
-3415
303
-2512
-16023
0
0
0
0
0
0
0
0
0
0
0
-3468
-1907
-2650
-665
-2701
0
0
0
0
0
0
0
0
0
0
0
-896
-3671
-840
-2677
-21952
0
0
0
0
0
0
0
0
0
0
0
-2926
-1781
-2397
-186
-2528
0
0
0
0
0
0
0
0
0
0
0
-926
-2692
-1352
-2410
-21984
0
0
0
0
0
0
0
0
0
0
0
-3186
-1903
-937
-128
-2466
0
0
0
0
0
0
0
0
0
0
0
-841
-2073
-2781
-2396
-13000
0
0
0
0
0
0
0
0
0
0
0
-2969
-894
-1446
-55
-1711
0
0
0
0
0
0
0
0
0
0
0
-1787
-1950
-543
-1797
-17131
0
0
0
0
0
0
0
0
0
0
0
-2765
-1181
-1032
480
-1434
0
0
0
0
0
0
0
0
0
0
0
-1405
-2114
-808
-1670
-20283
0
0
0
0
0
0
0
0
0
0
0
-5212
-4170
-6555
2856
-4748
0
0
0
0
0
0
0
0
0
0
0
-2579
-6334
-3128
-4912
-19737
0
0
0
0
0
0
0
0
0
0
0
-5188
-2944
-5381
4717
-4614
0
0
0
0
0
0
0
0
0
0
0
-3383
-6998
-4982
-4510
-21976
0
0
0
0
0
0
0
0
0
0
0
-4983
-3577
-4817
5823
-3884
0
0
0
0
0
0
0
0
0
0
0
-5232
-5388
-3390
-3749
-27746
0
0
0
0
0
0
0
0
0
0
0
-6929
-6445
-7532
7533
-7329
0
0
0
0
0
0
0
0
0
0
0
-6993
-10402
-6099
-7244
-7734
0
0
0
0
0
0
0
0
0
0
0
-4704
-4647
-4374
3508
-4374
0
0
0
0
0
0
0
0
0
0
0
-3205
-6186
-2649
-4295
-15475
0
0
0
0
0
0
0
0
0
0
0
-2901
-1101
-1344
12
-1791
0
0
0
0
0
0
0
0
0
0
0
453
-1869
-1327
-1677
-14771
0
0
0
0
0
0
0
0
0
0
0
-3144
-1014
-2404
-329
-1709
0
0
0
0
0
0
0
0
0
0
0
-1329
-1838
885
-1653
-18277
0
0
0
0
0
0
0
0
0
0
0
-3402
-1090
-2806
628
-2064
0
0
0
0
0
0
0
0
0
0
0
-3239
-2436
242
-2131
-20610
0
0
0
0
0
0
0
0
0
0
0
-8277
-7347
-8650
8385
-7731
0
0
0
0
0
0
0
0
0
0
0
-7224
-9847
-7378
-7745
-6119
0
0
0
0
0
0
0
0
0
0
0
-12564
-11462
-14066
12549
-13102
0
0
0
0
0
0
0
0
0
0
0
-11748
-16947
-12710
-13245
15903
0
0
0
0
0
0
0
0
0
0
0
-7720
-6938
-8593
9625
-7201
0
0
0
0
0
0
0
0
0
0
0
-7891
-8319
-8101
-7038
-17578
0
0
0
0
0
0
0
0
0
0
0
-11473
-11218
-12664
12307
-12376
0
0
0
0
0
0
0
0
0
0
0
-11882
-15549
-12154
-12466
16059
0
0
0
0
0
0
0
0
0
0
0
-5926
-5896
-4541
7637
-5868
0
0
0
0
0
0
0
0
0
0
0
-5424
-8908
-6738
-5687
-10301
0
0
0
0
0
0
0
0
0
0
0
-2248
35
-1067
109
-1332
0
0
0
0
0
0
0
0
0
0
0
103
-1531
-1297
-1181
-17557
0
0
0
0
0
0
0
0
0
0
0
-3012
-645
-1754
-627
-1939
0
0
0
0
0
0
0
0
0
0
0
-966
-2711
236
-1779
-19362
0
0
0
0
0
0
0
0
0
0
0
-2608
219
-1549
-222
-1557
0
0
0
0
0
0
0
0
0
0
0
-2907
-2387
522
-1424
-19693
0
0
0
0
0
0
0
0
0
0
0
-4954
-3425
-2591
5551
-3823
0
0
0
0
0
0
0
0
0
0
0
-4924
-6027
-3754
-3686
-13666
0
0
0
0
0
0
0
0
0
0
0
-7945
-7955
-6643
9976
-7471
0
0
0
0
0
0
0
0
0
0
0
-8282
-11849
-6811
-7434
-5653
0
0
0
0
0
0
0
0
0
0
0
-4483
-4444
-4482
4617
-3530
0
0
0
0
0
0
0
0
0
0
0
-4294
-4352
-2023
-3176
-27170
0
0
0
0
0
0
0
0
0
0
0
-5292
-4974
-4733
6385
-4549
0
0
0
0
0
0
0
0
0
0
0
-5200
-4905
-5657
-4617
-21732
0
0
0
0
0
0
0
0
0
0
0
-4278
-3397
-1664
3571
-3505
0
0
0
0
0
0
0
0
0
0
0
-3815
-5743
-2998
-3349
-18184
0
0
0
0
0
0
0
0
0
0
0
-2114
797
-212
41
-1095
0
0
0
0
0
0
0
0
0
0
0
-406
-1714
-2040
-1094
-15752
0
0
0
0
0
0
0
0
0
0
0
-3151
-545
438
-440
-1635
0
0
0
0
0
0
0
0
0
0
0
-587
-2648
-1038
-1538
-16089
0
0
0
0
0
0
0
0
0
0
0
-2343
-428
-492
-1036
-1477
0
0
0
0
0
0
0
0
0
0
0
-1371
-2386
-287
-1507
-16388
0
0
0
0
0
0
0
0
0
0
0
-2230
-1193
-524
2180
-1286
0
0
0
0
0
0
0
0
0
0
0
-2102
-2252
-2014
-1385
-18389
0
0
0
0
0
0
0
0
0
0
0
-4874
-4380
-4349
5307
-4109
0
0
0
0
0
0
0
0
0
0
0
-4963
-5884
-3561
-4085
-14624
0
0
0
0
0
0
0
0
0
0
0
-3843
-4414
-3513
2438
-3302
0
0
0
0
0
0
0
0
0
0
0
-4216
-2913
-2042
-3123
-24539
0
0
0
0
0
0
0
0
0
0
0
-4639
-4248
-3394
816
-3898
0
0
0
0
0
0
0
0
0
0
0
-5185
-1854
-2638
-3703
-25827
0
0
0
0
0
0
0
0
0
0
0
-3365
-2078
-1126
-612
-3431
0
0
0
0
0
0
0
0
0
0
0
-3798
-3766
-2606
-3159
-25821
0
0
0
0
0
0
0
0
0
0
0
-1673
338
425
-181
-1271
0
0
0
0
0
0
0
0
0
0
0
-466
-2166
-2763
-1229
-17184
0
0
0
0
0
0
0
0
0
0
0
-2155
-845
1181
384
-1509
0
0
0
0
0
0
0
0
0
0
0
-1293
-2712
-2357
-1451
-16451
0
0
0
0
0
0
0
0
0
0
0
-1744
-1786
97
3
-1613
0
0
0
0
0
0
0
0
0
0
0
-1309
-2049
-1985
-1464
-17907
0
0
0
0
0
0
0
0
0
0
0
-3108
-2994
-50
947
-2873
0
0
0
0
0
0
0
0
0
0
0
-3943
-2684
-3566
-2799
-18025
0
0
0
0
0
0
0
0
0
0
0
-4281
-2707
-2251
669
-3502
0
0
0
0
0
0
0
0
0
0
0
-5024
-1568
-2813
-3315
-16035
0
0
0
0
0
0
0
0
0
0
0
-4555
-3932
-2935
1126
-3990
0
0
0
0
0
0
0
0
0
0
0
-5415
-1182
-4093
-3722
-18213
0
0
0
0
0
0
0
0
0
0
0
-4506
-2909
-3383
-1048
-4493
0
0
0
0
0
0
0
0
0
0
0
-6381
334
-5111
-4414
-21633
0
0
0
0
0
0
0
0
0
0
0
-3453
-28
-2445
-2173
-3897
0
0
0
0
0
0
0
0
0
0
0
-3706
-2036
-4867
-3722
-19759
0
0
0
0
0
0
0
0
0
0
0
-1157
217
-304
-1365
-1508
0
0
0
0
0
0
0
0
0
0
0
-439
-1259
-1704
-1267
-18698
0
0
0
0
0
0
0
0
0
0
0
-3095
127
-2365
-1712
-3266
0
0
0
0
0
0
0
0
0
0
0
-3079
-2818
-2498
-3133
-12561
0
0
0
0
0
0
0
0
0
0
0
-3909
-1598
-3628
-2737
-3831
0
0
0
0
0
0
0
0
0
0
0
-3167
-1977
-1794
-3612
-13873
0
0
0
0
0
0
0
0
0
0
0
-4455
-3403
-3007
-2405
-3892
0
0
0
0
0
0
0
0
0
0
0
-2350
-1142
-2886
-3785
-15136
0
0
0
0
0
0
0
0
0
0
0
-3621
-2569
-2491
-1712
-2544
0
0
0
0
0
0
0
0
0
0
0
-1207
-138
-1916
-2356
-20672
0
0
0
0
0
0
0
0
0
0
0
-3781
-3074
-996
-2033
-3040
0
0
0
0
0
0
0
0
0
0
0
-1616
-781
-3742
-2909
-22972
0
0
0
0
0
0
0
0
0
0
0
-3324
-327
-143
-3221
-2876
0
0
0
0
0
0
0
0
0
0
0
-3742
-641
-3545
-3001
-28407
0
0
0
0
0
0
0
0
0
0
0
-3538
903
-1376
-4684
-3315
0
0
0
0
0
0
0
0
0
0
0
-2871
-1950
-3313
-3281
-18377
0
0
0
0
0
0
0
0
0
0
0
-1792
-718
-1734
-2531
-2377
0
0
0
0
0
0
0
0
0
0
0
-1464
-962
-1991
-2343
-14250
0
0
0
0
0
0
0
0
0
0
0
-3516
-882
-2977
-3527
-3515
0
0
0
0
0
0
0
0
0
0
0
-3290
-377
-3089
-3472
-11755
0
0
0
0
0
0
0
0
0
0
0
-3784
-1414
-4548
-3430
-3758
0
0
0
0
0
0
0
0
0
0
0
-3149
548
-3063
-3691
-16037
0
0
0
0
0
0
0
0
0
0
0
-2517
-1024
-3030
-2403
-2604
0
0
0
0
0
0
0
0
0
0
0
-1537
-501
-2185
-2420
-20233
0
0
0
0
0
0
0
0
0
0
0
-2314
-2024
-2889
-1788
-2166
0
0
0
0
0
0
0
0
0
0
0
-1128
789
-1807
-2059
-20608
0
0
0
0
0
0
0
0
0
0
0
-3605
-3432
-2296
-2453
-2634
0
0
0
0
0
0
0
0
0
0
0
-1046
884
-2153
-2622
-15654
0
0
0
0
0
0
0
0
0
0
0
-2628
-1867
-485
-3155
-1968
0
0
0
0
0
0
0
0
0
0
0
-2128
19
-331
-1967
-20637
0
0
0
0
0
0
0
0
0
0
0
-2501
-1460
-1591
-3673
-2331
0
0
0
0
0
0
0
0
0
0
0
-2374
-445
77
-2184
-14411
0
0
0
0
0
0
0
0
0
0
0
0
0
0
0
0
0
0
0
0
0
0
0
0
0
0
0
0
0
0
0
0
0
0
0
0
0
0
0
0
0
0
0
0
0
0
0
0
0
0
0
0
0
0
0
0
0
0
0
0
0
0
0
0
0
0
0
0
0
0
0
0
0
0
0
0
0
0
0
0
0
0
0
0
0
0
0
0
0
0
0
0
0
0
0
0
0
0
0
0
0
0
0
0
0
0
0
0
0
0
0
0
0
0
0
0
0
0
0
0
0
0
0
0
0
0
0
0
0
0
0
0
0
0
0
0
0
0
0
0
0
0
0
0
0
0
0
0
0
0
0
0
0
0
0
0
0
0
0
0
0
0
0
0
0
0
0
0
0
0
0
0
0
0
0
0
0
0
0
0
0
0
0
0
0
0
0
0
0
0
0
0
0
0
0
0
0
0
0
0
0
0
0
0
0
0
0
0
0
0
0
0
0
0
0
0
0
0
0
0
0
0
0
0
0
0
0
0
0
0
0
0
0
0
0
0
0
0
0
0
0
0
0
0
0
0
0
0
0
0
0
0
0
0
0
0
0
0
0
0
0
0
0
0
0
0
0
0
0
0
0
0
0
0
0
0
0
0
0
0
0
0
0
0
0
0
0
0
0
0
0
0
0
0
0
0
0
0
0
0
0
0
0
0
0
0
0
0
0
0
0
0
0
0
0
0
0
0
0
0
0
0
0
0
0
0
0
0
0
0
0
0
0
0
0
0
0
0
0
0
0
0
0
0
0
0
0
0
0
0
0
0
0
0
0
0
0
0
0
0
0
0
0
0
0
0
0
0
0
0
0
0
0
0
0
0
0
0
0
0
0
0
0
0
0
0
0
0
0
0
0
0
0
0
0
0
0
0
0
0
0
0
0
0
0
0
0
0
0
0
0
0
0
0
0
0
0
0
0
0
0
0
0
0
0
0
0
0
0
0
0
0
0
0
0
0
0
0
0
0
0
0
0
0
0
0
0
0
0
0
0
0
0
0
0
0
0
0
0
0
0
0
0
0
0
0
0
0
0
0
0
0
0
0
0
0
0
0
0
0
0
0
0
0
0
0
0
0
0
0
0
0
0
0
0
0
0
0
0
0
0
0
0
0
0
0
0
0
0
0
0
0
0
0
0
0
0
0
0
0
0
0
0
0
0
0
0
0
0
0
0
0
0
0
0
0
0
0
0
0
0
0
0
0
0
0
0
0
0
0
0
0
0
0
0
0
0
0
0
0
0
0
0
0
0
0
0
0
0
0
0
0
0
0
0
0
0
0
0
0
0
0
0
0
0
0
0
0
0
0
0
0
0
0
0
0
0
0
0
0
0
0
0
0
0
0
0
0
0
0
0
0
0
0
0
0
0
0
0
0
0
0
0
0
0
0
0
0
0
0
0
0
0
0
0
0
0
0
0
0
0
0
0
0
0
0
0
0
0
0
0
0
0
0
0
0
0
0
0
0
0
0
0
0
0
0
0
0
0
0
0
0
0
0
0
0
0
0
0
0
0
0
0
0
0
0
0
0
0
0
0
0
0
0
0
0
0
0
0
0
0
0
0
0
0
0
0
0
0
0
0
0
0
0
0
0
0
0
0
0
0
0
0
0
0
0
0
0
0
0
0
0
0
0
0
0
0
0
0
0
0
0
0
0
0
0
0
0
0
0
0
0
0
0
0
0
0
0
0
0
0
0
0
0
0
0
0
0
0
0
0
0
0
0
0
0
0
0
0
0
0
0
0
0
0
0
0
0
0
0
0
0
0
0
0
0
0
0
0
0
0
0
0
0
0
0
0
0
0
0
0
0
0
0
0
0
0
0
0
0
0
0
0
0
0
0
0
0
0
0
0
0
0
0
0
0
0
0
0
0
0
0
0
0
0
0
0
0
0
0
0
0
0
0
0
0
0
0
0
0
0
0
0
0
0
0
0
0
0
0
0
0
0
0
0
0
0
0
0
0
0
0
0
0
0
0
0
0
0
0
0
0
0
0
0
0
0
0
0
0
0
0
0
0
0
0
0
0
0
0
0
0
0
0
0
0
0
0
0
0
0
0
0
0
0
0
0
0
0
0
0
0
0
0
0
0
0
0
0
0
0
0
0
0
0
0
0
0
0
0
0
0
0
0
0
0
0
0
0
0
0
0
0
0
0
0
0
0
0
0
0
0
0
0
0
0
0
0
0
0
0
0
0
0
0
0
0
0
0
0
0
0
0
0
0
0
0
0
0
0
0
0
0
0
0
0
0
0
0
0
0
0
0
0
0
0
0
0
0
0
0
0
0
0
0
0
0
0
0
0
0
0
0
0
0
0
0
0
0
0
0
0
0
0
0
0
0
0
0
0
0
0
0
0
0
0
0
0
0
0
0
0
0
0
0
0
0
0
0
0
0
0
0
0
0
0
0
0
0
0
0
0
0
0
0
0
0
0
0
0
0
0
0
0
0
0
0
0
0
0
0
0
0
0
0
0
0
0
0
0
0
0
0
0
0
0
0
0
0
0
0
0
0
0
0
0
0
0
0
0
0
0
0
0
0
0
0
0
0
0
0
0
0
0
0
0
0
0
0
0
0
0
0
0
0
0
0
0
0
0
0
0
0
0
0
0
0
0
0
0
0
0
0
0
0
0
0
0
0
0
0
0
0
0
0
0
0
0
0
0
0
0
0
0
0
0
0
0
0
0
0
0
0
0
0
0
0
0
0
0
0
0
0
0
0
0
0
0
0
0
0
0
0
0
0
0
0
0
0
0
0
0
0
0
0
0
0
0
0
0
0
0
0
0
0
0
0
0
0
0
0
0
0
0
0
0
0
0
0
0
0
0
0
0
0
0
0
0
0
0
0
0
0
0
0
0
0
0
0
0
0
0
0
0
0
0
0
0
0
0
0
0
0
0
0
0
0
0
0
0
0
0
0
0
0
0
0
0
0
0
0
0
0
0
0
0
0
0
0
0
0
0
0
0
0
0
0
0
0
0
0
0
0
0
0
0
0
0
0
0
0
0
0
0
0
0
0
0
0
0
0
0
0
0
0
0
0
0
0
0
0
0
0
0
0
0
0
0
0
0
0
0
0
0
0
0
0
0
0
0
0
0
0
0
0
0
0
0
0
0
0
0
0
0
0
0
0
0
0
0
0
0
0
0
0
0
0
0
0
0
0
0
0
0
0
0
0
0
0
0
0
0
0
0
0
0
0
0
0
0
0
0
0
0
0
0
0
0
0
0
0
0
0
0
0
0
0
0
0
0
0
0
0
0
0
0
0
0
0
0
0
0
0
0
0
0
0
0
0
0
0
0
0
0
0
0
0
0
0
0
0
0
0
0
0
0
0
0
0
0
0
0
0
0
0
0
0
0
0
0
0
0
0
0
0
0
0
0
0
0
0
0
0
0
0
0
0
0
0
0
0
0
0
0
0
0
0
0
0
0
0
0
0
0
0
0
0
0
0
0
0
0
0
0
0
0
0
0
0
0
0
0
0
0
0
0
0
0
0
0
0
0
0
0
0
0
0
0
0
0
0
0
0
0
0
0
0
0
0
0
0
0
0
0
0
0
0
0
0
0
0
0
0
0
0
0
0
0
0
0
0
0
0
0
0
0
0
0
0
0
0
0
0
0
0
0
0
0
0
0
0
0
0
0
0
0
0
0
0
0
0
0
0
0
0
0
0
0
0
0
0
0
0
0
0
0
0
0
0
0
0
0
0
0
0
0
0
0
0
0
0
0
0
0
0
0
0
0
0
0
0
0
0
0
0
0
0
0
0
0
0
0
0
0
0
0
0
0
0
0
0
0
0
0
0
0
0
0
0
0
0
0
0
0
0
0
0
0
0
0
0
0
0
0
0
0
0
0
0
0
0
0
0
0
0
0
0
0
0
0
0
0
0
0
0
0
0
0
0
0
0
0
0
0
0
0
0
0
0
0
0
0
0
0
0
0
0
0
0
0
0
0
0
0
0
0
0
0
0
0
0
0
0
0
0
0
0
0
0
0
0
0
0
0
0
0
0
0
0
0
0
0
0
0
0
0
0
0
0
0
0
0
0
0
0
0
0
0
0
0
0
0
0
0
0
0
0
0
0
0
0
0
0
0
0
0
0
0
0
0
0
0
0
0
0
0
0
0
0
0
0
0
0
0
0
0
0
0
0
0
0
0
0
0
0
0
0
0
0
0
0
0
0
0
0
0
0
0
0
0
0
0
0
0
0
0
0
0
0
0
0
0
0
0
0
0
0
0
0
0
0
0
0
0
0
0
0
0
0
0
0
0
0
0
0
0
0
0
0
0
0
0
0
0
0
0
0
0
0
0
0
0
0
0
0
0
0
0
0
0
0
0
0
0
0
0
0
0
0
0
0
0
0
0
0
0
0
0
0
0
0
0
0
0
0
0
0
0
0
0
0
0
0
0
0
0
0
0
0
0
0
0
0
0
0
0
0
0
0
0
0
0
0
0
0
0
0
0
0
0
0
0
0
0
0
0
0
0
0
0
0
0
0
0
0
0
0
0
0
0
0
0
0
0
0
0
0
0
0
0
0
0
0
0
0
0
0
0
0
0
0
0
0
0
0
0
0
0
0
0
0
0
0
0
0
0
0
0
0
0
0
0
0
0
0
0
0
0
0
0
0
0
0
0
0
0
0
0
0
0
0
0
0
0
0
0
0
0
0
0
0
0
0
0
0
0
0
0
0
0
0
0
0
0
0
0
0
0
0
0
0
0
0
0
0
0
0
0
0
0
0
0
0
0
0
0
0
0
0
0
0
0
0
0
0
0
0
0
0
0
0
0
0
0
0
0
0
0
0
0
0
0
0
0
0
0
0
0
0
0
0
0
0
0
0
0
0
0
0
0
0
0
0
0
0
0
0
0
0
0
0
0
0
0
0
0
0
0
0
0
0
0
0
0
0
0
0
0
0
0
0
0
0
0
0
0
0
0
0
0
0
0
0
0
0
0
0
0
0
0
0
0
0
0
0
0
0
0
0
0
0
0
0
0
0
0
0
0
0
0
0
0
0
0
0
0
0
0
0
0
0
0
0
0
0
0
0
0
0
0
0
0
0
0
0
0
0
0
0
0
0
0
0
0
0
0
0
0
0
0
0
0
0
0
0
0
0
0
0
0
0
0
0
0
0
0
0
0
0
0
0
0
0
0
0
0
0
0
0
0
0
0
0
0
0
0
0
0
0
0
0
0
0
0
0
0
0
0
0
0
0
0
0
0
0
0
0
0
0
0
0
0
0
0
0
0
0
0
0
0
0
0
0
0
0
0
0
0
0
0
0
0
0
0
0
0
0
0
0
0
0
0
0
0
0
0
0
0
0
0
0
0
0
0
0
0
0
0
0
0
0
0
0
0
0
0
0
0
0
0
0
0
0
0
0
0
0
0
0
0
0
0
0
0
0
0
0
0
0
0
0
0
0
0
0
0
0
0
0
0
0
0
0
0
0
0
0
0
0
0
0
0
0
0
0
0
0
0
0
0
0
0
0
0
0
0
0
0
0
0
0
0
0
0
0
0
0
0
0
0
0
0
0
0
0
0
0
0
0
0
0
0
0
0
0
0
0
0
0
0
0
0
0
0
0
0
0
0
0
0
0
0
0
0
0
0
0
0
0
0
0
0
0
0
0
0
0
0
0
0
0
0
0
0
0
0
0
0
0
0
0
0
0
0
0
0
0
0
0
0
0
0
0
0
0
0
0
0
0
0
0
0
0
0
0
0
0
0
0
0
0
0
0
0
0
0
0
0
0
0
0
0
0
0
0
0
0
0
0
0
0
0
0
0
0
0
0
0
0
0
0
0
0
0
0
0
0
0
0
0
0
0
0
0
0
0
0
0
0
0
0
0
0
0
0
0
0
0
0
0
0
0
0
0
0
0
0
0
0
0
0
0
0
0
0
0
0
0
0
0
0
0
0
0
0
0
0
0
0
0
0
0
0
0
0
0
0
0
0
0
0
0
0
0
0
0
0
0
0
0
0
0
0
0
0
0
0
0
0
0
0
0
0
0
0
0
0
0
0
0
0
0
0
0
0
0
0
0
0
0
0
0
0
0
0
0
0
0
0
0
0
0
0
0
0
0
0
0
0
0
0
0
0
0
0
0
0
0
0
0
0
0
0
0
0
0
0
0
0
0
0
0
0
0
0
0
0
0
0
0
0
0
0
0
0
0
0
0
0
0
0
0
0
0
0
0
0
0
0
0
0
0
0
0
0
0
0
0
0
0
0
0
0
0
0
0
0
0
0
0
0
0
0
0
0
0
0
0
0
0
0
0
0
0
0
0
0
0
0
0
0
0
0
0
0
0
0
0
0
0
0
0
0
0
0
0
0
0
0
0
0
0
0
0
0
0
0
0
0
0
0
0
0
0
0
0
0
0
0
0
0
0
0
0
0
0
0
0
0
0
0
0
0
0
0
0
0
0
0
0
0
0
0
0
0
0
0
0
0
0
0
0
0
0
0
0
0
0
0
0
0
0
0
0
0
0
0
0
0
0
0
0
0
0
0
0
0
0
0
0
0
0
0
0
0
0
0
0
0
0
0
0
0
0
0
0
0
0
0
0
0
0
0
0
0
0
0
0
0
0
0
0
0
0
0
0
0
0
0
0
0
0
0
0
0
0
0
0
0
0
0
0
0
0
0
0
0
0
0
0
0
0
0
0
0
0
0
0
0
0
0
0
0
0
0
0
0
0
0
0
0
0
0
0
0
0
0
0
0
0
0
0
0
0
0
0
0
0
0
0
0
0
0
0
0
0
0
0
0
0
0
0
0
0
0
0
0
0
0
0
0
0
0
0
0
0
0
0
0
0
0
0
0
0
0
0
0
0
0
0
0
0
0
0
0
0
0
0
0
0
0
0
0
0
0
0
0
0
0
0
0
0
0
0
0
0
0
0
0
0
0
0
0
0
0
0
0
0
0
0
0
0
0
0
0
0
0
0
0
0
0
0
0
0
0
0
0
0
0
0
0
0
0
0
0
0
0
0
0
0
0
0
0
0
0
0
0
0
0
0
0
0
0
0
0
0
0
0
0
0
0
0
0
0
0
0
0
0
0
0
0
0
0
0
0
0
0
0
0
0
0
0
0
0
0
0
0
0
0
0
0
0
0
0
0
0
0
0
0
0
0
0
0
0
0
0
0
0
0
0
0
0
0
0
0
0
0
0
0
0
0
0
0
0
0
0
0
0
0
0
0
0
0
0
0
0
0
0
0
0
0
0
0
0
0
0
0
0
0
0
0
0
0
0
0
0
0
0
0
0
0
0
0
0
0
0
0
0
0
0
0
0
0
0
0
0
0
0
0
0
0
0
0
0
0
0
0
0
0
0
0
0
0
0
0
0
0
0
0
0
0
0
0
0
0
0
0
0
0
0
0
0
0
0
0
0
0
0
0
0
0
0
0
0
0
0
0
0
0
0
0
0
0
0
0
0
0
0
0
0
0
0
0
0
0
0
0
0
0
0
0
0
0
0
0
0
0
0
0
0
0
0
0
0
0
0
0
0
0
0
0
0
0
0
0
0
0
0
0
0
0
0
0
0
0
0
0
0
0
0
0
0
0
0
0
0
0
0
0
0
0
0
0
0
0
0
0
0
0
0
0
0
0
0
0
0
0
0
0
0
0
0
0
0
0
0
0
0
0
0
0
0
0
0
0
0
0
0
0
0
0
0
0
0
0
0
0
0
0
0
0
0
0
0
0
0
0
0
0
0
0
0
0
0
0
0
0
0
0
0
0
0
0
0
0
0
0
0
0
0
0
0
0
0
0
0
0
0
0
0
0
0
0
0
0
0
0
0
0
0
0
0
0
0
0
0
0
0
0
0
0
0
0
0
0
0
0
0
0
0
0
0
0
0
0
0
0
0
0
0
0
0
0
0
0
0
0
0
0
0
0
0
0
0
0
0
0
0
0
0
0
0
0
0
0
0
0
0
0
0
0
0
0
0
0
0
0
0
0
0
0
0
0
0
0
0
0
0
0
0
0
0
0
0
0
0
0
0
0
0
0
0
0
0
0
0
0
0
0
0
0
0
0
0
0
0
0
0
0
0
0
0
0
0
0
0
0
0
0
0
0
0
0
0
0
0
0
0
0
0
0
0
0
0
0
0
0
0
0
0
0
0
0
0
0
0
0
0
0
0
0
0
0
0
0
0
0
0
0
0
0
0
0
0
0
0
0
0
0
0
0
0
0
0
0
0
0
0
0
0
0
0
0
0
0
0
0
0
0
0
0
0
0
0
0
0
0
0
0
0
0
0
0
0
0
0
0
0
0
0
0
0
0
0
0
0
0
0
0
0
0
0
0
0
0
0
0
0
0
0
0
0
0
0
0
0
0
0
0
0
0
0
0
0
0
0
0
0
0
0
0
0
0
0
0
0
0
0
0
0
0
0
0
0
0
0
0
0
0
0
0
0
0
0
0
0
0
0
0
0
0
0
0
0
0
0
0
0
0
0
0
0
0
0
0
0
0
0
0
0
0
0
0
0
0
0
0
0
0
0
0
0
0
0
0
0
0
0
0
0
0
0
0
0
0
0
0
0
0
0
0
0
0
0
0
0
0
0
0
0
0
0
0
0
0
0
0
0
0
0
0
0
0
0
0
0
0
0
0
0
0
0
0
0
0
0
0
0
0
0
0
0
0
0
0
0
0
0
0
0
0
0
0
0
0
0
0
0
0
0
0
0
0
0
0
0
0
0
0
0
0
0
0
0
0
0
0
0
0
0
0
0
0
0
0
0
0
0
0
0
0
0
0
0
0
0
0
0
0
0
0
0
0
0
0
0
0
0
0
0
0
0
0
0
0
0
0
0
0
0
0
0
0
0
0
0
0
0
0
0
0
0
0
0
0
0
0
0
0
0
0
0
0
0
0
0
0
0
0
0
0
0
0
0
0
0
0
0
0
0
0
0
0
0
0
0
0
0
0
0
0
0
0
0
0
0
0
0
0
0
0
0
0
0
0
0
0
0
0
0
0
0
0
0
0
0
0
0
0
0
0
0
0
0
0
0
0
0
0
0
0
0
0
0
0
0
0
0
0
0
0
0
0
0
0
0
0
0
0
0
0
0
0
0
0
0
0
0
0
0
0
0
0
0
0
0
0
0
0
0
0
0
0
0
0
0
0
0
0
0
0
0
0
0
0
0
0
0
0
0
0
0
0
0
0
0
0
0
0
0
0
0
0
0
0
0
0
0
0
0
0
0
0
0
0
0
0
0
0
0
0
0
0
0
0
0
0
0
0
0
0
0
0
0
0
0
0
0
0
0
0
0
0
0
0
0
0
0
0
0
0
0
0
0
0
0
0
0
0
0
0
0
0
0
0
0
0
0
0
0
0
0
0
0
0
0
0
0
0
0
0
0
0
0
0
0
0
0
0
0
0
0
0
0
0
0
0
0
0
0
0
0
0
0
0
0
0
0
0
0
0
0
0
0
0
0
0
0
0
0
0
0
0
0
0
0
0
0
0
0
0
0
0
0
0
0
0
0
0
0
0
0
0
0
0
0
0
0
0
0
0
0
0
0
0
0
0
0
0
0
0
0
0
0
0
0
0
0
0
0
0
0
0
0
0
0
0
0
0
0
0
0
0
0
0
0
0
0
0
0
0
0
0
0
0
0
0
0
0
0
0
0
0
0
0
0
0
0
0
0
0
0
0
0
0
0
0
0
0
0
0
0
0
0
0
0
0
0
0
0
0
0
0
0
0
0
0
0
0
0
0
0
0
0
0
0
0
0
0
0
0
0
0
0
0
0
0
0
0
0
0
0
0
0
0
0
0
0
0
0
0
0
0
0
0
0
0
0
0
0
0
0
0
0
0
0
0
0
0
0
0
0
0
0
0
0
0
0
0
0
0
0
0
0
0
0
0
0
0
0
0
0
0
0
0
0
0
0
0
0
0
0
0
0
0
0
0
0
0
0
0
0
0
0
0
0
0
0
0
0
0
0
0
0
0
0
0
0
0
0
0
0
0
0
0
0
0
0
0
0
0
0
0
0
0
0
0
0
0
0
0
0
0
0
0
0
0
0
0
0
0
0
0
0
0
0
0
0
0
0
0
0
0
0
0
0
0
0
0
0
0
0
0
0
0
0
0
0
0
0
0
0
0
0
0
0
0
0
0
0
0
0
0
0
0
0
0
0
0
0
0
0
0
0
0
0
0
0
0
0
0
0
0
0
0
0
0
0
0
0
0
0
0
0
0
0
0
0
0
0
0
0
0
0
0
0
0
0
0
0
0
0
0
0
0
0
0
0
0
0
0
0
0
0
0
0
0
0
0
0
0
0
0
0
0
0
0
0
0
0
0
0
0
0
0
0
0
0
0
0
0
0
0
0
0
0
0
0
0
0
0
0
0
0
0
0
0
0
0
0
0
0
0
0
0
0
0
0
0
0
0
0
0
0
0
0
0
0
0
0
0
0
0
0
0
0
0
0
0
0
0
0
0
0
0
0
0
0
0
0
0
0
0
0
0
0
0
0
0
0
0
0
0
0
0
0
0
0
0
0
0
0
0
0
0
0
0
0
0
0
0
0
0
0
0
0
0
0
0
0
0
0
0
0
0
0
0
0
0
0
0
0
0
0
0
0
0
0
0
0
0
0
0
0
0
0
0
0
0
0
0
0
0
0
0
0
0
0
0
0
0
0
0
0
0
0
0
0
0
0
0
0
0
0
0
0
0
0
0
0
0
0
0
0
0
0
0
0
0
0
0
0
0
0
0
0
0
0
0
0
0
0
0
0
0
0
0
0
0
0
0
0
0
0
0
0
0
0
0
0
0
0
0
0
0
0
0
0
0
0
0
0
0
0
0
0
0
0
0
0
0
0
0
0
0
0
0
0
0
0
0
0
0
0
0
0
0
0
0
0
0
0
0
0
0
0
0
0
0
0
0
0
0
0
0
0
0
0
0
0
0
0
0
0
0
0
0
0
0
0
0
0
0
0
0
0
0
0
0
0
0
0
0
0
0
0
0
0
0
0
0
0
0
0
0
0
0
0
0
0
0
0
0
0
0
0
0
0
0
0
0
0
0
0
0
0
0
0
0
0
0
0
0
0
0
0
0
0
0
0
0
0
0
0
0
0
0
0
0
0
0
0
0
0
0
0
0
0
0
0
0
0
0
0
0
0
0
0
0
0
0
0
0
0
0
0
0
0
0
0
0
0
0
0
0
0
0
0
0
0
0
0
0
0
0
0
0
0
0
0
0
0
0
0
0
0
0
0
0
0
0
0
0
0
0
0
0
0
0
0
0
0
0
0
0
0
0
0
0
0
0
0
0
0
0
0
0
0
0
0
0
0
0
0
0
0
0
0
0
0
0
0
0
0
0
0
0
0
0
0
0
0
0
0
0
0
0
0
0
0
0
0
0
0
0
0
0
0
0
0
0
0
0
0
0
0
0
0
0
0
0
0
0
0
0
0
0
0
0
0
0
0
0
0
0
0
0
0
0
0
0
0
0
0
0
0
0
0
0
0
0
0
0
0
0
0
0
0
0
0
0
0
0
0
0
0
0
0
0
0
0
0
0
0
0
0
0
0
0
0
0
0
0
0
0
0
0
0
0
0
0
0
0
0
0
0
0
0
0
0
0
0
0
0
0
0
0
0
0
0
0
0
0
0
0
0
0
0
0
0
0
0
0
0
0
0
0
0
0
0
0
0
0
0
0
0
0
0
0
0
0
0
0
0
0
0
0
0
0
0
0
0
0
0
0
0
0
0
0
0
0
0
0
0
0
0
0
0
0
0
0
0
0
0
0
0
0
0
0
0
0
0
0
0
0
0
0
0
0
0
0
0
0
0
0
0
0
0
0
0
0
0
0
0
0
0
0
0
0
0
0
0
0
0
0
0
0
0
0
0
0
0
0
0
0
0
0
0
0
0
0
0
0
0
0
0
0
0
0
0
0
0
0
0
0
0
0
0
0
0
0
0
0
0
0
0
0
0
0
0
0
0
0
0
0
0
0
0
0
0
0
0
0
0
0
0
0
0
0
0
0
0
0
0
0
0
0
0
0
0
0
0
0
0
0
0
0
0
0
0
0
0
0
0
0
0
0
0
0
0
0
0
0
0
0
0
0
0
0
0
0
0
0
0
0
0
0
0
0
0
0
0
0
0
0
0
0
0
0
0
0
0
0
0
0
0
0
0
0
0
0
0
0
0
0
0
0
0
0
0
0
0
0
0
0
0
0
0
0
0
0
0
0
0
0
0
0
0
0
0
0
0
0
0
0
0
0
0
0
0
0
0
0
0
0
0
0
0
0
0
0
0
0
0
0
0
0
0
0
0
0
0
0
0
0
0
0
0
0
0
0
0
0
0
0
0
0
0
0
0
0
0
0
0
0
0
0
0
0
0
0
0
0
0
0
0
0
0
0
0
0
0
0
0
0
0
0
0
0
0
0
0
0
0
0
0
0
0
0
0
0
0
0
0
0
0
0
0
0
0
0
0
0
0
0
0
0
0
0
0
0
0
0
0
0
0
0
0
0
0
0
0
0
0
0
0
0
0
0
0
0
0
0
0
0
0
0
0
0
0
0
0
0
0
0
0
0
0
0
0
0
0
0
0
0
0
0
0
0
0
0
0
0
0
0
0
0
0
0
0
0
0
0
0
0
0
0
0
0
0
0
0
0
0
0
0
0
0
0
0
0
0
0
0
0
0
0
0
0
0
0
0
0
0
0
0
0
0
0
0
0
0
0
0
0
0
0
0
0
0
0
0
0
0
0
0
0
0
0
0
0
0
0
0
0
0
0
0
0
0
0
0
0
0
0
0
0
0
0
0
0
0
0
0
0
0
0
0
0
0
0
0
0
0
0
0
0
0
0
0
0
0
0
0
0
0
0
0
0
0
0
0
0
0
0
0
0
0
0
0
0
0
0
0
0
0
0
0
0
0
0
0
0
0
0
0
0
0
0
0
0
0
0
0
0
0
0
0
0
0
0
0
0
0
0
0
0
0
0
0
0
0
0
0
0
0
0
0
0
0
0
0
0
0
0
0
0
0
0
0
0
0
0
0
0
0
0
0
0
0
0
0
0
0
0
0
0
0
0
0
0
0
0
0
0
0
0
0
0
0
0
0
0
0
0
0
0
0
0
0
0
0
0
0
0
0
0
0
0
0
0
0
0
0
0
0
0
0
0
0
0
0
0
0
0
0
0
0
0
0
0
0
0
0
0
0
0
0
0
0
0
0
0
0
0
0
0
0
0
0
0
0
0
0
0
0
0
0
0
0
0
0
0
0
0
0
0
0
0
0
0
0
0
0
0
0
0
0
0
0
0
0
0
0
0
0
0
0
0
0
0
0
0
0
0
0
0
0
0
0
0
0
0
0
0
0
0
0
0
0
0
0
0
0
0
0
0
0
0
0
0
0
0
0
0
0
0
0
0
0
0
0
0
0
0
0
0
0
0
0
0
0
0
0
0
0
0
0
0
0
0
0
0
0
0
0
0
0
0
0
0
0
0
0
0
0
0
0
0
0
0
0
0
0
0
0
0
0
0
0
0
0
0
0
0
0
0
0
0
0
0
0
0
0
0
0
0
0
0
0
0
0
0
0
0
0
0
0
0
0
0
0
0
0
0
0
0
0
0
0
0
0
0
0
0
0
0
0
0
0
0
0
0
0
0
0
0
0
0
0
0
0
0
0
0
0
0
0
0
0
0
0
0
0
0
0
0
0
0
0
0
0
0
0
0
0
0
0
0
0
0
0
0
0
0
0
0
0
0
0
0
0
0
0
0
0
0
0
0
0
0
0
0
0
0
0
0
0
0
0
0
0
0
0
0
0
0
0
0
0
0
0
0
0
0
0
0
0
0
0
0
0
0
0
0
0
0
0
0
0
0
0
0
0
0
0
0
0
0
0
0
0
0
0
0
0
0
0
0
0
0
0
0
0
0
0
0
0
0
0
0
0
0
0
0
0
0
0
0
0
0
0
0
0
0
0
0
0
0
0
0
0
0
0
0
0
0
0
0
0
0
0
0
0
0
0
0
0
0
0
0
0
0
0
0
0
0
0
0
0
0
0
0
0
0
0
0
0
0
0
0
0
0
0
0
0
0
0
0
0
0
0
0
0
0
0
0
0
0
0
0
0
0
0
0
0
0
0
0
0
0
0
0
0
0
0
0
0
0
0
0
0
0
0
0
0
0
0
0
0
0
0
0
0
0
0
0
0
0
0
0
0
0
0
0
0
0
0
0
0
0
0
0
0
0
0
0
0
0
0
0
0
0
0
0
0
0
0
0
0
0
0
0
0
0
0
0
0
0
0
0
0
0
0
0
0
0
0
0
0
0
0
0
0
0
0
0
0
0
0
0
0
0
0
0
0
0
0
0
0
0
0
0
0
0
0
0
0
0
0
0
0
0
0
0
0
0
0
0
0
0
0
0
0
0
0
0
0
0
0
0
0
0
0
0
0
0
0
0
0
0
0
0
0
0
0
0
0
0
0
0
0
0
0
0
0
0
0
0
0
0
0
0
0
0
0
0
0
0
0
0
0
0
0
0
0
0
0
0
0
0
0
0
0
0
0
0
0
0
0
0
0
0
0
0
0
0
0
0
0
0
0
0
0
0
0
0
0
0
0
0
0
0
0
0
0
0
0
0
0
0
0
0
0
0
0
0
0
0
0
0
0
0
0
0
0
0
0
0
0
0
0
0
0
0
0
0
0
0
0
0
0
0
0
0
0
0
0
0
0
0
0
0
0
0
0
0
0
0
0
0
0
0
0
0
0
0
0
0
0
0
0
0
0
0
0
0
0
0
0
0
0
0
0
0
0
0
0
0
0
0
0
0
0
0
0
0
0
0
0
0
0
0
0
0
0
0
0
0
0
0
0
0
0
0
0
0
0
0
0
0
0
0
0
0
0
0
0
0
0
0
0
0
0
0
0
0
0
0
0
0
0
0
0
0
0
0
0
0
0
0
0
0
0
0
0
0
0
0
0
0
0
0
0
0
0
0
0
0
0
0
0
0
0
0
0
0
0
0
0
0
0
0
0
0
0
0
0
0
0
0
0
0
0
0
0
0
0
0
0
0
0
0
0
0
0
0
0
0
0
0
0
0
0
0
0
0
0
0
0
0
0
0
0
0
0
0
0
0
0
0
0
0
0
0
0
0
0
0
0
0
0
0
0
0
0
0
0
0
0
0
0
0
0
0
0
0
0
0
0
0
0
0
0
0
0
0
0
0
0
0
0
0
0
0
0
0
0
0
0
0
0
0
0
0
0
0
0
0
0
0
0
0
0
0
0
0
0
0
0
0
0
0
0
0
0
0
0
0
0
0
0
0
0
0
0
0
0
0
0
0
0
0
0
0
0
0
0
0
0
0
0
0
0
0
0
0
0
0
0
0
0
0
0
0
0
0
0
0
0
0
0
0
0
0
0
0
0
0
0
0
0
0
0
0
0
0
0
0
0
0
0
0
0
0
0
0
0
0
0
0
0
0
0
0
0
0
0
0
0
0
0
0
0
0
0
0
0
0
0
0
0
0
0
0
0
0
0
0
0
0
0
0
0
0
0
0
0
0
0
0
0
0
0
0
0
0
0
0
0
0
0
0
0
0
0
0
0
0
0
0
0
0
0
0
0
0
0
0
0
0
0
0
0
0
0
0
0
0
0
0
0
0
0
0
0
0
0
0
0
0
0
0
0
0
0
0
0
0
0
0
0
0
0
0
0
0
0
0
0
0
0
0
0
0
0
0
0
0
0
0
0
0
0
0
0
0
0
0
0
0
0
0
0
0
0
0
0
0
0
0
0
0
0
0
0
0
0
0
0
0
0
0
0
0
0
0
0
0
0
0
0
0
0
0
0
0
0
0
0
0
0
0
0
0
0
0
0
0
0
0
0
0
0
0
0
0
0
0
0
0
0
0
0
0
0
0
0
0
0
0
0
0
0
0
0
0
0
0
0
0
0
0
0
0
0
0
0
0
0
0
0
0
0
0
0
0
0
0
0
0
0
0
0
0
0
0
0
0
0
0
0
0
0
0
0
0
0
0
0
0
0
0
0
0
0
0
0
0
0
0
0
0
0
0
0
0
0
0
0
0
0
0
0
0
0
0
0
0
0
0
0
0
0
0
0
0
0
0
0
0
0
0
0
0
0
0
0
0
0
0
0
0
0
0
0
0
0
0
0
0
0
0
0
0
0
0
0
0
0
0
0
0
0
0
0
0
0
0
0
0
0
0
0
0
0
0
0
0
0
0
0
0
0
0
0
0
0
0
0
0
0
0
0
0
0
0
0
0
0
0
0
0
0
0
0
0
0
0
0
0
0
0
0
0
0
0
0
0
0
0
0
0
0
0
0
0
0
0
0
0
0
0
0
0
0
0
0
0
0
0
0
0
0
0
0
0
0
0
0
0
0
0
0
0
0
0
0
0
0
0
0
0
0
0
0
0
0
0
0
0
0
0
0
0
0
0
0
0
0
0
0
0
0
0
0
0
0
0
0
0
0
0
0
0
0
0
0
0
0
0
0
0
0
0
0
0
0
0
0
0
0
0
0
0
0
0
0
0
0
0
0
0
0
0
0
0
0
0
0
0
0
0
0
0
0
0
0
0
0
0
0
0
0
0
0
0
0
0
0
0
0
0
0
0
0
0
0
0
0
0
0
0
0
0
0
0
0
0
0
0
0
0
0
0
0
0
0
0
0
0
0
0
0
0
0
0
0
0
0
0
0
0
0
0
0
0
0
0
0
0
0
0
0
0
0
0
0
0
0
0
0
0
0
0
0
0
0
0
0
0
0
0
0
0
0
0
0
0
0
0
0
0
0
0
0
0
0
0
0
0
0
0
0
0
0
0
0
0
0
0
0
0
0
0
0
0
0
0
0
0
0
0
0
0
0
0
0
0
0
0
0
0
0
0
0
0
0
0
0
0
0
0
0
0
0
0
0
0
0
0
0
0
0
0
0
0
0
0
0
0
0
0
0
0
0
0
0
0
0
0
0
0
0
0
0
0
0
0
0
0
0
0
0
0
0
0
0
0
0
0
0
0
0
0
0
0
0
0
0
0
0
0
0
0
0
0
0
0
0
0
0
0
0
0
0
0
0
0
0
0
0
0
0
0
0
0
0
0
0
0
0
0
0
0
0
0
0
0
0
0
0
0
0
0
0
0
0
0
0
0
0
0
0
0
0
0
0
0
0
0
0
0
0
0
0
0
0
0
0
0
0
0
0
0
0
0
0
0
0
0
0
0
0
0
0
0
0
0
0
0
0
0
0
0
0
0
0
0
0
0
0
0
0
0
0
0
0
0
0
0
0
0
0
0
0
0
0
0
0
0
0
0
0
0
0
0
0
0
0
0
0
0
0
0
0
0
0
0
0
0
0
0
0
0
0
0
0
0
0
0
0
0
0
0
0
0
0
0
0
0
0
0
0
0
0
0
0
0
0
0
0
0
0
0
0
0
0
0
0
0
0
0
0
0
0
0
0
0
0
0
0
0
0
0
0
0
0
0
0
0
0
0
0
0
0
0
0
0
0
0
0
0
0
0
0
0
0
0
0
0
0
0
0
0
0
0
0
0
0
0
0
0
0
0
0
0
0
0
0
0
0
0
0
0
0
0
0
0
0
0
0
0
0
0
0
0
0
0
0
0
0
0
0
0
0
0
0
0
0
0
0
0
0
0
0
0
0
0
0
0
0
0
0
0
0
0
0
0
0
0
0
0
0
0
0
0
0
0
0
0
0
0
0
0
0
0
0
0
0
0
0
0
0
0
0
0
0
0
0
0
0
0
0
0
0
0
0
0
0
0
0
0
0
0
0
0
0
0
0
0
0
0
0
0
0
0
0
0
0
0
0
0
0
0
0
0
0
0
0
0
0
0
0
0
0
0
0
0
0
0
0
0
0
0
0
0
0
0
0
0
0
0
0
0
0
0
0
0
0
0
0
0
0
0
0
0
0
0
0
0
0
0
0
0
0
0
0
0
0
0
0
0
0
0
0
0
0
0
0
0
0
0
0
0
0
0
0
0
0
0
0
0
0
0
0
0
0
0
0
0
0
0
0
0
0
0
0
0
0
0
0
0
0
0
0
0
0
0
0
0
0
0
0
0
0
0
0
0
0
0
0
0
0
0
0
0
0
0
0
0
0
0
0
0
0
0
0
0
0
0
0
0
0
0
0
0
0
0
0
0
0
0
0
0
0
0
0
0
0
0
0
0
0
0
0
0
0
0
0
0
0
0
0
0
0
0
0
0
0
0
0
0
0
0
0
0
0
0
0
0
0
0
0
0
0
0
0
0
0
0
0
0
0
0
0
0
0
0
0
0
0
0
0
0
0
0
0
0
0
0
0
0
0
0
0
0
0
0
0
0
0
0
0
0
0
0
0
0
0
0
0
0
0
0
0
0
0
0
0
0
0
0
0
0
0
0
0
0
0
0
0
0
0
0
0
0
0
0
0
0
0
0
0
0
0
0
0
0
0
0
0
0
0
0
0
0
0
0
0
0
0
0
0
0
0
0
0
0
0
0
0
0
0
0
0
0
0
0
0
0
0
0
0
0
0
0
0
0
0
0
0
0
0
0
0
0
0
0
0
0
0
0
0
0
0
0
0
0
0
0
0
0
0
0
0
0
0
0
0
0
0
0
0
0
0
0
0
0
0
0
0
0
0
0
0
0
0
0
0
0
0
0
0
0
0
0
0
0
0
0
0
0
0
0
0
0
0
0
0
0
0
0
0
0
0
0
0
0
0
0
0
0
0
0
0
0
0
0
0
0
0
0
0
0
0
0
0
0
0
0
0
0
0
0
0
0
0
0
0
0
0
0
0
0
0
0
0
0
0
0
0
0
0
0
0
0
0
0
0
0
0
0
0
0
0
0
0
0
0
0
0
0
0
0
0
0
0
0
0
0
0
0
0
0
0
0
0
0
0
0
0
0
0
0
0
0
0
0
0
0
0
0
0
0
0
0
0
0
0
0
0
0
0
0
0
0
0
0
0
0
0
0
0
0
0
0
0
0
0
0
0
0
0
0
0
0
0
0
0
0
0
0
0
0
0
0
0
0
0
0
0
0
0
0
0
0
0
0
0
0
0
0
0
0
0
0
0
0
0
0
0
0
0
0
0
0
0
0
0
0
0
0
0
0
0
0
0
0
0
0
0
0
0
0
0
0
0
0
0
0
0
0
0
0
0
0
0
0
0
0
0
0
0
0
0
0
0
0
0
0
0
0
0
0
0
0
0
0
0
0
0
0
0
0
0
0
0
0
0
0
0
0
0
0
0
0
0
0
0
0
0
0
0
0
0
0
0
0
0
0
0
0
0
0
0
0
0
0
0
0
0
0
0
0
0
0
0
0
0
0
0
0
0
0
0
0
0
0
0
0
0
0
0
0
0
0
0
0
0
0
0
0
0
0
0
0
0
0
0
0
0
0
0
0
0
0
0
0
0
0
0
0
0
0
0
0
0
0
0
0
0
0
0
0
0
0
0
0
0
0
0
0
0
0
0
0
0
0
0
0
0
0
0
0
0
0
0
0
0
0
0
0
0
0
0
0
0
0
0
0
0
0
0
0
0
0
0
0
0
0
0
0
0
0
0
0
0
0
0
0
0
0
0
0
0
0
0
0
0
0
0
0
0
0
0
0
0
0
0
0
0
0
0
0
0
0
0
0
0
0
0
0
0
0
0
0
0
0
0
0
0
0
0
0
0
0
0
0
0
0
0
0
0
0
0
0
0
0
0
0
0
0
0
0
0
0
0
0
0
0
0
0
0
0
0
0
0
0
0
0
0
0
0
0
0
0
0
0
0
0
0
0
0
0
0
0
0
0
0
0
0
0
0
0
0
0
0
0
0
0
0
0
0
0
0
0
0
0
0
0
0
0
0
0
0
0
0
0
0
0
0
0
0
0
0
0
0
0
0
0
0
0
0
0
0
0
0
0
0
0
0
0
0
0
0
0
0
0
0
0
0
0
0
0
0
0
0
0
0
0
0
0
0
0
0
0
0
0
0
0
0
0
0
0
0
0
0
0
0
0
0
0
0
0
0
0
0
0
0
0
0
0
0
0
0
0
0
0
0
0
0
0
0
0
0
0
0
0
0
0
0
0
0
0
0
0
0
0
0
0
0
0
0
0
0
0
0
0
0
0
0
0
0
0
0
0
0
0
0
0
0
0
0
0
0
0
0
0
0
0
0
0
0
0
0
0
0
0
0
0
0
0
0
0
0
0
0
0
0
0
0
0
0
0
0
0
0
0
0
0
0
0
0
0
0
0
0
0
0
0
0
0
0
0
0
0
0
0
0
0
0
0
0
0
0
0
0
0
0
0
0
0
0
0
0
0
0
0
0
0
0
0
0
0
0
0
0
0
0
0
0
0
0
0
0
0
0
0
0
0
0
0
0
0
0
0
0
0
0
0
0
0
0
0
0
0
0
0
0
0
0
0
0
0
0
0
0
0
0
0
0
0
0
0
0
0
0
0
0
0
0
0
0
0
0
0
0
0
0
0
0
0
0
0
0
0
0
0
0
0
0
0
0
0
0
0
0
0
0
0
0
0
0
0
0
0
0
0
0
0
0
0
0
0
0
0
0
0
0
0
0
0
0
0
0
0
0
0
0
0
0
0
0
0
0
0
0
0
0
0
0
0
0
0
0
0
0
0
0
0
0
0
0
0
0
0
0
0
0
0
0
0
0
0
0
0
0
0
0
0
0
0
0
0
0
0
0
0
0
0
0
0
0
0
0
0
0
0
0
0
0
0
0
0
0
0
0
0
0
0
0
0
0
0
0
0
0
0
0
0
0
0
0
0
0
0
0
0
0
0
0
0
0
0
0
0
0
0
0
0
0
0
0
0
0
0
0
0
0
0
0
0
0
0
0
0
0
0
0
0
0
0
0
0
0
0
0
0
0
0
0
0
0
0
0
0
0
0
0
0
0
0
0
0
0
0
0
0
0
0
0
0
0
0
0
0
0
0
0
0
0
0
0
0
0
0
0
0
0
0
0
0
0
0
0
0
0
0
0
0
0
0
0
0
0
0
0
0
0
0
0
0
0
0
0
0
0
0
0
0
0
0
0
0
0
0
0
0
0
0
0
0
0
0
0
0
0
0
0
0
0
0
0
0
0
0
0
0
0
0
0
0
0
0
0
0
0
0
0
0
0
0
0
0
0
0
0
0
0
0
0
0
0
0
0
0
0
0
0
0
0
0
0
0
0
0
0
0
0
0
0
0
0
0
0
0
0
0
0
0
0
0
0
0
0
0
0
0
0
0
0
0
0
0
0
0
0
0
0
0
0
0
0
0
0
0
0
0
0
0
0
0
0
0
0
0
0
0
0
0
0
0
0
0
0
0
0
0
0
0
0
0
0
0
0
0
0
0
0
0
0
0
0
0
0
0
0
0
0
0
0
0
0
0
0
0
0
0
0
0
0
0
0
0
0
0
0
0
0
0
0
0
0
0
0
0
0
0
0
0
0
0
0
0
0
0
0
0
0
0
0
0
0
0
0
0
0
0
0
0
0
0
0
0
0
0
0
0
0
0
0
0
0
0
0
0
0
0
0
0
0
0
0
0
0
0
0
0
0
0
0
0
0
0
0
0
0
0
0
0
0
0
0
0
0
0
0
0
0
0
0
0
0
0
0
0
0
0
0
0
0
0
0
0
0
0
0
0
0
0
0
0
0
0
0
0
0
0
0
0
0
0
0
0
0
0
0
0
0
0
0
0
0
0
0
0
0
0
0
0
0
0
0
0
0
0
0
0
0
0
0
0
0
0
0
0
0
0
0
0
0
0
0
0
0
0
0
0
0
0
0
0
0
0
0
0
0
0
0
0
0
0
0
0
0
0
0
0
0
0
0
0
0
0
0
0
0
0
0
0
0
0
0
0
0
0
0
0
0
0
0
0
0
0
0
0
0
0
0
0
0
0
0
0
0
0
0
0
0
0
0
0
0
0
0
0
0
0
0
0
0
0
0
0
0
0
0
0
0
0
0
0
0
0
0
0
0
0
0
0
0
0
0
0
0
0
0
0
0
0
0
0
0
0
0
0
0
0
0
0
0
0
0
0
0
0
0
0
0
0
0
0
0
0
0
0
0
0
0
0
0
0
0
0
0
0
0
0
0
0
0
0
0
0
0
0
0
0
0
0
0
0
0
0
0
0
0
0
0
0
0
0
0
0
0
0
0
0
0
0
0
0
0
0
0
0
0
0
0
0
0
0
0
0
0
0
0
0
0
0
0
0
0
0
0
0
0
0
0
0
0
0
0
0
0
0
0
0
0
0
0
0
0
0
0
0
0
0
0
0
0
0
0
0
0
0
0
0
0
0
0
0
0
0
0
0
0
0
0
0
0
0
0
0
0
0
0
0
0
0
0
0
0
0
0
0
0
0
0
0
0
0
0
0
0
0
0
0
0
0
0
0
0
0
0
0
0
0
0
0
0
0
0
0
0
0
0
0
0
0
0
0
0
0
0
0
0
0
0
0
0
0
0
0
0
0
0
0
0
0
0
0
0
0
0
0
0
0
0
0
0
0
0
0
0
0
0
0
0
0
0
0
0
0
0
0
0
0
0
0
0
0
0
0
0
0
0
0
0
0
0
0
0
0
0
0
0
0
0
0
0
0
0
0
0
0
0
0
0
0
0
0
0
0
0
0
0
0
0
0
0
0
0
0
0
0
0
0
0
0
0
0
0
0
0
0
0
0
0
0
0
0
0
0
0
0
0
0
0
0
0
0
0
0
0
0
0
0
0
0
0
0
0
0
0
0
0
0
0
0
0
0
0
0
0
0
0
0
0
0
0
0
0
0
0
0
0
0
0
0
0
0
0
0
0
0
0
0
0
0
0
0
0
0
0
0
0
0
0
0
0
0
0
0
0
0
0
0
0
0
0
0
0
0
0
0
0
0
0
0
0
0
0
0
0
0
0
0
0
0
0
0
0
0
0
0
0
0
0
0
0
0
0
0
0
0
0
0
0
0
0
0
0
0
0
0
0
0
0
0
0
0
0
0
0
0
0
0
0
0
0
0
0
0
0
0
0
0
0
0
0
0
0
0
0
0
0
0
0
0
0
0
0
0
0
0
0
0
0
0
0
0
0
0
0
0
0
0
0
0
0
0
0
0
0
0
0
0
0
0
0
0
0
0
0
0
0
0
0
0
0
0
0
0
0
0
0
0
0
0
0
0
0
0
0
0
0
0
0
0
0
0
0
0
0
0
0
0
0
0
0
0
0
0
0
0
0
0
0
0
0
0
0
0
0
0
0
0
0
0
0
0
0
0
0
0
0
0
0
0
0
0
0
0
0
0
0
0
0
0
0
0
0
0
0
0
0
0
0
0
0
0
0
0
0
0
0
0
0
0
0
0
0
0
0
0
0
0
0
0
0
0
0
0
0
0
0
0
0
0
0
0
0
0
0
0
0
0
0
0
0
0
0
0
0
0
0
0
0
0
0
0
0
0
0
0
0
0
0
0
0
0
0
0
0
0
0
0
0
0
0
0
0
0
0
0
0
0
0
0
0
0
0
0
0
0
0
0
0
0
0
0
0
0
0
0
0
0
0
0
0
0
0
0
0
0
0
0
0
0
0
0
0
0
0
0
0
0
0
0
0
0
0
0
0
0
0
0
0
0
0
0
0
0
0
0
0
0
0
0
0
0
0
0
0
0
0
0
0
0
0
0
0
0
0
0
0
0
0
0
0
0
0
0
0
0
0
0
0
0
0
0
0
0
0
0
0
0
0
0
0
0
0
0
0
0
0
0
0
0
0
0
0
0
0
0
0
0
0
0
0
0
0
0
0
0
0
0
0
0
0
0
0
0
0
0
0
0
0
0
0
0
0
0
0
0
0
0
0
0
0
0
0
0
0
0
0
0
0
0
0
0
0
0
0
0
0
0
0
0
0
0
0
0
0
0
0
0
0
0
0
0
0
0
0
0
0
0
0
0
0
0
0
0
0
0
0
0
0
0
0
0
0
0
0
0
0
0
0
0
0
0
0
0
0
0
0
0
0
0
0
0
0
0
0
0
0
0
0
0
0
0
0
0
0
0
0
0
0
0
0
0
0
0
0
0
0
0
0
0
0
0
0
0
0
0
0
0
0
0
0
0
0
0
0
0
0
0
0
0
0
0
0
0
0
0
0
0
0
0
0
0
0
0
0
0
0
0
0
0
0
0
0
0
0
0
0
0
0
0
0
0
0
0
0
0
0
0
0
0
0
0
0
0
0
0
0
0
0
0
0
0
0
0
0
0
0
0
0
0
0
0
0
0
0
0
0
0
0
0
0
0
0
0
0
0
0
0
0
0
0
0
0
0
0
0
0
0
0
0
0
0
0
0
0
0
0
0
0
0
0
0
0
0
0
0
0
0
0
0
0
0
0
0
0
0
0
0
0
0
0
0
0
0
0
0
0
0
0
0
0
0
0
0
0
0
0
0
0
0
0
0
0
0
0
0
0
0
0
0
0
0
0
0
0
0
0
0
0
0
0
0
0
0
0
0
0
0
0
0
0
0
0
0
0
0
0
0
0
0
0
0
0
0
0
0
0
0
0
0
0
0
0
0
0
0
0
0
0
0
0
0
0
0
0
0
0
0
0
0
0
0
0
0
0
0
0
0
0
0
0
0
0
0
0
0
0
0
0
0
0
0
0
0
0
0
0
0
0
0
0
0
0
0
0
0
0
0
0
0
0
0
0
0
0
0
0
0
0
0
0
0
0
0
0
0
0
0
0
0
0
0
0
0
0
0
0
0
0
0
0
0
0
0
0
0
0
0
0
0
0
0
0
0
0
0
0
0
0
0
0
0
0
0
0
0
0
0
0
0
0
0
0
0
0
0
0
0
0
0
0
0
0
0
0
0
0
0
0
0
0
0
0
0
0
0
0
0
0
0
0
0
0
0
0
0
0
0
0
0
0
0
0
0
0
0
0
0
0
0
0
0
0
0
0
0
0
0
0
0
0
0
0
0
0
0
0
0
0
0
0
0
0
0
0
0
0
0
0
0
0
0
0
0
0
0
0
0
0
0
0
0
0
0
0
0
0
0
0
0
0
0
0
0
0
0
0
0
0
0
0
0
0
0
0
0
0
0
0
0
0
0
0
0
0
0
0
0
0
0
0
0
0
0
0
0
0
0
0
0
0
0
0
0
0
0
0
0
0
0
0
0
0
0
0
0
0
0
0
0
0
0
0
0
0
0
0
0
0
0
0
0
0
0
0
0
0
0
0
0
0
0
0
0
0
0
0
0
0
0
0
0
0
0
0
0
0
0
0
0
0
0
0
0
0
0
0
0
0
0
0
0
0
0
0
0
0
0
0
0
0
0
0
0
0
0
0
0
0
0
0
0
0
0
0
0
0
0
0
0
0
0
0
0
0
0
0
0
0
0
0
0
0
0
0
0
0
0
0
0
0
0
0
0
0
0
0
0
0
0
0
0
0
0
0
0
0
0
0
0
0
0
0
0
0
0
0
0
0
0
0
0
0
0
0
0
0
0
0
0
0
0
0
0
0
0
0
0
0
0
0
0
0
0
0
0
0
0
0
0
0
0
0
0
0
0
0
0
0
0
0
0
0
0
0
0
0
0
0
0
0
0
0
0
0
0
0
0
0
0
0
0
0
0
0
0
0
0
0
0
0
0
0
0
0
0
0
0
0
0
0
0
0
0
0
0
0
0
0
0
0
0
0
0
0
0
0
0
0
0
0
0
0
0
0
0
0
0
0
0
0
0
0
0
0
0
0
0
0
0
0
0
0
0
0
0
0
0
0
0
0
0
0
0
0
0
0
0
0
0
0
0
0
0
0
0
0
0
0
0
0
0
0
0
0
0
0
0
0
0
0
0
0
0
0
0
0
0
0
0
0
0
0
0
0
0
0
0
0
0
0
0
0
0
0
0
0
0
0
0
0
0
0
0
0
0
0
0
0
0
0
0
0
0
0
0
0
0
0
0
0
0
0
0
0
0
0
0
0
0
0
0
0
0
0
0
0
0
0
0
0
0
0
0
0
0
0
0
0
0
0
0
0
0
0
0
0
0
0
0
0
0
0
0
0
0
0
0
0
0
0
0
0
0
0
0
0
0
0
0
0
0
0
0
0
0
0
0
0
0
0
0
0
0
0
0
0
0
0
0
0
0
0
0
0
0
0
0
0
0
0
0
0
0
0
0
0
0
0
0
0
0
0
0
0
0
0
0
0
0
0
0
0
0
0
0
0
0
0
0
0
0
0
0
0
0
0
0
0
0
0
0
0
0
0
0
0
0
0
0
0
0
0
0
0
0
0
0
0
0
0
0
0
0
0
0
0
0
0
0
0
0
0
0
0
0
0
0
0
0
0
0
0
0
0
0
0
0
0
0
0
0
0
0
0
0
0
0
0
0
0
0
0
0
0
0
0
0
0
0
0
0
0
0
0
0
0
0
0
0
0
0
0
0
0
0
0
0
0
0
0
0
0
0
0
0
0
0
0
0
0
0
0
0
0
0
0
0
0
0
0
0
0
0
0
0
0
0
0
0
0
0
0
0
0
0
0
0
0
0
0
0
0
0
0
0
0
0
0
0
0
0
0
0
0
0
0
0
0
0
0
0
0
0
0
0
0
0
0
0
0
0
0
0
0
0
0
0
0
0
0
0
0
0
0
0
0
0
0
0
0
0
0
0
0
0
0
0
0
0
0
0
0
0
0
0
0
0
0
0
0
0
0
0
0
0
0
0
0
0
0
0
0
0
0
0
0
0
0
0
0
0
0
0
0
0
0
0
0
0
0
0
0
0
0
0
0
0
0
0
0
0
0
0
0
0
0
0
0
0
0
0
0
0
0
0
0
0
0
0
0
0
0
0
0
0
0
0
0
0
0
0
0
0
0
0
0
0
0
0
0
0
0
0
0
0
0
0
0
0
0
0
0
0
0
0
0
0
0
0
0
0
0
0
0
0
0
0
0
0
0
0
0
0
0
0
0
0
0
0
0
0
0
0
0
0
0
0
0
0
0
0
0
0
0
0
0
0
0
0
0
0
0
0
0
0
0
0
0
0
0
0
0
0
0
0
0
0
0
0
0
0
0
0
0
0
0
0
0
0
0
0
0
0
0
0
0
0
0
0
0
0
0
0
0
0
0
0
0
0
0
0
0
0
0
0
0
0
0
0
0
0
0
0
0
0
0
0
0
0
0
0
0
0
0
0
0
0
0
0
0
0
0
0
0
0
0
0
0
0
0
0
0
0
0
0
0
0
0
0
0
0
0
0
0
0
0
0
0
0
0
0
0
0
0
0
0
0
0
0
0
0
0
0
0
0
0
0
0
0
0
0
0
0
0
0
0
0
0
0
0
0
0
0
0
0
0
0
0
0
0
0
0
0
0
0
0
0
0
0
0
0
0
0
0
0
0
0
0
0
0
0
0
0
0
0
0
0
0
0
0
0
0
0
0
0
0
0
0
0
0
0
0
0
0
0
0
0
0
0
0
0
0
0
0
0
0
0
0
0
0
0
0
0
0
0
0
0
0
0
0
0
0
0
0
0
0
0
0
0
0
0
0
0
0
0
0
0
0
0
0
0
0
0
0
0
0
0
0
0
0
0
0
0
0
0
0
0
0
0
0
0
0
0
0
0
0
0
0
0
0
0
0
0
0
0
0
0
0
0
0
0
0
0
0
0
0
0
0
0
0
0
0
0
0
0
0
0
0
0
0
0
0
0
0
0
0
