-147
328
-2396
-779
-159
-1930
-2060
-184
664
-2879
-744
-1763
-2300
-2028
-59
735
-131
337
39
-2413
-2977
-2002
-12256
-41
495
-1397
-2026
-2498
-2400
-12843
218
655
-208
-87
-2131
-429
-174
-1715
-1559
-243
118
-3018
-919
-1789
-2393
-984
63
508
127
88
314
-2095
-2290
-1439
-16423
67
-353
-1701
-1729
-2294
-1676
-15628
279
-85
-196
-417
-1674
-236
-190
-1547
-1537
-275
154
-2414
-334
-1161
-2013
-1154
15
743
233
138
-202
-1276
-2522
-1416
-18366
7
137
-1978
-1220
-2642
-1455
-20107
229
-602
-102
-32
-1579
-444
-450
-1261
-1584
-176
570
-1526
318
42
-1269
-1364
80
381
138
-364
-1443
-1202
-1493
-1493
-16553
-95
283
-1743
-672
-2153
-1131
-21438
16
-363
53
394
-1316
-2407
-742
-1600
-2135
-101
766
-1386
-1690
-350
-2250
-2450
143
580
-155
-168
-2381
-1888
-398
-2061
-14181
-291
547
-2187
-1721
-2126
-2186
-14453
-260
738
-74
-330
-1508
-3094
-2504
-1716
-2610
-130
223
-1452
-2976
-2294
-2199
-2126
-32
158
-130
471
-1978
-2718
431
-2523
-13665
-120
-373
-1988
-1975
-1831
-2620
-14363
-43
228
-167
-460
-2648
-2783
-3925
-2001
-2902
-177
415
-2570
-2886
-2827
-2379
-2583
-111
286
-93
-302
-2224
-3520
2228
-2762
-12905
-125
-277
-1248
-3045
-696
-2965
-14076
25
-236
-310
-193
-2496
-1526
-2701
-2291
-2143
-217
247
-1707
-530
-1437
-1988
-2034
-9
-157
-174
-614
-2136
-2160
1918
-1970
-16585
-238
-118
-1809
-1868
9
-1835
-21185
22
-319
-26
-253
-1441
-818
-1074
-1446
-1690
55
-712
-2876
-1551
-3728
-3093
-485
-52
-405
-243
591
359
-2160
-2229
-1639
-17071
3
276
-2434
-2421
-2749
-2702
-13110
89
93
-118
-68
-2678
-690
-1536
-2537
-2339
-40
-143
-4927
-2667
-5254
-4270
1150
-33
121
57
124
1721
-3012
-3935
-2281
-18727
69
-511
-2444
-3283
-4436
-3558
-15110
222
-643
-231
-404
-2102
-493
-1183
-2231
-2381
-44
-452
-3917
-2444
-3291
-3320
1783
77
-230
132
667
4
-3037
-3009
-2353
-15120
-15
304
-3380
-2280
-3811
-3287
-15639
81
-848
-168
-265
-1490
-1197
-613
-1501
-2011
-183
-935
-3522
-1913
-2091
-3200
1353
109
-484
86
-335
-698
-2650
-2142
-2096
-16734
-205
-434
-3697
-2725
-4297
-2937
-14148
-160
-909
-50
493
-1760
-2297
396
-2007
-2391
-223
66
-2838
-1564
-2653
-3111
-127
35
816
-24
20
-1492
-2257
-2359
-2370
-20097
-165
705
-4311
-3324
-2057
-3247
-17509
-137
523
-323
580
-3546
-3834
-2782
-3534
-3552
-533
461
-3405
-3123
-5713
-3521
-2010
-175
1581
9
1215
-1597
-3301
1088
-3443
-21087
22
442
-3276
-3296
1733
-3478
-22555
202
1304
-566
2184
-3933
-3871
-5239
-4233
-4207
-586
1737
-4801
-4182
-7491
-5550
-4967
-212
3401
-41
-806
-3137
-4941
3674
-4230
-20468
207
-1388
-4262
-6256
2991
-5795
-14994
358
-1366
-374
847
-2815
-2462
-3584
-2881
-2557
-349
-625
-3389
-2349
-4294
-4139
-3870
-39
-98
-54
-1130
-977
-3553
2326
-2608
-17011
-121
-418
-1175
-3916
1341
-4099
-13920
8
-513
86
-157
-858
-196
-2001
-2022
-1876
53
147
-1816
-1036
-3558
-2959
-578
-22
33
-185
653
-153
-1911
-2350
-1828
-13054
27
313
-2410
-1883
-3444
-2623
-12018
63
229
21
-190
-2471
850
-3384
-2546
-2489
43
622
-5021
-1095
-4667
-4711
751
-53
-119
45
-586
588
-2310
-3736
-2375
-15824
93
-926
-3577
-3374
-6317
-3831
-11580
225
-1121
98
-316
-2127
1460
-3230
-1623
-2650
205
873
-5370
-903
-3896
-4480
1623
12
127
-7
692
-833
-2958
-3214
-2441
-17457
-133
1084
-4184
-3746
-7675
-4500
-13008
-119
-332
105
266
-1946
-274
-619
-1326
-2655
24
743
-4046
-2059
-1106
-3036
2293
-108
-764
-39
398
-1933
-3393
-2991
-2537
-19545
-268
376
-4844
-2045
-6399
-3521
-19896
-185
453
-22
561
-3254
-2237
-2093
-2889
-3268
-103
490
-4004
-3646
-2068
-3791
1593
-135
-801
16
1079
-2565
-4280
44
-3304
-18874
-98
1424
-4644
-3243
-3543
-4035
-20046
-73
1229
-448
2103
-6746
-3895
-7303
-6562
-5933
-326
1755
-6798
-3868
-8337
-6475
-3463
-11
690
56
3973
-5721
-6982
6303
-5798
-23061
299
2828
-7583
-6143
4183
-7100
-21467
485
3086
-791
5360
-9847
-6705
-12447
-9832
-9174
-423
5023
-10216
-6017
-14381
-9366
-9932
36
2894
-10
-398
-9561
-10455
11372
-9163
-17085
530
-339
-10516
-10239
11306
-10851
-10895
872
128
-432
1890
-6307
-3739
-6095
-5895
-5299
-307
2729
-7133
-3666
-7502
-5745
-4781
-82
2311
-66
-4187
-4074
-5664
5096
-5167
-20190
161
-2756
-4714
-3581
3895
-6665
-18293
312
-1859
1
-900
-1553
356
-167
-1810
-1483
38
-314
-3392
-424
-3007
-3422
-959
53
55
-89
700
144
-1325
-3083
-1398
-16835
55
561
-2092
-2068
-4335
-2895
-12041
101
461
-100
-1415
-3238
919
-2409
-2408
-2297
-37
-593
-5236
-236
-3914
-3892
1457
-62
-934
63
-1011
63
-2173
-2370
-2103
-16901
72
-543
-3645
-3068
-4959
-3101
-15917
169
-922
83
-932
-3671
284
-3097
-2797
-2787
146
154
-5719
-982
-4372
-4133
3120
123
-501
-69
174
-723
-3156
-1268
-2563
-21448
-149
1442
-3714
-3665
-6121
-3570
-22915
-197
-511
96
-568
-1754
-655
-2135
-2108
-2393
174
477
-3304
-2662
-3083
-3861
1335
-132
709
-196
128
-943
-3510
-881
-2144
-17440
-108
1123
-3100
-3018
-5392
-3424
-16009
-117
314
21
-2423
-2740
-1705
-3454
-2967
-2904
53
-1601
-3079
-2389
-1293
-3513
-1221
-222
-1098
-61
2140
-3473
-4028
2670
-2779
-15526
-93
1099
-3980
-2109
-2277
-2309
-16706
-106
317
-512
-2820
-7572
-6544
-8840
-6731
-6792
-207
-2701
-6496
-4648
-4776
-5504
-4444
-177
-2913
-50
7059
-9055
-7476
9391
-6449
-19477
262
5834
-8801
-5833
3819
-5620
-25405
298
4818
-689
-1320
-15021
-11932
-13744
-12391
-12732
-275
-1170
-9776
-8301
-8339
-7225
-8299
139
-1226
-75
-433
-13022
-13818
13747
-12533
8859
619
-392
-9788
-8835
9595
-7901
-12387
783
-221
-359
-881
-5635
-3564
-4107
-3607
-4206
-177
-942
-7148
-3766
-3021
-5197
-4024
-189
-329
-95
-6316
-4352
-3997
3452
-3892
-22456
274
-4472
-5523
-3045
-974
-4831
-17195
318
-2704
2
-772
-2179
-60
-37
-1435
-1706
110
90
-3284
-769
-2141
-2481
-488
90
3
-37
865
175
-823
-3582
-1533
-17556
-24
708
-1399
-992
-4449
-2729
-16923
134
824
-300
-442
-2193
732
-1259
-1284
-1581
-186
-96
-5061
-834
-2275
-3930
1338
33
263
177
-500
-1189
-1113
-1538
-1476
-19845
31
-640
-4605
-2568
-5613
-3400
-13478
223
-961
-135
725
-2491
-865
-2141
-2763
-2415
-293
211
-5906
-1546
-4023
-5335
2774
106
-112
77
252
-2224
-2249
-93
-2482
-21211
-106
838
-6758
-5337
-5239
-4527
-14100
-128
448
-116
721
-1474
-2102
-1635
-2601
-2055
-233
707
-3381
-2510
-4703
-5006
665
-123
1062
-11
220
-2100
-2958
1869
-2049
-24360
-53
139
-4773
-4727
-2219
-3901
-15894
-90
235
-250
3024
-2767
-7191
-5616
-5511
-4597
-318
2524
-2109
-5941
-6058
-4564
-3057
-177
3217
5
752
-3279
-4980
5757
-4751
-20798
215
-467
-3821
-4334
2770
-3813
-22970
276
5
-437
5410
-3371
-5828
-5394
-5077
-3869
-402
3653
-4148
-4987
-6097
-5290
-4877
-88
3186
8
-671
-3854
-4861
6323
-4299
-26133
256
-1117
-4848
-5003
3830
-5015
-21205
343
-1056
-346
-4888
-4505
-4409
-4312
-3488
-3199
-115
-3446
-5593
-4682
-4556
-4364
-3158
-153
-2684
-58
-194
-3806
-4353
5982
-3264
-25852
156
140
-3525
-5067
3382
-3677
-21432
130
-489
-74
-1846
-4254
-4143
-4248
-2815
-3706
-13
-1528
-3430
-3189
-3793
-2985
-3003
83
-2555
-229
-381
-2376
-4174
2783
-3408
-10279
-126
-352
-1825
-3642
1096
-3403
-13082
-183
341
-58
-850
-1834
-20
-1704
-1054
-2181
80
-141
-2993
-1242
-1412
-2294
143
-23
-457
-91
811
-1005
-1419
-2532
-1956
-16408
-118
374
-2231
-917
-5516
-3157
-16937
82
431
-266
-141
-1149
-225
-2019
-1169
-2339
-232
216
-3045
-2187
-1174
-3044
1074
70
-776
128
169
-2617
-2479
-646
-2068
-16127
-97
1
-5381
-1998
-5253
-3131
-13507
40
-438
-130
1152
-1920
-1360
-1950
-2681
-2955
-309
354
-3189
-1769
-275
-3858
235
148
-807
187
68
-3577
-2701
47
-3082
-19093
-69
-252
-6136
-2723
-4690
-2936
-18290
-107
660
-223
895
-3655
-1684
-2304
-4416
-3711
-375
-54
-4242
-1197
-999
-4844
-2024
-29
116
157
3169
-4472
-3724
408
-3908
-27520
119
1864
-5930
-3776
-2945
-3972
-28258
199
2070
-562
1198
-5728
-6606
-5792
-6699
-5565
-446
183
-6684
-6240
-5047
-7175
-4106
-35
137
144
5293
-6380
-5635
6829
-5442
-18890
425
3552
-8046
-7173
4282
-6743
-13854
722
2808
-707
1031
-12217
-12519
-13586
-12083
-11783
-376
955
-7267
-7861
-8960
-6260
-7728
144
716
-32
-277
-10856
-11518
12343
-11510
6425
660
-73
-7385
-7693
9674
-7382
-14650
967
-158
-455
2802
-5724
-5851
-5604
-7239
-6140
-254
2799
-5564
-3791
-6629
-5670
-4313
9
3027
-41
-7737
-6895
-6205
5679
-5988
-19493
410
-6925
-6990
-5847
2576
-5094
-22192
512
-5739
-156
728
-2154
-2263
-2060
-2783
-2521
-256
-432
-3303
-2638
-3013
-3902
-1270
82
-700
-156
-1416
-2439
-3569
1257
-2611
-18590
-209
-1082
-3182
-4326
-1093
-3183
-16278
-243
-373
-157
-194
-1613
-456
-1378
-1585
-1935
-2
27
-2445
-917
-1384
-2254
-31
-86
96
-246
44
-1553
-1893
-643
-1820
-14749
-198
261
-2455
-1410
-3382
-2494
-15884
26
-64
-185
-196
-1999
774
-3296
-2603
-2745
-86
546
-2513
51
-2705
-3001
-426
-47
150
-70
648
-2963
-3480
-137
-2505
-14896
-174
1075
-4894
-1780
-3825
-2202
-17748
-49
810
-194
-622
-3130
-1362
-4238
-4164
-3962
-127
-7
-3272
-1517
-3041
-3816
-2192
47
-27
26
407
-4321
-5108
2377
-3896
-13914
-62
557
-5449
-1598
-2516
-2188
-17903
-48
1469
-244
-1430
-2570
-1358
-2773
-2962
-3390
-355
-1942
-3133
-1274
-1048
-3671
-3025
-116
-1970
163
1561
-4543
-3262
446
-3354
-20001
-70
128
-4347
-1696
-3985
-2320
-21233
-1
-292
-447
-2410
-4348
-3314
-4111
-3044
-3587
-420
-2633
-4917
-3576
-1397
-4029
-1694
-249
-1393
320
3645
-4907
-2216
3134
-3378
-24298
263
1800
-5743
-3445
-1217
-3750
-22312
651
2066
-488
-5834
-6794
-4332
-6962
-5479
-5417
-274
-5475
-7383
-4549
-4403
-6021
-3066
-103
-2242
74
234
-7100
-4237
6659
-5098
-24756
424
580
-7420
-7605
1636
-6164
-18721
732
-143
-515
-3175
-6977
-5253
-7021
-6811
-6625
-431
-3033
-6803
-4869
-7224
-6222
-3861
-39
-2227
77
-4905
-8082
-6776
6843
-6454
-15408
341
-3542
-8326
-7791
4091
-6438
-15043
607
-3381
-184
-730
-3793
-3158
-3532
-3314
-3597
-359
-639
-3313
-2794
-3743
-2628
-26
3
323
-89
-2409
-4127
-3994
4181
-3535
-22708
-183
-1969
-4338
-2508
788
-2881
-28869
53
-1305
-262
158
-1412
-1493
-1206
-1562
-1916
-199
-110
-1871
-2169
-3093
-2658
390
-101
89
-191
-76
-2179
-2526
120
-1856
-14160
-48
223
-3230
-2344
-3018
-3165
-12924
103
-25
-314
-259
-528
-191
-1010
-1493
-1447
-389
-720
-681
-851
-2342
-3015
-646
-178
-154
-110
-992
-2345
-2661
-435
-1285
-18637
-204
45
-3903
-2036
-3082
-2491
-17743
-91
-165
-283
-977
-1280
-1340
-2475
-2749
-2498
-318
-896
-727
-1602
-3390
-3462
-1155
-196
-703
-214
-867
-3402
-3342
1439
-2177
-17201
-244
118
-4387
-2180
-1947
-2563
-18845
-105
-60
-196
-143
-214
-1772
-988
-266
-1103
-177
-89
-360
-2290
-1410
-1744
-53
-257
400
-158
-299
-2369
-1457
643
-935
-17908
-357
-691
-3516
-817
-2200
-1348
-17096
-61
-645
-135
-683
-1014
-2083
-2173
294
-1647
-223
-244
-1463
-1635
-1607
-1974
-1999
-264
-302
-15
1274
-2795
-806
-890
-1669
-16922
-273
1139
-3953
-2064
-3530
-2132
-13550
32
2049
-284
-1834
-3063
-2619
-3503
-1102
-3648
-404
-1748
-4659
-3012
-3622
-4932
-2643
-238
-2659
3
259
-4620
-3541
-904
-3645
-17679
-59
560
-6022
-6372
-5403
-5799
-8809
196
1024
-330
-1947
-4062
-2059
-2564
-477
-3137
-317
-1988
-4485
-2420
-2496
-3803
-2149
-237
-1882
115
-1178
-4057
-3184
-567
-2884
-21488
-3
-918
-4242
-4590
-4794
-4425
-17680
238
-1438
-242
-1192
-3817
-3879
-3867
-2360
-3499
-287
-994
-3867
-3877
-4718
-3242
-1520
-188
-535
-111
-1032
-2749
-3529
2308
-3437
-13934
-250
-387
-2648
-1910
-2075
-3594
-13915
-72
-381
0
0
0
0
0
0
0
0
0
0
0
-2060
-1341
-487
-1490
-1562
0
0
0
0
0
0
0
0
0
0
0
1493
-1864
-2231
-1561
-12291
0
0
0
0
0
0
0
0
0
0
0
-2264
-1318
137
-1297
-1710
0
0
0
0
0
0
0
0
0
0
0
840
-2236
-1952
-1768
-12937
0
0
0
0
0
0
0
0
0
0
0
-1915
-1033
-314
-687
-1254
0
0
0
0
0
0
0
0
0
0
0
507
-851
-2188
-1299
-17534
0
0
0
0
0
0
0
0
0
0
0
-2096
-1291
-989
-182
-1455
0
0
0
0
0
0
0
0
0
0
0
-712
-526
-1735
-1435
-14474
0
0
0
0
0
0
0
0
0
0
0
-1348
-2129
-377
391
-1128
0
0
0
0
0
0
0
0
0
0
0
-1184
-607
-1301
-1069
-16003
0
0
0
0
0
0
0
0
0
0
0
-1080
-2452
-1069
-73
-1251
0
0
0
0
0
0
0
0
0
0
0
-1225
-687
-676
-1096
-17358
0
0
0
0
0
0
0
0
0
0
0
-1284
-2445
-1568
-1128
-1442
0
0
0
0
0
0
0
0
0
0
0
-1566
-1274
809
-1414
-16465
0
0
0
0
0
0
0
0
0
0
0
-961
-1605
-1245
-1347
-1167
0
0
0
0
0
0
0
0
0
0
0
-1036
-521
699
-1142
-18430
0
0
0
0
0
0
0
0
0
0
0
-2608
-1648
-2020
-970
-2126
0
0
0
0
0
0
0
0
0
0
0
2054
-2441
-2277
-1907
-12506
0
0
0
0
0
0
0
0
0
0
0
-3189
-1531
-1747
-1497
-2514
0
0
0
0
0
0
0
0
0
0
0
1626
-3548
-2479
-2391
-15839
0
0
0
0
0
0
0
0
0
0
0
-2698
-608
-1205
-1257
-2116
0
0
0
0
0
0
0
0
0
0
0
411
-2528
-2131
-1807
-15385
0
0
0
0
0
0
0
0
0
0
0
-2286
-1283
-889
104
-1419
0
0
0
0
0
0
0
0
0
0
0
482
-1856
-1706
-1222
-17118
0
0
0
0
0
0
0
0
0
0
0
-2204
-2375
-606
-874
-1989
0
0
0
0
0
0
0
0
0
0
0
-530
-1005
-2270
-1783
-18101
0
0
0
0
0
0
0
0
0
0
0
-1780
-3231
-2425
-2956
-2549
0
0
0
0
0
0
0
0
0
0
0
-2051
-205
-474
-2257
-21361
0
0
0
0
0
0
0
0
0
0
0
-2280
-3563
-3832
-4502
-3526
0
0
0
0
0
0
0
0
0
0
0
-2999
-3108
2455
-3318
-18186
0
0
0
0
0
0
0
0
0
0
0
-1155
-2625
-2562
-1592
-1765
0
0
0
0
0
0
0
0
0
0
0
-545
-2108
1093
-1678
-16707
0
0
0
0
0
0
0
0
0
0
0
-2228
-509
-1792
-1310
-1568
0
0
0
0
0
0
0
0
0
0
0
2191
-1776
-1845
-1372
-12556
0
0
0
0
0
0
0
0
0
0
0
-3434
-546
-3114
-1448
-2586
0
0
0
0
0
0
0
0
0
0
0
810
-3224
-2273
-2573
-12695
0
0
0
0
0
0
0
0
0
0
0
-2430
417
-2498
-803
-2105
0
0
0
0
0
0
0
0
0
0
0
78
-2820
-1968
-1968
-17094
0
0
0
0
0
0
0
0
0
0
0
-2551
-1228
-589
-730
-2019
0
0
0
0
0
0
0
0
0
0
0
-793
-2885
-2004
-1970
-19537
0
0
0
0
0
0
0
0
0
0
0
-3962
-3388
-2681
-2100
-3709
0
0
0
0
0
0
0
0
0
0
0
-2229
-4570
83
-3798
-12731
0
0
0
0
0
0
0
0
0
0
0
-4513
-4266
-6431
-5794
-4950
0
0
0
0
0
0
0
0
0
0
0
-5104
-4895
5482
-4883
-20768
0
0
0
0
0
0
0
0
0
0
0
-7137
-7672
-9468
-10642
-8812
0
0
0
0
0
0
0
0
0
0
0
-8592
-9785
8991
-8684
-9115
0
0
0
0
0
0
0
0
0
0
0
-2846
-3748
-4268
-4714
-3658
0
0
0
0
0
0
0
0
0
0
0
-3675
-2793
3186
-3462
-23153
0
0
0
0
0
0
0
0
0
0
0
-2213
-613
-443
-1262
-1463
0
0
0
0
0
0
0
0
0
0
0
1754
-1359
-2515
-1272
-14164
0
0
0
0
0
0
0
0
0
0
0
-3590
-366
-1714
-1250
-2238
0
0
0
0
0
0
0
0
0
0
0
232
-2617
-1921
-2132
-14731
0
0
0
0
0
0
0
0
0
0
0
-2390
259
-1472
-1130
-1775
0
0
0
0
0
0
0
0
0
0
0
-191
-2547
-1556
-1777
-22695
0
0
0
0
0
0
0
0
0
0
0
-2617
-1135
-907
-1492
-2000
0
0
0
0
0
0
0
0
0
0
0
-230
-3474
-604
-2163
-14176
0
0
0
0
0
0
0
0
0
0
0
-2645
-1358
-1533
-1681
-2057
0
0
0
0
0
0
0
0
0
0
0
-2249
-3357
2019
-2228
-16617
0
0
0
0
0
0
0
0
0
0
0
-5857
-4840
-5425
-6226
-5010
0
0
0
0
0
0
0
0
0
0
0
-6892
-5833
7909
-5207
-24813
0
0
0
0
0
0
0
0
0
0
0
-14398
-12538
-11004
-15731
-13558
0
0
0
0
0
0
0
0
0
0
0
-12988
-14713
12163
-13773
19001
0
0
0
0
0
0
0
0
0
0
0
-4307
-3921
-2484
-4593
-4102
0
0
0
0
0
0
0
0
0
0
0
-5213
-2072
1635
-3896
-20028
0
0
0
0
0
0
0
0
0
0
0
-2088
-1126
-1238
-317
-1727
0
0
0
0
0
0
0
0
0
0
0
473
-667
-3500
-1661
-15147
0
0
0
0
0
0
0
0
0
0
0
-3272
-993
-1726
874
-2032
0
0
0
0
0
0
0
0
0
0
0
-1665
-1497
-1618
-1881
-15325
0
0
0
0
0
0
0
0
0
0
0
-2627
-969
-1172
-187
-1545
0
0
0
0
0
0
0
0
0
0
0
-950
-1457
-877
-1353
-22029
0
0
0
0
0
0
0
0
0
0
0
-1670
-2359
-1731
-1410
-1907
0
0
0
0
0
0
0
0
0
0
0
-712
-2035
571
-1713
-19631
0
0
0
0
0
0
0
0
0
0
0
-2820
-4287
-4240
-3753
-2947
0
0
0
0
0
0
0
0
0
0
0
-1371
-2303
3821
-2774
-24957
0
0
0
0
0
0
0
0
0
0
0
-2543
-4499
-4608
-4179
-3460
0
0
0
0
0
0
0
0
0
0
0
-3726
-3463
5678
-3298
-25275
0
0
0
0
0
0
0
0
0
0
0
-1609
-4210
-3262
-3635
-3283
0
0
0
0
0
0
0
0
0
0
0
-5076
-3714
3928
-3165
-22758
0
0
0
0
0
0
0
0
0
0
0
-1733
-2817
-1866
-2251
-2162
0
0
0
0
0
0
0
0
0
0
0
-2076
-2578
1350
-1996
-15145
0
0
0
0
0
0
0
0
0
0
0
-1704
-476
-1549
-28
-1530
0
0
0
0
0
0
0
0
0
0
0
58
-1122
-2425
-1366
-17236
0
0
0
0
0
0
0
0
0
0
0
-2938
-1190
-2302
-69
-2284
0
0
0
0
0
0
0
0
0
0
0
-2106
-2937
320
-2126
-13553
0
0
0
0
0
0
0
0
0
0
0
-3200
-2327
-2250
-1655
-2494
0
0
0
0
0
0
0
0
0
0
0
-1977
-2193
449
-2517
-17878
0
0
0
0
0
0
0
0
0
0
0
-3017
-2265
-2565
-2008
-2650
0
0
0
0
0
0
0
0
0
0
0
-2527
-427
-1047
-2693
-29538
0
0
0
0
0
0
0
0
0
0
0
-6208
-5674
-5326
-4737
-4868
0
0
0
0
0
0
0
0
0
0
0
-4823
-2645
3752
-4672
-19761
0
0
0
0
0
0
0
0
0
0
0
-12956
-13599
-13867
-13577
-13263
0
0
0
0
0
0
0
0
0
0
0
-11958
-11404
10569
-13294
17832
0
0
0
0
0
0
0
0
0
0
0
-4924
-6084
-6954
-7287
-6545
0
0
0
0
0
0
0
0
0
0
0
-7080
-4372
5427
-6131
-15544
0
0
0
0
0
0
0
0
0
0
0
-1217
-2184
-1933
-1561
-2203
0
0
0
0
0
0
0
0
0
0
0
-1857
-3158
833
-2064
-16866
0
0
0
0
0
0
0
0
0
0
0
-1687
-579
-771
-830
-1396
0
0
0
0
0
0
0
0
0
0
0
416
-1507
-1126
-1125
-15390
0
0
0
0
0
0
0
0
0
0
0
-3068
77
-1541
-2594
-2062
0
0
0
0
0
0
0
0
0
0
0
-588
-2784
613
-2077
-14699
0
0
0
0
0
0
0
0
0
0
0
-3894
-1687
-2823
-3806
-3000
0
0
0
0
0
0
0
0
0
0
0
-1439
-4325
2593
-3023
-14695
0
0
0
0
0
0
0
0
0
0
0
-3026
-1802
-2873
-926
-2579
0
0
0
0
0
0
0
0
0
0
0
-2681
-1837
-641
-2499
-21355
0
0
0
0
0
0
0
0
0
0
0
-5310
-4795
-6164
-877
-4970
0
0
0
0
0
0
0
0
0
0
0
-6491
-2609
1276
-4859
-16349
0
0
0
0
0
0
0
0
0
0
0
-6134
-6402
-7917
-4399
-6915
0
0
0
0
0
0
0
0
0
0
0
-8971
-4653
4320
-6815
-14258
0
0
0
0
0
0
0
0
0
0
0
-6010
-5585
-6876
-5292
-6232
0
0
0
0
0
0
0
0
0
0
0
-7302
-4793
4668
-5864
-14831
0
0
0
0
0
0
0
0
0
0
0
-2439
-3452
-4027
-2154
-3309
0
0
0
0
0
0
0
0
0
0
0
-3499
-3137
2475
-2962
-21732
0
0
0
0
0
0
0
0
0
0
0
-2295
-1234
-384
-1443
-1749
0
0
0
0
0
0
0
0
0
0
0
-362
-1744
-524
-1630
-12918
0
0
0
0
0
0
0
0
0
0
0
-2066
-271
-399
-1524
-1718
0
0
0
0
0
0
0
0
0
0
0
-871
-2399
-258
-1656
-15115
0
0
0
0
0
0
0
0
0
0
0
-1737
-368
-1564
-2617
-1884
0
0
0
0
0
0
0
0
0
0
0
-1393
-2880
1536
-1744
-16590
0
0
0
0
0
0
0
0
0
0
0
-1209
-1200
-827
-440
-1434
0
0
0
0
0
0
0
0
0
0
0
-1445
-1901
436
-1333
-14735
0
0
0
0
0
0
0
0
0
0
0
-2671
-1816
-1247
-29
-1855
0
0
0
0
0
0
0
0
0
0
0
-2068
-1179
-716
-1924
-15254
0
0
0
0
0
0
0
0
0
0
0
-3463
-2458
-2171
-215
-2764
0
0
0
0
0
0
0
0
0
0
0
-3198
-3139
-232
-2761
-20349
0
0
0
0
0
0
0
0
0
0
0
-4126
-3441
-2966
-200
-3992
0
0
0
0
0
0
0
0
0
0
0
-4399
-3703
-1756
-3961
-16070
0
0
0
0
0
0
0
0
0
0
0
-2464
-3142
-2691
-2073
-2504
0
0
0
0
0
0
0
0
0
0
0
-2277
-1380
535
-2416
-17180
0
0
0
0
0
0
0
0
0
0
0
0
0
0
0
0
0
0
0
0
0
0
0
0
0
0
0
0
0
0
0
0
0
0
0
0
0
0
0
0
0
0
0
0
0
0
0
0
0
0
0
0
0
0
0
0
0
0
0
0
0
0
0
0
0
0
0
0
0
0
0
0
0
0
0
0
0
0
0
0
0
0
0
0
0
0
0
0
0
0
0
0
0
0
0
0
0
0
0
0
0
0
0
0
0
0
0
0
0
0
0
0
0
0
0
0
0
0
0
0
0
0
0
0
0
0
0
0
0
0
0
0
0
0
0
0
0
0
0
0
0
0
0
0
0
0
0
0
0
0
0
0
0
0
0
0
0
0
0
0
0
0
0
0
0
0
0
0
0
0
0
0
0
0
0
0
0
0
0
0
0
0
0
0
0
0
0
0
0
0
0
0
0
0
0
0
0
0
0
0
0
0
0
0
0
0
0
0
0
0
0
0
0
0
0
0
0
0
0
0
0
0
0
0
0
0
0
0
0
0
0
0
0
0
0
0
0
0
0
0
0
0
0
0
0
0
0
0
0
0
0
0
0
0
0
0
0
0
0
0
0
0
0
0
0
0
0
0
0
0
0
0
0
0
0
0
0
0
0
0
0
0
0
0
0
0
0
0
0
0
0
0
0
0
0
0
0
0
0
0
0
0
0
0
0
0
0
0
0
0
0
0
0
0
0
0
0
0
0
0
0
0
0
0
0
0
0
0
0
0
0
0
0
0
0
0
0
0
0
0
0
0
0
0
0
0
0
0
0
0
0
0
0
0
0
0
0
0
0
0
0
0
0
0
0
0
0
0
0
0
0
0
0
0
0
0
0
0
0
0
0
0
0
0
0
0
0
0
0
0
0
0
0
0
0
0
0
0
0
0
0
0
0
0
0
0
0
0
0
0
0
0
0
0
0
0
0
0
0
0
0
0
0
0
0
0
0
0
0
0
0
0
0
0
0
0
0
0
0
0
0
0
0
0
0
0
0
0
0
0
0
0
0
0
0
0
0
0
0
0
0
0
0
0
0
0
0
0
0
0
0
0
0
0
0
0
0
0
0
0
0
0
0
0
0
0
0
0
0
0
0
0
0
0
0
0
0
0
0
0
0
0
0
0
0
0
0
0
0
0
0
0
0
0
0
0
0
0
0
0
0
0
0
0
0
0
0
0
0
0
0
0
0
0
0
0
0
0
0
0
0
0
0
0
0
0
0
0
0
0
0
0
0
0
0
0
0
0
0
0
0
0
0
0
0
0
0
0
0
0
0
0
0
0
0
0
0
0
0
0
0
0
0
0
0
0
0
0
0
0
0
0
0
0
0
0
0
0
0
0
0
0
0
0
0
0
0
0
0
0
0
0
0
0
0
0
0
0
0
0
0
0
0
0
0
0
0
0
0
0
0
0
0
0
0
0
0
0
0
0
0
0
0
0
0
0
0
0
0
0
0
0
0
0
0
0
0
0
0
0
0
0
0
0
0
0
0
0
0
0
0
0
0
0
0
0
0
0
0
0
0
0
0
0
0
0
0
0
0
0
0
0
0
0
0
0
0
0
0
0
0
0
0
0
0
0
0
0
0
0
0
0
0
0
0
0
0
0
0
0
0
0
0
0
0
0
0
0
0
0
0
0
0
0
0
0
0
0
0
0
0
0
0
0
0
0
0
0
0
0
0
0
0
0
0
0
0
0
0
0
0
0
0
0
0
0
0
0
0
0
0
0
0
0
0
0
0
0
0
0
0
0
0
0
0
0
0
0
0
0
0
0
0
0
0
0
0
0
0
0
0
0
0
0
0
0
0
0
0
0
0
0
0
0
0
0
0
0
0
0
0
0
0
0
0
0
0
0
0
0
0
0
0
0
0
0
0
0
0
0
0
0
0
0
0
0
0
0
0
0
0
0
0
0
0
0
0
0
0
0
0
0
0
0
0
0
0
0
0
0
0
0
0
0
0
0
0
0
0
0
0
0
0
0
0
0
0
0
0
0
0
0
0
0
0
0
0
0
0
0
0
0
0
0
0
0
0
0
0
0
0
0
0
0
0
0
0
0
0
0
0
0
0
0
0
0
0
0
0
0
0
0
0
0
0
0
0
0
0
0
0
0
0
0
0
0
0
0
0
0
0
0
0
0
0
0
0
0
0
0
0
0
0
0
0
0
0
0
0
0
0
0
0
0
0
0
0
0
0
0
0
0
0
0
0
0
0
0
0
0
0
0
0
0
0
0
0
0
0
0
0
0
0
0
0
0
0
0
0
0
0
0
0
0
0
0
0
0
0
0
0
0
0
0
0
0
0
0
0
0
0
0
0
0
0
0
0
0
0
0
0
0
0
0
0
0
0
0
0
0
0
0
0
0
0
0
0
0
0
0
0
0
0
0
0
0
0
0
0
0
0
0
0
0
0
0
0
0
0
0
0
0
0
0
0
0
0
0
0
0
0
0
0
0
0
0
0
0
0
0
0
0
0
0
0
0
0
0
0
0
0
0
0
0
0
0
0
0
0
0
0
0
0
0
0
0
0
0
0
0
0
0
0
0
0
0
0
0
0
0
0
0
0
0
0
0
0
0
0
0
0
0
0
0
0
0
0
0
0
0
0
0
0
0
0
0
0
0
0
0
0
0
0
0
0
0
0
0
0
0
0
0
0
0
0
0
0
0
0
0
0
0
0
0
0
0
0
0
0
0
0
0
0
0
0
0
0
0
0
0
0
0
0
0
0
0
0
0
0
0
0
0
0
0
0
0
0
0
0
0
0
0
0
0
0
0
0
0
0
0
0
0
0
0
0
0
0
0
0
0
0
0
0
0
0
0
0
0
0
0
0
0
0
0
0
0
0
0
0
0
0
0
0
0
0
0
0
0
0
0
0
0
0
0
0
0
0
0
0
0
0
0
0
0
0
0
0
0
0
0
0
0
0
0
0
0
0
0
0
0
0
0
0
0
0
0
0
0
0
0
0
0
0
0
0
0
0
0
0
0
0
0
0
0
0
0
0
0
0
0
0
0
0
0
0
0
0
0
0
0
0
0
0
0
0
0
0
0
0
0
0
0
0
0
0
0
0
0
0
0
0
0
0
0
0
0
0
0
0
0
0
0
0
0
0
0
0
0
0
0
0
0
0
0
0
0
0
0
0
0
0
0
0
0
0
0
0
0
0
0
0
0
0
0
0
0
0
0
0
0
0
0
0
0
0
0
0
0
0
0
0
0
0
0
0
0
0
0
0
0
0
0
0
0
0
0
0
0
0
0
0
0
0
0
0
0
0
0
0
0
0
0
0
0
0
0
0
0
0
0
0
0
0
0
0
0
0
0
0
0
0
0
0
0
0
0
0
0
0
0
0
0
0
0
0
0
0
0
0
0
0
0
0
0
0
0
0
0
0
0
0
0
0
0
0
0
0
0
0
0
0
0
0
0
0
0
0
0
0
0
0
0
0
0
0
0
0
0
0
0
0
0
0
0
0
0
0
0
0
0
0
0
0
0
0
0
0
0
0
0
0
0
0
0
0
0
0
0
0
0
0
0
0
0
0
0
0
0
0
0
0
0
0
0
0
0
0
0
0
0
0
0
0
0
0
0
0
0
0
0
0
0
0
0
0
0
0
0
0
0
0
0
0
0
0
0
0
0
0
0
0
0
0
0
0
0
0
0
0
0
0
0
0
0
0
0
0
0
0
0
0
0
0
0
0
0
0
0
0
0
0
0
0
0
0
0
0
0
0
0
0
0
0
0
0
0
0
0
0
0
0
0
0
0
0
0
0
0
0
0
0
0
0
0
0
0
0
0
0
0
0
0
0
0
0
0
0
0
0
0
0
0
0
0
0
0
0
0
0
0
0
0
0
0
0
0
0
0
0
0
0
0
0
0
0
0
0
0
0
0
0
0
0
0
0
0
0
0
0
0
0
0
0
0
0
0
0
0
0
0
0
0
0
0
0
0
0
0
0
0
0
0
0
0
0
0
0
0
0
0
0
0
0
0
0
0
0
0
0
0
0
0
0
0
0
0
0
0
0
0
0
0
0
0
0
0
0
0
0
0
0
0
0
0
0
0
0
0
0
0
0
0
0
0
0
0
0
0
0
0
0
0
0
0
0
0
0
0
0
0
0
0
0
0
0
0
0
0
0
0
0
0
0
0
0
0
0
0
0
0
0
0
0
0
0
0
0
0
0
0
0
0
0
0
0
0
0
0
0
0
0
0
0
0
0
0
0
0
0
0
0
0
0
0
0
0
0
0
0
0
0
0
0
0
0
0
0
0
0
0
0
0
0
0
0
0
0
0
0
0
0
0
0
0
0
0
0
0
0
0
0
0
0
0
0
0
0
0
0
0
0
0
0
0
0
0
0
0
0
0
0
0
0
0
0
0
0
0
0
0
0
0
0
0
0
0
0
0
0
0
0
0
0
0
0
0
0
0
0
0
0
0
0
0
0
0
0
0
0
0
0
0
0
0
0
0
0
0
0
0
0
0
0
0
0
0
0
0
0
0
0
0
0
0
0
0
0
0
0
0
0
0
0
0
0
0
0
0
0
0
0
0
0
0
0
0
0
0
0
0
0
0
0
0
0
0
0
0
0
0
0
0
0
0
0
0
0
0
0
0
0
0
0
0
0
0
0
0
0
0
0
0
0
0
0
0
0
0
0
0
0
0
0
0
0
0
0
0
0
0
0
0
0
0
0
0
0
0
0
0
0
0
0
0
0
0
0
0
0
0
0
0
0
0
0
0
0
0
0
0
0
0
0
0
0
0
0
0
0
0
0
0
0
0
0
0
0
0
0
0
0
0
0
0
0
0
0
0
0
0
0
0
0
0
0
0
0
0
0
0
0
0
0
0
0
0
0
0
0
0
0
0
0
0
0
0
0
0
0
0
0
0
0
0
0
0
0
0
0
0
0
0
0
0
0
0
0
0
0
0
0
0
0
0
0
0
0
0
0
0
0
0
0
0
0
0
0
0
0
0
0
0
0
0
0
0
0
0
0
0
0
0
0
0
0
0
0
0
0
0
0
0
0
0
0
0
0
0
0
0
0
0
0
0
0
0
0
0
0
0
0
0
0
0
0
0
0
0
0
0
0
0
0
0
0
0
0
0
0
0
0
0
0
0
0
0
0
0
0
0
0
0
0
0
0
0
0
0
0
0
0
0
0
0
0
0
0
0
0
0
0
0
0
0
0
0
0
0
0
0
0
0
0
0
0
0
0
0
0
0
0
0
0
0
0
0
0
0
0
0
0
0
0
0
0
0
0
0
0
0
0
0
0
0
0
0
0
0
0
0
0
0
0
0
0
0
0
0
0
0
0
0
0
0
0
0
0
0
0
0
0
0
0
0
0
0
0
0
0
0
0
0
0
0
0
0
0
0
0
0
0
0
0
0
0
0
0
0
0
0
0
0
0
0
0
0
0
0
0
0
0
0
0
0
0
0
0
0
0
0
0
0
0
0
0
0
0
0
0
0
0
0
0
0
0
0
0
0
0
0
0
0
0
0
0
0
0
0
0
0
0
0
0
0
0
0
0
0
0
0
0
0
0
0
0
0
0
0
0
0
0
0
0
0
0
0
0
0
0
0
0
0
0
0
0
0
0
0
0
0
0
0
0
0
0
0
0
0
0
0
0
0
0
0
0
0
0
0
0
0
0
0
0
0
0
0
0
0
0
0
0
0
0
0
0
0
0
0
0
0
0
0
0
0
0
0
0
0
0
0
0
0
0
0
0
0
0
0
0
0
0
0
0
0
0
0
0
0
0
0
0
0
0
0
0
0
0
0
0
0
0
0
0
0
0
0
0
0
0
0
0
0
0
0
0
0
0
0
0
0
0
0
0
0
0
0
0
0
0
0
0
0
0
0
0
0
0
0
0
0
0
0
0
0
0
0
0
0
0
0
0
0
0
0
0
0
0
0
0
0
0
0
0
0
0
0
0
0
0
0
0
0
0
0
0
0
0
0
0
0
0
0
0
0
0
0
0
0
0
0
0
0
0
0
0
0
0
0
0
0
0
0
0
0
0
0
0
0
0
0
0
0
0
0
0
0
0
0
0
0
0
0
0
0
0
0
0
0
0
0
0
0
0
0
0
0
0
0
0
0
0
0
0
0
0
0
0
0
0
0
0
0
0
0
0
0
0
0
0
0
0
0
0
0
0
0
0
0
0
0
0
0
0
0
0
0
0
0
0
0
0
0
0
0
0
0
0
0
0
0
0
0
0
0
0
0
0
0
0
0
0
0
0
0
0
0
0
0
0
0
0
0
0
0
0
0
0
0
0
0
0
0
0
0
0
0
0
0
0
0
0
0
0
0
0
0
0
0
0
0
0
0
0
0
0
0
0
0
0
0
0
0
0
0
0
0
0
0
0
0
0
0
0
0
0
0
0
0
0
0
0
0
0
0
0
0
0
0
0
0
0
0
0
0
0
0
0
0
0
0
0
0
0
0
0
0
0
0
0
0
0
0
0
0
0
0
0
0
0
0
0
0
0
0
0
0
0
0
0
0
0
0
0
0
0
0
0
0
0
0
0
0
0
0
0
0
0
0
0
0
0
0
0
0
0
0
0
0
0
0
0
0
0
0
0
0
0
0
0
0
0
0
0
0
0
0
0
0
0
0
0
0
0
0
0
0
0
0
0
0
0
0
0
0
0
0
0
0
0
0
0
0
0
0
0
0
0
0
0
0
0
0
0
0
0
0
0
0
0
0
0
0
0
0
0
0
0
0
0
0
0
0
0
0
0
0
0
0
0
0
0
0
0
0
0
0
0
0
0
0
0
0
0
0
0
0
0
0
0
0
0
0
0
0
0
0
0
0
0
0
0
0
0
0
0
0
0
0
0
0
0
0
0
0
0
0
0
0
0
0
0
0
0
0
0
0
0
0
0
0
0
0
0
0
0
0
0
0
0
0
0
0
0
0
0
0
0
0
0
0
0
0
0
0
0
0
0
0
0
0
0
0
0
0
0
0
0
0
0
0
0
0
0
0
0
0
0
0
0
0
0
0
0
0
0
0
0
0
0
0
0
0
0
0
0
0
0
0
0
0
0
0
0
0
0
0
0
0
0
0
0
0
0
0
0
0
0
0
0
0
0
0
0
0
0
0
0
0
0
0
0
0
0
0
0
0
0
0
0
0
0
0
0
0
0
0
0
0
0
0
0
0
0
0
0
0
0
0
0
0
0
0
0
0
0
0
0
0
0
0
0
0
0
0
0
0
0
0
0
0
0
0
0
0
0
0
0
0
0
0
0
0
0
0
0
0
0
0
0
0
0
0
0
0
0
0
0
0
0
0
0
0
0
0
0
0
0
0
0
0
0
0
0
0
0
0
0
0
0
0
0
0
0
0
0
0
0
0
0
0
0
0
0
0
0
0
0
0
0
0
0
0
0
0
0
0
0
0
0
0
0
0
0
0
0
0
0
0
0
0
0
0
0
0
0
0
0
0
0
0
0
0
0
0
0
0
0
0
0
0
0
0
0
0
0
0
0
0
0
0
0
0
0
0
0
0
0
0
0
0
0
0
0
0
0
0
0
0
0
0
0
0
0
0
0
0
0
0
0
0
0
0
0
0
0
0
0
0
0
0
0
0
0
0
0
0
0
0
0
0
0
0
0
0
0
0
0
0
0
0
0
0
0
0
0
0
0
0
0
0
0
0
0
0
0
0
0
0
0
0
0
0
0
0
0
0
0
0
0
0
0
0
0
0
0
0
0
0
0
0
0
0
0
0
0
0
0
0
0
0
0
0
0
0
0
0
0
0
0
0
0
0
0
0
0
0
0
0
0
0
0
0
0
0
0
0
0
0
0
0
0
0
0
0
0
0
0
0
0
0
0
0
0
0
0
0
0
0
0
0
0
0
0
0
0
0
0
0
0
0
0
0
0
0
0
0
0
0
0
0
0
0
0
0
0
0
0
0
0
0
0
0
0
0
0
0
0
0
0
0
0
0
0
0
0
0
0
0
0
0
0
0
0
0
0
0
0
0
0
0
0
0
0
0
0
0
0
0
0
0
0
0
0
0
0
0
0
0
0
0
0
0
0
0
0
0
0
0
0
0
0
0
0
0
0
0
0
0
0
0
0
0
0
0
0
0
0
0
0
0
0
0
0
0
0
0
0
0
0
0
0
0
0
0
0
0
0
0
0
0
0
0
0
0
0
0
0
0
0
0
0
0
0
0
0
0
0
0
0
0
0
0
0
0
0
0
0
0
0
0
0
0
0
0
0
0
0
0
0
0
0
0
0
0
0
0
0
0
0
0
0
0
0
0
0
0
0
0
0
0
0
0
0
0
0
0
0
0
0
0
0
0
0
0
0
0
0
0
0
0
0
0
0
0
0
0
0
0
0
0
0
0
0
0
0
0
0
0
0
0
0
0
0
0
0
0
0
0
0
0
0
0
0
0
0
0
0
0
0
0
0
0
0
0
0
0
0
0
0
0
0
0
0
0
0
0
0
0
0
0
0
0
0
0
0
0
0
0
0
0
0
0
0
0
0
0
0
0
0
0
0
0
0
0
0
0
0
0
0
0
0
0
0
0
0
0
0
0
0
0
0
0
0
0
0
0
0
0
0
0
0
0
0
0
0
0
0
0
0
0
0
0
0
0
0
0
0
0
0
0
0
0
0
0
0
0
0
0
0
0
0
0
0
0
0
0
0
0
0
0
0
0
0
0
0
0
0
0
0
0
0
0
0
0
0
0
0
0
0
0
0
0
0
0
0
0
0
0
0
0
0
0
0
0
0
0
0
0
0
0
0
0
0
0
0
0
0
0
0
0
0
0
0
0
0
0
0
0
0
0
0
0
0
0
0
0
0
0
0
0
0
0
0
0
0
0
0
0
0
0
0
0
0
0
0
0
0
0
0
0
0
0
0
0
0
0
0
0
0
0
0
0
0
0
0
0
0
0
0
0
0
0
0
0
0
0
0
0
0
0
0
0
0
0
0
0
0
0
0
0
0
0
0
0
0
0
0
0
0
0
0
0
0
0
0
0
0
0
0
0
0
0
0
0
0
0
0
0
0
0
0
0
0
0
0
0
0
0
0
0
0
0
0
0
0
0
0
0
0
0
0
0
0
0
0
0
0
0
0
0
0
0
0
0
0
0
0
0
0
0
0
0
0
0
0
0
0
0
0
0
0
0
0
0
0
0
0
0
0
0
0
0
0
0
0
0
0
0
0
0
0
0
0
0
0
0
0
0
0
0
0
0
0
0
0
0
0
0
0
0
0
0
0
0
0
0
0
0
0
0
0
0
0
0
0
0
0
0
0
0
0
0
0
0
0
0
0
0
0
0
0
0
0
0
0
0
0
0
0
0
0
0
0
0
0
0
0
0
0
0
0
0
0
0
0
0
0
0
0
0
0
0
0
0
0
0
0
0
0
0
0
0
0
0
0
0
0
0
0
0
0
0
0
0
0
0
0
0
0
0
0
0
0
0
0
0
0
0
0
0
0
0
0
0
0
0
0
0
0
0
0
0
0
0
0
0
0
0
0
0
0
0
0
0
0
0
0
0
0
0
0
0
0
0
0
0
0
0
0
0
0
0
0
0
0
0
0
0
0
0
0
0
0
0
0
0
0
0
0
0
0
0
0
0
0
0
0
0
0
0
0
0
0
0
0
0
0
0
0
0
0
0
0
0
0
0
0
0
0
0
0
0
0
0
0
0
0
0
0
0
0
0
0
0
0
0
0
0
0
0
0
0
0
0
0
0
0
0
0
0
0
0
0
0
0
0
0
0
0
0
0
0
0
0
0
0
0
0
0
0
0
0
0
0
0
0
0
0
0
0
0
0
0
0
0
0
0
0
0
0
0
0
0
0
0
0
0
0
0
0
0
0
0
0
0
0
0
0
0
0
0
0
0
0
0
0
0
0
0
0
0
0
0
0
0
0
0
0
0
0
0
0
0
0
0
0
0
0
0
0
0
0
0
0
0
0
0
0
0
0
0
0
0
0
0
0
0
0
0
0
0
0
0
0
0
0
0
0
0
0
0
0
0
0
0
0
0
0
0
0
0
0
0
0
0
0
0
0
0
0
0
0
0
0
0
0
0
0
0
0
0
0
0
0
0
0
0
0
0
0
0
0
0
0
0
0
0
0
0
0
0
0
0
0
0
0
0
0
0
0
0
0
0
0
0
0
0
0
0
0
0
0
0
0
0
0
0
0
0
0
0
0
0
0
0
0
0
0
0
0
0
0
0
0
0
0
0
0
0
0
0
0
0
0
0
0
0
0
0
0
0
0
0
0
0
0
0
0
0
0
0
0
0
0
0
0
0
0
0
0
0
0
0
0
0
0
0
0
0
0
0
0
0
0
0
0
0
0
0
0
0
0
0
0
0
0
0
0
0
0
0
0
0
0
0
0
0
0
0
0
0
0
0
0
0
0
0
0
0
0
0
0
0
0
0
0
0
0
0
0
0
0
0
0
0
0
0
0
0
0
0
0
0
0
0
0
0
0
0
0
0
0
0
0
0
0
0
0
0
0
0
0
0
0
0
0
0
0
0
0
0
0
0
0
0
0
0
0
0
0
0
0
0
0
0
0
0
0
0
0
0
0
0
0
0
0
0
0
0
0
0
0
0
0
0
0
0
0
0
0
0
0
0
0
0
0
0
0
0
0
0
0
0
0
0
0
0
0
0
0
0
0
0
0
0
0
0
0
0
0
0
0
0
0
0
0
0
0
0
0
0
0
0
0
0
0
0
0
0
0
0
0
0
0
0
0
0
0
0
0
0
0
0
0
0
0
0
0
0
0
0
0
0
0
0
0
0
0
0
0
0
0
0
0
0
0
0
0
0
0
0
0
0
0
0
0
0
0
0
0
0
0
0
0
0
0
0
0
0
0
0
0
0
0
0
0
0
0
0
0
0
0
0
0
0
0
0
0
0
0
0
0
0
0
0
0
0
0
0
0
0
0
0
0
0
0
0
0
0
0
0
0
0
0
0
0
0
0
0
0
0
0
0
0
0
0
0
0
0
0
0
0
0
0
0
0
0
0
0
0
0
0
0
0
0
0
0
0
0
0
0
0
0
0
0
0
0
0
0
0
0
0
0
0
0
0
0
0
0
0
0
0
0
0
0
0
0
0
0
0
0
0
0
0
0
0
0
0
0
0
0
0
0
0
0
0
0
0
0
0
0
0
0
0
0
0
0
0
0
0
0
0
0
0
0
0
0
0
0
0
0
0
0
0
0
0
0
0
0
0
0
0
0
0
0
0
0
0
0
0
0
0
0
0
0
0
0
0
0
0
0
0
0
0
0
0
0
0
0
0
0
0
0
0
0
0
0
0
0
0
0
0
0
0
0
0
0
0
0
0
0
0
0
0
0
0
0
0
0
0
0
0
0
0
0
0
0
0
0
0
0
0
0
0
0
0
0
0
0
0
0
0
0
0
0
0
0
0
0
0
0
0
0
0
0
0
0
0
0
0
0
0
0
0
0
0
0
0
0
0
0
0
0
0
0
0
0
0
0
0
0
0
0
0
0
0
0
0
0
0
0
0
0
0
0
0
0
0
0
0
0
0
0
0
0
0
0
0
0
0
0
0
0
0
0
0
0
0
0
0
0
0
0
0
0
0
0
0
0
0
0
0
0
0
0
0
0
0
0
0
0
0
0
0
0
0
0
0
0
0
0
0
0
0
0
0
0
0
0
0
0
0
0
0
0
0
0
0
0
0
0
0
0
0
0
0
0
0
0
0
0
0
0
0
0
0
0
0
0
0
0
0
0
0
0
0
0
0
0
0
0
0
0
0
0
0
0
0
0
0
0
0
0
0
0
0
0
0
0
0
0
0
0
0
0
0
0
0
0
0
0
0
0
0
0
0
0
0
0
0
0
0
0
0
0
0
0
0
0
0
0
0
0
0
0
0
0
0
0
0
0
0
0
0
0
0
0
0
0
0
0
0
0
0
0
0
0
0
0
0
0
0
0
0
0
0
0
0
0
0
0
0
0
0
0
0
0
0
0
0
0
0
0
0
0
0
0
0
0
0
0
0
0
0
0
0
0
0
0
0
0
0
0
0
0
0
0
0
0
0
0
0
0
0
0
0
0
0
0
0
0
0
0
0
0
0
0
0
0
0
0
0
0
0
0
0
0
0
0
0
0
0
0
0
0
0
0
0
0
0
0
0
0
0
0
0
0
0
0
0
0
0
0
0
0
0
0
0
0
0
0
0
0
0
0
0
0
0
0
0
0
0
0
0
0
0
0
0
0
0
0
0
0
0
0
0
0
0
0
0
0
0
0
0
0
0
0
0
0
0
0
0
0
0
0
0
0
0
0
0
0
0
0
0
0
0
0
0
0
0
0
0
0
0
0
0
0
0
0
0
0
0
0
0
0
0
0
0
0
0
0
0
0
0
0
0
0
0
0
0
0
0
0
0
0
0
0
0
0
0
0
0
0
0
0
0
0
0
0
0
0
0
0
0
0
0
0
0
0
0
0
0
0
0
0
0
0
0
0
0
0
0
0
0
0
0
0
0
0
0
0
0
0
0
0
0
0
0
0
0
0
0
0
0
0
0
0
0
0
0
0
0
0
0
0
0
0
0
0
0
0
0
0
0
0
0
0
0
0
0
0
0
0
0
0
0
0
0
0
0
0
0
0
0
0
0
0
0
0
0
0
0
0
0
0
0
0
0
0
0
0
0
0
0
0
0
0
0
0
0
0
0
0
0
0
0
0
0
0
0
0
0
0
0
0
0
0
0
0
0
0
0
0
0
0
0
0
0
0
0
0
0
0
0
0
0
0
0
0
0
0
0
0
0
0
0
0
0
0
0
0
0
0
0
0
0
0
0
0
0
0
0
0
0
0
0
0
0
0
0
0
0
0
0
0
0
0
0
0
0
0
0
0
0
0
0
0
0
0
0
0
0
0
0
0
0
0
0
0
0
0
0
0
0
0
0
0
0
0
0
0
0
0
0
0
0
0
0
0
0
0
0
0
0
0
0
0
0
0
0
0
0
0
0
0
0
0
0
0
0
0
0
0
0
0
0
0
0
0
0
0
0
0
0
0
0
0
0
0
0
0
0
0
0
0
0
0
0
0
0
0
0
0
0
0
0
0
0
0
0
0
0
0
0
0
0
0
0
0
0
0
0
0
0
0
0
0
0
0
0
0
0
0
0
0
0
0
0
0
0
0
0
0
0
0
0
0
0
0
0
0
0
0
0
0
0
0
0
0
0
0
0
0
0
0
0
0
0
0
0
0
0
0
0
0
0
0
0
0
0
0
0
0
0
0
0
0
0
0
0
0
0
0
0
0
0
0
0
0
0
0
0
0
0
0
0
0
0
0
0
0
0
0
0
0
0
0
0
0
0
0
0
0
0
0
0
0
0
0
0
0
0
0
0
0
0
0
0
0
0
0
0
0
0
0
0
0
0
0
0
0
0
0
0
0
0
0
0
0
0
0
0
0
0
0
0
0
0
0
0
0
0
0
0
0
0
0
0
0
0
0
0
0
0
0
0
0
0
0
0
0
0
0
0
0
0
0
0
0
0
0
0
0
0
0
0
0
0
0
0
0
0
0
0
0
0
0
0
0
0
0
0
0
0
0
0
0
0
0
0
0
0
0
0
0
0
0
0
0
0
0
0
0
0
0
0
0
0
0
0
0
0
0
0
0
0
0
0
0
0
0
0
0
0
0
0
0
0
0
0
0
0
0
0
0
0
0
0
0
0
0
0
0
0
0
0
0
0
0
0
0
0
0
0
0
0
0
0
0
0
0
0
0
0
0
0
0
0
0
0
0
0
0
0
0
0
0
0
0
0
0
0
0
0
0
0
0
0
0
0
0
0
0
0
0
0
0
0
0
0
0
0
0
0
0
0
0
0
0
0
0
0
0
0
0
0
0
0
0
0
0
0
0
0
0
0
0
0
0
0
0
0
0
0
0
0
0
0
0
0
0
0
0
0
0
0
0
0
0
0
0
0
0
0
0
0
0
0
0
0
0
0
0
0
0
0
0
0
0
0
0
0
0
0
0
0
0
0
0
0
0
0
0
0
0
0
0
0
0
0
0
0
0
0
0
0
0
0
0
0
0
0
0
0
0
0
0
0
0
0
0
0
0
0
0
0
0
0
0
0
0
0
0
0
0
0
0
0
0
0
0
0
0
0
0
0
0
0
0
0
0
0
0
0
0
0
0
0
0
0
0
0
0
0
0
0
0
0
0
0
0
0
0
0
0
0
0
0
0
0
0
0
0
0
0
0
0
0
0
0
0
0
0
0
0
0
0
0
0
0
0
0
0
0
0
0
0
0
0
0
0
0
0
0
0
0
0
0
0
0
0
0
0
0
0
0
0
0
0
0
0
0
0
0
0
0
0
0
0
0
0
0
0
0
0
0
0
0
0
0
0
0
0
0
0
0
0
0
0
0
0
0
0
0
0
0
0
0
0
0
0
0
0
0
0
0
0
0
0
0
0
0
0
0
0
0
0
0
0
0
0
0
0
0
0
0
0
0
0
0
0
0
0
0
0
0
0
0
0
0
0
0
0
0
0
0
0
0
0
0
0
0
0
0
0
0
0
0
0
0
0
0
0
0
0
0
0
0
0
0
0
0
0
0
0
0
0
0
0
0
0
0
0
0
0
0
0
0
0
0
0
0
0
0
0
0
0
0
0
0
0
0
0
0
0
0
0
0
0
0
0
0
0
0
0
0
0
0
0
0
0
0
0
0
0
0
0
0
0
0
0
0
0
0
0
0
0
0
0
0
0
0
0
0
0
0
0
0
0
0
0
0
0
0
0
0
0
0
0
0
0
0
0
0
0
0
0
0
0
0
0
0
0
0
0
0
0
0
0
0
0
0
0
0
0
0
0
0
0
0
0
0
0
0
0
0
0
0
0
0
0
0
0
0
0
0
0
0
0
0
0
0
0
0
0
0
0
0
0
0
0
0
0
0
0
0
0
0
0
0
0
0
0
0
0
0
0
0
0
0
0
0
0
0
0
0
0
0
0
0
0
0
0
0
0
0
0
0
0
0
0
0
0
0
0
0
0
0
0
0
0
0
0
0
0
0
0
0
0
0
0
0
0
0
0
0
0
0
0
0
0
0
0
0
0
0
0
0
0
0
0
0
0
0
0
0
0
0
0
0
0
0
0
0
0
0
0
0
0
0
0
0
0
0
0
0
0
0
0
0
0
0
0
0
0
0
0
0
0
0
0
0
0
0
0
0
0
0
0
0
0
0
0
0
0
0
0
0
0
0
0
0
0
0
0
0
0
0
0
0
0
0
0
0
0
0
0
0
0
0
0
0
0
0
0
0
0
0
0
0
0
0
0
0
0
0
0
0
0
0
0
0
0
0
0
0
0
0
0
0
0
0
0
0
0
0
0
0
0
0
0
0
0
0
0
0
0
0
0
0
0
0
0
0
0
0
0
0
0
0
0
0
0
0
0
0
0
0
0
0
0
0
0
0
0
0
0
0
0
0
0
0
0
0
0
0
0
0
0
0
0
0
0
0
0
0
0
0
0
0
0
0
0
0
0
0
0
0
0
0
0
0
0
0
0
0
0
0
0
0
0
0
0
0
0
0
0
0
0
0
0
0
0
0
0
0
0
0
0
0
0
0
0
0
0
0
0
0
0
0
0
0
0
0
0
0
0
0
0
0
0
0
0
0
0
0
0
0
0
0
0
0
0
0
0
0
0
0
0
0
0
0
0
0
0
0
0
0
0
0
0
0
0
0
0
0
0
0
0
0
0
0
0
0
0
0
0
0
0
0
0
0
0
0
0
0
0
0
0
0
0
0
0
0
0
0
0
0
0
0
0
0
0
0
0
0
0
0
0
0
0
0
0
0
0
0
0
0
0
0
0
0
0
0
0
0
0
0
0
0
0
0
0
0
0
0
0
0
0
0
0
0
0
0
0
0
0
0
0
0
0
0
0
0
0
0
0
0
0
0
0
0
0
0
0
0
0
0
0
0
0
0
0
0
0
0
0
0
0
0
0
0
0
0
0
0
0
0
0
0
0
0
0
0
0
0
0
0
0
0
0
0
0
0
0
0
0
0
0
0
0
0
0
0
0
0
0
0
0
0
0
0
0
0
0
0
0
0
0
0
0
0
0
0
0
0
0
0
0
0
0
0
0
0
0
0
0
0
0
0
0
0
0
0
0
0
0
0
0
0
0
0
0
0
0
0
0
0
0
0
0
0
0
0
0
0
0
0
0
0
0
0
0
0
0
0
0
0
0
0
0
0
0
0
0
0
0
0
0
0
0
0
0
0
0
0
0
0
0
0
0
0
0
0
0
0
0
0
0
0
0
0
0
0
0
0
0
0
0
0
0
0
0
0
0
0
0
0
0
0
0
0
0
0
0
0
0
0
0
0
0
0
0
0
0
0
0
0
0
0
0
0
0
0
0
0
0
0
0
0
0
0
0
0
0
0
0
0
0
0
0
0
0
0
0
0
0
0
0
0
0
0
0
0
0
0
0
0
0
0
0
0
0
0
0
0
0
0
0
0
0
0
0
0
0
0
0
0
0
0
0
0
0
0
0
0
0
0
0
0
0
0
0
0
0
0
0
0
0
0
0
0
0
0
0
0
0
0
0
0
0
0
0
0
0
0
0
0
0
0
0
0
0
0
0
0
0
0
0
0
0
0
0
0
0
0
0
0
0
0
0
0
0
0
0
0
0
0
0
0
0
0
0
0
0
0
0
0
0
0
0
0
0
0
0
0
0
0
0
0
0
0
0
0
0
0
0
0
0
0
0
0
0
0
0
0
0
0
0
0
0
0
0
0
0
0
0
0
0
0
0
0
0
0
0
0
0
0
0
0
0
0
0
0
0
0
0
0
0
0
0
0
0
0
0
0
0
0
0
0
0
0
0
0
0
0
0
0
0
0
0
0
0
0
0
0
0
0
0
0
0
0
0
0
0
0
0
0
0
0
0
0
0
0
0
0
0
0
0
0
0
0
0
0
0
0
0
0
0
0
0
0
0
0
0
0
0
0
0
0
0
0
0
0
0
0
0
0
0
0
0
0
0
0
0
0
0
0
0
0
0
0
0
0
0
0
0
0
0
0
0
0
0
0
0
0
0
0
0
0
0
0
0
0
0
0
0
0
0
0
0
0
0
0
0
0
0
0
0
0
0
0
0
0
0
0
0
0
0
0
0
0
0
0
0
0
0
0
0
0
0
0
0
0
0
0
0
0
0
0
0
0
0
0
0
0
0
0
0
0
0
0
0
0
0
0
0
0
0
0
0
0
0
0
0
0
0
0
0
0
0
0
0
0
0
0
0
0
0
0
0
0
0
0
0
0
0
0
0
0
0
0
0
0
0
0
0
0
0
0
0
0
0
0
0
0
0
0
0
0
0
0
0
0
0
0
0
0
0
0
0
0
0
0
0
0
0
0
0
0
0
0
0
0
0
0
0
0
0
0
0
0
0
0
0
0
0
0
0
0
0
0
0
0
0
0
0
0
0
0
0
0
0
0
0
0
0
0
0
0
0
0
0
0
0
0
0
0
0
0
0
0
0
0
0
0
0
0
0
0
0
0
0
0
0
0
0
0
0
0
0
0
0
0
0
0
0
0
0
0
0
0
0
0
0
0
0
0
0
0
0
0
0
0
0
0
0
0
0
0
0
0
0
0
0
0
0
0
0
0
0
0
0
0
0
0
0
0
0
0
0
0
0
0
0
0
0
0
0
0
0
0
0
0
0
0
0
0
0
0
0
0
0
0
0
0
0
0
0
0
0
0
0
0
0
0
0
0
0
0
0
0
0
0
0
0
0
0
0
0
0
0
0
0
0
0
0
0
0
0
0
0
0
0
0
0
0
0
0
0
0
0
0
0
0
0
0
0
0
0
0
0
0
0
0
0
0
0
0
0
0
0
0
0
0
0
0
0
0
0
0
0
0
0
0
0
0
0
0
0
0
0
0
0
0
0
0
0
0
0
0
0
0
0
0
0
0
0
0
0
0
0
0
0
0
0
0
0
0
0
0
0
0
0
0
0
0
0
0
0
0
0
0
0
0
0
0
0
0
0
0
0
0
0
0
0
0
0
0
0
0
0
0
0
0
0
0
0
0
0
0
0
0
0
0
0
0
0
0
0
0
0
0
0
0
0
0
0
0
0
0
0
0
0
0
0
0
0
0
0
0
0
0
0
0
0
0
0
0
0
0
0
0
0
0
0
0
0
0
0
0
0
0
0
0
0
0
0
0
0
0
0
0
0
0
0
0
0
0
0
0
0
0
0
0
0
0
0
0
0
0
0
0
0
0
0
0
0
0
0
0
0
0
0
0
0
0
0
0
0
0
0
0
0
0
0
0
0
0
0
0
0
0
0
0
0
0
0
0
0
0
0
0
0
0
0
0
0
0
0
0
0
0
0
0
0
0
0
0
0
0
0
0
0
0
0
0
0
0
0
0
0
0
0
0
0
0
0
0
0
0
0
0
0
0
0
0
0
0
0
0
0
0
0
0
0
0
0
0
0
0
0
0
0
0
0
0
0
0
0
0
0
0
0
0
0
0
0
0
0
0
0
0
0
0
0
0
0
0
0
0
0
0
0
0
0
0
0
0
0
0
0
0
0
0
0
0
0
0
0
0
0
0
0
0
0
0
0
0
0
0
0
0
0
0
0
0
0
0
0
0
0
0
0
0
0
0
0
0
0
0
0
0
0
0
0
0
0
0
0
0
0
0
0
0
0
0
0
0
0
0
0
0
0
0
0
0
0
0
0
0
0
0
0
0
0
0
0
0
0
0
0
0
0
0
0
0
0
0
0
0
0
0
0
0
0
0
0
0
0
0
0
0
0
0
0
0
0
0
0
0
0
0
0
0
0
0
0
0
0
0
0
0
0
0
0
0
0
0
0
0
0
0
0
0
0
0
0
0
0
0
0
0
0
0
0
0
0
0
0
0
0
0
0
0
0
0
0
0
0
0
0
0
0
0
0
0
0
0
0
0
0
0
0
0
0
0
0
0
0
0
0
0
0
0
0
0
0
0
0
0
0
0
0
0
0
0
0
0
0
0
0
0
0
0
0
0
0
0
0
0
0
0
0
0
0
0
0
0
0
0
0
0
0
0
0
0
0
0
0
0
0
0
0
0
0
0
0
0
0
0
0
0
0
0
0
0
0
0
0
0
0
0
0
0
0
0
0
0
0
0
0
0
0
0
0
0
0
0
0
0
0
0
0
0
0
0
0
0
0
0
0
0
0
0
0
0
0
0
0
0
0
0
0
0
0
0
0
0
0
0
0
0
0
0
0
0
0
0
0
0
0
0
0
0
0
0
0
0
0
0
0
0
0
0
0
0
0
0
0
0
0
0
0
0
0
0
0
0
0
0
0
0
0
0
0
0
0
0
0
0
0
0
0
0
0
0
0
0
0
0
0
0
0
0
0
0
0
0
0
0
0
0
0
0
0
0
0
0
0
0
0
0
0
0
0
0
0
0
0
0
0
0
0
0
0
0
0
0
0
0
0
0
0
0
0
0
0
0
0
0
0
0
0
0
0
0
0
0
0
0
0
0
0
0
0
0
0
0
0
0
0
0
0
0
0
0
0
0
0
0
0
0
0
0
0
0
0
0
0
0
0
0
0
0
0
0
0
0
0
0
0
0
0
0
0
0
0
0
0
0
0
0
0
0
0
0
0
0
0
0
0
0
0
0
0
0
0
0
0
0
0
0
0
0
0
0
0
0
0
0
0
0
0
0
0
0
0
0
0
0
0
0
0
0
0
0
0
0
0
0
0
0
0
0
0
0
0
0
0
0
0
0
0
0
0
0
0
0
0
0
0
0
0
0
0
0
0
0
0
0
0
0
0
0
0
0
0
0
0
0
0
0
0
0
0
0
0
0
0
0
0
0
0
0
0
0
0
0
0
0
0
0
0
0
0
0
0
0
0
0
0
0
0
0
0
0
0
0
0
0
0
0
0
0
0
0
0
0
0
0
0
0
0
0
0
0
0
0
0
0
0
0
0
0
0
0
0
0
0
0
0
0
0
0
0
0
0
0
0
0
0
0
0
0
0
0
0
0
0
0
0
0
0
0
0
0
0
0
0
0
0
0
0
0
0
0
0
0
0
0
0
0
0
0
0
0
0
0
0
0
0
0
0
0
0
0
0
0
0
0
0
0
0
0
0
0
0
0
0
0
0
0
0
0
0
0
0
0
0
0
0
0
0
0
0
0
0
0
0
0
0
0
0
0
0
0
0
0
0
0
0
0
0
0
0
0
0
0
0
0
0
0
0
0
0
0
0
0
0
0
0
0
0
0
0
0
0
0
0
0
0
0
0
0
0
0
0
0
0
0
0
0
0
0
0
0
0
0
0
0
0
0
0
0
0
0
0
0
0
0
0
0
0
0
0
0
0
0
0
0
0
0
0
0
0
0
0
0
0
0
0
0
0
0
0
0
0
0
0
0
0
0
0
0
0
0
0
0
0
0
0
0
0
0
0
0
0
0
0
0
0
0
0
0
0
0
0
0
0
0
0
0
0
0
0
0
0
0
0
0
0
0
0
0
0
0
0
0
0
0
0
0
0
0
0
0
0
0
0
0
0
0
0
0
0
0
0
0
0
0
0
0
0
0
0
0
0
0
0
0
0
0
0
0
0
0
0
0
0
0
0
0
0
0
0
0
0
0
0
0
0
0
0
0
0
0
0
0
0
0
0
0
0
0
0
0
0
0
0
0
0
0
0
0
0
0
0
0
0
0
0
0
0
0
0
0
0
0
0
0
0
0
0
0
0
0
0
0
0
0
0
0
0
0
0
0
0
0
0
0
0
0
0
0
0
0
0
0
0
0
0
0
0
0
0
0
0
0
0
0
0
0
0
0
0
0
0
0
0
0
0
0
0
0
0
0
0
0
0
0
0
0
0
0
0
0
0
0
0
0
0
0
0
0
0
0
0
0
0
0
0
0
0
0
0
0
0
0
0
0
0
0
0
0
0
0
0
0
0
0
0
0
0
0
0
0
0
0
0
0
0
0
0
0
0
0
0
0
0
0
0
0
0
0
0
0
0
0
0
0
0
0
0
0
0
0
0
0
0
0
0
0
0
0
0
0
0
0
0
0
0
0
0
0
0
0
0
0
0
0
0
0
0
0
0
0
0
0
0
0
0
0
0
0
0
0
0
0
0
0
0
0
0
0
0
0
0
0
0
0
0
0
0
0
0
0
0
0
0
0
0
0
0
0
0
0
0
0
0
0
0
0
0
0
0
0
0
0
0
0
0
0
0
0
0
0
0
0
0
0
0
0
0
0
0
0
0
0
0
0
0
0
0
0
0
0
0
0
0
0
0
0
0
0
0
0
0
0
0
0
0
0
0
0
0
0
0
0
0
0
0
0
0
0
0
0
0
0
0
0
0
0
0
0
0
0
0
0
0
0
0
0
0
0
0
0
0
0
0
0
0
0
0
0
0
0
0
0
0
0
0
0
0
0
0
0
0
0
0
0
0
0
0
0
0
0
0
0
0
0
0
0
0
0
0
0
0
0
0
0
0
0
0
0
0
0
0
0
0
0
0
0
0
0
0
0
0
0
0
0
0
0
0
0
0
0
0
0
0
0
0
0
0
0
0
0
0
0
0
0
0
0
0
0
0
0
0
0
0
0
0
0
0
0
0
0
0
0
0
0
0
0
0
0
0
0
0
0
0
0
0
0
0
0
0
0
0
0
0
0
0
0
0
0
0
0
0
0
0
0
0
0
0
0
0
0
0
0
0
0
0
0
0
0
0
0
0
0
0
0
0
0
0
0
0
0
0
0
0
0
0
0
0
0
0
0
0
0
0
0
0
0
0
0
0
0
0
0
0
0
0
0
0
0
0
0
0
0
0
0
0
0
0
0
0
0
0
0
0
0
0
0
0
0
0
0
0
0
0
0
0
0
0
0
0
0
0
0
0
0
0
0
0
0
0
0
0
0
0
0
0
0
0
0
0
0
0
0
0
0
0
0
0
0
0
0
0
0
0
0
0
0
0
0
0
0
0
0
0
0
0
0
0
0
0
0
0
0
0
0
0
0
0
0
0
0
0
0
0
0
0
0
0
0
0
0
0
0
0
0
0
0
0
0
0
0
0
0
0
0
0
0
0
0
0
0
0
0
0
0
0
0
0
0
0
0
0
0
0
0
0
0
0
0
0
0
0
0
0
0
0
0
0
0
0
0
0
0
0
0
0
0
0
0
0
0
0
0
0
0
0
0
0
0
0
0
0
0
0
0
0
0
0
0
0
0
0
0
0
0
0
0
0
0
0
0
0
0
0
0
0
0
0
0
0
0
0
0
0
0
0
0
0
0
0
0
0
0
0
0
0
0
0
0
0
0
0
0
0
0
0
0
0
0
0
0
0
0
0
0
0
0
0
0
0
0
0
0
0
0
0
0
0
0
0
0
0
0
0
0
0
0
0
0
0
0
0
0
0
0
0
0
0
0
0
0
0
0
0
0
0
0
0
0
0
0
0
0
0
0
0
0
0
0
0
0
0
0
0
0
0
0
0
0
0
0
0
0
0
0
0
0
0
0
0
0
0
0
0
0
0
0
0
0
0
0
0
0
0
0
0
0
0
0
0
0
0
0
0
0
0
0
0
0
0
0
0
0
0
0
0
0
0
0
0
0
0
0
0
0
0
0
0
0
0
0
0
0
0
0
0
0
0
0
0
0
0
0
0
0
0
0
0
0
0
0
0
0
0
0
0
0
0
0
0
0
0
0
0
0
0
0
0
0
0
0
0
0
0
0
0
0
0
0
0
0
0
0
0
0
0
0
0
0
0
0
0
0
0
0
0
0
0
0
0
0
0
0
0
0
0
0
0
0
0
0
0
0
0
0
0
0
0
0
0
0
0
0
0
0
0
0
0
0
0
0
0
0
0
0
0
0
0
0
0
0
0
0
0
0
0
0
0
0
0
0
0
0
0
0
0
0
0
0
0
0
0
0
0
0
0
0
0
0
0
0
0
0
0
0
0
0
0
0
0
0
0
0
0
0
0
0
0
0
0
0
0
0
0
0
0
0
0
0
0
0
0
0
0
0
0
0
0
0
0
0
0
0
0
0
0
0
0
0
0
0
0
0
0
0
0
0
0
0
0
0
0
0
0
0
0
0
0
0
0
0
0
0
0
0
0
0
0
0
0
0
0
0
0
0
0
0
0
0
0
0
0
0
0
0
0
0
0
0
0
0
0
0
0
0
0
0
0
0
0
0
0
0
0
0
0
0
0
0
0
0
0
0
0
0
0
0
0
0
0
0
0
0
0
0
0
0
0
0
0
0
0
0
0
0
0
0
0
0
0
0
0
0
0
0
0
0
0
0
0
0
0
0
0
0
0
0
0
0
0
0
0
0
0
0
0
0
0
0
0
0
0
0
0
0
0
0
0
0
0
0
0
0
0
0
0
0
0
0
0
0
0
0
0
0
0
0
0
0
0
0
0
0
0
0
0
0
0
0
0
0
0
0
0
0
0
0
0
0
0
0
0
0
0
0
0
0
0
0
0
0
0
0
0
0
0
0
0
0
0
0
0
0
0
0
0
0
0
0
0
0
0
0
0
0
0
0
0
0
0
0
0
0
0
0
0
0
0
0
0
0
0
0
0
0
0
0
0
0
0
0
0
0
0
0
0
0
0
0
0
0
0
0
0
0
0
0
0
0
0
0
0
0
0
0
0
0
0
0
0
0
0
0
0
0
0
0
0
0
0
0
0
0
0
0
0
0
0
0
0
0
0
0
0
0
0
0
0
0
0
0
0
0
0
0
0
0
0
0
0
0
0
0
0
0
0
0
0
0
0
0
0
0
0
0
0
0
0
0
0
0
0
0
0
0
0
0
0
0
0
0
0
0
0
0
0
0
0
0
0
0
0
0
0
0
0
0
0
0
0
0
0
0
0
0
0
0
0
0
0
0
0
0
0
0
0
0
0
0
0
0
0
0
0
0
0
0
0
0
0
0
0
0
0
0
0
0
0
0
0
0
0
0
0
0
0
0
0
0
0
0
0
0
0
0
0
0
0
0
0
0
0
0
0
0
0
0
0
0
0
0
0
0
0
0
0
0
0
0
0
0
0
0
0
0
0
0
0
0
0
0
0
0
0
0
0
0
0
0
0
0
0
0
0
0
0
0
0
0
0
0
0
0
0
0
0
0
0
0
0
0
0
0
0
0
0
0
0
0
0
0
0
0
0
0
0
0
0
0
0
0
0
0
0
0
0
0
0
0
0
0
0
0
0
0
0
0
0
0
0
0
0
0
0
0
0
0
0
0
0
0
0
0
0
0
0
0
0
0
0
0
0
0
0
0
0
0
0
0
0
0
0
0
0
0
0
0
0
0
0
0
0
0
0
0
0
0
0
0
0
0
0
0
0
0
0
0
0
0
0
0
0
0
0
0
0
0
0
0
0
0
0
0
0
0
0
0
0
0
0
0
0
0
0
0
0
0
0
0
0
0
0
0
0
0
0
0
0
0
0
0
0
0
0
0
0
0
0
0
0
0
0
0
0
0
0
0
0
0
0
0
0
0
0
0
0
0
0
0
0
0
0
0
0
0
0
0
0
0
0
0
0
0
0
0
0
0
0
0
0
0
0
0
0
0
0
0
0
0
0
0
0
0
0
0
0
0
0
0
0
0
0
0
0
0
0
0
0
0
0
0
0
0
0
0
0
0
0
0
0
0
0
0
0
0
0
0
0
0
0
0
0
0
0
0
0
0
0
0
0
0
0
0
0
0
0
0
0
0
0
0
0
0
0
0
0
0
0
0
0
0
0
0
0
0
0
0
0
0
0
0
0
0
0
0
0
0
0
0
0
0
0
0
0
0
0
0
0
0
0
0
0
0
0
0
0
0
0
0
0
0
0
0
0
0
0
0
0
0
0
0
0
0
0
0
0
0
0
0
0
0
0
0
0
0
0
0
0
0
0
0
0
0
0
0
0
0
0
0
0
0
0
0
0
0
0
0
0
0
0
0
0
0
0
0
0
0
0
0
0
0
0
0
0
0
0
0
0
0
0
0
0
0
0
0
0
0
0
0
0
0
0
0
0
0
0
0
0
0
0
0
0
0
0
0
0
0
0
0
0
0
0
0
0
0
0
0
0
0
0
0
0
0
0
0
0
0
0
0
0
0
0
0
0
0
0
0
0
0
0
0
0
0
0
0
0
0
0
0
0
0
0
0
0
0
0
0
0
0
0
0
0
0
0
0
0
0
0
0
0
0
0
0
0
0
0
0
0
0
0
0
0
0
0
0
0
0
0
0
0
0
0
0
0
0
0
0
0
0
0
0
0
0
0
0
0
0
0
0
0
0
0
0
0
0
0
0
0
0
0
0
0
0
0
0
0
0
0
0
0
0
0
0
0
0
0
0
0
0
0
0
0
0
0
0
0
0
0
0
0
0
0
0
0
0
0
0
0
0
0
0
0
0
0
0
0
0
0
0
0
0
0
0
0
0
0
0
0
0
0
0
0
0
0
0
0
0
0
0
0
0
0
0
0
0
0
0
0
0
0
0
0
0
0
0
0
0
0
0
0
0
0
0
0
0
0
0
0
0
0
0
0
0
0
0
0
0
0
0
0
0
0
0
0
0
0
0
0
0
0
0
0
0
0
0
0
0
0
0
0
0
0
0
0
0
0
0
0
0
0
0
0
0
0
0
0
0
0
0
0
0
0
0
0
0
0
0
0
0
0
0
0
0
0
0
0
0
0
0
0
0
0
0
0
0
0
0
0
0
0
0
0
0
0
0
0
0
0
0
0
0
0
0
0
0
0
0
0
0
0
0
0
0
0
0
0
0
0
0
0
0
0
0
0
0
0
0
0
0
0
0
0
0
0
0
0
0
0
0
0
0
0
0
0
0
0
0
0
0
0
0
0
0
0
0
0
0
0
0
0
0
0
0
0
0
0
0
0
0
0
0
0
0
0
0
0
0
0
0
0
0
0
0
0
0
0
0
0
0
0
0
0
0
0
0
0
0
0
0
0
0
0
0
0
0
0
0
0
0
0
0
0
0
0
0
0
0
0
0
0
0
0
0
0
0
0
0
0
0
0
0
0
0
0
0
0
0
0
0
0
0
0
0
0
0
0
0
0
0
0
0
0
0
0
0
0
0
0
0
0
0
0
0
0
0
0
0
0
0
0
0
0
0
0
0
0
0
0
0
0
0
0
0
0
0
0
0
0
0
0
0
0
0
0
0
0
0
0
0
0
0
0
0
0
0
0
0
0
0
0
0
0
0
0
0
0
0
0
0
0
0
0
0
0
0
0
0
0
0
0
0
0
0
0
0
0
0
0
0
0
0
0
0
0
0
0
0
0
0
0
0
0
0
0
0
0
0
0
0
0
0
0
0
0
0
0
0
0
0
0
0
0
0
0
0
0
0
0
0
0
0
0
0
0
0
0
0
0
0
0
0
0
0
0
0
0
0
0
0
0
0
0
0
0
0
0
0
0
0
0
0
0
0
0
0
0
0
0
0
0
0
0
0
0
0
0
0
0
0
0
0
0
0
0
0
0
0
0
0
0
0
0
0
0
0
0
0
0
0
0
0
0
0
0
0
0
0
0
0
0
0
0
0
0
0
0
0
0
0
0
0
0
0
0
0
0
0
0
0
0
0
0
0
0
0
0
0
0
0
0
0
0
0
0
0
0
0
0
0
0
0
0
0
0
0
0
0
0
0
0
0
0
0
0
0
0
0
0
0
0
0
0
0
0
0
0
0
0
0
0
0
0
0
0
0
0
0
0
0
0
0
0
0
0
0
0
0
0
0
0
0
0
0
0
0
0
0
0
0
0
0
0
0
0
0
0
0
0
0
0
0
0
0
0
0
0
0
0
0
0
0
0
0
0
0
0
0
0
0
0
0
0
0
0
0
0
0
0
0
0
0
0
0
0
0
0
0
0
0
0
0
0
0
0
0
0
0
0
0
0
0
0
0
0
0
0
0
0
0
0
0
0
0
0
0
0
0
0
0
0
0
0
0
0
0
0
0
0
0
0
0
0
0
0
0
0
0
0
0
0
0
0
0
0
0
0
0
0
0
0
0
0
0
0
0
0
0
0
0
0
0
0
0
0
0
0
0
0
0
0
0
0
0
0
0
0
0
0
0
0
0
0
0
0
0
0
0
0
0
0
0
0
0
0
0
0
0
0
0
0
0
0
0
0
0
0
0
0
0
0
0
0
0
0
0
0
0
0
0
0
0
0
0
0
0
0
0
0
0
0
0
0
0
0
0
0
0
0
0
0
0
0
0
0
0
0
0
0
0
0
0
0
0
0
0
0
0
0
0
0
0
0
0
0
0
0
0
0
0
0
0
0
0
0
0
0
0
0
0
0
0
0
0
0
0
0
0
0
0
0
0
0
0
0
0
0
0
0
0
0
0
0
0
0
0
0
0
0
0
0
0
0
0
0
0
0
0
0
0
0
0
0
0
0
0
0
0
0
0
0
0
0
0
0
0
0
0
0
0
0
0
0
0
0
0
0
0
0
0
0
0
0
0
0
0
0
0
0
0
0
0
0
0
0
0
0
0
0
0
0
0
0
0
0
0
0
0
0
0
0
0
0
0
0
0
0
0
0
0
0
0
0
0
0
0
0
0
0
0
0
0
0
0
0
0
0
0
0
0
0
0
0
0
0
0
0
0
0
0
0
0
0
0
0
0
0
0
0
0
0
0
0
0
0
0
0
0
0
0
0
0
0
