-46
1303
-3749
-1239
-2185
-4710
-5218
-98
1337
-4799
-1878
-2193
-5617
-2089
16
695
-226
821
-5977
-4765
-2090
-5266
-13888
-218
907
-6767
-5311
-4845
-6156
-15115
174
557
-217
1321
-4424
-2890
-2767
-3497
-4523
-112
1339
-3675
-2887
-2080
-3362
-1040
111
976
-42
-418
-5221
-5116
1468
-4502
-15985
-114
-1628
-4887
-3191
-413
-3368
-22737
185
-804
-361
1241
-3538
-1992
-2010
-2627
-3352
-385
116
-5180
-3030
-2461
-4536
-386
-175
718
218
116
-2815
-3948
396
-3196
-23338
-59
-495
-4445
-4082
-2966
-3699
-20786
235
1414
-354
832
-3313
-1394
-1264
-2682
-2942
-471
439
-7288
-4352
-4002
-6717
1284
-329
1948
230
486
-744
-3253
-2061
-2755
-25263
-90
-817
-4220
-6761
-7315
-6044
-12986
160
-34
-409
286
-2981
-1710
-3172
-2024
-2654
-314
166
-4564
-2940
-2285
-4230
-114
-246
776
301
1189
-1073
-1739
-1232
-2606
-20574
122
-125
-3963
-4196
-2989
-3920
-17550
407
-607
-549
975
-2910
-4380
-4958
-2486
-3809
-385
789
-2610
-4021
-2249
-3354
-1900
-231
1049
199
927
-2004
-2294
89
-3747
-13788
309
1093
-3447
-4372
-1197
-3829
-16729
561
1483
-549
1101
-1814
-3033
-3084
-2382
-2810
-409
1242
-3232
-4141
-1977
-4784
-962
-418
876
135
-913
-1578
-2326
8
-2773
-22103
169
-865
-3177
-4737
-3821
-4283
-17444
420
-87
-407
931
-1881
-344
-1616
-2316
-2498
-316
597
-2611
-1013
-441
-3561
-1363
-287
424
41
-1296
-2735
-2228
-1628
-2572
-19176
-39
-1460
-3840
-2783
-3672
-3309
-19586
280
-2026
-29
468
-3935
-2874
-1616
-4469
-5545
65
-75
-4163
-3524
-2387
-5147
-1202
-57
103
-283
714
-7737
-5474
327
-5524
-17948
-171
1856
-8081
-3229
-3247
-5480
-20239
146
1248
-155
73
-3795
-3625
-960
-4175
-4651
47
-782
-3315
-3646
-1905
-4085
-920
51
190
-134
24
-6179
-5646
1315
-4401
-16670
-120
-1552
-6898
-3387
-438
-3419
-21458
70
-1215
-101
649
-2785
-1793
-1876
-1646
-2638
-59
-609
-3685
-1893
-1907
-4005
-1111
-209
256
103
762
-3360
-2997
918
-2497
-21505
-144
-886
-5407
-3173
-2092
-2600
-18204
201
233
-65
1319
-2926
-1470
-1938
-81
-2278
-28
116
-6318
-2733
-5171
-5358
727
-194
-1923
42
-225
-1266
-2432
-1593
-2361
-30913
-226
-634
-4235
-4898
-6440
-4914
-18755
169
-99
-142
260
-3360
-2809
-3549
-1959
-3930
-161
68
-4926
-3086
-5249
-4613
-788
-196
-1726
231
-721
-1623
-3751
-2288
-3973
-19149
23
-1801
-4527
-4825
-4416
-4319
-16406
296
-2053
-103
-1479
-1843
-4268
-3398
-2260
-3466
-216
-2287
-4274
-5086
-3423
-5478
-1124
-5
-2010
310
-54
-2093
-2926
-373
-3406
-24824
179
-61
-5717
-6424
-2627
-4033
-17815
426
421
-214
-2081
-1745
-4038
-2850
-1341
-3530
-73
-2452
-3002
-5186
-1913
-3894
1410
-65
-1984
67
656
-3068
-3080
-118
-3307
-22655
124
284
-5396
-5559
-4137
-4122
-22084
304
-11
-140
-1206
-1892
182
-913
-372
-2188
21
-891
-2873
-355
-138
-2682
-170
-20
-750
-30
-1016
-3252
-1719
-1765
-2070
-18243
-111
-818
-4230
-2857
-4055
-2858
-17860
127
-1211
22
331
-4723
-2195
-2981
-4531
-5065
26
1102
-4655
-1885
-4429
-4873
-2716
74
1015
-301
155
-5910
-5594
830
-5162
-14094
-72
817
-6695
-3755
-1248
-5611
-15328
98
-67
9
-685
-3283
-2553
-1135
-3837
-4075
-79
-173
-2986
-1936
-3196
-4131
-3377
-20
-708
-181
-857
-5410
-4903
957
-3737
-21847
-203
-2624
-6824
-3175
504
-3208
-22432
66
-2541
307
1072
-3163
-2043
-2418
-2801
-3473
266
941
-1923
-1161
-2744
-3086
-2177
-62
-425
-34
2375
-4429
-2807
300
-3312
-16412
-324
1127
-4234
-2820
-1419
-2244
-20371
-5
1439
311
1029
-2632
-2937
-3913
-2075
-3585
235
741
-3521
-2928
-5637
-4685
-193
-180
-1242
-96
-844
-3698
-2734
741
-3663
-23520
-282
-382
-4538
-4555
-4905
-4246
-20020
102
1100
88
-84
-2824
-2540
-4465
-2887
-4351
80
-55
-2791
-1077
-5716
-3738
-1686
-227
-793
57
-40
-4162
-4327
44
-4370
-19819
-103
-1623
-4901
-4275
-3523
-2935
-23862
81
-1841
129
472
-1622
-2933
-4183
-1646
-3371
-44
721
-1562
-1489
-4617
-3013
-2530
-14
937
181
-445
-2321
-4479
586
-3394
-21619
-58
-631
-3685
-3789
-1661
-950
-25249
129
119
-63
495
-1349
-1880
-2825
-1754
-2875
-180
1671
-4290
-5451
-6658
-5207
1026
-81
1492
-26
-99
-2301
-3778
203
-2745
-27814
-77
627
-5349
-4670
-4179
-3928
-18045
33
807
-63
352
-2417
-541
539
-2732
-3183
-7
1740
-3483
-3440
-3123
-3949
1473
-51
1393
-179
-941
-3859
-3074
-2363
-3104
-22330
-81
-1154
-5184
-1551
-5033
-3476
-21920
21
-1067
36
-1664
-5836
-1355
-2853
-5085
-5458
-42
-2090
-6356
-933
-5973
-6138
-3457
90
-1813
-364
97
-6557
-6471
635
-5426
-12517
-144
363
-7239
-5267
-1889
-6473
-11234
-62
-274
0
569
-3351
-226
560
-3418
-3495
-22
825
-3893
-178
-2090
-4463
-4434
-65
-429
-221
438
-5113
-4015
-2099
-3308
-15344
-262
-618
-6382
-3573
-1361
-3617
-13278
13
-925
326
1438
-2846
-2532
-3172
-2872
-3341
275
1891
-2764
-2413
-3515
-3534
-1916
28
783
-159
2594
-4879
-938
704
-3159
-16202
-247
1418
-4339
-3177
-1894
-2909
-15819
-20
2161
258
1194
-3162
-1373
-5512
-3826
-4005
264
1247
-4794
-1827
-5910
-5738
-1648
-141
604
-58
-1575
-6252
25
761
-3966
-25908
48
-1330
-6966
-4767
-4829
-5775
-18315
452
-507
78
1119
-3228
-1084
-2298
-3879
-3764
30
1846
-5231
-1734
-5719
-5860
-3400
-256
1562
165
-180
-4970
-1250
-1791
-3702
-26093
79
-256
-5395
-4393
-4419
-4895
-18412
309
135
22
611
-3130
-2688
1373
-2721
-2847
-122
596
-4210
-2845
-4123
-4117
-3169
-98
774
242
478
-1856
-3585
-1475
-2750
-19783
109
504
-1989
-3296
-1592
-1851
-16747
202
633
-301
443
-5519
-3634
5
-4769
-4799
-264
398
-5617
-5187
-5541
-3706
-342
14
-109
59
-117
-2934
-6439
-320
-4621
-13207
99
1449
-4012
-2172
-1264
-3063
-18323
242
1586
-311
-156
-4749
-1978
72
-5409
-5462
-157
-228
-4940
-4972
-3934
-4304
672
83
-859
-244
-1703
-4578
-6676
-2634
-5141
-11279
66
-2329
-5879
-51
-4384
-4215
-17951
119
-1977
84
-1036
-3222
-1469
-971
-2779
-3091
75
-939
-3596
-1653
-3399
-3426
-918
95
-1215
-298
167
-3570
-3961
1101
-2958
-15793
-338
416
-4059
-2359
-1379
-3323
-16492
-71
236
-14
-418
-2096
-923
150
-482
-1662
-31
-392
-2256
-1181
-581
-1558
-1593
-9
-605
-52
1064
-2021
-2626
-847
-1549
-14508
-290
912
-2831
-1501
-785
-392
-15982
-26
266
154
-1350
-3497
-2866
-1268
-2559
-3258
48
-795
-3228
-1660
-2325
-2434
-2152
-54
-475
-102
2356
-4374
-883
-623
-2984
-21370
-104
1751
-3867
-2385
-1464
-1778
-23232
-36
2377
-234
-82
-4721
-2056
-1603
-5231
-5335
-214
-29
-5835
-2222
-6043
-6638
-6629
-2
370
-23
691
-7437
-2499
-3201
-5284
-27927
358
399
-8195
-6288
-2861
-6875
-19091
737
438
-469
4086
-7337
-4047
4870
-6829
-6537
-345
2521
-8024
-4998
-5362
-6473
-6712
86
201
78
-1177
-6708
-5538
-6663
-6626
-25123
442
-488
-7049
-5124
-2049
-6752
-20329
720
185
-243
504
-4694
-4512
5978
-3191
-3248
-266
920
-5604
-5527
-2185
-3889
-3093
-19
-677
291
-1349
-583
-4075
-6253
-3065
-22875
340
-2792
-311
-2519
-2787
-3083
-21708
200
-1733
-312
-1629
-3615
-2650
3031
-916
-2288
-242
-1454
-3797
-3754
-1010
-1209
-635
-173
-2132
186
-672
-1570
-3689
-2786
-2104
-16567
260
-394
-2023
-1053
-1813
-1637
-18000
149
-391
-212
-1523
-3120
822
-720
-1466
-2899
-228
-1741
-2871
-1056
-1253
-1877
204
-109
-1894
-247
-1122
-3520
-3580
-2196
-2693
-20028
-30
-1138
-4789
299
-2861
-2662
-25451
-34
-1094
-55
-835
-4183
-2250
-3097
-3863
-3635
101
-275
-4454
-2332
-4951
-3801
-1750
4
-604
-319
630
-2334
-4631
2391
-3405
-10199
-254
532
-2712
-2929
-164
-3937
-10681
-51
454
-135
-1233
-1797
-1281
866
109
-1205
-203
-1481
-2381
-1921
-486
-809
-2035
-27
-740
58
826
-1094
-1821
-990
-998
-17888
-206
40
-1584
-505
-1393
607
-17406
-20
-41
-290
-1346
-3784
-2874
2010
-2032
-3774
-358
-2095
-5229
-2198
8
-3201
-5117
-171
-1145
99
3609
-5884
-1618
-5433
-3616
-26108
55
2079
-6337
-3761
-5736
-2971
-19759
344
1930
-613
-29
-8274
-7445
8571
-5656
-7190
-417
-209
-7160
-6568
2888
-3996
-6478
18
-141
78
4663
-9206
-5073
-9740
-6965
-17563
604
3340
-8269
-5356
-4677
-4911
-21769
849
2511
-656
-150
-12361
-9754
11808
-8252
-9534
-310
-144
-9049
-8490
4205
-4703
-7959
63
5
104
-1830
-9659
-9588
-10994
-9553
-938
749
-1544
-7251
-5518
-3308
-5895
-13493
1010
-1425
-446
-1010
-5830
-4985
4840
-3144
-4171
-295
-761
-6439
-5694
803
-3158
-4080
-239
-1062
221
-5532
-2247
-3425
-6718
-3919
-18527
422
-4738
-1624
-2917
-4030
-4064
-18858
586
-4260
-254
1311
-4744
-3823
-1038
-3240
-3634
-216
2032
-5943
-4233
-3736
-3533
-2029
-133
1599
-80
944
-1358
-4219
-418
-3331
-15781
41
1816
-2049
-3495
-791
-3459
-14903
-103
1193
-168
2140
-5127
-1716
-1663
-5287
-4782
-297
2835
-4854
-2530
-3775
-4384
757
102
2511
-322
-1003
-4712
-5640
223
-4894
-11763
-72
-847
-6074
-3739
-2112
-4051
-17359
-103
-626
-126
-373
-3476
-1808
-1754
-2595
-2650
17
-450
-3239
-1823
-2938
-2406
-1323
-6
-518
-375
-451
-731
-3729
891
-2437
-13167
-166
568
-629
-2079
-1223
-2197
-16030
-26
856
-206
-253
-2572
-1478
-216
-485
-1890
-202
237
-2760
-2438
-1608
-1071
-2811
-186
555
-121
29
-216
-2487
-1681
-1581
-13832
-44
-653
-455
-2079
-3026
340
-13402
-9
-308
-286
-1851
-2994
-1377
-260
-1882
-2520
-298
-921
-3474
-552
884
-1664
-4073
-155
-752
81
1630
-3941
-1260
-1984
-2439
-22329
103
757
-3718
-2683
-4163
-378
-22426
253
502
-444
-5324
-4980
-4074
2094
-3862
-4232
-222
-4162
-3491
-3153
3430
-1820
-3054
-53
-3522
148
922
-6122
-3303
-1559
-4168
-17927
345
623
-4724
-2909
-1406
-1138
-26713
526
78
-349
-4977
-4420
-3909
4258
-2505
-3407
-125
-4122
-5424
-4774
2909
-3687
-3714
-2
-2964
86
-1663
-4229
-3902
-2238
-3209
-26093
215
-1392
-3918
-3980
-2414
-2326
-21357
376
-1367
-438
476
-4334
-4658
-2423
-3345
-4046
-339
1113
-5521
-5115
-2910
-4498
-4220
-18
1181
-14
138
-3322
-5179
3111
-3801
-14632
249
1422
-3907
-5151
1973
-3234
-9995
218
1707
-232
941
-5641
-6237
-6235
-4582
-5230
-259
672
-6125
-5596
-6801
-4565
-1596
-46
113
-159
1613
-4747
-6287
6408
-4870
-23029
147
1606
-6223
-6088
2740
-3152
-24857
143
708
-54
338
-4913
-4452
-5283
-6463
-6310
-162
-154
-5062
-4408
-6423
-5917
1259
81
-517
-187
-1423
-6630
-6633
3345
-6332
-14516
-66
-1167
-7610
-6431
-1993
-5479
-20082
30
-281
-225
321
-780
-2036
-1553
-1480
-1873
-162
-308
-551
-2493
-2674
-2482
-751
-206
-207
-226
-514
-2408
-2695
1252
-1681
-15973
-8
319
-2339
-2678
-1425
-2582
-16420
49
-150
-279
465
-417
-1340
-798
-930
-1188
-229
-388
-1090
-2172
-2129
-2430
-1899
-179
-196
-136
-865
-1367
-1548
-59
-820
-16877
-91
-717
-1723
-2768
-1734
-1682
-13996
78
-628
-257
149
-2208
-206
-1117
-2028
-1849
-140
-24
-2582
268
-1195
-2377
-2290
1
-114
-119
-166
-2689
-1295
-664
-1587
-16965
-300
390
-2439
-2713
-2415
-1688
-17960
51
540
-404
-721
-1944
-843
25
-2203
-1825
-185
36
-2210
-917
-518
-2698
-3400
29
-114
-63
-214
-2203
-2352
-1106
-1768
-13974
-281
-262
-1344
-2616
-1937
-1638
-13842
49
-53
-395
-487
-1983
-2682
164
-2328
-2073
-307
14
-2292
-3201
-1264
-3106
-2552
-3
101
-93
-1028
-2324
-3229
431
-2005
-18050
-240
-214
-1289
-2663
-1437
-1965
-17273
-6
10
-495
-1049
-4412
-5110
-3771
-4427
-4326
-365
-1238
-4346
-5248
-4277
-3940
-1667
-117
-1123
-41
612
-4100
-5436
5113
-4200
-11269
37
445
-3505
-3900
1444
-3214
-14186
174
531
-360
-516
-3093
-3959
-5193
-3433
-3944
-416
-1619
-4016
-4973
-4744
-4149
783
-208
-1189
23
451
-5237
-4459
4768
-3830
-20690
27
621
-6578
-4233
-607
-3733
-21951
209
572
-184
-1083
-373
-3886
-4642
-4060
-4508
-202
-2054
-1392
-6289
-4825
-6184
1755
-96
-1285
-206
-701
-5960
-3870
1247
-4462
-17388
-160
-778
-7846
-5516
-5126
-5317
-15362
158
-96
0
0
0
0
0
0
0
0
0
0
0
-3337
-1533
-1773
-2416
-3012
0
0
0
0
0
0
0
0
0
0
0
-2287
-3271
-911
-2937
-19167
0
0
0
0
0
0
0
0
0
0
0
-5103
-3312
-2771
-1359
-4182
0
0
0
0
0
0
0
0
0
0
0
-4091
-4597
417
-4082
-13256
0
0
0
0
0
0
0
0
0
0
0
-3760
-3160
-2604
1151
-2941
0
0
0
0
0
0
0
0
0
0
0
-2323
-3891
-822
-2791
-21297
0
0
0
0
0
0
0
0
0
0
0
-2555
-2269
-2050
819
-2243
0
0
0
0
0
0
0
0
0
0
0
-1605
-2725
-2050
-2207
-23767
0
0
0
0
0
0
0
0
0
0
0
-4447
-3726
-5338
-266
-3675
0
0
0
0
0
0
0
0
0
0
0
-2700
-1446
-1213
-3749
-13912
0
0
0
0
0
0
0
0
0
0
0
-4417
-4778
-5795
-1407
-4064
0
0
0
0
0
0
0
0
0
0
0
-3050
-1952
-119
-4188
-11114
0
0
0
0
0
0
0
0
0
0
0
-2880
-3820
-3768
-944
-3418
0
0
0
0
0
0
0
0
0
0
0
-2598
-2571
-691
-3369
-15195
0
0
0
0
0
0
0
0
0
0
0
-2519
-1413
-1444
-809
-2016
0
0
0
0
0
0
0
0
0
0
0
-1839
-438
-1877
-1968
-18635
0
0
0
0
0
0
0
0
0
0
0
-3379
-3071
-1909
-2844
-4250
0
0
0
0
0
0
0
0
0
0
0
-4558
-4820
-1073
-4324
-18358
0
0
0
0
0
0
0
0
0
0
0
-3706
-2995
-1158
-1899
-3863
0
0
0
0
0
0
0
0
0
0
0
-4462
-4964
-261
-3725
-16578
0
0
0
0
0
0
0
0
0
0
0
-3678
-3095
-3072
1813
-3288
0
0
0
0
0
0
0
0
0
0
0
-3143
-4189
-1235
-3022
-16024
0
0
0
0
0
0
0
0
0
0
0
-4146
-4171
-4854
4243
-4094
0
0
0
0
0
0
0
0
0
0
0
-4030
-4646
-4467
-4163
-17399
0
0
0
0
0
0
0
0
0
0
0
-4301
-3170
-4614
1894
-2962
0
0
0
0
0
0
0
0
0
0
0
-2087
-2972
-2536
-3153
-20871
0
0
0
0
0
0
0
0
0
0
0
-3729
-3590
-3950
1729
-2568
0
0
0
0
0
0
0
0
0
0
0
-1581
-2812
-917
-2529
-26530
0
0
0
0
0
0
0
0
0
0
0
-3487
-3628
-4199
2455
-3302
0
0
0
0
0
0
0
0
0
0
0
-3001
-5395
-108
-3143
-20501
0
0
0
0
0
0
0
0
0
0
0
-2487
-1121
-1774
1555
-2237
0
0
0
0
0
0
0
0
0
0
0
-2671
-2550
-2259
-2121
-15166
0
0
0
0
0
0
0
0
0
0
0
-2932
-2406
-2033
-3923
-3849
0
0
0
0
0
0
0
0
0
0
0
-3333
-4162
-205
-3763
-15044
0
0
0
0
0
0
0
0
0
0
0
-1876
-1751
-651
-2834
-2643
0
0
0
0
0
0
0
0
0
0
0
-3340
-3470
-139
-2599
-24584
0
0
0
0
0
0
0
0
0
0
0
-2841
-1651
-3276
238
-2933
0
0
0
0
0
0
0
0
0
0
0
-3543
-3451
-676
-2988
-17237
0
0
0
0
0
0
0
0
0
0
0
-3562
-4015
-5488
2034
-4150
0
0
0
0
0
0
0
0
0
0
0
-4905
-4669
-1526
-4400
-15491
0
0
0
0
0
0
0
0
0
0
0
-2858
-2279
-4294
1885
-2753
0
0
0
0
0
0
0
0
0
0
0
-2818
-3653
-1092
-2679
-23471
0
0
0
0
0
0
0
0
0
0
0
-3463
-2838
-4453
1780
-3032
0
0
0
0
0
0
0
0
0
0
0
-1333
-5156
-459
-2911
-19164
0
0
0
0
0
0
0
0
0
0
0
-2764
-1681
-2859
220
-2610
0
0
0
0
0
0
0
0
0
0
0
-1775
-5114
379
-2546
-22798
0
0
0
0
0
0
0
0
0
0
0
-2129
-110
840
-1119
-2057
0
0
0
0
0
0
0
0
0
0
0
-2004
-2887
-1864
-1842
-23880
0
0
0
0
0
0
0
0
0
0
0
-3300
-1253
-1111
-3950
-3619
0
0
0
0
0
0
0
0
0
0
0
-3283
-5019
-268
-3423
-15051
0
0
0
0
0
0
0
0
0
0
0
-2003
-81
1261
-2580
-1932
0
0
0
0
0
0
0
0
0
0
0
-2691
-3053
-1016
-1938
-19701
0
0
0
0
0
0
0
0
0
0
0
-3374
-2444
-4740
-1367
-3707
0
0
0
0
0
0
0
0
0
0
0
-5180
-1047
-272
-3754
-12524
0
0
0
0
0
0
0
0
0
0
0
-3644
-3221
-6792
-1504
-4896
0
0
0
0
0
0
0
0
0
0
0
-7446
-675
-1526
-5069
-15176
0
0
0
0
0
0
0
0
0
0
0
-1787
-1710
-2074
-698
-2981
0
0
0
0
0
0
0
0
0
0
0
-4510
-912
-3508
-2999
-24918
0
0
0
0
0
0
0
0
0
0
0
-2925
-3329
702
-980
-2865
0
0
0
0
0
0
0
0
0
0
0
-2118
-3384
-2670
-2835
-15777
0
0
0
0
0
0
0
0
0
0
0
-3719
-2889
758
-3162
-3437
0
0
0
0
0
0
0
0
0
0
0
-2676
-5557
-587
-3502
-17470
0
0
0
0
0
0
0
0
0
0
0
-2850
-708
1401
-2834
-2820
0
0
0
0
0
0
0
0
0
0
0
-2618
-4684
-1532
-2539
-21408
0
0
0
0
0
0
0
0
0
0
0
-1680
-884
-483
-1678
-1767
0
0
0
0
0
0
0
0
0
0
0
-1249
-3191
443
-1624
-18128
0
0
0
0
0
0
0
0
0
0
0
-1813
-1407
67
-1353
-1967
0
0
0
0
0
0
0
0
0
0
0
-1596
-3490
89
-1987
-11040
0
0
0
0
0
0
0
0
0
0
0
-2861
-2759
-2540
-1886
-2825
0
0
0
0
0
0
0
0
0
0
0
-4422
744
-1452
-2882
-20776
0
0
0
0
0
0
0
0
0
0
0
-4289
-3367
-586
-5023
-5480
0
0
0
0
0
0
0
0
0
0
0
-7550
-1149
-5062
-5561
-21008
0
0
0
0
0
0
0
0
0
0
0
-4566
-4066
5276
-5920
-5995
0
0
0
0
0
0
0
0
0
0
0
-7096
-4706
-8135
-6051
-24820
0
0
0
0
0
0
0
0
0
0
0
-3923
-5082
3344
-2797
-4460
0
0
0
0
0
0
0
0
0
0
0
-3621
-3324
-7373
-4528
-15730
0
0
0
0
0
0
0
0
0
0
0
-1792
-2696
2060
-535
-2139
0
0
0
0
0
0
0
0
0
0
0
-2838
-2920
-3022
-2112
-16617
0
0
0
0
0
0
0
0
0
0
0
-1252
-32
-414
-1115
-1979
0
0
0
0
0
0
0
0
0
0
0
-2358
-2977
-1506
-1794
-21527
0
0
0
0
0
0
0
0
0
0
0
-2613
-1608
-1502
-3177
-2002
0
0
0
0
0
0
0
0
0
0
0
-521
-3332
2121
-1815
-13529
0
0
0
0
0
0
0
0
0
0
0
-2102
-1724
1298
-1665
-1760
0
0
0
0
0
0
0
0
0
0
0
-1316
-1976
-917
-1667
-12890
0
0
0
0
0
0
0
0
0
0
0
-3358
-2984
1773
-2409
-3237
0
0
0
0
0
0
0
0
0
0
0
-5165
-228
-5026
-3281
-26327
0
0
0
0
0
0
0
0
0
0
0
-8777
-8816
7744
-9868
-9901
0
0
0
0
0
0
0
0
0
0
0
-10975
-6328
-10459
-9944
-3058
0
0
0
0
0
0
0
0
0
0
0
-12066
-12067
10114
-13675
-13097
0
0
0
0
0
0
0
0
0
0
0
-12527
-11872
-11397
-13268
18035
0
0
0
0
0
0
0
0
0
0
0
-3638
-4879
3190
-3943
-4222
0
0
0
0
0
0
0
0
0
0
0
-4524
-2121
-6136
-4033
-18202
0
0
0
0
0
0
0
0
0
0
0
-2118
-2336
-353
-1758
-1994
0
0
0
0
0
0
0
0
0
0
0
-1782
-1755
-993
-2037
-21844
0
0
0
0
0
0
0
0
0
0
0
-2771
-1258
-1684
-3865
-3253
0
0
0
0
0
0
0
0
0
0
0
-2857
-3937
284
-3299
-15407
0
0
0
0
0
0
0
0
0
0
0
-1914
-1320
-632
-1585
-1351
0
0
0
0
0
0
0
0
0
0
0
530
-2519
671
-1159
-16787
0
0
0
0
0
0
0
0
0
0
0
-1881
-1148
1470
-1307
-1136
0
0
0
0
0
0
0
0
0
0
0
279
-1855
-915
-1003
-15560
0
0
0
0
0
0
0
0
0
0
0
-2244
-1444
1120
-1768
-1849
0
0
0
0
0
0
0
0
0
0
0
-2571
-200
-1539
-1560
-25540
0
0
0
0
0
0
0
0
0
0
0
-3380
-3910
3110
-4719
-4359
0
0
0
0
0
0
0
0
0
0
0
-5371
-3855
-2499
-4085
-17088
0
0
0
0
0
0
0
0
0
0
0
-2799
-4065
4243
-3220
-4043
0
0
0
0
0
0
0
0
0
0
0
-5172
-4625
-3837
-3812
-19848
0
0
0
0
0
0
0
0
0
0
0
-3070
-3436
-1159
-2817
-2949
0
0
0
0
0
0
0
0
0
0
0
-3139
-4178
2316
-2939
-16959
0
0
0
0
0
0
0
0
0
0
0
-4796
-5079
-5759
-3346
-4970
0
0
0
0
0
0
0
0
0
0
0
-5018
-5634
4092
-5071
-21124
0
0
0
0
0
0
0
0
0
0
0
-4613
-3269
-5092
-2228
-4420
0
0
0
0
0
0
0
0
0
0
0
-4095
-5151
1294
-4432
-18124
0
0
0
0
0
0
0
0
0
0
0
-2067
-1580
-1188
-908
-1592
0
0
0
0
0
0
0
0
0
0
0
-347
-2206
633
-1435
-14957
0
0
0
0
0
0
0
0
0
0
0
-1658
-863
-588
-532
-1024
0
0
0
0
0
0
0
0
0
0
0
120
-1417
32
-860
-15090
0
0
0
0
0
0
0
0
0
0
0
-1793
-377
-1385
-901
-1380
0
0
0
0
0
0
0
0
0
0
0
-1134
-667
-173
-1123
-17097
0
0
0
0
0
0
0
0
0
0
0
-1782
-713
238
-1154
-1517
0
0
0
0
0
0
0
0
0
0
0
-906
-1891
-972
-1338
-13256
0
0
0
0
0
0
0
0
0
0
0
-1805
-2055
204
-1273
-1937
0
0
0
0
0
0
0
0
0
0
0
-1812
-2156
-692
-1765
-16667
0
0
0
0
0
0
0
0
0
0
0
-2683
-3245
-2268
-3151
-2875
0
0
0
0
0
0
0
0
0
0
0
-2945
-3730
2869
-2757
-16104
0
0
0
0
0
0
0
0
0
0
0
-3562
-2952
-4811
-2332
-3785
0
0
0
0
0
0
0
0
0
0
0
-4128
-4209
3096
-3674
-18931
0
0
0
0
0
0
0
0
0
0
0
-3266
-2459
-4492
-1062
-3577
0
0
0
0
0
0
0
0
0
0
0
-3337
-4041
306
-3314
-17310
0
0
0
0
0
0
0
0
0
0
0
0
0
0
0
0
0
0
0
0
0
0
0
0
0
0
0
0
0
0
0
0
0
0
0
0
0
0
0
0
0
0
0
0
0
0
0
0
0
0
0
0
0
0
0
0
0
0
0
0
0
0
0
0
0
0
0
0
0
0
0
0
0
0
0
0
0
0
0
0
0
0
0
0
0
0
0
0
0
0
0
0
0
0
0
0
0
0
0
0
0
0
0
0
0
0
0
0
0
0
0
0
0
0
0
0
0
0
0
0
0
0
0
0
0
0
0
0
0
0
0
0
0
0
0
0
0
0
0
0
0
0
0
0
0
0
0
0
0
0
0
0
0
0
0
0
0
0
0
0
0
0
0
0
0
0
0
0
0
0
0
0
0
0
0
0
0
0
0
0
0
0
0
0
0
0
0
0
0
0
0
0
0
0
0
0
0
0
0
0
0
0
0
0
0
0
0
0
0
0
0
0
0
0
0
0
0
0
0
0
0
0
0
0
0
0
0
0
0
0
0
0
0
0
0
0
0
0
0
0
0
0
0
0
0
0
0
0
0
0
0
0
0
0
0
0
0
0
0
0
0
0
0
0
0
0
0
0
0
0
0
0
0
0
0
0
0
0
0
0
0
0
0
0
0
0
0
0
0
0
0
0
0
0
0
0
0
0
0
0
0
0
0
0
0
0
0
0
0
0
0
0
0
0
0
0
0
0
0
0
0
0
0
0
0
0
0
0
0
0
0
0
0
0
0
0
0
0
0
0
0
0
0
0
0
0
0
0
0
0
0
0
0
0
0
0
0
0
0
0
0
0
0
0
0
0
0
0
0
0
0
0
0
0
0
0
0
0
0
0
0
0
0
0
0
0
0
0
0
0
0
0
0
0
0
0
0
0
0
0
0
0
0
0
0
0
0
0
0
0
0
0
0
0
0
0
0
0
0
0
0
0
0
0
0
0
0
0
0
0
0
0
0
0
0
0
0
0
0
0
0
0
0
0
0
0
0
0
0
0
0
0
0
0
0
0
0
0
0
0
0
0
0
0
0
0
0
0
0
0
0
0
0
0
0
0
0
0
0
0
0
0
0
0
0
0
0
0
0
0
0
0
0
0
0
0
0
0
0
0
0
0
0
0
0
0
0
0
0
0
0
0
0
0
0
0
0
0
0
0
0
0
0
0
0
0
0
0
0
0
0
0
0
0
0
0
0
0
0
0
0
0
0
0
0
0
0
0
0
0
0
0
0
0
0
0
0
0
0
0
0
0
0
0
0
0
0
0
0
0
0
0
0
0
0
0
0
0
0
0
0
0
0
0
0
0
0
0
0
0
0
0
0
0
0
0
0
0
0
0
0
0
0
0
0
0
0
0
0
0
0
0
0
0
0
0
0
0
0
0
0
0
0
0
0
0
0
0
0
0
0
0
0
0
0
0
0
0
0
0
0
0
0
0
0
0
0
0
0
0
0
0
0
0
0
0
0
0
0
0
0
0
0
0
0
0
0
0
0
0
0
0
0
0
0
0
0
0
0
0
0
0
0
0
0
0
0
0
0
0
0
0
0
0
0
0
0
0
0
0
0
0
0
0
0
0
0
0
0
0
0
0
0
0
0
0
0
0
0
0
0
0
0
0
0
0
0
0
0
0
0
0
0
0
0
0
0
0
0
0
0
0
0
0
0
0
0
0
0
0
0
0
0
0
0
0
0
0
0
0
0
0
0
0
0
0
0
0
0
0
0
0
0
0
0
0
0
0
0
0
0
0
0
0
0
0
0
0
0
0
0
0
0
0
0
0
0
0
0
0
0
0
0
0
0
0
0
0
0
0
0
0
0
0
0
0
0
0
0
0
0
0
0
0
0
0
0
0
0
0
0
0
0
0
0
0
0
0
0
0
0
0
0
0
0
0
0
0
0
0
0
0
0
0
0
0
0
0
0
0
0
0
0
0
0
0
0
0
0
0
0
0
0
0
0
0
0
0
0
0
0
0
0
0
0
0
0
0
0
0
0
0
0
0
0
0
0
0
0
0
0
0
0
0
0
0
0
0
0
0
0
0
0
0
0
0
0
0
0
0
0
0
0
0
0
0
0
0
0
0
0
0
0
0
0
0
0
0
0
0
0
0
0
0
0
0
0
0
0
0
0
0
0
0
0
0
0
0
0
0
0
0
0
0
0
0
0
0
0
0
0
0
0
0
0
0
0
0
0
0
0
0
0
0
0
0
0
0
0
0
0
0
0
0
0
0
0
0
0
0
0
0
0
0
0
0
0
0
0
0
0
0
0
0
0
0
0
0
0
0
0
0
0
0
0
0
0
0
0
0
0
0
0
0
0
0
0
0
0
0
0
0
0
0
0
0
0
0
0
0
0
0
0
0
0
0
0
0
0
0
0
0
0
0
0
0
0
0
0
0
0
0
0
0
0
0
0
0
0
0
0
0
0
0
0
0
0
0
0
0
0
0
0
0
0
0
0
0
0
0
0
0
0
0
0
0
0
0
0
0
0
0
0
0
0
0
0
0
0
0
0
0
0
0
0
0
0
0
0
0
0
0
0
0
0
0
0
0
0
0
0
0
0
0
0
0
0
0
0
0
0
0
0
0
0
0
0
0
0
0
0
0
0
0
0
0
0
0
0
0
0
0
0
0
0
0
0
0
0
0
0
0
0
0
0
0
0
0
0
0
0
0
0
0
0
0
0
0
0
0
0
0
0
0
0
0
0
0
0
0
0
0
0
0
0
0
0
0
0
0
0
0
0
0
0
0
0
0
0
0
0
0
0
0
0
0
0
0
0
0
0
0
0
0
0
0
0
0
0
0
0
0
0
0
0
0
0
0
0
0
0
0
0
0
0
0
0
0
0
0
0
0
0
0
0
0
0
0
0
0
0
0
0
0
0
0
0
0
0
0
0
0
0
0
0
0
0
0
0
0
0
0
0
0
0
0
0
0
0
0
0
0
0
0
0
0
0
0
0
0
0
0
0
0
0
0
0
0
0
0
0
0
0
0
0
0
0
0
0
0
0
0
0
0
0
0
0
0
0
0
0
0
0
0
0
0
0
0
0
0
0
0
0
0
0
0
0
0
0
0
0
0
0
0
0
0
0
0
0
0
0
0
0
0
0
0
0
0
0
0
0
0
0
0
0
0
0
0
0
0
0
0
0
0
0
0
0
0
0
0
0
0
0
0
0
0
0
0
0
0
0
0
0
0
0
0
0
0
0
0
0
0
0
0
0
0
0
0
0
0
0
0
0
0
0
0
0
0
0
0
0
0
0
0
0
0
0
0
0
0
0
0
0
0
0
0
0
0
0
0
0
0
0
0
0
0
0
0
0
0
0
0
0
0
0
0
0
0
0
0
0
0
0
0
0
0
0
0
0
0
0
0
0
0
0
0
0
0
0
0
0
0
0
0
0
0
0
0
0
0
0
0
0
0
0
0
0
0
0
0
0
0
0
0
0
0
0
0
0
0
0
0
0
0
0
0
0
0
0
0
0
0
0
0
0
0
0
0
0
0
0
0
0
0
0
0
0
0
0
0
0
0
0
0
0
0
0
0
0
0
0
0
0
0
0
0
0
0
0
0
0
0
0
0
0
0
0
0
0
0
0
0
0
0
0
0
0
0
0
0
0
0
0
0
0
0
0
0
0
0
0
0
0
0
0
0
0
0
0
0
0
0
0
0
0
0
0
0
0
0
0
0
0
0
0
0
0
0
0
0
0
0
0
0
0
0
0
0
0
0
0
0
0
0
0
0
0
0
0
0
0
0
0
0
0
0
0
0
0
0
0
0
0
0
0
0
0
0
0
0
0
0
0
0
0
0
0
0
0
0
0
0
0
0
0
0
0
0
0
0
0
0
0
0
0
0
0
0
0
0
0
0
0
0
0
0
0
0
0
0
0
0
0
0
0
0
0
0
0
0
0
0
0
0
0
0
0
0
0
0
0
0
0
0
0
0
0
0
0
0
0
0
0
0
0
0
0
0
0
0
0
0
0
0
0
0
0
0
0
0
0
0
0
0
0
0
0
0
0
0
0
0
0
0
0
0
0
0
0
0
0
0
0
0
0
0
0
0
0
0
0
0
0
0
0
0
0
0
0
0
0
0
0
0
0
0
0
0
0
0
0
0
0
0
0
0
0
0
0
0
0
0
0
0
0
0
0
0
0
0
0
0
0
0
0
0
0
0
0
0
0
0
0
0
0
0
0
0
0
0
0
0
0
0
0
0
0
0
0
0
0
0
0
0
0
0
0
0
0
0
0
0
0
0
0
0
0
0
0
0
0
0
0
0
0
0
0
0
0
0
0
0
0
0
0
0
0
0
0
0
0
0
0
0
0
0
0
0
0
0
0
0
0
0
0
0
0
0
0
0
0
0
0
0
0
0
0
0
0
0
0
0
0
0
0
0
0
0
0
0
0
0
0
0
0
0
0
0
0
0
0
0
0
0
0
0
0
0
0
0
0
0
0
0
0
0
0
0
0
0
0
0
0
0
0
0
0
0
0
0
0
0
0
0
0
0
0
0
0
0
0
0
0
0
0
0
0
0
0
0
0
0
0
0
0
0
0
0
0
0
0
0
0
0
0
0
0
0
0
0
0
0
0
0
0
0
0
0
0
0
0
0
0
0
0
0
0
0
0
0
0
0
0
0
0
0
0
0
0
0
0
0
0
0
0
0
0
0
0
0
0
0
0
0
0
0
0
0
0
0
0
0
0
0
0
0
0
0
0
0
0
0
0
0
0
0
0
0
0
0
0
0
0
0
0
0
0
0
0
0
0
0
0
0
0
0
0
0
0
0
0
0
0
0
0
0
0
0
0
0
0
0
0
0
0
0
0
0
0
0
0
0
0
0
0
0
0
0
0
0
0
0
0
0
0
0
0
0
0
0
0
0
0
0
0
0
0
0
0
0
0
0
0
0
0
0
0
0
0
0
0
0
0
0
0
0
0
0
0
0
0
0
0
0
0
0
0
0
0
0
0
0
0
0
0
0
0
0
0
0
0
0
0
0
0
0
0
0
0
0
0
0
0
0
0
0
0
0
0
0
0
0
0
0
0
0
0
0
0
0
0
0
0
0
0
0
0
0
0
0
0
0
0
0
0
0
0
0
0
0
0
0
0
0
0
0
0
0
0
0
0
0
0
0
0
0
0
0
0
0
0
0
0
0
0
0
0
0
0
0
0
0
0
0
0
0
0
0
0
0
0
0
0
0
0
0
0
0
0
0
0
0
0
0
0
0
0
0
0
0
0
0
0
0
0
0
0
0
0
0
0
0
0
0
0
0
0
0
0
0
0
0
0
0
0
0
0
0
0
0
0
0
0
0
0
0
0
0
0
0
0
0
0
0
0
0
0
0
0
0
0
0
0
0
0
0
0
0
0
0
0
0
0
0
0
0
0
0
0
0
0
0
0
0
0
0
0
0
0
0
0
0
0
0
0
0
0
0
0
0
0
0
0
0
0
0
0
0
0
0
0
0
0
0
0
0
0
0
0
0
0
0
0
0
0
0
0
0
0
0
0
0
0
0
0
0
0
0
0
0
0
0
0
0
0
0
0
0
0
0
0
0
0
0
0
0
0
0
0
0
0
0
0
0
0
0
0
0
0
0
0
0
0
0
0
0
0
0
0
0
0
0
0
0
0
0
0
0
0
0
0
0
0
0
0
0
0
0
0
0
0
0
0
0
0
0
0
0
0
0
0
0
0
0
0
0
0
0
0
0
0
0
0
0
0
0
0
0
0
0
0
0
0
0
0
0
0
0
0
0
0
0
0
0
0
0
0
0
0
0
0
0
0
0
0
0
0
0
0
0
0
0
0
0
0
0
0
0
0
0
0
0
0
0
0
0
0
0
0
0
0
0
0
0
0
0
0
0
0
0
0
0
0
0
0
0
0
0
0
0
0
0
0
0
0
0
0
0
0
0
0
0
0
0
0
0
0
0
0
0
0
0
0
0
0
0
0
0
0
0
0
0
0
0
0
0
0
0
0
0
0
0
0
0
0
0
0
0
0
0
0
0
0
0
0
0
0
0
0
0
0
0
0
0
0
0
0
0
0
0
0
0
0
0
0
0
0
0
0
0
0
0
0
0
0
0
0
0
0
0
0
0
0
0
0
0
0
0
0
0
0
0
0
0
0
0
0
0
0
0
0
0
0
0
0
0
0
0
0
0
0
0
0
0
0
0
0
0
0
0
0
0
0
0
0
0
0
0
0
0
0
0
0
0
0
0
0
0
0
0
0
0
0
0
0
0
0
0
0
0
0
0
0
0
0
0
0
0
0
0
0
0
0
0
0
0
0
0
0
0
0
0
0
0
0
0
0
0
0
0
0
0
0
0
0
0
0
0
0
0
0
0
0
0
0
0
0
0
0
0
0
0
0
0
0
0
0
0
0
0
0
0
0
0
0
0
0
0
0
0
0
0
0
0
0
0
0
0
0
0
0
0
0
0
0
0
0
0
0
0
0
0
0
0
0
0
0
0
0
0
0
0
0
0
0
0
0
0
0
0
0
0
0
0
0
0
0
0
0
0
0
0
0
0
0
0
0
0
0
0
0
0
0
0
0
0
0
0
0
0
0
0
0
0
0
0
0
0
0
0
0
0
0
0
0
0
0
0
0
0
0
0
0
0
0
0
0
0
0
0
0
0
0
0
0
0
0
0
0
0
0
0
0
0
0
0
0
0
0
0
0
0
0
0
0
0
0
0
0
0
0
0
0
0
0
0
0
0
0
0
0
0
0
0
0
0
0
0
0
0
0
0
0
0
0
0
0
0
0
0
0
0
0
0
0
0
0
0
0
0
0
0
0
0
0
0
0
0
0
0
0
0
0
0
0
0
0
0
0
0
0
0
0
0
0
0
0
0
0
0
0
0
0
0
0
0
0
0
0
0
0
0
0
0
0
0
0
0
0
0
0
0
0
0
0
0
0
0
0
0
0
0
0
0
0
0
0
0
0
0
0
0
0
0
0
0
0
0
0
0
0
0
0
0
0
0
0
0
0
0
0
0
0
0
0
0
0
0
0
0
0
0
0
0
0
0
0
0
0
0
0
0
0
0
0
0
0
0
0
0
0
0
0
0
0
0
0
0
0
0
0
0
0
0
0
0
0
0
0
0
0
0
0
0
0
0
0
0
0
0
0
0
0
0
0
0
0
0
0
0
0
0
0
0
0
0
0
0
0
0
0
0
0
0
0
0
0
0
0
0
0
0
0
0
0
0
0
0
0
0
0
0
0
0
0
0
0
0
0
0
0
0
0
0
0
0
0
0
0
0
0
0
0
0
0
0
0
0
0
0
0
0
0
0
0
0
0
0
0
0
0
0
0
0
0
0
0
0
0
0
0
0
0
0
0
0
0
0
0
0
0
0
0
0
0
0
0
0
0
0
0
0
0
0
0
0
0
0
0
0
0
0
0
0
0
0
0
0
0
0
0
0
0
0
0
0
0
0
0
0
0
0
0
0
0
0
0
0
0
0
0
0
0
0
0
0
0
0
0
0
0
0
0
0
0
0
0
0
0
0
0
0
0
0
0
0
0
0
0
0
0
0
0
0
0
0
0
0
0
0
0
0
0
0
0
0
0
0
0
0
0
0
0
0
0
0
0
0
0
0
0
0
0
0
0
0
0
0
0
0
0
0
0
0
0
0
0
0
0
0
0
0
0
0
0
0
0
0
0
0
0
0
0
0
0
0
0
0
0
0
0
0
0
0
0
0
0
0
0
0
0
0
0
0
0
0
0
0
0
0
0
0
0
0
0
0
0
0
0
0
0
0
0
0
0
0
0
0
0
0
0
0
0
0
0
0
0
0
0
0
0
0
0
0
0
0
0
0
0
0
0
0
0
0
0
0
0
0
0
0
0
0
0
0
0
0
0
0
0
0
0
0
0
0
0
0
0
0
0
0
0
0
0
0
0
0
0
0
0
0
0
0
0
0
0
0
0
0
0
0
0
0
0
0
0
0
0
0
0
0
0
0
0
0
0
0
0
0
0
0
0
0
0
0
0
0
0
0
0
0
0
0
0
0
0
0
0
0
0
0
0
0
0
0
0
0
0
0
0
0
0
0
0
0
0
0
0
0
0
0
0
0
0
0
0
0
0
0
0
0
0
0
0
0
0
0
0
0
0
0
0
0
0
0
0
0
0
0
0
0
0
0
0
0
0
0
0
0
0
0
0
0
0
0
0
0
0
0
0
0
0
0
0
0
0
0
0
0
0
0
0
0
0
0
0
0
0
0
0
0
0
0
0
0
0
0
0
0
0
0
0
0
0
0
0
0
0
0
0
0
0
0
0
0
0
0
0
0
0
0
0
0
0
0
0
0
0
0
0
0
0
0
0
0
0
0
0
0
0
0
0
0
0
0
0
0
0
0
0
0
0
0
0
0
0
0
0
0
0
0
0
0
0
0
0
0
0
0
0
0
0
0
0
0
0
0
0
0
0
0
0
0
0
0
0
0
0
0
0
0
0
0
0
0
0
0
0
0
0
0
0
0
0
0
0
0
0
0
0
0
0
0
0
0
0
0
0
0
0
0
0
0
0
0
0
0
0
0
0
0
0
0
0
0
0
0
0
0
0
0
0
0
0
0
0
0
0
0
0
0
0
0
0
0
0
0
0
0
0
0
0
0
0
0
0
0
0
0
0
0
0
0
0
0
0
0
0
0
0
0
0
0
0
0
0
0
0
0
0
0
0
0
0
0
0
0
0
0
0
0
0
0
0
0
0
0
0
0
0
0
0
0
0
0
0
0
0
0
0
0
0
0
0
0
0
0
0
0
0
0
0
0
0
0
0
0
0
0
0
0
0
0
0
0
0
0
0
0
0
0
0
0
0
0
0
0
0
0
0
0
0
0
0
0
0
0
0
0
0
0
0
0
0
0
0
0
0
0
0
0
0
0
0
0
0
0
0
0
0
0
0
0
0
0
0
0
0
0
0
0
0
0
0
0
0
0
0
0
0
0
0
0
0
0
0
0
0
0
0
0
0
0
0
0
0
0
0
0
0
0
0
0
0
0
0
0
0
0
0
0
0
0
0
0
0
0
0
0
0
0
0
0
0
0
0
0
0
0
0
0
0
0
0
0
0
0
0
0
0
0
0
0
0
0
0
0
0
0
0
0
0
0
0
0
0
0
0
0
0
0
0
0
0
0
0
0
0
0
0
0
0
0
0
0
0
0
0
0
0
0
0
0
0
0
0
0
0
0
0
0
0
0
0
0
0
0
0
0
0
0
0
0
0
0
0
0
0
0
0
0
0
0
0
0
0
0
0
0
0
0
0
0
0
0
0
0
0
0
0
0
0
0
0
0
0
0
0
0
0
0
0
0
0
0
0
0
0
0
0
0
0
0
0
0
0
0
0
0
0
0
0
0
0
0
0
0
0
0
0
0
0
0
0
0
0
0
0
0
0
0
0
0
0
0
0
0
0
0
0
0
0
0
0
0
0
0
0
0
0
0
0
0
0
0
0
0
0
0
0
0
0
0
0
0
0
0
0
0
0
0
0
0
0
0
0
0
0
0
0
0
0
0
0
0
0
0
0
0
0
0
0
0
0
0
0
0
0
0
0
0
0
0
0
0
0
0
0
0
0
0
0
0
0
0
0
0
0
0
0
0
0
0
0
0
0
0
0
0
0
0
0
0
0
0
0
0
0
0
0
0
0
0
0
0
0
0
0
0
0
0
0
0
0
0
0
0
0
0
0
0
0
0
0
0
0
0
0
0
0
0
0
0
0
0
0
0
0
0
0
0
0
0
0
0
0
0
0
0
0
0
0
0
0
0
0
0
0
0
0
0
0
0
0
0
0
0
0
0
0
0
0
0
0
0
0
0
0
0
0
0
0
0
0
0
0
0
0
0
0
0
0
0
0
0
0
0
0
0
0
0
0
0
0
0
0
0
0
0
0
0
0
0
0
0
0
0
0
0
0
0
0
0
0
0
0
0
0
0
0
0
0
0
0
0
0
0
0
0
0
0
0
0
0
0
0
0
0
0
0
0
0
0
0
0
0
0
0
0
0
0
0
0
0
0
0
0
0
0
0
0
0
0
0
0
0
0
0
0
0
0
0
0
0
0
0
0
0
0
0
0
0
0
0
0
0
0
0
0
0
0
0
0
0
0
0
0
0
0
0
0
0
0
0
0
0
0
0
0
0
0
0
0
0
0
0
0
0
0
0
0
0
0
0
0
0
0
0
0
0
0
0
0
0
0
0
0
0
0
0
0
0
0
0
0
0
0
0
0
0
0
0
0
0
0
0
0
0
0
0
0
0
0
0
0
0
0
0
0
0
0
0
0
0
0
0
0
0
0
0
0
0
0
0
0
0
0
0
0
0
0
0
0
0
0
0
0
0
0
0
0
0
0
0
0
0
0
0
0
0
0
0
0
0
0
0
0
0
0
0
0
0
0
0
0
0
0
0
0
0
0
0
0
0
0
0
0
0
0
0
0
0
0
0
0
0
0
0
0
0
0
0
0
0
0
0
0
0
0
0
0
0
0
0
0
0
0
0
0
0
0
0
0
0
0
0
0
0
0
0
0
0
0
0
0
0
0
0
0
0
0
0
0
0
0
0
0
0
0
0
0
0
0
0
0
0
0
0
0
0
0
0
0
0
0
0
0
0
0
0
0
0
0
0
0
0
0
0
0
0
0
0
0
0
0
0
0
0
0
0
0
0
0
0
0
0
0
0
0
0
0
0
0
0
0
0
0
0
0
0
0
0
0
0
0
0
0
0
0
0
0
0
0
0
0
0
0
0
0
0
0
0
0
0
0
0
0
0
0
0
0
0
0
0
0
0
0
0
0
0
0
0
0
0
0
0
0
0
0
0
0
0
0
0
0
0
0
0
0
0
0
0
0
0
0
0
0
0
0
0
0
0
0
0
0
0
0
0
0
0
0
0
0
0
0
0
0
0
0
0
0
0
0
0
0
0
0
0
0
0
0
0
0
0
0
0
0
0
0
0
0
0
0
0
0
0
0
0
0
0
0
0
0
0
0
0
0
0
0
0
0
0
0
0
0
0
0
0
0
0
0
0
0
0
0
0
0
0
0
0
0
0
0
0
0
0
0
0
0
0
0
0
0
0
0
0
0
0
0
0
0
0
0
0
0
0
0
0
0
0
0
0
0
0
0
0
0
0
0
0
0
0
0
0
0
0
0
0
0
0
0
0
0
0
0
0
0
0
0
0
0
0
0
0
0
0
0
0
0
0
0
0
0
0
0
0
0
0
0
0
0
0
0
0
0
0
0
0
0
0
0
0
0
0
0
0
0
0
0
0
0
0
0
0
0
0
0
0
0
0
0
0
0
0
0
0
0
0
0
0
0
0
0
0
0
0
0
0
0
0
0
0
0
0
0
0
0
0
0
0
0
0
0
0
0
0
0
0
0
0
0
0
0
0
0
0
0
0
0
0
0
0
0
0
0
0
0
0
0
0
0
0
0
0
0
0
0
0
0
0
0
0
0
0
0
0
0
0
0
0
0
0
0
0
0
0
0
0
0
0
0
0
0
0
0
0
0
0
0
0
0
0
0
0
0
0
0
0
0
0
0
0
0
0
0
0
0
0
0
0
0
0
0
0
0
0
0
0
0
0
0
0
0
0
0
0
0
0
0
0
0
0
0
0
0
0
0
0
0
0
0
0
0
0
0
0
0
0
0
0
0
0
0
0
0
0
0
0
0
0
0
0
0
0
0
0
0
0
0
0
0
0
0
0
0
0
0
0
0
0
0
0
0
0
0
0
0
0
0
0
0
0
0
0
0
0
0
0
0
0
0
0
0
0
0
0
0
0
0
0
0
0
0
0
0
0
0
0
0
0
0
0
0
0
0
0
0
0
0
0
0
0
0
0
0
0
0
0
0
0
0
0
0
0
0
0
0
0
0
0
0
0
0
0
0
0
0
0
0
0
0
0
0
0
0
0
0
0
0
0
0
0
0
0
0
0
0
0
0
0
0
0
0
0
0
0
0
0
0
0
0
0
0
0
0
0
0
0
0
0
0
0
0
0
0
0
0
0
0
0
0
0
0
0
0
0
0
0
0
0
0
0
0
0
0
0
0
0
0
0
0
0
0
0
0
0
0
0
0
0
0
0
0
0
0
0
0
0
0
0
0
0
0
0
0
0
0
0
0
0
0
0
0
0
0
0
0
0
0
0
0
0
0
0
0
0
0
0
0
0
0
0
0
0
0
0
0
0
0
0
0
0
0
0
0
0
0
0
0
0
0
0
0
0
0
0
0
0
0
0
0
0
0
0
0
0
0
0
0
0
0
0
0
0
0
0
0
0
0
0
0
0
0
0
0
0
0
0
0
0
0
0
0
0
0
0
0
0
0
0
0
0
0
0
0
0
0
0
0
0
0
0
0
0
0
0
0
0
0
0
0
0
0
0
0
0
0
0
0
0
0
0
0
0
0
0
0
0
0
0
0
0
0
0
0
0
0
0
0
0
0
0
0
0
0
0
0
0
0
0
0
0
0
0
0
0
0
0
0
0
0
0
0
0
0
0
0
0
0
0
0
0
0
0
0
0
0
0
0
0
0
0
0
0
0
0
0
0
0
0
0
0
0
0
0
0
0
0
0
0
0
0
0
0
0
0
0
0
0
0
0
0
0
0
0
0
0
0
0
0
0
0
0
0
0
0
0
0
0
0
0
0
0
0
0
0
0
0
0
0
0
0
0
0
0
0
0
0
0
0
0
0
0
0
0
0
0
0
0
0
0
0
0
0
0
0
0
0
0
0
0
0
0
0
0
0
0
0
0
0
0
0
0
0
0
0
0
0
0
0
0
0
0
0
0
0
0
0
0
0
0
0
0
0
0
0
0
0
0
0
0
0
0
0
0
0
0
0
0
0
0
0
0
0
0
0
0
0
0
0
0
0
0
0
0
0
0
0
0
0
0
0
0
0
0
0
0
0
0
0
0
0
0
0
0
0
0
0
0
0
0
0
0
0
0
0
0
0
0
0
0
0
0
0
0
0
0
0
0
0
0
0
0
0
0
0
0
0
0
0
0
0
0
0
0
0
0
0
0
0
0
0
0
0
0
0
0
0
0
0
0
0
0
0
0
0
0
0
0
0
0
0
0
0
0
0
0
0
0
0
0
0
0
0
0
0
0
0
0
0
0
0
0
0
0
0
0
0
0
0
0
0
0
0
0
0
0
0
0
0
0
0
0
0
0
0
0
0
0
0
0
0
0
0
0
0
0
0
0
0
0
0
0
0
0
0
0
0
0
0
0
0
0
0
0
0
0
0
0
0
0
0
0
0
0
0
0
0
0
0
0
0
0
0
0
0
0
0
0
0
0
0
0
0
0
0
0
0
0
0
0
0
0
0
0
0
0
0
0
0
0
0
0
0
0
0
0
0
0
0
0
0
0
0
0
0
0
0
0
0
0
0
0
0
0
0
0
0
0
0
0
0
0
0
0
0
0
0
0
0
0
0
0
0
0
0
0
0
0
0
0
0
0
0
0
0
0
0
0
0
0
0
0
0
0
0
0
0
0
0
0
0
0
0
0
0
0
0
0
0
0
0
0
0
0
0
0
0
0
0
0
0
0
0
0
0
0
0
0
0
0
0
0
0
0
0
0
0
0
0
0
0
0
0
0
0
0
0
0
0
0
0
0
0
0
0
0
0
0
0
0
0
0
0
0
0
0
0
0
0
0
0
0
0
0
0
0
0
0
0
0
0
0
0
0
0
0
0
0
0
0
0
0
0
0
0
0
0
0
0
0
0
0
0
0
0
0
0
0
0
0
0
0
0
0
0
0
0
0
0
0
0
0
0
0
0
0
0
0
0
0
0
0
0
0
0
0
0
0
0
0
0
0
0
0
0
0
0
0
0
0
0
0
0
0
0
0
0
0
0
0
0
0
0
0
0
0
0
0
0
0
0
0
0
0
0
0
0
0
0
0
0
0
0
0
0
0
0
0
0
0
0
0
0
0
0
0
0
0
0
0
0
0
0
0
0
0
0
0
0
0
0
0
0
0
0
0
0
0
0
0
0
0
0
0
0
0
0
0
0
0
0
0
0
0
0
0
0
0
0
0
0
0
0
0
0
0
0
0
0
0
0
0
0
0
0
0
0
0
0
0
0
0
0
0
0
0
0
0
0
0
0
0
0
0
0
0
0
0
0
0
0
0
0
0
0
0
0
0
0
0
0
0
0
0
0
0
0
0
0
0
0
0
0
0
0
0
0
0
0
0
0
0
0
0
0
0
0
0
0
0
0
0
0
0
0
0
0
0
0
0
0
0
0
0
0
0
0
0
0
0
0
0
0
0
0
0
0
0
0
0
0
0
0
0
0
0
0
0
0
0
0
0
0
0
0
0
0
0
0
0
0
0
0
0
0
0
0
0
0
0
0
0
0
0
0
0
0
0
0
0
0
0
0
0
0
0
0
0
0
0
0
0
0
0
0
0
0
0
0
0
0
0
0
0
0
0
0
0
0
0
0
0
0
0
0
0
0
0
0
0
0
0
0
0
0
0
0
0
0
0
0
0
0
0
0
0
0
0
0
0
0
0
0
0
0
0
0
0
0
0
0
0
0
0
0
0
0
0
0
0
0
0
0
0
0
0
0
0
0
0
0
0
0
0
0
0
0
0
0
0
0
0
0
0
0
0
0
0
0
0
0
0
0
0
0
0
0
0
0
0
0
0
0
0
0
0
0
0
0
0
0
0
0
0
0
0
0
0
0
0
0
0
0
0
0
0
0
0
0
0
0
0
0
0
0
0
0
0
0
0
0
0
0
0
0
0
0
0
0
0
0
0
0
0
0
0
0
0
0
0
0
0
0
0
0
0
0
0
0
0
0
0
0
0
0
0
0
0
0
0
0
0
0
0
0
0
0
0
0
0
0
0
0
0
0
0
0
0
0
0
0
0
0
0
0
0
0
0
0
0
0
0
0
0
0
0
0
0
0
0
0
0
0
0
0
0
0
0
0
0
0
0
0
0
0
0
0
0
0
0
0
0
0
0
0
0
0
0
0
0
0
0
0
0
0
0
0
0
0
0
0
0
0
0
0
0
0
0
0
0
0
0
0
0
0
0
0
0
0
0
0
0
0
0
0
0
0
0
0
0
0
0
0
0
0
0
0
0
0
0
0
0
0
0
0
0
0
0
0
0
0
0
0
0
0
0
0
0
0
0
0
0
0
0
0
0
0
0
0
0
0
0
0
0
0
0
0
0
0
0
0
0
0
0
0
0
0
0
0
0
0
0
0
0
0
0
0
0
0
0
0
0
0
0
0
0
0
0
0
0
0
0
0
0
0
0
0
0
0
0
0
0
0
0
0
0
0
0
0
0
0
0
0
0
0
0
0
0
0
0
0
0
0
0
0
0
0
0
0
0
0
0
0
0
0
0
0
0
0
0
0
0
0
0
0
0
0
0
0
0
0
0
0
0
0
0
0
0
0
0
0
0
0
0
0
0
0
0
0
0
0
0
0
0
0
0
0
0
0
0
0
0
0
0
0
0
0
0
0
0
0
0
0
0
0
0
0
0
0
0
0
0
0
0
0
0
0
0
0
0
0
0
0
0
0
0
0
0
0
0
0
0
0
0
0
0
0
0
0
0
0
0
0
0
0
0
0
0
0
0
0
0
0
0
0
0
0
0
0
0
0
0
0
0
0
0
0
0
0
0
0
0
0
0
0
0
0
0
0
0
0
0
0
0
0
0
0
0
0
0
0
0
0
0
0
0
0
0
0
0
0
0
0
0
0
0
0
0
0
0
0
0
0
0
0
0
0
0
0
0
0
0
0
0
0
0
0
0
0
0
0
0
0
0
0
0
0
0
0
0
0
0
0
0
0
0
0
0
0
0
0
0
0
0
0
0
0
0
0
0
0
0
0
0
0
0
0
0
0
0
0
0
0
0
0
0
0
0
0
0
0
0
0
0
0
0
0
0
0
0
0
0
0
0
0
0
0
0
0
0
0
0
0
0
0
0
0
0
0
0
0
0
0
0
0
0
0
0
0
0
0
0
0
0
0
0
0
0
0
0
0
0
0
0
0
0
0
0
0
0
0
0
0
0
0
0
0
0
0
0
0
0
0
0
0
0
0
0
0
0
0
0
0
0
0
0
0
0
0
0
0
0
0
0
0
0
0
0
0
0
0
0
0
0
0
0
0
0
0
0
0
0
0
0
0
0
0
0
0
0
0
0
0
0
0
0
0
0
0
0
0
0
0
0
0
0
0
0
0
0
0
0
0
0
0
0
0
0
0
0
0
0
0
0
0
0
0
0
0
0
0
0
0
0
0
0
0
0
0
0
0
0
0
0
0
0
0
0
0
0
0
0
0
0
0
0
0
0
0
0
0
0
0
0
0
0
0
0
0
0
0
0
0
0
0
0
0
0
0
0
0
0
0
0
0
0
0
0
0
0
0
0
0
0
0
0
0
0
0
0
0
0
0
0
0
0
0
0
0
0
0
0
0
0
0
0
0
0
0
0
0
0
0
0
0
0
0
0
0
0
0
0
0
0
0
0
0
0
0
0
0
0
0
0
0
0
0
0
0
0
0
0
0
0
0
0
0
0
0
0
0
0
0
0
0
0
0
0
0
0
0
0
0
0
0
0
0
0
0
0
0
0
0
0
0
0
0
0
0
0
0
0
0
0
0
0
0
0
0
0
0
0
0
0
0
0
0
0
0
0
0
0
0
0
0
0
0
0
0
0
0
0
0
0
0
0
0
0
0
0
0
0
0
0
0
0
0
0
0
0
0
0
0
0
0
0
0
0
0
0
0
0
0
0
0
0
0
0
0
0
0
0
0
0
0
0
0
0
0
0
0
0
0
0
0
0
0
0
0
0
0
0
0
0
0
0
0
0
0
0
0
0
0
0
0
0
0
0
0
0
0
0
0
0
0
0
0
0
0
0
0
0
0
0
0
0
0
0
0
0
0
0
0
0
0
0
0
0
0
0
0
0
0
0
0
0
0
0
0
0
0
0
0
0
0
0
0
0
0
0
0
0
0
0
0
0
0
0
0
0
0
0
0
0
0
0
0
0
0
0
0
0
0
0
0
0
0
0
0
0
0
0
0
0
0
0
0
0
0
0
0
0
0
0
0
0
0
0
0
0
0
0
0
0
0
0
0
0
0
0
0
0
0
0
0
0
0
0
0
0
0
0
0
0
0
0
0
0
0
0
0
0
0
0
0
0
0
0
0
0
0
0
0
0
0
0
0
0
0
0
0
0
0
0
0
0
0
0
0
0
0
0
0
0
0
0
0
0
0
0
0
0
0
0
0
0
0
0
0
0
0
0
0
0
0
0
0
0
0
0
0
0
0
0
0
0
0
0
0
0
0
0
0
0
0
0
0
0
0
0
0
0
0
0
0
0
0
0
0
0
0
0
0
0
0
0
0
0
0
0
0
0
0
0
0
0
0
0
0
0
0
0
0
0
0
0
0
0
0
0
0
0
0
0
0
0
0
0
0
0
0
0
0
0
0
0
0
0
0
0
0
0
0
0
0
0
0
0
0
0
0
0
0
0
0
0
0
0
0
0
0
0
0
0
0
0
0
0
0
0
0
0
0
0
0
0
0
0
0
0
0
0
0
0
0
0
0
0
0
0
0
0
0
0
0
0
0
0
0
0
0
0
0
0
0
0
0
0
0
0
0
0
0
0
0
0
0
0
0
0
0
0
0
0
0
0
0
0
0
0
0
0
0
0
0
0
0
0
0
0
0
0
0
0
0
0
0
0
0
0
0
0
0
0
0
0
0
0
0
0
0
0
0
0
0
0
0
0
0
0
0
0
0
0
0
0
0
0
0
0
0
0
0
0
0
0
0
0
0
0
0
0
0
0
0
0
0
0
0
0
0
0
0
0
0
0
0
0
0
0
0
0
0
0
0
0
0
0
0
0
0
0
0
0
0
0
0
0
0
0
0
0
0
0
0
0
0
0
0
0
0
0
0
0
0
0
0
0
0
0
0
0
0
0
0
0
0
0
0
0
0
0
0
0
0
0
0
0
0
0
0
0
0
0
0
0
0
0
0
0
0
0
0
0
0
0
0
0
0
0
0
0
0
0
0
0
0
0
0
0
0
0
0
0
0
0
0
0
0
0
0
0
0
0
0
0
0
0
0
0
0
0
0
0
0
0
0
0
0
0
0
0
0
0
0
0
0
0
0
0
0
0
0
0
0
0
0
0
0
0
0
0
0
0
0
0
0
0
0
0
0
0
0
0
0
0
0
0
0
0
0
0
0
0
0
0
0
0
0
0
0
0
0
0
0
0
0
0
0
0
0
0
0
0
0
0
0
0
0
0
0
0
0
0
0
0
0
0
0
0
0
0
0
0
0
0
0
0
0
0
0
0
0
0
0
0
0
0
0
0
0
0
0
0
0
0
0
0
0
0
0
0
0
0
0
0
0
0
0
0
0
0
0
0
0
0
0
0
0
0
0
0
0
0
0
0
0
0
0
0
0
0
0
0
0
0
0
0
0
0
0
0
0
0
0
0
0
0
0
0
0
0
0
0
0
0
0
0
0
0
0
0
0
0
0
0
0
0
0
0
0
0
0
0
0
0
0
0
0
0
0
0
0
0
0
0
0
0
0
0
0
0
0
0
0
0
0
0
0
0
0
0
0
0
0
0
0
0
0
0
0
0
0
0
0
0
0
0
0
0
0
0
0
0
0
0
0
0
0
0
0
0
0
0
0
0
0
0
0
0
0
0
0
0
0
0
0
0
0
0
0
0
0
0
0
0
0
0
0
0
0
0
0
0
0
0
0
0
0
0
0
0
0
0
0
0
0
0
0
0
0
0
0
0
0
0
0
0
0
0
0
0
0
0
0
0
0
0
0
0
0
0
0
0
0
0
0
0
0
0
0
0
0
0
0
0
0
0
0
0
0
0
0
0
0
0
0
0
0
0
0
0
0
0
0
0
0
0
0
0
0
0
0
0
0
0
0
0
0
0
0
0
0
0
0
0
0
0
0
0
0
0
0
0
0
0
0
0
0
0
0
0
0
0
0
0
0
0
0
0
0
0
0
0
0
0
0
0
0
0
0
0
0
0
0
0
0
0
0
0
0
0
0
0
0
0
0
0
0
0
0
0
0
0
0
0
0
0
0
0
0
0
0
0
0
0
0
0
0
0
0
0
0
0
0
0
0
0
0
0
0
0
0
0
0
0
0
0
0
0
0
0
0
0
0
0
0
0
0
0
0
0
0
0
0
0
0
0
0
0
0
0
0
0
0
0
0
0
0
0
0
0
0
0
0
0
0
0
0
0
0
0
0
0
0
0
0
0
0
0
0
0
0
0
0
0
0
0
0
0
0
0
0
0
0
0
0
0
0
0
0
0
0
0
0
0
0
0
0
0
0
0
0
0
0
0
0
0
0
0
0
0
0
0
0
0
0
0
0
0
0
0
0
0
0
0
0
0
0
0
0
0
0
0
0
0
0
0
0
0
0
0
0
0
0
0
0
0
0
0
0
0
0
0
0
0
0
0
0
0
0
0
0
0
0
0
0
0
0
0
0
0
0
0
0
0
0
0
0
0
0
0
0
0
0
0
0
0
0
0
0
0
0
0
0
0
0
0
0
0
0
0
0
0
0
0
0
0
0
0
0
0
0
0
0
0
0
0
0
0
0
0
0
0
0
0
0
0
0
0
0
0
0
0
0
0
0
0
0
0
0
0
0
0
0
0
0
0
0
0
0
0
0
0
0
0
0
0
0
0
0
0
0
0
0
0
0
0
0
0
0
0
0
0
0
0
0
0
0
0
0
0
0
0
0
0
0
0
0
0
0
0
0
0
0
0
0
0
0
0
0
0
0
0
0
0
0
0
0
0
0
0
0
0
0
0
0
0
0
0
0
0
0
0
0
0
0
0
0
0
0
0
0
0
0
0
0
0
0
0
0
0
0
0
0
0
0
0
0
0
0
0
0
0
0
0
0
0
0
0
0
0
0
0
0
0
0
0
0
0
0
0
0
0
0
0
0
0
0
0
0
0
0
0
0
0
0
0
0
0
0
0
0
0
0
0
0
0
0
0
0
0
0
0
0
0
0
0
0
0
0
0
0
0
0
0
0
0
0
0
0
0
0
0
0
0
0
0
0
0
0
0
0
0
0
0
0
0
0
0
0
0
0
0
0
0
0
0
0
0
0
0
0
0
0
0
0
0
0
0
0
0
0
0
0
0
0
0
0
0
0
0
0
0
0
0
0
0
0
0
0
0
0
0
0
0
0
0
0
0
0
0
0
0
0
0
0
0
0
0
0
0
0
0
0
0
0
0
0
0
0
0
0
0
0
0
0
0
0
0
0
0
0
0
0
0
0
0
0
0
0
0
0
0
0
0
0
0
0
0
0
0
0
0
0
0
0
0
0
0
0
0
0
0
0
0
0
0
0
0
0
0
0
0
0
0
0
0
0
0
0
0
0
0
0
0
0
0
0
0
0
0
0
0
0
0
0
0
0
0
0
0
0
0
0
0
0
0
0
0
0
0
0
0
0
0
0
0
0
0
0
0
0
0
0
0
0
0
0
0
0
0
0
0
0
0
0
0
0
0
0
0
0
0
0
0
0
0
0
0
0
0
0
0
0
0
0
0
0
0
0
0
0
0
0
0
0
0
0
0
0
0
0
0
0
0
0
0
0
0
0
0
0
0
0
0
0
0
0
0
0
0
0
0
0
0
0
0
0
0
0
0
0
0
0
0
0
0
0
0
0
0
0
0
0
0
0
0
0
0
0
0
0
0
0
0
0
0
0
0
0
0
0
0
0
0
0
0
0
0
0
0
0
0
0
0
0
0
0
0
0
0
0
0
0
0
0
0
0
0
0
0
0
0
0
0
0
0
0
0
0
0
0
0
0
0
0
0
0
0
0
0
0
0
0
0
0
0
0
0
0
0
0
0
0
0
0
0
0
0
0
0
0
0
0
0
0
0
0
0
0
0
0
0
0
0
0
0
0
0
0
0
0
0
0
0
0
0
0
0
0
0
0
0
0
0
0
0
0
0
0
0
0
0
0
0
0
0
0
0
0
0
0
0
0
0
0
0
0
0
0
0
0
0
0
0
0
0
0
0
0
0
0
0
0
0
0
0
0
0
0
0
0
0
0
0
0
0
0
0
0
0
0
0
0
0
0
0
0
0
0
0
0
0
0
0
0
0
0
0
0
0
0
0
0
0
0
0
0
0
0
0
0
0
0
0
0
0
0
0
0
0
0
0
0
0
0
0
0
0
0
0
0
0
0
0
0
0
0
0
0
0
0
0
0
0
0
0
0
0
0
0
0
0
0
0
0
0
0
0
0
0
0
0
0
0
0
0
0
0
0
0
0
0
0
0
0
0
0
0
0
0
0
0
0
0
0
0
0
0
0
0
0
0
0
0
0
0
0
0
0
0
0
0
0
0
0
0
0
0
0
0
0
0
0
0
0
0
0
0
0
0
0
0
0
0
0
0
0
0
0
0
0
0
0
0
0
0
0
0
0
0
0
0
0
0
0
0
0
0
0
0
0
0
0
0
0
0
0
0
0
0
0
0
0
0
0
0
0
0
0
0
0
0
0
0
0
0
0
0
0
0
0
0
0
0
0
0
0
0
0
0
0
0
0
0
0
0
0
0
0
0
0
0
0
0
0
0
0
0
0
0
0
0
0
0
0
0
0
0
0
0
0
0
0
0
0
0
0
0
0
0
0
0
0
0
0
0
0
0
0
0
0
0
0
0
0
0
0
0
0
0
0
0
0
0
0
0
0
0
0
0
0
0
0
0
0
0
0
0
0
0
0
0
0
0
0
0
0
0
0
0
0
0
0
0
0
0
0
0
0
0
0
0
0
0
0
0
0
0
0
0
0
0
0
0
0
0
0
0
0
0
0
0
0
0
0
0
0
0
0
0
0
0
0
0
0
0
0
0
0
0
0
0
0
0
0
0
0
0
0
0
0
0
0
0
0
0
0
0
0
0
0
0
0
0
0
0
0
0
0
0
0
0
0
0
0
0
0
0
0
0
0
0
0
0
0
0
0
0
0
0
0
0
0
0
0
0
0
0
0
0
0
0
0
0
0
0
0
0
0
0
0
0
0
0
0
0
0
0
0
0
0
0
0
0
0
0
0
0
0
0
0
0
0
0
0
0
0
0
0
0
0
0
0
0
0
0
0
0
0
0
0
0
0
0
0
0
0
0
0
0
0
0
0
0
0
0
0
0
0
0
0
0
0
0
0
0
0
0
0
0
0
0
0
0
0
0
0
0
0
0
0
0
0
0
0
0
0
0
0
0
0
0
0
0
0
0
0
0
0
0
0
0
0
0
0
0
0
0
0
0
0
0
0
0
0
0
0
0
0
0
0
0
0
0
0
0
0
0
0
0
0
0
0
0
0
0
0
0
0
0
0
0
0
0
0
0
0
0
0
0
0
0
0
0
0
0
0
0
0
0
0
0
0
0
0
0
0
0
0
0
0
0
0
0
0
0
0
0
0
0
0
0
0
0
0
0
0
0
0
0
0
0
0
0
0
0
0
0
0
0
0
0
0
0
0
0
0
0
0
0
0
0
0
0
0
0
0
0
0
0
0
0
0
0
0
0
0
0
0
0
0
0
0
0
0
0
0
0
0
0
0
0
0
0
0
0
0
0
0
0
0
0
0
0
0
0
0
0
0
0
0
0
0
0
0
0
0
0
0
0
0
0
0
0
0
0
0
0
0
0
0
0
0
0
0
0
0
0
0
0
0
0
0
0
0
0
0
0
0
0
0
0
0
0
0
0
0
0
0
0
0
0
0
0
0
0
0
0
0
0
0
0
0
0
0
0
0
0
0
0
0
0
0
0
0
0
0
0
0
0
0
0
0
0
0
0
0
0
0
0
0
0
0
0
0
0
0
0
0
0
0
0
0
0
0
0
0
0
0
0
0
0
0
0
0
0
0
0
0
0
0
0
0
0
0
0
0
0
0
0
0
0
0
0
0
0
0
0
0
0
0
0
0
0
0
0
0
0
0
0
0
0
0
0
0
0
0
0
0
0
0
0
0
0
0
0
0
0
0
0
0
0
0
0
0
0
0
0
0
0
0
0
0
0
0
0
0
0
0
0
0
0
0
0
0
0
0
0
0
0
0
0
0
0
0
0
0
0
0
0
0
0
0
0
0
0
0
0
0
0
0
0
0
0
0
0
0
0
0
0
0
0
0
0
0
0
0
0
0
0
0
0
0
0
0
0
0
0
0
0
0
0
0
0
0
0
0
0
0
0
0
0
0
0
0
0
0
0
0
0
0
0
0
0
0
0
0
0
0
0
0
0
0
0
0
0
0
0
0
0
0
0
0
0
0
0
0
0
0
0
0
0
0
0
0
0
0
0
0
0
0
0
0
0
0
0
0
0
0
0
0
0
0
0
0
0
0
0
0
0
0
0
0
0
0
0
0
0
0
0
0
0
0
0
0
0
0
0
0
0
0
0
0
0
0
0
0
0
0
0
0
0
0
0
0
0
0
0
0
0
0
0
0
0
0
0
0
0
0
0
0
0
0
0
0
0
0
0
0
0
0
0
0
0
0
0
0
0
0
0
0
0
0
0
0
0
0
0
0
0
0
0
0
0
0
0
0
0
0
0
0
0
0
0
0
0
0
0
0
0
0
0
0
0
0
0
0
0
0
0
0
0
0
0
0
0
0
0
0
0
0
0
0
0
0
0
0
0
0
0
0
0
0
0
0
0
0
0
0
0
0
0
0
0
0
0
0
0
0
0
0
0
0
0
0
0
0
0
0
0
0
0
0
0
0
0
0
0
0
0
0
0
0
0
0
0
0
0
0
0
0
0
0
0
0
0
0
0
0
0
0
0
0
0
0
0
0
0
0
0
0
0
0
0
0
0
0
0
0
0
0
0
0
0
0
0
0
0
0
0
0
0
0
0
0
0
0
0
0
0
0
0
0
0
0
0
0
0
0
0
0
0
0
0
0
0
0
0
0
0
0
0
0
0
0
0
0
0
0
0
0
0
0
0
0
0
0
0
0
0
0
0
0
0
0
0
0
0
0
0
0
0
0
0
0
0
0
0
0
0
0
0
0
0
0
0
0
0
0
0
0
0
0
0
0
0
0
0
0
0
0
0
0
0
0
0
0
0
0
0
0
0
0
0
0
0
0
0
0
0
0
0
0
0
0
0
0
0
0
0
0
0
0
0
0
0
0
0
0
0
0
0
0
0
0
0
0
0
0
0
0
0
0
0
0
0
0
0
0
0
0
0
0
0
0
0
0
0
0
0
0
0
0
0
0
0
0
0
0
0
0
0
0
0
0
0
0
0
0
0
0
0
0
0
0
0
0
0
0
0
0
0
0
0
0
0
0
0
0
0
0
0
0
0
0
0
0
0
0
0
0
0
0
0
0
0
0
0
0
0
0
0
0
0
0
0
0
0
0
0
0
0
0
0
0
0
0
0
0
0
0
0
0
0
0
0
0
0
0
0
0
0
0
0
0
0
0
0
0
0
0
0
0
0
0
0
0
0
0
0
0
0
0
0
0
0
0
0
0
0
0
0
0
0
0
0
0
0
0
0
0
0
0
0
0
0
0
0
0
0
0
0
0
0
0
0
0
0
0
0
0
0
0
0
0
0
0
0
0
0
0
0
0
0
0
0
0
0
0
0
0
0
0
0
0
0
0
0
0
0
0
0
0
0
0
0
0
0
0
0
0
0
0
0
0
0
0
0
0
0
0
0
0
0
0
0
0
0
0
0
0
0
0
0
0
0
0
0
0
0
0
0
0
0
0
0
0
0
0
0
0
0
0
0
0
0
0
0
0
0
0
0
0
0
0
0
0
0
0
0
0
0
0
0
0
0
0
0
0
0
0
0
0
0
0
0
0
0
0
0
0
0
0
0
0
0
0
0
0
0
0
0
0
0
0
0
0
0
0
0
0
0
0
0
0
0
0
0
0
0
0
0
0
0
0
0
0
0
0
0
0
0
0
0
0
0
0
0
0
0
0
0
0
0
0
0
0
0
0
0
0
0
0
0
0
0
0
0
0
0
0
0
0
0
0
0
0
0
0
0
0
0
0
0
0
0
0
0
0
0
0
0
0
0
0
0
0
0
0
0
0
0
0
0
0
0
0
0
0
0
0
0
0
0
0
0
0
0
0
0
0
0
0
0
0
0
0
0
0
0
0
0
0
0
0
0
0
0
0
0
0
0
0
0
0
0
0
0
0
0
0
0
0
0
0
0
0
0
0
0
0
0
0
0
0
0
0
0
0
0
0
0
0
0
0
0
0
0
0
0
0
0
0
0
0
0
0
0
0
0
0
0
0
0
0
0
0
0
0
0
0
0
0
0
0
0
0
0
0
0
0
0
0
0
0
0
0
0
0
0
0
0
0
0
0
0
0
0
0
0
0
0
0
0
0
0
0
0
0
0
0
0
0
0
0
0
0
0
0
0
0
0
0
0
0
0
0
0
0
0
0
0
0
0
0
0
0
0
0
0
0
0
0
0
0
0
0
0
0
0
0
0
0
0
0
0
0
0
0
0
0
0
0
0
0
0
0
0
0
0
0
0
0
0
0
0
0
0
0
0
0
0
0
0
0
0
0
0
0
0
0
0
0
0
0
0
0
0
0
0
0
0
0
0
0
0
0
0
0
0
0
0
0
0
0
0
0
0
0
0
0
0
0
0
0
0
0
0
0
0
0
0
0
0
0
0
0
0
0
0
0
0
0
0
0
0
0
0
0
0
0
0
0
0
0
0
0
0
0
0
0
0
0
0
0
0
0
0
0
0
0
0
0
0
0
0
0
0
0
0
0
0
0
0
0
0
0
0
0
0
0
0
0
0
0
0
0
0
0
0
0
0
0
0
0
0
0
0
0
0
0
0
0
0
0
0
0
0
0
0
0
0
0
0
0
0
0
0
0
0
0
0
0
0
0
0
0
0
0
0
0
0
0
0
0
0
0
0
0
0
0
0
0
0
0
0
0
0
0
0
0
0
0
0
0
0
0
0
0
0
0
0
0
0
0
0
0
0
0
0
0
0
0
0
0
0
0
0
0
0
0
0
0
0
0
0
0
0
0
0
0
0
0
0
0
0
0
0
0
0
0
0
0
0
0
0
0
0
0
0
0
0
0
0
0
0
0
0
0
0
0
0
0
0
0
0
0
0
0
0
0
0
0
0
0
0
0
0
0
0
0
0
0
0
0
0
0
0
0
0
0
0
0
0
0
0
0
0
0
0
0
0
0
0
0
0
0
0
0
0
0
0
0
0
0
0
0
0
0
0
0
0
0
0
0
0
0
0
0
0
0
0
0
0
0
0
0
0
0
0
0
0
0
0
0
0
0
0
0
0
0
0
0
0
0
0
0
0
0
0
0
0
0
0
0
0
0
0
0
0
0
0
0
0
0
0
0
0
0
0
0
0
0
0
0
0
0
0
0
0
0
0
0
0
0
0
0
0
0
0
0
0
0
0
0
0
0
0
0
0
0
0
0
0
0
0
0
0
0
0
0
0
0
0
0
0
0
0
0
0
0
0
0
0
0
0
0
0
0
0
0
0
0
0
0
0
0
0
0
0
0
0
0
0
0
0
0
0
0
0
0
0
0
0
0
0
0
0
0
0
0
0
0
0
0
0
0
0
0
0
0
0
0
0
0
0
0
0
0
0
0
0
0
0
0
0
0
0
0
0
0
0
0
0
0
0
0
0
0
0
0
0
0
0
0
0
0
0
0
0
0
0
0
0
0
0
0
0
0
0
0
0
0
0
0
0
0
0
0
0
0
0
0
0
0
0
0
0
0
0
0
0
0
0
0
0
0
0
0
0
0
0
0
0
0
0
0
0
0
0
0
0
0
0
0
0
0
0
0
0
0
0
0
0
0
0
0
0
0
0
0
0
0
0
0
0
0
0
0
0
0
0
0
0
0
0
0
0
0
0
0
0
0
0
0
0
0
0
0
0
0
0
0
0
0
0
0
0
0
0
0
0
0
0
0
0
0
0
0
0
0
0
0
0
0
0
0
0
0
0
0
0
0
0
0
0
0
0
0
0
0
0
0
0
0
0
0
0
0
0
0
0
0
0
0
0
0
0
0
0
0
0
0
0
0
0
0
0
0
0
0
0
0
0
0
0
0
0
0
0
0
0
0
0
0
0
0
0
0
0
0
0
0
0
0
0
0
0
0
0
0
0
0
0
0
0
0
0
0
0
0
0
0
0
0
0
0
0
0
0
0
0
0
0
0
0
0
0
0
0
0
0
0
0
0
0
0
0
0
0
0
0
0
0
0
0
0
0
0
0
0
0
0
0
0
0
0
0
0
0
0
0
0
0
0
0
0
0
0
0
0
0
0
0
0
0
0
0
0
0
0
0
0
0
0
0
0
0
0
0
0
0
0
0
0
0
0
0
0
0
0
0
0
0
0
0
0
0
0
0
0
0
0
0
0
0
0
0
0
0
0
0
0
0
0
0
0
0
0
0
0
0
0
0
0
0
0
0
0
0
0
0
0
0
0
0
0
0
0
0
0
0
0
0
0
0
0
0
0
0
0
0
0
0
0
0
0
0
0
0
0
0
0
0
0
0
0
0
0
0
0
0
0
0
0
0
0
0
0
0
0
0
0
0
0
0
0
0
0
0
0
0
0
0
0
0
0
0
0
0
0
0
0
0
0
0
0
0
0
0
0
0
0
0
0
0
0
0
0
0
0
0
0
0
0
0
