-113
311
-2197
-1921
356
-2037
-2138
-152
748
-2346
-1600
-374
-2122
-2428
-69
388
-170
423
-935
-2131
-2242
-2100
-12792
-143
447
-1862
-1830
-1782
-2125
-14021
154
493
-229
-90
-2635
-264
-1106
-2102
-1942
-273
215
-3197
-483
-729
-2506
-1664
43
453
60
444
-1538
-2502
-499
-1832
-15089
-65
-75
-2540
-1723
-1314
-1881
-15773
177
384
-235
-622
-2387
-67
1131
-1481
-1914
-355
-105
-4168
-924
1425
-3323
-2319
-38
116
288
-144
-1557
-2425
-3198
-1800
-17795
52
-937
-3501
-2575
-4076
-2487
-13293
261
-816
4
414
-2154
-2877
4036
-1681
-2257
-82
748
-3753
-4374
2925
-3204
-944
-81
-38
135
549
-2355
-2675
-4000
-2146
-22870
63
1561
-3772
-2189
-4083
-2463
-19604
-56
852
112
3073
-4529
-5919
5522
-6087
-5564
190
4565
-5033
-6833
1681
-6147
-3054
205
1958
-292
1394
-8232
-4714
-3435
-5634
-16843
-199
2069
-8330
-5121
-2804
-6343
-13214
-137
1872
51
3241
-3454
-4603
-271
-4102
-3899
15
2536
-3895
-4110
-2485
-5640
-3737
-48
375
-160
256
-5311
-2787
202
-3945
-24495
-202
-1646
-6276
-4545
-303
-5687
-18471
17
-1195
-118
991
-4062
-3289
-4051
-2490
-3574
-198
541
-4121
-2772
-4459
-3790
-1191
-322
-207
71
-488
-2319
-3456
1440
-3470
-21115
-23
-1018
-2936
-4100
-1202
-3498
-21403
223
301
-23
1233
-3832
-2376
-1078
-3946
-4136
-28
1557
-4077
-2021
-3273
-4573
-1301
-18
1080
-100
-1488
-2620
-3961
-2415
-4184
-13894
-285
-867
-3485
-4590
-3503
-3815
-16459
7
-537
11
-78
-1499
-2484
316
-2261
-2292
66
-513
-1974
-2472
-2252
-2908
-1082
-2
-269
-340
269
-464
-2610
-2269
-2201
-14278
-163
141
-2374
-2169
-2330
-2256
-13504
24
106
-176
410
-3499
-1027
-493
-3381
-2956
-77
54
-4763
-1570
-4203
-3958
-428
-30
267
-171
433
-115
-4525
-3522
-2935
-16180
-218
17
-2528
-3189
-3731
-3274
-15471
50
297
-314
541
-3850
1694
-1473
-2473
-2909
-184
1057
-5599
514
-4228
-4250
-276
-67
794
50
11
-1382
-4766
-3377
-2712
-18486
-38
-658
-4264
-3496
-5531
-4031
-16136
73
-1021
-17
195
-2765
-1681
1934
-1881
-2452
0
261
-4033
-3216
-767
-3718
-407
-49
232
157
1644
-2133
-4224
-3308
-2329
-24940
4
2106
-4069
-2201
-4441
-2833
-23627
97
165
77
-267
-13143
-11535
10614
-12878
-13378
481
-736
-6214
-6771
3564
-5062
-6015
315
-514
-577
2500
-13407
-12157
-13005
-13571
17504
80
2947
-8135
-6408
-5318
-6074
-16103
21
1487
256
759
-9487
-8946
7033
-8153
-9554
453
-176
-5727
-5599
3091
-4567
-4474
153
-262
-392
-1698
-10616
-6046
-9875
-9507
4831
86
-3938
-8332
-4112
-5245
-5242
-13462
65
-2072
155
759
-3349
-3319
5
-772
-3169
155
-278
-5810
-4153
-1481
-4861
-1378
-151
74
-105
-899
-3462
-6
-4622
-2884
31924
83
-1793
-5051
-4688
-7430
-4727
-25476
217
-718
124
-369
-3936
-3547
-1865
-4572
-4864
132
-590
-4183
-3668
-3591
-4941
-38
173
-1183
-361
-1613
-2457
-1288
-4736
-4709
-14847
-239
-1072
-3712
-4786
-5993
-4443
-16974
-10
-934
153
494
-1564
-3169
-611
-3193
-2820
134
194
-1595
-2465
-3091
-3048
-1640
9
553
-319
275
-3
-2655
-2332
-2779
-13915
-109
89
-1635
-1954
-2580
-2546
-15695
63
63
-16
1179
-3677
-2506
-2118
-3311
-3155
27
447
-4159
-2112
-4433
-3334
-685
-54
316
-34
700
503
-4432
-2128
-3138
-15826
-2
-150
-2129
-2929
-2516
-2695
-18070
244
205
-137
457
-4670
-698
-5396
-4212
-4234
-95
456
-6032
-1961
-6674
-5004
516
-66
235
70
-24
-2576
-6121
835
-4113
-12450
23
233
-5372
-4633
-2947
-5408
-12325
71
-123
-118
129
-2042
-922
-1901
-2913
-2830
-105
-236
-3148
-2269
-4054
-4077
-471
-184
-11
92
-603
-3602
-4483
1020
-2744
-15696
25
-1388
-6377
-2746
-1059
-3730
-14112
275
-1450
287
-1941
-4536
-4849
4232
-5085
-4658
205
-2279
-5090
-4714
281
-5370
-3247
32
-1504
-223
1498
-6270
-3578
-4817
-4796
-20336
-136
1583
-5896
-5545
-2958
-4584
-17920
22
173
504
369
-7000
-5879
2478
-5821
-6324
347
-264
-6563
-4799
-781
-5701
-2849
172
204
-288
1056
-7353
-682
-6821
-6257
-13772
-196
364
-6762
-6068
-4600
-6042
-12798
-173
455
524
1602
-4539
-4643
-2084
25
-4036
363
1121
-5343
-4962
-2212
-3532
-618
5
861
-118
-985
-3522
1724
-5158
-3730
-28077
-57
-668
-5526
-5329
-5532
-5520
-22884
-22
-433
361
-638
-4206
-2725
-3660
-1859
-4028
330
-828
-2800
-1918
-3276
-2347
1497
40
-869
-369
-1972
-2910
-123
-2817
-3822
-23084
-260
-1584
-4232
-3442
-3989
-2970
-30976
0
-841
223
-124
-1728
-2242
-990
-2936
-2496
122
-721
-1962
-1644
-2978
-2763
-1580
52
-284
-271
579
411
-2197
-2124
-2401
-13019
-66
556
-1446
-1543
-2295
-2194
-14397
62
616
43
-823
-2345
-1419
-2010
-2926
-2532
-44
-598
-4099
-1926
-4451
-3555
97
-57
-575
47
85
122
-3135
-1446
-2343
-16913
149
-732
-2859
-3123
-2278
-2360
-15799
333
-405
25
-1150
-3166
-954
-3909
-4083
-3433
31
-767
-5199
-1950
-5789
-4714
2434
63
-1376
41
114
-2529
-4301
731
-3250
-17732
81
746
-5324
-4487
-2623
-4535
-18294
114
175
-21
-617
-2309
-650
-3212
-3166
-2732
-43
-139
-4254
-2586
-5371
-4521
1459
-114
-1009
31
-164
-3219
-3845
2094
-2483
-18868
-55
-536
-6363
-4020
-1059
-3983
-15632
100
-991
181
-554
-2773
-2604
-4178
-3917
-3434
-38
-504
-3008
-3030
-4492
-4092
948
-23
-1079
-92
205
-3870
-4197
2687
-3389
-15300
-190
436
-5978
-4410
-669
-3286
-17641
-34
98
318
476
-4785
-7044
-2418
-5586
-5143
306
1872
-4259
-6006
-5138
-4796
-666
167
1181
-357
3574
-6028
-3031
1271
-5135
-19934
-134
4513
-5136
-5639
-1248
-5271
-20787
-151
2695
187
3307
-7699
-9363
-5330
-7023
-8099
327
5023
-4626
-7443
-5411
-3769
-674
230
2784
-363
-1235
-8487
-6684
4889
-8244
-6601
68
-1389
-6985
-4777
1705
-5534
-20712
204
-650
279
941
-5071
-4484
-5439
-2999
-5000
290
1203
-4774
-3499
-5514
-4118
212
61
999
-446
-2963
-3845
-4980
2145
-4994
-22762
-252
-2928
-4545
-5093
-2945
-4158
-26778
24
-1376
237
-304
-1765
-1347
-1901
-2191
-2164
88
-540
-2623
-1359
-3496
-3070
-1739
47
-68
-271
469
1064
-1700
-2423
-2035
-14930
-1
738
-1347
-2221
-2634
-2482
-13091
44
623
99
-532
-2746
-846
-3074
-3095
-2680
-3
-1
-3833
-1226
-4303
-3327
-749
-63
104
45
-25
789
-2514
-1935
-2370
-16451
173
-858
-2235
-2945
-2111
-1807
-17432
376
-620
115
-287
-3495
864
-4181
-4012
-3403
178
-86
-4845
164
-4810
-4158
1934
37
-352
18
288
-2423
-4035
-780
-3408
-15584
139
699
-5528
-4141
-3720
-3565
-19604
145
-127
75
196
-2958
1790
-4618
-3239
-2789
188
305
-5542
-351
-5584
-5486
2039
13
-607
-71
-141
-3458
-3679
860
-2733
-19864
-5
231
-7165
-5402
-3872
-4644
-15534
-9
-928
100
-26
-3007
-1002
-4895
-3618
-3748
125
-251
-3702
-2867
-4023
-4494
748
-39
-312
-45
-443
-3146
-4552
1376
-3572
-16115
-84
568
-5972
-4911
-2207
-3973
-17481
77
-447
-49
-1138
-6205
-6579
-5016
-5930
-5579
235
-1135
-4838
-5288
-3572
-4228
-1919
41
-899
-264
3202
-7786
-6412
6940
-5511
-12790
39
5532
-6867
-5083
2928
-4165
-20693
42
3358
54
-1556
-13748
-13229
-11463
-12903
-13433
336
-1588
-6761
-7736
-7299
-4904
-5025
303
-804
-560
-912
-12809
-14736
12015
-13285
16701
102
-1668
-7339
-6482
7555
-6067
-17114
74
-864
176
-424
-4835
-4094
-4895
-2070
-4276
255
-1402
-5086
-2595
-3719
-4152
-1928
190
46
-446
-3994
-5031
-5400
4794
-4080
-24660
-134
-4137
-5179
-5148
-1165
-3353
-24458
2
-1994
143
-626
-1667
-1210
-1596
-2118
-2003
77
173
-2516
-1652
-3175
-3353
-2359
40
63
-270
262
312
-1045
-2345
-1891
-17206
-65
679
-1195
-2581
-3220
-2372
-13350
-82
617
-44
-1022
-3218
-258
-2316
-3099
-2716
-52
351
-5033
-1168
-3815
-4410
-1586
-56
653
109
660
1139
-1912
-3787
-2386
-18879
214
-512
-2584
-3905
-4908
-2065
-14955
372
-361
37
-1566
-3351
387
-3137
-3385
-2873
96
-1194
-4506
-472
-3191
-3960
887
-30
-869
174
181
-1031
-2666
-1979
-2786
-17392
187
-152
-4063
-3901
-5051
-2079
-19135
128
-829
34
-1423
-2708
884
-3037
-2016
-2336
31
-1337
-4557
-1184
-2861
-4289
866
131
-1514
188
-241
-2282
-2706
-286
-1997
-23119
71
-67
-4268
-4155
-4768
-3026
-20864
3
-612
-1
-973
-1489
-1325
-1362
-1456
-2242
53
-165
-2366
-2726
-1115
-3167
-2107
-101
-640
-36
-1505
-2297
-2055
-303
-1895
-20388
143
697
-2384
-3276
-1439
-2662
-20917
111
-185
-70
-907
-2685
-4325
-255
-3210
-3320
36
-442
-3379
-5699
-242
-4012
-3378
-202
-296
-114
547
-4386
-3029
1530
-3072
-16015
82
657
-4704
-3497
1238
-3792
-14281
256
269
-84
-1730
-4882
-4827
-1476
-4559
-3909
-56
-3780
-4930
-5016
-2474
-4321
-3690
-59
-1801
-115
-259
-3347
-3964
2989
-3734
-24895
-103
-858
-3346
-4475
3407
-3024
-23171
-22
-119
183
-1309
-3250
-1560
-2089
-1705
-2420
-55
-1788
-3857
-1611
-1640
-2872
-1665
112
-430
-99
-1290
-1664
-2432
624
-2264
-22674
-243
-761
-2537
-3649
-981
-2526
-21526
-292
-206
-32
-534
-919
-2137
-662
-2081
-1873
17
-258
-1352
-2430
-2693
-3045
-2182
-33
159
-232
208
38
-1138
-2101
-1888
-16807
-132
475
-851
-2323
-3361
-1613
-13991
-36
260
-297
-618
-2396
-381
-1819
-2357
-2530
-166
-674
-4360
-1294
-3732
-4257
-2891
-140
-569
121
357
76
-1944
-3251
-2350
-19056
145
-400
-1934
-3526
-5918
-1354
-13143
283
187
-322
-569
-3048
-240
-2967
-2879
-2911
-143
-407
-4527
9
-2947
-4191
-1765
-47
-178
255
152
-1550
-2247
-1241
-2752
-19540
245
-568
-3790
-4175
-5458
-1392
-17961
203
-1020
-250
-338
-2725
-583
-1438
-1826
-2070
-162
173
-5225
-1073
-321
-4359
-821
232
194
266
-421
-1608
-2356
-17
-1912
-25464
130
-486
-3940
-3954
-4967
-2185
-20896
113
-562
-327
1281
-1947
-3655
2590
-2074
-2265
-322
1575
-3672
-4219
-201
-4057
-2752
-56
423
134
412
-2535
-2614
-1623
-2259
-25749
238
895
-3261
-3746
-1121
-2655
-21322
282
512
-485
5569
-6846
-8611
8354
-6485
-6395
-268
4322
-5680
-7902
454
-5693
-7802
33
3068
-70
3841
-6127
-5529
-7526
-6526
-22240
423
2591
-4402
-5987
101
-5243
-25557
640
2652
-425
4742
-7888
-7289
8071
-7574
-6509
-150
3622
-9159
-8890
451
-7842
-7757
71
2586
-109
-1750
-5088
-6766
-6884
-6516
-19432
306
-2072
-4881
-7414
-1517
-6626
-12727
460
-1638
-210
884
-5300
-2511
4272
-4286
-4074
-255
1008
-6862
-3630
983
-4912
-3297
-124
540
-69
-2952
-2638
-3471
-6531
-4030
-26889
22
-1692
-3229
-4923
-5039
-4238
-25230
123
-1442
-249
-572
-626
-2747
-689
-1493
-2120
-259
-831
-705
-3181
-2528
-2574
-1904
-129
-472
-86
285
-987
-1665
-2247
-2142
-15785
-80
480
-693
-2073
-3625
-2591
-15766
124
26
-607
-525
-1048
-1514
-1744
-635
-1833
-453
-1130
-1305
-2249
-2454
-1965
-2314
-237
-425
163
-30
-177
-1763
-2601
-1841
-15474
138
49
-212
-1713
-3815
-1946
-16036
369
311
-707
-612
-1522
-189
-2517
-977
-1757
-380
-992
-2113
-328
-2421
-1914
-1354
-137
-605
171
-273
-1112
-1785
-805
-1602
-14846
122
-240
-1682
-1840
-3221
-1589
-15957
275
-217
-638
-424
-2023
-1428
68
-1139
-1336
-362
-568
-4043
-2092
-435
-3208
-1936
-79
-797
115
-233
-593
-1843
-597
-1142
-21132
-13
49
-1486
-2784
-3422
-2103
-15272
126
34
-352
-732
-3270
-4241
4786
-2937
-2670
-395
-676
-4543
-4583
1636
-3995
-2789
-246
-1173
141
3355
-2952
-3190
-3784
-2545
-27714
163
3059
-3016
-3637
-4085
-2767
-24936
199
2508
-447
-1399
-9065
-11367
9313
-8910
-8626
-189
-1391
-6617
-10146
3065
-5973
-6548
64
-1033
-6
3505
-7973
-8790
-8870
-8898
1236
603
3088
-5348
-7136
-2987
-5983
-10725
633
2142
-501
-2039
-9961
-10260
8727
-8838
-9025
-229
-1715
-6954
-8543
2844
-5413
-7222
82
-1037
-73
-4618
-7971
-9213
-8581
-8980
-2584
609
-4179
-4880
-6251
-3358
-5133
-17312
861
-4067
-332
-1585
-4950
-4300
5009
-4530
-4840
-182
-1592
-5228
-3853
2080
-3914
-3363
-39
-732
-225
-4430
-4071
-3708
-6040
-4635
-19048
-46
-3037
-3107
-3856
-5210
-3402
-23692
397
-1865
0
0
0
0
0
0
0
0
0
0
0
-1955
-2000
-323
-1542
-1669
0
0
0
0
0
0
0
0
0
0
0
635
-1639
-1753
-1676
-12908
0
0
0
0
0
0
0
0
0
0
0
-1885
-724
-155
-703
-1306
0
0
0
0
0
0
0
0
0
0
0
-599
-1797
-377
-1234
-15640
0
0
0
0
0
0
0
0
0
0
0
-1833
-928
1078
-195
-1360
0
0
0
0
0
0
0
0
0
0
0
-631
-1963
-2672
-1318
-17942
0
0
0
0
0
0
0
0
0
0
0
-2741
-3025
3769
-961
-2405
0
0
0
0
0
0
0
0
0
0
0
-2139
-3127
-4017
-2594
-18703
0
0
0
0
0
0
0
0
0
0
0
-3513
-3954
4804
-3101
-3788
0
0
0
0
0
0
0
0
0
0
0
-5244
-3470
-4084
-3687
-23125
0
0
0
0
0
0
0
0
0
0
0
-2780
-4032
-1242
-2323
-4026
0
0
0
0
0
0
0
0
0
0
0
-4689
-2524
-2417
-3857
-20827
0
0
0
0
0
0
0
0
0
0
0
-3726
-4351
-4211
-145
-3894
0
0
0
0
0
0
0
0
0
0
0
-3082
-3329
-984
-3791
-15894
0
0
0
0
0
0
0
0
0
0
0
-3935
-2625
-1085
-1180
-3122
0
0
0
0
0
0
0
0
0
0
0
-1287
-2940
-2389
-2972
-15799
0
0
0
0
0
0
0
0
0
0
0
-2363
-2291
-1007
-1711
-2002
0
0
0
0
0
0
0
0
0
0
0
1709
-2182
-1749
-1877
-13097
0
0
0
0
0
0
0
0
0
0
0
-1998
-1158
-183
-1297
-1779
0
0
0
0
0
0
0
0
0
0
0
607
-3437
-1348
-1707
-19295
0
0
0
0
0
0
0
0
0
0
0
-1636
445
-986
-1097
-1903
0
0
0
0
0
0
0
0
0
0
0
-994
-3767
-1526
-1836
-19854
0
0
0
0
0
0
0
0
0
0
0
-3653
-2456
1873
-1361
-3087
0
0
0
0
0
0
0
0
0
0
0
-2238
-4670
-2934
-3305
-18888
0
0
0
0
0
0
0
0
0
0
0
-9021
-7447
8529
-8226
-8269
0
0
0
0
0
0
0
0
0
0
0
-8016
-9623
-8796
-8234
-7950
0
0
0
0
0
0
0
0
0
0
0
-6686
-5695
5270
-4695
-6434
0
0
0
0
0
0
0
0
0
0
0
-7452
-4906
-8711
-6114
-12253
0
0
0
0
0
0
0
0
0
0
0
-4212
-4393
-1356
741
-4695
0
0
0
0
0
0
0
0
0
0
0
-5798
-558
-8027
-4558
-23870
0
0
0
0
0
0
0
0
0
0
0
-4138
-3551
-2621
-2156
-3860
0
0
0
0
0
0
0
0
0
0
0
-2225
-383
-5145
-3695
-15914
0
0
0
0
0
0
0
0
0
0
0
-2634
-2611
-1536
-2012
-2138
0
0
0
0
0
0
0
0
0
0
0
2359
-2077
-1854
-1956
-15154
0
0
0
0
0
0
0
0
0
0
0
-3978
-3352
-2355
-1705
-3277
0
0
0
0
0
0
0
0
0
0
0
539
-4859
-735
-3216
-13339
0
0
0
0
0
0
0
0
0
0
0
-3411
-1440
-3935
-1757
-3190
0
0
0
0
0
0
0
0
0
0
0
-2054
-5427
1924
-2984
-14755
0
0
0
0
0
0
0
0
0
0
0
-2623
-1589
-2187
-2313
-2765
0
0
0
0
0
0
0
0
0
0
0
-2868
-4749
2361
-2585
-13410
0
0
0
0
0
0
0
0
0
0
0
-3372
-4141
2635
-2188
-3713
0
0
0
0
0
0
0
0
0
0
0
-4720
-2867
-4483
-3574
-23900
0
0
0
0
0
0
0
0
0
0
0
-4584
-5162
482
-3401
-5287
0
0
0
0
0
0
0
0
0
0
0
-7448
1386
-8835
-5038
-16977
0
0
0
0
0
0
0
0
0
0
0
-4676
-4613
-4196
-82
-5631
0
0
0
0
0
0
0
0
0
0
0
-6486
1358
-9845
-5549
-18923
0
0
0
0
0
0
0
0
0
0
0
-3839
-3463
-5439
-1055
-4654
0
0
0
0
0
0
0
0
0
0
0
-3870
-741
-5040
-4719
-17040
0
0
0
0
0
0
0
0
0
0
0
-2540
-2225
-1743
-1893
-1918
0
0
0
0
0
0
0
0
0
0
0
2262
-1435
-1967
-1780
-13955
0
0
0
0
0
0
0
0
0
0
0
-4006
-2556
-1598
-2136
-2850
0
0
0
0
0
0
0
0
0
0
0
451
-3315
-864
-2615
-12671
0
0
0
0
0
0
0
0
0
0
0
-2995
-1321
-2405
-1476
-2616
0
0
0
0
0
0
0
0
0
0
0
-1729
-3658
947
-2268
-19436
0
0
0
0
0
0
0
0
0
0
0
-3137
-1703
-3012
-2776
-2974
0
0
0
0
0
0
0
0
0
0
0
-2906
-4496
3238
-2697
-14334
0
0
0
0
0
0
0
0
0
0
0
-3426
-2322
-3141
-2828
-3121
0
0
0
0
0
0
0
0
0
0
0
-2813
-4164
2636
-3155
-13997
0
0
0
0
0
0
0
0
0
0
0
-4421
-5716
-2491
-3700
-5103
0
0
0
0
0
0
0
0
0
0
0
-6173
-2315
-955
-5166
-18146
0
0
0
0
0
0
0
0
0
0
0
-4876
-5590
-3447
-3852
-6010
0
0
0
0
0
0
0
0
0
0
0
-6860
-4952
-18
-5795
-15854
0
0
0
0
0
0
0
0
0
0
0
-4014
-4052
-4343
-990
-4469
0
0
0
0
0
0
0
0
0
0
0
-3531
-4221
-699
-4473
-20285
0
0
0
0
0
0
0
0
0
0
0
-2708
-1790
-2604
-1943
-2070
0
0
0
0
0
0
0
0
0
0
0
2371
-1284
-2277
-1931
-13192
0
0
0
0
0
0
0
0
0
0
0
-4086
-1695
-2273
-2979
-2783
0
0
0
0
0
0
0
0
0
0
0
1269
-2463
-1274
-2550
-13105
0
0
0
0
0
0
0
0
0
0
0
-3486
-43
-2375
-1655
-2533
0
0
0
0
0
0
0
0
0
0
0
-1355
-3368
-151
-2335
-17804
0
0
0
0
0
0
0
0
0
0
0
-3901
4
-4258
-2387
-3211
0
0
0
0
0
0
0
0
0
0
0
-2720
-5036
2706
-3033
-13921
0
0
0
0
0
0
0
0
0
0
0
-4189
-1777
-4527
-4042
-3809
0
0
0
0
0
0
0
0
0
0
0
-2199
-5598
3334
-3776
-11808
0
0
0
0
0
0
0
0
0
0
0
-5510
-5722
-2625
-6253
-5373
0
0
0
0
0
0
0
0
0
0
0
-6719
-5710
5071
-5500
-12888
0
0
0
0
0
0
0
0
0
0
0
-8426
-7736
-5436
-8994
-7962
0
0
0
0
0
0
0
0
0
0
0
-8154
-10091
7529
-7557
-7800
0
0
0
0
0
0
0
0
0
0
0
-4526
-4312
-3438
-6
-4085
0
0
0
0
0
0
0
0
0
0
0
-4622
-4058
538
-3877
-21017
0
0
0
0
0
0
0
0
0
0
0
-2633
-1476
-2105
-2038
-2034
0
0
0
0
0
0
0
0
0
0
0
1644
-1024
-2290
-1922
-14313
0
0
0
0
0
0
0
0
0
0
0
-3977
-1080
-1312
-2973
-2674
0
0
0
0
0
0
0
0
0
0
0
1288
-2449
-2488
-2554
-15970
0
0
0
0
0
0
0
0
0
0
0
-4087
-464
-1935
-1859
-2797
0
0
0
0
0
0
0
0
0
0
0
-618
-3164
-1582
-2744
-15940
0
0
0
0
0
0
0
0
0
0
0
-4164
-832
-2979
-758
-3136
0
0
0
0
0
0
0
0
0
0
0
-2536
-4326
30
-3031
-15600
0
0
0
0
0
0
0
0
0
0
0
-3319
-1799
-1113
-1861
-2360
0
0
0
0
0
0
0
0
0
0
0
-2046
-2575
738
-2271
-16989
0
0
0
0
0
0
0
0
0
0
0
-2367
-3084
1546
-4095
-3171
0
0
0
0
0
0
0
0
0
0
0
-4377
-2912
-14
-3025
-14890
0
0
0
0
0
0
0
0
0
0
0
-1243
-3297
358
-4271
-3264
0
0
0
0
0
0
0
0
0
0
0
-3541
-3285
-360
-2812
-24153
0
0
0
0
0
0
0
0
0
0
0
-1438
-1418
-691
-1569
-1775
0
0
0
0
0
0
0
0
0
0
0
-1553
-482
-1745
-1544
-21981
0
0
0
0
0
0
0
0
0
0
0
-1970
-1723
-918
-1558
-1869
0
0
0
0
0
0
0
0
0
0
0
1646
-1399
-2662
-1671
-13986
0
0
0
0
0
0
0
0
0
0
0
-2937
-835
-666
-855
-2074
0
0
0
0
0
0
0
0
0
0
0
422
-2483
-2709
-1934
-18074
0
0
0
0
0
0
0
0
0
0
0
-3595
-1258
-2050
-1470
-2900
0
0
0
0
0
0
0
0
0
0
0
-741
-2932
-687
-2567
-17723
0
0
0
0
0
0
0
0
0
0
0
-3031
-1417
-212
-364
-2267
0
0
0
0
0
0
0
0
0
0
0
-1362
-2829
-515
-1957
-22585
0
0
0
0
0
0
0
0
0
0
0
-2539
-3183
3071
-1957
-2532
0
0
0
0
0
0
0
0
0
0
0
-2360
-2158
-2696
-2247
-22803
0
0
0
0
0
0
0
0
0
0
0
-5778
-8065
7886
-8155
-7924
0
0
0
0
0
0
0
0
0
0
0
-7967
-5659
-10142
-7787
-13357
0
0
0
0
0
0
0
0
0
0
0
-5475
-7133
8358
-10167
-8099
0
0
0
0
0
0
0
0
0
0
0
-7168
-6795
-9360
-7806
-8406
0
0
0
0
0
0
0
0
0
0
0
-2379
-1967
3618
-3844
-2803
0
0
0
0
0
0
0
0
0
0
0
-1682
-1719
-5990
-2781
-29967
0
0
0
0
0
0
0
0
0
0
0
-2018
-1777
-629
-1085
-1790
0
0
0
0
0
0
0
0
0
0
0
794
-1223
-2865
-1738
-14899
0
0
0
0
0
0
0
0
0
0
0
-2218
-1080
-1212
-571
-1765
0
0
0
0
0
0
0
0
0
0
0
155
-1735
-2386
-1675
-14178
0
0
0
0
0
0
0
0
0
0
0
-2173
-509
-1827
-1065
-1730
0
0
0
0
0
0
0
0
0
0
0
-441
-1508
-227
-1323
-13555
0
0
0
0
0
0
0
0
0
0
0
-2054
-1940
385
-1572
-1799
0
0
0
0
0
0
0
0
0
0
0
-853
-1500
-1190
-1592
-16128
0
0
0
0
0
0
0
0
0
0
0
-3871
-3952
4629
-3389
-3356
0
0
0
0
0
0
0
0
0
0
0
-3000
-2160
-4411
-3199
-23275
0
0
0
0
0
0
0
0
0
0
0
-10973
-11006
9329
-11799
-10643
0
0
0
0
0
0
0
0
0
0
0
-8551
-9104
-10325
-10625
10485
0
0
0
0
0
0
0
0
0
0
0
-9913
-10653
7729
-11661
-10555
0
0
0
0
0
0
0
0
0
0
0
-8391
-10065
-8902
-10496
4911
0
0
0
0
0
0
0
0
0
0
0
-3061
-3265
3546
-2022
-2768
0
0
0
0
0
0
0
0
0
0
0
-2210
-2651
-4919
-2476
-28531
0
0
0
0
0
0
0
0
0
0
0
0
0
0
0
0
0
0
0
0
0
0
0
0
0
0
0
0
0
0
0
0
0
0
0
0
0
0
0
0
0
0
0
0
0
0
0
0
0
0
0
0
0
0
0
0
0
0
0
0
0
0
0
0
0
0
0
0
0
0
0
0
0
0
0
0
0
0
0
0
0
0
0
0
0
0
0
0
0
0
0
0
0
0
0
0
0
0
0
0
0
0
0
0
0
0
0
0
0
0
0
0
0
0
0
0
0
0
0
0
0
0
0
0
0
0
0
0
0
0
0
0
0
0
0
0
0
0
0
0
0
0
0
0
0
0
0
0
0
0
0
0
0
0
0
0
0
0
0
0
0
0
0
0
0
0
0
0
0
0
0
0
0
0
0
0
0
0
0
0
0
0
0
0
0
0
0
0
0
0
0
0
0
0
0
0
0
0
0
0
0
0
0
0
0
0
0
0
0
0
0
0
0
0
0
0
0
0
0
0
0
0
0
0
0
0
0
0
0
0
0
0
0
0
0
0
0
0
0
0
0
0
0
0
0
0
0
0
0
0
0
0
0
0
0
0
0
0
0
0
0
0
0
0
0
0
0
0
0
0
0
0
0
0
0
0
0
0
0
0
0
0
0
0
0
0
0
0
0
0
0
0
0
0
0
0
0
0
0
0
0
0
0
0
0
0
0
0
0
0
0
0
0
0
0
0
0
0
0
0
0
0
0
0
0
0
0
0
0
0
0
0
0
0
0
0
0
0
0
0
0
0
0
0
0
0
0
0
0
0
0
0
0
0
0
0
0
0
0
0
0
0
0
0
0
0
0
0
0
0
0
0
0
0
0
0
0
0
0
0
0
0
0
0
0
0
0
0
0
0
0
0
0
0
0
0
0
0
0
0
0
0
0
0
0
0
0
0
0
0
0
0
0
0
0
0
0
0
0
0
0
0
0
0
0
0
0
0
0
0
0
0
0
0
0
0
0
0
0
0
0
0
0
0
0
0
0
0
0
0
0
0
0
0
0
0
0
0
0
0
0
0
0
0
0
0
0
0
0
0
0
0
0
0
0
0
0
0
0
0
0
0
0
0
0
0
0
0
0
0
0
0
0
0
0
0
0
0
0
0
0
0
0
0
0
0
0
0
0
0
0
0
0
0
0
0
0
0
0
0
0
0
0
0
0
0
0
0
0
0
0
0
0
0
0
0
0
0
0
0
0
0
0
0
0
0
0
0
0
0
0
0
0
0
0
0
0
0
0
0
0
0
0
0
0
0
0
0
0
0
0
0
0
0
0
0
0
0
0
0
0
0
0
0
0
0
0
0
0
0
0
0
0
0
0
0
0
0
0
0
0
0
0
0
0
0
0
0
0
0
0
0
0
0
0
0
0
0
0
0
0
0
0
0
0
0
0
0
0
0
0
0
0
0
0
0
0
0
0
0
0
0
0
0
0
0
0
0
0
0
0
0
0
0
0
0
0
0
0
0
0
0
0
0
0
0
0
0
0
0
0
0
0
0
0
0
0
0
0
0
0
0
0
0
0
0
0
0
0
0
0
0
0
0
0
0
0
0
0
0
0
0
0
0
0
0
0
0
0
0
0
0
0
0
0
0
0
0
0
0
0
0
0
0
0
0
0
0
0
0
0
0
0
0
0
0
0
0
0
0
0
0
0
0
0
0
0
0
0
0
0
0
0
0
0
0
0
0
0
0
0
0
0
0
0
0
0
0
0
0
0
0
0
0
0
0
0
0
0
0
0
0
0
0
0
0
0
0
0
0
0
0
0
0
0
0
0
0
0
0
0
0
0
0
0
0
0
0
0
0
0
0
0
0
0
0
0
0
0
0
0
0
0
0
0
0
0
0
0
0
0
0
0
0
0
0
0
0
0
0
0
0
0
0
0
0
0
0
0
0
0
0
0
0
0
0
0
0
0
0
0
0
0
0
0
0
0
0
0
0
0
0
0
0
0
0
0
0
0
0
0
0
0
0
0
0
0
0
0
0
0
0
0
0
0
0
0
0
0
0
0
0
0
0
0
0
0
0
0
0
0
0
0
0
0
0
0
0
0
0
0
0
0
0
0
0
0
0
0
0
0
0
0
0
0
0
0
0
0
0
0
0
0
0
0
0
0
0
0
0
0
0
0
0
0
0
0
0
0
0
0
0
0
0
0
0
0
0
0
0
0
0
0
0
0
0
0
0
0
0
0
0
0
0
0
0
0
0
0
0
0
0
0
0
0
0
0
0
0
0
0
0
0
0
0
0
0
0
0
0
0
0
0
0
0
0
0
0
0
0
0
0
0
0
0
0
0
0
0
0
0
0
0
0
0
0
0
0
0
0
0
0
0
0
0
0
0
0
0
0
0
0
0
0
0
0
0
0
0
0
0
0
0
0
0
0
0
0
0
0
0
0
0
0
0
0
0
0
0
0
0
0
0
0
0
0
0
0
0
0
0
0
0
0
0
0
0
0
0
0
0
0
0
0
0
0
0
0
0
0
0
0
0
0
0
0
0
0
0
0
0
0
0
0
0
0
0
0
0
0
0
0
0
0
0
0
0
0
0
0
0
0
0
0
0
0
0
0
0
0
0
0
0
0
0
0
0
0
0
0
0
0
0
0
0
0
0
0
0
0
0
0
0
0
0
0
0
0
0
0
0
0
0
0
0
0
0
0
0
0
0
0
0
0
0
0
0
0
0
0
0
0
0
0
0
0
0
0
0
0
0
0
0
0
0
0
0
0
0
0
0
0
0
0
0
0
0
0
0
0
0
0
0
0
0
0
0
0
0
0
0
0
0
0
0
0
0
0
0
0
0
0
0
0
0
0
0
0
0
0
0
0
0
0
0
0
0
0
0
0
0
0
0
0
0
0
0
0
0
0
0
0
0
0
0
0
0
0
0
0
0
0
0
0
0
0
0
0
0
0
0
0
0
0
0
0
0
0
0
0
0
0
0
0
0
0
0
0
0
0
0
0
0
0
0
0
0
0
0
0
0
0
0
0
0
0
0
0
0
0
0
0
0
0
0
0
0
0
0
0
0
0
0
0
0
0
0
0
0
0
0
0
0
0
0
0
0
0
0
0
0
0
0
0
0
0
0
0
0
0
0
0
0
0
0
0
0
0
0
0
0
0
0
0
0
0
0
0
0
0
0
0
0
0
0
0
0
0
0
0
0
0
0
0
0
0
0
0
0
0
0
0
0
0
0
0
0
0
0
0
0
0
0
0
0
0
0
0
0
0
0
0
0
0
0
0
0
0
0
0
0
0
0
0
0
0
0
0
0
0
0
0
0
0
0
0
0
0
0
0
0
0
0
0
0
0
0
0
0
0
0
0
0
0
0
0
0
0
0
0
0
0
0
0
0
0
0
0
0
0
0
0
0
0
0
0
0
0
0
0
0
0
0
0
0
0
0
0
0
0
0
0
0
0
0
0
0
0
0
0
0
0
0
0
0
0
0
0
0
0
0
0
0
0
0
0
0
0
0
0
0
0
0
0
0
0
0
0
0
0
0
0
0
0
0
0
0
0
0
0
0
0
0
0
0
0
0
0
0
0
0
0
0
0
0
0
0
0
0
0
0
0
0
0
0
0
0
0
0
0
0
0
0
0
0
0
0
0
0
0
0
0
0
0
0
0
0
0
0
0
0
0
0
0
0
0
0
0
0
0
0
0
0
0
0
0
0
0
0
0
0
0
0
0
0
0
0
0
0
0
0
0
0
0
0
0
0
0
0
0
0
0
0
0
0
0
0
0
0
0
0
0
0
0
0
0
0
0
0
0
0
0
0
0
0
0
0
0
0
0
0
0
0
0
0
0
0
0
0
0
0
0
0
0
0
0
0
0
0
0
0
0
0
0
0
0
0
0
0
0
0
0
0
0
0
0
0
0
0
0
0
0
0
0
0
0
0
0
0
0
0
0
0
0
0
0
0
0
0
0
0
0
0
0
0
0
0
0
0
0
0
0
0
0
0
0
0
0
0
0
0
0
0
0
0
0
0
0
0
0
0
0
0
0
0
0
0
0
0
0
0
0
0
0
0
0
0
0
0
0
0
0
0
0
0
0
0
0
0
0
0
0
0
0
0
0
0
0
0
0
0
0
0
0
0
0
0
0
0
0
0
0
0
0
0
0
0
0
0
0
0
0
0
0
0
0
0
0
0
0
0
0
0
0
0
0
0
0
0
0
0
0
0
0
0
0
0
0
0
0
0
0
0
0
0
0
0
0
0
0
0
0
0
0
0
0
0
0
0
0
0
0
0
0
0
0
0
0
0
0
0
0
0
0
0
0
0
0
0
0
0
0
0
0
0
0
0
0
0
0
0
0
0
0
0
0
0
0
0
0
0
0
0
0
0
0
0
0
0
0
0
0
0
0
0
0
0
0
0
0
0
0
0
0
0
0
0
0
0
0
0
0
0
0
0
0
0
0
0
0
0
0
0
0
0
0
0
0
0
0
0
0
0
0
0
0
0
0
0
0
0
0
0
0
0
0
0
0
0
0
0
0
0
0
0
0
0
0
0
0
0
0
0
0
0
0
0
0
0
0
0
0
0
0
0
0
0
0
0
0
0
0
0
0
0
0
0
0
0
0
0
0
0
0
0
0
0
0
0
0
0
0
0
0
0
0
0
0
0
0
0
0
0
0
0
0
0
0
0
0
0
0
0
0
0
0
0
0
0
0
0
0
0
0
0
0
0
0
0
0
0
0
0
0
0
0
0
0
0
0
0
0
0
0
0
0
0
0
0
0
0
0
0
0
0
0
0
0
0
0
0
0
0
0
0
0
0
0
0
0
0
0
0
0
0
0
0
0
0
0
0
0
0
0
0
0
0
0
0
0
0
0
0
0
0
0
0
0
0
0
0
0
0
0
0
0
0
0
0
0
0
0
0
0
0
0
0
0
0
0
0
0
0
0
0
0
0
0
0
0
0
0
0
0
0
0
0
0
0
0
0
0
0
0
0
0
0
0
0
0
0
0
0
0
0
0
0
0
0
0
0
0
0
0
0
0
0
0
0
0
0
0
0
0
0
0
0
0
0
0
0
0
0
0
0
0
0
0
0
0
0
0
0
0
0
0
0
0
0
0
0
0
0
0
0
0
0
0
0
0
0
0
0
0
0
0
0
0
0
0
0
0
0
0
0
0
0
0
0
0
0
0
0
0
0
0
0
0
0
0
0
0
0
0
0
0
0
0
0
0
0
0
0
0
0
0
0
0
0
0
0
0
0
0
0
0
0
0
0
0
0
0
0
0
0
0
0
0
0
0
0
0
0
0
0
0
0
0
0
0
0
0
0
0
0
0
0
0
0
0
0
0
0
0
0
0
0
0
0
0
0
0
0
0
0
0
0
0
0
0
0
0
0
0
0
0
0
0
0
0
0
0
0
0
0
0
0
0
0
0
0
0
0
0
0
0
0
0
0
0
0
0
0
0
0
0
0
0
0
0
0
0
0
0
0
0
0
0
0
0
0
0
0
0
0
0
0
0
0
0
0
0
0
0
0
0
0
0
0
0
0
0
0
0
0
0
0
0
0
0
0
0
0
0
0
0
0
0
0
0
0
0
0
0
0
0
0
0
0
0
0
0
0
0
0
0
0
0
0
0
0
0
0
0
0
0
0
0
0
0
0
0
0
0
0
0
0
0
0
0
0
0
0
0
0
0
0
0
0
0
0
0
0
0
0
0
0
0
0
0
0
0
0
0
0
0
0
0
0
0
0
0
0
0
0
0
0
0
0
0
0
0
0
0
0
0
0
0
0
0
0
0
0
0
0
0
0
0
0
0
0
0
0
0
0
0
0
0
0
0
0
0
0
0
0
0
0
0
0
0
0
0
0
0
0
0
0
0
0
0
0
0
0
0
0
0
0
0
0
0
0
0
0
0
0
0
0
0
0
0
0
0
0
0
0
0
0
0
0
0
0
0
0
0
0
0
0
0
0
0
0
0
0
0
0
0
0
0
0
0
0
0
0
0
0
0
0
0
0
0
0
0
0
0
0
0
0
0
0
0
0
0
0
0
0
0
0
0
0
0
0
0
0
0
0
0
0
0
0
0
0
0
0
0
0
0
0
0
0
0
0
0
0
0
0
0
0
0
0
0
0
0
0
0
0
0
0
0
0
0
0
0
0
0
0
0
0
0
0
0
0
0
0
0
0
0
0
0
0
0
0
0
0
0
0
0
0
0
0
0
0
0
0
0
0
0
0
0
0
0
0
0
0
0
0
0
0
0
0
0
0
0
0
0
0
0
0
0
0
0
0
0
0
0
0
0
0
0
0
0
0
0
0
0
0
0
0
0
0
0
0
0
0
0
0
0
0
0
0
0
0
0
0
0
0
0
0
0
0
0
0
0
0
0
0
0
0
0
0
0
0
0
0
0
0
0
0
0
0
0
0
0
0
0
0
0
0
0
0
0
0
0
0
0
0
0
0
0
0
0
0
0
0
0
0
0
0
0
0
0
0
0
0
0
0
0
0
0
0
0
0
0
0
0
0
0
0
0
0
0
0
0
0
0
0
0
0
0
0
0
0
0
0
0
0
0
0
0
0
0
0
0
0
0
0
0
0
0
0
0
0
0
0
0
0
0
0
0
0
0
0
0
0
0
0
0
0
0
0
0
0
0
0
0
0
0
0
0
0
0
0
0
0
0
0
0
0
0
0
0
0
0
0
0
0
0
0
0
0
0
0
0
0
0
0
0
0
0
0
0
0
0
0
0
0
0
0
0
0
0
0
0
0
0
0
0
0
0
0
0
0
0
0
0
0
0
0
0
0
0
0
0
0
0
0
0
0
0
0
0
0
0
0
0
0
0
0
0
0
0
0
0
0
0
0
0
0
0
0
0
0
0
0
0
0
0
0
0
0
0
0
0
0
0
0
0
0
0
0
0
0
0
0
0
0
0
0
0
0
0
0
0
0
0
0
0
0
0
0
0
0
0
0
0
0
0
0
0
0
0
0
0
0
0
0
0
0
0
0
0
0
0
0
0
0
0
0
0
0
0
0
0
0
0
0
0
0
0
0
0
0
0
0
0
0
0
0
0
0
0
0
0
0
0
0
0
0
0
0
0
0
0
0
0
0
0
0
0
0
0
0
0
0
0
0
0
0
0
0
0
0
0
0
0
0
0
0
0
0
0
0
0
0
0
0
0
0
0
0
0
0
0
0
0
0
0
0
0
0
0
0
0
0
0
0
0
0
0
0
0
0
0
0
0
0
0
0
0
0
0
0
0
0
0
0
0
0
0
0
0
0
0
0
0
0
0
0
0
0
0
0
0
0
0
0
0
0
0
0
0
0
0
0
0
0
0
0
0
0
0
0
0
0
0
0
0
0
0
0
0
0
0
0
0
0
0
0
0
0
0
0
0
0
0
0
0
0
0
0
0
0
0
0
0
0
0
0
0
0
0
0
0
0
0
0
0
0
0
0
0
0
0
0
0
0
0
0
0
0
0
0
0
0
0
0
0
0
0
0
0
0
0
0
0
0
0
0
0
0
0
0
0
0
0
0
0
0
0
0
0
0
0
0
0
0
0
0
0
0
0
0
0
0
0
0
0
0
0
0
0
0
0
0
0
0
0
0
0
0
0
0
0
0
0
0
0
0
0
0
0
0
0
0
0
0
0
0
0
0
0
0
0
0
0
0
0
0
0
0
0
0
0
0
0
0
0
0
0
0
0
0
0
0
0
0
0
0
0
0
0
0
0
0
0
0
0
0
0
0
0
0
0
0
0
0
0
0
0
0
0
0
0
0
0
0
0
0
0
0
0
0
0
0
0
0
0
0
0
0
0
0
0
0
0
0
0
0
0
0
0
0
0
0
0
0
0
0
0
0
0
0
0
0
0
0
0
0
0
0
0
0
0
0
0
0
0
0
0
0
0
0
0
0
0
0
0
0
0
0
0
0
0
0
0
0
0
0
0
0
0
0
0
0
0
0
0
0
0
0
0
0
0
0
0
0
0
0
0
0
0
0
0
0
0
0
0
0
0
0
0
0
0
0
0
0
0
0
0
0
0
0
0
0
0
0
0
0
0
0
0
0
0
0
0
0
0
0
0
0
0
0
0
0
0
0
0
0
0
0
0
0
0
0
0
0
0
0
0
0
0
0
0
0
0
0
0
0
0
0
0
0
0
0
0
0
0
0
0
0
0
0
0
0
0
0
0
0
0
0
0
0
0
0
0
0
0
0
0
0
0
0
0
0
0
0
0
0
0
0
0
0
0
0
0
0
0
0
0
0
0
0
0
0
0
0
0
0
0
0
0
0
0
0
0
0
0
0
0
0
0
0
0
0
0
0
0
0
0
0
0
0
0
0
0
0
0
0
0
0
0
0
0
0
0
0
0
0
0
0
0
0
0
0
0
0
0
0
0
0
0
0
0
0
0
0
0
0
0
0
0
0
0
0
0
0
0
0
0
0
0
0
0
0
0
0
0
0
0
0
0
0
0
0
0
0
0
0
0
0
0
0
0
0
0
0
0
0
0
0
0
0
0
0
0
0
0
0
0
0
0
0
0
0
0
0
0
0
0
0
0
0
0
0
0
0
0
0
0
0
0
0
0
0
0
0
0
0
0
0
0
0
0
0
0
0
0
0
0
0
0
0
0
0
0
0
0
0
0
0
0
0
0
0
0
0
0
0
0
0
0
0
0
0
0
0
0
0
0
0
0
0
0
0
0
0
0
0
0
0
0
0
0
0
0
0
0
0
0
0
0
0
0
0
0
0
0
0
0
0
0
0
0
0
0
0
0
0
0
0
0
0
0
0
0
0
0
0
0
0
0
0
0
0
0
0
0
0
0
0
0
0
0
0
0
0
0
0
0
0
0
0
0
0
0
0
0
0
0
0
0
0
0
0
0
0
0
0
0
0
0
0
0
0
0
0
0
0
0
0
0
0
0
0
0
0
0
0
0
0
0
0
0
0
0
0
0
0
0
0
0
0
0
0
0
0
0
0
0
0
0
0
0
0
0
0
0
0
0
0
0
0
0
0
0
0
0
0
0
0
0
0
0
0
0
0
0
0
0
0
0
0
0
0
0
0
0
0
0
0
0
0
0
0
0
0
0
0
0
0
0
0
0
0
0
0
0
0
0
0
0
0
0
0
0
0
0
0
0
0
0
0
0
0
0
0
0
0
0
0
0
0
0
0
0
0
0
0
0
0
0
0
0
0
0
0
0
0
0
0
0
0
0
0
0
0
0
0
0
0
0
0
0
0
0
0
0
0
0
0
0
0
0
0
0
0
0
0
0
0
0
0
0
0
0
0
0
0
0
0
0
0
0
0
0
0
0
0
0
0
0
0
0
0
0
0
0
0
0
0
0
0
0
0
0
0
0
0
0
0
0
0
0
0
0
0
0
0
0
0
0
0
0
0
0
0
0
0
0
0
0
0
0
0
0
0
0
0
0
0
0
0
0
0
0
0
0
0
0
0
0
0
0
0
0
0
0
0
0
0
0
0
0
0
0
0
0
0
0
0
0
0
0
0
0
0
0
0
0
0
0
0
0
0
0
0
0
0
0
0
0
0
0
0
0
0
0
0
0
0
0
0
0
0
0
0
0
0
0
0
0
0
0
0
0
0
0
0
0
0
0
0
0
0
0
0
0
0
0
0
0
0
0
0
0
0
0
0
0
0
0
0
0
0
0
0
0
0
0
0
0
0
0
0
0
0
0
0
0
0
0
0
0
0
0
0
0
0
0
0
0
0
0
0
0
0
0
0
0
0
0
0
0
0
0
0
0
0
0
0
0
0
0
0
0
0
0
0
0
0
0
0
0
0
0
0
0
0
0
0
0
0
0
0
0
0
0
0
0
0
0
0
0
0
0
0
0
0
0
0
0
0
0
0
0
0
0
0
0
0
0
0
0
0
0
0
0
0
0
0
0
0
0
0
0
0
0
0
0
0
0
0
0
0
0
0
0
0
0
0
0
0
0
0
0
0
0
0
0
0
0
0
0
0
0
0
0
0
0
0
0
0
0
0
0
0
0
0
0
0
0
0
0
0
0
0
0
0
0
0
0
0
0
0
0
0
0
0
0
0
0
0
0
0
0
0
0
0
0
0
0
0
0
0
0
0
0
0
0
0
0
0
0
0
0
0
0
0
0
0
0
0
0
0
0
0
0
0
0
0
0
0
0
0
0
0
0
0
0
0
0
0
0
0
0
0
0
0
0
0
0
0
0
0
0
0
0
0
0
0
0
0
0
0
0
0
0
0
0
0
0
0
0
0
0
0
0
0
0
0
0
0
0
0
0
0
0
0
0
0
0
0
0
0
0
0
0
0
0
0
0
0
0
0
0
0
0
0
0
0
0
0
0
0
0
0
0
0
0
0
0
0
0
0
0
0
0
0
0
0
0
0
0
0
0
0
0
0
0
0
0
0
0
0
0
0
0
0
0
0
0
0
0
0
0
0
0
0
0
0
0
0
0
0
0
0
0
0
0
0
0
0
0
0
0
0
0
0
0
0
0
0
0
0
0
0
0
0
0
0
0
0
0
0
0
0
0
0
0
0
0
0
0
0
0
0
0
0
0
0
0
0
0
0
0
0
0
0
0
0
0
0
0
0
0
0
0
0
0
0
0
0
0
0
0
0
0
0
0
0
0
0
0
0
0
0
0
0
0
0
0
0
0
0
0
0
0
0
0
0
0
0
0
0
0
0
0
0
0
0
0
0
0
0
0
0
0
0
0
0
0
0
0
0
0
0
0
0
0
0
0
0
0
0
0
0
0
0
0
0
0
0
0
0
0
0
0
0
0
0
0
0
0
0
0
0
0
0
0
0
0
0
0
0
0
0
0
0
0
0
0
0
0
0
0
0
0
0
0
0
0
0
0
0
0
0
0
0
0
0
0
0
0
0
0
0
0
0
0
0
0
0
0
0
0
0
0
0
0
0
0
0
0
0
0
0
0
0
0
0
0
0
0
0
0
0
0
0
0
0
0
0
0
0
0
0
0
0
0
0
0
0
0
0
0
0
0
0
0
0
0
0
0
0
0
0
0
0
0
0
0
0
0
0
0
0
0
0
0
0
0
0
0
0
0
0
0
0
0
0
0
0
0
0
0
0
0
0
0
0
0
0
0
0
0
0
0
0
0
0
0
0
0
0
0
0
0
0
0
0
0
0
0
0
0
0
0
0
0
0
0
0
0
0
0
0
0
0
0
0
0
0
0
0
0
0
0
0
0
0
0
0
0
0
0
0
0
0
0
0
0
0
0
0
0
0
0
0
0
0
0
0
0
0
0
0
0
0
0
0
0
0
0
0
0
0
0
0
0
0
0
0
0
0
0
0
0
0
0
0
0
0
0
0
0
0
0
0
0
0
0
0
0
0
0
0
0
0
0
0
0
0
0
0
0
0
0
0
0
0
0
0
0
0
0
0
0
0
0
0
0
0
0
0
0
0
0
0
0
0
0
0
0
0
0
0
0
0
0
0
0
0
0
0
0
0
0
0
0
0
0
0
0
0
0
0
0
0
0
0
0
0
0
0
0
0
0
0
0
0
0
0
0
0
0
0
0
0
0
0
0
0
0
0
0
0
0
0
0
0
0
0
0
0
0
0
0
0
0
0
0
0
0
0
0
0
0
0
0
0
0
0
0
0
0
0
0
0
0
0
0
0
0
0
0
0
0
0
0
0
0
0
0
0
0
0
0
0
0
0
0
0
0
0
0
0
0
0
0
0
0
0
0
0
0
0
0
0
0
0
0
0
0
0
0
0
0
0
0
0
0
0
0
0
0
0
0
0
0
0
0
0
0
0
0
0
0
0
0
0
0
0
0
0
0
0
0
0
0
0
0
0
0
0
0
0
0
0
0
0
0
0
0
0
0
0
0
0
0
0
0
0
0
0
0
0
0
0
0
0
0
0
0
0
0
0
0
0
0
0
0
0
0
0
0
0
0
0
0
0
0
0
0
0
0
0
0
0
0
0
0
0
0
0
0
0
0
0
0
0
0
0
0
0
0
0
0
0
0
0
0
0
0
0
0
0
0
0
0
0
0
0
0
0
0
0
0
0
0
0
0
0
0
0
0
0
0
0
0
0
0
0
0
0
0
0
0
0
0
0
0
0
0
0
0
0
0
0
0
0
0
0
0
0
0
0
0
0
0
0
0
0
0
0
0
0
0
0
0
0
0
0
0
0
0
0
0
0
0
0
0
0
0
0
0
0
0
0
0
0
0
0
0
0
0
0
0
0
0
0
0
0
0
0
0
0
0
0
0
0
0
0
0
0
0
0
0
0
0
0
0
0
0
0
0
0
0
0
0
0
0
0
0
0
0
0
0
0
0
0
0
0
0
0
0
0
0
0
0
0
0
0
0
0
0
0
0
0
0
0
0
0
0
0
0
0
0
0
0
0
0
0
0
0
0
0
0
0
0
0
0
0
0
0
0
0
0
0
0
0
0
0
0
0
0
0
0
0
0
0
0
0
0
0
0
0
0
0
0
0
0
0
0
0
0
0
0
0
0
0
0
0
0
0
0
0
0
0
0
0
0
0
0
0
0
0
0
0
0
0
0
0
0
0
0
0
0
0
0
0
0
0
0
0
0
0
0
0
0
0
0
0
0
0
0
0
0
0
0
0
0
0
0
0
0
0
0
0
0
0
0
0
0
0
0
0
0
0
0
0
0
0
0
0
0
0
0
0
0
0
0
0
0
0
0
0
0
0
0
0
0
0
0
0
0
0
0
0
0
0
0
0
0
0
0
0
0
0
0
0
0
0
0
0
0
0
0
0
0
0
0
0
0
0
0
0
0
0
0
0
0
0
0
0
0
0
0
0
0
0
0
0
0
0
0
0
0
0
0
0
0
0
0
0
0
0
0
0
0
0
0
0
0
0
0
0
0
0
0
0
0
0
0
0
0
0
0
0
0
0
0
0
0
0
0
0
0
0
0
0
0
0
0
0
0
0
0
0
0
0
0
0
0
0
0
0
0
0
0
0
0
0
0
0
0
0
0
0
0
0
0
0
0
0
0
0
0
0
0
0
0
0
0
0
0
0
0
0
0
0
0
0
0
0
0
0
0
0
0
0
0
0
0
0
0
0
0
0
0
0
0
0
0
0
0
0
0
0
0
0
0
0
0
0
0
0
0
0
0
0
0
0
0
0
0
0
0
0
0
0
0
0
0
0
0
0
0
0
0
0
0
0
0
0
0
0
0
0
0
0
0
0
0
0
0
0
0
0
0
0
0
0
0
0
0
0
0
0
0
0
0
0
0
0
0
0
0
0
0
0
0
0
0
0
0
0
0
0
0
0
0
0
0
0
0
0
0
0
0
0
0
0
0
0
0
0
0
0
0
0
0
0
0
0
0
0
0
0
0
0
0
0
0
0
0
0
0
0
0
0
0
0
0
0
0
0
0
0
0
0
0
0
0
0
0
0
0
0
0
0
0
0
0
0
0
0
0
0
0
0
0
0
0
0
0
0
0
0
0
0
0
0
0
0
0
0
0
0
0
0
0
0
0
0
0
0
0
0
0
0
0
0
0
0
0
0
0
0
0
0
0
0
0
0
0
0
0
0
0
0
0
0
0
0
0
0
0
0
0
0
0
0
0
0
0
0
0
0
0
0
0
0
0
0
0
0
0
0
0
0
0
0
0
0
0
0
0
0
0
0
0
0
0
0
0
0
0
0
0
0
0
0
0
0
0
0
0
0
0
0
0
0
0
0
0
0
0
0
0
0
0
0
0
0
0
0
0
0
0
0
0
0
0
0
0
0
0
0
0
0
0
0
0
0
0
0
0
0
0
0
0
0
0
0
0
0
0
0
0
0
0
0
0
0
0
0
0
0
0
0
0
0
0
0
0
0
0
0
0
0
0
0
0
0
0
0
0
0
0
0
0
0
0
0
0
0
0
0
0
0
0
0
0
0
0
0
0
0
0
0
0
0
0
0
0
0
0
0
0
0
0
0
0
0
0
0
0
0
0
0
0
0
0
0
0
0
0
0
0
0
0
0
0
0
0
0
0
0
0
0
0
0
0
0
0
0
0
0
0
0
0
0
0
0
0
0
0
0
0
0
0
0
0
0
0
0
0
0
0
0
0
0
0
0
0
0
0
0
0
0
0
0
0
0
0
0
0
0
0
0
0
0
0
0
0
0
0
0
0
0
0
0
0
0
0
0
0
0
0
0
0
0
0
0
0
0
0
0
0
0
0
0
0
0
0
0
0
0
0
0
0
0
0
0
0
0
0
0
0
0
0
0
0
0
0
0
0
0
0
0
0
0
0
0
0
0
0
0
0
0
0
0
0
0
0
0
0
0
0
0
0
0
0
0
0
0
0
0
0
0
0
0
0
0
0
0
0
0
0
0
0
0
0
0
0
0
0
0
0
0
0
0
0
0
0
0
0
0
0
0
0
0
0
0
0
0
0
0
0
0
0
0
0
0
0
0
0
0
0
0
0
0
0
0
0
0
0
0
0
0
0
0
0
0
0
0
0
0
0
0
0
0
0
0
0
0
0
0
0
0
0
0
0
0
0
0
0
0
0
0
0
0
0
0
0
0
0
0
0
0
0
0
0
0
0
0
0
0
0
0
0
0
0
0
0
0
0
0
0
0
0
0
0
0
0
0
0
0
0
0
0
0
0
0
0
0
0
0
0
0
0
0
0
0
0
0
0
0
0
0
0
0
0
0
0
0
0
0
0
0
0
0
0
0
0
0
0
0
0
0
0
0
0
0
0
0
0
0
0
0
0
0
0
0
0
0
0
0
0
0
0
0
0
0
0
0
0
0
0
0
0
0
0
0
0
0
0
0
0
0
0
0
0
0
0
0
0
0
0
0
0
0
0
0
0
0
0
0
0
0
0
0
0
0
0
0
0
0
0
0
0
0
0
0
0
0
0
0
0
0
0
0
0
0
0
0
0
0
0
0
0
0
0
0
0
0
0
0
0
0
0
0
0
0
0
0
0
0
0
0
0
0
0
0
0
0
0
0
0
0
0
0
0
0
0
0
0
0
0
0
0
0
0
0
0
0
0
0
0
0
0
0
0
0
0
0
0
0
0
0
0
0
0
0
0
0
0
0
0
0
0
0
0
0
0
0
0
0
0
0
0
0
0
0
0
0
0
0
0
0
0
0
0
0
0
0
0
0
0
0
0
0
0
0
0
0
0
0
0
0
0
0
0
0
0
0
0
0
0
0
0
0
0
0
0
0
0
0
0
0
0
0
0
0
0
0
0
0
0
0
0
0
0
0
0
0
0
0
0
0
0
0
0
0
0
0
0
0
0
0
0
0
0
0
0
0
0
0
0
0
0
0
0
0
0
0
0
0
0
0
0
0
0
0
0
0
0
0
0
0
0
0
0
0
0
0
0
0
0
0
0
0
0
0
0
0
0
0
0
0
0
0
0
0
0
0
0
0
0
0
0
0
0
0
0
0
0
0
0
0
0
0
0
0
0
0
0
0
0
0
0
0
0
0
0
0
0
0
0
0
0
0
0
0
0
0
0
0
0
0
0
0
0
0
0
0
0
0
0
0
0
0
0
0
0
0
0
0
0
0
0
0
0
0
0
0
0
0
0
0
0
0
0
0
0
0
0
0
0
0
0
0
0
0
0
0
0
0
0
0
0
0
0
0
0
0
0
0
0
0
0
0
0
0
0
0
0
0
0
0
0
0
0
0
0
0
0
0
0
0
0
0
0
0
0
0
0
0
0
0
0
0
0
0
0
0
0
0
0
0
0
0
0
0
0
0
0
0
0
0
0
0
0
0
0
0
0
0
0
0
0
0
0
0
0
0
0
0
0
0
0
0
0
0
0
0
0
0
0
0
0
0
0
0
0
0
0
0
0
0
0
0
0
0
0
0
0
0
0
0
0
0
0
0
0
0
0
0
0
0
0
0
0
0
0
0
0
0
0
0
0
0
0
0
0
0
0
0
0
0
0
0
0
0
0
0
0
0
0
0
0
0
0
0
0
0
0
0
0
0
0
0
0
0
0
0
0
0
0
0
0
0
0
0
0
0
0
0
0
0
0
0
0
0
0
0
0
0
0
0
0
0
0
0
0
0
0
0
0
0
0
0
0
0
0
0
0
0
0
0
0
0
0
0
0
0
0
0
0
0
0
0
0
0
0
0
0
0
0
0
0
0
0
0
0
0
0
0
0
0
0
0
0
0
0
0
0
0
0
0
0
0
0
0
0
0
0
0
0
0
0
0
0
0
0
0
0
0
0
0
0
0
0
0
0
0
0
0
0
0
0
0
0
0
0
0
0
0
0
0
0
0
0
0
0
0
0
0
0
0
0
0
0
0
0
0
0
0
0
0
0
0
0
0
0
0
0
0
0
0
0
0
0
0
0
0
0
0
0
0
0
0
0
0
0
0
0
0
0
0
0
0
0
0
0
0
0
0
0
0
0
0
0
0
0
0
0
0
0
0
0
0
0
0
0
0
0
0
0
0
0
0
0
0
0
0
0
0
0
0
0
0
0
0
0
0
0
0
0
0
0
0
0
0
0
0
0
0
0
0
0
0
0
0
0
0
0
0
0
0
0
0
0
0
0
0
0
0
0
0
0
0
0
0
0
0
0
0
0
0
0
0
0
0
0
0
0
0
0
0
0
0
0
0
0
0
0
0
0
0
0
0
0
0
0
0
0
0
0
0
0
0
0
0
0
0
0
0
0
0
0
0
0
0
0
0
0
0
0
0
0
0
0
0
0
0
0
0
0
0
0
0
0
0
0
0
0
0
0
0
0
0
0
0
0
0
0
0
0
0
0
0
0
0
0
0
0
0
0
0
0
0
0
0
0
0
0
0
0
0
0
0
0
0
0
0
0
0
0
0
0
0
0
0
0
0
0
0
0
0
0
0
0
0
0
0
0
0
0
0
0
0
0
0
0
0
0
0
0
0
0
0
0
0
0
0
0
0
0
0
0
0
0
0
0
0
0
0
0
0
0
0
0
0
0
0
0
0
0
0
0
0
0
0
0
0
0
0
0
0
0
0
0
0
0
0
0
0
0
0
0
0
0
0
0
0
0
0
0
0
0
0
0
0
0
0
0
0
0
0
0
0
0
0
0
0
0
0
0
0
0
0
0
0
0
0
0
0
0
0
0
0
0
0
0
0
0
0
0
0
0
0
0
0
0
0
0
0
0
0
0
0
0
0
0
0
0
0
0
0
0
0
0
0
0
0
0
0
0
0
0
0
0
0
0
0
0
0
0
0
0
0
0
0
0
0
0
0
0
0
0
0
0
0
0
0
0
0
0
0
0
0
0
0
0
0
0
0
0
0
0
0
0
0
0
0
0
0
0
0
0
0
0
0
0
0
0
0
0
0
0
0
0
0
0
0
0
0
0
0
0
0
0
0
0
0
0
0
0
0
0
0
0
0
0
0
0
0
0
0
0
0
0
0
0
0
0
0
0
0
0
0
0
0
0
0
0
0
0
0
0
0
0
0
0
0
0
0
0
0
0
0
0
0
0
0
0
0
0
0
0
0
0
0
0
0
0
0
0
0
0
0
0
0
0
0
0
0
0
0
0
0
0
0
0
0
0
0
0
0
0
0
0
0
0
0
0
0
0
0
0
0
0
0
0
0
0
0
0
0
0
0
0
0
0
0
0
0
0
0
0
0
0
0
0
0
0
0
0
0
0
0
0
0
0
0
0
0
0
0
0
0
0
0
0
0
0
0
0
0
0
0
0
0
0
0
0
0
0
0
0
0
0
0
0
0
0
0
0
0
0
0
0
0
0
0
0
0
0
0
0
0
0
0
0
0
0
0
0
0
0
0
0
0
0
0
0
0
0
0
0
0
0
0
0
0
0
0
0
0
0
0
0
0
0
0
0
0
0
0
0
0
0
0
0
0
0
0
0
0
0
0
0
0
0
0
0
0
0
0
0
0
0
0
0
0
0
0
0
0
0
0
0
0
0
0
0
0
0
0
0
0
0
0
0
0
0
0
0
0
0
0
0
0
0
0
0
0
0
0
0
0
0
0
0
0
0
0
0
0
0
0
0
0
0
0
0
0
0
0
0
0
0
0
0
0
0
0
0
0
0
0
0
0
0
0
0
0
0
0
0
0
0
0
0
0
0
0
0
0
0
0
0
0
0
0
0
0
0
0
0
0
0
0
0
0
0
0
0
0
0
0
0
0
0
0
0
0
0
0
0
0
0
0
0
0
0
0
0
0
0
0
0
0
0
0
0
0
0
0
0
0
0
0
0
0
0
0
0
0
0
0
0
0
0
0
0
0
0
0
0
0
0
0
0
0
0
0
0
0
0
0
0
0
0
0
0
0
0
0
0
0
0
0
0
0
0
0
0
0
0
0
0
0
0
0
0
0
0
0
0
0
0
0
0
0
0
0
0
0
0
0
0
0
0
0
0
0
0
0
0
0
0
0
0
0
0
0
0
0
0
0
0
0
0
0
0
0
0
0
0
0
0
0
0
0
0
0
0
0
0
0
0
0
0
0
0
0
0
0
0
0
0
0
0
0
0
0
0
0
0
0
0
0
0
0
0
0
0
0
0
0
0
0
0
0
0
0
0
0
0
0
0
0
0
0
0
0
0
0
0
0
0
0
0
0
0
0
0
0
0
0
0
0
0
0
0
0
0
0
0
0
0
0
0
0
0
0
0
0
0
0
0
0
0
0
0
0
0
0
0
0
0
0
0
0
0
0
0
0
0
0
0
0
0
0
0
0
0
0
0
0
0
0
0
0
0
0
0
0
0
0
0
0
0
0
0
0
0
0
0
0
0
0
0
0
0
0
0
0
0
0
0
0
0
0
0
0
0
0
0
0
0
0
0
0
0
0
0
0
0
0
0
0
0
0
0
0
0
0
0
0
0
0
0
0
0
0
0
0
0
0
0
0
0
0
0
0
0
0
0
0
0
0
0
0
0
0
0
0
0
0
0
0
0
0
0
0
0
0
0
0
0
0
0
0
0
0
0
0
0
0
0
0
0
0
0
0
0
0
0
0
0
0
0
0
0
0
0
0
0
0
0
0
0
0
0
0
0
0
0
0
0
0
0
0
0
0
0
0
0
0
0
0
0
0
0
0
0
0
0
0
0
0
0
0
0
0
0
0
0
0
0
0
0
0
0
0
0
0
0
0
0
0
0
0
0
0
0
0
0
0
0
0
0
0
0
0
0
0
0
0
0
0
0
0
0
0
0
0
0
0
0
0
0
0
0
0
0
0
0
0
0
0
0
0
0
0
0
0
0
0
0
0
0
0
0
0
0
0
0
0
0
0
0
0
0
0
0
0
0
0
0
0
0
0
0
0
0
0
0
0
0
0
0
0
0
0
0
0
0
0
0
0
0
0
0
0
0
0
0
0
0
0
0
0
0
0
0
0
0
0
0
0
0
0
0
0
0
0
0
0
0
0
0
0
0
0
0
0
0
0
0
0
0
0
0
0
0
0
0
0
0
0
0
0
0
0
0
0
0
0
0
0
0
0
0
0
0
0
0
0
0
0
0
0
0
0
0
0
0
0
0
0
0
0
0
0
0
0
0
0
0
0
0
0
0
0
0
0
0
0
0
0
0
0
0
0
0
0
0
0
0
0
0
0
0
0
0
0
0
0
0
0
0
0
0
0
0
0
0
0
0
0
0
0
0
0
0
0
0
0
0
0
0
0
0
0
0
0
0
0
0
0
0
0
0
0
0
0
0
0
0
0
0
0
0
0
0
0
0
0
0
0
0
0
0
0
0
0
0
0
0
0
0
0
0
0
0
0
0
0
0
0
0
0
0
0
0
0
0
0
0
0
0
0
0
0
0
0
0
0
0
0
0
0
0
0
0
0
0
0
0
0
0
0
0
0
0
0
0
0
0
0
0
0
0
0
0
0
0
0
0
0
0
0
0
0
0
0
0
0
0
0
0
0
0
0
0
0
0
0
0
0
0
0
0
0
0
0
0
0
0
0
0
0
0
0
0
0
0
0
0
0
0
0
0
0
0
0
0
0
0
0
0
0
0
0
0
0
0
0
0
0
0
0
0
0
0
0
0
0
0
0
0
0
0
0
0
0
0
0
0
0
0
0
0
0
0
0
0
0
0
0
0
0
0
0
0
0
0
0
0
0
0
0
0
0
0
0
0
0
0
0
0
0
0
0
0
0
0
0
0
0
0
0
0
0
0
0
0
0
0
0
0
0
0
0
0
0
0
0
0
0
0
0
0
0
0
0
0
0
0
0
0
0
0
0
0
0
0
0
0
0
0
0
0
0
0
0
0
0
0
0
0
0
0
0
0
0
0
0
0
0
0
0
0
0
0
0
0
0
0
0
0
0
0
0
0
0
0
0
0
0
0
0
0
0
0
0
0
0
0
0
0
0
0
0
0
0
0
0
0
0
0
0
0
0
0
0
0
0
0
0
0
0
0
0
0
0
0
0
0
0
0
0
0
0
0
0
0
0
0
0
0
0
0
0
0
0
0
0
0
0
0
0
0
0
0
0
0
0
0
0
0
0
0
0
0
0
0
0
0
0
0
0
0
0
0
0
0
0
0
0
0
0
0
0
0
0
0
0
0
0
0
0
0
0
0
0
0
0
0
0
0
0
0
0
0
0
0
0
0
0
0
0
0
0
0
0
0
0
0
0
0
0
0
0
0
0
0
0
0
0
0
0
0
0
0
0
0
0
0
0
0
0
0
0
0
0
0
0
0
0
0
0
0
0
0
0
0
0
0
0
0
0
0
0
0
0
0
0
0
0
0
0
0
0
0
0
0
0
0
0
0
0
0
0
0
0
0
0
0
0
0
0
0
0
0
0
0
0
0
0
0
0
0
0
0
0
0
0
0
0
0
0
0
0
0
0
0
0
0
0
0
0
0
0
0
0
0
0
0
0
0
0
0
0
0
0
0
0
0
0
0
0
0
0
0
0
0
0
0
0
0
0
0
0
0
0
0
0
0
0
0
0
0
0
0
0
0
0
0
0
0
0
0
0
0
0
0
0
0
0
0
0
0
0
0
0
0
0
0
0
0
0
0
0
0
0
0
0
0
0
0
0
0
0
0
0
0
0
0
0
0
0
0
0
0
0
0
0
0
0
0
0
0
0
0
0
0
0
0
0
0
0
0
0
0
0
0
0
0
0
0
0
0
0
0
0
0
0
0
0
0
0
0
0
0
0
0
0
0
0
0
0
0
0
0
0
0
0
0
0
0
0
0
0
0
0
0
0
0
0
0
0
0
0
0
0
0
0
0
0
0
0
0
0
0
0
0
0
0
0
0
0
0
0
0
0
0
0
0
0
0
0
0
0
0
0
0
0
0
0
0
0
0
0
0
0
0
0
0
0
0
0
0
0
0
0
0
0
0
0
0
0
0
0
0
0
0
0
0
0
0
0
0
0
0
0
0
0
0
0
0
0
0
0
0
0
0
0
0
0
0
0
0
0
0
0
0
0
0
0
0
0
0
0
0
0
0
0
0
0
0
0
0
0
0
0
0
0
0
0
0
0
0
0
0
0
0
0
0
0
0
0
0
0
0
0
0
0
0
0
0
0
0
0
0
0
0
0
0
0
0
0
0
0
0
0
0
0
0
0
0
0
0
0
0
0
0
0
0
0
0
0
0
0
0
0
0
0
0
0
0
0
0
0
0
0
0
0
0
0
0
0
0
0
0
0
0
0
0
0
0
0
0
0
0
0
0
0
0
0
0
0
0
0
0
0
0
0
0
0
0
0
0
0
0
0
0
0
0
0
0
0
0
0
0
0
0
0
0
0
0
0
0
0
0
0
0
0
0
0
0
0
0
0
0
0
0
0
0
0
0
0
0
0
0
0
0
0
0
0
0
0
0
0
0
0
0
0
0
0
0
0
0
0
0
0
0
0
0
0
0
0
0
0
0
0
0
0
0
0
0
0
0
0
0
0
0
0
0
0
0
0
0
0
0
0
0
0
0
0
0
0
0
0
0
0
0
0
0
0
0
0
0
0
0
0
0
0
0
0
0
0
0
0
0
0
0
0
0
0
0
0
0
0
0
0
0
0
0
0
0
0
0
0
0
0
0
0
0
0
0
0
0
0
0
0
0
0
0
0
0
0
0
0
0
0
0
0
0
0
0
0
0
0
0
0
0
0
0
0
0
0
0
0
0
0
0
0
0
0
0
0
0
0
0
0
0
0
0
0
0
0
0
0
0
0
0
0
0
0
0
0
0
0
0
0
0
0
0
0
0
0
0
0
0
0
0
0
0
0
0
0
0
0
0
0
0
0
0
0
0
0
0
0
0
0
0
0
0
0
0
0
0
0
0
0
0
0
0
0
0
0
0
0
0
0
0
0
0
0
0
0
0
0
0
0
0
0
0
0
0
0
0
0
0
0
0
0
0
0
0
0
0
0
0
0
0
0
0
0
0
0
0
0
0
0
0
0
0
0
0
0
0
0
0
0
0
0
0
0
0
0
0
0
0
0
0
0
0
0
0
0
0
0
0
0
0
0
0
0
0
0
0
0
0
0
0
0
0
0
0
0
0
0
0
0
0
0
0
0
0
0
0
0
0
0
0
0
0
0
0
0
0
0
0
0
0
0
0
0
0
0
0
0
0
0
0
0
0
0
0
0
0
0
0
0
0
0
0
0
0
0
0
0
0
0
0
0
0
0
0
0
0
0
0
0
0
0
0
0
0
0
0
0
0
0
0
0
0
0
0
0
0
0
0
0
0
0
0
0
0
0
0
0
0
0
0
0
0
0
0
0
0
0
0
0
0
0
0
0
0
0
0
0
0
0
0
0
0
0
0
0
0
0
0
0
0
0
0
0
0
0
0
0
0
0
0
0
0
0
0
0
0
0
0
0
0
0
0
0
0
0
0
0
0
0
0
0
0
0
0
0
0
0
0
0
0
0
0
0
0
0
0
0
0
0
0
0
0
0
0
0
0
0
0
0
0
0
0
0
0
0
0
0
0
0
0
0
0
0
0
0
0
0
0
0
0
0
0
0
0
0
0
0
0
0
0
0
0
0
0
0
0
0
0
0
0
0
0
0
0
0
0
0
0
0
0
0
0
0
0
0
0
0
0
0
0
0
0
0
0
0
0
0
0
0
0
0
0
0
0
0
0
0
0
0
0
0
0
0
0
0
0
0
0
0
0
0
0
0
0
0
0
0
0
0
0
0
0
0
0
0
0
0
0
0
0
0
0
0
0
0
0
0
0
0
0
0
0
0
0
0
0
0
0
0
0
0
0
0
0
0
0
0
0
0
0
0
0
0
0
0
0
0
0
0
0
0
0
0
0
0
0
0
0
0
0
0
0
0
0
0
0
0
0
0
0
0
0
0
0
0
0
0
0
0
0
0
0
0
0
0
0
0
0
0
0
0
0
0
0
0
0
0
0
0
0
0
0
0
0
0
0
0
0
0
0
0
0
0
0
0
0
0
0
0
0
0
0
0
0
0
0
0
0
0
0
0
0
0
0
0
0
0
0
0
0
0
0
0
0
0
0
0
0
0
0
0
0
0
0
0
0
0
0
0
0
0
0
0
0
0
0
0
0
0
0
0
0
0
0
0
0
0
0
0
0
0
0
0
0
0
0
0
0
0
0
0
0
0
0
0
0
0
0
0
0
0
0
0
0
0
0
0
0
0
0
0
0
0
0
0
0
0
0
0
0
0
0
0
0
0
0
0
0
0
0
0
0
0
0
0
0
0
0
0
0
0
0
0
0
0
0
0
0
0
0
0
0
0
0
0
0
0
0
0
0
0
0
0
0
0
0
0
0
0
0
0
0
0
0
0
0
0
0
0
0
0
0
0
0
0
0
0
0
0
0
0
0
0
0
0
0
0
0
0
0
0
0
0
0
0
0
0
0
0
0
0
0
0
0
0
0
0
0
0
0
0
0
0
0
0
0
0
0
0
0
0
0
0
0
0
0
0
0
0
0
0
0
0
0
0
0
0
0
0
0
0
0
0
0
0
0
0
0
0
0
0
0
0
0
0
0
0
0
0
0
0
0
0
0
0
0
0
0
0
0
0
0
0
0
0
0
0
0
0
0
0
0
0
0
0
0
0
0
0
0
0
0
0
0
0
0
0
0
0
0
0
0
0
0
0
0
0
0
0
0
0
0
0
0
0
0
0
0
0
0
0
0
0
0
0
0
0
0
0
0
0
0
0
0
0
0
0
0
0
0
0
0
0
0
0
0
0
0
0
0
0
0
0
0
0
0
0
0
0
0
0
0
0
0
0
0
0
0
0
0
0
0
0
0
0
0
0
0
0
0
0
0
0
0
0
0
0
0
0
0
0
0
0
0
0
0
0
0
0
0
0
0
0
0
0
0
0
0
0
0
0
0
0
0
0
0
0
0
0
0
0
0
0
0
0
0
0
0
0
0
0
0
0
0
0
0
0
0
0
0
0
0
0
0
0
0
0
0
0
0
0
0
0
0
0
0
0
0
0
0
0
0
0
0
0
0
0
0
0
0
0
0
0
0
0
0
0
0
0
0
0
0
0
0
0
0
0
0
0
0
0
0
0
0
0
0
0
0
0
0
0
0
0
0
0
0
0
0
0
0
0
0
0
0
0
0
0
0
0
0
0
0
0
0
0
0
0
0
0
0
0
0
0
0
0
0
0
0
0
0
0
0
0
0
0
0
0
0
0
0
0
0
0
0
0
0
0
0
0
0
0
0
0
0
0
0
0
0
0
0
0
0
0
0
0
0
0
0
0
0
0
0
0
0
0
0
0
0
0
0
0
0
0
0
0
0
0
0
0
0
0
0
0
0
0
0
0
0
0
0
0
0
0
0
0
0
0
0
0
0
0
0
0
0
0
0
0
0
0
0
0
0
0
0
0
0
0
0
0
0
0
0
0
0
0
0
0
0
0
0
0
0
0
0
0
0
0
0
0
0
0
0
0
0
0
0
0
0
0
0
0
0
0
0
0
0
0
0
0
0
0
0
0
0
0
0
0
0
0
0
0
0
0
0
0
0
0
0
0
0
0
0
0
0
0
0
0
0
0
0
0
0
0
0
0
0
0
0
0
0
0
0
0
0
0
0
0
0
0
0
0
0
0
0
0
0
0
0
0
0
0
0
0
0
0
0
0
0
0
0
0
0
0
0
0
0
0
0
0
0
0
0
0
0
0
0
0
0
0
0
0
0
0
0
0
0
0
0
0
0
0
0
0
0
0
0
0
0
0
0
0
0
0
0
0
0
0
0
0
0
0
0
0
0
0
0
0
0
0
0
0
0
0
0
0
0
0
0
0
0
0
0
0
0
0
0
0
0
0
0
0
0
0
0
0
0
0
0
0
0
0
0
0
0
0
0
0
0
0
0
0
0
0
0
0
0
0
0
0
0
0
0
0
0
0
0
0
0
0
0
0
0
0
0
0
0
0
0
0
0
0
0
0
0
0
0
0
0
0
0
0
0
0
0
0
0
0
0
0
0
0
0
0
0
0
0
0
0
0
0
0
0
0
0
0
0
0
0
0
0
0
0
0
0
0
0
0
0
0
0
0
0
0
0
0
0
0
0
0
0
0
0
0
0
0
0
0
0
0
0
0
0
0
0
0
0
0
0
0
0
0
0
0
0
0
0
0
0
0
0
0
0
0
0
0
0
0
0
0
0
0
0
0
0
0
0
0
0
0
0
0
0
0
0
0
0
0
0
0
0
0
0
0
0
0
0
0
0
0
0
0
0
0
0
0
0
0
0
0
0
0
0
0
0
0
0
0
0
0
0
0
0
0
0
0
0
0
0
0
0
0
0
0
0
0
0
0
0
0
0
0
0
0
0
0
0
0
0
0
0
0
0
0
0
0
0
0
0
0
0
0
0
0
0
0
0
0
0
0
0
0
0
0
0
0
0
0
0
0
0
0
0
0
0
0
0
0
0
0
0
0
0
0
0
0
0
0
0
0
0
0
0
0
0
0
0
0
0
0
0
0
0
0
0
0
0
0
0
0
0
0
0
0
0
0
0
0
0
0
0
0
0
0
0
0
0
0
0
0
0
0
0
0
0
0
0
0
0
0
0
0
0
0
0
0
0
0
0
0
0
0
0
0
0
0
0
0
0
0
0
0
0
0
0
0
0
0
0
0
0
0
0
0
0
0
0
0
0
0
0
0
0
0
0
0
0
0
0
0
0
0
0
0
0
0
0
0
0
0
0
0
0
0
0
0
0
0
0
0
0
0
0
0
0
0
0
0
0
0
0
0
0
0
0
0
0
0
0
0
0
0
0
0
0
0
0
0
0
0
0
0
0
0
0
0
0
0
0
0
0
0
0
0
0
0
0
0
0
0
0
0
0
0
0
0
0
0
0
0
0
0
0
0
0
0
0
0
0
0
0
0
0
0
0
0
0
0
0
0
0
0
0
0
0
0
0
0
0
0
0
0
0
0
0
0
0
0
0
0
0
0
0
0
0
0
0
0
0
0
0
0
0
0
0
0
0
0
0
0
0
0
0
0
0
0
0
0
0
0
0
0
0
0
0
0
0
0
0
0
0
0
0
0
0
0
0
0
0
0
0
0
0
0
0
0
0
0
0
0
0
0
0
0
0
0
0
0
0
0
0
0
0
0
0
0
0
0
0
0
0
0
0
0
0
0
0
0
0
0
0
0
0
0
0
0
0
0
0
0
0
0
0
0
0
0
0
0
0
0
0
0
0
0
0
0
0
0
0
0
0
0
0
0
0
0
0
0
0
0
0
0
0
0
0
0
0
0
0
0
0
0
0
0
0
0
0
0
0
0
0
0
0
0
0
0
0
0
0
0
0
0
0
0
0
0
0
0
0
0
0
0
0
0
0
0
0
0
0
0
0
0
0
0
0
0
0
0
0
0
0
0
0
0
0
0
0
0
0
0
0
0
0
0
0
0
0
0
0
0
0
0
0
0
0
0
0
0
0
0
0
0
0
0
0
0
0
0
0
0
0
0
0
0
0
0
0
0
0
0
0
0
0
0
0
0
0
0
0
0
0
0
0
0
0
0
0
0
0
0
0
0
0
0
0
0
0
0
0
0
0
0
0
0
0
0
0
0
0
0
0
0
0
0
0
0
0
0
0
0
0
0
0
0
0
0
0
0
0
0
0
0
0
0
0
0
0
0
0
0
0
0
0
0
0
0
0
0
0
0
0
0
0
0
0
0
0
0
0
0
0
0
0
0
0
0
0
0
0
0
0
0
0
0
0
0
0
0
0
0
0
0
0
0
0
0
0
0
0
0
0
0
0
0
0
0
0
0
0
0
0
0
0
0
0
0
0
0
0
0
0
0
0
0
0
0
0
0
0
0
0
0
0
0
0
0
0
0
0
0
0
0
0
0
0
0
0
0
0
0
0
0
0
0
0
0
0
0
0
0
0
0
0
0
0
0
0
0
0
0
0
0
0
0
0
0
0
0
0
0
0
0
0
0
0
0
0
0
0
0
0
0
0
0
0
0
0
0
0
0
0
0
0
0
0
0
0
0
0
0
0
0
0
0
0
0
0
0
0
0
0
0
0
0
0
0
0
0
0
0
0
0
0
0
0
0
0
0
0
0
0
0
0
0
0
0
0
0
0
0
0
0
0
0
0
0
0
0
0
0
0
0
0
0
0
0
0
0
0
0
0
0
0
0
0
0
0
0
0
0
0
0
0
0
0
0
0
0
0
0
0
0
0
0
0
0
0
0
0
0
0
0
0
0
0
0
0
0
0
0
0
0
0
0
0
0
0
0
0
0
0
0
0
0
0
0
0
0
0
0
0
0
0
0
0
0
0
0
0
