20
-159
-2409
123
-1189
-1587
-1765
-108
-103
-2848
-312
-190
-2230
-1983
48
129
-170
144
-950
-697
-1951
-1695
-15385
-210
821
-1126
-1616
-2494
-2257
-16525
-5
868
-35
-569
-2571
1102
-1895
-1670
-1878
-169
-133
-2951
978
-363
-2252
-1633
-31
676
-159
413
-1662
-1364
-1609
-1747
-12397
-174
297
-2649
-2202
-2289
-2320
-13942
-55
443
-1
-480
-2787
1554
-2602
-1669
-1715
-191
-89
-3792
1574
-1209
-3062
-2497
-14
737
-90
170
-816
-1408
-2078
-1654
-15075
-196
-92
-2367
-2889
-3758
-3079
-13227
-68
120
-44
-592
-2511
2355
-2122
-1299
-1348
-217
-523
-3477
2682
-1777
-2849
-2870
11
367
-107
-18
-1119
-928
-2407
-1286
-15647
-176
-290
-2215
-2825
-3605
-2771
-13794
-131
120
-27
-764
-2950
2361
-2549
-1963
-1832
-173
-864
-3726
2812
-1427
-3148
-3673
73
-512
-33
-409
-2454
-485
-2119
-1733
-16355
-155
-10
-2652
-3061
-3253
-2790
-15843
-234
151
-137
-826
-2414
1362
-1899
-1935
-2137
-242
-871
-3089
964
-1567
-3183
-3246
58
-541
-12
-715
-2258
-1046
-3099
-2084
-17629
-83
-301
-2391
-3070
-3618
-3003
-16766
-144
168
-109
69
-2618
2004
-3490
-2968
-3235
-220
292
-2454
1157
-2701
-3103
-2176
24
951
-137
653
-3258
-2196
-3912
-3151
-15000
-154
422
-4086
-3448
-3953
-3411
-18709
-35
416
-167
790
-2077
1749
-2614
-2243
-2078
-239
644
-3422
965
-2728
-4221
-2124
-56
455
-64
-539
-2008
-2046
-2558
-2106
-16111
-307
-192
-3413
-4187
-4648
-4145
-11572
-6
-282
-212
379
-1727
-2330
281
-523
-1910
-184
1043
-2449
-3272
1528
-1972
-1545
-105
836
-125
474
-2871
-992
-421
-1921
-15959
-202
1320
-3837
-752
-828
-2023
-14327
290
1377
-581
1063
-3067
-2440
-1448
-2082
-2884
-437
2578
-4152
-3385
-1649
-3446
-1582
-337
2840
-123
735
-4620
-2847
1930
-2781
-20726
-116
113
-6004
-2840
1080
-3282
-18152
368
918
-751
1314
-3461
-1548
-4217
-2284
-3099
-357
1922
-4439
-1876
-2168
-3924
-2867
-294
2022
6
559
-2760
-3948
1597
-3098
-13221
76
-185
-4388
-3966
15
-3786
-11308
424
153
-709
1181
-3146
841
-3528
-1951
-2477
-413
1061
-3533
880
-1973
-3545
-2683
-177
1474
141
-590
-3049
-3573
1037
-2427
-16742
58
-1040
-4398
-3193
-808
-3171
-17408
413
-552
-608
1566
-3341
-23
-2678
-2625
-2474
-446
2001
-3815
94
-1076
-3734
-2438
-266
2346
263
-508
-3836
-1862
1525
-2429
-20110
20
-883
-4967
-3250
-701
-2967
-20222
342
-625
-668
1901
-3614
-1887
-3204
-3723
-3259
-384
2193
-5006
-2391
-2025
-4631
-368
-246
2205
178
-27
-3637
-1932
998
-3324
-23205
58
1410
-5539
-4107
-1410
-3863
-23806
397
1279
-449
1439
-4429
-1254
-5437
-5344
-4829
-297
1351
-6761
-3544
-5291
-7176
1019
-90
1634
-107
242
-4955
-4467
656
-4841
-18385
-155
103
-7946
-6358
-4228
-6548
-15276
177
-136
-223
726
-4838
-615
-4032
-4271
-4068
-37
1006
-5013
-637
-2127
-4277
-939
61
847
-95
-1834
-3457
-3007
-273
-3991
-15473
-197
-1880
-4048
-3077
-3771
-3908
-19418
130
-1675
-262
25
-2830
-3902
-1157
-1058
-2917
-145
-367
-2262
-3252
-49
-1502
-2260
-59
-853
-181
1332
-3037
-3025
1356
-2897
-13923
-398
1797
-3271
85
567
-1462
-18409
221
1825
-413
679
-4187
-5591
-3966
-3412
-4509
-254
209
-4000
-4535
-3496
-4260
-5456
-175
-346
-129
1369
-4785
-4999
4032
-4414
-16908
-159
-113
-5779
-3189
3478
-3733
-16301
282
589
-673
333
-3692
-3560
-3435
-1560
-3434
-360
-641
-2786
-2556
-105
-2554
-4102
-278
-842
170
564
-3775
-3929
2607
-3404
-16249
85
-931
-4421
-1783
1569
-2371
-20307
701
140
-892
-254
-2648
-660
-2633
-1435
-2348
-489
-454
-4277
-706
-854
-4570
-3986
-380
332
359
-127
-4309
-2889
2037
-2344
-24473
167
-760
-7412
-3020
82
-3476
-18105
700
-19
-792
776
-2638
-2639
-3165
-2834
-3260
-494
606
-4705
-2857
-2755
-5444
-4316
-404
1560
420
-93
-6009
-3407
3948
-3222
-19322
323
95
-9208
-4831
2348
-4421
-10298
716
330
-603
663
-3145
-3601
-4025
-3048
-3396
-360
785
-4208
-2962
-2635
-4528
-3333
-227
2136
236
-892
-5425
-2835
4459
-3467
-22633
93
129
-7398
-4240
2969
-3635
-19141
744
128
-188
-424
-4867
-2904
-5735
-4440
-4689
-113
-1568
-6926
-3077
-3942
-6129
-910
-4
-1781
-119
-1
-5908
-4383
4103
-4717
-20729
-410
-211
-8329
-6001
-243
-5484
-16838
166
-359
-155
-242
-4005
-1479
-2133
-1487
-2925
141
-676
-4499
-1694
-46
-2726
55
162
-545
-228
-1973
-3657
-2761
1022
-2889
-20982
-352
-2130
-4992
-2007
-1916
-2503
-21791
47
-1897
11
-195
-1849
-2006
305
-342
-2050
-5
-64
-2259
-1473
-551
-2319
-2759
-57
-168
-99
1757
-2443
-2174
-1461
-1995
-22775
-480
1243
-2382
-833
-2481
-1942
-23041
27
1464
-151
325
-3645
-3617
-2194
-1365
-3543
-213
-217
-3753
-2323
-2231
-3785
-5473
-286
-315
-61
1788
-1834
-3782
-655
-3447
-17437
-83
-25
-2335
-3097
-1489
-3492
-15574
338
306
-361
564
-3721
-1645
-2195
637
-2539
-232
-183
-4281
-365
72
-2503
-4021
-343
416
234
318
-1723
-1883
-2230
-2595
-21069
50
-1300
-2403
-2677
-3010
-2603
-21135
517
-535
-492
1148
-3178
329
-759
-182
-1906
-380
278
-4273
1263
-787
-2377
-3323
-364
-783
381
670
-2732
-1361
-2402
-2036
-20353
120
-470
-4499
-2302
-1658
-2423
-19398
474
-481
-488
-139
-2078
684
-1198
-96
-1899
-412
-786
-4044
630
-2378
-3427
-3883
-360
-2416
416
-503
-3323
-1787
-2164
-1880
-20952
263
-158
-6190
-3742
-1557
-3344
-13725
533
198
-408
-742
-1649
-1821
-1626
-637
-2853
-384
-498
-3155
-949
-3518
-3125
-3820
-274
-1103
298
-578
-3734
-2703
-1177
-2704
-21198
214
458
-6209
-4122
-472
-3121
-15951
616
815
-74
712
-3015
-4278
-2520
-1243
-3544
30
1101
-4014
-3917
-2762
-3021
-1256
-8
-9
-81
781
-3885
-2807
501
-3451
-20242
-233
161
-5522
-3950
-367
-3378
-18872
121
-488
-22
282
-3718
-2591
157
-1436
-2776
204
1452
-3706
-3126
97
-2089
988
295
576
-310
-1284
-3449
-2723
362
-2845
-18005
-437
-1495
-4110
-1536
-1140
-1153
-21836
-166
-1072
61
260
-1944
198
-475
-971
-1912
-27
359
-3106
168
-1707
-2959
-1930
66
115
-36
1447
-1875
-1815
-2528
-1904
-17852
-536
773
-2325
-1943
-4825
-2621
-16359
-164
632
-85
501
-4540
421
-4004
-1764
-3649
-59
461
-4964
1013
-3445
-3948
-3002
-140
120
-12
2137
-2039
-2392
-3391
-3637
-20801
-77
818
-3287
-3612
-5236
-3355
-22799
250
1383
-343
1500
-6021
-122
-5453
-1914
-4154
-173
596
-7247
101
-4425
-5035
-3543
-166
1187
249
1385
-812
-2888
-3760
-4144
-19029
66
-319
-2174
-5521
-5867
-4652
-18140
507
676
-432
2402
-5092
870
-3148
-3238
-3461
-301
1252
-6884
523
-4081
-5331
-2893
-186
845
448
346
-1219
-3059
-3860
-3543
-17546
85
-435
-3298
-4958
-4825
-5215
-14183
524
-328
-343
1426
-3517
1612
-1538
-2224
-2806
-318
1073
-4802
1319
-3202
-4225
-2468
-231
428
460
-1552
-2308
-2156
-4296
-2774
-22494
231
-1186
-4462
-4079
-4442
-4033
-20295
396
-542
-369
213
-2417
440
-2481
-1246
-3218
-276
611
-4841
1174
-5038
-5145
-4260
-231
871
236
-463
-4483
-2915
-2604
-3221
-21258
219
619
-7097
-6270
-4058
-4852
-12697
359
484
-226
635
-5165
-2244
-1660
-1344
-4834
46
189
-4448
-450
-2584
-2715
-3073
83
1357
-158
-303
-4446
-4959
-3961
-4805
-12819
-28
-437
-5073
-5242
-2771
-3336
-19788
288
-1139
43
-262
-5738
-3092
2365
-3497
-4859
225
-383
-5544
-2693
906
-3372
-773
325
-745
-364
-1522
-4396
-4855
-3570
-4780
-14061
-411
-1260
-4100
-4158
-3376
-2651
-21142
-115
-656
-67
-504
-2427
596
-1185
-1788
-2564
-108
-197
-3396
-113
-2020
-3104
-1412
-41
-179
-41
1535
-2268
-2083
-2327
-2583
-19462
-446
1208
-3468
26
-5805
-2329
-19456
-169
1393
-169
-443
-4928
1577
-4707
-2571
-3956
-119
423
-5533
449
-5213
-4348
-1158
-180
244
173
2646
-2838
-2610
-3394
-3956
-23051
-70
598
-5097
-2287
-6624
-3448
-24945
161
692
-194
1566
-6171
-1538
-6070
-2883
-4918
-138
-16
-7312
-1676
-6139
-5539
-2605
-168
128
483
2481
-2095
-3754
-2112
-4687
-18106
11
65
-3724
-5053
-4936
-4880
-16250
359
528
-182
3497
-5117
-1283
-2802
-1983
-3746
-205
789
-7685
-1999
-4244
-5833
-921
-121
600
682
-453
-2363
-3373
-2429
-3607
-26204
-10
-789
-4889
-5410
-5331
-5928
-17841
474
-23
-214
752
-4905
481
-2834
-3440
-4430
-192
727
-6685
-1397
-4534
-5378
-117
-150
1235
508
-1997
-4729
-3676
-2629
-4287
-19443
153
525
-6861
-5530
-5006
-5994
-16507
431
829
-131
-977
-4431
-460
-3800
-3658
-4237
-125
667
-5152
-184
-4925
-4590
-2314
-161
1599
226
-1442
-4177
-2082
-1602
-4069
-17195
234
-1353
-5083
-4856
-3109
-3916
-18983
242
-1118
108
-879
-4648
-253
-1048
-453
-3147
88
-831
-5121
-85
-2170
-3179
-1546
-12
-386
64
-384
-1603
-3217
-4834
-3074
-20339
69
-1018
-3323
-4634
-4730
-2665
-21746
4
-1655
294
-501
-4697
-2058
2431
-1917
-3819
225
-986
-4208
-2039
908
-2337
419
236
-829
-193
-1498
-1973
-3854
-5436
-3711
-16915
-346
-903
-2404
-3151
-5087
-1957
-24735
-100
-481
-230
-697
-1622
-983
-1213
-560
-2363
-144
-580
-2098
-1356
-2984
-2117
-1648
-255
-894
29
1255
-2593
-1750
-1868
-2244
-20052
-201
1688
-4048
684
-4196
-1263
-20132
113
2165
-134
-975
-2999
-798
-4601
596
-3345
-280
-1094
-3695
-1240
-6491
-2756
-2059
-273
-793
283
2511
-3315
-2437
-2681
-3256
-24614
-54
-388
-5978
-1930
-5133
-1748
-22199
219
-194
-72
-112
-4927
-3910
-5894
2316
-4121
-302
-2000
-5618
-2634
-5636
-2855
-3604
-205
-2329
707
5064
-3001
-3028
-3203
-3894
-26883
95
761
-4751
-3841
-5688
-2529
-22913
410
683
-154
423
-6248
-6106
-4438
4615
-5387
-154
-1098
-5601
-4217
-1939
-1684
-4895
-199
-2081
863
-583
-5187
-5373
-5192
-5355
-14902
349
-839
-3730
-4888
-6578
-4435
-14149
744
-92
-207
531
-4758
-3976
-1952
2369
-4641
-183
-25
-5115
-4312
-2859
-2384
-2740
-230
-327
656
-4320
-6048
-4073
-4282
-4289
-20292
349
-537
-5851
-4813
-5362
-4973
-16467
690
114
-329
550
-4431
-3415
-3300
-2588
-4124
-267
461
-5836
-4999
-6480
-4967
-1436
-236
611
326
-2679
-3036
-2742
-500
-3663
-22766
147
-1411
-5194
-4554
-2596
-4804
-15478
332
-1053
63
799
-4539
-2941
-3204
-2138
-3271
-93
850
-6267
-4329
-6101
-3599
587
16
879
132
243
1024
-3198
-1162
-2996
-24899
-211
-337
-2288
-3200
-3471
-2906
-21461
2
-439
99
-575
-3661
-216
301
-1751
-2596
14
-501
-5139
-1514
-2252
-3061
1356
11
-211
-161
-1063
-860
-2839
-2613
-2510
-18712
-393
-838
-2640
-2275
-5124
-2122
-17627
-124
-560
-204
-948
-22
-2104
-618
180
-1354
-213
-894
360
-1947
-2008
-1102
-1099
-232
-525
-120
662
-2889
-1234
206
-1208
-17120
-116
766
-2933
-1234
-1076
-894
-18484
110
456
-142
-1584
-70
-2298
-1754
370
-1919
-337
-1075
471
-1732
-2997
-877
-1572
-319
-833
57
1294
-3627
-1753
44
-1685
-17328
-182
-256
-3849
-1399
-1579
-811
-19843
173
-38
25
-3236
-1509
-1401
-2263
2001
-1782
-379
-1581
-1552
-702
-2780
-427
-2282
-296
-1349
408
1893
-3204
-1635
-1040
-1584
-20612
-146
-101
-2871
-1710
-3162
-644
-19949
207
33
9
-6632
-3572
-2343
-3102
4802
-2983
-298
-2547
-3734
-1620
-1538
615
-3747
-228
-2072
561
-329
-4399
-3497
-2260
-2744
-22131
103
131
-3193
-3631
-5158
-1980
-19948
479
-162
-35
-4456
-3875
-3259
-4216
2910
-3747
-278
-1958
-3410
-3029
-3102
-560
-4275
-246
-2644
342
-1853
-4700
-4049
-648
-3310
-21409
2
136
-3336
-4142
-2970
-3198
-21374
355
284
-117
-2129
-4632
-3936
-4588
-610
-3656
-208
-1826
-3772
-3524
-4498
-1845
-2441
-155
-2480
97
-266
-3468
-3772
2587
-3269
-16397
-151
120
-2946
-2979
-469
-2694
-18356
201
478
-36
-1135
-4876
-4027
-3510
-1715
-3656
-74
-1621
-4863
-3921
-4864
-2055
-368
-38
-1311
-63
448
-2895
-4161
2514
-3543
-12100
-314
262
-2991
-2645
-1373
-2611
-13807
8
695
-18
-1375
-2636
-964
-837
-642
-2136
-99
-1486
-4497
-2255
-3297
-3120
658
-44
-987
-232
-1569
-2433
-2445
-212
-2005
-21346
-419
-1492
-3376
-2213
-5269
-2887
-16308
-128
-1094
0
0
0
0
0
0
0
0
0
0
0
-1782
-850
-1849
-406
-1343
0
0
0
0
0
0
0
0
0
0
0
-180
-75
-1979
-1374
-15167
0
0
0
0
0
0
0
0
0
0
0
-1387
-170
-1334
-252
-1019
0
0
0
0
0
0
0
0
0
0
0
-1001
-300
-1145
-920
-14604
0
0
0
0
0
0
0
0
0
0
0
-1350
-310
-2187
-589
-1308
0
0
0
0
0
0
0
0
0
0
0
-777
-117
-1639
-1200
-15470
0
0
0
0
0
0
0
0
0
0
0
-1352
70
-2140
-612
-1061
0
0
0
0
0
0
0
0
0
0
0
-801
852
-1933
-938
-14870
0
0
0
0
0
0
0
0
0
0
0
-1729
-31
-2529
-1222
-1468
0
0
0
0
0
0
0
0
0
0
0
-1972
1614
-2190
-1325
-15482
0
0
0
0
0
0
0
0
0
0
0
-1265
-484
-2067
-926
-1613
0
0
0
0
0
0
0
0
0
0
0
-2049
881
-2782
-1392
-17772
0
0
0
0
0
0
0
0
0
0
0
-1208
619
-2820
-1923
-2169
0
0
0
0
0
0
0
0
0
0
0
-2256
-136
-3049
-2052
-17537
0
0
0
0
0
0
0
0
0
0
0
-2111
-81
-2380
-932
-2119
0
0
0
0
0
0
0
0
0
0
0
-1220
-981
-2611
-1981
-12388
0
0
0
0
0
0
0
0
0
0
0
-2769
-2524
-1249
526
-2167
0
0
0
0
0
0
0
0
0
0
0
-2108
-1174
-1748
-2151
-12921
0
0
0
0
0
0
0
0
0
0
0
-2538
-1930
-1151
338
-1783
0
0
0
0
0
0
0
0
0
0
0
-2962
-2205
334
-1825
-22982
0
0
0
0
0
0
0
0
0
0
0
-3174
-2076
-3560
725
-2418
0
0
0
0
0
0
0
0
0
0
0
-2004
-3577
996
-2429
-14173
0
0
0
0
0
0
0
0
0
0
0
-3250
-1283
-4758
981
-2724
0
0
0
0
0
0
0
0
0
0
0
-2887
-3212
733
-2675
-12482
0
0
0
0
0
0
0
0
0
0
0
-2799
-1387
-3731
-243
-2403
0
0
0
0
0
0
0
0
0
0
0
-3409
-458
-243
-2350
-17615
0
0
0
0
0
0
0
0
0
0
0
-2839
-2261
-3835
-664
-2814
0
0
0
0
0
0
0
0
0
0
0
-3326
-338
-1463
-2862
-22084
0
0
0
0
0
0
0
0
0
0
0
-3331
-937
-3907
-2236
-3470
0
0
0
0
0
0
0
0
0
0
0
-3703
-1952
-1813
-3529
-19276
0
0
0
0
0
0
0
0
0
0
0
-3213
-1016
-3371
-1930
-2869
0
0
0
0
0
0
0
0
0
0
0
-1980
-724
-1915
-2863
-17544
0
0
0
0
0
0
0
0
0
0
0
-2733
-2948
-1027
700
-2166
0
0
0
0
0
0
0
0
0
0
0
-1095
-3269
-911
-2124
-15986
0
0
0
0
0
0
0
0
0
0
0
-4103
-3877
-2447
315
-2590
0
0
0
0
0
0
0
0
0
0
0
-2021
-4108
1209
-2522
-22846
0
0
0
0
0
0
0
0
0
0
0
-4758
-4529
-3487
1750
-3557
0
0
0
0
0
0
0
0
0
0
0
-3553
-4580
451
-3401
-13255
0
0
0
0
0
0
0
0
0
0
0
-4510
-3026
-3337
793
-3101
0
0
0
0
0
0
0
0
0
0
0
-4444
-2690
758
-2902
-16874
0
0
0
0
0
0
0
0
0
0
0
-4803
-3587
-2987
-1443
-3308
0
0
0
0
0
0
0
0
0
0
0
-4867
-2465
2222
-3222
-14588
0
0
0
0
0
0
0
0
0
0
0
-5070
-5239
-4903
-1771
-4331
0
0
0
0
0
0
0
0
0
0
0
-5419
-2386
2185
-4346
-13141
0
0
0
0
0
0
0
0
0
0
0
-3662
-3097
-4803
-637
-3588
0
0
0
0
0
0
0
0
0
0
0
-4833
-3004
798
-3447
-20951
0
0
0
0
0
0
0
0
0
0
0
-2874
-2264
-2997
300
-2994
0
0
0
0
0
0
0
0
0
0
0
-3180
-2608
-1274
-2937
-18307
0
0
0
0
0
0
0
0
0
0
0
-1950
-1936
-373
1520
-1852
0
0
0
0
0
0
0
0
0
0
0
-993
-2204
-3542
-1887
-21500
0
0
0
0
0
0
0
0
0
0
0
-4021
-3215
-1773
1667
-2617
0
0
0
0
0
0
0
0
0
0
0
-513
-3535
-2605
-2407
-18848
0
0
0
0
0
0
0
0
0
0
0
-5203
-3734
-3245
3415
-3575
0
0
0
0
0
0
0
0
0
0
0
-2944
-3030
-4013
-3468
-14616
0
0
0
0
0
0
0
0
0
0
0
-3408
-1423
-1454
1708
-2056
0
0
0
0
0
0
0
0
0
0
0
-3151
-1260
-2735
-1943
-19262
0
0
0
0
0
0
0
0
0
0
0
-3805
-1844
-1852
238
-2908
0
0
0
0
0
0
0
0
0
0
0
-3900
-1837
-2338
-2908
-13800
0
0
0
0
0
0
0
0
0
0
0
-3446
-3059
-2521
473
-2835
0
0
0
0
0
0
0
0
0
0
0
-2955
-2816
-1369
-2846
-17234
0
0
0
0
0
0
0
0
0
0
0
-2580
-3045
-2328
1101
-2391
0
0
0
0
0
0
0
0
0
0
0
-3123
-2584
-1079
-2308
-23391
0
0
0
0
0
0
0
0
0
0
0
-2510
-2223
-842
164
-2475
0
0
0
0
0
0
0
0
0
0
0
-2686
-2579
-1189
-2408
-18415
0
0
0
0
0
0
0
0
0
0
0
-1683
-568
-1400
1243
-1517
0
0
0
0
0
0
0
0
0
0
0
-694
-1736
-3107
-1538
-16675
0
0
0
0
0
0
0
0
0
0
0
-4656
-719
-5855
2493
-3576
0
0
0
0
0
0
0
0
0
0
0
-1744
-2984
-4741
-3695
-17243
0
0
0
0
0
0
0
0
0
0
0
-6105
-2426
-7162
3400
-4317
0
0
0
0
0
0
0
0
0
0
0
-2085
-3346
-5323
-4463
-15176
0
0
0
0
0
0
0
0
0
0
0
-4144
-814
-4737
1873
-3021
0
0
0
0
0
0
0
0
0
0
0
-2493
-2464
-3691
-3115
-17576
0
0
0
0
0
0
0
0
0
0
0
-3435
-535
-4283
1000
-3298
0
0
0
0
0
0
0
0
0
0
0
-3383
-2132
-3803
-3346
-17730
0
0
0
0
0
0
0
0
0
0
0
-3792
-1341
-3805
1193
-3033
0
0
0
0
0
0
0
0
0
0
0
-3472
-3308
-1529
-3067
-17758
0
0
0
0
0
0
0
0
0
0
0
-4497
-2487
-2339
1592
-3628
0
0
0
0
0
0
0
0
0
0
0
-3134
-5391
-2783
-3400
-17381
0
0
0
0
0
0
0
0
0
0
0
-2921
-2064
1416
91
-2404
0
0
0
0
0
0
0
0
0
0
0
-2295
-3264
-3528
-2237
-24308
0
0
0
0
0
0
0
0
0
0
0
-1878
-333
-1924
224
-1870
0
0
0
0
0
0
0
0
0
0
0
-1183
-2362
-2085
-1935
-18701
0
0
0
0
0
0
0
0
0
0
0
-4413
543
-5363
1892
-3099
0
0
0
0
0
0
0
0
0
0
0
-2631
-2586
-3961
-3262
-23359
0
0
0
0
0
0
0
0
0
0
0
-6363
-3126
-7498
4915
-4393
0
0
0
0
0
0
0
0
0
0
0
-3612
-3496
-4829
-4487
-18222
0
0
0
0
0
0
0
0
0
0
0
-6040
-4468
-7034
6548
-5202
0
0
0
0
0
0
0
0
0
0
0
-5512
-4891
-5618
-5261
-16911
0
0
0
0
0
0
0
0
0
0
0
-4252
-1104
-5254
2168
-3884
0
0
0
0
0
0
0
0
0
0
0
-5309
-3009
-2738
-3845
-21083
0
0
0
0
0
0
0
0
0
0
0
-3449
-593
-4415
-220
-2711
0
0
0
0
0
0
0
0
0
0
0
-3330
-319
-1431
-2360
-23698
0
0
0
0
0
0
0
0
0
0
0
-4896
-2257
-3507
1776
-4212
0
0
0
0
0
0
0
0
0
0
0
-2566
-4167
-5221
-3801
-14469
0
0
0
0
0
0
0
0
0
0
0
-3172
-1997
432
467
-3001
0
0
0
0
0
0
0
0
0
0
0
-1429
-3478
-5451
-2741
-19321
0
0
0
0
0
0
0
0
0
0
0
-2371
-1441
-2325
119
-2471
0
0
0
0
0
0
0
0
0
0
0
-1351
-2768
-2508
-2493
-16354
0
0
0
0
0
0
0
0
0
0
0
-5102
-1599
-5397
3776
-3675
0
0
0
0
0
0
0
0
0
0
0
-2856
-4009
-4506
-3698
-20146
0
0
0
0
0
0
0
0
0
0
0
-9053
-6834
-9289
9011
-6802
0
0
0
0
0
0
0
0
0
0
0
-6670
-5618
-8349
-6935
-14058
0
0
0
0
0
0
0
0
0
0
0
-12248
-12255
-11991
12761
-11710
0
0
0
0
0
0
0
0
0
0
0
-12666
-12373
-12086
-11879
14848
0
0
0
0
0
0
0
0
0
0
0
-7969
-7211
-7546
8298
-7666
0
0
0
0
0
0
0
0
0
0
0
-9717
-7787
-7300
-7558
-7379
0
0
0
0
0
0
0
0
0
0
0
-3628
-2464
-4435
930
-3044
0
0
0
0
0
0
0
0
0
0
0
-3321
-1528
-2135
-2838
-26196
0
0
0
0
0
0
0
0
0
0
0
-3150
-2550
-4245
-82
-2942
0
0
0
0
0
0
0
0
0
0
0
-148
-2018
-3158
-2832
-24004
0
0
0
0
0
0
0
0
0
0
0
-1671
-574
-781
187
-1838
0
0
0
0
0
0
0
0
0
0
0
-559
-2189
-3483
-1789
-18394
0
0
0
0
0
0
0
0
0
0
0
-1310
-1459
-749
-165
-1430
0
0
0
0
0
0
0
0
0
0
0
-905
-1492
-728
-1239
-15015
0
0
0
0
0
0
0
0
0
0
0
-1647
-1198
-1151
869
-1245
0
0
0
0
0
0
0
0
0
0
0
-1310
-1364
-965
-1036
-18550
0
0
0
0
0
0
0
0
0
0
0
-2174
-1968
-2129
3056
-1634
0
0
0
0
0
0
0
0
0
0
0
-2832
-809
-2785
-1494
-20250
0
0
0
0
0
0
0
0
0
0
0
-4295
-4256
-3806
6461
-3914
0
0
0
0
0
0
0
0
0
0
0
-5776
-5086
-4672
-3834
-17550
0
0
0
0
0
0
0
0
0
0
0
-4110
-3383
-3478
4280
-3211
0
0
0
0
0
0
0
0
0
0
0
-4257
-4537
-2614
-3049
-24111
0
0
0
0
0
0
0
0
0
0
0
-3676
-2947
-3605
494
-2655
0
0
0
0
0
0
0
0
0
0
0
-2740
-3174
454
-2533
-20649
0
0
0
0
0
0
0
0
0
0
0
-4005
-3685
-3171
-1633
-3285
0
0
0
0
0
0
0
0
0
0
0
-2653
-3349
903
-3297
-12228
0
0
0
0
0
0
0
0
0
0
0
-1561
-1492
-1225
-76
-1859
0
0
0
0
0
0
0
0
0
0
0
-1863
-1955
-1150
-1735
-19259
0
0
0
0
0
0
0
0
0
0
0
0
0
0
0
0
0
0
0
0
0
0
0
0
0
0
0
0
0
0
0
0
0
0
0
0
0
0
0
0
0
0
0
0
0
0
0
0
0
0
0
0
0
0
0
0
0
0
0
0
0
0
0
0
0
0
0
0
0
0
0
0
0
0
0
0
0
0
0
0
0
0
0
0
0
0
0
0
0
0
0
0
0
0
0
0
0
0
0
0
0
0
0
0
0
0
0
0
0
0
0
0
0
0
0
0
0
0
0
0
0
0
0
0
0
0
0
0
0
0
0
0
0
0
0
0
0
0
0
0
0
0
0
0
0
0
0
0
0
0
0
0
0
0
0
0
0
0
0
0
0
0
0
0
0
0
0
0
0
0
0
0
0
0
0
0
0
0
0
0
0
0
0
0
0
0
0
0
0
0
0
0
0
0
0
0
0
0
0
0
0
0
0
0
0
0
0
0
0
0
0
0
0
0
0
0
0
0
0
0
0
0
0
0
0
0
0
0
0
0
0
0
0
0
0
0
0
0
0
0
0
0
0
0
0
0
0
0
0
0
0
0
0
0
0
0
0
0
0
0
0
0
0
0
0
0
0
0
0
0
0
0
0
0
0
0
0
0
0
0
0
0
0
0
0
0
0
0
0
0
0
0
0
0
0
0
0
0
0
0
0
0
0
0
0
0
0
0
0
0
0
0
0
0
0
0
0
0
0
0
0
0
0
0
0
0
0
0
0
0
0
0
0
0
0
0
0
0
0
0
0
0
0
0
0
0
0
0
0
0
0
0
0
0
0
0
0
0
0
0
0
0
0
0
0
0
0
0
0
0
0
0
0
0
0
0
0
0
0
0
0
0
0
0
0
0
0
0
0
0
0
0
0
0
0
0
0
0
0
0
0
0
0
0
0
0
0
0
0
0
0
0
0
0
0
0
0
0
0
0
0
0
0
0
0
0
0
0
0
0
0
0
0
0
0
0
0
0
0
0
0
0
0
0
0
0
0
0
0
0
0
0
0
0
0
0
0
0
0
0
0
0
0
0
0
0
0
0
0
0
0
0
0
0
0
0
0
0
0
0
0
0
0
0
0
0
0
0
0
0
0
0
0
0
0
0
0
0
0
0
0
0
0
0
0
0
0
0
0
0
0
0
0
0
0
0
0
0
0
0
0
0
0
0
0
0
0
0
0
0
0
0
0
0
0
0
0
0
0
0
0
0
0
0
0
0
0
0
0
0
0
0
0
0
0
0
0
0
0
0
0
0
0
0
0
0
0
0
0
0
0
0
0
0
0
0
0
0
0
0
0
0
0
0
0
0
0
0
0
0
0
0
0
0
0
0
0
0
0
0
0
0
0
0
0
0
0
0
0
0
0
0
0
0
0
0
0
0
0
0
0
0
0
0
0
0
0
0
0
0
0
0
0
0
0
0
0
0
0
0
0
0
0
0
0
0
0
0
0
0
0
0
0
0
0
0
0
0
0
0
0
0
0
0
0
0
0
0
0
0
0
0
0
0
0
0
0
0
0
0
0
0
0
0
0
0
0
0
0
0
0
0
0
0
0
0
0
0
0
0
0
0
0
0
0
0
0
0
0
0
0
0
0
0
0
0
0
0
0
0
0
0
0
0
0
0
0
0
0
0
0
0
0
0
0
0
0
0
0
0
0
0
0
0
0
0
0
0
0
0
0
0
0
0
0
0
0
0
0
0
0
0
0
0
0
0
0
0
0
0
0
0
0
0
0
0
0
0
0
0
0
0
0
0
0
0
0
0
0
0
0
0
0
0
0
0
0
0
0
0
0
0
0
0
0
0
0
0
0
0
0
0
0
0
0
0
0
0
0
0
0
0
0
0
0
0
0
0
0
0
0
0
0
0
0
0
0
0
0
0
0
0
0
0
0
0
0
0
0
0
0
0
0
0
0
0
0
0
0
0
0
0
0
0
0
0
0
0
0
0
0
0
0
0
0
0
0
0
0
0
0
0
0
0
0
0
0
0
0
0
0
0
0
0
0
0
0
0
0
0
0
0
0
0
0
0
0
0
0
0
0
0
0
0
0
0
0
0
0
0
0
0
0
0
0
0
0
0
0
0
0
0
0
0
0
0
0
0
0
0
0
0
0
0
0
0
0
0
0
0
0
0
0
0
0
0
0
0
0
0
0
0
0
0
0
0
0
0
0
0
0
0
0
0
0
0
0
0
0
0
0
0
0
0
0
0
0
0
0
0
0
0
0
0
0
0
0
0
0
0
0
0
0
0
0
0
0
0
0
0
0
0
0
0
0
0
0
0
0
0
0
0
0
0
0
0
0
0
0
0
0
0
0
0
0
0
0
0
0
0
0
0
0
0
0
0
0
0
0
0
0
0
0
0
0
0
0
0
0
0
0
0
0
0
0
0
0
0
0
0
0
0
0
0
0
0
0
0
0
0
0
0
0
0
0
0
0
0
0
0
0
0
0
0
0
0
0
0
0
0
0
0
0
0
0
0
0
0
0
0
0
0
0
0
0
0
0
0
0
0
0
0
0
0
0
0
0
0
0
0
0
0
0
0
0
0
0
0
0
0
0
0
0
0
0
0
0
0
0
0
0
0
0
0
0
0
0
0
0
0
0
0
0
0
0
0
0
0
0
0
0
0
0
0
0
0
0
0
0
0
0
0
0
0
0
0
0
0
0
0
0
0
0
0
0
0
0
0
0
0
0
0
0
0
0
0
0
0
0
0
0
0
0
0
0
0
0
0
0
0
0
0
0
0
0
0
0
0
0
0
0
0
0
0
0
0
0
0
0
0
0
0
0
0
0
0
0
0
0
0
0
0
0
0
0
0
0
0
0
0
0
0
0
0
0
0
0
0
0
0
0
0
0
0
0
0
0
0
0
0
0
0
0
0
0
0
0
0
0
0
0
0
0
0
0
0
0
0
0
0
0
0
0
0
0
0
0
0
0
0
0
0
0
0
0
0
0
0
0
0
0
0
0
0
0
0
0
0
0
0
0
0
0
0
0
0
0
0
0
0
0
0
0
0
0
0
0
0
0
0
0
0
0
0
0
0
0
0
0
0
0
0
0
0
0
0
0
0
0
0
0
0
0
0
0
0
0
0
0
0
0
0
0
0
0
0
0
0
0
0
0
0
0
0
0
0
0
0
0
0
0
0
0
0
0
0
0
0
0
0
0
0
0
0
0
0
0
0
0
0
0
0
0
0
0
0
0
0
0
0
0
0
0
0
0
0
0
0
0
0
0
0
0
0
0
0
0
0
0
0
0
0
0
0
0
0
0
0
0
0
0
0
0
0
0
0
0
0
0
0
0
0
0
0
0
0
0
0
0
0
0
0
0
0
0
0
0
0
0
0
0
0
0
0
0
0
0
0
0
0
0
0
0
0
0
0
0
0
0
0
0
0
0
0
0
0
0
0
0
0
0
0
0
0
0
0
0
0
0
0
0
0
0
0
0
0
0
0
0
0
0
0
0
0
0
0
0
0
0
0
0
0
0
0
0
0
0
0
0
0
0
0
0
0
0
0
0
0
0
0
0
0
0
0
0
0
0
0
0
0
0
0
0
0
0
0
0
0
0
0
0
0
0
0
0
0
0
0
0
0
0
0
0
0
0
0
0
0
0
0
0
0
0
0
0
0
0
0
0
0
0
0
0
0
0
0
0
0
0
0
0
0
0
0
0
0
0
0
0
0
0
0
0
0
0
0
0
0
0
0
0
0
0
0
0
0
0
0
0
0
0
0
0
0
0
0
0
0
0
0
0
0
0
0
0
0
0
0
0
0
0
0
0
0
0
0
0
0
0
0
0
0
0
0
0
0
0
0
0
0
0
0
0
0
0
0
0
0
0
0
0
0
0
0
0
0
0
0
0
0
0
0
0
0
0
0
0
0
0
0
0
0
0
0
0
0
0
0
0
0
0
0
0
0
0
0
0
0
0
0
0
0
0
0
0
0
0
0
0
0
0
0
0
0
0
0
0
0
0
0
0
0
0
0
0
0
0
0
0
0
0
0
0
0
0
0
0
0
0
0
0
0
0
0
0
0
0
0
0
0
0
0
0
0
0
0
0
0
0
0
0
0
0
0
0
0
0
0
0
0
0
0
0
0
0
0
0
0
0
0
0
0
0
0
0
0
0
0
0
0
0
0
0
0
0
0
0
0
0
0
0
0
0
0
0
0
0
0
0
0
0
0
0
0
0
0
0
0
0
0
0
0
0
0
0
0
0
0
0
0
0
0
0
0
0
0
0
0
0
0
0
0
0
0
0
0
0
0
0
0
0
0
0
0
0
0
0
0
0
0
0
0
0
0
0
0
0
0
0
0
0
0
0
0
0
0
0
0
0
0
0
0
0
0
0
0
0
0
0
0
0
0
0
0
0
0
0
0
0
0
0
0
0
0
0
0
0
0
0
0
0
0
0
0
0
0
0
0
0
0
0
0
0
0
0
0
0
0
0
0
0
0
0
0
0
0
0
0
0
0
0
0
0
0
0
0
0
0
0
0
0
0
0
0
0
0
0
0
0
0
0
0
0
0
0
0
0
0
0
0
0
0
0
0
0
0
0
0
0
0
0
0
0
0
0
0
0
0
0
0
0
0
0
0
0
0
0
0
0
0
0
0
0
0
0
0
0
0
0
0
0
0
0
0
0
0
0
0
0
0
0
0
0
0
0
0
0
0
0
0
0
0
0
0
0
0
0
0
0
0
0
0
0
0
0
0
0
0
0
0
0
0
0
0
0
0
0
0
0
0
0
0
0
0
0
0
0
0
0
0
0
0
0
0
0
0
0
0
0
0
0
0
0
0
0
0
0
0
0
0
0
0
0
0
0
0
0
0
0
0
0
0
0
0
0
0
0
0
0
0
0
0
0
0
0
0
0
0
0
0
0
0
0
0
0
0
0
0
0
0
0
0
0
0
0
0
0
0
0
0
0
0
0
0
0
0
0
0
0
0
0
0
0
0
0
0
0
0
0
0
0
0
0
0
0
0
0
0
0
0
0
0
0
0
0
0
0
0
0
0
0
0
0
0
0
0
0
0
0
0
0
0
0
0
0
0
0
0
0
0
0
0
0
0
0
0
0
0
0
0
0
0
0
0
0
0
0
0
0
0
0
0
0
0
0
0
0
0
0
0
0
0
0
0
0
0
0
0
0
0
0
0
0
0
0
0
0
0
0
0
0
0
0
0
0
0
0
0
0
0
0
0
0
0
0
0
0
0
0
0
0
0
0
0
0
0
0
0
0
0
0
0
0
0
0
0
0
0
0
0
0
0
0
0
0
0
0
0
0
0
0
0
0
0
0
0
0
0
0
0
0
0
0
0
0
0
0
0
0
0
0
0
0
0
0
0
0
0
0
0
0
0
0
0
0
0
0
0
0
0
0
0
0
0
0
0
0
0
0
0
0
0
0
0
0
0
0
0
0
0
0
0
0
0
0
0
0
0
0
0
0
0
0
0
0
0
0
0
0
0
0
0
0
0
0
0
0
0
0
0
0
0
0
0
0
0
0
0
0
0
0
0
0
0
0
0
0
0
0
0
0
0
0
0
0
0
0
0
0
0
0
0
0
0
0
0
0
0
0
0
0
0
0
0
0
0
0
0
0
0
0
0
0
0
0
0
0
0
0
0
0
0
0
0
0
0
0
0
0
0
0
0
0
0
0
0
0
0
0
0
0
0
0
0
0
0
0
0
0
0
0
0
0
0
0
0
0
0
0
0
0
0
0
0
0
0
0
0
0
0
0
0
0
0
0
0
0
0
0
0
0
0
0
0
0
0
0
0
0
0
0
0
0
0
0
0
0
0
0
0
0
0
0
0
0
0
0
0
0
0
0
0
0
0
0
0
0
0
0
0
0
0
0
0
0
0
0
0
0
0
0
0
0
0
0
0
0
0
0
0
0
0
0
0
0
0
0
0
0
0
0
0
0
0
0
0
0
0
0
0
0
0
0
0
0
0
0
0
0
0
0
0
0
0
0
0
0
0
0
0
0
0
0
0
0
0
0
0
0
0
0
0
0
0
0
0
0
0
0
0
0
0
0
0
0
0
0
0
0
0
0
0
0
0
0
0
0
0
0
0
0
0
0
0
0
0
0
0
0
0
0
0
0
0
0
0
0
0
0
0
0
0
0
0
0
0
0
0
0
0
0
0
0
0
0
0
0
0
0
0
0
0
0
0
0
0
0
0
0
0
0
0
0
0
0
0
0
0
0
0
0
0
0
0
0
0
0
0
0
0
0
0
0
0
0
0
0
0
0
0
0
0
0
0
0
0
0
0
0
0
0
0
0
0
0
0
0
0
0
0
0
0
0
0
0
0
0
0
0
0
0
0
0
0
0
0
0
0
0
0
0
0
0
0
0
0
0
0
0
0
0
0
0
0
0
0
0
0
0
0
0
0
0
0
0
0
0
0
0
0
0
0
0
0
0
0
0
0
0
0
0
0
0
0
0
0
0
0
0
0
0
0
0
0
0
0
0
0
0
0
0
0
0
0
0
0
0
0
0
0
0
0
0
0
0
0
0
0
0
0
0
0
0
0
0
0
0
0
0
0
0
0
0
0
0
0
0
0
0
0
0
0
0
0
0
0
0
0
0
0
0
0
0
0
0
0
0
0
0
0
0
0
0
0
0
0
0
0
0
0
0
0
0
0
0
0
0
0
0
0
0
0
0
0
0
0
0
0
0
0
0
0
0
0
0
0
0
0
0
0
0
0
0
0
0
0
0
0
0
0
0
0
0
0
0
0
0
0
0
0
0
0
0
0
0
0
0
0
0
0
0
0
0
0
0
0
0
0
0
0
0
0
0
0
0
0
0
0
0
0
0
0
0
0
0
0
0
0
0
0
0
0
0
0
0
0
0
0
0
0
0
0
0
0
0
0
0
0
0
0
0
0
0
0
0
0
0
0
0
0
0
0
0
0
0
0
0
0
0
0
0
0
0
0
0
0
0
0
0
0
0
0
0
0
0
0
0
0
0
0
0
0
0
0
0
0
0
0
0
0
0
0
0
0
0
0
0
0
0
0
0
0
0
0
0
0
0
0
0
0
0
0
0
0
0
0
0
0
0
0
0
0
0
0
0
0
0
0
0
0
0
0
0
0
0
0
0
0
0
0
0
0
0
0
0
0
0
0
0
0
0
0
0
0
0
0
0
0
0
0
0
0
0
0
0
0
0
0
0
0
0
0
0
0
0
0
0
0
0
0
0
0
0
0
0
0
0
0
0
0
0
0
0
0
0
0
0
0
0
0
0
0
0
0
0
0
0
0
0
0
0
0
0
0
0
0
0
0
0
0
0
0
0
0
0
0
0
0
0
0
0
0
0
0
0
0
0
0
0
0
0
0
0
0
0
0
0
0
0
0
0
0
0
0
0
0
0
0
0
0
0
0
0
0
0
0
0
0
0
0
0
0
0
0
0
0
0
0
0
0
0
0
0
0
0
0
0
0
0
0
0
0
0
0
0
0
0
0
0
0
0
0
0
0
0
0
0
0
0
0
0
0
0
0
0
0
0
0
0
0
0
0
0
0
0
0
0
0
0
0
0
0
0
0
0
0
0
0
0
0
0
0
0
0
0
0
0
0
0
0
0
0
0
0
0
0
0
0
0
0
0
0
0
0
0
0
0
0
0
0
0
0
0
0
0
0
0
0
0
0
0
0
0
0
0
0
0
0
0
0
0
0
0
0
0
0
0
0
0
0
0
0
0
0
0
0
0
0
0
0
0
0
0
0
0
0
0
0
0
0
0
0
0
0
0
0
0
0
0
0
0
0
0
0
0
0
0
0
0
0
0
0
0
0
0
0
0
0
0
0
0
0
0
0
0
0
0
0
0
0
0
0
0
0
0
0
0
0
0
0
0
0
0
0
0
0
0
0
0
0
0
0
0
0
0
0
0
0
0
0
0
0
0
0
0
0
0
0
0
0
0
0
0
0
0
0
0
0
0
0
0
0
0
0
0
0
0
0
0
0
0
0
0
0
0
0
0
0
0
0
0
0
0
0
0
0
0
0
0
0
0
0
0
0
0
0
0
0
0
0
0
0
0
0
0
0
0
0
0
0
0
0
0
0
0
0
0
0
0
0
0
0
0
0
0
0
0
0
0
0
0
0
0
0
0
0
0
0
0
0
0
0
0
0
0
0
0
0
0
0
0
0
0
0
0
0
0
0
0
0
0
0
0
0
0
0
0
0
0
0
0
0
0
0
0
0
0
0
0
0
0
0
0
0
0
0
0
0
0
0
0
0
0
0
0
0
0
0
0
0
0
0
0
0
0
0
0
0
0
0
0
0
0
0
0
0
0
0
0
0
0
0
0
0
0
0
0
0
0
0
0
0
0
0
0
0
0
0
0
0
0
0
0
0
0
0
0
0
0
0
0
0
0
0
0
0
0
0
0
0
0
0
0
0
0
0
0
0
0
0
0
0
0
0
0
0
0
0
0
0
0
0
0
0
0
0
0
0
0
0
0
0
0
0
0
0
0
0
0
0
0
0
0
0
0
0
0
0
0
0
0
0
0
0
0
0
0
0
0
0
0
0
0
0
0
0
0
0
0
0
0
0
0
0
0
0
0
0
0
0
0
0
0
0
0
0
0
0
0
0
0
0
0
0
0
0
0
0
0
0
0
0
0
0
0
0
0
0
0
0
0
0
0
0
0
0
0
0
0
0
0
0
0
0
0
0
0
0
0
0
0
0
0
0
0
0
0
0
0
0
0
0
0
0
0
0
0
0
0
0
0
0
0
0
0
0
0
0
0
0
0
0
0
0
0
0
0
0
0
0
0
0
0
0
0
0
0
0
0
0
0
0
0
0
0
0
0
0
0
0
0
0
0
0
0
0
0
0
0
0
0
0
0
0
0
0
0
0
0
0
0
0
0
0
0
0
0
0
0
0
0
0
0
0
0
0
0
0
0
0
0
0
0
0
0
0
0
0
0
0
0
0
0
0
0
0
0
0
0
0
0
0
0
0
0
0
0
0
0
0
0
0
0
0
0
0
0
0
0
0
0
0
0
0
0
0
0
0
0
0
0
0
0
0
0
0
0
0
0
0
0
0
0
0
0
0
0
0
0
0
0
0
0
0
0
0
0
0
0
0
0
0
0
0
0
0
0
0
0
0
0
0
0
0
0
0
0
0
0
0
0
0
0
0
0
0
0
0
0
0
0
0
0
0
0
0
0
0
0
0
0
0
0
0
0
0
0
0
0
0
0
0
0
0
0
0
0
0
0
0
0
0
0
0
0
0
0
0
0
0
0
0
0
0
0
0
0
0
0
0
0
0
0
0
0
0
0
0
0
0
0
0
0
0
0
0
0
0
0
0
0
0
0
0
0
0
0
0
0
0
0
0
0
0
0
0
0
0
0
0
0
0
0
0
0
0
0
0
0
0
0
0
0
0
0
0
0
0
0
0
0
0
0
0
0
0
0
0
0
0
0
0
0
0
0
0
0
0
0
0
0
0
0
0
0
0
0
0
0
0
0
0
0
0
0
0
0
0
0
0
0
0
0
0
0
0
0
0
0
0
0
0
0
0
0
0
0
0
0
0
0
0
0
0
0
0
0
0
0
0
0
0
0
0
0
0
0
0
0
0
0
0
0
0
0
0
0
0
0
0
0
0
0
0
0
0
0
0
0
0
0
0
0
0
0
0
0
0
0
0
0
0
0
0
0
0
0
0
0
0
0
0
0
0
0
0
0
0
0
0
0
0
0
0
0
0
0
0
0
0
0
0
0
0
0
0
0
0
0
0
0
0
0
0
0
0
0
0
0
0
0
0
0
0
0
0
0
0
0
0
0
0
0
0
0
0
0
0
0
0
0
0
0
0
0
0
0
0
0
0
0
0
0
0
0
0
0
0
0
0
0
0
0
0
0
0
0
0
0
0
0
0
0
0
0
0
0
0
0
0
0
0
0
0
0
0
0
0
0
0
0
0
0
0
0
0
0
0
0
0
0
0
0
0
0
0
0
0
0
0
0
0
0
0
0
0
0
0
0
0
0
0
0
0
0
0
0
0
0
0
0
0
0
0
0
0
0
0
0
0
0
0
0
0
0
0
0
0
0
0
0
0
0
0
0
0
0
0
0
0
0
0
0
0
0
0
0
0
0
0
0
0
0
0
0
0
0
0
0
0
0
0
0
0
0
0
0
0
0
0
0
0
0
0
0
0
0
0
0
0
0
0
0
0
0
0
0
0
0
0
0
0
0
0
0
0
0
0
0
0
0
0
0
0
0
0
0
0
0
0
0
0
0
0
0
0
0
0
0
0
0
0
0
0
0
0
0
0
0
0
0
0
0
0
0
0
0
0
0
0
0
0
0
0
0
0
0
0
0
0
0
0
0
0
0
0
0
0
0
0
0
0
0
0
0
0
0
0
0
0
0
0
0
0
0
0
0
0
0
0
0
0
0
0
0
0
0
0
0
0
0
0
0
0
0
0
0
0
0
0
0
0
0
0
0
0
0
0
0
0
0
0
0
0
0
0
0
0
0
0
0
0
0
0
0
0
0
0
0
0
0
0
0
0
0
0
0
0
0
0
0
0
0
0
0
0
0
0
0
0
0
0
0
0
0
0
0
0
0
0
0
0
0
0
0
0
0
0
0
0
0
0
0
0
0
0
0
0
0
0
0
0
0
0
0
0
0
0
0
0
0
0
0
0
0
0
0
0
0
0
0
0
0
0
0
0
0
0
0
0
0
0
0
0
0
0
0
0
0
0
0
0
0
0
0
0
0
0
0
0
0
0
0
0
0
0
0
0
0
0
0
0
0
0
0
0
0
0
0
0
0
0
0
0
0
0
0
0
0
0
0
0
0
0
0
0
0
0
0
0
0
0
0
0
0
0
0
0
0
0
0
0
0
0
0
0
0
0
0
0
0
0
0
0
0
0
0
0
0
0
0
0
0
0
0
0
0
0
0
0
0
0
0
0
0
0
0
0
0
0
0
0
0
0
0
0
0
0
0
0
0
0
0
0
0
0
0
0
0
0
0
0
0
0
0
0
0
0
0
0
0
0
0
0
0
0
0
0
0
0
0
0
0
0
0
0
0
0
0
0
0
0
0
0
0
0
0
0
0
0
0
0
0
0
0
0
0
0
0
0
0
0
0
0
0
0
0
0
0
0
0
0
0
0
0
0
0
0
0
0
0
0
0
0
0
0
0
0
0
0
0
0
0
0
0
0
0
0
0
0
0
0
0
0
0
0
0
0
0
0
0
0
0
0
0
0
0
0
0
0
0
0
0
0
0
0
0
0
0
0
0
0
0
0
0
0
0
0
0
0
0
0
0
0
0
0
0
0
0
0
0
0
0
0
0
0
0
0
0
0
0
0
0
0
0
0
0
0
0
0
0
0
0
0
0
0
0
0
0
0
0
0
0
0
0
0
0
0
0
0
0
0
0
0
0
0
0
0
0
0
0
0
0
0
0
0
0
0
0
0
0
0
0
0
0
0
0
0
0
0
0
0
0
0
0
0
0
0
0
0
0
0
0
0
0
0
0
0
0
0
0
0
0
0
0
0
0
0
0
0
0
0
0
0
0
0
0
0
0
0
0
0
0
0
0
0
0
0
0
0
0
0
0
0
0
0
0
0
0
0
0
0
0
0
0
0
0
0
0
0
0
0
0
0
0
0
0
0
0
0
0
0
0
0
0
0
0
0
0
0
0
0
0
0
0
0
0
0
0
0
0
0
0
0
0
0
0
0
0
0
0
0
0
0
0
0
0
0
0
0
0
0
0
0
0
0
0
0
0
0
0
0
0
0
0
0
0
0
0
0
0
0
0
0
0
0
0
0
0
0
0
0
0
0
0
0
0
0
0
0
0
0
0
0
0
0
0
0
0
0
0
0
0
0
0
0
0
0
0
0
0
0
0
0
0
0
0
0
0
0
0
0
0
0
0
0
0
0
0
0
0
0
0
0
0
0
0
0
0
0
0
0
0
0
0
0
0
0
0
0
0
0
0
0
0
0
0
0
0
0
0
0
0
0
0
0
0
0
0
0
0
0
0
0
0
0
0
0
0
0
0
0
0
0
0
0
0
0
0
0
0
0
0
0
0
0
0
0
0
0
0
0
0
0
0
0
0
0
0
0
0
0
0
0
0
0
0
0
0
0
0
0
0
0
0
0
0
0
0
0
0
0
0
0
0
0
0
0
0
0
0
0
0
0
0
0
0
0
0
0
0
0
0
0
0
0
0
0
0
0
0
0
0
0
0
0
0
0
0
0
0
0
0
0
0
0
0
0
0
0
0
0
0
0
0
0
0
0
0
0
0
0
0
0
0
0
0
0
0
0
0
0
0
0
0
0
0
0
0
0
0
0
0
0
0
0
0
0
0
0
0
0
0
0
0
0
0
0
0
0
0
0
0
0
0
0
0
0
0
0
0
0
0
0
0
0
0
0
0
0
0
0
0
0
0
0
0
0
0
0
0
0
0
0
0
0
0
0
0
0
0
0
0
0
0
0
0
0
0
0
0
0
0
0
0
0
0
0
0
0
0
0
0
0
0
0
0
0
0
0
0
0
0
0
0
0
0
0
0
0
0
0
0
0
0
0
0
0
0
0
0
0
0
0
0
0
0
0
0
0
0
0
0
0
0
0
0
0
0
0
0
0
0
0
0
0
0
0
0
0
0
0
0
0
0
0
0
0
0
0
0
0
0
0
0
0
0
0
0
0
0
0
0
0
0
0
0
0
0
0
0
0
0
0
0
0
0
0
0
0
0
0
0
0
0
0
0
0
0
0
0
0
0
0
0
0
0
0
0
0
0
0
0
0
0
0
0
0
0
0
0
0
0
0
0
0
0
0
0
0
0
0
0
0
0
0
0
0
0
0
0
0
0
0
0
0
0
0
0
0
0
0
0
0
0
0
0
0
0
0
0
0
0
0
0
0
0
0
0
0
0
0
0
0
0
0
0
0
0
0
0
0
0
0
0
0
0
0
0
0
0
0
0
0
0
0
0
0
0
0
0
0
0
0
0
0
0
0
0
0
0
0
0
0
0
0
0
0
0
0
0
0
0
0
0
0
0
0
0
0
0
0
0
0
0
0
0
0
0
0
0
0
0
0
0
0
0
0
0
0
0
0
0
0
0
0
0
0
0
0
0
0
0
0
0
0
0
0
0
0
0
0
0
0
0
0
0
0
0
0
0
0
0
0
0
0
0
0
0
0
0
0
0
0
0
0
0
0
0
0
0
0
0
0
0
0
0
0
0
0
0
0
0
0
0
0
0
0
0
0
0
0
0
0
0
0
0
0
0
0
0
0
0
0
0
0
0
0
0
0
0
0
0
0
0
0
0
0
0
0
0
0
0
0
0
0
0
0
0
0
0
0
0
0
0
0
0
0
0
0
0
0
0
0
0
0
0
0
0
0
0
0
0
0
0
0
0
0
0
0
0
0
0
0
0
0
0
0
0
0
0
0
0
0
0
0
0
0
0
0
0
0
0
0
0
0
0
0
0
0
0
0
0
0
0
0
0
0
0
0
0
0
0
0
0
0
0
0
0
0
0
0
0
0
0
0
0
0
0
0
0
0
0
0
0
0
0
0
0
0
0
0
0
0
0
0
0
0
0
0
0
0
0
0
0
0
0
0
0
0
0
0
0
0
0
0
0
0
0
0
0
0
0
0
0
0
0
0
0
0
0
0
0
0
0
0
0
0
0
0
0
0
0
0
0
0
0
0
0
0
0
0
0
0
0
0
0
0
0
0
0
0
0
0
0
0
0
0
0
0
0
0
0
0
0
0
0
0
0
0
0
0
0
0
0
0
0
0
0
0
0
0
0
0
0
0
0
0
0
0
0
0
0
0
0
0
0
0
0
0
0
0
0
0
0
0
0
0
0
0
0
0
0
0
0
0
0
0
0
0
0
0
0
0
0
0
0
0
0
0
0
0
0
0
0
0
0
0
0
0
0
0
0
0
0
0
0
0
0
0
0
0
0
0
0
0
0
0
0
0
0
0
0
0
0
0
0
0
0
0
0
0
0
0
0
0
0
0
0
0
0
0
0
0
0
0
0
0
0
0
0
0
0
0
0
0
0
0
0
0
0
0
0
0
0
0
0
0
0
0
0
0
0
0
0
0
0
0
0
0
0
0
0
0
0
0
0
0
0
0
0
0
0
0
0
0
0
0
0
0
0
0
0
0
0
0
0
0
0
0
0
0
0
0
0
0
0
0
0
0
0
0
0
0
0
0
0
0
0
0
0
0
0
0
0
0
0
0
0
0
0
0
0
0
0
0
0
0
0
0
0
0
0
0
0
0
0
0
0
0
0
0
0
0
0
0
0
0
0
0
0
0
0
0
0
0
0
0
0
0
0
0
0
0
0
0
0
0
0
0
0
0
0
0
0
0
0
0
0
0
0
0
0
0
0
0
0
0
0
0
0
0
0
0
0
0
0
0
0
0
0
0
0
0
0
0
0
0
0
0
0
0
0
0
0
0
0
0
0
0
0
0
0
0
0
0
0
0
0
0
0
0
0
0
0
0
0
0
0
0
0
0
0
0
0
0
0
0
0
0
0
0
0
0
0
0
0
0
0
0
0
0
0
0
0
0
0
0
0
0
0
0
0
0
0
0
0
0
0
0
0
0
0
0
0
0
0
0
0
0
0
0
0
0
0
0
0
0
0
0
0
0
0
0
0
0
0
0
0
0
0
0
0
0
0
0
0
0
0
0
0
0
0
0
0
0
0
0
0
0
0
0
0
0
0
0
0
0
0
0
0
0
0
0
0
0
0
0
0
0
0
0
0
0
0
0
0
0
0
0
0
0
0
0
0
0
0
0
0
0
0
0
0
0
0
0
0
0
0
0
0
0
0
0
0
0
0
0
0
0
0
0
0
0
0
0
0
0
0
0
0
0
0
0
0
0
0
0
0
0
0
0
0
0
0
0
0
0
0
0
0
0
0
0
0
0
0
0
0
0
0
0
0
0
0
0
0
0
0
0
0
0
0
0
0
0
0
0
0
0
0
0
0
0
0
0
0
0
0
0
0
0
0
0
0
0
0
0
0
0
0
0
0
0
0
0
0
0
0
0
0
0
0
0
0
0
0
0
0
0
0
0
0
0
0
0
0
0
0
0
0
0
0
0
0
0
0
0
0
0
0
0
0
0
0
0
0
0
0
0
0
0
0
0
0
0
0
0
0
0
0
0
0
0
0
0
0
0
0
0
0
0
0
0
0
0
0
0
0
0
0
0
0
0
0
0
0
0
0
0
0
0
0
0
0
0
0
0
0
0
0
0
0
0
0
0
0
0
0
0
0
0
0
0
0
0
0
0
0
0
0
0
0
0
0
0
0
0
0
0
0
0
0
0
0
0
0
0
0
0
0
0
0
0
0
0
0
0
0
0
0
0
0
0
0
0
0
0
0
0
0
0
0
0
0
0
0
0
0
0
0
0
0
0
0
0
0
0
0
0
0
0
0
0
0
0
0
0
0
0
0
0
0
0
0
0
0
0
0
0
0
0
0
0
0
0
0
0
0
0
0
0
0
0
0
0
0
0
0
0
0
0
0
0
0
0
0
0
0
0
0
0
0
0
0
0
0
0
0
0
0
0
0
0
0
0
0
0
0
0
0
0
0
0
0
0
0
0
0
0
0
0
0
0
0
0
0
0
0
0
0
0
0
0
0
0
0
0
0
0
0
0
0
0
0
0
0
0
0
0
0
0
0
0
0
0
0
0
0
0
0
0
0
0
0
0
0
0
0
0
0
0
0
0
0
0
0
0
0
0
0
0
0
0
0
0
0
0
0
0
0
0
0
0
0
0
0
0
0
0
0
0
0
0
0
0
0
0
0
0
0
0
0
0
0
0
0
0
0
0
0
0
0
0
0
0
0
0
0
0
0
0
0
0
0
0
0
0
0
0
0
0
0
0
0
0
0
0
0
0
0
0
0
0
0
0
0
0
0
0
0
0
0
0
0
0
0
0
0
0
0
0
0
0
0
0
0
0
0
0
0
0
0
0
0
0
0
0
0
0
0
0
0
0
0
0
0
0
0
0
0
0
0
0
0
0
0
0
0
0
0
0
0
0
0
0
0
0
0
0
0
0
0
0
0
0
0
0
0
0
0
0
0
0
0
0
0
0
0
0
0
0
0
0
0
0
0
0
0
0
0
0
0
0
0
0
0
0
0
0
0
0
0
0
0
0
0
0
0
0
0
0
0
0
0
0
0
0
0
0
0
0
0
0
0
0
0
0
0
0
0
0
0
0
0
0
0
0
0
0
0
0
0
0
0
0
0
0
0
0
0
0
0
0
0
0
0
0
0
0
0
0
0
0
0
0
0
0
0
0
0
0
0
0
0
0
0
0
0
0
0
0
0
0
0
0
0
0
0
0
0
0
0
0
0
0
0
0
0
0
0
0
0
0
0
0
0
0
0
0
0
0
0
0
0
0
0
0
0
0
0
0
0
0
0
0
0
0
0
0
0
0
0
0
0
0
0
0
0
0
0
0
0
0
0
0
0
0
0
0
0
0
0
0
0
0
0
0
0
0
0
0
0
0
0
0
0
0
0
0
0
0
0
0
0
0
0
0
0
0
0
0
0
0
0
0
0
0
0
0
0
0
0
0
0
0
0
0
0
0
0
0
0
0
0
0
0
0
0
0
0
0
0
0
0
0
0
0
0
0
0
0
0
0
0
0
0
0
0
0
0
0
0
0
0
0
0
0
0
0
0
0
0
0
0
0
0
0
0
0
0
0
0
0
0
0
0
0
0
0
0
0
0
0
0
0
0
0
0
0
0
0
0
0
0
0
0
0
0
0
0
0
0
0
0
0
0
0
0
0
0
0
0
0
0
0
0
0
0
0
0
0
0
0
0
0
0
0
0
0
0
0
0
0
0
0
0
0
0
0
0
0
0
0
0
0
0
0
0
0
0
0
0
0
0
0
0
0
0
0
0
0
0
0
0
0
0
0
0
0
0
0
0
0
0
0
0
0
0
0
0
0
0
0
0
0
0
0
0
0
0
0
0
0
0
0
0
0
0
0
0
0
0
0
0
0
0
0
0
0
0
0
0
0
0
0
0
0
0
0
0
0
0
0
0
0
0
0
0
0
0
0
0
0
0
0
0
0
0
0
0
0
0
0
0
0
0
0
0
0
0
0
0
0
0
0
0
0
0
0
0
0
0
0
0
0
0
0
0
0
0
0
0
0
0
0
0
0
0
0
0
0
0
0
0
0
0
0
0
0
0
0
0
0
0
0
0
0
0
0
0
0
0
0
0
0
0
0
0
0
0
0
0
0
0
0
0
0
0
0
0
0
0
0
0
0
0
0
0
0
0
0
0
0
0
0
0
0
0
0
0
0
0
0
0
0
0
0
0
0
0
0
0
0
0
0
0
0
0
0
0
0
0
0
0
0
0
0
0
0
0
0
0
0
0
0
0
0
0
0
0
0
0
0
0
0
0
0
0
0
0
0
0
0
0
0
0
0
0
0
0
0
0
0
0
0
0
0
0
0
0
0
0
0
0
0
0
0
0
0
0
0
0
0
0
0
0
0
0
0
0
0
0
0
0
0
0
0
0
0
0
0
0
0
0
0
0
0
0
0
0
0
0
0
0
0
0
0
0
0
0
0
0
0
0
0
0
0
0
0
0
0
0
0
0
0
0
0
0
0
0
0
0
0
0
0
0
0
0
0
0
0
0
0
0
0
0
0
0
0
0
0
0
0
0
0
0
0
0
0
0
0
0
0
0
0
0
0
0
0
0
0
0
0
0
0
0
0
0
0
0
0
0
0
0
0
0
0
0
0
0
0
0
0
0
0
0
0
0
0
0
0
0
0
0
0
0
0
0
0
0
0
0
0
0
0
0
0
0
0
0
0
0
0
0
0
0
0
0
0
0
0
0
0
0
0
0
0
0
0
0
0
0
0
0
0
0
0
0
0
0
0
0
0
0
0
0
0
0
0
0
0
0
0
0
0
0
0
0
0
0
0
0
0
0
0
0
0
0
0
0
0
0
0
0
0
0
0
0
0
0
0
0
0
0
0
0
0
0
0
0
0
0
0
0
0
0
0
0
0
0
0
0
0
0
0
0
0
0
0
0
0
0
0
0
0
0
0
0
0
0
0
0
0
0
0
0
0
0
0
0
0
0
0
0
0
0
0
0
0
0
0
0
0
0
0
0
0
0
0
0
0
0
0
0
0
0
0
0
0
0
0
0
0
0
0
0
0
0
0
0
0
0
0
0
0
0
0
0
0
0
0
0
0
0
0
0
0
0
0
0
0
0
0
0
0
0
0
0
0
0
0
0
0
0
0
0
0
0
0
0
0
0
0
0
0
0
0
0
0
0
0
0
0
0
0
0
0
0
0
0
0
0
0
0
0
0
0
0
0
0
0
0
0
0
0
0
0
0
0
0
0
0
0
0
0
0
0
0
0
0
0
0
0
0
0
0
0
0
0
0
0
0
0
0
0
0
0
0
0
0
0
0
0
0
0
0
0
0
0
0
0
0
0
0
0
0
0
0
0
0
0
0
0
0
0
0
0
0
0
0
0
0
0
0
0
0
0
0
0
0
0
0
0
0
0
0
0
0
0
0
0
0
0
0
0
0
0
0
0
0
0
0
0
0
0
0
0
0
0
0
0
0
0
0
0
0
0
0
0
0
0
0
0
0
0
0
0
0
0
0
0
0
0
0
0
0
0
0
0
0
0
0
0
0
0
0
0
0
0
0
0
0
0
0
0
0
0
0
0
0
0
0
0
0
0
0
0
0
0
0
0
0
0
0
0
0
0
0
0
0
0
0
0
0
0
0
0
0
0
0
0
0
0
0
0
0
0
0
0
0
0
0
0
0
0
0
0
0
0
0
0
0
0
0
0
0
0
0
0
0
0
0
0
0
0
0
0
0
0
0
0
0
0
0
0
0
0
0
0
0
0
0
0
0
0
0
0
0
0
0
0
0
0
0
0
0
0
0
0
0
0
0
0
0
0
0
0
0
0
0
0
0
0
0
0
0
0
0
0
0
0
0
0
0
0
0
0
0
0
0
0
0
0
0
0
0
0
0
0
0
0
0
0
0
0
0
0
0
0
0
0
0
0
0
0
0
0
0
0
0
0
0
0
0
0
0
0
0
0
0
0
0
0
0
0
0
0
0
0
0
0
0
0
0
0
0
0
0
0
0
0
0
0
0
0
0
0
0
0
0
0
0
0
0
0
0
0
0
0
0
0
0
0
0
0
0
0
0
0
0
0
0
0
0
0
0
0
0
0
0
0
0
0
0
0
0
0
0
0
0
0
0
0
0
0
0
0
0
0
0
0
0
0
0
0
0
0
0
0
0
0
0
0
0
0
0
0
0
0
0
0
0
0
0
0
0
0
0
0
0
0
0
0
0
0
0
0
0
0
0
0
0
0
0
0
0
0
0
0
0
0
0
0
0
0
0
0
0
0
0
0
0
0
0
0
0
0
0
0
0
0
0
0
0
0
0
0
0
0
0
0
0
0
0
0
0
0
0
0
0
0
0
0
0
0
0
0
0
0
0
0
0
0
0
0
0
0
0
0
0
0
0
0
0
0
0
0
0
0
0
0
0
0
0
0
0
0
0
0
0
0
0
0
0
0
0
0
0
0
0
0
0
0
0
0
0
0
0
0
0
0
0
0
0
0
0
0
0
0
0
0
0
0
0
0
0
0
0
0
0
0
0
0
0
0
0
0
0
0
0
0
0
0
0
0
0
0
0
0
0
0
0
0
0
0
0
0
0
0
0
0
0
0
0
0
0
0
0
0
0
0
0
0
0
0
0
0
0
0
0
0
0
0
0
0
0
0
0
0
0
0
0
0
0
0
0
0
0
0
0
0
0
0
0
0
0
0
0
0
0
0
0
0
0
0
0
0
0
0
0
0
0
0
0
0
0
0
0
0
0
0
0
0
0
0
0
0
0
0
0
0
0
0
0
0
0
0
0
0
0
0
0
0
0
0
0
0
0
0
0
0
0
0
0
0
0
0
0
0
0
0
0
0
0
0
0
0
0
0
0
0
0
0
0
0
0
0
0
0
0
0
0
0
0
0
0
0
0
0
0
0
0
0
0
0
0
0
0
0
0
0
0
0
0
0
0
0
0
0
0
0
0
0
0
0
0
0
0
0
0
0
0
0
0
0
0
0
0
0
0
0
0
0
0
0
0
0
0
0
0
0
0
0
0
0
0
0
0
0
0
0
0
0
0
0
0
0
0
0
0
0
0
0
0
0
0
0
0
0
0
0
0
0
0
0
0
0
0
0
0
0
0
0
0
0
0
0
0
0
0
0
0
0
0
0
0
0
0
0
0
0
0
0
0
0
0
0
0
0
0
0
0
0
0
0
0
0
0
0
0
0
0
0
0
0
0
0
0
0
0
0
0
0
0
0
0
0
0
0
0
0
0
0
0
0
0
0
0
0
0
0
0
0
0
0
0
0
0
0
0
0
0
0
0
0
0
0
0
0
0
0
0
0
0
0
0
0
0
0
0
0
0
0
0
0
0
0
0
0
0
0
0
0
0
0
0
0
0
0
0
0
0
0
0
0
0
0
0
0
0
0
0
0
0
0
0
0
0
0
0
0
0
0
0
0
0
0
0
0
0
0
0
0
0
0
0
0
0
0
0
0
0
0
0
0
0
0
0
0
0
0
0
0
0
0
0
0
0
0
0
0
0
0
0
0
0
0
0
0
0
0
0
0
0
0
0
0
0
0
0
0
0
0
0
0
0
0
0
0
0
0
0
0
0
0
0
0
0
0
0
0
0
0
0
0
0
0
0
0
0
0
0
0
0
0
0
0
0
0
0
0
0
0
0
0
0
0
0
0
0
0
0
0
0
0
0
0
0
0
0
0
0
0
0
0
0
0
0
0
0
0
0
0
0
0
0
0
0
0
0
0
0
0
0
0
0
0
0
0
0
0
0
0
0
0
0
0
0
0
0
0
0
0
0
0
0
0
0
0
0
0
0
0
0
0
0
0
0
0
0
0
0
0
0
0
0
0
0
0
0
0
0
0
0
0
0
0
0
0
0
0
0
0
0
0
0
0
0
0
0
0
0
0
0
0
0
0
0
0
0
0
0
0
0
0
0
0
0
0
0
0
0
0
0
0
0
0
0
0
0
0
0
0
0
0
0
0
0
0
0
0
0
0
0
0
0
0
0
0
0
0
0
0
0
0
0
0
0
0
0
0
0
0
0
0
0
0
0
0
0
0
0
0
0
0
0
0
0
0
0
0
0
0
0
0
0
0
0
0
0
0
0
0
0
0
0
0
0
0
0
0
0
0
0
0
0
0
0
0
0
0
0
0
0
0
0
0
0
0
0
0
0
0
0
0
0
0
0
0
0
0
0
0
0
0
0
0
0
0
0
0
0
0
0
0
0
0
0
0
0
0
0
0
0
0
0
0
0
0
0
0
0
0
0
0
0
0
0
0
0
0
0
0
0
0
0
0
0
0
0
0
0
0
0
0
0
0
0
0
0
0
0
0
0
0
0
0
0
0
0
0
0
0
0
0
0
0
0
0
0
0
0
0
0
0
0
0
0
0
0
0
0
0
0
0
0
0
0
0
0
0
0
0
0
0
0
0
0
0
0
0
0
0
0
0
0
0
0
0
0
0
0
0
0
0
0
0
0
0
0
0
0
0
0
0
0
0
0
0
0
0
0
0
0
0
0
0
0
0
0
0
0
0
0
0
0
0
0
0
0
0
0
0
0
0
0
0
0
0
0
0
0
0
0
0
0
0
0
0
0
0
0
0
0
0
0
0
0
0
0
0
0
0
0
0
0
0
0
0
0
0
0
0
0
0
0
0
0
0
0
0
0
0
0
0
0
0
0
0
0
0
0
0
0
0
0
0
0
0
0
0
0
0
0
0
0
0
0
0
0
0
0
0
0
0
0
0
0
0
0
0
0
0
0
0
0
0
0
0
0
0
0
0
0
0
0
0
0
0
0
0
0
0
0
0
0
0
0
0
0
0
0
0
0
0
0
0
0
0
0
0
0
0
0
0
0
0
0
0
0
0
0
0
0
0
0
0
0
0
0
0
0
0
0
0
0
0
0
0
0
0
0
0
0
0
0
0
0
0
0
0
0
0
0
0
0
0
0
0
0
0
0
0
0
0
0
0
0
0
0
0
0
0
0
0
0
0
0
0
0
0
0
0
0
0
0
0
0
0
0
0
0
0
0
0
0
0
0
0
0
0
0
0
0
0
0
0
0
0
0
0
0
0
0
0
0
0
0
0
0
0
0
0
0
0
0
0
0
0
0
0
0
0
0
0
0
0
0
0
0
0
0
0
0
0
0
0
0
0
0
0
0
0
0
0
0
0
0
0
0
0
0
0
0
0
0
0
0
0
0
0
0
0
0
0
0
0
0
0
0
0
0
0
0
0
0
0
0
0
0
0
0
0
0
0
0
0
0
0
0
0
0
0
0
0
0
0
0
0
0
0
0
0
0
0
0
0
0
0
0
0
0
0
0
0
0
0
0
0
0
0
0
0
0
0
0
0
0
0
0
0
0
0
0
0
0
0
0
0
0
0
0
0
0
0
0
0
0
0
0
0
0
0
0
0
0
0
0
0
0
0
0
0
0
0
0
0
0
0
0
0
0
0
0
0
0
0
0
0
0
0
0
0
0
0
0
0
0
0
0
0
0
0
0
0
0
0
0
0
0
0
0
0
0
0
0
0
0
0
0
0
0
0
0
0
0
0
0
0
0
0
0
0
0
0
0
0
0
0
0
0
0
0
0
0
0
0
0
0
0
0
0
0
0
0
0
0
0
0
0
0
0
0
0
0
0
0
0
0
0
0
0
0
0
0
0
0
0
0
0
0
0
0
0
0
0
0
0
0
0
0
0
0
0
0
0
0
0
0
0
0
0
0
0
0
0
0
0
0
0
0
0
0
0
0
0
0
0
0
0
0
0
0
0
0
0
0
0
0
0
0
0
0
0
0
0
0
0
0
0
0
0
0
0
0
0
0
0
0
0
0
0
0
0
0
0
0
0
0
0
0
0
0
0
0
0
0
0
0
0
0
0
0
0
0
0
0
0
0
0
0
0
0
0
0
0
0
0
0
0
0
0
0
0
0
0
0
0
0
0
0
0
0
0
0
0
0
0
0
0
0
0
0
0
0
0
0
0
0
0
0
0
0
0
0
0
0
0
0
0
0
0
0
0
0
0
0
0
0
0
0
0
0
0
0
0
0
0
0
0
0
0
0
0
0
0
0
0
0
0
0
0
0
0
0
0
0
0
0
0
0
0
0
0
0
0
0
0
0
0
0
0
0
0
0
0
0
0
0
0
0
0
0
0
0
0
0
0
0
0
0
0
0
0
0
0
0
0
0
0
0
0
0
0
0
0
0
0
0
0
0
0
0
0
0
0
0
0
0
0
0
0
0
0
0
0
0
0
0
0
0
0
0
0
0
0
0
0
0
0
0
0
0
0
0
0
0
0
0
0
0
0
0
0
0
0
0
0
0
0
0
0
0
0
0
0
0
0
0
0
0
0
0
0
0
0
0
0
0
0
0
0
0
0
0
0
0
0
0
0
0
0
0
0
0
0
0
0
0
0
0
0
0
0
0
0
0
0
0
0
0
0
0
0
0
0
0
0
0
0
0
0
0
0
0
0
0
0
0
0
0
0
0
0
0
0
0
0
0
0
0
0
0
0
0
0
0
0
0
0
0
0
0
0
0
0
0
0
0
0
0
0
0
0
0
0
0
0
0
0
0
0
0
0
0
0
0
0
0
0
0
0
0
0
0
0
0
0
0
0
0
0
0
0
0
0
0
0
0
0
0
0
0
0
0
0
0
0
0
0
0
0
0
0
0
0
0
0
0
0
0
0
0
0
0
0
0
0
0
0
0
0
0
0
0
0
0
0
0
0
0
0
0
0
0
0
0
0
0
0
0
0
0
0
0
0
0
0
0
0
0
0
0
0
0
0
0
0
0
0
0
0
0
0
0
0
0
0
0
0
0
0
0
0
0
0
0
0
0
0
0
0
0
0
0
0
0
0
0
0
0
0
0
0
0
0
0
0
0
0
0
0
0
0
0
0
0
0
0
0
0
0
0
0
0
0
0
0
0
0
0
0
0
0
0
0
0
0
0
0
0
0
0
0
0
0
0
0
0
0
0
0
0
0
0
0
0
0
0
0
0
0
0
0
0
0
0
0
0
0
0
0
0
0
0
0
0
0
0
0
0
0
0
0
0
0
0
0
0
0
0
0
0
0
0
0
0
0
0
0
0
0
0
0
0
0
0
0
0
0
0
0
0
0
0
0
0
0
0
0
0
0
0
0
0
0
0
0
0
0
0
0
0
0
0
0
0
0
0
0
0
0
0
0
0
0
0
0
0
0
0
0
0
0
0
0
0
0
0
0
0
0
0
0
0
0
0
0
0
0
0
0
0
0
0
0
0
0
0
0
0
0
0
0
0
0
0
0
0
0
0
0
0
0
0
0
0
0
0
0
0
0
0
0
0
0
0
0
0
0
0
0
0
0
0
0
0
0
0
0
0
0
0
0
0
0
0
0
0
0
0
0
0
0
0
0
0
0
0
0
0
0
0
0
0
0
0
0
0
0
0
0
0
0
0
0
0
0
0
0
0
0
0
0
0
0
0
0
0
0
0
0
0
0
0
0
0
0
0
0
0
0
0
0
0
0
0
0
0
0
0
0
0
0
0
0
0
0
0
0
0
0
0
0
0
0
0
0
0
0
0
0
0
0
0
0
0
0
0
0
0
0
0
0
0
0
0
0
0
0
0
0
0
0
0
0
0
0
0
0
0
0
0
0
0
0
0
0
0
0
0
0
0
0
0
0
0
0
0
0
0
0
0
0
0
0
0
0
0
0
0
0
0
0
0
0
0
0
0
0
0
0
0
0
0
0
0
0
0
0
0
0
0
0
0
0
0
0
0
0
0
0
0
0
0
0
0
0
0
0
0
0
0
0
0
0
0
0
0
0
0
0
0
0
0
0
0
0
0
0
0
0
0
0
0
0
0
0
0
0
0
0
0
0
0
0
0
0
0
0
0
0
0
0
0
0
0
0
0
0
0
0
0
0
0
0
0
0
0
0
0
0
0
0
0
0
0
0
0
0
0
0
0
0
0
0
0
0
0
0
0
0
0
0
0
0
0
0
0
0
0
0
0
0
0
0
0
0
0
0
0
0
0
0
0
0
0
0
0
0
0
0
0
0
0
0
0
0
0
0
0
0
0
0
0
0
0
0
0
0
0
0
0
0
0
0
0
0
0
0
0
0
0
0
0
0
0
0
0
0
0
0
0
0
0
0
0
0
0
0
0
0
0
0
0
0
0
0
0
0
0
0
0
0
0
0
0
0
0
0
0
0
0
0
0
0
0
0
0
0
0
0
0
0
0
0
0
0
0
0
0
0
0
0
0
0
0
0
0
0
0
0
0
0
0
0
0
0
0
0
0
0
0
0
0
0
0
0
0
0
0
0
0
0
0
0
0
0
0
0
0
0
0
0
0
0
0
0
0
0
0
0
0
0
0
0
0
0
0
0
0
0
0
0
0
0
0
0
0
0
0
0
0
0
0
0
0
0
0
0
0
0
0
0
0
0
0
0
0
0
0
0
0
0
0
0
0
0
0
0
0
0
0
0
0
0
0
0
0
0
0
0
0
0
0
0
0
0
0
0
0
0
0
0
0
0
0
0
0
0
0
0
0
0
0
0
0
0
0
0
0
0
0
0
0
0
0
0
0
0
0
0
0
0
0
0
0
0
0
0
0
0
0
0
0
0
0
0
0
0
0
0
0
0
0
0
0
0
0
0
0
0
0
0
0
0
0
0
0
0
0
0
0
0
0
0
0
0
0
0
0
0
0
0
0
0
0
0
0
0
0
0
0
0
0
0
0
0
0
0
0
0
0
0
0
0
0
0
0
0
0
0
0
0
0
0
0
0
0
0
0
0
0
0
0
0
0
0
0
0
0
0
0
0
0
0
0
0
0
0
0
0
0
0
0
0
0
0
0
0
0
0
0
0
0
0
0
0
0
0
0
0
0
0
0
0
0
0
0
0
0
0
0
0
0
0
0
0
0
0
0
0
0
0
0
0
0
0
0
0
0
0
0
0
0
0
0
0
0
0
0
0
0
0
0
0
0
0
0
0
0
0
0
0
0
0
0
0
0
0
0
0
0
0
0
0
0
0
0
0
0
0
0
0
0
0
0
0
0
0
0
0
0
0
0
0
0
0
0
0
0
0
0
0
0
0
0
0
0
0
0
0
0
0
0
0
0
0
0
0
0
0
0
0
0
0
0
0
0
0
0
0
0
0
0
0
0
0
0
0
0
0
0
0
0
0
0
0
0
0
0
0
0
0
0
0
0
0
0
0
0
0
0
0
0
0
0
0
0
0
0
0
0
0
0
0
0
0
0
0
0
0
0
0
0
0
0
0
0
0
0
0
0
0
0
0
0
0
0
0
0
0
0
0
0
0
0
0
0
0
0
0
0
0
0
0
0
0
0
0
0
0
0
0
0
0
0
0
0
0
0
0
0
0
0
0
0
0
0
0
0
0
0
0
0
0
0
0
0
0
0
0
0
0
0
0
0
0
0
0
0
0
0
0
0
0
0
0
0
0
0
0
0
0
0
0
0
0
0
0
0
0
0
0
0
0
0
0
0
0
0
0
0
0
0
0
0
0
0
0
0
0
0
0
0
0
0
0
0
0
0
0
0
0
0
0
0
0
0
0
0
0
0
0
0
0
0
0
0
0
0
0
0
0
0
0
0
0
0
0
0
0
0
0
0
0
0
0
0
0
0
0
0
0
0
0
0
0
0
0
0
0
0
0
0
0
0
0
0
0
0
0
0
0
0
0
0
0
0
0
0
0
0
0
0
0
0
0
0
0
0
0
0
0
0
0
0
0
0
0
0
0
0
0
0
0
0
0
0
0
0
0
0
0
0
0
0
0
0
0
0
0
0
0
0
0
0
0
0
0
0
0
0
0
0
0
0
0
0
0
0
0
0
0
0
0
0
0
0
0
0
0
0
0
0
0
0
0
0
0
0
0
0
0
0
0
0
0
0
0
0
0
0
0
0
0
0
0
0
0
0
0
0
0
0
0
0
0
0
0
0
0
0
0
0
0
0
0
0
0
0
0
0
0
0
0
0
0
0
0
0
0
0
0
0
0
0
0
0
0
0
0
0
0
0
0
0
0
0
0
0
0
0
0
0
0
0
0
0
0
0
0
0
0
0
0
0
0
0
0
0
0
0
0
0
0
0
0
0
0
0
0
0
0
0
0
0
0
0
0
0
0
0
0
0
0
0
0
0
0
0
0
0
0
0
0
0
0
0
0
0
0
0
0
0
0
0
0
0
0
0
0
0
0
0
0
0
0
0
0
0
0
0
0
0
0
0
0
0
0
0
0
0
0
0
0
0
0
0
0
0
0
0
0
0
0
0
0
0
0
0
0
0
0
0
0
0
0
0
0
0
0
0
0
0
0
0
0
0
0
0
0
0
0
0
0
0
0
0
0
0
0
0
0
0
0
0
0
0
0
0
0
0
0
0
0
0
0
0
0
0
0
0
0
0
0
0
0
0
0
0
0
0
0
0
0
0
0
0
0
0
0
0
0
0
0
0
0
0
0
0
0
0
0
0
0
0
0
0
0
0
0
0
0
0
0
0
0
0
0
0
0
0
0
0
0
0
