-165
1856
-2696
-2227
1562
-1069
-2055
-209
1544
-3380
-2636
741
-2496
-975
-132
1156
-49
1091
-2889
-1829
-760
-2039
-19999
-224
756
-2806
-2388
-1687
-2645
-19022
195
1062
-526
3185
-2995
-3881
2252
-1965
-3532
-447
1627
-3055
-3825
2304
-3255
-2276
-374
1098
317
1595
-5492
-3506
-1339
-3528
-16005
100
-144
-5580
-3935
-1974
-3050
-15576
563
761
-876
6647
-2320
-2992
1968
-539
-2867
-589
3539
-4779
-3825
2814
-4904
-4760
-384
3670
479
-518
-4535
-3066
-3869
-3235
-23969
299
-629
-5365
-5093
-4541
-4481
-13539
855
49
-742
3849
-2987
-1515
-1909
-2028
-3461
-441
2476
-3817
-1759
856
-3598
-3497
-143
2828
432
-744
-5152
-4427
-221
-3596
-14831
204
-132
-4835
-3723
-2158
-3926
-15016
528
-171
-435
955
-1786
-1462
-2407
-1064
-2405
-358
358
-2453
-2390
521
-2546
-946
4
761
408
-771
-3295
-3312
874
-2409
-18024
58
-1246
-3674
-3088
-1751
-2536
-19621
284
-1387
-207
199
-2827
-3196
1094
-2877
-3233
-202
121
-4293
-5167
1909
-3605
-145
178
-56
113
234
-4249
-4406
314
-3167
-16484
-180
1342
-4815
-3906
-1975
-2891
-15649
-28
1292
-168
475
-5088
-5180
4267
-5895
-5556
-177
562
-5803
-7270
1868
-5268
-1866
199
176
-165
220
-6698
-7174
-774
-5422
-14048
-143
1443
-5682
-4558
-1962
-4184
-15192
40
1488
-323
778
-4422
-3810
2157
-4722
-4446
-203
1198
-4478
-4854
-492
-3889
-556
-1
877
-179
-1759
-4479
-5644
-817
-4311
-15106
-26
-2860
-4286
-3431
-1970
-3582
-19840
308
-3022
-61
-849
-3011
-4275
-1921
-1441
-3592
3
-1713
-4816
-6440
-3445
-4121
1031
-6
-1372
108
2992
-2761
-4046
253
-3486
-18617
-248
1309
-5107
-2731
-1248
-4074
-16443
110
1048
-615
-1257
-4070
-5219
-550
391
-3964
-201
-2175
-5265
-6130
-1769
-4206
-81
-223
-1911
464
4905
-4193
-3386
-3185
-3681
-25985
336
1823
-6446
-4846
-2777
-4007
-24626
699
1984
-803
-1645
-5773
-6044
-1536
1782
-5449
-196
-1876
-6322
-6047
-330
-4308
-3924
-245
-2137
603
-253
-5374
-5139
-6495
-5535
-13494
597
207
-5218
-7426
-5526
-5655
-11176
957
1015
-806
-1566
-4667
-3273
-313
22
-4916
-296
-1660
-6106
-3241
-1213
-4026
-3836
-177
-1650
540
-4655
-6132
-5149
-5184
-4715
-21233
419
-2069
-6256
-6418
-4794
-5490
-18512
811
-2416
-647
-479
-2460
-1897
404
-1141
-2507
-417
-519
-4691
-2552
-2352
-3882
-971
-152
168
482
-2642
-3469
-2624
-1491
-2370
-29313
178
-1986
-5603
-4655
-1715
-3280
-24069
590
-2286
-367
226
-3026
-2863
-194
-2439
-2479
-302
-447
-5893
-4002
-2687
-5078
-721
-146
603
229
-200
-3365
-2653
850
-2499
-28152
-49
1088
-6692
-5292
-151
-2893
-18340
227
417
-260
-1003
-5751
-4159
3211
-4234
-5644
-56
-2316
-6485
-5826
185
-4766
-869
52
30
-245
-408
-6465
-6903
-2831
-5690
-19471
-69
902
-7473
-5061
-2265
-4304
-21102
92
682
-373
-901
-5430
-2393
2533
-3854
-5580
-124
-2622
-5957
-4420
402
-4641
-706
-34
-2193
-328
-1396
-6632
-6561
-3864
-5338
-13875
58
-2102
-7956
-4225
-3797
-4998
-17794
245
-1576
91
237
-2217
-3059
-3098
-2788
-3946
158
285
-4075
-5729
-5354
-4686
1027
-24
154
-194
767
-3008
-4405
114
-3887
-15620
-468
531
-5321
-1388
-3518
-4527
-12910
-74
269
-148
202
-4453
-4046
-5074
-3658
-4924
-147
1204
-5327
-5901
-6766
-4734
2182
-3
1120
183
1528
-3037
-4746
401
-4912
-24680
-214
816
-5481
-2360
-3793
-4028
-27692
225
760
-322
-1474
-4987
-3207
-5050
-3178
-4609
-265
290
-7471
-5640
-6154
-5538
2401
15
1070
321
122
-2610
-3838
-220
-4588
-20053
-75
-472
-5421
-4037
-6204
-5970
-14333
343
-331
-304
331
-5613
-1612
-4135
-4111
-5897
-335
716
-8337
-3384
-5702
-6450
156
22
729
340
-596
-5819
-5939
-1618
-5792
-18565
-72
-920
-8945
-4850
-7398
-7690
-12598
361
-49
-279
455
-3634
-1367
-1096
-878
-3290
-220
427
-6341
-4105
-1543
-4464
-220
-97
-324
243
442
-4972
-3246
-1411
-3252
-20729
159
-99
-7516
-3464
-4405
-4288
-13625
352
400
-89
-101
-3060
-3023
-1719
-1647
-3129
-154
-607
-5176
-5647
-1250
-4373
705
-108
-298
146
-146
-4122
-2920
163
-3022
-18189
-44
-487
-7670
-3725
-2449
-2309
-13905
140
-1430
34
-3
-4794
-3466
-1213
-3555
-4042
-51
-956
-5321
-5152
-1798
-3786
3047
37
-263
-137
-687
-4815
-4231
2229
-3880
-16622
-172
-129
-7192
-3066
-833
-3014
-19679
-125
-747
53
405
-3942
-1476
488
-1941
-3038
54
1192
-4969
-3974
-1398
-3214
3488
122
1394
-371
-342
-3172
-4012
-584
-3023
-20652
-205
-849
-5710
-2817
-2315
-3396
-21949
-81
-1111
202
524
-2447
-3067
-1411
-1333
-3414
99
447
-2569
-2835
-4258
-2608
-1276
84
78
-267
1140
-3521
-3716
-273
-3397
-22710
-256
799
-3984
-1765
-1562
-2421
-25283
45
593
264
209
-3308
-1421
-4171
-647
-3555
-47
-927
-4361
-1296
-6716
-4294
-1167
-32
-767
73
517
-2687
-5189
-1708
-3736
-19396
-284
189
-5245
-4703
-4084
-3289
-16475
-29
184
236
-1461
-4063
-477
-2479
-456
-2437
-38
-2344
-4983
208
-4139
-2896
-274
13
-936
269
318
-1787
-2803
-2264
-2418
-19012
-142
-610
-3522
-3219
-4249
-2693
-18720
140
-1167
277
-486
-5185
-1426
-1339
-833
-3170
91
-967
-5639
-572
-3333
-2113
222
41
-1048
280
689
-2869
-3700
-1444
-3077
-18799
-176
63
-4316
-2630
-3876
-2940
-20002
214
98
186
507
-4037
-2265
-704
-823
-2977
175
1090
-5846
-3809
-2988
-3275
2094
38
529
113
520
-4732
-3005
521
-2907
-20238
-107
242
-6713
-3255
-3230
-3660
-16008
54
-192
126
832
-4503
-3640
1449
-1709
-3147
42
1364
-5075
-4412
-945
-2571
2543
-76
325
159
131
-4983
-2972
9
-3102
-20673
-117
-180
-6269
-2519
-1892
-1796
-24640
-30
132
15
615
-6295
-4361
2147
-4450
-4439
-15
1503
-7698
-6156
-2873
-4619
3318
53
23
-69
90
-5417
-5495
781
-4487
-14446
-171
1732
-7499
-4971
-1429
-3908
-14189
-133
1486
37
-704
-6301
-2140
-301
-4806
-4567
-6
425
-7708
-4506
-4699
-5063
3446
131
-358
-310
-254
-4185
-5655
654
-4482
-15547
-274
-785
-6720
-5095
-1475
-4663
-16271
-184
-1518
106
-572
-3253
-2647
1011
-1010
-3543
107
-388
-3458
-2974
-1303
-1939
-2
71
-535
-283
1165
-3924
-3318
-3346
-3580
-11660
-141
654
-4438
-3117
-2252
-2819
-15747
45
461
83
-494
-3710
-1514
-1478
112
-3256
9
-203
-4289
-1032
-2412
-2143
-1413
-173
-770
42
-4
-3647
-3150
-2972
-3154
-14657
7
-1235
-5225
-3921
-2846
-2453
-15479
147
-546
127
663
-2781
-162
-909
-452
-2174
-120
411
-5052
663
-3261
-3077
-2215
-275
674
314
101
-3629
-1387
-2805
-2203
-23480
78
256
-6578
-4182
-2273
-3219
-16729
369
767
172
1150
-4311
-3439
-380
-702
-3446
94
-247
-6326
-2670
-3121
-3175
-1337
-111
155
166
2148
-3948
-4160
-1345
-3526
-16348
110
1581
-5685
-5993
-1941
-3996
-11550
391
854
262
371
-4783
-4282
-1475
-2150
-3793
268
-411
-6185
-4232
-4249
-4031
1856
-31
-572
49
162
-4987
-4781
2173
-3773
-14311
119
46
-6378
-5257
-692
-3981
-13028
144
-1247
232
-378
-3580
-4309
3371
-2902
-3285
192
-703
-5213
-5180
-2760
-4340
2940
-112
-712
35
-1353
-4778
-4402
-678
-2971
-20645
-87
-1301
-7059
-4743
-1430
-2644
-19709
-111
-1107
105
-279
-6941
-5330
4830
-4940
-5273
41
-776
-7678
-7063
-2250
-4740
2750
11
-1684
-97
-543
-5268
-6851
-1789
-5193
-14980
-104
774
-6619
-5625
-2295
-3850
-17042
-60
1657
72
-656
-4933
-1100
685
-3918
-3671
13
-1804
-8331
-4377
-4124
-6538
2428
113
-1781
-288
14
-4176
-4014
-351
-3523
-25569
-275
-1170
-7464
-5715
-2759
-5407
-17168
-222
-628
73
-13
-3560
-2923
3568
-2543
-3686
13
612
-4388
-4091
1015
-3202
792
10
324
-113
616
-3924
-2482
-5182
-3729
-17665
-196
167
-4766
-3677
-4636
-2979
-19362
108
305
-195
160
-4313
-3631
-309
-3973
-4651
-93
1196
-5082
-4773
-1515
-3959
-855
-102
2057
37
1275
-5198
-2075
-2961
-4570
-13573
71
753
-6547
-5285
-3042
-3217
-13178
237
1439
-330
154
-3144
-3050
-2237
-3289
-3492
-181
896
-5121
-3982
-3656
-4481
-333
-270
915
233
1152
-4076
-1481
-460
-3288
-18028
285
52
-7649
-5316
-1150
-3313
-12508
449
439
-222
149
-2975
-4400
-842
-656
-2922
-174
-255
-5288
-5210
-1842
-3511
749
-196
-125
412
-21
-2974
-3086
20
-2888
-21820
313
-291
-5959
-6003
-2897
-3329
-14587
522
-17
128
-641
-2679
-4300
-1668
-986
-3324
-14
-516
-5616
-6063
-3162
-4662
2661
-154
-330
240
-615
-5145
-3488
1504
-3213
-22889
150
-272
-8176
-7476
-3194
-4263
-13268
215
-1227
249
-80
-2705
-4071
965
-2082
-2868
129
-478
-5577
-6148
-3022
-4755
3841
-158
-178
53
-1112
-4713
-2799
158
-2642
-27275
11
-442
-8617
-6364
-2003
-2949
-20153
18
-1019
192
17
-4042
-4636
2436
-2381
-3378
202
38
-5472
-5738
-1946
-3286
3494
-58
-75
-164
-878
-4421
-3584
146
-3142
-22011
-4
-549
-7439
-4501
-1437
-1722
-20025
-80
399
126
-169
-3447
-2069
-1416
-2638
-3048
112
154
-5450
-3420
-3235
-4886
1633
94
43
-303
-809
-3994
-2967
2025
-2974
-21507
-254
-1440
-7061
-4600
-1653
-3742
-15842
-206
-355
25
-820
-4400
-2219
3350
-3227
-3926
97
-404
-4696
-2884
-2282
-3554
1254
9
-1094
-343
71
-3891
-4787
-3303
-3897
-18682
-311
267
-4794
-2945
-4601
-2663
-21827
-80
297
-204
102
-5147
-2730
-183
-4238
-4436
-20
84
-5206
-4046
-4917
-4124
1978
-82
-1106
-154
1280
-3992
-4651
-1502
-4302
-18519
-97
901
-6196
-4308
-4023
-2876
-21122
-22
1409
-273
-626
-4614
-3955
-3267
-4256
-4424
-162
-579
-5955
-5150
-7344
-5283
1717
-143
-864
64
1054
-2915
-4336
775
-4201
-20327
108
-530
-6773
-5850
-2703
-3524
-17869
286
-270
-256
-949
-3322
-4584
-1755
-2326
-3680
-167
-848
-4420
-4650
-5401
-3821
1690
-196
-467
274
-587
-3151
-4365
1032
-3574
-25062
174
-1180
-6027
-5005
-3593
-2060
-23364
287
-885
-180
-341
-3575
-4696
-3679
-2619
-4522
-96
83
-4999
-4832
-7189
-4586
1835
-112
420
11
772
-5359
-6233
3516
-4457
-18906
48
660
-7456
-6479
-3076
-2717
-16807
19
331
42
-112
-5531
-4863
-3049
-3733
-4977
78
851
-6251
-5060
-6515
-3985
2997
-1
644
-196
-777
-5423
-7302
4063
-4973
-17802
-84
-632
-7743
-5998
-1847
-1837
-21341
-98
-1327
47
-357
-4871
-4978
-1705
-3336
-4017
56
134
-6867
-5768
-5592
-4053
2925
32
68
-195
-1174
-5266
-5427
4816
-3966
-26077
-124
-536
-8463
-5668
-1315
-2211
-22418
-133
566
-121
-1162
-5633
-3892
-4075
-5299
-5571
-162
-723
-6974
-3793
-6087
-5795
97
25
-1249
-301
-904
-5702
-6320
4312
-5377
-13334
-253
-726
-7717
-6647
-1564
-4535
-11975
-67
-118
-65
-1002
-2808
-1704
389
-1357
-2852
-97
-1496
-2673
-2111
-3242
-2219
809
-124
-705
-181
-196
-3246
-3183
-1960
-2723
-19619
-239
557
-3496
-1204
-4313
-2161
-24108
-49
80
-284
-1324
-1687
-1969
-1077
-218
-2603
-201
-1458
-2496
-3272
-4089
-2397
1793
-194
-943
-93
584
-3728
-2679
-1984
-2548
-18833
-75
1277
-5327
-3265
-5558
-3177
-18434
156
1448
-371
-1489
-1708
-2135
-1121
-809
-2428
-224
-1434
-3268
-3752
-3814
-3535
1502
-245
-1193
31
-644
-3320
-1902
-1180
-2257
-19002
-8
-429
-5765
-4300
-4855
-3659
-14405
195
-871
-461
-2197
-1409
-2325
-1022
-674
-2164
-330
-1418
-2028
-3202
-3180
-1996
2058
-358
-1205
147
-1124
-3851
-2153
554
-1978
-20189
68
-853
-5798
-2769
-3520
-2237
-20064
196
-1111
-440
-1654
-2377
-3212
-3165
-1210
-2962
-321
-1475
-3079
-4074
-5306
-2535
2838
-309
-1520
-23
91
-4219
-4506
3512
-2721
-19967
-21
786
-5441
-3466
-2616
-2440
-21387
47
396
-285
-1398
-4295
-3459
-3711
-2831
-4050
-188
-1571
-4696
-4196
-5712
-3211
2852
-95
-1223
-170
-1157
-4918
-5900
4529
-3871
-14765
-202
-559
-6003
-4191
-2429
-2344
-18033
-87
-863
-138
-1075
-2835
-3002
-2555
-1493
-2697
-156
-1324
-4742
-4189
-4931
-3338
1600
-47
-918
-100
-1431
-4431
-4032
4299
-2487
-20002
-237
-795
-6260
-4129
-1886
-2793
-15145
-22
-777
-267
-1800
-3653
-3120
-2625
-2068
-3019
-214
-2327
-3801
-2805
-3964
-2933
351
-24
-1759
-254
-1489
-3330
-3619
3703
-2814
-16817
-258
-630
-3661
-3418
-1012
-2820
-17678
-2
-172
0
0
0
0
0
0
0
0
0
0
0
-2022
-3149
-1501
1488
-2622
0
0
0
0
0
0
0
0
0
0
0
-3254
-3053
-1782
-2641
-15289
0
0
0
0
0
0
0
0
0
0
0
-3650
-3911
-159
2291
-3208
0
0
0
0
0
0
0
0
0
0
0
-5082
-4326
-2077
-3262
-16764
0
0
0
0
0
0
0
0
0
0
0
-5036
-5343
-1257
4333
-4704
0
0
0
0
0
0
0
0
0
0
0
-6292
-5538
-4882
-4810
-14252
0
0
0
0
0
0
0
0
0
0
0
-3981
-2454
-2523
1983
-3173
0
0
0
0
0
0
0
0
0
0
0
-4779
-3979
-950
-3225
-15508
0
0
0
0
0
0
0
0
0
0
0
-3311
-2258
-3129
1158
-2787
0
0
0
0
0
0
0
0
0
0
0
-3075
-2782
-608
-2761
-14015
0
0
0
0
0
0
0
0
0
0
0
-2907
-2812
837
-1125
-2534
0
0
0
0
0
0
0
0
0
0
0
-2979
-3792
-400
-2503
-16125
0
0
0
0
0
0
0
0
0
0
0
-3546
-4204
3452
-3174
-4121
0
0
0
0
0
0
0
0
0
0
0
-4885
-6624
-1692
-4041
-16127
0
0
0
0
0
0
0
0
0
0
0
-3472
-3423
2203
-3051
-3486
0
0
0
0
0
0
0
0
0
0
0
-3154
-4546
-1588
-3387
-16603
0
0
0
0
0
0
0
0
0
0
0
-2953
-3826
-4325
3274
-3854
0
0
0
0
0
0
0
0
0
0
0
-3584
-5820
-2459
-3622
-15742
0
0
0
0
0
0
0
0
0
0
0
-7344
-7173
-6917
8387
-6952
0
0
0
0
0
0
0
0
0
0
0
-7929
-7747
-7096
-6543
-12728
0
0
0
0
0
0
0
0
0
0
0
-11886
-12367
-9650
9361
-11977
0
0
0
0
0
0
0
0
0
0
0
-12214
-12803
-11203
-11692
17187
0
0
0
0
0
0
0
0
0
0
0
-6778
-6608
-4446
6419
-6735
0
0
0
0
0
0
0
0
0
0
0
-8648
-7732
-6447
-6270
-13463
0
0
0
0
0
0
0
0
0
0
0
-3599
-2997
-1269
1750
-2985
0
0
0
0
0
0
0
0
0
0
0
-4379
-1978
-2749
-2612
-25665
0
0
0
0
0
0
0
0
0
0
0
-3570
-3326
-879
-1275
-2748
0
0
0
0
0
0
0
0
0
0
0
-3103
-1775
-693
-2607
-24343
0
0
0
0
0
0
0
0
0
0
0
-3558
-3666
1661
-2359
-4278
0
0
0
0
0
0
0
0
0
0
0
-4441
-6697
-2301
-3946
-23331
0
0
0
0
0
0
0
0
0
0
0
-3630
-2785
2294
-3232
-4314
0
0
0
0
0
0
0
0
0
0
0
-5036
-6440
-2793
-4012
-16370
0
0
0
0
0
0
0
0
0
0
0
-1820
-1795
-2611
443
-2414
0
0
0
0
0
0
0
0
0
0
0
-1501
-4192
-1452
-2433
-19063
0
0
0
0
0
0
0
0
0
0
0
-3227
-2213
-4645
2180
-3094
0
0
0
0
0
0
0
0
0
0
0
-2815
-3691
-2280
-3047
-31613
0
0
0
0
0
0
0
0
0
0
0
-3547
-3253
-4651
2783
-3512
0
0
0
0
0
0
0
0
0
0
0
-3694
-4196
-2576
-3691
-22699
0
0
0
0
0
0
0
0
0
0
0
-3417
-1834
-2912
2149
-3176
0
0
0
0
0
0
0
0
0
0
0
-5356
-4306
-1800
-3035
-28996
0
0
0
0
0
0
0
0
0
0
0
-4159
-2627
-1702
1044
-3598
0
0
0
0
0
0
0
0
0
0
0
-6340
-3811
-1735
-3699
-17362
0
0
0
0
0
0
0
0
0
0
0
-4482
-2835
-1432
-1726
-3463
0
0
0
0
0
0
0
0
0
0
0
-4160
-2937
-225
-3470
-16218
0
0
0
0
0
0
0
0
0
0
0
-3030
-2861
-1881
-2329
-3537
0
0
0
0
0
0
0
0
0
0
0
-4701
-4178
1246
-3322
-17473
0
0
0
0
0
0
0
0
0
0
0
-2435
-2195
-430
-1763
-3533
0
0
0
0
0
0
0
0
0
0
0
-3816
-4324
-1318
-3202
-15952
0
0
0
0
0
0
0
0
0
0
0
-2166
-3003
-2059
36
-3124
0
0
0
0
0
0
0
0
0
0
0
-2004
-4353
-1977
-2974
-20691
0
0
0
0
0
0
0
0
0
0
0
-4285
-3048
-4294
3116
-4262
0
0
0
0
0
0
0
0
0
0
0
-2903
-6439
-3648
-4059
-13554
0
0
0
0
0
0
0
0
0
0
0
-3865
-2753
-3188
2730
-3221
0
0
0
0
0
0
0
0
0
0
0
-3660
-3366
-3774
-3319
-14548
0
0
0
0
0
0
0
0
0
0
0
-3358
-2606
-1765
2803
-2562
0
0
0
0
0
0
0
0
0
0
0
-3897
-3984
-2261
-2796
-20857
0
0
0
0
0
0
0
0
0
0
0
-3587
-2704
-1229
1513
-2766
0
0
0
0
0
0
0
0
0
0
0
-5315
-3761
-532
-3081
-20084
0
0
0
0
0
0
0
0
0
0
0
-4477
-3806
378
24
-3693
0
0
0
0
0
0
0
0
0
0
0
-5929
-4052
-1636
-4001
-17747
0
0
0
0
0
0
0
0
0
0
0
-4818
-3223
1596
-2449
-3592
0
0
0
0
0
0
0
0
0
0
0
-5105
-4773
-743
-3858
-16059
0
0
0
0
0
0
0
0
0
0
0
-3956
-1185
335
-3545
-3007
0
0
0
0
0
0
0
0
0
0
0
-3054
-3364
-742
-2894
-19034
0
0
0
0
0
0
0
0
0
0
0
-2111
-2486
-327
-315
-2652
0
0
0
0
0
0
0
0
0
0
0
-2801
-2775
-3044
-2575
-14759
0
0
0
0
0
0
0
0
0
0
0
-4133
-3635
-2715
2183
-4288
0
0
0
0
0
0
0
0
0
0
0
-5290
-4292
-4162
-4237
-9056
0
0
0
0
0
0
0
0
0
0
0
-2489
-2128
-2076
1982
-2043
0
0
0
0
0
0
0
0
0
0
0
-4412
-503
-3114
-2268
-22352
0
0
0
0
0
0
0
0
0
0
0
-3739
-3913
-1485
3498
-2587
0
0
0
0
0
0
0
0
0
0
0
-4649
-3897
-2415
-2814
-19381
0
0
0
0
0
0
0
0
0
0
0
-4654
-4954
-3870
2889
-4149
0
0
0
0
0
0
0
0
0
0
0
-6328
-5921
-290
-4201
-11414
0
0
0
0
0
0
0
0
0
0
0
-4316
-4298
450
872
-3537
0
0
0
0
0
0
0
0
0
0
0
-4897
-5138
-1480
-3753
-18445
0
0
0
0
0
0
0
0
0
0
0
-5354
-4346
3065
-1714
-4174
0
0
0
0
0
0
0
0
0
0
0
-4694
-6615
-2589
-4427
-17757
0
0
0
0
0
0
0
0
0
0
0
-3810
-1231
1007
-2524
-2693
0
0
0
0
0
0
0
0
0
0
0
-3246
-2991
-1707
-2615
-23918
0
0
0
0
0
0
0
0
0
0
0
-1981
-2456
767
-986
-2839
0
0
0
0
0
0
0
0
0
0
0
-2828
-2082
-4897
-2716
-20275
0
0
0
0
0
0
0
0
0
0
0
-3589
-2900
-760
-2031
-3388
0
0
0
0
0
0
0
0
0
0
0
-4679
-1761
-2505
-3420
-18622
0
0
0
0
0
0
0
0
0
0
0
-3859
-3218
-3744
-2145
-3485
0
0
0
0
0
0
0
0
0
0
0
-5087
-1583
644
-3611
-16173
0
0
0
0
0
0
0
0
0
0
0
-4979
-5826
-4376
2284
-4521
0
0
0
0
0
0
0
0
0
0
0
-5914
-5230
-240
-4566
-12773
0
0
0
0
0
0
0
0
0
0
0
-4045
-4099
-3620
3899
-3525
0
0
0
0
0
0
0
0
0
0
0
-5698
-5383
-396
-3304
-20383
0
0
0
0
0
0
0
0
0
0
0
-3250
-3378
-1413
1571
-2891
0
0
0
0
0
0
0
0
0
0
0
-4332
-3802
-598
-2814
-26622
0
0
0
0
0
0
0
0
0
0
0
-3925
-4698
-203
-1343
-3886
0
0
0
0
0
0
0
0
0
0
0
-4067
-5164
467
-3865
-17282
0
0
0
0
0
0
0
0
0
0
0
-3185
-2626
-1610
-2309
-3014
0
0
0
0
0
0
0
0
0
0
0
-3096
-4083
1568
-3026
-16194
0
0
0
0
0
0
0
0
0
0
0
-2000
-1870
618
-1118
-2786
0
0
0
0
0
0
0
0
0
0
0
-2440
-3669
-3692
-2808
-21410
0
0
0
0
0
0
0
0
0
0
0
-3796
-1865
-1278
-1402
-3746
0
0
0
0
0
0
0
0
0
0
0
-3575
-5218
-1784
-3871
-18825
0
0
0
0
0
0
0
0
0
0
0
-4394
-3418
-4362
-2515
-4098
0
0
0
0
0
0
0
0
0
0
0
-3298
-5144
1199
-4058
-18371
0
0
0
0
0
0
0
0
0
0
0
-4671
-5270
-5364
357
-4889
0
0
0
0
0
0
0
0
0
0
0
-5072
-6145
1092
-4773
-17157
0
0
0
0
0
0
0
0
0
0
0
-4140
-4269
-4677
1627
-3940
0
0
0
0
0
0
0
0
0
0
0
-5074
-6827
2478
-3593
-19336
0
0
0
0
0
0
0
0
0
0
0
-4241
-4271
-4333
-545
-4357
0
0
0
0
0
0
0
0
0
0
0
-5057
-7016
3323
-4096
-20036
0
0
0
0
0
0
0
0
0
0
0
-3706
-4483
-3329
-2087
-3924
0
0
0
0
0
0
0
0
0
0
0
-4922
-5756
4501
-3856
-24049
0
0
0
0
0
0
0
0
0
0
0
-3702
-3102
-2723
-3451
-3415
0
0
0
0
0
0
0
0
0
0
0
-3144
-5707
3910
-3211
-17699
0
0
0
0
0
0
0
0
0
0
0
-2449
-1747
-1198
-1554
-3086
0
0
0
0
0
0
0
0
0
0
0
-2233
-2376
-3063
-2971
-16302
0
0
0
0
0
0
0
0
0
0
0
-3011
-1334
-1882
-184
-3076
0
0
0
0
0
0
0
0
0
0
0
-3003
-3987
-1756
-3031
-14845
0
0
0
0
0
0
0
0
0
0
0
-3191
-1685
-2180
-1479
-3120
0
0
0
0
0
0
0
0
0
0
0
-3154
-3172
-295
-2961
-13916
0
0
0
0
0
0
0
0
0
0
0
-2780
-2142
-2622
-1334
-2878
0
0
0
0
0
0
0
0
0
0
0
-3986
-2504
1248
-2706
-16101
0
0
0
0
0
0
0
0
0
0
0
-3212
-2775
-3991
-517
-3290
0
0
0
0
0
0
0
0
0
0
0
-4006
-4937
2893
-3169
-16604
0
0
0
0
0
0
0
0
0
0
0
-3611
-2883
-4297
-1948
-3784
0
0
0
0
0
0
0
0
0
0
0
-4364
-5637
3861
-3602
-13927
0
0
0
0
0
0
0
0
0
0
0
-2713
-2728
-2921
-1303
-2967
0
0
0
0
0
0
0
0
0
0
0
-4320
-4066
3631
-2725
-16448
0
0
0
0
0
0
0
0
0
0
0
-2467
-2798
-2826
-1264
-2547
0
0
0
0
0
0
0
0
0
0
0
-2319
-3808
2470
-2229
-15547
0
0
0
0
0
0
0
0
0
0
0
0
0
0
0
0
0
0
0
0
0
0
0
0
0
0
0
0
0
0
0
0
0
0
0
0
0
0
0
0
0
0
0
0
0
0
0
0
0
0
0
0
0
0
0
0
0
0
0
0
0
0
0
0
0
0
0
0
0
0
0
0
0
0
0
0
0
0
0
0
0
0
0
0
0
0
0
0
0
0
0
0
0
0
0
0
0
0
0
0
0
0
0
0
0
0
0
0
0
0
0
0
0
0
0
0
0
0
0
0
0
0
0
0
0
0
0
0
0
0
0
0
0
0
0
0
0
0
0
0
0
0
0
0
0
0
0
0
0
0
0
0
0
0
0
0
0
0
0
0
0
0
0
0
0
0
0
0
0
0
0
0
0
0
0
0
0
0
0
0
0
0
0
0
0
0
0
0
0
0
0
0
0
0
0
0
0
0
0
0
0
0
0
0
0
0
0
0
0
0
0
0
0
0
0
0
0
0
0
0
0
0
0
0
0
0
0
0
0
0
0
0
0
0
0
0
0
0
0
0
0
0
0
0
0
0
0
0
0
0
0
0
0
0
0
0
0
0
0
0
0
0
0
0
0
0
0
0
0
0
0
0
0
0
0
0
0
0
0
0
0
0
0
0
0
0
0
0
0
0
0
0
0
0
0
0
0
0
0
0
0
0
0
0
0
0
0
0
0
0
0
0
0
0
0
0
0
0
0
0
0
0
0
0
0
0
0
0
0
0
0
0
0
0
0
0
0
0
0
0
0
0
0
0
0
0
0
0
0
0
0
0
0
0
0
0
0
0
0
0
0
0
0
0
0
0
0
0
0
0
0
0
0
0
0
0
0
0
0
0
0
0
0
0
0
0
0
0
0
0
0
0
0
0
0
0
0
0
0
0
0
0
0
0
0
0
0
0
0
0
0
0
0
0
0
0
0
0
0
0
0
0
0
0
0
0
0
0
0
0
0
0
0
0
0
0
0
0
0
0
0
0
0
0
0
0
0
0
0
0
0
0
0
0
0
0
0
0
0
0
0
0
0
0
0
0
0
0
0
0
0
0
0
0
0
0
0
0
0
0
0
0
0
0
0
0
0
0
0
0
0
0
0
0
0
0
0
0
0
0
0
0
0
0
0
0
0
0
0
0
0
0
0
0
0
0
0
0
0
0
0
0
0
0
0
0
0
0
0
0
0
0
0
0
0
0
0
0
0
0
0
0
0
0
0
0
0
0
0
0
0
0
0
0
0
0
0
0
0
0
0
0
0
0
0
0
0
0
0
0
0
0
0
0
0
0
0
0
0
0
0
0
0
0
0
0
0
0
0
0
0
0
0
0
0
0
0
0
0
0
0
0
0
0
0
0
0
0
0
0
0
0
0
0
0
0
0
0
0
0
0
0
0
0
0
0
0
0
0
0
0
0
0
0
0
0
0
0
0
0
0
0
0
0
0
0
0
0
0
0
0
0
0
0
0
0
0
0
0
0
0
0
0
0
0
0
0
0
0
0
0
0
0
0
0
0
0
0
0
0
0
0
0
0
0
0
0
0
0
0
0
0
0
0
0
0
0
0
0
0
0
0
0
0
0
0
0
0
0
0
0
0
0
0
0
0
0
0
0
0
0
0
0
0
0
0
0
0
0
0
0
0
0
0
0
0
0
0
0
0
0
0
0
0
0
0
0
0
0
0
0
0
0
0
0
0
0
0
0
0
0
0
0
0
0
0
0
0
0
0
0
0
0
0
0
0
0
0
0
0
0
0
0
0
0
0
0
0
0
0
0
0
0
0
0
0
0
0
0
0
0
0
0
0
0
0
0
0
0
0
0
0
0
0
0
0
0
0
0
0
0
0
0
0
0
0
0
0
0
0
0
0
0
0
0
0
0
0
0
0
0
0
0
0
0
0
0
0
0
0
0
0
0
0
0
0
0
0
0
0
0
0
0
0
0
0
0
0
0
0
0
0
0
0
0
0
0
0
0
0
0
0
0
0
0
0
0
0
0
0
0
0
0
0
0
0
0
0
0
0
0
0
0
0
0
0
0
0
0
0
0
0
0
0
0
0
0
0
0
0
0
0
0
0
0
0
0
0
0
0
0
0
0
0
0
0
0
0
0
0
0
0
0
0
0
0
0
0
0
0
0
0
0
0
0
0
0
0
0
0
0
0
0
0
0
0
0
0
0
0
0
0
0
0
0
0
0
0
0
0
0
0
0
0
0
0
0
0
0
0
0
0
0
0
0
0
0
0
0
0
0
0
0
0
0
0
0
0
0
0
0
0
0
0
0
0
0
0
0
0
0
0
0
0
0
0
0
0
0
0
0
0
0
0
0
0
0
0
0
0
0
0
0
0
0
0
0
0
0
0
0
0
0
0
0
0
0
0
0
0
0
0
0
0
0
0
0
0
0
0
0
0
0
0
0
0
0
0
0
0
0
0
0
0
0
0
0
0
0
0
0
0
0
0
0
0
0
0
0
0
0
0
0
0
0
0
0
0
0
0
0
0
0
0
0
0
0
0
0
0
0
0
0
0
0
0
0
0
0
0
0
0
0
0
0
0
0
0
0
0
0
0
0
0
0
0
0
0
0
0
0
0
0
0
0
0
0
0
0
0
0
0
0
0
0
0
0
0
0
0
0
0
0
0
0
0
0
0
0
0
0
0
0
0
0
0
0
0
0
0
0
0
0
0
0
0
0
0
0
0
0
0
0
0
0
0
0
0
0
0
0
0
0
0
0
0
0
0
0
0
0
0
0
0
0
0
0
0
0
0
0
0
0
0
0
0
0
0
0
0
0
0
0
0
0
0
0
0
0
0
0
0
0
0
0
0
0
0
0
0
0
0
0
0
0
0
0
0
0
0
0
0
0
0
0
0
0
0
0
0
0
0
0
0
0
0
0
0
0
0
0
0
0
0
0
0
0
0
0
0
0
0
0
0
0
0
0
0
0
0
0
0
0
0
0
0
0
0
0
0
0
0
0
0
0
0
0
0
0
0
0
0
0
0
0
0
0
0
0
0
0
0
0
0
0
0
0
0
0
0
0
0
0
0
0
0
0
0
0
0
0
0
0
0
0
0
0
0
0
0
0
0
0
0
0
0
0
0
0
0
0
0
0
0
0
0
0
0
0
0
0
0
0
0
0
0
0
0
0
0
0
0
0
0
0
0
0
0
0
0
0
0
0
0
0
0
0
0
0
0
0
0
0
0
0
0
0
0
0
0
0
0
0
0
0
0
0
0
0
0
0
0
0
0
0
0
0
0
0
0
0
0
0
0
0
0
0
0
0
0
0
0
0
0
0
0
0
0
0
0
0
0
0
0
0
0
0
0
0
0
0
0
0
0
0
0
0
0
0
0
0
0
0
0
0
0
0
0
0
0
0
0
0
0
0
0
0
0
0
0
0
0
0
0
0
0
0
0
0
0
0
0
0
0
0
0
0
0
0
0
0
0
0
0
0
0
0
0
0
0
0
0
0
0
0
0
0
0
0
0
0
0
0
0
0
0
0
0
0
0
0
0
0
0
0
0
0
0
0
0
0
0
0
0
0
0
0
0
0
0
0
0
0
0
0
0
0
0
0
0
0
0
0
0
0
0
0
0
0
0
0
0
0
0
0
0
0
0
0
0
0
0
0
0
0
0
0
0
0
0
0
0
0
0
0
0
0
0
0
0
0
0
0
0
0
0
0
0
0
0
0
0
0
0
0
0
0
0
0
0
0
0
0
0
0
0
0
0
0
0
0
0
0
0
0
0
0
0
0
0
0
0
0
0
0
0
0
0
0
0
0
0
0
0
0
0
0
0
0
0
0
0
0
0
0
0
0
0
0
0
0
0
0
0
0
0
0
0
0
0
0
0
0
0
0
0
0
0
0
0
0
0
0
0
0
0
0
0
0
0
0
0
0
0
0
0
0
0
0
0
0
0
0
0
0
0
0
0
0
0
0
0
0
0
0
0
0
0
0
0
0
0
0
0
0
0
0
0
0
0
0
0
0
0
0
0
0
0
0
0
0
0
0
0
0
0
0
0
0
0
0
0
0
0
0
0
0
0
0
0
0
0
0
0
0
0
0
0
0
0
0
0
0
0
0
0
0
0
0
0
0
0
0
0
0
0
0
0
0
0
0
0
0
0
0
0
0
0
0
0
0
0
0
0
0
0
0
0
0
0
0
0
0
0
0
0
0
0
0
0
0
0
0
0
0
0
0
0
0
0
0
0
0
0
0
0
0
0
0
0
0
0
0
0
0
0
0
0
0
0
0
0
0
0
0
0
0
0
0
0
0
0
0
0
0
0
0
0
0
0
0
0
0
0
0
0
0
0
0
0
0
0
0
0
0
0
0
0
0
0
0
0
0
0
0
0
0
0
0
0
0
0
0
0
0
0
0
0
0
0
0
0
0
0
0
0
0
0
0
0
0
0
0
0
0
0
0
0
0
0
0
0
0
0
0
0
0
0
0
0
0
0
0
0
0
0
0
0
0
0
0
0
0
0
0
0
0
0
0
0
0
0
0
0
0
0
0
0
0
0
0
0
0
0
0
0
0
0
0
0
0
0
0
0
0
0
0
0
0
0
0
0
0
0
0
0
0
0
0
0
0
0
0
0
0
0
0
0
0
0
0
0
0
0
0
0
0
0
0
0
0
0
0
0
0
0
0
0
0
0
0
0
0
0
0
0
0
0
0
0
0
0
0
0
0
0
0
0
0
0
0
0
0
0
0
0
0
0
0
0
0
0
0
0
0
0
0
0
0
0
0
0
0
0
0
0
0
0
0
0
0
0
0
0
0
0
0
0
0
0
0
0
0
0
0
0
0
0
0
0
0
0
0
0
0
0
0
0
0
0
0
0
0
0
0
0
0
0
0
0
0
0
0
0
0
0
0
0
0
0
0
0
0
0
0
0
0
0
0
0
0
0
0
0
0
0
0
0
0
0
0
0
0
0
0
0
0
0
0
0
0
0
0
0
0
0
0
0
0
0
0
0
0
0
0
0
0
0
0
0
0
0
0
0
0
0
0
0
0
0
0
0
0
0
0
0
0
0
0
0
0
0
0
0
0
0
0
0
0
0
0
0
0
0
0
0
0
0
0
0
0
0
0
0
0
0
0
0
0
0
0
0
0
0
0
0
0
0
0
0
0
0
0
0
0
0
0
0
0
0
0
0
0
0
0
0
0
0
0
0
0
0
0
0
0
0
0
0
0
0
0
0
0
0
0
0
0
0
0
0
0
0
0
0
0
0
0
0
0
0
0
0
0
0
0
0
0
0
0
0
0
0
0
0
0
0
0
0
0
0
0
0
0
0
0
0
0
0
0
0
0
0
0
0
0
0
0
0
0
0
0
0
0
0
0
0
0
0
0
0
0
0
0
0
0
0
0
0
0
0
0
0
0
0
0
0
0
0
0
0
0
0
0
0
0
0
0
0
0
0
0
0
0
0
0
0
0
0
0
0
0
0
0
0
0
0
0
0
0
0
0
0
0
0
0
0
0
0
0
0
0
0
0
0
0
0
0
0
0
0
0
0
0
0
0
0
0
0
0
0
0
0
0
0
0
0
0
0
0
0
0
0
0
0
0
0
0
0
0
0
0
0
0
0
0
0
0
0
0
0
0
0
0
0
0
0
0
0
0
0
0
0
0
0
0
0
0
0
0
0
0
0
0
0
0
0
0
0
0
0
0
0
0
0
0
0
0
0
0
0
0
0
0
0
0
0
0
0
0
0
0
0
0
0
0
0
0
0
0
0
0
0
0
0
0
0
0
0
0
0
0
0
0
0
0
0
0
0
0
0
0
0
0
0
0
0
0
0
0
0
0
0
0
0
0
0
0
0
0
0
0
0
0
0
0
0
0
0
0
0
0
0
0
0
0
0
0
0
0
0
0
0
0
0
0
0
0
0
0
0
0
0
0
0
0
0
0
0
0
0
0
0
0
0
0
0
0
0
0
0
0
0
0
0
0
0
0
0
0
0
0
0
0
0
0
0
0
0
0
0
0
0
0
0
0
0
0
0
0
0
0
0
0
0
0
0
0
0
0
0
0
0
0
0
0
0
0
0
0
0
0
0
0
0
0
0
0
0
0
0
0
0
0
0
0
0
0
0
0
0
0
0
0
0
0
0
0
0
0
0
0
0
0
0
0
0
0
0
0
0
0
0
0
0
0
0
0
0
0
0
0
0
0
0
0
0
0
0
0
0
0
0
0
0
0
0
0
0
0
0
0
0
0
0
0
0
0
0
0
0
0
0
0
0
0
0
0
0
0
0
0
0
0
0
0
0
0
0
0
0
0
0
0
0
0
0
0
0
0
0
0
0
0
0
0
0
0
0
0
0
0
0
0
0
0
0
0
0
0
0
0
0
0
0
0
0
0
0
0
0
0
0
0
0
0
0
0
0
0
0
0
0
0
0
0
0
0
0
0
0
0
0
0
0
0
0
0
0
0
0
0
0
0
0
0
0
0
0
0
0
0
0
0
0
0
0
0
0
0
0
0
0
0
0
0
0
0
0
0
0
0
0
0
0
0
0
0
0
0
0
0
0
0
0
0
0
0
0
0
0
0
0
0
0
0
0
0
0
0
0
0
0
0
0
0
0
0
0
0
0
0
0
0
0
0
0
0
0
0
0
0
0
0
0
0
0
0
0
0
0
0
0
0
0
0
0
0
0
0
0
0
0
0
0
0
0
0
0
0
0
0
0
0
0
0
0
0
0
0
0
0
0
0
0
0
0
0
0
0
0
0
0
0
0
0
0
0
0
0
0
0
0
0
0
0
0
0
0
0
0
0
0
0
0
0
0
0
0
0
0
0
0
0
0
0
0
0
0
0
0
0
0
0
0
0
0
0
0
0
0
0
0
0
0
0
0
0
0
0
0
0
0
0
0
0
0
0
0
0
0
0
0
0
0
0
0
0
0
0
0
0
0
0
0
0
0
0
0
0
0
0
0
0
0
0
0
0
0
0
0
0
0
0
0
0
0
0
0
0
0
0
0
0
0
0
0
0
0
0
0
0
0
0
0
0
0
0
0
0
0
0
0
0
0
0
0
0
0
0
0
0
0
0
0
0
0
0
0
0
0
0
0
0
0
0
0
0
0
0
0
0
0
0
0
0
0
0
0
0
0
0
0
0
0
0
0
0
0
0
0
0
0
0
0
0
0
0
0
0
0
0
0
0
0
0
0
0
0
0
0
0
0
0
0
0
0
0
0
0
0
0
0
0
0
0
0
0
0
0
0
0
0
0
0
0
0
0
0
0
0
0
0
0
0
0
0
0
0
0
0
0
0
0
0
0
0
0
0
0
0
0
0
0
0
0
0
0
0
0
0
0
0
0
0
0
0
0
0
0
0
0
0
0
0
0
0
0
0
0
0
0
0
0
0
0
0
0
0
0
0
0
0
0
0
0
0
0
0
0
0
0
0
0
0
0
0
0
0
0
0
0
0
0
0
0
0
0
0
0
0
0
0
0
0
0
0
0
0
0
0
0
0
0
0
0
0
0
0
0
0
0
0
0
0
0
0
0
0
0
0
0
0
0
0
0
0
0
0
0
0
0
0
0
0
0
0
0
0
0
0
0
0
0
0
0
0
0
0
0
0
0
0
0
0
0
0
0
0
0
0
0
0
0
0
0
0
0
0
0
0
0
0
0
0
0
0
0
0
0
0
0
0
0
0
0
0
0
0
0
0
0
0
0
0
0
0
0
0
0
0
0
0
0
0
0
0
0
0
0
0
0
0
0
0
0
0
0
0
0
0
0
0
0
0
0
0
0
0
0
0
0
0
0
0
0
0
0
0
0
0
0
0
0
0
0
0
0
0
0
0
0
0
0
0
0
0
0
0
0
0
0
0
0
0
0
0
0
0
0
0
0
0
0
0
0
0
0
0
0
0
0
0
0
0
0
0
0
0
0
0
0
0
0
0
0
0
0
0
0
0
0
0
0
0
0
0
0
0
0
0
0
0
0
0
0
0
0
0
0
0
0
0
0
0
0
0
0
0
0
0
0
0
0
0
0
0
0
0
0
0
0
0
0
0
0
0
0
0
0
0
0
0
0
0
0
0
0
0
0
0
0
0
0
0
0
0
0
0
0
0
0
0
0
0
0
0
0
0
0
0
0
0
0
0
0
0
0
0
0
0
0
0
0
0
0
0
0
0
0
0
0
0
0
0
0
0
0
0
0
0
0
0
0
0
0
0
0
0
0
0
0
0
0
0
0
0
0
0
0
0
0
0
0
0
0
0
0
0
0
0
0
0
0
0
0
0
0
0
0
0
0
0
0
0
0
0
0
0
0
0
0
0
0
0
0
0
0
0
0
0
0
0
0
0
0
0
0
0
0
0
0
0
0
0
0
0
0
0
0
0
0
0
0
0
0
0
0
0
0
0
0
0
0
0
0
0
0
0
0
0
0
0
0
0
0
0
0
0
0
0
0
0
0
0
0
0
0
0
0
0
0
0
0
0
0
0
0
0
0
0
0
0
0
0
0
0
0
0
0
0
0
0
0
0
0
0
0
0
0
0
0
0
0
0
0
0
0
0
0
0
0
0
0
0
0
0
0
0
0
0
0
0
0
0
0
0
0
0
0
0
0
0
0
0
0
0
0
0
0
0
0
0
0
0
0
0
0
0
0
0
0
0
0
0
0
0
0
0
0
0
0
0
0
0
0
0
0
0
0
0
0
0
0
0
0
0
0
0
0
0
0
0
0
0
0
0
0
0
0
0
0
0
0
0
0
0
0
0
0
0
0
0
0
0
0
0
0
0
0
0
0
0
0
0
0
0
0
0
0
0
0
0
0
0
0
0
0
0
0
0
0
0
0
0
0
0
0
0
0
0
0
0
0
0
0
0
0
0
0
0
0
0
0
0
0
0
0
0
0
0
0
0
0
0
0
0
0
0
0
0
0
0
0
0
0
0
0
0
0
0
0
0
0
0
0
0
0
0
0
0
0
0
0
0
0
0
0
0
0
0
0
0
0
0
0
0
0
0
0
0
0
0
0
0
0
0
0
0
0
0
0
0
0
0
0
0
0
0
0
0
0
0
0
0
0
0
0
0
0
0
0
0
0
0
0
0
0
0
0
0
0
0
0
0
0
0
0
0
0
0
0
0
0
0
0
0
0
0
0
0
0
0
0
0
0
0
0
0
0
0
0
0
0
0
0
0
0
0
0
0
0
0
0
0
0
0
0
0
0
0
0
0
0
0
0
0
0
0
0
0
0
0
0
0
0
0
0
0
0
0
0
0
0
0
0
0
0
0
0
0
0
0
0
0
0
0
0
0
0
0
0
0
0
0
0
0
0
0
0
0
0
0
0
0
0
0
0
0
0
0
0
0
0
0
0
0
0
0
0
0
0
0
0
0
0
0
0
0
0
0
0
0
0
0
0
0
0
0
0
0
0
0
0
0
0
0
0
0
0
0
0
0
0
0
0
0
0
0
0
0
0
0
0
0
0
0
0
0
0
0
0
0
0
0
0
0
0
0
0
0
0
0
0
0
0
0
0
0
0
0
0
0
0
0
0
0
0
0
0
0
0
0
0
0
0
0
0
0
0
0
0
0
0
0
0
0
0
0
0
0
0
0
0
0
0
0
0
0
0
0
0
0
0
0
0
0
0
0
0
0
0
0
0
0
0
0
0
0
0
0
0
0
0
0
0
0
0
0
0
0
0
0
0
0
0
0
0
0
0
0
0
0
0
0
0
0
0
0
0
0
0
0
0
0
0
0
0
0
0
0
0
0
0
0
0
0
0
0
0
0
0
0
0
0
0
0
0
0
0
0
0
0
0
0
0
0
0
0
0
0
0
0
0
0
0
0
0
0
0
0
0
0
0
0
0
0
0
0
0
0
0
0
0
0
0
0
0
0
0
0
0
0
0
0
0
0
0
0
0
0
0
0
0
0
0
0
0
0
0
0
0
0
0
0
0
0
0
0
0
0
0
0
0
0
0
0
0
0
0
0
0
0
0
0
0
0
0
0
0
0
0
0
0
0
0
0
0
0
0
0
0
0
0
0
0
0
0
0
0
0
0
0
0
0
0
0
0
0
0
0
0
0
0
0
0
0
0
0
0
0
0
0
0
0
0
0
0
0
0
0
0
0
0
0
0
0
0
0
0
0
0
0
0
0
0
0
0
0
0
0
0
0
0
0
0
0
0
0
0
0
0
0
0
0
0
0
0
0
0
0
0
0
0
0
0
0
0
0
0
0
0
0
0
0
0
0
0
0
0
0
0
0
0
0
0
0
0
0
0
0
0
0
0
0
0
0
0
0
0
0
0
0
0
0
0
0
0
0
0
0
0
0
0
0
0
0
0
0
0
0
0
0
0
0
0
0
0
0
0
0
0
0
0
0
0
0
0
0
0
0
0
0
0
0
0
0
0
0
0
0
0
0
0
0
0
0
0
0
0
0
0
0
0
0
0
0
0
0
0
0
0
0
0
0
0
0
0
0
0
0
0
0
0
0
0
0
0
0
0
0
0
0
0
0
0
0
0
0
0
0
0
0
0
0
0
0
0
0
0
0
0
0
0
0
0
0
0
0
0
0
0
0
0
0
0
0
0
0
0
0
0
0
0
0
0
0
0
0
0
0
0
0
0
0
0
0
0
0
0
0
0
0
0
0
0
0
0
0
0
0
0
0
0
0
0
0
0
0
0
0
0
0
0
0
0
0
0
0
0
0
0
0
0
0
0
0
0
0
0
0
0
0
0
0
0
0
0
0
0
0
0
0
0
0
0
0
0
0
0
0
0
0
0
0
0
0
0
0
0
0
0
0
0
0
0
0
0
0
0
0
0
0
0
0
0
0
0
0
0
0
0
0
0
0
0
0
0
0
0
0
0
0
0
0
0
0
0
0
0
0
0
0
0
0
0
0
0
0
0
0
0
0
0
0
0
0
0
0
0
0
0
0
0
0
0
0
0
0
0
0
0
0
0
0
0
0
0
0
0
0
0
0
0
0
0
0
0
0
0
0
0
0
0
0
0
0
0
0
0
0
0
0
0
0
0
0
0
0
0
0
0
0
0
0
0
0
0
0
0
0
0
0
0
0
0
0
0
0
0
0
0
0
0
0
0
0
0
0
0
0
0
0
0
0
0
0
0
0
0
0
0
0
0
0
0
0
0
0
0
0
0
0
0
0
0
0
0
0
0
0
0
0
0
0
0
0
0
0
0
0
0
0
0
0
0
0
0
0
0
0
0
0
0
0
0
0
0
0
0
0
0
0
0
0
0
0
0
0
0
0
0
0
0
0
0
0
0
0
0
0
0
0
0
0
0
0
0
0
0
0
0
0
0
0
0
0
0
0
0
0
0
0
0
0
0
0
0
0
0
0
0
0
0
0
0
0
0
0
0
0
0
0
0
0
0
0
0
0
0
0
0
0
0
0
0
0
0
0
0
0
0
0
0
0
0
0
0
0
0
0
0
0
0
0
0
0
0
0
0
0
0
0
0
0
0
0
0
0
0
0
0
0
0
0
0
0
0
0
0
0
0
0
0
0
0
0
0
0
0
0
0
0
0
0
0
0
0
0
0
0
0
0
0
0
0
0
0
0
0
0
0
0
0
0
0
0
0
0
0
0
0
0
0
0
0
0
0
0
0
0
0
0
0
0
0
0
0
0
0
0
0
0
0
0
0
0
0
0
0
0
0
0
0
0
0
0
0
0
0
0
0
0
0
0
0
0
0
0
0
0
0
0
0
0
0
0
0
0
0
0
0
0
0
0
0
0
0
0
0
0
0
0
0
0
0
0
0
0
0
0
0
0
0
0
0
0
0
0
0
0
0
0
0
0
0
0
0
0
0
0
0
0
0
0
0
0
0
0
0
0
0
0
0
0
0
0
0
0
0
0
0
0
0
0
0
0
0
0
0
0
0
0
0
0
0
0
0
0
0
0
0
0
0
0
0
0
0
0
0
0
0
0
0
0
0
0
0
0
0
0
0
0
0
0
0
0
0
0
0
0
0
0
0
0
0
0
0
0
0
0
0
0
0
0
0
0
0
0
0
0
0
0
0
0
0
0
0
0
0
0
0
0
0
0
0
0
0
0
0
0
0
0
0
0
0
0
0
0
0
0
0
0
0
0
0
0
0
0
0
0
0
0
0
0
0
0
0
0
0
0
0
0
0
0
0
0
0
0
0
0
0
0
0
0
0
0
0
0
0
0
0
0
0
0
0
0
0
0
0
0
0
0
0
0
0
0
0
0
0
0
0
0
0
0
0
0
0
0
0
0
0
0
0
0
0
0
0
0
0
0
0
0
0
0
0
0
0
0
0
0
0
0
0
0
0
0
0
0
0
0
0
0
0
0
0
0
0
0
0
0
0
0
0
0
0
0
0
0
0
0
0
0
0
0
0
0
0
0
0
0
0
0
0
0
0
0
0
0
0
0
0
0
0
0
0
0
0
0
0
0
0
0
0
0
0
0
0
0
0
0
0
0
0
0
0
0
0
0
0
0
0
0
0
0
0
0
0
0
0
0
0
0
0
0
0
0
0
0
0
0
0
0
0
0
0
0
0
0
0
0
0
0
0
0
0
0
0
0
0
0
0
0
0
0
0
0
0
0
0
0
0
0
0
0
0
0
0
0
0
0
0
0
0
0
0
0
0
0
0
0
0
0
0
0
0
0
0
0
0
0
0
0
0
0
0
0
0
0
0
0
0
0
0
0
0
0
0
0
0
0
0
0
0
0
0
0
0
0
0
0
0
0
0
0
0
0
0
0
0
0
0
0
0
0
0
0
0
0
0
0
0
0
0
0
0
0
0
0
0
0
0
0
0
0
0
0
0
0
0
0
0
0
0
0
0
0
0
0
0
0
0
0
0
0
0
0
0
0
0
0
0
0
0
0
0
0
0
0
0
0
0
0
0
0
0
0
0
0
0
0
0
0
0
0
0
0
0
0
0
0
0
0
0
0
0
0
0
0
0
0
0
0
0
0
0
0
0
0
0
0
0
0
0
0
0
0
0
0
0
0
0
0
0
0
0
0
0
0
0
0
0
0
0
0
0
0
0
0
0
0
0
0
0
0
0
0
0
0
0
0
0
0
0
0
0
0
0
0
0
0
0
0
0
0
0
0
0
0
0
0
0
0
0
0
0
0
0
0
0
0
0
0
0
0
0
0
0
0
0
0
0
0
0
0
0
0
0
0
0
0
0
0
0
0
0
0
0
0
0
0
0
0
0
0
0
0
0
0
0
0
0
0
0
0
0
0
0
0
0
0
0
0
0
0
0
0
0
0
0
0
0
0
0
0
0
0
0
0
0
0
0
0
0
0
0
0
0
0
0
0
0
0
0
0
0
0
0
0
0
0
0
0
0
0
0
0
0
0
0
0
0
0
0
0
0
0
0
0
0
0
0
0
0
0
0
0
0
0
0
0
0
0
0
0
0
0
0
0
0
0
0
0
0
0
0
0
0
0
0
0
0
0
0
0
0
0
0
0
0
0
0
0
0
0
0
0
0
0
0
0
0
0
0
0
0
0
0
0
0
0
0
0
0
0
0
0
0
0
0
0
0
0
0
0
0
0
0
0
0
0
0
0
0
0
0
0
0
0
0
0
0
0
0
0
0
0
0
0
0
0
0
0
0
0
0
0
0
0
0
0
0
0
0
0
0
0
0
0
0
0
0
0
0
0
0
0
0
0
0
0
0
0
0
0
0
0
0
0
0
0
0
0
0
0
0
0
0
0
0
0
0
0
0
0
0
0
0
0
0
0
0
0
0
0
0
0
0
0
0
0
0
0
0
0
0
0
0
0
0
0
0
0
0
0
0
0
0
0
0
0
0
0
0
0
0
0
0
0
0
0
0
0
0
0
0
0
0
0
0
0
0
0
0
0
0
0
0
0
0
0
0
0
0
0
0
0
0
0
0
0
0
0
0
0
0
0
0
0
0
0
0
0
0
0
0
0
0
0
0
0
0
0
0
0
0
0
0
0
0
0
0
0
0
0
0
0
0
0
0
0
0
0
0
0
0
0
0
0
0
0
0
0
0
0
0
0
0
0
0
0
0
0
0
0
0
0
0
0
0
0
0
0
0
0
0
0
0
0
0
0
0
0
0
0
0
0
0
0
0
0
0
0
0
0
0
0
0
0
0
0
0
0
0
0
0
0
0
0
0
0
0
0
0
0
0
0
0
0
0
0
0
0
0
0
0
0
0
0
0
0
0
0
0
0
0
0
0
0
0
0
0
0
0
0
0
0
0
0
0
0
0
0
0
0
0
0
0
0
0
0
0
0
0
0
0
0
0
0
0
0
0
0
0
0
0
0
0
0
0
0
0
0
0
0
0
0
0
0
0
0
0
0
0
0
0
0
0
0
0
0
0
0
0
0
0
0
0
0
0
0
0
0
0
0
0
0
0
0
0
0
0
0
0
0
0
0
0
0
0
0
0
0
0
0
0
0
0
0
0
0
0
0
0
0
0
0
0
0
0
0
0
0
0
0
0
0
0
0
0
0
0
0
0
0
0
0
0
0
0
0
0
0
0
0
0
0
0
0
0
0
0
0
0
0
0
0
0
0
0
0
0
0
0
0
0
0
0
0
0
0
0
0
0
0
0
0
0
0
0
0
0
0
0
0
0
0
0
0
0
0
0
0
0
0
0
0
0
0
0
0
0
0
0
0
0
0
0
0
0
0
0
0
0
0
0
0
0
0
0
0
0
0
0
0
0
0
0
0
0
0
0
0
0
0
0
0
0
0
0
0
0
0
0
0
0
0
0
0
0
0
0
0
0
0
0
0
0
0
0
0
0
0
0
0
0
0
0
0
0
0
0
0
0
0
0
0
0
0
0
0
0
0
0
0
0
0
0
0
0
0
0
0
0
0
0
0
0
0
0
0
0
0
0
0
0
0
0
0
0
0
0
0
0
0
0
0
0
0
0
0
0
0
0
0
0
0
0
0
0
0
0
0
0
0
0
0
0
0
0
0
0
0
0
0
0
0
0
0
0
0
0
0
0
0
0
0
0
0
0
0
0
0
0
0
0
0
0
0
0
0
0
0
0
0
0
0
0
0
0
0
0
0
0
0
0
0
0
0
0
0
0
0
0
0
0
0
0
0
0
0
0
0
0
0
0
0
0
0
0
0
0
0
0
0
0
0
0
0
0
0
0
0
0
0
0
0
0
0
0
0
0
0
0
0
0
0
0
0
0
0
0
0
0
0
0
0
0
0
0
0
0
0
0
0
0
0
0
0
0
0
0
0
0
0
0
0
0
0
0
0
0
0
0
0
0
0
0
0
0
0
0
0
0
0
0
0
0
0
0
0
0
0
0
0
0
0
0
0
0
0
0
0
0
0
0
0
0
0
0
0
0
0
0
0
0
0
0
0
0
0
0
0
0
0
0
0
0
0
0
0
0
0
0
0
0
0
0
0
0
0
0
0
0
0
0
0
0
0
0
0
0
0
0
0
0
0
0
0
0
0
0
0
0
0
0
0
0
0
0
0
0
0
0
0
0
0
0
0
0
0
0
0
0
0
0
0
0
0
0
0
0
0
0
0
0
0
0
0
0
0
0
0
0
0
0
0
0
0
0
0
0
0
0
0
0
0
0
0
0
0
0
0
0
0
0
0
0
0
0
0
0
0
0
0
0
0
0
0
0
0
0
0
0
0
0
0
0
0
0
0
0
0
0
0
0
0
0
0
0
0
0
0
0
0
0
0
0
0
0
0
0
0
0
0
0
0
0
0
0
0
0
0
0
0
0
0
0
0
0
0
0
0
0
0
0
0
0
0
0
0
0
0
0
0
0
0
0
0
0
0
0
0
0
0
0
0
0
0
0
0
0
0
0
0
0
0
0
0
0
0
0
0
0
0
0
0
0
0
0
0
0
0
0
0
0
0
0
0
0
0
0
0
0
0
0
0
0
0
0
0
0
0
0
0
0
0
0
0
0
0
0
0
0
0
0
0
0
0
0
0
0
0
0
0
0
0
0
0
0
0
0
0
0
0
0
0
0
0
0
0
0
0
0
0
0
0
0
0
0
0
0
0
0
0
0
0
0
0
0
0
0
0
0
0
0
0
0
0
0
0
0
0
0
0
0
0
0
0
0
0
0
0
0
0
0
0
0
0
0
0
0
0
0
0
0
0
0
0
0
0
0
0
0
0
0
0
0
0
0
0
0
0
0
0
0
0
0
0
0
0
0
0
0
0
0
0
0
0
0
0
0
0
0
0
0
0
0
0
0
0
0
0
0
0
0
0
0
0
0
0
0
0
0
0
0
0
0
0
0
0
0
0
0
0
0
0
0
0
0
0
0
0
0
0
0
0
0
0
0
0
0
0
0
0
0
0
0
0
0
0
0
0
0
0
0
0
0
0
0
0
0
0
0
0
0
0
0
0
0
0
0
0
0
0
0
0
0
0
0
0
0
0
0
0
0
0
0
0
0
0
0
0
0
0
0
0
0
0
0
0
0
0
0
0
0
0
0
0
0
0
0
0
0
0
0
0
0
0
0
0
0
0
0
0
0
0
0
0
0
0
0
0
0
0
0
0
0
0
0
0
0
0
0
0
0
0
0
0
0
0
0
0
0
0
0
0
0
0
0
0
0
0
0
0
0
0
0
0
0
0
0
0
0
0
0
0
0
0
0
0
0
0
0
0
0
0
0
0
0
0
0
0
0
0
0
0
0
0
0
0
0
0
0
0
0
0
0
0
0
0
0
0
0
0
0
0
0
0
0
0
0
0
0
0
0
0
0
0
0
0
0
0
0
0
0
0
0
0
0
0
0
0
0
0
0
0
0
0
0
0
0
0
0
0
0
0
0
0
0
0
0
0
0
0
0
0
0
0
0
0
0
0
0
0
0
0
0
0
0
0
0
0
0
0
0
0
0
0
0
0
0
0
0
0
0
0
0
0
0
0
0
0
0
0
0
0
0
0
0
0
0
0
0
0
0
0
0
0
0
0
0
0
0
0
0
0
0
0
0
0
0
0
0
0
0
0
0
0
0
0
0
0
0
0
0
0
0
0
0
0
0
0
0
0
0
0
0
0
0
0
0
0
0
0
0
0
0
0
0
0
0
0
0
0
0
0
0
0
0
0
0
0
0
0
0
0
0
0
0
0
0
0
0
0
0
0
0
0
0
0
0
0
0
0
0
0
0
0
0
0
0
0
0
0
0
0
0
0
0
0
0
0
0
0
0
0
0
0
0
0
0
0
0
0
0
0
0
0
0
0
0
0
0
0
0
0
0
0
0
0
0
0
0
0
0
0
0
0
0
0
0
0
0
0
0
0
0
0
0
0
0
0
0
0
0
0
0
0
0
0
0
0
0
0
0
0
0
0
0
0
0
0
0
0
0
0
0
0
0
0
0
0
0
0
0
0
0
0
0
0
0
0
0
0
0
0
0
0
0
0
0
0
0
0
0
0
0
0
0
0
0
0
0
0
0
0
0
0
0
0
0
0
0
0
0
0
0
0
0
0
0
0
0
0
0
0
0
0
0
0
0
0
0
0
0
0
0
0
0
0
0
0
0
0
0
0
0
0
0
0
0
0
0
0
0
0
0
0
0
0
0
0
0
0
0
0
0
0
0
0
0
0
0
0
0
0
0
0
0
0
0
0
0
0
0
0
0
0
0
0
0
0
0
0
0
0
0
0
0
0
0
0
0
0
0
0
0
0
0
0
0
0
0
0
0
0
0
0
0
0
0
0
0
0
0
0
0
0
0
0
0
0
0
0
0
0
0
0
0
0
0
0
0
0
0
0
0
0
0
0
0
0
0
0
0
0
0
0
0
0
0
0
0
0
0
0
0
0
0
0
0
0
0
0
0
0
0
0
0
0
0
0
0
0
0
0
0
0
0
0
0
0
0
0
0
0
0
0
0
0
0
0
0
0
0
0
0
0
0
0
0
0
0
0
0
0
0
0
0
0
0
0
0
0
0
0
0
0
0
0
0
0
0
0
0
0
0
0
0
0
0
0
0
0
0
0
0
0
0
0
0
0
0
0
0
0
0
0
0
0
0
0
0
0
0
0
0
0
0
0
0
0
0
0
0
0
0
0
0
0
0
0
0
0
0
0
0
0
0
0
0
0
0
0
0
0
0
0
0
0
0
0
0
0
0
0
0
0
0
0
0
0
0
0
0
0
0
0
0
0
0
0
0
0
0
0
0
0
0
0
0
0
0
0
0
0
0
0
0
0
0
0
0
0
0
0
0
0
0
0
0
0
0
0
0
0
0
0
0
0
0
0
0
0
0
0
0
0
0
0
0
0
0
0
0
0
0
0
0
0
0
0
0
0
0
0
0
0
0
0
0
0
0
0
0
0
0
0
0
0
0
0
0
0
0
0
0
0
0
0
0
0
0
0
0
0
0
0
0
0
0
0
0
0
0
0
0
0
0
0
0
0
0
0
0
0
0
0
0
0
0
0
0
0
0
0
0
0
0
0
0
0
0
0
0
0
0
0
0
0
0
0
0
0
0
0
0
0
0
0
0
0
0
0
0
0
0
0
0
0
0
0
0
0
0
0
0
0
0
0
0
0
0
0
0
0
0
0
0
0
0
0
0
0
0
0
0
0
0
0
0
0
0
0
0
0
0
0
0
0
0
0
0
0
0
0
0
0
0
0
0
0
0
0
0
0
0
0
0
0
0
0
0
0
0
0
0
0
0
0
0
0
0
0
0
0
0
0
0
0
0
0
0
0
0
0
0
0
0
0
0
0
0
0
0
0
0
0
0
0
0
0
0
0
0
0
0
0
0
0
0
0
0
0
0
0
0
0
0
0
0
0
0
0
0
0
0
0
0
0
0
0
0
0
0
0
0
0
0
0
0
0
0
0
0
0
0
0
0
0
0
0
0
0
0
0
0
0
0
0
0
0
0
0
0
0
0
0
0
0
0
0
0
0
0
0
0
0
0
0
0
0
0
0
0
0
0
0
0
0
0
0
0
0
0
0
0
0
0
0
0
0
0
0
0
0
0
0
0
0
0
0
0
0
0
0
0
0
0
0
0
0
0
0
0
0
0
0
0
0
0
0
0
0
0
0
0
0
0
0
0
0
0
0
0
0
0
0
0
0
0
0
0
0
0
0
0
0
0
0
0
0
0
0
0
0
0
0
0
0
0
0
0
0
0
0
0
0
0
0
0
0
0
0
0
0
0
0
0
0
0
0
0
0
0
0
0
0
0
0
0
0
0
0
0
0
0
0
0
0
0
0
0
0
0
0
0
0
0
0
0
0
0
0
0
0
0
0
0
0
0
0
0
0
0
0
0
0
0
0
0
0
0
0
0
0
0
0
0
0
0
0
0
0
0
0
0
0
0
0
0
0
0
0
0
0
0
0
0
0
0
0
0
0
0
0
0
0
0
0
0
0
0
0
0
0
0
0
0
0
0
0
0
0
0
0
0
0
0
0
0
0
0
0
0
0
0
0
0
0
0
0
0
0
0
0
0
0
0
0
0
0
0
0
0
0
0
0
0
0
0
0
0
0
0
0
0
0
0
0
0
0
0
0
0
0
0
0
0
0
0
0
0
0
0
0
0
0
0
0
0
0
0
0
0
0
0
0
0
0
0
0
0
0
0
0
0
0
0
0
0
0
0
0
0
0
0
0
0
0
0
0
0
0
0
0
0
0
0
0
0
0
0
0
0
0
0
0
0
0
0
0
0
0
0
0
0
0
0
0
0
0
0
0
0
0
0
0
0
0
0
0
0
0
0
0
0
0
0
0
0
0
0
0
0
0
0
0
0
0
0
0
0
0
0
0
0
0
0
0
0
0
0
0
0
0
0
0
0
0
0
0
0
0
0
0
0
0
0
0
0
0
0
0
0
0
0
0
0
0
0
0
0
0
0
0
0
0
0
0
0
0
0
0
0
0
0
0
0
0
0
0
0
0
0
0
0
0
0
0
0
0
0
0
0
0
0
0
0
0
0
0
0
0
0
0
0
0
0
0
0
0
0
0
0
0
0
0
0
0
0
0
0
0
0
0
0
0
0
0
0
0
0
0
0
0
0
0
0
0
0
0
0
0
0
0
0
0
0
0
0
0
0
0
0
0
0
0
0
0
0
0
0
0
0
0
0
0
0
0
0
0
0
0
0
0
0
0
0
0
0
0
0
0
0
0
0
0
0
0
0
0
0
0
0
0
0
0
0
0
0
0
0
0
0
0
0
0
0
0
0
0
0
0
0
0
0
0
0
0
0
0
0
0
0
0
0
0
0
0
0
0
0
0
0
0
0
0
0
0
0
0
0
0
0
0
0
0
0
0
0
0
0
0
0
0
0
0
0
0
0
0
0
0
0
0
0
0
0
0
0
0
0
0
0
0
0
0
0
0
0
0
0
0
0
0
0
0
0
0
0
0
0
0
0
0
0
0
0
0
0
0
0
0
0
0
0
0
0
0
0
0
0
0
0
0
0
0
0
0
0
0
0
0
0
0
0
0
0
0
0
0
0
0
0
0
0
0
0
0
0
0
0
0
0
0
0
0
0
0
0
0
0
0
0
0
0
0
0
0
0
0
0
0
0
0
0
0
0
0
0
0
0
0
0
0
0
0
0
0
0
0
0
0
0
0
0
0
0
0
0
0
0
0
0
0
0
0
0
0
0
0
0
0
0
0
0
0
0
0
0
0
0
0
0
0
0
0
0
0
0
0
0
0
0
0
0
0
0
0
0
0
0
0
0
0
0
0
0
0
0
0
0
0
0
0
0
0
0
0
0
0
0
0
0
0
0
0
0
0
0
0
0
0
0
0
0
0
0
0
0
0
0
0
0
0
0
0
0
0
0
0
0
0
0
0
0
0
0
0
0
0
0
0
0
0
0
0
0
0
0
0
0
0
0
0
0
0
0
0
0
0
0
0
0
0
0
0
0
0
0
0
0
0
0
0
0
0
0
0
0
0
0
0
0
0
0
0
0
0
0
0
0
0
0
0
0
0
0
0
0
0
0
0
0
0
0
0
0
0
0
0
0
0
0
0
0
0
0
0
0
0
0
0
0
0
0
0
0
0
0
0
0
0
0
0
0
0
0
0
0
0
0
0
0
0
0
0
0
0
0
0
0
0
0
0
0
0
0
0
0
0
0
0
0
0
0
0
0
0
0
0
0
0
0
0
0
0
0
0
0
0
0
0
0
0
0
0
0
0
0
0
0
0
0
0
0
0
0
0
0
0
0
0
0
0
0
0
0
0
0
0
0
0
0
0
0
0
0
0
0
0
0
0
0
0
0
0
0
0
0
0
0
0
0
0
0
0
0
0
0
0
0
0
0
0
0
0
0
0
0
0
0
0
0
0
0
0
0
0
0
0
0
0
0
0
0
0
0
0
0
0
0
0
0
0
0
0
0
0
0
0
0
0
0
0
0
0
0
0
0
0
0
0
0
0
0
0
0
0
0
0
0
0
0
0
0
0
0
0
0
0
0
0
0
0
0
0
0
0
0
0
0
0
0
0
0
0
0
0
0
0
0
0
0
0
0
0
0
0
0
0
0
0
0
0
0
0
0
0
0
0
0
0
0
0
0
0
0
0
0
0
0
0
0
0
0
0
0
0
0
0
0
0
0
0
0
0
0
0
0
0
0
0
0
0
0
0
0
0
0
0
0
0
0
0
0
0
0
0
0
0
0
0
0
0
0
0
0
0
0
0
0
0
0
0
0
0
0
0
0
0
0
0
0
0
0
0
0
0
0
0
0
0
0
0
0
0
0
0
0
0
0
0
0
0
0
0
0
0
0
0
0
0
0
0
0
0
0
0
0
0
0
0
0
0
0
0
0
0
0
0
0
0
0
0
0
0
0
0
0
0
0
0
0
0
0
0
0
0
0
0
0
0
0
0
0
0
0
0
0
0
0
0
0
0
0
0
0
0
0
0
0
0
0
0
0
0
0
0
0
0
0
0
0
0
0
0
0
0
0
0
0
0
0
0
0
0
0
0
0
0
0
0
0
0
0
0
0
0
0
0
0
0
0
0
0
0
0
0
0
0
0
0
0
0
0
0
0
0
0
0
0
0
0
0
0
0
0
0
0
0
0
0
0
0
0
0
0
0
0
0
0
0
0
0
0
0
0
0
0
0
0
0
0
0
0
0
0
0
0
0
0
0
0
0
0
0
0
0
0
0
0
0
0
0
0
0
0
0
0
0
0
0
0
0
0
0
0
0
0
0
0
0
0
0
0
0
0
0
0
0
0
0
0
0
0
0
0
0
0
0
0
0
0
0
0
0
0
0
0
0
0
0
0
0
0
0
0
0
0
0
0
0
0
0
0
0
0
0
0
0
0
0
0
0
0
0
0
0
0
0
0
0
0
0
0
0
0
0
0
0
0
0
0
0
0
0
0
0
0
0
0
0
0
0
0
0
0
0
0
0
0
0
0
0
0
0
0
0
0
0
0
0
0
0
0
0
0
0
0
0
0
0
0
0
0
0
0
0
0
0
0
0
0
0
0
0
0
0
0
0
0
0
0
0
0
0
0
0
0
0
0
0
0
0
0
0
0
0
0
0
0
0
0
0
0
0
0
0
0
0
0
0
0
0
0
0
0
0
0
0
0
0
0
0
0
0
0
0
0
0
0
0
0
0
0
0
0
0
0
0
0
0
0
0
0
0
0
0
0
0
0
0
0
0
0
0
0
0
0
0
0
0
0
0
0
0
0
0
0
0
0
0
0
0
0
0
0
0
0
0
0
0
0
0
0
0
0
0
0
0
0
0
0
0
0
0
0
0
0
0
0
0
0
0
0
0
0
0
0
0
0
0
0
0
0
0
0
0
0
0
0
0
0
0
0
0
0
0
0
0
0
0
0
0
0
0
0
0
0
0
0
0
0
0
0
0
0
0
0
0
0
0
0
0
0
0
0
0
0
0
0
0
0
0
0
0
0
0
0
0
0
0
0
0
0
0
0
0
0
0
0
0
0
0
0
0
0
0
0
0
0
0
0
0
0
0
0
0
0
0
0
0
0
0
0
0
0
0
0
0
0
0
0
0
0
0
0
0
0
0
0
0
0
0
0
0
0
0
0
0
0
0
0
0
0
0
0
0
0
0
0
0
0
0
0
0
0
0
0
0
0
0
0
0
0
0
0
0
0
0
0
0
0
0
0
0
0
0
0
0
0
0
0
0
0
0
0
0
0
0
0
0
0
0
0
0
0
0
0
0
0
0
0
0
0
0
0
0
0
0
0
0
0
0
0
0
0
0
0
0
0
0
0
0
0
0
0
0
0
0
0
0
0
0
0
0
0
0
0
0
0
0
0
0
0
0
0
0
0
0
0
0
0
0
0
0
0
0
0
0
0
0
0
0
0
0
0
0
0
0
0
0
0
0
0
0
0
0
0
0
0
0
0
0
0
0
0
0
0
0
0
0
0
0
0
0
0
0
0
0
0
0
0
0
0
0
0
0
0
0
0
0
0
0
0
0
0
0
0
0
0
0
0
0
0
0
0
0
0
0
0
0
0
0
0
0
0
0
0
0
0
0
0
0
0
0
0
0
0
0
0
0
0
0
0
0
0
0
0
0
0
0
0
0
0
0
0
0
0
0
0
0
0
0
0
0
0
0
0
0
0
0
0
0
0
0
0
0
0
0
0
0
0
0
0
0
0
0
0
0
0
0
0
0
0
0
0
0
0
0
0
0
0
0
0
0
0
0
0
0
0
0
0
0
0
0
0
0
0
0
0
0
0
0
0
0
0
0
0
0
0
0
0
0
0
0
0
0
0
0
0
0
0
0
0
0
0
0
0
0
0
0
0
0
0
0
0
0
0
0
0
0
0
0
0
0
0
0
0
0
0
0
0
0
0
0
0
0
0
0
0
0
0
0
0
0
0
0
0
0
0
0
0
0
0
0
0
0
0
0
0
0
0
0
0
0
0
0
0
0
0
0
0
0
0
0
0
0
0
0
0
0
0
0
0
0
0
0
0
0
0
0
0
0
0
0
0
0
0
0
0
0
0
0
0
0
0
0
0
0
0
0
0
0
0
0
0
0
0
0
0
0
0
0
0
0
0
0
0
0
0
0
0
0
0
0
0
0
0
0
0
0
0
0
0
0
0
0
0
0
0
0
0
0
0
0
0
0
0
0
0
0
0
0
0
0
0
0
0
0
0
0
0
0
0
0
0
0
0
0
0
0
0
0
0
0
0
0
0
0
0
0
0
0
0
0
0
0
0
0
0
0
0
0
0
0
0
0
0
0
0
0
0
0
0
0
0
0
0
0
0
0
0
0
0
0
0
0
0
0
0
0
0
0
0
0
0
0
0
0
0
0
0
0
0
0
0
0
0
0
0
0
0
0
0
0
0
0
0
0
0
0
0
0
0
0
0
0
0
0
0
0
0
0
0
0
0
0
0
0
0
0
0
0
0
0
0
0
0
0
0
0
0
0
0
0
0
0
0
0
0
0
0
0
0
0
0
0
0
0
0
0
0
0
0
0
0
0
0
0
0
0
0
0
0
0
0
0
0
0
0
0
0
0
0
0
0
0
0
0
0
0
0
0
0
0
0
0
0
0
0
0
0
0
0
0
0
0
0
0
0
0
0
0
0
0
0
0
0
0
0
0
0
0
0
0
0
0
0
0
0
0
0
0
0
0
0
0
0
0
0
0
0
0
0
0
0
0
0
0
0
0
0
0
0
0
0
0
0
0
0
0
0
0
0
0
0
0
0
0
0
0
0
0
0
0
0
0
0
0
0
0
0
0
0
0
0
0
0
0
0
0
0
0
0
0
0
0
0
0
0
0
0
0
0
0
0
0
0
0
0
0
0
0
0
0
0
0
0
0
0
0
0
0
0
0
0
0
0
0
0
0
0
0
0
0
0
0
0
0
0
0
0
0
0
0
0
0
0
0
0
0
0
0
0
0
0
0
0
0
0
0
0
0
0
0
0
0
0
0
0
0
0
0
0
0
0
0
0
0
0
0
0
0
0
0
0
0
0
0
0
0
0
0
0
0
0
0
0
0
0
0
0
0
0
0
0
0
0
0
0
0
0
0
0
0
0
0
0
0
0
0
0
0
0
0
0
0
0
0
0
0
0
0
0
0
0
0
0
0
0
0
0
0
0
0
0
0
0
0
0
0
0
0
0
0
0
0
0
0
0
0
0
0
0
0
0
0
0
0
0
0
0
0
0
0
0
0
0
0
0
0
0
0
0
0
0
0
0
0
0
0
0
0
0
0
0
0
0
0
0
0
0
0
0
0
0
0
0
0
0
0
0
0
0
0
0
0
0
0
0
0
0
0
0
0
0
0
0
0
0
0
0
0
0
0
0
0
0
0
0
0
0
0
0
0
0
0
0
0
0
0
0
0
0
0
0
0
0
0
0
0
0
0
0
0
0
0
0
0
0
0
0
0
0
0
0
0
0
0
0
0
0
0
0
0
0
0
0
0
0
0
0
0
0
0
0
0
0
0
0
0
0
0
0
0
0
0
0
0
0
0
0
0
0
0
0
0
0
0
0
0
0
0
0
0
0
0
0
0
0
0
0
0
0
0
0
0
0
0
0
0
0
0
0
0
0
0
0
0
0
0
0
0
0
0
0
0
0
0
0
0
0
0
0
0
0
0
0
0
0
0
0
0
0
0
0
0
0
0
0
0
0
0
0
0
0
0
0
0
0
0
0
0
0
0
0
0
0
0
0
0
0
0
0
0
0
0
0
0
0
0
0
0
0
0
0
0
0
0
0
0
0
0
0
0
0
0
0
0
0
0
0
0
0
0
0
0
0
0
0
0
0
0
0
0
0
0
0
0
0
0
0
0
0
0
0
0
0
0
0
0
0
0
0
0
0
0
0
0
0
0
0
0
0
0
0
0
0
0
0
0
0
0
0
0
0
0
0
0
0
0
0
0
0
0
0
0
0
0
0
0
0
0
0
0
0
0
0
0
0
0
0
0
0
0
0
0
0
0
0
0
0
0
0
0
0
0
0
0
0
0
0
0
0
0
0
0
0
0
0
0
0
0
0
0
0
0
0
0
0
0
0
0
0
0
0
0
0
0
0
0
0
0
0
0
0
0
0
0
0
0
0
0
0
0
0
0
0
0
0
0
0
0
0
0
0
0
0
0
0
0
0
0
0
0
0
0
0
0
0
0
0
0
0
0
0
0
0
0
0
0
0
0
0
0
0
0
0
0
0
0
0
0
0
0
0
0
0
0
0
0
0
0
0
0
0
0
0
0
0
0
0
0
0
0
0
0
0
0
0
0
0
0
0
0
0
0
0
0
0
0
0
0
0
0
0
0
0
0
0
0
0
0
0
0
0
0
0
0
0
0
0
0
0
0
0
0
0
0
0
0
0
0
0
0
0
0
0
0
0
0
0
0
0
0
0
0
0
0
0
0
0
0
0
0
0
0
0
0
0
0
0
0
0
0
0
0
0
0
0
0
0
0
0
0
0
0
0
0
0
0
0
0
0
0
0
0
0
0
0
0
0
0
0
0
0
0
0
0
0
0
0
0
0
0
0
0
0
0
0
0
0
0
0
0
0
0
0
0
0
0
0
0
0
0
0
0
0
0
0
0
0
0
0
0
0
0
0
0
0
0
0
0
0
0
0
0
0
0
0
0
0
0
0
0
0
0
0
0
0
0
0
0
0
0
0
0
0
0
0
0
0
0
0
0
0
0
0
0
0
0
0
0
0
0
0
0
0
0
0
0
0
0
0
0
0
0
0
0
0
0
0
0
0
0
0
0
0
0
0
0
0
0
0
0
0
0
0
0
0
0
0
0
0
0
0
0
0
0
0
0
0
0
0
0
0
0
0
0
0
0
0
0
0
0
0
0
0
0
0
0
0
0
0
0
0
0
0
0
0
0
0
0
0
0
0
0
0
0
0
0
0
0
0
0
0
0
0
0
0
0
0
0
0
0
0
0
0
0
0
0
0
0
0
0
0
0
0
0
0
0
0
0
0
0
0
0
0
0
0
0
0
0
0
0
0
0
0
0
0
0
0
0
0
0
0
0
0
0
0
0
0
0
0
0
0
0
0
0
0
0
0
0
0
0
0
0
0
0
0
0
0
0
0
0
0
0
0
0
0
0
0
0
0
0
0
0
0
0
0
0
0
0
0
0
0
0
0
0
0
0
0
0
0
0
0
0
0
0
0
0
0
0
0
0
0
0
0
0
0
0
0
0
0
0
0
0
0
0
0
0
0
0
0
0
0
0
0
0
0
0
0
0
0
0
0
0
0
0
0
0
0
0
0
0
0
0
0
0
0
0
0
0
0
0
0
0
0
0
0
0
0
0
0
0
0
0
0
0
0
0
0
0
0
0
0
0
0
0
0
0
0
0
0
0
0
0
0
0
0
0
0
0
0
0
0
0
0
0
0
0
0
0
0
0
0
0
0
0
0
0
0
0
0
0
0
0
0
0
0
0
0
0
0
0
0
0
0
0
0
0
0
0
0
0
0
0
0
0
0
0
0
0
0
0
0
0
0
0
0
0
0
0
0
0
0
0
0
0
0
0
0
0
0
0
0
0
0
0
0
0
0
0
0
0
0
0
0
0
0
0
0
0
0
0
0
0
0
0
0
0
0
0
0
0
0
0
0
0
0
0
0
0
0
0
0
0
0
0
0
0
0
0
0
0
0
0
0
0
0
0
0
0
0
0
0
0
0
0
0
0
0
0
0
0
0
0
0
0
0
0
0
0
0
0
0
0
0
0
0
0
0
0
0
0
0
0
0
0
0
0
0
0
0
0
0
0
0
0
0
0
0
0
0
0
