-47
195
-3932
-2015
-666
-2870
-3411
-33
1979
-5291
-1835
-2496
-4842
-3506
-129
1952
-215
-575
34
-2535
-5078
-3403
-15557
-143
-33
-569
-5610
-6238
-4224
-12298
-64
-48
-43
-330
-2828
-363
-114
-2105
-2677
-3
759
-3534
-259
-217
-2596
-1650
-53
413
105
-336
-3186
-1328
-3537
-2490
-17329
-14
-1495
-3717
-3498
-3299
-2838
-18254
58
-990
-237
-257
-2450
570
-1954
-1598
-1748
-226
276
-3900
312
-1116
-3010
-626
7
831
166
174
-2723
-1232
-248
-1651
-17180
-243
-103
-4595
-3528
-2183
-3093
-13341
95
326
-230
-280
-2164
1004
-1334
-1265
-1374
-98
100
-4277
439
-1608
-3435
-792
144
132
104
-38
-1637
-1447
-748
-1233
-18207
-125
-107
-3726
-3706
-3514
-3440
-11416
59
-453
-117
-232
-2407
1278
-1665
-956
-1776
-79
251
-3053
1590
-1807
-2173
-1697
18
294
52
166
-2615
-1372
-1401
-1556
-14699
-61
-133
-3617
-2991
-2477
-2742
-13435
31
-463
-65
32
-2179
1179
-1569
-1108
-1690
-135
360
-3253
1209
-2057
-2710
-1941
-20
95
44
-141
-2547
-1743
-1236
-1524
-17485
-156
-828
-3411
-3003
-2874
-2852
-14675
-33
-453
-116
-270
-1963
971
-1582
-996
-1449
-180
282
-2801
1049
-1515
-2284
-1505
48
136
-7
-363
-1713
-2133
-830
-1274
-18016
-235
-908
-2694
-2452
-2665
-2598
-16757
12
-1010
-292
-738
-1994
400
-1659
-1647
-1834
-288
-191
-3571
-550
-2413
-3454
-1303
0
53
-27
-287
-1892
-2683
-374
-1651
-16579
-227
255
-3221
-3385
-2794
-3504
-12629
21
163
-113
-1414
-3645
-4745
-1079
-5343
-5618
-150
-1100
-5577
-5727
-5209
-6608
-2233
93
-1580
-288
231
451
-5493
-6606
-5563
-13387
-210
355
-714
-6600
-7960
-5625
-12485
6
389
-179
439
-2848
-1404
-879
-2579
-2757
-126
184
-4475
-1342
-3322
-3773
-1214
-116
901
18
1048
-1053
-1009
-4055
-2471
-23925
-133
-1667
-2303
-4040
-4613
-3532
-22573
143
-755
-383
466
-1903
-1688
-1385
-1991
-1605
-205
760
-3696
-2813
-2488
-3004
499
-167
1284
188
98
-144
-406
-1990
-1549
-17422
-46
-788
-2004
-2734
-3513
-3318
-14068
130
-1129
-437
747
-2192
-1330
-1658
-2596
-2507
-153
769
-2589
-1854
-2237
-2277
835
16
203
134
111
251
-2548
-2671
-2322
-18650
-3
512
-1570
-2502
-3641
-2912
-23476
224
-96
-311
603
-2212
422
-2225
-3382
-3198
-225
1242
-2309
1198
-2895
-3194
-2647
-112
1040
109
890
-2785
-2664
-3101
-3032
-18602
-29
-207
-3863
-3211
-3190
-3370
-22532
267
117
-375
1984
-1311
-169
-2507
-3781
-3301
-271
2380
-1886
-579
-3800
-4169
-3315
-149
2585
47
361
-3004
-2641
-3268
-3010
-17770
-18
-1012
-4231
-3387
-3275
-4165
-17319
286
-570
-345
1958
-1587
-1412
-1386
-2076
-2732
1
2135
-1191
-2930
-1557
-1515
-293
36
2652
-49
-1600
-758
-2948
-3112
-2513
-17280
54
-941
-2239
129
-3332
-2458
-23420
335
-709
-383
-109
-891
-123
-821
-1645
-1977
-207
-409
-1435
-1044
-1223
-1861
-570
-140
-746
-13
-1374
-1823
-2288
-1737
-1745
-17887
33
-761
-3282
-125
-2899
-2267
-20508
166
-1006
-139
-1867
-2934
-4047
-1070
-3780
-4500
-124
-2205
-3340
-5619
-3663
-4241
-1857
41
-1962
-237
435
-312
-5363
-3831
-4357
-18282
-242
650
559
-3052
-5618
-3846
-23020
-26
730
-183
-890
-3799
-2829
-1763
-3600
-3603
-239
-1376
-5865
-5127
-4343
-5033
-461
-72
-480
-114
1676
1004
-4423
-2858
-3426
-18541
-135
290
94
-4572
-5684
-5231
-17183
194
748
-242
45
-2673
-2808
-2048
-2140
-2165
-223
-361
-4436
-5051
-2769
-3402
-1077
-168
-144
15
-284
2364
-1757
-2103
-1841
-14882
-84
-871
1217
-2228
-3203
-3943
-12266
171
-822
-247
-391
-1348
-2334
-2479
-2364
-2482
-91
-563
-1872
-3003
-1815
-2875
-1336
-75
-901
133
-480
933
-2252
-2094
-2237
-17506
28
183
-19
-1680
-3825
-3344
-20144
179
411
-284
-365
-1636
-1312
-2454
-4271
-3631
-295
-453
-2518
-735
-1675
-4692
-4154
-136
-506
106
1229
-2181
-2223
-3934
-3387
-20543
65
320
-3301
-3595
-5113
-5155
-21346
356
772
-338
-404
-1042
-1901
-1225
-3417
-3049
-287
-400
-2453
-3780
-1108
-4429
-2721
-71
-628
106
253
-926
-1708
-4165
-2535
-20534
156
-419
-2959
-2423
-4772
-3915
-18949
393
-16
-426
-284
-1621
-2881
-1554
-2867
-3707
-139
-675
-2847
-5652
-1936
-3392
-1542
11
-600
54
-2519
-490
-3709
-3310
-3194
-14954
205
-1169
-3054
775
-4994
-4078
-15229
351
-806
-325
-675
-1694
-300
-853
-2467
-2891
-162
-526
-2963
-1389
-1520
-3153
-3159
-83
-390
-21
-2852
-2395
-2416
-3032
-2582
-19996
-75
-2142
-3582
1255
-4287
-3280
-18307
40
-2720
22
-600
-2680
-3512
-293
-3041
-3528
57
167
-2338
-3697
-1291
-2512
-1721
87
742
-234
923
-1406
-4709
-1819
-3443
-13569
-139
429
-620
-1680
-2565
-2374
-19967
137
858
9
-395
-3244
-2076
-470
-1744
-2012
22
72
-5525
-3349
-2060
-3475
30
-102
-86
2
1134
-702
-3176
401
-1954
-18970
-82
-25
-1447
-3260
-1287
-3544
-14806
228
-39
-100
-820
-2128
-1967
-710
-933
-1383
76
-793
-3661
-3247
-1012
-2167
1176
-199
-907
61
877
-35
-1950
-629
-1284
-18364
63
613
-2091
-1840
-1245
-2539
-17574
422
-593
-19
-207
-1333
-3160
-2822
-1327
-2640
141
-870
-1587
-3479
-631
-1823
-206
-103
-1053
81
-12
-1504
-3187
-150
-2581
-12876
37
569
-2583
-1777
-1922
-2898
-16876
321
-161
34
210
-2337
-2958
-2850
-2449
-2422
30
-1034
-2396
-2204
-661
-2223
-710
-19
-1710
155
792
-1131
-2087
942
-2222
-18758
-91
-243
-2019
-1768
-25
-2505
-23973
366
22
-188
-1136
-1834
-1591
-2133
-2473
-2261
-77
-1311
-3755
-2381
-2183
-3672
-1141
10
-2431
142
-411
-1546
-2323
138
-2127
-18246
-25
102
-3750
-2595
-586
-3651
-15100
440
651
-154
-1452
-2607
-2093
-2246
-1867
-3081
103
-764
-3994
-3396
-2259
-2770
-1791
38
-1714
-24
-923
-403
-3379
-1629
-2843
-20189
74
-169
-2041
-896
-1527
-3689
-20771
383
166
-51
130
-2620
-22
-2404
-2218
-3082
84
771
-4016
-664
-2823
-3341
-2904
-66
-112
-226
-1236
-566
-2947
-2910
-2877
-16388
-55
-1001
-2125
-17
-3552
-3613
-15628
50
-1095
159
-251
-1895
-3464
-1139
-3064
-3044
145
110
-2429
-3269
-2418
-3280
-1592
0
-353
-310
652
470
-2965
-2635
-2986
-12446
-76
890
-193
-2766
-3833
-3169
-14794
55
919
92
-85
-3989
-3282
-2853
-3523
-3292
235
1079
-4757
-2681
-3510
-3128
-456
-90
419
-144
75
-33
-3183
261
-3190
-14165
51
-665
-1499
-3123
-1398
-3087
-16950
342
-1110
117
516
-2732
-2777
-1841
-2381
-2500
229
1099
-5105
-2956
-3552
-3782
434
-99
1161
-102
1052
-196
-2156
-1297
-2532
-17820
15
7
-2512
-4241
-3554
-3608
-14719
306
-981
250
1350
-1868
-3574
-2620
-1619
-2497
289
1343
-2774
-2679
-2134
-2460
142
-70
1466
-81
358
-296
-2123
-724
-2439
-17766
84
-360
-2321
-3162
-2585
-2215
-20296
257
-1409
276
1217
-1649
-3038
-2137
-2333
-2385
285
1502
-1987
-1765
-1763
-1922
-133
-80
620
-60
-88
-1426
-1233
-795
-2245
-17294
-93
-221
-2850
-2459
-742
-1469
-22754
274
-458
190
779
-1780
-1513
-2079
-2651
-2475
131
1554
-2894
-257
-4158
-2932
-1503
-128
1066
-46
-491
-883
-2026
-1676
-2466
-16896
-126
-72
-2631
-3073
-1506
-1961
-18165
256
-103
162
651
-2072
-868
-3894
-1296
-2843
35
2251
-4676
-463
-6997
-4161
-3674
-79
2076
-158
529
175
-3095
-2834
-2710
-24829
-60
-174
-2987
-4546
-3140
-4334
-17397
231
-784
71
656
-1973
-449
-2986
-1862
-3034
56
1311
-2211
242
-3459
-2301
-1824
-89
-13
-245
-1142
30
-1912
-4098
-2755
-17221
-154
-260
-2044
-1888
-3394
-2171
-22389
99
-420
214
551
-3638
-2154
-1859
-4713
-4005
218
377
-3833
-1605
-3643
-4298
-2425
98
-319
-317
777
-332
-3597
-2943
-4040
-15504
-127
1059
-1671
-2913
-3479
-3450
-20382
-7
1126
27
132
-4363
-2748
-3300
-4692
-3999
3
723
-6797
-2629
-4639
-5276
-2241
-17
-542
-105
-405
75
-3670
-457
-3841
-16229
123
-1051
-2622
-5032
-2157
-2998
-13852
219
-871
70
548
-3564
-3259
-3106
-4258
-3696
-23
1009
-6335
-3359
-4659
-5300
-914
11
360
4
1861
729
-3611
-1341
-3551
-21221
46
1348
-2310
-5591
-4231
-2600
-17562
163
1069
103
593
-1806
-2586
-1565
-3018
-2940
32
1251
-4707
-3862
-3466
-5168
-508
1
418
60
200
-270
-3217
-1954
-2726
-21081
109
-341
-3800
-5542
-4765
-2860
-13932
239
-1144
38
920
-2161
-2029
81
-3025
-2827
98
1731
-2951
-2474
-1375
-3069
-444
15
778
41
-955
-1272
-2367
-2721
-2700
-16531
103
-497
-4125
-3771
-2354
-507
-18188
315
-494
51
354
-3500
-51
-303
-3463
-3317
92
941
-5460
-192
-2957
-4117
-1362
32
62
-78
-411
-361
-2882
-4923
-3134
-16866
3
857
-3147
-4918
-5345
-1526
-16000
174
1681
-48
793
-4462
908
-3791
-3094
-4539
-140
1077
-5986
-8
-4884
-4450
-2795
-6
347
-88
-166
393
-4954
-5963
-4272
-13944
153
-931
-2060
-5152
-7194
-3433
-14405
256
-764
-40
538
-2709
429
-3327
-2049
-3213
0
81
-3226
277
-3463
-3024
-2183
-27
-182
-114
-718
472
-2865
-4794
-3051
-12772
78
-1032
-1800
-2477
-4514
-1883
-16151
223
-1337
50
-284
-3625
-2171
-1640
-3933
-3584
97
-688
-3134
-1733
-3075
-3074
-1418
84
156
-254
624
-1143
-3113
-1366
-3555
-15382
-140
890
-2644
-1699
-2412
-1629
-21119
17
499
-141
606
-3903
-885
-1142
-3156
-3220
-178
-346
-5886
-1073
-3891
-4036
-1929
-123
468
10
119
-812
-2531
-2050
-3043
-19912
30
-578
-3623
-2613
-4491
545
-16897
112
53
-253
569
-3692
-3564
-2879
-4643
-4495
-168
-363
-5121
-3020
-4910
-4862
-3234
-120
455
13
1206
612
-3063
-3884
-4334
-18852
155
1012
-1822
-4283
-5371
355
-19208
237
1279
-183
-102
-2687
-3218
-2018
-4359
-4065
-98
-237
-3605
-3009
-4373
-4240
-2330
-79
89
50
-204
130
-2945
-3952
-3798
-19426
198
-891
-2479
-3734
-5001
203
-21114
263
-1208
-149
-537
-3849
-2714
-367
-4599
-3936
-107
-1089
-4031
-2366
-3169
-3735
-2268
-105
28
84
-503
501
-2761
-4617
-3691
-15852
56
-511
-2073
-3028
-4900
1082
-18980
149
-890
-109
-574
-5208
-1666
-749
-4656
-4121
-9
-938
-5928
-1169
-3135
-4103
-2164
-82
476
-18
-133
838
-2473
-5394
-3869
-15774
-35
311
-1710
-3358
-5945
54
-18276
195
235
-92
-698
-5157
415
-2746
-3077
-4492
23
-1215
-4599
15
-3090
-2519
-1433
16
-367
-78
-1035
-642
-3320
-6080
-4226
-13870
257
-1370
-2081
-2295
-6139
-824
-23277
343
-356
-247
-405
-2443
1531
-2596
-954
-2358
-83
-1501
-2920
895
-2537
-2492
-1673
-160
-869
-70
-1111
88
-1773
-4383
-2045
-17092
160
-1296
-1937
-771
-4956
-556
-18901
207
-1062
-144
-1326
-1450
-1960
-723
-1421
-1977
-173
-1606
-2177
-2846
-3346
-2606
-81
-61
-419
-126
598
-732
-2009
-1363
-1902
-16808
-44
958
-1766
-1887
-3437
-2207
-15323
14
49
-328
-852
-2746
-1873
-646
-1013
-2278
-352
-1675
-2693
-2209
-3333
-1326
-643
-244
-215
73
-192
-485
-1861
-2362
-2130
-16157
38
-507
-1430
-301
-3410
-104
-19331
182
-231
-362
-1613
-2054
-2250
-2625
-1483
-2330
-348
-2369
-2880
-2596
-5072
-2845
-1520
-295
-732
101
216
482
-1625
-1959
-2268
-19402
187
302
-867
-2050
-4118
-506
-18059
268
512
-341
-1436
-1155
-2170
-2382
-1330
-2088
-351
-1709
-1769
-2867
-4844
-2676
-1567
-270
-495
124
-321
132
-1538
-2182
-2031
-19427
218
137
-1054
-2087
-4088
-581
-17871
239
137
-216
-972
-1756
-2076
-1567
-1609
-1929
-324
-1632
-2442
-2400
-3850
-2661
-2168
-245
-536
139
-45
847
-1161
-3026
-1929
-18652
21
321
-118
-1630
-4517
63
-17204
144
183
-184
-627
-2337
-809
-1698
-1336
-1669
-241
-1221
-3809
-1266
-3456
-2668
-1231
-199
-795
146
-10
579
-560
-2845
-1715
-15738
-1
-184
-925
-2166
-4566
-1137
-11848
132
62
-237
-722
-1961
409
-2300
158
-1493
-282
-940
-3295
-605
-3688
-1748
-574
-178
-325
126
-825
-446
-1078
-2620
-1448
-16358
198
-425
-2315
-1772
-4195
-2068
-13038
248
-307
-363
-1107
-949
471
-1385
261
-1085
-316
-1299
-613
-5
-1999
-909
-901
-254
-589
6
-1051
-495
-903
-2420
-948
-16671
38
-601
-1409
-244
-3207
-612
-18513
219
-621
0
0
0
0
0
0
0
0
0
0
0
-2892
-2301
-1806
-1417
-2922
0
0
0
0
0
0
0
0
0
0
0
806
-2719
-4519
-2831
-14588
0
0
0
0
0
0
0
0
0
0
0
-766
-713
-567
-143
-1942
0
0
0
0
0
0
0
0
0
0
0
-2709
-907
-3893
-1789
-18822
0
0
0
0
0
0
0
0
0
0
0
-942
-507
-1574
140
-1211
0
0
0
0
0
0
0
0
0
0
0
-2011
-649
-1012
-1081
-17332
0
0
0
0
0
0
0
0
0
0
0
-704
-41
-1084
205
-905
0
0
0
0
0
0
0
0
0
0
0
-1239
-842
-1142
-742
-17717
0
0
0
0
0
0
0
0
0
0
0
-635
27
-1081
157
-1065
0
0
0
0
0
0
0
0
0
0
0
-1996
-77
-2048
-862
-15799
0
0
0
0
0
0
0
0
0
0
0
-416
-225
-909
303
-1237
0
0
0
0
0
0
0
0
0
0
0
-2242
-661
-2377
-1139
-16179
0
0
0
0
0
0
0
0
0
0
0
-771
-187
-813
845
-1035
0
0
0
0
0
0
0
0
0
0
0
-1466
-1442
-1367
-909
-16863
0
0
0
0
0
0
0
0
0
0
0
-1121
-543
-302
-444
-1345
0
0
0
0
0
0
0
0
0
0
0
-1421
-1944
-768
-1118
-15361
0
0
0
0
0
0
0
0
0
0
0
-1978
-2887
-1373
-1282
-3119
0
0
0
0
0
0
0
0
0
0
0
917
-3847
-6433
-2946
-19602
0
0
0
0
0
0
0
0
0
0
0
-557
-1918
-2158
-289
-2894
0
0
0
0
0
0
0
0
0
0
0
-2844
-102
-6392
-2642
-19077
0
0
0
0
0
0
0
0
0
0
0
-459
-1980
-1885
-1303
-1844
0
0
0
0
0
0
0
0
0
0
0
-1683
615
-2561
-1760
-14384
0
0
0
0
0
0
0
0
0
0
0
-601
-1657
-3063
-1434
-2164
0
0
0
0
0
0
0
0
0
0
0
-576
-1088
-2403
-2076
-17650
0
0
0
0
0
0
0
0
0
0
0
293
-139
-2338
-2351
-1858
0
0
0
0
0
0
0
0
0
0
0
-2367
841
-3312
-1721
-21608
0
0
0
0
0
0
0
0
0
0
0
224
-776
-2322
-3491
-2584
0
0
0
0
0
0
0
0
0
0
0
-2742
-52
-3637
-2553
-15905
0
0
0
0
0
0
0
0
0
0
0
-523
-1659
-1992
-2800
-2811
0
0
0
0
0
0
0
0
0
0
0
-1311
-2112
-2353
-2669
-13964
0
0
0
0
0
0
0
0
0
0
0
-3
-360
-606
-1493
-1374
0
0
0
0
0
0
0
0
0
0
0
-706
-1445
-1158
-1040
-18960
0
0
0
0
0
0
0
0
0
0
0
-345
-2368
-1532
-637
-2517
0
0
0
0
0
0
0
0
0
0
0
181
-4195
-4966
-2436
-23516
0
0
0
0
0
0
0
0
0
0
0
-700
-2090
-2076
-692
-2640
0
0
0
0
0
0
0
0
0
0
0
-163
-3569
-4492
-2318
-18523
0
0
0
0
0
0
0
0
0
0
0
-287
-3108
-2639
-2134
-2137
0
0
0
0
0
0
0
0
0
0
0
543
-1472
-2536
-2021
-11855
0
0
0
0
0
0
0
0
0
0
0
-972
-2933
-3787
-1831
-2289
0
0
0
0
0
0
0
0
0
0
0
190
-1120
-2186
-2247
-14891
0
0
0
0
0
0
0
0
0
0
0
-659
-1589
-2390
-2808
-2073
0
0
0
0
0
0
0
0
0
0
0
-948
735
-3077
-1775
-24863
0
0
0
0
0
0
0
0
0
0
0
-993
-3316
-1835
-4552
-3598
0
0
0
0
0
0
0
0
0
0
0
-1352
-955
-4388
-3457
-13003
0
0
0
0
0
0
0
0
0
0
0
-897
-3435
-1805
-4181
-3334
0
0
0
0
0
0
0
0
0
0
0
-263
-2863
-2814
-3244
-13365
0
0
0
0
0
0
0
0
0
0
0
96
-627
-1011
-1805
-1541
0
0
0
0
0
0
0
0
0
0
0
-739
-774
-2061
-1233
-24873
0
0
0
0
0
0
0
0
0
0
0
-2144
-2089
-137
-775
-1917
0
0
0
0
0
0
0
0
0
0
0
950
-3465
-2353
-1801
-19868
0
0
0
0
0
0
0
0
0
0
0
-1429
-2108
-940
94
-1743
0
0
0
0
0
0
0
0
0
0
0
-1041
-3102
-887
-1591
-17848
0
0
0
0
0
0
0
0
0
0
0
-1810
-2688
-1766
-234
-1971
0
0
0
0
0
0
0
0
0
0
0
-810
-2488
-636
-1967
-15117
0
0
0
0
0
0
0
0
0
0
0
-2873
-2779
-2583
600
-1979
0
0
0
0
0
0
0
0
0
0
0
-631
-2215
-508
-1864
-16804
0
0
0
0
0
0
0
0
0
0
0
-2420
-3074
-3284
-716
-2251
0
0
0
0
0
0
0
0
0
0
0
-1406
-264
-299
-2050
-20242
0
0
0
0
0
0
0
0
0
0
0
-1582
-2702
-2293
-1743
-2435
0
0
0
0
0
0
0
0
0
0
0
-1724
-1417
-982
-2372
-15752
0
0
0
0
0
0
0
0
0
0
0
-2146
-3163
-2689
-1339
-3203
0
0
0
0
0
0
0
0
0
0
0
-349
-3732
-2235
-3154
-17543
0
0
0
0
0
0
0
0
0
0
0
-1325
-851
-2138
-1279
-2020
0
0
0
0
0
0
0
0
0
0
0
531
-1878
-2508
-1830
-18697
0
0
0
0
0
0
0
0
0
0
0
-2812
-2236
-1041
-1507
-1908
0
0
0
0
0
0
0
0
0
0
0
2233
-2126
-2473
-1830
-15904
0
0
0
0
0
0
0
0
0
0
0
-3161
-3032
-2347
-1980
-2529
0
0
0
0
0
0
0
0
0
0
0
-453
-2250
-284
-2613
-16134
0
0
0
0
0
0
0
0
0
0
0
-3052
-2770
-2015
-324
-2116
0
0
0
0
0
0
0
0
0
0
0
-707
-1299
-1534
-2263
-18719
0
0
0
0
0
0
0
0
0
0
0
-4003
-3790
-3469
397
-3022
0
0
0
0
0
0
0
0
0
0
0
-789
-1881
-1857
-3029
-15356
0
0
0
0
0
0
0
0
0
0
0
-3388
-3407
-3282
-210
-3091
0
0
0
0
0
0
0
0
0
0
0
-2224
-841
-1736
-3013
-14798
0
0
0
0
0
0
0
0
0
0
0
-1980
-1955
-2026
-726
-2035
0
0
0
0
0
0
0
0
0
0
0
-895
-692
-1800
-2081
-18291
0
0
0
0
0
0
0
0
0
0
0
-2636
-1813
-2803
-223
-2440
0
0
0
0
0
0
0
0
0
0
0
480
-2710
-2384
-2455
-23096
0
0
0
0
0
0
0
0
0
0
0
-2667
-999
-2570
-1125
-2273
0
0
0
0
0
0
0
0
0
0
0
1646
-1911
-3447
-2309
-17918
0
0
0
0
0
0
0
0
0
0
0
-3814
-2414
-2603
-2965
-3448
0
0
0
0
0
0
0
0
0
0
0
1337
-2764
-3307
-3289
-15465
0
0
0
0
0
0
0
0
0
0
0
-4395
-2938
-2710
-2768
-3288
0
0
0
0
0
0
0
0
0
0
0
254
-3161
-840
-3175
-16196
0
0
0
0
0
0
0
0
0
0
0
-4424
-3275
-2752
-1727
-3371
0
0
0
0
0
0
0
0
0
0
0
329
-2924
-1700
-3237
-20542
0
0
0
0
0
0
0
0
0
0
0
-4707
-3044
-2542
-1493
-3661
0
0
0
0
0
0
0
0
0
0
0
-518
-3190
-2180
-3361
-15261
0
0
0
0
0
0
0
0
0
0
0
-4719
-2920
-1004
-2258
-3594
0
0
0
0
0
0
0
0
0
0
0
-873
-2404
-2501
-3437
-12310
0
0
0
0
0
0
0
0
0
0
0
-3248
-1131
-229
-1992
-2732
0
0
0
0
0
0
0
0
0
0
0
130
-2615
-3623
-2677
-17579
0
0
0
0
0
0
0
0
0
0
0
-3547
276
-1948
-1820
-2699
0
0
0
0
0
0
0
0
0
0
0
1351
-4091
-3537
-2634
-18223
0
0
0
0
0
0
0
0
0
0
0
-2765
48
-1838
-1066
-1916
0
0
0
0
0
0
0
0
0
0
0
2204
-2543
-3592
-1864
-16175
0
0
0
0
0
0
0
0
0
0
0
-3471
-2571
-2293
-4154
-3729
0
0
0
0
0
0
0
0
0
0
0
363
-3020
-2006
-3607
-12173
0
0
0
0
0
0
0
0
0
0
0
-4087
-1642
-1276
-2593
-3158
0
0
0
0
0
0
0
0
0
0
0
-370
-2829
-1667
-3180
-16402
0
0
0
0
0
0
0
0
0
0
0
-5861
-3673
-2892
-3520
-4615
0
0
0
0
0
0
0
0
0
0
0
1020
-3530
-3180
-4594
-14888
0
0
0
0
0
0
0
0
0
0
0
-5632
-3130
-2639
-3685
-4264
0
0
0
0
0
0
0
0
0
0
0
1204
-3282
-2892
-4175
-15723
0
0
0
0
0
0
0
0
0
0
0
-5550
-2801
-719
-3993
-3773
0
0
0
0
0
0
0
0
0
0
0
1417
-2428
-3837
-3749
-14621
0
0
0
0
0
0
0
0
0
0
0
-4312
-1801
-385
-2801
-3133
0
0
0
0
0
0
0
0
0
0
0
1153
-2399
-4287
-3061
-19361
0
0
0
0
0
0
0
0
0
0
0
-4294
-254
-2003
-2366
-3434
0
0
0
0
0
0
0
0
0
0
0
154
-3519
-4212
-3401
-16786
0
0
0
0
0
0
0
0
0
0
0
-2873
-29
-2222
-983
-2488
0
0
0
0
0
0
0
0
0
0
0
1047
-2522
-3765
-2426
-13779
0
0
0
0
0
0
0
0
0
0
0
-1937
-1378
-938
-2190
-1999
0
0
0
0
0
0
0
0
0
0
0
645
-1802
-1527
-1870
-13776
0
0
0
0
0
0
0
0
0
0
0
-2548
-1172
-713
-1660
-1980
0
0
0
0
0
0
0
0
0
0
0
14
-1675
-1796
-2025
-15901
0
0
0
0
0
0
0
0
0
0
0
-3270
-1837
-3046
-1712
-2595
0
0
0
0
0
0
0
0
0
0
0
1305
-2138
-1810
-2554
-15240
0
0
0
0
0
0
0
0
0
0
0
-3193
-1510
-2777
-1631
-2257
0
0
0
0
0
0
0
0
0
0
0
1384
-1672
-1685
-2248
-16030
0
0
0
0
0
0
0
0
0
0
0
-2904
-1252
-1785
-1515
-1898
0
0
0
0
0
0
0
0
0
0
0
1429
-837
-2623
-1923
-17084
0
0
0
0
0
0
0
0
0
0
0
-2274
-914
-1824
-1087
-1751
0
0
0
0
0
0
0
0
0
0
0
240
-397
-2725
-1739
-13454
0
0
0
0
0
0
0
0
0
0
0
-1899
141
-1556
-353
-1247
0
0
0
0
0
0
0
0
0
0
0
-180
-582
-1976
-1213
-15731
0
0
0
0
0
0
0
0
0
0
0
-1533
-23
-1695
-552
-1249
0
0
0
0
0
0
0
0
0
0
0
790
-825
-2003
-1113
-14382
0
0
0
0
0
0
0
0
0
0
0
0
0
0
0
0
0
0
0
0
0
0
0
0
0
0
0
0
0
0
0
0
0
0
0
0
0
0
0
0
0
0
0
0
0
0
0
0
0
0
0
0
0
0
0
0
0
0
0
0
0
0
0
0
0
0
0
0
0
0
0
0
0
0
0
0
0
0
0
0
0
0
0
0
0
0
0
0
0
0
0
0
0
0
0
0
0
0
0
0
0
0
0
0
0
0
0
0
0
0
0
0
0
0
0
0
0
0
0
0
0
0
0
0
0
0
0
0
0
0
0
0
0
0
0
0
0
0
0
0
0
0
0
0
0
0
0
0
0
0
0
0
0
0
0
0
0
0
0
0
0
0
0
0
0
0
0
0
0
0
0
0
0
0
0
0
0
0
0
0
0
0
0
0
0
0
0
0
0
0
0
0
0
0
0
0
0
0
0
0
0
0
0
0
0
0
0
0
0
0
0
0
0
0
0
0
0
0
0
0
0
0
0
0
0
0
0
0
0
0
0
0
0
0
0
0
0
0
0
0
0
0
0
0
0
0
0
0
0
0
0
0
0
0
0
0
0
0
0
0
0
0
0
0
0
0
0
0
0
0
0
0
0
0
0
0
0
0
0
0
0
0
0
0
0
0
0
0
0
0
0
0
0
0
0
0
0
0
0
0
0
0
0
0
0
0
0
0
0
0
0
0
0
0
0
0
0
0
0
0
0
0
0
0
0
0
0
0
0
0
0
0
0
0
0
0
0
0
0
0
0
0
0
0
0
0
0
0
0
0
0
0
0
0
0
0
0
0
0
0
0
0
0
0
0
0
0
0
0
0
0
0
0
0
0
0
0
0
0
0
0
0
0
0
0
0
0
0
0
0
0
0
0
0
0
0
0
0
0
0
0
0
0
0
0
0
0
0
0
0
0
0
0
0
0
0
0
0
0
0
0
0
0
0
0
0
0
0
0
0
0
0
0
0
0
0
0
0
0
0
0
0
0
0
0
0
0
0
0
0
0
0
0
0
0
0
0
0
0
0
0
0
0
0
0
0
0
0
0
0
0
0
0
0
0
0
0
0
0
0
0
0
0
0
0
0
0
0
0
0
0
0
0
0
0
0
0
0
0
0
0
0
0
0
0
0
0
0
0
0
0
0
0
0
0
0
0
0
0
0
0
0
0
0
0
0
0
0
0
0
0
0
0
0
0
0
0
0
0
0
0
0
0
0
0
0
0
0
0
0
0
0
0
0
0
0
0
0
0
0
0
0
0
0
0
0
0
0
0
0
0
0
0
0
0
0
0
0
0
0
0
0
0
0
0
0
0
0
0
0
0
0
0
0
0
0
0
0
0
0
0
0
0
0
0
0
0
0
0
0
0
0
0
0
0
0
0
0
0
0
0
0
0
0
0
0
0
0
0
0
0
0
0
0
0
0
0
0
0
0
0
0
0
0
0
0
0
0
0
0
0
0
0
0
0
0
0
0
0
0
0
0
0
0
0
0
0
0
0
0
0
0
0
0
0
0
0
0
0
0
0
0
0
0
0
0
0
0
0
0
0
0
0
0
0
0
0
0
0
0
0
0
0
0
0
0
0
0
0
0
0
0
0
0
0
0
0
0
0
0
0
0
0
0
0
0
0
0
0
0
0
0
0
0
0
0
0
0
0
0
0
0
0
0
0
0
0
0
0
0
0
0
0
0
0
0
0
0
0
0
0
0
0
0
0
0
0
0
0
0
0
0
0
0
0
0
0
0
0
0
0
0
0
0
0
0
0
0
0
0
0
0
0
0
0
0
0
0
0
0
0
0
0
0
0
0
0
0
0
0
0
0
0
0
0
0
0
0
0
0
0
0
0
0
0
0
0
0
0
0
0
0
0
0
0
0
0
0
0
0
0
0
0
0
0
0
0
0
0
0
0
0
0
0
0
0
0
0
0
0
0
0
0
0
0
0
0
0
0
0
0
0
0
0
0
0
0
0
0
0
0
0
0
0
0
0
0
0
0
0
0
0
0
0
0
0
0
0
0
0
0
0
0
0
0
0
0
0
0
0
0
0
0
0
0
0
0
0
0
0
0
0
0
0
0
0
0
0
0
0
0
0
0
0
0
0
0
0
0
0
0
0
0
0
0
0
0
0
0
0
0
0
0
0
0
0
0
0
0
0
0
0
0
0
0
0
0
0
0
0
0
0
0
0
0
0
0
0
0
0
0
0
0
0
0
0
0
0
0
0
0
0
0
0
0
0
0
0
0
0
0
0
0
0
0
0
0
0
0
0
0
0
0
0
0
0
0
0
0
0
0
0
0
0
0
0
0
0
0
0
0
0
0
0
0
0
0
0
0
0
0
0
0
0
0
0
0
0
0
0
0
0
0
0
0
0
0
0
0
0
0
0
0
0
0
0
0
0
0
0
0
0
0
0
0
0
0
0
0
0
0
0
0
0
0
0
0
0
0
0
0
0
0
0
0
0
0
0
0
0
0
0
0
0
0
0
0
0
0
0
0
0
0
0
0
0
0
0
0
0
0
0
0
0
0
0
0
0
0
0
0
0
0
0
0
0
0
0
0
0
0
0
0
0
0
0
0
0
0
0
0
0
0
0
0
0
0
0
0
0
0
0
0
0
0
0
0
0
0
0
0
0
0
0
0
0
0
0
0
0
0
0
0
0
0
0
0
0
0
0
0
0
0
0
0
0
0
0
0
0
0
0
0
0
0
0
0
0
0
0
0
0
0
0
0
0
0
0
0
0
0
0
0
0
0
0
0
0
0
0
0
0
0
0
0
0
0
0
0
0
0
0
0
0
0
0
0
0
0
0
0
0
0
0
0
0
0
0
0
0
0
0
0
0
0
0
0
0
0
0
0
0
0
0
0
0
0
0
0
0
0
0
0
0
0
0
0
0
0
0
0
0
0
0
0
0
0
0
0
0
0
0
0
0
0
0
0
0
0
0
0
0
0
0
0
0
0
0
0
0
0
0
0
0
0
0
0
0
0
0
0
0
0
0
0
0
0
0
0
0
0
0
0
0
0
0
0
0
0
0
0
0
0
0
0
0
0
0
0
0
0
0
0
0
0
0
0
0
0
0
0
0
0
0
0
0
0
0
0
0
0
0
0
0
0
0
0
0
0
0
0
0
0
0
0
0
0
0
0
0
0
0
0
0
0
0
0
0
0
0
0
0
0
0
0
0
0
0
0
0
0
0
0
0
0
0
0
0
0
0
0
0
0
0
0
0
0
0
0
0
0
0
0
0
0
0
0
0
0
0
0
0
0
0
0
0
0
0
0
0
0
0
0
0
0
0
0
0
0
0
0
0
0
0
0
0
0
0
0
0
0
0
0
0
0
0
0
0
0
0
0
0
0
0
0
0
0
0
0
0
0
0
0
0
0
0
0
0
0
0
0
0
0
0
0
0
0
0
0
0
0
0
0
0
0
0
0
0
0
0
0
0
0
0
0
0
0
0
0
0
0
0
0
0
0
0
0
0
0
0
0
0
0
0
0
0
0
0
0
0
0
0
0
0
0
0
0
0
0
0
0
0
0
0
0
0
0
0
0
0
0
0
0
0
0
0
0
0
0
0
0
0
0
0
0
0
0
0
0
0
0
0
0
0
0
0
0
0
0
0
0
0
0
0
0
0
0
0
0
0
0
0
0
0
0
0
0
0
0
0
0
0
0
0
0
0
0
0
0
0
0
0
0
0
0
0
0
0
0
0
0
0
0
0
0
0
0
0
0
0
0
0
0
0
0
0
0
0
0
0
0
0
0
0
0
0
0
0
0
0
0
0
0
0
0
0
0
0
0
0
0
0
0
0
0
0
0
0
0
0
0
0
0
0
0
0
0
0
0
0
0
0
0
0
0
0
0
0
0
0
0
0
0
0
0
0
0
0
0
0
0
0
0
0
0
0
0
0
0
0
0
0
0
0
0
0
0
0
0
0
0
0
0
0
0
0
0
0
0
0
0
0
0
0
0
0
0
0
0
0
0
0
0
0
0
0
0
0
0
0
0
0
0
0
0
0
0
0
0
0
0
0
0
0
0
0
0
0
0
0
0
0
0
0
0
0
0
0
0
0
0
0
0
0
0
0
0
0
0
0
0
0
0
0
0
0
0
0
0
0
0
0
0
0
0
0
0
0
0
0
0
0
0
0
0
0
0
0
0
0
0
0
0
0
0
0
0
0
0
0
0
0
0
0
0
0
0
0
0
0
0
0
0
0
0
0
0
0
0
0
0
0
0
0
0
0
0
0
0
0
0
0
0
0
0
0
0
0
0
0
0
0
0
0
0
0
0
0
0
0
0
0
0
0
0
0
0
0
0
0
0
0
0
0
0
0
0
0
0
0
0
0
0
0
0
0
0
0
0
0
0
0
0
0
0
0
0
0
0
0
0
0
0
0
0
0
0
0
0
0
0
0
0
0
0
0
0
0
0
0
0
0
0
0
0
0
0
0
0
0
0
0
0
0
0
0
0
0
0
0
0
0
0
0
0
0
0
0
0
0
0
0
0
0
0
0
0
0
0
0
0
0
0
0
0
0
0
0
0
0
0
0
0
0
0
0
0
0
0
0
0
0
0
0
0
0
0
0
0
0
0
0
0
0
0
0
0
0
0
0
0
0
0
0
0
0
0
0
0
0
0
0
0
0
0
0
0
0
0
0
0
0
0
0
0
0
0
0
0
0
0
0
0
0
0
0
0
0
0
0
0
0
0
0
0
0
0
0
0
0
0
0
0
0
0
0
0
0
0
0
0
0
0
0
0
0
0
0
0
0
0
0
0
0
0
0
0
0
0
0
0
0
0
0
0
0
0
0
0
0
0
0
0
0
0
0
0
0
0
0
0
0
0
0
0
0
0
0
0
0
0
0
0
0
0
0
0
0
0
0
0
0
0
0
0
0
0
0
0
0
0
0
0
0
0
0
0
0
0
0
0
0
0
0
0
0
0
0
0
0
0
0
0
0
0
0
0
0
0
0
0
0
0
0
0
0
0
0
0
0
0
0
0
0
0
0
0
0
0
0
0
0
0
0
0
0
0
0
0
0
0
0
0
0
0
0
0
0
0
0
0
0
0
0
0
0
0
0
0
0
0
0
0
0
0
0
0
0
0
0
0
0
0
0
0
0
0
0
0
0
0
0
0
0
0
0
0
0
0
0
0
0
0
0
0
0
0
0
0
0
0
0
0
0
0
0
0
0
0
0
0
0
0
0
0
0
0
0
0
0
0
0
0
0
0
0
0
0
0
0
0
0
0
0
0
0
0
0
0
0
0
0
0
0
0
0
0
0
0
0
0
0
0
0
0
0
0
0
0
0
0
0
0
0
0
0
0
0
0
0
0
0
0
0
0
0
0
0
0
0
0
0
0
0
0
0
0
0
0
0
0
0
0
0
0
0
0
0
0
0
0
0
0
0
0
0
0
0
0
0
0
0
0
0
0
0
0
0
0
0
0
0
0
0
0
0
0
0
0
0
0
0
0
0
0
0
0
0
0
0
0
0
0
0
0
0
0
0
0
0
0
0
0
0
0
0
0
0
0
0
0
0
0
0
0
0
0
0
0
0
0
0
0
0
0
0
0
0
0
0
0
0
0
0
0
0
0
0
0
0
0
0
0
0
0
0
0
0
0
0
0
0
0
0
0
0
0
0
0
0
0
0
0
0
0
0
0
0
0
0
0
0
0
0
0
0
0
0
0
0
0
0
0
0
0
0
0
0
0
0
0
0
0
0
0
0
0
0
0
0
0
0
0
0
0
0
0
0
0
0
0
0
0
0
0
0
0
0
0
0
0
0
0
0
0
0
0
0
0
0
0
0
0
0
0
0
0
0
0
0
0
0
0
0
0
0
0
0
0
0
0
0
0
0
0
0
0
0
0
0
0
0
0
0
0
0
0
0
0
0
0
0
0
0
0
0
0
0
0
0
0
0
0
0
0
0
0
0
0
0
0
0
0
0
0
0
0
0
0
0
0
0
0
0
0
0
0
0
0
0
0
0
0
0
0
0
0
0
0
0
0
0
0
0
0
0
0
0
0
0
0
0
0
0
0
0
0
0
0
0
0
0
0
0
0
0
0
0
0
0
0
0
0
0
0
0
0
0
0
0
0
0
0
0
0
0
0
0
0
0
0
0
0
0
0
0
0
0
0
0
0
0
0
0
0
0
0
0
0
0
0
0
0
0
0
0
0
0
0
0
0
0
0
0
0
0
0
0
0
0
0
0
0
0
0
0
0
0
0
0
0
0
0
0
0
0
0
0
0
0
0
0
0
0
0
0
0
0
0
0
0
0
0
0
0
0
0
0
0
0
0
0
0
0
0
0
0
0
0
0
0
0
0
0
0
0
0
0
0
0
0
0
0
0
0
0
0
0
0
0
0
0
0
0
0
0
0
0
0
0
0
0
0
0
0
0
0
0
0
0
0
0
0
0
0
0
0
0
0
0
0
0
0
0
0
0
0
0
0
0
0
0
0
0
0
0
0
0
0
0
0
0
0
0
0
0
0
0
0
0
0
0
0
0
0
0
0
0
0
0
0
0
0
0
0
0
0
0
0
0
0
0
0
0
0
0
0
0
0
0
0
0
0
0
0
0
0
0
0
0
0
0
0
0
0
0
0
0
0
0
0
0
0
0
0
0
0
0
0
0
0
0
0
0
0
0
0
0
0
0
0
0
0
0
0
0
0
0
0
0
0
0
0
0
0
0
0
0
0
0
0
0
0
0
0
0
0
0
0
0
0
0
0
0
0
0
0
0
0
0
0
0
0
0
0
0
0
0
0
0
0
0
0
0
0
0
0
0
0
0
0
0
0
0
0
0
0
0
0
0
0
0
0
0
0
0
0
0
0
0
0
0
0
0
0
0
0
0
0
0
0
0
0
0
0
0
0
0
0
0
0
0
0
0
0
0
0
0
0
0
0
0
0
0
0
0
0
0
0
0
0
0
0
0
0
0
0
0
0
0
0
0
0
0
0
0
0
0
0
0
0
0
0
0
0
0
0
0
0
0
0
0
0
0
0
0
0
0
0
0
0
0
0
0
0
0
0
0
0
0
0
0
0
0
0
0
0
0
0
0
0
0
0
0
0
0
0
0
0
0
0
0
0
0
0
0
0
0
0
0
0
0
0
0
0
0
0
0
0
0
0
0
0
0
0
0
0
0
0
0
0
0
0
0
0
0
0
0
0
0
0
0
0
0
0
0
0
0
0
0
0
0
0
0
0
0
0
0
0
0
0
0
0
0
0
0
0
0
0
0
0
0
0
0
0
0
0
0
0
0
0
0
0
0
0
0
0
0
0
0
0
0
0
0
0
0
0
0
0
0
0
0
0
0
0
0
0
0
0
0
0
0
0
0
0
0
0
0
0
0
0
0
0
0
0
0
0
0
0
0
0
0
0
0
0
0
0
0
0
0
0
0
0
0
0
0
0
0
0
0
0
0
0
0
0
0
0
0
0
0
0
0
0
0
0
0
0
0
0
0
0
0
0
0
0
0
0
0
0
0
0
0
0
0
0
0
0
0
0
0
0
0
0
0
0
0
0
0
0
0
0
0
0
0
0
0
0
0
0
0
0
0
0
0
0
0
0
0
0
0
0
0
0
0
0
0
0
0
0
0
0
0
0
0
0
0
0
0
0
0
0
0
0
0
0
0
0
0
0
0
0
0
0
0
0
0
0
0
0
0
0
0
0
0
0
0
0
0
0
0
0
0
0
0
0
0
0
0
0
0
0
0
0
0
0
0
0
0
0
0
0
0
0
0
0
0
0
0
0
0
0
0
0
0
0
0
0
0
0
0
0
0
0
0
0
0
0
0
0
0
0
0
0
0
0
0
0
0
0
0
0
0
0
0
0
0
0
0
0
0
0
0
0
0
0
0
0
0
0
0
0
0
0
0
0
0
0
0
0
0
0
0
0
0
0
0
0
0
0
0
0
0
0
0
0
0
0
0
0
0
0
0
0
0
0
0
0
0
0
0
0
0
0
0
0
0
0
0
0
0
0
0
0
0
0
0
0
0
0
0
0
0
0
0
0
0
0
0
0
0
0
0
0
0
0
0
0
0
0
0
0
0
0
0
0
0
0
0
0
0
0
0
0
0
0
0
0
0
0
0
0
0
0
0
0
0
0
0
0
0
0
0
0
0
0
0
0
0
0
0
0
0
0
0
0
0
0
0
0
0
0
0
0
0
0
0
0
0
0
0
0
0
0
0
0
0
0
0
0
0
0
0
0
0
0
0
0
0
0
0
0
0
0
0
0
0
0
0
0
0
0
0
0
0
0
0
0
0
0
0
0
0
0
0
0
0
0
0
0
0
0
0
0
0
0
0
0
0
0
0
0
0
0
0
0
0
0
0
0
0
0
0
0
0
0
0
0
0
0
0
0
0
0
0
0
0
0
0
0
0
0
0
0
0
0
0
0
0
0
0
0
0
0
0
0
0
0
0
0
0
0
0
0
0
0
0
0
0
0
0
0
0
0
0
0
0
0
0
0
0
0
0
0
0
0
0
0
0
0
0
0
0
0
0
0
0
0
0
0
0
0
0
0
0
0
0
0
0
0
0
0
0
0
0
0
0
0
0
0
0
0
0
0
0
0
0
0
0
0
0
0
0
0
0
0
0
0
0
0
0
0
0
0
0
0
0
0
0
0
0
0
0
0
0
0
0
0
0
0
0
0
0
0
0
0
0
0
0
0
0
0
0
0
0
0
0
0
0
0
0
0
0
0
0
0
0
0
0
0
0
0
0
0
0
0
0
0
0
0
0
0
0
0
0
0
0
0
0
0
0
0
0
0
0
0
0
0
0
0
0
0
0
0
0
0
0
0
0
0
0
0
0
0
0
0
0
0
0
0
0
0
0
0
0
0
0
0
0
0
0
0
0
0
0
0
0
0
0
0
0
0
0
0
0
0
0
0
0
0
0
0
0
0
0
0
0
0
0
0
0
0
0
0
0
0
0
0
0
0
0
0
0
0
0
0
0
0
0
0
0
0
0
0
0
0
0
0
0
0
0
0
0
0
0
0
0
0
0
0
0
0
0
0
0
0
0
0
0
0
0
0
0
0
0
0
0
0
0
0
0
0
0
0
0
0
0
0
0
0
0
0
0
0
0
0
0
0
0
0
0
0
0
0
0
0
0
0
0
0
0
0
0
0
0
0
0
0
0
0
0
0
0
0
0
0
0
0
0
0
0
0
0
0
0
0
0
0
0
0
0
0
0
0
0
0
0
0
0
0
0
0
0
0
0
0
0
0
0
0
0
0
0
0
0
0
0
0
0
0
0
0
0
0
0
0
0
0
0
0
0
0
0
0
0
0
0
0
0
0
0
0
0
0
0
0
0
0
0
0
0
0
0
0
0
0
0
0
0
0
0
0
0
0
0
0
0
0
0
0
0
0
0
0
0
0
0
0
0
0
0
0
0
0
0
0
0
0
0
0
0
0
0
0
0
0
0
0
0
0
0
0
0
0
0
0
0
0
0
0
0
0
0
0
0
0
0
0
0
0
0
0
0
0
0
0
0
0
0
0
0
0
0
0
0
0
0
0
0
0
0
0
0
0
0
0
0
0
0
0
0
0
0
0
0
0
0
0
0
0
0
0
0
0
0
0
0
0
0
0
0
0
0
0
0
0
0
0
0
0
0
0
0
0
0
0
0
0
0
0
0
0
0
0
0
0
0
0
0
0
0
0
0
0
0
0
0
0
0
0
0
0
0
0
0
0
0
0
0
0
0
0
0
0
0
0
0
0
0
0
0
0
0
0
0
0
0
0
0
0
0
0
0
0
0
0
0
0
0
0
0
0
0
0
0
0
0
0
0
0
0
0
0
0
0
0
0
0
0
0
0
0
0
0
0
0
0
0
0
0
0
0
0
0
0
0
0
0
0
0
0
0
0
0
0
0
0
0
0
0
0
0
0
0
0
0
0
0
0
0
0
0
0
0
0
0
0
0
0
0
0
0
0
0
0
0
0
0
0
0
0
0
0
0
0
0
0
0
0
0
0
0
0
0
0
0
0
0
0
0
0
0
0
0
0
0
0
0
0
0
0
0
0
0
0
0
0
0
0
0
0
0
0
0
0
0
0
0
0
0
0
0
0
0
0
0
0
0
0
0
0
0
0
0
0
0
0
0
0
0
0
0
0
0
0
0
0
0
0
0
0
0
0
0
0
0
0
0
0
0
0
0
0
0
0
0
0
0
0
0
0
0
0
0
0
0
0
0
0
0
0
0
0
0
0
0
0
0
0
0
0
0
0
0
0
0
0
0
0
0
0
0
0
0
0
0
0
0
0
0
0
0
0
0
0
0
0
0
0
0
0
0
0
0
0
0
0
0
0
0
0
0
0
0
0
0
0
0
0
0
0
0
0
0
0
0
0
0
0
0
0
0
0
0
0
0
0
0
0
0
0
0
0
0
0
0
0
0
0
0
0
0
0
0
0
0
0
0
0
0
0
0
0
0
0
0
0
0
0
0
0
0
0
0
0
0
0
0
0
0
0
0
0
0
0
0
0
0
0
0
0
0
0
0
0
0
0
0
0
0
0
0
0
0
0
0
0
0
0
0
0
0
0
0
0
0
0
0
0
0
0
0
0
0
0
0
0
0
0
0
0
0
0
0
0
0
0
0
0
0
0
0
0
0
0
0
0
0
0
0
0
0
0
0
0
0
0
0
0
0
0
0
0
0
0
0
0
0
0
0
0
0
0
0
0
0
0
0
0
0
0
0
0
0
0
0
0
0
0
0
0
0
0
0
0
0
0
0
0
0
0
0
0
0
0
0
0
0
0
0
0
0
0
0
0
0
0
0
0
0
0
0
0
0
0
0
0
0
0
0
0
0
0
0
0
0
0
0
0
0
0
0
0
0
0
0
0
0
0
0
0
0
0
0
0
0
0
0
0
0
0
0
0
0
0
0
0
0
0
0
0
0
0
0
0
0
0
0
0
0
0
0
0
0
0
0
0
0
0
0
0
0
0
0
0
0
0
0
0
0
0
0
0
0
0
0
0
0
0
0
0
0
0
0
0
0
0
0
0
0
0
0
0
0
0
0
0
0
0
0
0
0
0
0
0
0
0
0
0
0
0
0
0
0
0
0
0
0
0
0
0
0
0
0
0
0
0
0
0
0
0
0
0
0
0
0
0
0
0
0
0
0
0
0
0
0
0
0
0
0
0
0
0
0
0
0
0
0
0
0
0
0
0
0
0
0
0
0
0
0
0
0
0
0
0
0
0
0
0
0
0
0
0
0
0
0
0
0
0
0
0
0
0
0
0
0
0
0
0
0
0
0
0
0
0
0
0
0
0
0
0
0
0
0
0
0
0
0
0
0
0
0
0
0
0
0
0
0
0
0
0
0
0
0
0
0
0
0
0
0
0
0
0
0
0
0
0
0
0
0
0
0
0
0
0
0
0
0
0
0
0
0
0
0
0
0
0
0
0
0
0
0
0
0
0
0
0
0
0
0
0
0
0
0
0
0
0
0
0
0
0
0
0
0
0
0
0
0
0
0
0
0
0
0
0
0
0
0
0
0
0
0
0
0
0
0
0
0
0
0
0
0
0
0
0
0
0
0
0
0
0
0
0
0
0
0
0
0
0
0
0
0
0
0
0
0
0
0
0
0
0
0
0
0
0
0
0
0
0
0
0
0
0
0
0
0
0
0
0
0
0
0
0
0
0
0
0
0
0
0
0
0
0
0
0
0
0
0
0
0
0
0
0
0
0
0
0
0
0
0
0
0
0
0
0
0
0
0
0
0
0
0
0
0
0
0
0
0
0
0
0
0
0
0
0
0
0
0
0
0
0
0
0
0
0
0
0
0
0
0
0
0
0
0
0
0
0
0
0
0
0
0
0
0
0
0
0
0
0
0
0
0
0
0
0
0
0
0
0
0
0
0
0
0
0
0
0
0
0
0
0
0
0
0
0
0
0
0
0
0
0
0
0
0
0
0
0
0
0
0
0
0
0
0
0
0
0
0
0
0
0
0
0
0
0
0
0
0
0
0
0
0
0
0
0
0
0
0
0
0
0
0
0
0
0
0
0
0
0
0
0
0
0
0
0
0
0
0
0
0
0
0
0
0
0
0
0
0
0
0
0
0
0
0
0
0
0
0
0
0
0
0
0
0
0
0
0
0
0
0
0
0
0
0
0
0
0
0
0
0
0
0
0
0
0
0
0
0
0
0
0
0
0
0
0
0
0
0
0
0
0
0
0
0
0
0
0
0
0
0
0
0
0
0
0
0
0
0
0
0
0
0
0
0
0
0
0
0
0
0
0
0
0
0
0
0
0
0
0
0
0
0
0
0
0
0
0
0
0
0
0
0
0
0
0
0
0
0
0
0
0
0
0
0
0
0
0
0
0
0
0
0
0
0
0
0
0
0
0
0
0
0
0
0
0
0
0
0
0
0
0
0
0
0
0
0
0
0
0
0
0
0
0
0
0
0
0
0
0
0
0
0
0
0
0
0
0
0
0
0
0
0
0
0
0
0
0
0
0
0
0
0
0
0
0
0
0
0
0
0
0
0
0
0
0
0
0
0
0
0
0
0
0
0
0
0
0
0
0
0
0
0
0
0
0
0
0
0
0
0
0
0
0
0
0
0
0
0
0
0
0
0
0
0
0
0
0
0
0
0
0
0
0
0
0
0
0
0
0
0
0
0
0
0
0
0
0
0
0
0
0
0
0
0
0
0
0
0
0
0
0
0
0
0
0
0
0
0
0
0
0
0
0
0
0
0
0
0
0
0
0
0
0
0
0
0
0
0
0
0
0
0
0
0
0
0
0
0
0
0
0
0
0
0
0
0
0
0
0
0
0
0
0
0
0
0
0
0
0
0
0
0
0
0
0
0
0
0
0
0
0
0
0
0
0
0
0
0
0
0
0
0
0
0
0
0
0
0
0
0
0
0
0
0
0
0
0
0
0
0
0
0
0
0
0
0
0
0
0
0
0
0
0
0
0
0
0
0
0
0
0
0
0
0
0
0
0
0
0
0
0
0
0
0
0
0
0
0
0
0
0
0
0
0
0
0
0
0
0
0
0
0
0
0
0
0
0
0
0
0
0
0
0
0
0
0
0
0
0
0
0
0
0
0
0
0
0
0
0
0
0
0
0
0
0
0
0
0
0
0
0
0
0
0
0
0
0
0
0
0
0
0
0
0
0
0
0
0
0
0
0
0
0
0
0
0
0
0
0
0
0
0
0
0
0
0
0
0
0
0
0
0
0
0
0
0
0
0
0
0
0
0
0
0
0
0
0
0
0
0
0
0
0
0
0
0
0
0
0
0
0
0
0
0
0
0
0
0
0
0
0
0
0
0
0
0
0
0
0
0
0
0
0
0
0
0
0
0
0
0
0
0
0
0
0
0
0
0
0
0
0
0
0
0
0
0
0
0
0
0
0
0
0
0
0
0
0
0
0
0
0
0
0
0
0
0
0
0
0
0
0
0
0
0
0
0
0
0
0
0
0
0
0
0
0
0
0
0
0
0
0
0
0
0
0
0
0
0
0
0
0
0
0
0
0
0
0
0
0
0
0
0
0
0
0
0
0
0
0
0
0
0
0
0
0
0
0
0
0
0
0
0
0
0
0
0
0
0
0
0
0
0
0
0
0
0
0
0
0
0
0
0
0
0
0
0
0
0
0
0
0
0
0
0
0
0
0
0
0
0
0
0
0
0
0
0
0
0
0
0
0
0
0
0
0
0
0
0
0
0
0
0
0
0
0
0
0
0
0
0
0
0
0
0
0
0
0
0
0
0
0
0
0
0
0
0
0
0
0
0
0
0
0
0
0
0
0
0
0
0
0
0
0
0
0
0
0
0
0
0
0
0
0
0
0
0
0
0
0
0
0
0
0
0
0
0
0
0
0
0
0
0
0
0
0
0
0
0
0
0
0
0
0
0
0
0
0
0
0
0
0
0
0
0
0
0
0
0
0
0
0
0
0
0
0
0
0
0
0
0
0
0
0
0
0
0
0
0
0
0
0
0
0
0
0
0
0
0
0
0
0
0
0
0
0
0
0
0
0
0
0
0
0
0
0
0
0
0
0
0
0
0
0
0
0
0
0
0
0
0
0
0
0
0
0
0
0
0
0
0
0
0
0
0
0
0
0
0
0
0
0
0
0
0
0
0
0
0
0
0
0
0
0
0
0
0
0
0
0
0
0
0
0
0
0
0
0
0
0
0
0
0
0
0
0
0
0
0
0
0
0
0
0
0
0
0
0
0
0
0
0
0
0
0
0
0
0
0
0
0
0
0
0
0
0
0
0
0
0
0
0
0
0
0
0
0
0
0
0
0
0
0
0
0
0
0
0
0
0
0
0
0
0
0
0
0
0
0
0
0
0
0
0
0
0
0
0
0
0
0
0
0
0
0
0
0
0
0
0
0
0
0
0
0
0
0
0
0
0
0
0
0
0
0
0
0
0
0
0
0
0
0
0
0
0
0
0
0
0
0
0
0
0
0
0
0
0
0
0
0
0
0
0
0
0
0
0
0
0
0
0
0
0
0
0
0
0
0
0
0
0
0
0
0
0
0
0
0
0
0
0
0
0
0
0
0
0
0
0
0
0
0
0
0
0
0
0
0
0
0
0
0
0
0
0
0
0
0
0
0
0
0
0
0
0
0
0
0
0
0
0
0
0
0
0
0
0
0
0
0
0
0
0
0
0
0
0
0
0
0
0
0
0
0
0
0
0
0
0
0
0
0
0
0
0
0
0
0
0
0
0
0
0
0
0
0
0
0
0
0
0
0
0
0
0
0
0
0
0
0
0
0
0
0
0
0
0
0
0
0
0
0
0
0
0
0
0
0
0
0
0
0
0
0
0
0
0
0
0
0
0
0
0
0
0
0
0
0
0
0
0
0
0
0
0
0
0
0
0
0
0
0
0
0
0
0
0
0
0
0
0
0
0
0
0
0
0
0
0
0
0
0
0
0
0
0
0
0
0
0
0
0
0
0
0
0
0
0
0
0
0
0
0
0
0
0
0
0
0
0
0
0
0
0
0
0
0
0
0
0
0
0
0
0
0
0
0
0
0
0
0
0
0
0
0
0
0
0
0
0
0
0
0
0
0
0
0
0
0
0
0
0
0
0
0
0
0
0
0
0
0
0
0
0
0
0
0
0
0
0
0
0
0
0
0
0
0
0
0
0
0
0
0
0
0
0
0
0
0
0
0
0
0
0
0
0
0
0
0
0
0
0
0
0
0
0
0
0
0
0
0
0
0
0
0
0
0
0
0
0
0
0
0
0
0
0
0
0
0
0
0
0
0
0
0
0
0
0
0
0
0
0
0
0
0
0
0
0
0
0
0
0
0
0
0
0
0
0
0
0
0
0
0
0
0
0
0
0
0
0
0
0
0
0
0
0
0
0
0
0
0
0
0
0
0
0
0
0
0
0
0
0
0
0
0
0
0
0
0
0
0
0
0
0
0
0
0
0
0
0
0
0
0
0
0
0
0
0
0
0
0
0
0
0
0
0
0
0
0
0
0
0
0
0
0
0
0
0
0
0
0
0
0
0
0
0
0
0
0
0
0
0
0
0
0
0
0
0
0
0
0
0
0
0
0
0
0
0
0
0
0
0
0
0
0
0
0
0
0
0
0
0
0
0
0
0
0
0
0
0
0
0
0
0
0
0
0
0
0
0
0
0
0
0
0
0
0
0
0
0
0
0
0
0
0
0
0
0
0
0
0
0
0
0
0
0
0
0
0
0
0
0
0
0
0
0
0
0
0
0
0
0
0
0
0
0
0
0
0
0
0
0
0
0
0
0
0
0
0
0
0
0
0
0
0
0
0
0
0
0
0
0
0
0
0
0
0
0
0
0
0
0
0
0
0
0
0
0
0
0
0
0
0
0
0
0
0
0
0
0
0
0
0
0
0
0
0
0
0
0
0
0
0
0
0
0
0
0
0
0
0
0
0
0
0
0
0
0
0
0
0
0
0
0
0
0
0
0
0
0
0
0
0
0
0
0
0
0
0
0
0
0
0
0
0
0
0
0
0
0
0
0
0
0
0
0
0
0
0
0
0
0
0
0
0
0
0
0
0
0
0
0
0
0
0
0
0
0
0
0
0
0
0
0
0
0
0
0
0
0
0
0
0
0
0
0
0
0
0
0
0
0
0
0
0
0
0
0
0
0
0
0
0
0
0
0
0
0
0
0
0
0
0
0
0
0
0
0
0
0
0
0
0
0
0
0
0
0
0
0
0
0
0
0
0
0
0
0
0
0
0
0
0
0
0
0
0
0
0
0
0
0
0
0
0
0
0
0
0
0
0
0
0
0
0
0
0
0
0
0
0
0
0
0
0
0
0
0
0
0
0
0
0
0
0
0
0
0
0
0
0
0
0
0
0
0
0
0
0
0
0
0
0
0
0
0
0
0
0
0
0
0
0
0
0
0
0
0
0
0
0
0
0
0
0
0
0
0
0
0
0
0
0
0
0
0
0
0
0
0
0
0
0
0
0
0
0
0
0
0
0
0
0
0
0
0
0
0
0
0
0
0
0
0
0
0
0
0
0
0
0
0
0
0
0
0
0
0
0
0
0
0
0
0
0
0
0
0
0
0
0
0
0
0
0
0
0
0
0
0
0
0
0
0
0
0
0
0
0
0
0
0
0
0
0
0
0
0
0
0
0
0
0
0
0
0
0
0
0
0
0
0
0
0
0
0
0
0
0
0
0
0
0
0
0
0
0
0
0
0
0
0
0
0
0
0
0
0
0
0
0
0
0
0
0
0
0
0
0
0
0
0
0
0
0
0
0
0
0
0
0
0
0
0
0
0
0
0
0
0
0
0
0
0
0
0
0
0
0
0
0
0
0
0
0
0
0
0
0
0
0
0
0
0
0
0
0
0
0
0
0
0
0
0
0
0
0
0
0
0
0
0
0
0
0
0
0
0
0
0
0
0
0
0
0
0
0
0
0
0
0
0
0
0
0
0
0
0
0
0
0
0
0
0
0
0
0
0
0
0
0
0
0
0
0
0
0
0
0
0
0
0
0
0
0
0
0
0
0
0
0
0
0
0
0
0
0
0
0
0
0
0
0
0
0
0
0
0
0
0
0
0
0
0
0
0
0
0
0
0
0
0
0
0
0
0
0
0
0
0
0
0
0
0
0
0
0
0
0
0
0
0
0
0
0
0
0
0
0
0
0
0
0
0
0
0
0
0
0
0
0
0
0
0
0
0
0
0
0
0
0
0
0
0
0
0
0
0
0
0
0
0
0
0
0
0
0
0
0
0
0
0
0
0
0
0
0
0
0
0
0
0
0
0
0
0
0
0
0
0
0
0
0
0
0
0
0
0
0
0
0
0
0
0
0
0
0
0
0
0
0
0
0
0
0
0
0
0
0
0
0
0
0
0
0
0
0
0
0
0
0
0
0
0
0
0
0
0
0
0
0
0
0
0
0
0
0
0
0
0
0
0
0
0
0
0
0
0
0
0
0
0
0
0
0
0
0
0
0
0
0
0
0
0
0
0
0
0
0
0
0
0
0
0
0
0
0
0
0
0
0
0
0
0
0
0
0
0
0
0
0
0
0
0
0
0
0
0
0
0
0
0
0
0
0
0
0
0
0
0
0
0
0
0
0
0
0
0
0
0
0
0
0
0
0
0
0
0
0
0
0
0
0
0
0
0
0
0
0
0
0
0
0
0
0
0
0
0
0
0
0
0
0
0
0
0
0
0
0
0
0
0
0
0
0
0
0
0
0
0
0
0
0
0
0
0
0
0
0
0
0
0
0
0
0
0
0
0
0
0
0
0
0
0
0
0
0
0
0
0
0
0
0
0
0
0
0
0
0
0
0
0
0
0
0
0
0
0
0
0
0
0
0
0
0
0
0
0
0
0
0
0
0
0
0
0
0
0
0
0
0
0
0
0
0
0
0
0
0
0
0
0
0
0
0
0
0
0
0
0
0
0
0
0
0
0
0
0
0
0
0
0
0
0
0
0
0
0
0
0
0
0
0
0
0
0
0
0
0
0
0
0
0
0
0
0
0
0
0
0
0
0
0
0
0
0
0
0
0
0
0
0
0
0
0
0
0
0
0
0
0
0
0
0
0
0
0
0
0
0
0
0
0
0
0
0
0
0
0
0
0
0
0
0
0
0
0
0
0
0
0
0
0
0
0
0
0
0
0
0
0
0
0
0
0
0
0
0
0
0
0
0
0
0
0
0
0
0
0
0
0
0
0
0
0
0
0
0
0
0
0
0
0
0
0
0
0
0
0
0
0
0
0
0
0
0
0
0
0
0
0
0
0
0
0
0
0
0
0
0
0
0
0
0
0
0
0
0
0
0
0
0
0
0
0
0
0
0
0
0
0
0
0
0
0
0
0
0
0
0
0
0
0
0
0
0
0
0
0
0
0
0
0
0
0
0
0
0
0
0
0
0
0
0
0
0
0
0
0
0
0
0
0
0
0
0
0
0
0
0
0
0
0
0
0
0
0
0
0
0
0
0
0
0
0
0
0
0
0
0
0
0
0
0
0
0
0
0
0
0
0
0
0
0
0
0
0
0
0
0
0
0
0
0
0
0
0
0
0
0
0
0
0
0
0
0
0
0
0
0
0
0
0
0
0
0
0
0
0
0
0
0
0
0
0
0
0
0
0
0
0
0
0
0
0
0
0
0
0
0
0
0
0
0
0
0
0
0
0
0
0
0
0
0
0
0
0
0
0
0
0
0
0
0
0
0
0
0
0
0
0
0
0
0
0
0
0
0
0
0
0
0
0
0
0
0
0
0
0
0
0
0
0
0
0
0
0
0
0
0
0
0
0
0
0
0
0
0
0
0
0
0
0
0
0
0
0
0
0
0
0
0
0
0
0
0
0
0
0
0
0
0
0
0
0
0
0
0
0
0
0
0
0
0
0
0
0
0
0
0
0
0
0
0
0
0
0
0
0
0
0
0
0
0
0
0
0
0
0
0
0
0
0
0
0
0
0
0
0
0
0
0
0
0
0
0
0
0
0
0
0
0
0
0
0
0
0
0
0
0
0
0
0
0
0
0
0
0
0
0
0
0
0
0
0
0
0
0
0
0
0
0
0
0
0
0
0
0
0
0
0
0
0
0
0
0
0
0
0
0
0
0
0
0
0
0
0
0
0
0
0
0
0
0
0
0
0
0
0
0
0
0
0
0
0
0
0
0
0
0
0
0
0
0
0
0
0
0
0
0
0
0
0
0
0
0
0
0
0
0
0
0
0
0
0
0
0
0
0
0
0
0
0
0
0
0
0
0
0
0
0
0
0
0
0
0
0
0
0
0
0
0
0
0
0
0
0
0
0
0
0
0
0
0
0
0
0
0
0
0
0
0
0
0
0
0
0
0
0
0
0
0
0
0
0
0
0
0
0
0
0
0
0
0
0
0
0
0
0
0
0
0
0
0
0
0
0
0
0
0
0
0
0
0
0
0
0
0
0
0
0
0
0
0
0
0
0
0
0
0
0
0
0
0
0
0
0
0
0
0
0
0
0
0
0
0
0
0
0
0
0
0
0
0
0
0
0
0
0
0
0
0
0
0
0
0
0
0
0
0
0
0
0
0
0
0
0
0
0
0
0
0
0
0
0
0
0
0
0
0
0
0
0
0
0
0
0
0
0
0
0
0
0
0
0
0
0
0
0
0
0
0
0
0
0
0
0
0
0
0
0
0
0
0
0
0
0
0
0
0
0
0
0
0
0
0
0
0
0
0
0
0
0
0
0
0
0
0
0
0
0
0
0
0
0
0
0
0
0
0
0
0
0
0
0
0
0
0
0
0
0
0
0
0
0
0
0
0
0
0
0
0
0
0
0
0
0
0
0
0
0
0
0
0
0
0
0
0
0
0
0
0
0
0
0
0
0
0
0
0
0
0
0
0
0
0
0
0
0
0
0
0
0
0
0
0
0
0
0
0
0
0
0
0
0
0
0
0
0
0
0
0
0
0
0
0
0
0
0
0
0
0
0
0
0
0
0
0
0
0
0
0
0
0
0
0
0
0
0
0
0
0
0
0
0
0
0
0
0
0
0
0
0
0
0
0
0
0
0
0
0
0
0
0
0
0
0
0
0
0
0
0
0
0
0
0
0
0
0
0
0
0
0
0
0
0
0
0
0
0
0
0
0
0
0
0
0
0
0
0
0
0
0
0
0
0
0
0
0
0
0
0
0
0
0
0
0
0
0
0
0
0
0
0
0
0
0
0
0
0
0
0
0
0
0
0
0
0
0
0
0
0
0
0
0
0
0
0
0
0
0
0
0
0
0
0
0
0
0
0
0
0
0
0
0
0
0
0
0
0
0
0
0
0
0
0
0
0
0
0
0
0
0
0
0
0
0
0
0
0
0
0
0
0
0
0
0
0
0
0
0
0
0
0
0
0
0
0
0
0
0
0
0
0
0
0
0
0
0
0
0
0
0
0
0
0
0
0
0
0
0
0
0
0
0
0
0
0
0
0
0
0
0
0
0
0
0
0
0
0
0
0
0
0
0
0
0
0
0
0
0
0
0
0
0
0
0
0
0
0
0
0
0
0
0
0
0
0
0
0
0
0
0
0
0
0
0
0
0
0
0
0
0
0
0
0
0
0
0
0
0
0
0
0
0
0
0
0
0
0
0
0
0
0
0
0
0
0
0
0
0
0
0
0
0
0
0
0
0
0
0
0
0
0
0
0
0
0
0
0
0
0
0
0
0
0
0
0
0
0
0
0
0
0
0
0
0
0
0
0
0
0
0
0
0
0
0
0
0
0
0
0
0
0
0
0
0
0
0
0
0
0
0
0
0
0
0
0
0
0
0
0
0
0
0
0
0
0
0
0
0
0
0
0
0
0
0
0
0
0
0
0
0
0
0
0
0
0
0
0
0
0
0
0
0
0
0
0
0
0
0
0
0
0
0
0
0
0
0
0
0
0
0
0
0
0
0
0
0
0
0
0
0
0
0
0
0
0
0
0
0
0
0
0
0
0
0
0
0
0
0
0
0
0
0
0
0
0
0
0
0
0
0
0
0
0
0
0
0
0
0
0
0
0
0
0
0
0
0
0
0
0
0
0
0
0
0
0
0
0
0
0
0
0
0
0
0
0
0
0
0
0
0
0
0
0
0
0
0
0
0
0
0
0
0
0
0
0
0
0
0
0
0
0
0
0
0
0
0
0
0
0
0
0
0
0
0
0
0
0
0
0
0
0
0
0
0
0
0
0
0
0
0
0
0
0
0
0
0
0
0
0
0
0
0
0
0
0
0
0
0
0
0
0
0
0
0
0
0
0
0
0
0
0
0
0
0
0
0
0
0
0
0
0
0
0
0
0
0
0
0
0
0
0
0
0
0
0
0
0
0
0
0
0
0
0
0
0
0
0
0
0
0
0
0
0
0
0
0
0
0
0
0
0
0
0
0
0
0
0
0
0
0
0
0
0
0
0
0
0
0
0
0
0
0
0
0
0
0
0
0
0
0
0
0
0
0
0
0
0
0
0
0
0
0
0
0
0
0
0
0
0
0
0
0
0
0
0
0
0
0
0
0
0
0
0
0
0
0
0
0
0
0
0
0
0
0
0
0
0
0
0
0
0
0
0
0
0
0
0
0
0
0
0
0
0
0
0
0
0
0
0
0
0
0
0
0
0
0
0
0
0
0
0
0
0
0
0
0
0
0
0
0
0
0
0
0
0
0
0
0
0
0
0
0
0
0
0
0
0
0
0
0
0
0
0
0
0
0
0
0
0
0
0
0
0
0
0
0
0
0
0
0
0
0
0
0
0
0
0
0
0
0
0
0
0
0
0
0
0
0
0
0
0
0
0
0
0
0
0
0
0
0
0
0
0
0
0
0
0
0
0
0
0
0
0
0
0
0
0
0
0
0
0
0
0
0
0
0
0
0
0
0
0
0
0
0
0
0
0
0
0
0
0
0
0
0
0
0
0
0
0
0
0
0
0
0
0
0
0
0
0
0
0
0
0
0
0
0
0
0
0
0
0
0
0
0
0
0
0
0
0
0
0
0
0
0
0
0
0
0
0
0
0
0
0
0
0
0
0
0
0
0
0
0
0
0
0
0
0
0
0
0
0
0
0
0
0
0
0
0
0
0
0
0
0
0
0
0
0
0
0
0
0
0
0
0
0
0
0
0
0
0
0
0
0
0
0
0
0
0
0
0
0
0
0
0
0
0
0
0
0
0
0
0
0
0
0
0
0
0
0
0
0
0
0
0
0
0
0
0
0
0
0
0
0
0
0
0
0
0
0
0
0
0
0
0
0
0
0
0
0
0
0
0
0
0
0
0
0
0
0
0
0
0
0
0
0
0
0
0
0
0
0
0
0
0
0
0
0
0
0
0
0
0
0
0
0
0
0
0
0
0
0
0
0
0
0
0
0
0
0
0
0
0
0
0
0
0
0
0
0
0
0
0
0
0
0
0
0
0
0
0
0
0
0
0
0
0
0
0
0
0
0
0
0
0
0
0
0
0
0
0
0
0
0
0
0
0
0
0
0
0
0
0
0
0
0
0
0
0
0
0
0
0
0
0
0
0
0
0
0
0
0
0
0
0
0
0
0
0
0
0
0
0
0
0
0
0
0
0
0
0
0
0
0
0
0
0
0
0
0
0
0
0
0
0
0
0
0
0
0
0
0
0
0
0
0
0
0
0
0
0
0
0
0
0
0
0
0
0
0
0
0
0
0
0
0
0
0
0
0
0
0
0
0
0
0
0
0
0
0
0
0
0
0
0
0
0
0
0
0
0
0
0
0
0
0
0
0
0
0
0
0
0
0
0
0
0
0
0
0
0
0
0
0
0
0
0
0
0
0
0
0
0
0
0
0
0
0
0
0
0
0
0
0
0
0
0
0
0
0
0
0
0
0
0
0
0
0
0
0
0
0
0
0
0
0
0
0
0
0
0
0
0
0
0
0
0
0
0
0
0
0
0
0
0
0
0
0
0
0
0
0
0
0
0
0
0
0
0
0
0
0
0
0
0
0
0
0
0
0
0
0
0
0
0
0
0
0
0
0
0
0
0
0
0
0
0
0
0
0
0
0
0
0
0
0
0
0
0
0
0
0
0
0
0
0
0
0
0
0
0
0
0
0
0
0
0
0
0
0
0
0
0
0
0
0
0
0
0
0
0
0
0
0
0
0
0
0
0
0
0
0
0
0
0
0
0
0
0
0
0
0
0
0
0
0
0
0
0
0
0
0
0
0
0
0
0
0
0
0
0
0
0
0
0
0
0
0
0
0
0
0
0
0
0
0
0
0
0
0
0
0
0
0
0
0
0
0
0
0
0
0
0
0
0
0
0
0
0
0
0
0
0
0
0
0
0
0
0
0
0
0
0
0
0
0
0
0
0
0
0
0
0
0
0
0
0
0
0
0
0
0
0
0
0
0
0
0
0
0
0
0
0
0
0
0
0
0
0
0
0
0
0
0
0
0
0
0
0
0
0
0
0
0
0
0
0
0
0
0
0
0
0
0
0
0
0
0
0
0
0
0
0
0
0
0
0
0
0
0
0
0
0
0
0
0
0
0
0
0
0
0
0
0
0
0
0
0
0
0
0
0
0
0
0
0
0
0
0
0
0
0
0
0
0
0
0
0
0
0
0
0
0
0
0
0
0
0
0
0
0
0
0
0
0
0
0
0
0
0
0
0
0
0
0
0
0
0
0
0
0
0
0
0
0
0
0
0
0
0
0
0
0
0
0
0
0
0
0
0
0
0
0
0
0
0
0
0
0
0
0
0
0
0
0
0
0
0
0
0
0
0
0
0
0
0
0
0
0
0
0
0
0
0
0
0
0
0
0
0
0
0
0
0
0
0
0
0
0
0
0
0
0
0
0
0
0
0
0
0
0
0
0
0
0
0
0
0
0
0
0
0
0
0
0
0
0
0
0
0
0
0
0
0
0
0
0
0
0
0
0
0
0
0
0
0
0
0
0
0
0
0
0
0
0
0
0
0
0
0
0
0
0
0
0
0
0
0
0
0
0
0
0
0
0
0
0
0
0
0
0
0
0
0
0
0
0
0
0
0
0
0
0
0
0
0
0
0
0
0
0
0
0
0
0
0
0
0
0
0
0
0
0
0
0
0
0
0
0
0
0
0
0
0
0
0
0
0
0
0
0
0
0
0
0
0
0
0
0
0
0
0
0
0
0
0
0
0
0
0
0
0
0
0
0
0
0
0
0
0
0
0
0
0
0
0
0
0
0
0
0
0
0
0
0
0
0
0
0
0
0
0
0
0
0
0
0
0
0
0
0
0
0
0
0
0
0
0
0
0
0
0
0
0
0
0
0
0
0
0
0
0
0
0
0
0
0
0
0
0
0
0
0
0
0
0
0
0
0
0
0
0
0
0
0
0
0
0
0
0
0
0
0
0
0
0
0
0
0
0
0
0
0
0
0
0
0
0
0
0
0
0
0
0
0
0
0
0
0
0
0
0
0
0
0
0
0
0
0
0
0
0
0
0
0
0
0
0
0
0
0
0
0
0
0
0
0
0
0
0
0
0
0
0
0
0
0
0
0
0
0
0
0
0
0
0
0
0
0
0
0
0
0
0
0
0
0
0
0
0
0
0
0
0
0
0
0
0
0
0
0
0
0
0
0
0
0
0
0
0
0
0
0
0
0
0
0
0
0
0
0
0
0
0
0
0
0
0
0
0
0
0
0
0
0
0
0
0
0
0
0
0
0
0
0
0
0
0
0
0
0
0
0
0
0
0
0
0
0
0
0
0
0
0
0
0
0
0
0
0
0
0
0
0
0
0
0
0
0
0
0
0
0
0
0
0
0
0
0
0
0
0
0
0
0
0
0
0
0
0
0
0
0
0
0
0
0
0
0
0
0
0
0
0
0
0
0
0
0
0
0
0
0
0
0
0
0
0
0
0
0
0
0
0
0
0
0
0
0
0
0
0
0
0
0
0
0
0
0
0
0
0
0
0
0
0
0
0
0
0
0
0
0
0
0
0
0
0
0
0
0
0
0
0
0
0
0
0
0
0
0
0
0
0
0
0
0
0
0
0
0
0
0
0
0
0
0
0
0
0
0
0
0
0
0
0
0
0
0
0
0
0
0
0
0
0
0
0
0
0
0
0
0
0
0
0
0
0
0
0
0
0
0
0
0
0
0
0
0
0
0
0
0
0
0
0
0
0
0
0
0
0
0
0
0
0
0
0
0
0
0
0
0
0
0
0
0
0
0
0
0
0
0
0
0
0
0
0
0
0
0
0
0
0
0
0
0
0
0
0
0
0
0
0
0
0
0
0
0
0
0
0
0
0
0
0
0
0
0
0
0
0
0
0
0
0
0
0
0
0
0
0
0
0
0
0
0
0
0
0
0
0
0
0
0
0
0
0
0
0
0
0
0
0
0
0
0
0
0
0
0
0
0
0
0
0
0
0
0
0
0
0
0
0
0
0
0
0
0
0
0
0
0
0
0
0
0
0
0
0
0
0
0
0
0
0
0
0
0
0
0
0
0
0
0
0
0
0
0
0
0
0
0
0
0
0
0
0
0
0
0
0
0
0
0
0
0
0
0
0
0
0
0
0
0
0
0
0
0
0
0
0
0
0
0
0
0
0
0
0
0
0
0
0
0
0
0
0
0
0
0
0
0
0
0
0
0
0
0
0
0
0
0
0
0
0
0
0
0
0
0
0
0
0
0
0
0
0
0
0
0
0
0
0
0
0
0
0
0
0
0
0
0
0
0
0
0
0
0
0
0
0
0
0
0
0
0
0
0
0
0
0
0
0
0
0
0
0
0
0
0
0
0
0
0
0
0
0
0
0
0
0
0
0
0
0
0
0
0
0
0
0
0
0
0
0
0
0
0
0
0
0
0
0
0
0
0
0
0
0
0
0
0
0
0
0
0
0
0
0
0
0
0
0
0
0
0
0
0
0
0
0
0
0
0
0
0
0
0
0
0
0
0
0
0
0
0
0
0
0
0
0
0
0
0
0
0
0
0
0
0
0
0
0
0
0
0
0
0
0
0
0
0
0
0
0
0
0
0
0
0
0
0
0
0
0
0
0
0
0
0
0
0
0
0
0
0
0
0
0
0
0
0
0
0
0
0
0
0
0
0
0
0
0
0
0
0
0
0
0
0
0
0
0
0
0
0
0
0
0
0
0
0
0
0
0
0
0
0
0
0
0
0
0
0
0
0
0
0
0
0
0
0
0
0
0
0
0
0
0
0
0
0
0
0
0
0
0
0
0
0
0
0
0
0
0
0
0
0
0
0
0
0
0
0
0
0
0
0
0
0
0
0
0
0
0
0
0
0
0
0
0
0
0
0
0
0
0
0
0
0
0
0
0
0
0
0
0
0
0
0
0
0
0
0
0
0
0
0
0
0
0
0
0
0
0
0
0
0
0
0
0
0
0
0
0
0
0
0
0
0
0
0
0
0
0
0
0
0
0
0
0
0
0
0
0
0
0
0
0
0
0
0
0
0
0
0
0
0
0
0
0
0
0
0
0
0
0
0
0
0
0
0
0
0
0
0
0
0
0
0
0
0
0
0
0
0
0
0
0
0
0
0
0
0
0
0
0
0
0
0
0
0
0
0
0
0
0
0
0
0
0
0
0
0
0
0
0
0
0
0
0
0
0
0
0
0
0
0
0
0
0
0
0
0
0
0
0
0
0
0
0
0
0
0
0
0
0
0
0
0
0
0
0
0
0
0
0
0
0
0
0
0
0
0
0
0
0
0
0
0
0
0
0
0
0
0
0
0
0
0
0
0
0
0
0
0
0
0
0
0
0
0
0
0
0
0
0
0
0
0
0
0
0
0
0
0
0
0
0
0
0
0
0
0
0
0
0
0
0
0
0
0
0
0
0
0
0
0
0
0
0
0
0
0
0
0
0
0
0
0
0
0
0
0
0
0
0
0
0
0
0
0
0
0
0
0
0
0
0
0
0
0
0
0
0
0
0
0
0
0
0
0
0
0
0
0
0
0
0
0
0
0
0
0
0
0
0
0
0
0
0
0
0
0
0
0
0
0
0
0
0
0
0
0
0
0
0
0
0
0
0
0
0
0
0
0
0
0
0
0
0
0
0
0
0
0
0
0
0
0
0
0
0
0
0
0
0
0
0
0
0
0
0
0
0
0
0
0
0
0
0
0
0
0
0
0
0
0
0
0
0
0
0
0
0
0
0
0
0
0
0
0
0
0
0
0
0
0
0
0
0
0
0
0
0
0
0
0
0
0
0
0
0
0
0
0
0
0
0
0
0
0
0
0
0
0
0
0
0
0
0
0
0
0
0
0
0
0
0
0
0
0
0
0
0
0
0
0
0
0
0
0
0
0
0
0
0
0
0
0
0
0
0
0
0
0
0
0
0
0
0
0
0
0
0
0
0
0
0
0
0
0
0
0
0
0
0
0
0
0
0
0
0
0
0
0
0
0
0
0
0
0
0
0
0
0
0
0
0
0
0
0
0
0
0
0
0
0
0
0
0
0
0
0
0
0
0
0
0
0
0
0
0
0
0
0
0
0
0
0
0
0
0
0
0
0
0
0
0
0
0
0
0
0
0
0
0
0
0
0
0
0
0
0
0
0
0
0
0
0
0
0
0
0
0
0
0
0
0
0
0
0
0
0
0
0
0
0
0
0
0
0
0
0
0
0
0
0
0
0
0
0
0
0
0
0
0
0
0
0
0
0
0
0
0
0
0
0
0
0
0
0
0
0
0
0
