-203
-156
-2271
-1948
-1325
-1720
-1908
-199
614
-3530
-2437
-1955
-2816
-827
-108
1025
-29
-354
1800
-1341
-2119
-1851
-17829
-277
450
300
-2396
-3669
-2604
-17574
62
724
-254
565
-2927
-589
-1017
-2332
-2118
-198
1924
-4737
-1432
-2233
-4071
-1835
-152
2177
-80
627
698
-2016
-2255
-1976
-23323
-128
596
-505
-3527
-5013
-3867
-18490
166
545
-319
812
-4371
-292
-2540
-4013
-3327
-280
1356
-4465
-252
-3078
-3567
-1368
-228
1345
60
468
-1086
-3486
-1874
-3323
-18594
10
-211
-2417
-2892
-3516
-3675
-22778
241
-617
-388
454
-5947
-44
-4274
-5166
-4514
-305
1572
-5831
720
-3809
-4389
-2829
-84
1612
15
-353
-2918
-4680
-419
-4513
-11295
-57
816
-3039
-4241
-2103
-4449
-16193
148
1211
-271
187
-4619
197
-2915
-2328
-2823
-169
1610
-5261
1091
-2335
-3323
-2775
-45
1609
85
-348
-1607
-2506
-1248
-2777
-17115
45
-573
-1851
-3932
-1909
-3535
-18352
155
332
-352
14
-2705
-293
-1779
-1288
-1468
-219
779
-4274
-50
-1218
-2848
-1520
-238
1007
186
76
-605
-1317
-346
-1300
-17983
150
29
-1809
-2718
-1604
-2865
-15588
234
536
-322
-543
-2407
887
-1981
-1268
-1435
-270
81
-4401
605
-2532
-3005
-1851
-217
280
96
-154
-602
-1907
-478
-1256
-20890
178
52
-2370
-2180
-2114
-3176
-17033
222
-224
-317
-413
-2717
1604
-1626
-1903
-2028
-222
10
-3562
1885
-1933
-3089
-3154
-246
25
-13
-760
-1539
-1655
-2478
-1927
-15618
-47
-705
-3005
-1694
-3024
-2895
-14404
201
-1220
-97
37
-2952
-2347
-1885
-1863
-2697
-127
38
-4586
-2492
-3735
-3324
-1984
-32
-537
60
1029
526
-2420
-2346
-2747
-19088
-331
1331
-638
-2546
-3623
-3269
-17779
-7
801
-158
767
-5754
-467
-3994
-3651
-4598
-250
7
-8206
-804
-5861
-6029
-4171
-16
-562
-122
841
1057
-4583
-5020
-4447
-20558
-78
94
-595
-4841
-7327
-5802
-15717
128
205
-339
545
-5895
2254
-2335
-3830
-4416
-390
547
-8259
911
-2287
-6404
-5166
-121
255
-13
-66
-2140
-4370
-5900
-4277
-25259
94
-337
-3533
-4452
-8108
-5405
-19876
458
339
-426
-115
-6998
149
-3855
-5634
-5033
-380
-1105
-9054
140
-2992
-7233
-6335
-47
-641
17
-1154
-1989
-5367
-3038
-5148
-20062
-2
797
-1619
-5420
-6479
-6068
-15896
325
1238
-205
-352
-5892
-1873
-2892
-4193
-4109
-195
-1141
-6560
-774
-1370
-4630
-5168
-13
-874
114
238
-1239
-4656
-1266
-4084
-16632
116
-833
-710
-3606
-2617
-4091
-18359
339
-1148
-294
554
-3545
-2456
-2673
-3438
-2838
-174
809
-4176
-1861
-1339
-3415
-3684
-134
1544
168
149
-2545
-2543
1922
-2716
-16057
131
-492
-3480
-2044
747
-2598
-15769
546
-267
-249
1032
-2349
-1951
-3238
-2604
-2682
-102
1674
-3850
-1513
-4106
-3656
-3535
-222
1738
-32
-792
-2140
-2500
1493
-2605
-16750
85
-388
-3914
-2630
-35
-3065
-12308
472
-127
-100
635
-1564
-1540
-487
-2165
-2446
-9
1077
-2082
-1142
-1858
-3104
-2382
-164
-160
-124
-333
-775
-1381
-3022
-2368
-18069
23
-625
-2113
-1516
-3199
-2036
-18554
277
-1726
28
-488
-2428
-1628
-1609
-1913
-2478
-70
126
-2880
-833
-3713
-2050
-935
-34
230
40
944
-884
-2584
-989
-2373
-17621
-260
712
-1974
-1775
-1963
-2418
-20328
19
349
104
-237
-5268
-2026
-7224
-4424
-5025
-116
130
-6622
-1821
-8840
-5032
-1764
-71
-134
-169
1752
385
-4971
-1225
-4859
-21171
-66
1509
-2137
-4684
-4425
-5614
-20916
72
983
25
336
-7605
42
-8477
-6662
-7173
-148
719
-8883
-482
-9487
-7005
-3645
40
552
-177
621
-1408
-7548
-3513
-6968
-16354
-11
266
-2926
-5598
-8499
-6684
-18594
132
200
-26
1447
-7422
-3082
-8390
-5937
-6059
61
1221
-7471
-1395
-7179
-4896
-3126
103
1101
-151
-393
-3364
-5906
2751
-6044
-13599
-52
-1245
-3396
-3636
-1679
-4586
-19308
189
-1620
-35
-51
-3950
-3377
-3662
-2393
-2648
89
-217
-5687
-2698
-3946
-3441
-1333
-119
-548
34
-139
-2392
-2799
3346
-2683
-23780
-23
-528
-4592
-2105
1410
-2492
-20106
222
-525
-154
146
-2959
-3807
-2827
-2115
-2810
-33
2
-3456
-3101
-3931
-2211
-2148
-219
5
-43
-198
-892
-2715
999
-2792
-11022
56
-2
-3486
-2295
840
-641
-11023
220
89
-167
961
-1978
-3177
-3872
-1483
-2629
-79
700
-3082
-2145
-5731
-2166
-2625
-78
-497
-124
-609
897
-2319
-827
-2587
-18148
44
334
-2282
-2957
-1423
-1112
-16641
145
438
-81
226
-2068
-2502
-3200
-2248
-3041
15
70
-1941
-1710
-3965
-2761
-2268
-54
-1014
-148
-788
1580
-2233
-3380
-2963
-13477
-52
-788
-256
-1755
-3458
-1311
-17409
52
-1600
-7
821
-2255
-1890
-1827
-2577
-2640
-64
1878
-2970
-761
-3620
-2299
-1837
-29
1852
-48
-125
705
-1893
-2846
-2663
-17679
-257
-213
-614
-1864
-3044
-2865
-20723
58
-198
-7
489
-4310
-1780
-4633
-3960
-3851
-222
613
-7950
-2586
-7996
-6708
-3026
-117
853
-208
1529
2505
-4249
-3530
-3960
-23956
-177
2004
-429
-7223
-6440
-6827
-13650
104
1863
-27
-444
-4848
-2173
-6460
-5409
-4976
-64
-408
-6726
-2472
-7755
-5858
-893
10
810
-258
1185
-682
-5413
193
-4904
-18450
-12
457
-2854
-5884
-4435
-5651
-17101
143
-866
83
-524
-6333
-4225
-7500
-6472
-5968
306
396
-5508
-1040
-6039
-3846
-1141
139
496
-279
422
-5347
-5407
5313
-5766
-10484
-207
476
-5502
-4405
841
-4085
-20750
128
-532
32
497
-3763
-2951
-4650
-3885
-3720
190
1319
-5335
-1596
-6001
-3846
189
-59
649
-146
371
-3214
-4034
3376
-3681
-14522
-180
-447
-6018
-3860
399
-3520
-14714
182
-524
-70
716
-2113
-1156
-1914
-1520
-2227
-22
46
-4415
-1375
-4708
-3049
650
-67
-411
-65
947
-117
-3185
-969
-2137
-17593
-93
116
-4263
-3313
-2500
-1725
-14278
66
348
-128
511
-2063
-332
-2711
-1285
-2476
-182
456
-3878
-947
-4786
-3049
-482
-65
302
31
-694
445
-3078
-2363
-2330
-15099
-59
49
-3443
-3259
-3774
-2051
-12882
70
236
-179
-190
-3102
885
-3586
-2523
-2911
-103
236
-4241
566
-4758
-3694
-1348
-66
168
-118
-990
630
-3081
-2750
-2655
-18103
-38
-499
-1695
-2182
-4548
-2407
-18867
10
-926
16
-452
-4233
-3202
-5290
-4040
-4381
23
-108
-5589
-2138
-6029
-4508
-4606
38
-946
-211
235
1154
-4896
-1401
-4293
-13568
-262
311
684
-4187
-2961
-4412
-14449
77
301
-76
-1094
-4529
-2888
-4347
-3205
-3825
-61
-1190
-5773
-2637
-5103
-3733
-2398
55
-2165
-176
-21
2996
-4102
-2409
-3608
-22163
-181
-297
577
-4074
-2203
-3170
-25320
127
3
54
-628
-3471
-2819
-3099
-2928
-3276
59
-1698
-5527
-3880
-4838
-4426
-175
16
-2273
-244
1426
392
-3222
-1171
-3215
-23434
-111
699
-2887
-4260
-2763
-4115
-20279
71
499
180
-1429
-2923
-3116
-2073
-2202
-2588
402
-1182
-3855
-2549
-2296
-2757
351
11
-1459
-201
-232
-1155
-1044
201
-2439
-20034
-248
-41
-2745
-3071
-1896
-2041
-19860
35
-168
153
-1997
-3644
-1069
-2920
-2271
-3458
248
-864
-4475
123
-3860
-2899
-751
-78
-468
-70
-105
-2222
-2572
-1893
-3314
-14977
-55
-249
-4050
-3471
-2515
-2946
-17600
206
-428
4
-1828
-2766
-474
-1411
-588
-2799
107
-1666
-2940
592
-2109
-1564
-2041
-112
-1560
20
429
-1865
-2631
-3346
-2613
-18428
114
-618
-3366
-2471
-2559
-1790
-22837
98
235
-189
-1432
-2547
1147
-1256
-319
-2133
-116
-1009
-3152
979
-1856
-1748
-2432
-161
-1379
92
-555
-1842
-1834
-2958
-1936
-20556
207
34
-3393
-1637
-3491
-2044
-20865
236
48
-281
-545
-3070
3287
-2921
-1002
-1872
-177
-502
-4333
2930
-3253
-3507
-2807
-175
-1512
-69
-936
-1866
-2236
-1590
-1542
-20807
-18
-322
-2876
-2204
-4182
-3221
-16669
23
-510
185
-1313
-3114
-3762
-3462
-4631
-4090
154
-116
-3354
-2638
-4246
-3574
-1917
178
51
-336
-272
-814
-4221
-151
-3810
-11882
-300
89
-933
-3732
-2006
-3172
-17267
-2
210
148
-1317
-3788
-2553
-3869
-4493
-3603
137
96
-5403
-2719
-5224
-4205
-925
65
-50
-187
-424
-1475
-2758
1133
-3332
-14546
-177
-1704
-3313
-2789
-304
-2860
-14151
76
-2402
254
-720
-3809
-3435
-3276
-3787
-3471
378
324
-3976
-3398
-3759
-2804
-831
96
49
-198
742
-210
-2064
-294
-3368
-17897
-266
-563
-2129
-1014
-1040
-1367
-22545
-138
-733
270
-977
-2967
-4040
-1313
-3356
-3232
296
317
-4171
-3747
-2010
-3705
-893
161
-21
-107
403
-2050
-1082
-837
-3099
-20154
-183
790
-3722
-2862
-2975
-2307
-18968
-48
1021
1
-1006
-1872
-2851
-1525
-2078
-2301
-68
537
-2618
-3027
-2115
-2449
-1047
-8
-31
74
195
-1609
-1474
-312
-2212
-20752
32
683
-2480
-2396
-1475
-2098
-19413
257
557
-299
270
-1803
-2024
-1180
-2408
-2727
-132
1387
-2116
-2002
-1677
-2693
-3110
-73
1089
-19
136
-2134
-1790
-2056
-2618
-21863
47
-626
-3359
-2769
-1759
-2633
-21654
335
-326
-715
891
-1295
827
-1795
-876
-1875
-428
1355
-2718
-353
-2535
-3061
-4246
-264
1093
136
-271
-2666
-1345
-2578
-1667
-23783
307
242
-4711
-2122
-3176
-3041
-16767
474
105
-570
428
-1482
2233
-2008
-967
-1612
-466
331
-2083
1000
-2388
-3023
-3442
-232
-146
1
-334
-2114
-1735
-2611
-1314
-20872
63
-252
-2898
-1709
-4117
-3223
-16361
249
-66
-99
354
-1246
-1956
-3024
-3892
-3418
-164
848
-3185
-1776
-4161
-4654
-3348
107
1212
-242
-400
-1051
-3140
-2631
-3350
-10844
-168
-94
-1986
-4571
-3880
-4171
-8459
62
302
-164
-753
-2996
-724
-3581
-3402
-3314
-100
-35
-6272
-1436
-5296
-5381
-4322
50
1040
-227
122
-341
-2601
-2942
-3013
-18497
-209
868
-833
-4453
-4863
-3519
-11655
134
1240
8
173
-2813
-2060
-2599
-3126
-3681
34
288
-4466
-2455
-4112
-3853
-3074
200
451
-178
596
-653
-2894
-3416
-3448
-16599
-259
-1277
-1724
-2108
-4467
-2386
-15915
-194
-2746
58
612
-2166
-4238
-900
-3068
-4001
49
-360
-2513
-3773
-2526
-2517
-1177
176
-404
-41
659
-3088
-3188
-1414
-3807
-12011
-178
751
-3965
-1409
-1901
-1896
-16587
-45
309
-318
657
-389
-3136
-1954
-2453
-2714
-339
777
-1532
-4788
-4089
-3586
-620
-49
688
106
1210
-1598
-2872
-572
-2643
-18944
-79
2186
-2773
-2057
-3082
-3150
-17667
186
3143
-566
1142
-413
-3414
-2456
-3928
-3492
-425
1141
-2973
-5540
-5627
-6234
-2802
-36
798
62
1433
-832
-3781
-2236
-3201
-18481
11
-159
-2784
-4315
-4596
-5673
-10656
259
-354
-688
922
-742
-976
-2355
-1390
-2522
-429
629
-1620
-2420
-3664
-2917
-1324
-224
554
113
-625
-2053
-2697
-1885
-2140
-17748
198
-232
-5191
-1435
-2761
-3482
-16410
545
-99
-546
609
270
-106
-1769
-1792
-2374
-529
533
-173
-1900
-3252
-2973
-1883
-231
1208
4
-543
-2599
-2220
-3442
-2135
-15265
64
-557
-4638
-349
-5311
-3413
-13344
277
61
-271
-946
-2211
-892
-922
-2333
-2810
-257
-1797
-2939
-1390
-2899
-2750
-1793
-21
-2967
-183
-953
-1195
-3233
-3285
-2842
-13844
-149
-520
-941
-2480
-3433
-2873
-16558
116
-510
-455
-873
-4464
-1558
-2224
-2393
-3651
-340
-1851
-5441
-2800
-3910
-3669
-2808
-83
-2114
-199
-123
2109
-4771
-5335
-3675
-17308
-126
755
2025
-2995
-5761
-3802
-20036
168
745
-288
-1189
-3138
-746
-2131
-1017
-3065
-223
-2275
-4180
-2353
-2600
-2890
-1662
53
-2300
-197
193
462
-3564
-4947
-2945
-16456
-242
-467
441
-2496
-5996
-2981
-18318
-85
-1231
-216
-1371
-2819
-140
521
-243
-2714
-87
-1847
-2901
-375
-1157
-1383
-1488
-120
-815
-10
419
-3004
-2279
-4601
-2478
-15033
-169
395
-2886
-1307
-4531
-1831
-18192
-1
-299
-228
-934
-1973
-1370
-278
-510
-2492
-228
-1508
-2215
-2429
-2983
-2293
-2037
-118
-1457
-82
788
-3079
-2646
-2145
-2323
-17852
-209
1595
-2302
-1755
-3372
-3168
-17971
75
1832
-332
-574
-1845
-2767
-1385
-1355
-2824
-353
-1345
-2228
-2820
-2392
-2604
-2876
-128
-1719
22
1231
-1738
-2721
-2203
-2672
-14465
-70
481
-1343
-3355
-2560
-3529
-15362
216
486
-408
-1049
-960
-1341
-1402
-480
-1790
-236
-1761
-1577
-1100
-1947
-2119
-1380
-252
-2016
123
-822
-1906
-1306
-1921
-1550
-18457
-58
-705
-3157
-2573
-2894
-2963
-18926
348
-545
-407
-1219
-19
-1205
-790
-558
-1948
-285
-1514
-462
-2132
-2350
-2180
-76
-186
-2076
-163
-1648
-2286
-1436
-2090
-1620
-19899
-155
-819
-3684
-853
-4294
-2686
-19205
107
-385
0
0
0
0
0
0
0
0
0
0
0
-1553
-2287
-2195
-977
-1565
0
0
0
0
0
0
0
0
0
0
0
1960
-1324
-2105
-1642
-16099
0
0
0
0
0
0
0
0
0
0
0
-806
-1273
-1342
-1081
-1191
0
0
0
0
0
0
0
0
0
0
0
558
-627
-2220
-1341
-22220
0
0
0
0
0
0
0
0
0
0
0
-1916
-1574
-1974
-2337
-2595
0
0
0
0
0
0
0
0
0
0
0
-1439
-1372
-2137
-2661
-18766
0
0
0
0
0
0
0
0
0
0
0
-3191
-978
-2568
-1923
-2435
0
0
0
0
0
0
0
0
0
0
0
-1873
-1531
-643
-2510
-18098
0
0
0
0
0
0
0
0
0
0
0
-3475
-1569
-2851
-215
-2388
0
0
0
0
0
0
0
0
0
0
0
-1928
-392
-2214
-2405
-16371
0
0
0
0
0
0
0
0
0
0
0
-1962
-1809
-2181
-268
-1702
0
0
0
0
0
0
0
0
0
0
0
-1594
-232
-1053
-1752
-14701
0
0
0
0
0
0
0
0
0
0
0
-1307
-1277
-1789
-1309
-1726
0
0
0
0
0
0
0
0
0
0
0
-1298
-924
-486
-1709
-16852
0
0
0
0
0
0
0
0
0
0
0
-2244
-738
-1366
-1388
-1839
0
0
0
0
0
0
0
0
0
0
0
-463
-465
-2505
-1872
-13511
0
0
0
0
0
0
0
0
0
0
0
-1077
-2639
-2328
-721
-1951
0
0
0
0
0
0
0
0
0
0
0
663
-2076
-2671
-2041
-19179
0
0
0
0
0
0
0
0
0
0
0
-1040
-2019
-4183
-2118
-3298
0
0
0
0
0
0
0
0
0
0
0
-130
-3723
-4500
-3327
-18881
0
0
0
0
0
0
0
0
0
0
0
-2045
-1383
-3051
-4039
-4815
0
0
0
0
0
0
0
0
0
0
0
-3864
-4140
-4879
-4884
-15287
0
0
0
0
0
0
0
0
0
0
0
-3154
-1020
-2200
-2313
-3166
0
0
0
0
0
0
0
0
0
0
0
-2288
-2444
-2621
-3096
-24318
0
0
0
0
0
0
0
0
0
0
0
-3914
-2380
-1941
-1939
-2911
0
0
0
0
0
0
0
0
0
0
0
-1901
-1665
-1830
-2849
-19003
0
0
0
0
0
0
0
0
0
0
0
-3230
-3092
-2138
-3257
-2911
0
0
0
0
0
0
0
0
0
0
0
-3289
-1404
1529
-2892
-14521
0
0
0
0
0
0
0
0
0
0
0
-2798
-2440
-2155
-2438
-2166
0
0
0
0
0
0
0
0
0
0
0
-1611
-1455
2022
-2133
-17274
0
0
0
0
0
0
0
0
0
0
0
-3355
-2019
-750
-1913
-2206
0
0
0
0
0
0
0
0
0
0
0
973
-637
-2951
-2262
-16860
0
0
0
0
0
0
0
0
0
0
0
-268
-2480
-2166
-1309
-1889
0
0
0
0
0
0
0
0
0
0
0
-748
-1821
-876
-1781
-18054
0
0
0
0
0
0
0
0
0
0
0
-316
-3876
-7137
-4107
-4489
0
0
0
0
0
0
0
0
0
0
0
-1067
-4859
-1057
-4412
-17143
0
0
0
0
0
0
0
0
0
0
0
-1691
-1541
-7337
-5070
-5093
0
0
0
0
0
0
0
0
0
0
0
-1876
-5395
-1355
-4940
-19100
0
0
0
0
0
0
0
0
0
0
0
-2784
-3853
-7407
-3910
-4655
0
0
0
0
0
0
0
0
0
0
0
-4425
-3568
2830
-4480
-17327
0
0
0
0
0
0
0
0
0
0
0
-2142
-4402
-4446
-1982
-3390
0
0
0
0
0
0
0
0
0
0
0
-4069
-2308
2421
-3310
-18905
0
0
0
0
0
0
0
0
0
0
0
-2656
-3153
-2004
-2641
-2403
0
0
0
0
0
0
0
0
0
0
0
-947
-2036
1222
-2300
-13362
0
0
0
0
0
0
0
0
0
0
0
-3420
-2634
-3030
-1828
-2183
0
0
0
0
0
0
0
0
0
0
0
1642
-2009
-27
-2305
-18778
0
0
0
0
0
0
0
0
0
0
0
-3805
-2528
-2958
-2617
-2735
0
0
0
0
0
0
0
0
0
0
0
3258
-2052
-3239
-2841
-12075
0
0
0
0
0
0
0
0
0
0
0
-837
-2686
-2138
-2302
-1847
0
0
0
0
0
0
0
0
0
0
0
1129
-403
-2194
-1834
-18691
0
0
0
0
0
0
0
0
0
0
0
-994
-2913
-3208
-3707
-2717
0
0
0
0
0
0
0
0
0
0
0
1791
-2494
-2830
-2678
-22409
0
0
0
0
0
0
0
0
0
0
0
-1262
-2498
-5300
-3511
-3330
0
0
0
0
0
0
0
0
0
0
0
-705
-3777
660
-2934
-21763
0
0
0
0
0
0
0
0
0
0
0
-2810
-3796
-6565
-3685
-3801
0
0
0
0
0
0
0
0
0
0
0
-4170
-3795
5041
-3617
-18318
0
0
0
0
0
0
0
0
0
0
0
-2711
-3018
-4195
-1474
-2792
0
0
0
0
0
0
0
0
0
0
0
-2777
-3664
3263
-2596
-16678
0
0
0
0
0
0
0
0
0
0
0
-2875
-2046
-1902
-514
-2500
0
0
0
0
0
0
0
0
0
0
0
-204
-3902
-324
-2282
-14547
0
0
0
0
0
0
0
0
0
0
0
-3027
-1155
-1782
-995
-2283
0
0
0
0
0
0
0
0
0
0
0
1134
-3414
-1398
-2158
-14030
0
0
0
0
0
0
0
0
0
0
0
-2870
-66
-2138
-1712
-1983
0
0
0
0
0
0
0
0
0
0
0
2455
-2319
-2489
-1829
-18690
0
0
0
0
0
0
0
0
0
0
0
-1967
-3136
-3268
-3127
-2432
0
0
0
0
0
0
0
0
0
0
0
2342
-3572
-1069
-2536
-17108
0
0
0
0
0
0
0
0
0
0
0
-2009
-3895
-3358
-3886
-3387
0
0
0
0
0
0
0
0
0
0
0
2487
-4771
-2539
-3404
-18862
0
0
0
0
0
0
0
0
0
0
0
-1434
-2389
-3156
-1777
-2420
0
0
0
0
0
0
0
0
0
0
0
217
-3710
-1046
-2272
-23964
0
0
0
0
0
0
0
0
0
0
0
-1276
-2674
-3477
-119
-2127
0
0
0
0
0
0
0
0
0
0
0
-1653
-2197
-379
-2114
-19810
0
0
0
0
0
0
0
0
0
0
0
-1769
-1669
-3456
796
-2487
0
0
0
0
0
0
0
0
0
0
0
-2407
-2766
-2071
-2332
-17194
0
0
0
0
0
0
0
0
0
0
0
-1865
-1841
-2088
786
-3036
0
0
0
0
0
0
0
0
0
0
0
-2669
-3725
-3219
-2659
-15960
0
0
0
0
0
0
0
0
0
0
0
-2083
-564
-1249
473
-2394
0
0
0
0
0
0
0
0
0
0
0
-2098
-2857
-2639
-2236
-17637
0
0
0
0
0
0
0
0
0
0
0
-1932
532
-2019
-140
-1841
0
0
0
0
0
0
0
0
0
0
0
-985
-2259
-1888
-1807
-16208
0
0
0
0
0
0
0
0
0
0
0
-981
-3164
-2760
-3477
-2499
0
0
0
0
0
0
0
0
0
0
0
572
-3241
130
-2354
-16266
0
0
0
0
0
0
0
0
0
0
0
-780
-2640
-3073
-3865
-2402
0
0
0
0
0
0
0
0
0
0
0
-1232
-2247
1144
-2309
-16294
0
0
0
0
0
0
0
0
0
0
0
-752
-2590
-3064
-2288
-2222
0
0
0
0
0
0
0
0
0
0
0
-501
-1401
-941
-2211
-20721
0
0
0
0
0
0
0
0
0
0
0
-731
-2565
-2319
63
-1855
0
0
0
0
0
0
0
0
0
0
0
-1689
-1271
-2154
-1929
-24117
0
0
0
0
0
0
0
0
0
0
0
1149
-2461
-2211
-102
-1689
0
0
0
0
0
0
0
0
0
0
0
-2312
-1667
-1880
-1684
-20014
0
0
0
0
0
0
0
0
0
0
0
1223
-1430
-657
-1918
-1784
0
0
0
0
0
0
0
0
0
0
0
-2196
-1194
-2580
-1520
-22228
0
0
0
0
0
0
0
0
0
0
0
-716
-331
-1416
-1682
-2116
0
0
0
0
0
0
0
0
0
0
0
-3003
-611
-2736
-2057
-17577
0
0
0
0
0
0
0
0
0
0
0
-1009
126
-1880
-1372
-2167
0
0
0
0
0
0
0
0
0
0
0
-1990
-1160
-3194
-2074
-12573
0
0
0
0
0
0
0
0
0
0
0
-376
-1721
-1786
-2965
-1893
0
0
0
0
0
0
0
0
0
0
0
374
-1679
-1451
-1721
-14389
0
0
0
0
0
0
0
0
0
0
0
-84
-1454
-2112
-2019
-1935
0
0
0
0
0
0
0
0
0
0
0
-825
-1025
-2719
-2033
-20111
0
0
0
0
0
0
0
0
0
0
0
-584
-1611
-1864
-1373
-1975
0
0
0
0
0
0
0
0
0
0
0
-886
-682
-3117
-1868
-21102
0
0
0
0
0
0
0
0
0
0
0
-67
-2606
-1173
-236
-1893
0
0
0
0
0
0
0
0
0
0
0
-2109
-1542
-2027
-1652
-20415
0
0
0
0
0
0
0
0
0
0
0
1196
-1900
-2066
-660
-1585
0
0
0
0
0
0
0
0
0
0
0
-1587
-1797
-1763
-1573
-20628
0
0
0
0
0
0
0
0
0
0
0
1082
-1340
-1325
-1971
-1280
0
0
0
0
0
0
0
0
0
0
0
22
-1973
-2278
-1174
-23280
0
0
0
0
0
0
0
0
0
0
0
-130
-1000
-2204
-2230
-2292
0
0
0
0
0
0
0
0
0
0
0
-1965
-1758
-2165
-2208
-14823
0
0
0
0
0
0
0
0
0
0
0
-183
-279
-1281
-2839
-2049
0
0
0
0
0
0
0
0
0
0
0
-1484
-708
-3138
-1851
-13128
0
0
0
0
0
0
0
0
0
0
0
-395
-1152
-709
-1508
-1791
0
0
0
0
0
0
0
0
0
0
0
-131
-2364
-2424
-1663
-17024
0
0
0
0
0
0
0
0
0
0
0
-434
-1598
-973
-1873
-2303
0
0
0
0
0
0
0
0
0
0
0
921
-3642
-4637
-2417
-20608
0
0
0
0
0
0
0
0
0
0
0
-637
-1235
-2454
-1056
-2765
0
0
0
0
0
0
0
0
0
0
0
-720
-3212
-4970
-2763
-14551
0
0
0
0
0
0
0
0
0
0
0
-1027
-1442
-1192
-1297
-2919
0
0
0
0
0
0
0
0
0
0
0
-3039
-2295
-4008
-2845
-11451
0
0
0
0
0
0
0
0
0
0
0
-441
-1313
-899
-1059
-2098
0
0
0
0
0
0
0
0
0
0
0
-2366
-2404
-2799
-2105
-16807
0
0
0
0
0
0
0
0
0
0
0
-518
-2250
-1120
-1351
-1996
0
0
0
0
0
0
0
0
0
0
0
-528
-2522
-3081
-1960
-15767
0
0
0
0
0
0
0
0
0
0
0
-1611
-2329
-2227
-1434
-2517
0
0
0
0
0
0
0
0
0
0
0
-1293
-1307
-2705
-2485
-13268
0
0
0
0
0
0
0
0
0
0
0
-322
-1471
-1224
-1462
-1741
0
0
0
0
0
0
0
0
0
0
0
-768
-1106
-2428
-1628
-17979
0
0
0
0
0
0
0
0
0
0
0
0
0
0
0
0
0
0
0
0
0
0
0
0
0
0
0
0
0
0
0
0
0
0
0
0
0
0
0
0
0
0
0
0
0
0
0
0
0
0
0
0
0
0
0
0
0
0
0
0
0
0
0
0
0
0
0
0
0
0
0
0
0
0
0
0
0
0
0
0
0
0
0
0
0
0
0
0
0
0
0
0
0
0
0
0
0
0
0
0
0
0
0
0
0
0
0
0
0
0
0
0
0
0
0
0
0
0
0
0
0
0
0
0
0
0
0
0
0
0
0
0
0
0
0
0
0
0
0
0
0
0
0
0
0
0
0
0
0
0
0
0
0
0
0
0
0
0
0
0
0
0
0
0
0
0
0
0
0
0
0
0
0
0
0
0
0
0
0
0
0
0
0
0
0
0
0
0
0
0
0
0
0
0
0
0
0
0
0
0
0
0
0
0
0
0
0
0
0
0
0
0
0
0
0
0
0
0
0
0
0
0
0
0
0
0
0
0
0
0
0
0
0
0
0
0
0
0
0
0
0
0
0
0
0
0
0
0
0
0
0
0
0
0
0
0
0
0
0
0
0
0
0
0
0
0
0
0
0
0
0
0
0
0
0
0
0
0
0
0
0
0
0
0
0
0
0
0
0
0
0
0
0
0
0
0
0
0
0
0
0
0
0
0
0
0
0
0
0
0
0
0
0
0
0
0
0
0
0
0
0
0
0
0
0
0
0
0
0
0
0
0
0
0
0
0
0
0
0
0
0
0
0
0
0
0
0
0
0
0
0
0
0
0
0
0
0
0
0
0
0
0
0
0
0
0
0
0
0
0
0
0
0
0
0
0
0
0
0
0
0
0
0
0
0
0
0
0
0
0
0
0
0
0
0
0
0
0
0
0
0
0
0
0
0
0
0
0
0
0
0
0
0
0
0
0
0
0
0
0
0
0
0
0
0
0
0
0
0
0
0
0
0
0
0
0
0
0
0
0
0
0
0
0
0
0
0
0
0
0
0
0
0
0
0
0
0
0
0
0
0
0
0
0
0
0
0
0
0
0
0
0
0
0
0
0
0
0
0
0
0
0
0
0
0
0
0
0
0
0
0
0
0
0
0
0
0
0
0
0
0
0
0
0
0
0
0
0
0
0
0
0
0
0
0
0
0
0
0
0
0
0
0
0
0
0
0
0
0
0
0
0
0
0
0
0
0
0
0
0
0
0
0
0
0
0
0
0
0
0
0
0
0
0
0
0
0
0
0
0
0
0
0
0
0
0
0
0
0
0
0
0
0
0
0
0
0
0
0
0
0
0
0
0
0
0
0
0
0
0
0
0
0
0
0
0
0
0
0
0
0
0
0
0
0
0
0
0
0
0
0
0
0
0
0
0
0
0
0
0
0
0
0
0
0
0
0
0
0
0
0
0
0
0
0
0
0
0
0
0
0
0
0
0
0
0
0
0
0
0
0
0
0
0
0
0
0
0
0
0
0
0
0
0
0
0
0
0
0
0
0
0
0
0
0
0
0
0
0
0
0
0
0
0
0
0
0
0
0
0
0
0
0
0
0
0
0
0
0
0
0
0
0
0
0
0
0
0
0
0
0
0
0
0
0
0
0
0
0
0
0
0
0
0
0
0
0
0
0
0
0
0
0
0
0
0
0
0
0
0
0
0
0
0
0
0
0
0
0
0
0
0
0
0
0
0
0
0
0
0
0
0
0
0
0
0
0
0
0
0
0
0
0
0
0
0
0
0
0
0
0
0
0
0
0
0
0
0
0
0
0
0
0
0
0
0
0
0
0
0
0
0
0
0
0
0
0
0
0
0
0
0
0
0
0
0
0
0
0
0
0
0
0
0
0
0
0
0
0
0
0
0
0
0
0
0
0
0
0
0
0
0
0
0
0
0
0
0
0
0
0
0
0
0
0
0
0
0
0
0
0
0
0
0
0
0
0
0
0
0
0
0
0
0
0
0
0
0
0
0
0
0
0
0
0
0
0
0
0
0
0
0
0
0
0
0
0
0
0
0
0
0
0
0
0
0
0
0
0
0
0
0
0
0
0
0
0
0
0
0
0
0
0
0
0
0
0
0
0
0
0
0
0
0
0
0
0
0
0
0
0
0
0
0
0
0
0
0
0
0
0
0
0
0
0
0
0
0
0
0
0
0
0
0
0
0
0
0
0
0
0
0
0
0
0
0
0
0
0
0
0
0
0
0
0
0
0
0
0
0
0
0
0
0
0
0
0
0
0
0
0
0
0
0
0
0
0
0
0
0
0
0
0
0
0
0
0
0
0
0
0
0
0
0
0
0
0
0
0
0
0
0
0
0
0
0
0
0
0
0
0
0
0
0
0
0
0
0
0
0
0
0
0
0
0
0
0
0
0
0
0
0
0
0
0
0
0
0
0
0
0
0
0
0
0
0
0
0
0
0
0
0
0
0
0
0
0
0
0
0
0
0
0
0
0
0
0
0
0
0
0
0
0
0
0
0
0
0
0
0
0
0
0
0
0
0
0
0
0
0
0
0
0
0
0
0
0
0
0
0
0
0
0
0
0
0
0
0
0
0
0
0
0
0
0
0
0
0
0
0
0
0
0
0
0
0
0
0
0
0
0
0
0
0
0
0
0
0
0
0
0
0
0
0
0
0
0
0
0
0
0
0
0
0
0
0
0
0
0
0
0
0
0
0
0
0
0
0
0
0
0
0
0
0
0
0
0
0
0
0
0
0
0
0
0
0
0
0
0
0
0
0
0
0
0
0
0
0
0
0
0
0
0
0
0
0
0
0
0
0
0
0
0
0
0
0
0
0
0
0
0
0
0
0
0
0
0
0
0
0
0
0
0
0
0
0
0
0
0
0
0
0
0
0
0
0
0
0
0
0
0
0
0
0
0
0
0
0
0
0
0
0
0
0
0
0
0
0
0
0
0
0
0
0
0
0
0
0
0
0
0
0
0
0
0
0
0
0
0
0
0
0
0
0
0
0
0
0
0
0
0
0
0
0
0
0
0
0
0
0
0
0
0
0
0
0
0
0
0
0
0
0
0
0
0
0
0
0
0
0
0
0
0
0
0
0
0
0
0
0
0
0
0
0
0
0
0
0
0
0
0
0
0
0
0
0
0
0
0
0
0
0
0
0
0
0
0
0
0
0
0
0
0
0
0
0
0
0
0
0
0
0
0
0
0
0
0
0
0
0
0
0
0
0
0
0
0
0
0
0
0
0
0
0
0
0
0
0
0
0
0
0
0
0
0
0
0
0
0
0
0
0
0
0
0
0
0
0
0
0
0
0
0
0
0
0
0
0
0
0
0
0
0
0
0
0
0
0
0
0
0
0
0
0
0
0
0
0
0
0
0
0
0
0
0
0
0
0
0
0
0
0
0
0
0
0
0
0
0
0
0
0
0
0
0
0
0
0
0
0
0
0
0
0
0
0
0
0
0
0
0
0
0
0
0
0
0
0
0
0
0
0
0
0
0
0
0
0
0
0
0
0
0
0
0
0
0
0
0
0
0
0
0
0
0
0
0
0
0
0
0
0
0
0
0
0
0
0
0
0
0
0
0
0
0
0
0
0
0
0
0
0
0
0
0
0
0
0
0
0
0
0
0
0
0
0
0
0
0
0
0
0
0
0
0
0
0
0
0
0
0
0
0
0
0
0
0
0
0
0
0
0
0
0
0
0
0
0
0
0
0
0
0
0
0
0
0
0
0
0
0
0
0
0
0
0
0
0
0
0
0
0
0
0
0
0
0
0
0
0
0
0
0
0
0
0
0
0
0
0
0
0
0
0
0
0
0
0
0
0
0
0
0
0
0
0
0
0
0
0
0
0
0
0
0
0
0
0
0
0
0
0
0
0
0
0
0
0
0
0
0
0
0
0
0
0
0
0
0
0
0
0
0
0
0
0
0
0
0
0
0
0
0
0
0
0
0
0
0
0
0
0
0
0
0
0
0
0
0
0
0
0
0
0
0
0
0
0
0
0
0
0
0
0
0
0
0
0
0
0
0
0
0
0
0
0
0
0
0
0
0
0
0
0
0
0
0
0
0
0
0
0
0
0
0
0
0
0
0
0
0
0
0
0
0
0
0
0
0
0
0
0
0
0
0
0
0
0
0
0
0
0
0
0
0
0
0
0
0
0
0
0
0
0
0
0
0
0
0
0
0
0
0
0
0
0
0
0
0
0
0
0
0
0
0
0
0
0
0
0
0
0
0
0
0
0
0
0
0
0
0
0
0
0
0
0
0
0
0
0
0
0
0
0
0
0
0
0
0
0
0
0
0
0
0
0
0
0
0
0
0
0
0
0
0
0
0
0
0
0
0
0
0
0
0
0
0
0
0
0
0
0
0
0
0
0
0
0
0
0
0
0
0
0
0
0
0
0
0
0
0
0
0
0
0
0
0
0
0
0
0
0
0
0
0
0
0
0
0
0
0
0
0
0
0
0
0
0
0
0
0
0
0
0
0
0
0
0
0
0
0
0
0
0
0
0
0
0
0
0
0
0
0
0
0
0
0
0
0
0
0
0
0
0
0
0
0
0
0
0
0
0
0
0
0
0
0
0
0
0
0
0
0
0
0
0
0
0
0
0
0
0
0
0
0
0
0
0
0
0
0
0
0
0
0
0
0
0
0
0
0
0
0
0
0
0
0
0
0
0
0
0
0
0
0
0
0
0
0
0
0
0
0
0
0
0
0
0
0
0
0
0
0
0
0
0
0
0
0
0
0
0
0
0
0
0
0
0
0
0
0
0
0
0
0
0
0
0
0
0
0
0
0
0
0
0
0
0
0
0
0
0
0
0
0
0
0
0
0
0
0
0
0
0
0
0
0
0
0
0
0
0
0
0
0
0
0
0
0
0
0
0
0
0
0
0
0
0
0
0
0
0
0
0
0
0
0
0
0
0
0
0
0
0
0
0
0
0
0
0
0
0
0
0
0
0
0
0
0
0
0
0
0
0
0
0
0
0
0
0
0
0
0
0
0
0
0
0
0
0
0
0
0
0
0
0
0
0
0
0
0
0
0
0
0
0
0
0
0
0
0
0
0
0
0
0
0
0
0
0
0
0
0
0
0
0
0
0
0
0
0
0
0
0
0
0
0
0
0
0
0
0
0
0
0
0
0
0
0
0
0
0
0
0
0
0
0
0
0
0
0
0
0
0
0
0
0
0
0
0
0
0
0
0
0
0
0
0
0
0
0
0
0
0
0
0
0
0
0
0
0
0
0
0
0
0
0
0
0
0
0
0
0
0
0
0
0
0
0
0
0
0
0
0
0
0
0
0
0
0
0
0
0
0
0
0
0
0
0
0
0
0
0
0
0
0
0
0
0
0
0
0
0
0
0
0
0
0
0
0
0
0
0
0
0
0
0
0
0
0
0
0
0
0
0
0
0
0
0
0
0
0
0
0
0
0
0
0
0
0
0
0
0
0
0
0
0
0
0
0
0
0
0
0
0
0
0
0
0
0
0
0
0
0
0
0
0
0
0
0
0
0
0
0
0
0
0
0
0
0
0
0
0
0
0
0
0
0
0
0
0
0
0
0
0
0
0
0
0
0
0
0
0
0
0
0
0
0
0
0
0
0
0
0
0
0
0
0
0
0
0
0
0
0
0
0
0
0
0
0
0
0
0
0
0
0
0
0
0
0
0
0
0
0
0
0
0
0
0
0
0
0
0
0
0
0
0
0
0
0
0
0
0
0
0
0
0
0
0
0
0
0
0
0
0
0
0
0
0
0
0
0
0
0
0
0
0
0
0
0
0
0
0
0
0
0
0
0
0
0
0
0
0
0
0
0
0
0
0
0
0
0
0
0
0
0
0
0
0
0
0
0
0
0
0
0
0
0
0
0
0
0
0
0
0
0
0
0
0
0
0
0
0
0
0
0
0
0
0
0
0
0
0
0
0
0
0
0
0
0
0
0
0
0
0
0
0
0
0
0
0
0
0
0
0
0
0
0
0
0
0
0
0
0
0
0
0
0
0
0
0
0
0
0
0
0
0
0
0
0
0
0
0
0
0
0
0
0
0
0
0
0
0
0
0
0
0
0
0
0
0
0
0
0
0
0
0
0
0
0
0
0
0
0
0
0
0
0
0
0
0
0
0
0
0
0
0
0
0
0
0
0
0
0
0
0
0
0
0
0
0
0
0
0
0
0
0
0
0
0
0
0
0
0
0
0
0
0
0
0
0
0
0
0
0
0
0
0
0
0
0
0
0
0
0
0
0
0
0
0
0
0
0
0
0
0
0
0
0
0
0
0
0
0
0
0
0
0
0
0
0
0
0
0
0
0
0
0
0
0
0
0
0
0
0
0
0
0
0
0
0
0
0
0
0
0
0
0
0
0
0
0
0
0
0
0
0
0
0
0
0
0
0
0
0
0
0
0
0
0
0
0
0
0
0
0
0
0
0
0
0
0
0
0
0
0
0
0
0
0
0
0
0
0
0
0
0
0
0
0
0
0
0
0
0
0
0
0
0
0
0
0
0
0
0
0
0
0
0
0
0
0
0
0
0
0
0
0
0
0
0
0
0
0
0
0
0
0
0
0
0
0
0
0
0
0
0
0
0
0
0
0
0
0
0
0
0
0
0
0
0
0
0
0
0
0
0
0
0
0
0
0
0
0
0
0
0
0
0
0
0
0
0
0
0
0
0
0
0
0
0
0
0
0
0
0
0
0
0
0
0
0
0
0
0
0
0
0
0
0
0
0
0
0
0
0
0
0
0
0
0
0
0
0
0
0
0
0
0
0
0
0
0
0
0
0
0
0
0
0
0
0
0
0
0
0
0
0
0
0
0
0
0
0
0
0
0
0
0
0
0
0
0
0
0
0
0
0
0
0
0
0
0
0
0
0
0
0
0
0
0
0
0
0
0
0
0
0
0
0
0
0
0
0
0
0
0
0
0
0
0
0
0
0
0
0
0
0
0
0
0
0
0
0
0
0
0
0
0
0
0
0
0
0
0
0
0
0
0
0
0
0
0
0
0
0
0
0
0
0
0
0
0
0
0
0
0
0
0
0
0
0
0
0
0
0
0
0
0
0
0
0
0
0
0
0
0
0
0
0
0
0
0
0
0
0
0
0
0
0
0
0
0
0
0
0
0
0
0
0
0
0
0
0
0
0
0
0
0
0
0
0
0
0
0
0
0
0
0
0
0
0
0
0
0
0
0
0
0
0
0
0
0
0
0
0
0
0
0
0
0
0
0
0
0
0
0
0
0
0
0
0
0
0
0
0
0
0
0
0
0
0
0
0
0
0
0
0
0
0
0
0
0
0
0
0
0
0
0
0
0
0
0
0
0
0
0
0
0
0
0
0
0
0
0
0
0
0
0
0
0
0
0
0
0
0
0
0
0
0
0
0
0
0
0
0
0
0
0
0
0
0
0
0
0
0
0
0
0
0
0
0
0
0
0
0
0
0
0
0
0
0
0
0
0
0
0
0
0
0
0
0
0
0
0
0
0
0
0
0
0
0
0
0
0
0
0
0
0
0
0
0
0
0
0
0
0
0
0
0
0
0
0
0
0
0
0
0
0
0
0
0
0
0
0
0
0
0
0
0
0
0
0
0
0
0
0
0
0
0
0
0
0
0
0
0
0
0
0
0
0
0
0
0
0
0
0
0
0
0
0
0
0
0
0
0
0
0
0
0
0
0
0
0
0
0
0
0
0
0
0
0
0
0
0
0
0
0
0
0
0
0
0
0
0
0
0
0
0
0
0
0
0
0
0
0
0
0
0
0
0
0
0
0
0
0
0
0
0
0
0
0
0
0
0
0
0
0
0
0
0
0
0
0
0
0
0
0
0
0
0
0
0
0
0
0
0
0
0
0
0
0
0
0
0
0
0
0
0
0
0
0
0
0
0
0
0
0
0
0
0
0
0
0
0
0
0
0
0
0
0
0
0
0
0
0
0
0
0
0
0
0
0
0
0
0
0
0
0
0
0
0
0
0
0
0
0
0
0
0
0
0
0
0
0
0
0
0
0
0
0
0
0
0
0
0
0
0
0
0
0
0
0
0
0
0
0
0
0
0
0
0
0
0
0
0
0
0
0
0
0
0
0
0
0
0
0
0
0
0
0
0
0
0
0
0
0
0
0
0
0
0
0
0
0
0
0
0
0
0
0
0
0
0
0
0
0
0
0
0
0
0
0
0
0
0
0
0
0
0
0
0
0
0
0
0
0
0
0
0
0
0
0
0
0
0
0
0
0
0
0
0
0
0
0
0
0
0
0
0
0
0
0
0
0
0
0
0
0
0
0
0
0
0
0
0
0
0
0
0
0
0
0
0
0
0
0
0
0
0
0
0
0
0
0
0
0
0
0
0
0
0
0
0
0
0
0
0
0
0
0
0
0
0
0
0
0
0
0
0
0
0
0
0
0
0
0
0
0
0
0
0
0
0
0
0
0
0
0
0
0
0
0
0
0
0
0
0
0
0
0
0
0
0
0
0
0
0
0
0
0
0
0
0
0
0
0
0
0
0
0
0
0
0
0
0
0
0
0
0
0
0
0
0
0
0
0
0
0
0
0
0
0
0
0
0
0
0
0
0
0
0
0
0
0
0
0
0
0
0
0
0
0
0
0
0
0
0
0
0
0
0
0
0
0
0
0
0
0
0
0
0
0
0
0
0
0
0
0
0
0
0
0
0
0
0
0
0
0
0
0
0
0
0
0
0
0
0
0
0
0
0
0
0
0
0
0
0
0
0
0
0
0
0
0
0
0
0
0
0
0
0
0
0
0
0
0
0
0
0
0
0
0
0
0
0
0
0
0
0
0
0
0
0
0
0
0
0
0
0
0
0
0
0
0
0
0
0
0
0
0
0
0
0
0
0
0
0
0
0
0
0
0
0
0
0
0
0
0
0
0
0
0
0
0
0
0
0
0
0
0
0
0
0
0
0
0
0
0
0
0
0
0
0
0
0
0
0
0
0
0
0
0
0
0
0
0
0
0
0
0
0
0
0
0
0
0
0
0
0
0
0
0
0
0
0
0
0
0
0
0
0
0
0
0
0
0
0
0
0
0
0
0
0
0
0
0
0
0
0
0
0
0
0
0
0
0
0
0
0
0
0
0
0
0
0
0
0
0
0
0
0
0
0
0
0
0
0
0
0
0
0
0
0
0
0
0
0
0
0
0
0
0
0
0
0
0
0
0
0
0
0
0
0
0
0
0
0
0
0
0
0
0
0
0
0
0
0
0
0
0
0
0
0
0
0
0
0
0
0
0
0
0
0
0
0
0
0
0
0
0
0
0
0
0
0
0
0
0
0
0
0
0
0
0
0
0
0
0
0
0
0
0
0
0
0
0
0
0
0
0
0
0
0
0
0
0
0
0
0
0
0
0
0
0
0
0
0
0
0
0
0
0
0
0
0
0
0
0
0
0
0
0
0
0
0
0
0
0
0
0
0
0
0
0
0
0
0
0
0
0
0
0
0
0
0
0
0
0
0
0
0
0
0
0
0
0
0
0
0
0
0
0
0
0
0
0
0
0
0
0
0
0
0
0
0
0
0
0
0
0
0
0
0
0
0
0
0
0
0
0
0
0
0
0
0
0
0
0
0
0
0
0
0
0
0
0
0
0
0
0
0
0
0
0
0
0
0
0
0
0
0
0
0
0
0
0
0
0
0
0
0
0
0
0
0
0
0
0
0
0
0
0
0
0
0
0
0
0
0
0
0
0
0
0
0
0
0
0
0
0
0
0
0
0
0
0
0
0
0
0
0
0
0
0
0
0
0
0
0
0
0
0
0
0
0
0
0
0
0
0
0
0
0
0
0
0
0
0
0
0
0
0
0
0
0
0
0
0
0
0
0
0
0
0
0
0
0
0
0
0
0
0
0
0
0
0
0
0
0
0
0
0
0
0
0
0
0
0
0
0
0
0
0
0
0
0
0
0
0
0
0
0
0
0
0
0
0
0
0
0
0
0
0
0
0
0
0
0
0
0
0
0
0
0
0
0
0
0
0
0
0
0
0
0
0
0
0
0
0
0
0
0
0
0
0
0
0
0
0
0
0
0
0
0
0
0
0
0
0
0
0
0
0
0
0
0
0
0
0
0
0
0
0
0
0
0
0
0
0
0
0
0
0
0
0
0
0
0
0
0
0
0
0
0
0
0
0
0
0
0
0
0
0
0
0
0
0
0
0
0
0
0
0
0
0
0
0
0
0
0
0
0
0
0
0
0
0
0
0
0
0
0
0
0
0
0
0
0
0
0
0
0
0
0
0
0
0
0
0
0
0
0
0
0
0
0
0
0
0
0
0
0
0
0
0
0
0
0
0
0
0
0
0
0
0
0
0
0
0
0
0
0
0
0
0
0
0
0
0
0
0
0
0
0
0
0
0
0
0
0
0
0
0
0
0
0
0
0
0
0
0
0
0
0
0
0
0
0
0
0
0
0
0
0
0
0
0
0
0
0
0
0
0
0
0
0
0
0
0
0
0
0
0
0
0
0
0
0
0
0
0
0
0
0
0
0
0
0
0
0
0
0
0
0
0
0
0
0
0
0
0
0
0
0
0
0
0
0
0
0
0
0
0
0
0
0
0
0
0
0
0
0
0
0
0
0
0
0
0
0
0
0
0
0
0
0
0
0
0
0
0
0
0
0
0
0
0
0
0
0
0
0
0
0
0
0
0
0
0
0
0
0
0
0
0
0
0
0
0
0
0
0
0
0
0
0
0
0
0
0
0
0
0
0
0
0
0
0
0
0
0
0
0
0
0
0
0
0
0
0
0
0
0
0
0
0
0
0
0
0
0
0
0
0
0
0
0
0
0
0
0
0
0
0
0
0
0
0
0
0
0
0
0
0
0
0
0
0
0
0
0
0
0
0
0
0
0
0
0
0
0
0
0
0
0
0
0
0
0
0
0
0
0
0
0
0
0
0
0
0
0
0
0
0
0
0
0
0
0
0
0
0
0
0
0
0
0
0
0
0
0
0
0
0
0
0
0
0
0
0
0
0
0
0
0
0
0
0
0
0
0
0
0
0
0
0
0
0
0
0
0
0
0
0
0
0
0
0
0
0
0
0
0
0
0
0
0
0
0
0
0
0
0
0
0
0
0
0
0
0
0
0
0
0
0
0
0
0
0
0
0
0
0
0
0
0
0
0
0
0
0
0
0
0
0
0
0
0
0
0
0
0
0
0
0
0
0
0
0
0
0
0
0
0
0
0
0
0
0
0
0
0
0
0
0
0
0
0
0
0
0
0
0
0
0
0
0
0
0
0
0
0
0
0
0
0
0
0
0
0
0
0
0
0
0
0
0
0
0
0
0
0
0
0
0
0
0
0
0
0
0
0
0
0
0
0
0
0
0
0
0
0
0
0
0
0
0
0
0
0
0
0
0
0
0
0
0
0
0
0
0
0
0
0
0
0
0
0
0
0
0
0
0
0
0
0
0
0
0
0
0
0
0
0
0
0
0
0
0
0
0
0
0
0
0
0
0
0
0
0
0
0
0
0
0
0
0
0
0
0
0
0
0
0
0
0
0
0
0
0
0
0
0
0
0
0
0
0
0
0
0
0
0
0
0
0
0
0
0
0
0
0
0
0
0
0
0
0
0
0
0
0
0
0
0
0
0
0
0
0
0
0
0
0
0
0
0
0
0
0
0
0
0
0
0
0
0
0
0
0
0
0
0
0
0
0
0
0
0
0
0
0
0
0
0
0
0
0
0
0
0
0
0
0
0
0
0
0
0
0
0
0
0
0
0
0
0
0
0
0
0
0
0
0
0
0
0
0
0
0
0
0
0
0
0
0
0
0
0
0
0
0
0
0
0
0
0
0
0
0
0
0
0
0
0
0
0
0
0
0
0
0
0
0
0
0
0
0
0
0
0
0
0
0
0
0
0
0
0
0
0
0
0
0
0
0
0
0
0
0
0
0
0
0
0
0
0
0
0
0
0
0
0
0
0
0
0
0
0
0
0
0
0
0
0
0
0
0
0
0
0
0
0
0
0
0
0
0
0
0
0
0
0
0
0
0
0
0
0
0
0
0
0
0
0
0
0
0
0
0
0
0
0
0
0
0
0
0
0
0
0
0
0
0
0
0
0
0
0
0
0
0
0
0
0
0
0
0
0
0
0
0
0
0
0
0
0
0
0
0
0
0
0
0
0
0
0
0
0
0
0
0
0
0
0
0
0
0
0
0
0
0
0
0
0
0
0
0
0
0
0
0
0
0
0
0
0
0
0
0
0
0
0
0
0
0
0
0
0
0
0
0
0
0
0
0
0
0
0
0
0
0
0
0
0
0
0
0
0
0
0
0
0
0
0
0
0
0
0
0
0
0
0
0
0
0
0
0
0
0
0
0
0
0
0
0
0
0
0
0
0
0
0
0
0
0
0
0
0
0
0
0
0
0
0
0
0
0
0
0
0
0
0
0
0
0
0
0
0
0
0
0
0
0
0
0
0
0
0
0
0
0
0
0
0
0
0
0
0
0
0
0
0
0
0
0
0
0
0
0
0
0
0
0
0
0
0
0
0
0
0
0
0
0
0
0
0
0
0
0
0
0
0
0
0
0
0
0
0
0
0
0
0
0
0
0
0
0
0
0
0
0
0
0
0
0
0
0
0
0
0
0
0
0
0
0
0
0
0
0
0
0
0
0
0
0
0
0
0
0
0
0
0
0
0
0
0
0
0
0
0
0
0
0
0
0
0
0
0
0
0
0
0
0
0
0
0
0
0
0
0
0
0
0
0
0
0
0
0
0
0
0
0
0
0
0
0
0
0
0
0
0
0
0
0
0
0
0
0
0
0
0
0
0
0
0
0
0
0
0
0
0
0
0
0
0
0
0
0
0
0
0
0
0
0
0
0
0
0
0
0
0
0
0
0
0
0
0
0
0
0
0
0
0
0
0
0
0
0
0
0
0
0
0
0
0
0
0
0
0
0
0
0
0
0
0
0
0
0
0
0
0
0
0
0
0
0
0
0
0
0
0
0
0
0
0
0
0
0
0
0
0
0
0
0
0
0
0
0
0
0
0
0
0
0
0
0
0
0
0
0
0
0
0
0
0
0
0
0
0
0
0
0
0
0
0
0
0
0
0
0
0
0
0
0
0
0
0
0
0
0
0
0
0
0
0
0
0
0
0
0
0
0
0
0
0
0
0
0
0
0
0
0
0
0
0
0
0
0
0
0
0
0
0
0
0
0
0
0
0
0
0
0
0
0
0
0
0
0
0
0
0
0
0
0
0
0
0
0
0
0
0
0
0
0
0
0
0
0
0
0
0
0
0
0
0
0
0
0
0
0
0
0
0
0
0
0
0
0
0
0
0
0
0
0
0
0
0
0
0
0
0
0
0
0
0
0
0
0
0
0
0
0
0
0
0
0
0
0
0
0
0
0
0
0
0
0
0
0
0
0
0
0
0
0
0
0
0
0
0
0
0
0
0
0
0
0
0
0
0
0
0
0
0
0
0
0
0
0
0
0
0
0
0
0
0
0
0
0
0
0
0
0
0
0
0
0
0
0
0
0
0
0
0
0
0
0
0
0
0
0
0
0
0
0
0
0
0
0
0
0
0
0
0
0
0
0
0
0
0
0
0
0
0
0
0
0
0
0
0
0
0
0
0
0
0
0
0
0
0
0
0
0
0
0
0
0
0
0
0
0
0
0
0
0
0
0
0
0
0
0
0
0
0
0
0
0
0
0
0
0
0
0
0
0
0
0
0
0
0
0
0
0
0
0
0
0
0
0
0
0
0
0
0
0
0
0
0
0
0
0
0
0
0
0
0
0
0
0
0
0
0
0
0
0
0
0
0
0
0
0
0
0
0
0
0
0
0
0
0
0
0
0
0
0
0
0
0
0
0
0
0
0
0
0
0
0
0
0
0
0
0
0
0
0
0
0
0
0
0
0
0
0
0
0
0
0
0
0
0
0
0
0
0
0
0
0
0
0
0
0
0
0
0
0
0
0
0
0
0
0
0
0
0
0
0
0
0
0
0
0
0
0
0
0
0
0
0
0
0
0
0
0
0
0
0
0
0
0
0
0
0
0
0
0
0
0
0
0
0
0
0
0
0
0
0
0
0
0
0
0
0
0
0
0
0
0
0
0
0
0
0
0
0
0
0
0
0
0
0
0
0
0
0
0
0
0
0
0
0
0
0
0
0
0
0
0
0
0
0
0
0
0
0
0
0
0
0
0
0
0
0
0
0
0
0
0
0
0
0
0
0
0
0
0
0
0
0
0
0
0
0
0
0
0
0
0
0
0
0
0
0
0
0
0
0
0
0
0
0
0
0
0
0
0
0
0
0
0
0
0
0
0
0
0
0
0
0
0
0
0
0
0
0
0
0
0
0
0
0
0
0
0
0
0
0
0
0
0
0
0
0
0
0
0
0
0
0
0
0
0
0
0
0
0
0
0
0
0
0
0
0
0
0
0
0
0
0
0
0
0
0
0
0
0
0
0
0
0
0
0
0
0
0
0
0
0
0
0
0
0
0
0
0
0
0
0
0
0
0
0
0
0
0
0
0
0
0
0
0
0
0
0
0
0
0
0
0
0
0
0
0
0
0
0
0
0
0
0
0
0
0
0
0
0
0
0
0
0
0
0
0
0
0
0
0
0
0
0
0
0
0
0
0
0
0
0
0
0
0
0
0
0
0
0
0
0
0
0
0
0
0
0
0
0
0
0
0
0
0
0
0
0
0
0
0
0
0
0
0
0
0
0
0
0
0
0
0
0
0
0
0
0
0
0
0
0
0
0
0
0
0
0
0
0
0
0
0
0
0
0
0
0
0
0
0
0
0
0
0
0
0
0
0
0
0
0
0
0
0
0
0
0
0
0
0
0
0
0
0
0
0
0
0
0
0
0
0
0
0
0
0
0
0
0
0
0
0
0
0
0
0
0
0
0
0
0
0
0
0
0
0
0
0
0
0
0
0
0
0
0
0
0
0
0
0
0
0
0
0
0
0
0
0
0
0
0
0
0
0
0
0
0
0
0
0
0
0
0
0
0
0
0
0
0
0
0
0
0
0
0
0
0
0
0
0
0
0
0
0
0
0
0
0
0
0
0
0
0
0
0
0
0
0
0
0
0
0
0
0
0
0
0
0
0
0
0
0
0
0
0
0
0
0
0
0
0
0
0
0
0
0
0
0
0
0
0
0
0
0
0
0
0
0
0
0
0
0
0
0
0
0
0
0
0
0
0
0
0
0
0
0
0
0
0
0
0
0
0
0
0
0
0
0
0
0
0
0
0
0
0
0
0
0
0
0
0
0
0
0
0
0
0
0
0
0
0
0
0
0
0
0
0
0
0
0
0
0
0
0
0
0
0
0
0
0
0
0
0
0
0
0
0
0
0
0
0
0
0
0
0
0
0
0
0
0
0
0
0
0
0
0
0
0
0
0
0
0
0
0
0
0
0
0
0
0
0
0
0
0
0
0
0
0
0
0
0
0
0
0
0
0
0
0
0
0
0
0
0
0
0
0
0
0
0
0
0
0
0
0
0
0
0
0
0
0
0
0
0
0
0
0
0
0
0
0
0
0
0
0
0
0
0
0
0
0
0
0
0
0
0
0
0
0
0
0
0
0
0
0
0
0
0
0
0
0
0
0
0
0
0
0
0
0
0
0
0
0
0
0
0
0
0
0
0
0
0
0
0
0
0
0
0
0
0
0
0
0
0
0
0
0
0
0
0
0
0
0
0
0
0
0
0
0
0
0
0
0
0
0
0
0
0
0
0
0
0
0
0
0
0
0
0
0
0
0
0
0
0
0
0
0
0
0
0
0
0
0
0
0
0
0
0
0
0
0
0
0
0
0
0
0
0
0
0
0
0
0
0
0
0
0
0
0
0
0
0
0
0
0
0
0
0
0
0
0
0
0
0
0
0
0
0
0
0
0
0
0
0
0
0
0
0
0
0
0
0
0
0
0
0
0
0
0
0
0
0
0
0
0
0
0
0
0
0
0
0
0
0
0
0
0
0
0
0
0
0
0
0
0
0
0
0
0
0
0
0
0
0
0
0
0
0
0
0
0
0
0
0
0
0
0
0
0
0
0
0
0
0
0
0
0
0
0
0
0
0
0
0
0
0
0
0
0
0
0
0
0
0
0
0
0
0
0
0
0
0
0
0
0
0
0
0
0
0
0
0
0
0
0
0
0
0
0
0
0
0
0
0
0
0
0
0
0
0
0
0
0
0
0
0
0
0
0
0
0
0
0
0
0
0
0
0
0
0
0
0
0
0
0
0
0
0
0
0
0
0
0
0
0
0
0
0
0
0
0
0
0
0
0
0
0
0
0
0
0
0
0
0
0
0
0
0
0
0
0
0
0
0
0
0
0
0
0
0
0
0
0
0
0
0
0
0
0
0
0
0
0
0
0
0
0
0
0
0
0
0
0
0
0
0
0
0
0
0
0
0
0
0
0
0
0
0
0
0
0
0
0
0
0
0
0
0
0
0
0
0
0
0
0
0
0
0
0
0
0
0
0
0
0
0
0
0
0
0
0
0
0
0
0
0
0
0
0
0
0
0
0
0
0
0
0
0
0
0
0
0
0
0
0
0
0
0
0
0
0
0
0
0
0
0
0
0
0
0
0
0
0
0
0
0
0
0
0
0
0
0
0
0
0
0
0
0
0
0
0
0
0
0
0
0
0
0
0
0
0
0
0
0
0
0
0
0
0
0
0
0
0
0
0
0
0
0
0
0
0
0
0
0
0
0
0
0
0
0
0
0
0
0
0
0
0
0
0
0
0
0
0
0
0
0
0
0
0
0
0
0
0
0
0
0
0
0
0
0
0
0
0
0
0
0
0
0
0
0
0
0
0
0
0
0
0
0
0
0
0
0
0
0
0
0
0
0
0
0
0
0
0
0
0
0
0
0
0
0
0
0
0
0
0
0
0
0
0
0
0
0
0
0
0
0
0
0
0
0
0
0
0
0
0
0
0
0
0
0
0
0
0
0
0
0
0
0
0
0
0
0
0
0
0
0
0
0
0
0
0
0
0
0
0
0
0
0
0
0
0
0
0
0
0
0
0
0
0
0
0
0
0
0
0
0
0
0
0
0
0
0
0
0
0
0
0
0
0
0
0
0
0
0
0
0
0
0
0
0
0
0
0
0
0
0
0
0
0
0
0
0
0
0
0
0
0
0
0
0
0
0
0
0
0
0
0
0
0
0
0
0
0
0
0
0
0
0
0
0
0
0
0
0
0
0
0
0
0
0
0
0
0
0
0
0
0
0
0
0
0
0
0
0
0
0
0
0
0
0
0
0
0
0
0
0
0
0
0
0
0
0
0
0
0
0
0
0
0
0
0
0
0
0
0
0
0
0
0
0
0
0
0
0
0
0
0
0
0
0
0
0
0
0
0
0
0
0
0
0
0
0
0
0
0
0
0
0
0
0
0
0
0
0
0
0
0
0
0
0
0
0
0
0
0
0
0
0
0
0
0
0
0
0
0
0
0
0
0
0
0
0
0
0
0
0
0
0
0
0
0
0
0
0
0
0
0
0
0
0
0
0
0
0
0
0
0
0
0
0
0
0
0
0
0
0
0
0
0
0
0
0
0
0
0
0
0
0
0
0
0
0
0
0
0
0
0
0
0
0
0
0
0
0
0
0
0
0
0
0
0
0
0
0
0
0
0
0
0
0
0
0
0
0
0
0
0
0
0
0
0
0
0
0
0
0
0
0
0
0
0
0
0
0
0
0
0
0
0
0
0
0
0
0
0
0
0
0
0
0
0
0
0
0
0
0
0
0
0
0
0
0
0
0
0
0
0
0
0
0
0
0
0
0
0
0
0
0
0
0
0
0
0
0
0
0
0
0
0
0
0
0
0
0
0
0
0
0
0
0
0
0
0
0
0
0
0
0
0
0
0
0
0
0
0
0
0
0
0
0
0
0
0
0
0
0
0
0
0
0
0
0
0
0
0
0
0
0
0
0
0
0
0
0
0
0
0
0
0
0
0
0
0
0
0
0
0
0
0
0
0
0
0
0
0
0
0
0
0
0
0
0
0
0
0
0
0
0
0
0
0
0
0
0
0
0
0
0
0
0
0
0
0
0
0
0
0
0
0
0
0
0
0
0
0
0
0
0
0
0
0
0
0
0
0
0
0
0
0
0
0
0
0
0
0
0
0
0
0
0
0
0
0
0
0
0
0
0
0
0
0
0
0
0
0
0
0
0
0
0
0
0
0
0
0
0
0
0
0
0
0
0
0
0
0
0
0
0
0
0
0
0
0
0
0
0
0
0
0
0
0
0
0
0
0
0
0
0
0
0
0
0
0
0
0
0
0
0
0
0
0
0
0
0
0
0
0
0
0
0
0
0
0
0
0
0
0
0
0
0
0
0
0
0
0
0
0
0
0
0
0
0
0
0
0
0
0
0
0
0
0
0
0
0
0
0
0
0
0
0
0
0
0
0
0
0
0
0
0
0
0
0
0
0
0
0
0
0
0
0
0
0
0
0
0
0
0
0
0
0
0
0
0
0
0
0
0
0
0
0
0
0
0
0
0
0
0
0
0
0
0
0
0
0
0
0
0
0
0
0
0
0
0
0
0
0
0
0
0
0
0
0
0
0
0
0
0
0
0
0
0
0
0
0
0
0
0
0
0
0
0
0
0
0
0
0
0
0
0
0
0
0
0
0
0
0
0
0
0
0
0
0
0
0
0
0
0
0
0
0
0
0
0
0
0
0
0
0
0
0
0
0
0
0
0
0
0
0
0
0
0
0
0
0
0
0
0
0
0
0
0
0
0
0
0
0
0
0
0
0
0
0
0
0
0
0
0
0
0
0
0
0
0
0
0
0
0
0
0
0
0
0
0
0
0
0
0
0
0
0
0
0
0
0
0
0
0
0
0
0
0
0
0
0
0
0
0
0
0
0
0
0
0
0
0
0
0
0
0
0
0
0
0
0
0
0
0
0
0
0
0
0
0
0
0
0
0
0
0
0
0
0
0
0
0
0
0
0
0
0
0
0
0
0
0
0
0
0
0
0
0
0
0
0
0
0
0
0
0
0
0
0
0
0
0
0
0
0
0
0
0
0
0
0
0
0
0
0
0
0
0
0
0
0
0
0
0
0
0
0
0
0
0
0
0
0
0
0
0
0
0
0
0
0
0
0
0
0
0
0
0
0
0
0
0
0
0
0
0
0
0
0
0
0
0
0
0
0
0
0
0
0
0
0
0
0
0
0
0
0
0
0
0
0
0
0
0
0
0
0
0
0
0
0
0
0
0
0
0
0
0
0
0
0
0
0
0
0
0
0
0
0
0
0
0
0
0
0
0
0
0
0
0
0
0
0
0
0
0
0
0
0
0
0
0
0
0
0
0
0
0
0
0
0
0
0
0
0
0
0
0
0
0
0
0
0
0
0
0
0
0
0
0
0
0
0
0
0
0
0
0
0
0
0
0
0
0
0
0
0
0
0
0
0
0
0
0
0
0
0
0
0
0
0
0
0
0
0
0
0
0
0
0
0
0
0
0
0
0
0
0
0
0
0
0
0
0
0
0
0
0
0
0
0
0
0
0
0
0
0
0
0
0
0
0
0
0
0
0
0
0
0
0
0
0
0
0
0
0
0
0
0
0
0
0
0
0
0
0
0
0
0
0
0
0
0
0
0
0
0
0
0
0
0
0
0
0
0
0
0
0
0
0
0
0
0
0
0
0
0
0
0
0
0
0
0
0
0
0
0
0
0
0
0
0
0
0
0
0
0
0
0
0
0
0
0
0
0
0
0
0
0
0
0
0
0
0
0
0
0
0
0
0
0
0
0
0
0
0
0
0
0
0
0
0
0
0
0
0
0
0
0
0
0
0
0
0
0
0
0
0
0
0
0
0
0
0
0
0
0
0
0
0
0
0
0
0
0
0
0
0
0
0
0
0
0
0
0
0
0
0
0
0
0
0
0
0
0
0
0
0
0
0
0
0
0
0
0
0
0
0
0
0
0
0
0
0
0
0
0
0
0
0
0
0
0
0
0
0
0
0
0
0
0
0
0
0
0
0
0
0
0
0
0
0
0
0
0
0
0
0
0
0
0
0
0
0
0
0
0
0
0
0
0
0
0
0
0
0
0
0
0
0
0
0
0
0
0
0
0
0
0
0
0
0
0
0
0
0
0
0
0
0
0
0
0
0
0
0
0
0
0
0
0
0
0
0
0
0
0
0
0
0
0
0
0
0
0
0
0
0
0
0
0
0
0
0
0
0
0
0
0
0
0
0
0
0
0
0
0
0
0
0
0
0
0
0
0
0
0
0
0
0
0
0
0
0
0
0
0
0
0
0
0
0
0
0
0
0
0
0
0
0
0
0
0
0
0
0
0
0
0
0
0
0
0
0
0
0
0
0
0
0
0
0
0
0
0
0
0
0
0
0
0
0
0
0
0
0
0
0
0
0
0
0
0
0
0
0
0
0
0
0
0
0
0
0
0
0
0
0
0
0
0
0
0
0
0
0
0
0
0
0
0
0
0
0
0
0
0
0
0
0
0
0
0
0
0
0
0
0
0
0
0
0
0
0
0
0
0
0
0
0
0
0
0
0
0
0
0
0
0
0
0
0
0
0
0
0
0
0
0
0
0
0
0
0
0
0
0
0
0
0
0
0
0
0
0
0
0
0
0
0
0
0
0
0
0
0
0
0
0
0
0
0
0
0
0
0
0
0
0
0
0
0
0
0
0
0
0
0
0
0
0
0
0
0
0
0
0
0
0
0
0
0
0
0
0
0
0
0
0
0
0
0
0
0
0
0
0
0
0
0
0
0
0
0
0
0
0
0
0
0
0
0
0
0
0
0
0
0
0
0
0
0
0
0
0
0
0
0
0
0
0
0
0
0
0
0
0
0
0
0
0
0
0
0
0
0
0
0
0
0
0
0
0
0
0
0
0
0
0
0
0
0
0
0
0
0
0
0
0
0
0
0
0
0
0
0
0
0
0
0
0
0
0
0
0
0
0
0
0
0
0
0
0
0
0
0
0
0
0
0
0
0
0
0
0
0
0
0
0
0
0
0
0
0
0
0
0
0
0
0
0
0
0
0
0
0
0
0
0
0
0
0
0
0
0
0
0
0
0
0
0
0
0
0
0
0
0
0
0
0
0
0
0
0
0
0
0
0
0
0
0
0
0
0
0
0
0
0
0
0
0
0
0
0
0
0
0
0
0
0
0
0
0
0
0
0
0
0
0
0
0
0
0
0
0
0
0
0
0
0
0
0
0
0
0
0
0
0
0
0
0
0
0
0
0
0
0
0
0
0
0
0
0
0
0
0
0
0
0
0
0
0
0
0
0
0
0
0
0
0
0
0
0
0
0
0
0
0
0
0
0
0
0
0
0
0
0
0
0
0
0
0
0
0
0
0
0
0
0
0
0
0
0
0
0
0
0
0
0
0
0
0
0
0
0
0
0
0
0
0
0
0
0
0
0
0
0
0
0
0
0
0
0
0
0
0
0
0
0
0
0
0
0
0
0
0
0
0
0
0
0
0
0
0
0
0
0
0
0
0
0
0
0
0
0
0
0
0
0
0
0
0
0
0
0
0
0
0
0
0
0
0
0
0
0
0
0
0
0
0
0
0
0
0
0
0
0
0
0
0
0
0
0
0
0
0
0
0
0
0
0
0
0
0
0
0
0
0
0
0
0
0
0
0
0
0
0
0
0
0
0
0
0
0
0
0
0
0
0
0
0
0
0
0
0
0
0
0
0
0
0
0
0
0
0
0
0
0
0
0
0
0
0
0
0
0
0
0
0
0
0
0
0
0
0
0
0
0
0
0
0
0
0
0
0
0
0
0
0
0
0
0
0
0
0
0
0
0
0
0
0
0
0
0
0
0
0
0
0
0
0
0
0
0
0
0
0
0
0
0
0
0
0
0
0
0
0
0
0
0
0
0
0
0
0
0
0
0
0
0
0
0
0
0
0
0
0
0
0
0
0
0
0
0
0
0
0
0
0
0
0
0
0
0
0
0
0
0
0
0
0
0
0
0
0
0
0
0
0
0
0
0
0
0
0
0
0
0
0
0
0
0
0
0
0
0
0
0
0
0
0
0
0
0
0
0
0
0
0
0
0
0
0
0
0
0
0
0
0
0
0
0
0
0
0
0
0
0
0
0
0
0
0
0
0
0
0
0
0
0
0
0
0
0
0
0
0
0
0
0
0
0
0
0
0
0
0
0
0
0
0
0
0
0
0
0
0
0
0
0
0
0
0
0
0
0
0
0
0
0
0
0
0
0
0
0
0
0
0
0
0
0
0
0
0
0
0
0
0
0
0
0
0
0
0
0
0
0
0
0
0
0
0
0
0
0
0
0
0
0
0
0
0
0
0
0
0
0
0
0
0
0
0
0
0
0
0
0
0
0
0
0
0
0
0
0
0
0
0
0
0
0
0
0
0
0
0
0
0
0
0
0
0
0
0
0
0
0
0
0
0
0
0
0
0
0
0
0
0
0
0
0
0
0
0
0
0
0
0
0
0
0
0
0
0
0
0
0
0
0
0
0
0
0
0
0
0
0
0
0
0
0
0
0
0
0
0
0
0
0
0
0
0
0
0
0
0
0
0
0
0
0
0
0
0
0
0
0
0
0
0
0
0
0
0
0
0
0
0
0
0
0
0
0
0
0
0
0
0
0
0
0
0
0
0
0
0
0
0
0
0
0
0
0
0
0
0
0
0
0
0
0
0
0
0
0
0
0
0
0
0
0
0
0
0
0
0
0
0
0
0
0
0
0
0
0
0
0
0
0
0
0
0
0
0
0
0
0
0
0
0
0
0
0
0
0
0
0
0
0
0
0
0
0
0
0
0
0
0
0
0
0
0
0
0
0
0
0
0
0
0
0
0
0
0
0
0
0
0
0
0
0
0
0
0
0
0
0
0
0
0
0
0
0
0
0
0
0
0
0
0
0
0
0
0
0
0
0
0
0
0
0
0
0
0
0
0
0
0
0
0
0
0
0
0
0
0
0
0
0
0
0
0
0
0
0
0
0
0
0
0
0
0
0
0
0
0
0
0
0
0
0
0
0
0
0
0
0
0
0
0
0
0
0
0
0
0
0
0
0
0
0
0
0
0
0
0
0
0
0
0
0
0
0
0
0
0
0
0
0
0
0
0
0
0
0
0
0
0
0
0
0
0
0
0
0
0
0
0
0
0
0
0
0
0
0
0
0
0
0
0
0
0
0
0
0
0
0
0
0
0
0
0
0
0
0
0
0
0
0
0
0
0
0
0
0
0
0
0
0
0
0
0
0
0
0
0
0
0
0
0
0
0
0
0
0
0
0
0
0
0
0
0
0
0
0
0
0
0
0
0
0
0
0
0
0
0
0
0
0
0
0
0
0
0
0
0
0
0
0
0
0
0
0
0
0
0
0
0
0
0
0
0
0
0
0
0
0
0
0
0
0
0
0
0
0
0
0
0
0
0
0
0
0
0
0
0
0
0
0
0
0
0
0
0
0
0
0
0
0
0
0
0
0
0
0
0
0
0
0
0
0
0
0
0
0
0
0
0
0
0
0
0
0
0
0
0
0
0
0
0
0
0
0
0
0
0
0
0
0
0
0
0
0
0
0
0
0
0
0
0
0
0
0
0
0
0
0
0
0
0
0
0
0
0
0
0
0
0
0
0
0
0
0
0
0
0
0
0
0
0
0
0
0
0
0
0
0
0
0
0
0
0
0
0
0
0
0
0
0
0
0
0
0
0
0
0
0
0
0
0
0
0
0
0
0
0
0
0
0
0
0
0
0
0
0
0
0
0
0
0
0
0
0
0
0
0
0
0
0
0
0
0
0
0
0
0
0
0
0
0
0
0
0
0
0
0
0
0
0
0
0
0
0
0
0
0
0
0
0
0
0
0
0
0
0
0
0
0
0
0
0
0
0
0
0
0
0
0
0
0
0
0
0
0
0
0
0
0
0
0
0
0
0
0
0
0
0
0
0
0
0
0
0
0
0
0
0
0
0
0
0
0
0
0
0
0
0
0
0
0
0
0
0
0
0
0
0
0
0
0
0
0
0
0
0
0
0
0
0
0
0
0
0
0
0
0
0
0
0
0
0
0
0
0
0
0
0
0
0
0
0
0
0
0
0
0
0
0
0
0
0
0
0
0
0
0
0
0
0
0
0
0
0
0
0
0
0
0
0
0
0
0
0
0
0
0
0
0
0
0
0
0
0
0
0
0
0
0
0
0
0
0
0
0
0
0
0
0
0
0
0
0
0
0
0
0
0
0
0
0
0
0
0
0
0
0
0
0
0
0
0
0
0
0
0
0
0
0
0
0
0
0
0
0
0
0
0
0
0
0
0
0
0
0
0
0
0
0
0
0
0
0
0
0
0
0
0
0
0
0
0
0
0
0
0
0
0
0
0
0
0
0
0
0
0
0
0
0
0
0
0
0
0
0
0
0
0
0
0
0
0
0
0
0
0
0
0
0
0
0
0
0
0
0
0
0
0
0
0
0
0
0
0
0
0
0
0
0
0
0
0
0
0
0
0
0
0
0
0
0
0
0
0
0
0
0
0
0
0
0
0
0
0
0
0
0
0
0
0
0
0
0
0
0
0
0
0
0
0
0
0
0
0
0
0
0
0
0
0
0
0
0
0
0
0
0
0
0
0
0
0
0
0
0
0
0
0
0
0
0
0
0
0
0
0
0
0
0
0
0
0
0
0
0
0
0
0
0
0
0
0
0
0
0
0
0
0
0
0
0
0
0
0
0
0
0
0
0
0
0
0
0
0
0
0
0
0
0
0
0
0
0
0
0
0
0
0
0
0
0
0
0
0
0
0
0
0
0
0
0
0
0
0
0
0
0
0
0
0
0
0
0
0
0
0
0
0
0
0
0
0
0
0
0
0
0
0
0
0
0
0
0
0
0
0
0
0
0
0
0
0
0
0
0
0
0
0
0
0
0
0
0
0
0
0
0
0
0
0
0
0
0
0
0
0
0
0
0
0
0
0
0
0
0
0
0
0
0
0
0
0
0
0
0
0
0
0
0
0
0
0
0
0
0
0
0
0
0
0
0
0
0
0
0
0
0
0
0
0
0
0
0
0
0
0
0
0
0
0
0
0
0
0
0
0
0
0
0
0
0
0
0
0
0
0
0
0
0
0
0
0
0
0
0
0
0
0
0
0
0
0
0
0
0
0
0
0
0
0
0
0
0
0
0
0
0
0
0
0
0
0
0
0
0
0
0
0
0
0
0
0
0
0
0
0
0
0
0
0
0
0
0
0
0
0
0
0
0
0
0
0
0
0
0
0
0
0
0
0
0
0
0
0
0
0
0
0
0
0
0
0
0
0
0
0
0
0
0
0
0
0
0
0
0
0
0
0
0
0
0
0
0
0
0
0
0
0
0
0
0
0
0
0
0
0
0
0
0
0
0
0
0
0
0
0
0
0
0
0
0
0
0
0
0
0
0
0
0
0
0
0
0
0
0
0
0
0
0
0
0
0
0
0
0
0
0
0
0
0
0
0
0
0
0
0
0
0
0
0
0
0
0
0
0
0
0
0
0
0
0
0
0
0
0
0
0
0
0
0
0
0
0
0
0
0
0
0
0
0
0
0
0
0
0
0
0
0
0
0
0
0
0
0
0
0
0
0
0
0
0
0
0
0
0
0
0
0
0
0
0
0
0
0
0
0
0
0
0
0
0
0
0
0
0
0
0
0
0
0
0
0
0
0
0
0
0
0
0
0
0
0
0
0
0
0
0
0
0
0
0
0
0
0
0
0
0
0
0
0
0
0
0
0
0
0
0
0
0
0
0
0
0
0
0
0
0
0
0
0
0
0
0
0
0
0
0
0
0
0
0
0
0
0
0
0
0
0
0
0
0
0
0
0
0
0
0
0
0
0
0
0
0
0
0
0
0
0
0
0
0
0
0
0
0
0
0
0
0
0
0
0
0
0
0
0
0
0
0
0
0
0
0
0
0
0
0
0
0
0
0
0
0
0
0
0
0
0
0
0
0
0
0
0
0
0
0
0
0
0
0
0
0
0
0
0
0
0
0
0
0
0
0
0
0
0
0
0
0
0
0
0
0
0
0
0
0
0
0
0
0
0
0
0
0
0
0
0
0
0
0
0
0
0
0
0
0
0
0
0
0
0
0
0
0
0
0
0
0
0
0
0
0
0
0
0
0
0
0
0
0
0
0
0
0
0
0
0
0
0
0
0
0
0
0
0
0
0
0
0
0
0
0
0
0
0
0
0
0
0
0
0
0
0
0
0
0
0
0
0
0
0
0
0
0
0
0
0
0
0
0
0
0
0
0
0
0
0
0
0
0
0
0
0
0
0
0
0
0
0
0
0
0
0
0
0
0
0
0
0
0
0
0
0
0
0
0
0
0
0
0
0
0
0
0
0
0
0
0
0
0
0
0
0
0
0
0
0
0
0
0
0
0
0
0
0
0
0
0
0
0
0
0
0
0
0
0
0
0
0
0
0
0
0
0
0
0
0
0
0
0
0
0
0
0
0
0
0
0
0
0
0
0
0
0
0
0
0
0
0
0
0
0
0
0
0
0
0
0
0
0
0
0
0
0
0
0
0
0
0
0
0
0
0
0
0
0
0
0
0
0
0
0
0
0
0
0
0
0
0
0
0
0
0
0
0
0
0
0
0
0
0
0
0
0
0
0
0
0
0
0
0
0
0
0
0
0
0
0
0
0
0
0
0
0
0
0
0
0
0
0
0
0
0
0
0
0
0
0
0
0
0
0
0
0
0
0
0
0
0
0
0
0
0
0
0
0
0
0
0
0
0
0
0
0
0
0
0
0
0
0
0
0
0
0
0
0
0
0
0
0
0
0
0
0
0
0
0
0
0
0
0
0
0
0
0
0
0
0
0
0
0
0
0
0
0
0
0
0
0
0
0
0
0
0
0
0
0
0
0
0
0
0
0
0
0
0
0
0
0
0
0
0
0
0
0
0
0
0
0
0
0
0
0
0
0
0
0
0
0
0
0
0
0
0
0
0
0
0
0
0
0
0
0
0
0
0
0
0
0
0
0
0
0
0
0
0
0
0
0
0
0
0
0
0
0
0
0
0
0
0
0
0
0
0
0
0
0
0
0
0
0
0
0
0
0
0
0
0
0
0
0
0
0
0
0
0
0
0
0
0
0
0
0
0
0
0
0
0
0
0
0
0
0
0
0
0
0
0
0
0
0
0
0
0
0
0
0
0
0
0
0
0
0
0
0
0
0
0
0
0
0
0
0
0
0
0
0
0
0
0
0
0
0
0
0
0
0
0
0
0
0
0
0
0
0
0
0
0
0
0
0
0
0
0
0
0
0
0
0
0
0
0
0
0
0
0
0
0
0
0
0
0
0
0
0
0
0
0
0
0
0
0
0
0
0
0
0
0
0
0
0
0
0
0
0
0
0
0
0
0
0
0
0
0
0
0
0
0
0
0
0
0
0
0
0
0
0
0
0
0
0
0
0
0
0
0
0
0
0
0
0
0
0
0
0
0
0
0
0
0
0
0
0
0
0
0
0
0
0
0
0
0
0
0
0
0
0
0
0
0
0
0
0
0
0
0
0
0
0
0
0
0
0
0
0
0
0
0
0
0
0
0
0
0
0
0
0
0
0
0
0
0
0
0
0
0
0
0
0
0
0
0
0
0
0
0
0
0
0
0
0
0
0
0
0
0
0
0
0
0
0
0
0
0
0
0
0
0
0
0
0
0
0
0
0
0
0
0
