-70
300
-1730
-1254
-924
-2066
-2135
-80
871
-1141
-701
-1511
-1104
-1831
83
748
-147
48
39
-2635
-1933
-2104
-14337
-182
485
-318
-828
-1348
-1490
-21988
167
460
59
-55
-1884
-693
-480
-1268
-1437
-29
565
-2682
-553
-1221
-2240
-1820
208
981
-125
602
-477
-1812
-1070
-1348
-14394
-289
329
-1367
-1974
-2087
-1464
-12964
-5
91
29
354
-4633
-3023
-2268
-3420
-3591
40
929
-4033
-2578
-2481
-2716
-1766
173
1137
-64
465
-2098
-3950
1007
-3438
-11617
-243
597
-1755
-2467
-236
-2122
-16613
-56
35
62
446
-4090
-3217
543
-3714
-3612
17
884
-4561
-4530
-1987
-3682
-365
-24
693
-160
-281
-1313
-3919
-1865
-3366
-18583
-252
123
-2255
-2896
-2613
-3002
-20239
-22
-329
-22
358
-2383
-3867
-215
-2081
-2726
-3
645
-3218
-4161
-2244
-3685
-829
-62
808
-97
686
494
-3464
-2462
-2569
-20439
-180
-91
-563
-3515
-4192
-3595
-19668
-79
482
-210
139
-2341
-4733
-3244
-2561
-2938
-114
638
-1848
-3915
-2187
-2508
-3090
64
1561
38
310
-179
-3549
866
-2867
-13358
-120
-203
107
-2787
-704
-2393
-16180
98
-95
-27
207
-3354
-4778
-3645
-3778
-3633
-47
35
-3574
-4518
-3482
-3521
-3639
65
135
-52
-396
-1067
-4270
1895
-3492
-14271
-294
976
-834
-3080
246
-2515
-14889
33
376
-200
-315
-3013
-4187
-1599
-3535
-3460
-123
392
-3222
-5502
-2258
-3998
-1312
-93
1068
-245
-893
-432
-3891
-164
-3285
-17727
-354
-177
-600
-1987
-3914
-2396
-19254
-138
125
75
-1203
-2353
-1183
-1138
-2453
-2604
176
-774
-2485
-1564
-2445
-2060
-1660
219
-569
-221
178
541
-3709
-2706
-2595
-14132
-205
668
-435
-259
-2544
-2185
-19315
157
654
206
-1165
-3230
-1900
-1355
-2394
-2913
237
-919
-4032
-2528
-4057
-3165
-678
179
-194
-289
-158
216
-4014
-1897
-2762
-12414
-393
-483
-1912
-1808
-2395
-2357
-13258
17
-447
260
-1140
-4594
-3343
-3767
-3955
-3776
218
-1445
-5829
-3642
-4698
-4532
-1593
104
-947
-230
1040
-1573
-4009
2480
-3538
-19667
-439
234
-2919
-2117
-533
-2137
-18136
-165
209
218
245
-4098
-4886
-2104
-6263
-5205
241
-85
-5820
-6578
-5820
-6833
-1435
-13
-314
-407
1196
-1212
-5136
-1614
-5096
-21665
-419
1261
-3574
-4535
-3577
-5780
-17235
-47
1057
97
-288
-3544
-4053
-1123
-2426
-3912
210
-1046
-4866
-4289
-4127
-4911
-1835
-56
-1281
-207
23
563
-4553
-4635
-3822
-25072
-116
-1295
-2499
-4429
-4585
-4886
-22870
172
-484
46
-1063
-3302
-3865
-4447
-2244
-3864
93
-1190
-3119
-3592
-4432
-2983
-2197
-48
23
6
23
-496
-4300
-460
-3715
-14908
-107
-516
-1789
-3814
-1210
-2998
-18423
164
-561
203
700
-4956
-3989
-3776
-3152
-4203
351
78
-5564
-4352
-6171
-3968
-2218
62
-354
-159
231
1583
-5083
-2032
-4158
-16082
-255
1039
12
-3664
-1710
-3880
-17650
111
372
121
630
-3649
-5053
-3277
-3311
-3970
149
-1022
-3790
-5334
-4678
-3993
-1536
165
-1275
-403
-1508
841
-3333
-1222
-3903
-16006
-457
-205
131
-1544
-3547
-3082
-17814
-135
-54
117
-1236
-1524
-1147
-1703
-1218
-1722
165
-522
-3190
-2416
-3791
-3209
-1307
197
-662
-224
-236
882
-2889
-1398
-1692
-19483
-201
178
-363
-1531
-3243
-3047
-16045
1
22
421
-522
-2103
-2196
-676
-818
-2570
333
913
-3200
-2891
-3036
-2649
-509
203
248
-206
504
-1412
-3008
-1877
-2427
-18401
-321
-278
-3263
-1912
-2894
-2584
-16220
-58
-779
555
1722
-2330
-2444
-1401
-1927
-2967
221
1594
-5795
-3519
-5312
-5603
1
27
198
-199
1952
-1960
-2810
-940
-2825
-27611
-441
1137
-6874
-4564
-3744
-3727
-14820
-161
372
556
735
-3155
-4476
-2271
-5482
-5045
294
1852
-4415
-5969
-6950
-6275
1146
45
1703
-434
750
-1155
-4962
-2981
-5166
-25053
-395
1619
-5294
-5268
-4878
-5769
-22732
-206
1468
410
-536
-2435
-3033
-1533
-3112
-3805
397
-107
-3399
-3904
-5005
-4480
920
98
-71
-239
-403
-1481
-4599
-3019
-3784
-21909
-396
-2877
-5403
-4615
-4238
-4433
-21150
-57
-1927
268
-813
-2878
-3244
-5279
-2520
-4440
93
-249
-5161
-5818
-8414
-5427
1235
14
753
-55
-154
-461
-5848
-1559
-4383
-16486
-336
-240
-4298
-6783
-5622
-5681
-11077
-74
-430
341
175
-4093
-2554
-3883
-1341
-3780
440
713
-7202
-5715
-7462
-4839
1080
153
-112
-286
620
2744
-4188
-4806
-3560
-26501
-308
568
-1476
-5481
-6486
-5958
-18315
-32
-273
346
-47
-3346
-4178
-2921
-1295
-3247
512
43
-2926
-3806
-3037
-1877
-898
125
-1047
-382
-1183
755
-1374
-2300
-3056
-15456
-366
-858
148
-1218
-2371
-2588
-19304
-183
-981
129
-398
-2081
-1097
-2857
-2015
-2271
206
332
-3111
-1027
-3916
-2962
-1737
307
-550
-300
-59
446
-3273
-764
-2222
-14965
-238
688
-435
-1715
-2605
-3194
-15624
-56
646
253
-987
-2056
-1064
-219
-1464
-2243
287
584
-3441
-874
-2965
-2933
-394
282
-511
-233
165
-1092
-3112
-1858
-2101
-16139
-281
-192
-2706
-2335
-3324
-2482
-14370
-181
-677
412
-248
-3534
-2445
166
-3362
-3847
276
-63
-4488
-2302
-3856
-3938
1573
189
-716
-275
2595
-1909
-4551
-2280
-3738
-21407
-461
2235
-4828
-3553
-4321
-3094
-23745
-212
1539
353
322
-4690
-3245
-3704
-6762
-5989
87
385
-7497
-5419
-9259
-8265
2575
166
181
-310
351
-1209
-7146
-2548
-6318
-18406
-369
822
-5924
-7899
-6578
-7936
-14005
-131
1287
230
-409
-2683
-100
-1843
-4040
-3676
132
-91
-4522
-1446
-5459
-5226
1539
108
230
-225
-1553
-2915
-4397
-2805
-3624
-17948
-467
-4412
-7103
-5182
-4920
-4627
-15361
-75
-3756
40
-209
-2379
-1959
-3345
-2925
-3257
53
12
-4082
-3593
-6762
-4148
2420
158
690
-120
133
-473
-4227
-1244
-3232
-16010
-362
548
-4311
-4816
-3992
-3773
-14372
-101
112
207
549
-5024
-1873
-4615
-3619
-4395
360
780
-7858
-4651
-8841
-5869
2284
252
-880
-397
268
3599
-5438
-4983
-4344
-22548
-277
654
-1327
-5980
-7053
-6565
-18930
-118
-403
236
-478
-4739
-2432
-2251
-3496
-4198
447
600
-4189
-1420
-3470
-2731
-1350
186
-977
-550
-1684
393
-3864
-2616
-3997
-17486
-377
-1402
-129
-1449
-3632
-2733
-25862
-116
-1034
99
-920
-2362
119
-2364
-1689
-2017
217
-378
-2784
538
-2681
-2139
-2482
215
-860
-344
98
-387
-2610
-785
-1917
-15257
-273
35
-837
-825
-2080
-2670
-17142
-21
15
273
-1059
-2238
-552
107
-1006
-2071
219
-59
-4007
-1609
-2083
-2825
-110
149
-433
-194
-1025
-1688
-2610
-1974
-1796
-14698
-331
-1030
-3165
-2099
-3472
-2941
-10884
-135
-659
392
-1379
-3283
-700
-177
-2691
-3707
295
-1300
-4168
-1578
-2763
-2897
1884
213
221
-335
3084
-3254
-4367
-2522
-3500
-17028
-353
2773
-4825
-3196
-4496
-2930
-21812
-121
1769
325
-1896
-7089
-1813
-4812
-5326
-6683
190
-2069
-7432
-2030
-6019
-5071
230
189
-1415
-304
89
-2163
-7391
-3080
-6682
-8578
-187
147
-3983
-5695
-4771
-5848
-17123
47
75
262
-912
-2102
218
-779
-1991
-2183
159
-1517
-3489
523
-2886
-3232
-380
16
-1036
-178
-1819
-2898
-2350
-1438
-2004
-22155
-297
-3474
-5331
-3724
-2203
-2550
-21309
-87
-2286
85
-1354
-1444
-1703
-1129
-2004
-2367
83
-1177
-2391
-1364
-3878
-2633
285
-27
-1844
16
606
-1136
-3302
-1331
-2293
-16902
-221
921
-3670
-3330
-1778
-2102
-18317
-117
506
272
-1247
-5300
-3160
-5295
-3893
-4690
319
-1423
-6606
-3946
-7246
-4397
1989
126
-1351
-329
312
2354
-6170
-1992
-4700
-13750
-157
490
-1770
-5005
-3103
-5381
-18270
-180
16
151
-1065
-4626
-1657
-1907
-3209
-3711
264
-1187
-5219
-882
-3110
-3504
-1634
129
-835
-487
-1559
36
-4447
-1481
-3530
-14582
-352
-887
-1503
-2517
-2159
-2871
-18041
-195
-309
76
-788
-3127
1374
-2280
-2733
-2459
117
-141
-3526
1923
-3024
-2933
-3308
234
-385
-322
-68
-1496
-2955
-1667
-2313
-15821
-297
-264
-1834
-1671
-3371
-3014
-17838
-63
-657
318
-638
-3365
-180
-465
-2219
-2578
140
157
-3746
-139
-1870
-2538
-1640
228
-477
-199
-699
-1218
-2827
-2408
-2326
-14570
-389
-1605
-2036
-2632
-2920
-1446
-16860
-69
-608
482
-408
-3741
-796
-1239
-2360
-3023
361
103
-4922
-658
-2750
-3149
-1368
85
-19
-369
2299
-2459
-2255
-1439
-2714
-22277
-314
1781
-2735
-4183
-2610
-2235
-22375
-95
1202
390
-528
-4461
-716
-3121
-2964
-3810
326
-239
-5152
-1117
-4725
-3457
151
-13
89
-310
622
-1368
-2018
-2776
-3562
-23501
-104
-172
-3300
-4280
-3712
-3645
-24875
69
-467
204
-83
-740
-1124
-829
-1609
-1448
72
-286
-3107
-1706
-3244
-3930
-1571
-70
197
-4
-194
-1198
-786
-1162
-1362
-23084
69
-1163
-4147
-4665
-1149
-1693
-15566
15
-362
182
-186
-1017
-1194
-290
-1311
-1641
-1
21
-2847
-2074
-2667
-3029
-333
-100
1121
147
-446
-534
-1989
-2100
-1556
-22056
59
262
-2909
-3326
-3084
-405
-19572
-21
-153
432
-302
-4775
-950
-3679
-2021
-3573
268
589
-6629
-2211
-6020
-3406
822
57
-112
-227
-302
-215
-4714
-651
-3329
-19132
2
-155
-3053
-4269
-2116
-3218
-19069
-77
-218
203
100
-2567
141
-732
-1570
-2101
131
-504
-4406
-410
-2833
-3298
-642
131
-14
-204
-1059
-882
-2466
-1258
-1973
-21068
-321
-275
-3170
-2504
-1546
-1658
-17739
-42
-446
1
-952
-3558
1055
-3355
-3841
-3147
-29
-38
-3832
1777
-4135
-3521
-3053
213
613
-332
-190
-1667
-4164
-508
-2951
-12319
-264
39
-1917
-2494
-2859
-3155
-16181
-83
94
83
-576
-2761
982
65
-2289
-1936
0
32
-3391
1259
-2293
-2621
-2043
209
178
-118
-242
94
-2638
-2931
-1722
-17301
-311
-1478
-1384
-1710
-3544
87
-19345
-48
-941
294
-35
-4101
274
-1505
-3568
-3600
58
557
-6121
472
-4616
-4805
-2128
101
-173
-197
2930
-1807
-3122
-2887
-3342
-25203
-191
2716
-4050
-4165
-5261
-2152
-22474
-115
2333
69
316
-5182
-1589
-3296
-5464
-5166
-47
594
-5895
-2006
-5951
-5478
-800
58
-188
-164
1805
-79
-3904
-4882
-4987
-20939
13
1090
-3491
-5965
-6047
-4231
-22206
102
1322
-85
418
-2570
-3516
-826
-4287
-3833
-143
1004
-4464
-3772
-5140
-5574
-2043
25
201
41
-604
1095
-3462
-5073
-3684
-17490
66
-2334
-3162
-6317
-4177
-1516
-13675
76
-1515
-134
6
-3254
-1225
-149
-2155
-2997
-249
1637
-4742
-3232
-4731
-3412
77
-92
1512
140
-1214
979
-3785
-4488
-2860
-15877
88
309
-1472
-3525
-5022
401
-15968
71
598
65
856
-6045
661
-3722
-2369
-4511
-23
1448
-8098
-1617
-7886
-3967
-513
148
276
-76
-370
-481
-5400
-4067
-4251
-24258
67
122
-2560
-4013
-5656
-2070
-25621
112
774
-35
51
-2545
1623
-1234
-1673
-2125
-113
-128
-4903
75
-3671
-3510
-728
59
-614
103
-849
-880
-1902
-2807
-1896
-19103
-189
-1344
-2833
-1945
-3960
-630
-15552
31
-2075
-68
-818
-2474
887
-2581
-1981
-2015
-128
-1304
-3349
1030
-4480
-3340
-2471
37
-724
-293
-100
-1421
-2606
-655
-1912
-15997
-225
-104
-940
-2625
-3289
-3264
-14849
-129
-344
-192
-654
-1771
664
-459
-674
-1134
-234
-1205
-1838
549
-2131
-1383
-1731
0
-621
-83
-310
-7
-1958
-2262
-958
-16791
-310
-406
-76
-648
-3168
-640
-19130
-31
-1171
-165
-1076
-2765
175
-459
-1558
-2317
-114
-1363
-4614
62
-2133
-3177
-1897
-19
-650
-146
1320
-1750
-2416
-2317
-2182
-18657
-269
1786
-3267
-2683
-4773
-2363
-14975
-36
1139
-99
-2215
-4027
-3112
-2241
-4909
-5117
-32
-2433
-4242
-2390
-4196
-4316
-1007
96
-1258
-308
358
-2316
-3958
-3736
-5122
-16045
-123
502
-3580
-5096
-5291
-4537
-21610
98
640
-265
-2365
-3439
-3263
-545
-3369
-3830
-139
-2328
-3868
-3803
-3876
-3572
-891
-49
-1965
-35
-1149
1249
-2505
-6798
-3893
-17711
57
-1492
-368
-4336
-6110
-2663
-22287
136
452
-508
-1537
-2357
-1250
-1648
-1276
-2666
-495
-1070
-6910
-5254
-6794
-5477
-212
-127
-1367
203
-487
826
-2628
-4320
-2653
-22437
58
1597
-1385
-4868
-8553
-4277
-9134
204
2244
-328
-1013
-4875
-69
-4958
-1205
-4294
-291
-1538
-7732
-3569
-7544
-4520
-124
1
-914
53
-741
252
-4292
-5230
-4064
-19068
79
-831
-1617
-4193
-7897
-4801
-15785
223
-1526
-324
-1161
-3024
766
-1937
-1145
-2106
-262
-1555
-4874
-1129
-3792
-3150
-531
-37
-1305
124
-1985
85
-1264
-3529
-2023
-19113
-138
-1870
-950
-1152
-5256
-1672
-16888
192
-2019
0
0
0
0
0
0
0
0
0
0
0
-1582
-1528
-1666
-1296
-1631
0
0
0
0
0
0
0
0
0
0
0
1330
-1938
-1195
-1683
-14455
0
0
0
0
0
0
0
0
0
0
0
-1874
-1392
-1087
792
-1046
0
0
0
0
0
0
0
0
0
0
0
271
-1634
-1171
-1106
-14003
0
0
0
0
0
0
0
0
0
0
0
-3780
-3372
-2514
-1399
-3104
0
0
0
0
0
0
0
0
0
0
0
-1826
-3368
-19
-3183
-10862
0
0
0
0
0
0
0
0
0
0
0
-1754
-2189
38
-693
-1765
0
0
0
0
0
0
0
0
0
0
0
-640
-1821
-2408
-1821
-24053
0
0
0
0
0
0
0
0
0
0
0
-3027
-4051
-2073
760
-2644
0
0
0
0
0
0
0
0
0
0
0
-104
-2305
-2992
-2515
-17219
0
0
0
0
0
0
0
0
0
0
0
-2660
-4591
-2966
-1475
-2723
0
0
0
0
0
0
0
0
0
0
0
-556
-2181
50
-2704
-12555
0
0
0
0
0
0
0
0
0
0
0
-1732
-3349
-1806
-1979
-2148
0
0
0
0
0
0
0
0
0
0
0
-304
-2744
129
-2207
-18848
0
0
0
0
0
0
0
0
0
0
0
-2450
-2607
-1173
-1240
-1967
0
0
0
0
0
0
0
0
0
0
0
666
-2681
-1237
-2021
-19450
0
0
0
0
0
0
0
0
0
0
0
-2024
-1368
-1463
-1563
-1788
0
0
0
0
0
0
0
0
0
0
0
2013
-3001
-1856
-1831
-14858
0
0
0
0
0
0
0
0
0
0
0
-2258
-1652
-803
-448
-1353
0
0
0
0
0
0
0
0
0
0
0
1266
-2839
-1573
-1331
-17314
0
0
0
0
0
0
0
0
0
0
0
-2605
-2711
-2508
-1152
-2223
0
0
0
0
0
0
0
0
0
0
0
34
-2760
188
-2041
-22720
0
0
0
0
0
0
0
0
0
0
0
-2010
-3171
-1771
-2434
-2601
0
0
0
0
0
0
0
0
0
0
0
1111
-2715
-2803
-2409
-27943
0
0
0
0
0
0
0
0
0
0
0
-3710
-5292
-3645
-57
-4655
0
0
0
0
0
0
0
0
0
0
0
-660
-4896
-5970
-4536
-17404
0
0
0
0
0
0
0
0
0
0
0
-2357
-3718
-3685
-581
-2988
0
0
0
0
0
0
0
0
0
0
0
-452
-3730
-1094
-2758
-17564
0
0
0
0
0
0
0
0
0
0
0
-2392
-3856
-3311
-2116
-3663
0
0
0
0
0
0
0
0
0
0
0
230
-5288
-2327
-3756
-15060
0
0
0
0
0
0
0
0
0
0
0
-2596
-3700
-3031
-32
-2468
0
0
0
0
0
0
0
0
0
0
0
745
-3219
-2216
-2687
-18897
0
0
0
0
0
0
0
0
0
0
0
-1841
-1722
-1528
-420
-1487
0
0
0
0
0
0
0
0
0
0
0
1834
-2783
-1207
-1427
-17036
0
0
0
0
0
0
0
0
0
0
0
-2507
-2247
-310
760
-1731
0
0
0
0
0
0
0
0
0
0
0
-633
-3040
-2082
-1870
-19867
0
0
0
0
0
0
0
0
0
0
0
-2247
-2757
-1396
3
-2799
0
0
0
0
0
0
0
0
0
0
0
-751
-3865
-2077
-2569
-24025
0
0
0
0
0
0
0
0
0
0
0
-1378
-3879
-3561
-2697
-4149
0
0
0
0
0
0
0
0
0
0
0
350
-4631
-3981
-3812
-23928
0
0
0
0
0
0
0
0
0
0
0
-2181
-3840
-3511
-969
-4057
0
0
0
0
0
0
0
0
0
0
0
-1358
-5192
-3144
-3854
-17487
0
0
0
0
0
0
0
0
0
0
0
-2376
-2352
-3933
371
-2672
0
0
0
0
0
0
0
0
0
0
0
251
-5401
-538
-2397
-22000
0
0
0
0
0
0
0
0
0
0
0
-1484
-3113
-5009
-349
-3752
0
0
0
0
0
0
0
0
0
0
0
773
-5774
-4197
-3709
-21480
0
0
0
0
0
0
0
0
0
0
0
-1736
-4075
-4074
-470
-2869
0
0
0
0
0
0
0
0
0
0
0
74
-2184
-3161
-3145
-13956
0
0
0
0
0
0
0
0
0
0
0
-1897
-1307
-1612
-534
-1352
0
0
0
0
0
0
0
0
0
0
0
1630
-2426
-719
-1179
-16292
0
0
0
0
0
0
0
0
0
0
0
-2077
-1668
4
1011
-1534
0
0
0
0
0
0
0
0
0
0
0
-549
-2935
-2071
-1450
-17511
0
0
0
0
0
0
0
0
0
0
0
-2596
-3147
-538
536
-3280
0
0
0
0
0
0
0
0
0
0
0
-1486
-4924
-3333
-3185
-21083
0
0
0
0
0
0
0
0
0
0
0
-2576
-2539
-3383
-1797
-3907
0
0
0
0
0
0
0
0
0
0
0
223
-5595
-3572
-3507
-22384
0
0
0
0
0
0
0
0
0
0
0
-2249
-822
-2211
-1210
-2589
0
0
0
0
0
0
0
0
0
0
0
-1276
-2930
-2066
-2166
-19952
0
0
0
0
0
0
0
0
0
0
0
-2107
-1602
-2354
-341
-2125
0
0
0
0
0
0
0
0
0
0
0
-77
-3773
-748
-1868
-19564
0
0
0
0
0
0
0
0
0
0
0
-2126
-2300
-5124
-1508
-4050
0
0
0
0
0
0
0
0
0
0
0
2172
-6408
-4809
-3848
-19045
0
0
0
0
0
0
0
0
0
0
0
-1310
-2084
-2595
-1808
-2220
0
0
0
0
0
0
0
0
0
0
0
1497
-2595
-2668
-2222
-22076
0
0
0
0
0
0
0
0
0
0
0
-1547
-574
-1449
-907
-1036
0
0
0
0
0
0
0
0
0
0
0
1079
-1321
-787
-979
-16531
0
0
0
0
0
0
0
0
0
0
0
-1435
-1178
445
479
-1136
0
0
0
0
0
0
0
0
0
0
0
-1238
-1773
-2011
-1128
-16321
0
0
0
0
0
0
0
0
0
0
0
-1908
-1395
31
104
-2482
0
0
0
0
0
0
0
0
0
0
0
-2172
-3592
-3045
-2400
-19940
0
0
0
0
0
0
0
0
0
0
0
-3040
-2349
-4346
-1328
-4668
0
0
0
0
0
0
0
0
0
0
0
-1989
-6318
-3769
-4284
-13898
0
0
0
0
0
0
0
0
0
0
0
-2078
-1282
-1907
206
-2140
0
0
0
0
0
0
0
0
0
0
0
-2629
-1583
-1558
-1858
-20343
0
0
0
0
0
0
0
0
0
0
0
-2253
-1914
-613
-337
-1769
0
0
0
0
0
0
0
0
0
0
0
-692
-2670
-1213
-1780
-17973
0
0
0
0
0
0
0
0
0
0
0
-2860
-2693
-4080
-2346
-3652
0
0
0
0
0
0
0
0
0
0
0
1706
-6118
-2112
-3539
-14852
0
0
0
0
0
0
0
0
0
0
0
-1466
-1533
-1418
-1690
-1832
0
0
0
0
0
0
0
0
0
0
0
1649
-2864
-2019
-1708
-19146
0
0
0
0
0
0
0
0
0
0
0
-1773
-88
-1575
-2512
-1620
0
0
0
0
0
0
0
0
0
0
0
371
-1350
-1132
-1523
-15852
0
0
0
0
0
0
0
0
0
0
0
-1468
-1024
185
-913
-1135
0
0
0
0
0
0
0
0
0
0
0
-101
-1281
-1955
-1075
-19094
0
0
0
0
0
0
0
0
0
0
0
-1358
-1123
-238
-807
-1758
0
0
0
0
0
0
0
0
0
0
0
-1310
-1610
-2729
-1847
-24420
0
0
0
0
0
0
0
0
0
0
0
-848
-990
-3183
-1933
-3085
0
0
0
0
0
0
0
0
0
0
0
-1763
-2041
-3835
-2997
-21987
0
0
0
0
0
0
0
0
0
0
0
-1393
-1733
-1303
-450
-1748
0
0
0
0
0
0
0
0
0
0
0
-1183
-1122
-1345
-1672
-19174
0
0
0
0
0
0
0
0
0
0
0
-2950
-2027
-535
-489
-2409
0
0
0
0
0
0
0
0
0
0
0
-772
-2989
-1710
-2313
-16380
0
0
0
0
0
0
0
0
0
0
0
-2229
-1619
-2366
-1085
-3171
0
0
0
0
0
0
0
0
0
0
0
-1103
-5943
-1294
-3195
-15915
0
0
0
0
0
0
0
0
0
0
0
-1253
-1289
-730
33
-1720
0
0
0
0
0
0
0
0
0
0
0
460
-2760
-2272
-1647
-19816
0
0
0
0
0
0
0
0
0
0
0
-1834
-175
-1946
-3126
-1881
0
0
0
0
0
0
0
0
0
0
0
360
-2436
248
-1702
-14082
0
0
0
0
0
0
0
0
0
0
0
-1835
-412
5
-1525
-1419
0
0
0
0
0
0
0
0
0
0
0
820
-1874
-1689
-1235
-16932
0
0
0
0
0
0
0
0
0
0
0
-2138
-360
-555
-2153
-2303
0
0
0
0
0
0
0
0
0
0
0
-12
-2296
-3097
-2287
-25872
0
0
0
0
0
0
0
0
0
0
0
-3265
-1301
-3902
-5078
-4485
0
0
0
0
0
0
0
0
0
0
0
548
-3363
-4998
-4459
-17230
0
0
0
0
0
0
0
0
0
0
0
-3703
-3590
-1919
-3895
-4133
0
0
0
0
0
0
0
0
0
0
0
1420
-4058
-3907
-4040
-12351
0
0
0
0
0
0
0
0
0
0
0
-3416
-2117
-340
-834
-3272
0
0
0
0
0
0
0
0
0
0
0
565
-5149
-3785
-3139
-12917
0
0
0
0
0
0
0
0
0
0
0
-2281
130
-2106
-261
-3243
0
0
0
0
0
0
0
0
0
0
0
-1454
-5234
-4344
-3269
-25765
0
0
0
0
0
0
0
0
0
0
0
-1471
48
-1518
-118
-1776
0
0
0
0
0
0
0
0
0
0
0
-323
-1713
-3009
-1788
-17054
0
0
0
0
0
0
0
0
0
0
0
-1289
207
-1452
-1312
-1038
0
0
0
0
0
0
0
0
0
0
0
219
-1020
-457
-898
-16513
0
0
0
0
0
0
0
0
0
0
0
-1710
120
-769
-697
-937
0
0
0
0
0
0
0
0
0
0
0
601
-732
-1496
-923
-15493
0
0
0
0
0
0
0
0
0
0
0
-1874
-271
-338
-2036
-1623
0
0
0
0
0
0
0
0
0
0
0
70
-1592
-1825
-1666
-17483
0
0
0
0
0
0
0
0
0
0
0
-2659
-1569
-2373
-4531
-3155
0
0
0
0
0
0
0
0
0
0
0
505
-2164
-2701
-2856
-21208
0
0
0
0
0
0
0
0
0
0
0
-2881
-2635
-1990
-2730
-3286
0
0
0
0
0
0
0
0
0
0
0
1726
-2254
-5695
-3028
-18996
0
0
0
0
0
0
0
0
0
0
0
-2418
-1382
-1587
-267
-2198
0
0
0
0
0
0
0
0
0
0
0
289
-2556
-4609
-2251
-19548
0
0
0
0
0
0
0
0
0
0
0
-2563
-688
-4489
-501
-3525
0
0
0
0
0
0
0
0
0
0
0
-839
-4509
-5099
-3601
-16390
0
0
0
0
0
0
0
0
0
0
0
-916
-734
-3075
-721
-2081
0
0
0
0
0
0
0
0
0
0
0
-510
-847
-3487
-2005
-16371
0
0
0
0
0
0
0
0
0
0
0
0
0
0
0
0
0
0
0
0
0
0
0
0
0
0
0
0
0
0
0
0
0
0
0
0
0
0
0
0
0
0
0
0
0
0
0
0
0
0
0
0
0
0
0
0
0
0
0
0
0
0
0
0
0
0
0
0
0
0
0
0
0
0
0
0
0
0
0
0
0
0
0
0
0
0
0
0
0
0
0
0
0
0
0
0
0
0
0
0
0
0
0
0
0
0
0
0
0
0
0
0
0
0
0
0
0
0
0
0
0
0
0
0
0
0
0
0
0
0
0
0
0
0
0
0
0
0
0
0
0
0
0
0
0
0
0
0
0
0
0
0
0
0
0
0
0
0
0
0
0
0
0
0
0
0
0
0
0
0
0
0
0
0
0
0
0
0
0
0
0
0
0
0
0
0
0
0
0
0
0
0
0
0
0
0
0
0
0
0
0
0
0
0
0
0
0
0
0
0
0
0
0
0
0
0
0
0
0
0
0
0
0
0
0
0
0
0
0
0
0
0
0
0
0
0
0
0
0
0
0
0
0
0
0
0
0
0
0
0
0
0
0
0
0
0
0
0
0
0
0
0
0
0
0
0
0
0
0
0
0
0
0
0
0
0
0
0
0
0
0
0
0
0
0
0
0
0
0
0
0
0
0
0
0
0
0
0
0
0
0
0
0
0
0
0
0
0
0
0
0
0
0
0
0
0
0
0
0
0
0
0
0
0
0
0
0
0
0
0
0
0
0
0
0
0
0
0
0
0
0
0
0
0
0
0
0
0
0
0
0
0
0
0
0
0
0
0
0
0
0
0
0
0
0
0
0
0
0
0
0
0
0
0
0
0
0
0
0
0
0
0
0
0
0
0
0
0
0
0
0
0
0
0
0
0
0
0
0
0
0
0
0
0
0
0
0
0
0
0
0
0
0
0
0
0
0
0
0
0
0
0
0
0
0
0
0
0
0
0
0
0
0
0
0
0
0
0
0
0
0
0
0
0
0
0
0
0
0
0
0
0
0
0
0
0
0
0
0
0
0
0
0
0
0
0
0
0
0
0
0
0
0
0
0
0
0
0
0
0
0
0
0
0
0
0
0
0
0
0
0
0
0
0
0
0
0
0
0
0
0
0
0
0
0
0
0
0
0
0
0
0
0
0
0
0
0
0
0
0
0
0
0
0
0
0
0
0
0
0
0
0
0
0
0
0
0
0
0
0
0
0
0
0
0
0
0
0
0
0
0
0
0
0
0
0
0
0
0
0
0
0
0
0
0
0
0
0
0
0
0
0
0
0
0
0
0
0
0
0
0
0
0
0
0
0
0
0
0
0
0
0
0
0
0
0
0
0
0
0
0
0
0
0
0
0
0
0
0
0
0
0
0
0
0
0
0
0
0
0
0
0
0
0
0
0
0
0
0
0
0
0
0
0
0
0
0
0
0
0
0
0
0
0
0
0
0
0
0
0
0
0
0
0
0
0
0
0
0
0
0
0
0
0
0
0
0
0
0
0
0
0
0
0
0
0
0
0
0
0
0
0
0
0
0
0
0
0
0
0
0
0
0
0
0
0
0
0
0
0
0
0
0
0
0
0
0
0
0
0
0
0
0
0
0
0
0
0
0
0
0
0
0
0
0
0
0
0
0
0
0
0
0
0
0
0
0
0
0
0
0
0
0
0
0
0
0
0
0
0
0
0
0
0
0
0
0
0
0
0
0
0
0
0
0
0
0
0
0
0
0
0
0
0
0
0
0
0
0
0
0
0
0
0
0
0
0
0
0
0
0
0
0
0
0
0
0
0
0
0
0
0
0
0
0
0
0
0
0
0
0
0
0
0
0
0
0
0
0
0
0
0
0
0
0
0
0
0
0
0
0
0
0
0
0
0
0
0
0
0
0
0
0
0
0
0
0
0
0
0
0
0
0
0
0
0
0
0
0
0
0
0
0
0
0
0
0
0
0
0
0
0
0
0
0
0
0
0
0
0
0
0
0
0
0
0
0
0
0
0
0
0
0
0
0
0
0
0
0
0
0
0
0
0
0
0
0
0
0
0
0
0
0
0
0
0
0
0
0
0
0
0
0
0
0
0
0
0
0
0
0
0
0
0
0
0
0
0
0
0
0
0
0
0
0
0
0
0
0
0
0
0
0
0
0
0
0
0
0
0
0
0
0
0
0
0
0
0
0
0
0
0
0
0
0
0
0
0
0
0
0
0
0
0
0
0
0
0
0
0
0
0
0
0
0
0
0
0
0
0
0
0
0
0
0
0
0
0
0
0
0
0
0
0
0
0
0
0
0
0
0
0
0
0
0
0
0
0
0
0
0
0
0
0
0
0
0
0
0
0
0
0
0
0
0
0
0
0
0
0
0
0
0
0
0
0
0
0
0
0
0
0
0
0
0
0
0
0
0
0
0
0
0
0
0
0
0
0
0
0
0
0
0
0
0
0
0
0
0
0
0
0
0
0
0
0
0
0
0
0
0
0
0
0
0
0
0
0
0
0
0
0
0
0
0
0
0
0
0
0
0
0
0
0
0
0
0
0
0
0
0
0
0
0
0
0
0
0
0
0
0
0
0
0
0
0
0
0
0
0
0
0
0
0
0
0
0
0
0
0
0
0
0
0
0
0
0
0
0
0
0
0
0
0
0
0
0
0
0
0
0
0
0
0
0
0
0
0
0
0
0
0
0
0
0
0
0
0
0
0
0
0
0
0
0
0
0
0
0
0
0
0
0
0
0
0
0
0
0
0
0
0
0
0
0
0
0
0
0
0
0
0
0
0
0
0
0
0
0
0
0
0
0
0
0
0
0
0
0
0
0
0
0
0
0
0
0
0
0
0
0
0
0
0
0
0
0
0
0
0
0
0
0
0
0
0
0
0
0
0
0
0
0
0
0
0
0
0
0
0
0
0
0
0
0
0
0
0
0
0
0
0
0
0
0
0
0
0
0
0
0
0
0
0
0
0
0
0
0
0
0
0
0
0
0
0
0
0
0
0
0
0
0
0
0
0
0
0
0
0
0
0
0
0
0
0
0
0
0
0
0
0
0
0
0
0
0
0
0
0
0
0
0
0
0
0
0
0
0
0
0
0
0
0
0
0
0
0
0
0
0
0
0
0
0
0
0
0
0
0
0
0
0
0
0
0
0
0
0
0
0
0
0
0
0
0
0
0
0
0
0
0
0
0
0
0
0
0
0
0
0
0
0
0
0
0
0
0
0
0
0
0
0
0
0
0
0
0
0
0
0
0
0
0
0
0
0
0
0
0
0
0
0
0
0
0
0
0
0
0
0
0
0
0
0
0
0
0
0
0
0
0
0
0
0
0
0
0
0
0
0
0
0
0
0
0
0
0
0
0
0
0
0
0
0
0
0
0
0
0
0
0
0
0
0
0
0
0
0
0
0
0
0
0
0
0
0
0
0
0
0
0
0
0
0
0
0
0
0
0
0
0
0
0
0
0
0
0
0
0
0
0
0
0
0
0
0
0
0
0
0
0
0
0
0
0
0
0
0
0
0
0
0
0
0
0
0
0
0
0
0
0
0
0
0
0
0
0
0
0
0
0
0
0
0
0
0
0
0
0
0
0
0
0
0
0
0
0
0
0
0
0
0
0
0
0
0
0
0
0
0
0
0
0
0
0
0
0
0
0
0
0
0
0
0
0
0
0
0
0
0
0
0
0
0
0
0
0
0
0
0
0
0
0
0
0
0
0
0
0
0
0
0
0
0
0
0
0
0
0
0
0
0
0
0
0
0
0
0
0
0
0
0
0
0
0
0
0
0
0
0
0
0
0
0
0
0
0
0
0
0
0
0
0
0
0
0
0
0
0
0
0
0
0
0
0
0
0
0
0
0
0
0
0
0
0
0
0
0
0
0
0
0
0
0
0
0
0
0
0
0
0
0
0
0
0
0
0
0
0
0
0
0
0
0
0
0
0
0
0
0
0
0
0
0
0
0
0
0
0
0
0
0
0
0
0
0
0
0
0
0
0
0
0
0
0
0
0
0
0
0
0
0
0
0
0
0
0
0
0
0
0
0
0
0
0
0
0
0
0
0
0
0
0
0
0
0
0
0
0
0
0
0
0
0
0
0
0
0
0
0
0
0
0
0
0
0
0
0
0
0
0
0
0
0
0
0
0
0
0
0
0
0
0
0
0
0
0
0
0
0
0
0
0
0
0
0
0
0
0
0
0
0
0
0
0
0
0
0
0
0
0
0
0
0
0
0
0
0
0
0
0
0
0
0
0
0
0
0
0
0
0
0
0
0
0
0
0
0
0
0
0
0
0
0
0
0
0
0
0
0
0
0
0
0
0
0
0
0
0
0
0
0
0
0
0
0
0
0
0
0
0
0
0
0
0
0
0
0
0
0
0
0
0
0
0
0
0
0
0
0
0
0
0
0
0
0
0
0
0
0
0
0
0
0
0
0
0
0
0
0
0
0
0
0
0
0
0
0
0
0
0
0
0
0
0
0
0
0
0
0
0
0
0
0
0
0
0
0
0
0
0
0
0
0
0
0
0
0
0
0
0
0
0
0
0
0
0
0
0
0
0
0
0
0
0
0
0
0
0
0
0
0
0
0
0
0
0
0
0
0
0
0
0
0
0
0
0
0
0
0
0
0
0
0
0
0
0
0
0
0
0
0
0
0
0
0
0
0
0
0
0
0
0
0
0
0
0
0
0
0
0
0
0
0
0
0
0
0
0
0
0
0
0
0
0
0
0
0
0
0
0
0
0
0
0
0
0
0
0
0
0
0
0
0
0
0
0
0
0
0
0
0
0
0
0
0
0
0
0
0
0
0
0
0
0
0
0
0
0
0
0
0
0
0
0
0
0
0
0
0
0
0
0
0
0
0
0
0
0
0
0
0
0
0
0
0
0
0
0
0
0
0
0
0
0
0
0
0
0
0
0
0
0
0
0
0
0
0
0
0
0
0
0
0
0
0
0
0
0
0
0
0
0
0
0
0
0
0
0
0
0
0
0
0
0
0
0
0
0
0
0
0
0
0
0
0
0
0
0
0
0
0
0
0
0
0
0
0
0
0
0
0
0
0
0
0
0
0
0
0
0
0
0
0
0
0
0
0
0
0
0
0
0
0
0
0
0
0
0
0
0
0
0
0
0
0
0
0
0
0
0
0
0
0
0
0
0
0
0
0
0
0
0
0
0
0
0
0
0
0
0
0
0
0
0
0
0
0
0
0
0
0
0
0
0
0
0
0
0
0
0
0
0
0
0
0
0
0
0
0
0
0
0
0
0
0
0
0
0
0
0
0
0
0
0
0
0
0
0
0
0
0
0
0
0
0
0
0
0
0
0
0
0
0
0
0
0
0
0
0
0
0
0
0
0
0
0
0
0
0
0
0
0
0
0
0
0
0
0
0
0
0
0
0
0
0
0
0
0
0
0
0
0
0
0
0
0
0
0
0
0
0
0
0
0
0
0
0
0
0
0
0
0
0
0
0
0
0
0
0
0
0
0
0
0
0
0
0
0
0
0
0
0
0
0
0
0
0
0
0
0
0
0
0
0
0
0
0
0
0
0
0
0
0
0
0
0
0
0
0
0
0
0
0
0
0
0
0
0
0
0
0
0
0
0
0
0
0
0
0
0
0
0
0
0
0
0
0
0
0
0
0
0
0
0
0
0
0
0
0
0
0
0
0
0
0
0
0
0
0
0
0
0
0
0
0
0
0
0
0
0
0
0
0
0
0
0
0
0
0
0
0
0
0
0
0
0
0
0
0
0
0
0
0
0
0
0
0
0
0
0
0
0
0
0
0
0
0
0
0
0
0
0
0
0
0
0
0
0
0
0
0
0
0
0
0
0
0
0
0
0
0
0
0
0
0
0
0
0
0
0
0
0
0
0
0
0
0
0
0
0
0
0
0
0
0
0
0
0
0
0
0
0
0
0
0
0
0
0
0
0
0
0
0
0
0
0
0
0
0
0
0
0
0
0
0
0
0
0
0
0
0
0
0
0
0
0
0
0
0
0
0
0
0
0
0
0
0
0
0
0
0
0
0
0
0
0
0
0
0
0
0
0
0
0
0
0
0
0
0
0
0
0
0
0
0
0
0
0
0
0
0
0
0
0
0
0
0
0
0
0
0
0
0
0
0
0
0
0
0
0
0
0
0
0
0
0
0
0
0
0
0
0
0
0
0
0
0
0
0
0
0
0
0
0
0
0
0
0
0
0
0
0
0
0
0
0
0
0
0
0
0
0
0
0
0
0
0
0
0
0
0
0
0
0
0
0
0
0
0
0
0
0
0
0
0
0
0
0
0
0
0
0
0
0
0
0
0
0
0
0
0
0
0
0
0
0
0
0
0
0
0
0
0
0
0
0
0
0
0
0
0
0
0
0
0
0
0
0
0
0
0
0
0
0
0
0
0
0
0
0
0
0
0
0
0
0
0
0
0
0
0
0
0
0
0
0
0
0
0
0
0
0
0
0
0
0
0
0
0
0
0
0
0
0
0
0
0
0
0
0
0
0
0
0
0
0
0
0
0
0
0
0
0
0
0
0
0
0
0
0
0
0
0
0
0
0
0
0
0
0
0
0
0
0
0
0
0
0
0
0
0
0
0
0
0
0
0
0
0
0
0
0
0
0
0
0
0
0
0
0
0
0
0
0
0
0
0
0
0
0
0
0
0
0
0
0
0
0
0
0
0
0
0
0
0
0
0
0
0
0
0
0
0
0
0
0
0
0
0
0
0
0
0
0
0
0
0
0
0
0
0
0
0
0
0
0
0
0
0
0
0
0
0
0
0
0
0
0
0
0
0
0
0
0
0
0
0
0
0
0
0
0
0
0
0
0
0
0
0
0
0
0
0
0
0
0
0
0
0
0
0
0
0
0
0
0
0
0
0
0
0
0
0
0
0
0
0
0
0
0
0
0
0
0
0
0
0
0
0
0
0
0
0
0
0
0
0
0
0
0
0
0
0
0
0
0
0
0
0
0
0
0
0
0
0
0
0
0
0
0
0
0
0
0
0
0
0
0
0
0
0
0
0
0
0
0
0
0
0
0
0
0
0
0
0
0
0
0
0
0
0
0
0
0
0
0
0
0
0
0
0
0
0
0
0
0
0
0
0
0
0
0
0
0
0
0
0
0
0
0
0
0
0
0
0
0
0
0
0
0
0
0
0
0
0
0
0
0
0
0
0
0
0
0
0
0
0
0
0
0
0
0
0
0
0
0
0
0
0
0
0
0
0
0
0
0
0
0
0
0
0
0
0
0
0
0
0
0
0
0
0
0
0
0
0
0
0
0
0
0
0
0
0
0
0
0
0
0
0
0
0
0
0
0
0
0
0
0
0
0
0
0
0
0
0
0
0
0
0
0
0
0
0
0
0
0
0
0
0
0
0
0
0
0
0
0
0
0
0
0
0
0
0
0
0
0
0
0
0
0
0
0
0
0
0
0
0
0
0
0
0
0
0
0
0
0
0
0
0
0
0
0
0
0
0
0
0
0
0
0
0
0
0
0
0
0
0
0
0
0
0
0
0
0
0
0
0
0
0
0
0
0
0
0
0
0
0
0
0
0
0
0
0
0
0
0
0
0
0
0
0
0
0
0
0
0
0
0
0
0
0
0
0
0
0
0
0
0
0
0
0
0
0
0
0
0
0
0
0
0
0
0
0
0
0
0
0
0
0
0
0
0
0
0
0
0
0
0
0
0
0
0
0
0
0
0
0
0
0
0
0
0
0
0
0
0
0
0
0
0
0
0
0
0
0
0
0
0
0
0
0
0
0
0
0
0
0
0
0
0
0
0
0
0
0
0
0
0
0
0
0
0
0
0
0
0
0
0
0
0
0
0
0
0
0
0
0
0
0
0
0
0
0
0
0
0
0
0
0
0
0
0
0
0
0
0
0
0
0
0
0
0
0
0
0
0
0
0
0
0
0
0
0
0
0
0
0
0
0
0
0
0
0
0
0
0
0
0
0
0
0
0
0
0
0
0
0
0
0
0
0
0
0
0
0
0
0
0
0
0
0
0
0
0
0
0
0
0
0
0
0
0
0
0
0
0
0
0
0
0
0
0
0
0
0
0
0
0
0
0
0
0
0
0
0
0
0
0
0
0
0
0
0
0
0
0
0
0
0
0
0
0
0
0
0
0
0
0
0
0
0
0
0
0
0
0
0
0
0
0
0
0
0
0
0
0
0
0
0
0
0
0
0
0
0
0
0
0
0
0
0
0
0
0
0
0
0
0
0
0
0
0
0
0
0
0
0
0
0
0
0
0
0
0
0
0
0
0
0
0
0
0
0
0
0
0
0
0
0
0
0
0
0
0
0
0
0
0
0
0
0
0
0
0
0
0
0
0
0
0
0
0
0
0
0
0
0
0
0
0
0
0
0
0
0
0
0
0
0
0
0
0
0
0
0
0
0
0
0
0
0
0
0
0
0
0
0
0
0
0
0
0
0
0
0
0
0
0
0
0
0
0
0
0
0
0
0
0
0
0
0
0
0
0
0
0
0
0
0
0
0
0
0
0
0
0
0
0
0
0
0
0
0
0
0
0
0
0
0
0
0
0
0
0
0
0
0
0
0
0
0
0
0
0
0
0
0
0
0
0
0
0
0
0
0
0
0
0
0
0
0
0
0
0
0
0
0
0
0
0
0
0
0
0
0
0
0
0
0
0
0
0
0
0
0
0
0
0
0
0
0
0
0
0
0
0
0
0
0
0
0
0
0
0
0
0
0
0
0
0
0
0
0
0
0
0
0
0
0
0
0
0
0
0
0
0
0
0
0
0
0
0
0
0
0
0
0
0
0
0
0
0
0
0
0
0
0
0
0
0
0
0
0
0
0
0
0
0
0
0
0
0
0
0
0
0
0
0
0
0
0
0
0
0
0
0
0
0
0
0
0
0
0
0
0
0
0
0
0
0
0
0
0
0
0
0
0
0
0
0
0
0
0
0
0
0
0
0
0
0
0
0
0
0
0
0
0
0
0
0
0
0
0
0
0
0
0
0
0
0
0
0
0
0
0
0
0
0
0
0
0
0
0
0
0
0
0
0
0
0
0
0
0
0
0
0
0
0
0
0
0
0
0
0
0
0
0
0
0
0
0
0
0
0
0
0
0
0
0
0
0
0
0
0
0
0
0
0
0
0
0
0
0
0
0
0
0
0
0
0
0
0
0
0
0
0
0
0
0
0
0
0
0
0
0
0
0
0
0
0
0
0
0
0
0
0
0
0
0
0
0
0
0
0
0
0
0
0
0
0
0
0
0
0
0
0
0
0
0
0
0
0
0
0
0
0
0
0
0
0
0
0
0
0
0
0
0
0
0
0
0
0
0
0
0
0
0
0
0
0
0
0
0
0
0
0
0
0
0
0
0
0
0
0
0
0
0
0
0
0
0
0
0
0
0
0
0
0
0
0
0
0
0
0
0
0
0
0
0
0
0
0
0
0
0
0
0
0
0
0
0
0
0
0
0
0
0
0
0
0
0
0
0
0
0
0
0
0
0
0
0
0
0
0
0
0
0
0
0
0
0
0
0
0
0
0
0
0
0
0
0
0
0
0
0
0
0
0
0
0
0
0
0
0
0
0
0
0
0
0
0
0
0
0
0
0
0
0
0
0
0
0
0
0
0
0
0
0
0
0
0
0
0
0
0
0
0
0
0
0
0
0
0
0
0
0
0
0
0
0
0
0
0
0
0
0
0
0
0
0
0
0
0
0
0
0
0
0
0
0
0
0
0
0
0
0
0
0
0
0
0
0
0
0
0
0
0
0
0
0
0
0
0
0
0
0
0
0
0
0
0
0
0
0
0
0
0
0
0
0
0
0
0
0
0
0
0
0
0
0
0
0
0
0
0
0
0
0
0
0
0
0
0
0
0
0
0
0
0
0
0
0
0
0
0
0
0
0
0
0
0
0
0
0
0
0
0
0
0
0
0
0
0
0
0
0
0
0
0
0
0
0
0
0
0
0
0
0
0
0
0
0
0
0
0
0
0
0
0
0
0
0
0
0
0
0
0
0
0
0
0
0
0
0
0
0
0
0
0
0
0
0
0
0
0
0
0
0
0
0
0
0
0
0
0
0
0
0
0
0
0
0
0
0
0
0
0
0
0
0
0
0
0
0
0
0
0
0
0
0
0
0
0
0
0
0
0
0
0
0
0
0
0
0
0
0
0
0
0
0
0
0
0
0
0
0
0
0
0
0
0
0
0
0
0
0
0
0
0
0
0
0
0
0
0
0
0
0
0
0
0
0
0
0
0
0
0
0
0
0
0
0
0
0
0
0
0
0
0
0
0
0
0
0
0
0
0
0
0
0
0
0
0
0
0
0
0
0
0
0
0
0
0
0
0
0
0
0
0
0
0
0
0
0
0
0
0
0
0
0
0
0
0
0
0
0
0
0
0
0
0
0
0
0
0
0
0
0
0
0
0
0
0
0
0
0
0
0
0
0
0
0
0
0
0
0
0
0
0
0
0
0
0
0
0
0
0
0
0
0
0
0
0
0
0
0
0
0
0
0
0
0
0
0
0
0
0
0
0
0
0
0
0
0
0
0
0
0
0
0
0
0
0
0
0
0
0
0
0
0
0
0
0
0
0
0
0
0
0
0
0
0
0
0
0
0
0
0
0
0
0
0
0
0
0
0
0
0
0
0
0
0
0
0
0
0
0
0
0
0
0
0
0
0
0
0
0
0
0
0
0
0
0
0
0
0
0
0
0
0
0
0
0
0
0
0
0
0
0
0
0
0
0
0
0
0
0
0
0
0
0
0
0
0
0
0
0
0
0
0
0
0
0
0
0
0
0
0
0
0
0
0
0
0
0
0
0
0
0
0
0
0
0
0
0
0
0
0
0
0
0
0
0
0
0
0
0
0
0
0
0
0
0
0
0
0
0
0
0
0
0
0
0
0
0
0
0
0
0
0
0
0
0
0
0
0
0
0
0
0
0
0
0
0
0
0
0
0
0
0
0
0
0
0
0
0
0
0
0
0
0
0
0
0
0
0
0
0
0
0
0
0
0
0
0
0
0
0
0
0
0
0
0
0
0
0
0
0
0
0
0
0
0
0
0
0
0
0
0
0
0
0
0
0
0
0
0
0
0
0
0
0
0
0
0
0
0
0
0
0
0
0
0
0
0
0
0
0
0
0
0
0
0
0
0
0
0
0
0
0
0
0
0
0
0
0
0
0
0
0
0
0
0
0
0
0
0
0
0
0
0
0
0
0
0
0
0
0
0
0
0
0
0
0
0
0
0
0
0
0
0
0
0
0
0
0
0
0
0
0
0
0
0
0
0
0
0
0
0
0
0
0
0
0
0
0
0
0
0
0
0
0
0
0
0
0
0
0
0
0
0
0
0
0
0
0
0
0
0
0
0
0
0
0
0
0
0
0
0
0
0
0
0
0
0
0
0
0
0
0
0
0
0
0
0
0
0
0
0
0
0
0
0
0
0
0
0
0
0
0
0
0
0
0
0
0
0
0
0
0
0
0
0
0
0
0
0
0
0
0
0
0
0
0
0
0
0
0
0
0
0
0
0
0
0
0
0
0
0
0
0
0
0
0
0
0
0
0
0
0
0
0
0
0
0
0
0
0
0
0
0
0
0
0
0
0
0
0
0
0
0
0
0
0
0
0
0
0
0
0
0
0
0
0
0
0
0
0
0
0
0
0
0
0
0
0
0
0
0
0
0
0
0
0
0
0
0
0
0
0
0
0
0
0
0
0
0
0
0
0
0
0
0
0
0
0
0
0
0
0
0
0
0
0
0
0
0
0
0
0
0
0
0
0
0
0
0
0
0
0
0
0
0
0
0
0
0
0
0
0
0
0
0
0
0
0
0
0
0
0
0
0
0
0
0
0
0
0
0
0
0
0
0
0
0
0
0
0
0
0
0
0
0
0
0
0
0
0
0
0
0
0
0
0
0
0
0
0
0
0
0
0
0
0
0
0
0
0
0
0
0
0
0
0
0
0
0
0
0
0
0
0
0
0
0
0
0
0
0
0
0
0
0
0
0
0
0
0
0
0
0
0
0
0
0
0
0
0
0
0
0
0
0
0
0
0
0
0
0
0
0
0
0
0
0
0
0
0
0
0
0
0
0
0
0
0
0
0
0
0
0
0
0
0
0
0
0
0
0
0
0
0
0
0
0
0
0
0
0
0
0
0
0
0
0
0
0
0
0
0
0
0
0
0
0
0
0
0
0
0
0
0
0
0
0
0
0
0
0
0
0
0
0
0
0
0
0
0
0
0
0
0
0
0
0
0
0
0
0
0
0
0
0
0
0
0
0
0
0
0
0
0
0
0
0
0
0
0
0
0
0
0
0
0
0
0
0
0
0
0
0
0
0
0
0
0
0
0
0
0
0
0
0
0
0
0
0
0
0
0
0
0
0
0
0
0
0
0
0
0
0
0
0
0
0
0
0
0
0
0
0
0
0
0
0
0
0
0
0
0
0
0
0
0
0
0
0
0
0
0
0
0
0
0
0
0
0
0
0
0
0
0
0
0
0
0
0
0
0
0
0
0
0
0
0
0
0
0
0
0
0
0
0
0
0
0
0
0
0
0
0
0
0
0
0
0
0
0
0
0
0
0
0
0
0
0
0
0
0
0
0
0
0
0
0
0
0
0
0
0
0
0
0
0
0
0
0
0
0
0
0
0
0
0
0
0
0
0
0
0
0
0
0
0
0
0
0
0
0
0
0
0
0
0
0
0
0
0
0
0
0
0
0
0
0
0
0
0
0
0
0
0
0
0
0
0
0
0
0
0
0
0
0
0
0
0
0
0
0
0
0
0
0
0
0
0
0
0
0
0
0
0
0
0
0
0
0
0
0
0
0
0
0
0
0
0
0
0
0
0
0
0
0
0
0
0
0
0
0
0
0
0
0
0
0
0
0
0
0
0
0
0
0
0
0
0
0
0
0
0
0
0
0
0
0
0
0
0
0
0
0
0
0
0
0
0
0
0
0
0
0
0
0
0
0
0
0
0
0
0
0
0
0
0
0
0
0
0
0
0
0
0
0
0
0
0
0
0
0
0
0
0
0
0
0
0
0
0
0
0
0
0
0
0
0
0
0
0
0
0
0
0
0
0
0
0
0
0
0
0
0
0
0
0
0
0
0
0
0
0
0
0
0
0
0
0
0
0
0
0
0
0
0
0
0
0
0
0
0
0
0
0
0
0
0
0
0
0
0
0
0
0
0
0
0
0
0
0
0
0
0
0
0
0
0
0
0
0
0
0
0
0
0
0
0
0
0
0
0
0
0
0
0
0
0
0
0
0
0
0
0
0
0
0
0
0
0
0
0
0
0
0
0
0
0
0
0
0
0
0
0
0
0
0
0
0
0
0
0
0
0
0
0
0
0
0
0
0
0
0
0
0
0
0
0
0
0
0
0
0
0
0
0
0
0
0
0
0
0
0
0
0
0
0
0
0
0
0
0
0
0
0
0
0
0
0
0
0
0
0
0
0
0
0
0
0
0
0
0
0
0
0
0
0
0
0
0
0
0
0
0
0
0
0
0
0
0
0
0
0
0
0
0
0
0
0
0
0
0
0
0
0
0
0
0
0
0
0
0
0
0
0
0
0
0
0
0
0
0
0
0
0
0
0
0
0
0
0
0
0
0
0
0
0
0
0
0
0
0
0
0
0
0
0
0
0
0
0
0
0
0
0
0
0
0
0
0
0
0
0
0
0
0
0
0
0
0
0
0
0
0
0
0
0
0
0
0
0
0
0
0
0
0
0
0
0
0
0
0
0
0
0
0
0
0
0
0
0
0
0
0
0
0
0
0
0
0
0
0
0
0
0
0
0
0
0
0
0
0
0
0
0
0
0
0
0
0
0
0
0
0
0
0
0
0
0
0
0
0
0
0
0
0
0
0
0
0
0
0
0
0
0
0
0
0
0
0
0
0
0
0
0
0
0
0
0
0
0
0
0
0
0
0
0
0
0
0
0
0
0
0
0
0
0
0
0
0
0
0
0
0
0
0
0
0
0
0
0
0
0
0
0
0
0
0
0
0
0
0
0
0
0
0
0
0
0
0
0
0
0
0
0
0
0
0
0
0
0
0
0
0
0
0
0
0
0
0
0
0
0
0
0
0
0
0
0
0
0
0
0
0
0
0
0
0
0
0
0
0
0
0
0
0
0
0
0
0
0
0
0
0
0
0
0
0
0
0
0
0
0
0
0
0
0
0
0
0
0
0
0
0
0
0
0
0
0
0
0
0
0
0
0
0
0
0
0
0
0
0
0
0
0
0
0
0
0
0
0
0
0
0
0
0
0
0
0
0
0
0
0
0
0
0
0
0
0
0
0
0
0
0
0
0
0
0
0
0
0
0
0
0
0
0
0
0
0
0
0
0
0
0
0
0
0
0
0
0
0
0
0
0
0
0
0
0
0
0
0
0
0
0
0
0
0
0
0
0
0
0
0
0
0
0
0
0
0
0
0
0
0
0
0
0
0
0
0
0
0
0
0
0
0
0
0
0
0
0
0
0
0
0
0
0
0
0
0
0
0
0
0
0
0
0
0
0
0
0
0
0
0
0
0
0
0
0
0
0
0
0
0
0
0
0
0
0
0
0
0
0
0
0
0
0
0
0
0
0
0
0
0
0
0
0
0
0
0
0
0
0
0
0
0
0
0
0
0
0
0
0
0
0
0
0
0
0
0
0
0
0
0
0
0
0
0
0
0
0
0
0
0
0
0
0
0
0
0
0
0
0
0
0
0
0
0
0
0
0
0
0
0
0
0
0
0
0
0
0
0
0
0
0
0
0
0
0
0
0
0
0
0
0
0
0
0
0
0
0
0
0
0
0
0
0
0
0
0
0
0
0
0
0
0
0
0
0
0
0
0
0
0
0
0
0
0
0
0
0
0
0
0
0
0
0
0
0
0
0
0
0
0
0
0
0
0
0
0
0
0
0
0
0
0
0
0
0
0
0
0
0
0
0
0
0
0
0
0
0
0
0
0
0
0
0
0
0
0
0
0
0
0
0
0
0
0
0
0
0
0
0
0
0
0
0
0
0
0
0
0
0
0
0
0
0
0
0
0
0
0
0
0
0
0
0
0
0
0
0
0
0
0
0
0
0
0
0
0
0
0
0
0
0
0
0
0
0
0
0
0
0
0
0
0
0
0
0
0
0
0
0
0
0
0
0
0
0
0
0
0
0
0
0
0
0
0
0
0
0
0
0
0
0
0
0
0
0
0
0
0
0
0
0
0
0
0
0
0
0
0
0
0
0
0
0
0
0
0
0
0
0
0
0
0
0
0
0
0
0
0
0
0
0
0
0
0
0
0
0
0
0
0
0
0
0
0
0
0
0
0
0
0
0
0
0
0
0
0
0
0
0
0
0
0
0
0
0
0
0
0
0
0
0
0
0
0
0
0
0
0
0
0
0
0
0
0
0
0
0
0
0
0
0
0
0
0
0
0
0
0
0
0
0
0
0
0
0
0
0
0
0
0
0
0
0
0
0
0
0
0
0
0
0
0
0
0
0
0
0
0
0
0
0
0
0
0
0
0
0
0
0
0
0
0
0
0
0
0
0
0
0
0
0
0
0
0
0
0
0
0
0
0
0
0
0
0
0
0
0
0
0
0
0
0
0
0
0
0
0
0
0
0
0
0
0
0
0
0
0
0
0
0
0
0
0
0
0
0
0
0
0
0
0
0
0
0
0
0
0
0
0
0
0
0
0
0
0
0
0
0
0
0
0
0
0
0
0
0
0
0
0
0
0
0
0
0
0
0
0
0
0
0
0
0
0
0
0
0
0
0
0
0
0
0
0
0
0
0
0
0
0
0
0
0
0
0
0
0
0
0
0
0
0
0
0
0
0
0
0
0
0
0
0
0
0
0
0
0
0
0
0
0
0
0
0
0
0
0
0
0
0
0
0
0
0
0
0
0
0
0
0
0
0
0
0
0
0
0
0
0
0
0
0
0
0
0
0
0
0
0
0
0
0
0
0
0
0
0
0
0
0
0
0
0
0
0
0
0
0
0
0
0
0
0
0
0
0
0
0
0
0
0
0
0
0
0
0
0
0
0
0
0
0
0
0
0
0
0
0
0
0
0
0
0
0
0
0
0
0
0
0
0
0
0
0
0
0
0
0
0
0
0
0
0
0
0
0
0
0
0
0
0
0
0
0
0
0
0
0
0
0
0
0
0
0
0
0
0
0
0
0
0
0
0
0
0
0
0
0
0
0
0
0
0
0
0
0
0
0
0
0
0
0
0
0
0
0
0
0
0
0
0
0
0
0
0
0
0
0
0
0
0
0
0
0
0
0
0
0
0
0
0
0
0
0
0
0
0
0
0
0
0
0
0
0
0
0
0
0
0
0
0
0
0
0
0
0
0
0
0
0
0
0
0
0
0
0
0
0
0
0
0
0
0
0
0
0
0
0
0
0
0
0
0
0
0
0
0
0
0
0
0
0
0
0
0
0
0
0
0
0
0
0
0
0
0
0
0
0
0
0
0
0
0
0
0
0
0
0
0
0
0
0
0
0
0
0
0
0
0
0
0
0
0
0
0
0
0
0
0
0
0
0
0
0
0
0
0
0
0
0
0
0
0
0
0
0
0
0
0
0
0
0
0
0
0
0
0
0
0
0
0
0
0
0
0
0
0
0
0
0
0
0
0
0
0
0
0
0
0
0
0
0
0
0
0
0
0
0
0
0
0
0
0
0
0
0
0
0
0
0
0
0
0
0
0
0
0
0
0
0
0
0
0
0
0
0
0
0
0
0
0
0
0
0
0
0
0
0
0
0
0
0
0
0
0
0
0
0
0
0
0
0
0
0
0
0
0
0
0
0
0
0
0
0
0
0
0
0
0
0
0
0
0
0
0
0
0
0
0
0
0
0
0
0
0
0
0
0
0
0
0
0
0
0
0
0
0
0
0
0
0
0
0
0
0
0
0
0
0
0
0
0
0
0
0
0
0
0
0
0
0
0
0
0
0
0
0
0
0
0
0
0
0
0
0
0
0
0
0
0
0
0
0
0
0
0
0
0
0
0
0
0
0
0
0
0
0
0
0
0
0
0
0
0
0
0
0
0
0
0
0
0
0
0
0
0
0
0
0
0
0
0
0
0
0
0
0
0
0
0
0
0
0
0
0
0
0
0
0
0
0
0
0
0
0
0
0
0
0
0
0
0
0
0
0
0
0
0
0
0
0
0
0
0
0
0
0
0
0
0
0
0
0
0
0
0
0
0
0
0
0
0
0
0
0
0
0
0
0
0
0
0
0
0
0
0
0
0
0
0
0
0
0
0
0
0
0
0
0
0
0
0
0
0
0
0
0
0
0
0
0
0
0
0
0
0
0
0
0
0
0
0
0
0
0
0
0
0
0
0
0
0
0
0
0
0
0
0
0
0
0
0
0
0
0
0
0
0
0
0
0
0
0
0
0
0
0
0
0
0
0
0
0
0
0
0
0
0
0
0
0
0
0
0
0
0
0
0
0
0
0
0
0
0
0
0
0
0
0
0
0
0
0
0
0
0
0
0
0
0
0
0
0
0
0
0
0
0
0
0
0
0
0
0
0
0
0
0
0
0
0
0
0
0
0
0
0
0
0
0
0
0
0
0
0
0
0
0
0
0
0
0
0
0
0
0
0
0
0
0
0
0
0
0
0
0
0
0
0
0
0
0
0
0
0
0
0
0
0
0
0
0
0
0
0
0
0
0
0
0
0
0
0
0
0
0
0
0
0
0
0
0
0
0
0
0
0
0
0
0
0
0
0
0
0
0
0
0
0
0
0
0
0
0
0
0
0
0
0
0
0
0
0
0
0
0
0
0
0
0
0
0
0
0
0
0
0
0
0
0
0
0
0
0
0
0
0
0
0
0
0
0
0
0
0
0
0
0
0
0
0
0
0
0
0
0
0
0
0
0
0
0
0
0
0
0
0
0
0
0
0
0
0
0
0
0
0
0
0
0
0
0
0
0
0
0
0
0
0
0
0
0
0
0
0
0
0
0
0
0
0
0
0
0
0
0
0
0
0
0
0
0
0
0
0
0
0
0
0
0
0
0
0
0
0
0
0
0
0
0
0
0
0
0
0
0
0
0
0
0
0
0
0
0
0
0
0
0
0
0
0
0
0
0
0
0
0
0
0
0
0
0
0
0
0
0
0
0
0
0
0
0
0
0
0
0
0
0
0
0
0
0
0
0
0
0
0
0
0
0
0
0
0
0
0
0
0
0
0
0
0
0
0
0
0
0
0
0
0
0
0
0
0
0
0
0
0
0
0
0
0
0
0
0
0
0
0
0
0
0
0
0
0
0
0
0
0
0
0
0
0
0
0
0
0
0
0
0
0
0
0
0
0
0
0
0
0
0
0
0
0
0
0
0
0
0
0
0
0
0
0
0
0
0
0
0
0
0
0
0
0
0
0
0
0
0
0
0
0
0
0
0
0
0
0
0
0
0
0
0
0
0
0
0
0
0
0
0
0
0
0
0
0
0
0
0
0
0
0
0
0
0
0
0
0
0
0
0
0
0
0
0
0
0
0
0
0
0
0
0
0
0
0
0
0
0
0
0
0
0
0
0
0
0
0
0
0
0
0
0
0
0
0
0
0
0
0
0
0
0
0
0
0
0
0
0
0
0
0
0
0
0
0
0
0
0
0
0
0
0
0
0
0
0
0
0
0
0
0
0
0
0
0
0
0
0
0
0
0
0
0
0
0
0
0
0
0
0
0
0
0
0
0
0
0
0
0
0
0
0
0
0
0
0
0
0
0
0
0
0
0
0
0
0
0
0
0
0
0
0
0
0
0
0
0
0
0
0
0
0
0
0
0
0
0
0
0
0
0
0
0
0
0
0
0
0
0
0
0
0
0
0
0
0
0
0
0
0
0
0
0
0
0
0
0
0
0
0
0
0
0
0
0
0
0
0
0
0
0
0
0
0
0
0
0
0
0
0
0
0
0
0
0
0
0
0
0
0
0
0
0
0
0
0
0
0
0
0
0
0
0
0
0
0
0
0
0
0
0
0
0
0
0
0
0
0
0
0
0
0
0
0
0
0
0
0
0
0
0
0
0
0
0
0
0
0
0
0
0
0
0
0
0
0
0
0
0
0
0
0
0
0
0
0
0
0
0
0
0
0
0
0
0
0
0
0
0
0
0
0
0
0
0
0
0
0
0
0
0
0
0
0
0
0
0
0
0
0
0
0
0
0
0
0
0
0
0
0
0
0
0
0
0
0
0
0
0
0
0
0
0
0
0
0
0
0
0
0
0
0
0
0
0
0
0
0
0
0
0
0
0
0
0
0
0
0
0
0
0
0
0
0
0
0
0
0
0
0
0
0
0
0
0
0
0
0
0
0
0
0
0
0
0
0
0
0
0
0
0
0
0
0
0
0
0
0
0
0
0
0
0
0
0
0
0
0
0
0
0
0
0
0
0
0
0
0
0
0
0
0
0
0
0
0
0
0
0
0
0
0
0
0
0
0
0
0
0
0
0
0
0
0
0
0
0
0
0
0
0
0
0
0
0
0
0
0
0
0
0
0
0
0
0
0
0
0
0
0
0
0
0
0
0
0
0
0
0
0
0
0
0
0
0
0
0
0
0
0
0
0
0
0
0
0
0
0
0
0
0
0
0
0
0
0
0
0
0
0
0
0
0
0
0
0
0
0
0
0
0
0
0
0
0
0
0
0
0
0
0
0
0
0
0
0
0
0
0
0
0
0
0
0
0
0
0
0
0
0
0
0
0
0
0
0
0
0
0
0
0
0
0
0
0
0
0
0
0
0
0
0
0
0
0
0
0
0
0
0
0
0
0
0
0
0
0
0
0
0
0
0
0
0
0
0
0
0
0
0
0
0
0
0
0
0
0
0
0
0
0
0
0
0
0
0
0
0
0
0
0
0
0
0
0
0
0
0
0
0
0
0
0
0
0
0
0
0
0
0
0
0
0
0
0
0
0
0
0
0
0
0
0
0
0
0
0
0
0
0
0
0
0
0
0
0
0
0
0
0
0
0
0
0
0
0
0
0
0
0
0
0
0
0
0
0
0
0
0
0
0
0
0
0
0
0
0
0
0
0
0
0
0
0
0
0
0
0
0
0
0
0
0
0
0
0
0
0
0
0
0
0
0
0
0
0
0
0
0
0
0
0
0
0
0
0
0
0
0
0
0
0
0
0
0
0
0
0
0
0
0
0
0
0
0
0
0
0
0
0
0
0
0
0
0
0
0
0
0
0
0
0
0
0
0
0
0
0
0
0
0
0
0
0
0
0
0
0
0
0
0
0
0
0
0
0
0
0
0
0
0
0
0
0
0
0
0
0
0
0
0
0
0
0
0
0
0
0
0
0
0
0
0
0
0
0
0
0
0
0
0
0
0
0
0
0
0
0
0
0
0
0
0
0
0
0
0
0
0
0
0
0
0
0
0
0
0
0
0
0
0
0
0
0
0
0
0
0
0
0
0
0
0
0
0
0
0
0
0
0
0
0
0
0
0
0
0
0
0
0
0
0
0
0
0
0
0
0
0
0
0
0
0
0
0
0
0
0
0
0
0
0
0
0
0
0
0
0
0
0
0
0
0
0
0
0
0
0
0
0
0
0
0
0
0
0
0
0
0
0
0
0
0
0
0
0
0
0
0
0
0
0
0
0
0
0
0
0
0
0
0
0
0
0
0
0
0
0
0
0
0
0
0
0
0
0
0
0
0
0
0
0
0
0
0
0
0
0
0
0
0
0
0
0
0
0
0
0
0
0
0
0
0
0
0
0
0
0
0
0
0
0
0
0
0
0
0
0
0
0
0
0
0
0
0
0
0
0
0
0
0
0
0
0
0
0
0
0
0
0
0
0
0
0
0
0
0
0
0
0
0
0
0
0
0
0
0
0
0
0
0
0
0
0
0
0
0
0
0
0
0
0
0
0
0
0
0
0
0
0
0
0
0
0
0
0
0
0
0
0
0
0
0
0
0
0
0
0
0
0
0
0
0
0
0
0
0
0
0
0
0
0
0
0
0
0
0
0
0
0
0
0
0
0
0
0
0
0
0
0
0
0
0
0
0
0
0
0
0
0
0
0
0
0
0
0
0
0
0
0
0
0
0
0
0
0
0
0
0
0
0
0
0
0
0
0
0
0
0
0
0
0
0
0
0
0
0
0
0
0
0
0
0
0
0
0
0
0
0
0
0
0
0
0
0
0
0
0
0
0
0
0
0
0
0
0
0
0
0
0
0
0
0
0
0
0
0
0
0
0
0
0
0
0
0
0
0
0
0
0
0
0
0
0
0
0
0
0
0
0
0
0
0
0
0
0
0
0
0
0
0
0
0
0
0
0
0
0
0
0
0
0
0
0
0
0
0
0
0
0
0
0
0
0
0
0
0
0
0
0
0
0
0
0
0
0
0
0
0
0
0
0
0
0
0
0
0
0
0
0
0
0
0
0
0
0
0
0
0
0
0
0
0
0
0
0
0
0
0
0
0
0
0
0
0
0
0
0
0
0
0
0
0
0
0
0
0
0
0
0
0
0
0
0
0
0
0
0
0
0
0
0
0
0
0
0
0
0
0
0
0
0
0
0
0
0
0
0
0
0
0
0
0
0
0
0
0
0
0
0
0
0
0
0
0
0
0
0
0
0
0
0
0
0
0
0
0
0
0
0
0
0
0
0
0
0
0
0
0
0
0
0
0
0
0
0
0
0
0
0
0
0
0
0
0
0
0
0
0
0
0
0
0
0
0
0
0
0
0
0
0
0
0
0
0
0
0
0
0
0
0
0
0
0
0
0
0
0
0
0
0
0
0
0
0
0
0
0
0
0
0
0
0
0
0
0
0
0
0
0
0
0
0
0
0
0
0
0
0
0
0
0
0
0
0
0
0
0
0
0
0
0
0
0
0
0
0
0
0
0
0
0
0
0
0
0
0
0
0
0
0
0
0
0
0
0
0
0
0
0
0
0
0
0
0
0
0
0
0
0
0
0
0
0
0
0
0
0
0
0
0
0
0
0
0
0
0
0
0
0
0
0
0
0
0
0
0
0
0
0
0
0
0
0
0
0
0
0
0
0
0
0
0
0
0
0
0
0
0
0
0
0
0
0
0
0
0
0
0
0
0
0
0
0
0
0
0
0
0
0
0
0
0
0
0
0
0
0
0
0
0
0
0
0
0
0
0
0
0
0
0
0
0
0
0
0
0
0
0
0
0
0
0
0
0
0
0
0
0
0
0
0
0
0
0
0
0
0
0
0
0
0
0
0
0
0
0
0
0
0
0
0
0
0
0
0
0
0
0
0
0
0
0
0
0
0
0
0
0
0
0
0
0
0
0
0
0
0
0
0
0
0
0
0
0
0
0
0
0
0
0
0
0
0
0
0
0
0
0
0
0
0
0
0
0
0
0
0
0
0
0
0
0
0
0
0
0
0
0
0
0
0
0
0
0
0
0
0
0
0
0
0
0
0
0
0
0
0
0
0
0
0
0
0
0
0
0
0
0
0
0
0
0
0
0
0
0
0
0
0
0
0
0
0
0
0
0
0
0
0
0
0
0
0
0
0
0
0
0
0
0
0
0
0
0
0
0
0
0
0
0
0
0
0
0
0
0
0
0
0
0
0
0
0
0
0
0
0
0
0
0
0
0
0
0
0
0
0
0
0
0
0
0
0
0
0
0
0
0
0
0
0
0
0
0
0
0
0
0
0
0
0
0
0
0
0
0
0
0
0
0
0
0
0
0
0
0
0
0
0
0
0
0
0
0
0
0
0
0
0
0
0
0
0
0
0
0
0
0
0
0
0
0
0
0
0
0
0
0
0
0
0
0
0
0
0
0
0
0
0
0
0
0
0
0
0
0
0
0
0
0
0
0
0
0
0
0
0
0
0
0
0
0
0
0
0
0
0
0
0
0
0
0
0
0
0
0
0
0
0
0
0
0
0
0
0
0
0
0
0
0
0
0
0
0
0
0
0
0
0
0
0
0
0
0
0
0
0
0
0
0
0
0
0
0
0
0
0
0
0
0
0
0
0
0
0
0
0
0
0
0
0
0
0
0
0
0
0
0
0
0
0
0
0
0
0
0
0
0
0
0
0
0
0
0
0
0
0
0
0
0
0
0
0
0
0
0
0
0
0
0
0
0
0
0
0
0
0
0
0
0
0
0
0
0
0
0
0
0
0
0
0
0
0
0
0
0
0
0
0
0
0
0
0
0
0
0
0
0
0
0
0
0
0
0
0
0
0
0
0
0
0
0
0
0
0
0
0
0
0
0
0
0
0
0
0
0
0
0
0
0
0
0
0
0
0
0
0
0
0
0
0
0
0
0
0
0
0
0
0
0
0
0
0
0
0
0
0
0
0
0
0
0
0
0
0
0
0
0
0
0
0
0
0
0
0
0
0
0
0
0
0
0
0
0
0
0
0
0
0
0
0
0
0
0
0
0
0
0
0
0
0
0
0
0
0
0
0
0
0
0
0
0
0
0
0
0
0
0
0
0
0
0
0
0
0
0
0
0
0
0
0
0
0
0
0
0
0
0
0
0
0
0
0
0
0
0
0
0
0
0
0
0
0
0
0
0
0
0
0
0
0
0
0
0
0
0
0
0
0
0
0
0
0
0
0
0
0
0
0
0
0
0
0
0
0
0
0
0
0
0
0
0
0
0
0
0
0
0
0
0
0
0
0
0
0
0
0
0
0
0
0
0
0
0
0
0
0
0
0
0
0
0
0
0
0
0
0
0
0
0
0
0
0
0
0
0
0
0
0
0
0
0
0
0
0
0
0
0
0
0
0
0
0
0
0
0
0
0
0
0
0
0
0
0
0
0
0
0
0
0
0
0
0
0
0
0
0
0
0
0
0
0
0
0
0
0
0
0
0
0
0
0
0
0
0
0
0
0
0
0
0
0
0
0
0
0
0
0
0
0
0
0
0
0
0
0
0
0
0
0
0
0
0
0
0
0
0
0
0
0
0
0
0
0
0
0
0
0
0
0
0
0
0
0
0
0
0
0
0
0
0
0
0
0
0
0
0
0
0
0
0
0
0
0
0
0
0
0
0
0
0
0
0
0
0
0
0
0
0
0
0
0
0
0
0
0
0
0
0
0
0
0
0
0
0
0
0
0
0
0
0
0
0
0
0
0
0
0
0
0
0
0
0
0
0
0
0
0
0
0
0
0
0
0
0
0
0
0
0
0
0
0
0
0
0
0
0
0
0
0
0
0
0
0
0
0
0
0
0
0
0
0
0
0
0
0
0
0
0
0
0
0
0
0
0
0
0
0
0
0
0
0
0
0
0
0
0
0
0
0
0
0
0
0
0
0
0
0
0
0
0
0
0
0
0
0
0
0
0
0
0
0
0
0
0
0
0
0
0
0
0
0
0
0
0
0
0
0
0
0
0
0
0
0
0
0
0
0
0
0
0
0
0
0
0
0
0
0
0
0
0
0
0
0
0
0
0
0
0
0
0
0
0
0
0
0
0
0
0
0
0
0
0
0
0
0
0
0
0
0
0
0
0
0
0
0
0
0
0
0
0
0
0
0
0
0
0
0
0
0
0
0
0
0
0
0
0
0
0
0
0
0
0
0
0
0
0
0
0
0
0
0
0
0
0
0
0
0
0
0
0
0
0
0
0
0
0
0
0
0
0
0
0
0
0
0
0
0
0
0
0
0
0
0
0
0
0
0
0
0
0
0
0
0
0
0
0
0
0
0
0
0
0
0
0
0
0
0
0
0
0
0
0
0
0
0
0
0
0
0
0
0
0
0
0
0
0
0
0
0
0
0
0
0
0
0
0
0
0
0
0
0
0
0
0
0
0
0
0
0
0
0
0
0
0
0
0
0
0
0
0
0
0
0
0
0
0
0
0
0
0
0
0
0
0
0
0
0
0
0
0
0
0
0
0
0
0
0
0
0
0
0
0
0
0
0
0
0
0
0
0
0
0
0
0
0
0
0
0
0
0
0
0
0
0
0
0
0
0
0
0
0
0
0
0
0
0
0
0
0
0
0
0
0
0
0
0
0
0
0
0
0
0
0
0
0
0
0
0
0
0
0
0
0
0
0
0
0
0
0
0
0
0
0
0
0
0
0
0
0
0
0
0
0
0
0
0
0
0
0
0
0
0
0
0
0
0
0
0
0
0
0
0
0
0
0
0
0
0
0
0
0
0
0
0
0
0
0
0
0
0
0
0
0
0
0
0
0
0
0
0
0
0
0
0
0
0
0
0
0
0
0
0
0
0
0
0
0
0
0
0
0
0
0
0
0
0
0
0
0
0
0
0
0
0
0
0
0
0
0
0
0
0
0
0
0
0
0
0
0
0
0
0
0
0
0
0
0
0
0
0
0
0
0
0
0
0
0
0
0
0
0
0
0
0
0
0
0
0
0
0
0
0
0
0
0
0
0
0
0
0
0
0
0
0
0
0
0
0
0
0
0
0
0
0
0
0
0
0
0
0
0
0
0
0
0
0
0
0
0
0
0
0
0
0
0
0
0
0
0
0
0
0
0
0
0
0
0
0
0
0
0
0
0
0
0
0
0
0
0
0
0
0
0
0
0
0
0
0
0
0
0
0
0
0
0
0
0
0
0
0
0
0
0
0
0
0
0
0
0
0
0
0
0
0
0
0
0
0
0
0
0
0
0
0
0
0
0
0
0
0
0
0
0
0
0
0
0
0
0
0
0
0
0
0
0
0
0
0
0
0
0
0
0
0
0
0
0
0
0
0
0
0
0
0
0
0
0
0
0
0
0
0
0
0
0
0
0
0
0
0
0
0
0
0
0
0
0
0
0
0
0
0
0
0
0
0
0
0
0
0
0
0
0
0
0
0
0
0
0
0
0
0
0
0
0
0
0
0
0
0
0
0
0
0
0
0
0
0
0
0
0
0
0
0
0
0
0
0
0
0
0
0
0
0
0
0
0
0
0
0
0
0
0
0
0
0
0
0
0
0
0
0
0
0
0
0
0
0
0
0
0
0
0
0
0
0
0
0
0
0
0
0
0
0
0
0
0
0
0
0
0
0
0
0
0
0
0
0
0
0
0
0
0
0
0
0
0
0
0
0
0
0
0
0
0
0
0
0
0
0
0
0
0
0
0
0
0
0
0
0
0
0
0
0
0
0
0
0
0
0
0
0
0
0
0
0
0
0
0
0
0
0
0
0
0
0
0
0
0
0
0
0
0
0
0
0
0
0
0
0
0
0
0
0
0
0
0
0
0
0
0
0
0
0
0
0
0
0
0
0
0
0
0
0
0
0
0
0
0
0
0
0
0
0
0
0
0
0
0
0
0
0
0
0
0
0
0
0
0
0
0
0
0
0
0
0
0
0
0
0
0
0
0
0
0
0
0
0
0
0
0
0
0
0
0
0
0
0
0
0
0
0
0
0
0
0
0
0
0
0
0
0
0
0
0
0
0
0
0
0
0
0
0
0
0
0
0
0
0
0
0
0
0
0
0
0
0
0
0
0
0
0
0
0
0
0
0
0
0
0
0
0
0
0
0
0
0
0
0
0
0
0
0
0
0
0
0
0
0
0
0
0
0
0
0
0
0
0
0
0
0
0
0
0
0
0
0
0
0
0
0
0
0
0
0
0
0
0
0
0
0
0
0
0
0
0
0
0
0
0
0
0
0
0
0
0
0
0
0
0
0
0
0
0
0
0
0
0
0
0
0
0
0
0
0
0
0
0
0
0
0
0
0
0
0
0
0
0
0
0
0
0
0
0
0
0
0
0
0
0
0
0
0
0
0
0
0
0
0
0
0
0
0
0
0
0
0
0
0
0
0
0
0
0
0
0
0
0
0
0
0
0
0
0
0
0
0
0
0
0
0
0
0
0
0
0
0
0
0
0
0
0
0
0
0
0
0
0
0
0
0
0
0
0
0
0
0
0
0
0
0
0
0
0
0
0
0
0
0
0
0
0
0
0
0
0
0
0
0
0
0
0
0
0
0
0
0
0
0
0
0
0
0
0
0
0
0
0
0
0
0
0
0
0
0
0
0
0
0
0
0
0
0
0
0
0
0
0
0
0
0
0
0
0
0
0
0
0
0
0
0
0
0
0
0
0
0
0
0
0
0
0
0
0
0
0
0
0
0
0
0
0
0
0
0
0
0
0
0
0
0
0
0
0
0
0
0
0
0
0
0
0
0
0
0
0
0
0
0
0
0
0
0
0
0
0
0
0
0
0
0
0
0
0
0
0
0
0
0
0
0
0
0
0
0
0
0
0
0
0
0
0
0
0
0
0
0
0
0
0
0
0
0
0
0
0
0
0
0
0
0
0
0
0
0
0
0
0
0
0
0
0
0
0
0
0
0
0
0
0
0
0
0
0
0
0
0
0
0
0
0
0
0
0
0
0
0
0
0
0
0
0
0
0
0
0
0
0
0
0
0
0
0
0
0
0
0
0
0
0
0
0
0
0
0
0
0
0
0
0
0
0
0
0
0
0
0
0
0
0
0
0
0
0
0
0
0
0
0
0
0
0
0
0
0
0
0
0
0
0
0
0
0
0
0
0
0
0
0
0
0
0
0
0
0
0
0
0
0
0
0
0
0
0
0
0
0
0
0
0
0
0
0
0
0
0
0
0
0
0
0
0
0
0
0
0
0
0
0
0
0
0
0
0
0
0
0
0
0
0
0
0
0
0
0
0
0
0
0
0
0
0
0
0
0
0
0
0
0
0
0
0
0
0
0
0
0
0
0
0
0
0
0
0
0
0
0
