-122
-104
-1880
-2967
-1699
-2421
-3110
-246
202
-2932
-3089
-2564
-2968
-2681
96
170
-8
619
-3
-4097
-2326
-3081
-14771
-227
525
-901
-2713
-3618
-3482
-16027
144
442
14
-123
-2476
-3774
-2629
-1825
-3533
-152
-144
-1141
-4028
-1179
-1960
-2625
-29
143
-141
741
466
-4968
-1990
-3285
-14475
-140
2
541
-2416
-3278
-2039
-22200
-22
4
49
446
-3135
-1444
-1285
-1694
-2545
-76
-2
-3364
-1965
-634
-3227
-753
45
297
-37
-482
-1072
-3221
-1347
-2433
-17997
-385
-426
-2178
-2555
-3677
-2403
-19114
-175
255
26
454
-4244
-1064
-2599
-3182
-3037
-55
528
-5304
-1246
-2064
-4275
-781
65
319
88
82
-3185
-3719
1418
-2984
-14909
-334
-445
-3726
-3632
-2142
-3953
-12716
-22
-564
-37
76
-4024
-3612
-1775
-3209
-3504
12
272
-4218
-2873
-1487
-3026
-535
-8
-315
45
624
-2887
-3617
1195
-3384
-14721
-61
468
-2386
-3121
-1640
-3041
-18230
37
110
-131
443
-3779
-3990
-2019
-3063
-3085
-9
177
-4532
-3580
-1140
-3340
-422
-116
-225
-39
884
-1963
-2332
1351
-2980
-14245
-17
475
-2659
-3496
-743
-2904
-14311
102
496
-150
93
-2703
-2628
-2195
-2340
-2670
-88
325
-4105
-3573
-1376
-3672
-835
-99
-107
-43
-679
-697
-2260
-121
-2430
-19279
32
-676
-2142
-3191
-2814
-2982
-15674
164
-395
-167
99
-1238
-1213
-1017
-2242
-2414
-67
509
-2635
-2533
-1834
-3950
-1420
-33
339
-162
-1357
-1175
-2292
-2080
-2269
-19351
-207
-754
-2411
-2603
-4226
-3017
-16485
73
-755
12
-324
-2528
-3119
-3759
-3324
-4012
40
272
-4319
-3619
-5532
-4369
-2353
106
452
-176
875
-809
-4903
-1142
-3958
-15741
-341
619
-2949
-2532
-3230
-4338
-14662
17
613
285
1056
-1937
-4239
-3802
-226
-3581
176
-262
-1835
-5108
-5092
-3072
-2783
-35
838
-402
863
-335
-5726
-1608
-3381
-18002
-501
-865
-1710
-3202
-3662
-2223
-17981
-265
-517
380
1033
-3617
-3928
-1412
-1142
-3066
237
-411
-3721
-4134
-2612
-3041
-257
109
245
-183
-667
-986
-4703
-312
-2967
-19483
-611
270
-1564
-2114
-3084
-1851
-21206
-197
388
213
42
-4340
-3666
-1782
-2935
-3106
308
-436
-4805
-3542
-3049
-3659
956
112
-153
-53
-85
-2611
-3680
2839
-3002
-21691
-367
-217
-2891
-2167
-999
-2875
-22625
109
-579
145
294
-3810
-3988
-1940
-3598
-3434
311
-152
-6120
-4599
-4504
-5411
-364
-67
254
-135
975
-2296
-3404
1255
-3467
-23461
-109
184
-3025
-4419
-2371
-4747
-17756
195
-81
49
-353
-3862
-5462
-2096
-3378
-3545
328
-751
-6390
-5680
-3852
-5402
-2241
-97
9
-170
179
-367
-2342
-55
-3442
-22543
-51
-743
-1724
-4770
-1626
-3721
-15636
220
-539
101
-103
-2858
-4952
-1632
-1949
-2832
288
-913
-4487
-5632
-2866
-3831
-981
105
277
-186
-695
1907
-2491
-1497
-2508
-26502
-90
-1201
-700
-2828
-3444
-1926
-22904
46
-1061
83
-613
-1161
-3322
-1372
-2669
-3108
108
-1206
-1852
-3783
-2832
-3550
-743
89
-1165
-291
-1788
251
-2946
-2402
-2811
-15913
-158
-1345
-1337
-1793
-4026
-1685
-17742
8
-1792
140
-1004
-2531
-3237
-4270
-2654
-3682
123
-1008
-4135
-4082
-5538
-4085
-1388
72
-506
-253
742
781
-4930
-746
-3457
-17405
-405
519
-1833
-2808
-3473
-3533
-16844
-66
349
583
402
-3061
-5176
-4818
348
-4278
224
-925
-3435
-6821
-5810
-3145
-1331
-48
-756
-323
1248
792
-6502
-2148
-3893
-16753
-499
-654
-958
-3132
-5249
-2212
-17138
-286
-103
671
45
-3303
-4385
-1696
1188
-2923
333
87
-4459
-5242
-2539
-2718
-1177
72
529
-129
-689
-1329
-3868
-1116
-2650
-21654
-524
93
-1651
-2293
-4076
-1804
-17576
-91
-13
384
-236
-3872
-4504
-1373
-1898
-3370
448
689
-4217
-3888
-2278
-2970
-490
32
1179
-185
-172
-3780
-3679
1785
-3270
-17001
-114
715
-3601
-2564
-166
-2665
-18054
192
184
282
-168
-3854
-4628
-1959
-2315
-3295
410
220
-5041
-4666
-3537
-3764
-925
-80
965
-250
447
-1255
-3526
270
-3293
-17758
54
-110
-1728
-4392
-1663
-3948
-15209
192
-917
194
346
-4090
-6224
-2981
-3338
-3982
297
229
-4787
-5190
-4553
-3719
-2898
-96
882
-158
163
2943
-4093
-1912
-3852
-22634
-1
-1220
1841
-4225
-2885
-1922
-25006
95
-732
245
602
-2189
-4569
-3282
-1205
-2745
162
-41
-4315
-5498
-5812
-4175
-2883
86
393
-170
-1186
4212
-3371
-2373
-2591
-24243
-67
-1110
1524
-3965
-4273
-1629
-16823
-111
-179
183
-566
-904
-1564
-1901
-572
-1609
113
-932
-1666
-1306
-3185
-1943
-1235
88
-391
-242
-1504
913
-1819
-993
-1332
-20634
-223
-1598
-719
-631
-2059
2
-20644
-120
-1855
285
-415
-2083
-2663
-4698
-2126
-3141
254
-544
-3590
-3354
-5552
-4123
-2459
270
-368
-303
786
877
-3851
-830
-2936
-17993
-477
408
-1050
-3622
-3535
-3873
-15273
-32
382
768
114
-2836
-4756
-5158
315
-3860
422
-519
-2430
-5337
-4528
-2387
-2407
302
-1012
-349
1000
-14
-5144
-984
-3567
-15344
-498
-502
-159
-2621
-3434
-1978
-17464
-272
-267
741
-752
-3282
-4844
-300
-825
-3666
342
-134
-3107
-4359
-1746
-2250
-1568
129
-18
-152
-800
-3508
-4190
-1220
-3456
-17792
-414
1
-2270
-2594
-3592
-1796
-19577
-66
233
360
-1371
-3462
-4918
272
-2662
-3567
415
-270
-3527
-4293
-2391
-3210
-97
21
-65
-227
977
-3838
-4179
362
-3517
-15896
-119
1153
-3746
-3728
-1255
-2925
-17347
29
635
197
-854
-4679
-5247
-958
-3215
-3588
341
-189
-5488
-4330
-3601
-3720
-1214
-48
59
-231
511
-2025
-4001
1113
-3616
-17219
-20
229
-2474
-5175
-109
-3577
-16224
128
-580
59
700
-5285
-6140
-3462
-3756
-4612
294
72
-5214
-4425
-4357
-3372
-2995
-59
472
-213
-54
1216
-4418
-758
-4486
-19232
67
-677
585
-4588
-1253
-1667
-25087
242
161
178
900
-3519
-2812
-3820
-1129
-3311
178
89
-5037
-2806
-6083
-3107
-2476
51
-118
-240
-1145
1650
-4017
-1584
-3193
-21092
5
-917
-423
-3861
-2994
-1465
-19290
-14
-50
125
120
-1688
812
-1979
-415
-1477
72
-191
-2995
593
-3876
-2166
-1571
-9
-380
-214
-1618
-476
-1937
-991
-1304
-19815
-186
-1773
-1785
-665
-2057
-517
-18534
-122
-2062
300
-316
-2885
-2084
-4761
-2321
-3267
307
255
-4412
-2105
-5778
-4201
-3034
289
727
-327
393
483
-3686
-948
-3143
-17037
-538
-180
-1495
-4724
-3042
-4400
-13793
-173
30
557
-432
-3123
-4242
-4658
-494
-3324
297
677
-3317
-4894
-5343
-2679
-2821
297
661
-329
1041
-50
-4370
203
-3053
-15707
-362
415
-700
-3590
-1559
-2672
-13664
-318
396
642
-440
-3183
-4752
-737
-2992
-4453
300
-114
-2456
-4109
-3469
-2835
-1681
212
943
-199
-1151
-3712
-5131
-570
-4260
-15028
-336
-899
-3013
-3061
-2432
-2158
-19891
-143
-598
338
-1231
-2393
-5103
40
-3488
-3982
302
-1584
-3170
-4754
-2682
-4303
-109
164
-453
-143
2127
-3080
-4585
-1393
-3983
-19867
-28
1832
-4658
-5230
-2995
-3491
-21222
28
1341
212
-1378
-4069
-4750
-1034
-3480
-3700
371
-1792
-4831
-4489
-2056
-4273
-1081
21
-784
-132
785
-2742
-3425
375
-3650
-15713
25
551
-3510
-5311
-522
-3635
-16084
178
-66
124
-116
-4007
-3466
-2036
-3355
-3780
342
-1216
-4969
-3305
-3092
-4030
-1257
-97
-1172
-99
-764
-1660
-2596
-1180
-3647
-20596
-8
-1028
-2855
-4687
-1482
-2317
-22337
309
-326
152
139
-3013
-1172
-3220
-1844
-3300
160
-334
-4993
-2864
-5006
-3771
617
26
-1230
-105
-488
-346
-3663
-1881
-3115
-20463
67
-468
-3526
-4020
-3697
-2898
-18575
136
-119
84
-44
-1491
436
-622
-783
-1364
111
-545
-3238
-1111
-2846
-2713
-12
18
-1130
-103
-1625
-61
-1893
-1930
-1226
-18838
-110
-1815
-2016
-597
-2811
-813
-16248
-16
-2507
124
-433
-4812
-2661
-4860
-5110
-4923
205
160
-4718
-1995
-5957
-4483
-3330
279
63
-328
609
264
-5460
-1723
-4786
-9917
-535
26
-945
-4436
-3353
-4317
-15426
-180
-88
195
180
-4076
-2331
-4618
-3256
-3717
63
606
-6124
-3693
-7612
-6023
-3491
106
1013
-295
809
657
-4297
208
-3416
-23033
-392
281
-1777
-5536
-3077
-3382
-14162
-298
421
240
419
-4123
-2944
-2818
-4570
-4502
68
443
-4727
-3213
-5959
-4885
-2460
59
1431
-187
-1374
-2526
-4316
-349
-4355
-18376
-194
-852
-3690
-4574
-3674
-2417
-16516
-61
-725
126
-466
-2754
-4259
-458
-3474
-4002
248
917
-3304
-5645
-2356
-3837
-3
77
1273
-36
681
-2866
-3754
-1539
-3845
-19561
31
156
-3935
-4410
-3488
-2933
-20675
150
-111
227
-459
-3396
-3696
185
-3056
-3419
389
-606
-4356
-5281
-1218
-3808
222
108
68
18
990
-2488
-2848
-1378
-3232
-19564
1
1022
-3385
-3773
-2587
-2632
-19694
106
1138
239
-433
-3223
-1255
1291
-3059
-3288
276
-1034
-5503
-3673
-1974
-5067
371
10
-400
19
-830
-2522
-2495
-4060
-2973
-22130
38
-616
-5251
-4895
-5256
-2742
-16291
253
108
113
-775
-2606
-321
-261
-2194
-2904
148
-17
-5771
-4051
-4257
-4900
2295
-33
-687
-60
-514
-1044
-2891
-3236
-2519
-23861
176
-663
-5222
-4162
-5871
-3033
-15563
232
-307
81
-313
-2673
-988
1046
-1782
-2126
202
-47
-3561
-2452
-1863
-2524
533
60
-629
-212
-1175
-252
-2317
-2857
-1886
-20452
-119
-1624
-1688
-343
-3052
-67
-22700
46
-2201
17
-1687
-3967
-3400
-2862
-3861
-3778
75
-1495
-4213
-3616
-4509
-3442
-1129
169
-1302
-226
245
1937
-4868
-1669
-3728
-19813
-398
171
1107
-3209
-3949
-2924
-25596
-100
-329
102
-1758
-4452
-3577
-4356
-3606
-4162
69
-1611
-5497
-4670
-5421
-4765
-1822
95
-1642
-207
768
417
-5035
1228
-3877
-18037
-280
166
-1127
-4088
-2785
-2095
-16577
-236
311
0
-1442
-4005
-3631
-2181
-1964
-2988
3
-1888
-5321
-5132
-4729
-4193
-553
-184
-830
-124
-883
-1031
-2577
1087
-2733
-26841
-151
-279
-3104
-3481
-3477
-870
-19991
-74
-211
-22
-1213
-3618
-4482
-848
-2607
-3664
126
-279
-4241
-5369
-5582
-2963
106
-43
-197
-78
-496
-2080
-3782
-10
-3384
-24740
-68
-965
-3159
-2977
-3088
-1051
-24853
59
-1340
15
-794
-3599
-4015
281
-2431
-3556
64
-617
-4030
-4503
-4434
-2377
414
40
-265
-36
1139
-2316
-3801
-1351
-3367
-17382
-184
235
-3324
-2621
-2612
3
-19655
-38
185
-50
-468
-3557
-1654
1313
-1906
-2800
-36
-401
-4644
-2744
-3708
-2632
-604
-96
372
-25
-765
-1310
-2132
-3900
-2512
-24094
56
-577
-3136
-2059
-4384
971
-22481
290
408
-244
173
-4213
-459
-1438
-2553
-4278
-158
420
-6212
-3568
-6079
-3962
-690
-48
354
-33
-713
-368
-4439
-5663
-3950
-20924
304
-605
-3713
-2372
-6784
-1946
-18143
475
-214
-174
-607
-3294
-504
-1428
-2417
-3356
-5
-825
-4252
-2447
-3866
-3212
-580
-3
-706
-139
-1088
780
-3588
-4459
-3052
-16337
1
-1639
-1248
-439
-5072
-369
-19363
149
-1749
-43
-899
-3478
-3395
-2452
-1998
-3020
-105
-1018
-5184
-5139
-5372
-4203
-1148
43
-241
-322
-91
2102
-4418
-1865
-2920
-15716
-369
-118
1088
-4311
-4359
-4041
-11526
-2
-592
45
-1125
-3078
-2799
-2527
-247
-2564
-94
-1672
-2953
-2691
-4482
-1424
-1254
-6
-974
-252
-262
-1020
-3518
782
-2398
-16900
-518
-185
-1288
-1351
-1853
-687
-18535
-183
347
1
-1494
-2773
-3276
-1220
-247
-2165
-179
-1799
-3344
-4245
-4927
-2423
-914
-222
-537
-118
182
-1829
-2431
675
-2045
-19921
-294
305
-2215
-1976
-2595
-1301
-15981
-58
271
-191
-1752
-2425
-4039
-937
-453
-2637
-192
-1824
-3668
-5531
-5568
-2614
-517
-159
-977
-36
60
-1056
-3317
-661
-2465
-19045
-4
-424
-1480
-3316
-3683
-2019
-14066
112
-875
-316
-1805
-2405
-2865
312
156
-1850
-304
-2252
-2553
-3017
-2635
-348
-276
-248
-1633
91
784
-1641
-2027
-1076
-1737
-17131
165
271
-1335
-1529
-2525
351
-18777
191
-43
-420
-1620
-2479
-1837
-349
127
-1564
-383
-1549
-3152
-2040
-2570
-622
-1531
-272
-1157
103
-90
-1624
-989
-1305
-1436
-19572
293
-59
-1742
-1484
-2496
423
-18532
413
421
-441
-854
-2881
-1568
-2304
2
-2645
-321
-1184
-3323
-3189
-4002
-991
-1027
-167
-770
-5
-780
-339
-2696
-3196
-2507
-17404
368
-652
-1420
-1256
-3869
-1243
-19118
522
-844
-371
-1021
-1999
-198
-1126
-163
-1747
-248
-1748
-2237
-1303
-2771
-1586
-913
-156
-2012
-131
-1512
122
-2008
-2900
-1653
-19308
-20
-1530
-713
-211
-4056
-420
-20580
177
-1700
0
0
0
0
0
0
0
0
0
0
0
-1608
-2351
-1137
-1217
-1980
0
0
0
0
0
0
0
0
0
0
0
883
-3453
-1860
-2091
-17089
0
0
0
0
0
0
0
0
0
0
0
-2896
-3066
-3002
1171
-2588
0
0
0
0
0
0
0
0
0
0
0
1301
-4762
-2717
-2612
-16029
0
0
0
0
0
0
0
0
0
0
0
-2483
-2101
-2396
1403
-2522
0
0
0
0
0
0
0
0
0
0
0
-688
-3598
-2718
-2625
-15426
0
0
0
0
0
0
0
0
0
0
0
-2202
-1603
-2526
209
-2164
0
0
0
0
0
0
0
0
0
0
0
-2640
-2887
412
-2165
-15884
0
0
0
0
0
0
0
0
0
0
0
-2703
-3139
-2390
0
-2412
0
0
0
0
0
0
0
0
0
0
0
-2633
-2335
509
-2430
-18209
0
0
0
0
0
0
0
0
0
0
0
-2999
-3887
-2551
-1305
-2798
0
0
0
0
0
0
0
0
0
0
0
-2213
-1696
156
-2889
-13663
0
0
0
0
0
0
0
0
0
0
0
-2627
-3564
-2859
-1989
-3201
0
0
0
0
0
0
0
0
0
0
0
-1394
-3078
138
-3246
-13202
0
0
0
0
0
0
0
0
0
0
0
-2278
-1782
-869
-1627
-2143
0
0
0
0
0
0
0
0
0
0
0
34
-2403
-1249
-2146
-17009
0
0
0
0
0
0
0
0
0
0
0
-1622
-2030
-2432
-1356
-2059
0
0
0
0
0
0
0
0
0
0
0
851
-3429
-1163
-2097
-21347
0
0
0
0
0
0
0
0
0
0
0
-3349
-3914
-4512
3300
-3456
0
0
0
0
0
0
0
0
0
0
0
438
-6500
-3627
-3362
-15977
0
0
0
0
0
0
0
0
0
0
0
-2642
-4134
-3163
3385
-3183
0
0
0
0
0
0
0
0
0
0
0
-1549
-5775
-2628
-3332
-16480
0
0
0
0
0
0
0
0
0
0
0
-2017
-3869
-3483
1540
-2851
0
0
0
0
0
0
0
0
0
0
0
-3553
-4144
467
-2845
-19909
0
0
0
0
0
0
0
0
0
0
0
-2663
-3600
-3073
679
-2571
0
0
0
0
0
0
0
0
0
0
0
-2871
-2781
177
-2537
-24419
0
0
0
0
0
0
0
0
0
0
0
-4269
-5431
-3073
-1053
-3628
0
0
0
0
0
0
0
0
0
0
0
-1103
-2529
-1669
-3616
-18773
0
0
0
0
0
0
0
0
0
0
0
-4386
-5034
-2333
-1551
-3804
0
0
0
0
0
0
0
0
0
0
0
1228
-3956
-2658
-3706
-18465
0
0
0
0
0
0
0
0
0
0
0
-3044
-2664
-898
-1927
-2289
0
0
0
0
0
0
0
0
0
0
0
2095
-3226
-2057
-2331
-15746
0
0
0
0
0
0
0
0
0
0
0
-1868
-2422
-3154
-583
-2065
0
0
0
0
0
0
0
0
0
0
0
1833
-4415
-1202
-2117
-21264
0
0
0
0
0
0
0
0
0
0
0
-4154
-4937
-5375
3849
-4307
0
0
0
0
0
0
0
0
0
0
0
279
-8146
-4835
-4340
-13235
0
0
0
0
0
0
0
0
0
0
0
-2891
-5466
-3933
4694
-3895
0
0
0
0
0
0
0
0
0
0
0
-3464
-6277
-3704
-4165
-14190
0
0
0
0
0
0
0
0
0
0
0
-2143
-4621
-2939
1382
-3155
0
0
0
0
0
0
0
0
0
0
0
-4413
-4271
406
-3157
-17148
0
0
0
0
0
0
0
0
0
0
0
-2838
-4858
-3830
440
-3503
0
0
0
0
0
0
0
0
0
0
0
-3108
-4137
362
-3376
-15857
0
0
0
0
0
0
0
0
0
0
0
-3595
-5135
-3852
-411
-3349
0
0
0
0
0
0
0
0
0
0
0
1776
-4510
-2061
-3334
-23391
0
0
0
0
0
0
0
0
0
0
0
-4046
-4311
-3060
-794
-3076
0
0
0
0
0
0
0
0
0
0
0
3802
-4406
-3117
-3058
-17039
0
0
0
0
0
0
0
0
0
0
0
-1932
-1715
-1421
-683
-1454
0
0
0
0
0
0
0
0
0
0
0
2273
-1949
-1644
-1428
-17627
0
0
0
0
0
0
0
0
0
0
0
-2110
-2295
-3530
-782
-1984
0
0
0
0
0
0
0
0
0
0
0
1861
-3704
-1054
-1988
-19250
0
0
0
0
0
0
0
0
0
0
0
-4154
-4968
-5893
4215
-3881
0
0
0
0
0
0
0
0
0
0
0
-593
-6490
-3875
-3862
-12785
0
0
0
0
0
0
0
0
0
0
0
-1941
-4654
-1859
3723
-2841
0
0
0
0
0
0
0
0
0
0
0
-3835
-4156
-3189
-2871
-20105
0
0
0
0
0
0
0
0
0
0
0
-2243
-4035
-1069
697
-2668
0
0
0
0
0
0
0
0
0
0
0
-3723
-3655
-790
-2698
-18604
0
0
0
0
0
0
0
0
0
0
0
-3269
-4711
-2363
-634
-3277
0
0
0
0
0
0
0
0
0
0
0
-2929
-3591
215
-3203
-17895
0
0
0
0
0
0
0
0
0
0
0
-4156
-5308
-4043
-505
-3869
0
0
0
0
0
0
0
0
0
0
0
375
-4733
-1640
-3774
-21130
0
0
0
0
0
0
0
0
0
0
0
-3333
-3050
-3285
144
-2789
0
0
0
0
0
0
0
0
0
0
0
1638
-4529
-2023
-2706
-19673
0
0
0
0
0
0
0
0
0
0
0
-1733
-357
-1051
-465
-1229
0
0
0
0
0
0
0
0
0
0
0
1194
-1876
-1332
-1117
-17644
0
0
0
0
0
0
0
0
0
0
0
-2360
-2186
-3746
-1560
-2185
0
0
0
0
0
0
0
0
0
0
0
1782
-3549
-712
-2170
-17926
0
0
0
0
0
0
0
0
0
0
0
-2867
-4132
-4930
964
-3116
0
0
0
0
0
0
0
0
0
0
0
-465
-4426
-1410
-3018
-14442
0
0
0
0
0
0
0
0
0
0
0
-1046
-3971
-1791
121
-2640
0
0
0
0
0
0
0
0
0
0
0
-2709
-3498
-661
-2387
-21279
0
0
0
0
0
0
0
0
0
0
0
-2346
-4149
-1662
-102
-2997
0
0
0
0
0
0
0
0
0
0
0
-2501
-4089
-1044
-2868
-22411
0
0
0
0
0
0
0
0
0
0
0
-4054
-4400
-3334
-767
-3782
0
0
0
0
0
0
0
0
0
0
0
-3236
-3374
-293
-3525
-15330
0
0
0
0
0
0
0
0
0
0
0
-3825
-3854
-4021
106
-3960
0
0
0
0
0
0
0
0
0
0
0
-2560
-3686
-2033
-3731
-18313
0
0
0
0
0
0
0
0
0
0
0
-3269
-1775
-3278
-61
-3073
0
0
0
0
0
0
0
0
0
0
0
-790
-4673
-1457
-2957
-18058
0
0
0
0
0
0
0
0
0
0
0
-2371
-756
-468
-495
-1716
0
0
0
0
0
0
0
0
0
0
0
776
-2681
-1986
-1713
-14472
0
0
0
0
0
0
0
0
0
0
0
-3184
-2794
-3777
-4114
-3201
0
0
0
0
0
0
0
0
0
0
0
1778
-4143
-1154
-3234
-13308
0
0
0
0
0
0
0
0
0
0
0
-3145
-3090
-5185
-2425
-3292
0
0
0
0
0
0
0
0
0
0
0
1352
-4521
-441
-3330
-17552
0
0
0
0
0
0
0
0
0
0
0
-1710
-3158
-4001
-2824
-3379
0
0
0
0
0
0
0
0
0
0
0
-1694
-4192
743
-3301
-18321
0
0
0
0
0
0
0
0
0
0
0
-1974
-3482
-1861
-1919
-3336
0
0
0
0
0
0
0
0
0
0
0
-2875
-4108
-314
-3269
-20301
0
0
0
0
0
0
0
0
0
0
0
-3218
-3480
-1853
-1365
-3717
0
0
0
0
0
0
0
0
0
0
0
-3265
-3026
-1675
-3530
-17881
0
0
0
0
0
0
0
0
0
0
0
-3671
-2157
-173
-868
-3595
0
0
0
0
0
0
0
0
0
0
0
-2727
-3934
-3655
-3473
-17563
0
0
0
0
0
0
0
0
0
0
0
-3279
-945
-43
-1305
-2908
0
0
0
0
0
0
0
0
0
0
0
-1151
-4234
-2600
-2755
-19035
0
0
0
0
0
0
0
0
0
0
0
-3342
-1698
943
-1280
-2482
0
0
0
0
0
0
0
0
0
0
0
333
-3478
-3094
-2502
-16374
0
0
0
0
0
0
0
0
0
0
0
-1960
-2994
-2744
-2442
-2758
0
0
0
0
0
0
0
0
0
0
0
2455
-4706
-2001
-2749
-21078
0
0
0
0
0
0
0
0
0
0
0
-3163
-3212
-4597
-1843
-3640
0
0
0
0
0
0
0
0
0
0
0
967
-5963
-692
-3593
-14593
0
0
0
0
0
0
0
0
0
0
0
-3461
-4419
-4468
-1762
-4309
0
0
0
0
0
0
0
0
0
0
0
-1707
-4970
-389
-4434
-14845
0
0
0
0
0
0
0
0
0
0
0
-2768
-3575
-1800
-2152
-3124
0
0
0
0
0
0
0
0
0
0
0
-1823
-3622
20
-2967
-24555
0
0
0
0
0
0
0
0
0
0
0
-2994
-2873
-378
-1515
-2639
0
0
0
0
0
0
0
0
0
0
0
-2012
-2833
-976
-2543
-21290
0
0
0
0
0
0
0
0
0
0
0
-3903
-2365
616
-1611
-3374
0
0
0
0
0
0
0
0
0
0
0
-1675
-3234
-3647
-3305
-19114
0
0
0
0
0
0
0
0
0
0
0
-3684
-314
41
-2253
-2981
0
0
0
0
0
0
0
0
0
0
0
321
-4441
-3988
-2876
-23053
0
0
0
0
0
0
0
0
0
0
0
-3304
-497
-311
-1941
-2358
0
0
0
0
0
0
0
0
0
0
0
2038
-3555
-3845
-2357
-17716
0
0
0
0
0
0
0
0
0
0
0
-2159
-2334
-1626
-1659
-1971
0
0
0
0
0
0
0
0
0
0
0
2234
-3755
-1814
-2031
-16427
0
0
0
0
0
0
0
0
0
0
0
-1625
-2296
-2365
-485
-2104
0
0
0
0
0
0
0
0
0
0
0
-468
-3402
-461
-2224
-17147
0
0
0
0
0
0
0
0
0
0
0
-2363
-3423
-2206
-964
-2621
0
0
0
0
0
0
0
0
0
0
0
-1741
-2823
-412
-2718
-14944
0
0
0
0
0
0
0
0
0
0
0
-2402
-2868
-1039
-1116
-2022
0
0
0
0
0
0
0
0
0
0
0
-490
-2431
-656
-1905
-18760
0
0
0
0
0
0
0
0
0
0
0
-2624
-2115
-215
-715
-1763
0
0
0
0
0
0
0
0
0
0
0
-1187
-825
-1524
-1671
-17167
0
0
0
0
0
0
0
0
0
0
0
-3272
-1963
-526
-1215
-2282
0
0
0
0
0
0
0
0
0
0
0
-1529
-691
-2322
-2236
-14891
0
0
0
0
0
0
0
0
0
0
0
-3385
-940
-1496
-1147
-2426
0
0
0
0
0
0
0
0
0
0
0
284
-2665
-2925
-2389
-16853
0
0
0
0
0
0
0
0
0
0
0
-2159
-432
-1316
-458
-1654
0
0
0
0
0
0
0
0
0
0
0
1316
-1999
-3076
-1515
-17493
0
0
0
0
0
0
0
0
0
0
0
0
0
0
0
0
0
0
0
0
0
0
0
0
0
0
0
0
0
0
0
0
0
0
0
0
0
0
0
0
0
0
0
0
0
0
0
0
0
0
0
0
0
0
0
0
0
0
0
0
0
0
0
0
0
0
0
0
0
0
0
0
0
0
0
0
0
0
0
0
0
0
0
0
0
0
0
0
0
0
0
0
0
0
0
0
0
0
0
0
0
0
0
0
0
0
0
0
0
0
0
0
0
0
0
0
0
0
0
0
0
0
0
0
0
0
0
0
0
0
0
0
0
0
0
0
0
0
0
0
0
0
0
0
0
0
0
0
0
0
0
0
0
0
0
0
0
0
0
0
0
0
0
0
0
0
0
0
0
0
0
0
0
0
0
0
0
0
0
0
0
0
0
0
0
0
0
0
0
0
0
0
0
0
0
0
0
0
0
0
0
0
0
0
0
0
0
0
0
0
0
0
0
0
0
0
0
0
0
0
0
0
0
0
0
0
0
0
0
0
0
0
0
0
0
0
0
0
0
0
0
0
0
0
0
0
0
0
0
0
0
0
0
0
0
0
0
0
0
0
0
0
0
0
0
0
0
0
0
0
0
0
0
0
0
0
0
0
0
0
0
0
0
0
0
0
0
0
0
0
0
0
0
0
0
0
0
0
0
0
0
0
0
0
0
0
0
0
0
0
0
0
0
0
0
0
0
0
0
0
0
0
0
0
0
0
0
0
0
0
0
0
0
0
0
0
0
0
0
0
0
0
0
0
0
0
0
0
0
0
0
0
0
0
0
0
0
0
0
0
0
0
0
0
0
0
0
0
0
0
0
0
0
0
0
0
0
0
0
0
0
0
0
0
0
0
0
0
0
0
0
0
0
0
0
0
0
0
0
0
0
0
0
0
0
0
0
0
0
0
0
0
0
0
0
0
0
0
0
0
0
0
0
0
0
0
0
0
0
0
0
0
0
0
0
0
0
0
0
0
0
0
0
0
0
0
0
0
0
0
0
0
0
0
0
0
0
0
0
0
0
0
0
0
0
0
0
0
0
0
0
0
0
0
0
0
0
0
0
0
0
0
0
0
0
0
0
0
0
0
0
0
0
0
0
0
0
0
0
0
0
0
0
0
0
0
0
0
0
0
0
0
0
0
0
0
0
0
0
0
0
0
0
0
0
0
0
0
0
0
0
0
0
0
0
0
0
0
0
0
0
0
0
0
0
0
0
0
0
0
0
0
0
0
0
0
0
0
0
0
0
0
0
0
0
0
0
0
0
0
0
0
0
0
0
0
0
0
0
0
0
0
0
0
0
0
0
0
0
0
0
0
0
0
0
0
0
0
0
0
0
0
0
0
0
0
0
0
0
0
0
0
0
0
0
0
0
0
0
0
0
0
0
0
0
0
0
0
0
0
0
0
0
0
0
0
0
0
0
0
0
0
0
0
0
0
0
0
0
0
0
0
0
0
0
0
0
0
0
0
0
0
0
0
0
0
0
0
0
0
0
0
0
0
0
0
0
0
0
0
0
0
0
0
0
0
0
0
0
0
0
0
0
0
0
0
0
0
0
0
0
0
0
0
0
0
0
0
0
0
0
0
0
0
0
0
0
0
0
0
0
0
0
0
0
0
0
0
0
0
0
0
0
0
0
0
0
0
0
0
0
0
0
0
0
0
0
0
0
0
0
0
0
0
0
0
0
0
0
0
0
0
0
0
0
0
0
0
0
0
0
0
0
0
0
0
0
0
0
0
0
0
0
0
0
0
0
0
0
0
0
0
0
0
0
0
0
0
0
0
0
0
0
0
0
0
0
0
0
0
0
0
0
0
0
0
0
0
0
0
0
0
0
0
0
0
0
0
0
0
0
0
0
0
0
0
0
0
0
0
0
0
0
0
0
0
0
0
0
0
0
0
0
0
0
0
0
0
0
0
0
0
0
0
0
0
0
0
0
0
0
0
0
0
0
0
0
0
0
0
0
0
0
0
0
0
0
0
0
0
0
0
0
0
0
0
0
0
0
0
0
0
0
0
0
0
0
0
0
0
0
0
0
0
0
0
0
0
0
0
0
0
0
0
0
0
0
0
0
0
0
0
0
0
0
0
0
0
0
0
0
0
0
0
0
0
0
0
0
0
0
0
0
0
0
0
0
0
0
0
0
0
0
0
0
0
0
0
0
0
0
0
0
0
0
0
0
0
0
0
0
0
0
0
0
0
0
0
0
0
0
0
0
0
0
0
0
0
0
0
0
0
0
0
0
0
0
0
0
0
0
0
0
0
0
0
0
0
0
0
0
0
0
0
0
0
0
0
0
0
0
0
0
0
0
0
0
0
0
0
0
0
0
0
0
0
0
0
0
0
0
0
0
0
0
0
0
0
0
0
0
0
0
0
0
0
0
0
0
0
0
0
0
0
0
0
0
0
0
0
0
0
0
0
0
0
0
0
0
0
0
0
0
0
0
0
0
0
0
0
0
0
0
0
0
0
0
0
0
0
0
0
0
0
0
0
0
0
0
0
0
0
0
0
0
0
0
0
0
0
0
0
0
0
0
0
0
0
0
0
0
0
0
0
0
0
0
0
0
0
0
0
0
0
0
0
0
0
0
0
0
0
0
0
0
0
0
0
0
0
0
0
0
0
0
0
0
0
0
0
0
0
0
0
0
0
0
0
0
0
0
0
0
0
0
0
0
0
0
0
0
0
0
0
0
0
0
0
0
0
0
0
0
0
0
0
0
0
0
0
0
0
0
0
0
0
0
0
0
0
0
0
0
0
0
0
0
0
0
0
0
0
0
0
0
0
0
0
0
0
0
0
0
0
0
0
0
0
0
0
0
0
0
0
0
0
0
0
0
0
0
0
0
0
0
0
0
0
0
0
0
0
0
0
0
0
0
0
0
0
0
0
0
0
0
0
0
0
0
0
0
0
0
0
0
0
0
0
0
0
0
0
0
0
0
0
0
0
0
0
0
0
0
0
0
0
0
0
0
0
0
0
0
0
0
0
0
0
0
0
0
0
0
0
0
0
0
0
0
0
0
0
0
0
0
0
0
0
0
0
0
0
0
0
0
0
0
0
0
0
0
0
0
0
0
0
0
0
0
0
0
0
0
0
0
0
0
0
0
0
0
0
0
0
0
0
0
0
0
0
0
0
0
0
0
0
0
0
0
0
0
0
0
0
0
0
0
0
0
0
0
0
0
0
0
0
0
0
0
0
0
0
0
0
0
0
0
0
0
0
0
0
0
0
0
0
0
0
0
0
0
0
0
0
0
0
0
0
0
0
0
0
0
0
0
0
0
0
0
0
0
0
0
0
0
0
0
0
0
0
0
0
0
0
0
0
0
0
0
0
0
0
0
0
0
0
0
0
0
0
0
0
0
0
0
0
0
0
0
0
0
0
0
0
0
0
0
0
0
0
0
0
0
0
0
0
0
0
0
0
0
0
0
0
0
0
0
0
0
0
0
0
0
0
0
0
0
0
0
0
0
0
0
0
0
0
0
0
0
0
0
0
0
0
0
0
0
0
0
0
0
0
0
0
0
0
0
0
0
0
0
0
0
0
0
0
0
0
0
0
0
0
0
0
0
0
0
0
0
0
0
0
0
0
0
0
0
0
0
0
0
0
0
0
0
0
0
0
0
0
0
0
0
0
0
0
0
0
0
0
0
0
0
0
0
0
0
0
0
0
0
0
0
0
0
0
0
0
0
0
0
0
0
0
0
0
0
0
0
0
0
0
0
0
0
0
0
0
0
0
0
0
0
0
0
0
0
0
0
0
0
0
0
0
0
0
0
0
0
0
0
0
0
0
0
0
0
0
0
0
0
0
0
0
0
0
0
0
0
0
0
0
0
0
0
0
0
0
0
0
0
0
0
0
0
0
0
0
0
0
0
0
0
0
0
0
0
0
0
0
0
0
0
0
0
0
0
0
0
0
0
0
0
0
0
0
0
0
0
0
0
0
0
0
0
0
0
0
0
0
0
0
0
0
0
0
0
0
0
0
0
0
0
0
0
0
0
0
0
0
0
0
0
0
0
0
0
0
0
0
0
0
0
0
0
0
0
0
0
0
0
0
0
0
0
0
0
0
0
0
0
0
0
0
0
0
0
0
0
0
0
0
0
0
0
0
0
0
0
0
0
0
0
0
0
0
0
0
0
0
0
0
0
0
0
0
0
0
0
0
0
0
0
0
0
0
0
0
0
0
0
0
0
0
0
0
0
0
0
0
0
0
0
0
0
0
0
0
0
0
0
0
0
0
0
0
0
0
0
0
0
0
0
0
0
0
0
0
0
0
0
0
0
0
0
0
0
0
0
0
0
0
0
0
0
0
0
0
0
0
0
0
0
0
0
0
0
0
0
0
0
0
0
0
0
0
0
0
0
0
0
0
0
0
0
0
0
0
0
0
0
0
0
0
0
0
0
0
0
0
0
0
0
0
0
0
0
0
0
0
0
0
0
0
0
0
0
0
0
0
0
0
0
0
0
0
0
0
0
0
0
0
0
0
0
0
0
0
0
0
0
0
0
0
0
0
0
0
0
0
0
0
0
0
0
0
0
0
0
0
0
0
0
0
0
0
0
0
0
0
0
0
0
0
0
0
0
0
0
0
0
0
0
0
0
0
0
0
0
0
0
0
0
0
0
0
0
0
0
0
0
0
0
0
0
0
0
0
0
0
0
0
0
0
0
0
0
0
0
0
0
0
0
0
0
0
0
0
0
0
0
0
0
0
0
0
0
0
0
0
0
0
0
0
0
0
0
0
0
0
0
0
0
0
0
0
0
0
0
0
0
0
0
0
0
0
0
0
0
0
0
0
0
0
0
0
0
0
0
0
0
0
0
0
0
0
0
0
0
0
0
0
0
0
0
0
0
0
0
0
0
0
0
0
0
0
0
0
0
0
0
0
0
0
0
0
0
0
0
0
0
0
0
0
0
0
0
0
0
0
0
0
0
0
0
0
0
0
0
0
0
0
0
0
0
0
0
0
0
0
0
0
0
0
0
0
0
0
0
0
0
0
0
0
0
0
0
0
0
0
0
0
0
0
0
0
0
0
0
0
0
0
0
0
0
0
0
0
0
0
0
0
0
0
0
0
0
0
0
0
0
0
0
0
0
0
0
0
0
0
0
0
0
0
0
0
0
0
0
0
0
0
0
0
0
0
0
0
0
0
0
0
0
0
0
0
0
0
0
0
0
0
0
0
0
0
0
0
0
0
0
0
0
0
0
0
0
0
0
0
0
0
0
0
0
0
0
0
0
0
0
0
0
0
0
0
0
0
0
0
0
0
0
0
0
0
0
0
0
0
0
0
0
0
0
0
0
0
0
0
0
0
0
0
0
0
0
0
0
0
0
0
0
0
0
0
0
0
0
0
0
0
0
0
0
0
0
0
0
0
0
0
0
0
0
0
0
0
0
0
0
0
0
0
0
0
0
0
0
0
0
0
0
0
0
0
0
0
0
0
0
0
0
0
0
0
0
0
0
0
0
0
0
0
0
0
0
0
0
0
0
0
0
0
0
0
0
0
0
0
0
0
0
0
0
0
0
0
0
0
0
0
0
0
0
0
0
0
0
0
0
0
0
0
0
0
0
0
0
0
0
0
0
0
0
0
0
0
0
0
0
0
0
0
0
0
0
0
0
0
0
0
0
0
0
0
0
0
0
0
0
0
0
0
0
0
0
0
0
0
0
0
0
0
0
0
0
0
0
0
0
0
0
0
0
0
0
0
0
0
0
0
0
0
0
0
0
0
0
0
0
0
0
0
0
0
0
0
0
0
0
0
0
0
0
0
0
0
0
0
0
0
0
0
0
0
0
0
0
0
0
0
0
0
0
0
0
0
0
0
0
0
0
0
0
0
0
0
0
0
0
0
0
0
0
0
0
0
0
0
0
0
0
0
0
0
0
0
0
0
0
0
0
0
0
0
0
0
0
0
0
0
0
0
0
0
0
0
0
0
0
0
0
0
0
0
0
0
0
0
0
0
0
0
0
0
0
0
0
0
0
0
0
0
0
0
0
0
0
0
0
0
0
0
0
0
0
0
0
0
0
0
0
0
0
0
0
0
0
0
0
0
0
0
0
0
0
0
0
0
0
0
0
0
0
0
0
0
0
0
0
0
0
0
0
0
0
0
0
0
0
0
0
0
0
0
0
0
0
0
0
0
0
0
0
0
0
0
0
0
0
0
0
0
0
0
0
0
0
0
0
0
0
0
0
0
0
0
0
0
0
0
0
0
0
0
0
0
0
0
0
0
0
0
0
0
0
0
0
0
0
0
0
0
0
0
0
0
0
0
0
0
0
0
0
0
0
0
0
0
0
0
0
0
0
0
0
0
0
0
0
0
0
0
0
0
0
0
0
0
0
0
0
0
0
0
0
0
0
0
0
0
0
0
0
0
0
0
0
0
0
0
0
0
0
0
0
0
0
0
0
0
0
0
0
0
0
0
0
0
0
0
0
0
0
0
0
0
0
0
0
0
0
0
0
0
0
0
0
0
0
0
0
0
0
0
0
0
0
0
0
0
0
0
0
0
0
0
0
0
0
0
0
0
0
0
0
0
0
0
0
0
0
0
0
0
0
0
0
0
0
0
0
0
0
0
0
0
0
0
0
0
0
0
0
0
0
0
0
0
0
0
0
0
0
0
0
0
0
0
0
0
0
0
0
0
0
0
0
0
0
0
0
0
0
0
0
0
0
0
0
0
0
0
0
0
0
0
0
0
0
0
0
0
0
0
0
0
0
0
0
0
0
0
0
0
0
0
0
0
0
0
0
0
0
0
0
0
0
0
0
0
0
0
0
0
0
0
0
0
0
0
0
0
0
0
0
0
0
0
0
0
0
0
0
0
0
0
0
0
0
0
0
0
0
0
0
0
0
0
0
0
0
0
0
0
0
0
0
0
0
0
0
0
0
0
0
0
0
0
0
0
0
0
0
0
0
0
0
0
0
0
0
0
0
0
0
0
0
0
0
0
0
0
0
0
0
0
0
0
0
0
0
0
0
0
0
0
0
0
0
0
0
0
0
0
0
0
0
0
0
0
0
0
0
0
0
0
0
0
0
0
0
0
0
0
0
0
0
0
0
0
0
0
0
0
0
0
0
0
0
0
0
0
0
0
0
0
0
0
0
0
0
0
0
0
0
0
0
0
0
0
0
0
0
0
0
0
0
0
0
0
0
0
0
0
0
0
0
0
0
0
0
0
0
0
0
0
0
0
0
0
0
0
0
0
0
0
0
0
0
0
0
0
0
0
0
0
0
0
0
0
0
0
0
0
0
0
0
0
0
0
0
0
0
0
0
0
0
0
0
0
0
0
0
0
0
0
0
0
0
0
0
0
0
0
0
0
0
0
0
0
0
0
0
0
0
0
0
0
0
0
0
0
0
0
0
0
0
0
0
0
0
0
0
0
0
0
0
0
0
0
0
0
0
0
0
0
0
0
0
0
0
0
0
0
0
0
0
0
0
0
0
0
0
0
0
0
0
0
0
0
0
0
0
0
0
0
0
0
0
0
0
0
0
0
0
0
0
0
0
0
0
0
0
0
0
0
0
0
0
0
0
0
0
0
0
0
0
0
0
0
0
0
0
0
0
0
0
0
0
0
0
0
0
0
0
0
0
0
0
0
0
0
0
0
0
0
0
0
0
0
0
0
0
0
0
0
0
0
0
0
0
0
0
0
0
0
0
0
0
0
0
0
0
0
0
0
0
0
0
0
0
0
0
0
0
0
0
0
0
0
0
0
0
0
0
0
0
0
0
0
0
0
0
0
0
0
0
0
0
0
0
0
0
0
0
0
0
0
0
0
0
0
0
0
0
0
0
0
0
0
0
0
0
0
0
0
0
0
0
0
0
0
0
0
0
0
0
0
0
0
0
0
0
0
0
0
0
0
0
0
0
0
0
0
0
0
0
0
0
0
0
0
0
0
0
0
0
0
0
0
0
0
0
0
0
0
0
0
0
0
0
0
0
0
0
0
0
0
0
0
0
0
0
0
0
0
0
0
0
0
0
0
0
0
0
0
0
0
0
0
0
0
0
0
0
0
0
0
0
0
0
0
0
0
0
0
0
0
0
0
0
0
0
0
0
0
0
0
0
0
0
0
0
0
0
0
0
0
0
0
0
0
0
0
0
0
0
0
0
0
0
0
0
0
0
0
0
0
0
0
0
0
0
0
0
0
0
0
0
0
0
0
0
0
0
0
0
0
0
0
0
0
0
0
0
0
0
0
0
0
0
0
0
0
0
0
0
0
0
0
0
0
0
0
0
0
0
0
0
0
0
0
0
0
0
0
0
0
0
0
0
0
0
0
0
0
0
0
0
0
0
0
0
0
0
0
0
0
0
0
0
0
0
0
0
0
0
0
0
0
0
0
0
0
0
0
0
0
0
0
0
0
0
0
0
0
0
0
0
0
0
0
0
0
0
0
0
0
0
0
0
0
0
0
0
0
0
0
0
0
0
0
0
0
0
0
0
0
0
0
0
0
0
0
0
0
0
0
0
0
0
0
0
0
0
0
0
0
0
0
0
0
0
0
0
0
0
0
0
0
0
0
0
0
0
0
0
0
0
0
0
0
0
0
0
0
0
0
0
0
0
0
0
0
0
0
0
0
0
0
0
0
0
0
0
0
0
0
0
0
0
0
0
0
0
0
0
0
0
0
0
0
0
0
0
0
0
0
0
0
0
0
0
0
0
0
0
0
0
0
0
0
0
0
0
0
0
0
0
0
0
0
0
0
0
0
0
0
0
0
0
0
0
0
0
0
0
0
0
0
0
0
0
0
0
0
0
0
0
0
0
0
0
0
0
0
0
0
0
0
0
0
0
0
0
0
0
0
0
0
0
0
0
0
0
0
0
0
0
0
0
0
0
0
0
0
0
0
0
0
0
0
0
0
0
0
0
0
0
0
0
0
0
0
0
0
0
0
0
0
0
0
0
0
0
0
0
0
0
0
0
0
0
0
0
0
0
0
0
0
0
0
0
0
0
0
0
0
0
0
0
0
0
0
0
0
0
0
0
0
0
0
0
0
0
0
0
0
0
0
0
0
0
0
0
0
0
0
0
0
0
0
0
0
0
0
0
0
0
0
0
0
0
0
0
0
0
0
0
0
0
0
0
0
0
0
0
0
0
0
0
0
0
0
0
0
0
0
0
0
0
0
0
0
0
0
0
0
0
0
0
0
0
0
0
0
0
0
0
0
0
0
0
0
0
0
0
0
0
0
0
0
0
0
0
0
0
0
0
0
0
0
0
0
0
0
0
0
0
0
0
0
0
0
0
0
0
0
0
0
0
0
0
0
0
0
0
0
0
0
0
0
0
0
0
0
0
0
0
0
0
0
0
0
0
0
0
0
0
0
0
0
0
0
0
0
0
0
0
0
0
0
0
0
0
0
0
0
0
0
0
0
0
0
0
0
0
0
0
0
0
0
0
0
0
0
0
0
0
0
0
0
0
0
0
0
0
0
0
0
0
0
0
0
0
0
0
0
0
0
0
0
0
0
0
0
0
0
0
0
0
0
0
0
0
0
0
0
0
0
0
0
0
0
0
0
0
0
0
0
0
0
0
0
0
0
0
0
0
0
0
0
0
0
0
0
0
0
0
0
0
0
0
0
0
0
0
0
0
0
0
0
0
0
0
0
0
0
0
0
0
0
0
0
0
0
0
0
0
0
0
0
0
0
0
0
0
0
0
0
0
0
0
0
0
0
0
0
0
0
0
0
0
0
0
0
0
0
0
0
0
0
0
0
0
0
0
0
0
0
0
0
0
0
0
0
0
0
0
0
0
0
0
0
0
0
0
0
0
0
0
0
0
0
0
0
0
0
0
0
0
0
0
0
0
0
0
0
0
0
0
0
0
0
0
0
0
0
0
0
0
0
0
0
0
0
0
0
0
0
0
0
0
0
0
0
0
0
0
0
0
0
0
0
0
0
0
0
0
0
0
0
0
0
0
0
0
0
0
0
0
0
0
0
0
0
0
0
0
0
0
0
0
0
0
0
0
0
0
0
0
0
0
0
0
0
0
0
0
0
0
0
0
0
0
0
0
0
0
0
0
0
0
0
0
0
0
0
0
0
0
0
0
0
0
0
0
0
0
0
0
0
0
0
0
0
0
0
0
0
0
0
0
0
0
0
0
0
0
0
0
0
0
0
0
0
0
0
0
0
0
0
0
0
0
0
0
0
0
0
0
0
0
0
0
0
0
0
0
0
0
0
0
0
0
0
0
0
0
0
0
0
0
0
0
0
0
0
0
0
0
0
0
0
0
0
0
0
0
0
0
0
0
0
0
0
0
0
0
0
0
0
0
0
0
0
0
0
0
0
0
0
0
0
0
0
0
0
0
0
0
0
0
0
0
0
0
0
0
0
0
0
0
0
0
0
0
0
0
0
0
0
0
0
0
0
0
0
0
0
0
0
0
0
0
0
0
0
0
0
0
0
0
0
0
0
0
0
0
0
0
0
0
0
0
0
0
0
0
0
0
0
0
0
0
0
0
0
0
0
0
0
0
0
0
0
0
0
0
0
0
0
0
0
0
0
0
0
0
0
0
0
0
0
0
0
0
0
0
0
0
0
0
0
0
0
0
0
0
0
0
0
0
0
0
0
0
0
0
0
0
0
0
0
0
0
0
0
0
0
0
0
0
0
0
0
0
0
0
0
0
0
0
0
0
0
0
0
0
0
0
0
0
0
0
0
0
0
0
0
0
0
0
0
0
0
0
0
0
0
0
0
0
0
0
0
0
0
0
0
0
0
0
0
0
0
0
0
0
0
0
0
0
0
0
0
0
0
0
0
0
0
0
0
0
0
0
0
0
0
0
0
0
0
0
0
0
0
0
0
0
0
0
0
0
0
0
0
0
0
0
0
0
0
0
0
0
0
0
0
0
0
0
0
0
0
0
0
0
0
0
0
0
0
0
0
0
0
0
0
0
0
0
0
0
0
0
0
0
0
0
0
0
0
0
0
0
0
0
0
0
0
0
0
0
0
0
0
0
0
0
0
0
0
0
0
0
0
0
0
0
0
0
0
0
0
0
0
0
0
0
0
0
0
0
0
0
0
0
0
0
0
0
0
0
0
0
0
0
0
0
0
0
0
0
0
0
0
0
0
0
0
0
0
0
0
0
0
0
0
0
0
0
0
0
0
0
0
0
0
0
0
0
0
0
0
0
0
0
0
0
0
0
0
0
0
0
0
0
0
0
0
0
0
0
0
0
0
0
0
0
0
0
0
0
0
0
0
0
0
0
0
0
0
0
0
0
0
0
0
0
0
0
0
0
0
0
0
0
0
0
0
0
0
0
0
0
0
0
0
0
0
0
0
0
0
0
0
0
0
0
0
0
0
0
0
0
0
0
0
0
0
0
0
0
0
0
0
0
0
0
0
0
0
0
0
0
0
0
0
0
0
0
0
0
0
0
0
0
0
0
0
0
0
0
0
0
0
0
0
0
0
0
0
0
0
0
0
0
0
0
0
0
0
0
0
0
0
0
0
0
0
0
0
0
0
0
0
0
0
0
0
0
0
0
0
0
0
0
0
0
0
0
0
0
0
0
0
0
0
0
0
0
0
0
0
0
0
0
0
0
0
0
0
0
0
0
0
0
0
0
0
0
0
0
0
0
0
0
0
0
0
0
0
0
0
0
0
0
0
0
0
0
0
0
0
0
0
0
0
0
0
0
0
0
0
0
0
0
0
0
0
0
0
0
0
0
0
0
0
0
0
0
0
0
0
0
0
0
0
0
0
0
0
0
0
0
0
0
0
0
0
0
0
0
0
0
0
0
0
0
0
0
0
0
0
0
0
0
0
0
0
0
0
0
0
0
0
0
0
0
0
0
0
0
0
0
0
0
0
0
0
0
0
0
0
0
0
0
0
0
0
0
0
0
0
0
0
0
0
0
0
0
0
0
0
0
0
0
0
0
0
0
0
0
0
0
0
0
0
0
0
0
0
0
0
0
0
0
0
0
0
0
0
0
0
0
0
0
0
0
0
0
0
0
0
0
0
0
0
0
0
0
0
0
0
0
0
0
0
0
0
0
0
0
0
0
0
0
0
0
0
0
0
0
0
0
0
0
0
0
0
0
0
0
0
0
0
0
0
0
0
0
0
0
0
0
0
0
0
0
0
0
0
0
0
0
0
0
0
0
0
0
0
0
0
0
0
0
0
0
0
0
0
0
0
0
0
0
0
0
0
0
0
0
0
0
0
0
0
0
0
0
0
0
0
0
0
0
0
0
0
0
0
0
0
0
0
0
0
0
0
0
0
0
0
0
0
0
0
0
0
0
0
0
0
0
0
0
0
0
0
0
0
0
0
0
0
0
0
0
0
0
0
0
0
0
0
0
0
0
0
0
0
0
0
0
0
0
0
0
0
0
0
0
0
0
0
0
0
0
0
0
0
0
0
0
0
0
0
0
0
0
0
0
0
0
0
0
0
0
0
0
0
0
0
0
0
0
0
0
0
0
0
0
0
0
0
0
0
0
0
0
0
0
0
0
0
0
0
0
0
0
0
0
0
0
0
0
0
0
0
0
0
0
0
0
0
0
0
0
0
0
0
0
0
0
0
0
0
0
0
0
0
0
0
0
0
0
0
0
0
0
0
0
0
0
0
0
0
0
0
0
0
0
0
0
0
0
0
0
0
0
0
0
0
0
0
0
0
0
0
0
0
0
0
0
0
0
0
0
0
0
0
0
0
0
0
0
0
0
0
0
0
0
0
0
0
0
0
0
0
0
0
0
0
0
0
0
0
0
0
0
0
0
0
0
0
0
0
0
0
0
0
0
0
0
0
0
0
0
0
0
0
0
0
0
0
0
0
0
0
0
0
0
0
0
0
0
0
0
0
0
0
0
0
0
0
0
0
0
0
0
0
0
0
0
0
0
0
0
0
0
0
0
0
0
0
0
0
0
0
0
0
0
0
0
0
0
0
0
0
0
0
0
0
0
0
0
0
0
0
0
0
0
0
0
0
0
0
0
0
0
0
0
0
0
0
0
0
0
0
0
0
0
0
0
0
0
0
0
0
0
0
0
0
0
0
0
0
0
0
0
0
0
0
0
0
0
0
0
0
0
0
0
0
0
0
0
0
0
0
0
0
0
0
0
0
0
0
0
0
0
0
0
0
0
0
0
0
0
0
0
0
0
0
0
0
0
0
0
0
0
0
0
0
0
0
0
0
0
0
0
0
0
0
0
0
0
0
0
0
0
0
0
0
0
0
0
0
0
0
0
0
0
0
0
0
0
0
0
0
0
0
0
0
0
0
0
0
0
0
0
0
0
0
0
0
0
0
0
0
0
0
0
0
0
0
0
0
0
0
0
0
0
0
0
0
0
0
0
0
0
0
0
0
0
0
0
0
0
0
0
0
0
0
0
0
0
0
0
0
0
0
0
0
0
0
0
0
0
0
0
0
0
0
0
0
0
0
0
0
0
0
0
0
0
0
0
0
0
0
0
0
0
0
0
0
0
0
0
0
0
0
0
0
0
0
0
0
0
0
0
0
0
0
0
0
0
0
0
0
0
0
0
0
0
0
0
0
0
0
0
0
0
0
0
0
0
0
0
0
0
0
0
0
0
0
0
0
0
0
0
0
0
0
0
0
0
0
0
0
0
0
0
0
0
0
0
0
0
0
0
0
0
0
0
0
0
0
0
0
0
0
0
0
0
0
0
0
0
0
0
0
0
0
0
0
0
0
0
0
0
0
0
0
0
0
0
0
0
0
0
0
0
0
0
0
0
0
0
0
0
0
0
0
0
0
0
0
0
0
0
0
0
0
0
0
0
0
0
0
0
0
0
0
0
0
0
0
0
0
0
0
0
0
0
0
0
0
0
0
0
0
0
0
0
0
0
0
0
0
0
0
0
0
0
0
0
0
0
0
0
0
0
0
0
0
0
0
0
0
0
0
0
0
0
0
0
0
0
0
0
0
0
0
0
0
0
0
0
0
0
0
0
0
0
0
0
0
0
0
0
0
0
0
0
0
0
0
0
0
0
0
0
0
0
0
0
0
0
0
0
0
0
0
0
0
0
0
0
0
0
0
0
0
0
0
0
0
0
0
0
0
0
0
0
0
0
0
0
0
0
0
0
0
0
0
0
0
0
0
0
0
0
0
0
0
0
0
0
0
0
0
0
0
0
0
0
0
0
0
0
0
0
0
0
0
0
0
0
0
0
0
0
0
0
0
0
0
0
0
0
0
0
0
0
0
0
0
0
0
0
0
0
0
0
0
0
0
0
0
0
0
0
0
0
0
0
0
0
0
0
0
0
0
0
0
0
0
0
0
0
0
0
0
0
0
0
0
0
0
0
0
0
0
0
0
0
0
0
0
0
0
0
0
0
0
0
0
0
0
0
0
0
0
0
0
0
0
0
0
0
0
0
0
0
0
0
0
0
0
0
0
0
0
0
0
0
0
0
0
0
0
0
0
0
0
0
0
0
0
0
0
0
0
0
0
0
0
0
0
0
0
0
0
0
0
0
0
0
0
0
0
0
0
0
0
0
0
0
0
0
0
0
0
0
0
0
0
0
0
0
0
0
0
0
0
0
0
0
0
0
0
0
0
0
0
0
0
0
0
0
0
0
0
0
0
0
0
0
0
0
0
0
0
0
0
0
0
0
0
0
0
0
0
0
0
0
0
0
0
0
0
0
0
0
0
0
0
0
0
0
0
0
0
0
0
0
0
0
0
0
0
0
0
0
0
0
0
0
0
0
0
0
0
0
0
0
0
0
0
0
0
0
0
0
0
0
0
0
0
0
0
0
0
0
0
0
0
0
0
0
0
0
0
0
0
0
0
0
0
0
0
0
0
0
0
0
0
0
0
0
0
0
0
0
0
0
0
0
0
0
0
0
0
0
0
0
0
0
0
0
0
0
0
0
0
0
0
0
0
0
0
0
0
0
0
0
0
0
0
0
0
0
0
0
0
0
0
0
0
0
0
0
0
0
0
0
0
0
0
0
0
0
0
0
0
0
0
0
0
0
0
0
0
0
0
0
0
0
0
0
0
0
0
0
0
0
0
0
0
0
0
0
0
0
0
0
0
0
0
0
0
0
0
0
0
0
0
0
0
0
0
0
0
0
0
0
0
0
0
0
0
0
0
0
0
0
0
0
0
0
0
0
0
0
0
0
0
0
0
0
0
0
0
0
0
0
0
0
0
0
0
0
0
0
0
0
0
0
0
0
0
0
0
0
0
0
0
0
0
0
0
0
0
0
0
0
0
0
0
0
0
0
0
0
0
0
0
0
0
0
0
0
0
0
0
0
0
0
0
0
0
0
0
0
0
0
0
0
0
0
0
0
0
0
0
0
0
0
0
0
0
0
0
0
0
0
0
0
0
0
0
0
0
0
0
0
0
0
0
0
0
0
0
0
0
0
0
0
0
0
0
0
0
0
0
0
0
0
0
0
0
0
0
0
0
0
0
0
0
0
0
0
0
0
0
0
0
0
0
0
0
0
0
0
0
0
0
0
0
0
0
0
0
0
0
0
0
0
0
0
0
0
0
0
0
0
0
0
0
0
0
0
0
0
0
0
0
0
0
0
0
0
0
0
0
0
0
0
0
0
0
0
0
0
0
0
0
0
0
0
0
0
0
0
0
0
0
0
0
0
0
0
0
0
0
0
0
0
0
0
0
0
0
0
0
0
0
0
0
0
0
0
0
0
0
0
0
0
0
0
0
0
0
0
0
0
0
0
0
0
0
0
0
0
0
0
0
0
0
0
0
0
0
0
0
0
0
0
0
0
0
0
0
0
0
0
0
0
0
0
0
0
0
0
0
0
0
0
0
0
0
0
0
0
0
0
0
0
0
0
0
0
0
0
0
0
0
0
0
0
0
0
0
0
0
0
0
0
0
0
0
0
0
0
0
0
0
0
0
0
0
0
0
0
0
0
0
0
0
0
0
0
0
0
0
0
0
0
0
0
0
0
0
0
0
0
0
0
0
0
0
0
0
0
0
0
0
0
0
0
0
0
0
0
0
0
0
0
0
0
0
0
0
0
0
0
0
0
0
0
0
0
0
0
0
0
0
0
0
0
0
0
0
0
0
0
0
0
0
0
0
0
0
0
0
0
0
0
0
0
0
0
0
0
0
0
0
0
0
0
0
0
0
0
0
0
0
0
0
0
0
0
0
0
0
0
0
0
0
0
0
0
0
0
0
0
0
0
0
0
0
0
0
0
0
0
0
0
0
0
0
0
0
0
0
0
0
0
0
0
0
0
0
0
0
0
0
0
0
0
0
0
0
0
0
0
0
0
0
0
0
0
0
0
0
0
0
0
0
0
0
0
0
0
0
0
0
0
0
0
0
0
0
0
0
0
0
0
0
0
0
0
0
0
0
0
0
0
0
0
0
0
0
0
0
0
0
0
0
0
0
0
0
0
0
0
0
0
0
0
0
0
0
0
0
0
0
0
0
0
0
0
0
0
0
0
0
0
0
0
0
0
0
0
0
0
0
0
0
0
0
0
0
0
0
0
0
0
0
0
0
0
0
0
0
0
0
0
0
0
0
0
0
0
0
0
0
0
0
0
0
0
0
0
0
0
0
0
0
0
0
0
0
0
0
0
0
0
0
0
0
0
0
0
0
0
0
0
0
0
0
0
0
0
0
0
0
0
0
0
0
0
0
0
0
0
0
0
0
0
0
0
0
0
0
0
0
0
0
0
0
0
0
0
0
0
0
0
0
0
0
0
0
0
0
0
0
0
0
0
0
0
0
0
0
0
0
0
0
0
0
0
0
0
0
0
0
0
0
0
0
0
0
0
0
0
0
0
0
0
0
0
0
0
0
0
0
0
0
0
0
0
0
0
0
0
0
0
0
0
0
0
0
0
0
0
0
0
0
0
0
0
0
0
0
0
0
0
0
0
0
0
0
0
0
0
0
0
0
0
0
0
0
0
0
0
0
0
0
0
0
0
0
0
0
0
0
0
0
0
0
0
0
0
0
0
0
0
0
0
0
0
0
0
0
0
0
0
0
0
0
0
0
0
0
0
0
0
0
0
0
0
0
0
0
0
0
0
0
0
0
0
0
0
0
0
0
0
0
0
0
0
0
0
0
0
0
0
0
0
0
0
0
0
0
0
0
0
0
0
0
0
0
0
0
0
0
0
0
0
0
0
0
0
0
0
0
0
0
0
0
0
0
0
0
0
0
0
0
0
0
0
0
0
0
0
0
0
0
0
0
0
0
0
0
0
0
0
0
0
0
0
0
0
0
0
0
0
0
0
0
0
0
0
0
0
0
0
0
0
0
0
0
0
0
0
0
0
0
0
0
0
0
0
0
0
0
0
0
0
0
0
0
0
0
0
0
0
0
0
0
0
0
0
0
0
0
0
0
0
0
0
0
0
0
0
0
0
0
0
0
0
0
0
0
0
0
0
0
0
0
0
0
0
0
0
0
0
0
0
0
0
0
0
0
0
0
0
0
0
0
0
0
0
0
0
0
0
0
0
0
0
0
0
0
0
0
0
0
0
0
0
0
0
0
0
0
0
0
0
0
0
0
0
0
0
0
0
0
0
0
0
0
0
0
0
0
0
0
0
0
0
0
0
0
0
0
0
0
0
0
0
0
0
0
0
0
0
0
0
0
0
0
0
0
0
0
0
0
0
0
0
0
0
0
0
0
0
0
0
0
0
0
0
0
0
0
0
0
0
0
0
0
0
0
0
0
0
0
0
0
0
0
0
0
0
0
0
0
0
0
0
0
0
0
0
0
0
0
0
0
0
0
0
0
0
0
0
0
0
0
0
0
0
0
0
0
0
0
0
0
0
0
0
0
0
0
0
0
0
0
0
0
0
0
0
0
0
0
0
0
0
0
0
0
0
0
0
0
0
0
0
0
0
0
0
0
0
0
0
0
0
0
0
0
0
0
0
0
0
0
0
0
0
0
0
0
0
0
0
0
0
0
0
0
0
0
0
0
0
0
0
0
0
0
0
0
0
0
0
0
0
0
0
0
0
0
0
0
0
0
0
0
0
0
0
0
0
0
0
0
0
0
0
0
0
0
0
0
0
0
0
0
0
0
0
0
0
0
0
0
0
0
0
0
0
0
0
0
0
0
0
0
0
0
0
0
0
0
0
0
0
0
0
0
0
0
0
0
0
0
0
0
0
0
0
0
0
0
0
0
0
0
0
0
0
0
0
0
0
0
0
0
0
0
0
0
0
0
0
0
0
0
0
0
0
0
0
0
0
0
0
0
0
0
0
0
0
0
0
0
0
0
0
0
0
0
0
0
0
0
0
0
0
0
0
0
0
0
0
0
0
0
0
0
0
0
0
0
0
0
0
0
0
0
0
0
0
0
0
0
0
0
0
0
0
0
0
0
0
0
0
0
0
0
0
0
0
0
0
0
0
0
0
0
0
0
0
0
0
0
0
0
0
0
0
0
0
0
0
0
0
0
0
0
0
0
0
0
0
0
0
0
0
0
0
0
0
0
0
0
0
0
0
0
0
0
0
0
0
0
0
0
0
0
0
0
0
0
0
0
0
0
0
0
0
0
0
0
0
0
0
0
0
0
0
0
0
0
0
0
0
0
0
0
0
0
0
0
0
0
0
0
0
0
0
0
0
0
0
0
0
0
0
0
0
0
0
0
0
0
0
0
0
0
0
0
0
0
0
0
0
0
0
0
0
0
0
0
0
0
0
0
0
0
0
0
0
0
0
0
0
0
0
0
0
0
0
0
0
0
0
0
0
0
0
0
0
0
0
0
0
0
0
0
0
0
0
0
0
0
0
0
0
0
0
0
0
0
0
0
0
0
0
0
0
0
0
0
0
0
0
0
0
0
0
0
0
0
0
0
0
0
0
0
0
0
0
0
0
0
0
0
0
0
0
0
0
0
0
0
0
0
0
0
0
0
0
0
0
0
0
0
0
0
0
0
0
0
0
0
0
0
0
0
0
0
0
0
0
0
0
0
0
0
0
0
0
0
0
0
0
0
0
0
0
0
0
0
0
0
0
0
0
0
0
0
0
0
0
0
0
0
0
0
0
0
0
0
0
0
0
0
0
0
0
0
0
0
0
0
0
0
0
0
0
0
0
0
0
0
0
0
0
0
0
0
0
0
0
0
0
0
0
0
0
0
0
0
0
0
0
0
0
0
0
0
0
0
0
0
0
0
0
0
0
0
0
0
0
0
0
0
0
0
0
0
0
0
0
0
0
0
0
0
0
0
0
0
0
0
0
0
0
0
0
0
0
0
0
0
0
0
0
0
0
0
0
0
0
0
0
0
0
0
0
0
0
0
0
0
0
0
0
0
0
0
0
0
0
0
0
0
0
0
0
0
0
0
0
0
0
0
0
0
0
0
0
0
0
0
0
0
0
0
0
0
0
0
0
0
0
0
0
0
0
0
0
0
0
0
0
0
0
0
0
0
0
0
0
0
0
0
0
0
0
0
0
0
0
0
0
0
0
0
0
0
0
0
0
0
0
0
0
0
0
0
0
0
0
0
0
0
0
0
0
0
0
0
0
0
0
0
0
0
0
0
0
0
0
0
0
0
0
0
0
0
0
0
0
0
0
0
0
0
0
0
0
0
0
0
0
0
0
0
0
0
0
0
0
0
0
0
0
0
0
0
0
0
0
0
0
0
0
0
0
0
0
0
0
0
0
0
0
0
0
0
0
0
0
0
0
0
0
0
0
0
0
0
0
0
0
0
0
0
0
0
0
0
0
0
0
0
0
0
0
0
0
0
0
0
0
0
0
0
0
0
0
0
0
0
0
0
0
0
0
0
0
0
0
0
0
0
0
0
0
0
0
0
0
0
0
0
0
0
0
0
0
0
0
0
0
0
0
0
0
0
0
0
0
0
0
0
0
0
0
0
0
0
0
0
0
0
0
0
0
0
0
0
0
0
0
0
0
0
0
0
0
0
0
0
0
0
0
0
0
0
0
0
0
0
0
0
0
0
0
0
0
0
0
0
0
0
0
0
0
0
0
0
0
0
0
0
0
0
0
0
0
0
0
0
0
0
0
0
0
0
0
0
0
0
0
0
0
0
0
0
0
0
0
0
0
0
0
0
0
0
0
0
0
0
0
0
0
0
0
0
0
0
0
0
0
0
0
0
0
0
0
0
0
0
0
0
0
0
0
0
0
0
0
0
0
0
0
0
0
0
0
0
0
0
0
0
0
0
0
0
0
0
0
0
0
0
0
0
0
0
0
0
0
0
0
0
0
0
0
0
0
0
0
0
0
0
0
0
0
0
0
0
0
0
0
0
0
0
0
0
0
0
0
0
0
0
0
0
0
0
0
0
0
0
0
0
0
0
0
0
0
0
0
0
0
0
0
0
0
0
0
0
0
0
0
0
0
0
0
0
0
0
0
0
0
0
0
0
0
0
0
0
0
0
0
0
0
0
0
0
0
0
0
0
0
0
0
0
0
0
0
0
0
0
0
0
0
0
0
0
0
0
0
0
0
0
0
0
0
0
0
0
0
0
0
0
0
0
0
0
0
0
0
0
0
0
0
0
0
0
0
0
0
0
0
0
0
0
0
0
0
0
0
0
0
0
0
0
0
0
0
0
0
0
0
0
0
0
0
0
0
0
0
0
0
0
0
0
0
0
0
0
0
0
0
0
0
0
0
0
0
0
0
0
0
0
0
0
0
0
0
0
0
0
0
0
0
0
0
0
0
0
0
0
0
0
0
0
0
0
0
0
0
0
0
0
0
0
0
0
0
0
0
0
0
0
0
0
0
0
0
0
0
0
0
0
0
0
0
0
0
0
0
0
0
0
0
0
0
0
0
0
0
0
0
0
0
0
0
0
0
0
0
0
0
0
0
0
0
0
0
0
0
0
0
0
0
0
0
0
0
0
0
0
0
0
0
0
0
0
0
0
0
0
0
0
0
0
0
0
0
0
0
0
0
0
0
0
0
0
0
0
0
0
0
0
0
0
0
0
0
0
0
0
0
0
0
0
0
0
0
0
0
0
0
0
0
0
0
0
0
0
0
0
0
0
0
0
0
0
0
0
0
0
0
0
0
0
0
0
0
0
0
0
0
0
0
0
0
0
0
0
0
0
0
0
0
0
0
0
0
0
0
0
0
0
0
0
0
0
0
0
0
0
0
0
0
0
0
0
0
0
0
0
0
0
0
0
0
0
0
0
0
0
0
0
0
0
0
0
0
0
0
0
0
0
0
0
0
0
0
0
0
0
0
0
0
0
0
0
0
0
0
0
0
0
0
0
0
0
0
0
0
0
0
0
0
0
0
0
0
0
0
0
0
0
0
0
0
0
0
0
0
0
0
0
0
0
0
0
0
0
0
0
0
0
0
0
0
0
0
0
0
0
0
0
0
0
0
0
0
0
0
0
0
0
0
0
0
0
0
0
0
0
0
0
0
0
0
0
0
0
0
0
0
0
0
0
0
0
0
0
0
0
0
0
0
0
0
0
0
0
0
0
0
0
0
0
0
0
0
0
0
0
0
0
0
0
0
0
0
0
0
0
0
0
0
0
0
0
0
0
0
0
0
0
0
0
0
0
0
0
0
0
0
0
0
0
0
0
0
0
0
0
0
0
0
0
0
0
0
0
0
0
0
0
0
0
0
0
0
0
0
0
0
0
0
0
0
0
0
0
0
0
0
0
0
0
0
0
0
0
0
0
0
0
0
0
0
0
0
0
0
0
0
0
0
0
0
0
0
0
0
0
0
0
0
0
0
0
0
0
0
0
0
0
0
0
0
0
0
0
0
0
0
0
0
0
0
0
0
0
0
0
0
0
0
0
0
0
0
0
0
0
0
0
0
0
0
0
0
0
0
0
0
0
0
0
0
0
0
0
0
0
0
0
0
0
0
0
0
0
0
0
0
0
0
0
0
0
0
0
0
0
0
0
0
0
0
0
0
0
0
0
0
0
0
0
0
0
0
0
0
0
0
0
0
0
0
0
0
0
0
0
0
0
0
0
0
0
0
0
0
0
0
0
0
0
0
0
0
0
0
0
0
0
0
0
0
0
0
0
0
0
0
0
0
0
0
0
0
0
0
0
0
0
0
0
0
0
0
0
0
0
0
0
0
0
0
0
0
0
0
0
0
0
0
0
0
0
0
0
0
0
0
0
0
0
0
0
0
0
0
0
0
0
0
0
0
0
0
0
0
0
0
0
0
0
0
0
0
0
0
0
0
0
0
0
0
0
0
0
0
0
0
0
0
0
0
0
0
0
0
0
0
0
0
0
0
0
0
0
0
0
0
0
0
0
0
0
0
0
0
0
0
0
0
0
0
0
0
0
0
0
0
0
0
0
0
0
0
0
0
0
0
0
0
0
0
0
0
0
0
0
0
0
0
0
0
0
0
0
0
0
0
0
0
0
0
0
0
0
0
0
0
0
0
0
0
0
0
0
0
0
0
0
0
0
0
0
0
0
0
0
0
0
0
0
0
0
0
0
0
0
0
0
0
0
0
0
0
0
0
0
0
0
0
0
0
0
0
0
0
0
0
0
0
0
0
0
0
0
0
0
0
0
0
0
0
0
0
0
0
0
0
0
0
0
0
0
0
0
0
0
0
0
0
0
0
0
0
0
0
0
0
0
0
0
0
0
0
0
0
0
0
0
0
0
0
0
0
0
0
0
0
0
0
0
0
0
0
0
0
0
0
0
0
0
0
0
0
0
0
0
0
0
0
0
0
0
0
0
0
0
0
0
0
0
0
0
0
0
0
0
0
0
0
0
0
0
0
0
0
0
0
0
0
0
0
0
0
0
0
0
0
0
0
0
0
0
0
0
0
0
0
0
0
0
0
0
0
0
0
0
0
0
0
0
0
0
0
0
0
0
0
0
0
0
0
0
0
0
0
0
0
0
0
0
0
0
0
0
0
0
0
0
0
0
0
0
0
0
0
0
0
0
0
0
0
0
0
0
0
0
0
0
0
0
0
0
0
0
0
0
0
0
0
0
0
0
0
0
0
0
0
0
0
0
0
0
0
0
0
0
0
0
0
0
0
0
0
0
0
0
0
0
0
0
0
0
0
0
0
0
0
0
0
0
0
0
0
0
0
0
0
0
0
0
0
0
0
0
0
0
0
0
0
0
0
0
0
0
0
0
0
0
0
0
0
0
0
0
0
0
0
0
0
0
0
0
0
0
0
0
0
0
0
0
0
0
0
0
0
0
0
0
0
0
0
0
0
0
0
0
0
0
0
0
0
0
0
0
0
0
0
0
0
0
0
0
0
0
0
0
0
0
0
0
0
0
0
0
0
0
0
0
0
0
0
0
0
0
0
0
0
0
0
0
0
0
0
0
0
0
0
0
0
0
0
0
0
0
0
0
0
0
0
0
0
0
0
0
0
0
0
0
0
0
0
0
0
0
0
0
0
0
0
0
0
0
0
0
0
0
0
0
0
0
0
0
0
0
0
0
0
0
0
0
0
0
0
0
0
0
0
0
0
0
0
0
0
0
0
0
0
0
0
0
0
0
0
0
0
0
0
0
0
0
0
0
0
0
0
0
0
0
0
0
0
0
0
0
0
0
0
0
0
0
0
0
0
0
0
0
0
0
0
0
0
0
0
0
0
0
0
0
0
0
0
0
0
0
0
0
0
0
0
0
0
0
0
0
0
0
0
0
0
0
0
0
0
0
0
0
0
0
0
0
0
0
0
0
0
0
0
0
0
0
0
0
0
0
0
0
0
0
0
0
0
0
0
0
0
0
0
0
0
0
0
0
0
0
0
0
0
0
0
0
0
0
0
0
0
0
0
0
0
0
0
0
0
0
0
0
0
0
0
0
0
0
0
0
0
0
0
0
0
0
0
0
0
0
0
0
0
0
0
0
0
0
0
0
0
0
0
0
0
0
0
0
0
0
0
0
0
0
0
0
0
0
0
0
0
0
0
0
0
0
0
0
0
0
0
0
0
0
0
0
0
0
0
0
0
0
0
0
0
0
0
0
0
0
0
0
0
0
0
0
0
0
0
0
0
0
0
0
0
0
0
0
0
0
0
0
0
0
0
0
0
0
0
0
0
0
0
0
0
0
0
0
0
0
0
0
0
0
0
0
0
0
0
0
0
0
0
0
0
0
0
0
0
0
0
0
0
0
0
0
0
0
0
0
0
0
0
0
0
0
0
0
0
0
0
0
0
0
0
0
0
0
0
0
0
0
0
0
0
0
0
0
0
0
0
0
0
0
0
0
0
0
0
0
0
0
0
0
0
0
0
0
0
0
0
0
0
0
0
0
0
0
0
0
0
0
0
0
0
0
0
0
0
0
0
0
0
0
0
0
0
0
0
0
0
0
0
0
0
0
0
0
0
0
0
0
0
0
0
0
0
0
0
0
0
0
0
0
0
0
0
0
0
0
0
0
0
0
0
0
0
0
0
0
0
0
0
0
0
0
0
0
0
0
0
0
0
0
0
0
0
0
0
0
0
0
0
0
0
0
0
0
0
0
0
0
0
0
0
0
0
0
0
0
0
0
0
0
0
0
0
0
0
0
0
0
0
0
0
0
0
0
0
0
0
0
0
0
0
0
0
0
0
0
0
0
0
0
0
0
0
0
0
0
0
0
0
0
0
0
0
0
0
0
0
0
0
0
0
0
0
0
0
0
0
0
0
0
0
0
0
0
0
0
0
0
0
0
0
0
0
0
0
0
0
0
0
0
0
0
0
0
0
0
0
0
0
0
0
0
0
0
0
0
0
0
0
0
0
0
0
0
0
0
0
0
0
0
0
0
0
0
0
0
0
0
0
0
0
0
0
0
0
0
0
0
0
0
0
0
0
0
0
0
0
0
0
0
0
0
0
0
0
0
0
0
0
0
0
0
0
0
0
0
0
0
0
0
0
0
0
0
0
0
0
0
0
0
0
0
0
0
0
0
0
0
0
0
0
0
0
0
0
0
0
0
0
0
0
0
0
0
0
0
0
0
0
0
0
0
0
0
0
0
0
0
0
0
0
0
0
0
0
0
0
0
0
0
0
0
0
0
0
0
0
0
0
0
0
0
0
0
0
0
0
0
0
0
0
0
0
0
0
0
0
0
0
0
0
0
0
0
0
0
0
0
0
0
0
0
0
0
0
0
0
0
0
0
0
0
0
0
0
0
0
0
0
0
0
0
0
0
0
0
0
0
0
0
0
0
0
0
0
0
0
0
0
0
0
0
0
0
0
0
0
0
0
0
0
0
0
0
0
0
0
0
0
0
0
0
0
0
0
0
0
0
0
0
0
0
0
0
0
0
0
0
0
0
0
0
0
0
0
0
0
0
0
0
0
0
0
0
0
0
0
0
0
0
0
0
0
0
0
0
0
0
0
0
0
0
0
0
0
0
0
0
0
0
0
0
0
0
0
0
0
0
0
0
0
0
0
0
0
0
0
0
0
0
0
0
0
0
0
0
0
0
0
0
0
0
0
0
0
0
0
0
0
0
0
0
0
0
0
0
0
0
0
0
0
0
0
0
0
0
0
0
0
0
0
0
0
0
0
0
0
0
0
0
0
0
0
0
0
0
0
0
0
0
0
0
0
0
0
0
0
0
0
0
0
0
0
0
0
0
0
0
0
0
0
0
0
0
0
0
0
0
0
0
0
0
0
0
0
0
0
0
0
0
0
0
0
0
0
0
0
0
0
0
0
0
0
0
0
0
0
0
0
0
0
0
0
0
0
0
0
0
0
0
0
0
0
0
0
0
0
0
0
0
0
0
0
0
0
0
0
0
0
0
0
0
0
0
0
0
0
0
0
0
0
0
0
0
0
0
0
0
0
0
0
0
0
0
0
0
0
0
0
0
0
0
0
0
0
0
0
0
0
0
0
0
0
0
0
0
0
0
0
0
0
0
0
0
0
0
0
0
0
0
0
0
0
0
0
0
0
0
0
0
0
0
0
0
0
0
0
0
0
0
0
0
0
0
0
0
0
0
0
0
0
0
0
0
0
0
0
0
0
0
0
0
0
0
0
0
0
0
0
0
0
0
0
0
0
0
0
0
0
0
0
0
0
0
0
0
0
0
0
0
0
0
0
0
0
0
0
0
0
0
0
0
0
0
0
0
0
0
0
0
0
0
0
0
0
0
0
0
0
0
0
0
0
0
0
0
0
0
0
0
0
0
0
0
0
0
0
0
0
0
0
0
0
0
0
0
0
0
0
0
0
0
0
0
0
0
0
0
0
0
0
0
0
0
0
0
0
0
0
0
0
0
0
0
0
0
0
0
0
0
0
0
0
0
0
0
0
0
0
0
0
0
0
0
0
0
0
0
0
0
0
0
0
0
0
0
0
0
0
0
0
0
0
0
0
0
0
0
0
0
0
0
0
0
0
0
0
0
0
0
0
0
0
0
0
0
0
0
0
0
0
0
0
0
0
0
0
0
0
0
0
0
0
0
0
0
0
0
0
0
0
0
0
0
0
0
0
0
0
0
0
0
0
0
0
0
0
0
0
0
0
0
0
0
0
0
0
0
0
0
0
0
0
0
0
0
0
0
0
0
0
0
0
0
0
0
0
0
0
0
0
0
0
0
0
0
0
0
0
0
0
0
0
0
0
0
0
0
0
0
0
0
0
0
0
0
0
0
0
0
0
0
0
0
0
0
0
0
0
0
0
0
0
0
0
0
0
0
0
0
0
0
0
0
0
0
0
0
0
0
0
0
0
0
0
0
0
0
0
0
0
0
0
0
0
0
0
0
0
0
0
0
0
0
0
0
0
0
0
0
0
0
0
0
0
0
0
0
0
0
0
0
0
0
0
0
0
0
0
0
0
0
0
0
0
0
0
0
0
0
0
0
0
0
0
0
0
0
0
0
0
0
0
0
0
0
0
0
0
0
0
0
0
0
0
0
0
0
0
0
0
0
0
0
0
0
0
0
0
0
0
0
0
0
0
0
0
0
0
0
0
0
0
0
0
0
0
0
0
0
0
0
0
0
0
0
0
0
0
0
0
0
0
0
0
0
0
0
0
0
0
0
0
0
0
0
0
0
0
0
0
0
0
0
0
0
0
0
0
0
0
0
0
0
0
0
0
0
0
0
0
0
0
0
0
0
0
0
0
0
0
0
0
0
0
0
0
0
0
0
0
0
0
0
0
0
0
0
0
0
0
0
0
0
0
0
0
0
0
0
0
0
0
0
0
0
0
0
0
0
0
0
0
0
0
0
0
0
0
0
0
0
0
0
0
0
0
0
0
0
0
0
0
0
0
0
0
0
0
0
0
0
0
0
0
0
0
0
0
0
0
0
0
0
0
0
0
0
0
0
0
0
0
0
0
0
0
0
0
0
0
0
0
0
0
0
0
0
0
0
0
0
0
0
0
0
0
0
0
0
0
0
0
0
0
0
0
0
0
0
0
0
0
0
0
0
0
0
0
0
0
0
0
0
0
0
0
0
0
0
0
0
0
0
0
0
0
0
0
0
0
0
0
0
0
0
0
0
0
0
0
0
0
0
0
0
0
0
0
0
0
0
0
0
0
0
0
0
0
0
0
0
0
0
0
0
0
0
0
0
0
0
0
0
0
0
0
0
0
0
0
0
0
0
0
0
0
0
0
0
0
0
0
0
0
0
0
0
0
0
0
0
0
0
0
0
0
0
0
0
0
0
0
0
0
0
0
0
0
0
0
0
0
0
0
0
0
0
0
0
0
0
0
0
0
0
0
0
0
0
0
0
0
0
0
0
0
0
0
0
