-44
824
-2430
-668
-2605
-2199
-2473
-115
1222
-2580
872
-3080
-2484
-3061
-87
1011
-222
-91
-981
-2222
-1316
-2500
-16168
-165
402
-2444
-2390
-1421
-2779
-18210
143
601
-166
155
-2399
-778
-2356
-2235
-2150
-208
158
-3506
-877
-3203
-3266
-1683
36
885
-9
-81
-1748
-2643
355
-2116
-15854
-24
9
-3450
-2737
-637
-2742
-13190
212
-3
-154
-74
-1686
-637
-1995
-2399
-2282
-138
23
-2967
-1007
-2973
-3224
-1675
60
449
89
114
-406
-2245
-2254
-2147
-15286
-70
1
-2583
-1864
-2741
-2877
-14201
268
-503
69
132
-1987
-1012
-192
-1657
-1723
24
603
-2907
-1578
-972
-2138
533
-13
71
4
154
187
-1401
-2120
-1494
-18716
-135
82
-1555
-1602
-2711
-2348
-20403
-12
-624
42
219
-2602
-1412
-1078
-2507
-2341
-58
1182
-3344
-1695
-2261
-2976
1093
-117
722
-62
425
-1592
-1948
-513
-2260
-16622
-299
894
-3393
-3091
-2260
-3003
-17166
-136
1118
80
294
-3963
-1194
-3507
-3662
-3483
-103
2068
-4424
-1162
-4675
-3551
1128
-35
1493
4
209
-1832
-3233
300
-3371
-20872
-344
-312
-3545
-3761
-3024
-3471
-24570
-170
-181
-112
311
-3177
795
-4340
-3812
-3810
-126
1882
-3819
-328
-5466
-4351
-442
-79
1469
6
-2
-3669
-3525
-1134
-3764
-21206
-201
143
-5132
-4513
-3802
-4293
-22791
51
-2
-52
530
-499
410
-1430
-1969
-2648
-176
574
-1912
-1598
-3672
-4536
-1776
-133
-71
-29
-591
-3433
-2787
-3205
-2617
-20096
-218
-708
-4529
-3966
-5198
-4442
-14782
109
-627
110
24
-2567
121
-2974
-3209
-3096
133
-668
-3143
1303
-3888
-3909
-3373
17
-752
-336
4
-2343
-3004
-1783
-3134
-14923
-192
133
-4280
-2854
-2271
-3569
-14986
120
172
34
-391
-3463
-342
-2990
-2929
-2793
-25
-1115
-4895
2
-4038
-3691
-2204
18
-1026
-118
-609
-3204
-2795
329
-2635
-18505
-141
-1072
-4789
-3100
346
-3127
-17153
322
-604
18
-415
-1903
-1211
-3212
-2814
-2836
19
56
-3075
-1395
-4281
-3496
-1551
117
1286
-3
-200
-1716
-2475
-1253
-2655
-16171
-142
-1423
-3799
-1864
-1276
-3233
-15690
285
-2521
240
-121
-2403
-2124
-2357
-2767
-2929
267
10
-3669
-1779
-4230
-3666
356
130
754
-257
-356
947
-2612
-2927
-2857
-19060
-289
212
-2840
-2852
-2968
-3413
-19907
-103
-349
235
302
-4231
-2000
-2089
-3710
-3648
243
-228
-6556
-1646
-5823
-5056
869
54
-175
-320
1736
-1877
-3032
-1843
-3673
-20533
-399
1517
-6514
-4908
-2487
-5023
-16059
-176
1240
198
305
-5789
-2419
-3238
-5776
-5578
137
444
-7218
-2737
-7197
-6050
1411
157
637
-280
1157
-3397
-5415
-666
-5607
-17100
-468
-752
-6569
-5338
-3977
-5898
-17839
-181
-618
-173
-289
-3693
921
-4723
-3942
-5061
-99
101
-5728
-1384
-7114
-6250
-812
-46
327
-48
360
-3459
-4407
-4378
-4990
-19918
-104
722
-6729
-5511
-6946
-6187
-17009
173
880
-95
314
-355
187
-2713
-1553
-3156
-140
430
-1413
-2503
-4598
-4775
-3130
-197
573
-111
-1042
-2513
-2548
-4907
-2898
-23275
28
-1461
-3761
-3239
-6727
-4467
-17925
190
-1271
273
-47
-606
-399
-1873
-2890
-2838
182
304
-1167
-116
-3122
-3602
-2005
150
145
-383
-14
-2477
-2794
-2514
-2814
-14463
-160
-183
-4344
-2466
-4062
-3304
-14256
35
-31
155
-223
-980
866
-1584
-1421
-1570
50
-255
-3550
817
-3440
-3806
-2100
69
-288
-102
-364
-1815
-2099
-1995
-1385
-21501
-169
-1235
-4615
-3583
-3134
-2793
-13365
86
-546
215
97
-969
537
-3271
-2401
-2439
121
286
-2601
471
-5053
-4025
-1592
168
695
-70
728
-1252
-3380
-2372
-2200
-17886
-199
491
-4192
-3456
-4023
-3227
-14910
7
-550
433
680
-3807
-1934
-4683
-3333
-4599
310
563
-4415
-217
-6014
-4510
-2186
218
-284
-300
-226
-459
-5353
-2747
-4504
-14437
-264
172
-3818
-4762
-3757
-4461
-16376
-181
-223
479
900
-5434
-2518
-5293
-3825
-4424
354
889
-6613
387
-6572
-5017
-4427
229
311
-403
2054
74
-2853
-2887
-4445
-23691
-423
1380
-2880
-5499
-3490
-5422
-20642
-231
1079
469
459
-5080
-4062
-4387
-3886
-5057
303
376
-5535
-1657
-5017
-3796
-2391
56
43
-238
666
-1872
-2902
-1603
-5047
-19914
-317
-1450
-3679
-4663
-2434
-4514
-23392
-121
-958
109
-1711
-2648
-3094
-3836
-519
-3602
168
-1711
-3462
-2963
-4392
-2659
-584
-137
-1751
-53
1169
-1826
-2214
-2243
-3357
-25288
-155
1651
-4450
-4485
-2840
-3218
-26202
95
1859
84
-1100
-641
-3132
-2680
-1305
-2759
-1
-1121
-795
-4827
-4128
-3373
-1264
-124
-1393
-212
-680
319
-2862
-2316
-2449
-20406
-185
-1291
-1157
-2666
-3563
-3007
-19198
-19
-1262
278
62
-1120
-442
-1855
-3780
-3637
162
21
-1237
-569
-3010
-3598
-996
257
415
-356
-43
-3332
-3725
-3106
-3625
-12673
-151
-278
-5301
-2356
-4359
-3949
-16172
90
-95
88
-479
-1384
1351
-1018
-2051
-1829
23
-654
-2837
1637
-2787
-2753
-1283
211
-143
-125
-442
-1933
-2910
-2100
-1591
-19713
-116
-1564
-4598
-2493
-2849
-1910
-17821
150
-491
150
-446
-696
942
-3048
-2831
-2506
27
-638
-2730
847
-5287
-4460
-1386
143
-694
-16
962
-1338
-3885
-2697
-2271
-15710
-54
961
-4610
-4108
-4441
-3521
-12395
16
71
319
129
-3666
-1680
-4501
-4043
-4748
287
-239
-3750
-20
-5617
-4084
-1926
199
-1269
-236
469
-1127
-5648
-2474
-4672
-12388
-145
1003
-4013
-4478
-2750
-3928
-18148
-88
187
366
-70
-5907
-3922
-5980
-5521
-5051
434
-381
-6399
-939
-6655
-4797
-3678
300
-612
-493
1054
403
-3728
-1343
-5137
-14639
-285
769
-1998
-5558
-1602
-4985
-16972
-59
152
442
-998
-5635
-3793
-4472
-4815
-5152
397
-857
-5504
-858
-4775
-3549
-3248
107
-590
-386
-279
-523
-3002
-1808
-5012
-17297
-278
-1392
-1891
-4428
-2015
-3770
-23974
-34
-764
108
-1307
-3407
-3305
-3097
-1091
-3181
225
72
-3245
-2568
-4740
-1961
-1042
-139
227
-236
800
-993
-2698
-980
-3074
-25061
-298
1430
-2515
-3547
-810
-2314
-29563
54
1721
59
-360
-701
-3110
-2895
-1533
-2508
0
181
-2069
-5613
-5640
-4535
-758
-254
112
-373
-292
690
-3286
-1221
-2294
-18817
-191
-868
-1041
-3550
-3761
-3913
-12864
-39
-961
378
-467
-1965
192
-2201
-2630
-2861
231
-767
-1931
736
-2588
-2430
-1058
201
-1324
-265
-339
-2186
-3342
-1772
-2862
-14273
-112
-429
-3381
-1617
-3070
-2565
-19301
44
-291
120
-445
-2500
1188
-2206
-2657
-2224
58
451
-3398
1622
-3463
-2759
-1397
203
500
-111
53
-1884
-3557
-655
-2013
-17556
32
-715
-3906
-2584
-1369
-1863
-18401
204
295
218
-171
-1678
1018
-2302
-3270
-2635
182
756
-3182
1311
-4597
-4190
-2233
138
556
-126
891
-1569
-3740
-2218
-2315
-14429
-7
562
-3758
-3796
-3208
-3078
-12556
2
220
433
-150
-2503
-590
-2235
-3053
-3140
473
183
-3519
585
-3888
-3906
-2116
188
-592
-316
-318
-1107
-3328
-2886
-3053
-15151
-184
475
-3698
-3939
-2616
-3237
-15330
-53
-476
511
-18
-5099
-3542
-4861
-5042
-4559
598
889
-6662
-1151
-5538
-5181
-3631
331
863
-653
-327
-1642
-2085
-983
-4525
-16720
-430
359
-4406
-6048
-946
-5456
-13955
-124
58
481
-366
-5514
-3815
-4326
-4815
-5075
567
1047
-5735
-882
-3957
-3715
-3582
211
459
-567
-198
-1796
-1874
-1568
-4912
-18549
-360
-759
-2313
-4952
-2249
-3943
-23352
-65
-109
168
-304
-5008
-3692
-4923
-3023
-4810
327
760
-4624
-2230
-5040
-2674
-3942
84
-190
-328
1290
-1114
-3937
-1444
-4707
-15036
-172
887
-1695
-4444
-654
-3327
-21000
147
889
117
-190
-2547
-2811
-3082
-1830
-3249
134
-319
-2034
-2881
-3456
-2898
-1828
-190
-818
-372
-865
95
-3721
-1714
-3078
-16648
-52
-1135
-840
-2727
-1945
-2537
-21089
139
-686
350
-718
-1658
889
-1499
-1489
-1646
135
-442
-2436
1352
-2378
-2205
-1491
181
-301
-167
-121
-911
-2118
-1530
-1673
-18001
-78
-168
-2325
-1754
-3129
-1842
-17420
-43
54
122
-733
-3319
1726
-2465
-3021
-2753
-2
-381
-4252
1593
-3413
-3014
-1628
102
-274
-103
67
-1430
-3290
-2264
-2440
-17395
129
-578
-4068
-3164
-2443
-1289
-18579
214
640
283
-1254
-2131
1346
-1719
-3522
-2917
249
-950
-3537
1038
-3945
-4241
-1148
214
-726
-199
1088
-2268
-3186
-3173
-2669
-16050
17
689
-4622
-4038
-4308
-2677
-15042
53
254
525
-963
-2219
-642
-1143
-3277
-3525
490
-529
-2679
305
-2488
-3896
-2472
268
-728
-325
83
-2376
-2930
-4880
-3430
-12401
-174
399
-4380
-4861
-4691
-2990
-13858
-49
-781
591
113
-5149
-3846
-5423
-5067
-4875
572
342
-5947
-803
-5425
-4740
-6114
400
-448
-656
159
-1569
-2101
-1327
-4757
-12985
-471
231
-2924
-6157
-802
-3893
-12270
-263
-13
583
-338
-4974
-3616
-4899
-5020
-5029
507
-825
-4843
-495
-3878
-3870
-5516
294
-1458
-451
-465
-2378
-1565
-1166
-4918
-17027
-306
-1247
-1840
-4548
-2025
-2768
-21625
-126
-637
268
-1399
-3332
-3111
-4447
-2046
-4401
299
-470
-3564
-1708
-3427
-2455
-5025
118
-391
-213
904
-3535
-1905
-2152
-4275
-20598
-30
1277
-2981
-4313
-2140
-2928
-23224
40
1499
156
-944
-1649
-3021
-3377
-994
-3216
95
-70
-2245
-4003
-2362
-3279
-2151
-85
509
-246
-831
-3110
-2689
-323
-2971
-17273
-106
-1588
-3545
-3974
-1935
-3306
-14747
101
-1956
61
-641
-1583
599
-1858
-1620
-1652
-46
-320
-2025
1255
-2427
-1785
-1441
146
398
-136
94
-550
-2045
-1301
-1648
-15008
-74
263
-1915
-1344
-2862
-1175
-16953
9
393
-195
-19
-2827
1906
-1892
-2486
-2590
-213
-30
-3323
1504
-3125
-2263
-1586
3
400
-18
-489
-1767
-2868
-2882
-2410
-15431
160
-1177
-4603
-2075
-3444
216
-18345
303
-413
39
-944
-872
1024
-1940
-3372
-3016
74
-726
-2274
223
-3962
-4043
-407
117
-412
-120
630
-3317
-3522
-2469
-2841
-14668
-2
196
-5877
-3560
-4731
-1637
-14985
59
-515
179
-1174
-468
-2451
-514
-2931
-3740
254
-627
-177
-2148
-2038
-3001
-1548
234
-265
-194
241
-3622
-3902
-3670
-3539
-13383
-120
79
-4600
-3564
-3892
-1183
-19727
65
-788
232
-706
-2214
-3394
-2567
-3134
-3037
233
-894
-2485
-1252
-4016
-3397
-3804
358
348
-336
581
-2135
-2875
1004
-2918
-19078
-420
-311
-3260
-3939
-11
-313
-19419
-145
-611
204
-711
-2020
-2498
-4503
-3855
-4335
102
-1738
-1917
228
-5408
-3665
-4259
202
-537
-182
-317
-4360
-4107
713
-4265
-17043
-250
-334
-5003
-4397
-2242
-1536
-19827
-112
-252
-60
-153
776
-3019
-2903
-441
-3453
9
625
636
-2473
-4606
-2081
-2614
15
1211
-135
914
-4117
-3451
-3108
-3354
-20794
-134
1311
-5638
-4153
-4839
-2347
-21215
-16
1131
-216
289
1688
-3733
-2130
-1149
-2593
-180
942
1570
-5183
-3915
-3012
-1322
-187
1468
-251
352
-1392
-2982
-2647
-2300
-21357
-82
-138
-2153
-3418
-5318
-2064
-20705
15
106
-114
-579
-824
-125
-1376
-638
-1307
-211
-738
-1039
-255
-2600
-1428
-1007
-34
-203
-72
150
-874
-1474
-1733
-1286
-15690
-21
435
-1432
-1571
-2940
-1914
-16904
90
53
-368
-405
-1634
1400
-1238
-1132
-1730
-361
-724
-1606
1036
-2833
-1249
-1633
-198
-514
76
-444
-1931
-2449
-2369
-1662
-12355
172
-612
-3328
-1024
-2981
-1235
-14228
290
-173
-228
-219
592
644
-837
-1016
-1144
-271
-679
-945
-619
-3244
-3044
-993
-123
-535
-35
150
-2465
-1820
-1197
-1086
-18060
-25
-114
-4155
-2177
-3641
-1877
-11622
83
-193
-147
-781
909
-1482
340
-311
-1491
-97
-1423
957
-2474
-1353
-1635
-1385
13
-1005
-100
341
-2868
-2344
-2147
-1436
-18823
-231
965
-3230
-1666
-2748
-1002
-19157
46
680
-22
-886
-126
-2015
-205
-559
-2018
-10
-1524
-46
-1914
-1706
-1809
-3169
119
-997
-193
-559
-3029
-2024
-1873
-1865
-15468
-459
-110
-3207
-2175
-2548
-1267
-13909
-172
-363
-187
-673
-296
-2243
-2276
108
-2794
-155
-1014
256
-1603
-2230
-813
-2822
-86
-245
-51
-233
-3321
-2398
-2141
-2675
-17511
-155
954
-3001
-2114
-3410
-2039
-20957
0
1114
-406
-230
1094
-3725
-3664
-922
-4117
-277
-591
2029
-3772
-4307
-1794
-2690
-119
-303
-219
840
-3361
-4429
-4237
-4127
-14495
-114
1913
-3321
-3274
-5413
-3399
-21758
95
2033
-304
-712
2082
-4130
-3613
-1832
-3385
-309
-1381
1144
-6587
-5331
-4465
-2625
-82
-1357
-274
-691
32
-4190
-4707
-3213
-17044
-148
-1101
-847
-4295
-6973
-4316
-14814
-11
-905
0
0
0
0
0
0
0
0
0
0
0
-2476
-1358
-2070
-1514
-1889
0
0
0
0
0
0
0
0
0
0
0
1372
-1179
-1719
-1799
-15926
0
0
0
0
0
0
0
0
0
0
0
-2670
-1332
-1191
-981
-1639
0
0
0
0
0
0
0
0
0
0
0
-453
-1679
-7
-1707
-14953
0
0
0
0
0
0
0
0
0
0
0
-1637
-939
-1680
-645
-1198
0
0
0
0
0
0
0
0
0
0
0
822
-1455
-1275
-1295
-17770
0
0
0
0
0
0
0
0
0
0
0
-1753
-2083
-1755
-470
-1761
0
0
0
0
0
0
0
0
0
0
0
175
-1236
-1930
-1593
-15307
0
0
0
0
0
0
0
0
0
0
0
-1335
-1956
-1843
-391
-1556
0
0
0
0
0
0
0
0
0
0
0
-1194
-1215
-734
-1449
-17153
0
0
0
0
0
0
0
0
0
0
0
-1373
-1813
-3905
-1337
-2421
0
0
0
0
0
0
0
0
0
0
0
-1795
-1580
-434
-2292
-21870
0
0
0
0
0
0
0
0
0
0
0
-2220
-229
-4351
-2277
-3303
0
0
0
0
0
0
0
0
0
0
0
-2873
-2308
-1538
-3262
-18089
0
0
0
0
0
0
0
0
0
0
0
-1484
-371
-1283
-3
-2051
0
0
0
0
0
0
0
0
0
0
0
-1877
-2081
-3384
-2011
-17726
0
0
0
0
0
0
0
0
0
0
0
-3201
-797
-2036
-1811
-2424
0
0
0
0
0
0
0
0
0
0
0
812
-1759
-2484
-2258
-14673
0
0
0
0
0
0
0
0
0
0
0
-3552
-1853
-1822
-814
-2467
0
0
0
0
0
0
0
0
0
0
0
-2303
-2101
-277
-2466
-17443
0
0
0
0
0
0
0
0
0
0
0
-2725
-1730
-2371
-1555
-2120
0
0
0
0
0
0
0
0
0
0
0
-658
-1539
-419
-2033
-17514
0
0
0
0
0
0
0
0
0
0
0
-2448
-2693
-3329
-2042
-2430
0
0
0
0
0
0
0
0
0
0
0
1468
-1652
-2015
-2394
-17863
0
0
0
0
0
0
0
0
0
0
0
-2034
-3095
-3438
-2301
-2926
0
0
0
0
0
0
0
0
0
0
0
-1514
-1655
-1896
-2914
-20076
0
0
0
0
0
0
0
0
0
0
0
-1725
-2255
-2863
-2458
-2958
0
0
0
0
0
0
0
0
0
0
0
-1995
-2652
-1188
-2627
-23793
0
0
0
0
0
0
0
0
0
0
0
-1482
425
-3726
-1961
-3150
0
0
0
0
0
0
0
0
0
0
0
-2478
-2868
-4036
-3139
-21587
0
0
0
0
0
0
0
0
0
0
0
-1329
-710
-3358
-1044
-3206
0
0
0
0
0
0
0
0
0
0
0
-1659
-2974
-4658
-3174
-15732
0
0
0
0
0
0
0
0
0
0
0
-1780
-422
-772
-1793
-1791
0
0
0
0
0
0
0
0
0
0
0
929
-1672
-2008
-1474
-16473
0
0
0
0
0
0
0
0
0
0
0
-2160
-1487
-1440
-331
-2370
0
0
0
0
0
0
0
0
0
0
0
-2174
-2614
-776
-2360
-14253
0
0
0
0
0
0
0
0
0
0
0
-2376
-549
-2335
-635
-1780
0
0
0
0
0
0
0
0
0
0
0
-225
-2801
-258
-1830
-18422
0
0
0
0
0
0
0
0
0
0
0
-3617
-2872
-4256
-1779
-3231
0
0
0
0
0
0
0
0
0
0
0
928
-4538
-1041
-3194
-16923
0
0
0
0
0
0
0
0
0
0
0
-2899
-4746
-6276
-3376
-4189
0
0
0
0
0
0
0
0
0
0
0
-857
-1637
-2740
-4227
-20022
0
0
0
0
0
0
0
0
0
0
0
-1190
-3933
-4318
-2325
-3096
0
0
0
0
0
0
0
0
0
0
0
-1218
-1570
-2038
-2928
-24901
0
0
0
0
0
0
0
0
0
0
0
250
-3349
-4709
-545
-3367
0
0
0
0
0
0
0
0
0
0
0
-2623
-3774
-3039
-3443
-22424
0
0
0
0
0
0
0
0
0
0
0
55
-2965
-3527
-1925
-3126
0
0
0
0
0
0
0
0
0
0
0
-51
-4309
-2778
-3024
-13224
0
0
0
0
0
0
0
0
0
0
0
-2184
-196
-539
-1959
-1850
0
0
0
0
0
0
0
0
0
0
0
665
-1744
-2197
-1514
-18846
0
0
0
0
0
0
0
0
0
0
0
-2470
-1153
-1023
-931
-2267
0
0
0
0
0
0
0
0
0
0
0
-1841
-2621
-313
-2248
-14698
0
0
0
0
0
0
0
0
0
0
0
-2304
-318
-1904
-929
-1691
0
0
0
0
0
0
0
0
0
0
0
-118
-2697
-551
-1621
-16992
0
0
0
0
0
0
0
0
0
0
0
-3776
-3343
-4318
-2189
-3740
0
0
0
0
0
0
0
0
0
0
0
134
-4941
-1318
-3630
-13889
0
0
0
0
0
0
0
0
0
0
0
-2113
-5124
-6379
-4453
-4197
0
0
0
0
0
0
0
0
0
0
0
-686
-2697
-916
-4052
-15545
0
0
0
0
0
0
0
0
0
0
0
-983
-3879
-4057
-2985
-2890
0
0
0
0
0
0
0
0
0
0
0
-419
-1520
-2146
-2818
-22915
0
0
0
0
0
0
0
0
0
0
0
-857
-3590
-3965
-1043
-3157
0
0
0
0
0
0
0
0
0
0
0
-2123
-2574
-2272
-3161
-21455
0
0
0
0
0
0
0
0
0
0
0
-627
-2298
-2595
-1927
-2274
0
0
0
0
0
0
0
0
0
0
0
666
-3397
-1546
-2156
-13372
0
0
0
0
0
0
0
0
0
0
0
-2306
-485
-1492
-685
-1713
0
0
0
0
0
0
0
0
0
0
0
851
-1632
-2097
-1443
-17993
0
0
0
0
0
0
0
0
0
0
0
-3031
-1184
-1439
-1488
-2137
0
0
0
0
0
0
0
0
0
0
0
-1187
-2911
863
-2115
-15354
0
0
0
0
0
0
0
0
0
0
0
-2570
-297
-1287
-1412
-1727
0
0
0
0
0
0
0
0
0
0
0
-218
-2545
-626
-1712
-15667
0
0
0
0
0
0
0
0
0
0
0
-2825
-2588
-2579
-1332
-2791
0
0
0
0
0
0
0
0
0
0
0
-6
-3560
-2022
-2746
-13545
0
0
0
0
0
0
0
0
0
0
0
-1543
-4056
-4178
-3953
-2876
0
0
0
0
0
0
0
0
0
0
0
-1448
-883
-338
-2960
-21255
0
0
0
0
0
0
0
0
0
0
0
-1300
-3675
-3595
-3212
-2655
0
0
0
0
0
0
0
0
0
0
0
-1278
-529
-1662
-2766
-24182
0
0
0
0
0
0
0
0
0
0
0
-2659
-3641
-3676
-2148
-3442
0
0
0
0
0
0
0
0
0
0
0
-1262
-2915
-2168
-3523
-17119
0
0
0
0
0
0
0
0
0
0
0
-2171
-3246
-3608
-858
-3466
0
0
0
0
0
0
0
0
0
0
0
-642
-4332
-2251
-3395
-11460
0
0
0
0
0
0
0
0
0
0
0
-1566
-169
-1244
-875
-1284
0
0
0
0
0
0
0
0
0
0
0
1216
-802
-1936
-1033
-17400
0
0
0
0
0
0
0
0
0
0
0
-3334
-84
-757
-2180
-2265
0
0
0
0
0
0
0
0
0
0
0
-643
-3024
-937
-2305
-16263
0
0
0
0
0
0
0
0
0
0
0
-2737
471
-296
-1118
-1745
0
0
0
0
0
0
0
0
0
0
0
-644
-2754
-1803
-1738
-18413
0
0
0
0
0
0
0
0
0
0
0
-3048
-1495
-762
-1016
-2643
0
0
0
0
0
0
0
0
0
0
0
-611
-4000
-3085
-2647
-13815
0
0
0
0
0
0
0
0
0
0
0
-2743
-3629
-3466
-4105
-2942
0
0
0
0
0
0
0
0
0
0
0
-345
-1665
-814
-3120
-17893
0
0
0
0
0
0
0
0
0
0
0
-1718
-3074
-3664
-3297
-2628
0
0
0
0
0
0
0
0
0
0
0
-1069
-478
-1714
-2810
-22888
0
0
0
0
0
0
0
0
0
0
0
-1706
-3498
-3642
-1515
-3381
0
0
0
0
0
0
0
0
0
0
0
-3752
-1338
-3328
-3614
-21001
0
0
0
0
0
0
0
0
0
0
0
-1405
-2815
-2137
420
-2493
0
0
0
0
0
0
0
0
0
0
0
-3131
-2412
-1764
-2560
-16802
0
0
0
0
0
0
0
0
0
0
0
-1351
-30
-966
-1502
-1165
0
0
0
0
0
0
0
0
0
0
0
1434
-502
-1433
-872
-15624
0
0
0
0
0
0
0
0
0
0
0
-3254
633
-71
-2257
-2197
0
0
0
0
0
0
0
0
0
0
0
-986
-2082
-1861
-2157
-14563
0
0
0
0
0
0
0
0
0
0
0
-2177
793
-114
-637
-1525
0
0
0
0
0
0
0
0
0
0
0
-1021
-2614
-1121
-1359
-18581
0
0
0
0
0
0
0
0
0
0
0
-2647
-1607
-17
-599
-2592
0
0
0
0
0
0
0
0
0
0
0
-1255
-4304
-2086
-2459
-16459
0
0
0
0
0
0
0
0
0
0
0
-1565
-3521
-2384
-2506
-2831
0
0
0
0
0
0
0
0
0
0
0
-715
-3390
577
-2760
-16401
0
0
0
0
0
0
0
0
0
0
0
-69
-2072
-3197
-1381
-2279
0
0
0
0
0
0
0
0
0
0
0
-2035
-2707
310
-2149
-21543
0
0
0
0
0
0
0
0
0
0
0
358
-1554
-2379
477
-2214
0
0
0
0
0
0
0
0
0
0
0
-2567
-3058
-3159
-2293
-22603
0
0
0
0
0
0
0
0
0
0
0
-361
-1973
-1779
-748
-2140
0
0
0
0
0
0
0
0
0
0
0
-264
-2714
-3428
-2221
-18152
0
0
0
0
0
0
0
0
0
0
0
-1181
-186
-867
-1128
-1140
0
0
0
0
0
0
0
0
0
0
0
644
-505
-1528
-958
-14826
0
0
0
0
0
0
0
0
0
0
0
-1783
987
-36
-1579
-1042
0
0
0
0
0
0
0
0
0
0
0
-383
-1169
-900
-985
-13864
0
0
0
0
0
0
0
0
0
0
0
-1262
632
182
-713
-735
0
0
0
0
0
0
0
0
0
0
0
-632
-1126
-357
-604
-16082
0
0
0
0
0
0
0
0
0
0
0
-1695
-975
75
51
-1473
0
0
0
0
0
0
0
0
0
0
0
-990
-2197
-1231
-1372
-17026
0
0
0
0
0
0
0
0
0
0
0
-663
-1653
-743
-774
-1643
0
0
0
0
0
0
0
0
0
0
0
-1253
-2096
-930
-1594
-15137
0
0
0
0
0
0
0
0
0
0
0
542
-2055
-2503
-567
-2036
0
0
0
0
0
0
0
0
0
0
0
-2130
-2035
-1584
-2056
-17828
0
0
0
0
0
0
0
0
0
0
0
-611
-1385
-2656
-478
-2350
0
0
0
0
0
0
0
0
0
0
0
-714
-3370
-3218
-2234
-19913
0
0
0
0
0
0
0
0
0
0
0
-1546
-2162
-2953
-1918
-2525
0
0
0
0
0
0
0
0
0
0
0
2624
-4113
-4044
-2490
-15168
0
0
0
0
0
0
0
0
0
0
0
0
0
0
0
0
0
0
0
0
0
0
0
0
0
0
0
0
0
0
0
0
0
0
0
0
0
0
0
0
0
0
0
0
0
0
0
0
0
0
0
0
0
0
0
0
0
0
0
0
0
0
0
0
0
0
0
0
0
0
0
0
0
0
0
0
0
0
0
0
0
0
0
0
0
0
0
0
0
0
0
0
0
0
0
0
0
0
0
0
0
0
0
0
0
0
0
0
0
0
0
0
0
0
0
0
0
0
0
0
0
0
0
0
0
0
0
0
0
0
0
0
0
0
0
0
0
0
0
0
0
0
0
0
0
0
0
0
0
0
0
0
0
0
0
0
0
0
0
0
0
0
0
0
0
0
0
0
0
0
0
0
0
0
0
0
0
0
0
0
0
0
0
0
0
0
0
0
0
0
0
0
0
0
0
0
0
0
0
0
0
0
0
0
0
0
0
0
0
0
0
0
0
0
0
0
0
0
0
0
0
0
0
0
0
0
0
0
0
0
0
0
0
0
0
0
0
0
0
0
0
0
0
0
0
0
0
0
0
0
0
0
0
0
0
0
0
0
0
0
0
0
0
0
0
0
0
0
0
0
0
0
0
0
0
0
0
0
0
0
0
0
0
0
0
0
0
0
0
0
0
0
0
0
0
0
0
0
0
0
0
0
0
0
0
0
0
0
0
0
0
0
0
0
0
0
0
0
0
0
0
0
0
0
0
0
0
0
0
0
0
0
0
0
0
0
0
0
0
0
0
0
0
0
0
0
0
0
0
0
0
0
0
0
0
0
0
0
0
0
0
0
0
0
0
0
0
0
0
0
0
0
0
0
0
0
0
0
0
0
0
0
0
0
0
0
0
0
0
0
0
0
0
0
0
0
0
0
0
0
0
0
0
0
0
0
0
0
0
0
0
0
0
0
0
0
0
0
0
0
0
0
0
0
0
0
0
0
0
0
0
0
0
0
0
0
0
0
0
0
0
0
0
0
0
0
0
0
0
0
0
0
0
0
0
0
0
0
0
0
0
0
0
0
0
0
0
0
0
0
0
0
0
0
0
0
0
0
0
0
0
0
0
0
0
0
0
0
0
0
0
0
0
0
0
0
0
0
0
0
0
0
0
0
0
0
0
0
0
0
0
0
0
0
0
0
0
0
0
0
0
0
0
0
0
0
0
0
0
0
0
0
0
0
0
0
0
0
0
0
0
0
0
0
0
0
0
0
0
0
0
0
0
0
0
0
0
0
0
0
0
0
0
0
0
0
0
0
0
0
0
0
0
0
0
0
0
0
0
0
0
0
0
0
0
0
0
0
0
0
0
0
0
0
0
0
0
0
0
0
0
0
0
0
0
0
0
0
0
0
0
0
0
0
0
0
0
0
0
0
0
0
0
0
0
0
0
0
0
0
0
0
0
0
0
0
0
0
0
0
0
0
0
0
0
0
0
0
0
0
0
0
0
0
0
0
0
0
0
0
0
0
0
0
0
0
0
0
0
0
0
0
0
0
0
0
0
0
0
0
0
0
0
0
0
0
0
0
0
0
0
0
0
0
0
0
0
0
0
0
0
0
0
0
0
0
0
0
0
0
0
0
0
0
0
0
0
0
0
0
0
0
0
0
0
0
0
0
0
0
0
0
0
0
0
0
0
0
0
0
0
0
0
0
0
0
0
0
0
0
0
0
0
0
0
0
0
0
0
0
0
0
0
0
0
0
0
0
0
0
0
0
0
0
0
0
0
0
0
0
0
0
0
0
0
0
0
0
0
0
0
0
0
0
0
0
0
0
0
0
0
0
0
0
0
0
0
0
0
0
0
0
0
0
0
0
0
0
0
0
0
0
0
0
0
0
0
0
0
0
0
0
0
0
0
0
0
0
0
0
0
0
0
0
0
0
0
0
0
0
0
0
0
0
0
0
0
0
0
0
0
0
0
0
0
0
0
0
0
0
0
0
0
0
0
0
0
0
0
0
0
0
0
0
0
0
0
0
0
0
0
0
0
0
0
0
0
0
0
0
0
0
0
0
0
0
0
0
0
0
0
0
0
0
0
0
0
0
0
0
0
0
0
0
0
0
0
0
0
0
0
0
0
0
0
0
0
0
0
0
0
0
0
0
0
0
0
0
0
0
0
0
0
0
0
0
0
0
0
0
0
0
0
0
0
0
0
0
0
0
0
0
0
0
0
0
0
0
0
0
0
0
0
0
0
0
0
0
0
0
0
0
0
0
0
0
0
0
0
0
0
0
0
0
0
0
0
0
0
0
0
0
0
0
0
0
0
0
0
0
0
0
0
0
0
0
0
0
0
0
0
0
0
0
0
0
0
0
0
0
0
0
0
0
0
0
0
0
0
0
0
0
0
0
0
0
0
0
0
0
0
0
0
0
0
0
0
0
0
0
0
0
0
0
0
0
0
0
0
0
0
0
0
0
0
0
0
0
0
0
0
0
0
0
0
0
0
0
0
0
0
0
0
0
0
0
0
0
0
0
0
0
0
0
0
0
0
0
0
0
0
0
0
0
0
0
0
0
0
0
0
0
0
0
0
0
0
0
0
0
0
0
0
0
0
0
0
0
0
0
0
0
0
0
0
0
0
0
0
0
0
0
0
0
0
0
0
0
0
0
0
0
0
0
0
0
0
0
0
0
0
0
0
0
0
0
0
0
0
0
0
0
0
0
0
0
0
0
0
0
0
0
0
0
0
0
0
0
0
0
0
0
0
0
0
0
0
0
0
0
0
0
0
0
0
0
0
0
0
0
0
0
0
0
0
0
0
0
0
0
0
0
0
0
0
0
0
0
0
0
0
0
0
0
0
0
0
0
0
0
0
0
0
0
0
0
0
0
0
0
0
0
0
0
0
0
0
0
0
0
0
0
0
0
0
0
0
0
0
0
0
0
0
0
0
0
0
0
0
0
0
0
0
0
0
0
0
0
0
0
0
0
0
0
0
0
0
0
0
0
0
0
0
0
0
0
0
0
0
0
0
0
0
0
0
0
0
0
0
0
0
0
0
0
0
0
0
0
0
0
0
0
0
0
0
0
0
0
0
0
0
0
0
0
0
0
0
0
0
0
0
0
0
0
0
0
0
0
0
0
0
0
0
0
0
0
0
0
0
0
0
0
0
0
0
0
0
0
0
0
0
0
0
0
0
0
0
0
0
0
0
0
0
0
0
0
0
0
0
0
0
0
0
0
0
0
0
0
0
0
0
0
0
0
0
0
0
0
0
0
0
0
0
0
0
0
0
0
0
0
0
0
0
0
0
0
0
0
0
0
0
0
0
0
0
0
0
0
0
0
0
0
0
0
0
0
0
0
0
0
0
0
0
0
0
0
0
0
0
0
0
0
0
0
0
0
0
0
0
0
0
0
0
0
0
0
0
0
0
0
0
0
0
0
0
0
0
0
0
0
0
0
0
0
0
0
0
0
0
0
0
0
0
0
0
0
0
0
0
0
0
0
0
0
0
0
0
0
0
0
0
0
0
0
0
0
0
0
0
0
0
0
0
0
0
0
0
0
0
0
0
0
0
0
0
0
0
0
0
0
0
0
0
0
0
0
0
0
0
0
0
0
0
0
0
0
0
0
0
0
0
0
0
0
0
0
0
0
0
0
0
0
0
0
0
0
0
0
0
0
0
0
0
0
0
0
0
0
0
0
0
0
0
0
0
0
0
0
0
0
0
0
0
0
0
0
0
0
0
0
0
0
0
0
0
0
0
0
0
0
0
0
0
0
0
0
0
0
0
0
0
0
0
0
0
0
0
0
0
0
0
0
0
0
0
0
0
0
0
0
0
0
0
0
0
0
0
0
0
0
0
0
0
0
0
0
0
0
0
0
0
0
0
0
0
0
0
0
0
0
0
0
0
0
0
0
0
0
0
0
0
0
0
0
0
0
0
0
0
0
0
0
0
0
0
0
0
0
0
0
0
0
0
0
0
0
0
0
0
0
0
0
0
0
0
0
0
0
0
0
0
0
0
0
0
0
0
0
0
0
0
0
0
0
0
0
0
0
0
0
0
0
0
0
0
0
0
0
0
0
0
0
0
0
0
0
0
0
0
0
0
0
0
0
0
0
0
0
0
0
0
0
0
0
0
0
0
0
0
0
0
0
0
0
0
0
0
0
0
0
0
0
0
0
0
0
0
0
0
0
0
0
0
0
0
0
0
0
0
0
0
0
0
0
0
0
0
0
0
0
0
0
0
0
0
0
0
0
0
0
0
0
0
0
0
0
0
0
0
0
0
0
0
0
0
0
0
0
0
0
0
0
0
0
0
0
0
0
0
0
0
0
0
0
0
0
0
0
0
0
0
0
0
0
0
0
0
0
0
0
0
0
0
0
0
0
0
0
0
0
0
0
0
0
0
0
0
0
0
0
0
0
0
0
0
0
0
0
0
0
0
0
0
0
0
0
0
0
0
0
0
0
0
0
0
0
0
0
0
0
0
0
0
0
0
0
0
0
0
0
0
0
0
0
0
0
0
0
0
0
0
0
0
0
0
0
0
0
0
0
0
0
0
0
0
0
0
0
0
0
0
0
0
0
0
0
0
0
0
0
0
0
0
0
0
0
0
0
0
0
0
0
0
0
0
0
0
0
0
0
0
0
0
0
0
0
0
0
0
0
0
0
0
0
0
0
0
0
0
0
0
0
0
0
0
0
0
0
0
0
0
0
0
0
0
0
0
0
0
0
0
0
0
0
0
0
0
0
0
0
0
0
0
0
0
0
0
0
0
0
0
0
0
0
0
0
0
0
0
0
0
0
0
0
0
0
0
0
0
0
0
0
0
0
0
0
0
0
0
0
0
0
0
0
0
0
0
0
0
0
0
0
0
0
0
0
0
0
0
0
0
0
0
0
0
0
0
0
0
0
0
0
0
0
0
0
0
0
0
0
0
0
0
0
0
0
0
0
0
0
0
0
0
0
0
0
0
0
0
0
0
0
0
0
0
0
0
0
0
0
0
0
0
0
0
0
0
0
0
0
0
0
0
0
0
0
0
0
0
0
0
0
0
0
0
0
0
0
0
0
0
0
0
0
0
0
0
0
0
0
0
0
0
0
0
0
0
0
0
0
0
0
0
0
0
0
0
0
0
0
0
0
0
0
0
0
0
0
0
0
0
0
0
0
0
0
0
0
0
0
0
0
0
0
0
0
0
0
0
0
0
0
0
0
0
0
0
0
0
0
0
0
0
0
0
0
0
0
0
0
0
0
0
0
0
0
0
0
0
0
0
0
0
0
0
0
0
0
0
0
0
0
0
0
0
0
0
0
0
0
0
0
0
0
0
0
0
0
0
0
0
0
0
0
0
0
0
0
0
0
0
0
0
0
0
0
0
0
0
0
0
0
0
0
0
0
0
0
0
0
0
0
0
0
0
0
0
0
0
0
0
0
0
0
0
0
0
0
0
0
0
0
0
0
0
0
0
0
0
0
0
0
0
0
0
0
0
0
0
0
0
0
0
0
0
0
0
0
0
0
0
0
0
0
0
0
0
0
0
0
0
0
0
0
0
0
0
0
0
0
0
0
0
0
0
0
0
0
0
0
0
0
0
0
0
0
0
0
0
0
0
0
0
0
0
0
0
0
0
0
0
0
0
0
0
0
0
0
0
0
0
0
0
0
0
0
0
0
0
0
0
0
0
0
0
0
0
0
0
0
0
0
0
0
0
0
0
0
0
0
0
0
0
0
0
0
0
0
0
0
0
0
0
0
0
0
0
0
0
0
0
0
0
0
0
0
0
0
0
0
0
0
0
0
0
0
0
0
0
0
0
0
0
0
0
0
0
0
0
0
0
0
0
0
0
0
0
0
0
0
0
0
0
0
0
0
0
0
0
0
0
0
0
0
0
0
0
0
0
0
0
0
0
0
0
0
0
0
0
0
0
0
0
0
0
0
0
0
0
0
0
0
0
0
0
0
0
0
0
0
0
0
0
0
0
0
0
0
0
0
0
0
0
0
0
0
0
0
0
0
0
0
0
0
0
0
0
0
0
0
0
0
0
0
0
0
0
0
0
0
0
0
0
0
0
0
0
0
0
0
0
0
0
0
0
0
0
0
0
0
0
0
0
0
0
0
0
0
0
0
0
0
0
0
0
0
0
0
0
0
0
0
0
0
0
0
0
0
0
0
0
0
0
0
0
0
0
0
0
0
0
0
0
0
0
0
0
0
0
0
0
0
0
0
0
0
0
0
0
0
0
0
0
0
0
0
0
0
0
0
0
0
0
0
0
0
0
0
0
0
0
0
0
0
0
0
0
0
0
0
0
0
0
0
0
0
0
0
0
0
0
0
0
0
0
0
0
0
0
0
0
0
0
0
0
0
0
0
0
0
0
0
0
0
0
0
0
0
0
0
0
0
0
0
0
0
0
0
0
0
0
0
0
0
0
0
0
0
0
0
0
0
0
0
0
0
0
0
0
0
0
0
0
0
0
0
0
0
0
0
0
0
0
0
0
0
0
0
0
0
0
0
0
0
0
0
0
0
0
0
0
0
0
0
0
0
0
0
0
0
0
0
0
0
0
0
0
0
0
0
0
0
0
0
0
0
0
0
0
0
0
0
0
0
0
0
0
0
0
0
0
0
0
0
0
0
0
0
0
0
0
0
0
0
0
0
0
0
0
0
0
0
0
0
0
0
0
0
0
0
0
0
0
0
0
0
0
0
0
0
0
0
0
0
0
0
0
0
0
0
0
0
0
0
0
0
0
0
0
0
0
0
0
0
0
0
0
0
0
0
0
0
0
0
0
0
0
0
0
0
0
0
0
0
0
0
0
0
0
0
0
0
0
0
0
0
0
0
0
0
0
0
0
0
0
0
0
0
0
0
0
0
0
0
0
0
0
0
0
0
0
0
0
0
0
0
0
0
0
0
0
0
0
0
0
0
0
0
0
0
0
0
0
0
0
0
0
0
0
0
0
0
0
0
0
0
0
0
0
0
0
0
0
0
0
0
0
0
0
0
0
0
0
0
0
0
0
0
0
0
0
0
0
0
0
0
0
0
0
0
0
0
0
0
0
0
0
0
0
0
0
0
0
0
0
0
0
0
0
0
0
0
0
0
0
0
0
0
0
0
0
0
0
0
0
0
0
0
0
0
0
0
0
0
0
0
0
0
0
0
0
0
0
0
0
0
0
0
0
0
0
0
0
0
0
0
0
0
0
0
0
0
0
0
0
0
0
0
0
0
0
0
0
0
0
0
0
0
0
0
0
0
0
0
0
0
0
0
0
0
0
0
0
0
0
0
0
0
0
0
0
0
0
0
0
0
0
0
0
0
0
0
0
0
0
0
0
0
0
0
0
0
0
0
0
0
0
0
0
0
0
0
0
0
0
0
0
0
0
0
0
0
0
0
0
0
0
0
0
0
0
0
0
0
0
0
0
0
0
0
0
0
0
0
0
0
0
0
0
0
0
0
0
0
0
0
0
0
0
0
0
0
0
0
0
0
0
0
0
0
0
0
0
0
0
0
0
0
0
0
0
0
0
0
0
0
0
0
0
0
0
0
0
0
0
0
0
0
0
0
0
0
0
0
0
0
0
0
0
0
0
0
0
0
0
0
0
0
0
0
0
0
0
0
0
0
0
0
0
0
0
0
0
0
0
0
0
0
0
0
0
0
0
0
0
0
0
0
0
0
0
0
0
0
0
0
0
0
0
0
0
0
0
0
0
0
0
0
0
0
0
0
0
0
0
0
0
0
0
0
0
0
0
0
0
0
0
0
0
0
0
0
0
0
0
0
0
0
0
0
0
0
0
0
0
0
0
0
0
0
0
0
0
0
0
0
0
0
0
0
0
0
0
0
0
0
0
0
0
0
0
0
0
0
0
0
0
0
0
0
0
0
0
0
0
0
0
0
0
0
0
0
0
0
0
0
0
0
0
0
0
0
0
0
0
0
0
0
0
0
0
0
0
0
0
0
0
0
0
0
0
0
0
0
0
0
0
0
0
0
0
0
0
0
0
0
0
0
0
0
0
0
0
0
0
0
0
0
0
0
0
0
0
0
0
0
0
0
0
0
0
0
0
0
0
0
0
0
0
0
0
0
0
0
0
0
0
0
0
0
0
0
0
0
0
0
0
0
0
0
0
0
0
0
0
0
0
0
0
0
0
0
0
0
0
0
0
0
0
0
0
0
0
0
0
0
0
0
0
0
0
0
0
0
0
0
0
0
0
0
0
0
0
0
0
0
0
0
0
0
0
0
0
0
0
0
0
0
0
0
0
0
0
0
0
0
0
0
0
0
0
0
0
0
0
0
0
0
0
0
0
0
0
0
0
0
0
0
0
0
0
0
0
0
0
0
0
0
0
0
0
0
0
0
0
0
0
0
0
0
0
0
0
0
0
0
0
0
0
0
0
0
0
0
0
0
0
0
0
0
0
0
0
0
0
0
0
0
0
0
0
0
0
0
0
0
0
0
0
0
0
0
0
0
0
0
0
0
0
0
0
0
0
0
0
0
0
0
0
0
0
0
0
0
0
0
0
0
0
0
0
0
0
0
0
0
0
0
0
0
0
0
0
0
0
0
0
0
0
0
0
0
0
0
0
0
0
0
0
0
0
0
0
0
0
0
0
0
0
0
0
0
0
0
0
0
0
0
0
0
0
0
0
0
0
0
0
0
0
0
0
0
0
0
0
0
0
0
0
0
0
0
0
0
0
0
0
0
0
0
0
0
0
0
0
0
0
0
0
0
0
0
0
0
0
0
0
0
0
0
0
0
0
0
0
0
0
0
0
0
0
0
0
0
0
0
0
0
0
0
0
0
0
0
0
0
0
0
0
0
0
0
0
0
0
0
0
0
0
0
0
0
0
0
0
0
0
0
0
0
0
0
0
0
0
0
0
0
0
0
0
0
0
0
0
0
0
0
0
0
0
0
0
0
0
0
0
0
0
0
0
0
0
0
0
0
0
0
0
0
0
0
0
0
0
0
0
0
0
0
0
0
0
0
0
0
0
0
0
0
0
0
0
0
0
0
0
0
0
0
0
0
0
0
0
0
0
0
0
0
0
0
0
0
0
0
0
0
0
0
0
0
0
0
0
0
0
0
0
0
0
0
0
0
0
0
0
0
0
0
0
0
0
0
0
0
0
0
0
0
0
0
0
0
0
0
0
0
0
0
0
0
0
0
0
0
0
0
0
0
0
0
0
0
0
0
0
0
0
0
0
0
0
0
0
0
0
0
0
0
0
0
0
0
0
0
0
0
0
0
0
0
0
0
0
0
0
0
0
0
0
0
0
0
0
0
0
0
0
0
0
0
0
0
0
0
0
0
0
0
0
0
0
0
0
0
0
0
0
0
0
0
0
0
0
0
0
0
0
0
0
0
0
0
0
0
0
0
0
0
0
0
0
0
0
0
0
0
0
0
0
0
0
0
0
0
0
0
0
0
0
0
0
0
0
0
0
0
0
0
0
0
0
0
0
0
0
0
0
0
0
0
0
0
0
0
0
0
0
0
0
0
0
0
0
0
0
0
0
0
0
0
0
0
0
0
0
0
0
0
0
0
0
0
0
0
0
0
0
0
0
0
0
0
0
0
0
0
0
0
0
0
0
0
0
0
0
0
0
0
0
0
0
0
0
0
0
0
0
0
0
0
0
0
0
0
0
0
0
0
0
0
0
0
0
0
0
0
0
0
0
0
0
0
0
0
0
0
0
0
0
0
0
0
0
0
0
0
0
0
0
0
0
0
0
0
0
0
0
0
0
0
0
0
0
0
0
0
0
0
0
0
0
0
0
0
0
0
0
0
0
0
0
0
0
0
0
0
0
0
0
0
0
0
0
0
0
0
0
0
0
0
0
0
0
0
0
0
0
0
0
0
0
0
0
0
0
0
0
0
0
0
0
0
0
0
0
0
0
0
0
0
0
0
0
0
0
0
0
0
0
0
0
0
0
0
0
0
0
0
0
0
0
0
0
0
0
0
0
0
0
0
0
0
0
0
0
0
0
0
0
0
0
0
0
0
0
0
0
0
0
0
0
0
0
0
0
0
0
0
0
0
0
0
0
0
0
0
0
0
0
0
0
0
0
0
0
0
0
0
0
0
0
0
0
0
0
0
0
0
0
0
0
0
0
0
0
0
0
0
0
0
0
0
0
0
0
0
0
0
0
0
0
0
0
0
0
0
0
0
0
0
0
0
0
0
0
0
0
0
0
0
0
0
0
0
0
0
0
0
0
0
0
0
0
0
0
0
0
0
0
0
0
0
0
0
0
0
0
0
0
0
0
0
0
0
0
0
0
0
0
0
0
0
0
0
0
0
0
0
0
0
0
0
0
0
0
0
0
0
0
0
0
0
0
0
0
0
0
0
0
0
0
0
0
0
0
0
0
0
0
0
0
0
0
0
0
0
0
0
0
0
0
0
0
0
0
0
0
0
0
0
0
0
0
0
0
0
0
0
0
0
0
0
0
0
0
0
0
0
0
0
0
0
0
0
0
0
0
0
0
0
0
0
0
0
0
0
0
0
0
0
0
0
0
0
0
0
0
0
0
0
0
0
0
0
0
0
0
0
0
0
0
0
0
0
0
0
0
0
0
0
0
0
0
0
0
0
0
0
0
0
0
0
0
0
0
0
0
0
0
0
0
0
0
0
0
0
0
0
0
0
0
0
0
0
0
0
0
0
0
0
0
0
0
0
0
0
0
0
0
0
0
0
0
0
0
0
0
0
0
0
0
0
0
0
0
0
0
0
0
0
0
0
0
0
0
0
0
0
0
0
0
0
0
0
0
0
0
0
0
0
0
0
0
0
0
0
0
0
0
0
0
0
0
0
0
0
0
0
0
0
0
0
0
0
0
0
0
0
0
0
0
0
0
0
0
0
0
0
0
0
0
0
0
0
0
0
0
0
0
0
0
0
0
0
0
0
0
0
0
0
0
0
0
0
0
0
0
0
0
0
0
0
0
0
0
0
0
0
0
0
0
0
0
0
0
0
0
0
0
0
0
0
0
0
0
0
0
0
0
0
0
0
0
0
0
0
0
0
0
0
0
0
0
0
0
0
0
0
0
0
0
0
0
0
0
0
0
0
0
0
0
0
0
0
0
0
0
0
0
0
0
0
0
0
0
0
0
0
0
0
0
0
0
0
0
0
0
0
0
0
0
0
0
0
0
0
0
0
0
0
0
0
0
0
0
0
0
0
0
0
0
0
0
0
0
0
0
0
0
0
0
0
0
0
0
0
0
0
0
0
0
0
0
0
0
0
0
0
0
0
0
0
0
0
0
0
0
0
0
0
0
0
0
0
0
0
0
0
0
0
0
0
0
0
0
0
0
0
0
0
0
0
0
0
0
0
0
0
0
0
0
0
0
0
0
0
0
0
0
0
0
0
0
0
0
0
0
0
0
0
0
0
0
0
0
0
0
0
0
0
0
0
0
0
0
0
0
0
0
0
0
0
0
0
0
0
0
0
0
0
0
0
0
0
0
0
0
0
0
0
0
0
0
0
0
0
0
0
0
0
0
0
0
0
0
0
0
0
0
0
0
0
0
0
0
0
0
0
0
0
0
0
0
0
0
0
0
0
0
0
0
0
0
0
0
0
0
0
0
0
0
0
0
0
0
0
0
0
0
0
0
0
0
0
0
0
0
0
0
0
0
0
0
0
0
0
0
0
0
0
0
0
0
0
0
0
0
0
0
0
0
0
0
0
0
0
0
0
0
0
0
0
0
0
0
0
0
0
0
0
0
0
0
0
0
0
0
0
0
0
0
0
0
0
0
0
0
0
0
0
0
0
0
0
0
0
0
0
0
0
0
0
0
0
0
0
0
0
0
0
0
0
0
0
0
0
0
0
0
0
0
0
0
0
0
0
0
0
0
0
0
0
0
0
0
0
0
0
0
0
0
0
0
0
0
0
0
0
0
0
0
0
0
0
0
0
0
0
0
0
0
0
0
0
0
0
0
0
0
0
0
0
0
0
0
0
0
0
0
0
0
0
0
0
0
0
0
0
0
0
0
0
0
0
0
0
0
0
0
0
0
0
0
0
0
0
0
0
0
0
0
0
0
0
0
0
0
0
0
0
0
0
0
0
0
0
0
0
0
0
0
0
0
0
0
0
0
0
0
0
0
0
0
0
0
0
0
0
0
0
0
0
0
0
0
0
0
0
0
0
0
0
0
0
0
0
0
0
0
0
0
0
0
0
0
0
0
0
0
0
0
0
0
0
0
0
0
0
0
0
0
0
0
0
0
0
0
0
0
0
0
0
0
0
0
0
0
0
0
0
0
0
0
0
0
0
0
0
0
0
0
0
0
0
0
0
0
0
0
0
0
0
0
0
0
0
0
0
0
0
0
0
0
0
0
0
0
0
0
0
0
0
0
0
0
0
0
0
0
0
0
0
0
0
0
0
0
0
0
0
0
0
0
0
0
0
0
0
0
0
0
0
0
0
0
0
0
0
0
0
0
0
0
0
0
0
0
0
0
0
0
0
0
0
0
0
0
0
0
0
0
0
0
0
0
0
0
0
0
0
0
0
0
0
0
0
0
0
0
0
0
0
0
0
0
0
0
0
0
0
0
0
0
0
0
0
0
0
0
0
0
0
0
0
0
0
0
0
0
0
0
0
0
0
0
0
0
0
0
0
0
0
0
0
0
0
0
0
0
0
0
0
0
0
0
0
0
0
0
0
0
0
0
0
0
0
0
0
0
0
0
0
0
0
0
0
0
0
0
0
0
0
0
0
0
0
0
0
0
0
0
0
0
0
0
0
0
0
0
0
0
0
0
0
0
0
0
0
0
0
0
0
0
0
0
0
0
0
0
0
0
0
0
0
0
0
0
0
0
0
0
0
0
0
0
0
0
0
0
0
0
0
0
0
0
0
0
0
0
0
0
0
0
0
0
0
0
0
0
0
0
0
0
0
0
0
0
0
0
0
0
0
0
0
0
0
0
0
0
0
0
0
0
0
0
0
0
0
0
0
0
0
0
0
0
0
0
0
0
0
0
0
0
0
0
0
0
0
0
0
0
0
0
0
0
0
0
0
0
0
0
0
0
0
0
0
0
0
0
0
0
0
0
0
0
0
0
0
0
0
0
0
0
0
0
0
0
0
0
0
0
0
0
0
0
0
0
0
0
0
0
0
0
0
0
0
0
0
0
0
0
0
0
0
0
0
0
0
0
0
0
0
0
0
0
0
0
0
0
0
0
0
0
0
0
0
0
0
0
0
0
0
0
0
0
0
0
0
0
0
0
0
0
0
0
0
0
0
0
0
0
0
0
0
0
0
0
0
0
0
0
0
0
0
0
0
0
0
0
0
0
0
0
0
0
0
0
0
0
0
0
0
0
0
0
0
0
0
0
0
0
0
0
0
0
0
0
0
0
0
0
0
0
0
0
0
0
0
0
0
0
0
0
0
0
0
0
0
0
0
0
0
0
0
0
0
0
0
0
0
0
0
0
0
0
0
0
0
0
0
0
0
0
0
0
0
0
0
0
0
0
0
0
0
0
0
0
0
0
0
0
0
0
0
0
0
0
0
0
0
0
0
0
0
0
0
0
0
0
0
0
0
0
0
0
0
0
0
0
0
0
0
0
0
0
0
0
0
0
0
0
0
0
0
0
0
0
0
0
0
0
0
0
0
0
0
0
0
0
0
0
0
0
0
0
0
0
0
0
0
0
0
0
0
0
0
0
0
0
0
0
0
0
0
0
0
0
0
0
0
0
0
0
0
0
0
0
0
0
0
0
0
0
0
0
0
0
0
0
0
0
0
0
0
0
0
0
0
0
0
0
0
0
0
0
0
0
0
0
0
0
0
0
0
0
0
0
0
0
0
0
0
0
0
0
0
0
0
0
0
0
0
0
0
0
0
0
0
0
0
0
0
0
0
0
0
0
0
0
0
0
0
0
0
0
0
0
0
0
0
0
0
0
0
0
0
0
0
0
0
0
0
0
0
0
0
0
0
0
0
0
0
0
0
0
0
0
0
0
0
0
0
0
0
0
0
0
0
0
0
0
0
0
0
0
0
0
0
0
0
0
0
0
0
0
0
0
0
0
0
0
0
0
0
0
0
0
0
0
0
0
0
0
0
0
0
0
0
0
0
0
0
0
0
0
0
0
0
0
0
0
0
0
0
0
0
0
0
0
0
0
0
0
0
0
0
0
0
0
0
0
0
0
0
0
0
0
0
0
0
0
0
0
0
0
0
0
0
0
0
0
0
0
0
0
0
0
0
0
0
0
0
0
0
0
0
0
0
0
0
0
0
0
0
0
0
0
0
0
0
0
0
0
0
0
0
0
0
0
0
0
0
0
0
0
0
0
0
0
0
0
0
0
0
0
0
0
0
0
0
0
0
0
0
0
0
0
0
0
0
0
0
0
0
0
0
0
0
0
0
0
0
0
0
0
0
0
0
0
0
0
0
0
0
0
0
0
0
0
0
0
0
0
0
0
0
0
0
0
0
0
0
0
0
0
0
0
0
0
0
0
0
0
0
0
0
0
0
0
0
0
0
0
0
0
0
0
0
0
0
0
0
0
0
0
0
0
0
0
0
0
0
0
0
0
0
0
0
0
0
0
0
0
0
0
0
0
0
0
0
0
0
0
0
0
0
0
0
0
0
0
0
0
0
0
0
0
0
0
0
0
0
0
0
0
0
0
0
0
0
0
0
0
0
0
0
0
0
0
0
0
0
0
0
0
0
0
0
0
0
0
0
0
0
0
0
0
0
0
0
0
0
0
0
0
0
0
0
0
0
0
0
0
0
0
0
0
0
0
0
0
0
0
0
0
0
0
0
0
0
0
0
0
0
0
0
0
0
0
0
0
0
0
0
0
0
0
0
0
0
0
0
0
0
0
0
0
0
0
0
0
0
0
0
0
0
0
0
0
0
0
0
0
0
0
0
0
0
0
0
0
0
0
0
0
0
0
0
0
0
0
0
0
0
0
0
0
0
0
0
0
0
0
0
0
0
0
0
0
0
0
0
0
0
0
0
0
0
0
0
0
0
0
0
0
0
0
0
0
0
0
0
0
0
0
0
0
0
0
0
0
0
0
0
0
0
0
0
0
0
0
0
0
0
0
0
0
0
0
0
0
0
0
0
0
0
0
0
0
0
0
0
0
0
0
0
0
0
0
0
0
0
0
0
0
0
0
0
0
0
0
0
0
0
0
0
0
0
0
0
0
0
0
0
0
0
0
0
0
0
0
0
0
0
0
0
0
0
0
0
0
0
0
0
0
0
0
0
0
0
0
0
0
0
0
0
0
0
0
0
0
0
0
0
0
0
0
0
0
0
0
0
0
0
0
0
0
0
0
0
0
0
0
0
0
0
0
0
0
0
0
0
0
0
0
0
0
0
0
0
0
0
0
0
0
0
0
0
0
0
0
0
0
0
0
0
0
0
0
0
0
0
0
0
0
0
0
0
0
0
0
0
0
0
0
0
0
0
0
0
0
0
0
0
0
0
0
0
0
0
0
0
0
0
0
0
0
0
0
0
0
0
0
0
0
0
0
0
0
0
0
0
0
0
0
0
0
0
0
0
0
0
0
0
0
0
0
0
0
0
0
0
0
0
0
0
0
0
0
0
0
0
0
0
0
0
0
0
0
0
0
0
0
0
0
0
0
0
0
0
0
0
0
0
0
0
0
0
0
0
0
0
0
0
0
0
0
0
0
0
0
0
0
0
0
0
0
0
0
0
0
0
0
0
0
0
0
0
0
0
0
0
0
0
0
0
0
0
0
0
0
0
0
0
0
0
0
0
0
0
0
0
0
0
0
0
0
0
0
0
0
0
0
0
0
0
0
0
0
0
0
0
0
0
0
0
0
0
0
0
0
0
0
0
0
0
0
0
0
0
0
0
0
0
0
0
0
0
0
0
0
0
0
0
0
0
0
0
0
0
0
0
0
0
0
0
0
0
0
0
0
0
0
0
0
0
0
0
0
0
0
0
0
0
0
0
0
0
0
0
0
0
0
0
0
0
0
0
0
0
0
0
0
0
0
0
0
0
0
0
0
0
0
0
0
0
0
0
0
0
0
0
0
0
0
0
0
0
0
0
0
0
0
0
0
0
0
0
0
0
0
0
0
0
0
0
0
0
0
0
0
0
0
0
0
0
0
0
0
0
0
0
0
0
0
0
0
0
0
0
0
0
0
0
0
0
0
0
0
0
0
0
0
0
0
0
0
0
0
0
0
0
0
0
0
0
0
0
0
0
0
0
0
0
0
0
0
0
0
0
0
0
0
0
0
0
0
0
0
0
0
0
0
0
0
0
0
0
0
0
0
0
0
0
0
0
0
0
0
0
0
0
0
0
0
0
0
0
0
0
0
0
0
0
0
0
0
0
0
0
0
0
0
0
0
0
0
0
0
0
0
0
0
0
0
0
0
0
0
0
0
0
0
0
0
0
0
0
0
0
0
0
0
0
0
0
0
0
0
0
0
0
0
0
0
0
0
0
0
0
0
0
0
0
0
0
0
0
0
0
0
0
0
0
0
0
0
0
0
0
0
0
0
0
0
0
0
0
0
0
0
0
0
0
0
0
0
0
0
0
0
0
0
0
0
0
0
0
0
0
0
0
0
0
0
0
0
0
0
0
0
0
0
0
0
0
0
0
0
0
0
0
0
0
0
0
0
0
0
0
0
0
0
0
0
0
0
0
0
0
0
0
0
0
0
0
0
0
0
0
0
0
0
0
0
0
0
0
0
0
0
0
0
0
0
0
0
0
0
0
0
0
0
0
0
0
0
0
0
0
0
0
0
0
0
0
0
0
0
0
0
0
0
0
0
0
0
0
0
0
0
0
0
0
0
0
0
0
0
0
0
0
0
0
0
0
0
0
0
0
0
0
0
0
0
0
0
0
0
0
0
0
0
0
0
0
0
0
0
0
0
0
0
0
0
0
0
0
0
0
0
0
0
0
0
0
0
0
0
0
0
0
0
0
0
0
0
0
0
0
0
0
0
0
0
0
0
0
0
0
0
0
0
0
0
0
0
0
0
0
0
0
0
0
0
0
0
0
0
0
0
0
0
0
0
0
0
0
0
0
0
0
0
0
0
0
0
0
0
0
0
0
0
0
0
0
0
0
0
0
0
0
0
0
0
0
0
0
0
0
0
0
0
0
0
0
0
0
0
0
0
0
0
0
0
0
0
0
0
0
0
0
0
0
0
0
0
0
0
0
0
0
0
0
0
0
0
0
0
0
0
0
0
0
0
0
0
0
0
0
0
0
0
0
0
0
0
0
0
0
0
0
0
0
0
0
0
0
0
0
0
0
0
0
0
0
0
0
0
0
0
0
0
0
0
0
0
0
0
0
0
0
0
0
0
0
0
0
0
0
0
0
0
0
0
0
0
0
0
0
0
0
0
0
0
0
0
0
0
0
0
0
0
0
0
0
0
0
0
0
0
0
0
0
0
0
0
0
0
0
0
0
0
0
0
0
0
0
0
0
0
0
0
0
0
0
0
0
0
0
0
0
0
0
0
0
0
0
0
0
0
0
0
0
0
0
0
0
0
0
0
0
0
0
0
0
0
0
0
0
0
0
0
0
0
0
0
0
0
0
0
0
0
0
0
0
0
0
0
0
0
0
0
0
0
0
0
0
0
0
0
0
0
0
0
0
0
0
0
0
0
0
0
0
0
0
0
0
0
0
0
0
0
0
0
0
0
0
0
0
0
0
0
0
0
0
0
0
0
0
0
0
0
0
0
0
0
0
0
0
0
0
0
0
0
0
0
0
0
0
0
0
0
0
0
0
0
0
0
0
0
0
0
0
0
0
0
0
0
0
0
0
0
0
0
0
0
0
0
0
0
0
0
0
0
0
0
0
0
0
0
0
0
0
0
0
0
0
0
0
0
0
0
0
0
0
0
0
0
0
0
0
0
0
0
0
0
0
0
0
0
0
0
0
0
0
0
0
0
0
0
0
0
0
0
0
0
0
0
0
0
0
0
0
0
0
0
0
0
0
0
0
0
0
0
0
0
0
0
0
0
0
0
0
0
0
0
0
0
0
0
0
0
0
0
0
0
0
0
0
0
0
0
0
0
0
0
0
0
0
0
0
0
0
0
0
0
0
0
0
0
0
0
0
0
0
0
0
0
0
0
0
0
0
0
0
0
0
0
0
0
0
0
0
0
0
0
0
0
0
0
0
0
0
0
0
0
0
0
0
0
0
0
0
0
0
0
0
0
0
0
0
0
0
0
0
0
0
0
0
0
0
0
0
0
0
0
0
0
0
0
0
0
0
0
0
0
0
0
0
0
0
0
0
0
0
0
0
0
0
0
0
0
0
0
0
0
0
0
0
0
0
0
0
0
0
0
0
0
0
0
0
0
0
0
0
0
0
0
0
0
0
0
0
0
0
0
0
0
0
0
0
0
0
0
0
0
0
0
0
0
0
0
0
0
0
0
0
0
0
0
0
0
0
0
0
0
0
0
0
0
0
0
0
0
0
0
0
0
0
0
0
0
0
0
0
0
0
0
0
0
0
0
0
0
0
0
0
0
0
0
0
0
0
0
0
0
0
0
0
0
0
0
0
0
0
0
0
0
0
0
0
0
0
0
0
0
0
0
0
0
0
0
0
0
0
0
0
0
0
0
0
0
0
0
0
0
0
0
0
0
0
0
0
0
0
0
0
0
0
0
0
0
0
0
0
0
0
0
0
0
0
0
0
0
0
0
0
0
0
0
0
0
0
0
0
0
0
0
0
0
0
0
0
0
0
0
0
0
0
0
0
0
0
0
0
0
0
0
0
0
0
0
0
0
0
0
0
0
0
0
0
0
0
0
0
0
0
0
0
0
0
0
0
0
0
0
0
0
0
0
0
0
0
0
0
0
0
0
0
0
0
0
0
0
0
0
0
0
0
0
0
0
0
0
0
0
0
0
0
0
0
0
0
0
0
0
0
0
0
0
0
0
0
0
0
0
0
0
0
0
0
0
0
0
0
0
0
0
0
0
0
0
0
0
0
0
0
0
0
0
0
0
0
0
0
0
0
0
0
0
0
0
0
0
0
0
0
0
0
0
0
0
0
0
0
0
0
0
0
0
0
0
0
0
0
0
0
0
0
0
0
0
0
0
0
0
0
0
0
0
0
0
0
0
0
0
0
0
0
0
0
0
0
0
0
0
0
0
0
0
0
0
0
0
0
0
0
0
0
0
0
0
0
0
0
0
0
0
0
0
0
0
0
0
0
0
0
0
0
0
0
0
0
0
0
0
0
0
0
0
0
0
0
0
0
0
0
0
0
0
0
0
0
0
0
0
0
0
0
0
0
0
0
0
0
0
0
0
0
0
0
0
0
0
0
0
0
0
0
0
0
0
0
0
0
0
0
0
0
0
0
0
0
0
0
0
0
0
0
0
0
0
0
0
0
0
0
0
0
0
0
0
0
0
0
0
0
0
0
0
0
0
0
0
0
0
0
0
0
0
0
0
0
0
0
0
0
0
0
0
0
0
0
0
0
0
0
0
0
0
0
0
0
0
0
0
0
0
0
0
0
0
0
0
0
0
0
0
0
0
0
0
0
0
0
0
0
0
0
0
0
0
0
0
0
0
0
0
0
0
0
0
0
0
0
0
0
0
0
0
0
0
0
0
0
0
0
0
0
0
0
0
0
0
0
0
0
0
0
0
0
0
0
0
0
0
0
0
0
0
0
0
0
0
0
0
0
0
0
0
0
0
0
0
0
0
0
0
0
0
0
0
0
0
0
0
0
0
0
0
0
0
0
0
0
0
0
0
0
0
0
0
0
0
0
0
0
0
0
0
0
0
0
0
0
0
0
0
0
0
0
0
0
0
0
0
0
0
0
0
0
0
0
0
0
0
0
0
0
0
0
0
0
0
0
0
0
0
0
0
0
0
0
0
0
0
0
0
0
0
0
0
0
0
0
0
0
0
0
0
0
0
0
0
0
0
0
0
0
0
0
0
0
0
0
0
0
0
0
0
0
0
0
0
0
0
0
0
0
0
0
0
0
0
0
0
0
0
0
0
0
0
0
0
0
0
0
0
0
0
0
0
0
0
0
0
0
0
0
0
0
0
0
0
0
0
0
0
0
0
0
0
0
0
0
0
0
0
0
0
0
0
0
0
0
0
0
0
0
0
0
0
0
0
0
0
0
0
0
0
0
0
0
0
0
0
0
0
0
0
0
0
0
0
0
0
0
0
0
0
0
0
0
0
0
0
0
0
0
0
0
0
0
0
0
0
0
0
0
0
0
0
0
0
0
0
0
0
0
0
0
0
0
0
0
0
0
0
0
0
0
0
0
0
0
0
0
0
0
0
0
0
0
0
0
0
0
0
0
0
0
0
0
0
0
0
0
0
0
0
0
0
0
0
0
0
0
0
0
0
0
0
0
0
0
0
0
0
0
0
0
0
0
0
0
0
0
0
0
0
0
0
0
0
0
0
0
0
0
0
0
0
0
0
0
0
0
0
0
0
0
0
0
0
0
0
0
0
0
0
0
0
0
0
0
0
0
0
0
0
0
0
0
0
0
0
0
0
0
0
0
0
0
0
0
0
0
0
0
0
0
0
0
0
0
0
0
0
0
0
0
0
0
0
0
0
0
0
0
0
0
0
0
0
0
0
0
0
0
0
0
0
0
0
0
0
0
0
0
0
0
0
0
0
0
0
0
0
0
0
0
0
0
0
0
0
0
0
0
0
0
0
0
0
0
0
0
0
0
0
0
0
0
0
0
0
0
0
0
0
0
0
0
0
0
0
0
0
0
0
0
0
0
0
0
0
0
0
0
0
0
0
0
0
0
0
0
0
0
0
0
0
0
0
0
0
0
0
0
0
0
0
0
0
0
0
0
0
0
0
0
0
0
0
0
0
0
0
0
0
0
0
0
0
0
0
0
0
0
0
0
0
0
0
0
0
0
0
0
0
0
0
0
0
0
0
0
0
0
0
0
0
0
0
0
0
0
0
0
0
0
0
0
0
0
0
0
0
0
0
0
0
0
0
0
0
0
0
0
0
0
0
0
0
0
0
0
0
0
0
0
0
0
0
0
0
0
0
0
0
0
0
0
0
0
0
0
0
0
0
0
0
0
0
0
0
0
0
0
0
0
0
0
0
0
0
0
0
0
0
0
0
0
0
0
0
0
0
0
0
0
0
0
0
0
0
0
0
0
0
0
0
0
0
0
0
0
0
0
0
0
0
0
0
0
0
0
0
0
0
0
0
0
0
0
0
0
0
0
0
0
0
0
0
0
0
0
0
0
0
0
0
0
0
0
0
0
0
0
0
0
0
0
0
0
0
0
0
0
0
0
0
0
0
0
0
0
0
0
0
0
0
0
0
0
0
0
0
0
0
0
0
0
0
0
0
0
0
0
0
0
0
0
0
0
0
0
0
0
0
0
0
0
0
0
0
0
0
0
0
0
0
0
0
0
0
0
0
0
0
0
0
0
0
0
0
0
0
0
0
0
0
0
0
0
0
0
0
0
0
0
0
0
0
0
0
0
0
0
0
0
0
0
0
0
0
0
0
0
0
0
0
0
0
0
0
0
0
0
0
0
0
0
0
0
0
0
0
0
0
0
0
0
0
0
0
0
0
0
0
0
0
0
0
0
0
0
0
0
0
0
0
0
0
0
0
0
0
0
0
0
0
0
0
0
0
0
0
0
0
0
0
0
0
0
0
0
0
0
0
0
0
0
0
0
0
0
0
0
0
0
0
0
0
0
0
0
0
0
0
0
0
0
0
0
0
0
0
0
0
0
0
0
0
0
0
0
0
0
0
0
0
0
0
0
0
0
0
0
0
0
0
0
0
0
0
0
0
0
0
0
0
0
0
0
0
0
0
0
0
0
0
0
0
0
0
0
0
0
0
0
0
0
0
0
0
0
0
0
0
0
0
0
0
0
0
0
0
0
0
0
0
0
0
0
0
0
0
0
0
0
0
0
0
0
0
0
0
0
0
0
0
0
0
0
0
0
0
0
0
0
0
0
0
0
0
0
0
0
0
0
0
0
0
0
0
0
0
0
0
0
0
0
0
0
0
0
0
0
0
0
0
0
0
0
0
0
0
0
0
0
0
0
0
0
0
0
0
0
0
0
0
0
0
0
0
0
0
0
0
0
0
0
0
0
0
0
0
0
0
0
0
0
0
0
0
0
0
0
0
0
0
0
0
0
0
0
0
0
0
0
0
0
0
0
0
0
0
0
0
0
0
0
0
0
0
0
0
0
0
0
0
0
0
0
0
0
0
0
0
0
0
0
0
0
0
0
0
0
0
0
0
0
0
0
0
0
0
0
0
0
0
0
0
0
0
0
0
0
0
0
0
0
0
0
0
0
0
0
0
0
0
0
0
0
0
0
0
0
0
0
0
0
0
0
0
0
0
0
0
0
0
0
0
0
0
0
0
0
0
0
0
0
0
0
0
0
0
0
0
0
0
0
0
0
0
0
0
0
0
0
0
0
0
0
0
0
0
0
0
0
0
0
0
0
0
0
0
0
0
0
0
0
0
0
0
0
0
0
0
0
0
0
0
0
0
0
0
0
0
0
0
0
0
0
0
0
0
0
0
0
0
0
0
0
0
0
0
0
0
0
0
0
0
0
0
0
0
0
0
0
0
0
0
0
0
0
0
0
0
0
0
0
0
0
0
0
0
0
0
0
0
0
0
0
0
0
0
0
0
0
0
0
0
0
0
0
0
0
0
0
0
0
0
0
0
0
0
0
0
0
0
0
0
0
0
0
0
0
0
0
0
0
0
0
0
0
0
0
0
0
0
0
0
0
0
0
0
0
0
0
0
0
0
0
0
0
0
0
0
0
0
0
0
0
0
0
0
0
0
0
0
0
0
0
0
0
0
0
0
0
0
0
0
0
0
0
0
0
0
0
0
0
0
0
0
0
0
0
0
0
0
0
0
0
0
0
0
0
0
0
0
0
0
0
0
0
0
0
0
0
0
0
0
0
0
0
0
0
0
0
0
0
0
0
0
0
0
0
0
0
0
0
0
0
0
0
0
0
0
0
0
0
0
0
0
0
0
0
0
0
0
0
0
0
0
0
0
0
0
0
0
0
0
0
0
0
0
0
0
0
0
0
0
0
0
0
0
0
0
0
0
0
0
0
0
0
0
0
0
0
0
0
0
0
0
0
0
0
0
0
0
0
0
0
0
0
0
0
0
0
0
0
0
0
0
0
0
0
0
0
0
0
0
0
0
0
0
0
0
0
0
0
0
0
0
0
0
0
0
0
0
0
0
0
0
0
0
0
0
0
0
0
0
0
0
0
0
0
0
0
0
0
0
0
0
0
0
0
0
0
0
0
0
0
0
0
0
0
0
0
0
0
0
0
0
0
0
0
0
0
0
0
0
0
0
0
0
0
0
0
0
0
0
0
0
0
0
0
0
0
0
0
0
0
0
0
0
0
0
0
0
0
0
0
0
0
0
0
0
0
0
0
0
0
0
0
0
0
0
0
0
0
0
0
0
0
0
0
0
0
0
0
0
0
0
0
0
0
0
0
0
0
0
0
0
0
0
0
0
0
0
0
0
0
0
0
0
0
0
0
0
0
0
0
0
0
0
0
0
0
0
0
0
0
0
0
0
0
0
0
0
0
0
0
0
0
0
0
0
0
0
0
0
0
0
0
0
0
0
0
0
0
0
0
0
0
0
0
0
0
0
0
0
0
0
0
0
0
0
0
0
0
0
0
0
0
0
0
0
0
0
0
0
0
0
0
0
0
0
0
0
0
0
0
0
0
0
0
0
0
0
0
0
0
0
0
0
0
0
0
0
0
0
0
0
0
0
0
0
0
0
0
0
0
0
0
0
0
0
0
0
0
0
0
0
0
0
0
0
0
0
0
0
0
0
0
0
0
0
0
0
0
0
0
0
0
0
0
0
0
0
0
0
0
0
0
0
0
0
0
0
0
0
0
0
0
0
0
0
0
0
0
0
0
0
0
0
0
0
0
0
0
0
0
0
0
0
0
0
0
0
0
0
0
0
0
0
0
0
0
0
0
0
0
0
0
0
0
0
0
0
0
0
0
0
0
0
0
0
0
0
0
0
0
0
0
0
0
0
0
0
0
0
0
0
0
0
0
0
0
0
0
0
0
0
0
0
0
0
0
0
0
0
0
0
0
0
0
0
0
0
0
0
0
0
0
0
0
0
0
0
0
0
0
0
0
0
0
0
0
0
0
0
0
0
0
0
0
0
0
0
0
0
0
0
0
0
0
0
0
0
0
0
0
0
0
0
0
0
0
0
0
0
0
0
0
0
0
0
0
0
0
0
0
0
0
0
0
0
0
0
0
0
0
0
0
0
0
0
0
0
0
0
0
0
0
0
0
0
0
0
0
0
0
0
0
0
0
0
0
0
0
0
0
0
0
0
0
0
0
0
0
0
0
0
0
0
0
0
0
0
0
0
0
0
0
0
0
0
0
0
0
0
0
0
0
0
0
0
0
0
0
0
0
0
0
0
0
0
0
0
0
0
0
0
0
0
0
0
0
0
0
0
0
0
0
0
0
0
0
0
0
0
0
0
0
0
0
0
0
0
0
0
0
0
0
0
0
0
0
0
0
0
0
0
0
0
0
0
0
0
0
0
0
0
0
0
0
0
0
0
0
0
0
0
0
0
0
0
0
0
0
0
0
0
0
0
0
0
0
0
0
0
0
0
0
0
0
0
0
0
0
0
0
0
0
0
0
0
0
0
0
0
0
0
0
0
0
0
0
0
0
0
0
0
0
0
0
0
0
0
0
0
0
0
0
0
0
0
0
0
0
0
0
0
0
0
0
0
0
0
0
0
0
0
0
0
0
0
0
0
0
0
0
0
0
0
0
0
0
0
0
0
0
0
0
0
0
0
0
0
0
0
0
0
0
0
0
0
0
0
0
0
0
0
0
0
0
0
0
0
0
0
0
0
0
0
0
0
0
0
0
0
0
0
0
0
0
0
0
0
0
0
0
0
0
0
0
0
0
0
0
0
0
0
0
0
0
0
0
0
0
0
0
0
0
0
0
0
0
0
0
0
0
0
0
0
0
0
0
0
0
0
0
0
0
0
0
0
0
0
0
0
0
0
0
0
0
0
0
0
0
0
0
0
0
0
0
0
0
0
0
0
0
0
0
0
0
0
0
0
0
0
0
0
0
0
0
0
0
0
0
0
0
0
0
0
0
0
0
0
0
0
0
0
0
0
0
0
0
0
0
0
0
0
0
0
0
0
0
0
0
0
0
0
0
0
0
0
0
0
0
0
0
0
0
0
0
0
0
0
0
0
0
0
0
0
0
0
0
0
0
0
0
0
0
0
0
0
0
0
0
0
0
0
0
0
0
0
0
0
0
0
0
0
0
0
0
0
0
0
0
0
0
0
0
0
0
0
0
0
0
0
0
0
0
0
0
0
0
0
0
0
0
0
0
0
0
0
0
0
0
0
0
0
0
0
0
0
0
0
0
0
0
0
0
0
0
0
0
0
0
0
0
0
0
0
0
0
0
0
0
0
0
0
0
0
0
0
0
0
0
0
0
0
0
0
0
0
0
0
0
0
0
0
0
0
0
0
0
0
0
0
0
0
0
0
0
0
0
0
0
0
0
0
0
0
0
0
0
0
0
0
0
0
0
0
0
0
0
0
0
0
0
0
0
0
0
0
0
0
0
0
0
0
0
0
0
0
0
0
0
0
0
0
0
0
0
0
0
0
0
0
0
0
0
0
0
0
0
0
0
0
0
0
0
0
0
0
0
0
0
0
0
0
0
0
0
0
0
0
0
0
0
0
0
0
0
0
0
0
0
0
0
0
0
0
0
0
0
0
0
0
0
0
0
0
0
0
0
0
0
0
0
0
0
0
0
0
0
0
0
0
0
0
0
0
0
0
0
0
0
0
0
0
0
0
0
0
0
0
0
0
0
0
0
0
0
0
0
0
0
0
0
0
0
0
0
0
0
0
0
0
0
0
0
0
0
0
0
0
0
0
0
0
0
0
0
0
0
0
0
0
0
0
0
0
0
0
0
0
0
0
0
0
0
0
0
0
0
0
0
0
0
0
0
0
0
0
0
0
0
0
0
0
0
0
0
0
0
0
0
0
0
0
0
0
0
0
0
0
0
0
0
0
0
0
0
0
0
0
0
0
0
0
0
0
0
0
0
0
0
0
0
0
0
0
0
0
0
0
0
0
0
0
0
0
0
0
0
0
0
0
0
0
0
0
0
0
0
0
0
0
0
0
0
0
0
0
0
0
0
0
0
0
0
0
0
0
0
0
0
0
0
0
0
0
0
0
0
0
0
0
0
0
0
0
0
0
0
0
0
0
0
0
0
0
0
0
0
0
0
0
0
0
0
0
0
0
0
0
0
0
0
0
0
0
0
0
0
0
0
0
0
0
0
0
0
0
0
0
0
0
0
0
0
0
0
0
0
0
0
0
0
0
0
0
0
0
0
0
0
0
0
0
0
0
0
0
0
0
0
0
0
0
0
0
0
0
0
0
0
0
0
0
0
0
0
0
0
0
0
0
0
0
0
0
0
0
0
0
0
0
0
0
0
0
0
0
0
0
0
0
0
0
0
0
0
0
0
0
0
0
0
0
0
0
0
0
0
0
0
0
0
0
0
0
0
0
0
0
0
0
0
0
0
0
0
0
0
0
0
0
0
0
0
0
0
0
0
0
0
0
0
0
0
0
0
0
0
0
0
0
0
0
0
0
0
0
0
0
0
0
0
0
0
0
0
0
0
0
0
0
0
0
0
0
0
0
0
0
0
0
0
0
0
0
0
0
0
0
0
0
0
0
0
0
0
0
0
0
0
0
0
0
0
0
0
0
0
0
0
0
0
0
0
0
0
0
0
0
0
0
0
0
0
0
0
0
0
0
0
0
0
0
0
0
0
0
0
0
0
0
0
0
0
0
0
0
0
0
0
0
0
0
0
0
0
0
0
0
0
0
0
0
0
0
0
0
0
0
0
0
0
0
0
0
0
0
0
0
0
0
0
0
0
0
0
0
0
0
0
0
0
0
0
0
0
0
0
0
0
0
0
0
0
0
0
0
0
0
0
0
0
0
0
0
0
0
0
0
0
0
0
0
0
0
0
0
0
0
0
0
0
0
0
0
0
0
0
0
0
0
0
0
0
0
0
0
0
0
0
0
0
0
0
0
0
0
0
0
0
0
0
0
0
0
0
0
0
0
0
0
0
0
0
0
0
0
0
0
0
0
0
0
0
0
0
0
0
0
0
0
0
0
0
0
0
0
0
0
0
0
0
0
0
0
0
0
0
0
0
0
0
0
0
0
0
0
0
0
0
0
0
0
0
0
0
0
0
0
0
0
0
0
0
0
0
0
0
0
0
0
0
0
0
0
0
0
0
0
0
0
0
0
0
0
0
0
0
0
0
0
0
0
0
0
0
0
0
0
0
0
0
0
0
0
0
0
0
0
0
0
0
0
0
0
0
0
0
0
0
0
0
0
0
0
0
0
0
0
0
0
0
0
0
0
0
0
0
0
0
0
0
0
0
0
0
0
0
0
0
0
0
0
0
0
0
0
0
0
0
0
0
0
0
0
0
0
0
0
0
0
0
0
0
0
0
0
0
0
0
0
0
0
0
0
0
0
0
0
0
0
0
0
0
0
0
0
0
0
0
0
0
0
0
0
0
0
0
0
0
0
0
0
0
0
0
0
0
0
0
0
0
0
0
0
0
0
0
0
0
0
0
