-91
356
-2640
-737
-3187
-1375
-2100
-108
723
-2543
-160
-2235
-1604
-1610
-103
-601
-190
176
-795
-1776
58
-1949
-13991
-229
1258
-1242
-1900
-1093
-2308
-17409
14
1418
-254
26
-2799
-1174
-3966
-2143
-2488
-183
1177
-3180
-1121
-3562
-2503
-1357
-80
1051
-111
-16
502
-2040
-549
-2405
-14408
-39
-479
-1502
-2932
-1230
-2768
-16236
105
-172
-435
-556
-2403
1239
-2212
-1981
-1624
-285
358
-4270
1487
-1957
-3901
-2664
-79
696
58
337
-805
-691
-2126
-1650
-20319
64
387
-3651
-3829
-2846
-3656
-15145
178
587
-329
-9
-4047
2458
-3337
-3220
-3316
-175
1278
-5047
2032
-3506
-4290
-2951
23
1330
-93
228
-1005
-3614
-4126
-3199
-13048
37
910
-3135
-4558
-4614
-4745
-13148
112
741
-336
251
-3334
-55
-2921
-1454
-2922
-268
799
-3391
-500
-2890
-2094
-1280
-186
986
-197
-747
-100
-4171
-2634
-2792
-13406
-84
-1098
-1151
-2271
-3292
-2583
-18270
-56
-192
-134
1224
-3892
167
-3549
-1638
-2756
-359
549
-5235
-35
-5125
-3755
-2502
-291
210
-89
547
304
-4788
-1583
-2678
-16982
-240
781
-1118
-3028
-4020
-3716
-14016
-150
1547
-200
1146
-4248
3543
-2046
-2680
-3067
-277
1374
-6026
1883
-5006
-5336
-2239
-161
1493
-162
-311
-1401
-4714
-4066
-2917
-17902
-167
-720
-3910
-4315
-6455
-5520
-11075
-69
-441
-347
239
-2818
2917
-1606
-1874
-2260
-252
1025
-3105
2295
-2005
-2965
-2210
-115
941
-104
-754
-1711
-2456
-3756
-2081
-16344
-129
-768
-3120
-2469
-4410
-3306
-16854
118
-616
0
-803
-250
-1679
-2710
-3504
-3068
-83
-500
1222
-1588
-1539
-2586
-3251
156
-94
-358
-321
-1870
-2352
-3072
-3007
-14084
-267
1009
-1914
-1577
-3215
-2828
-20538
-69
732
-128
-16
-1698
-2048
-2406
-3753
-3194
-209
-498
-1415
-2208
-3084
-3276
-2753
-47
-603
-129
-555
-7
-2629
-3577
-3079
-12933
45
-1716
-1736
-2415
-2425
-3324
-16810
178
-1527
-219
-264
-3032
-465
-2493
-2711
-1812
-218
35
-4183
630
-1364
-3476
-3163
-28
386
61
1437
-619
386
-1390
-1843
-20379
38
1579
-2964
-3149
-1696
-2849
-18010
284
1121
-46
-851
-3698
-17
-2971
-2869
-3002
29
-643
-3343
1057
-1621
-2923
-2774
231
-507
-142
-535
-843
-2681
-2180
-2994
-13270
94
-229
-1901
-3304
-2539
-3094
-18060
197
-1720
-74
-379
-2183
516
-1360
-661
-1937
-142
-1147
-3017
981
-1200
-2373
-1713
-126
-983
-182
-1166
-1880
-2873
-1846
-2035
-19970
-97
-2218
-3749
-3023
-3023
-2281
-20216
36
-1409
25
-181
-3288
-1998
-2651
-804
-2616
-151
-258
-3736
-905
-2179
-1790
-2921
-180
-696
-150
1699
-1235
-3724
-691
-2571
-15345
-162
1609
-2366
-2549
-1437
-2618
-16935
-110
1346
-219
-60
-5640
-358
-1919
-2269
-3881
-95
-449
-7115
-210
-4356
-4311
-1339
-40
-1345
-236
-513
-402
-5115
-4031
-3683
-13865
20
-587
-3640
-5364
-5104
-5862
-11794
8
-1074
-369
-847
-2812
292
-699
-1595
-1886
-172
-251
-3984
192
-1676
-3580
-1717
-94
-677
-121
-1037
-189
-1758
-2750
-1683
-19791
70
-1757
-1939
-3373
-3750
-3883
-17143
260
-1154
-117
2343
6997
-6045
-5408
-7343
-6349
-250
5120
8136
-6864
-7527
-8216
-8478
356
5057
-462
52
-6725
-6285
-7072
-6643
-11128
-296
48
-8662
-7749
-8886
-8700
-6145
-35
15
-95
1655
3950
-3685
-1936
-3142
-3201
-151
1632
4384
-3995
-3967
-3794
-3677
-46
1440
-157
-399
-3792
-2949
-3984
-2862
-19769
-155
-2457
-5617
-3178
-4027
-3892
-19524
95
-2740
27
907
-1585
-1847
-2576
-2436
-1985
1
1043
-3718
-1560
-3229
-4241
-1291
93
809
84
1096
-1931
94
-795
-2196
-19103
-208
2034
-4800
-3723
-2036
-3749
-12861
55
1313
94
583
-2742
-4076
-4312
-3173
-3641
18
1663
-3212
-2949
-4056
-3792
-1458
314
1459
-124
-683
464
-2392
-1261
-3588
-14880
57
138
-1532
-4468
-3008
-3873
-16396
-70
-662
245
2614
-6
-4025
-4188
-3367
-3760
-94
2760
996
-2997
-3751
-2674
-1926
60
1215
-111
461
-1800
-3222
-1539
-3757
-19634
-28
-731
-2766
-3017
-2360
-2605
-27651
-92
-858
215
4046
709
-4834
-3391
-5443
-4481
-167
3790
2336
-3162
-4084
-3913
-3092
118
3336
-254
-315
-2207
-4129
-3104
-4796
-25958
-162
-250
-4205
-3270
-3682
-3372
30455
-150
28
68
138
-1755
-1928
-3286
-2967
-2539
-116
130
-1616
-1225
-3439
-3172
-657
129
614
-247
-1202
-535
-2907
-637
-2751
-20390
-121
-642
-2910
-3579
-2828
-3529
-22716
-34
-962
-212
-1265
-1976
-443
-3049
-2128
-1884
-128
-755
-2712
-799
-2920
-3877
-647
-113
-94
-60
-1
-325
-1942
-364
-1869
-17373
-39
-284
-2245
-3878
-2943
-3938
-14827
159
171
-99
-1501
10476
-10159
-10674
-10298
-10734
-188
-2017
12228
-10657
-10692
-11270
-12338
455
-1969
-507
66
-10417
-10337
-10237
-10917
7142
-331
-438
-12294
-11764
-12295
-12035
9226
-7
-399
-174
-856
5372
-4545
-4297
-4115
-3993
-217
-1337
4840
-4855
-6017
-5426
-3703
136
-91
-135
-149
-4676
-4548
-3194
-3579
-25964
-239
-2606
-7482
-4758
-5004
-5519
-24442
124
-2096
-46
-461
-2491
-2688
-4265
-3582
-2931
77
24
-3460
-2212
-3917
-3562
459
142
-523
22
1447
-1203
-2267
1055
-3083
-15391
-304
1938
-3559
-2931
-478
-3082
-18850
-137
1437
23
147
-2936
-4412
-6183
-4965
-4355
6
-308
-4361
-2978
-5822
-5278
-2663
328
-1312
-140
818
831
-2509
-1745
-4457
-12054
-238
1471
-1834
-5012
-2623
-5458
-11908
-123
1700
116
140
4416
-3810
-8187
-6701
-6087
-27
200
2964
-4106
-7951
-7604
-4865
320
-100
-223
3340
-5090
-5623
-5340
-5955
-18957
-209
2288
-8450
-6832
-7322
-6872
-18030
-104
736
-103
437
5993
-9880
-13724
-14349
-14164
-6
791
9908
-7863
-10979
-9339
-10938
449
690
-477
318
-10674
-13744
-11080
-14385
18178
-211
-378
-11324
-9839
-9685
-9991
-7535
143
-312
-40
539
-200
-1617
-5655
-5000
-5063
-64
996
-329
-1606
-5589
-4760
-2441
120
1290
-283
-4160
-3524
-5377
-3437
-4933
-16573
-260
-3503
-5941
-4953
-5031
-4185
-23846
37
-1920
-298
-199
-2276
-344
-3693
-2413
-2335
-331
234
-4183
-1334
-4214
-3856
609
-195
163
-36
-397
-382
-2480
-185
-2276
-18396
-116
-726
-2742
-3176
-3309
-3863
-16626
91
-774
-93
-1418
4944
-4864
-5399
-3984
-4890
-160
-3283
5992
-6059
-5691
-5561
-3807
1
-2472
-376
-500
-5512
-4311
-3957
-4743
-15981
-289
-420
-7385
-5883
-6679
-5542
-14588
86
-387
-135
-623
855
-2804
-4993
-4392
-3962
-120
-1086
334
-3461
-5840
-4768
-1283
50
-728
-148
1436
-4522
-4868
611
-3748
-13221
-195
548
-6769
-3834
-1610
-5185
-14212
179
-109
-58
-567
-3893
-1112
-4729
-4257
-3428
-70
-320
-5581
-1987
-5095
-5008
-938
56
-746
47
1366
-1842
-3616
1254
-3390
-15575
-149
179
-3399
-3670
-1621
-4517
-13552
-59
-662
119
-491
-3144
-1290
-2416
-2890
-3254
-32
-148
-4017
-884
-2208
-3387
-2514
108
-846
135
141
-1117
-1880
-2821
-3292
-15660
-187
-314
-2231
-3019
-4109
-3818
-16581
-149
745
83
-1636
1726
-577
-3962
-2876
-3525
-102
-3030
-718
-1769
-4767
-6512
-2211
17
-773
-9
2520
-4377
-2091
-4890
-3503
32540
-121
1493
-8369
-6747
-7906
-6023
-24167
-117
956
-48
-4472
4305
-6079
-5225
-7233
-7222
-90
-5875
4752
-5682
-6550
-7537
-5808
184
-3290
-315
270
-5641
-5849
-7810
-7246
-18448
-85
186
-7946
-8682
-9084
-6594
-19390
90
15
-217
-1834
-336
-1291
-4008
-4345
-4283
-183
-2356
-1308
-1856
-5755
-5644
-2956
81
-1493
-208
-2862
-4318
-5389
-1011
-4102
-20229
-164
-2705
-6233
-4746
-3797
-5332
-19541
51
-1631
-426
-581
-1784
-752
-1990
-1808
-1874
-230
-367
-3044
-2236
-2983
-3007
-560
-189
59
-60
-225
-1412
-2272
731
-1719
-19279
-117
-306
-3365
109
-1311
-3113
-17208
127
-453
-98
-195
-211
179
-4519
-1208
-2617
-113
177
-160
-1461
-4874
-3554
-1222
-102
104
-269
-424
-3852
-2961
-608
-2570
-19284
-164
-149
-5607
-3724
-3796
-4120
-16938
84
97
-302
568
-3694
608
-6457
-3077
-3995
-254
421
-3577
278
-5869
-3575
-1653
-92
62
-83
666
-4219
-4210
1033
-3708
-18705
45
-65
-5764
-3711
-2133
-4662
-21422
161
-638
-285
-864
-4683
-594
-4096
-3574
-3435
-283
-630
-5999
-1444
-4338
-4754
-2336
-34
-585
1
333
-237
-3699
-405
-3217
-20642
67
284
-1147
-4003
-3342
-4209
-19701
143
-293
-204
-1161
-3967
-456
-872
-2355
-2935
-280
-445
-4823
-1751
-2019
-3469
-2107
29
-917
125
66
-171
-3277
-3197
-2677
-17183
7
-758
-549
-3177
-4969
-3440
-17518
76
33
-138
-1319
-1824
1247
-1003
-1523
-1977
-409
-560
-3545
444
-2650
-3721
-2528
-100
-1199
172
467
-2299
-1928
-2676
-1876
-18541
-42
177
-3864
-3947
-4268
-3137
-13049
29
1069
-206
-2275
-2223
477
-1272
-3403
-3558
-483
-2196
-3624
-409
-4919
-6036
-4187
-40
-2554
-114
499
-2731
-3666
-5103
-3453
-19142
30
-220
-5588
-6772
-5815
-4506
-10490
148
-438
-269
-893
-1845
-95
-308
-2812
-2934
-336
-194
-2053
-1307
-4132
-4232
-3356
-33
-290
-37
-1607
-2193
-4158
-3107
-2567
-20179
79
-2100
-4406
-3091
-3538
-3143
-17079
223
-2189
-376
-781
-1642
190
-1098
-1856
-2138
-284
198
-2004
-363
-2489
-2897
-2850
-213
-108
-87
-244
-2514
-2193
-1581
-1826
-16514
-17
-53
-4033
-278
-2337
-2668
-14922
155
-595
-272
-349
-124
1589
-3823
-1692
-2212
-301
-533
-56
1165
-3988
-3194
-3212
-140
-577
-104
-177
-4526
-2122
-524
-2184
-18141
-179
897
-5907
-2464
-2236
-2747
-17140
168
709
-411
664
-1054
1914
-4803
-2122
-3249
-348
318
-866
1040
-4997
-3628
-3527
-147
126
-68
142
-6496
-3026
-517
-3096
-16158
186
-348
-7790
-3790
-3002
-4313
-14522
290
1
-468
143
-2187
-1721
-3762
-2947
-3085
-277
-178
-2353
-2196
-3732
-3568
-2730
-80
-171
-35
-317
-3530
-3450
1675
-2909
-15780
191
0
-4319
-3523
-95
-3523
-16485
262
-559
-321
-161
-1336
-972
-1066
-493
-1313
-221
-678
-2445
-1903
-1733
-2186
-755
-103
-654
51
-47
-813
-2135
-137
-1048
-20979
108
-253
-2337
-2490
-2077
-1801
-19760
126
-425
-369
-688
-2023
418
-1081
-742
-1663
-266
-935
-3255
902
-2858
-2423
-3566
-118
-1322
28
816
-1919
-1988
-1602
-1469
-16955
2
844
-3856
-2964
-2028
-2344
-12791
267
1051
-391
-931
-2596
217
-1833
-1998
-2629
-435
-1049
-3655
989
-4049
-3742
-5611
-194
-1937
-72
721
-3090
-2370
-2642
-2448
-17601
-20
-208
-4855
-4841
-2690
-3831
-12199
301
203
-460
-1026
-2862
869
-503
-1560
-2604
-532
-1075
-3648
1555
-3610
-3198
-4902
-266
-1358
55
-819
-2450
-3269
-4644
-2450
-16193
160
-1243
-4003
-4205
-4308
-3947
-13561
344
-1318
-436
-634
-1116
1224
-720
-722
-1975
-470
-717
-1177
1119
-2332
-2297
-3472
-312
-1175
43
-480
-2824
-2382
-3613
-1745
-15052
20
-670
-3792
-1522
-3648
-2749
-14306
274
-1239
-486
28
1553
-1208
-2204
-909
-1661
-543
-435
1304
-2050
-3453
-3097
-3117
-254
-368
45
285
-3771
-1780
-604
-1643
-21287
-32
898
-4911
-2324
-2243
-2952
-17127
296
617
-613
-648
3403
-2506
-3300
-1772
-2969
-602
-873
3462
-3806
-5160
-4099
-4706
-310
-572
-6
267
-5801
-3067
-2074
-2876
-18998
192
246
-7504
-4157
-3976
-4641
-13230
455
342
-685
-140
3069
-3395
-3027
-1879
-2610
-642
-912
3659
-4274
-3476
-3294
-4047
-328
-330
85
-1378
-5143
-3127
-346
-2533
-20707
208
-1634
-6282
-3271
-2215
-3385
-19474
457
-1796
-577
47
2256
-2717
-1704
-310
-1434
-511
-430
2238
-3778
-1494
-2277
-3065
-304
259
56
-1151
-3318
-2150
-563
-1369
-21707
112
-210
-4341
-2921
-2395
-2641
-18452
287
-1166
-393
292
506
-1417
-1193
256
-1213
-307
-250
927
-1860
-550
-1095
-2238
-222
91
12
-737
-2279
-1632
-1620
-1190
-16161
-30
-129
-3399
-1937
-2505
-2081
-15963
231
-814
-262
531
-652
-1121
-1605
-646
-1479
-326
-151
-198
-1112
-1105
-1620
-2379
-236
-120
-39
-460
-2242
-1504
-935
-1397
-15002
-83
-406
-3274
-2641
-1727
-2456
-15616
176
-152
-266
416
-1277
-530
-902
-137
-1011
-369
-161
-1494
-351
-2487
-2104
-2476
-190
-175
-24
321
-783
-1606
-2103
-980
-19769
-61
723
-1914
-2893
-2859
-3009
-17708
160
871
-279
-223
-1102
-749
-138
-838
-1718
-375
-164
-702
-1156
-1920
-2283
-2207
-258
-192
-59
-450
-1040
-2268
-3084
-1582
-14610
-120
39
-2023
-2370
-3379
-2565
-13805
151
-16
0
0
0
0
0
0
0
0
0
0
0
-2339
-1743
-2721
-1148
-1594
0
0
0
0
0
0
0
0
0
0
0
337
-1483
66
-1797
-12906
0
0
0
0
0
0
0
0
0
0
0
-2182
-1350
-2462
-1524
-1345
0
0
0
0
0
0
0
0
0
0
0
1092
-811
-222
-1257
-16515
0
0
0
0
0
0
0
0
0
0
0
-1541
-349
-1881
-1670
-981
0
0
0
0
0
0
0
0
0
0
0
-191
476
-611
-1036
-19527
0
0
0
0
0
0
0
0
0
0
0
-2041
763
-2131
-1901
-1710
0
0
0
0
0
0
0
0
0
0
0
-309
-2164
-1878
-1792
-15790
0
0
0
0
0
0
0
0
0
0
0
-2210
-1263
-1787
145
-1803
0
0
0
0
0
0
0
0
0
0
0
-115
-2397
-2017
-1689
-15625
0
0
0
0
0
0
0
0
0
0
0
-1340
-990
-1296
502
-1229
0
0
0
0
0
0
0
0
0
0
0
90
-2444
-1236
-1241
-20752
0
0
0
0
0
0
0
0
0
0
0
-1494
1604
-154
-1135
-1483
0
0
0
0
0
0
0
0
0
0
0
-594
-2862
-2476
-1302
-19208
0
0
0
0
0
0
0
0
0
0
0
-1933
915
-996
-1092
-1398
0
0
0
0
0
0
0
0
0
0
0
-336
-1354
-2184
-1265
-15804
0
0
0
0
0
0
0
0
0
0
0
-1688
-884
-2216
-2325
-2069
0
0
0
0
0
0
0
0
0
0
0
300
-1043
-2494
-2125
-16207
0
0
0
0
0
0
0
0
0
0
0
-1646
-667
-729
-2120
-1396
0
0
0
0
0
0
0
0
0
0
0
1244
-890
-2790
-1286
-19185
0
0
0
0
0
0
0
0
0
0
0
-1797
-999
-1876
-1158
-872
0
0
0
0
0
0
0
0
0
0
0
-253
921
-706
-1036
-22934
0
0
0
0
0
0
0
0
0
0
0
-2436
-1345
-3725
-1117
-2459
0
0
0
0
0
0
0
0
0
0
0
-708
-3336
-1017
-2451
-12734
0
0
0
0
0
0
0
0
0
0
0
-1865
-1268
-1660
2082
-1434
0
0
0
0
0
0
0
0
0
0
0
-1895
-1936
-2015
-1236
-20506
0
0
0
0
0
0
0
0
0
0
0
-1697
-2384
-599
342
-1774
0
0
0
0
0
0
0
0
0
0
0
-1719
-2053
-1791
-1856
-18689
0
0
0
0
0
0
0
0
0
0
0
-3881
-1585
-729
-1578
-3363
0
0
0
0
0
0
0
0
0
0
0
-862
-4657
-4099
-3410
-11864
0
0
0
0
0
0
0
0
0
0
0
-2158
-904
-828
-866
-1514
0
0
0
0
0
0
0
0
0
0
0
593
-1558
-2280
-1431
-17994
0
0
0
0
0
0
0
0
0
0
0
-2594
-1853
-2524
-4494
-3561
0
0
0
0
0
0
0
0
0
0
0
71
-3934
-2857
-3338
-18742
0
0
0
0
0
0
0
0
0
0
0
-1489
-1488
-1486
-1165
-2239
0
0
0
0
0
0
0
0
0
0
0
-577
-1538
-3094
-2076
-20183
0
0
0
0
0
0
0
0
0
0
0
-1238
-1576
-2118
-253
-1696
0
0
0
0
0
0
0
0
0
0
0
-1384
-373
-1304
-1614
-19458
0
0
0
0
0
0
0
0
0
0
0
-1886
-3282
-4725
-1508
-2972
0
0
0
0
0
0
0
0
0
0
0
265
-2440
-2020
-2705
-15716
0
0
0
0
0
0
0
0
0
0
0
-713
-3120
-4599
-1825
-3392
0
0
0
0
0
0
0
0
0
0
0
-2180
-1489
-2448
-3124
-18321
0
0
0
0
0
0
0
0
0
0
0
1132
-2720
-3355
-2752
-3339
0
0
0
0
0
0
0
0
0
0
0
-1720
-2354
-3379
-3154
-27862
0
0
0
0
0
0
0
0
0
0
0
-942
-1554
-3476
-1467
-2287
0
0
0
0
0
0
0
0
0
0
0
-331
-1934
-1136
-2216
-19117
0
0
0
0
0
0
0
0
0
0
0
-1980
-977
-3321
-495
-1796
0
0
0
0
0
0
0
0
0
0
0
705
-1937
-317
-1567
-15302
0
0
0
0
0
0
0
0
0
0
0
-3990
-2268
-3905
-4623
-4063
0
0
0
0
0
0
0
0
0
0
0
975
-6874
-2826
-3730
-17484
0
0
0
0
0
0
0
0
0
0
0
-2511
-2559
-3348
-1797
-3068
0
0
0
0
0
0
0
0
0
0
0
-303
-2648
-2014
-2691
-25500
0
0
0
0
0
0
0
0
0
0
0
-1581
-2353
-3235
-2941
-2693
0
0
0
0
0
0
0
0
0
0
0
-646
-1523
-709
-2516
-14786
0
0
0
0
0
0
0
0
0
0
0
-2637
-3546
-5227
-3396
-3319
0
0
0
0
0
0
0
0
0
0
0
1167
-718
-3983
-3251
-13793
0
0
0
0
0
0
0
0
0
0
0
-2736
-2150
-5963
-5173
-4744
0
0
0
0
0
0
0
0
0
0
0
-270
-2770
-4071
-4395
-19941
0
0
0
0
0
0
0
0
0
0
0
-2872
-2392
-6648
-8854
-6433
0
0
0
0
0
0
0
0
0
0
0
-58
-8755
-3767
-6061
-13344
0
0
0
0
0
0
0
0
0
0
0
-2566
-981
-4510
-3199
-3653
0
0
0
0
0
0
0
0
0
0
0
-226
-3517
-2232
-3472
-19764
0
0
0
0
0
0
0
0
0
0
0
-1694
-900
-3020
-1699
-1822
0
0
0
0
0
0
0
0
0
0
0
588
-1427
-710
-1656
-17516
0
0
0
0
0
0
0
0
0
0
0
-1343
-2007
-3353
-1039
-2518
0
0
0
0
0
0
0
0
0
0
0
139
-4521
-2096
-2361
-22275
0
0
0
0
0
0
0
0
0
0
0
-1424
-913
-2449
-2452
-1812
0
0
0
0
0
0
0
0
0
0
0
-405
-2924
1296
-1497
-20171
0
0
0
0
0
0
0
0
0
0
0
-1677
-1632
-3033
-5028
-2738
0
0
0
0
0
0
0
0
0
0
0
-1411
-2244
782
-2627
-13650
0
0
0
0
0
0
0
0
0
0
0
-1924
-1956
-1813
-3720
-2908
0
0
0
0
0
0
0
0
0
0
0
-1170
-865
-3565
-2757
-13677
0
0
0
0
0
0
0
0
0
0
0
-2427
-1229
-3829
-3262
-3790
0
0
0
0
0
0
0
0
0
0
0
-830
-2205
-4328
-3449
-25284
0
0
0
0
0
0
0
0
0
0
0
-1430
-3035
-3696
-5867
-4773
0
0
0
0
0
0
0
0
0
0
0
1075
-5930
-4853
-4329
-23328
0
0
0
0
0
0
0
0
0
0
0
-2599
-1172
-2404
-3004
-2834
0
0
0
0
0
0
0
0
0
0
0
12
-4307
191
-2480
-22480
0
0
0
0
0
0
0
0
0
0
0
-1857
-1412
-674
-2567
-1861
0
0
0
0
0
0
0
0
0
0
0
-575
-1327
-231
-1618
-16943
0
0
0
0
0
0
0
0
0
0
0
-1615
-269
-3518
-217
-2069
0
0
0
0
0
0
0
0
0
0
0
-1695
-3199
-382
-2076
-18057
0
0
0
0
0
0
0
0
0
0
0
-1822
317
-3634
-1846
-2220
0
0
0
0
0
0
0
0
0
0
0
-2491
-3119
911
-2253
-22111
0
0
0
0
0
0
0
0
0
0
0
-1634
-1039
-2173
-3463
-2343
0
0
0
0
0
0
0
0
0
0
0
-844
-2558
-480
-2337
-20403
0
0
0
0
0
0
0
0
0
0
0
-842
-921
290
-1692
-1837
0
0
0
0
0
0
0
0
0
0
0
-1371
-2566
-2521
-1657
-18942
0
0
0
0
0
0
0
0
0
0
0
-909
65
-470
-1607
-1605
0
0
0
0
0
0
0
0
0
0
0
-1571
-1925
-1956
-1617
-15938
0
0
0
0
0
0
0
0
0
0
0
-1766
-298
-478
-3310
-2539
0
0
0
0
0
0
0
0
0
0
0
-992
-3316
-3075
-2573
-18129
0
0
0
0
0
0
0
0
0
0
0
-2653
-833
952
-3061
-2392
0
0
0
0
0
0
0
0
0
0
0
-159
-3985
-1677
-2393
-18178
0
0
0
0
0
0
0
0
0
0
0
-2453
-993
-132
-2316
-2058
0
0
0
0
0
0
0
0
0
0
0
-816
-1723
-1368
-1997
-13735
0
0
0
0
0
0
0
0
0
0
0
-1983
786
-2765
-1264
-1778
0
0
0
0
0
0
0
0
0
0
0
-1932
-1373
-333
-1823
-16227
0
0
0
0
0
0
0
0
0
0
0
-2587
1019
-3053
-1583
-2633
0
0
0
0
0
0
0
0
0
0
0
-3968
-3167
-52
-2595
-13618
0
0
0
0
0
0
0
0
0
0
0
-2550
-1474
-1797
-2056
-2386
0
0
0
0
0
0
0
0
0
0
0
-2153
-3234
873
-2212
-15882
0
0
0
0
0
0
0
0
0
0
0
-1614
-1774
-727
522
-1525
0
0
0
0
0
0
0
0
0
0
0
-716
-3073
-641
-1335
-17330
0
0
0
0
0
0
0
0
0
0
0
-1157
-861
-604
-641
-1504
0
0
0
0
0
0
0
0
0
0
0
-1417
-2445
-993
-1433
-14203
0
0
0
0
0
0
0
0
0
0
0
-1263
-728
-626
-1996
-1676
0
0
0
0
0
0
0
0
0
0
0
-1785
-1865
-1425
-1733
-18007
0
0
0
0
0
0
0
0
0
0
0
-1877
-556
347
-1877
-2093
0
0
0
0
0
0
0
0
0
0
0
-1518
-2923
-2668
-2048
-15416
0
0
0
0
0
0
0
0
0
0
0
-1069
148
-57
-971
-1507
0
0
0
0
0
0
0
0
0
0
0
-634
-2072
-2864
-1329
-14652
0
0
0
0
0
0
0
0
0
0
0
-1665
-936
-1648
-1505
-1895
0
0
0
0
0
0
0
0
0
0
0
-1697
-682
-1014
-1787
-16352
0
0
0
0
0
0
0
0
0
0
0
-2390
-1166
-1774
-2720
-2559
0
0
0
0
0
0
0
0
0
0
0
-2448
-2138
-947
-2444
-15763
0
0
0
0
0
0
0
0
0
0
0
-2299
-2128
-1850
-2000
-2436
0
0
0
0
0
0
0
0
0
0
0
-2321
-2166
106
-2217
-18728
0
0
0
0
0
0
0
0
0
0
0
-1875
-2192
-1617
-280
-1927
0
0
0
0
0
0
0
0
0
0
0
-1744
-2214
-72
-1691
-17503
0
0
0
0
0
0
0
0
0
0
0
-1267
-1603
-1383
-420
-1681
0
0
0
0
0
0
0
0
0
0
0
-1157
-2175
-252
-1468
-13241
0
0
0
0
0
0
0
0
0
0
0
-1017
-1044
-1348
-671
-1216
0
0
0
0
0
0
0
0
0
0
0
-566
-1874
316
-1017
-15829
0
0
0
0
0
0
0
0
0
0
0
-1444
-1196
-937
43
-1401
0
0
0
0
0
0
0
0
0
0
0
-264
-1734
-1761
-1230
-16836
0
0
0
0
0
0
0
0
0
0
0
-1617
-908
-88
-1363
-1418
0
0
0
0
0
0
0
0
0
0
0
925
-1692
-2554
-1256
-13752
0
0
0
0
0
0
0
0
0
0
0
0
0
0
0
0
0
0
0
0
0
0
0
0
0
0
0
0
0
0
0
0
0
0
0
0
0
0
0
0
0
0
0
0
0
0
0
0
0
0
0
0
0
0
0
0
0
0
0
0
0
0
0
0
0
0
0
0
0
0
0
0
0
0
0
0
0
0
0
0
0
0
0
0
0
0
0
0
0
0
0
0
0
0
0
0
0
0
0
0
0
0
0
0
0
0
0
0
0
0
0
0
0
0
0
0
0
0
0
0
0
0
0
0
0
0
0
0
0
0
0
0
0
0
0
0
0
0
0
0
0
0
0
0
0
0
0
0
0
0
0
0
0
0
0
0
0
0
0
0
0
0
0
0
0
0
0
0
0
0
0
0
0
0
0
0
0
0
0
0
0
0
0
0
0
0
0
0
0
0
0
0
0
0
0
0
0
0
0
0
0
0
0
0
0
0
0
0
0
0
0
0
0
0
0
0
0
0
0
0
0
0
0
0
0
0
0
0
0
0
0
0
0
0
0
0
0
0
0
0
0
0
0
0
0
0
0
0
0
0
0
0
0
0
0
0
0
0
0
0
0
0
0
0
0
0
0
0
0
0
0
0
0
0
0
0
0
0
0
0
0
0
0
0
0
0
0
0
0
0
0
0
0
0
0
0
0
0
0
0
0
0
0
0
0
0
0
0
0
0
0
0
0
0
0
0
0
0
0
0
0
0
0
0
0
0
0
0
0
0
0
0
0
0
0
0
0
0
0
0
0
0
0
0
0
0
0
0
0
0
0
0
0
0
0
0
0
0
0
0
0
0
0
0
0
0
0
0
0
0
0
0
0
0
0
0
0
0
0
0
0
0
0
0
0
0
0
0
0
0
0
0
0
0
0
0
0
0
0
0
0
0
0
0
0
0
0
0
0
0
0
0
0
0
0
0
0
0
0
0
0
0
0
0
0
0
0
0
0
0
0
0
0
0
0
0
0
0
0
0
0
0
0
0
0
0
0
0
0
0
0
0
0
0
0
0
0
0
0
0
0
0
0
0
0
0
0
0
0
0
0
0
0
0
0
0
0
0
0
0
0
0
0
0
0
0
0
0
0
0
0
0
0
0
0
0
0
0
0
0
0
0
0
0
0
0
0
0
0
0
0
0
0
0
0
0
0
0
0
0
0
0
0
0
0
0
0
0
0
0
0
0
0
0
0
0
0
0
0
0
0
0
0
0
0
0
0
0
0
0
0
0
0
0
0
0
0
0
0
0
0
0
0
0
0
0
0
0
0
0
0
0
0
0
0
0
0
0
0
0
0
0
0
0
0
0
0
0
0
0
0
0
0
0
0
0
0
0
0
0
0
0
0
0
0
0
0
0
0
0
0
0
0
0
0
0
0
0
0
0
0
0
0
0
0
0
0
0
0
0
0
0
0
0
0
0
0
0
0
0
0
0
0
0
0
0
0
0
0
0
0
0
0
0
0
0
0
0
0
0
0
0
0
0
0
0
0
0
0
0
0
0
0
0
0
0
0
0
0
0
0
0
0
0
0
0
0
0
0
0
0
0
0
0
0
0
0
0
0
0
0
0
0
0
0
0
0
0
0
0
0
0
0
0
0
0
0
0
0
0
0
0
0
0
0
0
0
0
0
0
0
0
0
0
0
0
0
0
0
0
0
0
0
0
0
0
0
0
0
0
0
0
0
0
0
0
0
0
0
0
0
0
0
0
0
0
0
0
0
0
0
0
0
0
0
0
0
0
0
0
0
0
0
0
0
0
0
0
0
0
0
0
0
0
0
0
0
0
0
0
0
0
0
0
0
0
0
0
0
0
0
0
0
0
0
0
0
0
0
0
0
0
0
0
0
0
0
0
0
0
0
0
0
0
0
0
0
0
0
0
0
0
0
0
0
0
0
0
0
0
0
0
0
0
0
0
0
0
0
0
0
0
0
0
0
0
0
0
0
0
0
0
0
0
0
0
0
0
0
0
0
0
0
0
0
0
0
0
0
0
0
0
0
0
0
0
0
0
0
0
0
0
0
0
0
0
0
0
0
0
0
0
0
0
0
0
0
0
0
0
0
0
0
0
0
0
0
0
0
0
0
0
0
0
0
0
0
0
0
0
0
0
0
0
0
0
0
0
0
0
0
0
0
0
0
0
0
0
0
0
0
0
0
0
0
0
0
0
0
0
0
0
0
0
0
0
0
0
0
0
0
0
0
0
0
0
0
0
0
0
0
0
0
0
0
0
0
0
0
0
0
0
0
0
0
0
0
0
0
0
0
0
0
0
0
0
0
0
0
0
0
0
0
0
0
0
0
0
0
0
0
0
0
0
0
0
0
0
0
0
0
0
0
0
0
0
0
0
0
0
0
0
0
0
0
0
0
0
0
0
0
0
0
0
0
0
0
0
0
0
0
0
0
0
0
0
0
0
0
0
0
0
0
0
0
0
0
0
0
0
0
0
0
0
0
0
0
0
0
0
0
0
0
0
0
0
0
0
0
0
0
0
0
0
0
0
0
0
0
0
0
0
0
0
0
0
0
0
0
0
0
0
0
0
0
0
0
0
0
0
0
0
0
0
0
0
0
0
0
0
0
0
0
0
0
0
0
0
0
0
0
0
0
0
0
0
0
0
0
0
0
0
0
0
0
0
0
0
0
0
0
0
0
0
0
0
0
0
0
0
0
0
0
0
0
0
0
0
0
0
0
0
0
0
0
0
0
0
0
0
0
0
0
0
0
0
0
0
0
0
0
0
0
0
0
0
0
0
0
0
0
0
0
0
0
0
0
0
0
0
0
0
0
0
0
0
0
0
0
0
0
0
0
0
0
0
0
0
0
0
0
0
0
0
0
0
0
0
0
0
0
0
0
0
0
0
0
0
0
0
0
0
0
0
0
0
0
0
0
0
0
0
0
0
0
0
0
0
0
0
0
0
0
0
0
0
0
0
0
0
0
0
0
0
0
0
0
0
0
0
0
0
0
0
0
0
0
0
0
0
0
0
0
0
0
0
0
0
0
0
0
0
0
0
0
0
0
0
0
0
0
0
0
0
0
0
0
0
0
0
0
0
0
0
0
0
0
0
0
0
0
0
0
0
0
0
0
0
0
0
0
0
0
0
0
0
0
0
0
0
0
0
0
0
0
0
0
0
0
0
0
0
0
0
0
0
0
0
0
0
0
0
0
0
0
0
0
0
0
0
0
0
0
0
0
0
0
0
0
0
0
0
0
0
0
0
0
0
0
0
0
0
0
0
0
0
0
0
0
0
0
0
0
0
0
0
0
0
0
0
0
0
0
0
0
0
0
0
0
0
0
0
0
0
0
0
0
0
0
0
0
0
0
0
0
0
0
0
0
0
0
0
0
0
0
0
0
0
0
0
0
0
0
0
0
0
0
0
0
0
0
0
0
0
0
0
0
0
0
0
0
0
0
0
0
0
0
0
0
0
0
0
0
0
0
0
0
0
0
0
0
0
0
0
0
0
0
0
0
0
0
0
0
0
0
0
0
0
0
0
0
0
0
0
0
0
0
0
0
0
0
0
0
0
0
0
0
0
0
0
0
0
0
0
0
0
0
0
0
0
0
0
0
0
0
0
0
0
0
0
0
0
0
0
0
0
0
0
0
0
0
0
0
0
0
0
0
0
0
0
0
0
0
0
0
0
0
0
0
0
0
0
0
0
0
0
0
0
0
0
0
0
0
0
0
0
0
0
0
0
0
0
0
0
0
0
0
0
0
0
0
0
0
0
0
0
0
0
0
0
0
0
0
0
0
0
0
0
0
0
0
0
0
0
0
0
0
0
0
0
0
0
0
0
0
0
0
0
0
0
0
0
0
0
0
0
0
0
0
0
0
0
0
0
0
0
0
0
0
0
0
0
0
0
0
0
0
0
0
0
0
0
0
0
0
0
0
0
0
0
0
0
0
0
0
0
0
0
0
0
0
0
0
0
0
0
0
0
0
0
0
0
0
0
0
0
0
0
0
0
0
0
0
0
0
0
0
0
0
0
0
0
0
0
0
0
0
0
0
0
0
0
0
0
0
0
0
0
0
0
0
0
0
0
0
0
0
0
0
0
0
0
0
0
0
0
0
0
0
0
0
0
0
0
0
0
0
0
0
0
0
0
0
0
0
0
0
0
0
0
0
0
0
0
0
0
0
0
0
0
0
0
0
0
0
0
0
0
0
0
0
0
0
0
0
0
0
0
0
0
0
0
0
0
0
0
0
0
0
0
0
0
0
0
0
0
0
0
0
0
0
0
0
0
0
0
0
0
0
0
0
0
0
0
0
0
0
0
0
0
0
0
0
0
0
0
0
0
0
0
0
0
0
0
0
0
0
0
0
0
0
0
0
0
0
0
0
0
0
0
0
0
0
0
0
0
0
0
0
0
0
0
0
0
0
0
0
0
0
0
0
0
0
0
0
0
0
0
0
0
0
0
0
0
0
0
0
0
0
0
0
0
0
0
0
0
0
0
0
0
0
0
0
0
0
0
0
0
0
0
0
0
0
0
0
0
0
0
0
0
0
0
0
0
0
0
0
0
0
0
0
0
0
0
0
0
0
0
0
0
0
0
0
0
0
0
0
0
0
0
0
0
0
0
0
0
0
0
0
0
0
0
0
0
0
0
0
0
0
0
0
0
0
0
0
0
0
0
0
0
0
0
0
0
0
0
0
0
0
0
0
0
0
0
0
0
0
0
0
0
0
0
0
0
0
0
0
0
0
0
0
0
0
0
0
0
0
0
0
0
0
0
0
0
0
0
0
0
0
0
0
0
0
0
0
0
0
0
0
0
0
0
0
0
0
0
0
0
0
0
0
0
0
0
0
0
0
0
0
0
0
0
0
0
0
0
0
0
0
0
0
0
0
0
0
0
0
0
0
0
0
0
0
0
0
0
0
0
0
0
0
0
0
0
0
0
0
0
0
0
0
0
0
0
0
0
0
0
0
0
0
0
0
0
0
0
0
0
0
0
0
0
0
0
0
0
0
0
0
0
0
0
0
0
0
0
0
0
0
0
0
0
0
0
0
0
0
0
0
0
0
0
0
0
0
0
0
0
0
0
0
0
0
0
0
0
0
0
0
0
0
0
0
0
0
0
0
0
0
0
0
0
0
0
0
0
0
0
0
0
0
0
0
0
0
0
0
0
0
0
0
0
0
0
0
0
0
0
0
0
0
0
0
0
0
0
0
0
0
0
0
0
0
0
0
0
0
0
0
0
0
0
0
0
0
0
0
0
0
0
0
0
0
0
0
0
0
0
0
0
0
0
0
0
0
0
0
0
0
0
0
0
0
0
0
0
0
0
0
0
0
0
0
0
0
0
0
0
0
0
0
0
0
0
0
0
0
0
0
0
0
0
0
0
0
0
0
0
0
0
0
0
0
0
0
0
0
0
0
0
0
0
0
0
0
0
0
0
0
0
0
0
0
0
0
0
0
0
0
0
0
0
0
0
0
0
0
0
0
0
0
0
0
0
0
0
0
0
0
0
0
0
0
0
0
0
0
0
0
0
0
0
0
0
0
0
0
0
0
0
0
0
0
0
0
0
0
0
0
0
0
0
0
0
0
0
0
0
0
0
0
0
0
0
0
0
0
0
0
0
0
0
0
0
0
0
0
0
0
0
0
0
0
0
0
0
0
0
0
0
0
0
0
0
0
0
0
0
0
0
0
0
0
0
0
0
0
0
0
0
0
0
0
0
0
0
0
0
0
0
0
0
0
0
0
0
0
0
0
0
0
0
0
0
0
0
0
0
0
0
0
0
0
0
0
0
0
0
0
0
0
0
0
0
0
0
0
0
0
0
0
0
0
0
0
0
0
0
0
0
0
0
0
0
0
0
0
0
0
0
0
0
0
0
0
0
0
0
0
0
0
0
0
0
0
0
0
0
0
0
0
0
0
0
0
0
0
0
0
0
0
0
0
0
0
0
0
0
0
0
0
0
0
0
0
0
0
0
0
0
0
0
0
0
0
0
0
0
0
0
0
0
0
0
0
0
0
0
0
0
0
0
0
0
0
0
0
0
0
0
0
0
0
0
0
0
0
0
0
0
0
0
0
0
0
0
0
0
0
0
0
0
0
0
0
0
0
0
0
0
0
0
0
0
0
0
0
0
0
0
0
0
0
0
0
0
0
0
0
0
0
0
0
0
0
0
0
0
0
0
0
0
0
0
0
0
0
0
0
0
0
0
0
0
0
0
0
0
0
0
0
0
0
0
0
0
0
0
0
0
0
0
0
0
0
0
0
0
0
0
0
0
0
0
0
0
0
0
0
0
0
0
0
0
0
0
0
0
0
0
0
0
0
0
0
0
0
0
0
0
0
0
0
0
0
0
0
0
0
0
0
0
0
0
0
0
0
0
0
0
0
0
0
0
0
0
0
0
0
0
0
0
0
0
0
0
0
0
0
0
0
0
0
0
0
0
0
0
0
0
0
0
0
0
0
0
0
0
0
0
0
0
0
0
0
0
0
0
0
0
0
0
0
0
0
0
0
0
0
0
0
0
0
0
0
0
0
0
0
0
0
0
0
0
0
0
0
0
0
0
0
0
0
0
0
0
0
0
0
0
0
0
0
0
0
0
0
0
0
0
0
0
0
0
0
0
0
0
0
0
0
0
0
0
0
0
0
0
0
0
0
0
0
0
0
0
0
0
0
0
0
0
0
0
0
0
0
0
0
0
0
0
0
0
0
0
0
0
0
0
0
0
0
0
0
0
0
0
0
0
0
0
0
0
0
0
0
0
0
0
0
0
0
0
0
0
0
0
0
0
0
0
0
0
0
0
0
0
0
0
0
0
0
0
0
0
0
0
0
0
0
0
0
0
0
0
0
0
0
0
0
0
0
0
0
0
0
0
0
0
0
0
0
0
0
0
0
0
0
0
0
0
0
0
0
0
0
0
0
0
0
0
0
0
0
0
0
0
0
0
0
0
0
0
0
0
0
0
0
0
0
0
0
0
0
0
0
0
0
0
0
0
0
0
0
0
0
0
0
0
0
0
0
0
0
0
0
0
0
0
0
0
0
0
0
0
0
0
0
0
0
0
0
0
0
0
0
0
0
0
0
0
0
0
0
0
0
0
0
0
0
0
0
0
0
0
0
0
0
0
0
0
0
0
0
0
0
0
0
0
0
0
0
0
0
0
0
0
0
0
0
0
0
0
0
0
0
0
0
0
0
0
0
0
0
0
0
0
0
0
0
0
0
0
0
0
0
0
0
0
0
0
0
0
0
0
0
0
0
0
0
0
0
0
0
0
0
0
0
0
0
0
0
0
0
0
0
0
0
0
0
0
0
0
0
0
0
0
0
0
0
0
0
0
0
0
0
0
0
0
0
0
0
0
0
0
0
0
0
0
0
0
0
0
0
0
0
0
0
0
0
0
0
0
0
0
0
0
0
0
0
0
0
0
0
0
0
0
0
0
0
0
0
0
0
0
0
0
0
0
0
0
0
0
0
0
0
0
0
0
0
0
0
0
0
0
0
0
0
0
0
0
0
0
0
0
0
0
0
0
0
0
0
0
0
0
0
0
0
0
0
0
0
0
0
0
0
0
0
0
0
0
0
0
0
0
0
0
0
0
0
0
0
0
0
0
0
0
0
0
0
0
0
0
0
0
0
0
0
0
0
0
0
0
0
0
0
0
0
0
0
0
0
0
0
0
0
0
0
0
0
0
0
0
0
0
0
0
0
0
0
0
0
0
0
0
0
0
0
0
0
0
0
0
0
0
0
0
0
0
0
0
0
0
0
0
0
0
0
0
0
0
0
0
0
0
0
0
0
0
0
0
0
0
0
0
0
0
0
0
0
0
0
0
0
0
0
0
0
0
0
0
0
0
0
0
0
0
0
0
0
0
0
0
0
0
0
0
0
0
0
0
0
0
0
0
0
0
0
0
0
0
0
0
0
0
0
0
0
0
0
0
0
0
0
0
0
0
0
0
0
0
0
0
0
0
0
0
0
0
0
0
0
0
0
0
0
0
0
0
0
0
0
0
0
0
0
0
0
0
0
0
0
0
0
0
0
0
0
0
0
0
0
0
0
0
0
0
0
0
0
0
0
0
0
0
0
0
0
0
0
0
0
0
0
0
0
0
0
0
0
0
0
0
0
0
0
0
0
0
0
0
0
0
0
0
0
0
0
0
0
0
0
0
0
0
0
0
0
0
0
0
0
0
0
0
0
0
0
0
0
0
0
0
0
0
0
0
0
0
0
0
0
0
0
0
0
0
0
0
0
0
0
0
0
0
0
0
0
0
0
0
0
0
0
0
0
0
0
0
0
0
0
0
0
0
0
0
0
0
0
0
0
0
0
0
0
0
0
0
0
0
0
0
0
0
0
0
0
0
0
0
0
0
0
0
0
0
0
0
0
0
0
0
0
0
0
0
0
0
0
0
0
0
0
0
0
0
0
0
0
0
0
0
0
0
0
0
0
0
0
0
0
0
0
0
0
0
0
0
0
0
0
0
0
0
0
0
0
0
0
0
0
0
0
0
0
0
0
0
0
0
0
0
0
0
0
0
0
0
0
0
0
0
0
0
0
0
0
0
0
0
0
0
0
0
0
0
0
0
0
0
0
0
0
0
0
0
0
0
0
0
0
0
0
0
0
0
0
0
0
0
0
0
0
0
0
0
0
0
0
0
0
0
0
0
0
0
0
0
0
0
0
0
0
0
0
0
0
0
0
0
0
0
0
0
0
0
0
0
0
0
0
0
0
0
0
0
0
0
0
0
0
0
0
0
0
0
0
0
0
0
0
0
0
0
0
0
0
0
0
0
0
0
0
0
0
0
0
0
0
0
0
0
0
0
0
0
0
0
0
0
0
0
0
0
0
0
0
0
0
0
0
0
0
0
0
0
0
0
0
0
0
0
0
0
0
0
0
0
0
0
0
0
0
0
0
0
0
0
0
0
0
0
0
0
0
0
0
0
0
0
0
0
0
0
0
0
0
0
0
0
0
0
0
0
0
0
0
0
0
0
0
0
0
0
0
0
0
0
0
0
0
0
0
0
0
0
0
0
0
0
0
0
0
0
0
0
0
0
0
0
0
0
0
0
0
0
0
0
0
0
0
0
0
0
0
0
0
0
0
0
0
0
0
0
0
0
0
0
0
0
0
0
0
0
0
0
0
0
0
0
0
0
0
0
0
0
0
0
0
0
0
0
0
0
0
0
0
0
0
0
0
0
0
0
0
0
0
0
0
0
0
0
0
0
0
0
0
0
0
0
0
0
0
0
0
0
0
0
0
0
0
0
0
0
0
0
0
0
0
0
0
0
0
0
0
0
0
0
0
0
0
0
0
0
0
0
0
0
0
0
0
0
0
0
0
0
0
0
0
0
0
0
0
0
0
0
0
0
0
0
0
0
0
0
0
0
0
0
0
0
0
0
0
0
0
0
0
0
0
0
0
0
0
0
0
0
0
0
0
0
0
0
0
0
0
0
0
0
0
0
0
0
0
0
0
0
0
0
0
0
0
0
0
0
0
0
0
0
0
0
0
0
0
0
0
0
0
0
0
0
0
0
0
0
0
0
0
0
0
0
0
0
0
0
0
0
0
0
0
0
0
0
0
0
0
0
0
0
0
0
0
0
0
0
0
0
0
0
0
0
0
0
0
0
0
0
0
0
0
0
0
0
0
0
0
0
0
0
0
0
0
0
0
0
0
0
0
0
0
0
0
0
0
0
0
0
0
0
0
0
0
0
0
0
0
0
0
0
0
0
0
0
0
0
0
0
0
0
0
0
0
0
0
0
0
0
0
0
0
0
0
0
0
0
0
0
0
0
0
0
0
0
0
0
0
0
0
0
0
0
0
0
0
0
0
0
0
0
0
0
0
0
0
0
0
0
0
0
0
0
0
0
0
0
0
0
0
0
0
0
0
0
0
0
0
0
0
0
0
0
0
0
0
0
0
0
0
0
0
0
0
0
0
0
0
0
0
0
0
0
0
0
0
0
0
0
0
0
0
0
0
0
0
0
0
0
0
0
0
0
0
0
0
0
0
0
0
0
0
0
0
0
0
0
0
0
0
0
0
0
0
0
0
0
0
0
0
0
0
0
0
0
0
0
0
0
0
0
0
0
0
0
0
0
0
0
0
0
0
0
0
0
0
0
0
0
0
0
0
0
0
0
0
0
0
0
0
0
0
0
0
0
0
0
0
0
0
0
0
0
0
0
0
0
0
0
0
0
0
0
0
0
0
0
0
0
0
0
0
0
0
0
0
0
0
0
0
0
0
0
0
0
0
0
0
0
0
0
0
0
0
0
0
0
0
0
0
0
0
0
0
0
0
0
0
0
0
0
0
0
0
0
0
0
0
0
0
0
0
0
0
0
0
0
0
0
0
0
0
0
0
0
0
0
0
0
0
0
0
0
0
0
0
0
0
0
0
0
0
0
0
0
0
0
0
0
0
0
0
0
0
0
0
0
0
0
0
0
0
0
0
0
0
0
0
0
0
0
0
0
0
0
0
0
0
0
0
0
0
0
0
0
0
0
0
0
0
0
0
0
0
0
0
0
0
0
0
0
0
0
0
0
0
0
0
0
0
0
0
0
0
0
0
0
0
0
0
0
0
0
0
0
0
0
0
0
0
0
0
0
0
0
0
0
0
0
0
0
0
0
0
0
0
0
0
0
0
0
0
0
0
0
0
0
0
0
0
0
0
0
0
0
0
0
0
0
0
0
0
0
0
0
0
0
0
0
0
0
0
0
0
0
0
0
0
0
0
0
0
0
0
0
0
0
0
0
0
0
0
0
0
0
0
0
0
0
0
0
0
0
0
0
0
0
0
0
0
0
0
0
0
0
0
0
0
0
0
0
0
0
0
0
0
0
0
0
0
0
0
0
0
0
0
0
0
0
0
0
0
0
0
0
0
0
0
0
0
0
0
0
0
0
0
0
0
0
0
0
0
0
0
0
0
0
0
0
0
0
0
0
0
0
0
0
0
0
0
0
0
0
0
0
0
0
0
0
0
0
0
0
0
0
0
0
0
0
0
0
0
0
0
0
0
0
0
0
0
0
0
0
0
0
0
0
0
0
0
0
0
0
0
0
0
0
0
0
0
0
0
0
0
0
0
0
0
0
0
0
0
0
0
0
0
0
0
0
0
0
0
0
0
0
0
0
0
0
0
0
0
0
0
0
0
0
0
0
0
0
0
0
0
0
0
0
0
0
0
0
0
0
0
0
0
0
0
0
0
0
0
0
0
0
0
0
0
0
0
0
0
0
0
0
0
0
0
0
0
0
0
0
0
0
0
0
0
0
0
0
0
0
0
0
0
0
0
0
0
0
0
0
0
0
0
0
0
0
0
0
0
0
0
0
0
0
0
0
0
0
0
0
0
0
0
0
0
0
0
0
0
0
0
0
0
0
0
0
0
0
0
0
0
0
0
0
0
0
0
0
0
0
0
0
0
0
0
0
0
0
0
0
0
0
0
0
0
0
0
0
0
0
0
0
0
0
0
0
0
0
0
0
0
0
0
0
0
0
0
0
0
0
0
0
0
0
0
0
0
0
0
0
0
0
0
0
0
0
0
0
0
0
0
0
0
0
0
0
0
0
0
0
0
0
0
0
0
0
0
0
0
0
0
0
0
0
0
0
0
0
0
0
0
0
0
0
0
0
0
0
0
0
0
0
0
0
0
0
0
0
0
0
0
0
0
0
0
0
0
0
0
0
0
0
0
0
0
0
0
0
0
0
0
0
0
0
0
0
0
0
0
0
0
0
0
0
0
0
0
0
0
0
0
0
0
0
0
0
0
0
0
0
0
0
0
0
0
0
0
0
0
0
0
0
0
0
0
0
0
0
0
0
0
0
0
0
0
0
0
0
0
0
0
0
0
0
0
0
0
0
0
0
0
0
0
0
0
0
0
0
0
0
0
0
0
0
0
0
0
0
0
0
0
0
0
0
0
0
0
0
0
0
0
0
0
0
0
0
0
0
0
0
0
0
0
0
0
0
0
0
0
0
0
0
0
0
0
0
0
0
0
0
0
0
0
0
0
0
0
0
0
0
0
0
0
0
0
0
0
0
0
0
0
0
0
0
0
0
0
0
0
0
0
0
0
0
0
0
0
0
0
0
0
0
0
0
0
0
0
0
0
0
0
0
0
0
0
0
0
0
0
0
0
0
0
0
0
0
0
0
0
0
0
0
0
0
0
0
0
0
0
0
0
0
0
0
0
0
0
0
0
0
0
0
0
0
0
0
0
0
0
0
0
0
0
0
0
0
0
0
0
0
0
0
0
0
0
0
0
0
0
0
0
0
0
0
0
0
0
0
0
0
0
0
0
0
0
0
0
0
0
0
0
0
0
0
0
0
0
0
0
0
0
0
0
0
0
0
0
0
0
0
0
0
0
0
0
0
0
0
0
0
0
0
0
0
0
0
0
0
0
0
0
0
0
0
0
0
0
0
0
0
0
0
0
0
0
0
0
0
0
0
0
0
0
0
0
0
0
0
0
0
0
0
0
0
0
0
0
0
0
0
0
0
0
0
0
0
0
0
0
0
0
0
0
0
0
0
0
0
0
0
0
0
0
0
0
0
0
0
0
0
0
0
0
0
0
0
0
0
0
0
0
0
0
0
0
0
0
0
0
0
0
0
0
0
0
0
0
0
0
0
0
0
0
0
0
0
0
0
0
0
0
0
0
0
0
0
0
0
0
0
0
0
0
0
0
0
0
0
0
0
0
0
0
0
0
0
0
0
0
0
0
0
0
0
0
0
0
0
0
0
0
0
0
0
0
0
0
0
0
0
0
0
0
0
0
0
0
0
0
0
0
0
0
0
0
0
0
0
0
0
0
0
0
0
0
0
0
0
0
0
0
0
0
0
0
0
0
0
0
0
0
0
0
0
0
0
0
0
0
0
0
0
0
0
0
0
0
0
0
0
0
0
0
0
0
0
0
0
0
0
0
0
0
0
0
0
0
0
0
0
0
0
0
0
0
0
0
0
0
0
0
0
0
0
0
0
0
0
0
0
0
0
0
0
0
0
0
0
0
0
0
0
0
0
0
0
0
0
0
0
0
0
0
0
0
0
0
0
0
0
0
0
0
0
0
0
0
0
0
0
0
0
0
0
0
0
0
0
0
0
0
0
0
0
0
0
0
0
0
0
0
0
0
0
0
0
0
0
0
0
0
0
0
0
0
0
0
0
0
0
0
0
0
0
0
0
0
0
0
0
0
0
0
0
0
0
0
0
0
0
0
0
0
0
0
0
0
0
0
0
0
0
0
0
0
0
0
0
0
0
0
0
0
0
0
0
0
0
0
0
0
0
0
0
0
0
0
0
0
0
0
0
0
0
0
0
0
0
0
0
0
0
0
0
0
0
0
0
0
0
0
0
0
0
0
0
0
0
0
0
0
0
0
0
0
0
0
0
0
0
0
0
0
0
0
0
0
0
0
0
0
0
0
0
0
0
0
0
0
0
0
0
0
0
0
0
0
0
0
0
0
0
0
0
0
0
0
0
0
0
0
0
0
0
0
0
0
0
0
0
0
0
0
0
0
0
0
0
0
0
0
0
0
0
0
0
0
0
0
0
0
0
0
0
0
0
0
0
0
0
0
0
0
0
0
0
0
0
0
0
0
0
0
0
0
0
0
0
0
0
0
0
0
0
0
0
0
0
0
0
0
0
0
0
0
0
0
0
0
0
0
0
0
0
0
0
0
0
0
0
0
0
0
0
0
0
0
0
0
0
0
0
0
0
0
0
0
0
0
0
0
0
0
0
0
0
0
0
0
0
0
0
0
0
0
0
0
0
0
0
0
0
0
0
0
0
0
0
0
0
0
0
0
0
0
0
0
0
0
0
0
0
0
0
0
0
0
0
0
0
0
0
0
0
0
0
0
0
0
0
0
0
0
0
0
0
0
0
0
0
0
0
0
0
0
0
0
0
0
0
0
0
0
0
0
0
0
0
0
0
0
0
0
0
0
0
0
0
0
0
0
0
0
0
0
0
0
0
0
0
0
0
0
0
0
0
0
0
0
0
0
0
0
0
0
0
0
0
0
0
0
0
0
0
0
0
0
0
0
0
0
0
0
0
0
0
0
0
0
0
0
0
0
0
0
0
0
0
0
0
0
0
0
0
0
0
0
0
0
0
0
0
0
0
0
0
0
0
0
0
0
0
0
0
0
0
0
0
0
0
0
0
0
0
0
0
0
0
0
0
0
0
0
0
0
0
0
0
0
0
0
0
0
0
0
0
0
0
0
0
0
0
0
0
0
0
0
0
0
0
0
0
0
0
0
0
0
0
0
0
0
0
0
0
0
0
0
0
0
0
0
0
0
0
0
0
0
0
0
0
0
0
0
0
0
0
0
0
0
0
0
0
0
0
0
0
0
0
0
0
0
0
0
0
0
0
0
0
0
0
0
0
0
0
0
0
0
0
0
0
0
0
0
0
0
0
0
0
0
0
0
0
0
0
0
0
0
0
0
0
0
0
0
0
0
0
0
0
0
0
0
0
0
0
0
0
0
0
0
0
0
0
0
0
0
0
0
0
0
0
0
0
0
0
0
0
0
0
0
0
0
0
0
0
0
0
0
0
0
0
0
0
0
0
0
0
0
0
0
0
0
0
0
0
0
0
0
0
0
0
0
0
0
0
0
0
0
0
0
0
0
0
0
0
0
0
0
0
0
0
0
0
0
0
0
0
0
0
0
0
0
0
0
0
0
0
0
0
0
0
0
0
0
0
0
0
0
0
0
0
0
0
0
0
0
0
0
0
0
0
0
0
0
0
0
0
0
0
0
0
0
0
0
0
0
0
0
0
0
0
0
0
0
0
0
0
0
0
0
0
0
0
0
0
0
0
0
0
0
0
0
0
0
0
0
0
0
0
0
0
0
0
0
0
0
0
0
0
0
0
0
0
0
0
0
0
0
0
0
0
0
0
0
0
0
0
0
0
0
0
0
0
0
0
0
0
0
0
0
0
0
0
0
0
0
0
0
0
0
0
0
0
0
0
0
0
0
0
0
0
0
0
0
0
0
0
0
0
0
0
0
0
0
0
0
0
0
0
0
0
0
0
0
0
0
0
0
0
0
0
0
0
0
0
0
0
0
0
0
0
0
0
0
0
0
0
0
0
0
0
0
0
0
0
0
0
0
0
0
0
0
0
0
0
0
0
0
0
0
0
0
0
0
0
0
0
0
0
0
0
0
0
0
0
0
0
0
0
0
0
0
0
0
0
0
0
0
0
0
0
0
0
0
0
0
0
0
0
0
0
0
0
0
0
0
0
0
0
0
0
0
0
0
0
0
0
0
0
0
0
0
0
0
0
0
0
0
0
0
0
0
0
0
0
0
0
0
0
0
0
0
0
0
0
0
0
0
0
0
0
0
0
0
0
0
0
0
0
0
0
0
0
0
0
0
0
0
0
0
0
0
0
0
0
0
0
0
0
0
0
0
0
0
0
0
0
0
0
0
0
0
0
0
0
0
0
0
0
0
0
0
0
0
0
0
0
0
0
0
0
0
0
0
0
0
0
0
0
0
0
0
0
0
0
0
0
0
0
0
0
0
0
0
0
0
0
0
0
0
0
0
0
0
0
0
0
0
0
0
0
0
0
0
0
0
0
0
0
0
0
0
0
0
0
0
0
0
0
0
0
0
0
0
0
0
0
0
0
0
0
0
0
0
0
0
0
0
0
0
0
0
0
0
0
0
0
0
0
0
0
0
0
0
0
0
0
0
0
0
0
0
0
0
0
0
0
0
0
0
0
0
0
0
0
0
0
0
0
0
0
0
0
0
0
0
0
0
0
0
0
0
0
0
0
0
0
0
0
0
0
0
0
0
0
0
0
0
0
0
0
0
0
0
0
0
0
0
0
0
0
0
0
0
0
0
0
0
0
0
0
0
0
0
0
0
0
0
0
0
0
0
0
0
0
0
0
0
0
0
0
0
0
0
0
0
0
0
0
0
0
0
0
0
0
0
0
0
0
0
0
0
0
0
0
0
0
0
0
0
0
0
0
0
0
0
0
0
0
0
0
0
0
0
0
0
0
0
0
0
0
0
0
0
0
0
0
0
0
0
0
0
0
0
0
0
0
0
0
0
0
0
0
0
0
0
0
0
0
0
0
0
0
0
0
0
0
0
0
0
0
0
0
0
0
0
0
0
0
0
0
0
0
0
0
0
0
0
0
0
0
0
0
0
0
0
0
0
0
0
0
0
0
0
0
0
0
0
0
0
0
0
0
0
0
0
0
0
0
0
0
0
0
0
0
0
0
0
0
0
0
0
0
0
0
0
0
0
0
0
0
0
0
0
0
0
0
0
0
0
0
0
0
0
0
0
0
0
0
0
0
0
0
0
0
0
0
0
0
0
0
0
0
0
0
0
0
0
0
0
0
0
0
0
0
0
0
0
0
0
0
0
0
0
0
0
0
0
0
0
0
0
0
0
0
0
0
0
0
0
0
0
0
0
0
0
0
0
0
0
0
0
0
0
0
0
0
0
0
0
0
0
0
0
0
0
0
0
0
0
0
0
0
0
0
0
0
0
0
0
0
0
0
0
0
0
0
0
0
0
0
0
0
0
0
0
0
0
0
0
0
0
0
0
0
0
0
0
0
0
0
0
0
0
0
0
0
0
0
0
0
0
0
0
0
0
0
0
0
0
0
0
0
0
0
0
0
0
0
0
0
0
0
0
0
0
0
0
0
0
0
0
0
0
0
0
0
0
0
0
0
0
0
0
0
0
0
0
0
0
0
0
0
0
0
0
0
0
0
0
0
0
0
0
0
0
0
0
0
0
0
0
0
0
0
0
0
0
0
0
0
0
0
0
0
0
0
0
0
0
0
0
0
0
0
0
0
0
0
0
0
0
0
0
0
0
0
0
0
0
0
0
0
0
0
0
0
0
0
0
0
0
0
0
0
0
0
0
0
0
0
0
0
0
0
0
0
0
0
0
0
0
0
0
0
0
0
0
0
0
0
0
0
0
0
0
0
0
0
0
0
0
0
0
0
0
0
0
0
0
0
0
0
0
0
0
0
0
0
0
0
0
0
0
0
0
0
0
0
0
0
0
0
0
0
0
0
0
0
0
0
0
0
0
0
0
0
0
0
0
0
0
0
0
0
0
0
0
0
0
0
0
0
0
0
0
0
0
0
0
0
0
0
0
0
0
0
0
0
0
0
0
0
0
0
0
0
0
0
0
0
0
0
0
0
0
0
0
0
0
0
0
0
0
0
0
0
0
0
0
0
0
0
0
0
0
0
0
0
0
0
0
0
0
0
0
0
0
0
0
0
0
0
0
0
0
0
0
0
0
0
0
0
0
0
0
0
0
0
0
0
0
0
0
0
0
0
0
0
0
0
0
0
0
0
0
0
0
0
0
0
0
0
0
0
0
0
0
0
0
0
0
0
0
0
0
0
0
0
0
0
0
0
0
0
0
0
0
0
0
0
0
0
0
0
0
0
0
0
0
0
0
0
0
0
0
0
0
0
0
0
0
0
0
0
0
0
0
0
0
0
0
0
0
0
0
0
0
0
0
0
0
0
0
0
0
0
0
0
0
0
0
0
0
0
0
0
0
0
0
0
0
0
0
0
0
0
0
0
0
0
0
0
0
0
0
0
0
0
0
0
0
0
0
0
0
0
0
0
0
0
0
0
0
0
0
0
0
0
0
0
0
0
0
0
0
0
0
0
0
0
0
0
0
0
0
0
0
0
0
0
0
0
0
0
0
0
0
0
0
0
0
0
0
0
0
0
0
0
0
0
0
0
0
0
0
0
0
0
0
0
0
0
0
0
0
0
0
0
0
0
0
0
0
0
0
0
0
0
0
0
0
0
0
0
0
0
0
0
0
0
0
0
0
0
0
0
0
0
0
0
0
0
0
0
0
0
0
0
0
0
0
0
0
0
0
0
0
0
0
0
0
0
0
0
0
0
0
0
0
0
0
0
0
0
0
0
0
0
0
0
0
0
0
0
0
0
0
0
0
0
0
0
0
0
0
0
0
0
0
0
0
0
0
0
0
0
0
0
0
0
0
0
0
0
0
0
0
0
0
0
0
0
0
0
0
0
0
0
0
0
0
0
0
0
0
0
0
0
0
0
0
0
0
0
0
0
0
0
0
0
0
0
0
0
0
0
0
0
0
0
0
0
0
0
0
0
0
0
0
0
0
0
0
0
0
0
0
0
0
0
0
0
0
0
0
0
0
0
0
0
0
0
0
0
0
0
0
0
0
0
0
0
0
0
0
0
0
0
0
0
0
0
0
0
0
0
0
0
0
0
0
0
0
0
0
0
0
0
0
0
0
0
0
0
0
0
0
0
0
0
0
0
0
0
0
0
0
0
0
0
0
0
0
0
0
0
0
0
0
0
0
0
0
0
0
0
0
0
0
0
0
0
0
0
0
0
0
0
0
0
0
0
0
0
0
0
0
0
0
0
0
0
0
0
0
0
0
0
0
0
0
0
0
0
0
0
0
0
0
0
0
0
0
0
0
0
0
0
0
0
0
0
0
0
0
0
0
0
0
0
0
0
0
0
0
0
0
0
0
0
0
0
0
0
0
0
0
0
0
0
0
0
0
0
0
0
0
0
0
0
0
0
0
0
0
0
0
0
0
0
0
0
0
0
0
0
0
0
0
0
0
0
0
0
0
0
0
0
0
0
0
0
0
0
0
0
0
0
0
0
0
0
0
0
0
0
0
0
0
0
0
0
0
0
0
0
0
0
0
0
0
0
0
0
0
0
0
0
0
0
0
0
0
0
0
0
0
0
0
0
0
0
0
0
0
0
0
0
0
0
0
0
0
0
0
0
0
0
0
0
0
0
0
0
0
0
0
0
0
0
0
0
0
0
0
0
0
0
0
0
0
0
0
0
0
0
0
0
0
0
0
0
0
0
0
0
0
0
0
0
0
0
0
0
0
0
0
0
0
0
0
0
0
0
0
0
0
0
0
0
0
0
0
0
0
0
0
0
0
0
0
0
0
0
0
0
0
0
0
0
0
0
0
0
0
0
0
0
0
0
0
0
0
0
0
0
0
0
0
0
0
0
0
0
0
0
0
0
0
0
0
0
0
0
0
0
0
0
0
0
0
0
0
0
0
0
0
0
0
0
0
0
0
0
0
0
0
0
0
0
0
0
0
0
0
0
0
0
0
0
0
0
0
0
0
0
0
0
0
0
0
0
0
0
0
0
0
0
0
0
0
0
0
0
0
0
0
0
0
0
0
0
0
0
0
0
0
0
0
0
0
0
0
0
0
0
0
0
0
0
0
0
0
0
0
0
0
0
0
0
0
0
0
0
0
0
0
0
0
0
0
0
0
0
0
0
0
0
0
0
0
0
0
0
0
0
0
0
0
0
0
0
0
0
0
0
0
0
0
0
0
0
0
0
0
0
0
0
0
0
0
0
0
0
0
0
0
0
0
0
0
0
0
0
0
0
0
0
0
0
0
0
0
0
0
0
0
0
0
0
0
0
0
0
0
0
0
0
0
0
0
0
0
0
0
0
0
0
0
0
0
0
0
0
0
0
0
0
0
0
0
0
0
0
0
0
0
0
0
0
0
0
0
0
0
0
0
0
0
0
0
0
0
0
0
0
0
0
0
0
0
0
0
0
0
0
0
0
0
0
0
0
0
0
0
0
0
0
0
0
0
0
0
0
0
0
0
0
0
0
0
0
0
0
0
0
0
0
0
0
0
0
0
0
0
0
0
0
0
0
0
0
0
0
0
0
0
0
0
0
0
0
0
0
0
0
0
0
0
0
0
0
0
0
0
0
0
0
0
0
0
0
0
0
0
0
0
0
0
0
0
0
0
0
0
0
0
0
0
0
0
0
0
0
0
0
0
0
0
0
0
0
0
0
0
0
0
0
0
0
0
0
0
0
0
0
0
0
0
0
0
0
0
0
0
0
0
0
0
0
0
0
0
0
0
0
0
0
0
0
0
0
0
0
0
0
0
0
0
0
0
0
0
0
0
0
0
0
0
0
0
0
0
0
0
0
0
0
0
0
0
0
0
0
0
0
0
0
0
0
0
0
0
0
0
0
0
0
0
0
0
0
0
0
0
0
0
0
0
0
0
0
0
0
0
0
0
0
0
0
0
0
0
0
0
0
0
0
0
0
0
0
0
0
0
0
0
0
0
0
0
0
0
0
0
0
0
0
0
0
0
0
0
0
0
0
0
0
0
0
0
0
0
0
0
0
0
0
0
0
0
0
0
0
0
0
0
0
0
0
0
0
0
0
0
0
0
0
0
0
0
0
0
0
0
0
0
0
0
0
0
0
0
0
0
0
0
0
0
0
0
0
0
0
0
0
0
0
0
0
0
0
0
0
0
0
0
0
0
0
0
0
0
0
0
0
0
0
0
0
0
0
0
0
0
0
0
0
0
0
0
0
0
0
0
0
0
0
0
0
0
0
0
0
0
0
0
0
0
0
0
0
0
0
0
0
0
0
0
0
0
0
0
0
0
0
0
0
0
0
0
0
0
0
0
0
0
0
0
0
0
0
0
0
0
0
0
0
0
0
0
0
0
0
0
0
0
0
0
0
0
0
0
0
0
0
0
0
0
0
0
0
0
0
0
0
0
0
0
0
0
0
0
0
0
0
0
0
0
0
0
0
0
0
0
0
0
0
0
0
0
0
0
0
0
0
0
0
0
0
0
0
0
0
0
0
0
0
0
0
0
0
0
0
0
0
0
0
0
0
0
0
0
0
0
0
0
0
0
0
0
0
0
0
0
0
0
0
0
0
0
0
0
0
0
0
0
0
0
0
0
0
0
0
0
0
0
0
0
0
0
0
0
0
0
0
0
0
0
0
0
0
0
0
0
0
0
0
0
0
0
0
0
0
0
0
0
0
0
0
0
0
0
0
0
0
0
0
0
0
0
0
0
0
0
0
0
0
0
0
0
0
0
0
0
0
0
0
0
0
0
0
0
0
0
0
0
0
0
0
0
0
0
0
0
0
0
0
0
0
0
0
0
0
0
0
0
0
0
0
0
0
0
0
0
0
0
0
0
0
0
0
0
0
0
0
0
0
0
0
0
0
0
0
0
0
0
0
0
0
0
0
0
0
0
0
0
0
0
0
0
0
0
0
0
0
0
0
0
0
0
0
0
0
0
0
0
0
0
0
0
0
0
0
0
0
0
0
0
0
0
0
0
0
0
0
0
0
0
0
0
0
0
0
0
0
0
0
0
0
0
0
0
0
0
0
0
0
0
0
0
0
0
0
0
0
0
0
0
0
0
0
0
0
0
0
0
0
0
0
0
0
0
0
0
0
0
0
0
0
0
0
0
0
0
0
0
0
0
0
0
0
0
0
0
0
0
0
0
0
0
0
0
0
0
0
0
0
0
0
0
0
0
0
0
0
0
0
0
0
0
0
0
0
0
0
0
0
0
0
0
0
0
0
0
0
0
0
0
0
0
0
0
0
0
0
0
0
0
0
0
0
0
0
0
0
0
0
0
0
0
0
0
0
0
0
0
0
0
0
0
0
0
0
0
0
0
0
0
0
0
0
0
0
0
0
0
0
0
0
0
0
0
0
0
0
0
0
0
0
0
0
0
0
0
0
0
0
0
0
0
0
0
0
0
0
0
0
0
0
0
0
0
0
0
0
0
0
0
0
0
0
0
0
0
0
0
0
0
0
0
0
0
0
0
0
0
0
0
0
0
0
0
0
0
0
0
0
0
0
0
0
0
0
0
0
0
0
0
0
0
0
0
0
0
0
0
0
0
0
0
0
0
0
0
0
0
0
0
0
0
0
0
0
0
0
0
0
0
0
0
0
0
0
0
0
0
0
0
0
0
0
0
0
0
0
0
0
0
0
0
0
0
0
0
0
0
0
0
0
0
0
0
0
0
0
0
0
0
0
0
0
0
0
0
0
0
0
0
0
0
0
0
0
0
0
0
0
0
0
0
0
0
0
0
0
0
0
0
0
0
0
0
0
0
0
0
0
0
0
0
0
0
0
0
0
0
0
0
0
0
0
0
0
0
0
0
0
0
0
0
0
0
0
0
0
0
0
0
0
0
0
0
0
0
0
0
0
0
0
0
0
0
0
0
0
0
0
0
0
0
0
0
0
0
0
0
0
0
0
0
0
0
0
0
0
0
0
0
0
0
0
0
0
0
0
0
0
0
0
0
0
0
0
0
0
0
0
0
0
0
0
0
0
0
0
0
0
0
0
0
0
0
0
0
0
0
0
0
0
0
0
0
0
0
0
0
0
0
0
0
0
0
0
0
0
0
0
0
0
0
0
0
0
0
0
0
0
0
0
0
0
0
0
0
0
0
0
0
0
0
0
0
0
0
0
0
0
0
0
0
0
0
0
0
0
0
0
0
0
0
0
0
0
0
0
0
0
0
0
0
0
0
0
0
0
0
0
0
0
0
0
0
0
0
0
0
0
0
0
0
0
0
0
0
0
0
0
0
0
0
0
0
0
0
0
0
0
0
0
0
0
0
0
0
0
0
0
0
0
0
0
0
0
0
0
0
0
0
0
0
0
0
0
0
0
0
0
0
0
0
0
0
0
0
0
0
0
0
0
0
0
0
0
0
0
0
0
0
0
0
0
0
0
0
0
0
0
0
0
0
0
0
0
0
0
0
0
0
0
0
0
0
0
0
0
0
0
0
0
0
0
0
0
0
0
0
0
0
0
0
0
0
0
0
0
0
0
0
0
0
0
0
0
0
0
0
0
0
0
0
0
0
0
0
0
0
0
0
0
0
0
0
0
0
0
0
0
0
0
0
0
0
0
0
0
0
0
0
0
0
0
0
0
0
0
0
0
0
0
0
0
0
0
0
0
0
0
0
0
0
0
0
0
0
0
0
0
0
0
0
0
0
0
0
0
0
0
0
0
0
0
0
0
0
0
0
0
0
0
0
0
0
0
0
0
0
0
0
0
0
0
0
0
0
0
0
0
0
0
0
0
0
0
0
0
0
0
0
0
0
0
0
0
0
0
0
0
0
0
0
0
0
0
0
0
0
0
0
0
0
0
0
0
0
0
0
0
0
0
0
0
0
0
0
0
0
0
0
0
0
0
0
0
0
0
0
0
0
0
0
0
0
0
0
0
0
0
0
0
0
0
0
0
0
0
0
0
0
0
0
0
0
0
0
0
0
0
0
0
0
0
0
0
0
0
0
0
0
0
0
0
0
0
0
0
0
0
0
0
0
0
0
0
0
0
0
0
0
0
0
0
0
0
0
0
0
0
0
0
0
0
0
0
0
0
0
0
0
0
0
0
0
0
0
0
0
0
0
0
0
0
0
0
0
0
0
0
0
0
0
0
0
0
0
0
0
0
0
0
0
0
0
0
0
0
0
0
0
0
0
0
0
0
0
0
0
0
0
0
0
0
0
0
0
0
0
0
0
0
0
0
0
0
0
0
0
0
0
0
0
0
0
0
0
0
0
0
0
0
0
0
0
0
0
0
0
0
0
0
0
0
0
0
0
0
0
0
0
0
0
0
0
0
0
0
0
0
0
0
0
0
0
0
0
0
0
0
0
0
0
0
0
0
0
0
0
0
0
0
0
0
0
0
0
0
0
0
0
0
0
0
0
0
0
0
0
0
0
0
0
0
0
0
0
0
0
0
0
0
0
0
0
0
0
0
0
0
0
0
0
0
0
0
0
0
0
0
0
0
0
0
0
0
0
0
0
0
0
0
0
0
0
0
0
0
0
0
0
0
0
0
0
0
0
0
0
0
0
0
0
0
0
0
0
0
0
0
0
0
0
0
0
0
0
0
0
0
0
0
0
0
0
0
0
0
0
0
0
0
0
0
0
0
0
0
0
0
0
0
0
0
0
0
0
0
0
0
0
0
0
0
0
0
0
0
0
0
0
0
0
0
0
0
0
0
0
0
0
0
0
0
0
0
0
0
0
0
0
0
0
0
0
0
0
0
0
0
0
0
0
0
0
0
0
0
0
0
0
0
0
0
0
0
0
0
0
0
0
0
0
0
0
0
0
0
0
0
0
0
0
0
0
0
0
0
0
0
0
0
0
0
0
0
0
0
0
0
0
0
0
0
0
0
0
0
0
0
0
0
0
0
0
0
0
0
0
0
0
0
0
0
0
0
0
0
0
0
0
0
0
0
0
0
0
0
0
0
0
0
0
0
0
0
0
0
0
0
0
0
0
0
0
0
0
0
0
0
0
0
0
0
0
0
0
0
0
0
0
0
0
0
0
0
0
0
0
0
0
0
0
0
0
0
0
0
0
0
0
0
0
0
0
0
0
0
0
0
0
0
0
0
0
0
0
0
0
0
0
0
0
0
0
0
0
0
0
0
0
0
0
0
0
0
0
0
0
0
0
0
0
0
0
0
0
0
0
0
0
0
0
0
0
0
0
0
0
0
0
0
0
0
0
0
0
0
0
0
0
0
0
0
0
0
0
0
0
0
0
0
0
0
0
0
0
0
0
0
0
0
0
0
0
0
0
0
0
0
0
0
0
0
0
0
0
0
0
0
0
0
0
0
0
0
0
0
0
0
0
0
0
0
0
0
0
0
0
0
0
0
0
0
0
0
0
0
0
0
0
0
0
0
0
0
0
0
0
0
0
0
0
0
0
0
0
0
0
0
0
0
0
0
0
0
0
0
0
0
0
0
0
0
0
0
0
0
0
0
0
0
0
0
0
0
0
0
0
0
0
0
0
0
0
0
0
0
0
0
0
0
0
0
0
0
0
0
0
0
0
0
0
0
0
0
0
0
0
0
0
0
0
0
0
0
0
0
0
0
0
0
0
0
0
0
0
0
0
0
0
0
0
0
0
0
0
0
0
0
0
0
0
0
0
0
0
0
0
0
0
0
0
0
0
0
0
0
0
0
0
0
0
0
0
0
0
0
0
0
0
0
0
0
0
0
0
0
0
0
0
0
0
0
0
0
0
0
0
0
0
0
0
0
0
0
0
0
0
0
0
0
0
0
0
0
0
0
0
0
0
0
0
0
0
0
0
0
0
0
0
0
0
0
0
0
0
0
0
0
0
0
0
0
0
0
0
0
0
0
0
0
0
0
0
0
0
0
0
0
0
0
0
0
0
0
0
0
0
0
0
0
0
0
0
0
0
0
0
0
0
0
0
0
0
0
0
0
0
0
0
0
0
0
0
0
0
0
0
0
0
0
0
0
0
0
0
0
0
0
0
0
0
0
0
0
0
0
0
0
0
0
0
0
0
0
0
0
0
0
0
0
0
0
0
0
0
0
0
0
0
0
0
0
0
0
0
0
0
0
0
0
0
0
0
0
0
0
0
0
0
0
0
0
0
0
0
0
0
0
0
0
0
0
0
0
0
0
0
0
0
0
0
0
0
0
0
0
0
0
0
0
0
0
0
0
0
0
0
0
0
0
0
0
0
0
0
0
0
0
0
0
0
0
0
0
0
0
0
0
0
0
0
0
0
0
0
0
0
0
0
0
0
0
0
0
0
0
0
0
0
0
0
0
0
0
0
0
0
0
0
0
0
0
0
0
0
0
0
0
0
0
0
0
0
0
0
0
0
0
0
0
0
0
0
0
0
0
0
0
0
0
0
0
0
0
0
0
0
0
0
0
0
0
0
0
0
0
0
0
0
0
0
0
0
0
0
0
0
0
0
0
0
0
0
0
0
0
0
0
0
0
0
0
0
0
0
0
0
0
0
0
0
0
0
0
0
0
0
0
0
0
0
0
0
0
0
0
0
0
0
0
0
0
0
0
0
0
0
0
0
0
0
0
0
0
0
0
0
0
0
0
0
0
0
0
0
0
0
0
0
0
0
0
0
0
0
0
0
0
0
0
0
0
0
0
0
0
0
0
0
0
0
0
0
0
0
0
0
0
0
0
0
0
0
0
0
0
0
0
0
0
0
0
0
0
0
0
0
0
0
0
0
0
0
0
0
0
0
0
0
0
0
0
0
0
0
0
0
0
0
0
0
0
0
0
0
0
0
0
0
0
0
0
0
0
0
0
0
0
0
0
0
0
0
0
0
0
0
0
0
0
0
0
0
0
0
0
0
0
0
0
0
0
0
0
0
0
0
0
0
0
0
0
0
0
0
0
0
0
0
0
0
0
0
0
0
0
0
0
0
0
0
0
0
0
0
0
0
0
0
0
0
0
0
0
0
0
0
0
0
0
0
0
0
0
0
0
0
0
0
0
0
0
0
0
0
0
0
0
0
0
0
0
0
0
0
0
0
0
0
0
0
0
0
0
0
0
0
0
0
0
0
0
0
0
0
0
0
0
0
0
0
0
0
0
0
0
0
0
0
0
0
0
0
0
0
0
0
0
0
0
0
0
0
0
0
0
0
0
0
0
0
0
0
0
0
0
0
0
0
0
0
0
0
0
0
0
0
0
0
0
0
0
0
0
0
0
0
0
0
0
0
0
0
0
0
0
0
0
0
0
0
0
0
0
0
0
0
0
0
0
0
0
0
0
0
0
0
0
0
0
0
0
0
0
0
0
0
0
0
0
0
0
0
0
0
0
0
0
0
0
0
0
0
0
0
0
0
0
0
0
0
0
0
0
0
0
0
0
0
0
0
0
0
0
0
0
0
0
0
0
0
0
0
0
0
0
0
0
0
0
0
0
0
0
0
0
0
0
0
0
0
0
0
0
0
0
0
0
0
0
0
0
0
0
0
0
0
0
0
0
0
0
0
0
0
0
0
0
0
0
0
0
0
0
0
0
0
0
0
0
0
0
0
0
0
0
0
0
0
0
0
0
0
0
0
0
0
0
0
0
0
0
0
0
0
0
0
0
0
0
0
0
0
0
0
0
0
0
0
0
0
0
0
0
0
0
0
0
0
0
0
0
0
0
0
0
0
0
0
0
0
0
0
0
0
0
0
0
0
0
0
0
0
0
0
0
0
0
0
0
0
0
0
0
0
0
0
0
0
0
0
0
0
0
0
0
0
0
0
0
0
0
0
0
0
0
0
0
0
0
0
0
0
0
0
0
0
0
0
0
0
0
0
0
0
0
0
0
0
0
0
0
0
0
0
0
0
0
0
0
0
0
0
0
0
0
0
0
0
0
0
0
0
0
0
0
0
0
0
0
0
0
0
0
0
0
0
0
0
0
0
0
0
0
0
0
0
0
0
0
0
0
0
0
0
0
0
0
0
0
0
0
0
0
0
0
0
0
0
0
0
0
0
0
0
0
0
0
0
0
0
0
0
0
0
0
0
0
0
0
0
0
0
0
0
0
0
0
0
0
0
0
0
0
0
0
0
0
0
0
0
0
0
0
0
0
0
0
0
0
0
0
0
0
0
0
0
0
0
0
0
0
0
0
0
0
0
0
0
0
0
0
0
0
0
0
0
0
0
0
0
0
0
0
0
0
0
0
0
0
0
0
0
0
0
0
0
0
0
0
0
0
0
0
0
0
0
0
0
0
0
0
0
0
0
0
0
0
0
0
0
0
0
0
0
0
0
0
0
0
0
0
0
0
0
0
0
0
0
0
0
0
0
0
0
0
0
0
0
0
0
0
0
0
0
0
0
0
0
0
0
0
0
0
0
0
0
0
0
0
0
0
0
0
0
0
0
0
0
0
0
0
0
0
0
0
0
0
0
0
0
0
0
0
0
0
0
0
0
0
0
0
0
0
0
0
0
0
0
0
0
0
0
0
0
0
0
0
0
0
0
0
0
0
0
0
0
0
0
0
0
0
0
0
0
0
