-128
-222
-2593
-523
-2165
-1922
-2188
-73
565
-1647
132
-891
-1328
-1923
-19
417
-69
61
-1270
-1736
-846
-2122
-15871
-102
138
-1236
-1287
-1128
-1797
-23339
309
102
-61
171
-3963
-1872
-4542
-2723
-2815
-37
768
-3817
-258
-1709
-2838
-3268
215
451
7
415
-3025
-2071
3119
-2887
-11858
-340
348
-3422
-3029
1757
-2978
-12709
146
293
-2
681
-1636
-3064
-4776
-2505
-2454
-132
1024
-1689
-2607
-2923
-3192
-3250
156
1078
-1
-268
-1247
-965
1343
-2316
-17905
-353
353
-2545
-3142
315
-3011
-15513
-146
942
61
985
2269
-2763
-5018
-3681
-3426
-272
2223
4271
-2769
-4901
-4473
-5006
-95
2499
-108
699
-4085
-1344
-2529
-3107
-22395
-39
841
-5423
-4268
-3767
-4629
-21727
10
1027
9
593
3225
-3694
-4260
-3855
-3939
-358
879
5446
-4192
-3541
-4905
-5051
-91
1251
-93
246
-5269
-2819
-3168
-3845
-13373
-76
-1142
-7132
-5544
-4578
-5042
-12602
-20
-1096
-107
643
-1133
-3250
-1256
-2043
-2990
-224
436
-356
-2787
394
-2777
-2602
124
604
-22
-741
-3765
-1616
-2391
-2910
-12972
-169
-364
-4423
-3128
-2538
-3019
-16032
-87
-189
-61
1327
-2516
-347
-1091
-1175
-1921
-173
716
-2265
264
-469
-1727
-2364
172
768
-101
-899
-1598
-2627
-1308
-1794
-16631
-254
-840
-2255
-616
-1877
-1919
-18947
-151
-826
-87
620
-2078
1397
-629
-1466
-1809
-181
727
-2032
1353
-1378
-2517
-1867
78
464
-192
-711
-981
-2837
-2658
-1707
-18663
-283
-321
-2642
-1768
-3514
-2395
-19242
-58
-325
71
-1069
-2352
-964
-3272
-1278
-2240
150
-408
-2634
-269
-3171
-2394
-2163
-34
-172
-199
384
-1014
-2509
68
-2107
-16315
-278
499
-1579
-1729
-1435
-2832
-17888
-21
37
-46
-544
-4374
-3580
-3931
-2278
-2860
134
767
-3176
-997
-2401
-1814
-3544
195
-17
-97
417
-1030
-2506
2225
-2881
-15710
-145
-344
-435
-1728
2054
-1893
-21951
147
-1197
-39
868
-1880
-4390
-6168
-3472
-3991
-55
1525
-912
-2253
-5703
-3151
-5913
208
98
-183
1119
-2138
-2441
-619
-4069
-22397
-207
2084
-2762
-3424
10
-3339
-25487
55
2779
-377
2809
4109
-6316
-11179
-9467
-9911
-474
3339
7910
-6206
-10869
-8200
-12408
41
2215
-269
1233
-9305
-8587
-7992
-10164
805
45
1846
-9407
-8633
-7950
-9765
-5017
351
1658
-287
2386
1791
-2729
-5114
-7374
-8115
-376
2630
4535
-3114
-7541
-7777
-9403
37
2353
-278
-1983
-9506
-6551
-10530
-7944
-13525
9
-4712
-10913
-8624
-9626
-8530
-15543
281
-4514
64
-609
-2443
-1455
-1260
-2920
-3484
-47
32
-1987
706
-2211
-3581
-4575
-57
946
-130
-110
-4261
-2742
-3055
-3228
-19838
-274
-177
-4444
-3289
-3148
-3070
-21801
-86
-243
261
-83
-2990
77
-1883
-599
-2080
167
-240
-3207
1695
-3322
-1930
-2923
103
191
-357
-133
-2337
-3021
-584
-1932
-16068
-469
-411
-3822
-1552
-984
-1978
-15315
-274
-679
0
93
-1953
624
-2058
-249
-1666
94
-247
-1679
1177
-2685
-1654
-1589
183
-171
-374
-1621
86
-2033
-2534
-1522
-18425
-354
-1815
-2203
-1248
-2721
-1685
-19553
-61
-2072
207
-696
-2721
-2021
-2930
-997
-2553
196
314
-2876
-2026
-3401
-2442
-1648
105
288
-310
868
-2073
-3380
1711
-2357
-18351
-248
1304
-2104
-1834
-1273
-3468
-18224
-82
789
128
-983
-5795
-4400
-5768
-2831
-4575
239
459
-3448
-1390
-3869
-2082
-3652
279
610
-196
123
-2112
-5341
3076
-4549
-16225
-137
388
-1459
-2543
1296
-1994
-27348
138
814
101
-193
188
-5133
-7497
-4210
-4389
-251
-1167
864
-3298
-6737
-4469
-6053
157
-749
-48
3065
-2614
-4305
-164
-4497
-21900
-238
2749
-4418
-4330
-1105
-4079
-23732
23
3522
-304
-1646
8732
-9953
-11528
-9750
-11493
-410
-2962
11317
-11306
-9804
-10222
-13305
248
-2686
-326
1625
-11587
-10479
-10979
-11798
10634
50
1538
-11763
-11677
-12372
-11470
8871
351
1572
-197
-1283
1399
-4571
-6683
-6467
-8564
-313
-2681
2947
-4516
-7061
-6991
-8153
120
-2919
-284
-3115
-7530
-7293
-10895
-8326
-9538
16
-5985
-8135
-6889
-10828
-7930
-17285
270
-5595
111
-54
-3928
-880
-1801
-2665
-3861
-90
-259
-5236
217
-3046
-4973
-6476
32
711
25
-107
-2924
-4715
-4617
-3986
-16336
-305
-167
-2574
-4241
-5837
-4172
-12632
-42
-264
341
766
-4541
1714
-1824
-781
-3170
154
477
-5389
2296
-3550
-3113
-3723
130
854
-303
-153
-3039
-4277
-4414
-3298
-14926
-555
174
-4597
-3401
-5103
-3781
-12903
-127
17
52
97
-3547
1714
-4190
-987
-2983
141
-105
-2698
2233
-2908
-2077
-2326
92
-281
-347
-1216
-1988
-2161
-3188
-2787
-13005
-356
-1152
-3086
-1877
-4104
-2863
-17486
15
-1149
183
-619
-3166
-1553
-3938
-2127
-3390
236
-88
-2431
335
-3645
-1887
-2000
208
-627
-285
1849
-3994
-4108
2855
-3236
-16231
-354
1914
-3673
-1789
-381
-2815
-22536
-126
1303
86
-53
-5241
-2783
-7128
-2435
-4279
-120
-479
-4662
-173
-4837
-3023
-3764
239
-1112
-135
266
-4971
-5305
5745
-4326
-14690
-286
-344
-4779
-3797
985
-3107
-18325
-97
365
16
650
2729
-5738
-7438
-4530
-4071
-338
594
2049
-5508
-7975
-6358
-4602
174
421
-84
2493
-4291
-4985
1578
-4066
-23226
-229
1713
-7529
-5947
-1497
-5556
-17049
-97
2094
-370
1408
13621
-9201
-9011
-8636
-8575
-477
2656
15141
-12157
-10837
-12116
-12187
203
3890
-306
892
-12572
-8759
-7982
-8868
-9942
-25
175
-15664
-12661
-12023
-12114
4966
172
80
-26
-28
1237
-4700
-6100
-3856
-5100
-174
-50
3078
-3394
-5484
-5131
-5655
79
445
-124
-993
-6230
-4843
-2644
-5093
-22166
-45
-3411
-7410
-4482
-4244
-5485
-26069
76
-3011
222
-211
-4486
-2553
-3631
-2055
-3926
103
33
-4002
-264
-2696
-3519
-4690
62
437
74
-339
-2824
-4967
-336
-4037
-13378
-169
337
-2397
-3270
-2810
-3104
-17049
98
-21
449
-486
-3408
-854
-3591
18
-2791
352
-42
-3147
-119
-1605
-2199
-2416
181
-232
-362
-163
-1285
-3010
-2167
-2752
-16233
-418
-523
-2446
-2835
-4346
-2402
-19605
-115
-821
258
-843
-3242
331
-4882
-1408
-3065
242
-1071
-2397
1360
-2186
-2350
-2390
118
-1763
-357
-1327
-2129
-1920
-1250
-2822
-14543
-314
-1131
-2820
-2535
-3153
-2847
-19082
80
-851
176
-366
-2559
417
-4484
-1761
-3015
127
-890
-2160
1257
-3840
-2471
-1944
95
-797
-240
1426
-3456
-3518
1134
-2947
-16501
-486
510
-3762
-1551
-2480
-3072
-20756
-229
44
231
-1236
-2717
-1239
-4416
-1246
-2580
-81
-539
-2281
-167
-2684
-1969
-1446
60
-261
30
-78
-3402
-3462
3688
-2504
-23269
-247
-624
-3869
-1433
-1603
-1817
-27986
-103
342
-38
-932
2739
-3524
-5641
-3555
-3266
-274
-1264
2039
-4301
-6115
-6076
-4122
27
-886
-116
3239
-3753
-4078
-810
-3356
-26589
-225
2930
-7204
-5254
-4304
-4963
-20364
-90
3506
-320
-1637
10465
-7589
-9175
-9499
-9905
-425
-2801
12139
-9934
-10710
-12182
-13063
205
-3255
-288
535
-12532
-10749
-9721
-10099
2337
-124
-222
-15043
-12650
-13164
-12414
11498
137
-71
4
-1266
735
-3123
-5831
-4243
-4471
-141
-1814
1735
-2586
-5760
-5431
-4771
202
-1487
-13
-1949
-5577
-5597
-926
-4455
-21651
-256
-4101
-7243
-4512
-3543
-4945
-23943
-9
-4158
134
-2319
-2862
-2387
-1543
-1121
-2535
96
-1697
-3053
-1799
-376
-3043
-2241
-64
-581
55
-427
-1845
-2906
-758
-2577
-15842
-248
-104
-2309
-3086
-3193
-2356
-16875
2
-462
334
-1584
-2456
-1373
-2070
-424
-2645
362
-964
-1898
-619
-764
-1814
-2178
188
-485
-407
-308
-2143
-2710
-1401
-2601
-17849
-535
504
-2910
-2207
-3921
-1469
-21222
-218
130
171
-771
-2090
-17
-3596
-944
-2405
91
-1004
-1416
1019
-2143
-2143
-3297
132
-619
-352
-1209
-2321
-2011
-372
-2321
-16868
-364
-1209
-2705
-2196
-2673
-1777
-18129
83
-607
-47
-775
-3064
333
-4671
-1293
-3007
-117
-123
-3664
579
-4580
-3485
-3605
23
370
-167
883
-2277
-3340
-344
-2769
-17061
-213
1055
-2706
-3100
-3027
-4315
-15388
-52
606
-184
-852
-3103
-1495
-3329
-1756
-2564
-263
971
-2929
-1648
-3725
-2484
-2623
30
1187
34
548
-1087
-3436
1777
-2315
-20336
-13
-697
-1038
-2430
-1517
-1821
-22642
36
-223
2
-1999
-537
-1915
-3199
-2189
-2184
-291
-984
-1008
-2245
-3863
-3653
-3958
-188
-1442
183
1488
-1145
-2346
-574
-2078
-20553
-148
843
-2555
-3747
-1281
-2275
-18415
-56
810
-172
-2955
248
-2029
-6112
-5851
-6419
-419
-4224
1103
-2752
-7783
-7594
-7449
-70
-5691
-60
206
-5615
-7277
-5118
-6263
-11824
31
-317
-7323
-7914
-6691
-6984
-9034
173
-169
173
-2182
-1656
-795
-2600
-3536
-3532
-29
-2107
-2248
-921
-4749
-4784
-2447
13
-2057
39
-260
-2989
-4283
-2303
-3363
-18177
-266
-1950
-4882
-4401
-3788
-4505
-18399
-95
-1814
-87
-1444
-3313
-2549
-270
-1142
-2638
-170
-287
-3895
-1913
-2384
-2522
-1266
-83
-1034
57
406
5
-3394
-2549
-2618
-17611
-213
-261
-1797
-3737
-3441
-1849
-19211
34
-19
-92
-544
-2939
-1196
-67
-213
-3119
-97
66
-2051
-447
-2244
-1473
-3060
5
-131
-129
-1004
-1395
-3759
-5180
-3142
-18169
-194
410
-2593
-3696
-4541
-1599
-22248
11
532
-146
-219
-2433
2024
-1844
-199
-2176
-232
-9
-2436
2724
-3050
-2075
-3971
-68
20
-223
-753
-2457
-2288
-3352
-2102
-19926
-98
-1273
-3096
-2883
-4088
-2317
-19352
160
-1357
-286
-148
-915
-68
-1726
-1706
-2145
-281
1435
-967
459
-3198
-2350
-2770
-115
1799
-115
-613
-3131
-2175
-783
-2194
-21447
61
1028
-3758
-1882
-2346
-2292
-22121
156
505
-318
-531
-3647
-1393
-3534
-4280
-4437
-476
-1012
-3560
-1328
-4901
-4134
-5008
-47
-1072
-2
944
-3727
-5227
429
-4131
-13622
151
466
-3275
-4149
-1071
-2870
-15982
266
357
-107
-728
-1619
-1414
-2597
-2196
-2587
-234
-589
-2561
-924
-4346
-3311
-4499
-145
-970
121
685
-2971
-2933
279
-2346
-16928
-85
-997
-3009
-3475
-932
-2062
-14149
246
-1359
-28
-1303
-2237
-1839
-4162
-2245
-3399
-60
-1249
-1065
-362
-3963
-1667
-3755
-46
-1987
-42
499
-3513
-3718
897
-3239
-13921
-174
-615
-3003
-2231
19
-1473
-20126
154
-909
-141
-1189
-1350
-379
-313
-1430
-2291
-183
-1126
-1397
-175
-2197
-2084
-2084
-99
-1064
55
1169
-3320
-1696
-2672
-2075
-19349
-161
-41
-3365
-2372
-2839
-1546
-21893
82
477
-462
-1325
-2091
-1028
179
-693
-2517
-414
-1288
-2565
-1879
-1245
-2468
-2491
-219
-1294
109
460
-1782
-2470
-4866
-2510
-15527
-16
364
-2740
-3655
-4128
-2237
-16582
327
465
-395
-1582
-4149
932
-2474
-1350
-4440
-411
-1384
-3453
807
-2187
-2150
-3558
-204
-1035
21
-932
-2952
-3938
-7878
-4470
-9941
29
505
-4309
-4450
-6613
-3946
-17520
325
449
-306
-1298
-3424
3774
-2238
-1759
-2884
-422
-1096
-3779
4085
-2359
-3113
-4670
-234
-813
-157
-449
-3796
-2218
-4688
-2735
-16716
-87
-468
-3565
-2977
-5674
-3584
-18359
177
-407
-238
-46
890
-983
-2970
-2764
-3374
-349
-783
669
-1149
-5419
-4687
-4582
-137
-826
-134
-603
-5543
-4114
-1556
-3398
-14279
66
340
-6526
-4607
-3701
-4585
-10872
138
53
-285
320
-636
1048
-1653
-1251
-2228
-435
-1184
-398
1244
-2912
-2699
-3682
-245
-630
-70
-657
-4803
-3407
-1803
-2149
-16599
41
-1371
-5783
-2968
-3053
-2225
-16180
275
-1905
-114
-384
-670
853
-920
-700
-1371
-249
-625
-1179
878
-1714
-2127
-2299
-203
-604
-4
-141
-3438
-2211
-1215
-1259
-16054
-97
-816
-4503
-2383
-2863
-1616
-13871
65
-1009
-25
-527
1
307
-1047
13
-986
-166
-27
-565
-147
-1603
-1569
-1019
-141
-114
-73
-172
-2379
-2080
-994
-910
-16049
-77
-308
-3666
-2218
-2947
-1854
-13832
-37
-289
-76
-429
-186
-631
369
-369
-1030
-293
128
32
-1359
-1500
-1884
-656
-214
429
-62
-11
-2631
-1868
-1417
-992
-19901
-114
223
-2939
-2268
-2640
-1718
-20030
38
713
-31
-248
-483
-500
-41
-724
-1329
-275
-236
-120
-1403
-1962
-2374
-1053
-243
-352
-53
-239
-2321
-1778
-1680
-1184
-16240
-191
-379
-2843
-2562
-2311
-1828
-16473
54
-84
-124
-396
-1142
-674
-471
-758
-1192
-260
30
-505
-813
-1941
-1795
-1379
-224
205
-115
129
-1413
-1153
-1339
-1041
-18308
-193
605
-2166
-1775
-1964
-1668
-19636
136
443
-140
-1052
-1674
-454
-52
-1319
-1566
-146
-907
-1141
-259
-1572
-2358
-2824
-136
-1092
-260
-331
-1631
-1171
-1768
-1442
-14175
-269
-17
-1206
-1436
-2649
-2185
-13997
22
187
0
0
0
0
0
0
0
0
0
0
0
-2042
-1744
-3132
-1316
-1782
0
0
0
0
0
0
0
0
0
0
0
21
-742
-678
-1954
-14786
0
0
0
0
0
0
0
0
0
0
0
-2831
-2199
-3384
-854
-1729
0
0
0
0
0
0
0
0
0
0
0
-1811
-601
1461
-1831
-13989
0
0
0
0
0
0
0
0
0
0
0
-2788
-3409
-3914
-2487
-2368
0
0
0
0
0
0
0
0
0
0
0
-1115
520
259
-2344
-14318
0
0
0
0
0
0
0
0
0
0
0
-2218
-2542
-4065
-3414
-3397
0
0
0
0
0
0
0
0
0
0
0
-2324
515
-3016
-3296
-17615
0
0
0
0
0
0
0
0
0
0
0
-2578
-1643
-2456
-3043
-2720
0
0
0
0
0
0
0
0
0
0
0
-1418
-600
-3145
-2556
-14718
0
0
0
0
0
0
0
0
0
0
0
-3650
-2723
-692
-1614
-2753
0
0
0
0
0
0
0
0
0
0
0
-2193
-124
-3475
-2678
-12384
0
0
0
0
0
0
0
0
0
0
0
-1974
-931
-1112
-239
-1296
0
0
0
0
0
0
0
0
0
0
0
-647
-438
-1395
-1210
-17848
0
0
0
0
0
0
0
0
0
0
0
-1791
62
-886
-820
-1345
0
0
0
0
0
0
0
0
0
0
0
454
-948
-2141
-1187
-17207
0
0
0
0
0
0
0
0
0
0
0
-1401
-1409
-3033
-296
-1502
0
0
0
0
0
0
0
0
0
0
0
11
-1882
-285
-1518
-15454
0
0
0
0
0
0
0
0
0
0
0
-2934
-4031
-3672
-1551
-2733
0
0
0
0
0
0
0
0
0
0
0
-1938
-1521
719
-2718
-13393
0
0
0
0
0
0
0
0
0
0
0
-3893
-4391
-4368
-3723
-3826
0
0
0
0
0
0
0
0
0
0
0
-2043
-160
-1146
-3786
-19482
0
0
0
0
0
0
0
0
0
0
0
-4775
-1122
-5801
-5935
-5264
0
0
0
0
0
0
0
0
0
0
0
-2332
-4917
-3406
-5431
-15937
0
0
0
0
0
0
0
0
0
0
0
-4736
264
-2691
-6255
-5309
0
0
0
0
0
0
0
0
0
0
0
-3990
-2158
-7113
-5091
-21458
0
0
0
0
0
0
0
0
0
0
0
-2889
-1224
-827
-1170
-2246
0
0
0
0
0
0
0
0
0
0
0
-2766
249
-3787
-2218
-22343
0
0
0
0
0
0
0
0
0
0
0
-2136
-960
-1844
-74
-1678
0
0
0
0
0
0
0
0
0
0
0
-1311
-1099
-1309
-1518
-16296
0
0
0
0
0
0
0
0
0
0
0
-2170
-655
-2694
-934
-2102
0
0
0
0
0
0
0
0
0
0
0
985
-1537
-2723
-1936
-13220
0
0
0
0
0
0
0
0
0
0
0
-1549
-2327
-2607
-337
-1851
0
0
0
0
0
0
0
0
0
0
0
-1511
-2952
849
-1911
-16923
0
0
0
0
0
0
0
0
0
0
0
-3879
-4226
-4579
-1247
-3379
0
0
0
0
0
0
0
0
0
0
0
-2041
-3748
1659
-3287
-19187
0
0
0
0
0
0
0
0
0
0
0
-3503
-3668
-5610
-2450
-3444
0
0
0
0
0
0
0
0
0
0
0
-1285
-1937
934
-3243
-24158
0
0
0
0
0
0
0
0
0
0
0
-4533
-2365
-5830
-4409
-5418
0
0
0
0
0
0
0
0
0
0
0
-1639
-7587
-3124
-5040
-14254
0
0
0
0
0
0
0
0
0
0
0
-5445
-1489
-4666
-5293
-5834
0
0
0
0
0
0
0
0
0
0
0
-2992
-3038
-7232
-5471
-19708
0
0
0
0
0
0
0
0
0
0
0
-3175
-1223
-215
-746
-2441
0
0
0
0
0
0
0
0
0
0
0
-2331
-1652
-4562
-2499
-20111
0
0
0
0
0
0
0
0
0
0
0
-2197
308
-1152
322
-2265
0
0
0
0
0
0
0
0
0
0
0
-2004
-3127
-3500
-2160
-17730
0
0
0
0
0
0
0
0
0
0
0
-2168
330
-3685
-714
-2385
0
0
0
0
0
0
0
0
0
0
0
-775
-1777
-2752
-2211
-12833
0
0
0
0
0
0
0
0
0
0
0
-1723
-1963
-2934
-722
-2015
0
0
0
0
0
0
0
0
0
0
0
-2239
-3224
2075
-1954
-18636
0
0
0
0
0
0
0
0
0
0
0
-4270
-3869
-5362
-727
-3451
0
0
0
0
0
0
0
0
0
0
0
-4544
-4218
4047
-3334
-14238
0
0
0
0
0
0
0
0
0
0
0
-4779
-4937
-6654
-4091
-4616
0
0
0
0
0
0
0
0
0
0
0
-2456
-3697
2968
-4479
-14530
0
0
0
0
0
0
0
0
0
0
0
-3908
-2573
-4974
-4160
-5155
0
0
0
0
0
0
0
0
0
0
0
-1957
-7478
-1815
-4594
-18561
0
0
0
0
0
0
0
0
0
0
0
-5593
-3630
-5934
-2009
-5518
0
0
0
0
0
0
0
0
0
0
0
-3817
-3326
-3264
-5349
-17777
0
0
0
0
0
0
0
0
0
0
0
-3483
-2037
-2095
356
-2816
0
0
0
0
0
0
0
0
0
0
0
-2092
-4145
-1379
-2802
-17434
0
0
0
0
0
0
0
0
0
0
0
-2837
-1195
-3176
1365
-2919
0
0
0
0
0
0
0
0
0
0
0
-1368
-4269
-2627
-2816
-14981
0
0
0
0
0
0
0
0
0
0
0
-2503
-451
-3928
520
-2145
0
0
0
0
0
0
0
0
0
0
0
-861
-1952
-1735
-2042
-15803
0
0
0
0
0
0
0
0
0
0
0
-1611
-1042
-3682
-496
-2177
0
0
0
0
0
0
0
0
0
0
0
-1985
-2947
1207
-1920
-16299
0
0
0
0
0
0
0
0
0
0
0
-2209
-2635
-3625
337
-2384
0
0
0
0
0
0
0
0
0
0
0
-3566
-3391
2834
-2205
-20326
0
0
0
0
0
0
0
0
0
0
0
-3370
-2720
-4251
-1671
-3052
0
0
0
0
0
0
0
0
0
0
0
-1316
-3657
963
-3006
-22899
0
0
0
0
0
0
0
0
0
0
0
-4562
-1125
-3965
-3623
-4680
0
0
0
0
0
0
0
0
0
0
0
-1041
-8662
-2683
-4137
-15344
0
0
0
0
0
0
0
0
0
0
0
-4822
-2159
-4300
-780
-3775
0
0
0
0
0
0
0
0
0
0
0
-1855
-4429
-718
-3583
-22791
0
0
0
0
0
0
0
0
0
0
0
-2859
-2259
-1847
889
-2666
0
0
0
0
0
0
0
0
0
0
0
-2028
-4048
-1784
-2632
-13849
0
0
0
0
0
0
0
0
0
0
0
-2487
-1159
-2402
999
-2530
0
0
0
0
0
0
0
0
0
0
0
-1408
-3005
-2221
-2385
-17263
0
0
0
0
0
0
0
0
0
0
0
-2400
-861
-2711
915
-1790
0
0
0
0
0
0
0
0
0
0
0
-333
-1405
-1885
-1676
-16811
0
0
0
0
0
0
0
0
0
0
0
-2314
-1627
-3423
-794
-2464
0
0
0
0
0
0
0
0
0
0
0
-1676
-2288
-213
-2275
-14922
0
0
0
0
0
0
0
0
0
0
0
-2368
-2008
-2405
-723
-1946
0
0
0
0
0
0
0
0
0
0
0
-1150
-2531
1169
-1791
-19267
0
0
0
0
0
0
0
0
0
0
0
-2605
-2427
-2826
-964
-2317
0
0
0
0
0
0
0
0
0
0
0
-460
-2521
-418
-2253
-16319
0
0
0
0
0
0
0
0
0
0
0
-2683
-240
-3085
-1956
-3204
0
0
0
0
0
0
0
0
0
0
0
-907
-6022
-2837
-2891
-21661
0
0
0
0
0
0
0
0
0
0
0
-1978
74
-1257
-546
-1648
0
0
0
0
0
0
0
0
0
0
0
-572
-3036
-1418
-1376
-24067
0
0
0
0
0
0
0
0
0
0
0
-1996
-1849
-387
639
-1972
0
0
0
0
0
0
0
0
0
0
0
194
-4092
-2841
-1872
-19027
0
0
0
0
0
0
0
0
0
0
0
-3209
-1139
-1596
211
-3242
0
0
0
0
0
0
0
0
0
0
0
-297
-3784
-5648
-2992
-15962
0
0
0
0
0
0
0
0
0
0
0
-2730
141
-2071
3
-2275
0
0
0
0
0
0
0
0
0
0
0
-632
-1447
-4397
-2167
-15194
0
0
0
0
0
0
0
0
0
0
0
-1533
-836
-1300
-1053
-1721
0
0
0
0
0
0
0
0
0
0
0
-1165
-1260
-667
-1509
-20695
0
0
0
0
0
0
0
0
0
0
0
-2590
-603
-1060
-2334
-1774
0
0
0
0
0
0
0
0
0
0
0
-1168
-2712
516
-1577
-21422
0
0
0
0
0
0
0
0
0
0
0
-1755
-1102
-1549
-1359
-1580
0
0
0
0
0
0
0
0
0
0
0
-1197
-1984
192
-1437
-17346
0
0
0
0
0
0
0
0
0
0
0
-1932
-1413
-2395
-781
-2088
0
0
0
0
0
0
0
0
0
0
0
-1588
-3178
396
-2012
-17038
0
0
0
0
0
0
0
0
0
0
0
-1940
-381
-414
-243
-1720
0
0
0
0
0
0
0
0
0
0
0
-1817
-1522
-2471
-1530
-19330
0
0
0
0
0
0
0
0
0
0
0
-2878
-1369
17
-610
-2739
0
0
0
0
0
0
0
0
0
0
0
-847
-3651
-4215
-2439
-13308
0
0
0
0
0
0
0
0
0
0
0
-3499
414
-2035
-1902
-3358
0
0
0
0
0
0
0
0
0
0
0
-588
-4035
-5508
-3283
-13649
0
0
0
0
0
0
0
0
0
0
0
-2207
1550
-1665
-2459
-2022
0
0
0
0
0
0
0
0
0
0
0
-1596
-495
-3879
-1949
-15881
0
0
0
0
0
0
0
0
0
0
0
-2014
-409
-1197
-1749
-1944
0
0
0
0
0
0
0
0
0
0
0
-1674
-2554
-566
-1868
-16869
0
0
0
0
0
0
0
0
0
0
0
-1347
466
-853
-951
-1707
0
0
0
0
0
0
0
0
0
0
0
-2317
-2800
-551
-1606
-16493
0
0
0
0
0
0
0
0
0
0
0
-682
518
-437
-665
-1069
0
0
0
0
0
0
0
0
0
0
0
-1784
-1622
-407
-907
-15719
0
0
0
0
0
0
0
0
0
0
0
-886
-5
-205
-732
-1237
0
0
0
0
0
0
0
0
0
0
0
-1093
-2197
-350
-1127
-13111
0
0
0
0
0
0
0
0
0
0
0
-1139
-130
815
-389
-1164
0
0
0
0
0
0
0
0
0
0
0
-1086
-1890
-1588
-1041
-18174
0
0
0
0
0
0
0
0
0
0
0
-1291
4
368
-395
-1198
0
0
0
0
0
0
0
0
0
0
0
-698
-2041
-1676
-987
-15282
0
0
0
0
0
0
0
0
0
0
0
-1561
-647
-370
-985
-1323
0
0
0
0
0
0
0
0
0
0
0
-206
-1430
-1159
-1261
-16358
0
0
0
0
0
0
0
0
0
0
0
-1205
-798
-281
-1602
-1130
0
0
0
0
0
0
0
0
0
0
0
-224
-480
-1614
-1084
-13468
0
0
0
0
0
0
0
0
0
0
0
0
0
0
0
0
0
0
0
0
0
0
0
0
0
0
0
0
0
0
0
0
0
0
0
0
0
0
0
0
0
0
0
0
0
0
0
0
0
0
0
0
0
0
0
0
0
0
0
0
0
0
0
0
0
0
0
0
0
0
0
0
0
0
0
0
0
0
0
0
0
0
0
0
0
0
0
0
0
0
0
0
0
0
0
0
0
0
0
0
0
0
0
0
0
0
0
0
0
0
0
0
0
0
0
0
0
0
0
0
0
0
0
0
0
0
0
0
0
0
0
0
0
0
0
0
0
0
0
0
0
0
0
0
0
0
0
0
0
0
0
0
0
0
0
0
0
0
0
0
0
0
0
0
0
0
0
0
0
0
0
0
0
0
0
0
0
0
0
0
0
0
0
0
0
0
0
0
0
0
0
0
0
0
0
0
0
0
0
0
0
0
0
0
0
0
0
0
0
0
0
0
0
0
0
0
0
0
0
0
0
0
0
0
0
0
0
0
0
0
0
0
0
0
0
0
0
0
0
0
0
0
0
0
0
0
0
0
0
0
0
0
0
0
0
0
0
0
0
0
0
0
0
0
0
0
0
0
0
0
0
0
0
0
0
0
0
0
0
0
0
0
0
0
0
0
0
0
0
0
0
0
0
0
0
0
0
0
0
0
0
0
0
0
0
0
0
0
0
0
0
0
0
0
0
0
0
0
0
0
0
0
0
0
0
0
0
0
0
0
0
0
0
0
0
0
0
0
0
0
0
0
0
0
0
0
0
0
0
0
0
0
0
0
0
0
0
0
0
0
0
0
0
0
0
0
0
0
0
0
0
0
0
0
0
0
0
0
0
0
0
0
0
0
0
0
0
0
0
0
0
0
0
0
0
0
0
0
0
0
0
0
0
0
0
0
0
0
0
0
0
0
0
0
0
0
0
0
0
0
0
0
0
0
0
0
0
0
0
0
0
0
0
0
0
0
0
0
0
0
0
0
0
0
0
0
0
0
0
0
0
0
0
0
0
0
0
0
0
0
0
0
0
0
0
0
0
0
0
0
0
0
0
0
0
0
0
0
0
0
0
0
0
0
0
0
0
0
0
0
0
0
0
0
0
0
0
0
0
0
0
0
0
0
0
0
0
0
0
0
0
0
0
0
0
0
0
0
0
0
0
0
0
0
0
0
0
0
0
0
0
0
0
0
0
0
0
0
0
0
0
0
0
0
0
0
0
0
0
0
0
0
0
0
0
0
0
0
0
0
0
0
0
0
0
0
0
0
0
0
0
0
0
0
0
0
0
0
0
0
0
0
0
0
0
0
0
0
0
0
0
0
0
0
0
0
0
0
0
0
0
0
0
0
0
0
0
0
0
0
0
0
0
0
0
0
0
0
0
0
0
0
0
0
0
0
0
0
0
0
0
0
0
0
0
0
0
0
0
0
0
0
0
0
0
0
0
0
0
0
0
0
0
0
0
0
0
0
0
0
0
0
0
0
0
0
0
0
0
0
0
0
0
0
0
0
0
0
0
0
0
0
0
0
0
0
0
0
0
0
0
0
0
0
0
0
0
0
0
0
0
0
0
0
0
0
0
0
0
0
0
0
0
0
0
0
0
0
0
0
0
0
0
0
0
0
0
0
0
0
0
0
0
0
0
0
0
0
0
0
0
0
0
0
0
0
0
0
0
0
0
0
0
0
0
0
0
0
0
0
0
0
0
0
0
0
0
0
0
0
0
0
0
0
0
0
0
0
0
0
0
0
0
0
0
0
0
0
0
0
0
0
0
0
0
0
0
0
0
0
0
0
0
0
0
0
0
0
0
0
0
0
0
0
0
0
0
0
0
0
0
0
0
0
0
0
0
0
0
0
0
0
0
0
0
0
0
0
0
0
0
0
0
0
0
0
0
0
0
0
0
0
0
0
0
0
0
0
0
0
0
0
0
0
0
0
0
0
0
0
0
0
0
0
0
0
0
0
0
0
0
0
0
0
0
0
0
0
0
0
0
0
0
0
0
0
0
0
0
0
0
0
0
0
0
0
0
0
0
0
0
0
0
0
0
0
0
0
0
0
0
0
0
0
0
0
0
0
0
0
0
0
0
0
0
0
0
0
0
0
0
0
0
0
0
0
0
0
0
0
0
0
0
0
0
0
0
0
0
0
0
0
0
0
0
0
0
0
0
0
0
0
0
0
0
0
0
0
0
0
0
0
0
0
0
0
0
0
0
0
0
0
0
0
0
0
0
0
0
0
0
0
0
0
0
0
0
0
0
0
0
0
0
0
0
0
0
0
0
0
0
0
0
0
0
0
0
0
0
0
0
0
0
0
0
0
0
0
0
0
0
0
0
0
0
0
0
0
0
0
0
0
0
0
0
0
0
0
0
0
0
0
0
0
0
0
0
0
0
0
0
0
0
0
0
0
0
0
0
0
0
0
0
0
0
0
0
0
0
0
0
0
0
0
0
0
0
0
0
0
0
0
0
0
0
0
0
0
0
0
0
0
0
0
0
0
0
0
0
0
0
0
0
0
0
0
0
0
0
0
0
0
0
0
0
0
0
0
0
0
0
0
0
0
0
0
0
0
0
0
0
0
0
0
0
0
0
0
0
0
0
0
0
0
0
0
0
0
0
0
0
0
0
0
0
0
0
0
0
0
0
0
0
0
0
0
0
0
0
0
0
0
0
0
0
0
0
0
0
0
0
0
0
0
0
0
0
0
0
0
0
0
0
0
0
0
0
0
0
0
0
0
0
0
0
0
0
0
0
0
0
0
0
0
0
0
0
0
0
0
0
0
0
0
0
0
0
0
0
0
0
0
0
0
0
0
0
0
0
0
0
0
0
0
0
0
0
0
0
0
0
0
0
0
0
0
0
0
0
0
0
0
0
0
0
0
0
0
0
0
0
0
0
0
0
0
0
0
0
0
0
0
0
0
0
0
0
0
0
0
0
0
0
0
0
0
0
0
0
0
0
0
0
0
0
0
0
0
0
0
0
0
0
0
0
0
0
0
0
0
0
0
0
0
0
0
0
0
0
0
0
0
0
0
0
0
0
0
0
0
0
0
0
0
0
0
0
0
0
0
0
0
0
0
0
0
0
0
0
0
0
0
0
0
0
0
0
0
0
0
0
0
0
0
0
0
0
0
0
0
0
0
0
0
0
0
0
0
0
0
0
0
0
0
0
0
0
0
0
0
0
0
0
0
0
0
0
0
0
0
0
0
0
0
0
0
0
0
0
0
0
0
0
0
0
0
0
0
0
0
0
0
0
0
0
0
0
0
0
0
0
0
0
0
0
0
0
0
0
0
0
0
0
0
0
0
0
0
0
0
0
0
0
0
0
0
0
0
0
0
0
0
0
0
0
0
0
0
0
0
0
0
0
0
0
0
0
0
0
0
0
0
0
0
0
0
0
0
0
0
0
0
0
0
0
0
0
0
0
0
0
0
0
0
0
0
0
0
0
0
0
0
0
0
0
0
0
0
0
0
0
0
0
0
0
0
0
0
0
0
0
0
0
0
0
0
0
0
0
0
0
0
0
0
0
0
0
0
0
0
0
0
0
0
0
0
0
0
0
0
0
0
0
0
0
0
0
0
0
0
0
0
0
0
0
0
0
0
0
0
0
0
0
0
0
0
0
0
0
0
0
0
0
0
0
0
0
0
0
0
0
0
0
0
0
0
0
0
0
0
0
0
0
0
0
0
0
0
0
0
0
0
0
0
0
0
0
0
0
0
0
0
0
0
0
0
0
0
0
0
0
0
0
0
0
0
0
0
0
0
0
0
0
0
0
0
0
0
0
0
0
0
0
0
0
0
0
0
0
0
0
0
0
0
0
0
0
0
0
0
0
0
0
0
0
0
0
0
0
0
0
0
0
0
0
0
0
0
0
0
0
0
0
0
0
0
0
0
0
0
0
0
0
0
0
0
0
0
0
0
0
0
0
0
0
0
0
0
0
0
0
0
0
0
0
0
0
0
0
0
0
0
0
0
0
0
0
0
0
0
0
0
0
0
0
0
0
0
0
0
0
0
0
0
0
0
0
0
0
0
0
0
0
0
0
0
0
0
0
0
0
0
0
0
0
0
0
0
0
0
0
0
0
0
0
0
0
0
0
0
0
0
0
0
0
0
0
0
0
0
0
0
0
0
0
0
0
0
0
0
0
0
0
0
0
0
0
0
0
0
0
0
0
0
0
0
0
0
0
0
0
0
0
0
0
0
0
0
0
0
0
0
0
0
0
0
0
0
0
0
0
0
0
0
0
0
0
0
0
0
0
0
0
0
0
0
0
0
0
0
0
0
0
0
0
0
0
0
0
0
0
0
0
0
0
0
0
0
0
0
0
0
0
0
0
0
0
0
0
0
0
0
0
0
0
0
0
0
0
0
0
0
0
0
0
0
0
0
0
0
0
0
0
0
0
0
0
0
0
0
0
0
0
0
0
0
0
0
0
0
0
0
0
0
0
0
0
0
0
0
0
0
0
0
0
0
0
0
0
0
0
0
0
0
0
0
0
0
0
0
0
0
0
0
0
0
0
0
0
0
0
0
0
0
0
0
0
0
0
0
0
0
0
0
0
0
0
0
0
0
0
0
0
0
0
0
0
0
0
0
0
0
0
0
0
0
0
0
0
0
0
0
0
0
0
0
0
0
0
0
0
0
0
0
0
0
0
0
0
0
0
0
0
0
0
0
0
0
0
0
0
0
0
0
0
0
0
0
0
0
0
0
0
0
0
0
0
0
0
0
0
0
0
0
0
0
0
0
0
0
0
0
0
0
0
0
0
0
0
0
0
0
0
0
0
0
0
0
0
0
0
0
0
0
0
0
0
0
0
0
0
0
0
0
0
0
0
0
0
0
0
0
0
0
0
0
0
0
0
0
0
0
0
0
0
0
0
0
0
0
0
0
0
0
0
0
0
0
0
0
0
0
0
0
0
0
0
0
0
0
0
0
0
0
0
0
0
0
0
0
0
0
0
0
0
0
0
0
0
0
0
0
0
0
0
0
0
0
0
0
0
0
0
0
0
0
0
0
0
0
0
0
0
0
0
0
0
0
0
0
0
0
0
0
0
0
0
0
0
0
0
0
0
0
0
0
0
0
0
0
0
0
0
0
0
0
0
0
0
0
0
0
0
0
0
0
0
0
0
0
0
0
0
0
0
0
0
0
0
0
0
0
0
0
0
0
0
0
0
0
0
0
0
0
0
0
0
0
0
0
0
0
0
0
0
0
0
0
0
0
0
0
0
0
0
0
0
0
0
0
0
0
0
0
0
0
0
0
0
0
0
0
0
0
0
0
0
0
0
0
0
0
0
0
0
0
0
0
0
0
0
0
0
0
0
0
0
0
0
0
0
0
0
0
0
0
0
0
0
0
0
0
0
0
0
0
0
0
0
0
0
0
0
0
0
0
0
0
0
0
0
0
0
0
0
0
0
0
0
0
0
0
0
0
0
0
0
0
0
0
0
0
0
0
0
0
0
0
0
0
0
0
0
0
0
0
0
0
0
0
0
0
0
0
0
0
0
0
0
0
0
0
0
0
0
0
0
0
0
0
0
0
0
0
0
0
0
0
0
0
0
0
0
0
0
0
0
0
0
0
0
0
0
0
0
0
0
0
0
0
0
0
0
0
0
0
0
0
0
0
0
0
0
0
0
0
0
0
0
0
0
0
0
0
0
0
0
0
0
0
0
0
0
0
0
0
0
0
0
0
0
0
0
0
0
0
0
0
0
0
0
0
0
0
0
0
0
0
0
0
0
0
0
0
0
0
0
0
0
0
0
0
0
0
0
0
0
0
0
0
0
0
0
0
0
0
0
0
0
0
0
0
0
0
0
0
0
0
0
0
0
0
0
0
0
0
0
0
0
0
0
0
0
0
0
0
0
0
0
0
0
0
0
0
0
0
0
0
0
0
0
0
0
0
0
0
0
0
0
0
0
0
0
0
0
0
0
0
0
0
0
0
0
0
0
0
0
0
0
0
0
0
0
0
0
0
0
0
0
0
0
0
0
0
0
0
0
0
0
0
0
0
0
0
0
0
0
0
0
0
0
0
0
0
0
0
0
0
0
0
0
0
0
0
0
0
0
0
0
0
0
0
0
0
0
0
0
0
0
0
0
0
0
0
0
0
0
0
0
0
0
0
0
0
0
0
0
0
0
0
0
0
0
0
0
0
0
0
0
0
0
0
0
0
0
0
0
0
0
0
0
0
0
0
0
0
0
0
0
0
0
0
0
0
0
0
0
0
0
0
0
0
0
0
0
0
0
0
0
0
0
0
0
0
0
0
0
0
0
0
0
0
0
0
0
0
0
0
0
0
0
0
0
0
0
0
0
0
0
0
0
0
0
0
0
0
0
0
0
0
0
0
0
0
0
0
0
0
0
0
0
0
0
0
0
0
0
0
0
0
0
0
0
0
0
0
0
0
0
0
0
0
0
0
0
0
0
0
0
0
0
0
0
0
0
0
0
0
0
0
0
0
0
0
0
0
0
0
0
0
0
0
0
0
0
0
0
0
0
0
0
0
0
0
0
0
0
0
0
0
0
0
0
0
0
0
0
0
0
0
0
0
0
0
0
0
0
0
0
0
0
0
0
0
0
0
0
0
0
0
0
0
0
0
0
0
0
0
0
0
0
0
0
0
0
0
0
0
0
0
0
0
0
0
0
0
0
0
0
0
0
0
0
0
0
0
0
0
0
0
0
0
0
0
0
0
0
0
0
0
0
0
0
0
0
0
0
0
0
0
0
0
0
0
0
0
0
0
0
0
0
0
0
0
0
0
0
0
0
0
0
0
0
0
0
0
0
0
0
0
0
0
0
0
0
0
0
0
0
0
0
0
0
0
0
0
0
0
0
0
0
0
0
0
0
0
0
0
0
0
0
0
0
0
0
0
0
0
0
0
0
0
0
0
0
0
0
0
0
0
0
0
0
0
0
0
0
0
0
0
0
0
0
0
0
0
0
0
0
0
0
0
0
0
0
0
0
0
0
0
0
0
0
0
0
0
0
0
0
0
0
0
0
0
0
0
0
0
0
0
0
0
0
0
0
0
0
0
0
0
0
0
0
0
0
0
0
0
0
0
0
0
0
0
0
0
0
0
0
0
0
0
0
0
0
0
0
0
0
0
0
0
0
0
0
0
0
0
0
0
0
0
0
0
0
0
0
0
0
0
0
0
0
0
0
0
0
0
0
0
0
0
0
0
0
0
0
0
0
0
0
0
0
0
0
0
0
0
0
0
0
0
0
0
0
0
0
0
0
0
0
0
0
0
0
0
0
0
0
0
0
0
0
0
0
0
0
0
0
0
0
0
0
0
0
0
0
0
0
0
0
0
0
0
0
0
0
0
0
0
0
0
0
0
0
0
0
0
0
0
0
0
0
0
0
0
0
0
0
0
0
0
0
0
0
0
0
0
0
0
0
0
0
0
0
0
0
0
0
0
0
0
0
0
0
0
0
0
0
0
0
0
0
0
0
0
0
0
0
0
0
0
0
0
0
0
0
0
0
0
0
0
0
0
0
0
0
0
0
0
0
0
0
0
0
0
0
0
0
0
0
0
0
0
0
0
0
0
0
0
0
0
0
0
0
0
0
0
0
0
0
0
0
0
0
0
0
0
0
0
0
0
0
0
0
0
0
0
0
0
0
0
0
0
0
0
0
0
0
0
0
0
0
0
0
0
0
0
0
0
0
0
0
0
0
0
0
0
0
0
0
0
0
0
0
0
0
0
0
0
0
0
0
0
0
0
0
0
0
0
0
0
0
0
0
0
0
0
0
0
0
0
0
0
0
0
0
0
0
0
0
0
0
0
0
0
0
0
0
0
0
0
0
0
0
0
0
0
0
0
0
0
0
0
0
0
0
0
0
0
0
0
0
0
0
0
0
0
0
0
0
0
0
0
0
0
0
0
0
0
0
0
0
0
0
0
0
0
0
0
0
0
0
0
0
0
0
0
0
0
0
0
0
0
0
0
0
0
0
0
0
0
0
0
0
0
0
0
0
0
0
0
0
0
0
0
0
0
0
0
0
0
0
0
0
0
0
0
0
0
0
0
0
0
0
0
0
0
0
0
0
0
0
0
0
0
0
0
0
0
0
0
0
0
0
0
0
0
0
0
0
0
0
0
0
0
0
0
0
0
0
0
0
0
0
0
0
0
0
0
0
0
0
0
0
0
0
0
0
0
0
0
0
0
0
0
0
0
0
0
0
0
0
0
0
0
0
0
0
0
0
0
0
0
0
0
0
0
0
0
0
0
0
0
0
0
0
0
0
0
0
0
0
0
0
0
0
0
0
0
0
0
0
0
0
0
0
0
0
0
0
0
0
0
0
0
0
0
0
0
0
0
0
0
0
0
0
0
0
0
0
0
0
0
0
0
0
0
0
0
0
0
0
0
0
0
0
0
0
0
0
0
0
0
0
0
0
0
0
0
0
0
0
0
0
0
0
0
0
0
0
0
0
0
0
0
0
0
0
0
0
0
0
0
0
0
0
0
0
0
0
0
0
0
0
0
0
0
0
0
0
0
0
0
0
0
0
0
0
0
0
0
0
0
0
0
0
0
0
0
0
0
0
0
0
0
0
0
0
0
0
0
0
0
0
0
0
0
0
0
0
0
0
0
0
0
0
0
0
0
0
0
0
0
0
0
0
0
0
0
0
0
0
0
0
0
0
0
0
0
0
0
0
0
0
0
0
0
0
0
0
0
0
0
0
0
0
0
0
0
0
0
0
0
0
0
0
0
0
0
0
0
0
0
0
0
0
0
0
0
0
0
0
0
0
0
0
0
0
0
0
0
0
0
0
0
0
0
0
0
0
0
0
0
0
0
0
0
0
0
0
0
0
0
0
0
0
0
0
0
0
0
0
0
0
0
0
0
0
0
0
0
0
0
0
0
0
0
0
0
0
0
0
0
0
0
0
0
0
0
0
0
0
0
0
0
0
0
0
0
0
0
0
0
0
0
0
0
0
0
0
0
0
0
0
0
0
0
0
0
0
0
0
0
0
0
0
0
0
0
0
0
0
0
0
0
0
0
0
0
0
0
0
0
0
0
0
0
0
0
0
0
0
0
0
0
0
0
0
0
0
0
0
0
0
0
0
0
0
0
0
0
0
0
0
0
0
0
0
0
0
0
0
0
0
0
0
0
0
0
0
0
0
0
0
0
0
0
0
0
0
0
0
0
0
0
0
0
0
0
0
0
0
0
0
0
0
0
0
0
0
0
0
0
0
0
0
0
0
0
0
0
0
0
0
0
0
0
0
0
0
0
0
0
0
0
0
0
0
0
0
0
0
0
0
0
0
0
0
0
0
0
0
0
0
0
0
0
0
0
0
0
0
0
0
0
0
0
0
0
0
0
0
0
0
0
0
0
0
0
0
0
0
0
0
0
0
0
0
0
0
0
0
0
0
0
0
0
0
0
0
0
0
0
0
0
0
0
0
0
0
0
0
0
0
0
0
0
0
0
0
0
0
0
0
0
0
0
0
0
0
0
0
0
0
0
0
0
0
0
0
0
0
0
0
0
0
0
0
0
0
0
0
0
0
0
0
0
0
0
0
0
0
0
0
0
0
0
0
0
0
0
0
0
0
0
0
0
0
0
0
0
0
0
0
0
0
0
0
0
0
0
0
0
0
0
0
0
0
0
0
0
0
0
0
0
0
0
0
0
0
0
0
0
0
0
0
0
0
0
0
0
0
0
0
0
0
0
0
0
0
0
0
0
0
0
0
0
0
0
0
0
0
0
0
0
0
0
0
0
0
0
0
0
0
0
0
0
0
0
0
0
0
0
0
0
0
0
0
0
0
0
0
0
0
0
0
0
0
0
0
0
0
0
0
0
0
0
0
0
0
0
0
0
0
0
0
0
0
0
0
0
0
0
0
0
0
0
0
0
0
0
0
0
0
0
0
0
0
0
0
0
0
0
0
0
0
0
0
0
0
0
0
0
0
0
0
0
0
0
0
0
0
0
0
0
0
0
0
0
0
0
0
0
0
0
0
0
0
0
0
0
0
0
0
0
0
0
0
0
0
0
0
0
0
0
0
0
0
0
0
0
0
0
0
0
0
0
0
0
0
0
0
0
0
0
0
0
0
0
0
0
0
0
0
0
0
0
0
0
0
0
0
0
0
0
0
0
0
0
0
0
0
0
0
0
0
0
0
0
0
0
0
0
0
0
0
0
0
0
0
0
0
0
0
0
0
0
0
0
0
0
0
0
0
0
0
0
0
0
0
0
0
0
0
0
0
0
0
0
0
0
0
0
0
0
0
0
0
0
0
0
0
0
0
0
0
0
0
0
0
0
0
0
0
0
0
0
0
0
0
0
0
0
0
0
0
0
0
0
0
0
0
0
0
0
0
0
0
0
0
0
0
0
0
0
0
0
0
0
0
0
0
0
0
0
0
0
0
0
0
0
0
0
0
0
0
0
0
0
0
0
0
0
0
0
0
0
0
0
0
0
0
0
0
0
0
0
0
0
0
0
0
0
0
0
0
0
0
0
0
0
0
0
0
0
0
0
0
0
0
0
0
0
0
0
0
0
0
0
0
0
0
0
0
0
0
0
0
0
0
0
0
0
0
0
0
0
0
0
0
0
0
0
0
0
0
0
0
0
0
0
0
0
0
0
0
0
0
0
0
0
0
0
0
0
0
0
0
0
0
0
0
0
0
0
0
0
0
0
0
0
0
0
0
0
0
0
0
0
0
0
0
0
0
0
0
0
0
0
0
0
0
0
0
0
0
0
0
0
0
0
0
0
0
0
0
0
0
0
0
0
0
0
0
0
0
0
0
0
0
0
0
0
0
0
0
0
0
0
0
0
0
0
0
0
0
0
0
0
0
0
0
0
0
0
0
0
0
0
0
0
0
0
0
0
0
0
0
0
0
0
0
0
0
0
0
0
0
0
0
0
0
0
0
0
0
0
0
0
0
0
0
0
0
0
0
0
0
0
0
0
0
0
0
0
0
0
0
0
0
0
0
0
0
0
0
0
0
0
0
0
0
0
0
0
0
0
0
0
0
0
0
0
0
0
0
0
0
0
0
0
0
0
0
0
0
0
0
0
0
0
0
0
0
0
0
0
0
0
0
0
0
0
0
0
0
0
0
0
0
0
0
0
0
0
0
0
0
0
0
0
0
0
0
0
0
0
0
0
0
0
0
0
0
0
0
0
0
0
0
0
0
0
0
0
0
0
0
0
0
0
0
0
0
0
0
0
0
0
0
0
0
0
0
0
0
0
0
0
0
0
0
0
0
0
0
0
0
0
0
0
0
0
0
0
0
0
0
0
0
0
0
0
0
0
0
0
0
0
0
0
0
0
0
0
0
0
0
0
0
0
0
0
0
0
0
0
0
0
0
0
0
0
0
0
0
0
0
0
0
0
0
0
0
0
0
0
0
0
0
0
0
0
0
0
0
0
0
0
0
0
0
0
0
0
0
0
0
0
0
0
0
0
0
0
0
0
0
0
0
0
0
0
0
0
0
0
0
0
0
0
0
0
0
0
0
0
0
0
0
0
0
0
0
0
0
0
0
0
0
0
0
0
0
0
0
0
0
0
0
0
0
0
0
0
0
0
0
0
0
0
0
0
0
0
0
0
0
0
0
0
0
0
0
0
0
0
0
0
0
0
0
0
0
0
0
0
0
0
0
0
0
0
0
0
0
0
0
0
0
0
0
0
0
0
0
0
0
0
0
0
0
0
0
0
0
0
0
0
0
0
0
0
0
0
0
0
0
0
0
0
0
0
0
0
0
0
0
0
0
0
0
0
0
0
0
0
0
0
0
0
0
0
0
0
0
0
0
0
0
0
0
0
0
0
0
0
0
0
0
0
0
0
0
0
0
0
0
0
0
0
0
0
0
0
0
0
0
0
0
0
0
0
0
0
0
0
0
0
0
0
0
0
0
0
0
0
0
0
0
0
0
0
0
0
0
0
0
0
0
0
0
0
0
0
0
0
0
0
0
0
0
0
0
0
0
0
0
0
0
0
0
0
0
0
0
0
0
0
0
0
0
0
0
0
0
0
0
0
0
0
0
0
0
0
0
0
0
0
0
0
0
0
0
0
0
0
0
0
0
0
0
0
0
0
0
0
0
0
0
0
0
0
0
0
0
0
0
0
0
0
0
0
0
0
0
0
0
0
0
0
0
0
0
0
0
0
0
0
0
0
0
0
0
0
0
0
0
0
0
0
0
0
0
0
0
0
0
0
0
0
0
0
0
0
0
0
0
0
0
0
0
0
0
0
0
0
0
0
0
0
0
0
0
0
0
0
0
0
0
0
0
0
0
0
0
0
0
0
0
0
0
0
0
0
0
0
0
0
0
0
0
0
0
0
0
0
0
0
0
0
0
0
0
0
0
0
0
0
0
0
0
0
0
0
0
0
0
0
0
0
0
0
0
0
0
0
0
0
0
0
0
0
0
0
0
0
0
0
0
0
0
0
0
0
0
0
0
0
0
0
0
0
0
0
0
0
0
0
0
0
0
0
0
0
0
0
0
0
0
0
0
0
0
0
0
0
0
0
0
0
0
0
0
0
0
0
0
0
0
0
0
0
0
0
0
0
0
0
0
0
0
0
0
0
0
0
0
0
0
0
0
0
0
0
0
0
0
0
0
0
0
0
0
0
0
0
0
0
0
0
0
0
0
0
0
0
0
0
0
0
0
0
0
0
0
0
0
0
0
0
0
0
0
0
0
0
0
0
0
0
0
0
0
0
0
0
0
0
0
0
0
0
0
0
0
0
0
0
0
0
0
0
0
0
0
0
0
0
0
0
0
0
0
0
0
0
0
0
0
0
0
0
0
0
0
0
0
0
0
0
0
0
0
0
0
0
0
0
0
0
0
0
0
0
0
0
0
0
0
0
0
0
0
0
0
0
0
0
0
0
0
0
0
0
0
0
0
0
0
0
0
0
0
0
0
0
0
0
0
0
0
0
0
0
0
0
0
0
0
0
0
0
0
0
0
0
0
0
0
0
0
0
0
0
0
0
0
0
0
0
0
0
0
0
0
0
0
0
0
0
0
0
0
0
0
0
0
0
0
0
0
0
0
0
0
0
0
0
0
0
0
0
0
0
0
0
0
0
0
0
0
0
0
0
0
0
0
0
0
0
0
0
0
0
0
0
0
0
0
0
0
0
0
0
0
0
0
0
0
0
0
0
0
0
0
0
0
0
0
0
0
0
0
0
0
0
0
0
0
0
0
0
0
0
0
0
0
0
0
0
0
0
0
0
0
0
0
0
0
0
0
0
0
0
0
0
0
0
0
0
0
0
0
0
0
0
0
0
0
0
0
0
0
0
0
0
0
0
0
0
0
0
0
0
0
0
0
0
0
0
0
0
0
0
0
0
0
0
0
0
0
0
0
0
0
0
0
0
0
0
0
0
0
0
0
0
0
0
0
0
0
0
0
0
0
0
0
0
0
0
0
0
0
0
0
0
0
0
0
0
0
0
0
0
0
0
0
0
0
0
0
0
0
0
0
0
0
0
0
0
0
0
0
0
0
0
0
0
0
0
0
0
0
0
0
0
0
0
0
0
0
0
0
0
0
0
0
0
0
0
0
0
0
0
0
0
0
0
0
0
0
0
0
0
0
0
0
0
0
0
0
0
0
0
0
0
0
0
0
0
0
0
0
0
0
0
0
0
0
0
0
0
0
0
0
0
0
0
0
0
0
0
0
0
0
0
0
0
0
0
0
0
0
0
0
0
0
0
0
0
0
0
0
0
0
0
0
0
0
0
0
0
0
0
0
0
0
0
0
0
0
0
0
0
0
0
0
0
0
0
0
0
0
0
0
0
0
0
0
0
0
0
0
0
0
0
0
0
0
0
0
0
0
0
0
0
0
0
0
0
0
0
0
0
0
0
0
0
0
0
0
0
0
0
0
0
0
0
0
0
0
0
0
0
0
0
0
0
0
0
0
0
0
0
0
0
0
0
0
0
0
0
0
0
0
0
0
0
0
0
0
0
0
0
0
0
0
0
0
0
0
0
0
0
0
0
0
0
0
0
0
0
0
0
0
0
0
0
0
0
0
0
0
0
0
0
0
0
0
0
0
0
0
0
0
0
0
0
0
0
0
0
0
0
0
0
0
0
0
0
0
0
0
0
0
0
0
0
0
0
0
0
0
0
0
0
0
0
0
0
0
0
0
0
0
0
0
0
0
0
0
0
0
0
0
0
0
0
0
0
0
0
0
0
0
0
0
0
0
0
0
0
0
0
0
0
0
0
0
0
0
0
0
0
0
0
0
0
0
0
0
0
0
0
0
0
0
0
0
0
0
0
0
0
0
0
0
0
0
0
0
0
0
0
0
0
0
0
0
0
0
0
0
0
0
0
0
0
0
0
0
0
0
0
0
0
0
0
0
0
0
0
0
0
0
0
0
0
0
0
0
0
0
0
0
0
0
0
0
0
0
0
0
0
0
0
0
0
0
0
0
0
0
0
0
0
0
0
0
0
0
0
0
0
0
0
0
0
0
0
0
0
0
0
0
0
0
0
0
0
0
0
0
0
0
0
0
0
0
0
0
0
0
0
0
0
0
0
0
0
0
0
0
0
0
0
0
0
0
0
0
0
0
0
0
0
0
0
0
0
0
0
0
0
0
0
0
0
0
0
0
0
0
0
0
0
0
0
0
0
0
0
0
0
0
0
0
0
0
0
0
0
0
0
0
0
0
0
0
0
0
0
0
0
0
0
0
0
0
0
0
0
0
0
0
0
0
0
0
0
0
0
0
0
0
0
0
0
0
0
0
0
0
0
0
0
0
0
0
0
0
0
0
0
0
0
0
0
0
0
0
0
0
0
0
0
0
0
0
0
0
0
0
0
0
0
0
0
0
0
0
0
0
0
0
0
0
0
0
0
0
0
0
0
0
0
0
0
0
0
0
0
0
0
0
0
0
0
0
0
0
0
0
0
0
0
0
0
0
0
0
0
0
0
0
0
0
0
0
0
0
0
0
0
0
0
0
0
0
0
0
0
0
0
0
0
0
0
0
0
0
0
0
0
0
0
0
0
0
0
0
0
0
0
0
0
0
0
0
0
0
0
0
0
0
0
0
0
0
0
0
0
0
0
0
0
0
0
0
0
0
0
0
0
0
0
0
0
0
0
0
0
0
0
0
0
0
0
0
0
0
0
0
0
0
0
0
0
0
0
0
0
0
0
0
0
0
0
0
0
0
0
0
0
0
0
0
0
0
0
0
0
0
0
0
0
0
0
0
0
0
0
0
0
0
0
0
0
0
0
0
0
0
0
0
0
0
0
0
0
0
0
0
0
0
0
0
0
0
0
0
0
0
0
0
0
0
0
0
0
0
0
0
0
0
0
0
0
0
0
0
0
0
0
0
0
0
0
0
0
0
0
0
0
0
0
0
0
0
0
0
0
0
0
0
0
0
0
0
0
0
0
0
0
0
0
0
0
0
0
0
0
0
0
0
0
0
0
0
0
0
0
0
0
0
0
0
0
0
0
0
0
0
0
0
0
0
0
0
0
0
0
0
0
0
0
0
0
0
0
0
0
0
0
0
0
0
0
0
0
0
0
0
0
0
0
0
0
0
0
0
0
0
0
0
0
0
0
0
0
0
0
0
0
0
0
0
0
0
0
0
0
0
0
0
0
0
0
0
0
0
0
0
0
0
0
0
0
0
0
0
0
0
0
0
0
0
0
0
0
0
0
0
0
0
0
0
0
0
0
0
0
0
0
0
0
0
0
0
0
0
0
0
0
0
0
0
0
0
0
0
0
0
0
0
0
0
0
0
0
0
0
0
0
0
0
0
0
0
0
0
0
0
0
0
0
0
0
0
0
0
0
0
0
0
0
0
0
0
0
0
0
0
0
0
0
0
0
0
0
0
0
0
0
0
0
0
0
0
0
0
0
0
0
0
0
0
0
0
0
0
0
0
0
0
0
0
0
0
0
0
0
0
0
0
0
0
0
0
0
0
0
0
0
0
0
0
0
0
0
0
0
0
0
0
0
0
0
0
0
0
0
0
0
0
0
0
0
0
0
0
0
0
0
0
0
0
0
0
0
0
0
0
0
0
0
0
0
0
0
0
0
0
0
0
0
0
0
0
0
0
0
0
0
0
0
0
0
0
0
0
0
0
0
0
0
0
0
0
0
0
0
0
0
0
0
0
0
0
0
0
0
0
0
0
0
0
0
0
0
0
0
0
0
0
0
0
0
0
0
0
0
0
0
0
0
0
0
0
0
0
0
0
0
0
0
0
0
0
0
0
0
0
0
0
0
0
0
0
0
0
0
0
0
0
0
0
0
0
0
0
0
0
0
0
0
0
0
0
0
0
0
0
0
0
0
0
0
0
0
0
0
0
0
0
0
0
0
0
0
0
0
0
0
0
0
0
0
0
0
0
0
0
0
0
0
0
0
0
0
0
0
0
0
0
0
0
0
0
0
0
0
0
0
0
0
0
0
0
0
0
0
0
0
0
0
0
0
0
0
0
0
0
0
0
0
0
0
0
0
0
0
0
0
0
0
0
0
0
0
0
0
0
0
0
0
0
0
0
0
0
0
0
0
0
0
0
0
0
0
0
0
0
0
0
0
0
0
0
0
0
0
0
0
0
0
0
0
0
0
0
0
0
0
0
0
0
0
0
0
0
0
0
0
0
0
0
0
0
0
0
0
0
0
0
0
0
0
0
0
0
0
0
0
0
0
0
0
0
0
0
0
0
0
0
0
0
0
0
0
0
0
0
0
0
0
0
0
0
0
0
0
0
0
0
0
0
0
0
0
0
0
0
0
0
0
0
0
0
0
0
0
0
0
0
0
0
0
0
0
0
0
0
0
0
0
0
0
0
0
0
0
0
0
0
0
0
0
0
0
0
0
0
0
0
0
0
0
0
0
0
0
0
0
0
0
0
0
0
0
0
0
0
0
0
0
0
0
0
0
0
0
0
0
0
0
0
0
0
0
0
0
0
0
0
0
0
0
0
0
0
0
0
0
0
0
0
0
0
0
0
0
0
0
0
0
0
0
0
0
0
0
0
0
0
0
0
0
0
0
0
0
0
0
0
0
0
0
0
0
0
0
0
0
0
0
0
0
0
0
0
0
0
0
0
0
0
0
0
0
0
0
0
0
0
0
0
0
0
0
0
0
0
0
0
0
0
0
0
0
0
0
0
0
0
0
0
0
0
0
0
0
0
0
0
0
0
0
0
0
0
0
0
0
0
0
0
0
0
0
0
0
0
0
0
0
0
0
0
0
0
0
0
0
0
0
0
0
0
0
0
0
0
0
0
0
0
0
0
0
0
0
0
0
0
0
0
0
0
0
0
0
0
0
0
0
0
0
0
0
0
0
0
0
0
0
0
0
0
0
0
0
0
0
0
0
0
0
0
0
0
0
0
0
0
0
0
0
0
0
0
0
0
0
0
0
0
0
0
0
0
0
0
0
0
0
0
0
0
0
0
0
0
0
0
0
0
0
0
0
0
0
0
0
0
0
0
0
0
0
0
0
0
0
0
0
0
0
0
0
0
0
0
0
0
0
0
0
0
0
0
0
0
0
0
0
0
0
0
0
0
0
0
0
0
0
0
0
0
0
0
0
0
0
0
0
0
0
0
0
0
0
0
0
0
0
0
0
0
0
0
0
0
0
0
0
0
0
0
0
0
0
0
0
0
0
0
0
0
0
0
0
0
0
0
0
0
0
0
0
0
0
0
0
0
0
0
0
0
0
0
0
0
0
0
0
0
0
0
0
0
0
0
0
0
0
0
0
0
0
0
0
0
0
0
0
0
0
0
0
0
0
0
0
0
0
0
0
0
0
0
0
0
0
0
0
0
0
0
0
0
0
0
0
0
0
0
0
0
0
0
0
0
0
0
0
0
0
0
0
0
0
0
0
0
0
0
0
0
0
0
0
0
0
0
0
0
0
0
0
0
0
0
0
0
0
0
0
0
0
0
0
0
0
0
0
0
0
0
0
0
0
0
0
0
0
0
0
0
0
0
0
0
0
0
0
0
0
0
0
0
0
0
0
0
0
0
0
0
0
0
0
0
0
0
0
0
0
0
0
0
0
0
0
0
0
0
0
0
0
0
0
0
0
0
0
0
0
0
0
0
0
0
0
0
0
0
0
0
0
0
0
0
0
0
0
0
0
0
0
0
0
0
0
0
0
0
0
0
0
0
0
0
0
0
0
0
0
0
0
0
0
0
0
0
0
0
0
0
0
0
0
0
0
0
0
0
0
0
0
0
0
0
0
0
0
0
0
0
0
0
0
0
0
0
0
0
0
0
0
0
0
0
0
0
0
0
0
0
0
0
0
0
0
0
0
0
0
0
0
0
0
0
0
0
0
0
0
0
0
0
0
0
0
0
0
0
0
0
0
0
0
0
0
0
0
0
0
0
0
0
0
0
0
0
0
0
0
0
0
0
0
0
0
0
0
0
0
0
0
0
0
0
0
0
0
0
0
0
0
0
0
0
0
0
0
0
0
0
0
0
0
0
0
0
0
0
0
0
0
0
0
0
0
0
0
0
0
0
0
0
0
0
0
0
0
0
0
0
0
0
0
0
0
0
0
0
0
0
0
0
0
0
0
0
0
0
0
0
0
0
0
0
0
0
0
0
0
0
0
0
0
0
0
0
0
0
0
0
0
0
0
0
0
0
0
0
0
0
0
0
0
0
0
0
0
0
0
0
0
0
0
0
0
0
0
0
0
0
0
0
0
0
0
0
0
0
0
0
0
0
0
0
0
0
0
0
0
0
0
0
0
0
0
0
0
0
0
0
0
0
0
0
0
0
0
0
0
0
0
0
0
0
0
0
0
0
0
0
0
0
0
0
0
0
0
0
0
0
0
0
0
0
0
0
0
0
0
0
0
0
0
0
0
0
0
0
0
0
0
0
0
0
0
0
0
0
0
0
0
0
0
0
0
0
0
0
0
0
0
0
0
0
0
0
0
0
0
0
0
0
0
0
0
0
0
0
0
0
0
0
0
0
0
0
0
0
0
0
0
0
0
0
0
0
0
0
0
0
0
0
0
0
0
0
0
0
0
0
0
0
0
0
0
0
0
0
0
0
0
0
0
0
0
0
0
0
0
0
0
0
0
0
0
0
0
0
0
0
0
0
0
0
0
0
0
0
0
0
0
0
0
0
0
0
0
0
0
0
0
0
0
0
0
0
0
0
0
0
0
0
0
0
0
0
0
0
0
0
0
0
0
0
0
0
0
0
0
0
0
0
0
0
0
0
0
0
0
0
0
0
0
0
0
0
0
0
0
0
0
0
0
0
0
0
0
0
0
0
0
0
0
0
0
0
0
0
0
0
0
0
0
0
0
0
0
0
0
0
0
0
0
0
0
0
0
0
0
0
0
0
0
0
0
0
0
0
0
0
0
0
0
0
0
0
0
0
0
0
0
0
0
0
0
0
0
0
0
0
0
0
0
0
0
0
0
0
0
0
0
0
0
0
0
0
0
0
0
0
0
0
0
0
0
0
0
0
0
0
0
0
0
0
0
0
0
0
0
0
0
0
0
0
0
0
0
0
0
0
0
0
0
0
0
0
0
0
0
0
0
0
0
0
0
0
0
0
0
0
0
0
0
0
0
0
0
0
0
0
0
0
0
0
0
0
0
0
0
0
0
0
0
0
0
0
0
0
0
0
0
0
0
0
0
0
0
0
0
0
0
0
0
0
0
0
0
0
0
0
0
0
0
0
0
0
0
0
0
0
0
0
0
0
0
0
0
0
0
0
0
0
0
0
0
0
0
0
0
0
0
0
0
0
0
0
0
0
0
0
0
0
0
0
0
0
0
0
0
0
0
0
0
0
0
0
0
0
0
0
0
0
0
0
0
0
0
0
0
0
0
0
0
0
0
0
0
0
0
0
0
0
0
0
0
0
0
0
0
0
0
0
0
0
0
0
0
0
0
0
0
0
0
0
0
0
0
0
0
0
0
0
0
0
0
0
0
0
0
0
0
0
0
0
0
0
0
0
0
0
0
0
0
0
0
0
0
0
0
0
0
0
0
0
0
0
0
0
0
0
0
0
0
0
0
0
0
0
0
0
0
0
0
0
0
0
0
0
0
0
0
0
0
0
0
0
0
0
0
0
0
0
0
0
0
0
0
0
0
0
0
0
0
0
0
0
0
0
0
0
0
0
0
0
0
0
0
0
0
0
0
0
0
0
0
0
0
0
0
0
0
0
0
0
0
0
0
0
0
0
0
0
0
0
0
0
0
0
0
0
0
0
0
0
0
0
0
0
0
0
0
0
0
0
0
0
0
0
0
0
0
0
0
0
0
0
0
0
0
0
0
0
0
0
0
0
0
0
0
0
0
0
0
0
0
0
0
0
0
0
0
0
0
0
0
0
0
0
0
0
0
0
0
0
0
0
0
0
0
0
0
0
0
0
0
0
0
0
0
0
0
0
0
0
0
0
0
0
0
0
0
0
0
0
0
0
0
0
0
0
0
0
0
0
0
0
0
0
0
0
0
0
0
0
0
0
0
0
0
0
0
0
0
0
0
0
0
0
0
0
0
0
0
0
0
0
0
0
0
0
0
0
0
0
0
0
0
0
0
0
0
0
0
0
0
0
0
0
0
0
0
0
0
0
0
0
0
0
0
0
0
0
0
0
0
0
0
0
0
0
0
0
0
0
0
0
0
0
0
0
0
0
0
0
0
0
0
0
0
0
0
0
0
0
0
0
0
0
0
0
0
0
0
0
0
0
0
0
0
0
0
0
0
0
0
0
0
0
0
0
0
0
0
0
0
0
0
0
0
0
0
0
0
0
0
0
0
0
0
0
0
0
0
0
0
0
0
0
0
0
0
0
0
0
0
0
0
0
0
0
0
0
0
0
0
0
0
0
0
0
0
0
0
0
0
0
0
0
0
0
0
0
0
0
0
0
0
0
0
0
0
0
0
0
0
0
0
0
0
0
0
0
0
0
0
0
0
0
0
0
0
0
0
0
0
0
0
0
0
0
0
0
0
0
0
0
0
0
0
0
0
0
0
0
0
0
0
0
0
0
0
0
0
0
0
0
0
0
0
0
0
0
0
0
0
0
0
0
0
0
0
0
0
0
0
0
0
0
0
0
0
0
0
0
0
0
0
0
0
0
0
0
0
0
0
0
0
0
0
0
0
0
0
0
0
0
0
0
0
0
0
0
0
0
0
0
0
0
0
0
0
0
0
0
0
0
0
0
0
0
0
0
0
0
0
0
0
0
0
0
0
0
0
0
0
0
0
0
0
0
0
0
0
0
0
0
0
0
0
0
0
0
0
0
0
0
0
0
0
0
0
0
0
0
0
0
0
0
0
0
0
0
0
0
0
0
0
0
0
0
0
0
0
0
0
0
0
0
0
0
0
0
0
0
0
0
0
0
0
0
0
0
0
0
0
0
0
0
0
0
0
0
0
0
0
0
0
0
0
0
0
0
0
0
0
0
0
0
0
0
0
0
0
0
0
0
0
0
0
0
0
0
0
0
0
0
0
0
0
0
0
0
0
0
0
0
0
0
0
0
0
0
0
0
0
0
0
0
0
0
0
0
0
0
0
0
0
0
0
0
0
0
0
0
0
0
0
0
0
0
0
0
0
0
0
0
0
0
0
0
0
0
0
0
0
0
0
0
0
0
0
0
0
0
0
0
0
0
0
0
0
0
0
0
0
0
0
0
0
0
0
0
0
0
0
0
0
0
0
0
0
0
0
0
0
0
0
0
0
0
0
0
0
0
0
0
0
0
0
0
0
0
0
0
0
0
0
0
0
0
0
0
0
0
0
0
0
0
0
0
0
0
0
0
0
0
0
0
0
0
0
0
0
0
0
0
0
0
0
0
0
0
0
0
0
0
0
0
0
0
0
0
0
0
0
0
0
0
0
0
0
0
0
0
0
0
0
0
0
0
0
0
0
0
0
0
0
0
0
0
0
0
0
0
0
0
0
0
0
0
0
0
0
0
0
0
0
0
0
0
0
0
0
0
0
0
0
0
0
0
0
0
0
0
0
0
0
0
0
0
0
0
0
0
0
0
0
0
0
0
0
0
0
0
0
0
0
0
0
0
0
0
0
0
0
0
0
0
0
0
0
0
0
0
0
0
0
0
0
0
0
0
0
0
0
0
0
0
0
0
0
0
0
0
0
0
0
0
0
0
0
0
0
0
0
0
0
0
0
0
0
0
0
0
0
0
0
0
0
0
0
0
0
0
0
0
0
0
0
0
0
0
0
0
0
0
0
0
0
0
0
0
0
0
0
0
0
0
0
0
0
0
0
0
0
0
0
0
0
0
0
0
0
0
0
0
0
0
0
0
0
0
0
0
0
0
0
0
0
0
0
0
0
0
0
0
0
0
0
0
0
0
0
0
0
0
0
0
0
0
0
0
0
0
0
0
0
0
0
0
0
0
0
0
0
0
0
0
0
0
0
0
0
0
0
0
0
0
0
0
0
0
0
0
0
0
0
0
0
0
0
0
0
0
0
0
0
0
0
0
0
0
0
0
0
0
0
0
0
0
0
0
0
0
0
0
0
0
0
0
0
0
0
0
0
0
0
0
0
0
0
0
0
0
0
0
0
0
0
0
0
0
0
0
0
0
0
0
0
0
0
0
0
0
0
0
0
0
0
0
0
0
0
0
0
0
0
0
0
0
0
0
0
0
0
0
0
0
0
0
0
0
0
0
0
0
0
0
0
0
0
0
0
0
0
0
0
0
0
0
0
0
0
0
0
0
0
0
0
0
0
0
0
0
0
0
0
0
0
0
0
0
0
0
0
0
0
0
0
0
0
0
0
0
0
0
0
0
0
0
0
0
0
0
0
0
0
0
0
0
0
0
0
0
0
0
0
0
0
0
0
0
0
0
0
0
0
0
0
0
0
0
0
0
0
0
0
0
0
0
0
0
0
0
0
0
0
0
0
0
0
0
0
0
0
0
0
0
0
0
0
0
0
0
0
0
0
0
0
0
0
0
0
0
0
0
0
0
0
0
0
0
0
0
0
0
0
0
0
0
0
0
0
0
0
0
0
0
0
0
0
0
0
0
0
0
0
0
0
0
0
0
0
0
0
0
0
0
0
0
0
0
0
0
0
0
0
0
0
0
0
0
0
0
0
0
0
0
0
0
0
0
0
0
0
0
0
0
0
0
0
0
0
0
0
0
0
0
0
0
0
0
0
0
0
0
0
0
0
0
0
0
0
0
0
0
0
0
0
0
0
0
0
0
0
0
0
0
0
0
0
0
0
0
0
0
0
0
0
0
0
0
0
0
0
0
0
0
0
0
0
0
0
0
0
0
0
0
0
0
0
0
0
0
0
0
0
0
0
0
0
0
0
0
0
0
0
0
0
0
0
0
0
0
0
0
0
0
0
0
0
0
0
0
0
0
0
0
0
0
0
0
0
0
0
0
0
0
0
0
0
0
0
0
0
0
0
0
0
0
0
0
0
0
0
0
0
0
0
0
0
0
0
0
0
0
0
0
0
0
0
0
0
0
0
0
0
0
0
0
0
0
0
0
0
0
0
0
0
0
0
0
0
0
0
0
0
0
0
0
0
0
0
0
0
0
0
0
0
0
0
0
0
0
0
0
0
0
0
0
0
0
0
0
0
0
0
0
0
0
0
0
0
0
0
0
0
0
0
0
0
0
0
0
0
0
0
0
0
0
0
0
0
0
0
0
0
0
0
0
0
0
0
0
0
0
0
0
0
0
0
0
0
0
0
0
0
0
0
0
0
0
0
0
0
0
0
0
0
0
0
0
0
0
0
0
0
0
0
0
0
0
0
0
0
0
0
0
0
0
0
0
0
0
0
0
0
0
0
0
0
0
0
0
0
0
0
0
0
0
0
0
0
0
0
0
0
0
0
0
0
0
0
0
0
0
0
0
0
0
0
0
0
0
0
0
0
0
0
0
0
0
0
0
0
0
0
0
0
0
0
0
0
0
0
0
0
0
0
0
0
0
0
0
0
0
0
0
0
0
0
0
0
0
0
0
0
0
0
0
0
0
0
0
0
0
0
0
0
0
0
0
0
0
0
0
0
0
0
0
0
0
0
0
0
0
0
0
0
0
0
0
0
0
0
0
0
0
0
0
0
0
0
0
0
0
0
0
0
0
0
0
0
0
0
0
0
0
0
0
0
0
0
0
0
0
0
0
0
0
0
0
0
0
0
0
0
0
0
0
0
0
0
0
0
0
0
0
0
0
0
0
0
0
0
0
0
0
0
0
0
0
0
0
0
0
0
0
0
0
0
0
0
0
0
0
0
0
0
0
0
0
0
0
0
0
0
0
0
0
0
0
0
0
0
0
0
0
0
0
0
0
0
0
0
0
0
0
0
0
0
0
0
0
0
0
0
0
0
0
0
0
0
0
0
0
0
0
0
0
0
0
0
0
0
0
0
0
0
0
0
0
0
0
0
0
0
0
0
0
0
0
0
0
0
0
0
0
0
0
0
0
0
0
0
0
0
0
0
0
0
0
0
0
0
0
0
0
0
0
0
0
0
0
0
0
0
0
0
0
0
0
0
0
0
0
0
0
0
0
0
0
0
0
0
0
0
0
0
0
0
0
0
0
0
0
0
0
0
0
0
0
0
0
0
0
0
0
0
0
0
0
0
0
0
0
0
0
0
0
0
0
0
0
0
0
0
0
0
0
0
0
0
0
0
0
0
0
0
0
0
0
0
0
0
0
0
0
0
0
0
0
0
0
0
0
0
0
0
0
0
0
0
0
0
0
0
0
0
0
0
0
0
0
0
0
0
0
0
0
0
0
0
0
0
0
0
0
0
0
0
0
0
0
0
0
0
0
0
0
0
0
0
0
0
0
0
0
0
0
0
0
0
0
0
0
0
0
0
0
0
0
0
0
0
0
0
0
0
0
0
0
0
0
0
0
0
0
0
0
0
0
0
0
0
0
0
0
0
0
0
0
0
0
0
0
0
0
0
0
0
0
0
0
0
0
0
0
0
0
0
0
0
0
0
0
0
0
0
0
0
0
0
0
0
0
0
0
0
0
0
0
0
0
0
0
0
0
0
0
0
0
0
0
0
0
0
0
0
0
0
0
0
0
0
0
0
0
0
0
0
0
0
0
0
0
0
0
0
0
0
0
0
0
0
0
0
0
0
0
0
0
0
0
0
0
0
0
0
0
0
0
0
0
0
0
0
0
0
0
0
0
0
0
0
0
0
0
0
0
0
0
0
0
0
0
0
0
0
0
0
0
0
0
0
0
0
0
0
0
0
0
0
0
0
0
0
0
0
0
0
0
0
0
0
0
0
0
0
0
0
0
0
0
0
0
0
0
0
0
0
0
0
0
0
0
0
0
0
0
0
0
0
0
0
0
0
0
0
0
0
0
0
0
0
0
0
0
0
0
0
0
0
0
0
0
0
0
0
0
0
0
0
0
0
0
0
0
0
0
0
0
0
0
0
0
0
0
0
0
0
0
0
0
0
0
0
0
0
0
0
0
0
0
0
0
0
0
0
0
0
0
0
0
0
0
0
0
0
0
0
0
0
0
0
0
0
0
0
0
0
0
0
0
0
0
0
0
0
0
0
0
0
0
0
0
0
0
0
0
0
0
0
0
0
0
0
0
0
0
0
0
0
0
0
0
0
0
0
0
0
0
0
0
0
0
0
0
0
0
0
0
0
0
0
0
0
0
0
0
0
0
0
0
0
0
0
0
0
0
0
0
0
0
0
0
0
0
0
0
0
0
0
0
0
0
0
0
0
0
0
0
0
0
0
0
0
0
0
0
0
0
0
0
0
0
0
0
0
0
0
0
0
0
0
0
0
0
0
0
0
0
0
0
0
0
0
0
0
0
0
0
0
0
0
0
0
0
0
0
0
0
0
0
0
0
0
0
0
0
0
0
0
0
0
0
0
0
0
0
0
0
0
0
0
0
0
0
0
0
0
0
0
0
0
0
0
0
0
0
0
0
0
0
0
0
0
0
0
0
0
0
0
0
0
0
0
0
0
0
0
0
0
0
0
0
0
0
0
0
0
0
0
0
0
0
0
0
0
0
0
0
0
0
0
0
0
0
0
0
0
0
0
0
0
0
0
0
0
0
0
0
0
0
0
0
0
0
0
0
0
0
0
0
0
0
0
0
0
0
0
0
0
0
0
0
0
0
0
0
0
0
0
0
0
0
0
0
0
0
0
0
0
0
0
0
0
0
0
0
0
0
0
0
0
0
0
0
0
0
0
0
0
0
0
0
0
0
0
0
0
0
0
0
0
0
0
0
0
0
0
0
0
0
0
0
0
0
0
0
0
0
0
0
0
0
0
0
0
0
0
0
0
0
0
0
0
0
0
0
0
0
0
0
0
0
0
0
0
0
0
0
0
0
0
0
0
0
0
0
0
0
0
0
0
0
0
0
0
0
0
0
0
0
0
0
0
0
0
0
0
0
0
0
0
0
0
0
0
0
0
0
0
0
0
0
0
0
0
0
0
0
0
0
0
0
0
0
0
0
0
0
0
0
0
0
0
0
0
0
0
0
0
0
0
0
0
0
0
0
0
0
0
0
0
0
0
0
0
0
0
0
0
0
0
0
0
0
0
0
0
0
0
0
0
0
0
0
0
0
0
0
0
0
0
0
0
0
0
0
0
0
0
0
0
0
0
0
0
0
0
0
0
0
0
0
0
0
0
0
0
0
0
0
0
0
0
0
0
0
0
0
0
0
0
0
0
0
0
0
0
0
0
0
0
0
0
0
0
0
0
0
0
0
0
0
0
0
0
0
0
0
0
0
0
0
0
0
0
0
0
0
0
0
0
0
0
0
0
0
0
0
0
0
0
0
0
0
0
0
0
0
0
0
0
0
0
0
0
0
0
0
0
0
0
0
0
0
0
0
0
0
0
0
0
0
0
0
0
0
0
0
0
0
0
0
0
0
0
0
0
0
0
0
0
0
0
0
0
0
0
0
0
0
0
0
0
0
0
0
0
0
0
0
0
0
0
0
0
0
0
0
0
0
0
0
0
0
0
0
0
0
0
0
0
0
0
0
0
0
0
0
0
0
0
0
0
0
0
0
0
0
0
0
0
0
0
0
0
0
0
0
0
0
0
0
0
0
0
0
0
0
0
0
0
0
0
0
0
0
0
0
0
0
0
0
0
0
0
0
0
0
0
0
0
0
0
0
0
0
0
0
0
0
0
0
0
0
0
0
0
0
0
0
0
0
0
0
0
0
0
0
0
0
0
0
0
0
0
0
0
0
0
0
0
0
0
0
0
0
0
0
0
0
0
0
0
0
0
0
0
0
0
0
0
0
0
0
0
0
0
0
0
0
0
0
0
0
0
0
0
0
0
0
0
0
0
0
0
0
0
0
0
0
0
0
0
0
0
0
0
0
0
0
0
0
0
0
0
0
0
0
0
0
0
0
0
0
0
0
0
0
0
0
0
0
0
0
0
0
0
0
0
0
0
0
0
0
0
0
0
0
0
0
0
0
0
0
0
0
0
0
0
0
0
0
0
0
0
0
0
0
0
0
0
0
0
0
0
0
0
0
0
0
0
0
0
0
0
0
0
0
0
0
0
0
0
0
0
0
0
0
0
0
0
0
0
0
0
0
0
0
0
0
0
0
0
0
0
0
0
0
0
0
0
0
0
0
0
0
0
0
0
0
0
0
0
0
0
0
0
0
0
0
0
0
0
