66
611
-2395
-1415
-1583
-2121
-2118
-73
1538
-3065
-1741
-2453
-3363
-3185
141
2307
-175
188
987
-1892
-2235
-2059
-16623
-251
1268
1415
-2811
-3786
-3337
-15378
-96
1214
9
114
-1904
117
-3226
-1935
-2519
-178
803
-2129
-92
-3352
-2713
-2443
-53
174
-42
372
-1428
-2225
-1346
-2263
-15145
-107
-654
-1741
-1892
-2657
-2859
-16617
25
-784
38
201
-688
-1589
-2841
-2205
-2494
-255
1124
-944
-2756
-2133
-2410
-830
-65
22
-75
331
-1245
-2476
-874
-2357
-17852
-193
-90
-2766
-1937
-1574
-2978
-21390
-29
-165
-139
258
-1002
-1708
-1909
-2953
-2617
-316
1768
-2273
-3232
-2526
-3689
-465
120
1432
11
735
-929
-3010
-1456
-2539
-16387
-79
467
-2706
-3376
-2419
-3573
-16030
92
474
-27
-2
-543
-1052
-1390
-885
-929
-236
1002
-1891
-1735
-1738
-2446
-185
8
1292
53
-113
140
-610
-362
-771
-22328
-171
-780
-1663
-2259
-1692
-2179
-18564
-9
-441
21
-525
-1703
-813
-2889
-1789
-1816
-223
284
-2270
-466
-2045
-2166
-1319
101
1067
145
263
1071
-1534
-809
-1493
-23895
-92
888
-751
-1739
-2233
-1596
-25623
-91
632
-36
205
-1755
-1737
-2974
-1838
-2138
-178
1530
-1610
-2138
-2598
-1724
-1850
-29
1731
123
305
1409
-1370
-1812
-1931
-17245
141
806
724
-1246
-2096
-1928
-19974
85
845
49
352
-1431
-711
-3264
-2202
-2608
-158
797
-704
-1101
-1881
-1913
-1882
-163
162
-114
-585
-490
-1154
-2666
-2307
-15566
-143
-730
-1380
-1200
-2973
-2587
-19730
-27
-855
26
-1168
-2615
534
-3656
-2882
-3074
-146
-1277
-3077
1158
-4106
-3203
-2414
117
-1731
-121
1038
-1535
-3376
-1992
-3090
-14069
-150
1413
-2384
-2535
-3271
-3252
-17756
-82
1028
-141
951
2081
-1445
-5491
-5029
-4613
-169
3232
2626
-1212
-6642
-4715
-4930
183
1758
-139
1384
-5237
-4236
-3933
-4646
-18374
-95
1923
-6821
-3521
-3884
-5357
-20666
139
2323
-131
2594
7314
-6761
-6170
-7150
-6216
-142
5809
8335
-7659
-7681
-6440
-5042
152
4342
-291
-108
-5885
-5553
-6452
-6312
-14303
-47
-1239
-8734
-5917
-6317
-6489
-17649
134
-1185
-13
-647
2273
-3068
-3020
-2631
-3135
-175
-635
1647
-3341
-4500
-3642
-2031
25
-1808
-115
-977
-2516
-4382
-2014
-3064
-19715
-132
-1040
-4626
-3653
-2522
-3528
-20004
99
-1309
19
4
-1681
-929
-2704
-1956
-2490
-22
158
-3257
-975
-4029
-3299
-574
6
-634
29
-48
-257
-3290
-1026
-2491
-23566
-34
-503
-2895
-2490
-2460
-3014
-23923
-10
-629
-71
1407
-2291
-1060
-2968
-2584
-2666
-288
1008
-5454
-1575
-4723
-5050
-892
39
769
193
741
470
-3142
-2004
-2763
-26652
27
555
-3433
-3597
-4324
-3592
-20915
95
948
13
32
-308
-1950
-3850
-4246
-4160
-109
301
-357
-2301
-3903
-3794
-2070
105
-586
-64
817
-2453
-3613
-4153
-4193
-14590
-78
233
-4171
-2620
-4451
-3548
-18626
15
351
-114
2349
4873
-5247
-5855
-6007
-5723
-249
5243
6354
-6694
-6500
-5747
-5131
177
3876
-246
-508
-4476
-4467
-6109
-5820
-18203
-41
-640
-5941
-4359
-7083
-5446
-20735
101
-539
-99
-449
-330
488
-2483
-1688
-1659
-172
89
-2009
-174
-2055
-2732
-888
120
-832
59
1680
-1785
-1138
-1589
-1833
-22100
-167
2144
-3555
-1058
-3750
-3108
-20048
135
1219
-333
-699
5827
-4750
-8122
-8032
-7244
-203
-695
6704
-5271
-6940
-6715
-5756
406
-655
-363
4126
-8216
-6006
-7637
-7534
-12184
-62
6104
-10578
-6275
-8177
-7107
-19006
208
5853
-280
-449
11858
-11484
-11194
-12137
-12699
-292
-360
14862
-12668
-9960
-10103
-10187
269
-427
-373
-629
-12760
-11610
-12733
-12859
15868
6
-1557
-14777
-10556
-12855
-10882
3519
317
-1460
-30
339
4394
-3077
-1772
-3006
-2959
-321
1201
3270
-3394
-3930
-4445
-2908
92
1144
57
-1074
-3705
-3443
-4050
-2582
-29913
-128
-3195
-6265
-3701
-4891
-3081
-28050
108
-2462
177
-400
-1267
-1556
-2972
-1508
-2280
58
288
-707
-456
-1963
-1228
-1450
81
-321
-30
143
-672
-1925
-1163
-2268
-18417
-148
412
-1243
-59
-974
-967
-26329
-172
115
69
-364
-1783
-2191
-2297
-2407
-2748
-5
708
-2007
-1664
-1440
-1995
-734
111
-23
46
536
-1009
-1908
-1604
-2780
-18418
-134
336
-1949
-532
-2194
-1221
-24469
56
263
-34
-226
3777
-4669
-5151
-3958
-4182
-156
353
2794
-5383
-4953
-4918
-2167
258
-229
-117
2642
-4895
-3714
-2944
-4154
-24575
-44
2972
-8000
-3749
-4585
-4590
-23942
142
2499
-262
-552
10977
-13724
-13767
-13255
-14456
-275
-598
14393
-14073
-12228
-11549
-11722
355
-646
-451
278
-12210
-13245
-13008
-14717
17677
-68
-468
-14513
-12330
-13108
-12400
3214
251
-425
-54
235
-17
-2487
-3070
-1696
-2589
-103
458
-993
-3012
-2301
-2583
-1834
268
460
-64
947
-948
-2650
-1626
-2543
-17975
-107
1144
-2268
-1522
-4370
-2979
-17835
62
890
-72
-1343
2375
-4186
-4526
-3902
-4027
-87
-1790
2616
-4327
-2852
-4098
-1982
338
-968
-279
749
-3932
-2419
-2777
-3919
-13536
-205
25
-5723
-4068
-4860
-3878
-16434
17
-959
-21
-1504
3472
-3841
-3973
-4632
-4670
-162
-3412
4452
-3884
-3214
-4528
-2384
131
-2621
-176
471
-4162
-2475
-6325
-4581
-18108
19
377
-6182
-5274
-7036
-3995
-21986
207
630
13
180
1229
-3165
-2727
-3693
-2788
-171
-244
1141
-2033
-2651
-3241
-2470
139
-175
-31
-83
-125
-3078
-2676
-2807
-10508
42
13
-1663
-2873
-2950
-2515
-14328
17
281
72
754
1516
-2655
-2026
-4075
-3099
-126
3055
1405
-2466
-3314
-3505
-2951
263
2048
-121
222
-1845
-3148
-3103
-3086
-19652
-77
120
-2374
-2491
-3198
-2929
-21487
-41
-45
68
1238
1798
-2683
-873
-2510
-2226
-161
2848
834
-3486
-2721
-3054
-935
186
1678
32
-3
-2519
-3048
-2105
-2157
-26619
-108
-1199
-4083
-2445
-2868
-2317
-27312
0
-696
109
476
2459
-4551
-4234
-3517
-3609
-124
219
1320
-5731
-5098
-4505
-699
167
250
-60
273
-2365
-3955
-817
-3537
-13917
-93
152
-5597
-3723
-2709
-4357
-12581
169
6
14
-2315
4761
-6100
-5690
-4492
-4990
-156
-3791
6040
-6725
-5937
-5346
-2741
145
-2360
-243
-535
-4553
-3609
-3249
-4700
-21077
-131
-448
-7485
-5445
-4911
-4572
-22946
204
-429
169
350
-1416
-1913
-4130
-1251
-2249
-89
-154
-2657
-2247
-4059
-3027
-1903
72
-45
-172
76
117
-2339
187
-2138
-18441
-293
-628
-1131
-2620
-2773
-1940
-16597
-109
-507
208
434
-1561
-1804
-2794
-1659
-1878
-92
622
-2480
-1457
-3040
-2893
-1128
180
565
26
871
866
-1503
-381
-1766
-22541
-92
648
-1522
-2365
-2620
-1236
-20479
-177
807
68
598
305
-1460
-2415
-1447
-1528
-184
308
-161
-1404
-2241
-2694
-2050
32
-956
-10
-100
-605
-1126
-1559
-1535
-25920
36
-1044
-1677
-2212
-2505
-1692
-25769
-9
-456
17
672
3195
-1648
-2844
-3964
-2776
-139
1384
2225
-1685
-3987
-4300
-3126
37
676
-78
1936
-2523
-2991
-3877
-2950
-19457
-53
2839
-4535
-3412
-4667
-4171
-19124
-38
1842
-192
1925
5855
-7773
-11087
-11835
-11186
-145
2486
9173
-6592
-9282
-7491
-8508
375
1885
-289
1781
-8907
-10972
-8895
-11589
12847
42
2430
-9621
-6977
-7998
-8039
-8382
265
2160
-95
1057
4651
-6297
-6789
-6273
-6861
-154
1672
5617
-6895
-5110
-4904
-4670
381
1547
-227
-2229
-5802
-7299
-5534
-6819
-3686
12
-5138
-6483
-4592
-6147
-5092
-14418
325
-4324
166
108
21
-2670
-3693
-2870
-2904
-32
-649
818
-2777
-1686
-2237
-112
268
-621
-59
-1791
-2027
-3293
33
-2946
-17326
-223
-1737
-3464
-1712
-1669
-2028
-24388
8
-1338
14
187
-381
-1191
-2114
-1847
-2077
-117
-116
34
-1893
-2034
-2446
-425
86
-1072
-186
-1233
-2246
-1719
-234
-1916
-17771
-374
-447
-3504
-1689
-1785
-2049
-18363
-55
-525
98
-618
-2851
-23
-3520
-2656
-2995
14
-236
-3688
202
-4308
-3155
-2701
56
-1634
-203
905
-1491
-3064
-564
-2970
-16690
-216
-231
-1963
-2271
-1992
-2074
-18699
-55
-563
42
-481
-4015
-1112
-4758
-4021
-4510
-225
-458
-2861
1026
-4215
-2626
-2700
135
-555
-24
948
-2614
-4836
-343
-4488
-10909
-52
1172
-3563
-2222
-465
-1220
-23485
-66
1871
-100
340
2835
-2296
-4529
-3660
-3671
-313
2018
1818
-3265
-5740
-4742
-3294
93
1309
98
683
-4445
-3991
-2790
-3642
-19212
14
1505
-6168
-4367
-4512
-4332
-16975
-6
1416
-177
3180
9479
-7869
-8262
-9103
-8904
-232
5293
11304
-8454
-8753
-7094
-6729
196
4021
-149
1096
-9895
-8265
-8468
-9133
-5827
25
152
-12023
-7228
-8890
-7965
-15128
146
-308
-163
-1667
8419
-7752
-11362
-10853
-10700
-205
-4430
11044
-7634
-8783
-8382
-7956
308
-4190
-279
1371
-10181
-9692
-9765
-11202
3265
63
2105
-12378
-7976
-9461
-8434
-11735
380
2256
-156
-2727
5151
-4605
-9096
-6771
-7695
-258
-4820
5699
-4454
-6271
-7145
-7465
371
-3835
-132
-2532
-7680
-7817
-6485
-7737
-11926
4
-4698
-9198
-7233
-8800
-6808
-17688
351
-3886
106
403
-29
-2261
-4595
-3345
-3999
-23
-397
505
-2785
-3551
-2958
-3335
291
-146
-14
-1130
-3134
-5352
-451
-3959
-14728
-153
-1733
-3447
-2285
-2886
-2424
-19647
65
-2122
-6
451
-1593
-174
-2219
-2332
-2103
-18
603
-2207
-915
-3311
-2973
-834
93
183
-215
-848
-1595
-2813
316
-1894
-15920
-374
-224
-2616
-1377
-1980
-2104
-14883
-201
40
-8
-956
-3224
138
-1861
-4386
-3512
-80
-1472
-3437
566
-3486
-3674
-3203
174
-339
-164
813
-2175
-3435
-2089
-3571
-14401
-235
303
-1802
-1767
-3304
-2919
-18959
-17
312
-159
-1248
-1649
-267
-2160
-3289
-2922
-263
-1800
-1892
285
-2956
-2784
-2687
-42
-1324
185
176
-3353
-2269
-1322
-2944
-15470
-101
-263
-3765
-1984
-2573
-1092
-18841
62
-239
-262
-1374
4574
-4905
-6796
-5569
-5446
-207
-1523
4509
-4240
-6600
-5070
-4355
91
-1278
-13
3411
-6197
-4630
-3481
-5319
-22317
-47
4516
-8116
-5300
-5206
-4888
-26774
110
3192
-220
-1181
12127
-13715
-14053
-13187
-14084
-187
-1262
15692
-13475
-12225
-10247
-10841
339
-1335
-396
537
-12253
-12711
-11901
-14164
16030
-61
-207
-14343
-11133
-11396
-10597
-2663
271
-422
-201
-1411
7991
-6131
-6728
-5754
-5886
-286
-1944
8227
-6990
-6718
-6707
-5569
176
-1591
-120
-2045
-7034
-5468
-5503
-5912
-15636
-10
-4250
-10370
-5759
-7121
-5597
-15291
220
-3838
-137
-573
2885
-2120
-3425
-2848
-3075
-177
-772
2983
-1930
-3347
-3746
-4847
209
312
-25
702
-4597
-3150
-2233
-3104
-21367
-128
618
-5967
-2503
-3775
-2484
-20374
16
749
-171
-214
-2303
-1493
-3334
-4118
-4226
-109
301
-1704
-1435
-4174
-3016
-3967
159
229
-126
-32
-2742
-5721
-452
-4030
-8635
-35
-4
-3210
-1813
-1925
-1367
-12928
14
-4
-160
-373
-2712
-1107
-4188
-3418
-3040
-289
-429
-3262
-945
-4570
-3285
-1632
-18
-955
-161
-664
-3030
-3575
2469
-2736
-15947
-181
-920
-3984
-2295
-311
-2078
-16633
-28
-887
-99
-577
-1664
-350
-781
-1926
-1740
-245
-858
-2147
-112
-3254
-3035
-2008
-124
-319
-212
92
-2361
-1986
-389
-1669
-17565
-176
-185
-2156
-2692
-2742
-2866
-15795
-132
-651
-253
-346
-309
-1079
-628
-553
-1005
-380
-269
-479
-1016
-1628
-1346
-1211
-146
-624
91
-213
-1354
-796
-768
-762
-20345
-114
-691
-1485
-1240
-2621
-245
-21140
43
-595
-221
62
1936
-2979
-1595
-1536
-2019
-228
-280
1640
-2591
-1990
-2599
-2127
-153
-640
-71
495
-3220
-1377
-1452
-1921
-16268
-266
1256
-4240
-3399
-3000
-2276
-16048
11
1318
-232
-1204
4455
-5137
-3023
-3458
-3898
-326
-1930
5021
-5584
-4555
-4959
-3570
-87
-2070
-273
-1120
-5412
-2482
-3699
-3869
-19507
-141
-616
-6936
-5624
-5331
-4855
-16377
148
-388
-324
86
1619
-2889
-2258
-2474
-2534
-342
-65
2480
-2214
-3056
-2337
-3570
-83
-61
-184
-270
-3337
-2151
-1455
-2493
-13891
-229
-560
-3812
-2399
-1832
-2792
-15686
68
-695
-442
322
-1081
-2222
-840
-1954
-2064
-378
-185
-663
-1596
-2177
-1623
-3880
-151
81
-70
499
-2336
-2517
-769
-2065
-14836
-105
520
-2134
-1268
-245
-1811
-17028
1
565
-439
-619
-3408
-2172
-1262
-2821
-2919
-411
-1836
-3351
-1626
-2232
-2026
-2382
-83
-1635
-165
-560
-2022
-3966
-17
-2839
-12205
-126
-1056
-2329
-2085
-929
-1990
-14701
186
-593
-372
-1014
-929
-783
-1229
-1126
-1242
-379
-1569
-1067
-1445
-1734
-1774
429
-123
-1127
-133
-658
-1722
-1539
608
-1241
-16188
-130
-688
-3066
-1672
-1646
-1371
-15767
103
-392
0
0
0
0
0
0
0
0
0
0
0
-2324
-1898
-1442
-1369
-1667
0
0
0
0
0
0
0
0
0
0
0
1851
-1265
-2508
-1537
-15332
0
0
0
0
0
0
0
0
0
0
0
-1693
-522
-2210
171
-1496
0
0
0
0
0
0
0
0
0
0
0
-439
-795
-2340
-1339
-16771
0
0
0
0
0
0
0
0
0
0
0
-1116
-1297
-1197
-720
-1442
0
0
0
0
0
0
0
0
0
0
0
202
-1429
-1635
-1436
-19901
0
0
0
0
0
0
0
0
0
0
0
-2267
-1953
-1171
-1587
-1914
0
0
0
0
0
0
0
0
0
0
0
293
-2026
-913
-1974
-15744
0
0
0
0
0
0
0
0
0
0
0
-2489
-2543
-1994
-1448
-2214
0
0
0
0
0
0
0
0
0
0
0
-171
-539
-936
-2180
-11220
0
0
0
0
0
0
0
0
0
0
0
-1606
-1511
-2454
-1639
-1396
0
0
0
0
0
0
0
0
0
0
0
866
792
-1461
-1285
-21238
0
0
0
0
0
0
0
0
0
0
0
-1847
-2183
-2650
-2286
-1899
0
0
0
0
0
0
0
0
0
0
0
338
759
-2315
-1940
-14863
0
0
0
0
0
0
0
0
0
0
0
-828
-1199
-2281
-1421
-1687
0
0
0
0
0
0
0
0
0
0
0
-181
766
-3181
-1665
-17461
0
0
0
0
0
0
0
0
0
0
0
-2053
-468
-2728
-1420
-2271
0
0
0
0
0
0
0
0
0
0
0
-635
-1972
-1745
-2185
-14711
0
0
0
0
0
0
0
0
0
0
0
-1743
-717
-3599
-3033
-3309
0
0
0
0
0
0
0
0
0
0
0
-3063
-1745
-2390
-3203
-19095
0
0
0
0
0
0
0
0
0
0
0
-1776
-1695
-3222
-3900
-3768
0
0
0
0
0
0
0
0
0
0
0
-737
-3271
-3988
-3565
-20893
0
0
0
0
0
0
0
0
0
0
0
-1707
-1813
-1995
-226
-2179
0
0
0
0
0
0
0
0
0
0
0
-693
-2800
-1682
-2134
-19153
0
0
0
0
0
0
0
0
0
0
0
-2149
-1222
-904
-1015
-1822
0
0
0
0
0
0
0
0
0
0
0
127
-1490
-1775
-1745
-22371
0
0
0
0
0
0
0
0
0
0
0
-1347
-1761
-1209
-1934
-2254
0
0
0
0
0
0
0
0
0
0
0
-580
-1481
-2788
-2147
-23678
0
0
0
0
0
0
0
0
0
0
0
-902
-935
-2630
-2058
-2638
0
0
0
0
0
0
0
0
0
0
0
-2217
-1898
-2566
-2563
-19126
0
0
0
0
0
0
0
0
0
0
0
-1309
-1739
-4060
-3732
-3937
0
0
0
0
0
0
0
0
0
0
0
-772
-3312
-4224
-3871
-21107
0
0
0
0
0
0
0
0
0
0
0
-1238
-912
-2462
-1604
-1866
0
0
0
0
0
0
0
0
0
0
0
-2033
573
-1820
-2102
-16653
0
0
0
0
0
0
0
0
0
0
0
-3226
-793
-3457
-5120
-3792
0
0
0
0
0
0
0
0
0
0
0
-1928
-2751
-2887
-3784
-25085
0
0
0
0
0
0
0
0
0
0
0
-4032
-1561
-3783
-6731
-4912
0
0
0
0
0
0
0
0
0
0
0
268
-7160
-4115
-4444
-16245
0
0
0
0
0
0
0
0
0
0
0
-1343
-1911
-1151
-1347
-2749
0
0
0
0
0
0
0
0
0
0
0
-1532
-1089
-4634
-2331
-25734
0
0
0
0
0
0
0
0
0
0
0
-1531
-1925
-1464
-1086
-2255
0
0
0
0
0
0
0
0
0
0
0
-1192
-769
-3210
-2231
-14633
0
0
0
0
0
0
0
0
0
0
0
-1385
-2848
-1162
-1845
-2825
0
0
0
0
0
0
0
0
0
0
0
-2330
-1114
-3519
-2914
-14065
0
0
0
0
0
0
0
0
0
0
0
-2727
-2638
-3175
-2043
-3723
0
0
0
0
0
0
0
0
0
0
0
-3249
-2524
-2173
-3811
-22525
0
0
0
0
0
0
0
0
0
0
0
-5321
-2676
-5415
-7267
-5687
0
0
0
0
0
0
0
0
0
0
0
840
-8663
-3050
-5233
-18384
0
0
0
0
0
0
0
0
0
0
0
-2621
-1666
-1814
-1281
-1661
0
0
0
0
0
0
0
0
0
0
0
692
-1091
-1047
-1864
-18518
0
0
0
0
0
0
0
0
0
0
0
-3568
-2203
-2511
-3249
-2871
0
0
0
0
0
0
0
0
0
0
0
-574
-1205
-1623
-2598
-16050
0
0
0
0
0
0
0
0
0
0
0
-1420
-2092
-2526
-3975
-3262
0
0
0
0
0
0
0
0
0
0
0
246
-2599
-4112
-2894
-20805
0
0
0
0
0
0
0
0
0
0
0
-1011
-1726
-987
-2597
-1574
0
0
0
0
0
0
0
0
0
0
0
1555
-1026
-2045
-1313
-13752
0
0
0
0
0
0
0
0
0
0
0
-149
-1079
-459
-2126
-1735
0
0
0
0
0
0
0
0
0
0
0
-412
-1137
-3058
-1576
-20648
0
0
0
0
0
0
0
0
0
0
0
-597
-1963
271
-56
-2123
0
0
0
0
0
0
0
0
0
0
0
-2128
-2622
-3181
-2116
-23032
0
0
0
0
0
0
0
0
0
0
0
-2252
-1540
-1543
-1633
-1730
0
0
0
0
0
0
0
0
0
0
0
703
-2351
145
-1591
-19255
0
0
0
0
0
0
0
0
0
0
0
-2011
-2675
-3674
-3345
-3276
0
0
0
0
0
0
0
0
0
0
0
415
-3914
-1518
-2997
-23795
0
0
0
0
0
0
0
0
0
0
0
-2639
-2285
-3776
-653
-1969
0
0
0
0
0
0
0
0
0
0
0
2129
-2668
-18
-1848
-16066
0
0
0
0
0
0
0
0
0
0
0
-2533
-2304
-2781
-1617
-2067
0
0
0
0
0
0
0
0
0
0
0
1609
-1449
-1181
-2017
-17872
0
0
0
0
0
0
0
0
0
0
0
-240
-2714
-2985
-1869
-2362
0
0
0
0
0
0
0
0
0
0
0
-1128
-1204
-1704
-2232
-18430
0
0
0
0
0
0
0
0
0
0
0
609
-1185
-1394
-2293
-1685
0
0
0
0
0
0
0
0
0
0
0
-807
-1431
-1936
-1664
-20808
0
0
0
0
0
0
0
0
0
0
0
-3121
-973
-4631
-5825
-4562
0
0
0
0
0
0
0
0
0
0
0
-89
-6304
-2936
-4500
-16319
0
0
0
0
0
0
0
0
0
0
0
-3301
-2321
-3394
-3424
-4096
0
0
0
0
0
0
0
0
0
0
0
-1213
-4669
-2310
-3889
-15236
0
0
0
0
0
0
0
0
0
0
0
-1758
-1632
-2137
-1548
-2053
0
0
0
0
0
0
0
0
0
0
0
-453
-2144
163
-1864
-19173
0
0
0
0
0
0
0
0
0
0
0
-508
-1030
-1166
-1229
-1279
0
0
0
0
0
0
0
0
0
0
0
-468
-1195
-617
-1087
-18625
0
0
0
0
0
0
0
0
0
0
0
-2569
-1468
-3384
-2303
-2647
0
0
0
0
0
0
0
0
0
0
0
568
-3070
-572
-2455
-14509
0
0
0
0
0
0
0
0
0
0
0
-3675
-1760
-3748
-2745
-3166
0
0
0
0
0
0
0
0
0
0
0
-949
-3255
-82
-3108
-14837
0
0
0
0
0
0
0
0
0
0
0
-2610
-1385
-3066
-2937
-2949
0
0
0
0
0
0
0
0
0
0
0
-2300
-2403
-658
-2872
-17415
0
0
0
0
0
0
0
0
0
0
0
-1990
-870
-3799
-5195
-4205
0
0
0
0
0
0
0
0
0
0
0
-1521
-5401
-2714
-4014
-23705
0
0
0
0
0
0
0
0
0
0
0
-3135
-840
-5805
-5839
-5173
0
0
0
0
0
0
0
0
0
0
0
-411
-6493
-3884
-4824
-20198
0
0
0
0
0
0
0
0
0
0
0
-3676
-1538
-5043
-2990
-4393
0
0
0
0
0
0
0
0
0
0
0
-1653
-4659
-3140
-3859
-24441
0
0
0
0
0
0
0
0
0
0
0
-2233
-1275
-1678
-1959
-2345
0
0
0
0
0
0
0
0
0
0
0
-1208
-2197
-765
-2252
-19091
0
0
0
0
0
0
0
0
0
0
0
-861
-573
-884
-1426
-1271
0
0
0
0
0
0
0
0
0
0
0
-468
-1110
-525
-1234
-16222
0
0
0
0
0
0
0
0
0
0
0
-2167
-500
-1137
-3870
-2339
0
0
0
0
0
0
0
0
0
0
0
-202
-1104
-2219
-2059
-15727
0
0
0
0
0
0
0
0
0
0
0
-3035
-1013
-1320
-2612
-2472
0
0
0
0
0
0
0
0
0
0
0
-2304
-485
-2142
-2478
-13727
0
0
0
0
0
0
0
0
0
0
0
-4155
-2081
-4090
-4258
-3885
0
0
0
0
0
0
0
0
0
0
0
-1038
-2251
-1905
-3745
-24349
0
0
0
0
0
0
0
0
0
0
0
-5605
-2334
-6040
-7967
-6080
0
0
0
0
0
0
0
0
0
0
0
1433
-8594
-3403
-5551
-16294
0
0
0
0
0
0
0
0
0
0
0
-3269
-2184
-4300
-4615
-4552
0
0
0
0
0
0
0
0
0
0
0
-1186
-3191
-3392
-4146
-17293
0
0
0
0
0
0
0
0
0
0
0
-1698
-1200
-1201
-2310
-2356
0
0
0
0
0
0
0
0
0
0
0
-2179
-497
-2734
-2203
-20468
0
0
0
0
0
0
0
0
0
0
0
-2568
-711
12
-3376
-2264
0
0
0
0
0
0
0
0
0
0
0
-497
-2740
-567
-2226
-13943
0
0
0
0
0
0
0
0
0
0
0
-2628
-1373
-2286
-2188
-2138
0
0
0
0
0
0
0
0
0
0
0
-1039
-1771
1158
-2000
-16819
0
0
0
0
0
0
0
0
0
0
0
-1331
-834
-649
-2374
-1545
0
0
0
0
0
0
0
0
0
0
0
-522
-442
-990
-1327
-15023
0
0
0
0
0
0
0
0
0
0
0
-1278
-648
-410
-449
-959
0
0
0
0
0
0
0
0
0
0
0
-311
-195
-1018
-873
-18868
0
0
0
0
0
0
0
0
0
0
0
-2172
-1658
-792
-1318
-1678
0
0
0
0
0
0
0
0
0
0
0
-301
-1104
-896
-1526
-15954
0
0
0
0
0
0
0
0
0
0
0
-1621
-1998
-1815
-2454
-2399
0
0
0
0
0
0
0
0
0
0
0
-234
-2392
-1846
-2028
-23068
0
0
0
0
0
0
0
0
0
0
0
-1763
-1246
-1213
-2569
-1607
0
0
0
0
0
0
0
0
0
0
0
-66
-410
-734
-1473
-16627
0
0
0
0
0
0
0
0
0
0
0
-1819
-1679
555
-3208
-1676
0
0
0
0
0
0
0
0
0
0
0
-903
-162
-1515
-1813
-14587
0
0
0
0
0
0
0
0
0
0
0
-1722
-1302
271
-2064
-1372
0
0
0
0
0
0
0
0
0
0
0
-350
-2072
-292
-1401
-17390
0
0
0
0
0
0
0
0
0
0
0
-1296
-914
-1145
-981
-1065
0
0
0
0
0
0
0
0
0
0
0
-94
-1324
682
-843
-15583
0
0
0
0
0
0
0
0
0
0
0
0
0
0
0
0
0
0
0
0
0
0
0
0
0
0
0
0
0
0
0
0
0
0
0
0
0
0
0
0
0
0
0
0
0
0
0
0
0
0
0
0
0
0
0
0
0
0
0
0
0
0
0
0
0
0
0
0
0
0
0
0
0
0
0
0
0
0
0
0
0
0
0
0
0
0
0
0
0
0
0
0
0
0
0
0
0
0
0
0
0
0
0
0
0
0
0
0
0
0
0
0
0
0
0
0
0
0
0
0
0
0
0
0
0
0
0
0
0
0
0
0
0
0
0
0
0
0
0
0
0
0
0
0
0
0
0
0
0
0
0
0
0
0
0
0
0
0
0
0
0
0
0
0
0
0
0
0
0
0
0
0
0
0
0
0
0
0
0
0
0
0
0
0
0
0
0
0
0
0
0
0
0
0
0
0
0
0
0
0
0
0
0
0
0
0
0
0
0
0
0
0
0
0
0
0
0
0
0
0
0
0
0
0
0
0
0
0
0
0
0
0
0
0
0
0
0
0
0
0
0
0
0
0
0
0
0
0
0
0
0
0
0
0
0
0
0
0
0
0
0
0
0
0
0
0
0
0
0
0
0
0
0
0
0
0
0
0
0
0
0
0
0
0
0
0
0
0
0
0
0
0
0
0
0
0
0
0
0
0
0
0
0
0
0
0
0
0
0
0
0
0
0
0
0
0
0
0
0
0
0
0
0
0
0
0
0
0
0
0
0
0
0
0
0
0
0
0
0
0
0
0
0
0
0
0
0
0
0
0
0
0
0
0
0
0
0
0
0
0
0
0
0
0
0
0
0
0
0
0
0
0
0
0
0
0
0
0
0
0
0
0
0
0
0
0
0
0
0
0
0
0
0
0
0
0
0
0
0
0
0
0
0
0
0
0
0
0
0
0
0
0
0
0
0
0
0
0
0
0
0
0
0
0
0
0
0
0
0
0
0
0
0
0
0
0
0
0
0
0
0
0
0
0
0
0
0
0
0
0
0
0
0
0
0
0
0
0
0
0
0
0
0
0
0
0
0
0
0
0
0
0
0
0
0
0
0
0
0
0
0
0
0
0
0
0
0
0
0
0
0
0
0
0
0
0
0
0
0
0
0
0
0
0
0
0
0
0
0
0
0
0
0
0
0
0
0
0
0
0
0
0
0
0
0
0
0
0
0
0
0
0
0
0
0
0
0
0
0
0
0
0
0
0
0
0
0
0
0
0
0
0
0
0
0
0
0
0
0
0
0
0
0
0
0
0
0
0
0
0
0
0
0
0
0
0
0
0
0
0
0
0
0
0
0
0
0
0
0
0
0
0
0
0
0
0
0
0
0
0
0
0
0
0
0
0
0
0
0
0
0
0
0
0
0
0
0
0
0
0
0
0
0
0
0
0
0
0
0
0
0
0
0
0
0
0
0
0
0
0
0
0
0
0
0
0
0
0
0
0
0
0
0
0
0
0
0
0
0
0
0
0
0
0
0
0
0
0
0
0
0
0
0
0
0
0
0
0
0
0
0
0
0
0
0
0
0
0
0
0
0
0
0
0
0
0
0
0
0
0
0
0
0
0
0
0
0
0
0
0
0
0
0
0
0
0
0
0
0
0
0
0
0
0
0
0
0
0
0
0
0
0
0
0
0
0
0
0
0
0
0
0
0
0
0
0
0
0
0
0
0
0
0
0
0
0
0
0
0
0
0
0
0
0
0
0
0
0
0
0
0
0
0
0
0
0
0
0
0
0
0
0
0
0
0
0
0
0
0
0
0
0
0
0
0
0
0
0
0
0
0
0
0
0
0
0
0
0
0
0
0
0
0
0
0
0
0
0
0
0
0
0
0
0
0
0
0
0
0
0
0
0
0
0
0
0
0
0
0
0
0
0
0
0
0
0
0
0
0
0
0
0
0
0
0
0
0
0
0
0
0
0
0
0
0
0
0
0
0
0
0
0
0
0
0
0
0
0
0
0
0
0
0
0
0
0
0
0
0
0
0
0
0
0
0
0
0
0
0
0
0
0
0
0
0
0
0
0
0
0
0
0
0
0
0
0
0
0
0
0
0
0
0
0
0
0
0
0
0
0
0
0
0
0
0
0
0
0
0
0
0
0
0
0
0
0
0
0
0
0
0
0
0
0
0
0
0
0
0
0
0
0
0
0
0
0
0
0
0
0
0
0
0
0
0
0
0
0
0
0
0
0
0
0
0
0
0
0
0
0
0
0
0
0
0
0
0
0
0
0
0
0
0
0
0
0
0
0
0
0
0
0
0
0
0
0
0
0
0
0
0
0
0
0
0
0
0
0
0
0
0
0
0
0
0
0
0
0
0
0
0
0
0
0
0
0
0
0
0
0
0
0
0
0
0
0
0
0
0
0
0
0
0
0
0
0
0
0
0
0
0
0
0
0
0
0
0
0
0
0
0
0
0
0
0
0
0
0
0
0
0
0
0
0
0
0
0
0
0
0
0
0
0
0
0
0
0
0
0
0
0
0
0
0
0
0
0
0
0
0
0
0
0
0
0
0
0
0
0
0
0
0
0
0
0
0
0
0
0
0
0
0
0
0
0
0
0
0
0
0
0
0
0
0
0
0
0
0
0
0
0
0
0
0
0
0
0
0
0
0
0
0
0
0
0
0
0
0
0
0
0
0
0
0
0
0
0
0
0
0
0
0
0
0
0
0
0
0
0
0
0
0
0
0
0
0
0
0
0
0
0
0
0
0
0
0
0
0
0
0
0
0
0
0
0
0
0
0
0
0
0
0
0
0
0
0
0
0
0
0
0
0
0
0
0
0
0
0
0
0
0
0
0
0
0
0
0
0
0
0
0
0
0
0
0
0
0
0
0
0
0
0
0
0
0
0
0
0
0
0
0
0
0
0
0
0
0
0
0
0
0
0
0
0
0
0
0
0
0
0
0
0
0
0
0
0
0
0
0
0
0
0
0
0
0
0
0
0
0
0
0
0
0
0
0
0
0
0
0
0
0
0
0
0
0
0
0
0
0
0
0
0
0
0
0
0
0
0
0
0
0
0
0
0
0
0
0
0
0
0
0
0
0
0
0
0
0
0
0
0
0
0
0
0
0
0
0
0
0
0
0
0
0
0
0
0
0
0
0
0
0
0
0
0
0
0
0
0
0
0
0
0
0
0
0
0
0
0
0
0
0
0
0
0
0
0
0
0
0
0
0
0
0
0
0
0
0
0
0
0
0
0
0
0
0
0
0
0
0
0
0
0
0
0
0
0
0
0
0
0
0
0
0
0
0
0
0
0
0
0
0
0
0
0
0
0
0
0
0
0
0
0
0
0
0
0
0
0
0
0
0
0
0
0
0
0
0
0
0
0
0
0
0
0
0
0
0
0
0
0
0
0
0
0
0
0
0
0
0
0
0
0
0
0
0
0
0
0
0
0
0
0
0
0
0
0
0
0
0
0
0
0
0
0
0
0
0
0
0
0
0
0
0
0
0
0
0
0
0
0
0
0
0
0
0
0
0
0
0
0
0
0
0
0
0
0
0
0
0
0
0
0
0
0
0
0
0
0
0
0
0
0
0
0
0
0
0
0
0
0
0
0
0
0
0
0
0
0
0
0
0
0
0
0
0
0
0
0
0
0
0
0
0
0
0
0
0
0
0
0
0
0
0
0
0
0
0
0
0
0
0
0
0
0
0
0
0
0
0
0
0
0
0
0
0
0
0
0
0
0
0
0
0
0
0
0
0
0
0
0
0
0
0
0
0
0
0
0
0
0
0
0
0
0
0
0
0
0
0
0
0
0
0
0
0
0
0
0
0
0
0
0
0
0
0
0
0
0
0
0
0
0
0
0
0
0
0
0
0
0
0
0
0
0
0
0
0
0
0
0
0
0
0
0
0
0
0
0
0
0
0
0
0
0
0
0
0
0
0
0
0
0
0
0
0
0
0
0
0
0
0
0
0
0
0
0
0
0
0
0
0
0
0
0
0
0
0
0
0
0
0
0
0
0
0
0
0
0
0
0
0
0
0
0
0
0
0
0
0
0
0
0
0
0
0
0
0
0
0
0
0
0
0
0
0
0
0
0
0
0
0
0
0
0
0
0
0
0
0
0
0
0
0
0
0
0
0
0
0
0
0
0
0
0
0
0
0
0
0
0
0
0
0
0
0
0
0
0
0
0
0
0
0
0
0
0
0
0
0
0
0
0
0
0
0
0
0
0
0
0
0
0
0
0
0
0
0
0
0
0
0
0
0
0
0
0
0
0
0
0
0
0
0
0
0
0
0
0
0
0
0
0
0
0
0
0
0
0
0
0
0
0
0
0
0
0
0
0
0
0
0
0
0
0
0
0
0
0
0
0
0
0
0
0
0
0
0
0
0
0
0
0
0
0
0
0
0
0
0
0
0
0
0
0
0
0
0
0
0
0
0
0
0
0
0
0
0
0
0
0
0
0
0
0
0
0
0
0
0
0
0
0
0
0
0
0
0
0
0
0
0
0
0
0
0
0
0
0
0
0
0
0
0
0
0
0
0
0
0
0
0
0
0
0
0
0
0
0
0
0
0
0
0
0
0
0
0
0
0
0
0
0
0
0
0
0
0
0
0
0
0
0
0
0
0
0
0
0
0
0
0
0
0
0
0
0
0
0
0
0
0
0
0
0
0
0
0
0
0
0
0
0
0
0
0
0
0
0
0
0
0
0
0
0
0
0
0
0
0
0
0
0
0
0
0
0
0
0
0
0
0
0
0
0
0
0
0
0
0
0
0
0
0
0
0
0
0
0
0
0
0
0
0
0
0
0
0
0
0
0
0
0
0
0
0
0
0
0
0
0
0
0
0
0
0
0
0
0
0
0
0
0
0
0
0
0
0
0
0
0
0
0
0
0
0
0
0
0
0
0
0
0
0
0
0
0
0
0
0
0
0
0
0
0
0
0
0
0
0
0
0
0
0
0
0
0
0
0
0
0
0
0
0
0
0
0
0
0
0
0
0
0
0
0
0
0
0
0
0
0
0
0
0
0
0
0
0
0
0
0
0
0
0
0
0
0
0
0
0
0
0
0
0
0
0
0
0
0
0
0
0
0
0
0
0
0
0
0
0
0
0
0
0
0
0
0
0
0
0
0
0
0
0
0
0
0
0
0
0
0
0
0
0
0
0
0
0
0
0
0
0
0
0
0
0
0
0
0
0
0
0
0
0
0
0
0
0
0
0
0
0
0
0
0
0
0
0
0
0
0
0
0
0
0
0
0
0
0
0
0
0
0
0
0
0
0
0
0
0
0
0
0
0
0
0
0
0
0
0
0
0
0
0
0
0
0
0
0
0
0
0
0
0
0
0
0
0
0
0
0
0
0
0
0
0
0
0
0
0
0
0
0
0
0
0
0
0
0
0
0
0
0
0
0
0
0
0
0
0
0
0
0
0
0
0
0
0
0
0
0
0
0
0
0
0
0
0
0
0
0
0
0
0
0
0
0
0
0
0
0
0
0
0
0
0
0
0
0
0
0
0
0
0
0
0
0
0
0
0
0
0
0
0
0
0
0
0
0
0
0
0
0
0
0
0
0
0
0
0
0
0
0
0
0
0
0
0
0
0
0
0
0
0
0
0
0
0
0
0
0
0
0
0
0
0
0
0
0
0
0
0
0
0
0
0
0
0
0
0
0
0
0
0
0
0
0
0
0
0
0
0
0
0
0
0
0
0
0
0
0
0
0
0
0
0
0
0
0
0
0
0
0
0
0
0
0
0
0
0
0
0
0
0
0
0
0
0
0
0
0
0
0
0
0
0
0
0
0
0
0
0
0
0
0
0
0
0
0
0
0
0
0
0
0
0
0
0
0
0
0
0
0
0
0
0
0
0
0
0
0
0
0
0
0
0
0
0
0
0
0
0
0
0
0
0
0
0
0
0
0
0
0
0
0
0
0
0
0
0
0
0
0
0
0
0
0
0
0
0
0
0
0
0
0
0
0
0
0
0
0
0
0
0
0
0
0
0
0
0
0
0
0
0
0
0
0
0
0
0
0
0
0
0
0
0
0
0
0
0
0
0
0
0
0
0
0
0
0
0
0
0
0
0
0
0
0
0
0
0
0
0
0
0
0
0
0
0
0
0
0
0
0
0
0
0
0
0
0
0
0
0
0
0
0
0
0
0
0
0
0
0
0
0
0
0
0
0
0
0
0
0
0
0
0
0
0
0
0
0
0
0
0
0
0
0
0
0
0
0
0
0
0
0
0
0
0
0
0
0
0
0
0
0
0
0
0
0
0
0
0
0
0
0
0
0
0
0
0
0
0
0
0
0
0
0
0
0
0
0
0
0
0
0
0
0
0
0
0
0
0
0
0
0
0
0
0
0
0
0
0
0
0
0
0
0
0
0
0
0
0
0
0
0
0
0
0
0
0
0
0
0
0
0
0
0
0
0
0
0
0
0
0
0
0
0
0
0
0
0
0
0
0
0
0
0
0
0
0
0
0
0
0
0
0
0
0
0
0
0
0
0
0
0
0
0
0
0
0
0
0
0
0
0
0
0
0
0
0
0
0
0
0
0
0
0
0
0
0
0
0
0
0
0
0
0
0
0
0
0
0
0
0
0
0
0
0
0
0
0
0
0
0
0
0
0
0
0
0
0
0
0
0
0
0
0
0
0
0
0
0
0
0
0
0
0
0
0
0
0
0
0
0
0
0
0
0
0
0
0
0
0
0
0
0
0
0
0
0
0
0
0
0
0
0
0
0
0
0
0
0
0
0
0
0
0
0
0
0
0
0
0
0
0
0
0
0
0
0
0
0
0
0
0
0
0
0
0
0
0
0
0
0
0
0
0
0
0
0
0
0
0
0
0
0
0
0
0
0
0
0
0
0
0
0
0
0
0
0
0
0
0
0
0
0
0
0
0
0
0
0
0
0
0
0
0
0
0
0
0
0
0
0
0
0
0
0
0
0
0
0
0
0
0
0
0
0
0
0
0
0
0
0
0
0
0
0
0
0
0
0
0
0
0
0
0
0
0
0
0
0
0
0
0
0
0
0
0
0
0
0
0
0
0
0
0
0
0
0
0
0
0
0
0
0
0
0
0
0
0
0
0
0
0
0
0
0
0
0
0
0
0
0
0
0
0
0
0
0
0
0
0
0
0
0
0
0
0
0
0
0
0
0
0
0
0
0
0
0
0
0
0
0
0
0
0
0
0
0
0
0
0
0
0
0
0
0
0
0
0
0
0
0
0
0
0
0
0
0
0
0
0
0
0
0
0
0
0
0
0
0
0
0
0
0
0
0
0
0
0
0
0
0
0
0
0
0
0
0
0
0
0
0
0
0
0
0
0
0
0
0
0
0
0
0
0
0
0
0
0
0
0
0
0
0
0
0
0
0
0
0
0
0
0
0
0
0
0
0
0
0
0
0
0
0
0
0
0
0
0
0
0
0
0
0
0
0
0
0
0
0
0
0
0
0
0
0
0
0
0
0
0
0
0
0
0
0
0
0
0
0
0
0
0
0
0
0
0
0
0
0
0
0
0
0
0
0
0
0
0
0
0
0
0
0
0
0
0
0
0
0
0
0
0
0
0
0
0
0
0
0
0
0
0
0
0
0
0
0
0
0
0
0
0
0
0
0
0
0
0
0
0
0
0
0
0
0
0
0
0
0
0
0
0
0
0
0
0
0
0
0
0
0
0
0
0
0
0
0
0
0
0
0
0
0
0
0
0
0
0
0
0
0
0
0
0
0
0
0
0
0
0
0
0
0
0
0
0
0
0
0
0
0
0
0
0
0
0
0
0
0
0
0
0
0
0
0
0
0
0
0
0
0
0
0
0
0
0
0
0
0
0
0
0
0
0
0
0
0
0
0
0
0
0
0
0
0
0
0
0
0
0
0
0
0
0
0
0
0
0
0
0
0
0
0
0
0
0
0
0
0
0
0
0
0
0
0
0
0
0
0
0
0
0
0
0
0
0
0
0
0
0
0
0
0
0
0
0
0
0
0
0
0
0
0
0
0
0
0
0
0
0
0
0
0
0
0
0
0
0
0
0
0
0
0
0
0
0
0
0
0
0
0
0
0
0
0
0
0
0
0
0
0
0
0
0
0
0
0
0
0
0
0
0
0
0
0
0
0
0
0
0
0
0
0
0
0
0
0
0
0
0
0
0
0
0
0
0
0
0
0
0
0
0
0
0
0
0
0
0
0
0
0
0
0
0
0
0
0
0
0
0
0
0
0
0
0
0
0
0
0
0
0
0
0
0
0
0
0
0
0
0
0
0
0
0
0
0
0
0
0
0
0
0
0
0
0
0
0
0
0
0
0
0
0
0
0
0
0
0
0
0
0
0
0
0
0
0
0
0
0
0
0
0
0
0
0
0
0
0
0
0
0
0
0
0
0
0
0
0
0
0
0
0
0
0
0
0
0
0
0
0
0
0
0
0
0
0
0
0
0
0
0
0
0
0
0
0
0
0
0
0
0
0
0
0
0
0
0
0
0
0
0
0
0
0
0
0
0
0
0
0
0
0
0
0
0
0
0
0
0
0
0
0
0
0
0
0
0
0
0
0
0
0
0
0
0
0
0
0
0
0
0
0
0
0
0
0
0
0
0
0
0
0
0
0
0
0
0
0
0
0
0
0
0
0
0
0
0
0
0
0
0
0
0
0
0
0
0
0
0
0
0
0
0
0
0
0
0
0
0
0
0
0
0
0
0
0
0
0
0
0
0
0
0
0
0
0
0
0
0
0
0
0
0
0
0
0
0
0
0
0
0
0
0
0
0
0
0
0
0
0
0
0
0
0
0
0
0
0
0
0
0
0
0
0
0
0
0
0
0
0
0
0
0
0
0
0
0
0
0
0
0
0
0
0
0
0
0
0
0
0
0
0
0
0
0
0
0
0
0
0
0
0
0
0
0
0
0
0
0
0
0
0
0
0
0
0
0
0
0
0
0
0
0
0
0
0
0
0
0
0
0
0
0
0
0
0
0
0
0
0
0
0
0
0
0
0
0
0
0
0
0
0
0
0
0
0
0
0
0
0
0
0
0
0
0
0
0
0
0
0
0
0
0
0
0
0
0
0
0
0
0
0
0
0
0
0
0
0
0
0
0
0
0
0
0
0
0
0
0
0
0
0
0
0
0
0
0
0
0
0
0
0
0
0
0
0
0
0
0
0
0
0
0
0
0
0
0
0
0
0
0
0
0
0
0
0
0
0
0
0
0
0
0
0
0
0
0
0
0
0
0
0
0
0
0
0
0
0
0
0
0
0
0
0
0
0
0
0
0
0
0
0
0
0
0
0
0
0
0
0
0
0
0
0
0
0
0
0
0
0
0
0
0
0
0
0
0
0
0
0
0
0
0
0
0
0
0
0
0
0
0
0
0
0
0
0
0
0
0
0
0
0
0
0
0
0
0
0
0
0
0
0
0
0
0
0
0
0
0
0
0
0
0
0
0
0
0
0
0
0
0
0
0
0
0
0
0
0
0
0
0
0
0
0
0
0
0
0
0
0
0
0
0
0
0
0
0
0
0
0
0
0
0
0
0
0
0
0
0
0
0
0
0
0
0
0
0
0
0
0
0
0
0
0
0
0
0
0
0
0
0
0
0
0
0
0
0
0
0
0
0
0
0
0
0
0
0
0
0
0
0
0
0
0
0
0
0
0
0
0
0
0
0
0
0
0
0
0
0
0
0
0
0
0
0
0
0
0
0
0
0
0
0
0
0
0
0
0
0
0
0
0
0
0
0
0
0
0
0
0
0
0
0
0
0
0
0
0
0
0
0
0
0
0
0
0
0
0
0
0
0
0
0
0
0
0
0
0
0
0
0
0
0
0
0
0
0
0
0
0
0
0
0
0
0
0
0
0
0
0
0
0
0
0
0
0
0
0
0
0
0
0
0
0
0
0
0
0
0
0
0
0
0
0
0
0
0
0
0
0
0
0
0
0
0
0
0
0
0
0
0
0
0
0
0
0
0
0
0
0
0
0
0
0
0
0
0
0
0
0
0
0
0
0
0
0
0
0
0
0
0
0
0
0
0
0
0
0
0
0
0
0
0
0
0
0
0
0
0
0
0
0
0
0
0
0
0
0
0
0
0
0
0
0
0
0
0
0
0
0
0
0
0
0
0
0
0
0
0
0
0
0
0
0
0
0
0
0
0
0
0
0
0
0
0
0
0
0
0
0
0
0
0
0
0
0
0
0
0
0
0
0
0
0
0
0
0
0
0
0
0
0
0
0
0
0
0
0
0
0
0
0
0
0
0
0
0
0
0
0
0
0
0
0
0
0
0
0
0
0
0
0
0
0
0
0
0
0
0
0
0
0
0
0
0
0
0
0
0
0
0
0
0
0
0
0
0
0
0
0
0
0
0
0
0
0
0
0
0
0
0
0
0
0
0
0
0
0
0
0
0
0
0
0
0
0
0
0
0
0
0
0
0
0
0
0
0
0
0
0
0
0
0
0
0
0
0
0
0
0
0
0
0
0
0
0
0
0
0
0
0
0
0
0
0
0
0
0
0
0
0
0
0
0
0
0
0
0
0
0
0
0
0
0
0
0
0
0
0
0
0
0
0
0
0
0
0
0
0
0
0
0
0
0
0
0
0
0
0
0
0
0
0
0
0
0
0
0
0
0
0
0
0
0
0
0
0
0
0
0
0
0
0
0
0
0
0
0
0
0
0
0
0
0
0
0
0
0
0
0
0
0
0
0
0
0
0
0
0
0
0
0
0
0
0
0
0
0
0
0
0
0
0
0
0
0
0
0
0
0
0
0
0
0
0
0
0
0
0
0
0
0
0
0
0
0
0
0
0
0
0
0
0
0
0
0
0
0
0
0
0
0
0
0
0
0
0
0
0
0
0
0
0
0
0
0
0
0
0
0
0
0
0
0
0
0
0
0
0
0
0
0
0
0
0
0
0
0
0
0
0
0
0
0
0
0
0
0
0
0
0
0
0
0
0
0
0
0
0
0
0
0
0
0
0
0
0
0
0
0
0
0
0
0
0
0
0
0
0
0
0
0
0
0
0
0
0
0
0
0
0
0
0
0
0
0
0
0
0
0
0
0
0
0
0
0
0
0
0
0
0
0
0
0
0
0
0
0
0
0
0
0
0
0
0
0
0
0
0
0
0
0
0
0
0
0
0
0
0
0
0
0
0
0
0
0
0
0
0
0
0
0
0
0
0
0
0
0
0
0
0
0
0
0
0
0
0
0
0
0
0
0
0
0
0
0
0
0
0
0
0
0
0
0
0
0
0
0
0
0
0
0
0
0
0
0
0
0
0
0
0
0
0
0
0
0
0
0
0
0
0
0
0
0
0
0
0
0
0
0
0
0
0
0
0
0
0
0
0
0
0
0
0
0
0
0
0
0
0
0
0
0
0
0
0
0
0
0
0
0
0
0
0
0
0
0
0
0
0
0
0
0
0
0
0
0
0
0
0
0
0
0
0
0
0
0
0
0
0
0
0
0
0
0
0
0
0
0
0
0
0
0
0
0
0
0
0
0
0
0
0
0
0
0
0
0
0
0
0
0
0
0
0
0
0
0
0
0
0
0
0
0
0
0
0
0
0
0
0
0
0
0
0
0
0
0
0
0
0
0
0
0
0
0
0
0
0
0
0
0
0
0
0
0
0
0
0
0
0
0
0
0
0
0
0
0
0
0
0
0
0
0
0
0
0
0
0
0
0
0
0
0
0
0
0
0
0
0
0
0
0
0
0
0
0
0
0
0
0
0
0
0
0
0
0
0
0
0
0
0
0
0
0
0
0
0
0
0
0
0
0
0
0
0
0
0
0
0
0
0
0
0
0
0
0
0
0
0
0
0
0
0
0
0
0
0
0
0
0
0
0
0
0
0
0
0
0
0
0
0
0
0
0
0
0
0
0
0
0
0
0
0
0
0
0
0
0
0
0
0
0
0
0
0
0
0
0
0
0
0
0
0
0
0
0
0
0
0
0
0
0
0
0
0
0
0
0
0
0
0
0
0
0
0
0
0
0
0
0
0
0
0
0
0
0
0
0
0
0
0
0
0
0
0
0
0
0
0
0
0
0
0
0
0
0
0
0
0
0
0
0
0
0
0
0
0
0
0
0
0
0
0
0
0
0
0
0
0
0
0
0
0
0
0
0
0
0
0
0
0
0
0
0
0
0
0
0
0
0
0
0
0
0
0
0
0
0
0
0
0
0
0
0
0
0
0
0
0
0
0
0
0
0
0
0
0
0
0
0
0
0
0
0
0
0
0
0
0
0
0
0
0
0
0
0
0
0
0
0
0
0
0
0
0
0
0
0
0
0
0
0
0
0
0
0
0
0
0
0
0
0
0
0
0
0
0
0
0
0
0
0
0
0
0
0
0
0
0
0
0
0
0
0
0
0
0
0
0
0
0
0
0
0
0
0
0
0
0
0
0
0
0
0
0
0
0
0
0
0
0
0
0
0
0
0
0
0
0
0
0
0
0
0
0
0
0
0
0
0
0
0
0
0
0
0
0
0
0
0
0
0
0
0
0
0
0
0
0
0
0
0
0
0
0
0
0
0
0
0
0
0
0
0
0
0
0
0
0
0
0
0
0
0
0
0
0
0
0
0
0
0
0
0
0
0
0
0
0
0
0
0
0
0
0
0
0
0
0
0
0
0
0
0
0
0
0
0
0
0
0
0
0
0
0
0
0
0
0
0
0
0
0
0
0
0
0
0
0
0
0
0
0
0
0
0
0
0
0
0
0
0
0
0
0
0
0
0
0
0
0
0
0
0
0
0
0
0
0
0
0
0
0
0
0
0
0
0
0
0
0
0
0
0
0
0
0
0
0
0
0
0
0
0
0
0
0
0
0
0
0
0
0
0
0
0
0
0
0
0
0
0
0
0
0
0
0
0
0
0
0
0
0
0
0
0
0
0
0
0
0
0
0
0
0
0
0
0
0
0
0
0
0
0
0
0
0
0
0
0
0
0
0
0
0
0
0
0
0
0
0
0
0
0
0
0
0
0
0
0
0
0
0
0
0
0
0
0
0
0
0
0
0
0
0
0
0
0
0
0
0
0
0
0
0
0
0
0
0
0
0
0
0
0
0
0
0
0
0
0
0
0
0
0
0
0
0
0
0
0
0
0
0
0
0
0
0
0
0
0
0
0
0
0
0
0
0
0
0
0
0
0
0
0
0
0
0
0
0
0
0
0
0
0
0
0
0
0
0
0
0
0
0
0
0
0
0
0
0
0
0
0
0
0
0
0
0
0
0
0
0
0
0
0
0
0
0
0
0
0
0
0
0
0
0
0
0
0
0
0
0
0
0
0
0
0
0
0
0
0
0
0
0
0
0
0
0
0
0
0
0
0
0
0
0
0
0
0
0
0
0
0
0
0
0
0
0
0
0
0
0
0
0
0
0
0
0
0
0
0
0
0
0
0
0
0
0
0
0
0
0
0
0
0
0
0
0
0
0
0
0
0
0
0
0
0
0
0
0
0
0
0
0
0
0
0
0
0
0
0
0
0
0
0
0
0
0
0
0
0
0
0
0
0
0
0
0
0
0
0
0
0
0
0
0
0
0
0
0
0
0
0
0
0
0
0
0
0
0
0
0
0
0
0
0
0
0
0
0
0
0
0
0
0
0
0
0
0
0
0
0
0
0
0
0
0
0
0
0
0
0
0
0
0
0
0
0
0
0
0
0
0
0
0
0
0
0
0
0
0
0
0
0
0
0
0
0
0
0
0
0
0
0
0
0
0
0
0
0
0
0
0
0
0
0
0
0
0
0
0
0
0
0
0
0
0
0
0
0
0
0
0
0
0
0
0
0
0
0
0
0
0
0
0
0
0
0
0
0
0
0
0
0
0
0
0
0
0
0
0
0
0
0
0
0
0
0
0
0
0
0
0
0
0
0
0
0
0
0
0
0
0
0
0
0
0
0
0
0
0
0
0
0
0
0
0
0
0
0
0
0
0
0
0
0
0
0
0
0
0
0
0
0
0
0
0
0
0
0
0
0
0
0
0
0
0
0
0
0
0
0
0
0
0
0
0
0
0
0
0
0
0
0
0
0
0
0
0
0
0
0
0
0
0
0
0
0
0
0
0
0
0
0
0
0
0
0
0
0
0
0
0
0
0
0
0
0
0
0
0
0
0
0
0
0
0
0
0
0
0
0
0
0
0
0
0
0
0
0
0
0
0
0
0
0
0
0
0
0
0
0
0
0
0
0
0
0
0
0
0
0
0
0
0
0
0
0
0
0
0
0
0
0
0
0
0
0
0
0
0
0
0
0
0
0
0
0
0
0
0
0
0
0
0
0
0
0
0
0
0
0
0
0
0
0
0
0
0
0
0
0
0
0
0
0
0
0
0
0
0
0
0
0
0
0
0
0
0
0
0
0
0
0
0
0
0
0
0
0
0
0
0
0
0
0
0
0
0
0
0
0
0
0
0
0
0
0
0
0
0
0
0
0
0
0
0
0
0
0
0
0
0
0
0
0
0
0
0
0
0
0
0
0
0
0
0
0
0
0
0
0
0
0
0
0
0
0
0
0
0
0
0
0
0
0
0
0
0
0
0
0
0
0
0
0
0
0
0
0
0
0
0
0
0
0
0
0
0
0
0
0
0
0
0
0
0
0
0
0
0
0
0
0
0
0
0
0
0
0
0
0
0
0
0
0
0
0
0
0
0
0
0
0
0
0
0
0
0
0
0
0
0
0
0
0
0
0
0
0
0
0
0
0
0
0
0
0
0
0
0
0
0
0
0
0
0
0
0
0
0
0
0
0
0
0
0
0
0
0
0
0
0
0
0
0
0
0
0
0
0
0
0
0
0
0
0
0
0
0
0
0
0
0
0
0
0
0
0
0
0
0
0
0
0
0
0
0
0
0
0
0
0
0
0
0
0
0
0
0
0
0
0
0
0
0
0
0
0
0
0
0
0
0
0
0
0
0
0
0
0
0
0
0
0
0
0
0
0
0
0
0
0
0
0
0
0
0
0
0
0
0
0
0
0
0
0
0
0
0
0
0
0
0
0
0
0
0
0
0
0
0
0
0
0
0
0
0
0
0
0
0
0
0
0
0
0
0
0
0
0
0
0
0
0
0
0
0
0
0
0
0
0
0
0
0
0
0
0
0
0
0
0
0
0
0
0
0
0
0
0
0
0
0
0
0
0
0
0
0
0
0
0
0
0
0
0
0
0
0
0
0
0
0
0
0
0
0
0
0
0
0
0
0
0
0
0
0
0
0
0
0
0
0
0
0
0
0
0
0
0
0
0
0
0
0
0
0
0
0
0
0
0
0
0
0
0
0
0
0
0
0
0
0
0
0
0
0
0
0
0
0
0
0
0
0
0
0
0
0
0
0
0
0
0
0
0
0
0
0
0
0
0
0
0
0
0
0
0
0
0
0
0
0
0
0
0
0
0
0
0
0
0
0
0
0
0
0
0
0
0
0
0
0
0
0
0
0
0
0
0
0
0
0
0
0
0
0
0
0
0
0
0
0
0
0
0
0
0
0
0
0
0
0
0
0
0
0
0
0
0
0
0
0
0
0
0
0
0
0
0
0
0
0
0
0
0
0
0
0
0
0
0
0
0
0
0
0
0
0
0
0
0
0
0
0
0
0
0
0
0
0
0
0
0
0
0
0
0
0
0
0
0
0
0
0
0
0
0
0
0
0
0
0
0
0
0
0
0
0
0
0
0
0
0
0
0
0
0
0
0
0
0
0
0
0
0
0
0
0
0
0
0
0
0
0
0
0
0
0
0
0
0
0
0
0
0
0
0
0
0
0
0
0
0
0
0
0
0
0
0
0
0
0
0
0
0
0
0
0
0
0
0
0
0
0
0
0
0
0
0
0
0
0
0
0
0
0
0
0
0
0
0
0
0
0
0
0
0
0
0
0
0
0
0
0
0
0
0
0
0
0
0
0
0
0
0
0
0
0
0
0
0
0
0
0
0
0
0
0
0
0
0
0
0
0
0
0
0
0
0
0
0
0
0
0
0
0
0
0
0
0
0
0
0
0
0
0
0
0
0
0
0
0
0
0
0
0
0
0
0
0
0
0
0
0
0
0
0
0
0
0
0
0
0
0
0
0
0
0
0
0
0
0
0
0
0
0
0
0
0
0
0
0
0
0
0
0
0
0
0
0
0
0
0
0
0
0
0
0
0
0
0
0
0
0
0
0
0
0
0
0
0
0
0
0
0
0
0
0
0
0
0
0
0
0
0
0
0
0
0
0
0
0
0
0
0
0
0
0
0
0
0
0
0
0
0
0
0
0
0
0
0
0
0
0
0
0
0
0
0
0
0
0
0
0
0
0
0
0
0
0
0
0
0
0
0
0
0
0
0
0
0
0
0
0
0
0
0
0
0
0
0
0
0
0
0
0
0
0
0
0
0
0
0
0
0
0
0
0
0
0
0
0
0
0
0
0
0
0
0
0
0
0
0
0
0
0
0
0
0
0
0
0
0
0
0
0
0
0
0
0
0
0
0
0
0
0
0
0
0
0
0
0
0
0
0
0
0
0
0
0
0
0
0
0
0
0
0
0
0
0
0
0
0
0
0
0
0
0
0
0
0
0
0
0
0
0
0
0
0
0
0
0
0
0
0
0
0
0
0
0
0
0
0
0
0
0
0
0
0
0
0
0
0
0
0
0
0
0
0
0
0
0
0
0
0
0
0
0
0
0
0
0
0
0
0
0
0
0
0
0
0
0
0
0
0
0
0
0
0
0
0
0
0
0
0
0
0
0
0
0
0
0
0
0
0
0
0
0
0
0
0
0
0
0
0
0
0
0
0
0
0
0
0
0
0
0
0
0
0
0
0
0
0
0
0
0
0
0
0
0
0
0
0
0
0
0
0
0
0
0
0
0
0
0
0
0
0
0
0
0
0
0
0
0
0
0
0
0
0
0
0
0
0
0
0
0
0
0
0
0
0
0
0
0
0
0
0
0
0
0
0
0
0
0
0
0
0
0
0
0
0
0
0
0
0
0
0
0
0
0
0
0
0
0
0
0
0
0
0
0
0
0
0
0
0
0
0
0
0
0
0
0
0
0
0
0
0
0
0
0
0
0
0
0
0
0
0
0
0
0
0
0
0
0
0
0
0
0
0
0
0
0
0
0
0
0
0
0
0
0
0
0
0
0
0
0
0
0
0
0
0
0
0
0
0
0
0
0
0
0
0
0
0
0
0
0
0
0
0
0
0
0
0
0
0
0
0
0
0
0
0
0
0
0
0
0
0
0
0
0
0
0
0
0
0
0
0
0
0
0
0
0
0
0
0
0
0
0
0
0
0
0
0
0
0
0
0
0
0
0
0
0
0
0
0
0
0
0
0
0
0
0
0
0
0
0
0
0
0
0
0
0
0
0
0
0
0
0
0
0
0
0
0
0
0
0
0
0
0
0
0
0
0
0
0
0
0
0
0
0
0
0
0
0
0
0
0
0
0
0
0
0
0
0
0
0
0
0
0
0
0
0
0
0
0
0
0
0
0
0
0
0
0
0
0
0
0
0
0
0
0
0
0
0
0
0
0
0
0
0
0
0
0
0
0
0
0
0
0
0
0
0
0
0
0
0
0
0
0
0
0
0
0
0
0
0
0
0
0
0
0
0
0
0
0
0
0
0
0
0
0
0
0
0
0
0
0
0
0
0
0
0
0
0
0
0
0
0
0
0
0
0
0
0
0
0
0
0
0
0
0
0
0
0
0
0
0
0
0
0
0
0
0
0
0
0
0
0
0
0
0
0
0
0
0
0
0
0
0
0
0
0
0
0
0
0
0
0
0
0
0
0
0
0
0
0
0
0
0
0
0
0
0
0
0
0
0
0
0
0
0
0
0
0
0
0
0
0
0
0
0
0
0
0
0
0
0
0
0
0
0
0
0
0
0
0
0
0
0
0
0
0
0
0
0
0
0
0
0
0
0
0
0
0
0
0
0
0
0
0
0
0
0
0
0
0
0
0
0
0
0
0
0
0
0
0
0
0
0
0
0
0
0
0
0
0
0
0
0
0
0
0
0
0
0
0
0
0
0
0
0
0
0
0
0
0
0
0
0
0
0
0
0
0
0
0
0
0
0
0
0
0
0
0
0
0
0
0
0
0
0
0
0
0
0
0
0
0
0
0
0
0
0
0
0
0
0
0
0
0
0
0
0
0
0
0
0
0
0
0
0
0
0
0
0
0
0
0
0
0
0
0
0
0
0
0
0
0
0
0
0
0
0
0
0
0
0
0
0
0
0
0
0
0
0
0
0
0
0
0
0
0
0
0
0
0
0
0
0
0
0
0
0
0
0
0
0
0
0
0
0
0
0
0
0
0
0
0
0
0
0
0
0
0
0
0
0
0
0
0
0
0
0
0
0
0
0
0
0
0
0
0
0
0
0
0
0
0
0
0
0
0
0
0
0
0
0
0
0
0
0
0
0
0
0
0
0
0
0
0
0
0
0
0
0
0
0
0
0
0
0
0
0
0
0
0
0
0
0
0
0
0
0
0
0
0
0
0
0
0
0
0
0
0
0
0
0
0
0
0
0
0
0
0
0
0
0
0
0
0
0
0
0
0
0
0
0
0
0
0
0
0
0
0
0
0
0
0
0
0
0
0
0
0
0
0
0
0
0
0
0
0
0
0
0
0
0
0
0
0
0
0
0
0
0
0
0
0
0
0
0
0
0
0
0
0
0
0
0
0
0
0
0
0
0
0
0
0
0
0
0
0
0
0
0
0
0
0
0
0
0
0
0
0
0
0
0
0
0
0
0
0
0
0
0
0
0
0
0
0
0
0
0
0
0
0
0
0
0
0
0
0
0
0
0
0
0
0
0
0
0
0
0
0
0
0
0
0
0
0
0
0
0
0
0
0
0
0
0
0
0
0
0
0
0
0
0
0
0
0
0
0
0
0
0
0
0
0
0
0
0
0
0
0
0
0
0
0
0
0
0
0
0
0
0
0
0
0
0
0
0
0
0
0
0
0
0
0
0
0
0
0
0
0
0
0
0
0
0
0
0
0
0
0
0
0
0
0
0
0
0
0
0
0
0
0
0
0
0
0
0
0
0
0
0
0
0
0
0
0
0
0
0
0
0
0
0
0
0
0
0
0
0
0
0
0
0
0
0
0
0
0
0
0
0
0
0
0
0
0
0
0
0
0
0
0
0
0
0
0
0
0
0
0
0
0
0
0
0
0
0
0
0
0
0
0
0
0
0
0
0
0
0
0
0
0
0
0
0
0
0
0
0
0
0
0
0
0
0
0
0
0
0
0
0
0
0
0
0
0
0
0
0
0
0
0
0
0
0
0
0
0
0
0
0
0
0
0
0
0
0
0
0
0
0
0
0
0
0
0
0
0
0
0
0
0
0
0
0
0
0
0
0
0
0
0
0
0
0
0
0
0
0
0
0
0
0
0
0
0
0
0
0
0
0
0
0
0
0
0
0
0
0
0
0
0
0
0
0
0
0
0
0
0
0
0
0
0
0
0
0
0
0
0
0
0
0
0
0
0
0
0
0
0
0
0
0
0
0
0
0
0
0
0
0
0
0
0
0
0
0
0
0
0
0
0
0
0
0
0
0
0
0
0
0
0
0
0
0
0
0
0
0
0
0
0
0
0
0
0
0
0
0
0
0
0
0
0
0
0
0
0
0
0
0
0
0
0
0
0
0
0
0
0
0
0
0
0
0
0
0
0
0
0
0
0
0
0
0
0
0
0
0
0
0
0
0
0
0
0
0
0
0
0
0
0
0
0
0
0
0
0
0
0
0
0
0
0
0
0
0
0
0
0
0
0
0
0
0
0
0
0
0
0
0
0
0
0
0
0
0
0
0
0
0
0
0
0
0
0
0
0
0
0
0
0
0
0
0
0
0
0
0
0
0
0
0
0
0
0
0
0
0
0
0
0
0
0
0
0
0
0
0
0
0
0
0
0
0
0
0
0
0
0
0
0
0
0
0
0
0
0
0
0
0
0
0
0
0
0
0
0
0
0
0
0
0
0
0
0
0
0
0
0
0
0
0
0
0
0
0
0
0
0
0
0
0
0
0
0
0
0
0
0
0
0
0
0
0
0
0
0
0
0
0
0
0
0
0
0
0
0
0
0
0
0
0
0
0
0
0
0
0
0
0
0
0
0
0
0
0
0
0
0
0
0
0
0
0
0
0
0
0
0
0
0
0
0
0
0
0
0
0
0
0
0
0
0
0
0
0
0
0
0
0
0
0
0
0
0
0
0
0
0
0
0
0
0
0
0
0
0
0
0
0
0
0
0
0
0
0
0
0
0
0
0
0
0
0
0
0
0
0
0
0
0
0
0
0
0
0
0
0
0
0
0
0
0
0
0
0
0
0
0
0
0
0
0
0
0
0
0
0
0
0
0
0
0
0
0
0
0
0
0
0
0
0
0
0
0
0
0
0
0
0
0
0
0
0
0
0
0
0
0
0
0
0
0
0
0
0
0
0
0
0
0
0
0
0
0
0
0
0
0
0
0
0
0
0
0
0
0
0
0
0
0
0
0
0
0
0
0
0
0
0
0
0
0
0
0
0
0
0
0
0
0
0
0
0
0
0
0
0
0
0
0
0
0
0
0
0
0
0
0
0
0
0
0
0
0
0
0
0
0
0
0
0
0
0
0
0
0
0
0
0
0
0
0
0
0
0
0
0
0
0
0
0
0
0
0
0
0
0
0
0
0
0
0
0
0
0
0
0
0
0
0
0
0
0
0
0
0
0
0
0
0
0
0
0
0
0
0
0
0
0
0
0
0
0
0
0
0
0
0
0
0
0
0
0
0
0
0
0
0
0
0
0
0
0
0
0
0
0
0
0
0
0
0
0
0
0
0
0
0
0
0
0
0
0
0
0
0
0
0
0
0
0
0
0
0
0
0
0
0
0
0
0
0
0
0
0
0
0
0
0
0
0
0
0
0
0
0
0
0
0
0
0
0
0
0
0
0
0
0
0
0
0
0
0
0
0
0
0
0
0
0
0
0
0
0
0
0
0
0
0
0
0
0
0
0
0
0
0
0
0
0
0
0
0
0
0
0
0
0
0
0
0
0
0
0
0
0
0
0
0
0
0
0
0
0
0
0
0
0
0
0
0
0
0
0
0
0
0
0
0
0
0
0
0
0
0
0
0
0
0
0
0
0
0
0
0
0
0
0
0
0
0
0
0
0
0
0
0
0
0
0
0
0
0
0
0
0
0
0
0
0
0
0
0
0
0
0
0
0
0
0
0
0
0
0
0
0
0
0
0
0
0
0
0
0
0
0
0
0
0
0
0
0
0
0
0
0
0
0
0
0
0
0
0
0
0
0
0
0
0
0
0
0
0
0
0
0
0
0
0
0
0
0
0
0
0
0
0
0
0
0
0
0
0
0
0
0
0
0
0
0
0
0
0
0
0
0
0
0
0
0
0
0
0
0
0
0
0
0
0
0
0
0
0
0
0
0
0
0
0
0
0
0
0
0
0
0
0
0
0
0
0
0
0
0
0
0
0
0
0
0
0
0
0
0
0
0
0
0
0
0
0
0
0
0
0
0
0
0
0
0
0
0
0
0
0
0
0
0
0
0
0
0
0
0
0
0
0
0
0
0
0
0
0
0
0
0
0
0
0
0
0
0
0
0
0
0
0
0
0
0
0
0
0
0
0
0
0
0
0
0
0
0
0
0
0
0
0
0
0
0
0
0
0
0
0
0
0
0
0
0
0
0
0
0
0
0
0
0
0
0
0
0
0
0
0
0
0
0
0
0
0
0
0
0
0
0
0
0
0
0
0
0
0
0
0
0
0
0
0
0
0
0
0
0
0
0
0
0
0
0
0
0
0
0
0
0
0
0
0
0
0
0
0
0
0
0
0
0
0
0
0
0
0
0
0
0
0
0
0
0
0
0
0
0
0
0
0
0
0
0
0
0
0
0
0
0
0
0
0
0
0
0
0
0
0
0
0
0
0
0
0
0
0
0
0
0
0
0
0
0
0
0
0
0
0
0
0
0
0
0
0
0
0
0
0
0
0
0
0
0
0
0
0
0
0
0
0
0
0
0
0
0
0
0
0
0
0
0
0
0
0
0
0
0
0
0
0
0
0
0
0
0
0
0
0
0
0
0
0
0
0
0
0
0
0
0
0
0
0
0
0
0
0
0
0
0
0
0
0
0
0
0
0
0
0
0
0
0
0
0
0
0
0
0
0
0
0
0
0
0
0
0
0
0
0
0
0
0
0
0
0
0
0
0
0
0
0
0
0
0
0
0
0
0
0
0
0
0
0
0
0
0
0
0
0
0
0
0
0
0
0
0
0
0
0
0
0
0
0
0
0
0
0
0
0
0
0
0
0
0
0
0
0
0
0
0
0
0
0
0
0
0
0
0
0
0
0
0
0
0
0
0
0
0
0
0
0
0
0
0
0
0
0
0
0
0
0
0
0
0
0
0
0
0
0
0
0
0
0
0
0
0
0
0
0
0
0
0
0
0
0
0
0
0
0
0
0
0
0
0
0
0
0
0
0
0
0
0
0
0
0
0
0
0
0
0
0
0
0
0
0
0
0
0
0
0
0
0
0
0
0
0
0
0
0
0
0
0
0
0
0
0
0
0
0
0
0
0
0
0
0
0
0
0
0
0
0
0
0
0
0
0
0
0
0
0
0
0
0
0
0
0
0
0
0
0
0
0
0
0
0
0
0
0
0
0
0
0
0
0
0
0
0
0
0
0
0
0
0
0
0
0
0
0
0
0
0
0
0
0
0
0
0
0
0
0
0
0
0
0
0
0
0
0
0
0
0
0
0
0
0
0
0
0
0
0
0
0
0
0
0
0
0
0
0
0
0
0
0
0
0
0
0
0
0
0
0
0
0
0
0
0
0
0
0
0
0
0
0
0
0
0
0
0
0
0
0
0
0
0
0
0
0
0
0
0
0
0
0
0
0
0
0
0
0
0
0
0
0
0
0
0
0
0
0
0
0
0
0
0
0
0
0
0
0
0
0
0
0
0
0
0
0
0
0
0
0
0
0
0
0
0
0
0
0
0
0
0
0
0
0
0
0
0
0
0
0
0
0
0
0
0
0
0
0
0
0
0
0
0
0
0
0
0
0
0
0
0
0
0
0
0
0
0
0
0
0
0
0
0
0
0
0
0
0
0
0
0
0
0
0
0
0
0
0
0
0
0
0
0
0
0
0
0
0
0
0
0
0
0
0
0
0
0
0
0
0
0
0
0
0
0
0
0
0
0
0
0
0
0
0
0
0
0
0
0
0
0
0
0
0
0
0
0
0
0
0
0
0
0
0
0
0
0
0
0
0
0
0
0
0
0
0
0
0
0
0
0
0
0
0
0
0
0
0
0
0
0
0
0
0
0
0
0
0
0
0
0
0
0
0
0
0
0
0
0
0
0
0
0
0
0
0
0
0
0
0
0
0
0
0
0
0
0
0
0
0
0
0
0
0
0
0
0
0
0
0
0
0
0
0
0
0
0
0
0
0
0
0
0
0
0
0
0
0
0
0
0
0
0
0
0
0
0
0
0
0
0
0
0
0
0
0
0
0
0
0
0
0
0
0
0
0
0
0
0
0
0
0
0
0
0
0
0
0
0
0
0
0
0
0
0
0
0
0
0
0
0
0
0
0
0
0
0
0
0
0
0
0
0
0
0
0
0
0
0
0
0
0
0
0
0
0
0
0
0
0
0
0
0
0
0
0
0
0
0
0
0
0
0
0
0
0
0
0
0
0
0
0
0
0
0
0
0
0
0
0
0
0
0
0
0
0
0
0
0
0
0
0
0
0
0
0
0
0
0
0
0
0
0
0
0
0
0
0
0
0
0
0
0
0
0
0
0
0
0
0
0
0
0
0
0
0
0
0
0
0
0
0
0
0
0
0
0
0
0
0
0
0
0
0
0
0
0
0
0
0
0
0
0
0
0
0
0
0
0
0
0
0
0
0
0
0
0
0
0
0
0
0
0
0
0
0
0
0
0
0
0
0
0
0
0
0
0
0
0
0
0
0
0
0
0
0
0
0
0
0
0
0
0
0
0
0
0
0
0
0
0
0
0
0
0
0
0
0
0
0
0
0
0
0
0
0
0
0
0
0
0
0
0
0
0
0
0
0
0
0
0
0
0
0
0
0
0
0
0
0
0
0
0
0
0
0
0
0
0
0
0
0
0
0
0
0
0
0
0
0
0
0
0
0
0
0
0
0
0
0
0
0
0
0
0
0
0
0
0
0
0
0
0
0
0
0
0
0
0
0
0
0
0
0
0
0
0
0
0
0
0
0
0
0
0
0
0
0
0
0
0
0
0
0
0
0
0
0
0
0
0
0
0
0
0
0
0
0
0
0
0
0
0
0
0
0
0
0
0
0
0
0
0
0
0
0
0
0
0
0
0
0
0
0
0
0
0
0
0
0
0
0
0
0
0
0
0
0
0
0
0
0
0
0
0
0
0
0
0
0
0
0
0
0
0
0
0
0
0
0
0
0
0
0
0
0
0
0
0
0
0
0
0
0
0
0
0
0
0
0
0
0
0
0
0
0
0
0
0
0
0
0
0
0
0
0
0
0
0
0
0
0
0
0
0
0
0
0
0
0
0
0
0
0
0
0
0
0
0
0
0
0
0
0
0
0
0
0
0
0
0
0
0
0
0
0
0
0
0
0
0
0
0
0
0
0
0
0
0
0
0
0
0
0
0
0
0
0
0
0
0
0
0
0
0
0
0
0
0
0
0
0
0
0
0
0
0
0
0
0
0
0
0
0
0
0
0
0
0
0
0
0
0
0
0
0
0
0
0
0
0
0
0
0
0
0
0
0
0
0
0
0
0
0
0
0
0
0
0
0
0
0
0
0
0
0
0
0
0
0
0
0
0
0
0
0
0
0
0
0
0
0
0
0
0
0
0
0
0
0
0
0
0
0
0
0
0
0
0
0
0
0
0
0
0
0
0
0
0
0
0
0
0
0
0
0
0
0
0
0
0
0
0
0
0
0
0
0
0
0
0
0
0
0
0
0
0
0
0
0
0
0
0
0
0
0
0
0
0
0
0
0
0
0
0
0
0
0
0
0
0
0
0
0
0
0
0
0
0
0
0
0
0
0
0
0
0
0
0
0
0
0
0
0
0
0
0
0
0
0
0
0
0
0
0
0
0
0
0
0
0
0
0
0
0
0
0
0
0
0
0
0
0
0
0
0
0
0
0
0
0
0
0
0
0
0
0
0
0
0
0
0
0
0
0
0
0
0
0
0
0
0
0
0
0
0
0
0
0
0
0
0
0
0
0
0
0
0
0
0
0
0
0
0
0
0
0
0
0
0
0
0
0
0
0
0
0
0
0
0
0
0
0
0
0
0
0
0
0
0
0
0
0
0
0
0
0
0
0
0
0
0
0
0
0
0
0
0
0
0
0
0
0
0
0
0
0
0
0
0
0
0
0
0
0
0
0
0
0
0
0
0
0
0
0
0
0
0
0
0
0
0
0
0
0
0
0
0
0
0
0
0
0
0
0
0
0
0
0
0
0
0
0
0
0
0
0
0
0
0
0
0
0
0
0
0
0
0
0
0
0
0
0
0
0
0
0
0
0
0
0
0
0
0
0
0
0
0
0
0
0
0
0
0
0
0
0
0
0
0
0
0
0
0
0
0
0
0
0
0
0
0
0
0
0
0
0
0
0
0
0
0
0
0
0
0
0
0
0
0
0
0
0
0
0
0
0
0
0
0
0
0
0
0
0
0
0
0
0
0
0
0
0
0
0
0
0
0
0
0
0
0
0
0
0
0
0
0
0
0
0
0
0
0
0
0
0
0
0
0
0
0
0
0
0
0
0
0
0
0
0
0
0
0
0
0
0
0
0
0
0
0
0
0
0
0
0
0
0
0
0
0
0
0
0
0
0
0
0
0
0
0
0
0
0
0
0
0
0
0
0
0
0
0
0
0
0
0
0
0
0
0
0
0
0
0
0
0
0
0
0
0
0
0
0
0
0
0
0
0
0
0
0
0
0
0
0
0
0
0
0
0
0
0
0
0
0
0
0
0
0
0
0
0
0
0
0
0
0
0
0
0
0
0
0
0
0
0
0
0
0
0
0
0
0
0
0
0
0
0
0
0
0
0
0
0
0
0
0
0
0
0
0
0
0
0
0
0
0
0
0
0
0
0
0
0
0
0
0
0
0
0
0
0
0
0
0
0
0
0
0
0
0
0
0
0
0
0
0
0
0
0
0
0
0
0
0
0
0
0
0
0
0
0
0
0
0
0
0
0
0
0
0
0
0
0
0
0
0
0
0
0
0
0
0
0
0
0
0
0
0
0
0
0
0
0
0
0
0
0
0
0
0
0
0
0
0
0
0
0
0
0
0
0
0
0
0
0
0
0
0
0
0
0
0
0
0
0
0
0
0
0
0
0
0
0
0
0
0
0
0
0
0
0
0
0
0
0
0
0
0
0
0
0
0
0
0
0
0
0
0
0
0
0
0
0
0
0
0
0
0
0
0
0
0
0
0
0
0
0
0
0
0
0
0
0
0
0
0
0
0
0
0
0
0
0
0
0
0
0
0
0
0
0
0
0
0
0
0
0
0
0
0
0
0
0
0
0
0
0
0
0
0
0
0
0
0
0
0
0
0
0
0
0
0
0
0
0
0
0
0
0
0
0
0
0
0
0
0
0
0
0
0
0
0
0
0
0
0
0
0
0
0
0
0
0
0
0
0
0
0
0
0
0
0
0
0
0
0
0
0
0
0
0
0
0
0
0
0
0
0
0
0
0
0
0
0
0
0
0
0
0
0
0
0
0
0
0
0
0
0
0
0
0
0
0
0
0
0
0
0
0
0
0
0
0
0
0
0
0
0
0
0
0
0
0
0
0
0
0
0
0
0
0
0
0
0
0
0
0
0
0
0
0
0
0
0
0
0
0
0
0
0
0
0
0
0
0
0
0
0
0
0
0
0
0
0
0
0
0
0
0
0
0
0
0
0
0
0
0
0
0
0
0
0
0
0
0
0
0
0
0
0
0
0
0
0
0
0
0
0
0
0
0
0
0
0
0
0
0
0
0
0
0
0
0
0
0
0
0
0
0
0
0
0
0
0
0
0
0
0
0
0
0
0
0
0
0
0
0
0
0
0
0
0
0
0
0
0
0
0
0
0
0
0
0
0
0
0
0
0
0
0
0
0
0
0
0
0
0
0
0
0
0
0
0
0
0
0
0
0
0
0
0
0
0
0
0
0
0
0
0
0
0
0
0
0
0
0
0
0
0
0
0
0
0
0
0
0
0
0
0
0
0
0
0
0
0
0
0
0
0
0
0
0
0
0
0
0
0
0
0
0
0
0
0
0
0
0
0
0
0
0
0
0
0
0
0
0
0
0
0
0
0
0
0
0
0
0
0
0
0
0
0
0
0
0
0
0
0
0
0
0
0
0
0
0
0
0
0
0
0
0
0
0
0
0
0
0
0
0
0
0
0
0
0
0
0
0
0
0
0
0
0
0
0
0
0
0
0
0
0
0
0
0
0
0
0
0
0
0
0
0
0
0
0
0
0
0
0
0
0
0
0
0
0
0
0
0
0
0
0
0
0
0
0
0
0
0
0
0
0
0
0
0
0
0
0
0
0
0
0
0
0
0
0
0
0
0
0
0
0
0
0
0
0
0
0
0
0
0
0
0
0
0
0
0
0
0
0
0
0
0
0
0
0
0
0
0
0
0
0
0
0
0
0
0
0
0
0
0
0
0
0
