-390
-200
-1480
-1435
-441
-1074
-1244
-302
541
-1789
-1982
-667
-1264
-726
33
417
3
374
-898
-1303
904
-1163
-17584
-123
948
-1717
-541
101
-1179
-19502
292
572
-392
-582
-2300
-2436
-1271
-2285
-2340
-298
-196
-2350
-3326
-1362
-2262
-2073
72
16
77
261
-1885
-2829
1838
-2119
-16056
75
237
-1633
-1376
893
-1785
-17711
238
482
-355
-767
-2319
-4311
-1848
-2910
-3009
-272
-70
-2022
-5014
-1974
-2334
-2047
13
36
62
355
-20
-2876
-358
-2824
-12504
105
557
248
-2353
-1295
-2501
-14766
320
-40
-265
-241
-2508
-3949
-2826
-2123
-2593
-172
435
-3613
-5658
-2084
-3258
-29
-18
469
101
167
1125
-2888
226
-2419
-18996
44
-65
-483
-3067
-2836
-3011
-17446
315
154
-188
199
-3208
-3977
-3241
-2164
-3625
-65
1047
-2564
-4753
-1235
-2334
-89
-68
694
16
11
-587
-4095
334
-3399
-13470
-127
-343
-1707
-3063
-1814
-2373
-20060
90
244
-198
528
-2032
-1871
-985
-1640
-2680
-75
1428
-1810
-1910
-844
-2039
-2008
-117
696
13
-80
-1621
-2291
-1355
-2363
-17763
-61
-337
-1965
-2609
-1851
-1940
-21801
82
138
-362
528
-2423
19
-1796
-2125
-2084
-186
1249
-3414
-702
-3394
-3386
-1875
-159
933
-47
-410
-2375
-2018
577
-1805
-19612
69
-38
-3566
-3356
-936
-2867
-15830
179
58
-335
498
-3064
-595
-3962
-3730
-3437
-71
813
-2745
-271
-3694
-3618
-2218
-130
239
-89
-658
-3726
-3229
857
-3201
-12908
-68
-223
-4101
-3204
-1195
-3259
-15952
254
-477
-469
403
-2473
-2143
-2157
-1462
-2123
-324
137
-2971
-2787
-3057
-1980
-1294
-151
839
-3
852
-1296
-1687
1095
-2248
-13323
-134
1514
-3022
-598
1299
-2432
-13468
262
1058
-482
1168
-2941
-1846
-1373
-1819
-2116
-461
545
-3622
-1899
-3056
-2192
-2161
-255
644
255
246
-1693
-1830
565
-2161
-19036
39
-2276
-2649
-2069
1399
-2137
-18420
441
-1863
-544
1819
-3642
-4163
-2000
-2850
-2982
-438
2787
-5010
-4375
-3632
-3056
-1467
-173
3149
84
711
-488
-1332
-1104
-3167
-23712
45
960
-1603
-4358
-609
-3612
-20828
465
1180
-563
1211
-4849
-5935
-4130
-4595
-4262
-369
2886
-7066
-7005
-4784
-5051
-590
-85
2855
9
482
-290
-3931
1309
-4453
-17347
178
-735
-2741
-6415
-754
-5728
-12280
544
-372
-485
-731
-2953
-3299
-1726
-2382
-2632
-211
270
-4835
-5045
-1793
-3727
-207
-202
1040
4
-990
-1177
-2656
427
-2570
-19310
139
-1322
-3128
-4602
-1414
-3587
-14634
341
-1238
-465
-923
-2109
-1422
1482
-282
-1778
-354
-1104
-3845
-3319
897
-1823
-1927
-174
-156
149
39
-1635
-1959
-2674
-1586
-20965
188
340
-2287
-2739
-3090
-2133
-16491
286
1145
-562
-658
-1979
80
339
351
-1743
-386
-1124
-4058
-2702
-578
-2030
-663
-331
105
62
-443
-2853
-2061
-2091
-1488
-19684
332
-378
-4719
-2528
-4056
-3004
-13119
276
-253
-644
-1414
-1773
703
-1894
-588
-1791
-263
-2044
-1139
-299
-183
-1149
-1293
-256
-292
-38
-720
-2645
-1727
-479
-1474
-16990
283
-1103
-2754
-313
-2339
-1442
-21028
312
-1152
-273
-388
-2332
-2249
-2095
-842
-2464
-72
-447
-2225
-2231
-2522
-1666
-1977
-21
-1201
-53
962
-2302
-2241
633
-2397
-13735
-184
1773
-2153
-154
-91
-2571
-16552
273
1479
-238
317
-3538
-2343
-3721
-2070
-2540
-162
798
-3515
-996
-3226
-2266
-3191
6
-452
52
606
-2118
-1952
2424
-2488
-15479
-50
-680
-2104
-2102
1847
-2825
-17485
343
-336
-136
209
-5517
-5094
-6730
-4549
-4345
-99
455
-7323
-4021
-6802
-5757
-3562
76
-88
-61
1759
-1316
-3819
3232
-4352
-17305
-60
3000
-2080
-6654
-540
-5703
-11308
297
3355
-254
744
-6221
-5867
-6923
-5924
-5499
-113
553
-7823
-5612
-7857
-6328
-174
164
-355
-88
223
355
-5628
2346
-5337
-19059
48
-915
-2836
-7290
-1800
-6999
-17967
318
-1079
-362
201
-4143
-3940
-3977
-4141
-3814
-158
357
-5407
-3232
-4812
-4474
-828
19
-27
58
-1109
120
-3329
281
-3648
-22088
82
-1152
-2562
-5087
-1533
-4545
-23834
209
-1984
-325
503
-3544
-2919
-2079
-2098
-3046
-226
657
-3666
-2962
-3100
-1971
-1732
89
812
114
487
-471
-3625
-861
-2947
-10919
229
-275
-1103
-2727
-783
-3159
-15076
88
-246
-376
825
-2226
-300
-1191
-174
-1516
-287
508
-3005
-1317
-2450
-1310
368
-35
-4
99
-690
-1323
-1892
-1309
-1404
-18359
308
-813
-3301
-613
-2203
-2904
-19517
46
-324
-536
308
-1438
1305
-1379
-276
-1131
-255
995
-2075
491
-2368
-1968
-1140
-131
1025
-17
-730
-1112
-1127
-1717
-954
-17086
137
-418
-2208
-943
-2956
-2853
-15533
58
17
151
-593
-3078
-1786
-1595
-1852
-2610
172
914
-2420
-953
-1722
-1695
-1984
291
1138
-151
764
-1730
-2304
-833
-2467
-15013
-352
919
-820
-1205
-1193
-2453
-21952
74
-90
142
31
-3249
-2416
-1481
-2219
-2807
160
1075
-2891
-1355
-1833
-1910
-1898
166
257
-200
-104
-3060
-2309
839
-2818
-10227
-287
-51
-2780
-1884
1226
-2417
-14940
-7
127
332
1385
-5148
-4181
-4042
-4033
-4376
149
280
-5438
-2294
-5893
-4017
-2450
121
-1050
-66
2048
-1493
-3771
795
-4171
-18591
-307
2290
-1569
-4219
-1911
-4107
-19793
-159
2797
246
4058
-4543
-2705
-3883
-5002
-4738
-38
2239
-7091
-3014
-9093
-6503
-123
42
1782
129
834
655
-4388
-3146
-4567
-22963
-34
403
-4554
-6294
-5555
-7231
-16809
-38
-251
-87
2469
-4192
-3858
-4957
-4961
-4503
-80
1648
-7105
-3827
-8561
-6561
-2922
-81
1420
5
-1163
470
-4130
-1170
-4455
-21442
112
-871
-3018
-6235
-2111
-7097
-15586
133
-1099
-209
382
-3437
-2450
-2567
-3047
-2635
-147
1103
-4736
-2279
-4568
-3699
-1748
93
1252
63
-19
521
-3284
-367
-2610
-21488
87
-653
-233
-3304
-1537
-3734
-22564
71
-625
-147
288
-2785
-1001
-632
-1973
-1655
-82
1103
-4927
-2974
-3642
-3770
1146
83
318
65
-1060
735
-2343
-1285
-1591
-22935
-51
-546
-1210
-3006
-3814
-4328
-19003
-25
96
-248
11
-2301
-681
-1489
-2554
-2036
-169
660
-4650
-2694
-4144
-4409
1242
-53
514
-31
-150
-74
-1269
-1508
-1734
-17708
-39
-282
-2256
-3088
-4891
-4768
-12300
14
394
-8
-758
-2853
1163
-3359
-2686
-2591
-141
104
-5633
1439
-4713
-4991
-3866
225
-15
-217
652
-538
-2700
-2192
-2586
-18404
-493
1496
-818
-3698
-5435
-4439
-14108
-271
1800
222
147
-1228
512
-1819
-1679
-2490
-79
296
-3700
-492
-4501
-5039
-3631
20
148
-97
997
-1876
-1799
-4259
-2314
-28659
-207
-925
-2979
-5071
-6254
-5182
-18813
-137
-1405
427
1547
-2601
-3623
-2409
-2932
-4818
83
1462
-2124
-2231
-4715
-3908
-4359
38
856
-69
4803
-2395
-2593
-6690
-4570
-25588
106
1902
-4244
-4338
-4907
-5603
-26703
137
847
597
3932
-5489
-5063
-1589
-4643
-6565
201
942
-6569
-4306
-7341
-6632
-4261
66
-515
184
342
313
-4556
-10880
-6199
-21848
46
-166
-3308
-7072
-7736
-8703
-17043
12
-323
274
771
-4426
-2415
-2504
-3693
-4852
216
269
-6356
-1742
-6298
-5617
-4135
89
-310
126
-4476
1500
-3367
-8559
-4497
-24354
-46
-2108
-1306
-5405
-7112
-6327
-22813
30
-1316
33
639
-5035
-3028
-4854
-3887
-5089
18
952
-7631
-3987
-8538
-6241
-2763
159
390
-88
-847
3316
-5931
-5137
-4888
-15589
-235
-598
1227
-5212
-7032
-6348
-13293
-164
-335
-14
1058
-5397
-5122
-3244
-5289
-5327
-23
1895
-7475
-8180
-7556
-6725
-1667
227
1346
-217
-726
4522
-6400
-5372
-5124
-11129
-405
-968
4207
-5333
-7558
-7028
-10462
-157
-472
-209
244
-2714
-3577
-1931
-3210
-2713
-180
743
-3721
-4892
-4004
-3774
-705
-23
-651
-28
-301
543
-1459
-1157
-2484
-19095
-308
-563
548
-1875
-3219
-3674
-19112
-124
226
-275
-876
-2932
-1756
-2666
-1690
-2134
-159
-1904
-4101
-2500
-2807
-2646
-1503
149
-2496
-161
1459
73
-1831
280
-1970
-17765
-420
2111
-252
-871
-1426
-2533
-18444
-145
2044
-15
-663
-2051
-946
-2744
-1985
-2691
-89
-1418
-2548
-1338
-3151
-3105
-3208
72
-1744
-51
1711
-1108
-1017
-3160
-2471
-22809
-199
-239
-1486
-1697
-3410
-3335
-24124
-152
-1307
321
-1134
-2963
-3567
-4866
-4203
-5937
53
-974
-4398
-2823
-5556
-5567
-5352
-56
-691
-7
5027
-3993
-2679
-6171
-5492
-14641
116
2246
-6131
-6081
-5088
-7040
-11730
71
1201
509
-2019
-6514
-6391
-3707
-4609
-7194
304
-1857
-4931
-5224
-4166
-3688
-2617
119
-1055
114
-354
300
-2677
-11314
-6635
-14250
95
-437
-2096
-5200
-6731
-6313
-25414
101
-12
314
-1421
-5613
-1934
-821
-3756
-5311
160
-611
-8640
-2727
-4150
-6219
-3516
44
-656
16
-4486
-133
-2851
-10141
-4786
-17029
-124
-2336
-2764
-7456
-9673
-7482
-10968
-15
-1372
89
-1047
-4383
-1854
-1460
-1497
-3442
101
-895
-4863
-1784
-3746
-2879
-1660
20
-1587
-8
-1559
653
-4023
-4281
-3297
-16194
-188
-537
348
-2943
-4916
-3048
-19818
-157
256
-74
-2796
-4767
-5786
-2679
-4318
-4908
-26
-3189
-5479
-7743
-6203
-5783
-2830
139
-3296
-326
-956
1826
-6241
-1748
-4715
-21103
-360
-1247
2656
-4415
-4097
-5172
-20221
-207
-1294
-317
-2181
-2726
-3485
-2215
-2864
-2816
-218
-2334
-3765
-5688
-4108
-4453
-1962
-68
-2120
-199
-496
330
-3539
-201
-2651
-16710
-195
-1001
507
-3270
-1911
-4261
-13722
-7
-1087
-175
-401
-2331
-2215
-1323
-1059
-1537
-18
-621
-3014
-3757
-2446
-2264
400
-71
-1064
-105
76
-181
-2173
1087
-1410
-14725
-230
308
-809
-1474
-792
-2453
-15169
-89
-32
-31
-1028
-2134
-3542
-980
-2048
-2745
4
-454
-2343
-4325
-1675
-2273
-2110
27
-1353
43
431
-773
-2387
-1648
-2632
-15716
-160
426
322
-1479
-2568
-2843
-19715
-152
-133
30
-1645
-2978
-3712
-3115
-3186
-3859
-50
-166
-3823
-4142
-4280
-3642
-1649
41
-99
-61
3295
-105
-2530
-2620
-3589
-27543
-142
2194
-713
-3959
-4095
-4397
-29150
90
1769
74
-2698
-5177
-4192
-4906
-4779
-6101
-96
602
-8343
-7872
-7724
-6415
-712
93
1787
-157
250
1873
-4813
-6534
-5967
-16994
-59
7
-326
-7479
-8869
-8370
-11298
92
-137
240
-1317
-3707
-2653
-2562
-2606
-3330
18
-1108
-4796
-3110
-4277
-3415
-2539
61
-988
-114
-2700
573
-2707
-3014
-2984
-18689
-306
-2149
826
-3943
-4345
-3634
-18389
-3
-2210
147
-1911
-2413
-1892
222
-1030
-2175
5
-2365
-2613
-1628
-1819
-1925
-1346
46
-2181
25
-1084
-2347
-3016
-1396
-2160
-14356
-478
-225
-2033
-2414
-2632
-1635
-15754
-191
-389
18
-1437
-1530
-3852
-641
-1381
-2247
94
-1362
-1931
-4911
-2794
-3073
-1386
-95
-1567
-362
-703
-1959
-3342
744
-2036
-14880
-362
-530
-1116
-3119
-1514
-2775
-13199
-259
-249
-131
-542
-1065
-1685
-1326
-1110
-1488
-131
-79
-1668
-3614
-2161
-2872
-123
-175
-123
-223
-241
-1574
-2215
784
-1386
-16669
-310
-868
-1887
-1894
-1764
-2857
-14061
-59
-1334
-246
-961
-2199
-2948
-2162
-2135
-2100
-173
-589
-2528
-3356
-3170
-3377
-1963
-157
-107
-291
-552
-1199
-2268
1530
-1904
-15328
-269
-412
-449
-3402
-808
-3459
-14560
-88
-679
-166
-1556
-2247
-2610
5
-1414
-1841
-51
-563
-2526
-3017
-1209
-2469
-1673
-140
-705
-26
-136
-1313
-1800
-870
-1578
-18669
-211
-61
-679
-2283
-1342
-2280
-20852
100
386
42
-1236
-2722
-2225
-3214
-749
-2408
-14
-744
-3787
-2504
-3947
-2726
-2762
-1
-823
-97
1568
-386
-2101
-1168
-2392
-17935
-222
1441
14
-3659
-2147
-3840
-16868
90
1732
62
-2499
-3560
-3891
-3659
-770
-3733
-141
-3658
-4560
-4196
-4121
-2798
-4358
38
-3748
-267
22
1036
-3383
-3247
-3544
-22141
-112
-587
2558
-4400
-4318
-4158
-21010
173
-1280
161
-1376
-2334
-1599
-1914
-164
-1918
-37
-1685
-2113
-1251
-1643
-1325
-2537
1
-2221
-175
-1639
-1352
-2294
-792
-1903
-15029
-258
-2067
-218
-2338
-1775
-2009
-17502
111
-2416
9
-987
-1072
-1505
-218
571
-812
-3
-725
-802
-1294
-396
-753
-984
-71
-442
-188
-212
-1573
-1422
-153
-800
-15737
-448
606
-1055
-1339
-1460
-1068
-18213
-183
574
-203
-687
-703
-2236
-746
112
-1063
-171
-403
-284
-2469
-1298
-1137
-1113
-229
-410
-286
-193
-1238
-1868
19
-941
-14715
-381
-531
-1014
-2105
-1840
-1816
-15652
-143
-376
-162
-369
-1202
-1605
-983
-712
-1247
-276
-470
-1782
-2914
-1897
-2519
-966
-129
-350
-187
-189
-495
-1890
-538
-1213
-16757
-337
-424
-639
-2850
-2484
-3094
-14138
-1
-689
0
0
0
0
0
0
0
0
0
0
0
-1580
-1808
-975
-1298
-1369
0
0
0
0
0
0
0
0
0
0
0
-24
-949
202
-1231
-14526
0
0
0
0
0
0
0
0
0
0
0
-1674
-2357
-711
-1475
-1505
0
0
0
0
0
0
0
0
0
0
0
-1338
-1640
821
-1301
-17032
0
0
0
0
0
0
0
0
0
0
0
-1941
-3305
-1387
-2161
-1762
0
0
0
0
0
0
0
0
0
0
0
-273
-1464
-277
-1755
-14950
0
0
0
0
0
0
0
0
0
0
0
-1984
-3875
-3230
-1573
-2867
0
0
0
0
0
0
0
0
0
0
0
-1014
-3002
-463
-2876
-13961
0
0
0
0
0
0
0
0
0
0
0
-2513
-3214
-2700
-253
-2665
0
0
0
0
0
0
0
0
0
0
0
-1079
-4072
-410
-2613
-15030
0
0
0
0
0
0
0
0
0
0
0
-1919
-2028
-708
-572
-1784
0
0
0
0
0
0
0
0
0
0
0
-1324
-1507
-1355
-1686
-18494
0
0
0
0
0
0
0
0
0
0
0
-2568
-1494
-1276
-1455
-2015
0
0
0
0
0
0
0
0
0
0
0
-1844
-1398
-245
-1988
-15240
0
0
0
0
0
0
0
0
0
0
0
-3354
-1362
-2055
-1553
-2572
0
0
0
0
0
0
0
0
0
0
0
-1965
-1891
-510
-2456
-13316
0
0
0
0
0
0
0
0
0
0
0
-1833
-2142
-2492
-2188
-2117
0
0
0
0
0
0
0
0
0
0
0
-1023
-1235
590
-2088
-11526
0
0
0
0
0
0
0
0
0
0
0
-810
-2148
-1993
-1213
-1694
0
0
0
0
0
0
0
0
0
0
0
-2100
-1067
71
-1461
-18927
0
0
0
0
0
0
0
0
0
0
0
-1129
-3750
-2715
-1813
-2298
0
0
0
0
0
0
0
0
0
0
0
-2259
381
-1918
-2318
-24560
0
0
0
0
0
0
0
0
0
0
0
-2270
-4442
-4308
-3485
-3193
0
0
0
0
0
0
0
0
0
0
0
-2028
-2175
719
-3222
-19287
0
0
0
0
0
0
0
0
0
0
0
-1807
-2234
-1528
-2247
-2205
0
0
0
0
0
0
0
0
0
0
0
-2376
-1372
-216
-2141
-18405
0
0
0
0
0
0
0
0
0
0
0
-1687
-1871
1629
-1409
-1635
0
0
0
0
0
0
0
0
0
0
0
-2404
-917
-2352
-1587
-18476
0
0
0
0
0
0
0
0
0
0
0
-2371
-761
1563
-727
-1538
0
0
0
0
0
0
0
0
0
0
0
-2662
-1652
-1248
-1371
-18040
0
0
0
0
0
0
0
0
0
0
0
-2008
-18
-957
-744
-1465
0
0
0
0
0
0
0
0
0
0
0
-1483
-1186
-613
-1282
-16195
0
0
0
0
0
0
0
0
0
0
0
-1111
-2303
-2180
-941
-2222
0
0
0
0
0
0
0
0
0
0
0
-1636
-2228
-869
-2203
-13387
0
0
0
0
0
0
0
0
0
0
0
-849
-3049
-3361
-1385
-2161
0
0
0
0
0
0
0
0
0
0
0
-2288
-2202
1206
-1983
-15331
0
0
0
0
0
0
0
0
0
0
0
-1362
-5076
-5376
-3280
-3424
0
0
0
0
0
0
0
0
0
0
0
-2296
-2710
1033
-3414
-17228
0
0
0
0
0
0
0
0
0
0
0
-1030
-4828
-6528
-4727
-3968
0
0
0
0
0
0
0
0
0
0
0
-964
-4568
957
-3918
-19139
0
0
0
0
0
0
0
0
0
0
0
-1413
-2682
-4145
-3421
-2529
0
0
0
0
0
0
0
0
0
0
0
-217
-1471
-528
-2386
-23645
0
0
0
0
0
0
0
0
0
0
0
-1565
-2075
-762
-1921
-1924
0
0
0
0
0
0
0
0
0
0
0
-1187
-2008
-956
-1877
-14408
0
0
0
0
0
0
0
0
0
0
0
-575
-1324
-891
-846
-2179
0
0
0
0
0
0
0
0
0
0
0
-3144
-2460
-1108
-2061
-14303
0
0
0
0
0
0
0
0
0
0
0
-531
462
-474
-650
-734
0
0
0
0
0
0
0
0
0
0
0
-507
-325
-1535
-628
-16699
0
0
0
0
0
0
0
0
0
0
0
-2918
-2400
-2386
-1275
-2840
0
0
0
0
0
0
0
0
0
0
0
-942
-2021
-2265
-2780
-11378
0
0
0
0
0
0
0
0
0
0
0
-1797
-2213
-1388
-247
-1473
0
0
0
0
0
0
0
0
0
0
0
-1628
-1459
-136
-1337
-14332
0
0
0
0
0
0
0
0
0
0
0
773
-3507
-3118
-465
-2212
0
0
0
0
0
0
0
0
0
0
0
-2094
-2110
-1454
-2046
-25914
0
0
0
0
0
0
0
0
0
0
0
2965
-3261
-5489
-4091
-3930
0
0
0
0
0
0
0
0
0
0
0
-1965
-5036
-2599
-3864
-19645
0
0
0
0
0
0
0
0
0
0
0
532
-3461
-4908
-3175
-3043
0
0
0
0
0
0
0
0
0
0
0
-690
-3464
-985
-2869
-23187
0
0
0
0
0
0
0
0
0
0
0
36
-2547
-2824
-1273
-2132
0
0
0
0
0
0
0
0
0
0
0
-910
-2404
-1224
-1958
-21280
0
0
0
0
0
0
0
0
0
0
0
-179
-2084
-1717
-1025
-2397
0
0
0
0
0
0
0
0
0
0
0
-1401
-2588
-2051
-2150
-16099
0
0
0
0
0
0
0
0
0
0
0
-786
-1030
-937
-1116
-1384
0
0
0
0
0
0
0
0
0
0
0
-494
-340
-1716
-1005
-17408
0
0
0
0
0
0
0
0
0
0
0
-1830
-64
-2652
-1413
-1485
0
0
0
0
0
0
0
0
0
0
0
535
-1011
-1640
-1470
-17737
0
0
0
0
0
0
0
0
0
0
0
-1215
-536
-2687
-743
-1948
0
0
0
0
0
0
0
0
0
0
0
-1340
-542
-3605
-1829
-23931
0
0
0
0
0
0
0
0
0
0
0
4021
-4538
-4090
-3519
-4075
0
0
0
0
0
0
0
0
0
0
0
-4522
-1528
-7132
-3961
-25161
0
0
0
0
0
0
0
0
0
0
0
6553
-8741
-7310
-8766
-9090
0
0
0
0
0
0
0
0
0
0
0
-6830
-7571
-11437
-9059
-2825
0
0
0
0
0
0
0
0
0
0
0
2805
-4638
-5154
-4549
-5096
0
0
0
0
0
0
0
0
0
0
0
-1772
-4856
-7405
-5002
-18509
0
0
0
0
0
0
0
0
0
0
0
-1250
-2269
-3701
-1250
-2658
0
0
0
0
0
0
0
0
0
0
0
2470
-5040
-3698
-2445
-21896
0
0
0
0
0
0
0
0
0
0
0
-1937
-2961
-2075
-2903
-2957
0
0
0
0
0
0
0
0
0
0
0
3241
-5084
-4550
-3018
-15833
0
0
0
0
0
0
0
0
0
0
0
-500
-2246
-1610
-1500
-1624
0
0
0
0
0
0
0
0
0
0
0
101
-873
-1821
-1631
-20957
0
0
0
0
0
0
0
0
0
0
0
-1299
-1750
-2106
-814
-1327
0
0
0
0
0
0
0
0
0
0
0
-190
-933
-934
-1398
-19206
0
0
0
0
0
0
0
0
0
0
0
-919
-1834
-4110
-1531
-2811
0
0
0
0
0
0
0
0
0
0
0
-1941
-274
-4328
-2871
-19342
0
0
0
0
0
0
0
0
0
0
0
3077
-4149
-5215
-4617
-4921
0
0
0
0
0
0
0
0
0
0
0
-4674
-2730
-6801
-4889
-16388
0
0
0
0
0
0
0
0
0
0
0
4979
-10346
-10560
-10507
-11882
0
0
0
0
0
0
0
0
0
0
0
-8160
-7745
-14227
-11670
11134
0
0
0
0
0
0
0
0
0
0
0
2203
-3600
-2401
-4231
-4698
0
0
0
0
0
0
0
0
0
0
0
-2166
-4113
-9095
-4410
-16559
0
0
0
0
0
0
0
0
0
0
0
-959
-2009
-1455
-383
-2628
0
0
0
0
0
0
0
0
0
0
0
344
-4370
-4690
-2547
-17790
0
0
0
0
0
0
0
0
0
0
0
-2127
-3681
-1953
-2656
-3361
0
0
0
0
0
0
0
0
0
0
0
1851
-5968
-3859
-3458
-21348
0
0
0
0
0
0
0
0
0
0
0
-1664
-2313
-1227
-2113
-1894
0
0
0
0
0
0
0
0
0
0
0
1077
-2879
-1153
-1923
-16881
0
0
0
0
0
0
0
0
0
0
0
-1251
-1559
-919
-954
-1193
0
0
0
0
0
0
0
0
0
0
0
-292
-1974
280
-1114
-14451
0
0
0
0
0
0
0
0
0
0
0
-755
-2382
-859
-1286
-1781
0
0
0
0
0
0
0
0
0
0
0
-1182
-1469
-1968
-1835
-18331
0
0
0
0
0
0
0
0
0
0
0
1389
-2623
-2992
-1891
-2369
0
0
0
0
0
0
0
0
0
0
0
-960
-1836
-3835
-2483
-29789
0
0
0
0
0
0
0
0
0
0
0
2798
-3128
-4488
-4727
-3875
0
0
0
0
0
0
0
0
0
0
0
-577
-4031
-6340
-3764
-21611
0
0
0
0
0
0
0
0
0
0
0
1251
-2139
-2207
-1595
-2023
0
0
0
0
0
0
0
0
0
0
0
-107
-1466
-3713
-1797
-22780
0
0
0
0
0
0
0
0
0
0
0
-509
-1327
969
58
-1089
0
0
0
0
0
0
0
0
0
0
0
-1192
-1971
-2054
-988
-18207
0
0
0
0
0
0
0
0
0
0
0
-1046
-2239
316
-614
-1354
0
0
0
0
0
0
0
0
0
0
0
-789
-3072
-748
-1456
-15390
0
0
0
0
0
0
0
0
0
0
0
-1006
-1445
-612
-650
-1362
0
0
0
0
0
0
0
0
0
0
0
-273
-2258
-305
-1304
-14680
0
0
0
0
0
0
0
0
0
0
0
-2023
-1943
-1806
-1971
-1611
0
0
0
0
0
0
0
0
0
0
0
-17
-1648
881
-1437
-14641
0
0
0
0
0
0
0
0
0
0
0
-1404
-1886
-60
-796
-1476
0
0
0
0
0
0
0
0
0
0
0
-739
-1792
-1385
-1400
-18684
0
0
0
0
0
0
0
0
0
0
0
-1041
-2045
-2517
-235
-1617
0
0
0
0
0
0
0
0
0
0
0
-224
-2121
-1730
-1708
-18674
0
0
0
0
0
0
0
0
0
0
0
31
-2975
-3187
-846
-2207
0
0
0
0
0
0
0
0
0
0
0
768
-3573
-3614
-2268
-25218
0
0
0
0
0
0
0
0
0
0
0
-380
-1219
-995
673
-949
0
0
0
0
0
0
0
0
0
0
0
-491
-1985
-1552
-962
-18907
0
0
0
0
0
0
0
0
0
0
0
-241
-1114
229
575
-595
0
0
0
0
0
0
0
0
0
0
0
-1072
-975
-1055
-608
-16796
0
0
0
0
0
0
0
0
0
0
0
-450
-1489
-352
-91
-941
0
0
0
0
0
0
0
0
0
0
0
-651
-1804
-618
-1052
-13635
0
0
0
0
0
0
0
0
0
0
0
-834
-1397
-878
-164
-1023
0
0
0
0
0
0
0
0
0
0
0
498
-1710
-1053
-933
-15499
0
0
0
0
0
0
0
0
0
0
0
0
0
0
0
0
0
0
0
0
0
0
0
0
0
0
0
0
0
0
0
0
0
0
0
0
0
0
0
0
0
0
0
0
0
0
0
0
0
0
0
0
0
0
0
0
0
0
0
0
0
0
0
0
0
0
0
0
0
0
0
0
0
0
0
0
0
0
0
0
0
0
0
0
0
0
0
0
0
0
0
0
0
0
0
0
0
0
0
0
0
0
0
0
0
0
0
0
0
0
0
0
0
0
0
0
0
0
0
0
0
0
0
0
0
0
0
0
0
0
0
0
0
0
0
0
0
0
0
0
0
0
0
0
0
0
0
0
0
0
0
0
0
0
0
0
0
0
0
0
0
0
0
0
0
0
0
0
0
0
0
0
0
0
0
0
0
0
0
0
0
0
0
0
0
0
0
0
0
0
0
0
0
0
0
0
0
0
0
0
0
0
0
0
0
0
0
0
0
0
0
0
0
0
0
0
0
0
0
0
0
0
0
0
0
0
0
0
0
0
0
0
0
0
0
0
0
0
0
0
0
0
0
0
0
0
0
0
0
0
0
0
0
0
0
0
0
0
0
0
0
0
0
0
0
0
0
0
0
0
0
0
0
0
0
0
0
0
0
0
0
0
0
0
0
0
0
0
0
0
0
0
0
0
0
0
0
0
0
0
0
0
0
0
0
0
0
0
0
0
0
0
0
0
0
0
0
0
0
0
0
0
0
0
0
0
0
0
0
0
0
0
0
0
0
0
0
0
0
0
0
0
0
0
0
0
0
0
0
0
0
0
0
0
0
0
0
0
0
0
0
0
0
0
0
0
0
0
0
0
0
0
0
0
0
0
0
0
0
0
0
0
0
0
0
0
0
0
0
0
0
0
0
0
0
0
0
0
0
0
0
0
0
0
0
0
0
0
0
0
0
0
0
0
0
0
0
0
0
0
0
0
0
0
0
0
0
0
0
0
0
0
0
0
0
0
0
0
0
0
0
0
0
0
0
0
0
0
0
0
0
0
0
0
0
0
0
0
0
0
0
0
0
0
0
0
0
0
0
0
0
0
0
0
0
0
0
0
0
0
0
0
0
0
0
0
0
0
0
0
0
0
0
0
0
0
0
0
0
0
0
0
0
0
0
0
0
0
0
0
0
0
0
0
0
0
0
0
0
0
0
0
0
0
0
0
0
0
0
0
0
0
0
0
0
0
0
0
0
0
0
0
0
0
0
0
0
0
0
0
0
0
0
0
0
0
0
0
0
0
0
0
0
0
0
0
0
0
0
0
0
0
0
0
0
0
0
0
0
0
0
0
0
0
0
0
0
0
0
0
0
0
0
0
0
0
0
0
0
0
0
0
0
0
0
0
0
0
0
0
0
0
0
0
0
0
0
0
0
0
0
0
0
0
0
0
0
0
0
0
0
0
0
0
0
0
0
0
0
0
0
0
0
0
0
0
0
0
0
0
0
0
0
0
0
0
0
0
0
0
0
0
0
0
0
0
0
0
0
0
0
0
0
0
0
0
0
0
0
0
0
0
0
0
0
0
0
0
0
0
0
0
0
0
0
0
0
0
0
0
0
0
0
0
0
0
0
0
0
0
0
0
0
0
0
0
0
0
0
0
0
0
0
0
0
0
0
0
0
0
0
0
0
0
0
0
0
0
0
0
0
0
0
0
0
0
0
0
0
0
0
0
0
0
0
0
0
0
0
0
0
0
0
0
0
0
0
0
0
0
0
0
0
0
0
0
0
0
0
0
0
0
0
0
0
0
0
0
0
0
0
0
0
0
0
0
0
0
0
0
0
0
0
0
0
0
0
0
0
0
0
0
0
0
0
0
0
0
0
0
0
0
0
0
0
0
0
0
0
0
0
0
0
0
0
0
0
0
0
0
0
0
0
0
0
0
0
0
0
0
0
0
0
0
0
0
0
0
0
0
0
0
0
0
0
0
0
0
0
0
0
0
0
0
0
0
0
0
0
0
0
0
0
0
0
0
0
0
0
0
0
0
0
0
0
0
0
0
0
0
0
0
0
0
0
0
0
0
0
0
0
0
0
0
0
0
0
0
0
0
0
0
0
0
0
0
0
0
0
0
0
0
0
0
0
0
0
0
0
0
0
0
0
0
0
0
0
0
0
0
0
0
0
0
0
0
0
0
0
0
0
0
0
0
0
0
0
0
0
0
0
0
0
0
0
0
0
0
0
0
0
0
0
0
0
0
0
0
0
0
0
0
0
0
0
0
0
0
0
0
0
0
0
0
0
0
0
0
0
0
0
0
0
0
0
0
0
0
0
0
0
0
0
0
0
0
0
0
0
0
0
0
0
0
0
0
0
0
0
0
0
0
0
0
0
0
0
0
0
0
0
0
0
0
0
0
0
0
0
0
0
0
0
0
0
0
0
0
0
0
0
0
0
0
0
0
0
0
0
0
0
0
0
0
0
0
0
0
0
0
0
0
0
0
0
0
0
0
0
0
0
0
0
0
0
0
0
0
0
0
0
0
0
0
0
0
0
0
0
0
0
0
0
0
0
0
0
0
0
0
0
0
0
0
0
0
0
0
0
0
0
0
0
0
0
0
0
0
0
0
0
0
0
0
0
0
0
0
0
0
0
0
0
0
0
0
0
0
0
0
0
0
0
0
0
0
0
0
0
0
0
0
0
0
0
0
0
0
0
0
0
0
0
0
0
0
0
0
0
0
0
0
0
0
0
0
0
0
0
0
0
0
0
0
0
0
0
0
0
0
0
0
0
0
0
0
0
0
0
0
0
0
0
0
0
0
0
0
0
0
0
0
0
0
0
0
0
0
0
0
0
0
0
0
0
0
0
0
0
0
0
0
0
0
0
0
0
0
0
0
0
0
0
0
0
0
0
0
0
0
0
0
0
0
0
0
0
0
0
0
0
0
0
0
0
0
0
0
0
0
0
0
0
0
0
0
0
0
0
0
0
0
0
0
0
0
0
0
0
0
0
0
0
0
0
0
0
0
0
0
0
0
0
0
0
0
0
0
0
0
0
0
0
0
0
0
0
0
0
0
0
0
0
0
0
0
0
0
0
0
0
0
0
0
0
0
0
0
0
0
0
0
0
0
0
0
0
0
0
0
0
0
0
0
0
0
0
0
0
0
0
0
0
0
0
0
0
0
0
0
0
0
0
0
0
0
0
0
0
0
0
0
0
0
0
0
0
0
0
0
0
0
0
0
0
0
0
0
0
0
0
0
0
0
0
0
0
0
0
0
0
0
0
0
0
0
0
0
0
0
0
0
0
0
0
0
0
0
0
0
0
0
0
0
0
0
0
0
0
0
0
0
0
0
0
0
0
0
0
0
0
0
0
0
0
0
0
0
0
0
0
0
0
0
0
0
0
0
0
0
0
0
0
0
0
0
0
0
0
0
0
0
0
0
0
0
0
0
0
0
0
0
0
0
0
0
0
0
0
0
0
0
0
0
0
0
0
0
0
0
0
0
0
0
0
0
0
0
0
0
0
0
0
0
0
0
0
0
0
0
0
0
0
0
0
0
0
0
0
0
0
0
0
0
0
0
0
0
0
0
0
0
0
0
0
0
0
0
0
0
0
0
0
0
0
0
0
0
0
0
0
0
0
0
0
0
0
0
0
0
0
0
0
0
0
0
0
0
0
0
0
0
0
0
0
0
0
0
0
0
0
0
0
0
0
0
0
0
0
0
0
0
0
0
0
0
0
0
0
0
0
0
0
0
0
0
0
0
0
0
0
0
0
0
0
0
0
0
0
0
0
0
0
0
0
0
0
0
0
0
0
0
0
0
0
0
0
0
0
0
0
0
0
0
0
0
0
0
0
0
0
0
0
0
0
0
0
0
0
0
0
0
0
0
0
0
0
0
0
0
0
0
0
0
0
0
0
0
0
0
0
0
0
0
0
0
0
0
0
0
0
0
0
0
0
0
0
0
0
0
0
0
0
0
0
0
0
0
0
0
0
0
0
0
0
0
0
0
0
0
0
0
0
0
0
0
0
0
0
0
0
0
0
0
0
0
0
0
0
0
0
0
0
0
0
0
0
0
0
0
0
0
0
0
0
0
0
0
0
0
0
0
0
0
0
0
0
0
0
0
0
0
0
0
0
0
0
0
0
0
0
0
0
0
0
0
0
0
0
0
0
0
0
0
0
0
0
0
0
0
0
0
0
0
0
0
0
0
0
0
0
0
0
0
0
0
0
0
0
0
0
0
0
0
0
0
0
0
0
0
0
0
0
0
0
0
0
0
0
0
0
0
0
0
0
0
0
0
0
0
0
0
0
0
0
0
0
0
0
0
0
0
0
0
0
0
0
0
0
0
0
0
0
0
0
0
0
0
0
0
0
0
0
0
0
0
0
0
0
0
0
0
0
0
0
0
0
0
0
0
0
0
0
0
0
0
0
0
0
0
0
0
0
0
0
0
0
0
0
0
0
0
0
0
0
0
0
0
0
0
0
0
0
0
0
0
0
0
0
0
0
0
0
0
0
0
0
0
0
0
0
0
0
0
0
0
0
0
0
0
0
0
0
0
0
0
0
0
0
0
0
0
0
0
0
0
0
0
0
0
0
0
0
0
0
0
0
0
0
0
0
0
0
0
0
0
0
0
0
0
0
0
0
0
0
0
0
0
0
0
0
0
0
0
0
0
0
0
0
0
0
0
0
0
0
0
0
0
0
0
0
0
0
0
0
0
0
0
0
0
0
0
0
0
0
0
0
0
0
0
0
0
0
0
0
0
0
0
0
0
0
0
0
0
0
0
0
0
0
0
0
0
0
0
0
0
0
0
0
0
0
0
0
0
0
0
0
0
0
0
0
0
0
0
0
0
0
0
0
0
0
0
0
0
0
0
0
0
0
0
0
0
0
0
0
0
0
0
0
0
0
0
0
0
0
0
0
0
0
0
0
0
0
0
0
0
0
0
0
0
0
0
0
0
0
0
0
0
0
0
0
0
0
0
0
0
0
0
0
0
0
0
0
0
0
0
0
0
0
0
0
0
0
0
0
0
0
0
0
0
0
0
0
0
0
0
0
0
0
0
0
0
0
0
0
0
0
0
0
0
0
0
0
0
0
0
0
0
0
0
0
0
0
0
0
0
0
0
0
0
0
0
0
0
0
0
0
0
0
0
0
0
0
0
0
0
0
0
0
0
0
0
0
0
0
0
0
0
0
0
0
0
0
0
0
0
0
0
0
0
0
0
0
0
0
0
0
0
0
0
0
0
0
0
0
0
0
0
0
0
0
0
0
0
0
0
0
0
0
0
0
0
0
0
0
0
0
0
0
0
0
0
0
0
0
0
0
0
0
0
0
0
0
0
0
0
0
0
0
0
0
0
0
0
0
0
0
0
0
0
0
0
0
0
0
0
0
0
0
0
0
0
0
0
0
0
0
0
0
0
0
0
0
0
0
0
0
0
0
0
0
0
0
0
0
0
0
0
0
0
0
0
0
0
0
0
0
0
0
0
0
0
0
0
0
0
0
0
0
0
0
0
0
0
0
0
0
0
0
0
0
0
0
0
0
0
0
0
0
0
0
0
0
0
0
0
0
0
0
0
0
0
0
0
0
0
0
0
0
0
0
0
0
0
0
0
0
0
0
0
0
0
0
0
0
0
0
0
0
0
0
0
0
0
0
0
0
0
0
0
0
0
0
0
0
0
0
0
0
0
0
0
0
0
0
0
0
0
0
0
0
0
0
0
0
0
0
0
0
0
0
0
0
0
0
0
0
0
0
0
0
0
0
0
0
0
0
0
0
0
0
0
0
0
0
0
0
0
0
0
0
0
0
0
0
0
0
0
0
0
0
0
0
0
0
0
0
0
0
0
0
0
0
0
0
0
0
0
0
0
0
0
0
0
0
0
0
0
0
0
0
0
0
0
0
0
0
0
0
0
0
0
0
0
0
0
0
0
0
0
0
0
0
0
0
0
0
0
0
0
0
0
0
0
0
0
0
0
0
0
0
0
0
0
0
0
0
0
0
0
0
0
0
0
0
0
0
0
0
0
0
0
0
0
0
0
0
0
0
0
0
0
0
0
0
0
0
0
0
0
0
0
0
0
0
0
0
0
0
0
0
0
0
0
0
0
0
0
0
0
0
0
0
0
0
0
0
0
0
0
0
0
0
0
0
0
0
0
0
0
0
0
0
0
0
0
0
0
0
0
0
0
0
0
0
0
0
0
0
0
0
0
0
0
0
0
0
0
0
0
0
0
0
0
0
0
0
0
0
0
0
0
0
0
0
0
0
0
0
0
0
0
0
0
0
0
0
0
0
0
0
0
0
0
0
0
0
0
0
0
0
0
0
0
0
0
0
0
0
0
0
0
0
0
0
0
0
0
0
0
0
0
0
0
0
0
0
0
0
0
0
0
0
0
0
0
0
0
0
0
0
0
0
0
0
0
0
0
0
0
0
0
0
0
0
0
0
0
0
0
0
0
0
0
0
0
0
0
0
0
0
0
0
0
0
0
0
0
0
0
0
0
0
0
0
0
0
0
0
0
0
0
0
0
0
0
0
0
0
0
0
0
0
0
0
0
0
0
0
0
0
0
0
0
0
0
0
0
0
0
0
0
0
0
0
0
0
0
0
0
0
0
0
0
0
0
0
0
0
0
0
0
0
0
0
0
0
0
0
0
0
0
0
0
0
0
0
0
0
0
0
0
0
0
0
0
0
0
0
0
0
0
0
0
0
0
0
0
0
0
0
0
0
0
0
0
0
0
0
0
0
0
0
0
0
0
0
0
0
0
0
0
0
0
0
0
0
0
0
0
0
0
0
0
0
0
0
0
0
0
0
0
0
0
0
0
0
0
0
0
0
0
0
0
0
0
0
0
0
0
0
0
0
0
0
0
0
0
0
0
0
0
0
0
0
0
0
0
0
0
0
0
0
0
0
0
0
0
0
0
0
0
0
0
0
0
0
0
0
0
0
0
0
0
0
0
0
0
0
0
0
0
0
0
0
0
0
0
0
0
0
0
0
0
0
0
0
0
0
0
0
0
0
0
0
0
0
0
0
0
0
0
0
0
0
0
0
0
0
0
0
0
0
0
0
0
0
0
0
0
0
0
0
0
0
0
0
0
0
0
0
0
0
0
0
0
0
0
0
0
0
0
0
0
0
0
0
0
0
0
0
0
0
0
0
0
0
0
0
0
0
0
0
0
0
0
0
0
0
0
0
0
0
0
0
0
0
0
0
0
0
0
0
0
0
0
0
0
0
0
0
0
0
0
0
0
0
0
0
0
0
0
0
0
0
0
0
0
0
0
0
0
0
0
0
0
0
0
0
0
0
0
0
0
0
0
0
0
0
0
0
0
0
0
0
0
0
0
0
0
0
0
0
0
0
0
0
0
0
0
0
0
0
0
0
0
0
0
0
0
0
0
0
0
0
0
0
0
0
0
0
0
0
0
0
0
0
0
0
0
0
0
0
0
0
0
0
0
0
0
0
0
0
0
0
0
0
0
0
0
0
0
0
0
0
0
0
0
0
0
0
0
0
0
0
0
0
0
0
0
0
0
0
0
0
0
0
0
0
0
0
0
0
0
0
0
0
0
0
0
0
0
0
0
0
0
0
0
0
0
0
0
0
0
0
0
0
0
0
0
0
0
0
0
0
0
0
0
0
0
0
0
0
0
0
0
0
0
0
0
0
0
0
0
0
0
0
0
0
0
0
0
0
0
0
0
0
0
0
0
0
0
0
0
0
0
0
0
0
0
0
0
0
0
0
0
0
0
0
0
0
0
0
0
0
0
0
0
0
0
0
0
0
0
0
0
0
0
0
0
0
0
0
0
0
0
0
0
0
0
0
0
0
0
0
0
0
0
0
0
0
0
0
0
0
0
0
0
0
0
0
0
0
0
0
0
0
0
0
0
0
0
0
0
0
0
0
0
0
0
0
0
0
0
0
0
0
0
0
0
0
0
0
0
0
0
0
0
0
0
0
0
0
0
0
0
0
0
0
0
0
0
0
0
0
0
0
0
0
0
0
0
0
0
0
0
0
0
0
0
0
0
0
0
0
0
0
0
0
0
0
0
0
0
0
0
0
0
0
0
0
0
0
0
0
0
0
0
0
0
0
0
0
0
0
0
0
0
0
0
0
0
0
0
0
0
0
0
0
0
0
0
0
0
0
0
0
0
0
0
0
0
0
0
0
0
0
0
0
0
0
0
0
0
0
0
0
0
0
0
0
0
0
0
0
0
0
0
0
0
0
0
0
0
0
0
0
0
0
0
0
0
0
0
0
0
0
0
0
0
0
0
0
0
0
0
0
0
0
0
0
0
0
0
0
0
0
0
0
0
0
0
0
0
0
0
0
0
0
0
0
0
0
0
0
0
0
0
0
0
0
0
0
0
0
0
0
0
0
0
0
0
0
0
0
0
0
0
0
0
0
0
0
0
0
0
0
0
0
0
0
0
0
0
0
0
0
0
0
0
0
0
0
0
0
0
0
0
0
0
0
0
0
0
0
0
0
0
0
0
0
0
0
0
0
0
0
0
0
0
0
0
0
0
0
0
0
0
0
0
0
0
0
0
0
0
0
0
0
0
0
0
0
0
0
0
0
0
0
0
0
0
0
0
0
0
0
0
0
0
0
0
0
0
0
0
0
0
0
0
0
0
0
0
0
0
0
0
0
0
0
0
0
0
0
0
0
0
0
0
0
0
0
0
0
0
0
0
0
0
0
0
0
0
0
0
0
0
0
0
0
0
0
0
0
0
0
0
0
0
0
0
0
0
0
0
0
0
0
0
0
0
0
0
0
0
0
0
0
0
0
0
0
0
0
0
0
0
0
0
0
0
0
0
0
0
0
0
0
0
0
0
0
0
0
0
0
0
0
0
0
0
0
0
0
0
0
0
0
0
0
0
0
0
0
0
0
0
0
0
0
0
0
0
0
0
0
0
0
0
0
0
0
0
0
0
0
0
0
0
0
0
0
0
0
0
0
0
0
0
0
0
0
0
0
0
0
0
0
0
0
0
0
0
0
0
0
0
0
0
0
0
0
0
0
0
0
0
0
0
0
0
0
0
0
0
0
0
0
0
0
0
0
0
0
0
0
0
0
0
0
0
0
0
0
0
0
0
0
0
0
0
0
0
0
0
0
0
0
0
0
0
0
0
0
0
0
0
0
0
0
0
0
0
0
0
0
0
0
0
0
0
0
0
0
0
0
0
0
0
0
0
0
0
0
0
0
0
0
0
0
0
0
0
0
0
0
0
0
0
0
0
0
0
0
0
0
0
0
0
0
0
0
0
0
0
0
0
0
0
0
0
0
0
0
0
0
0
0
0
0
0
0
0
0
0
0
0
0
0
0
0
0
0
0
0
0
0
0
0
0
0
0
0
0
0
0
0
0
0
0
0
0
0
0
0
0
0
0
0
0
0
0
0
0
0
0
0
0
0
0
0
0
0
0
0
0
0
0
0
0
0
0
0
0
0
0
0
0
0
0
0
0
0
0
0
0
0
0
0
0
0
0
0
0
0
0
0
0
0
0
0
0
0
0
0
0
0
0
0
0
0
0
0
0
0
0
0
0
0
0
0
0
0
0
0
0
0
0
0
0
0
0
0
0
0
0
0
0
0
0
0
0
0
0
0
0
0
0
0
0
0
0
0
0
0
0
0
0
0
0
0
0
0
0
0
0
0
0
0
0
0
0
0
0
0
0
0
0
0
0
0
0
0
0
0
0
0
0
0
0
0
0
0
0
0
0
0
0
0
0
0
0
0
0
0
0
0
0
0
0
0
0
0
0
0
0
0
0
0
0
0
0
0
0
0
0
0
0
0
0
0
0
0
0
0
0
0
0
0
0
0
0
0
0
0
0
0
0
0
0
0
0
0
0
0
0
0
0
0
0
0
0
0
0
0
0
0
0
0
0
0
0
0
0
0
0
0
0
0
0
0
0
0
0
0
0
0
0
0
0
0
0
0
0
0
0
0
0
0
0
0
0
0
0
0
0
0
0
0
0
0
0
0
0
0
0
0
0
0
0
0
0
0
0
0
0
0
0
0
0
0
0
0
0
0
0
0
0
0
0
0
0
0
0
0
0
0
0
0
0
0
0
0
0
0
0
0
0
0
0
0
0
0
0
0
0
0
0
0
0
0
0
0
0
0
0
0
0
0
0
0
0
0
0
0
0
0
0
0
0
0
0
0
0
0
0
0
0
0
0
0
0
0
0
0
0
0
0
0
0
0
0
0
0
0
0
0
0
0
0
0
0
0
0
0
0
0
0
0
0
0
0
0
0
0
0
0
0
0
0
0
0
0
0
0
0
0
0
0
0
0
0
0
0
0
0
0
0
0
0
0
0
0
0
0
0
0
0
0
0
0
0
0
0
0
0
0
0
0
0
0
0
0
0
0
0
0
0
0
0
0
0
0
0
0
0
0
0
0
0
0
0
0
0
0
0
0
0
0
0
0
0
0
0
0
0
0
0
0
0
0
0
0
0
0
0
0
0
0
0
0
0
0
0
0
0
0
0
0
0
0
0
0
0
0
0
0
0
0
0
0
0
0
0
0
0
0
0
0
0
0
0
0
0
0
0
0
0
0
0
0
0
0
0
0
0
0
0
0
0
0
0
0
0
0
0
0
0
0
0
0
0
0
0
0
0
0
0
0
0
0
0
0
0
0
0
0
0
0
0
0
0
0
0
0
0
0
0
0
0
0
0
0
0
0
0
0
0
0
0
0
0
0
0
0
0
0
0
0
0
0
0
0
0
0
0
0
0
0
0
0
0
0
0
0
0
0
0
0
0
0
0
0
0
0
0
0
0
0
0
0
0
0
0
0
0
0
0
0
0
0
0
0
0
0
0
0
0
0
0
0
0
0
0
0
0
0
0
0
0
0
0
0
0
0
0
0
0
0
0
0
0
0
0
0
0
0
0
0
0
0
0
0
0
0
0
0
0
0
0
0
0
0
0
0
0
0
0
0
0
0
0
0
0
0
0
0
0
0
0
0
0
0
0
0
0
0
0
0
0
0
0
0
0
0
0
0
0
0
0
0
0
0
0
0
0
0
0
0
0
0
0
0
0
0
0
0
0
0
0
0
0
0
0
0
0
0
0
0
0
0
0
0
0
0
0
0
0
0
0
0
0
0
0
0
0
0
0
0
0
0
0
0
0
0
0
0
0
0
0
0
0
0
0
0
0
0
0
0
0
0
0
0
0
0
0
0
0
0
0
0
0
0
0
0
0
0
0
0
0
0
0
0
0
0
0
0
0
0
0
0
0
0
0
0
0
0
0
0
0
0
0
0
0
0
0
0
0
0
0
0
0
0
0
0
0
0
0
0
0
0
0
0
0
0
0
0
0
0
0
0
0
0
0
0
0
0
0
0
0
0
0
0
0
0
0
0
0
0
0
0
0
0
0
0
0
0
0
0
0
0
0
0
0
0
0
0
0
0
0
0
0
0
0
0
0
0
0
0
0
0
0
0
0
0
0
0
0
0
0
0
0
0
0
0
0
0
0
0
0
0
0
0
0
0
0
0
0
0
0
0
0
0
0
0
0
0
0
0
0
0
0
0
0
0
0
0
0
0
0
0
0
0
0
0
0
0
0
0
0
0
0
0
0
0
0
0
0
0
0
0
0
0
0
0
0
0
0
0
0
0
0
0
0
0
0
0
0
0
0
0
0
0
0
0
0
0
0
0
0
0
0
0
0
0
0
0
0
0
0
0
0
0
0
0
0
0
0
0
0
0
0
0
0
0
0
0
0
0
0
0
0
0
0
0
0
0
0
0
0
0
0
0
0
0
0
0
0
0
0
0
0
0
0
0
0
0
0
0
0
0
0
0
0
0
0
0
0
0
0
0
0
0
0
0
0
0
0
0
0
0
0
0
0
0
0
0
0
0
0
0
0
0
0
0
0
0
0
0
0
0
0
0
0
0
0
0
0
0
0
0
0
0
0
0
0
0
0
0
0
0
0
0
0
0
0
0
0
0
0
0
0
0
0
0
0
0
0
0
0
0
0
0
0
0
0
0
0
0
0
0
0
0
0
0
0
0
0
0
0
0
0
0
0
0
0
0
0
0
0
0
0
0
0
0
0
0
0
0
0
0
0
0
0
0
0
0
0
0
0
0
0
0
0
0
0
0
0
0
0
0
0
0
0
0
0
0
0
0
0
0
0
0
0
0
0
0
0
0
0
0
0
0
0
0
0
0
0
0
0
0
0
0
0
0
0
0
0
0
0
0
0
0
0
0
0
0
0
0
0
0
0
0
0
0
0
0
0
0
0
0
0
0
0
0
0
0
0
0
0
0
0
0
0
0
0
0
0
0
0
0
0
0
0
0
0
0
0
0
0
0
0
0
0
0
0
0
0
0
0
0
0
0
0
0
0
0
0
0
0
0
0
0
0
0
0
0
0
0
0
0
0
0
0
0
0
0
0
0
0
0
0
0
0
0
0
0
0
0
0
0
0
0
0
0
0
0
0
0
0
0
0
0
0
0
0
0
0
0
0
0
0
0
0
0
0
0
0
0
0
0
0
0
0
0
0
0
0
0
0
0
0
0
0
0
0
0
0
0
0
0
0
0
0
0
0
0
0
0
0
0
0
0
0
0
0
0
0
0
0
0
0
0
0
0
0
0
0
0
0
0
0
0
0
0
0
0
0
0
0
0
0
0
0
0
0
0
0
0
0
0
0
0
0
0
0
0
0
0
0
0
0
0
0
0
0
0
0
0
0
0
0
0
0
0
0
0
0
0
0
0
0
0
0
0
0
0
0
0
0
0
0
0
0
0
0
0
0
0
0
0
0
0
0
0
0
0
0
0
0
0
0
0
0
0
0
0
0
0
0
0
0
0
0
0
0
0
0
0
0
0
0
0
0
0
0
0
0
0
0
0
0
0
0
0
0
0
0
0
0
0
0
0
0
0
0
0
0
0
0
0
0
0
0
0
0
0
0
0
0
0
0
0
0
0
0
0
0
0
0
0
0
0
0
0
0
0
0
0
0
0
0
0
0
0
0
0
0
0
0
0
0
0
0
0
0
0
0
0
0
0
0
0
0
0
0
0
0
0
0
0
0
0
0
0
0
0
0
0
0
0
0
0
0
0
0
0
0
0
0
0
0
0
0
0
0
0
0
0
0
0
0
0
0
0
0
0
0
0
0
0
0
0
0
0
0
0
0
0
0
0
0
0
0
0
0
0
0
0
0
0
0
0
0
0
0
0
0
0
0
0
0
0
0
0
0
0
0
0
0
0
0
0
0
0
0
0
0
0
0
0
0
0
0
0
0
0
0
0
0
0
0
0
0
0
0
0
0
0
0
0
0
0
0
0
0
0
0
0
0
0
0
0
0
0
0
0
0
0
0
0
0
0
0
0
0
0
0
0
0
0
0
0
0
0
0
0
0
0
0
0
0
0
0
0
0
0
0
0
0
0
0
0
0
0
0
0
0
0
0
0
0
0
0
0
0
0
0
0
0
0
0
0
0
0
0
0
0
0
0
0
0
0
0
0
0
0
0
0
0
0
0
0
0
0
0
0
0
0
0
0
0
0
0
0
0
0
0
0
0
0
0
0
0
0
0
0
0
0
0
0
0
0
0
0
0
0
0
0
0
0
0
0
0
0
0
0
0
0
0
0
0
0
0
0
0
0
0
0
0
0
0
0
0
0
0
0
0
0
0
0
0
0
0
0
0
0
0
0
0
0
0
0
0
0
0
0
0
0
0
0
0
0
0
0
0
0
0
0
0
0
0
0
0
0
0
0
0
0
0
0
0
0
0
0
0
0
0
0
0
0
0
0
0
0
0
0
0
0
0
0
0
0
0
0
0
0
0
0
0
0
0
0
0
0
0
0
0
0
0
0
0
0
0
0
0
0
0
0
0
0
0
0
0
0
0
0
0
0
0
0
0
0
0
0
0
0
0
0
0
0
0
0
0
0
0
0
0
0
0
0
0
0
0
0
0
0
0
0
0
0
0
0
0
0
0
0
0
0
0
0
0
0
0
0
0
0
0
0
0
0
0
0
0
0
0
0
0
0
0
0
0
0
0
0
0
0
0
0
0
0
0
0
0
0
0
0
0
0
0
0
0
0
0
0
0
0
0
0
0
0
0
0
0
0
0
0
0
0
0
0
0
0
0
0
0
0
0
0
0
0
0
0
0
0
0
0
0
0
0
0
0
0
0
0
0
0
0
0
0
0
0
0
0
0
0
0
0
0
0
0
0
0
0
0
0
0
0
0
0
0
0
0
0
0
0
0
0
0
0
0
0
0
0
0
0
0
0
0
0
0
0
0
0
0
0
0
0
0
0
0
0
0
0
0
0
0
0
0
0
0
0
0
0
0
0
0
0
0
0
0
0
0
0
0
0
0
0
0
0
0
0
0
0
0
0
0
0
0
0
0
0
0
0
0
0
0
0
0
0
0
0
0
0
0
0
0
0
0
0
0
0
0
0
0
0
0
0
0
0
0
0
0
0
0
0
0
0
0
0
0
0
0
0
0
0
0
0
0
0
0
0
0
0
0
0
0
0
0
0
0
0
0
0
0
0
0
0
0
0
0
0
0
0
0
0
0
0
0
0
0
0
0
0
0
0
0
0
0
0
0
0
0
0
0
0
0
0
0
0
0
0
0
0
0
0
0
0
0
0
0
0
0
0
0
0
0
0
0
0
0
0
0
0
0
0
0
0
0
0
0
0
0
0
0
0
0
0
0
0
0
0
0
0
0
0
0
0
0
0
0
0
0
0
0
0
0
0
0
0
0
0
0
0
0
0
0
0
0
0
0
0
0
0
0
0
0
0
0
0
0
0
0
0
0
0
0
0
0
0
0
0
0
0
0
0
0
0
0
0
0
0
0
0
0
0
0
0
0
0
0
0
0
0
0
0
0
0
0
0
0
0
0
0
0
0
0
0
0
0
0
0
0
0
0
0
0
0
0
0
0
0
0
0
0
0
0
0
0
0
0
0
0
0
0
0
0
0
0
0
0
0
0
0
0
0
0
0
0
0
0
0
0
0
0
0
0
0
0
0
0
0
0
0
0
0
0
0
0
0
0
0
0
0
0
0
0
0
0
0
0
0
0
0
0
0
0
0
0
0
0
0
0
0
0
0
0
0
0
0
0
0
0
0
0
0
0
0
0
0
0
0
0
0
0
0
0
0
0
0
0
0
0
0
0
0
0
0
0
0
0
0
0
0
0
0
0
0
0
0
0
0
0
0
0
0
0
0
0
0
0
0
0
0
0
0
0
0
0
0
0
0
0
0
0
0
0
0
0
0
0
0
0
0
0
0
0
0
0
0
0
0
0
0
0
0
0
0
0
0
0
0
0
0
0
0
0
0
0
0
0
0
0
0
0
0
0
0
0
0
0
0
0
0
0
0
0
0
0
0
0
0
0
0
0
0
0
0
0
0
0
0
0
0
0
0
0
0
0
0
0
0
0
0
0
0
0
0
0
0
0
0
0
0
0
0
0
0
0
0
0
0
0
0
0
0
0
0
0
0
0
0
0
0
0
0
0
0
0
0
0
0
0
0
0
0
0
0
0
0
0
0
0
0
0
0
0
0
0
0
0
0
0
0
0
0
0
0
0
0
0
0
0
0
0
0
0
0
0
0
0
0
0
0
0
0
0
0
0
0
0
0
0
0
0
0
0
0
0
0
0
0
0
0
0
0
0
0
0
0
0
0
0
0
0
0
0
0
0
0
0
0
0
0
0
0
0
0
0
0
0
0
0
0
0
0
0
0
0
0
0
0
0
0
0
0
0
0
0
0
0
0
0
0
0
0
0
0
0
0
0
0
0
0
0
0
0
0
0
0
0
0
0
0
0
0
0
0
0
0
0
0
0
0
0
0
0
0
0
0
0
0
0
0
0
0
0
0
0
0
0
0
0
0
0
0
0
0
0
0
0
0
0
0
0
0
0
0
0
0
0
0
0
0
0
0
0
0
0
0
0
0
0
0
0
0
0
0
0
0
0
0
0
0
0
0
0
0
0
0
0
0
0
0
0
0
0
0
0
0
0
0
0
0
0
0
0
0
0
0
0
0
0
0
0
0
0
0
0
0
0
0
0
0
0
0
0
0
0
0
0
0
0
0
0
0
0
0
0
0
0
0
0
0
0
0
0
0
0
0
0
0
0
0
0
0
0
0
0
0
0
0
0
0
0
0
0
0
0
0
0
0
0
0
0
0
0
0
0
0
0
0
0
0
0
0
0
0
0
0
0
0
0
0
0
0
0
0
0
0
0
0
0
0
0
0
0
0
0
0
0
0
0
0
0
0
0
0
0
0
0
0
0
0
0
0
0
0
0
0
0
0
0
0
0
0
0
0
0
0
0
0
0
0
0
0
0
0
0
0
0
0
0
0
0
0
0
0
0
0
0
0
0
0
0
0
0
0
0
0
0
0
0
0
0
0
0
0
0
0
0
0
0
0
0
0
0
0
0
0
0
0
0
0
0
0
0
0
0
0
0
0
0
0
0
0
0
0
0
0
0
0
0
0
0
0
0
0
0
0
0
0
0
0
0
0
0
0
0
0
0
0
0
0
0
0
0
0
0
0
0
0
0
0
0
0
0
0
0
0
0
0
0
0
0
0
0
0
0
0
0
0
0
0
0
0
0
0
0
0
0
0
0
0
0
0
0
0
0
0
0
0
0
0
0
0
0
0
0
0
0
0
0
0
0
0
0
0
0
0
0
0
0
0
0
0
0
0
0
0
0
0
0
0
0
0
0
0
0
0
0
0
0
0
0
0
0
0
0
0
0
0
0
0
0
0
0
0
0
0
0
0
0
0
0
0
0
0
0
0
0
0
0
0
0
0
0
0
0
0
0
0
0
0
0
0
0
0
0
0
0
0
0
0
0
0
0
0
0
0
0
0
0
0
0
0
0
0
0
0
0
0
0
0
0
0
0
0
0
0
0
0
0
0
0
0
0
0
0
0
0
0
0
0
0
0
0
0
0
0
0
0
0
0
0
0
0
0
0
0
0
0
0
0
0
0
0
0
0
0
0
0
0
0
0
0
0
0
0
0
0
0
0
0
0
0
0
0
0
0
0
0
0
0
0
0
0
0
0
0
0
0
0
0
0
0
0
0
0
0
0
0
0
0
0
0
0
0
0
0
0
0
0
0
0
0
0
0
0
0
0
0
0
0
0
0
0
0
0
0
0
0
0
0
0
0
0
0
0
0
0
0
0
0
0
0
0
0
0
0
0
0
0
0
0
0
0
0
0
0
0
0
0
0
0
0
0
0
0
0
0
0
0
0
0
0
0
0
0
0
0
0
0
0
0
0
0
0
0
0
0
0
0
0
0
0
0
0
0
0
0
0
0
0
0
0
0
0
0
0
0
0
0
0
0
0
0
0
0
0
0
0
0
0
0
0
0
0
0
0
0
0
0
0
0
0
0
0
0
0
0
0
0
0
0
0
0
0
0
0
0
0
0
0
0
0
0
0
0
0
0
0
0
0
0
0
0
0
0
0
0
0
0
0
0
0
0
0
0
0
0
0
0
0
0
0
0
0
0
0
0
0
0
0
0
0
0
0
0
0
0
0
0
0
0
0
0
0
0
0
0
0
0
0
0
0
0
0
0
0
0
0
0
0
0
0
0
0
0
0
0
0
0
0
0
0
0
0
0
0
0
0
0
0
0
0
0
0
0
0
0
0
0
0
0
0
0
0
0
0
0
0
0
0
0
0
0
0
0
0
0
0
0
0
0
0
0
0
0
0
0
0
0
0
0
0
0
0
0
0
0
0
0
0
0
0
0
0
0
0
0
0
0
0
0
0
0
0
0
0
0
0
0
0
0
0
0
0
0
0
0
0
0
0
0
0
0
0
0
0
0
0
0
0
0
0
0
0
0
0
0
0
0
0
0
0
0
0
0
0
0
0
0
0
0
0
0
0
0
0
0
0
0
0
0
0
0
0
0
0
0
0
0
0
0
0
0
0
0
0
0
0
0
0
0
0
0
0
0
0
0
0
0
0
0
0
0
0
0
0
0
0
0
0
0
0
0
0
0
0
0
0
0
0
0
0
0
0
0
0
0
0
0
0
0
0
0
0
0
0
0
0
0
0
0
0
0
0
0
0
0
0
0
0
0
0
0
0
0
0
0
0
0
0
0
0
0
0
0
0
0
0
0
0
0
0
0
0
0
0
0
0
0
0
0
0
0
0
0
0
0
0
0
0
0
0
0
0
0
0
0
0
0
0
0
0
0
0
0
0
0
0
0
0
0
0
0
0
0
0
0
0
0
0
0
0
0
0
0
0
0
0
0
0
0
0
0
0
0
0
0
0
0
0
0
0
0
0
0
0
0
0
0
0
0
0
0
0
0
0
0
0
0
0
0
0
0
0
0
0
0
0
0
0
0
0
0
0
0
0
0
0
0
0
0
0
0
0
0
0
0
0
0
0
0
0
0
0
0
0
0
0
0
0
0
0
0
0
0
0
0
0
0
0
0
0
0
0
0
0
0
0
0
0
0
0
0
0
0
0
0
0
0
0
0
0
0
0
0
0
0
0
0
0
0
0
0
0
0
0
0
0
0
0
0
0
0
0
0
0
0
0
0
0
0
0
0
0
0
0
0
0
0
0
0
0
0
0
0
0
0
0
0
0
0
0
0
0
0
0
0
0
0
0
0
0
0
0
0
0
0
0
0
0
0
0
0
0
0
0
0
0
0
0
0
0
0
0
0
0
0
0
0
0
0
0
0
0
0
0
0
0
0
0
0
0
0
0
0
0
0
0
0
0
0
0
0
0
0
0
0
0
0
0
0
0
0
0
0
0
0
0
0
0
0
0
0
0
0
0
0
0
0
0
0
0
0
0
0
0
0
0
0
0
0
0
0
0
0
0
0
0
0
0
0
0
0
0
0
0
0
0
0
0
0
0
0
0
0
0
0
0
0
0
0
0
0
0
0
0
0
0
0
0
0
0
0
0
0
0
0
0
0
0
0
0
0
0
0
0
0
0
0
0
0
0
0
0
0
0
0
0
0
0
0
0
0
0
0
0
0
0
0
0
0
0
0
0
0
0
0
0
0
0
0
0
0
0
0
0
0
0
0
0
0
0
0
0
0
0
0
0
0
0
0
0
0
0
0
0
0
0
0
0
0
0
0
0
0
0
0
0
0
0
0
0
0
0
0
0
0
0
0
0
0
0
0
0
0
0
0
0
0
0
0
0
0
0
0
0
0
0
0
0
0
0
0
0
0
0
0
0
0
0
0
0
0
0
0
0
0
0
0
0
0
0
0
0
0
0
0
0
0
0
0
0
0
0
0
0
0
0
0
0
0
0
0
0
0
0
0
0
0
0
0
0
0
0
0
0
0
0
0
0
0
0
0
0
0
0
0
0
0
0
0
0
0
0
0
0
0
0
0
0
0
0
0
0
0
0
0
0
0
0
0
0
0
0
0
0
0
0
0
0
0
0
0
0
0
0
0
0
0
0
0
0
0
0
0
0
0
0
0
0
0
0
0
0
0
0
0
0
0
0
0
0
0
0
0
0
0
0
0
0
0
0
0
0
0
0
0
0
0
0
0
0
0
0
0
0
0
0
0
0
0
0
0
0
0
0
0
0
0
0
0
0
0
0
0
0
0
0
0
0
0
0
0
0
0
0
0
0
0
0
0
0
0
0
0
0
0
0
0
0
0
0
0
0
0
0
0
0
0
0
0
0
0
0
0
0
0
0
0
0
0
0
0
0
0
0
0
0
0
0
0
0
0
0
0
0
0
0
0
0
0
0
0
0
0
0
0
0
0
0
0
0
0
0
0
0
0
0
0
0
0
0
0
0
0
0
0
0
0
0
0
0
0
0
0
0
0
0
0
0
0
0
0
0
0
0
0
0
0
0
0
0
0
0
0
0
0
0
0
0
0
0
0
0
0
0
0
0
0
0
0
0
0
0
0
0
0
0
0
0
0
0
0
0
0
0
0
0
0
0
0
0
0
0
0
0
0
0
0
0
0
0
0
0
0
0
0
0
0
0
0
0
0
0
0
0
0
0
0
0
0
0
0
0
0
0
0
0
0
0
0
0
0
0
0
0
0
0
0
0
0
0
0
0
0
0
0
0
0
0
0
0
0
0
0
0
0
0
0
0
0
0
0
0
0
0
0
0
0
0
0
0
0
0
0
0
0
0
0
0
0
0
0
0
0
0
0
0
0
0
0
0
0
0
0
0
0
0
0
0
0
0
0
0
0
0
0
0
0
0
0
0
0
0
0
0
0
0
0
0
0
0
0
0
0
0
0
0
0
0
0
0
0
0
0
0
0
0
0
0
0
0
0
0
0
0
0
0
0
0
0
0
0
0
0
0
0
0
0
0
0
0
0
0
0
0
0
0
0
0
0
0
0
0
0
0
0
0
0
0
0
0
0
0
0
0
0
0
0
0
0
0
0
0
0
0
0
0
0
0
0
0
0
0
0
0
0
0
0
0
0
0
0
0
0
0
0
0
0
0
0
0
0
0
0
0
0
0
0
0
0
0
0
0
0
0
0
0
0
0
0
0
0
0
0
0
0
0
0
0
0
0
0
0
0
0
0
0
0
0
0
0
0
0
0
0
0
0
0
0
0
0
0
0
0
0
0
0
0
0
0
0
0
0
0
0
0
0
0
0
0
0
0
0
0
0
0
0
0
0
0
0
0
0
0
0
0
0
0
0
0
0
0
0
0
0
0
0
0
0
0
0
0
0
0
0
0
0
0
0
0
0
0
0
0
0
0
0
0
0
0
0
0
0
0
0
0
0
0
0
0
0
0
0
0
0
0
0
0
0
0
0
0
0
0
0
0
0
0
0
0
0
0
0
0
0
0
0
0
0
0
0
0
0
0
0
0
0
0
0
0
0
0
0
0
0
0
0
0
0
0
0
0
0
0
0
0
0
0
0
0
0
0
0
0
0
0
0
0
0
0
0
0
0
0
0
0
0
0
0
0
0
0
0
0
0
0
0
0
0
0
0
0
0
0
0
0
0
0
0
0
0
0
0
0
0
0
0
0
0
0
0
0
0
0
0
0
0
0
0
0
0
0
0
0
0
0
0
0
0
0
0
0
0
0
0
0
0
0
0
0
0
0
0
0
0
0
0
0
0
0
0
0
0
0
0
0
0
0
0
0
0
0
0
0
0
0
0
0
0
0
0
0
0
0
0
0
0
0
0
0
0
0
0
0
0
0
0
0
0
0
0
0
0
0
0
0
0
0
0
0
0
0
0
0
0
0
0
0
0
0
0
0
0
0
0
0
0
0
0
0
0
0
0
0
0
0
0
0
0
0
0
0
0
0
0
0
0
0
0
0
0
0
0
0
0
0
0
0
0
0
0
0
0
0
0
0
0
0
0
0
0
0
0
0
0
0
0
0
0
0
0
0
0
0
0
0
0
0
0
0
0
0
0
0
0
0
0
0
0
0
0
0
0
0
0
0
0
0
0
0
0
0
0
0
0
0
0
0
0
0
0
0
0
0
0
0
0
0
0
0
0
0
0
0
0
0
0
0
0
0
0
0
0
0
0
0
0
0
0
0
0
0
0
0
0
0
0
0
0
0
0
0
0
0
0
0
0
0
0
0
0
0
0
0
0
0
0
0
0
0
0
0
0
0
0
0
0
0
0
0
0
0
0
0
0
0
0
0
0
0
0
0
0
0
0
0
0
0
0
0
0
0
0
0
0
0
0
0
0
0
0
0
0
0
0
0
0
0
0
0
0
0
0
0
0
0
0
0
0
0
0
0
0
0
0
0
0
0
0
0
0
0
0
0
0
0
0
0
0
0
0
0
0
0
0
0
0
0
0
0
0
0
0
0
0
0
0
0
0
0
0
0
0
0
0
0
0
0
0
0
0
0
0
0
0
0
0
0
0
0
0
0
0
0
0
0
0
0
0
0
0
0
0
0
0
0
0
0
0
0
0
0
0
0
0
0
0
0
0
0
0
0
0
0
0
0
0
0
0
0
0
0
0
0
0
0
0
0
0
0
0
0
0
0
0
0
0
0
0
0
0
0
0
0
0
0
0
0
0
0
0
0
0
0
0
0
0
0
0
0
0
0
0
0
0
0
0
0
0
0
0
0
0
0
0
0
0
0
0
0
0
0
0
0
0
0
0
0
0
0
0
0
0
0
0
0
0
0
0
0
0
0
0
0
0
0
0
0
0
0
0
0
0
0
0
0
0
0
0
0
0
0
0
0
0
0
0
0
0
0
0
0
0
0
0
0
0
0
0
0
0
0
0
0
0
0
0
0
0
0
0
0
0
0
0
0
0
0
0
0
0
0
0
0
0
0
0
0
0
0
0
0
0
0
0
0
0
0
0
0
0
0
0
0
0
0
0
0
0
0
0
0
0
0
0
0
0
0
0
0
0
0
0
0
0
0
0
0
0
0
0
0
0
0
0
0
0
0
0
0
0
0
0
0
0
0
0
0
0
0
0
0
0
0
0
0
0
0
0
0
0
0
0
0
0
0
0
0
0
0
0
0
0
0
0
0
0
0
0
0
0
0
0
0
0
0
0
0
0
0
0
0
0
0
0
0
0
0
0
0
0
0
0
0
0
0
0
0
0
0
0
0
0
0
0
0
0
0
0
0
0
0
0
0
0
0
0
0
0
0
0
0
0
0
0
0
0
0
0
0
0
0
0
0
0
0
0
0
0
0
0
0
0
0
0
0
0
0
0
0
0
0
0
0
0
0
0
0
0
0
0
0
0
0
0
0
0
0
0
0
0
0
0
0
0
0
0
0
0
0
0
0
0
0
0
0
0
0
0
0
0
0
0
0
0
0
0
0
0
0
0
0
0
0
0
0
0
0
0
0
0
0
0
0
0
0
0
0
0
0
0
0
0
0
0
0
0
0
0
0
0
0
0
0
0
0
0
0
0
0
0
0
0
0
0
0
0
0
0
0
0
0
0
0
0
0
0
0
0
0
0
0
0
0
0
0
0
0
0
0
0
0
0
0
0
0
0
0
0
0
0
0
0
0
0
0
0
0
0
0
0
0
0
0
0
0
0
0
0
0
0
0
0
0
0
0
0
0
0
0
0
0
0
0
0
0
0
0
0
0
0
0
0
0
0
0
0
0
0
0
0
0
0
0
0
0
0
0
0
0
0
0
0
0
0
0
0
0
0
0
0
0
0
0
0
0
0
0
0
0
0
0
0
0
0
0
0
0
0
0
0
0
0
0
0
0
0
0
0
0
0
0
0
0
0
0
0
0
0
0
0
0
0
0
0
0
0
0
0
0
0
0
0
0
0
0
0
0
0
0
0
0
0
0
0
0
0
0
0
0
0
0
0
0
0
0
0
0
0
0
0
0
0
0
0
0
0
0
0
0
0
0
0
0
0
0
0
0
0
0
0
0
0
0
0
0
0
0
0
0
0
0
0
0
0
0
0
0
0
0
0
0
0
0
0
0
0
0
0
0
0
0
0
0
0
0
0
0
0
0
0
0
0
0
0
0
0
0
0
0
0
0
0
0
0
0
0
0
0
0
0
0
0
0
0
0
0
0
0
0
0
0
0
0
0
0
0
0
0
0
0
0
0
0
0
0
0
0
0
0
0
0
0
0
0
0
0
0
0
0
0
0
0
0
0
0
0
0
0
0
0
0
0
0
0
0
0
0
0
0
0
0
0
0
0
0
0
0
0
0
0
0
0
0
0
0
0
0
0
0
0
0
0
0
0
0
0
0
0
0
0
0
0
0
0
0
0
0
0
0
0
0
0
0
0
0
0
0
0
0
0
0
0
0
0
0
0
0
0
0
0
0
0
0
0
0
0
0
0
0
0
0
0
0
0
0
0
0
0
0
0
0
0
0
0
0
0
0
0
0
0
0
0
0
0
0
0
0
0
0
0
0
0
0
0
0
0
0
0
0
0
0
0
0
0
0
0
0
0
0
0
0
0
0
0
0
0
0
0
0
0
0
0
0
0
0
0
0
0
0
0
0
0
0
0
0
0
0
0
0
0
0
0
0
0
0
0
0
0
0
0
0
0
0
0
0
0
0
0
0
0
0
0
0
0
0
0
0
0
0
0
0
0
0
0
0
0
0
0
0
0
0
0
0
0
0
0
0
0
0
0
0
0
0
0
0
0
0
0
0
0
0
0
0
0
0
0
0
0
0
0
0
0
0
0
0
0
0
0
0
0
0
0
0
0
0
0
0
0
0
0
0
0
0
0
0
0
0
0
0
0
0
0
0
0
0
0
0
0
0
0
0
0
0
0
0
0
0
0
0
0
0
0
0
0
0
0
0
0
0
0
0
0
0
0
0
0
0
0
0
0
0
0
0
0
0
0
0
0
0
0
0
0
0
0
0
0
0
0
0
0
0
0
0
0
0
0
0
0
0
0
0
0
0
0
0
0
0
0
0
0
0
0
0
0
0
0
0
0
0
0
0
0
0
0
0
0
0
0
0
0
0
0
0
0
0
0
0
0
0
0
0
0
0
0
0
0
0
0
0
0
0
0
0
0
0
0
0
0
0
0
0
0
0
0
0
0
0
0
0
0
0
0
0
0
0
0
0
0
0
0
0
0
0
0
0
0
0
0
0
0
0
0
0
0
0
0
0
0
0
0
0
0
0
0
0
0
0
0
0
0
0
0
0
0
0
0
0
0
0
0
0
0
0
0
0
0
0
0
0
0
0
0
0
0
0
0
0
0
0
0
0
0
0
0
0
0
0
0
0
0
0
0
0
0
0
0
0
0
0
0
0
0
0
0
0
0
0
0
0
0
0
0
0
0
0
0
0
0
0
0
0
0
0
0
0
0
0
0
0
0
0
0
0
0
0
0
0
0
0
0
0
0
0
0
0
0
0
0
0
0
0
0
0
0
0
0
0
0
0
0
0
0
0
0
0
0
0
0
0
0
0
0
0
0
0
0
0
0
0
0
0
0
0
0
0
0
0
0
0
0
0
0
0
0
0
0
0
0
0
0
0
0
0
0
0
0
0
0
0
0
0
0
0
0
0
0
0
0
0
0
0
0
0
0
0
0
0
0
0
0
0
0
0
0
0
0
0
0
0
0
0
0
0
0
0
0
0
0
0
0
0
0
0
0
0
0
0
0
0
0
0
0
0
0
0
0
0
0
0
0
0
0
0
0
0
0
0
0
0
0
0
0
0
0
0
0
0
0
0
0
0
0
0
0
0
0
0
0
0
0
0
0
0
0
0
0
0
0
0
0
0
0
0
0
0
0
0
0
0
0
0
0
0
0
0
0
0
0
0
0
0
0
0
0
0
0
0
0
0
0
0
0
0
0
0
0
0
0
0
0
0
0
0
0
0
0
0
0
0
0
0
0
0
0
0
0
0
0
0
0
0
0
0
0
0
0
0
0
0
0
0
0
0
0
0
0
0
0
0
0
0
0
0
0
0
0
0
0
0
0
0
0
0
0
0
0
0
0
0
0
0
0
0
0
0
0
0
0
0
0
0
0
0
0
0
0
0
0
0
0
0
0
0
0
0
0
0
0
0
0
0
0
0
0
0
0
0
0
0
0
0
0
0
0
0
0
0
0
0
0
0
0
0
0
0
0
0
0
0
0
0
0
0
0
0
0
0
0
0
0
0
0
0
0
0
0
0
0
0
0
0
0
0
0
0
0
0
0
0
0
0
0
0
0
0
0
0
0
0
0
0
0
0
0
0
0
0
0
0
0
0
0
0
0
0
0
0
0
0
0
0
0
0
0
0
0
0
0
0
0
0
0
0
0
0
0
0
0
0
0
0
0
0
0
0
0
0
0
0
0
0
0
0
0
0
0
0
0
0
0
0
0
0
0
0
0
0
0
0
0
0
0
0
0
0
0
0
0
0
0
0
0
0
0
0
0
0
0
0
0
0
0
0
0
0
0
0
0
0
0
0
0
0
0
0
0
0
0
0
0
0
0
0
0
0
0
0
0
0
0
0
0
0
0
0
0
0
0
0
0
0
0
0
0
0
0
0
0
0
0
0
0
0
0
0
0
0
0
0
0
0
0
0
0
0
0
0
0
0
0
0
0
0
0
0
0
0
0
0
0
0
0
0
0
0
0
0
0
0
0
0
0
0
0
0
0
0
0
0
0
0
0
0
0
0
0
0
0
0
0
0
0
0
0
0
0
0
0
0
0
0
0
0
0
0
0
0
0
0
0
0
0
0
0
0
0
0
0
0
0
0
0
0
0
0
0
0
0
0
0
0
0
0
0
0
0
0
0
0
0
0
0
0
0
0
0
0
0
0
0
0
0
0
0
0
0
0
0
0
0
0
0
0
0
0
0
0
0
0
0
0
0
0
0
0
0
0
0
0
0
0
0
0
0
0
0
0
0
0
0
0
0
0
0
0
0
0
0
0
0
0
0
0
0
0
0
0
0
0
0
0
0
0
0
0
0
0
0
0
0
0
0
0
0
0
0
0
0
0
0
0
0
0
0
0
0
0
0
0
0
0
0
0
0
0
0
0
0
0
0
0
0
0
0
0
0
0
0
0
0
0
0
0
0
0
0
0
0
0
0
0
0
0
0
0
0
0
0
0
0
0
0
0
0
0
0
0
0
0
0
0
0
0
0
0
0
0
0
0
0
0
0
0
0
0
0
0
0
0
0
0
0
0
0
0
0
0
0
0
0
0
0
0
0
0
0
0
0
0
0
0
0
0
0
0
0
0
0
0
0
0
0
0
0
0
0
0
0
0
0
0
0
0
0
0
0
0
0
0
0
0
0
0
0
0
0
0
0
0
0
0
0
0
0
0
0
0
0
0
0
0
0
0
0
0
0
0
0
0
0
0
0
0
0
0
0
0
0
0
0
0
0
0
0
0
0
0
0
0
0
0
0
0
0
0
0
0
0
0
0
0
0
0
0
0
0
0
0
0
0
0
0
0
0
0
0
0
0
0
0
0
0
0
0
0
0
0
0
0
0
0
0
0
0
0
0
0
0
0
0
0
0
0
0
0
0
0
0
0
0
0
0
0
0
0
0
0
0
0
0
0
0
0
0
0
0
0
0
0
0
0
0
0
0
0
0
0
0
0
0
0
0
0
0
0
0
0
0
0
0
0
0
0
0
0
0
0
0
0
0
0
0
0
0
0
0
0
0
0
0
0
0
0
0
0
0
0
0
0
0
0
0
0
0
0
0
0
0
0
0
0
0
0
0
0
0
0
0
0
0
0
0
0
0
0
0
0
0
0
0
0
0
0
0
0
0
0
0
0
0
0
0
0
0
0
0
0
0
0
0
0
0
0
0
0
0
0
0
0
0
0
0
0
0
0
0
0
0
0
0
0
0
0
0
0
0
0
0
0
0
0
0
0
0
0
0
0
0
0
0
0
0
0
0
0
0
0
0
0
0
0
0
0
0
0
0
0
0
0
0
0
0
0
0
0
0
0
0
0
0
0
0
0
0
0
0
0
0
0
0
0
0
0
0
0
0
0
0
0
0
0
0
0
0
0
0
0
0
0
0
0
0
0
0
0
0
0
0
0
0
0
0
0
0
0
0
0
0
0
0
0
0
0
0
0
0
0
0
0
0
0
0
0
0
0
0
0
0
0
0
0
0
0
0
0
0
0
0
0
0
0
0
0
0
0
0
0
0
0
0
0
0
0
0
0
0
0
0
0
0
0
0
0
0
0
0
0
0
0
0
0
0
0
0
0
0
0
0
0
0
0
0
0
0
0
0
0
0
0
0
0
0
0
0
0
0
0
0
0
0
0
0
0
0
0
0
0
0
0
0
0
