-205
-318
-2069
-549
142
-1276
-1398
-135
529
-2637
-1319
-1359
-1812
-881
-42
1342
-76
-45
-382
-1424
-1601
-1322
-16211
27
505
-999
-949
-2011
-1564
-16619
273
711
-187
-323
-2029
-357
-938
-1115
-1203
-183
-260
-3946
-1461
-1378
-2532
-1036
1
107
146
306
-112
-1152
-743
-1134
-18793
24
-504
-966
-1344
-2691
-2002
-15078
324
-285
-156
-131
-2337
-155
-2388
-1976
-1823
-158
-97
-3477
-463
-586
-2690
-1835
87
259
231
-326
-1377
55
-709
-1598
-15007
-5
837
-1684
-2117
-2662
-2587
-13429
213
283
-74
-781
-1747
-1250
-1609
-1806
-1678
-139
-2
-2346
-1473
-1066
-2280
-1414
235
291
22
-395
-630
-377
-1145
-1521
-17442
-91
-232
-818
-2386
-2798
-2518
-17547
52
-1024
113
-174
-2056
-1216
-2267
-2382
-2052
-9
818
-1945
-405
-1201
-2005
-1144
156
545
-128
303
-178
-1315
-707
-1823
-17299
-229
-143
-806
-2244
-2192
-2124
-22123
-57
-65
118
1276
-2072
-275
-3408
-3145
-2730
-22
1559
-2587
1305
-2750
-3190
-2218
107
664
-104
534
-1645
-1294
-1775
-2559
-18778
-267
410
-2883
-3469
-3116
-3302
-21263
-12
600
-11
439
-2768
-477
-3616
-2924
-2581
-93
486
-2909
446
-2529
-2631
-1966
115
469
-19
-567
-1650
-2174
323
-2520
-14427
-253
-322
-1875
-2307
-1332
-2858
-17537
-74
-762
-123
-247
-1369
-2019
-2926
-2127
-2102
-213
-199
-1474
-1912
-2806
-2832
-1231
188
-134
-39
-552
-707
-3069
905
-2003
-17598
-348
-877
-1186
-2714
-1229
-2634
-19968
2
-361
-124
-887
-1905
-650
-592
-1530
-1803
42
-623
-2931
-2082
-2758
-2096
-34
-42
-602
-62
175
-449
-1935
-1432
-1679
-14929
37
817
-1523
278
-2317
-2154
-14975
169
874
-278
-640
-2297
-1644
-2221
-1499
-2232
-84
-106
-4631
-4322
-3402
-3036
853
37
-381
218
882
242
-2500
-1220
-2058
-17158
85
-428
-1149
-888
-4389
-3746
-13754
288
-456
-183
-844
-2954
-415
-2919
-2909
-2590
-59
-443
-5769
-2414
-3163
-4209
1434
148
-1293
189
-188
-1107
-1488
-819
-2541
-15464
-88
409
-3098
-2707
-4357
-4281
-11321
-8
288
-272
942
-2776
-2153
-3453
-3014
-2424
-266
2093
-4584
-2740
-4837
-3773
-939
59
2095
47
563
753
-1886
-651
-2446
-24410
-105
1878
-611
-2666
-2436
-3911
-22605
26
1820
39
1830
-2649
-4578
-5745
-5407
-5264
-198
2123
-4688
-5274
-9658
-7271
-4817
87
1980
-99
2221
2479
-5740
-4469
-5088
-18436
-126
281
3
-6207
-6097
-7338
-10852
37
-493
213
4666
-3259
-4242
-5632
-5864
-5743
-110
2346
-4417
-3192
-9228
-6485
-4856
103
1737
147
1290
-31
-5007
-3656
-5363
-22176
118
514
-2326
-5601
-3846
-7009
-19742
63
152
96
4647
-3066
-4655
-1788
-3153
-3848
-179
3014
-5385
-4924
-6700
-5414
-5180
54
1644
35
-1545
-59
-3740
-2434
-3565
-30756
17
-436
-1255
-4492
-1359
-5873
-22567
58
-237
-209
1482
-2748
-3720
-1696
-2137
-2753
-234
2231
-4410
-4867
-4336
-4558
-4507
-46
2537
-177
-1673
898
-3903
-1557
-2703
-21244
34
-1564
1592
-3269
-2358
-4632
-15826
163
-1488
-101
-855
-628
-434
-1219
-772
-1643
25
-978
-2346
-2322
-2698
-2575
561
-152
-386
-180
528
-1492
-2134
-1205
-1509
-12661
5
685
-3481
-335
-3758
-3021
-9049
31
715
-252
-1199
-1585
-1263
-1908
-404
-1879
-5
-563
-4027
-4127
-2141
-2591
2028
15
260
72
310
-1001
-2018
-1063
-1548
-22383
21
71
-3352
-236
-5019
-3201
-19083
199
-717
-173
-1265
-2550
-794
-3113
-1454
-2231
61
-841
-5365
-3413
-2573
-3699
1857
-66
-1991
108
-673
-2390
-2297
1288
-2192
-18765
-125
-586
-4660
-1288
-4008
-3906
-12587
-96
-1175
-206
-190
-2810
-2098
-5426
-3030
-3143
-167
-855
-4134
-2536
-5692
-4086
-2234
47
-2531
32
1516
185
-2714
-919
-3359
-19058
-64
2262
-1103
-2357
-3582
-4551
-17776
-80
2376
-33
-469
-3545
-5561
-6627
-4631
-5635
-38
-859
-4100
-5939
-7631
-5503
-3586
-34
-210
35
4174
2260
-4472
-4645
-5293
-15496
163
1781
297
-5569
-5670
-6997
-16556
182
892
381
-255
-3716
-7543
-6166
-4705
-6235
254
-342
-3854
-7113
-7556
-4999
-3901
11
-393
264
1098
756
-4679
-4044
-5735
-11922
239
157
-1658
-5092
-2866
-6565
-13491
201
-244
272
-425
-7494
-7963
-3912
-7018
-8379
157
-407
-5950
-6724
-6656
-4347
-3587
232
-480
143
-2891
1543
-8253
-6962
-7974
-9184
-8
-638
243
-4332
-3696
-5686
-26158
132
521
-137
-479
-7110
-4627
-3523
-6066
-6101
-131
-324
-9442
-5255
-7816
-7052
-5488
39
-855
-347
-3938
3945
-7050
-5691
-5959
-13749
-111
-2512
3006
-4415
-6359
-6730
-11704
20
-1405
-103
-446
-437
-15
-1102
-1414
-1605
-46
-64
-1302
-692
-2155
-2190
32
-123
226
-202
309
-1767
-1709
-1657
-1504
-13959
34
-89
-3892
-797
-3694
-2663
-13197
157
-127
-209
-254
-1303
-220
-1640
-788
-1529
-41
141
-3683
-2399
-2670
-2551
2279
-43
-353
-73
372
-1763
-1799
-765
-1277
-20617
52
418
-5181
-634
-3911
-2723
-17170
182
-159
-75
-672
-2580
-1558
-2569
-1559
-2420
132
-630
-4552
-3534
-2671
-3033
-143
-48
-1391
-34
-296
-1774
-2652
570
-2238
-17458
-60
-696
-3065
-179
-3426
-2549
-14155
-38
-2005
-99
-673
-3206
-1937
-3652
-1770
-2658
-23
-1039
-2852
-1217
-3534
-1959
-3337
69
-1655
130
1006
-92
-2685
-243
-2713
-14829
-46
724
-176
289
-1138
-2081
-19538
-12
873
-114
-2224
-3883
-3899
-4977
-3346
-3473
-66
-2668
-6078
-5306
-6883
-5375
-5385
-87
-2786
119
1772
1347
-2019
-1240
-3388
-17972
174
1618
1475
-4783
-1785
-5945
-9910
202
1339
121
-4254
-3516
-4822
-3098
-3427
-4557
-4
-3244
-4496
-6552
-5750
-4086
-4104
-60
-2464
73
348
1365
-3396
-4716
-4162
-20130
165
-1359
1183
-4810
-3810
-5331
-19043
143
-1796
165
-2733
-3971
-4287
-3493
-3889
-4744
-64
-2463
-4999
-5884
-6143
-4322
-3560
151
-763
-58
-1604
2535
-4832
-3753
-4352
-18617
-164
-1067
2905
-4570
-5152
-4855
-19378
78
-208
-92
-693
-3689
-2266
-3106
-2495
-3057
-61
-1659
-6333
-3712
-6211
-5366
-4266
112
-1075
-361
-1267
2216
-3127
-3152
-2904
-20627
-419
-1118
2317
-3799
-5996
-5145
-11591
-32
-429
-119
129
-471
494
-1634
-2098
-2000
-75
338
-865
422
-2583
-2467
-1495
-46
163
-212
614
-2143
-2004
-2364
-1925
-13279
79
182
-4114
-1360
-3494
-2898
-13266
317
316
-158
449
-1513
595
-2157
-2392
-2270
-142
717
-2957
-200
-3417
-3106
-760
-55
73
-61
209
-2947
-2684
-816
-2061
-14566
23
-463
-5576
-2005
-2484
-2710
-12555
300
-538
-41
63
-2842
-510
-2917
-2936
-2954
50
448
-3708
-1400
-3616
-3299
-1289
-30
-389
-70
-323
-2862
-3556
569
-2817
-14594
-104
257
-3425
-1525
-2279
-2418
-15998
94
-547
-57
-838
-3823
-1688
-3847
-2608
-2981
3
-83
-4211
-1227
-4288
-3244
-3510
-72
-331
73
1319
-1757
-2749
958
-2646
-21530
-85
69
-883
-1824
-1161
-2698
-24364
-22
-697
-56
-359
-4332
-3927
-5062
-2884
-3821
-158
234
-3838
-3015
-3946
-2601
-5440
-78
-336
198
538
-980
-2184
-173
-3772
-13771
122
354
1003
-2953
194
-3652
-19256
429
1193
-194
-337
-2816
-5048
-4011
-2520
-3035
-236
361
-5286
-7900
-6750
-5679
-6790
-73
1131
-85
112
3013
-2787
-2190
-3038
-26267
93
419
4594
-6100
-3482
-5935
-14804
401
2001
-68
-705
-2042
-4464
-2948
-2549
-2951
-255
352
-4408
-6960
-6285
-5628
-6777
54
977
-215
-617
3559
-3068
-3204
-2719
-26260
-183
-880
5365
-5822
-5656
-5356
-14028
99
-1356
-75
-526
-3286
-3111
-2056
-1953
-2799
-86
-138
-2453
-2729
-2387
-1744
-2961
50
-845
-218
-526
728
-2649
-2018
-2764
-13132
-348
-778
2018
-1859
-1743
-1956
-19218
13
-1739
-101
-239
-303
-930
-1596
-1511
-1988
-99
-416
-154
-907
-1891
-1601
-1859
-58
-310
-179
399
-1244
-2137
-2123
-1904
-13519
96
207
-2449
-1235
-2284
-2224
-15514
373
324
-149
-241
-338
399
-2487
-2004
-2095
-156
-113
-642
318
-3060
-2561
-2356
-21
292
-94
131
-2687
-2850
-1106
-1830
-16886
4
-1025
-4643
-2088
-2379
-1920
-16318
339
-1188
-27
-1042
-2890
703
-3895
-3447
-3294
132
-652
-3058
924
-3472
-3918
-2728
35
-813
-195
-2
-3443
-4182
334
-2981
-13824
-184
782
-4711
-2933
-2293
-3416
-15166
68
674
-9
-2114
-3163
-801
-3859
-3279
-3253
95
-319
-4061
-332
-3716
-4355
-3832
35
-218
-47
-116
-2595
-3539
702
-2860
-21604
-167
-189
-2293
-3548
-2522
-3511
-21192
-94
-712
-22
-2105
-2705
-3453
-3345
-2061
-2906
-153
-187
-3129
-3106
-2653
-2529
-4857
-32
-78
198
818
-305
-2373
-321
-2667
-16146
58
439
573
-3206
-1139
-1996
-16516
301
850
-167
-1367
-4689
-7774
-6268
-3741
-4770
-254
-1508
-5308
-8034
-5793
-4657
-8451
34
-2355
-5
1493
4698
-4036
-3143
-4694
-15504
90
1710
6976
-6084
-3090
-4822
-14985
386
2785
-135
-1199
-3106
-5718
-3682
-3618
-3737
-237
-1212
-4630
-7228
-5032
-5966
-7983
-45
-2410
-200
-590
3040
-2777
-3155
-3485
-18979
-62
-1202
6093
-6765
-5491
-5422
-9485
81
-1230
-165
-1086
-3170
-3453
-1701
-2270
-2334
-64
-260
-3125
-3255
-984
-2619
-2555
33
-1150
-101
-1194
-56
-2066
122
-2415
-15962
-187
-2029
927
-2617
-1534
-1833
-16556
115
-3391
-197
-391
-145
-1262
-444
-895
-1352
-166
-379
5
-1305
-1107
-1161
-1860
-115
16
-142
-216
-1073
-1490
-1732
-1309
-13730
8
111
-1660
-963
-1351
-1625
-15202
331
270
-320
46
407
213
-1446
-1074
-1508
-205
-405
285
-156
-2016
-1745
-2823
-8
458
-84
-11
-2247
-1952
-1713
-1284
-16215
-77
-592
-3730
-1226
-2044
-1179
-15850
339
-732
-285
-680
-826
1204
-3556
-2345
-2198
-17
-702
-726
1999
-2926
-2726
-3454
-57
-132
-109
113
-3941
-2413
125
-1978
-15595
-182
319
-5171
-1797
-1919
-2444
-16043
187
194
-200
-712
-274
-1027
-3467
-3019
-2712
14
-317
-38
-583
-3650
-3331
-4102
0
81
-111
-213
-3438
-2754
150
-2382
-17797
-172
33
-3633
-2581
-1267
-2351
-18978
30
69
-145
-1343
-102
-4362
-3495
-2866
-2985
-95
-774
-392
-4720
-3485
-3381
-4861
-40
-599
26
547
205
-2581
-1548
-2669
-15854
-71
903
631
-3773
-1924
-2059
-16518
151
294
-140
-1180
-1465
-5315
-3451
-3057
-2837
-101
-687
-2283
-5891
-3198
-3524
-5758
17
-602
-55
158
1719
-1475
-1307
-2652
-15518
-32
-131
2515
-4045
-792
-2793
-13291
227
177
0
-1223
-1810
-5056
-2772
-4066
-3491
36
-1567
-1293
-4242
-2651
-3347
-5024
-105
-1184
-138
-9
-1910
-2235
426
-3272
-14134
-96
-295
-626
-3362
167
-2427
-16474
87
-275
-28
-1196
-1837
-2669
-1369
-2528
-2285
-82
-136
-2228
-2626
-1683
-3018
-2934
-83
268
-156
-269
-712
-2369
-415
-2227
-20721
-378
34
83
-2448
-2140
-1875
-20718
-78
-518
-274
93
-537
-1562
-67
-289
-1323
-273
-216
-711
-1888
-840
-1518
-1967
-146
12
-82
-247
-2111
-1232
-1622
-1330
-15135
-67
260
-2146
-1655
-1937
-2546
-14334
280
113
-433
426
-714
-74
-243
-180
-1459
-402
-123
-321
-358
-603
-1152
-3249
-120
34
-4
-520
-2704
-1631
-2608
-1371
-13748
-99
-744
-3067
-1090
-2117
-1985
-13732
316
-779
-484
154
-152
814
-1982
-1159
-1759
-412
-162
145
755
-1761
-2347
-3969
-143
118
-41
-358
-3715
-1725
-2055
-1585
-17033
-136
-39
-4536
-1934
-2789
-3056
-16053
247
48
-543
113
1289
-210
-1569
-1230
-1517
-454
-306
846
-1132
-2450
-3450
-4190
-258
-108
1
-314
-3051
-2016
-2038
-1319
-17544
-49
444
-3845
-3388
-2695
-3462
-12954
244
277
-426
-400
1224
-2789
-1667
-1697
-1817
-372
-365
764
-3500
-2610
-3057
-3660
-188
-290
-20
-804
-1435
-2310
-1494
-1591
-18281
-96
515
-1486
-3410
-2001
-2942
-16812
225
40
-302
-260
741
-3691
-1632
-1449
-1900
-196
-22
27
-4420
-2352
-2687
-3282
-141
152
-135
-451
-996
-1407
-1645
-1700
-16363
-157
-205
-1421
-3357
-1952
-3429
-13060
195
-489
-163
293
597
-2964
-1588
-480
-1462
-120
-95
174
-3651
-2550
-2406
-2751
-226
330
-173
133
-1361
-1158
-946
-1271
-19686
-241
14
-2075
-2230
-1949
-2746
-16547
105
-3
-28
-197
-954
-2784
-1804
-2088
-2854
-231
-567
-1446
-3039
-3553
-3992
-4093
-139
-637
-270
-134
-1033
-3405
-2493
-2859
-16107
-419
666
-313
-3468
-4844
-3841
-13326
-153
670
0
0
0
0
0
0
0
0
0
0
0
-1814
-1328
-613
-1460
-1323
0
0
0
0
0
0
0
0
0
0
0
877
-833
-1262
-1361
-13999
0
0
0
0
0
0
0
0
0
0
0
-2043
-1731
-1857
-566
-1753
0
0
0
0
0
0
0
0
0
0
0
-421
-1259
-646
-1751
-13688
0
0
0
0
0
0
0
0
0
0
0
-2237
-1054
-3309
-1161
-1722
0
0
0
0
0
0
0
0
0
0
0
-1184
634
-958
-1813
-13162
0
0
0
0
0
0
0
0
0
0
0
-1449
-1676
-1856
-1188
-1318
0
0
0
0
0
0
0
0
0
0
0
-337
601
-1385
-1170
-16627
0
0
0
0
0
0
0
0
0
0
0
-94
-1981
-2705
-970
-1505
0
0
0
0
0
0
0
0
0
0
0
-60
-633
-1555
-1406
-16169
0
0
0
0
0
0
0
0
0
0
0
145
-889
-2803
-1374
-1645
0
0
0
0
0
0
0
0
0
0
0
-950
-45
-2067
-1545
-20054
0
0
0
0
0
0
0
0
0
0
0
-575
-626
-2557
-1319
-1339
0
0
0
0
0
0
0
0
0
0
0
-1055
-290
-651
-1341
-16242
0
0
0
0
0
0
0
0
0
0
0
-1204
-1822
-1909
-198
-1320
0
0
0
0
0
0
0
0
0
0
0
-198
-1545
-541
-1284
-17358
0
0
0
0
0
0
0
0
0
0
0
-1578
-795
-743
-860
-1174
0
0
0
0
0
0
0
0
0
0
0
839
-1149
-1505
-1122
-15849
0
0
0
0
0
0
0
0
0
0
0
-2648
-2049
-2383
-166
-2139
0
0
0
0
0
0
0
0
0
0
0
-1105
-1810
-1022
-2142
-14987
0
0
0
0
0
0
0
0
0
0
0
-2143
-1032
-3586
-787
-1976
0
0
0
0
0
0
0
0
0
0
0
-2071
-587
-336
-1941
-15125
0
0
0
0
0
0
0
0
0
0
0
-1895
-2472
-3977
-988
-2034
0
0
0
0
0
0
0
0
0
0
0
19
-707
-948
-2161
-22867
0
0
0
0
0
0
0
0
0
0
0
1035
-3073
-4477
-3536
-2746
0
0
0
0
0
0
0
0
0
0
0
1770
-3353
-3219
-2703
-23020
0
0
0
0
0
0
0
0
0
0
0
4964
-5342
-6941
-7292
-6091
0
0
0
0
0
0
0
0
0
0
0
-4141
-5128
-4530
-5811
-12167
0
0
0
0
0
0
0
0
0
0
0
3760
-5291
-3508
-4418
-4556
0
0
0
0
0
0
0
0
0
0
0
-4001
-4392
-3751
-4444
-19852
0
0
0
0
0
0
0
0
0
0
0
-1109
-3179
-1567
-1104
-2197
0
0
0
0
0
0
0
0
0
0
0
-381
-2939
-1969
-2214
-18996
0
0
0
0
0
0
0
0
0
0
0
-1219
-642
-784
-361
-1372
0
0
0
0
0
0
0
0
0
0
0
-501
-1867
-935
-1229
-12365
0
0
0
0
0
0
0
0
0
0
0
-2618
-2240
-2289
335
-2699
0
0
0
0
0
0
0
0
0
0
0
-2902
-2652
-1147
-2682
-16605
0
0
0
0
0
0
0
0
0
0
0
-1988
-1841
-3161
-460
-2392
0
0
0
0
0
0
0
0
0
0
0
-3020
-2903
1126
-2270
-15297
0
0
0
0
0
0
0
0
0
0
0
-2114
-2367
-4868
-1076
-2244
0
0
0
0
0
0
0
0
0
0
0
170
-2196
-409
-2334
-20110
0
0
0
0
0
0
0
0
0
0
0
1292
-4971
-7498
-4646
-5009
0
0
0
0
0
0
0
0
0
0
0
-143
-5462
-4604
-4961
-14651
0
0
0
0
0
0
0
0
0
0
0
7177
-9745
-10373
-10067
-9218
0
0
0
0
0
0
0
0
0
0
0
-6164
-9776
-5677
-9220
7346
0
0
0
0
0
0
0
0
0
0
0
4178
-8084
-6053
-8590
-8263
0
0
0
0
0
0
0
0
0
0
0
-3917
-9696
-6908
-8062
-7192
0
0
0
0
0
0
0
0
0
0
0
-421
-3500
-1671
-3173
-2924
0
0
0
0
0
0
0
0
0
0
0
1659
-4442
-4622
-2893
-23237
0
0
0
0
0
0
0
0
0
0
0
-1172
-197
-834
-518
-1075
0
0
0
0
0
0
0
0
0
0
0
16
-1010
-644
-789
-15839
0
0
0
0
0
0
0
0
0
0
0
-2062
-957
-1312
227
-1717
0
0
0
0
0
0
0
0
0
0
0
-1829
-2176
-423
-1564
-18469
0
0
0
0
0
0
0
0
0
0
0
-1976
-1392
-1803
-618
-1673
0
0
0
0
0
0
0
0
0
0
0
-1330
-2370
703
-1604
-19071
0
0
0
0
0
0
0
0
0
0
0
-2595
-2911
-3638
-912
-2379
0
0
0
0
0
0
0
0
0
0
0
-655
-2464
-80
-2468
-13584
0
0
0
0
0
0
0
0
0
0
0
-475
-3923
-5353
-2675
-3075
0
0
0
0
0
0
0
0
0
0
0
-804
-2640
-1437
-3205
-16014
0
0
0
0
0
0
0
0
0
0
0
3844
-5196
-5031
-5489
-4983
0
0
0
0
0
0
0
0
0
0
0
-2492
-5299
-5183
-4716
-14655
0
0
0
0
0
0
0
0
0
0
0
3865
-4611
-4281
-4545
-3902
0
0
0
0
0
0
0
0
0
0
0
-760
-4263
-4751
-3776
-17392
0
0
0
0
0
0
0
0
0
0
0
464
-2375
-2346
-1723
-2106
0
0
0
0
0
0
0
0
0
0
0
238
-1417
-3976
-1996
-20096
0
0
0
0
0
0
0
0
0
0
0
-1328
101
-1201
-1141
-1114
0
0
0
0
0
0
0
0
0
0
0
395
-954
-777
-910
-16328
0
0
0
0
0
0
0
0
0
0
0
-2188
-165
-1129
-941
-1523
0
0
0
0
0
0
0
0
0
0
0
-966
-1995
145
-1327
-16121
0
0
0
0
0
0
0
0
0
0
0
-2602
-451
-1817
-967
-1766
0
0
0
0
0
0
0
0
0
0
0
-787
-2605
390
-1566
-17797
0
0
0
0
0
0
0
0
0
0
0
-3461
-2478
-4336
-1471
-2719
0
0
0
0
0
0
0
0
0
0
0
-1351
-1461
243
-2432
-19323
0
0
0
0
0
0
0
0
0
0
0
-3202
-4705
-5531
-2755
-3795
0
0
0
0
0
0
0
0
0
0
0
-2402
-1636
-433
-3856
-11119
0
0
0
0
0
0
0
0
0
0
0
-143
-4601
-3666
-2431
-2785
0
0
0
0
0
0
0
0
0
0
0
285
-2577
-2889
-2949
-21420
0
0
0
0
0
0
0
0
0
0
0
1337
-3077
-2238
-2543
-1507
0
0
0
0
0
0
0
0
0
0
0
1882
-1590
-3562
-1636
-25488
0
0
0
0
0
0
0
0
0
0
0
100
-2327
-1630
-2147
-1898
0
0
0
0
0
0
0
0
0
0
0
-36
-1242
-2685
-1957
-15594
0
0
0
0
0
0
0
0
0
0
0
-1424
-790
-1080
-1006
-1341
0
0
0
0
0
0
0
0
0
0
0
1045
-1325
-1666
-1155
-15576
0
0
0
0
0
0
0
0
0
0
0
-2180
-62
-982
-1390
-1805
0
0
0
0
0
0
0
0
0
0
0
-174
-2211
-1054
-1615
-15981
0
0
0
0
0
0
0
0
0
0
0
-2913
-277
-2772
-1855
-2579
0
0
0
0
0
0
0
0
0
0
0
-1167
-3361
73
-2395
-13314
0
0
0
0
0
0
0
0
0
0
0
-2738
-1197
-3506
-1361
-2245
0
0
0
0
0
0
0
0
0
0
0
-979
-2323
462
-1969
-22147
0
0
0
0
0
0
0
0
0
0
0
-2809
-3082
-2611
-1456
-2125
0
0
0
0
0
0
0
0
0
0
0
314
-1791
-735
-2014
-17007
0
0
0
0
0
0
0
0
0
0
0
-3477
-6427
-5116
-3428
-3871
0
0
0
0
0
0
0
0
0
0
0
2996
-3873
-3767
-4120
-15285
0
0
0
0
0
0
0
0
0
0
0
-1479
-4119
-2548
-2795
-2282
0
0
0
0
0
0
0
0
0
0
0
1928
-1983
-3710
-2382
-18818
0
0
0
0
0
0
0
0
0
0
0
-959
-2836
-1186
-1814
-1689
0
0
0
0
0
0
0
0
0
0
0
-120
-1135
-1444
-1692
-17188
0
0
0
0
0
0
0
0
0
0
0
-1182
-1120
-166
-593
-1234
0
0
0
0
0
0
0
0
0
0
0
629
-833
-2277
-947
-13468
0
0
0
0
0
0
0
0
0
0
0
-1493
204
401
-1172
-1333
0
0
0
0
0
0
0
0
0
0
0
-177
-1283
-2188
-1049
-14974
0
0
0
0
0
0
0
0
0
0
0
-1353
177
-1904
-1771
-1753
0
0
0
0
0
0
0
0
0
0
0
-1872
-792
-285
-1488
-14757
0
0
0
0
0
0
0
0
0
0
0
-1697
-664
-1762
-1022
-1521
0
0
0
0
0
0
0
0
0
0
0
-554
-1144
-553
-1282
-20008
0
0
0
0
0
0
0
0
0
0
0
-3216
-2953
-2743
-1495
-2201
0
0
0
0
0
0
0
0
0
0
0
1981
-1731
-1523
-2008
-16630
0
0
0
0
0
0
0
0
0
0
0
-2297
-4513
-3253
-3295
-2552
0
0
0
0
0
0
0
0
0
0
0
1413
-920
-1980
-2519
-12811
0
0
0
0
0
0
0
0
0
0
0
-825
-3315
-1378
-2592
-1889
0
0
0
0
0
0
0
0
0
0
0
-496
-1340
-933
-1869
-17817
0
0
0
0
0
0
0
0
0
0
0
-901
-2390
-1158
-1707
-1755
0
0
0
0
0
0
0
0
0
0
0
557
-1163
-2136
-1722
-19782
0
0
0
0
0
0
0
0
0
0
0
-1309
-1346
225
-247
-1323
0
0
0
0
0
0
0
0
0
0
0
-799
-627
-2302
-1220
-14508
0
0
0
0
0
0
0
0
0
0
0
-1440
-186
719
-849
-1250
0
0
0
0
0
0
0
0
0
0
0
-1378
-752
-2458
-1191
-13536
0
0
0
0
0
0
0
0
0
0
0
-1063
16
-995
-1810
-1485
0
0
0
0
0
0
0
0
0
0
0
-1887
-333
-1243
-1400
-16352
0
0
0
0
0
0
0
0
0
0
0
-1486
-394
-1043
-1131
-1422
0
0
0
0
0
0
0
0
0
0
0
-576
-1509
-1068
-1364
-15112
0
0
0
0
0
0
0
0
0
0
0
-1779
-1713
-1610
-1065
-1523
0
0
0
0
0
0
0
0
0
0
0
641
-2013
-669
-1425
-17708
0
0
0
0
0
0
0
0
0
0
0
-715
-2232
-1590
-1671
-1374
0
0
0
0
0
0
0
0
0
0
0
400
-1042
-613
-1292
-17033
0
0
0
0
0
0
0
0
0
0
0
-444
-2347
-2063
-1147
-1662
0
0
0
0
0
0
0
0
0
0
0
-407
-1350
-905
-1754
-15877
0
0
0
0
0
0
0
0
0
0
0
-740
-2027
-1788
-1348
-1794
0
0
0
0
0
0
0
0
0
0
0
723
-2114
-2468
-1763
-16689
0
0
0
0
0
0
0
0
0
0
0
0
0
0
0
0
0
0
0
0
0
0
0
0
0
0
0
0
0
0
0
0
0
0
0
0
0
0
0
0
0
0
0
0
0
0
0
0
0
0
0
0
0
0
0
0
0
0
0
0
0
0
0
0
0
0
0
0
0
0
0
0
0
0
0
0
0
0
0
0
0
0
0
0
0
0
0
0
0
0
0
0
0
0
0
0
0
0
0
0
0
0
0
0
0
0
0
0
0
0
0
0
0
0
0
0
0
0
0
0
0
0
0
0
0
0
0
0
0
0
0
0
0
0
0
0
0
0
0
0
0
0
0
0
0
0
0
0
0
0
0
0
0
0
0
0
0
0
0
0
0
0
0
0
0
0
0
0
0
0
0
0
0
0
0
0
0
0
0
0
0
0
0
0
0
0
0
0
0
0
0
0
0
0
0
0
0
0
0
0
0
0
0
0
0
0
0
0
0
0
0
0
0
0
0
0
0
0
0
0
0
0
0
0
0
0
0
0
0
0
0
0
0
0
0
0
0
0
0
0
0
0
0
0
0
0
0
0
0
0
0
0
0
0
0
0
0
0
0
0
0
0
0
0
0
0
0
0
0
0
0
0
0
0
0
0
0
0
0
0
0
0
0
0
0
0
0
0
0
0
0
0
0
0
0
0
0
0
0
0
0
0
0
0
0
0
0
0
0
0
0
0
0
0
0
0
0
0
0
0
0
0
0
0
0
0
0
0
0
0
0
0
0
0
0
0
0
0
0
0
0
0
0
0
0
0
0
0
0
0
0
0
0
0
0
0
0
0
0
0
0
0
0
0
0
0
0
0
0
0
0
0
0
0
0
0
0
0
0
0
0
0
0
0
0
0
0
0
0
0
0
0
0
0
0
0
0
0
0
0
0
0
0
0
0
0
0
0
0
0
0
0
0
0
0
0
0
0
0
0
0
0
0
0
0
0
0
0
0
0
0
0
0
0
0
0
0
0
0
0
0
0
0
0
0
0
0
0
0
0
0
0
0
0
0
0
0
0
0
0
0
0
0
0
0
0
0
0
0
0
0
0
0
0
0
0
0
0
0
0
0
0
0
0
0
0
0
0
0
0
0
0
0
0
0
0
0
0
0
0
0
0
0
0
0
0
0
0
0
0
0
0
0
0
0
0
0
0
0
0
0
0
0
0
0
0
0
0
0
0
0
0
0
0
0
0
0
0
0
0
0
0
0
0
0
0
0
0
0
0
0
0
0
0
0
0
0
0
0
0
0
0
0
0
0
0
0
0
0
0
0
0
0
0
0
0
0
0
0
0
0
0
0
0
0
0
0
0
0
0
0
0
0
0
0
0
0
0
0
0
0
0
0
0
0
0
0
0
0
0
0
0
0
0
0
0
0
0
0
0
0
0
0
0
0
0
0
0
0
0
0
0
0
0
0
0
0
0
0
0
0
0
0
0
0
0
0
0
0
0
0
0
0
0
0
0
0
0
0
0
0
0
0
0
0
0
0
0
0
0
0
0
0
0
0
0
0
0
0
0
0
0
0
0
0
0
0
0
0
0
0
0
0
0
0
0
0
0
0
0
0
0
0
0
0
0
0
0
0
0
0
0
0
0
0
0
0
0
0
0
0
0
0
0
0
0
0
0
0
0
0
0
0
0
0
0
0
0
0
0
0
0
0
0
0
0
0
0
0
0
0
0
0
0
0
0
0
0
0
0
0
0
0
0
0
0
0
0
0
0
0
0
0
0
0
0
0
0
0
0
0
0
0
0
0
0
0
0
0
0
0
0
0
0
0
0
0
0
0
0
0
0
0
0
0
0
0
0
0
0
0
0
0
0
0
0
0
0
0
0
0
0
0
0
0
0
0
0
0
0
0
0
0
0
0
0
0
0
0
0
0
0
0
0
0
0
0
0
0
0
0
0
0
0
0
0
0
0
0
0
0
0
0
0
0
0
0
0
0
0
0
0
0
0
0
0
0
0
0
0
0
0
0
0
0
0
0
0
0
0
0
0
0
0
0
0
0
0
0
0
0
0
0
0
0
0
0
0
0
0
0
0
0
0
0
0
0
0
0
0
0
0
0
0
0
0
0
0
0
0
0
0
0
0
0
0
0
0
0
0
0
0
0
0
0
0
0
0
0
0
0
0
0
0
0
0
0
0
0
0
0
0
0
0
0
0
0
0
0
0
0
0
0
0
0
0
0
0
0
0
0
0
0
0
0
0
0
0
0
0
0
0
0
0
0
0
0
0
0
0
0
0
0
0
0
0
0
0
0
0
0
0
0
0
0
0
0
0
0
0
0
0
0
0
0
0
0
0
0
0
0
0
0
0
0
0
0
0
0
0
0
0
0
0
0
0
0
0
0
0
0
0
0
0
0
0
0
0
0
0
0
0
0
0
0
0
0
0
0
0
0
0
0
0
0
0
0
0
0
0
0
0
0
0
0
0
0
0
0
0
0
0
0
0
0
0
0
0
0
0
0
0
0
0
0
0
0
0
0
0
0
0
0
0
0
0
0
0
0
0
0
0
0
0
0
0
0
0
0
0
0
0
0
0
0
0
0
0
0
0
0
0
0
0
0
0
0
0
0
0
0
0
0
0
0
0
0
0
0
0
0
0
0
0
0
0
0
0
0
0
0
0
0
0
0
0
0
0
0
0
0
0
0
0
0
0
0
0
0
0
0
0
0
0
0
0
0
0
0
0
0
0
0
0
0
0
0
0
0
0
0
0
0
0
0
0
0
0
0
0
0
0
0
0
0
0
0
0
0
0
0
0
0
0
0
0
0
0
0
0
0
0
0
0
0
0
0
0
0
0
0
0
0
0
0
0
0
0
0
0
0
0
0
0
0
0
0
0
0
0
0
0
0
0
0
0
0
0
0
0
0
0
0
0
0
0
0
0
0
0
0
0
0
0
0
0
0
0
0
0
0
0
0
0
0
0
0
0
0
0
0
0
0
0
0
0
0
0
0
0
0
0
0
0
0
0
0
0
0
0
0
0
0
0
0
0
0
0
0
0
0
0
0
0
0
0
0
0
0
0
0
0
0
0
0
0
0
0
0
0
0
0
0
0
0
0
0
0
0
0
0
0
0
0
0
0
0
0
0
0
0
0
0
0
0
0
0
0
0
0
0
0
0
0
0
0
0
0
0
0
0
0
0
0
0
0
0
0
0
0
0
0
0
0
0
0
0
0
0
0
0
0
0
0
0
0
0
0
0
0
0
0
0
0
0
0
0
0
0
0
0
0
0
0
0
0
0
0
0
0
0
0
0
0
0
0
0
0
0
0
0
0
0
0
0
0
0
0
0
0
0
0
0
0
0
0
0
0
0
0
0
0
0
0
0
0
0
0
0
0
0
0
0
0
0
0
0
0
0
0
0
0
0
0
0
0
0
0
0
0
0
0
0
0
0
0
0
0
0
0
0
0
0
0
0
0
0
0
0
0
0
0
0
0
0
0
0
0
0
0
0
0
0
0
0
0
0
0
0
0
0
0
0
0
0
0
0
0
0
0
0
0
0
0
0
0
0
0
0
0
0
0
0
0
0
0
0
0
0
0
0
0
0
0
0
0
0
0
0
0
0
0
0
0
0
0
0
0
0
0
0
0
0
0
0
0
0
0
0
0
0
0
0
0
0
0
0
0
0
0
0
0
0
0
0
0
0
0
0
0
0
0
0
0
0
0
0
0
0
0
0
0
0
0
0
0
0
0
0
0
0
0
0
0
0
0
0
0
0
0
0
0
0
0
0
0
0
0
0
0
0
0
0
0
0
0
0
0
0
0
0
0
0
0
0
0
0
0
0
0
0
0
0
0
0
0
0
0
0
0
0
0
0
0
0
0
0
0
0
0
0
0
0
0
0
0
0
0
0
0
0
0
0
0
0
0
0
0
0
0
0
0
0
0
0
0
0
0
0
0
0
0
0
0
0
0
0
0
0
0
0
0
0
0
0
0
0
0
0
0
0
0
0
0
0
0
0
0
0
0
0
0
0
0
0
0
0
0
0
0
0
0
0
0
0
0
0
0
0
0
0
0
0
0
0
0
0
0
0
0
0
0
0
0
0
0
0
0
0
0
0
0
0
0
0
0
0
0
0
0
0
0
0
0
0
0
0
0
0
0
0
0
0
0
0
0
0
0
0
0
0
0
0
0
0
0
0
0
0
0
0
0
0
0
0
0
0
0
0
0
0
0
0
0
0
0
0
0
0
0
0
0
0
0
0
0
0
0
0
0
0
0
0
0
0
0
0
0
0
0
0
0
0
0
0
0
0
0
0
0
0
0
0
0
0
0
0
0
0
0
0
0
0
0
0
0
0
0
0
0
0
0
0
0
0
0
0
0
0
0
0
0
0
0
0
0
0
0
0
0
0
0
0
0
0
0
0
0
0
0
0
0
0
0
0
0
0
0
0
0
0
0
0
0
0
0
0
0
0
0
0
0
0
0
0
0
0
0
0
0
0
0
0
0
0
0
0
0
0
0
0
0
0
0
0
0
0
0
0
0
0
0
0
0
0
0
0
0
0
0
0
0
0
0
0
0
0
0
0
0
0
0
0
0
0
0
0
0
0
0
0
0
0
0
0
0
0
0
0
0
0
0
0
0
0
0
0
0
0
0
0
0
0
0
0
0
0
0
0
0
0
0
0
0
0
0
0
0
0
0
0
0
0
0
0
0
0
0
0
0
0
0
0
0
0
0
0
0
0
0
0
0
0
0
0
0
0
0
0
0
0
0
0
0
0
0
0
0
0
0
0
0
0
0
0
0
0
0
0
0
0
0
0
0
0
0
0
0
0
0
0
0
0
0
0
0
0
0
0
0
0
0
0
0
0
0
0
0
0
0
0
0
0
0
0
0
0
0
0
0
0
0
0
0
0
0
0
0
0
0
0
0
0
0
0
0
0
0
0
0
0
0
0
0
0
0
0
0
0
0
0
0
0
0
0
0
0
0
0
0
0
0
0
0
0
0
0
0
0
0
0
0
0
0
0
0
0
0
0
0
0
0
0
0
0
0
0
0
0
0
0
0
0
0
0
0
0
0
0
0
0
0
0
0
0
0
0
0
0
0
0
0
0
0
0
0
0
0
0
0
0
0
0
0
0
0
0
0
0
0
0
0
0
0
0
0
0
0
0
0
0
0
0
0
0
0
0
0
0
0
0
0
0
0
0
0
0
0
0
0
0
0
0
0
0
0
0
0
0
0
0
0
0
0
0
0
0
0
0
0
0
0
0
0
0
0
0
0
0
0
0
0
0
0
0
0
0
0
0
0
0
0
0
0
0
0
0
0
0
0
0
0
0
0
0
0
0
0
0
0
0
0
0
0
0
0
0
0
0
0
0
0
0
0
0
0
0
0
0
0
0
0
0
0
0
0
0
0
0
0
0
0
0
0
0
0
0
0
0
0
0
0
0
0
0
0
0
0
0
0
0
0
0
0
0
0
0
0
0
0
0
0
0
0
0
0
0
0
0
0
0
0
0
0
0
0
0
0
0
0
0
0
0
0
0
0
0
0
0
0
0
0
0
0
0
0
0
0
0
0
0
0
0
0
0
0
0
0
0
0
0
0
0
0
0
0
0
0
0
0
0
0
0
0
0
0
0
0
0
0
0
0
0
0
0
0
0
0
0
0
0
0
0
0
0
0
0
0
0
0
0
0
0
0
0
0
0
0
0
0
0
0
0
0
0
0
0
0
0
0
0
0
0
0
0
0
0
0
0
0
0
0
0
0
0
0
0
0
0
0
0
0
0
0
0
0
0
0
0
0
0
0
0
0
0
0
0
0
0
0
0
0
0
0
0
0
0
0
0
0
0
0
0
0
0
0
0
0
0
0
0
0
0
0
0
0
0
0
0
0
0
0
0
0
0
0
0
0
0
0
0
0
0
0
0
0
0
0
0
0
0
0
0
0
0
0
0
0
0
0
0
0
0
0
0
0
0
0
0
0
0
0
0
0
0
0
0
0
0
0
0
0
0
0
0
0
0
0
0
0
0
0
0
0
0
0
0
0
0
0
0
0
0
0
0
0
0
0
0
0
0
0
0
0
0
0
0
0
0
0
0
0
0
0
0
0
0
0
0
0
0
0
0
0
0
0
0
0
0
0
0
0
0
0
0
0
0
0
0
0
0
0
0
0
0
0
0
0
0
0
0
0
0
0
0
0
0
0
0
0
0
0
0
0
0
0
0
0
0
0
0
0
0
0
0
0
0
0
0
0
0
0
0
0
0
0
0
0
0
0
0
0
0
0
0
0
0
0
0
0
0
0
0
0
0
0
0
0
0
0
0
0
0
0
0
0
0
0
0
0
0
0
0
0
0
0
0
0
0
0
0
0
0
0
0
0
0
0
0
0
0
0
0
0
0
0
0
0
0
0
0
0
0
0
0
0
0
0
0
0
0
0
0
0
0
0
0
0
0
0
0
0
0
0
0
0
0
0
0
0
0
0
0
0
0
0
0
0
0
0
0
0
0
0
0
0
0
0
0
0
0
0
0
0
0
0
0
0
0
0
0
0
0
0
0
0
0
0
0
0
0
0
0
0
0
0
0
0
0
0
0
0
0
0
0
0
0
0
0
0
0
0
0
0
0
0
0
0
0
0
0
0
0
0
0
0
0
0
0
0
0
0
0
0
0
0
0
0
0
0
0
0
0
0
0
0
0
0
0
0
0
0
0
0
0
0
0
0
0
0
0
0
0
0
0
0
0
0
0
0
0
0
0
0
0
0
0
0
0
0
0
0
0
0
0
0
0
0
0
0
0
0
0
0
0
0
0
0
0
0
0
0
0
0
0
0
0
0
0
0
0
0
0
0
0
0
0
0
0
0
0
0
0
0
0
0
0
0
0
0
0
0
0
0
0
0
0
0
0
0
0
0
0
0
0
0
0
0
0
0
0
0
0
0
0
0
0
0
0
0
0
0
0
0
0
0
0
0
0
0
0
0
0
0
0
0
0
0
0
0
0
0
0
0
0
0
0
0
0
0
0
0
0
0
0
0
0
0
0
0
0
0
0
0
0
0
0
0
0
0
0
0
0
0
0
0
0
0
0
0
0
0
0
0
0
0
0
0
0
0
0
0
0
0
0
0
0
0
0
0
0
0
0
0
0
0
0
0
0
0
0
0
0
0
0
0
0
0
0
0
0
0
0
0
0
0
0
0
0
0
0
0
0
0
0
0
0
0
0
0
0
0
0
0
0
0
0
0
0
0
0
0
0
0
0
0
0
0
0
0
0
0
0
0
0
0
0
0
0
0
0
0
0
0
0
0
0
0
0
0
0
0
0
0
0
0
0
0
0
0
0
0
0
0
0
0
0
0
0
0
0
0
0
0
0
0
0
0
0
0
0
0
0
0
0
0
0
0
0
0
0
0
0
0
0
0
0
0
0
0
0
0
0
0
0
0
0
0
0
0
0
0
0
0
0
0
0
0
0
0
0
0
0
0
0
0
0
0
0
0
0
0
0
0
0
0
0
0
0
0
0
0
0
0
0
0
0
0
0
0
0
0
0
0
0
0
0
0
0
0
0
0
0
0
0
0
0
0
0
0
0
0
0
0
0
0
0
0
0
0
0
0
0
0
0
0
0
0
0
0
0
0
0
0
0
0
0
0
0
0
0
0
0
0
0
0
0
0
0
0
0
0
0
0
0
0
0
0
0
0
0
0
0
0
0
0
0
0
0
0
0
0
0
0
0
0
0
0
0
0
0
0
0
0
0
0
0
0
0
0
0
0
0
0
0
0
0
0
0
0
0
0
0
0
0
0
0
0
0
0
0
0
0
0
0
0
0
0
0
0
0
0
0
0
0
0
0
0
0
0
0
0
0
0
0
0
0
0
0
0
0
0
0
0
0
0
0
0
0
0
0
0
0
0
0
0
0
0
0
0
0
0
0
0
0
0
0
0
0
0
0
0
0
0
0
0
0
0
0
0
0
0
0
0
0
0
0
0
0
0
0
0
0
0
0
0
0
0
0
0
0
0
0
0
0
0
0
0
0
0
0
0
0
0
0
0
0
0
0
0
0
0
0
0
0
0
0
0
0
0
0
0
0
0
0
0
0
0
0
0
0
0
0
0
0
0
0
0
0
0
0
0
0
0
0
0
0
0
0
0
0
0
0
0
0
0
0
0
0
0
0
0
0
0
0
0
0
0
0
0
0
0
0
0
0
0
0
0
0
0
0
0
0
0
0
0
0
0
0
0
0
0
0
0
0
0
0
0
0
0
0
0
0
0
0
0
0
0
0
0
0
0
0
0
0
0
0
0
0
0
0
0
0
0
0
0
0
0
0
0
0
0
0
0
0
0
0
0
0
0
0
0
0
0
0
0
0
0
0
0
0
0
0
0
0
0
0
0
0
0
0
0
0
0
0
0
0
0
0
0
0
0
0
0
0
0
0
0
0
0
0
0
0
0
0
0
0
0
0
0
0
0
0
0
0
0
0
0
0
0
0
0
0
0
0
0
0
0
0
0
0
0
0
0
0
0
0
0
0
0
0
0
0
0
0
0
0
0
0
0
0
0
0
0
0
0
0
0
0
0
0
0
0
0
0
0
0
0
0
0
0
0
0
0
0
0
0
0
0
0
0
0
0
0
0
0
0
0
0
0
0
0
0
0
0
0
0
0
0
0
0
0
0
0
0
0
0
0
0
0
0
0
0
0
0
0
0
0
0
0
0
0
0
0
0
0
0
0
0
0
0
0
0
0
0
0
0
0
0
0
0
0
0
0
0
0
0
0
0
0
0
0
0
0
0
0
0
0
0
0
0
0
0
0
0
0
0
0
0
0
0
0
0
0
0
0
0
0
0
0
0
0
0
0
0
0
0
0
0
0
0
0
0
0
0
0
0
0
0
0
0
0
0
0
0
0
0
0
0
0
0
0
0
0
0
0
0
0
0
0
0
0
0
0
0
0
0
0
0
0
0
0
0
0
0
0
0
0
0
0
0
0
0
0
0
0
0
0
0
0
0
0
0
0
0
0
0
0
0
0
0
0
0
0
0
0
0
0
0
0
0
0
0
0
0
0
0
0
0
0
0
0
0
0
0
0
0
0
0
0
0
0
0
0
0
0
0
0
0
0
0
0
0
0
0
0
0
0
0
0
0
0
0
0
0
0
0
0
0
0
0
0
0
0
0
0
0
0
0
0
0
0
0
0
0
0
0
0
0
0
0
0
0
0
0
0
0
0
0
0
0
0
0
0
0
0
0
0
0
0
0
0
0
0
0
0
0
0
0
0
0
0
0
0
0
0
0
0
0
0
0
0
0
0
0
0
0
0
0
0
0
0
0
0
0
0
0
0
0
0
0
0
0
0
0
0
0
0
0
0
0
0
0
0
0
0
0
0
0
0
0
0
0
0
0
0
0
0
0
0
0
0
0
0
0
0
0
0
0
0
0
0
0
0
0
0
0
0
0
0
0
0
0
0
0
0
0
0
0
0
0
0
0
0
0
0
0
0
0
0
0
0
0
0
0
0
0
0
0
0
0
0
0
0
0
0
0
0
0
0
0
0
0
0
0
0
0
0
0
0
0
0
0
0
0
0
0
0
0
0
0
0
0
0
0
0
0
0
0
0
0
0
0
0
0
0
0
0
0
0
0
0
0
0
0
0
0
0
0
0
0
0
0
0
0
0
0
0
0
0
0
0
0
0
0
0
0
0
0
0
0
0
0
0
0
0
0
0
0
0
0
0
0
0
0
0
0
0
0
0
0
0
0
0
0
0
0
0
0
0
0
0
0
0
0
0
0
0
0
0
0
0
0
0
0
0
0
0
0
0
0
0
0
0
0
0
0
0
0
0
0
0
0
0
0
0
0
0
0
0
0
0
0
0
0
0
0
0
0
0
0
0
0
0
0
0
0
0
0
0
0
0
0
0
0
0
0
0
0
0
0
0
0
0
0
0
0
0
0
0
0
0
0
0
0
0
0
0
0
0
0
0
0
0
0
0
0
0
0
0
0
0
0
0
0
0
0
0
0
0
0
0
0
0
0
0
0
0
0
0
0
0
0
0
0
0
0
0
0
0
0
0
0
0
0
0
0
0
0
0
0
0
0
0
0
0
0
0
0
0
0
0
0
0
0
0
0
0
0
0
0
0
0
0
0
0
0
0
0
0
0
0
0
0
0
0
0
0
0
0
0
0
0
0
0
0
0
0
0
0
0
0
0
0
0
0
0
0
0
0
0
0
0
0
0
0
0
0
0
0
0
0
0
0
0
0
0
0
0
0
0
0
0
0
0
0
0
0
0
0
0
0
0
0
0
0
0
0
0
0
0
0
0
0
0
0
0
0
0
0
0
0
0
0
0
0
0
0
0
0
0
0
0
0
0
0
0
0
0
0
0
0
0
0
0
0
0
0
0
0
0
0
0
0
0
0
0
0
0
0
0
0
0
0
0
0
0
0
0
0
0
0
0
0
0
0
0
0
0
0
0
0
0
0
0
0
0
0
0
0
0
0
0
0
0
0
0
0
0
0
0
0
0
0
0
0
0
0
0
0
0
0
0
0
0
0
0
0
0
0
0
0
0
0
0
0
0
0
0
0
0
0
0
0
0
0
0
0
0
0
0
0
0
0
0
0
0
0
0
0
0
0
0
0
0
0
0
0
0
0
0
0
0
0
0
0
0
0
0
0
0
0
0
0
0
0
0
0
0
0
0
0
0
0
0
0
0
0
0
0
0
0
0
0
0
0
0
0
0
0
0
0
0
0
0
0
0
0
0
0
0
0
0
0
0
0
0
0
0
0
0
0
0
0
0
0
0
0
0
0
0
0
0
0
0
0
0
0
0
0
0
0
0
0
0
0
0
0
0
0
0
0
0
0
0
0
0
0
0
0
0
0
0
0
0
0
0
0
0
0
0
0
0
0
0
0
0
0
0
0
0
0
0
0
0
0
0
0
0
0
0
0
0
0
0
0
0
0
0
0
0
0
0
0
0
0
0
0
0
0
0
0
0
0
0
0
0
0
0
0
0
0
0
0
0
0
0
0
0
0
0
0
0
0
0
0
0
0
0
0
0
0
0
0
0
0
0
0
0
0
0
0
0
0
0
0
0
0
0
0
0
0
0
0
0
0
0
0
0
0
0
0
0
0
0
0
0
0
0
0
0
0
0
0
0
0
0
0
0
0
0
0
0
0
0
0
0
0
0
0
0
0
0
0
0
0
0
0
0
0
0
0
0
0
0
0
0
0
0
0
0
0
0
0
0
0
0
0
0
0
0
0
0
0
0
0
0
0
0
0
0
0
0
0
0
0
0
0
0
0
0
0
0
0
0
0
0
0
0
0
0
0
0
0
0
0
0
0
0
0
0
0
0
0
0
0
0
0
0
0
0
0
0
0
0
0
0
0
0
0
0
0
0
0
0
0
0
0
0
0
0
0
0
0
0
0
0
0
0
0
0
0
0
0
0
0
0
0
0
0
0
0
0
0
0
0
0
0
0
0
0
0
0
0
0
0
0
0
0
0
0
0
0
0
0
0
0
0
0
0
0
0
0
0
0
0
0
0
0
0
0
0
0
0
0
0
0
0
0
0
0
0
0
0
0
0
0
0
0
0
0
0
0
0
0
0
0
0
0
0
0
0
0
0
0
0
0
0
0
0
0
0
0
0
0
0
0
0
0
0
0
0
0
0
0
0
0
0
0
0
0
0
0
0
0
0
0
0
0
0
0
0
0
0
0
0
0
0
0
0
0
0
0
0
0
0
0
0
0
0
0
0
0
0
0
0
0
0
0
0
0
0
0
0
0
0
0
0
0
0
0
0
0
0
0
0
0
0
0
0
0
0
0
0
0
0
0
0
0
0
0
0
0
0
0
0
0
0
0
0
0
0
0
0
0
0
0
0
0
0
0
0
0
0
0
0
0
0
0
0
0
0
0
0
0
0
0
0
0
0
0
0
0
0
0
0
0
0
0
0
0
0
0
0
0
0
0
0
0
0
0
0
0
0
0
0
0
0
0
0
0
0
0
0
0
0
0
0
0
0
0
0
0
0
0
0
0
0
0
0
0
0
0
0
0
0
0
0
0
0
0
0
0
0
0
0
0
0
0
0
0
0
0
0
0
0
0
0
0
0
0
0
0
0
0
0
0
0
0
0
0
0
0
0
0
0
0
0
0
0
0
0
0
0
0
0
0
0
0
0
0
0
0
0
0
0
0
0
0
0
0
0
0
0
0
0
0
0
0
0
0
0
0
0
0
0
0
0
0
0
0
0
0
0
0
0
0
0
0
0
0
0
0
0
0
0
0
0
0
0
0
0
0
0
0
0
0
0
0
0
0
0
0
0
0
0
0
0
0
0
0
0
0
0
0
0
0
0
0
0
0
0
0
0
0
0
0
0
0
0
0
0
0
0
0
0
0
0
0
0
0
0
0
0
0
0
0
0
0
0
0
0
0
0
0
0
0
0
0
0
0
0
0
0
0
0
0
0
0
0
0
0
0
0
0
0
0
0
0
0
0
0
0
0
0
0
0
0
0
0
0
0
0
0
0
0
0
0
0
0
0
0
0
0
0
0
0
0
0
0
0
0
0
0
0
0
0
0
0
0
0
0
0
0
0
0
0
0
0
0
0
0
0
0
0
0
0
0
0
0
0
0
0
0
0
0
0
0
0
0
0
0
0
0
0
0
0
0
0
0
0
0
0
0
0
0
0
0
0
0
0
0
0
0
0
0
0
0
0
0
0
0
0
0
0
0
0
0
0
0
0
0
0
0
0
0
0
0
0
0
0
0
0
0
0
0
0
0
0
0
0
0
0
0
0
0
0
0
0
0
0
0
0
0
0
0
0
0
0
0
0
0
0
0
0
0
0
0
0
0
0
0
0
0
0
0
0
0
0
0
0
0
0
0
0
0
0
0
0
0
0
0
0
0
0
0
0
0
0
0
0
0
0
0
0
0
0
0
0
0
0
0
0
0
0
0
0
0
0
0
0
0
0
0
0
0
0
0
0
0
0
0
0
0
0
0
0
0
0
0
0
0
0
0
0
0
0
0
0
0
0
0
0
0
0
0
0
0
0
0
0
0
0
0
0
0
0
0
0
0
0
0
0
0
0
0
0
0
0
0
0
0
0
0
0
0
0
0
0
0
0
0
0
0
0
0
0
0
0
0
0
0
0
0
0
0
0
0
0
0
0
0
0
0
0
0
0
0
0
0
0
0
0
0
0
0
0
0
0
0
0
0
0
0
0
0
0
0
0
0
0
0
0
0
0
0
0
0
0
0
0
0
0
0
0
0
0
0
0
0
0
0
0
0
0
0
0
0
0
0
0
0
0
0
0
0
0
0
0
0
0
0
0
0
0
0
0
0
0
0
0
0
0
0
0
0
0
0
0
0
0
0
0
0
0
0
0
0
0
0
0
0
0
0
0
0
0
0
0
0
0
0
0
0
0
0
0
0
0
0
0
0
0
0
0
0
0
0
0
0
0
0
0
0
0
0
0
0
0
0
0
0
0
0
0
0
0
0
0
0
0
0
0
0
0
0
0
0
0
0
0
0
0
0
0
0
0
0
0
0
0
0
0
0
0
0
0
0
0
0
0
0
0
0
0
0
0
0
0
0
0
0
0
0
0
0
0
0
0
0
0
0
0
0
0
0
0
0
0
0
0
0
0
0
0
0
0
0
0
0
0
0
0
0
0
0
0
0
0
0
0
0
0
0
0
0
0
0
0
0
0
0
0
0
0
0
0
0
0
0
0
0
0
0
0
0
0
0
0
0
0
0
0
0
0
0
0
0
0
0
0
0
0
0
0
0
0
0
0
0
0
0
0
0
0
0
0
0
0
0
0
0
0
0
0
0
0
0
0
0
0
0
0
0
0
0
0
0
0
0
0
0
0
0
0
0
0
0
0
0
0
0
0
0
0
0
0
0
0
0
0
0
0
0
0
0
0
0
0
0
0
0
0
0
0
0
0
0
0
0
0
0
0
0
0
0
0
0
0
0
0
0
0
0
0
0
0
0
0
0
0
0
0
0
0
0
0
0
0
0
0
0
0
0
0
0
0
0
0
0
0
0
0
0
0
0
0
0
0
0
0
0
0
0
0
0
0
0
0
0
0
0
0
0
0
0
0
0
0
0
0
0
0
0
0
0
0
0
0
0
0
0
0
0
0
0
0
0
0
0
0
0
0
0
0
0
0
0
0
0
0
0
0
0
0
0
0
0
0
0
0
0
0
0
0
0
0
0
0
0
0
0
0
0
0
0
0
0
0
0
0
0
0
0
0
0
0
0
0
0
0
0
0
0
0
0
0
0
0
0
0
0
0
0
0
0
0
0
0
0
0
0
0
0
0
0
0
0
0
0
0
0
0
0
0
0
0
0
0
0
0
0
0
0
0
0
0
0
0
0
0
0
0
0
0
0
0
0
0
0
0
0
0
0
0
0
0
0
0
0
0
0
0
0
0
0
0
0
0
0
0
0
0
0
0
0
0
0
0
0
0
0
0
0
0
0
0
0
0
0
0
0
0
0
0
0
0
0
0
0
0
0
0
0
0
0
0
0
0
0
0
0
0
0
0
0
0
0
0
0
0
0
0
0
0
0
0
0
0
0
0
0
0
0
0
0
0
0
0
0
0
0
0
0
0
0
0
0
0
0
0
0
0
0
0
0
0
0
0
0
0
0
0
0
0
0
0
0
0
0
0
0
0
0
0
0
0
0
0
0
0
0
0
0
0
0
0
0
0
0
0
0
0
0
0
0
0
0
0
0
0
0
0
0
0
0
0
0
0
0
0
0
0
0
0
0
0
0
0
0
0
0
0
0
0
0
0
0
0
0
0
0
0
0
0
0
0
0
0
0
0
0
0
0
0
0
0
0
0
0
0
0
0
0
0
0
0
0
0
0
0
0
0
0
0
0
0
0
0
0
0
0
0
0
0
0
0
0
0
0
0
0
0
0
0
0
0
0
0
0
0
0
0
0
0
0
0
0
0
0
0
0
0
0
0
0
0
0
0
0
0
0
0
0
0
0
0
0
0
0
0
0
0
0
0
0
0
0
0
0
0
0
0
0
0
0
0
0
0
0
0
0
0
0
0
0
0
0
0
0
0
0
0
0
0
0
0
0
0
0
0
0
0
0
0
0
0
0
0
0
0
0
0
0
0
0
0
0
0
0
0
0
0
0
0
0
0
0
0
0
0
0
0
0
0
0
0
0
0
0
0
0
0
0
0
0
0
0
0
0
0
0
0
0
0
0
0
0
0
0
0
0
0
0
0
0
0
0
0
0
0
0
0
0
0
0
0
0
0
0
0
0
0
0
0
0
0
0
0
0
0
0
0
0
0
0
0
0
0
0
0
0
0
0
0
0
0
0
0
0
0
0
0
0
0
0
0
0
0
0
0
0
0
0
0
0
0
0
0
0
0
0
0
0
0
0
0
0
0
0
0
0
0
0
0
0
0
0
0
0
0
0
0
0
0
0
0
0
0
0
0
0
0
0
0
0
0
0
0
0
0
0
0
0
0
0
0
0
0
0
0
0
0
0
0
0
0
0
0
0
0
0
0
0
0
0
0
0
0
0
0
0
0
0
0
0
0
0
0
0
0
0
0
0
0
0
0
0
0
0
0
0
0
0
0
0
0
0
0
0
0
0
0
0
0
0
0
0
0
0
0
0
0
0
0
0
0
0
0
0
0
0
0
0
0
0
0
0
0
0
0
0
0
0
0
0
0
0
0
0
0
0
0
0
0
0
0
0
0
0
0
0
0
0
0
0
0
0
0
0
0
0
0
0
0
0
0
0
0
0
0
0
0
0
0
0
0
0
0
0
0
0
0
0
0
0
0
0
0
0
0
0
0
0
0
0
0
0
0
0
0
0
0
0
0
0
0
0
0
0
0
0
0
0
0
0
0
0
0
0
0
0
0
0
0
0
0
0
0
0
0
0
0
0
0
0
0
0
0
0
0
0
0
0
0
0
0
0
0
0
0
0
0
0
0
0
0
0
0
0
0
0
0
0
0
0
0
0
0
0
0
0
0
0
0
0
0
0
0
0
0
0
0
0
0
0
0
0
0
0
0
0
0
0
0
0
0
0
0
0
0
0
0
0
0
0
0
0
0
0
0
0
0
0
0
0
0
0
0
0
0
0
0
0
0
0
0
0
0
0
0
0
0
0
0
0
0
0
0
0
0
0
0
0
0
0
0
0
0
0
0
0
0
0
0
0
0
0
0
0
0
0
0
0
0
0
0
0
0
0
0
0
0
0
0
0
0
0
0
0
0
0
0
0
0
0
0
0
0
0
0
0
0
0
0
0
0
0
0
0
0
0
0
0
0
0
0
0
0
0
0
0
0
0
0
0
0
0
0
0
0
0
0
0
0
0
0
0
0
0
0
0
0
0
0
0
0
0
0
0
0
0
0
0
0
0
0
0
0
0
0
0
0
0
0
0
0
0
0
0
0
0
0
0
0
0
0
0
0
0
0
0
0
0
0
0
0
0
0
0
0
0
0
0
0
0
0
0
0
0
0
0
0
0
0
0
0
0
0
0
0
0
0
0
0
0
0
0
0
0
0
0
0
0
0
0
0
0
0
0
0
0
0
0
0
0
0
0
0
0
0
0
0
0
0
0
0
0
0
0
0
0
0
0
0
0
0
0
0
0
0
0
0
0
0
0
0
0
0
0
0
0
0
0
0
0
0
0
0
0
0
0
0
0
0
0
0
0
0
0
0
0
0
0
0
0
0
0
0
0
0
0
0
0
0
0
0
0
0
0
0
0
0
0
0
0
0
0
0
0
0
0
0
0
0
0
0
0
0
0
0
0
0
0
0
0
0
0
0
0
0
0
0
0
0
0
0
0
0
0
0
0
0
0
0
0
0
0
0
0
0
0
0
0
0
0
0
0
0
0
0
0
0
0
0
0
0
0
0
0
0
0
0
0
0
0
0
0
0
0
0
0
0
0
0
0
0
0
0
0
0
0
0
0
0
0
0
0
0
0
0
0
0
0
0
0
0
0
0
0
0
0
0
0
0
0
0
0
0
0
0
0
0
0
0
0
0
0
0
0
0
0
0
0
0
0
0
0
0
0
0
0
0
0
0
0
0
0
0
0
0
0
0
0
0
0
0
0
0
0
0
0
0
0
0
0
0
0
0
0
0
0
0
0
0
0
0
0
0
0
0
0
0
0
0
0
0
0
0
0
0
0
0
0
0
0
0
0
0
0
0
0
0
0
0
0
0
0
0
0
0
0
0
0
0
0
0
0
0
0
0
0
0
0
0
0
0
0
0
0
0
0
0
0
0
0
0
0
0
0
0
0
0
0
0
0
0
0
0
0
0
0
0
0
0
0
0
0
0
0
0
0
0
0
0
0
0
0
0
0
0
0
0
0
0
0
0
0
0
0
0
0
0
0
0
0
0
0
0
0
0
0
0
0
0
0
0
0
0
0
0
0
0
0
0
0
0
0
0
0
0
0
0
0
0
0
0
0
0
0
0
0
0
0
0
0
0
0
0
0
0
0
0
0
0
0
0
0
0
0
0
0
0
0
0
0
0
0
0
0
0
0
0
0
0
0
0
0
0
0
0
0
0
0
0
0
0
0
0
0
0
0
0
0
0
0
0
0
0
0
0
0
0
0
0
0
0
0
0
0
0
0
0
0
0
0
0
0
0
0
0
0
0
0
0
0
0
0
0
0
0
0
0
0
0
0
0
0
0
0
0
0
0
0
0
0
0
0
0
0
0
0
0
0
0
0
0
0
0
0
0
0
0
0
0
0
0
0
0
0
0
0
0
0
0
0
0
0
0
0
0
0
0
0
0
0
0
0
0
0
0
0
0
0
0
0
0
0
0
0
0
0
0
0
0
0
0
0
0
0
0
0
0
0
0
0
0
0
0
0
0
0
0
0
0
0
0
0
0
0
0
0
0
0
0
0
0
0
0
0
0
0
0
0
0
0
0
0
0
0
0
0
0
0
0
0
0
0
0
0
0
0
0
0
0
0
0
0
0
0
0
0
0
0
0
0
0
0
0
0
0
0
0
0
0
0
0
0
0
0
0
0
0
0
0
0
0
0
0
0
0
0
0
0
0
0
0
0
0
0
0
0
0
0
0
0
0
0
0
0
0
0
0
0
0
0
0
0
0
0
0
0
0
0
0
0
0
0
0
0
0
0
0
0
0
0
0
0
0
0
0
0
0
0
0
0
0
0
0
0
0
0
0
0
0
0
0
0
0
0
0
0
0
0
0
0
0
0
0
0
0
0
0
0
0
0
0
0
0
0
0
0
0
0
0
0
0
0
0
0
0
0
0
0
0
0
0
0
0
0
0
0
0
0
0
0
0
0
0
0
0
0
0
0
0
0
0
0
0
0
0
0
0
0
0
0
0
0
0
0
0
0
0
0
0
0
0
0
0
0
0
0
0
0
0
0
0
0
0
0
0
0
0
0
0
0
0
0
0
0
0
0
0
0
0
0
0
0
0
0
0
0
0
0
0
0
0
0
0
0
0
0
0
0
0
0
0
0
0
0
0
0
0
0
0
0
0
0
0
0
0
0
0
0
0
0
0
0
0
0
0
0
0
0
0
0
0
0
0
0
0
0
0
0
0
0
0
0
0
0
0
0
0
0
0
0
0
0
0
0
0
0
0
0
0
0
0
0
0
0
0
0
0
0
0
0
0
0
0
0
0
0
0
0
0
0
0
0
0
0
0
0
0
0
0
0
0
0
0
0
0
0
0
0
0
0
0
0
0
0
0
0
0
0
0
0
0
0
0
0
0
0
0
0
0
0
0
0
0
0
0
0
0
0
0
0
0
0
0
0
0
0
0
0
0
0
0
0
0
0
0
0
0
0
0
0
0
0
0
0
0
0
0
0
0
0
0
0
0
0
0
0
0
0
0
0
0
0
0
0
0
0
0
0
0
0
0
0
0
0
0
0
0
0
0
0
0
0
0
0
0
0
0
0
0
0
0
0
0
0
0
0
0
0
0
0
0
0
0
0
0
0
0
0
0
0
0
0
0
0
0
0
0
0
0
0
0
0
0
0
0
0
0
0
0
0
0
0
0
0
0
0
0
0
0
0
0
0
0
0
0
0
0
0
0
0
0
0
0
0
0
0
0
0
0
0
0
0
0
0
0
0
0
0
0
0
0
0
0
0
0
0
0
0
0
0
0
0
0
0
0
0
0
0
0
0
0
0
0
0
0
0
0
0
0
0
0
0
0
0
0
0
0
0
0
0
0
0
0
0
0
0
0
0
0
0
0
0
0
0
0
0
0
0
0
0
0
0
0
0
0
0
0
0
0
0
0
0
0
0
0
0
0
0
0
0
0
0
0
0
0
0
0
0
0
0
0
0
0
0
0
0
0
0
0
0
0
0
0
0
0
0
0
0
0
0
0
0
0
0
0
0
0
0
0
0
0
0
0
0
0
0
0
0
0
0
0
0
0
0
0
0
0
0
0
0
0
0
0
0
0
0
0
0
0
0
0
0
0
0
0
0
0
0
0
0
0
0
0
0
0
0
0
0
0
0
0
0
0
0
0
0
0
0
0
0
0
0
0
0
0
0
0
0
0
0
0
0
0
0
0
0
0
0
0
0
0
0
0
0
0
0
0
0
0
0
0
0
0
0
0
0
0
0
0
0
0
0
0
0
0
0
0
0
0
0
0
0
0
0
0
0
0
0
0
0
0
0
0
0
0
0
0
0
0
0
0
0
0
0
0
0
0
0
0
0
0
0
0
0
0
0
0
0
0
0
0
0
0
0
0
0
0
0
0
0
0
0
0
0
0
0
0
0
0
0
0
0
0
0
0
0
0
0
0
0
0
0
0
0
0
0
0
0
0
0
0
0
0
0
0
0
0
0
0
0
0
0
0
0
0
0
0
0
0
0
0
0
0
0
0
0
0
0
0
0
0
0
0
0
0
0
0
0
0
0
0
0
0
0
0
0
0
0
0
0
0
0
0
0
0
0
0
0
0
0
0
0
0
0
0
0
0
0
0
0
0
0
0
0
0
0
0
0
0
0
0
0
0
0
0
0
0
0
0
0
0
0
0
0
0
0
0
0
0
0
0
0
0
0
0
0
0
0
0
0
0
0
0
0
0
0
0
0
0
0
0
0
0
0
0
0
0
0
0
0
0
0
0
0
0
0
0
0
0
0
0
0
0
0
0
0
0
0
0
0
0
0
0
0
0
0
0
0
0
0
0
0
0
0
0
0
0
0
0
0
0
0
0
0
0
0
0
0
0
0
0
0
0
0
0
0
0
0
0
0
0
0
0
0
0
0
0
0
0
0
0
0
0
0
0
0
0
0
0
0
0
0
0
0
0
0
0
0
0
0
0
0
0
0
0
0
0
0
0
0
0
0
0
0
0
0
0
0
0
0
0
0
0
0
0
0
0
0
0
0
0
0
0
0
0
0
0
0
0
0
0
0
0
0
0
0
0
0
0
0
0
0
0
0
0
0
0
0
0
0
0
0
0
0
0
0
0
0
0
0
0
0
0
0
0
0
0
0
0
0
0
0
0
0
0
0
0
0
0
0
0
0
0
0
0
0
0
0
0
0
0
0
0
0
0
0
0
0
0
0
0
0
0
0
0
0
0
0
0
0
0
0
0
0
0
0
0
0
0
0
0
0
0
0
0
0
0
0
0
0
0
0
0
0
0
0
0
0
0
0
0
0
0
0
0
0
0
0
0
0
0
0
0
0
0
0
0
0
0
0
0
0
0
0
0
0
0
0
0
0
0
0
0
0
0
0
0
0
0
0
0
0
0
0
0
0
0
0
0
0
0
0
0
0
0
0
0
0
0
0
0
0
0
0
0
0
0
0
0
0
0
0
0
0
0
0
0
0
0
0
0
0
0
0
0
0
0
0
0
0
0
0
0
0
0
0
0
0
0
0
0
0
0
0
0
0
0
0
0
0
0
0
0
0
0
0
0
0
0
0
0
0
0
0
0
0
0
0
0
0
0
0
0
0
0
0
0
0
0
0
0
0
0
0
0
0
0
0
0
0
0
0
0
0
0
0
0
0
0
0
0
0
0
0
0
0
0
0
0
0
0
0
0
0
0
0
0
0
0
0
0
0
0
0
0
0
0
0
0
0
0
0
0
0
0
0
0
0
0
0
0
0
0
0
0
0
0
0
0
0
0
0
0
0
0
0
0
0
0
0
0
0
0
0
0
0
0
0
0
0
0
0
0
0
0
0
0
0
0
0
0
0
0
0
0
0
0
0
0
0
0
0
0
0
0
0
0
0
0
0
0
0
0
0
0
0
0
0
0
0
0
0
0
0
0
0
0
0
0
0
0
0
0
0
0
0
0
0
0
0
0
0
0
0
0
0
0
0
0
0
0
0
0
0
0
0
0
0
0
0
0
0
0
0
0
0
0
0
0
0
0
0
0
0
0
0
0
0
0
0
0
0
0
0
0
0
0
0
0
0
0
0
0
0
0
0
0
0
0
0
0
0
0
0
0
0
0
0
0
0
0
0
0
0
0
0
0
0
0
0
0
0
0
0
0
0
0
0
0
0
0
0
0
0
0
0
0
0
0
0
0
0
0
0
0
0
0
0
0
0
0
0
0
0
0
0
0
0
0
0
0
0
0
0
0
0
0
0
0
0
0
0
0
0
0
0
0
0
0
0
0
0
0
0
0
0
0
0
0
0
0
0
0
0
0
0
0
0
0
0
0
0
0
0
0
0
0
0
0
0
0
0
0
0
0
0
0
0
0
0
0
0
0
0
0
0
0
0
0
0
0
0
0
0
0
0
0
0
0
0
0
0
0
0
0
0
0
0
0
0
0
0
0
0
0
0
0
0
0
0
0
0
0
0
0
0
0
0
0
0
0
0
0
0
0
0
0
0
0
0
0
0
0
0
0
0
0
0
0
0
0
0
0
0
0
0
0
0
0
0
0
0
0
0
0
0
0
0
0
0
0
0
0
0
0
0
0
0
0
0
0
0
0
0
0
0
0
0
0
0
0
0
0
0
0
0
0
0
0
0
0
0
0
0
0
0
0
0
0
0
0
0
0
0
0
0
0
0
0
0
0
0
0
0
0
0
0
0
0
0
0
0
0
0
0
0
0
0
0
0
0
0
0
0
0
0
0
0
0
0
0
0
0
0
0
0
0
0
0
0
0
0
0
0
0
0
0
0
0
0
0
0
0
0
0
0
0
0
0
0
0
0
0
0
0
0
0
0
0
0
0
0
0
0
0
0
0
0
0
0
0
0
0
0
0
0
0
0
0
0
0
0
0
0
0
0
0
0
0
0
0
0
0
0
0
0
0
0
0
0
0
0
0
0
0
0
0
0
0
0
0
0
0
0
0
0
0
0
0
0
0
0
0
0
0
0
0
0
0
0
0
0
0
0
0
0
0
0
0
0
0
0
0
0
0
0
0
0
0
0
0
0
0
0
0
0
0
0
0
0
0
0
0
0
0
0
0
0
0
0
0
0
0
0
0
0
0
0
0
0
0
0
0
0
0
0
0
0
0
0
0
0
0
0
0
0
0
0
0
0
0
0
0
0
0
0
0
0
0
0
0
0
0
0
0
0
0
0
0
0
0
0
0
0
0
0
0
0
0
0
0
0
0
0
0
0
0
0
0
0
0
0
0
0
0
0
0
0
0
0
0
0
0
0
0
0
0
0
0
0
0
0
0
0
0
0
0
0
0
0
0
0
0
0
0
0
0
0
0
0
0
0
0
0
0
0
0
0
0
0
0
0
0
0
0
0
0
0
0
0
0
0
0
0
0
0
0
0
0
0
0
0
0
0
0
0
0
0
0
0
0
0
0
0
0
0
0
0
0
0
0
0
0
0
0
0
0
0
0
0
0
0
0
0
0
0
0
0
0
0
0
0
0
0
0
0
0
0
0
0
0
0
0
0
0
0
0
0
0
0
0
0
0
0
0
0
0
0
0
0
0
0
0
0
0
0
0
0
0
0
0
0
0
0
0
0
0
0
0
0
0
0
0
0
0
0
0
0
0
0
0
0
0
0
0
0
0
0
0
0
0
0
0
0
0
0
0
0
0
0
0
0
0
0
0
0
0
0
0
0
0
0
0
0
0
0
0
0
0
0
0
0
0
0
0
0
0
0
0
0
0
0
0
0
0
0
0
0
0
0
0
0
0
0
0
0
0
0
0
0
0
0
0
0
0
0
0
0
0
0
0
0
0
0
0
0
0
0
0
0
0
0
0
0
0
0
0
0
0
0
0
0
0
0
0
0
0
0
0
0
0
0
0
0
0
0
0
0
0
0
0
0
0
0
0
0
0
0
0
0
0
0
0
0
0
0
0
0
0
0
0
0
0
0
0
0
0
0
0
0
0
0
0
0
0
0
0
0
0
0
0
0
0
0
0
0
0
0
0
0
0
0
0
0
0
0
0
0
0
0
0
0
0
0
0
0
0
0
0
0
0
0
0
0
0
0
0
0
0
0
0
0
0
0
0
0
0
0
0
0
0
0
0
0
0
0
0
0
0
0
0
0
0
0
0
0
0
0
0
0
0
0
0
0
0
0
0
0
0
0
0
0
0
0
0
0
0
0
0
0
0
0
0
0
0
0
0
0
0
0
0
0
0
0
0
0
0
0
0
0
0
0
0
0
0
0
0
0
0
0
0
0
0
0
0
0
0
0
0
0
0
0
0
0
0
0
0
0
0
0
0
0
0
0
0
0
0
0
0
0
0
0
0
0
0
0
0
0
0
0
0
0
0
0
0
0
0
0
0
0
0
0
0
0
0
0
0
0
0
0
0
0
0
0
0
0
0
0
0
0
0
0
0
0
0
0
0
0
0
0
0
0
0
0
0
0
0
0
0
0
0
0
0
0
0
0
0
0
0
0
0
0
0
0
0
0
0
0
0
0
0
0
0
0
0
0
0
0
0
0
0
0
0
0
0
0
0
0
0
0
0
0
0
0
0
0
0
0
0
0
0
0
0
0
0
0
0
0
0
0
0
0
0
0
0
0
0
0
0
0
0
0
0
0
0
0
0
0
0
0
0
0
0
0
0
0
0
0
0
0
0
0
0
0
0
0
0
0
0
0
0
0
0
0
0
0
0
0
0
0
0
0
0
0
0
0
0
0
0
0
0
0
0
0
0
0
0
0
0
0
0
0
0
0
0
0
0
0
0
0
0
0
0
0
0
0
0
0
0
0
0
0
0
0
0
0
0
0
0
0
0
0
0
0
0
0
0
0
0
0
0
0
0
0
0
0
0
0
0
0
0
0
0
0
0
0
0
0
0
0
0
0
0
0
0
0
0
0
0
0
0
0
0
0
0
0
0
0
0
0
0
0
0
0
0
0
0
0
0
0
0
0
0
0
0
0
0
0
0
0
0
0
0
0
0
0
0
0
0
0
0
0
0
0
0
0
0
0
0
0
0
0
0
0
0
0
0
0
0
0
0
0
0
0
0
0
0
0
0
0
0
0
0
0
0
0
0
0
0
0
0
0
0
0
0
0
0
0
0
0
0
0
0
0
0
0
0
0
0
0
0
0
0
0
0
0
0
0
0
0
0
0
0
0
0
0
0
0
0
0
0
0
0
0
0
0
0
0
0
0
0
0
0
0
0
0
0
0
0
0
0
0
0
0
0
0
0
0
0
0
0
0
0
0
0
0
0
0
0
0
0
0
0
0
0
0
0
0
0
0
0
0
0
0
0
0
0
0
0
0
0
0
0
0
0
0
0
0
0
0
0
0
0
0
0
0
0
0
0
0
0
0
0
0
0
0
0
0
0
0
0
0
0
0
0
0
0
0
0
0
0
0
0
0
0
0
0
0
0
0
0
0
0
0
0
0
0
0
0
0
0
0
0
0
0
0
0
0
0
0
0
0
0
0
0
0
0
0
0
0
0
0
0
0
0
0
0
0
0
0
0
0
0
0
0
0
0
0
0
0
0
0
0
0
0
0
0
0
0
0
0
0
0
0
0
0
0
0
0
0
0
0
0
0
0
0
0
0
0
0
0
0
0
0
0
0
0
0
0
0
0
0
0
0
0
0
0
0
0
0
0
0
0
0
0
0
0
0
0
0
0
0
0
0
0
0
0
0
0
0
0
0
0
0
0
0
0
0
0
0
0
0
0
0
0
0
0
0
0
0
0
0
0
0
0
0
0
0
0
0
0
0
0
0
0
0
0
0
0
0
0
0
0
0
0
0
0
0
0
0
0
0
0
0
0
0
0
0
0
0
0
0
0
0
0
0
0
0
0
0
0
0
0
0
0
0
0
0
0
0
0
0
0
0
0
0
0
0
0
0
0
0
0
0
0
0
0
0
0
0
0
0
0
0
0
0
0
0
0
0
0
0
0
0
0
0
0
0
0
0
0
0
0
0
0
0
0
0
0
0
0
0
0
0
0
0
0
0
0
0
0
0
0
0
0
0
0
0
0
0
0
0
0
0
0
0
0
0
0
0
0
0
0
0
0
0
0
0
0
0
0
0
0
0
0
0
0
0
0
0
0
0
0
0
0
0
0
0
0
0
0
0
0
0
0
0
0
0
0
0
0
0
0
0
0
0
0
0
0
0
0
0
0
0
0
0
0
0
0
0
0
0
0
0
0
0
0
0
0
0
0
0
0
0
0
0
0
0
0
0
0
0
0
0
0
0
0
0
0
0
0
0
0
0
0
0
0
0
0
0
0
0
0
0
0
0
0
0
0
0
0
0
0
0
0
0
0
0
0
0
0
0
0
0
0
0
0
0
0
0
0
0
0
0
0
0
0
0
0
0
0
0
0
0
0
0
0
0
0
0
0
0
0
0
0
0
0
0
0
0
0
0
0
0
0
0
0
0
0
0
0
0
0
0
0
0
0
0
0
0
0
0
0
0
0
0
0
0
0
0
0
0
0
0
0
0
0
0
0
0
0
0
0
0
0
0
0
0
0
0
0
0
0
0
0
0
0
0
0
0
0
0
0
0
0
0
0
0
0
0
0
0
0
0
0
0
0
0
0
0
0
0
0
0
0
0
0
0
0
0
0
0
0
0
0
0
0
0
0
0
0
0
0
0
0
0
0
0
0
0
0
0
0
0
0
0
0
0
0
0
0
0
0
0
0
0
0
0
0
0
0
0
0
0
0
0
0
0
0
0
0
0
0
0
0
0
0
0
0
0
0
0
0
0
0
0
0
0
0
0
0
0
0
0
0
0
0
0
0
0
0
0
0
0
0
0
0
0
0
0
0
0
0
0
0
0
0
0
0
0
0
0
0
0
0
0
0
0
0
0
0
0
0
0
0
0
0
0
0
0
0
0
0
0
0
0
0
0
0
0
0
0
0
0
0
0
0
0
0
0
0
0
0
0
0
0
0
0
0
0
0
0
0
0
0
0
0
0
0
0
0
0
0
0
0
0
0
0
0
0
0
0
0
0
0
0
0
0
0
0
0
0
0
0
0
0
0
0
0
0
0
0
0
0
0
0
0
0
0
0
0
0
0
0
0
0
0
0
0
0
0
0
0
0
0
0
0
0
0
0
0
0
0
0
0
0
0
0
0
0
0
0
0
0
0
0
0
0
0
0
0
0
0
0
0
0
0
0
0
0
0
0
0
0
0
0
0
0
0
0
0
0
0
0
0
0
0
0
0
0
0
0
0
0
0
0
0
0
0
0
0
0
0
0
0
0
0
0
0
0
0
0
0
0
0
0
0
0
0
0
0
0
0
0
0
0
0
0
0
0
0
0
0
0
0
0
0
0
0
0
0
0
0
0
0
0
0
0
0
0
0
0
0
0
0
0
0
0
0
0
0
0
0
0
0
0
0
0
0
0
0
0
0
0
0
0
0
0
0
0
0
0
0
0
0
0
0
0
0
0
0
0
0
0
0
0
0
0
0
0
0
0
0
0
0
0
0
0
0
0
0
0
0
0
0
0
0
0
0
0
0
0
0
0
0
0
0
0
0
0
0
0
0
0
0
0
0
0
0
0
0
0
0
0
0
0
0
0
0
0
0
0
0
0
0
0
0
0
0
0
0
0
0
0
0
0
0
0
0
0
0
0
0
0
0
0
0
0
0
0
0
0
0
0
0
0
0
0
0
0
0
0
0
0
0
0
0
0
0
0
0
0
0
0
0
0
0
0
0
0
0
0
0
0
0
0
0
0
0
0
0
0
0
0
0
0
0
0
0
0
0
0
0
0
0
0
0
0
0
0
0
0
0
0
0
0
0
0
0
0
0
0
0
0
0
0
0
0
0
0
0
0
0
0
0
0
0
0
0
0
0
0
0
0
0
0
0
0
0
0
0
0
0
0
0
0
0
0
0
0
0
0
0
0
0
0
0
0
0
0
0
0
0
0
0
0
0
0
0
0
0
0
0
0
0
0
0
0
0
0
0
0
0
0
0
0
0
0
0
0
0
0
0
0
0
0
0
0
0
0
0
0
0
0
0
0
0
0
0
0
0
0
0
0
0
0
0
0
0
0
0
0
0
0
0
0
0
0
0
0
0
0
0
0
0
0
0
0
0
0
0
0
0
0
0
0
0
0
0
0
0
0
0
0
0
0
0
0
0
0
0
0
0
0
0
0
0
0
0
0
0
0
0
0
0
0
0
0
0
0
0
0
0
0
0
0
0
0
0
0
0
0
0
0
0
0
0
0
0
0
0
0
0
0
0
0
0
0
0
0
0
0
0
0
0
0
0
0
0
0
0
0
0
0
0
0
0
0
0
0
0
0
0
0
0
0
0
0
0
0
0
0
0
0
0
0
0
0
0
0
0
0
