-109
689
-2674
-2827
-2649
-2948
-3009
-136
1050
-2793
-3713
-2857
-2679
-155
116
601
-118
719
540
-2171
-1927
-3013
-15531
-176
935
-886
-2214
-2672
-3193
-19736
203
925
-180
64
-1841
-1857
-2981
-2572
-2317
-237
578
-3923
-4210
-4506
-4610
120
5
907
-67
14
879
-2508
-987
-2221
-20170
-137
-1083
-1532
-3950
-3480
-3988
-14316
65
-864
-232
-212
-1954
-328
-2517
-1622
-1742
-290
347
-2692
-1199
-2164
-2672
-976
-89
428
58
108
482
-1159
-1724
-1589
-19856
-174
-652
-737
-2551
-3067
-2568
-19271
9
-548
-134
360
-2947
-497
-3090
-2133
-2272
-181
1034
-4526
-1311
-3273
-3763
-2033
-56
481
76
181
1030
-1778
-2244
-2169
-18476
-98
562
698
-3699
-4448
-4086
-14986
91
147
-24
1057
-2638
-812
-2715
-2669
-2538
-61
1258
-3615
-1209
-2862
-3311
-1677
45
1048
-8
357
-1
-2337
-1939
-2452
-17392
-195
800
-87
-3064
-4015
-3513
-17549
-15
270
-37
802
-2615
-1322
-2881
-2481
-3029
-128
337
-2105
-1033
-1623
-2285
-1455
-88
901
-68
-708
-621
-3326
-1451
-2916
-14714
-292
-1222
-457
-2347
-3689
-2295
-21231
-153
-213
-100
181
-1793
311
-1644
-1307
-1558
-158
376
-3013
-508
-2786
-2851
284
-268
1004
-47
-22
-579
-2275
-524
-1563
-16518
-215
670
-1673
-2417
-3442
-2403
-15841
-162
1370
1
-221
-1474
1941
-1050
-862
-1222
-122
411
-3347
545
-2950
-3443
327
-301
923
-125
-497
-1019
-1874
-1890
-1062
-19655
-209
-510
-2795
-2659
-4688
-3150
-15098
-88
-1332
180
-1246
-1300
-1377
-2427
-1958
-2020
232
-1173
-1908
-1422
-2971
-2637
-75
148
-722
-266
448
124
-1663
-1501
-2059
-19137
-343
762
-1517
-2115
-2808
-2153
-21513
-38
1095
-50
-1050
-1827
-1062
-2582
-2319
-2308
-22
-2506
-2985
-578
-4439
-3666
245
-1
-2201
-180
-567
177
-2632
-1157
-2163
-23728
-446
-1751
-2503
-2909
-2811
-3188
-25135
-130
-1249
-124
275
-1345
191
-2110
-2057
-1950
-189
-124
-4924
-357
-5397
-5209
952
-121
-279
56
2172
-555
-2596
-1709
-1839
-29993
-172
537
-4615
-4362
-5407
-5216
-21250
76
-9
10
635
-4612
-1249
-4419
-3655
-3725
3
571
-6923
-2934
-6722
-5399
884
-94
842
-40
1263
1524
-3897
-2092
-3641
-23295
-33
1539
-1043
-4541
-6225
-5801
-20510
25
509
19
310
-3563
256
-4014
-2768
-2842
-40
-31
-6389
-1487
-6220
-5968
-544
-41
1053
-63
-1002
1175
-3020
-2390
-2867
-24233
-38
-729
-602
-5153
-7223
-5108
-17306
-7
-877
-135
340
-1448
-177
-1359
-892
-1809
-255
-1013
-2400
-1096
-2976
-3444
68
-13
-58
35
-2145
-1202
-2861
-1718
-1767
-24532
-158
-2548
-2847
-3405
-4623
-2257
-23819
77
-2057
-64
1010
-225
-646
-5
-316
-1033
-146
-252
-2874
-2655
-3206
-3927
2435
-108
-378
-72
384
-1700
-2060
-708
-1054
-22225
-192
247
-4330
-3459
-4201
-2664
-15261
-60
589
67
793
-681
-330
-565
-1312
-1764
-97
263
-3726
-2654
-4239
-5398
1318
-139
-194
-144
-925
-1816
-2474
-1433
-1798
-25291
-148
-130
-4256
-4435
-6097
-4513
-15233
-114
-252
247
-432
-612
486
-1878
-462
-1697
105
282
-2538
-535
-3645
-3883
-2750
15
562
-244
-348
-1767
-1775
-2666
-1748
-21603
-353
-613
-2966
-2775
-4546
-3523
-14011
-63
274
185
-1
-1127
1380
-2625
399
-1103
29
960
-3174
1754
-3421
-3728
-2176
-149
535
-21
523
-1486
-903
-1896
-1044
-30163
-137
91
-3949
-3263
-3889
-3409
-24042
-52
63
288
897
-2280
1433
-4209
-1583
-2999
6
829
-4282
2186
-4425
-4568
-780
19
763
73
2926
-3966
-4451
-679
-2886
-20980
-192
1355
-7264
-4786
-5264
-4780
-17386
-59
398
304
890
-4089
-1461
-4527
-1345
-3267
39
-465
-6761
-3404
-6061
-4978
3373
-74
325
54
850
-356
-4877
-95
-3253
-24466
-112
238
-4896
-5482
-6016
-5175
-19929
-115
649
191
862
-2929
387
-3153
-570
-2264
-61
-510
-5734
-2304
-5466
-4688
3441
-73
-192
62
-1377
-187
-3483
-1603
-2279
-26428
-48
-1548
-4411
-4731
-6689
-4496
-20653
-123
-1609
108
622
-1562
1342
-867
-946
-1851
-259
88
-3345
-343
-4221
-3635
1897
-98
333
353
-347
-2177
-3013
-2455
-1855
-18863
-44
-804
-5335
-3664
-4572
-2700
-16523
-39
-1210
114
1044
-1821
-27
-268
-2087
-3100
-84
945
-3689
-3051
-5454
-4255
4933
-146
-40
54
1896
-3059
-3922
-3427
-2808
-23563
10
1767
-7417
-4470
-6153
-2941
-23005
-144
2219
148
1245
-945
-1748
-764
-2768
-2943
-43
971
-3626
-6087
-6416
-5739
5707
-203
-2
-128
-1305
-2309
-3589
-2186
-3017
-23100
-2
-397
-6876
-5261
-6262
-4842
-17216
-134
474
-10
-297
-91
-264
-1297
-76
-2006
10
360
-656
-1320
-2529
-2341
-2124
75
272
-173
1033
-3447
-1384
-2866
-1876
-19908
-110
853
-4394
-1302
-4134
-3081
-17074
89
1091
64
43
-908
-1024
-3567
-1352
-2984
-86
1813
-2727
-922
-4650
-3873
-2370
-63
1293
25
310
-3989
-2220
-1561
-2949
-17635
14
-116
-6061
-3390
-5167
-4592
-12223
19
-683
305
973
-3088
-1127
-4579
-1235
-3747
83
872
-3557
-299
-3189
-3170
-716
178
2026
29
1461
-3830
-4556
-107
-3795
-19039
42
-430
-4962
-3670
-4930
-2823
-23138
-80
-1356
282
-63
-3966
-2692
-4445
-1060
-3893
124
-1192
-5082
-3760
-3929
-3705
2869
81
-1201
164
560
-1141
-5685
21
-3931
-22224
-30
-924
-4087
-4387
-5618
-3316
-26246
-72
-457
247
-352
-1989
-643
-2373
-290
-2355
-123
-470
-4554
-2250
-4299
-4161
3586
-5
-1239
264
-1037
-1589
-3609
-927
-2307
-21296
-158
-931
-5181
-3748
-6277
-3344
-18204
-167
-99
96
-473
-2625
1685
-1112
-2364
-2857
-268
963
-5621
-955
-4922
-4819
4475
-148
771
362
1099
-3841
-3299
-2305
-2687
-20308
68
1495
-8578
-4824
-7175
-4334
-15891
-75
615
-44
-113
-4315
379
-3028
-4280
-3885
-215
1129
-7776
-5176
-8122
-6725
8777
-232
1582
0
1787
-3245
-3911
-2070
-3808
-30361
91
2900
-10729
-7387
-7911
-5730
-25473
-216
3396
-63
-635
-2714
-1126
-3360
-4892
-4507
-84
-257
-6991
-8188
-9049
-7915
10547
-264
207
-182
-1166
-2385
-4742
-2997
-4280
-17824
105
-1101
-10625
-8468
-9189
-7473
-10982
-4
-745
-59
-672
992
-764
-368
-1076
-2314
-30
-977
-878
-3037
-2687
-3519
24
82
-1527
-131
2026
-3917
-1794
-3415
-2146
-20791
-71
958
-6274
-2901
-4698
-4162
-15386
118
729
-81
-1121
-2138
-4017
-3761
-2167
-3814
-12
-1486
-1497
-3161
-3075
-1866
136
-88
-1329
68
738
-3625
-1901
-257
-3664
-18093
10
-87
-4302
-2332
-2380
-2249
-27171
130
-289
149
-653
-4527
-2729
-7325
-1292
-4953
-33
-1957
-6440
-2345
-6245
-4519
-205
-11
-617
37
1132
-3823
-4850
385
-4994
-14625
38
528
-6300
-6573
-4799
-5182
-13245
-78
161
160
742
-3509
1019
-4422
-1083
-3471
-49
421
-6370
362
-5632
-4930
716
-118
569
174
-1850
-3798
-4267
-941
-3532
-17900
7
-2181
-6914
-5312
-6701
-4380
-12406
-42
-1766
56
325
-3475
868
-479
-2734
-3393
-252
1987
-5477
-2215
-4390
-4799
5170
-64
1520
287
41
-4217
-4004
-2920
-3238
-26626
25
1566
-8289
-3936
-7496
-3620
-27051
-94
1763
13
1997
-5614
-605
-2579
-6699
-5435
-297
2884
-9806
-6828
-8097
-8496
8399
-278
2631
47
1577
-6412
-5222
-827
-5556
-15115
-67
3520
-12902
-7173
-8241
-7597
-8170
-155
5154
-155
161
-5544
-1017
-5372
-7566
-5959
-437
365
-15063
-11951
-12728
-14141
11908
-326
1393
12
-1209
-5082
-7521
384
-5853
-17583
47
-3348
-17248
-13293
-11894
-13251
11753
-114
-5161
-192
-1908
-4445
-296
-4442
-4864
-4612
-338
-1584
-8527
-7210
-7569
-7294
10366
-201
-353
-116
-928
-3698
-5310
57
-4253
-20215
149
-1745
-10858
-7261
-7844
-6925
-15778
18
-2648
124
-152
-2123
389
45
-2646
-3358
118
-41
-2118
-22
-892
-2823
-1695
-46
-11
-133
1587
-3775
-2594
-4828
-3282
-15337
-190
192
-3837
-2834
-4716
-2747
-20568
65
185
136
-625
-330
-2524
-1377
-1528
-2331
61
-774
-1825
-4461
-2059
-3693
842
-245
-132
156
196
-1964
-865
-2101
-2289
-20777
-156
-637
-3195
-3565
-5293
-2389
-19021
-10
314
127
-1249
-3015
-1539
-4474
-196
-2645
0
-1694
-5060
-1768
-3913
-3274
732
-204
-1383
290
1417
-2427
-786
-373
-2665
-22471
-19
721
-4403
-4866
-4595
-3932
-18306
-100
837
-38
-1707
-4882
1823
-4336
-2393
-3899
-113
-1431
-5876
1542
-5453
-3762
1624
-72
-1074
226
-409
-4535
-2824
-1938
-3865
-11840
43
-83
-6835
-4903
-5444
-3833
-14489
-53
1
-129
-142
-5359
3233
-5049
-5541
-5079
-243
1059
-9653
-2702
-9736
-8820
7278
-181
1346
160
880
-5870
-5301
-2619
-4802
-22747
66
2734
-13172
-9015
-10496
-7431
-14363
-58
2758
20
-1012
-5904
-2448
-6619
-7119
-5822
-137
-916
-9037
-8900
-11001
-8291
9726
-134
-375
-25
-316
-3307
-5251
-536
-5669
-15090
-16
-691
-10025
-8123
-8557
-7827
-10860
-90
-577
46
-1611
-5117
-3692
-4990
-5272
-4741
-199
-3445
-8851
-8980
-10358
-7402
9940
-212
-4765
90
-1366
-2692
-5166
1101
-4606
-24694
-84
-2856
-10248
-7445
-6625
-6703
-17060
-103
-3687
-147
-48
-4085
-1657
-2835
-3892
-3468
-343
848
-7153
-7379
-7151
-5972
9395
-223
794
-76
-349
-2375
-4240
932
-3420
-22223
-15
-308
-8478
-5488
-6281
-5372
-16323
-246
-2
31
-522
-2316
-585
578
-2115
-2629
36
-69
-2491
-624
-1476
-2719
-1997
-48
79
-187
662
-1360
-3040
-3922
-2637
-13065
-232
-15
-840
-2689
-4753
-1877
-15980
11
183
134
-748
-1819
-2872
839
-2109
-2437
-37
-339
-2494
-3696
-2131
-3463
299
-121
-780
-88
295
-1145
-2365
-2639
-2280
-19494
-383
70
-1809
-4005
-5385
-1364
-19486
-180
575
-10
-1542
-2821
-2640
-1957
-1394
-1851
-91
-600
-3753
-3473
-3708
-2713
1553
-203
-508
172
-128
47
-1540
328
-1712
-20098
-225
-866
-1599
-3531
-3437
-1394
-18481
-47
-80
-295
-1763
-3619
-2356
-1578
-2719
-3107
-270
-568
-4740
-4764
-4762
-3521
4596
-275
-736
248
361
-1878
-2712
-593
-2925
-19616
-73
540
-4653
-4398
-4838
-3236
-21039
-8
1457
-199
-1828
-4596
-1307
-4690
-6385
-5315
-342
-1190
-9926
-9358
-10459
-9667
10791
-167
-665
12
471
-4383
-5661
-621
-5266
-18413
-19
1592
-11768
-9643
-10603
-9043
-7280
-86
1691
-30
-1725
-3493
-1970
-4863
-4794
-4901
-186
-2193
-6379
-8228
-8906
-6889
9852
-151
-1940
-16
-1027
-4999
-5370
283
-4677
-19927
-125
-2160
-10616
-6529
-7905
-6092
-18020
15
-3143
-59
-963
-1590
-3776
-3772
-2342
-3709
-207
-796
-3959
-8747
-7288
-4270
8711
-263
-1353
44
594
-4261
-4633
1011
-3510
-24303
-90
1321
-10044
-4783
-4332
-4011
-24857
-42
1048
-282
-1275
-2356
-2767
-3239
-5206
-4362
-413
-757
-9416
-10311
-10579
-10523
8552
-302
-1362
-148
-261
-3004
-5751
467
-4128
-17401
-180
-43
-11075
-9825
-8635
-9788
3754
-252
-4
-111
-1252
-1550
-1449
-741
32
-1759
-176
-1308
-1635
-1629
-2378
-1761
-2132
-106
-870
-183
426
-832
-2336
-2093
-1646
-18260
-201
63
728
-2161
-4298
-1805
-18840
43
-253
-128
-1293
-804
-1901
1210
794
-1229
-252
-1128
-526
-1853
-1198
-862
-663
-229
-1133
-87
-99
-2558
-2358
-1467
-1068
-17227
-329
828
-1858
-2446
-3143
-1005
-18327
-90
1191
-207
-1018
-1663
-1828
-246
-934
-1572
-213
-818
-2116
-2971
-2822
-2636
575
-274
-997
12
-768
-1657
-2309
191
-1257
-17286
-249
-235
-2568
-3608
-2503
-1832
-15777
-51
-671
-172
-791
-2267
-2871
-241
-2579
-2293
-236
-685
-3706
-5332
-3947
-4311
2292
-276
-691
79
286
-1375
-2948
-394
-2123
-16718
-171
553
-2831
-4710
-4529
-3350
-12878
30
395
-95
-1568
-1751
-3515
-336
-3105
-3007
-169
-1228
-3226
-5511
-5541
-4670
3740
-156
-2245
-51
-43
-3813
-2938
-124
-2852
-15175
-160
219
-5783
-4436
-4608
-3923
-11829
-3
236
-108
-1242
-695
-2927
-999
-1329
-1984
-164
-1311
-1381
-4849
-4507
-3333
3270
-231
-1286
3
-860
-4206
-2496
1745
-1697
-21063
-266
-1148
-5923
-2950
-3023
-1999
-19546
-4
-1434
-154
-1444
-681
-3669
-1912
-1025
-2529
-172
-844
-1316
-5128
-4505
-2349
2970
-316
-367
-22
-145
-4391
-3258
2212
-2285
-16760
-202
306
-6650
-2949
-1973
-2137
-17563
-11
21
-197
-1162
-1499
-4704
-2916
-2646
-3156
-220
-1675
-1969
-5430
-4970
-4180
1981
-257
-2022
-225
-442
-4581
-3660
3970
-2923
-18690
-384
-17
-5718
-4444
-1702
-3964
-17533
-199
516
0
0
0
0
0
0
0
0
0
0
0
-2671
-2743
-3169
-2574
-2542
0
0
0
0
0
0
0
0
0
0
0
1601
-2084
-1708
-2639
-14079
0
0
0
0
0
0
0
0
0
0
0
-2284
-2086
-2541
-1720
-1908
0
0
0
0
0
0
0
0
0
0
0
1490
-1836
-667
-1723
-17045
0
0
0
0
0
0
0
0
0
0
0
-2223
-1182
-2431
-602
-1204
0
0
0
0
0
0
0
0
0
0
0
829
270
-1231
-1131
-18313
0
0
0
0
0
0
0
0
0
0
0
-2024
-1792
-2609
-1249
-1780
0
0
0
0
0
0
0
0
0
0
0
449
-435
-1954
-1866
-15725
0
0
0
0
0
0
0
0
0
0
0
-2595
-1946
-2472
-1314
-2280
0
0
0
0
0
0
0
0
0
0
0
168
-1366
-2005
-2196
-14655
0
0
0
0
0
0
0
0
0
0
0
-2462
-1952
-2304
-346
-2065
0
0
0
0
0
0
0
0
0
0
0
172
-1925
-1803
-1891
-15918
0
0
0
0
0
0
0
0
0
0
0
-1226
-429
-953
475
-762
0
0
0
0
0
0
0
0
0
0
0
155
-901
-1030
-652
-17103
0
0
0
0
0
0
0
0
0
0
0
-948
393
-758
-70
-799
0
0
0
0
0
0
0
0
0
0
0
-24
-1044
-1509
-701
-16565
0
0
0
0
0
0
0
0
0
0
0
-2102
-1749
-2717
-889
-1822
0
0
0
0
0
0
0
0
0
0
0
2059
-1521
-2451
-1767
-16472
0
0
0
0
0
0
0
0
0
0
0
-1869
-1694
-2588
570
-1363
0
0
0
0
0
0
0
0
0
0
0
1055
-1747
-1948
-1319
-23494
0
0
0
0
0
0
0
0
0
0
0
-1727
-1064
-2357
387
-1150
0
0
0
0
0
0
0
0
0
0
0
-20
-1209
-1183
-1104
-27165
0
0
0
0
0
0
0
0
0
0
0
-2972
-2223
-3866
-2036
-2885
0
0
0
0
0
0
0
0
0
0
0
678
-3054
-1535
-2831
-21120
0
0
0
0
0
0
0
0
0
0
0
-3300
-1862
-4028
-1295
-3056
0
0
0
0
0
0
0
0
0
0
0
802
-2537
-2909
-2840
-17049
0
0
0
0
0
0
0
0
0
0
0
-2663
-1564
-1885
1776
-2172
0
0
0
0
0
0
0
0
0
0
0
-1066
-2776
-2368
-1918
-21082
0
0
0
0
0
0
0
0
0
0
0
-1489
-1643
-1197
2632
-1863
0
0
0
0
0
0
0
0
0
0
0
-2153
-3565
-1598
-1731
-15431
0
0
0
0
0
0
0
0
0
0
0
-1154
-1389
-924
39
-1978
0
0
0
0
0
0
0
0
0
0
0
-1526
-2665
-2373
-1911
-18029
0
0
0
0
0
0
0
0
0
0
0
-1307
-940
-1920
1225
-1628
0
0
0
0
0
0
0
0
0
0
0
-384
-2149
-3116
-1705
-17161
0
0
0
0
0
0
0
0
0
0
0
-1800
-1464
-3396
2737
-1881
0
0
0
0
0
0
0
0
0
0
0
-2303
-1435
-3541
-2229
-19954
0
0
0
0
0
0
0
0
0
0
0
-2727
-658
-4086
1925
-2196
0
0
0
0
0
0
0
0
0
0
0
-3022
-4099
-233
-2349
-19126
0
0
0
0
0
0
0
0
0
0
0
-4573
-3802
-5613
1156
-4584
0
0
0
0
0
0
0
0
0
0
0
-2122
-7017
-1268
-4462
-13903
0
0
0
0
0
0
0
0
0
0
0
-3373
-1483
-4052
1858
-3239
0
0
0
0
0
0
0
0
0
0
0
-1672
-4552
-2944
-3061
-18059
0
0
0
0
0
0
0
0
0
0
0
-1910
87
-1457
1699
-1868
0
0
0
0
0
0
0
0
0
0
0
-2021
-3203
-2941
-1862
-16572
0
0
0
0
0
0
0
0
0
0
0
-2622
-544
-2338
-188
-3624
0
0
0
0
0
0
0
0
0
0
0
-3070
-5420
-3875
-3697
-16373
0
0
0
0
0
0
0
0
0
0
0
-1736
-1556
-1752
-1866
-3290
0
0
0
0
0
0
0
0
0
0
0
-1651
-4162
-3315
-3205
-16401
0
0
0
0
0
0
0
0
0
0
0
-1682
-944
-1504
602
-2131
0
0
0
0
0
0
0
0
0
0
0
-2373
-2158
-2797
-2191
-15327
0
0
0
0
0
0
0
0
0
0
0
-2109
-1001
-1890
1520
-1496
0
0
0
0
0
0
0
0
0
0
0
-2766
-2193
-1229
-1784
-20415
0
0
0
0
0
0
0
0
0
0
0
-3906
-2034
-4399
3461
-3019
0
0
0
0
0
0
0
0
0
0
0
-3345
-5193
-1304
-3099
-19345
0
0
0
0
0
0
0
0
0
0
0
-4705
-3681
-5455
2583
-4644
0
0
0
0
0
0
0
0
0
0
0
-2316
-8143
-1850
-4461
-15845
0
0
0
0
0
0
0
0
0
0
0
-3344
-2253
-3271
2837
-3275
0
0
0
0
0
0
0
0
0
0
0
-2670
-4943
-2648
-3138
-14291
0
0
0
0
0
0
0
0
0
0
0
-1898
986
-1274
-368
-2259
0
0
0
0
0
0
0
0
0
0
0
-3153
-2836
-2888
-2291
-20425
0
0
0
0
0
0
0
0
0
0
0
-4913
44
-4548
-4443
-5167
0
0
0
0
0
0
0
0
0
0
0
-3517
-4075
-3820
-5206
-19874
0
0
0
0
0
0
0
0
0
0
0
-3604
102
-3166
-4696
-3729
0
0
0
0
0
0
0
0
0
0
0
-699
-4399
-2317
-3571
-15676
0
0
0
0
0
0
0
0
0
0
0
-1223
-507
-472
-392
-1743
0
0
0
0
0
0
0
0
0
0
0
-1481
-2357
-2670
-1750
-19658
0
0
0
0
0
0
0
0
0
0
0
-3578
-2821
-2863
874
-2527
0
0
0
0
0
0
0
0
0
0
0
-2372
-2919
-475
-2563
-23051
0
0
0
0
0
0
0
0
0
0
0
-4759
-2914
-6066
2609
-3825
0
0
0
0
0
0
0
0
0
0
0
-3483
-4576
-1650
-3608
-17942
0
0
0
0
0
0
0
0
0
0
0
-3168
-372
-3683
2216
-2715
0
0
0
0
0
0
0
0
0
0
0
-3263
-3138
-2276
-2525
-19172
0
0
0
0
0
0
0
0
0
0
0
-3368
485
-1042
-266
-3551
0
0
0
0
0
0
0
0
0
0
0
-4429
-3901
-4280
-3633
-23466
0
0
0
0
0
0
0
0
0
0
0
-4195
804
-1817
-3787
-4085
0
0
0
0
0
0
0
0
0
0
0
-5821
-3446
-2216
-4117
-19902
0
0
0
0
0
0
0
0
0
0
0
-5166
682
-3389
-5339
-4071
0
0
0
0
0
0
0
0
0
0
0
-4105
-5417
1016
-3905
-20719
0
0
0
0
0
0
0
0
0
0
0
-3447
478
-4193
-3826
-3384
0
0
0
0
0
0
0
0
0
0
0
-2826
-4244
640
-3190
-21858
0
0
0
0
0
0
0
0
0
0
0
-2266
-59
-821
-1524
-2348
0
0
0
0
0
0
0
0
0
0
0
-468
-2519
-3922
-2266
-17898
0
0
0
0
0
0
0
0
0
0
0
-2898
-1942
-2003
822
-2099
0
0
0
0
0
0
0
0
0
0
0
-890
-2195
-2055
-1981
-19383
0
0
0
0
0
0
0
0
0
0
0
-3426
-3081
-5812
1763
-3412
0
0
0
0
0
0
0
0
0
0
0
-3639
-1391
-2678
-3228
-17303
0
0
0
0
0
0
0
0
0
0
0
-3392
-69
-5026
-199
-3550
0
0
0
0
0
0
0
0
0
0
0
-4705
-1353
-3424
-3377
-12320
0
0
0
0
0
0
0
0
0
0
0
-4719
1812
-5385
-3317
-5373
0
0
0
0
0
0
0
0
0
0
0
-5844
-4615
-3783
-5414
-16868
0
0
0
0
0
0
0
0
0
0
0
-3627
-727
-7071
-5161
-5385
0
0
0
0
0
0
0
0
0
0
0
-5291
-3821
-1783
-5511
-12975
0
0
0
0
0
0
0
0
0
0
0
-3804
-2387
-6235
-3237
-4599
0
0
0
0
0
0
0
0
0
0
0
-4271
-4441
-369
-4702
-22077
0
0
0
0
0
0
0
0
0
0
0
-3146
-1464
-3740
-3465
-3721
0
0
0
0
0
0
0
0
0
0
0
-3043
-4117
540
-3600
-17596
0
0
0
0
0
0
0
0
0
0
0
-2184
-1147
-1046
-234
-2218
0
0
0
0
0
0
0
0
0
0
0
-135
-2543
-4297
-2181
-12485
0
0
0
0
0
0
0
0
0
0
0
-2487
-1887
293
775
-1907
0
0
0
0
0
0
0
0
0
0
0
-461
-2790
-3274
-1829
-19150
0
0
0
0
0
0
0
0
0
0
0
-1597
-2270
-2832
279
-1737
0
0
0
0
0
0
0
0
0
0
0
-1091
-1846
-496
-1823
-18450
0
0
0
0
0
0
0
0
0
0
0
-2592
-2131
-2607
-1411
-2760
0
0
0
0
0
0
0
0
0
0
0
-2682
-2539
-846
-2815
-19226
0
0
0
0
0
0
0
0
0
0
0
-3920
-241
-4004
-4864
-4539
0
0
0
0
0
0
0
0
0
0
0
-4121
-4911
-562
-4356
-17236
0
0
0
0
0
0
0
0
0
0
0
-2527
74
-4659
-2984
-3708
0
0
0
0
0
0
0
0
0
0
0
-4178
-4941
19
-3686
-21470
0
0
0
0
0
0
0
0
0
0
0
-3692
-2614
-4760
-1942
-4470
0
0
0
0
0
0
0
0
0
0
0
-4466
-6114
987
-4597
-17353
0
0
0
0
0
0
0
0
0
0
0
-2794
-911
-2794
-3117
-2846
0
0
0
0
0
0
0
0
0
0
0
-1783
-5312
1584
-2629
-18674
0
0
0
0
0
0
0
0
0
0
0
-2023
-1395
-1633
685
-1645
0
0
0
0
0
0
0
0
0
0
0
23
-1364
-3432
-1663
-15426
0
0
0
0
0
0
0
0
0
0
0
-1734
-1752
531
1575
-1547
0
0
0
0
0
0
0
0
0
0
0
-1994
-2713
-2450
-1582
-14301
0
0
0
0
0
0
0
0
0
0
0
-1806
-1419
-572
-855
-1805
0
0
0
0
0
0
0
0
0
0
0
-1423
-3276
452
-1753
-14037
0
0
0
0
0
0
0
0
0
0
0
-2561
-1866
-357
-1608
-2068
0
0
0
0
0
0
0
0
0
0
0
-823
-3527
-130
-2025
-14800
0
0
0
0
0
0
0
0
0
0
0
-1754
-1933
-452
-1759
-2041
0
0
0
0
0
0
0
0
0
0
0
-2442
-3152
-7
-2096
-17131
0
0
0
0
0
0
0
0
0
0
0
-1871
-2250
-1145
-1373
-2346
0
0
0
0
0
0
0
0
0
0
0
-2994
-3496
1221
-2303
-16854
0
0
0
0
0
0
0
0
0
0
0
-2452
-2283
-1263
-1147
-2248
0
0
0
0
0
0
0
0
0
0
0
-2341
-3789
2149
-2149
-17052
0
0
0
0
0
0
0
0
0
0
0
-2575
-3017
-3270
-847
-2458
0
0
0
0
0
0
0
0
0
0
0
-2152
-4395
3016
-2236
-18693
0
0
0
0
0
0
0
0
0
0
0
0
0
0
0
0
0
0
0
0
0
0
0
0
0
0
0
0
0
0
0
0
0
0
0
0
0
0
0
0
0
0
0
0
0
0
0
0
0
0
0
0
0
0
0
0
0
0
0
0
0
0
0
0
0
0
0
0
0
0
0
0
0
0
0
0
0
0
0
0
0
0
0
0
0
0
0
0
0
0
0
0
0
0
0
0
0
0
0
0
0
0
0
0
0
0
0
0
0
0
0
0
0
0
0
0
0
0
0
0
0
0
0
0
0
0
0
0
0
0
0
0
0
0
0
0
0
0
0
0
0
0
0
0
0
0
0
0
0
0
0
0
0
0
0
0
0
0
0
0
0
0
0
0
0
0
0
0
0
0
0
0
0
0
0
0
0
0
0
0
0
0
0
0
0
0
0
0
0
0
0
0
0
0
0
0
0
0
0
0
0
0
0
0
0
0
0
0
0
0
0
0
0
0
0
0
0
0
0
0
0
0
0
0
0
0
0
0
0
0
0
0
0
0
0
0
0
0
0
0
0
0
0
0
0
0
0
0
0
0
0
0
0
0
0
0
0
0
0
0
0
0
0
0
0
0
0
0
0
0
0
0
0
0
0
0
0
0
0
0
0
0
0
0
0
0
0
0
0
0
0
0
0
0
0
0
0
0
0
0
0
0
0
0
0
0
0
0
0
0
0
0
0
0
0
0
0
0
0
0
0
0
0
0
0
0
0
0
0
0
0
0
0
0
0
0
0
0
0
0
0
0
0
0
0
0
0
0
0
0
0
0
0
0
0
0
0
0
0
0
0
0
0
0
0
0
0
0
0
0
0
0
0
0
0
0
0
0
0
0
0
0
0
0
0
0
0
0
0
0
0
0
0
0
0
0
0
0
0
0
0
0
0
0
0
0
0
0
0
0
0
0
0
0
0
0
0
0
0
0
0
0
0
0
0
0
0
0
0
0
0
0
0
0
0
0
0
0
0
0
0
0
0
0
0
0
0
0
0
0
0
0
0
0
0
0
0
0
0
0
0
0
0
0
0
0
0
0
0
0
0
0
0
0
0
0
0
0
0
0
0
0
0
0
0
0
0
0
0
0
0
0
0
0
0
0
0
0
0
0
0
0
0
0
0
0
0
0
0
0
0
0
0
0
0
0
0
0
0
0
0
0
0
0
0
0
0
0
0
0
0
0
0
0
0
0
0
0
0
0
0
0
0
0
0
0
0
0
0
0
0
0
0
0
0
0
0
0
0
0
0
0
0
0
0
0
0
0
0
0
0
0
0
0
0
0
0
0
0
0
0
0
0
0
0
0
0
0
0
0
0
0
0
0
0
0
0
0
0
0
0
0
0
0
0
0
0
0
0
0
0
0
0
0
0
0
0
0
0
0
0
0
0
0
0
0
0
0
0
0
0
0
0
0
0
0
0
0
0
0
0
0
0
0
0
0
0
0
0
0
0
0
0
0
0
0
0
0
0
0
0
0
0
0
0
0
0
0
0
0
0
0
0
0
0
0
0
0
0
0
0
0
0
0
0
0
0
0
0
0
0
0
0
0
0
0
0
0
0
0
0
0
0
0
0
0
0
0
0
0
0
0
0
0
0
0
0
0
0
0
0
0
0
0
0
0
0
0
0
0
0
0
0
0
0
0
0
0
0
0
0
0
0
0
0
0
0
0
0
0
0
0
0
0
0
0
0
0
0
0
0
0
0
0
0
0
0
0
0
0
0
0
0
0
0
0
0
0
0
0
0
0
0
0
0
0
0
0
0
0
0
0
0
0
0
0
0
0
0
0
0
0
0
0
0
0
0
0
0
0
0
0
0
0
0
0
0
0
0
0
0
0
0
0
0
0
0
0
0
0
0
0
0
0
0
0
0
0
0
0
0
0
0
0
0
0
0
0
0
0
0
0
0
0
0
0
0
0
0
0
0
0
0
0
0
0
0
0
0
0
0
0
0
0
0
0
0
0
0
0
0
0
0
0
0
0
0
0
0
0
0
0
0
0
0
0
0
0
0
0
0
0
0
0
0
0
0
0
0
0
0
0
0
0
0
0
0
0
0
0
0
0
0
0
0
0
0
0
0
0
0
0
0
0
0
0
0
0
0
0
0
0
0
0
0
0
0
0
0
0
0
0
0
0
0
0
0
0
0
0
0
0
0
0
0
0
0
0
0
0
0
0
0
0
0
0
0
0
0
0
0
0
0
0
0
0
0
0
0
0
0
0
0
0
0
0
0
0
0
0
0
0
0
0
0
0
0
0
0
0
0
0
0
0
0
0
0
0
0
0
0
0
0
0
0
0
0
0
0
0
0
0
0
0
0
0
0
0
0
0
0
0
0
0
0
0
0
0
0
0
0
0
0
0
0
0
0
0
0
0
0
0
0
0
0
0
0
0
0
0
0
0
0
0
0
0
0
0
0
0
0
0
0
0
0
0
0
0
0
0
0
0
0
0
0
0
0
0
0
0
0
0
0
0
0
0
0
0
0
0
0
0
0
0
0
0
0
0
0
0
0
0
0
0
0
0
0
0
0
0
0
0
0
0
0
0
0
0
0
0
0
0
0
0
0
0
0
0
0
0
0
0
0
0
0
0
0
0
0
0
0
0
0
0
0
0
0
0
0
0
0
0
0
0
0
0
0
0
0
0
0
0
0
0
0
0
0
0
0
0
0
0
0
0
0
0
0
0
0
0
0
0
0
0
0
0
0
0
0
0
0
0
0
0
0
0
0
0
0
0
0
0
0
0
0
0
0
0
0
0
0
0
0
0
0
0
0
0
0
0
0
0
0
0
0
0
0
0
0
0
0
0
0
0
0
0
0
0
0
0
0
0
0
0
0
0
0
0
0
0
0
0
0
0
0
0
0
0
0
0
0
0
0
0
0
0
0
0
0
0
0
0
0
0
0
0
0
0
0
0
0
0
0
0
0
0
0
0
0
0
0
0
0
0
0
0
0
0
0
0
0
0
0
0
0
0
0
0
0
0
0
0
0
0
0
0
0
0
0
0
0
0
0
0
0
0
0
0
0
0
0
0
0
0
0
0
0
0
0
0
0
0
0
0
0
0
0
0
0
0
0
0
0
0
0
0
0
0
0
0
0
0
0
0
0
0
0
0
0
0
0
0
0
0
0
0
0
0
0
0
0
0
0
0
0
0
0
0
0
0
0
0
0
0
0
0
0
0
0
0
0
0
0
0
0
0
0
0
0
0
0
0
0
0
0
0
0
0
0
0
0
0
0
0
0
0
0
0
0
0
0
0
0
0
0
0
0
0
0
0
0
0
0
0
0
0
0
0
0
0
0
0
0
0
0
0
0
0
0
0
0
0
0
0
0
0
0
0
0
0
0
0
0
0
0
0
0
0
0
0
0
0
0
0
0
0
0
0
0
0
0
0
0
0
0
0
0
0
0
0
0
0
0
0
0
0
0
0
0
0
0
0
0
0
0
0
0
0
0
0
0
0
0
0
0
0
0
0
0
0
0
0
0
0
0
0
0
0
0
0
0
0
0
0
0
0
0
0
0
0
0
0
0
0
0
0
0
0
0
0
0
0
0
0
0
0
0
0
0
0
0
0
0
0
0
0
0
0
0
0
0
0
0
0
0
0
0
0
0
0
0
0
0
0
0
0
0
0
0
0
0
0
0
0
0
0
0
0
0
0
0
0
0
0
0
0
0
0
0
0
0
0
0
0
0
0
0
0
0
0
0
0
0
0
0
0
0
0
0
0
0
0
0
0
0
0
0
0
0
0
0
0
0
0
0
0
0
0
0
0
0
0
0
0
0
0
0
0
0
0
0
0
0
0
0
0
0
0
0
0
0
0
0
0
0
0
0
0
0
0
0
0
0
0
0
0
0
0
0
0
0
0
0
0
0
0
0
0
0
0
0
0
0
0
0
0
0
0
0
0
0
0
0
0
0
0
0
0
0
0
0
0
0
0
0
0
0
0
0
0
0
0
0
0
0
0
0
0
0
0
0
0
0
0
0
0
0
0
0
0
0
0
0
0
0
0
0
0
0
0
0
0
0
0
0
0
0
0
0
0
0
0
0
0
0
0
0
0
0
0
0
0
0
0
0
0
0
0
0
0
0
0
0
0
0
0
0
0
0
0
0
0
0
0
0
0
0
0
0
0
0
0
0
0
0
0
0
0
0
0
0
0
0
0
0
0
0
0
0
0
0
0
0
0
0
0
0
0
0
0
0
0
0
0
0
0
0
0
0
0
0
0
0
0
0
0
0
0
0
0
0
0
0
0
0
0
0
0
0
0
0
0
0
0
0
0
0
0
0
0
0
0
0
0
0
0
0
0
0
0
0
0
0
0
0
0
0
0
0
0
0
0
0
0
0
0
0
0
0
0
0
0
0
0
0
0
0
0
0
0
0
0
0
0
0
0
0
0
0
0
0
0
0
0
0
0
0
0
0
0
0
0
0
0
0
0
0
0
0
0
0
0
0
0
0
0
0
0
0
0
0
0
0
0
0
0
0
0
0
0
0
0
0
0
0
0
0
0
0
0
0
0
0
0
0
0
0
0
0
0
0
0
0
0
0
0
0
0
0
0
0
0
0
0
0
0
0
0
0
0
0
0
0
0
0
0
0
0
0
0
0
0
0
0
0
0
0
0
0
0
0
0
0
0
0
0
0
0
0
0
0
0
0
0
0
0
0
0
0
0
0
0
0
0
0
0
0
0
0
0
0
0
0
0
0
0
0
0
0
0
0
0
0
0
0
0
0
0
0
0
0
0
0
0
0
0
0
0
0
0
0
0
0
0
0
0
0
0
0
0
0
0
0
0
0
0
0
0
0
0
0
0
0
0
0
0
0
0
0
0
0
0
0
0
0
0
0
0
0
0
0
0
0
0
0
0
0
0
0
0
0
0
0
0
0
0
0
0
0
0
0
0
0
0
0
0
0
0
0
0
0
0
0
0
0
0
0
0
0
0
0
0
0
0
0
0
0
0
0
0
0
0
0
0
0
0
0
0
0
0
0
0
0
0
0
0
0
0
0
0
0
0
0
0
0
0
0
0
0
0
0
0
0
0
0
0
0
0
0
0
0
0
0
0
0
0
0
0
0
0
0
0
0
0
0
0
0
0
0
0
0
0
0
0
0
0
0
0
0
0
0
0
0
0
0
0
0
0
0
0
0
0
0
0
0
0
0
0
0
0
0
0
0
0
0
0
0
0
0
0
0
0
0
0
0
0
0
0
0
0
0
0
0
0
0
0
0
0
0
0
0
0
0
0
0
0
0
0
0
0
0
0
0
0
0
0
0
0
0
0
0
0
0
0
0
0
0
0
0
0
0
0
0
0
0
0
0
0
0
0
0
0
0
0
0
0
0
0
0
0
0
0
0
0
0
0
0
0
0
0
0
0
0
0
0
0
0
0
0
0
0
0
0
0
0
0
0
0
0
0
0
0
0
0
0
0
0
0
0
0
0
0
0
0
0
0
0
0
0
0
0
0
0
0
0
0
0
0
0
0
0
0
0
0
0
0
0
0
0
0
0
0
0
0
0
0
0
0
0
0
0
0
0
0
0
0
0
0
0
0
0
0
0
0
0
0
0
0
0
0
0
0
0
0
0
0
0
0
0
0
0
0
0
0
0
0
0
0
0
0
0
0
0
0
0
0
0
0
0
0
0
0
0
0
0
0
0
0
0
0
0
0
0
0
0
0
0
0
0
0
0
0
0
0
0
0
0
0
0
0
0
0
0
0
0
0
0
0
0
0
0
0
0
0
0
0
0
0
0
0
0
0
0
0
0
0
0
0
0
0
0
0
0
0
0
0
0
0
0
0
0
0
0
0
0
0
0
0
0
0
0
0
0
0
0
0
0
0
0
0
0
0
0
0
0
0
0
0
0
0
0
0
0
0
0
0
0
0
0
0
0
0
0
0
0
0
0
0
0
0
0
0
0
0
0
0
0
0
0
0
0
0
0
0
0
0
0
0
0
0
0
0
0
0
0
0
0
0
0
0
0
0
0
0
0
0
0
0
0
0
0
0
0
0
0
0
0
0
0
0
0
0
0
0
0
0
0
0
0
0
0
0
0
0
0
0
0
0
0
0
0
0
0
0
0
0
0
0
0
0
0
0
0
0
0
0
0
0
0
0
0
0
0
0
0
0
0
0
0
0
0
0
0
0
0
0
0
0
0
0
0
0
0
0
0
0
0
0
0
0
0
0
0
0
0
0
0
0
0
0
0
0
0
0
0
0
0
0
0
0
0
0
0
0
0
0
0
0
0
0
0
0
0
0
0
0
0
0
0
0
0
0
0
0
0
0
0
0
0
0
0
0
0
0
0
0
0
0
0
0
0
0
0
0
0
0
0
0
0
0
0
0
0
0
0
0
0
0
0
0
0
0
0
0
0
0
0
0
0
0
0
0
0
0
0
0
0
0
0
0
0
0
0
0
0
0
0
0
0
0
0
0
0
0
0
0
0
0
0
0
0
0
0
0
0
0
0
0
0
0
0
0
0
0
0
0
0
0
0
0
0
0
0
0
0
0
0
0
0
0
0
0
0
0
0
0
0
0
0
0
0
0
0
0
0
0
0
0
0
0
0
0
0
0
0
0
0
0
0
0
0
0
0
0
0
0
0
0
0
0
0
0
0
0
0
0
0
0
0
0
0
0
0
0
0
0
0
0
0
0
0
0
0
0
0
0
0
0
0
0
0
0
0
0
0
0
0
0
0
0
0
0
0
0
0
0
0
0
0
0
0
0
0
0
0
0
0
0
0
0
0
0
0
0
0
0
0
0
0
0
0
0
0
0
0
0
0
0
0
0
0
0
0
0
0
0
0
0
0
0
0
0
0
0
0
0
0
0
0
0
0
0
0
0
0
0
0
0
0
0
0
0
0
0
0
0
0
0
0
0
0
0
0
0
0
0
0
0
0
0
0
0
0
0
0
0
0
0
0
0
0
0
0
0
0
0
0
0
0
0
0
0
0
0
0
0
0
0
0
0
0
0
0
0
0
0
0
0
0
0
0
0
0
0
0
0
0
0
0
0
0
0
0
0
0
0
0
0
0
0
0
0
0
0
0
0
0
0
0
0
0
0
0
0
0
0
0
0
0
0
0
0
0
0
0
0
0
0
0
0
0
0
0
0
0
0
0
0
0
0
0
0
0
0
0
0
0
0
0
0
0
0
0
0
0
0
0
0
0
0
0
0
0
0
0
0
0
0
0
0
0
0
0
0
0
0
0
0
0
0
0
0
0
0
0
0
0
0
0
0
0
0
0
0
0
0
0
0
0
0
0
0
0
0
0
0
0
0
0
0
0
0
0
0
0
0
0
0
0
0
0
0
0
0
0
0
0
0
0
0
0
0
0
0
0
0
0
0
0
0
0
0
0
0
0
0
0
0
0
0
0
0
0
0
0
0
0
0
0
0
0
0
0
0
0
0
0
0
0
0
0
0
0
0
0
0
0
0
0
0
0
0
0
0
0
0
0
0
0
0
0
0
0
0
0
0
0
0
0
0
0
0
0
0
0
0
0
0
0
0
0
0
0
0
0
0
0
0
0
0
0
0
0
0
0
0
0
0
0
0
0
0
0
0
0
0
0
0
0
0
0
0
0
0
0
0
0
0
0
0
0
0
0
0
0
0
0
0
0
0
0
0
0
0
0
0
0
0
0
0
0
0
0
0
0
0
0
0
0
0
0
0
0
0
0
0
0
0
0
0
0
0
0
0
0
0
0
0
0
0
0
0
0
0
0
0
0
0
0
0
0
0
0
0
0
0
0
0
0
0
0
0
0
0
0
0
0
0
0
0
0
0
0
0
0
0
0
0
0
0
0
0
0
0
0
0
0
0
0
0
0
0
0
0
0
0
0
0
0
0
0
0
0
0
0
0
0
0
0
0
0
0
0
0
0
0
0
0
0
0
0
0
0
0
0
0
0
0
0
0
0
0
0
0
0
0
0
0
0
0
0
0
0
0
0
0
0
0
0
0
0
0
0
0
0
0
0
0
0
0
0
0
0
0
0
0
0
0
0
0
0
0
0
0
0
0
0
0
0
0
0
0
0
0
0
0
0
0
0
0
0
0
0
0
0
0
0
0
0
0
0
0
0
0
0
0
0
0
0
0
0
0
0
0
0
0
0
0
0
0
0
0
0
0
0
0
0
0
0
0
0
0
0
0
0
0
0
0
0
0
0
0
0
0
0
0
0
0
0
0
0
0
0
0
0
0
0
0
0
0
0
0
0
0
0
0
0
0
0
0
0
0
0
0
0
0
0
0
0
0
0
0
0
0
0
0
0
0
0
0
0
0
0
0
0
0
0
0
0
0
0
0
0
0
0
0
0
0
0
0
0
0
0
0
0
0
0
0
0
0
0
0
0
0
0
0
0
0
0
0
0
0
0
0
0
0
0
0
0
0
0
0
0
0
0
0
0
0
0
0
0
0
0
0
0
0
0
0
0
0
0
0
0
0
0
0
0
0
0
0
0
0
0
0
0
0
0
0
0
0
0
0
0
0
0
0
0
0
0
0
0
0
0
0
0
0
0
0
0
0
0
0
0
0
0
0
0
0
0
0
0
0
0
0
0
0
0
0
0
0
0
0
0
0
0
0
0
0
0
0
0
0
0
0
0
0
0
0
0
0
0
0
0
0
0
0
0
0
0
0
0
0
0
0
0
0
0
0
0
0
0
0
0
0
0
0
0
0
0
0
0
0
0
0
0
0
0
0
0
0
0
0
0
0
0
0
0
0
0
0
0
0
0
0
0
0
0
0
0
0
0
0
0
0
0
0
0
0
0
0
0
0
0
0
0
0
0
0
0
0
0
0
0
0
0
0
0
0
0
0
0
0
0
0
0
0
0
0
0
0
0
0
0
0
0
0
0
0
0
0
0
0
0
0
0
0
0
0
0
0
0
0
0
0
0
0
0
0
0
0
0
0
0
0
0
0
0
0
0
0
0
0
0
0
0
0
0
0
0
0
0
0
0
0
0
0
0
0
0
0
0
0
0
0
0
0
0
0
0
0
0
0
0
0
0
0
0
0
0
0
0
0
0
0
0
0
0
0
0
0
0
0
0
0
0
0
0
0
0
0
0
0
0
0
0
0
0
0
0
0
0
0
0
0
0
0
0
0
0
0
0
0
0
0
0
0
0
0
0
0
0
0
0
0
0
0
0
0
0
0
0
0
0
0
0
0
0
0
0
0
0
0
0
0
0
0
0
0
0
0
0
0
0
0
0
0
0
0
0
0
0
0
0
0
0
0
0
0
0
0
0
0
0
0
0
0
0
0
0
0
0
0
0
0
0
0
0
0
0
0
0
0
0
0
0
0
0
0
0
0
0
0
0
0
0
0
0
0
0
0
0
0
0
0
0
0
0
0
0
0
0
0
0
0
0
0
0
0
0
0
0
0
0
0
0
0
0
0
0
0
0
0
0
0
0
0
0
0
0
0
0
0
0
0
0
0
0
0
0
0
0
0
0
0
0
0
0
0
0
0
0
0
0
0
0
0
0
0
0
0
0
0
0
0
0
0
0
0
0
0
0
0
0
0
0
0
0
0
0
0
0
0
0
0
0
0
0
0
0
0
0
0
0
0
0
0
0
0
0
0
0
0
0
0
0
0
0
0
0
0
0
0
0
0
0
0
0
0
0
0
0
0
0
0
0
0
0
0
0
0
0
0
0
0
0
0
0
0
0
0
0
0
0
0
0
0
0
0
0
0
0
0
0
0
0
0
0
0
0
0
0
0
0
0
0
0
0
0
0
0
0
0
0
0
0
0
0
0
0
0
0
0
0
0
0
0
0
0
0
0
0
0
0
0
0
0
0
0
0
0
0
0
0
0
0
0
0
0
0
0
0
0
0
0
0
0
0
0
0
0
0
0
0
0
0
0
0
0
0
0
0
0
0
0
0
0
0
0
0
0
0
0
0
0
0
0
0
0
0
0
0
0
0
0
0
0
0
0
0
0
0
0
0
0
0
0
0
0
0
0
0
0
0
0
0
0
0
0
0
0
0
0
0
0
0
0
0
0
0
0
0
0
0
0
0
0
0
0
0
0
0
0
0
0
0
0
0
0
0
0
0
0
0
0
0
0
0
0
0
0
0
0
0
0
0
0
0
0
0
0
0
0
0
0
0
0
0
0
0
0
0
0
0
0
0
0
0
0
0
0
0
0
0
0
0
0
0
0
0
0
0
0
0
0
0
0
0
0
0
0
0
0
0
0
0
0
0
0
0
0
0
0
0
0
0
0
0
0
0
0
0
0
0
0
0
0
0
0
0
0
0
0
0
0
0
0
0
0
0
0
0
0
0
0
0
0
0
0
0
0
0
0
0
0
0
0
0
0
0
0
0
0
0
0
0
0
0
0
0
0
0
0
0
0
0
0
0
0
0
0
0
0
0
0
0
0
0
0
0
0
0
0
0
0
0
0
0
0
0
0
0
0
0
0
0
0
0
0
0
0
0
0
0
0
0
0
0
0
0
0
0
0
0
0
0
0
0
0
0
0
0
0
0
0
0
0
0
0
0
0
0
0
0
0
0
0
0
0
0
0
0
0
0
0
0
0
0
0
0
0
0
0
0
0
0
0
0
0
0
0
0
0
0
0
0
0
0
0
0
0
0
0
0
0
0
0
0
0
0
0
0
0
0
0
0
0
0
0
0
0
0
0
0
0
0
0
0
0
0
0
0
0
0
0
0
0
0
0
0
0
0
0
0
0
0
0
0
0
0
0
0
0
0
0
0
0
0
0
0
0
0
0
0
0
0
0
0
0
0
0
0
0
0
0
0
0
0
0
0
0
0
0
0
0
0
0
0
0
0
0
0
0
0
0
0
0
0
0
0
0
0
0
0
0
0
0
0
0
0
0
0
0
0
0
0
0
0
0
0
0
0
0
0
0
0
0
0
0
0
0
0
0
0
0
0
0
0
0
0
0
0
0
0
0
0
0
0
0
0
0
0
0
0
0
0
0
0
0
0
0
0
0
0
0
0
0
0
0
0
0
0
0
0
0
0
0
0
0
0
0
0
0
0
0
0
0
0
0
0
0
0
0
0
0
0
0
0
0
0
0
0
0
0
0
0
0
0
0
0
0
0
0
0
0
0
0
0
0
0
0
0
0
0
0
0
0
0
0
0
0
0
0
0
0
0
0
0
0
0
0
0
0
0
0
0
0
0
0
0
0
0
0
0
0
0
0
0
0
0
0
0
0
0
0
0
0
0
0
0
0
0
0
0
0
0
0
0
0
0
0
0
0
0
0
0
0
0
0
0
0
0
0
0
0
0
0
0
0
0
0
0
0
0
0
0
0
0
0
0
0
0
0
0
0
0
0
0
0
0
0
0
0
0
0
0
0
0
0
0
0
0
0
0
0
0
0
0
0
0
0
0
0
0
0
0
0
0
0
0
0
0
0
0
0
0
0
0
0
0
0
0
0
0
0
0
0
0
0
0
0
0
0
0
0
0
0
0
0
0
0
0
0
0
0
0
0
0
0
0
0
0
0
0
0
0
0
0
0
0
0
0
0
0
0
0
0
0
0
0
0
0
0
0
0
0
0
0
0
0
0
0
0
0
0
0
0
0
0
0
0
0
0
0
0
0
0
0
0
0
0
0
0
0
0
0
0
0
0
0
0
0
0
0
0
0
0
0
0
0
0
0
0
0
0
0
0
0
0
0
0
0
0
0
0
0
0
0
0
0
0
0
0
0
0
0
0
0
0
0
0
0
0
0
0
0
0
0
0
0
0
0
0
0
0
0
0
0
0
0
0
0
0
0
0
0
0
0
0
0
0
0
0
0
0
0
0
0
0
0
0
0
0
0
0
0
0
0
0
0
0
0
0
0
0
0
0
0
0
0
0
0
0
0
0
0
0
0
0
0
0
0
0
0
0
0
0
0
0
0
0
0
0
0
0
0
0
0
0
0
0
0
0
0
0
0
0
0
0
0
0
0
0
0
0
0
0
0
0
0
0
0
0
0
0
0
0
0
0
0
0
0
0
0
0
0
0
0
0
0
0
0
0
0
0
0
0
0
0
0
0
0
0
0
0
0
0
0
0
0
0
0
0
0
0
0
0
0
0
0
0
0
0
0
0
0
0
0
0
0
0
0
0
0
0
0
0
0
0
0
0
0
0
0
0
0
0
0
0
0
0
0
0
0
0
0
0
0
0
0
0
0
0
0
0
0
0
0
0
0
0
0
0
0
0
0
0
0
0
0
0
0
0
0
0
0
0
0
0
0
0
0
0
0
0
0
0
0
0
0
0
0
0
0
0
0
0
0
0
0
0
0
0
0
0
0
0
0
0
0
0
0
0
0
0
0
0
0
0
0
0
0
0
0
0
0
0
0
0
0
0
0
0
0
0
0
0
0
0
0
0
0
0
0
0
0
0
0
0
0
0
0
0
0
0
0
0
0
0
0
0
0
0
0
0
0
0
0
0
0
0
0
0
0
0
0
0
0
0
0
0
0
0
0
0
0
0
0
0
0
0
0
0
0
0
0
0
0
0
0
0
0
0
0
0
0
0
0
0
0
0
0
0
0
0
0
0
0
0
0
0
0
0
0
0
0
0
0
0
0
0
0
0
0
0
0
0
0
0
0
0
0
0
0
0
0
0
0
0
0
0
0
0
0
0
0
0
0
0
0
0
0
0
0
0
0
0
0
0
0
0
0
0
0
0
0
0
0
0
0
0
0
0
0
0
0
0
0
0
0
0
0
0
0
0
0
0
0
0
0
0
0
0
0
0
0
0
0
0
0
0
0
0
0
0
0
0
0
0
0
0
0
0
0
0
0
0
0
0
0
0
0
0
0
0
0
0
0
0
0
0
0
0
0
0
0
0
0
0
0
0
0
0
0
0
0
0
0
0
0
0
0
0
0
0
0
0
0
0
0
0
0
0
0
0
0
0
0
0
0
0
0
0
0
0
0
0
0
0
0
0
0
0
0
0
0
0
0
0
0
0
0
0
0
0
0
0
0
0
0
0
0
0
0
0
0
0
0
0
0
0
0
0
0
0
0
0
0
0
0
0
0
0
0
0
0
0
0
0
0
0
0
0
0
0
0
0
0
0
0
0
0
0
0
0
0
0
0
0
0
0
0
0
0
0
0
0
0
0
0
0
0
0
0
0
0
0
0
0
0
0
0
0
0
0
0
0
0
0
0
0
0
0
0
0
0
0
0
0
0
0
0
0
0
0
0
0
0
0
0
0
0
0
0
0
0
0
0
0
0
0
0
0
0
0
0
0
0
0
0
0
0
0
0
0
0
0
0
0
0
0
0
0
0
0
0
0
0
0
0
0
0
0
0
0
0
0
0
0
0
0
0
0
0
0
0
0
0
0
0
0
0
0
0
0
0
0
0
0
0
0
0
0
0
0
0
0
0
0
0
0
0
0
0
0
0
0
0
0
0
0
0
0
0
0
0
0
0
0
0
0
0
0
0
0
0
0
0
0
0
0
0
0
0
0
0
0
0
0
0
0
0
0
0
0
0
0
0
0
0
0
0
0
0
0
0
0
0
0
0
0
0
0
0
0
0
0
0
0
0
0
0
0
0
0
0
0
0
0
0
0
0
0
0
0
0
0
0
0
0
0
0
0
0
0
0
0
0
0
0
0
0
0
0
0
0
0
0
0
0
0
0
0
0
0
0
0
0
0
0
0
0
0
0
0
0
0
0
0
0
0
0
0
0
0
0
0
0
0
0
0
0
0
0
0
0
0
0
0
0
0
0
0
0
0
0
0
0
0
0
0
0
0
0
0
0
0
0
0
0
0
0
0
0
0
0
0
0
0
0
0
0
0
0
0
0
0
0
0
0
0
0
0
0
0
0
0
0
0
0
0
0
0
0
0
0
0
0
0
0
0
0
0
0
0
0
0
0
0
0
0
0
0
0
0
0
0
0
0
0
0
0
0
0
0
0
0
0
0
0
0
0
0
0
0
0
0
0
0
0
0
0
0
0
0
0
0
0
0
0
0
0
0
0
0
0
0
0
0
0
0
0
0
0
0
0
0
0
0
0
0
0
0
0
0
0
0
0
0
0
0
0
0
0
0
0
0
0
0
0
0
0
0
0
0
0
0
0
0
0
0
0
0
0
0
0
0
0
0
0
0
0
0
0
0
0
0
0
0
0
0
0
0
0
0
0
0
0
0
0
0
0
0
0
0
0
0
0
0
0
0
0
0
0
0
0
0
0
0
0
0
0
0
0
0
0
0
0
0
0
0
0
0
0
0
0
0
0
0
0
0
0
0
0
0
0
0
0
0
0
0
0
0
0
0
0
0
0
0
0
0
0
0
0
0
0
0
0
0
0
0
0
0
0
0
0
0
0
0
0
0
0
0
0
0
0
0
0
0
0
0
0
0
0
0
0
0
0
0
0
0
0
0
0
0
0
0
0
0
0
0
0
0
0
0
0
0
0
0
0
0
0
0
0
0
0
0
0
0
0
0
0
0
0
0
0
0
0
0
0
0
0
0
0
0
0
0
0
0
0
0
0
0
0
0
0
0
0
0
0
0
0
0
0
0
0
0
0
0
0
0
0
0
0
0
0
0
0
0
0
0
0
0
0
0
0
0
0
0
0
0
0
0
0
0
0
0
0
0
0
0
0
0
0
0
0
0
0
0
0
0
0
0
0
0
0
0
0
0
0
0
0
0
0
0
0
0
0
0
0
0
0
0
0
0
0
0
0
0
0
0
0
0
0
0
0
0
0
0
0
0
0
0
0
0
0
0
0
0
0
0
0
0
0
0
0
0
0
0
0
0
0
0
0
0
0
0
0
0
0
0
0
0
0
0
0
0
0
0
0
0
0
0
0
0
0
0
0
0
0
0
0
0
0
0
0
0
0
0
0
0
0
0
0
0
0
0
0
0
0
0
0
0
0
0
0
0
0
0
0
0
0
0
0
0
0
0
0
0
0
0
0
0
0
0
0
0
0
0
0
0
0
0
0
0
0
0
0
0
0
0
0
0
0
0
0
0
0
0
0
0
0
0
0
0
0
0
0
0
0
0
0
0
0
0
0
0
0
0
0
0
0
0
0
0
0
0
0
0
0
0
0
0
0
0
0
0
0
0
0
0
0
0
0
0
0
0
0
0
0
0
0
0
0
0
0
0
0
0
0
0
0
0
0
0
0
0
0
0
0
0
0
0
0
0
0
0
0
0
0
0
0
0
0
0
0
0
0
0
0
0
0
0
0
0
0
0
0
0
0
0
0
0
0
0
0
0
0
0
0
0
0
0
0
0
0
0
0
0
0
0
0
0
0
0
0
0
0
0
0
0
0
0
0
0
0
0
0
0
0
0
0
0
0
0
0
0
0
0
0
0
0
0
0
0
0
0
0
0
0
0
0
0
0
0
0
0
0
0
0
0
0
0
0
0
0
0
0
0
0
0
0
0
0
0
0
0
0
0
0
0
0
0
0
0
0
0
0
0
0
0
0
0
0
0
0
0
0
0
0
0
0
0
0
0
0
0
0
0
0
0
0
0
0
0
0
0
0
0
0
0
0
0
0
0
0
0
0
0
0
0
0
0
0
0
0
0
0
0
0
0
0
0
0
0
0
0
0
0
0
0
0
0
0
0
0
0
0
0
0
0
0
0
0
0
0
0
0
0
0
0
0
0
0
0
0
0
0
0
0
0
0
0
0
0
0
0
0
0
0
0
0
0
0
0
0
0
0
0
0
0
0
0
0
0
0
0
0
0
0
0
0
0
0
0
0
0
0
0
0
0
0
0
0
0
0
0
0
0
0
0
0
0
0
0
0
0
0
0
0
0
0
0
0
0
0
0
0
0
0
0
0
0
0
0
0
0
0
0
0
0
0
0
0
0
0
0
0
0
0
0
0
0
0
0
0
0
0
0
0
0
0
0
0
0
0
0
0
0
0
0
0
0
0
0
0
0
0
0
0
0
0
0
0
0
0
0
0
0
0
0
0
0
0
0
0
0
0
0
0
0
0
0
0
0
0
0
0
0
0
0
0
0
0
0
0
0
0
0
0
0
0
0
0
0
0
0
0
0
0
0
0
0
0
0
0
0
0
0
0
0
0
0
0
0
0
0
0
0
0
0
0
0
0
0
0
0
0
0
0
0
0
0
0
0
0
0
0
0
0
0
0
0
0
0
0
0
0
0
0
0
0
0
0
0
0
0
0
0
0
0
0
0
0
0
0
0
0
0
0
0
0
0
0
0
0
0
0
0
0
0
0
0
0
0
0
0
0
0
0
0
0
0
0
0
0
0
0
0
0
0
0
0
0
0
0
0
0
0
0
0
0
0
0
0
0
0
0
0
0
0
0
0
0
0
0
0
0
0
0
0
0
0
0
0
0
0
0
0
0
0
0
0
0
0
0
0
0
0
0
0
0
0
0
0
0
0
0
0
0
0
0
0
0
0
0
0
0
0
0
0
0
0
0
0
0
0
0
0
0
0
0
0
0
0
0
0
0
0
0
0
0
0
0
0
0
0
0
0
0
0
0
0
0
0
0
0
0
0
0
0
0
0
0
0
0
0
0
0
0
0
0
0
0
0
0
0
0
0
0
0
0
0
0
0
0
0
0
0
0
0
0
0
0
0
0
0
0
0
0
0
0
0
0
0
0
0
0
0
0
0
0
0
0
0
0
0
0
0
0
0
0
0
0
0
0
0
0
0
0
0
0
0
0
0
0
0
0
0
0
0
0
0
0
0
0
0
0
0
0
0
0
0
0
0
0
0
0
0
0
0
0
0
0
0
0
0
0
0
0
0
0
0
0
0
0
0
0
0
0
0
0
0
0
0
0
0
0
0
0
0
0
0
0
0
0
0
0
0
0
0
0
0
0
0
0
0
0
0
0
0
0
0
0
0
0
0
0
0
0
0
0
0
0
0
0
0
0
0
0
0
0
0
0
0
0
0
0
0
0
0
0
0
0
0
0
0
0
0
0
0
0
0
0
0
0
0
0
0
0
0
0
0
0
0
0
0
0
0
0
0
0
0
0
0
0
0
0
0
0
0
0
0
0
0
0
0
0
0
0
0
0
0
0
0
0
0
0
0
0
0
0
0
0
0
0
0
0
0
0
0
0
0
0
0
0
0
0
0
0
0
0
0
0
0
0
0
0
0
0
0
0
0
0
0
0
0
0
0
0
0
0
0
0
0
0
0
0
0
0
0
0
0
0
0
0
0
0
0
0
0
0
0
0
0
0
0
0
0
0
0
0
0
0
0
0
0
0
0
0
0
0
0
0
0
0
0
0
0
0
0
0
0
0
0
0
0
0
0
0
0
0
0
0
0
0
0
0
0
0
0
0
0
0
0
0
0
0
0
0
0
0
0
0
0
0
0
0
0
0
0
0
0
0
0
0
0
0
0
0
0
0
0
0
0
0
0
0
0
0
0
0
0
0
0
0
0
0
0
0
0
0
0
0
0
0
0
0
0
0
0
0
0
0
0
0
0
0
0
0
0
0
0
0
0
0
0
0
0
0
0
0
0
0
0
0
0
0
0
0
0
0
0
0
0
0
0
0
0
0
0
0
0
0
0
0
0
0
0
0
0
0
0
0
0
0
0
0
0
0
0
0
0
0
0
0
0
0
0
0
0
0
0
0
0
0
0
0
0
0
0
0
0
0
0
0
0
0
0
0
0
0
0
0
0
0
0
0
0
0
0
0
0
0
0
0
0
0
0
0
0
0
0
0
0
0
0
0
0
0
0
0
0
0
0
0
0
0
0
0
0
0
0
0
0
0
0
0
0
0
0
0
0
0
0
0
0
0
0
0
0
0
0
0
0
0
0
0
0
0
0
0
0
0
0
0
0
0
0
0
0
0
0
0
0
0
0
0
0
0
0
0
0
0
0
0
0
0
0
0
0
0
0
0
0
0
0
0
0
0
0
0
0
0
0
0
0
0
0
0
0
0
0
0
0
0
0
0
0
0
0
0
0
0
0
0
0
0
0
0
0
0
0
0
0
0
0
0
0
0
0
0
0
0
0
0
0
0
0
0
0
0
0
0
0
0
0
0
0
0
0
0
0
0
0
0
0
0
0
0
0
0
0
0
0
0
0
0
0
0
0
0
0
0
0
0
0
0
0
0
0
0
0
0
0
0
0
0
0
0
0
0
0
0
0
0
0
0
0
0
0
0
0
0
0
0
0
0
0
0
0
0
0
0
0
0
0
0
0
0
0
0
0
0
0
0
0
0
0
0
0
0
0
0
0
0
0
0
0
0
0
0
0
0
0
0
0
0
0
0
0
0
0
0
0
0
0
0
0
0
0
0
0
0
0
0
0
0
0
0
0
0
0
0
0
0
0
0
0
0
0
0
0
0
0
0
0
0
0
0
0
0
0
0
0
0
0
0
0
0
0
0
0
0
0
0
0
0
0
0
0
0
0
0
0
0
0
0
0
0
0
0
0
0
0
0
0
0
0
0
0
0
0
0
0
0
0
0
0
0
0
0
0
0
0
0
0
0
0
0
0
0
0
0
0
0
0
0
0
0
0
0
0
0
0
0
0
0
0
0
0
0
0
0
0
0
0
0
0
0
0
0
0
0
0
0
0
0
0
0
0
0
0
0
0
0
0
0
0
0
0
0
0
0
0
0
0
0
0
0
0
0
0
0
0
0
0
0
0
0
0
0
0
0
0
0
0
0
0
0
0
0
0
0
0
0
0
0
0
0
0
0
0
0
0
0
0
0
0
0
0
0
0
0
0
0
0
0
0
0
0
0
0
0
0
0
0
0
0
0
0
0
0
0
0
0
0
0
0
0
0
0
0
0
0
0
0
0
0
0
0
0
0
0
0
0
0
0
0
0
0
0
0
0
0
0
0
0
0
0
0
0
0
0
0
0
0
0
0
0
0
0
0
0
0
0
0
0
0
0
0
0
0
0
0
0
0
0
0
0
0
0
0
0
0
0
0
0
0
0
0
0
0
0
0
0
0
0
0
0
0
0
0
0
0
0
0
0
0
0
0
0
0
0
0
0
0
0
0
0
0
0
0
0
0
0
0
0
0
0
0
0
0
0
0
0
0
0
0
0
0
0
0
0
0
0
0
0
0
0
0
0
0
0
0
0
0
0
0
0
0
0
0
0
0
0
0
0
0
0
0
0
0
0
0
0
0
0
0
0
0
0
0
0
0
0
0
0
0
0
0
0
0
0
0
0
0
0
0
0
0
0
0
0
0
0
0
0
0
0
0
0
0
0
0
0
0
0
0
0
0
0
0
0
0
0
0
0
0
0
0
0
0
0
0
0
0
0
0
0
0
0
0
0
0
0
0
0
0
0
0
0
0
0
0
0
0
0
0
0
0
0
0
0
0
0
0
0
0
0
0
0
0
0
0
0
0
0
0
0
0
0
0
0
0
0
0
0
0
0
0
0
0
0
0
0
0
0
0
0
0
0
0
0
0
0
0
0
0
0
0
0
0
0
0
0
0
0
0
0
0
0
0
0
0
0
0
0
0
0
0
0
0
0
0
0
0
0
0
0
0
0
0
0
0
0
0
0
0
0
0
0
0
0
0
0
0
0
0
0
0
0
0
0
0
0
0
0
0
0
0
0
0
0
0
0
0
0
0
0
0
0
0
0
0
0
0
0
0
0
0
0
0
0
0
0
0
0
0
0
0
0
0
0
0
0
0
0
0
0
0
0
0
0
0
0
0
0
0
0
0
0
0
0
0
0
0
0
0
0
0
0
0
0
0
0
0
0
0
0
0
0
0
0
0
0
0
0
0
0
0
0
0
0
0
0
0
0
0
0
0
0
0
0
0
0
0
0
0
0
0
0
0
0
0
0
0
0
0
0
0
0
0
0
0
0
0
0
0
0
0
0
0
0
0
0
0
0
0
0
0
0
0
0
0
0
0
0
0
0
0
0
0
0
0
0
0
0
0
0
0
0
0
0
0
0
0
0
0
0
0
0
0
0
0
0
0
0
0
0
0
0
0
0
0
0
0
0
0
0
0
0
0
0
0
0
0
0
0
0
0
0
0
0
0
0
0
0
0
0
0
0
0
0
0
0
0
0
0
0
0
0
0
0
0
0
0
0
0
0
0
0
0
0
0
0
0
0
0
0
0
0
0
0
0
0
0
0
0
0
0
0
0
0
0
0
0
0
0
0
0
0
0
0
0
0
0
0
0
0
0
0
0
0
0
0
0
0
0
0
0
0
0
0
0
0
0
0
0
0
0
0
0
0
0
0
0
0
0
0
0
0
0
0
0
0
0
0
0
0
0
0
0
0
0
0
0
0
0
0
0
0
0
0
0
0
0
0
0
0
0
0
0
0
0
0
0
0
0
0
0
0
0
0
0
0
0
0
0
0
0
0
0
0
0
0
0
0
0
0
0
0
0
0
0
0
0
0
0
0
0
0
0
0
0
0
0
0
0
0
0
0
0
0
0
0
0
0
0
0
0
0
0
0
0
0
0
0
0
0
0
0
0
0
0
0
0
0
0
0
0
0
0
0
0
0
0
0
0
0
0
0
0
0
0
0
0
0
0
0
0
0
0
0
0
0
0
0
0
0
0
0
0
0
0
0
0
0
0
0
0
0
0
0
0
0
0
0
0
0
0
0
0
0
0
0
0
0
0
0
0
0
0
0
0
0
0
0
0
0
0
0
0
0
0
0
0
0
0
0
0
0
0
0
0
0
0
0
0
0
0
0
0
0
0
0
0
0
0
0
0
0
0
0
0
0
0
0
0
0
0
0
0
0
0
0
0
0
0
0
0
0
0
0
0
0
0
0
0
0
0
0
0
0
0
0
0
0
0
0
0
0
0
0
0
0
0
0
0
0
0
0
0
0
0
0
0
0
0
0
0
0
0
0
0
0
0
0
0
0
0
0
0
0
0
0
0
0
0
0
0
0
0
0
0
0
0
0
0
0
0
0
0
0
0
0
0
0
0
0
0
0
0
0
0
0
0
0
0
0
0
0
0
0
0
0
0
0
0
0
0
0
0
0
0
0
0
0
0
0
0
0
0
0
0
0
0
0
0
0
0
0
0
0
0
0
0
0
0
0
0
0
0
0
0
0
0
0
0
0
0
0
0
0
0
0
0
0
0
0
0
0
0
0
0
0
0
0
0
0
0
0
0
0
0
0
0
0
0
0
0
0
0
0
0
0
0
0
0
0
0
0
0
0
0
0
0
0
0
0
0
0
0
0
0
0
0
0
0
0
0
0
0
0
0
0
0
0
0
0
0
0
0
0
0
0
0
0
0
0
0
0
0
0
0
0
0
0
0
0
0
0
0
0
0
0
0
0
0
0
0
0
0
0
0
0
0
0
0
0
0
0
0
0
0
0
0
0
0
0
0
0
0
0
0
0
0
0
0
0
0
0
0
0
0
0
0
0
0
0
0
0
0
0
0
0
0
0
0
0
0
0
0
0
0
0
0
0
0
0
0
0
0
0
0
0
0
0
0
0
0
0
0
0
0
0
0
0
0
0
0
0
0
0
0
0
0
0
0
0
0
0
0
0
0
0
0
0
0
0
0
0
0
0
0
0
0
0
0
0
0
0
0
0
0
0
0
0
0
0
0
0
0
0
0
0
0
0
0
0
0
0
0
0
0
0
0
0
0
0
0
0
0
0
0
0
0
0
0
0
0
0
0
0
0
0
0
0
0
0
0
0
0
0
0
0
0
0
0
0
0
0
0
0
0
0
0
0
0
0
0
0
0
0
0
0
0
0
0
0
0
0
0
0
0
0
0
0
0
0
0
0
0
0
0
0
0
0
0
0
0
0
0
0
0
0
0
0
0
0
0
0
0
0
0
0
0
0
0
0
0
0
0
0
0
0
0
0
0
0
0
0
0
0
0
0
0
0
0
0
0
0
0
0
0
0
0
0
0
0
0
0
0
0
0
0
0
0
0
0
0
0
0
0
0
0
0
0
0
0
0
0
0
0
0
0
0
0
0
0
0
0
0
0
0
0
0
0
0
0
0
0
0
0
0
0
0
0
0
0
0
0
0
0
0
0
0
0
0
0
0
0
0
0
0
0
0
0
0
0
0
0
0
0
0
0
0
0
0
0
0
0
0
0
0
0
0
0
0
0
0
0
0
0
0
0
0
0
0
0
0
0
0
0
0
0
0
0
0
0
0
0
0
0
0
0
0
0
0
0
0
0
0
0
0
0
0
0
0
0
0
0
0
0
0
0
0
0
0
0
0
0
0
0
0
0
0
0
0
0
0
0
0
0
0
0
0
0
0
0
0
0
0
0
0
0
0
0
0
0
0
0
0
0
0
0
0
0
0
0
0
0
0
0
0
0
0
0
0
0
0
0
0
0
0
0
0
0
0
0
0
0
0
0
0
0
0
0
0
0
0
0
0
0
0
0
0
0
0
0
0
0
0
0
0
0
0
0
0
0
0
0
0
0
0
0
0
0
0
0
0
0
0
0
0
0
0
0
0
0
0
0
0
0
0
0
0
0
0
0
0
0
0
0
0
0
0
0
0
0
0
0
0
0
0
0
0
0
0
0
0
0
0
0
0
0
0
0
0
0
0
0
0
0
0
0
0
0
0
0
0
0
0
0
0
0
0
0
0
0
0
0
0
0
0
0
0
0
0
0
0
0
0
0
0
0
0
0
0
0
0
0
0
0
0
0
0
0
0
0
0
0
0
0
0
0
0
0
0
0
0
0
0
0
0
0
0
0
0
0
0
0
0
0
0
0
0
0
0
0
0
0
0
0
0
0
0
0
0
0
0
0
0
0
0
0
0
0
0
0
0
0
0
0
0
0
0
0
0
0
0
0
0
0
0
0
0
0
0
0
0
0
0
0
0
0
0
0
0
0
0
0
0
0
0
0
0
0
0
0
0
0
0
0
0
0
0
0
0
0
0
0
0
0
0
0
0
0
0
0
0
0
0
0
0
0
0
0
0
0
0
0
0
0
0
0
0
0
0
0
0
0
0
0
0
0
0
0
0
0
0
0
0
0
0
0
0
0
0
0
0
0
0
0
0
0
0
0
0
0
0
0
0
0
0
0
0
0
0
0
0
0
0
0
0
0
0
0
0
0
0
0
0
0
0
0
0
0
0
0
0
0
0
0
0
0
0
0
0
0
0
0
0
0
0
0
0
0
0
0
0
0
0
0
0
0
0
0
0
0
0
0
0
0
0
0
0
0
0
0
0
0
0
0
0
0
0
0
0
0
0
0
0
0
0
0
0
0
0
0
0
0
0
0
0
0
0
0
0
0
0
0
0
0
0
0
0
0
0
0
0
0
0
0
0
0
0
0
0
0
0
0
0
0
0
0
0
0
0
0
0
0
0
0
0
0
0
0
0
0
0
0
0
0
0
0
0
0
0
0
0
0
0
0
0
0
0
0
0
0
0
0
0
0
0
0
0
0
0
0
0
0
0
0
0
0
0
0
0
0
0
0
0
0
0
0
0
0
0
0
0
0
0
0
0
0
0
0
0
0
0
0
0
0
0
0
0
0
0
0
0
0
0
0
0
0
0
0
0
0
0
0
0
0
0
0
0
0
0
0
0
0
0
0
0
0
0
0
0
0
0
0
0
0
0
0
0
0
0
0
0
0
0
0
0
0
0
0
0
0
0
0
0
0
0
0
0
0
0
0
0
0
0
0
0
0
0
0
0
0
0
0
0
0
0
0
0
0
0
0
0
0
0
0
0
0
0
0
0
0
0
0
0
0
0
0
0
0
0
0
0
0
0
0
0
0
0
0
0
0
0
0
0
0
0
0
0
0
0
0
0
0
0
0
0
0
0
0
0
0
0
0
0
0
0
0
0
0
0
0
0
0
0
0
0
0
0
0
0
0
0
0
0
0
0
0
0
0
0
0
0
0
0
0
0
0
0
0
0
0
0
0
0
0
0
0
0
0
0
0
0
0
0
0
0
0
0
0
0
0
0
0
0
0
0
0
0
0
0
0
0
0
0
0
0
0
0
0
0
0
0
0
0
0
0
0
0
0
0
0
0
0
0
0
0
0
0
0
0
0
0
0
0
0
0
0
0
0
0
0
0
0
0
0
0
0
0
0
0
0
0
0
0
0
0
0
0
0
0
0
0
0
0
0
0
0
0
0
0
0
0
0
0
0
0
0
0
0
0
0
0
0
0
0
0
0
0
0
0
0
0
0
0
0
0
0
0
0
0
0
0
0
0
0
0
0
0
0
0
0
0
0
0
0
0
0
0
0
0
0
0
0
0
0
0
0
0
0
0
0
0
0
0
0
0
0
0
0
0
0
0
0
0
0
0
0
0
0
0
0
0
0
0
0
0
0
0
0
0
0
0
0
0
0
0
0
0
0
0
0
0
0
0
0
0
0
0
0
0
0
0
0
0
0
0
0
0
0
0
0
0
0
0
0
0
0
0
0
0
0
0
0
0
0
0
0
0
0
0
0
0
0
0
0
0
0
0
0
0
0
0
0
0
0
0
0
0
0
0
0
0
0
0
0
0
0
0
0
0
0
0
0
0
0
0
0
0
0
0
0
0
0
0
0
0
0
0
0
0
0
0
0
0
0
0
0
0
0
0
0
0
0
0
0
0
0
0
0
0
0
0
0
0
0
0
0
0
0
0
0
0
0
0
0
0
0
0
0
0
0
0
0
0
0
0
0
0
0
0
0
0
0
0
0
0
0
0
0
0
0
0
0
0
0
0
0
0
0
0
0
0
0
0
0
0
0
0
0
0
0
0
0
0
0
0
0
0
0
0
0
0
0
0
0
0
0
0
0
0
0
0
0
0
0
0
0
0
0
0
0
0
0
0
0
0
0
0
0
0
0
0
0
0
0
0
0
0
0
0
0
0
0
0
0
0
0
0
0
0
0
0
0
0
0
0
0
0
0
0
0
0
0
0
0
0
0
0
0
0
0
0
0
0
0
0
0
0
0
0
0
0
0
0
0
0
0
0
0
0
0
0
0
0
0
0
0
0
0
0
0
0
0
0
0
0
0
0
0
0
0
0
0
0
0
0
0
0
0
0
0
0
0
0
0
0
0
0
0
0
0
0
0
0
0
0
0
0
0
0
0
0
0
0
0
0
0
0
0
0
0
0
0
0
0
0
0
0
0
0
0
0
0
0
0
0
0
0
0
0
0
0
0
0
0
0
0
0
0
0
0
0
0
0
0
0
0
0
0
0
0
0
0
0
0
0
0
0
0
0
0
0
0
0
0
0
0
0
0
0
0
0
0
0
0
0
0
0
0
0
0
0
0
0
0
0
0
0
0
0
0
0
0
0
0
0
0
0
0
0
0
0
0
0
0
0
0
0
0
0
0
0
0
0
0
0
0
0
0
0
0
0
0
0
0
0
0
0
0
0
0
0
0
0
0
0
0
0
0
0
0
0
0
0
0
0
0
0
0
0
0
0
0
0
0
0
0
0
0
0
0
0
0
0
0
0
0
0
0
0
0
0
0
0
0
0
0
0
0
0
0
0
0
0
0
0
0
0
0
0
0
0
0
0
0
0
0
0
0
0
0
0
0
0
0
0
0
0
0
0
0
0
0
0
0
0
0
0
0
0
0
0
0
0
0
0
0
0
0
0
0
0
0
0
0
0
0
0
0
0
0
0
0
0
0
0
0
0
0
0
0
0
0
0
0
0
0
0
0
0
0
0
0
0
0
0
0
0
0
0
0
0
0
0
0
0
0
0
0
0
0
0
0
0
0
0
0
0
0
0
0
0
0
0
0
0
0
0
0
0
0
0
0
0
0
0
0
0
0
0
0
0
0
0
0
0
0
0
0
0
0
0
0
0
0
0
0
0
0
0
0
0
0
0
0
0
0
0
0
0
0
0
0
0
0
0
0
0
0
0
0
0
0
0
0
0
0
0
0
0
0
0
0
0
0
0
0
0
0
0
0
0
0
0
0
0
0
0
0
0
0
0
0
0
0
0
0
0
0
0
0
0
0
0
0
0
0
0
0
0
0
0
0
0
0
0
0
0
0
0
0
0
0
0
0
0
0
0
0
0
0
0
0
0
0
0
0
0
0
0
0
0
0
0
0
0
0
0
0
0
0
0
0
0
0
0
0
0
0
0
0
0
0
0
0
0
0
0
0
0
0
0
0
0
0
0
0
0
0
0
0
0
0
0
0
0
0
0
0
0
0
0
0
0
0
0
0
0
0
0
0
0
0
0
0
0
0
0
0
0
0
0
0
0
0
0
0
0
0
0
0
0
0
0
0
0
0
0
0
0
0
0
0
0
0
0
0
0
0
0
0
0
0
0
0
0
0
0
0
0
0
0
0
0
0
0
0
0
0
0
0
0
0
0
0
0
0
0
0
0
0
0
0
0
0
0
0
0
0
0
0
0
0
0
0
0
0
0
0
0
0
0
0
0
0
0
0
0
0
0
0
0
0
0
0
0
0
0
0
0
0
0
0
0
0
0
0
0
0
0
0
0
0
0
0
0
0
0
0
0
0
0
0
0
0
0
0
0
0
0
0
0
0
0
0
0
0
0
0
0
0
0
0
0
0
0
0
0
0
0
0
0
0
0
0
0
0
0
0
0
0
0
0
0
0
0
0
0
0
0
0
0
0
0
0
0
0
0
0
0
0
0
0
0
0
0
0
0
0
0
0
0
0
0
0
0
0
0
0
0
0
0
0
0
0
0
0
0
0
0
0
0
0
0
0
0
0
0
0
0
0
0
0
0
0
0
0
0
0
0
0
0
0
0
0
0
0
0
0
0
0
0
0
0
0
0
0
0
0
0
0
0
0
0
0
0
0
0
0
0
0
0
0
0
0
0
0
0
0
0
0
0
0
0
0
0
0
0
0
0
0
0
0
0
0
0
0
0
0
0
0
0
0
0
0
0
0
0
0
0
0
0
0
0
0
0
0
0
0
0
0
0
0
0
0
0
0
0
0
0
0
0
0
0
0
0
0
0
0
0
0
0
0
0
0
0
0
0
0
0
0
0
0
0
0
0
0
0
0
0
0
0
0
0
0
0
0
0
0
0
0
0
0
0
0
0
0
0
0
0
0
0
0
0
0
0
0
0
0
0
0
0
0
0
0
0
0
0
0
0
0
0
0
0
0
0
0
0
0
0
0
0
0
0
0
0
0
0
0
0
0
0
0
0
0
0
0
0
0
0
0
0
0
0
0
0
0
0
0
0
0
0
0
0
0
0
0
0
0
0
0
0
0
0
0
0
0
0
0
0
0
0
0
0
0
0
0
0
0
0
0
0
0
0
0
0
0
0
0
0
0
0
0
0
0
0
0
0
0
0
0
0
0
0
0
0
0
0
0
0
0
0
0
0
0
0
0
0
0
0
0
0
0
0
0
0
0
0
0
0
0
0
0
0
0
0
0
0
0
0
0
0
0
0
0
0
0
0
0
0
0
0
0
0
0
0
0
0
0
0
0
0
0
0
0
0
0
0
0
0
0
0
0
0
0
0
0
0
0
0
0
0
0
0
0
0
0
0
0
0
0
0
0
0
0
0
0
0
0
0
0
0
0
0
0
0
0
0
0
0
0
0
0
0
0
0
0
0
0
0
0
0
0
0
0
0
0
0
0
0
0
0
0
0
0
0
0
0
0
0
0
0
0
0
0
0
0
0
0
0
0
0
0
0
0
0
0
0
0
0
0
0
0
0
0
0
0
0
0
0
0
0
0
0
0
0
0
0
0
0
0
0
0
0
0
0
0
0
0
0
0
0
0
0
0
0
0
0
0
0
0
0
0
0
0
0
0
0
0
0
0
0
0
0
0
0
0
0
0
0
