-152
-152
-3188
1340
-1855
-1581
-2004
-121
1057
-5462
-417
-3642
-3703
2014
-136
1075
-129
410
-1302
-2335
-1873
-1867
-17499
-193
217
-3495
-4426
-5509
-4066
-13943
-187
155
3
-93
-2502
1849
-868
-647
-1772
-90
-253
-4039
666
-1933
-2326
1827
-31
-93
169
661
-2074
-2074
-3926
-1764
-16548
-111
-1197
-4529
-2527
-5638
-3185
-16654
-240
-1461
-124
-336
-2067
40
-918
-1383
-1900
-195
-541
-3475
-761
-2367
-2944
1140
-112
-221
125
481
-1628
-2587
-1890
-1756
-15225
-133
637
-4186
-2969
-3777
-2911
-13288
-233
632
-218
1073
-3888
828
-1381
-2955
-2632
-262
1594
-5933
-982
-6096
-5133
1017
-71
2440
62
339
-1388
-3471
-2154
-2518
-18846
-60
1175
-4707
-4931
-4972
-5081
-11569
-122
815
-400
1418
-5341
446
-1407
-4183
-4022
-369
2628
-8405
-3077
-7917
-7098
2937
-161
3192
23
-328
-1510
-5249
-3911
-4046
-26839
-107
-456
-6073
-7369
-8597
-7008
-17553
-112
-117
-166
1248
-4034
-206
-1616
-2930
-3004
-398
390
-8730
-4110
-6428
-7101
4238
-248
1258
121
99
-829
-4892
-2812
-3029
-25207
-105
-1797
-5631
-6945
-8942
-6824
-13770
-224
-2051
-88
182
-3077
-120
-625
-2001
-2462
-272
-903
-6255
-2265
-3251
-4853
2317
-134
-1621
120
63
-2301
-4295
-1585
-2551
-16610
-188
407
-4854
-4907
-5969
-4942
-9990
-253
-607
-310
-858
-2322
1071
-776
-1475
-1958
-236
-650
-3742
-486
-1957
-3318
664
9
-78
-56
-438
-1964
-3419
-1155
-1791
-16207
-159
-284
-3949
-3354
-3732
-3108
-14396
-70
-661
-176
87
-3621
-1214
-3325
-4675
-3925
-225
611
-11131
-9318
-12313
-10127
11419
-246
629
-197
331
79
-4962
-2799
-3744
-17852
-84
630
-9826
-10746
-11595
-11433
4096
-218
399
-201
1068
-3229
-1608
-2647
-2419
-2955
-133
1192
-7109
-7238
-7470
-5218
9498
-113
1212
55
-118
1316
-3769
-4019
-2807
-20326
-1
-1781
-5951
-5385
-9087
-6536
-14080
-219
-2056
-120
866
-3472
-2280
-974
-2293
-2198
-267
1160
-6851
-6473
-6136
-5154
8306
-70
1228
322
-179
1158
-2314
-3804
-2271
-32034
-37
-1165
-6001
-4884
-8024
-5461
-26633
-142
-384
-124
-783
-5145
-2705
-3276
-5884
-4573
-322
-1001
-16960
-13165
-15448
-14750
11520
-159
-810
-26
1054
1071
-6128
-3180
-4532
-22976
-192
1449
-10887
-14932
-14165
-14570
16252
-151
1253
-185
-172
-5373
-3413
-377
-6408
-4875
-269
-78
-14081
-13233
-12504
-13261
11475
13
859
-134
20
-465
-5819
-4044
-4672
-17861
-49
264
-10727
-13143
-13856
-13716
11356
4
-958
8
484
-2924
-1590
-1818
-3156
-2956
-219
210
-8433
-7803
-8977
-7716
10022
-241
-1170
-101
-871
-1607
-3450
-1270
-2862
-18248
-173
-731
-9412
-8095
-9260
-8107
-958
-299
-1065
106
1531
-3496
-2789
76
-2103
-2987
-62
1414
-3707
-3572
-3275
-2486
4404
-162
2252
-136
-2054
-2344
-4037
-1770
-3127
-20897
-100
-2296
-4995
-3454
-4472
-3018
-26213
-168
-1510
-219
-18
-1920
-903
-764
-2203
-2358
-207
-681
-4593
-3367
-4694
-4481
4003
-15
-908
-85
13
-810
-3522
-2253
-2296
-16884
-253
307
-4697
-5174
-5686
-4890
-11710
-196
521
-196
9
-4507
-594
-5163
-7103
-5214
-204
167
-13787
-11907
-14205
-14051
12920
-143
1002
-189
440
-1977
-6264
-2776
-5147
-17048
-101
550
-13743
-12903
-14574
-14170
12099
-298
23
-164
165
-5734
-724
-4934
-5606
-4352
-182
948
-11965
-9634
-11063
-9716
10187
-150
867
-50
1120
-231
-5600
-1651
-4083
-24624
14
2157
-8635
-8613
-11112
-9401
-8974
-110
3567
-57
609
-3836
-3135
-4591
-5644
-5242
-174
688
-13222
-14007
-12318
-12787
11443
-205
1468
-6
-1138
-849
-7922
-3044
-5253
-11955
-71
-2399
-11735
-11415
-13723
-12633
15213
-66
-3527
44
-449
-2693
-1962
95
-794
-2014
-78
-884
-6348
-7199
-4245
-4575
10161
-105
-2330
147
1050
-1333
-2363
-3277
-1836
-30462
-165
-268
-7783
-4531
-8804
-4956
-26635
-130
-448
-157
-1110
-4232
-3090
-1945
-5420
-4973
-171
-856
-14375
-12560
-12142
-13309
10987
-104
-917
-97
1278
-684
-5772
-4965
-4712
-17799
-152
2367
-11209
-13122
-15156
-13570
13022
-53
2144
-212
436
-4099
-1404
-3480
-6746
-5285
-253
1504
-13761
-10553
-15138
-13972
11059
-249
2489
-127
-336
-3119
-6351
-2277
-5136
-19448
-82
-120
-13717
-14111
-12827
-13459
10867
-140
-164
-234
1743
-4137
-679
-3931
-6817
-5364
-354
2719
-16123
-11811
-17117
-15996
11882
-185
2470
-126
-339
-3826
-7350
-761
-5383
-25385
-207
773
-16063
-15804
-12855
-15416
13078
-244
1521
-156
1164
-3489
-381
-2294
-2964
-2512
-221
1311
-7890
-5075
-7630
-6756
7038
-65
510
-60
-1116
-1159
-3776
-45
-2446
-23904
-327
-2694
-6969
-7140
-6531
-6263
-12611
-329
-2615
-54
-1317
-2669
-1381
-1637
-2952
-2649
-266
-2507
-8796
-8550
-7923
-8571
9913
-106
-4291
157
1992
-1364
-3641
-1034
-2382
-31590
18
1746
-9250
-8070
-9558
-7982
-13217
-256
813
-110
606
-6154
-3306
-3142
-6178
-4870
-86
1856
-10369
-10399
-10233
-8756
10633
50
3501
-58
442
-1216
-6702
-616
-4809
-18702
-9
1373
-8674
-9200
-9726
-9223
-8811
-144
815
-22
-191
-3779
-1661
-3232
-3830
-3837
-238
480
-9103
-8713
-9663
-7878
10367
-169
-1370
105
-655
-2155
-5938
-1134
-3906
-26938
50
-1983
-9831
-7765
-9104
-8159
-15464
-49
-3023
167
-386
-722
273
-884
37
-1571
41
717
-5411
-5049
-4971
-4670
8232
-145
133
135
-106
-1612
-3107
-3367
-1617
-23122
42
-932
-7988
-4818
-8943
-5702
-12940
-110
-1253
-43
-1747
-4169
-227
-1067
-1223
-2460
-165
-1252
-9133
-6588
-6316
-6229
10172
-227
-1663
54
873
-723
-2543
-3903
-2317
32284
43
1746
-7513
-7095
-11060
-6449
-23734
-205
2550
-301
-1160
-5805
658
-1078
-5908
-4545
-310
-612
-13489
-8896
-9909
-11361
11067
-281
-460
-99
1232
-1857
-5244
-5289
-4257
-17784
-69
1536
-11284
-12151
-15013
-11748
3232
-225
858
-318
365
-5278
-881
-3299
-6364
-5408
-445
435
-15625
-11913
-13456
-14621
12226
-216
1259
-185
-1254
-3349
-7334
-1986
-5222
-17083
-197
-231
-15894
-13802
-13636
-15011
15071
-147
-182
-257
-112
-3741
165
-2351
-1920
-2053
-222
-15
-8772
-4054
-6108
-6448
4538
-158
836
-115
-1687
-1065
-3051
317
-1861
-27183
-202
-2822
-6607
-6037
-5625
-6488
-13004
-136
-3597
22
-1356
-3385
-1325
-1487
-2961
-2778
-102
-627
-4083
-3249
-2854
-2837
4385
27
-1426
86
2445
-2651
-3356
-421
-2747
-19657
-165
2851
-4960
-2575
-3308
-3144
-26964
-134
3780
-105
-2339
-3870
-3827
-2326
-6636
-5293
-199
-1988
-13281
-13052
-12404
-13640
10919
29
-2226
-85
1362
-2341
-7596
-1980
-5321
-15341
-115
1487
-12413
-13694
-11932
-12896
13050
-256
1375
22
-1223
-2839
-2185
-1874
-5328
-4347
-207
-335
-12608
-12964
-12076
-12669
13352
-93
-235
-15
-210
-2327
-5863
-2519
-4055
-17696
-50
-41
-13962
-12452
-13130
-12903
12522
-86
-1608
-72
837
-4276
-503
-2062
-3177
-3241
-228
3175
-7031
-5272
-7311
-5396
8259
-154
2294
82
405
-2131
-3578
-3981
-3456
-31452
85
-522
-8364
-5535
-8706
-5753
-29039
-216
-380
-49
1430
-2055
-634
-1604
-3562
-2987
-315
2522
-9264
-8610
-8822
-9172
10453
-192
3906
198
-576
-1195
-4862
-3850
-3103
-21385
-36
-692
-10254
-9185
-13490
-9551
-435
-163
-1709
-82
-1404
-3315
-197
1154
-2376
-2558
-236
-1482
-6535
-4941
-4460
-5137
6389
-215
-3639
121
533
-1873
-3832
-3915
-2399
-19792
-19
1575
-6233
-5251
-7323
-4957
-14508
-118
690
28
-2830
-4498
-1745
551
-2504
-3526
-336
-2713
-5542
-4606
-4281
-4308
3652
-266
-5763
-1
-888
-3009
-4274
-2352
-3031
-22870
-83
-95
-5215
-3919
-4243
-3938
-24465
-147
209
68
-1572
-3716
-695
-2975
-1146
-2810
-46
-820
-5260
-2367
-4492
-3774
14
-70
-1791
-154
-791
-1356
-3349
-776
-2574
-13853
-157
-165
-2407
-3366
-2775
-4136
-11945
-183
-80
15
11
-2657
990
-1275
-1883
-2315
23
921
-4356
-633
-3144
-3117
2482
29
779
-196
575
-2837
-2480
-1582
-2157
-13736
-366
356
-5259
-3350
-4804
-3461
-13303
-186
581
122
-1140
-2686
-1222
-100
-1327
-2070
-121
-1324
-5072
-3709
-4089
-3381
5035
-19
-3151
96
1420
-2332
-1746
-2056
-1882
-28782
-228
291
-5740
-4093
-5576
-3233
-25760
-133
1427
-186
-1574
-4229
-1993
-3155
-6852
-5032
-392
-1347
-14478
-11281
-12750
-14026
8947
122
-1784
27
1681
-2675
-6629
-2312
-4963
-19203
-217
1607
-12268
-14256
-13127
-13054
14178
-52
940
-182
-1231
-4531
-2871
-4678
-5917
-4668
-236
-538
-12676
-12094
-12235
-11257
12486
-147
721
-41
133
-966
-5740
-1062
-4529
-13612
-50
125
-10890
-11959
-11043
-11810
7996
-271
-470
-72
-1804
-3603
-2551
-3381
-4278
-4247
-300
-1973
-13423
-11364
-11901
-11064
11064
-156
-3411
69
-883
-773
-4666
-3032
-3922
-19279
-78
-1187
-10428
-11390
-13483
-12582
9229
-179
-2065
124
-608
-4755
-1876
1580
-3733
-3538
-151
-536
-8290
-6109
-5558
-5698
7622
-153
-903
89
-602
-665
-4742
-5703
-3401
-20984
-148
-940
-6620
-6389
-9025
-6328
-16362
-126
-1639
-30
937
-4355
-2175
74
-4847
-3654
-264
2665
-5941
-6011
-5729
-5542
5494
-153
3134
-125
930
-1753
-4056
-3876
-3772
-26583
-36
167
-6152
-6056
-6222
-5010
-25718
-176
535
-65
-69
-3163
-188
-1930
-3213
-2834
-250
668
-6141
-3008
-5607
-5793
3443
3
505
-135
-904
-1287
-2985
-2496
-2882
-18368
-133
-822
-5051
-5752
-5956
-4735
-11333
-293
-456
15
-12
-2447
-1290
-2505
-2335
-2536
51
1269
-3873
-1831
-4514
-3286
2457
35
1230
-329
-434
-1213
-2717
-114
-2325
-17453
-196
-297
-3960
-4269
-4064
-3212
-16478
-139
-1027
34
-216
-2504
-481
-1930
-1610
-2130
-204
1355
-3021
-1293
-3787
-1997
969
-107
889
63
146
-947
-2637
-936
-1935
-18761
-105
-795
-2645
-2869
-3673
-1042
-21114
-77
-424
-21
-2203
-3656
-912
-1987
-2964
-2287
-268
-1790
-5078
-2191
-4320
-3584
2361
-87
-2445
199
1635
-1253
-2465
531
-1989
-26422
-46
1723
-2956
-3582
-3686
-1662
-27206
-151
1196
-97
-4185
-3733
-1853
-3605
-3484
-2988
-148
-3396
-7454
-6190
-7623
-6023
6182
-68
-3624
44
388
-341
-3678
908
-2673
-21035
-27
594
-4416
-6179
-5738
-5445
-13946
-56
332
61
-1832
-3213
-3354
-2244
-2257
-2667
0
-610
-5829
-6340
-5666
-4229
6126
-109
-602
104
-39
201
-3188
454
-2473
-15785
-251
356
-3362
-5151
-5295
-4718
-12899
-130
547
-121
88
-5000
-2712
-362
-3049
-3496
-221
822
-7518
-6906
-5393
-4553
7695
-123
559
75
845
201
-4176
-3798
-3353
-24554
-186
1411
-5334
-5338
-7196
-5098
-25313
-132
2293
-278
-380
-4046
-1058
-1991
-5756
-4587
-501
-361
-15457
-12281
-12239
-14365
11281
-153
-319
-145
506
-1815
-6598
-3441
-4513
-21084
-181
553
-13758
-14821
-14545
-13313
15515
-189
89
-171
-824
-3794
-1748
-3109
-4279
-3499
-353
-968
-8227
-6750
-6606
-7157
7392
30
-904
-160
-1346
-1515
-4482
-48
-3445
-20228
-221
-2614
-7404
-7713
-6642
-6380
-11736
-159
-2911
-160
-434
-928
-1635
-4027
-3185
-3731
-235
-545
-2863
-2524
-6105
-5379
-1197
-85
-615
-251
-836
-4038
-4041
-523
-3624
-16878
-11
28
-4772
-5827
-5297
-5546
-13209
69
-538
-411
-863
-2291
-997
-1983
-2716
-2875
-465
-361
-3839
-2105
-4426
-3560
-84
-177
-416
-44
-977
-1775
-3901
-1231
-2644
-16683
-40
-1439
-2132
-3685
-4265
-2901
-18091
201
-944
-77
-387
-1179
680
-324
-1540
-1112
-235
-129
-2420
-309
-2612
-2683
695
-119
-375
26
-316
-1990
-1849
-718
-996
-17432
-312
-1039
-2745
-2126
-3498
-1555
-16510
-110
-966
-13
-848
124
-618
-632
-470
-509
-126
-162
-1161
-2194
-2662
-2589
1532
-105
-996
-16
-35
-1203
-1127
306
-423
-19417
-445
-631
-2508
-2363
-3151
-1974
-15476
-202
-881
-62
-978
-1337
-2499
-1933
-2052
-1809
-106
-603
-4106
-5114
-5349
-5011
2703
-81
-552
-46
1377
62
-2126
-311
-1696
-20256
-369
2476
-2688
-4899
-5019
-4149
-11555
-74
2275
-178
-565
-3923
-5071
-5119
-4017
-4456
-168
-602
-6450
-7558
-7677
-5926
2473
-120
-608
-62
186
937
-5199
-222
-4308
-15421
-144
282
-2436
-6080
-6159
-5747
-11915
-17
491
-222
-1530
-3544
-3239
-2689
-3318
-3488
-201
-2177
-5938
-5549
-6196
-5496
4489
-94
-2335
-167
-832
-1984
-3879
1083
-3292
-21094
-154
-619
-5550
-5603
-5646
-4954
-16098
-18
-1032
-147
-1045
-2912
-2504
-1775
-3197
-2475
0
-1494
-4311
-4090
-4124
-4825
2280
-3
-670
-247
-790
-2068
-2630
1383
-2553
-19516
-393
-1317
-3571
-4332
-3196
-3530
-16516
-113
-773
0
0
0
0
0
0
0
0
0
0
0
-2133
68
-1867
404
-1561
0
0
0
0
0
0
0
0
0
0
0
-468
-2101
-1946
-1456
-16464
0
0
0
0
0
0
0
0
0
0
0
-1917
267
-995
1235
-1555
0
0
0
0
0
0
0
0
0
0
0
-2264
-1275
-3251
-1516
-15736
0
0
0
0
0
0
0
0
0
0
0
-1398
-413
-29
557
-1020
0
0
0
0
0
0
0
0
0
0
0
-855
-1731
-1729
-1013
-16654
0
0
0
0
0
0
0
0
0
0
0
-2265
-309
-205
-2365
-2475
0
0
0
0
0
0
0
0
0
0
0
-835
-2922
-2438
-2327
-14741
0
0
0
0
0
0
0
0
0
0
0
-2363
107
-817
-1791
-2789
0
0
0
0
0
0
0
0
0
0
0
-773
-3625
-3867
-2571
-28728
0
0
0
0
0
0
0
0
0
0
0
-2899
-548
-1137
-132
-2339
0
0
0
0
0
0
0
0
0
0
0
-1338
-2972
-3484
-2150
-25288
0
0
0
0
0
0
0
0
0
0
0
-2855
-801
96
465
-1870
0
0
0
0
0
0
0
0
0
0
0
-2005
-3598
-1509
-1952
-16286
0
0
0
0
0
0
0
0
0
0
0
-1968
201
-49
-663
-1309
0
0
0
0
0
0
0
0
0
0
0
-759
-2687
-492
-1171
-15210
0
0
0
0
0
0
0
0
0
0
0
-1922
91
-1802
-2722
-2390
0
0
0
0
0
0
0
0
0
0
0
-198
-3895
-1713
-2046
-19367
0
0
0
0
0
0
0
0
0
0
0
-2566
-763
-2308
-1774
-2934
0
0
0
0
0
0
0
0
0
0
0
-1790
-3073
-3154
-2937
-16727
0
0
0
0
0
0
0
0
0
0
0
-3829
-2319
-1390
-1178
-3426
0
0
0
0
0
0
0
0
0
0
0
-1879
-1598
-5631
-3509
-23498
0
0
0
0
0
0
0
0
0
0
0
-3298
-1466
-11
-3003
-2994
0
0
0
0
0
0
0
0
0
0
0
-247
-5012
-2929
-2870
-21034
0
0
0
0
0
0
0
0
0
0
0
-2922
-1410
851
-3307
-3237
0
0
0
0
0
0
0
0
0
0
0
-1515
-5369
-2951
-2931
-19363
0
0
0
0
0
0
0
0
0
0
0
-2222
-1144
-1574
-945
-2551
0
0
0
0
0
0
0
0
0
0
0
-2995
-2762
-1511
-2374
-17028
0
0
0
0
0
0
0
0
0
0
0
-1971
-2163
-1329
-555
-2933
0
0
0
0
0
0
0
0
0
0
0
-3471
-3662
-1143
-2898
-21079
0
0
0
0
0
0
0
0
0
0
0
-1133
-354
-462
-1072
-1206
0
0
0
0
0
0
0
0
0
0
0
124
-2581
-700
-1026
-19689
0
0
0
0
0
0
0
0
0
0
0
-3494
487
-2249
-5123
-3499
0
0
0
0
0
0
0
0
0
0
0
-1080
-5396
-1008
-3353
-18164
0
0
0
0
0
0
0
0
0
0
0
-3934
-790
-3671
-4535
-4170
0
0
0
0
0
0
0
0
0
0
0
-2659
-5155
-576
-4323
-21130
0
0
0
0
0
0
0
0
0
0
0
-4123
-1070
-1540
-3326
-3584
0
0
0
0
0
0
0
0
0
0
0
-1473
-6305
-1438
-3760
-15624
0
0
0
0
0
0
0
0
0
0
0
-3147
-2383
-463
62
-3821
0
0
0
0
0
0
0
0
0
0
0
-5313
-3485
-4582
-3837
-20357
0
0
0
0
0
0
0
0
0
0
0
-2253
-731
-193
-1621
-2479
0
0
0
0
0
0
0
0
0
0
0
-1371
-4948
-3125
-2435
-23798
0
0
0
0
0
0
0
0
0
0
0
-3109
-268
-2039
-3129
-3197
0
0
0
0
0
0
0
0
0
0
0
-2064
-4326
-1348
-2916
-22447
0
0
0
0
0
0
0
0
0
0
0
-3340
-419
-1481
-2990
-3784
0
0
0
0
0
0
0
0
0
0
0
-2520
-6456
-785
-3259
-24184
0
0
0
0
0
0
0
0
0
0
0
-3019
-1204
-1867
-2006
-2897
0
0
0
0
0
0
0
0
0
0
0
-1322
-3576
-648
-2526
-18127
0
0
0
0
0
0
0
0
0
0
0
-3685
-2430
-2316
-1843
-3620
0
0
0
0
0
0
0
0
0
0
0
-2481
-5861
-562
-3739
-21950
0
0
0
0
0
0
0
0
0
0
0
-4625
-2570
-2766
-3977
-4452
0
0
0
0
0
0
0
0
0
0
0
-2550
-7998
1246
-4511
-16710
0
0
0
0
0
0
0
0
0
0
0
-3065
-1707
-3313
-1929
-3860
0
0
0
0
0
0
0
0
0
0
0
-2479
-7048
-565
-3891
-24649
0
0
0
0
0
0
0
0
0
0
0
-1709
-335
-415
259
-2202
0
0
0
0
0
0
0
0
0
0
0
-2711
-3701
-2579
-2247
-17707
0
0
0
0
0
0
0
0
0
0
0
-3136
-1152
-1888
590
-3328
0
0
0
0
0
0
0
0
0
0
0
-3434
-3233
-5915
-3448
-25449
0
0
0
0
0
0
0
0
0
0
0
-4407
1079
-471
-3051
-3110
0
0
0
0
0
0
0
0
0
0
0
-2222
-3753
-4483
-3063
-18732
0
0
0
0
0
0
0
0
0
0
0
-5104
-545
-571
-3231
-3770
0
0
0
0
0
0
0
0
0
0
0
-2998
-6428
-1162
-3715
-16461
0
0
0
0
0
0
0
0
0
0
0
-2977
-1129
-1564
-745
-2559
0
0
0
0
0
0
0
0
0
0
0
-2333
-2687
-962
-2253
-20820
0
0
0
0
0
0
0
0
0
0
0
-3380
-1731
-1946
-1819
-2895
0
0
0
0
0
0
0
0
0
0
0
-3016
-3154
-348
-3084
-17464
0
0
0
0
0
0
0
0
0
0
0
-4743
-2160
-1168
-2897
-3828
0
0
0
0
0
0
0
0
0
0
0
-2305
-7429
-297
-3586
-15481
0
0
0
0
0
0
0
0
0
0
0
-3195
-458
-219
-2492
-2764
0
0
0
0
0
0
0
0
0
0
0
-2100
-5475
-1306
-2710
-19306
0
0
0
0
0
0
0
0
0
0
0
-3469
-1151
-2069
-3385
-4453
0
0
0
0
0
0
0
0
0
0
0
-4337
-3227
-3729
-4408
-25949
0
0
0
0
0
0
0
0
0
0
0
-2693
-333
-472
-1661
-2646
0
0
0
0
0
0
0
0
0
0
0
-1449
-3836
-2665
-2735
-20600
0
0
0
0
0
0
0
0
0
0
0
-2816
-666
1150
-1310
-2506
0
0
0
0
0
0
0
0
0
0
0
-2961
-3293
-3541
-2758
-17402
0
0
0
0
0
0
0
0
0
0
0
-1922
-1601
452
-465
-2427
0
0
0
0
0
0
0
0
0
0
0
-4037
-3424
-2631
-2769
-25142
0
0
0
0
0
0
0
0
0
0
0
-2196
-1065
-817
-353
-1900
0
0
0
0
0
0
0
0
0
0
0
-1897
-2093
-1461
-1962
-15285
0
0
0
0
0
0
0
0
0
0
0
-2187
201
-1141
-1326
-1709
0
0
0
0
0
0
0
0
0
0
0
-1494
-1344
-986
-1669
-14531
0
0
0
0
0
0
0
0
0
0
0
-3199
-2116
-641
-828
-3058
0
0
0
0
0
0
0
0
0
0
0
-4315
-1905
-2984
-3023
-21107
0
0
0
0
0
0
0
0
0
0
0
-3260
-790
-211
-3072
-2684
0
0
0
0
0
0
0
0
0
0
0
-2568
-4542
-1554
-2718
-22737
0
0
0
0
0
0
0
0
0
0
0
-4376
-1264
-2341
-4396
-3523
0
0
0
0
0
0
0
0
0
0
0
-1055
-3910
-1124
-3201
-14724
0
0
0
0
0
0
0
0
0
0
0
-3361
-1755
-1766
-2129
-3177
0
0
0
0
0
0
0
0
0
0
0
-1728
-4069
-3167
-3093
-18313
0
0
0
0
0
0
0
0
0
0
0
-2831
-1511
1243
-1756
-2919
0
0
0
0
0
0
0
0
0
0
0
-2196
-3984
-4852
-3023
-21038
0
0
0
0
0
0
0
0
0
0
0
-2062
-1203
-271
-3441
-3520
0
0
0
0
0
0
0
0
0
0
0
-3078
-3063
-4058
-3535
-23985
0
0
0
0
0
0
0
0
0
0
0
-2202
-372
-1378
-2574
-2522
0
0
0
0
0
0
0
0
0
0
0
-1149
-1792
-2173
-2424
-15680
0
0
0
0
0
0
0
0
0
0
0
-2752
-1556
-2447
-2408
-2488
0
0
0
0
0
0
0
0
0
0
0
234
-1876
-646
-2174
-14973
0
0
0
0
0
0
0
0
0
0
0
-2011
-436
-554
-1237
-1630
0
0
0
0
0
0
0
0
0
0
0
-998
-846
-1714
-1459
-18796
0
0
0
0
0
0
0
0
0
0
0
-1875
-1215
-1793
-1945
-2090
0
0
0
0
0
0
0
0
0
0
0
-1767
-1264
-1008
-2063
-24179
0
0
0
0
0
0
0
0
0
0
0
-2141
-1307
-2539
-1854
-2236
0
0
0
0
0
0
0
0
0
0
0
-771
-3375
-281
-2176
-20067
0
0
0
0
0
0
0
0
0
0
0
-1861
-2547
-1973
-292
-1842
0
0
0
0
0
0
0
0
0
0
0
-497
-2991
-405
-1889
-17121
0
0
0
0
0
0
0
0
0
0
0
-3743
-2466
-684
-1265
-3473
0
0
0
0
0
0
0
0
0
0
0
-1814
-3966
-3815
-3571
-23346
0
0
0
0
0
0
0
0
0
0
0
-3883
-103
1
-3842
-3605
0
0
0
0
0
0
0
0
0
0
0
-2082
-6410
-2398
-3375
-17098
0
0
0
0
0
0
0
0
0
0
0
-3225
-677
-2596
-2888
-2814
0
0
0
0
0
0
0
0
0
0
0
-688
-3617
-125
-2533
-19747
0
0
0
0
0
0
0
0
0
0
0
-2659
-1024
-2352
-2565
-2410
0
0
0
0
0
0
0
0
0
0
0
-612
-2198
-757
-2163
-17710
0
0
0
0
0
0
0
0
0
0
0
-1334
-102
-215
-1469
-1161
0
0
0
0
0
0
0
0
0
0
0
-310
-1620
-699
-906
-22357
0
0
0
0
0
0
0
0
0
0
0
-459
598
158
-587
-661
0
0
0
0
0
0
0
0
0
0
0
-908
-821
-842
-463
-17569
0
0
0
0
0
0
0
0
0
0
0
-223
-294
-307
-202
-550
0
0
0
0
0
0
0
0
0
0
0
-231
-1003
-444
-411
-17014
0
0
0
0
0
0
0
0
0
0
0
-2513
-2035
-1736
-1750
-2011
0
0
0
0
0
0
0
0
0
0
0
616
-2324
-824
-2118
-15065
0
0
0
0
0
0
0
0
0
0
0
-4487
-3555
-3268
-3384
-3541
0
0
0
0
0
0
0
0
0
0
0
1233
-4510
-679
-3550
-15089
0
0
0
0
0
0
0
0
0
0
0
-2331
-2124
-2046
-2497
-2856
0
0
0
0
0
0
0
0
0
0
0
-1248
-4410
96
-2682
-20533
0
0
0
0
0
0
0
0
0
0
0
-2635
-2295
-2109
-2040
-2390
0
0
0
0
0
0
0
0
0
0
0
-932
-2284
263
-2132
-17412
0
0
0
0
0
0
0
0
0
0
0
0
0
0
0
0
0
0
0
0
0
0
0
0
0
0
0
0
0
0
0
0
0
0
0
0
0
0
0
0
0
0
0
0
0
0
0
0
0
0
0
0
0
0
0
0
0
0
0
0
0
0
0
0
0
0
0
0
0
0
0
0
0
0
0
0
0
0
0
0
0
0
0
0
0
0
0
0
0
0
0
0
0
0
0
0
0
0
0
0
0
0
0
0
0
0
0
0
0
0
0
0
0
0
0
0
0
0
0
0
0
0
0
0
0
0
0
0
0
0
0
0
0
0
0
0
0
0
0
0
0
0
0
0
0
0
0
0
0
0
0
0
0
0
0
0
0
0
0
0
0
0
0
0
0
0
0
0
0
0
0
0
0
0
0
0
0
0
0
0
0
0
0
0
0
0
0
0
0
0
0
0
0
0
0
0
0
0
0
0
0
0
0
0
0
0
0
0
0
0
0
0
0
0
0
0
0
0
0
0
0
0
0
0
0
0
0
0
0
0
0
0
0
0
0
0
0
0
0
0
0
0
0
0
0
0
0
0
0
0
0
0
0
0
0
0
0
0
0
0
0
0
0
0
0
0
0
0
0
0
0
0
0
0
0
0
0
0
0
0
0
0
0
0
0
0
0
0
0
0
0
0
0
0
0
0
0
0
0
0
0
0
0
0
0
0
0
0
0
0
0
0
0
0
0
0
0
0
0
0
0
0
0
0
0
0
0
0
0
0
0
0
0
0
0
0
0
0
0
0
0
0
0
0
0
0
0
0
0
0
0
0
0
0
0
0
0
0
0
0
0
0
0
0
0
0
0
0
0
0
0
0
0
0
0
0
0
0
0
0
0
0
0
0
0
0
0
0
0
0
0
0
0
0
0
0
0
0
0
0
0
0
0
0
0
0
0
0
0
0
0
0
0
0
0
0
0
0
0
0
0
0
0
0
0
0
0
0
0
0
0
0
0
0
0
0
0
0
0
0
0
0
0
0
0
0
0
0
0
0
0
0
0
0
0
0
0
0
0
0
0
0
0
0
0
0
0
0
0
0
0
0
0
0
0
0
0
0
0
0
0
0
0
0
0
0
0
0
0
0
0
0
0
0
0
0
0
0
0
0
0
0
0
0
0
0
0
0
0
0
0
0
0
0
0
0
0
0
0
0
0
0
0
0
0
0
0
0
0
0
0
0
0
0
0
0
0
0
0
0
0
0
0
0
0
0
0
0
0
0
0
0
0
0
0
0
0
0
0
0
0
0
0
0
0
0
0
0
0
0
0
0
0
0
0
0
0
0
0
0
0
0
0
0
0
0
0
0
0
0
0
0
0
0
0
0
0
0
0
0
0
0
0
0
0
0
0
0
0
0
0
0
0
0
0
0
0
0
0
0
0
0
0
0
0
0
0
0
0
0
0
0
0
0
0
0
0
0
0
0
0
0
0
0
0
0
0
0
0
0
0
0
0
0
0
0
0
0
0
0
0
0
0
0
0
0
0
0
0
0
0
0
0
0
0
0
0
0
0
0
0
0
0
0
0
0
0
0
0
0
0
0
0
0
0
0
0
0
0
0
0
0
0
0
0
0
0
0
0
0
0
0
0
0
0
0
0
0
0
0
0
0
0
0
0
0
0
0
0
0
0
0
0
0
0
0
0
0
0
0
0
0
0
0
0
0
0
0
0
0
0
0
0
0
0
0
0
0
0
0
0
0
0
0
0
0
0
0
0
0
0
0
0
0
0
0
0
0
0
0
0
0
0
0
0
0
0
0
0
0
0
0
0
0
0
0
0
0
0
0
0
0
0
0
0
0
0
0
0
0
0
0
0
0
0
0
0
0
0
0
0
0
0
0
0
0
0
0
0
0
0
0
0
0
0
0
0
0
0
0
0
0
0
0
0
0
0
0
0
0
0
0
0
0
0
0
0
0
0
0
0
0
0
0
0
0
0
0
0
0
0
0
0
0
0
0
0
0
0
0
0
0
0
0
0
0
0
0
0
0
0
0
0
0
0
0
0
0
0
0
0
0
0
0
0
0
0
0
0
0
0
0
0
0
0
0
0
0
0
0
0
0
0
0
0
0
0
0
0
0
0
0
0
0
0
0
0
0
0
0
0
0
0
0
0
0
0
0
0
0
0
0
0
0
0
0
0
0
0
0
0
0
0
0
0
0
0
0
0
0
0
0
0
0
0
0
0
0
0
0
0
0
0
0
0
0
0
0
0
0
0
0
0
0
0
0
0
0
0
0
0
0
0
0
0
0
0
0
0
0
0
0
0
0
0
0
0
0
0
0
0
0
0
0
0
0
0
0
0
0
0
0
0
0
0
0
0
0
0
0
0
0
0
0
0
0
0
0
0
0
0
0
0
0
0
0
0
0
0
0
0
0
0
0
0
0
0
0
0
0
0
0
0
0
0
0
0
0
0
0
0
0
0
0
0
0
0
0
0
0
0
0
0
0
0
0
0
0
0
0
0
0
0
0
0
0
0
0
0
0
0
0
0
0
0
0
0
0
0
0
0
0
0
0
0
0
0
0
0
0
0
0
0
0
0
0
0
0
0
0
0
0
0
0
0
0
0
0
0
0
0
0
0
0
0
0
0
0
0
0
0
0
0
0
0
0
0
0
0
0
0
0
0
0
0
0
0
0
0
0
0
0
0
0
0
0
0
0
0
0
0
0
0
0
0
0
0
0
0
0
0
0
0
0
0
0
0
0
0
0
0
0
0
0
0
0
0
0
0
0
0
0
0
0
0
0
0
0
0
0
0
0
0
0
0
0
0
0
0
0
0
0
0
0
0
0
0
0
0
0
0
0
0
0
0
0
0
0
0
0
0
0
0
0
0
0
0
0
0
0
0
0
0
0
0
0
0
0
0
0
0
0
0
0
0
0
0
0
0
0
0
0
0
0
0
0
0
0
0
0
0
0
0
0
0
0
0
0
0
0
0
0
0
0
0
0
0
0
0
0
0
0
0
0
0
0
0
0
0
0
0
0
0
0
0
0
0
0
0
0
0
0
0
0
0
0
0
0
0
0
0
0
0
0
0
0
0
0
0
0
0
0
0
0
0
0
0
0
0
0
0
0
0
0
0
0
0
0
0
0
0
0
0
0
0
0
0
0
0
0
0
0
0
0
0
0
0
0
0
0
0
0
0
0
0
0
0
0
0
0
0
0
0
0
0
0
0
0
0
0
0
0
0
0
0
0
0
0
0
0
0
0
0
0
0
0
0
0
0
0
0
0
0
0
0
0
0
0
0
0
0
0
0
0
0
0
0
0
0
0
0
0
0
0
0
0
0
0
0
0
0
0
0
0
0
0
0
0
0
0
0
0
0
0
0
0
0
0
0
0
0
0
0
0
0
0
0
0
0
0
0
0
0
0
0
0
0
0
0
0
0
0
0
0
0
0
0
0
0
0
0
0
0
0
0
0
0
0
0
0
0
0
0
0
0
0
0
0
0
0
0
0
0
0
0
0
0
0
0
0
0
0
0
0
0
0
0
0
0
0
0
0
0
0
0
0
0
0
0
0
0
0
0
0
0
0
0
0
0
0
0
0
0
0
0
0
0
0
0
0
0
0
0
0
0
0
0
0
0
0
0
0
0
0
0
0
0
0
0
0
0
0
0
0
0
0
0
0
0
0
0
0
0
0
0
0
0
0
0
0
0
0
0
0
0
0
0
0
0
0
0
0
0
0
0
0
0
0
0
0
0
0
0
0
0
0
0
0
0
0
0
0
0
0
0
0
0
0
0
0
0
0
0
0
0
0
0
0
0
0
0
0
0
0
0
0
0
0
0
0
0
0
0
0
0
0
0
0
0
0
0
0
0
0
0
0
0
0
0
0
0
0
0
0
0
0
0
0
0
0
0
0
0
0
0
0
0
0
0
0
0
0
0
0
0
0
0
0
0
0
0
0
0
0
0
0
0
0
0
0
0
0
0
0
0
0
0
0
0
0
0
0
0
0
0
0
0
0
0
0
0
0
0
0
0
0
0
0
0
0
0
0
0
0
0
0
0
0
0
0
0
0
0
0
0
0
0
0
0
0
0
0
0
0
0
0
0
0
0
0
0
0
0
0
0
0
0
0
0
0
0
0
0
0
0
0
0
0
0
0
0
0
0
0
0
0
0
0
0
0
0
0
0
0
0
0
0
0
0
0
0
0
0
0
0
0
0
0
0
0
0
0
0
0
0
0
0
0
0
0
0
0
0
0
0
0
0
0
0
0
0
0
0
0
0
0
0
0
0
0
0
0
0
0
0
0
0
0
0
0
0
0
0
0
0
0
0
0
0
0
0
0
0
0
0
0
0
0
0
0
0
0
0
0
0
0
0
0
0
0
0
0
0
0
0
0
0
0
0
0
0
0
0
0
0
0
0
0
0
0
0
0
0
0
0
0
0
0
0
0
0
0
0
0
0
0
0
0
0
0
0
0
0
0
0
0
0
0
0
0
0
0
0
0
0
0
0
0
0
0
0
0
0
0
0
0
0
0
0
0
0
0
0
0
0
0
0
0
0
0
0
0
0
0
0
0
0
0
0
0
0
0
0
0
0
0
0
0
0
0
0
0
0
0
0
0
0
0
0
0
0
0
0
0
0
0
0
0
0
0
0
0
0
0
0
0
0
0
0
0
0
0
0
0
0
0
0
0
0
0
0
0
0
0
0
0
0
0
0
0
0
0
0
0
0
0
0
0
0
0
0
0
0
0
0
0
0
0
0
0
0
0
0
0
0
0
0
0
0
0
0
0
0
0
0
0
0
0
0
0
0
0
0
0
0
0
0
0
0
0
0
0
0
0
0
0
0
0
0
0
0
0
0
0
0
0
0
0
0
0
0
0
0
0
0
0
0
0
0
0
0
0
0
0
0
0
0
0
0
0
0
0
0
0
0
0
0
0
0
0
0
0
0
0
0
0
0
0
0
0
0
0
0
0
0
0
0
0
0
0
0
0
0
0
0
0
0
0
0
0
0
0
0
0
0
0
0
0
0
0
0
0
0
0
0
0
0
0
0
0
0
0
0
0
0
0
0
0
0
0
0
0
0
0
0
0
0
0
0
0
0
0
0
0
0
0
0
0
0
0
0
0
0
0
0
0
0
0
0
0
0
0
0
0
0
0
0
0
0
0
0
0
0
0
0
0
0
0
0
0
0
0
0
0
0
0
0
0
0
0
0
0
0
0
0
0
0
0
0
0
0
0
0
0
0
0
0
0
0
0
0
0
0
0
0
0
0
0
0
0
0
0
0
0
0
0
0
0
0
0
0
0
0
0
0
0
0
0
0
0
0
0
0
0
0
0
0
0
0
0
0
0
0
0
0
0
0
0
0
0
0
0
0
0
0
0
0
0
0
0
0
0
0
0
0
0
0
0
0
0
0
0
0
0
0
0
0
0
0
0
0
0
0
0
0
0
0
0
0
0
0
0
0
0
0
0
0
0
0
0
0
0
0
0
0
0
0
0
0
0
0
0
0
0
0
0
0
0
0
0
0
0
0
0
0
0
0
0
0
0
0
0
0
0
0
0
0
0
0
0
0
0
0
0
0
0
0
0
0
0
0
0
0
0
0
0
0
0
0
0
0
0
0
0
0
0
0
0
0
0
0
0
0
0
0
0
0
0
0
0
0
0
0
0
0
0
0
0
0
0
0
0
0
0
0
0
0
0
0
0
0
0
0
0
0
0
0
0
0
0
0
0
0
0
0
0
0
0
0
0
0
0
0
0
0
0
0
0
0
0
0
0
0
0
0
0
0
0
0
0
0
0
0
0
0
0
0
0
0
0
0
0
0
0
0
0
0
0
0
0
0
0
0
0
0
0
0
0
0
0
0
0
0
0
0
0
0
0
0
0
0
0
0
0
0
0
0
0
0
0
0
0
0
0
0
0
0
0
0
0
0
0
0
0
0
0
0
0
0
0
0
0
0
0
0
0
0
0
0
0
0
0
0
0
0
0
0
0
0
0
0
0
0
0
0
0
0
0
0
0
0
0
0
0
0
0
0
0
0
0
0
0
0
0
0
0
0
0
0
0
0
0
0
0
0
0
0
0
0
0
0
0
0
0
0
0
0
0
0
0
0
0
0
0
0
0
0
0
0
0
0
0
0
0
0
0
0
0
0
0
0
0
0
0
0
0
0
0
0
0
0
0
0
0
0
0
0
0
0
0
0
0
0
0
0
0
0
0
0
0
0
0
0
0
0
0
0
0
0
0
0
0
0
0
0
0
0
0
0
0
0
0
0
0
0
0
0
0
0
0
0
0
0
0
0
0
0
0
0
0
0
0
0
0
0
0
0
0
0
0
0
0
0
0
0
0
0
0
0
0
0
0
0
0
0
0
0
0
0
0
0
0
0
0
0
0
0
0
0
0
0
0
0
0
0
0
0
0
0
0
0
0
0
0
0
0
0
0
0
0
0
0
0
0
0
0
0
0
0
0
0
0
0
0
0
0
0
0
0
0
0
0
0
0
0
0
0
0
0
0
0
0
0
0
0
0
0
0
0
0
0
0
0
0
0
0
0
0
0
0
0
0
0
0
0
0
0
0
0
0
0
0
0
0
0
0
0
0
0
0
0
0
0
0
0
0
0
0
0
0
0
0
0
0
0
0
0
0
0
0
0
0
0
0
0
0
0
0
0
0
0
0
0
0
0
0
0
0
0
0
0
0
0
0
0
0
0
0
0
0
0
0
0
0
0
0
0
0
0
0
0
0
0
0
0
0
0
0
0
0
0
0
0
0
0
0
0
0
0
0
0
0
0
0
0
0
0
0
0
0
0
0
0
0
0
0
0
0
0
0
0
0
0
0
0
0
0
0
0
0
0
0
0
0
0
0
0
0
0
0
0
0
0
0
0
0
0
0
0
0
0
0
0
0
0
0
0
0
0
0
0
0
0
0
0
0
0
0
0
0
0
0
0
0
0
0
0
0
0
0
0
0
0
0
0
0
0
0
0
0
0
0
0
0
0
0
0
0
0
0
0
0
0
0
0
0
0
0
0
0
0
0
0
0
0
0
0
0
0
0
0
0
0
0
0
0
0
0
0
0
0
0
0
0
0
0
0
0
0
0
0
0
0
0
0
0
0
0
0
0
0
0
0
0
0
0
0
0
0
0
0
0
0
0
0
0
0
0
0
0
0
0
0
0
0
0
0
0
0
0
0
0
0
0
0
0
0
0
0
0
0
0
0
0
0
0
0
0
0
0
0
0
0
0
0
0
0
0
0
0
0
0
0
0
0
0
0
0
0
0
0
0
0
0
0
0
0
0
0
0
0
0
0
0
0
0
0
0
0
0
0
0
0
0
0
0
0
0
0
0
0
0
0
0
0
0
0
0
0
0
0
0
0
0
0
0
0
0
0
0
0
0
0
0
0
0
0
0
0
0
0
0
0
0
0
0
0
0
0
0
0
0
0
0
0
0
0
0
0
0
0
0
0
0
0
0
0
0
0
0
0
0
0
0
0
0
0
0
0
0
0
0
0
0
0
0
0
0
0
0
0
0
0
0
0
0
0
0
0
0
0
0
0
0
0
0
0
0
0
0
0
0
0
0
0
0
0
0
0
0
0
0
0
0
0
0
0
0
0
0
0
0
0
0
0
0
0
0
0
0
0
0
0
0
0
0
0
0
0
0
0
0
0
0
0
0
0
0
0
0
0
0
0
0
0
0
0
0
0
0
0
0
0
0
0
0
0
0
0
0
0
0
0
0
0
0
0
0
0
0
0
0
0
0
0
0
0
0
0
0
0
0
0
0
0
0
0
0
0
0
0
0
0
0
0
0
0
0
0
0
0
0
0
0
0
0
0
0
0
0
0
0
0
0
0
0
0
0
0
0
0
0
0
0
0
0
0
0
0
0
0
0
0
0
0
0
0
0
0
0
0
0
0
0
0
0
0
0
0
0
0
0
0
0
0
0
0
0
0
0
0
0
0
0
0
0
0
0
0
0
0
0
0
0
0
0
0
0
0
0
0
0
0
0
0
0
0
0
0
0
0
0
0
0
0
0
0
0
0
0
0
0
0
0
0
0
0
0
0
0
0
0
0
0
0
0
0
0
0
0
0
0
0
0
0
0
0
0
0
0
0
0
0
0
0
0
0
0
0
0
0
0
0
0
0
0
0
0
0
0
0
0
0
0
0
0
0
0
0
0
0
0
0
0
0
0
0
0
0
0
0
0
0
0
0
0
0
0
0
0
0
0
0
0
0
0
0
0
0
0
0
0
0
0
0
0
0
0
0
0
0
0
0
0
0
0
0
0
0
0
0
0
0
0
0
0
0
0
0
0
0
0
0
0
0
0
0
0
0
0
0
0
0
0
0
0
0
0
0
0
0
0
0
0
0
0
0
0
0
0
0
0
0
0
0
0
0
0
0
0
0
0
0
0
0
0
0
0
0
0
0
0
0
0
0
0
0
0
0
0
0
0
0
0
0
0
0
0
0
0
0
0
0
0
0
0
0
0
0
0
0
0
0
0
0
0
0
0
0
0
0
0
0
0
0
0
0
0
0
0
0
0
0
0
0
0
0
0
0
0
0
0
0
0
0
0
0
0
0
0
0
0
0
0
0
0
0
0
0
0
0
0
0
0
0
0
0
0
0
0
0
0
0
0
0
0
0
0
0
0
0
0
0
0
0
0
0
0
0
0
0
0
0
0
0
0
0
0
0
0
0
0
0
0
0
0
0
0
0
0
0
0
0
0
0
0
0
0
0
0
0
0
0
0
0
0
0
0
0
0
0
0
0
0
0
0
0
0
0
0
0
0
0
0
0
0
0
0
0
0
0
0
0
0
0
0
0
0
0
0
0
0
0
0
0
0
0
0
0
0
0
0
0
0
0
0
0
0
0
0
0
0
0
0
0
0
0
0
0
0
0
0
0
0
0
0
0
0
0
0
0
0
0
0
0
0
0
0
0
0
0
0
0
0
0
0
0
0
0
0
0
0
0
0
0
0
0
0
0
0
0
0
0
0
0
0
0
0
0
0
0
0
0
0
0
0
0
0
0
0
0
0
0
0
0
0
0
0
0
0
0
0
0
0
0
0
0
0
0
0
0
0
0
0
0
0
0
0
0
0
0
0
0
0
0
0
0
0
0
0
0
0
0
0
0
0
0
0
0
0
0
0
0
0
0
0
0
0
0
0
0
0
0
0
0
0
0
0
0
0
0
0
0
0
0
0
0
0
0
0
0
0
0
0
0
0
0
0
0
0
0
0
0
0
0
0
0
0
0
0
0
0
0
0
0
0
0
0
0
0
0
0
0
0
0
0
0
0
0
0
0
0
0
0
0
0
0
0
0
0
0
0
0
0
0
0
0
0
0
0
0
0
0
0
0
0
0
0
0
0
0
0
0
0
0
0
0
0
0
0
0
0
0
0
0
0
0
0
0
0
0
0
0
0
0
0
0
0
0
0
0
0
0
0
0
0
0
0
0
0
0
0
0
0
0
0
0
0
0
0
0
0
0
0
0
0
0
0
0
0
0
0
0
0
0
0
0
0
0
0
0
0
0
0
0
0
0
0
0
0
0
0
0
0
0
0
0
0
0
0
0
0
0
0
0
0
0
0
0
0
0
0
0
0
0
0
0
0
0
0
0
0
0
0
0
0
0
0
0
0
0
0
0
0
0
0
0
0
0
0
0
0
0
0
0
0
0
0
0
0
0
0
0
0
0
0
0
0
0
0
0
0
0
0
0
0
0
0
0
0
0
0
0
0
0
0
0
0
0
0
0
0
0
0
0
0
0
0
0
0
0
0
0
0
0
0
0
0
0
0
0
0
0
0
0
0
0
0
0
0
0
0
0
0
0
0
0
0
0
0
0
0
0
0
0
0
0
0
0
0
0
0
0
0
0
0
0
0
0
0
0
0
0
0
0
0
0
0
0
0
0
0
0
0
0
0
0
0
0
0
0
0
0
0
0
0
0
0
0
0
0
0
0
0
0
0
0
0
0
0
0
0
0
0
0
0
0
0
0
0
0
0
0
0
0
0
0
0
0
0
0
0
0
0
0
0
0
0
0
0
0
0
0
0
0
0
0
0
0
0
0
0
0
0
0
0
0
0
0
0
0
0
0
0
0
0
0
0
0
0
0
0
0
0
0
0
0
0
0
0
0
0
0
0
0
0
0
0
0
0
0
0
0
0
0
0
0
0
0
0
0
0
0
0
0
0
0
0
0
0
0
0
0
0
0
0
0
0
0
0
0
0
0
0
0
0
0
0
0
0
0
0
0
0
0
0
0
0
0
0
0
0
0
0
0
0
0
0
0
0
0
0
0
0
0
0
0
0
0
0
0
0
0
0
0
0
0
0
0
0
0
0
0
0
0
0
0
0
0
0
0
0
0
0
0
0
0
0
0
0
0
0
0
0
0
0
0
0
0
0
0
0
0
0
0
0
0
0
0
0
0
0
0
0
0
0
0
0
0
0
0
0
0
0
0
0
0
0
0
0
0
0
0
0
0
0
0
0
0
0
0
0
0
0
0
0
0
0
0
0
0
0
0
0
0
0
0
0
0
0
0
0
0
0
0
0
0
0
0
0
0
0
0
0
0
0
0
0
0
0
0
0
0
0
0
0
0
0
0
0
0
0
0
0
0
0
0
0
0
0
0
0
0
0
0
0
0
0
0
0
0
0
0
0
0
0
0
0
0
0
0
0
0
0
0
0
0
0
0
0
0
0
0
0
0
0
0
0
0
0
0
0
0
0
0
0
0
0
0
0
0
0
0
0
0
0
0
0
0
0
0
0
0
0
0
0
0
0
0
0
0
0
0
0
0
0
0
0
0
0
0
0
0
0
0
0
0
0
0
0
0
0
0
0
0
0
0
0
0
0
0
0
0
0
0
0
0
0
0
0
0
0
0
0
0
0
0
0
0
0
0
0
0
0
0
0
0
0
0
0
0
0
0
0
0
0
0
0
0
0
0
0
0
0
0
0
0
0
0
0
0
0
0
0
0
0
0
0
0
0
0
0
0
0
0
0
0
0
0
0
0
0
0
0
0
0
0
0
0
0
0
0
0
0
0
0
0
0
0
0
0
0
0
0
0
0
0
0
0
0
0
0
0
0
0
0
0
0
0
0
0
0
0
0
0
0
0
0
0
0
0
0
0
0
0
0
0
0
0
0
0
0
0
0
0
0
0
0
0
0
0
0
0
0
0
0
0
0
0
0
0
0
0
0
0
0
0
0
0
0
0
0
0
0
0
0
0
0
0
0
0
0
0
0
0
0
0
0
0
0
0
0
0
0
0
0
0
0
0
0
0
0
0
0
0
0
0
0
0
0
0
0
0
0
0
0
0
0
0
0
0
0
0
0
0
0
0
0
0
0
0
0
0
0
0
0
0
0
0
0
0
0
0
0
0
0
0
0
0
0
0
0
0
0
0
0
0
0
0
0
0
0
0
0
0
0
0
0
0
0
0
0
0
0
0
0
0
0
0
0
0
0
0
0
0
0
0
0
0
0
0
0
0
0
0
0
0
0
0
0
0
0
0
0
0
0
0
0
0
0
0
0
0
0
0
0
0
0
0
0
0
0
0
0
0
0
0
0
0
0
0
0
0
0
0
0
0
0
0
0
0
0
0
0
0
0
0
0
0
0
0
0
0
0
0
0
0
0
0
0
0
0
0
0
0
0
0
0
0
0
0
0
0
0
0
0
0
0
0
0
0
0
0
0
0
0
0
0
0
0
0
0
0
0
0
0
0
0
0
0
0
0
0
0
0
0
0
0
0
0
0
0
0
0
0
0
0
0
0
0
0
0
0
0
0
0
0
0
0
0
0
0
0
0
0
0
0
0
0
0
0
0
0
0
0
0
0
0
0
0
0
0
0
0
0
0
0
0
0
0
0
0
0
0
0
0
0
0
0
0
0
0
0
0
0
0
0
0
0
0
0
0
0
0
0
0
0
0
0
0
0
0
0
0
0
0
0
0
0
0
0
0
0
0
0
0
0
0
0
0
0
0
0
0
0
0
0
0
0
0
0
0
0
0
0
0
0
0
0
0
0
0
0
0
0
0
0
0
0
0
0
0
0
0
0
0
0
0
0
0
0
0
0
0
0
0
0
0
0
0
0
0
0
0
0
0
0
0
0
0
0
0
0
0
0
0
0
0
0
0
0
0
0
0
0
0
0
0
0
0
0
0
0
0
0
0
0
0
0
0
0
0
0
0
0
0
0
0
0
0
0
0
0
0
0
0
0
0
0
0
0
0
0
0
0
0
0
0
0
0
0
0
0
0
0
0
0
0
0
0
0
0
0
0
0
0
0
0
0
0
0
0
0
0
0
0
0
0
0
0
0
0
0
0
0
0
0
0
0
0
0
0
0
0
0
0
0
0
0
0
0
0
0
0
0
0
0
0
0
0
0
0
0
0
0
0
0
0
0
0
0
0
0
0
0
0
0
0
0
0
0
0
0
0
0
0
0
0
0
0
0
0
0
0
0
0
0
0
0
0
0
0
0
0
0
0
0
0
0
0
0
0
0
0
0
0
0
0
0
0
0
0
0
0
0
0
0
0
0
0
0
0
0
0
0
0
0
0
0
0
0
0
0
0
0
0
0
0
0
0
0
0
0
0
0
0
0
0
0
0
0
0
0
0
0
0
0
0
0
0
0
0
0
0
0
0
0
0
0
0
0
0
0
0
0
0
0
0
0
0
0
0
0
0
0
0
0
0
0
0
0
0
0
0
0
0
0
0
0
0
0
0
0
0
0
0
0
0
0
0
0
0
0
0
0
0
0
0
0
0
0
0
0
0
0
0
0
0
0
0
0
0
0
0
0
0
0
0
0
0
0
0
0
0
0
0
0
0
0
0
0
0
0
0
0
0
0
0
0
0
0
0
0
0
0
0
0
0
0
0
0
0
0
0
0
0
0
0
0
0
0
0
0
0
0
0
0
0
0
0
0
0
0
0
0
0
0
0
0
0
0
0
0
0
0
0
0
0
0
0
0
0
0
0
0
0
0
0
0
0
0
0
0
0
0
0
0
0
0
0
0
0
0
0
0
0
0
0
0
0
0
0
0
0
0
0
0
0
0
0
0
0
0
0
0
0
0
0
0
0
0
0
0
0
0
0
0
0
0
0
0
0
0
0
0
0
0
0
0
0
0
0
0
0
0
0
0
0
0
0
0
0
0
0
0
0
0
0
0
0
0
0
0
0
0
0
0
0
0
0
0
0
0
0
0
0
0
0
0
0
0
0
0
0
0
0
0
0
0
0
0
0
0
0
0
0
0
0
0
0
0
0
0
0
0
0
0
0
0
0
0
0
0
0
0
0
0
0
0
0
0
0
0
0
0
0
0
0
0
0
0
0
0
0
0
0
0
0
0
0
0
0
0
0
0
0
0
0
0
0
0
0
0
0
0
0
0
0
0
0
0
0
0
0
0
0
0
0
0
0
0
0
0
0
0
0
0
0
0
0
0
0
0
0
0
0
0
0
0
0
0
0
0
0
0
0
0
0
0
0
0
0
0
0
0
0
0
0
0
0
0
0
0
0
0
0
0
0
0
0
0
0
0
0
0
0
0
0
0
0
0
0
0
0
0
0
0
0
0
0
0
0
0
0
0
0
0
0
0
0
0
0
0
0
0
0
0
0
0
0
0
0
0
0
0
0
0
0
0
0
0
0
0
0
0
0
0
0
0
0
0
0
0
0
0
0
0
0
0
0
0
0
0
0
0
0
0
0
0
0
0
0
0
0
0
0
0
0
0
0
0
0
0
0
0
0
0
0
0
0
0
0
0
0
0
0
0
0
0
0
0
0
0
0
0
0
0
0
0
0
0
0
0
0
0
0
0
0
0
0
0
0
0
0
0
0
0
0
0
0
0
0
0
0
0
0
0
0
0
0
0
0
0
0
0
0
0
0
0
0
0
0
0
0
0
0
0
0
0
0
0
0
0
0
0
0
0
0
0
0
0
0
0
0
0
0
0
0
0
0
0
0
0
0
0
0
0
0
0
0
0
0
0
0
0
0
0
0
0
0
0
0
0
0
0
0
0
0
0
0
0
0
0
0
0
0
0
0
0
0
0
0
0
0
0
0
0
0
0
0
0
0
0
0
0
0
0
0
0
0
0
0
0
0
0
0
0
0
0
0
0
0
0
0
0
0
0
0
0
0
0
0
0
0
0
0
0
0
0
0
0
0
0
0
0
0
0
0
0
0
0
0
0
0
0
0
0
0
0
0
0
0
0
0
0
0
0
0
0
0
0
0
0
0
0
0
0
0
0
0
0
0
0
0
0
0
0
0
0
0
0
0
0
0
0
0
0
0
0
0
0
0
0
0
0
0
0
0
0
0
0
0
0
0
0
0
0
0
0
0
0
0
0
0
0
0
0
0
0
0
0
0
0
0
0
0
0
0
0
0
0
0
0
0
0
0
0
0
0
0
0
0
0
0
0
0
0
0
0
0
0
0
0
0
0
0
0
0
0
0
0
0
0
0
0
0
0
0
0
0
0
0
0
0
0
0
0
0
0
0
0
0
0
0
0
0
0
0
0
0
0
0
0
0
0
0
0
0
0
0
0
0
0
0
0
0
0
0
0
0
0
0
0
0
0
0
0
0
0
0
0
0
0
0
0
0
0
0
0
0
0
0
0
0
0
0
0
0
0
0
0
0
0
0
0
0
0
0
0
0
0
0
0
0
0
0
0
0
0
0
0
0
0
0
0
0
0
0
0
0
0
0
0
0
0
0
0
0
0
0
0
0
0
0
0
0
0
0
0
0
0
0
0
0
0
0
0
0
0
0
0
0
0
0
0
0
0
0
0
0
0
0
0
0
0
0
0
0
0
0
0
0
0
0
0
0
0
0
0
0
0
0
0
0
0
0
0
0
0
0
0
0
0
0
0
0
0
0
0
0
0
0
0
0
0
0
0
0
0
0
0
0
0
0
0
0
0
0
0
0
0
0
0
0
0
0
0
0
0
0
0
0
0
0
0
0
0
0
0
0
0
0
0
0
0
0
0
0
0
0
0
0
0
0
0
0
0
0
0
0
0
0
0
0
0
0
0
0
0
0
0
0
0
0
0
0
0
0
0
0
0
0
0
0
0
0
0
0
0
0
0
0
0
0
0
0
0
0
0
0
0
0
0
0
0
0
0
0
0
0
0
0
0
0
0
0
0
0
0
0
0
0
0
0
0
0
0
0
0
0
0
0
0
0
0
0
0
0
0
0
0
0
0
0
0
0
0
0
0
0
0
0
0
0
0
0
0
0
0
0
0
0
0
0
0
0
0
0
0
0
0
0
0
0
0
0
0
0
0
0
0
0
0
0
0
0
0
0
0
0
0
0
0
0
0
0
0
0
0
0
0
0
0
0
0
0
0
0
0
0
0
0
0
0
0
0
0
0
0
0
0
0
0
0
0
0
0
0
0
0
0
0
0
0
0
0
0
0
0
0
0
0
0
0
0
0
0
0
0
0
0
0
0
0
0
0
0
0
0
0
0
0
0
0
0
0
0
0
0
0
0
0
0
0
0
0
0
0
0
0
0
0
0
0
0
0
0
0
0
0
0
0
0
0
0
0
0
0
0
0
0
0
0
0
0
0
0
0
0
0
0
0
0
0
0
0
0
0
0
0
0
0
0
0
0
0
0
0
0
0
0
0
0
0
0
0
0
0
0
0
0
0
0
0
0
0
0
0
0
0
0
0
0
0
0
0
0
0
0
0
0
0
0
0
0
0
0
0
0
0
0
0
0
0
0
0
0
0
0
0
0
0
0
0
0
0
0
0
0
0
0
0
0
0
0
0
0
0
0
0
0
0
0
0
0
0
0
0
0
0
0
0
0
0
0
0
0
0
0
0
0
0
0
0
0
0
0
0
0
0
0
0
0
0
0
0
0
0
0
0
0
0
0
0
0
0
0
0
0
0
0
0
0
0
0
0
0
0
0
0
0
0
0
0
0
0
0
0
0
0
0
0
0
0
0
0
0
0
0
0
0
0
0
0
0
0
0
0
0
0
0
0
0
0
0
0
0
0
0
0
0
0
0
0
0
0
0
0
0
0
0
0
0
0
0
0
0
0
0
0
0
0
0
0
0
0
0
0
0
0
0
0
0
0
0
0
0
0
0
0
0
0
0
0
0
0
0
0
0
0
0
0
0
0
0
0
0
0
0
0
0
0
0
0
0
0
0
0
0
0
0
0
0
0
0
0
0
0
0
0
0
0
0
0
0
0
0
0
0
0
0
0
0
0
0
0
0
0
0
0
0
0
0
0
0
0
0
0
0
0
0
0
0
0
0
0
0
0
0
0
0
0
0
0
0
0
0
0
0
0
0
0
0
0
0
0
0
0
0
0
0
0
0
0
0
0
0
0
0
0
0
0
0
0
0
0
0
0
0
0
0
0
0
0
0
0
0
0
0
0
0
0
0
0
0
0
0
0
0
0
0
0
0
0
0
0
0
0
0
0
0
0
0
0
0
0
0
0
0
0
0
0
0
0
0
0
0
0
0
0
0
0
0
0
0
0
0
0
0
0
0
0
0
0
0
0
0
0
0
0
0
0
0
0
0
0
0
0
0
0
0
0
0
0
0
0
0
0
0
0
0
0
0
0
0
0
0
0
0
0
0
0
0
0
0
0
0
0
0
0
0
0
0
0
0
0
0
0
0
0
0
0
0
0
0
0
0
0
0
0
0
0
0
0
0
0
0
0
0
0
0
0
0
0
0
0
0
0
0
0
0
0
0
0
0
0
0
0
0
0
0
0
0
0
0
0
0
0
0
0
0
0
0
0
0
0
0
0
0
0
0
0
0
0
0
0
0
0
0
0
0
0
0
0
0
0
0
0
0
0
0
0
0
0
0
0
0
0
0
0
0
0
0
0
0
0
0
0
0
0
0
0
0
0
0
0
0
0
0
0
0
0
0
0
0
0
0
0
0
0
0
0
0
0
0
0
0
0
0
0
0
0
0
0
0
0
0
0
0
0
0
0
0
0
0
0
0
0
0
0
0
0
0
0
0
0
0
0
0
0
0
0
0
0
0
0
0
0
0
0
0
0
0
0
0
0
0
0
0
0
0
0
0
0
0
0
0
0
0
0
0
0
0
0
0
0
0
0
0
0
0
0
0
0
0
0
0
0
0
0
0
0
0
0
0
0
0
0
0
0
0
0
0
0
0
0
0
0
0
0
0
0
0
0
0
0
0
0
0
0
0
0
0
0
0
0
0
0
0
0
0
0
0
0
0
0
0
0
0
0
0
0
0
0
0
0
0
0
0
0
0
0
0
0
0
0
0
0
0
0
0
0
0
0
0
0
0
0
0
0
0
0
0
0
0
0
0
0
0
0
0
0
0
0
0
0
0
0
0
0
0
0
0
0
0
0
0
0
0
0
0
0
0
0
0
0
0
0
0
0
0
0
0
0
0
0
0
0
0
0
0
0
0
0
0
0
0
0
0
0
0
0
0
0
0
0
0
0
0
0
0
0
0
0
0
0
0
0
0
0
0
0
0
0
0
0
0
0
0
0
0
0
0
0
0
0
0
0
0
0
0
0
0
0
0
0
0
0
0
0
0
0
0
0
0
0
0
0
0
0
0
0
0
0
0
0
0
0
0
0
0
0
0
0
0
0
0
0
0
0
0
0
0
0
0
0
0
0
0
0
0
0
0
0
0
0
0
0
0
0
0
0
0
0
0
0
0
0
0
0
0
0
0
0
0
0
0
0
0
0
0
0
0
0
0
0
0
0
0
0
0
0
0
0
0
0
0
0
0
0
0
0
0
0
0
0
0
0
0
0
0
0
0
0
0
0
0
0
0
0
0
0
0
0
0
0
0
0
0
0
0
0
0
0
0
0
0
0
0
0
0
0
0
0
0
0
0
0
0
0
0
0
0
0
0
0
0
0
0
0
0
0
0
0
0
0
0
0
0
0
0
0
0
0
0
0
0
0
0
0
0
0
0
0
0
0
0
0
0
0
0
0
0
0
0
0
0
0
0
0
0
0
0
0
0
0
0
0
0
0
0
0
0
0
0
0
0
0
0
0
0
0
0
0
0
0
0
0
0
0
0
0
0
0
0
0
0
0
0
0
0
0
0
0
0
0
0
0
0
0
0
0
0
0
0
0
0
0
0
0
0
0
0
0
0
0
0
0
0
0
0
0
0
0
0
0
0
0
0
0
0
0
0
0
0
0
0
0
0
0
0
0
0
0
0
0
0
0
0
0
0
0
0
0
0
0
0
0
0
0
0
0
0
0
0
0
0
0
0
0
0
0
0
0
0
0
0
0
0
0
0
0
0
0
0
0
0
0
0
0
0
0
0
0
0
0
0
0
0
0
0
0
0
0
0
0
0
0
0
0
0
0
0
0
0
0
0
0
0
0
0
0
0
0
0
0
0
0
0
0
0
0
0
0
0
0
0
0
0
0
0
0
0
0
0
0
0
0
0
0
0
0
0
0
0
0
0
0
0
0
0
0
0
0
0
0
0
0
0
0
0
0
0
0
0
0
0
0
0
0
0
0
0
0
0
0
0
0
0
0
0
0
0
0
0
0
0
0
0
0
0
0
0
0
0
0
0
0
0
0
0
0
0
0
0
0
0
0
0
0
0
0
0
0
0
0
0
0
0
0
0
0
0
0
0
0
0
0
0
0
0
0
0
0
0
0
0
0
0
0
0
0
0
0
0
0
0
0
0
0
0
0
0
0
0
0
0
0
0
0
0
0
0
0
0
0
0
0
0
0
0
0
0
0
0
0
0
0
0
0
0
0
0
0
0
0
0
0
0
0
0
0
0
0
0
0
0
0
0
0
0
0
0
0
0
0
0
0
0
0
0
0
0
0
0
0
0
0
0
0
0
0
0
0
0
0
0
0
0
0
0
0
0
0
0
0
0
0
0
0
0
0
0
0
0
0
0
0
0
0
0
0
0
0
0
0
0
0
0
0
0
0
0
0
0
0
0
0
0
0
0
0
0
0
0
0
0
0
0
0
0
0
0
0
0
0
0
0
0
0
0
0
0
0
0
0
0
0
0
0
0
0
0
0
0
0
0
0
0
0
0
0
0
0
0
0
0
0
0
0
0
0
0
0
0
0
0
0
0
0
0
0
0
0
0
0
0
0
0
0
0
0
0
0
0
0
0
0
0
0
0
0
0
0
0
0
0
0
0
0
0
0
0
0
0
0
0
0
0
0
0
0
0
0
0
0
0
0
0
0
0
0
0
0
0
0
0
0
0
0
0
0
0
0
0
0
0
0
0
0
0
0
0
0
0
0
0
0
0
0
0
0
0
0
0
0
0
0
0
0
0
0
0
0
0
0
0
0
0
0
0
0
0
0
0
0
0
0
0
0
0
0
0
0
0
0
0
0
0
0
0
0
0
0
0
0
0
0
0
0
0
0
0
0
0
0
0
0
0
0
0
0
0
0
0
0
0
0
0
0
0
0
0
0
0
0
0
0
0
0
0
0
0
0
0
0
0
0
0
0
0
0
0
0
0
0
0
0
0
0
0
0
0
0
0
0
0
0
0
0
0
0
0
0
0
0
0
0
0
0
0
0
0
0
0
0
0
0
0
0
0
0
0
0
0
0
0
0
0
0
0
0
0
0
0
0
0
0
0
0
0
0
0
0
0
0
0
0
0
0
0
0
0
0
0
0
0
0
0
0
0
0
0
0
0
0
0
0
0
0
0
0
0
0
0
0
0
0
0
0
0
0
0
0
0
0
0
0
0
0
0
0
0
0
0
0
0
0
0
0
0
0
0
0
0
0
0
0
0
0
0
0
0
0
0
0
0
0
0
0
0
0
0
0
0
0
0
0
0
0
0
0
0
0
0
0
0
0
0
0
0
0
0
0
0
0
0
0
0
0
0
0
0
0
0
0
0
0
0
0
0
0
0
0
0
0
0
0
0
0
0
0
0
0
0
0
0
0
0
0
0
0
0
0
0
0
0
0
0
0
0
0
0
0
0
0
0
0
0
0
0
0
0
0
0
0
0
0
0
0
0
0
0
0
0
0
0
0
0
0
0
0
0
0
0
0
0
0
0
0
0
0
0
0
0
0
0
0
0
0
0
0
0
0
0
0
0
0
0
0
0
0
0
0
0
0
0
0
0
0
0
0
0
0
0
0
0
0
0
0
0
0
0
0
0
0
0
0
0
0
0
0
0
0
0
0
0
0
0
0
0
0
0
0
0
0
0
0
0
0
0
0
0
0
0
0
0
0
0
0
0
0
0
0
0
0
0
0
0
0
0
0
0
0
0
0
0
0
0
0
0
0
0
0
0
0
0
0
0
0
0
0
0
0
0
0
0
0
0
0
0
0
0
0
0
0
0
0
0
0
0
0
0
0
0
0
0
0
0
0
0
0
0
0
0
0
0
0
0
0
0
0
0
0
0
0
0
0
0
0
0
0
0
0
0
0
0
0
0
0
0
0
0
0
0
0
0
0
0
0
0
0
0
0
0
0
0
0
0
0
0
0
0
0
0
0
0
0
0
0
0
0
0
0
0
0
0
0
0
0
0
0
0
0
0
0
0
0
0
0
0
0
0
0
0
0
0
0
0
0
0
0
0
0
0
0
0
0
0
0
0
0
0
0
0
0
0
0
0
0
0
0
0
0
0
0
0
0
0
0
0
0
0
0
0
0
0
0
0
0
0
0
0
0
0
0
0
0
0
0
0
0
0
0
0
0
0
0
0
0
0
0
0
0
0
0
0
0
0
0
0
0
0
0
0
0
0
0
0
0
0
0
0
0
0
0
0
0
0
0
0
0
0
0
0
0
0
0
0
0
0
0
0
0
0
0
0
0
0
0
0
0
0
0
0
0
0
0
0
0
0
0
0
0
0
0
0
0
0
0
0
0
0
0
0
0
0
0
0
0
0
0
0
0
0
0
0
0
0
0
0
0
0
0
0
0
0
0
0
0
0
0
0
0
0
0
0
0
0
0
0
0
0
0
0
0
0
0
0
0
0
0
0
0
0
0
0
0
0
0
0
0
0
0
0
0
0
0
0
0
0
0
0
0
0
0
0
0
0
0
0
0
0
0
0
0
0
0
0
0
0
0
0
0
0
0
0
0
0
0
0
0
0
0
0
0
0
0
0
0
0
0
0
0
0
0
0
0
0
0
0
0
0
0
0
0
0
0
0
0
0
0
0
0
0
0
0
0
0
0
0
0
0
0
0
0
0
0
0
0
0
0
0
0
0
0
0
0
0
0
0
0
0
0
0
0
0
0
0
0
0
0
0
0
0
0
0
0
0
0
0
0
0
0
0
0
0
0
0
0
0
0
0
0
0
0
0
0
0
0
0
0
0
0
0
0
0
0
0
0
0
0
0
0
0
0
0
0
0
0
0
0
0
0
0
0
0
0
0
0
0
0
0
0
0
0
0
0
0
0
0
0
0
0
0
0
0
0
0
0
0
0
0
0
0
0
0
0
0
0
0
0
0
0
0
0
0
0
0
0
0
0
0
0
0
0
0
0
0
0
0
0
0
0
0
0
0
0
0
0
0
0
0
0
0
0
0
0
0
0
0
0
0
0
0
0
0
0
0
0
0
0
0
0
0
0
0
0
0
0
0
0
0
0
0
0
0
0
0
0
0
0
0
0
0
0
0
0
0
0
0
0
0
0
0
0
0
0
0
0
0
0
0
0
0
0
0
0
0
0
0
0
0
0
0
0
0
0
0
0
0
0
0
0
0
0
0
0
0
0
0
0
0
0
0
0
0
0
0
0
0
0
0
0
0
0
0
0
0
0
0
0
0
0
0
0
0
0
0
0
0
0
0
0
0
0
0
0
0
0
0
0
0
0
0
0
0
0
0
0
0
0
0
0
0
0
0
0
0
0
0
0
0
0
0
0
0
0
0
0
0
0
0
0
0
0
0
0
0
0
0
0
0
0
0
0
0
0
0
0
0
0
0
0
0
0
0
0
0
0
0
0
0
0
0
0
0
0
0
0
0
0
0
0
0
0
0
0
0
0
0
0
0
0
0
0
0
0
0
0
0
0
0
0
0
0
0
0
0
0
0
0
0
0
0
0
0
0
0
0
0
0
0
0
0
0
0
0
0
0
0
0
0
0
0
0
0
0
0
0
0
0
0
0
0
0
0
0
0
0
0
0
0
0
0
0
0
0
0
0
0
0
0
0
0
0
0
0
0
0
0
0
0
0
0
0
0
0
0
0
0
0
0
0
0
0
0
0
0
0
0
0
0
0
0
0
0
0
0
0
0
0
0
0
0
0
0
0
0
0
0
0
0
0
0
0
0
0
0
0
0
0
0
0
0
0
0
0
0
0
0
0
0
0
0
0
0
0
0
0
0
0
0
0
0
0
0
0
0
0
0
0
0
0
0
0
0
0
0
0
0
0
0
0
0
0
0
0
0
0
0
0
0
0
0
0
0
0
0
0
0
0
0
0
0
0
0
0
0
0
0
0
0
0
0
0
0
0
0
0
0
0
0
0
0
0
0
0
0
0
0
0
0
0
0
0
0
0
0
0
0
0
0
0
0
0
0
0
0
0
0
0
0
0
0
0
0
0
0
0
0
0
0
0
0
0
0
0
0
0
0
0
0
0
0
0
0
0
0
0
0
0
0
0
0
0
0
0
0
0
0
0
0
0
0
0
0
0
0
0
0
0
0
0
0
0
0
0
0
0
0
0
0
0
0
0
0
0
0
0
0
0
0
0
0
0
0
0
0
0
0
0
0
0
0
0
0
0
0
0
0
0
0
0
0
0
0
0
0
0
0
0
0
0
0
0
0
0
0
0
0
0
0
0
0
0
0
0
0
0
0
0
0
0
0
0
0
0
0
0
0
0
0
0
0
0
0
0
0
0
0
0
0
0
0
0
0
0
0
0
0
0
0
0
0
0
0
0
0
0
0
0
0
0
0
0
0
0
0
0
0
0
0
0
0
0
0
0
0
0
0
0
0
0
0
0
0
0
0
0
0
0
0
0
0
0
0
0
0
0
0
0
0
0
0
0
0
0
0
0
0
0
0
0
0
0
0
0
0
0
0
0
0
0
0
0
0
0
0
0
0
0
0
0
0
0
0
0
0
0
0
0
0
0
0
0
0
0
0
0
0
0
0
0
0
0
0
0
0
0
0
0
0
0
0
0
0
0
0
0
0
0
0
0
0
0
0
0
0
0
0
0
0
0
0
0
0
0
0
0
0
0
0
0
0
0
0
0
0
0
0
0
0
0
0
0
0
0
0
0
0
0
0
0
0
0
0
0
0
0
0
0
0
0
0
0
0
0
0
0
0
0
0
0
0
0
0
0
0
0
0
0
0
0
0
0
0
0
0
0
0
0
0
0
0
0
0
0
0
0
0
0
0
0
0
0
0
0
0
0
0
0
0
0
0
0
0
0
0
0
0
0
0
0
0
0
0
0
0
0
0
0
0
0
0
0
0
0
0
0
0
0
0
0
0
0
0
0
0
0
0
0
0
0
0
0
0
0
0
0
0
0
0
0
0
0
0
0
0
0
0
0
0
0
0
0
0
0
0
0
0
0
0
0
0
0
0
0
0
0
0
0
0
0
0
0
0
0
0
0
0
0
0
0
0
0
0
0
0
0
0
0
0
0
0
0
0
0
0
0
0
0
0
0
0
0
0
0
0
0
0
0
0
0
0
0
0
0
0
0
0
0
0
0
0
0
0
0
0
0
0
0
0
0
0
0
0
0
0
0
0
0
0
0
0
0
0
0
0
0
0
0
0
0
0
0
0
0
0
0
0
0
0
0
0
0
0
0
0
0
0
0
0
0
0
0
0
0
0
0
0
0
0
0
0
0
0
0
0
0
0
0
0
0
0
0
0
0
0
0
0
0
0
0
0
0
0
0
0
0
0
0
0
0
0
0
0
0
0
0
0
0
0
0
0
0
0
0
0
0
0
0
0
0
0
0
0
0
0
0
0
0
0
0
0
0
0
0
0
0
0
0
0
0
0
0
0
0
0
0
0
0
0
0
0
0
0
0
0
0
0
0
0
0
0
0
0
0
0
0
0
0
0
0
0
0
0
0
0
0
0
0
0
0
0
0
0
0
0
0
0
0
0
0
0
0
0
0
0
0
0
0
0
0
0
0
0
0
0
0
0
0
0
0
0
0
0
0
0
0
0
0
0
0
0
0
0
0
0
0
0
0
0
0
0
0
0
0
0
0
0
0
0
0
0
0
0
0
0
0
0
0
0
0
0
0
0
0
0
0
0
0
0
0
0
0
0
0
0
0
0
0
0
0
0
0
0
0
0
0
0
0
0
0
0
0
0
0
0
0
0
0
0
0
0
0
0
0
0
0
0
0
0
0
0
0
0
0
0
0
0
0
0
0
0
0
0
0
0
0
0
0
0
0
0
0
0
0
0
0
0
0
0
0
0
0
0
0
0
0
0
0
0
0
0
0
0
0
0
0
0
0
0
0
0
0
0
0
0
0
0
0
0
0
0
0
0
0
0
0
0
0
0
0
0
0
0
0
0
0
0
0
0
0
0
0
0
0
0
0
0
0
0
0
0
0
0
0
0
0
0
0
0
0
0
0
0
0
0
0
0
0
0
0
0
0
0
0
0
0
0
0
0
0
0
0
0
0
0
0
0
0
0
0
0
0
0
0
0
0
0
0
0
0
0
0
0
0
0
0
0
0
0
0
0
0
0
0
0
0
0
0
0
0
0
0
0
0
0
0
0
0
0
0
0
0
0
0
0
0
0
0
0
0
0
0
0
0
0
0
0
0
0
0
0
0
0
0
0
0
0
0
0
0
0
0
0
0
0
0
0
0
0
0
0
0
0
0
0
0
0
0
0
0
0
0
0
0
0
0
0
0
0
0
0
0
0
0
0
0
0
0
0
0
0
0
0
0
0
0
0
0
0
0
0
0
0
0
0
0
0
0
0
0
0
0
0
0
0
0
0
0
0
0
0
0
0
0
0
0
0
0
0
0
0
0
0
0
0
0
0
0
0
0
0
0
0
0
0
0
0
0
0
0
0
0
0
0
0
0
0
0
0
0
0
0
0
0
0
0
0
0
0
0
0
0
0
0
0
0
0
0
0
0
0
0
0
0
0
0
0
0
0
0
0
0
0
0
0
0
0
0
0
0
0
0
0
0
0
0
0
0
0
0
0
0
0
0
0
0
0
0
0
0
0
0
0
0
0
0
0
0
0
0
0
0
0
0
0
0
0
0
0
0
0
0
0
0
0
0
0
0
0
0
0
0
0
0
0
0
0
0
0
0
0
0
0
0
0
0
0
0
0
0
0
0
0
0
0
0
0
0
0
0
0
0
0
0
0
0
0
0
0
0
0
0
0
0
0
0
0
0
0
0
0
0
0
0
0
0
0
0
0
0
0
0
0
0
0
0
0
0
0
0
0
0
0
0
0
0
0
0
0
0
0
0
0
0
0
0
0
0
0
0
0
0
0
0
0
0
0
0
0
0
0
0
0
0
0
0
0
0
0
0
0
0
0
0
0
0
0
0
0
0
0
0
0
0
0
0
0
0
0
0
0
0
0
0
0
0
0
0
0
0
0
0
0
0
0
0
0
0
0
0
0
0
0
0
0
0
0
0
0
0
0
0
0
0
0
0
0
0
0
0
0
0
0
0
0
0
0
0
0
0
0
0
0
0
0
0
0
0
0
0
0
0
0
0
0
0
0
0
0
0
0
0
0
0
0
0
0
0
0
0
0
0
0
0
0
0
0
0
0
0
0
0
0
0
0
0
0
0
0
0
0
0
0
0
0
0
0
0
0
0
0
0
0
0
0
0
0
0
0
0
0
0
0
0
0
0
0
0
0
0
0
0
0
0
0
0
0
0
0
0
0
0
0
0
0
0
0
0
0
0
0
0
0
0
0
0
0
0
0
0
0
0
0
0
0
0
0
0
0
0
0
0
0
0
0
0
0
0
0
0
0
0
0
0
0
0
0
0
0
0
0
0
0
0
0
0
0
0
0
0
0
0
0
0
0
0
0
0
0
0
0
0
0
0
0
0
0
0
0
0
0
0
0
0
0
0
0
0
0
0
0
0
0
0
0
0
0
0
0
0
0
0
0
0
0
0
0
0
0
0
0
0
0
0
0
0
0
0
0
0
0
0
0
0
0
0
0
0
0
0
0
0
0
0
0
0
0
0
0
0
0
0
0
0
0
0
0
0
0
0
0
0
0
0
0
0
0
0
0
0
0
0
0
0
0
0
0
0
0
0
0
0
0
0
0
0
0
0
0
0
0
0
0
0
0
0
0
0
0
0
0
0
0
0
0
0
0
0
0
0
0
0
0
0
0
0
0
0
0
0
0
0
0
0
0
0
0
0
0
0
0
0
0
0
0
0
0
0
0
0
0
0
0
0
0
0
0
0
0
0
0
0
0
0
0
0
0
0
0
0
0
0
0
0
0
0
0
0
0
0
0
0
0
0
0
0
0
0
0
0
0
0
0
0
0
0
0
0
0
0
0
0
0
0
0
0
0
0
0
0
0
0
0
0
0
0
0
0
0
0
0
0
0
0
0
0
0
0
0
0
0
0
0
0
0
0
0
0
0
0
0
0
0
0
0
0
0
0
0
0
0
0
0
0
0
0
0
0
0
0
0
0
0
0
0
0
0
0
0
0
0
0
0
0
0
0
0
0
0
0
0
0
0
0
0
0
0
0
0
0
0
0
0
0
0
0
0
0
0
0
0
0
0
0
0
0
0
0
0
0
0
0
0
0
0
0
0
0
0
0
0
0
0
0
0
0
0
0
0
0
0
0
0
0
0
0
0
0
0
0
0
0
0
0
0
0
0
0
0
0
0
0
0
0
0
0
0
0
0
0
0
0
0
0
0
0
0
0
0
0
0
0
0
0
0
0
0
0
0
0
0
0
0
0
0
0
0
0
0
0
0
0
0
0
0
0
0
0
0
0
0
0
0
0
0
0
0
0
0
0
0
0
0
0
0
0
0
0
0
0
0
0
0
0
0
0
0
0
0
0
0
0
0
0
0
0
0
0
0
0
0
0
0
0
0
0
0
0
0
0
0
0
0
0
0
0
0
0
0
0
0
0
0
0
0
0
0
0
0
0
0
0
0
0
0
0
0
0
0
0
0
0
0
0
0
0
0
0
0
0
0
0
0
0
0
0
0
0
0
0
0
0
0
0
0
0
0
0
0
0
0
0
0
0
0
0
0
0
0
0
0
0
0
0
0
0
0
0
0
0
0
0
0
0
0
0
0
0
0
0
0
0
0
0
0
0
0
0
0
0
0
0
0
0
0
0
0
0
0
0
0
0
0
0
0
0
0
0
0
0
0
0
0
0
0
0
0
0
0
0
0
0
0
0
0
0
0
0
0
0
0
0
0
0
0
0
0
0
0
0
0
0
0
0
0
0
0
0
0
0
0
0
0
0
0
0
0
0
0
0
0
0
0
0
0
0
0
0
0
0
0
0
0
0
0
0
0
0
0
0
0
0
0
0
0
0
0
0
0
0
0
0
0
0
0
0
0
0
0
0
0
0
0
0
0
0
0
0
0
0
0
0
0
0
0
0
0
0
0
0
0
0
0
0
0
0
0
0
0
0
0
0
0
0
0
0
0
0
0
0
0
0
0
0
0
0
0
0
0
0
0
0
0
0
0
0
0
0
0
0
0
0
0
0
0
0
0
0
0
0
0
0
0
0
0
0
0
0
0
0
0
0
0
0
0
0
0
0
0
0
0
0
0
0
0
0
0
0
0
0
0
0
0
0
