-123
1405
-3522
273
-3320
-2666
-3551
-20
1918
-4013
715
-3366
-3391
-3072
121
1240
-151
902
-2470
-3497
-2184
-3516
-13044
-255
979
-3147
-3502
-2599
-3929
-15359
138
718
-331
1263
-6829
-246
-5466
-6095
-5805
-169
2080
-7766
-532
-5705
-6264
-4135
124
1706
-19
1331
-2085
-5752
-2548
-5712
-17109
-51
633
-2231
-5388
-4592
-6177
-18943
285
1429
-260
731
-4306
-1305
-3973
-4156
-4322
-76
982
-4895
-1675
-3413
-4756
-2974
-49
1117
84
-235
-1605
-3771
-1853
-4136
-15816
43
-1516
-1600
-4500
-3420
-4430
-18050
210
-1062
-140
588
-2317
-258
-2428
-891
-2307
-174
-541
-2791
-435
-899
-2276
-2454
37
-469
294
-447
-2790
-2508
-731
-2241
-19107
-64
-1427
-2746
-2370
-1935
-2076
-20453
184
-623
63
1216
-1031
-1096
-1688
-666
-1758
-213
-207
-3025
-2797
-2745
-3738
-533
197
-319
161
-343
-1046
-2375
-980
-1738
-23047
-246
801
-2927
-3129
-3611
-3447
-16603
-66
1620
-116
1364
-1762
-2978
-3429
-2661
-3458
-304
1269
-1823
-3472
-4325
-3737
-1639
65
2019
100
-589
113
-4267
-1610
-3441
-19043
-106
-665
-1614
-3775
-2728
-3741
-21561
82
-673
-206
905
-2221
-1707
-2761
-1900
-2583
-295
1686
-3147
-2206
-3156
-3068
-1153
57
2271
28
-113
-678
-3727
-402
-2530
-20578
-160
-278
-1376
-3368
-2522
-3344
-20639
59
-297
-170
615
-5055
-1307
-2477
-4182
-3833
-215
501
-5349
-1591
-2561
-4241
-1431
137
242
-147
-553
-1412
-5084
-1048
-3834
-11756
-361
-736
-1370
-4452
-3692
-4412
-14030
-77
-606
-29
-349
-4500
2736
-4375
-2688
-3746
16
-1356
-4527
4161
-3794
-3712
-4001
59
-683
-88
1644
-2794
-4339
-3682
-3915
-12017
-343
1228
-4323
-2914
-4484
-3862
-15923
36
703
-300
-1094
-8022
1116
-7650
-6778
-6665
-164
-1361
-9401
254
-7907
-7779
-2620
12
278
-125
524
-2222
-6748
-2877
-6506
-13478
-160
1280
-4745
-7097
-5951
-7520
-15368
151
2069
-322
-862
-3478
-57
-3588
-4128
-4015
-224
-664
-5536
-2057
-4363
-6142
-940
-138
-76
62
-184
-2718
-1995
-2512
-3705
-17741
85
-2432
-5741
-4687
-4984
-5323
-12514
260
-1901
-132
117
-2458
-235
-2683
-923
-2547
-151
1079
-2765
-351
-2233
-2014
-820
-32
1404
206
734
-2766
-1766
-2216
-2497
-22375
-123
-180
-4647
-1755
-2712
-2228
-25197
120
-435
-8
749
-2441
-4208
-4788
-3440
-4681
-117
1881
-1824
-4662
-5487
-3970
-1368
126
1143
-1
128
-203
-5397
-3298
-4863
-15868
-361
529
-2304
-3788
-3793
-4165
-22603
-96
1937
-82
908
-2471
-4815
-5028
-3698
-4555
-79
205
-3355
-5485
-7194
-5935
-927
-85
87
6
-104
1914
-5326
-3427
-4649
-19510
-74
269
-1957
-6085
-4855
-6156
-19420
118
229
-113
898
-5029
-4585
-6998
-4434
-5070
-66
597
-6181
-4602
-9011
-5801
-977
-121
441
-134
-677
-1435
-6445
2470
-4955
-18593
-157
72
-5003
-5809
-741
-6596
-16307
96
-312
-97
965
-6273
-3800
-6766
-4363
-4693
68
318
-7017
-3880
-7529
-5359
212
203
519
-312
-1300
-826
-5919
2698
-4765
-20258
-497
-1276
-3617
-5002
-1964
-6071
-19175
-102
-1068
51
-1211
-3041
-6
-916
251
-1882
-59
-1727
-3318
1073
-1103
-1286
-1618
58
-1094
-13
1007
-905
-2202
-3092
-1976
-15086
-221
450
-832
-1491
-3204
-1358
-19175
147
318
49
-2153
-4042
537
-4058
-1751
-2826
-146
-2185
-6328
1048
-4614
-4161
-1068
-34
-1676
61
336
-828
-2154
-1777
-2803
-24170
-106
158
-3528
-4797
-3941
-4250
-21981
130
-439
17
-1956
-3186
983
-3602
-2552
-2998
-15
-1474
-3362
1239
-2715
-3068
-677
11
-1765
97
-165
-2449
-2142
-1902
-2952
-18079
-122
-98
-4175
-3519
-3199
-2787
-22897
125
166
-86
427
-4296
-1577
-6048
-3714
-4111
-117
2111
-4792
-2106
-5143
-4263
-691
111
1160
-4
2175
-2176
-4229
695
-4014
-22451
-265
3387
-3799
-4776
-3243
-4339
-25072
-105
3802
32
253
-5288
-3411
-7700
-7562
-7180
-107
2076
-4677
-4970
-7500
-6870
-1253
182
1659
-205
-143
-2112
-8410
-1540
-7173
-8631
-335
-1727
-3864
-6588
-6413
-7075
-15572
-130
-1143
-11
-906
-2645
-1517
-5121
-2617
-3438
-148
-893
-4504
-2758
-5580
-6177
-564
-125
-977
109
-254
-1820
-4425
331
-3396
-23218
-143
-1279
-4566
-6173
-4194
-6235
-17815
75
-562
-16
-1428
-5071
-2933
-5967
-2017
-3946
19
-655
-6273
-3706
-5467
-5068
-1558
32
-208
-200
437
-3059
-5002
2717
-3748
-19781
-330
1740
-4972
-5686
-1115
-5865
-14480
77
585
138
-805
-6824
-4250
-8255
-3691
-5346
319
-878
-6214
-3633
-6119
-4308
-1759
211
-809
-400
-1793
-1955
-5971
3266
-5098
-14617
-642
-2149
-3350
-4366
-904
-5474
-17374
-264
-2307
-34
-409
-987
-1259
498
-68
-1262
-130
388
-2508
-1907
-1628
-1925
794
-90
30
-60
1479
-1158
-944
-2109
-1159
-22784
-333
592
-2066
-1582
-3276
-1665
-21478
117
1077
38
269
-2472
338
-2807
-1485
-1919
-169
736
-5812
-152
-5436
-4586
-1331
-77
312
43
482
-1367
-1538
-968
-1878
-24752
-138
-608
-4157
-4690
-3046
-4578
-15520
70
-1208
-61
954
-3829
88
-3627
-3422
-3446
-159
790
-2977
1217
-2963
-2553
-2182
71
309
286
333
-1380
-3659
-1827
-3482
-13508
14
555
-1759
-2808
-1594
-2371
-23806
176
495
-36
486
-4258
-1668
-5309
-4282
-3846
-191
-1655
-5010
-657
-5480
-4772
-1275
176
-1672
142
549
-1703
-5034
1337
-3970
-17765
-233
1768
-2523
-5202
-2634
-4558
-20446
-57
2395
78
-1847
-4413
-3058
-6003
-5813
-5297
-108
-3918
-5161
-3366
-6486
-6428
-1393
257
-3375
-133
-759
-2001
-5554
331
-5124
-18301
-297
-1361
-3219
-6502
-5027
-6408
-18209
-178
-1180
30
-1083
-1791
-1653
-1508
-1521
-1977
-1
134
-3867
-2229
-4634
-5232
-1836
53
-422
44
-648
-1520
-1595
-696
-1844
-29074
-170
-732
-2782
-5184
-3021
-4643
-19903
81
-14
248
-486
-4346
-1619
-3605
-2997
-3457
77
1140
-5268
-1041
-5164
-5298
-3698
219
519
-289
618
-3586
-2851
835
-3397
-23561
-555
2805
-4737
-5599
-1419
-4923
-17090
-260
1685
281
-681
-4858
-2094
-4926
-2820
-3739
335
-893
-3987
-1299
-3754
-2807
-565
262
-1019
-448
-1427
-2166
-3366
1539
-3607
-19048
-664
-2327
-3286
-3398
-1083
-3539
-22483
-396
-2941
138
552
-22
-2136
-1209
-1843
-2332
13
1719
-1653
-3364
-4202
-3911
2040
23
770
-203
2103
-2506
-2025
-1132
-2172
-27404
-190
1628
-5067
-3679
-3943
-3573
-24706
109
1469
27
1116
-3332
-2373
-4735
-3644
-3903
-96
1652
-4729
-2674
-7436
-4815
-105
-27
-49
31
877
-3203
-3320
995
-3875
-23071
-173
-372
-5316
-4850
-1749
-5141
-21667
145
-259
-189
442
-3646
1265
-3866
-3700
-3461
-295
420
-4780
1004
-6029
-4871
-825
-48
242
234
724
-2063
-3522
-2886
-3610
-13527
23
-589
-4767
-4555
-4227
-4181
-13284
134
-378
-34
254
-2856
-239
-1899
-1940
-2040
-156
-72
-3608
-53
-2768
-2862
475
-44
-710
312
-487
-1498
-1347
-1326
-2112
-20049
-60
-1199
-3279
-2701
-3192
-2460
-21210
-80
31
12
749
-2401
-2587
-105
-1596
-2120
-123
1167
-5072
-4193
-3261
-4953
-1628
-107
508
118
-244
-849
-1321
-2873
-2151
-22170
-45
-383
-2560
-5067
-4078
-5291
-10689
-5
145
-142
469
-4231
-2566
-1736
-2677
-2969
-173
1876
-5344
-1272
-4727
-4546
-4474
-126
734
46
423
-971
-2198
-1549
-2916
-20142
66
1746
-2935
-4739
-312
-4176
-15675
36
1638
-7
662
-7115
-2985
-5643
-5870
-5715
-65
960
-7116
-582
-6606
-5656
-5032
140
22
-211
-629
-4865
-4020
2122
-5557
-11682
-229
789
-5460
-5763
713
-5817
-11666
-70
472
229
166
-4359
-1427
-3685
-3314
-3468
163
-274
-3894
-653
-3160
-3192
-1377
223
-684
-471
-1761
-3713
-2682
1393
-3450
-16943
-475
-2911
-4074
-3468
-20
-3313
-20724
-271
-2281
230
-73
-1664
-1423
-3799
-3240
-3770
235
-429
-2912
-2636
-4738
-5484
1207
17
464
-223
1883
-2362
-2173
-3198
-3747
-21412
-52
1230
-6004
-5446
-6534
-5231
-20067
-10
790
172
933
-2981
-728
-3898
-3924
-3472
144
326
-5097
-1300
-5088
-6100
1192
-7
359
-27
425
-3347
-901
-2005
-3656
-17374
32
-419
-6910
-6468
-6155
-5660
-12628
86
375
111
463
-2703
-1607
-2707
-2875
-2520
44
-864
-4603
-1775
-4540
-4386
2719
-67
-690
227
-93
-1796
650
-1957
-2562
-21252
118
-1284
-5398
-4511
-4860
-3873
-17315
94
-1110
116
858
-3125
-1902
-2045
-2200
-2384
35
725
-4514
-2935
-3257
-3246
3627
-117
1050
262
-427
-1208
108
-935
-2404
-25757
67
734
-5030
-3326
-4514
-3914
-23079
1
844
-70
-196
-3679
-3767
-1865
-3795
-3798
-86
-314
-5288
-4727
-3923
-4879
1362
-214
-483
154
316
-1120
-2949
-1857
-3892
-16694
124
-210
-4130
-5266
-5044
-5821
-13600
87
-2
-166
16
-5321
-5406
-2155
-5363
-4559
-79
-1145
-6047
-4013
-1531
-5238
-3523
-199
-1580
183
309
-1627
-2131
-740
-4394
-15637
139
8
-3527
-5111
-2064
-4371
-15406
147
148
-143
-1630
-7175
-5673
-3235
-6296
-6198
228
-1741
-7386
-3853
-1528
-4763
-2671
0
-2084
-230
-1570
-5277
-2183
1515
-5801
-14399
2
-500
-6293
-5879
-707
-4734
-17762
40
-286
21
-283
-4008
-1186
-1398
-2953
-3425
142
-583
-4427
-995
-845
-3302
-1268
112
-198
-417
-1865
-4313
-1434
-1059
-3477
-18906
-219
-3290
-5100
-3559
-2056
-3536
-20690
-144
-2310
-86
-624
-3344
323
-3527
-2795
-3586
-29
-257
-4842
-912
-4845
-4950
559
-116
77
-206
1578
-1572
-2196
-4472
-3644
-20285
-37
1841
-5085
-5179
-7462
-4499
-18404
29
1661
69
-337
-4647
-1046
-2675
-3559
-3797
-20
311
-5633
-1080
-5077
-4760
600
-39
79
-35
543
-573
-1626
-4844
-3898
-18333
-14
-1436
-4262
-6072
-6879
-4811
-17193
-63
-1597
118
230
-4785
-2427
-4564
-2956
-3372
-87
816
-5762
-1545
-6067
-3671
567
-2
913
139
1853
-315
-809
-1824
-3308
-23271
16
1399
-3769
-5035
-3279
-4015
-23828
23
1691
-76
1011
-5026
-4216
-5339
-4009
-4003
1
835
-7270
-5079
-8233
-5503
727
-62
430
-10
313
-593
-2879
1210
-4085
-14416
130
141
-4581
-7013
-2068
-6054
-5914
89
443
-232
362
-3712
-3839
-3552
-3359
-3053
-81
-507
-5238
-3139
-5040
-4700
-112
-201
74
161
-351
-948
-1987
1361
-3020
-24530
195
-1311
-3827
-5302
-1919
-4093
-21090
68
-1490
-322
-1217
-3448
-4029
-1657
-2798
-2447
-185
-2001
-4433
-3033
-935
-4194
-2508
-262
-414
316
-769
-892
-146
332
-2314
-27540
223
-58
-2871
-4080
-2061
-2327
-24639
294
-359
-319
-1553
-5329
-6118
-1085
-5160
-5327
-14
-1424
-5188
-4538
-415
-4282
-3630
-97
-683
-174
-433
-3411
-2561
-1049
-5077
-22702
132
369
-4586
-6064
-1756
-3900
-25645
231
27
-215
-652
-2908
-1516
61
-2763
-2979
-96
-323
-3873
-2456
-955
-4121
-539
-76
378
-294
-1451
-2091
-1980
-2764
-2980
-21817
-1
-1640
-3780
-4098
-4067
-3747
-20757
14
-789
-222
-1137
-2560
-464
-1927
-1780
-2506
-265
-1203
-2925
-908
-3910
-2588
562
-96
-1309
-134
1165
-2013
-2383
-1350
-2496
-16500
-230
1808
-2606
-2797
-4676
-2403
-18658
-17
1650
-294
-1499
-2907
-1483
-1845
-2586
-3006
-395
-1568
-3995
-2492
-4717
-3635
1466
-137
-1576
1
816
-860
-3218
-2079
-2955
-17527
-195
-730
-2401
-4207
-7035
-3700
-17575
17
-892
-431
-1123
-3777
-2962
-3470
-1344
-2870
-396
-957
-4674
-3987
-3010
-2393
707
-239
-497
116
1863
568
-1838
-2159
-2788
-20942
74
1952
-670
-3592
-5657
-3326
-23817
257
1742
-541
-1167
-4974
-3670
-3082
-2120
-3872
-373
-914
-5219
-3985
-3552
-2455
154
-268
-837
35
734
-1830
-2275
-1389
-3679
-18310
157
166
-2412
-4325
-4461
-4330
-22406
253
-133
-550
-960
-2843
-3369
-3285
-2061
-2984
-382
-633
-2936
-3537
-2860
-2858
-1264
-343
-540
122
-995
-3514
-1675
1400
-2931
-12445
100
-1147
-3517
-3821
-2376
-4075
-12024
231
-804
-530
-1134
-2056
-2146
-758
-1623
-1808
-455
-593
-2171
-2047
-1102
-2034
-1652
-305
-384
168
-1234
-2602
-263
-361
-1758
-16811
100
-689
-3023
-2572
-2248
-2202
-16951
288
47
-636
-736
-2631
-2121
-1224
-2464
-2702
-383
-634
-4847
-3371
-2481
-4436
-1990
-151
-696
-123
-291
-3301
-2629
219
-2580
-20580
36
-189
-5583
-5693
-3275
-4382
-11756
288
-270
-418
-1165
-1963
-733
-453
-1940
-2059
-394
-1582
-3213
-2200
-1310
-3904
685
-204
-1374
-199
-1405
-2671
-1917
-468
-1936
-20281
-32
-1226
-4565
-3858
-4158
-3806
-16402
135
-916
0
0
0
0
0
0
0
0
0
0
0
-2646
-781
-2625
-1495
-2358
0
0
0
0
0
0
0
0
0
0
0
-139
-2430
-1787
-2375
-14717
0
0
0
0
0
0
0
0
0
0
0
-3348
-1167
-3686
-2911
-3514
0
0
0
0
0
0
0
0
0
0
0
-434
-3185
-2414
-3364
-22342
0
0
0
0
0
0
0
0
0
0
0
-3900
-2166
-3525
-1890
-3300
0
0
0
0
0
0
0
0
0
0
0
-820
-2549
-1820
-3099
-15561
0
0
0
0
0
0
0
0
0
0
0
-3272
-1849
-2695
1612
-2514
0
0
0
0
0
0
0
0
0
0
0
-2451
-2492
-1661
-2366
-16081
0
0
0
0
0
0
0
0
0
0
0
-2701
-2518
-2301
1302
-2356
0
0
0
0
0
0
0
0
0
0
0
-947
-2724
-2097
-2258
-16493
0
0
0
0
0
0
0
0
0
0
0
-2549
-2471
-2826
-803
-2203
0
0
0
0
0
0
0
0
0
0
0
1525
-2341
-2412
-2133
-20167
0
0
0
0
0
0
0
0
0
0
0
-1309
-1980
-2087
-638
-1797
0
0
0
0
0
0
0
0
0
0
0
-270
-1907
-1555
-1732
-19860
0
0
0
0
0
0
0
0
0
0
0
-1484
-1169
-1218
-1673
-2066
0
0
0
0
0
0
0
0
0
0
0
-921
-3075
-1146
-1979
-16231
0
0
0
0
0
0
0
0
0
0
0
-3726
487
-3544
-1166
-3091
0
0
0
0
0
0
0
0
0
0
0
-205
-3700
-3657
-3221
-11141
0
0
0
0
0
0
0
0
0
0
0
-4948
395
-4860
-4262
-4369
0
0
0
0
0
0
0
0
0
0
0
9
-5137
-3174
-4295
-17339
0
0
0
0
0
0
0
0
0
0
0
-3637
-384
-2622
-2654
-3045
0
0
0
0
0
0
0
0
0
0
0
-1603
-892
-3432
-2741
-16742
0
0
0
0
0
0
0
0
0
0
0
-3162
-1529
-3071
476
-3019
0
0
0
0
0
0
0
0
0
0
0
-3572
-558
-4171
-2815
-18377
0
0
0
0
0
0
0
0
0
0
0
-3613
-4172
-4943
-1547
-4557
0
0
0
0
0
0
0
0
0
0
0
-225
-4935
-4169
-4581
-14329
0
0
0
0
0
0
0
0
0
0
0
-3594
-4609
-5589
-2124
-4201
0
0
0
0
0
0
0
0
0
0
0
2399
-5005
-3776
-4219
-15879
0
0
0
0
0
0
0
0
0
0
0
-2732
-3810
-6051
-3457
-3867
0
0
0
0
0
0
0
0
0
0
0
-500
-4992
1053
-3872
-18463
0
0
0
0
0
0
0
0
0
0
0
-1885
-4093
-7443
-3132
-4467
0
0
0
0
0
0
0
0
0
0
0
-1907
-5208
849
-4320
-16317
0
0
0
0
0
0
0
0
0
0
0
-2082
-1467
-1613
1917
-2150
0
0
0
0
0
0
0
0
0
0
0
-880
-3097
-3825
-2173
-12268
0
0
0
0
0
0
0
0
0
0
0
-1164
-104
-2770
-74
-1766
0
0
0
0
0
0
0
0
0
0
0
-1029
-1731
-2329
-1687
-25237
0
0
0
0
0
0
0
0
0
0
0
-1940
657
-2381
-539
-1706
0
0
0
0
0
0
0
0
0
0
0
-1862
-1070
-2548
-1676
-20627
0
0
0
0
0
0
0
0
0
0
0
-3496
-928
-3130
-2003
-2504
0
0
0
0
0
0
0
0
0
0
0
-1506
-1761
-1403
-2722
-25542
0
0
0
0
0
0
0
0
0
0
0
-3943
-1341
-4525
-4981
-3910
0
0
0
0
0
0
0
0
0
0
0
100
-5179
-1399
-3907
-17716
0
0
0
0
0
0
0
0
0
0
0
-3494
-2423
-4980
-279
-3379
0
0
0
0
0
0
0
0
0
0
0
-845
-4680
-1673
-3342
-16651
0
0
0
0
0
0
0
0
0
0
0
-3679
-3046
-4778
-909
-3720
0
0
0
0
0
0
0
0
0
0
0
-2437
-5336
-17
-3824
-15791
0
0
0
0
0
0
0
0
0
0
0
-2611
-3641
-7033
-3245
-4172
0
0
0
0
0
0
0
0
0
0
0
-2088
-4856
1566
-4102
-15323
0
0
0
0
0
0
0
0
0
0
0
-940
-2077
-1480
1906
-1634
0
0
0
0
0
0
0
0
0
0
0
-1062
-2300
-2576
-1632
-17701
0
0
0
0
0
0
0
0
0
0
0
-1044
-711
-2520
533
-1628
0
0
0
0
0
0
0
0
0
0
0
-1929
-2355
-1149
-1704
-20437
0
0
0
0
0
0
0
0
0
0
0
-2021
91
-1583
-548
-1633
0
0
0
0
0
0
0
0
0
0
0
-1283
-1856
-1855
-1623
-18805
0
0
0
0
0
0
0
0
0
0
0
-2610
-1696
-2805
-1691
-2571
0
0
0
0
0
0
0
0
0
0
0
-1801
-2749
-962
-2561
-18946
0
0
0
0
0
0
0
0
0
0
0
-3020
-1878
-4266
-2906
-3363
0
0
0
0
0
0
0
0
0
0
0
-1338
-3768
-1510
-3124
-20183
0
0
0
0
0
0
0
0
0
0
0
-3242
-2595
-2060
254
-2909
0
0
0
0
0
0
0
0
0
0
0
-1982
-2200
-3749
-2913
-17013
0
0
0
0
0
0
0
0
0
0
0
-3202
-1424
-2801
-1629
-2667
0
0
0
0
0
0
0
0
0
0
0
-2455
-1986
-1437
-2868
-20754
0
0
0
0
0
0
0
0
0
0
0
-1728
-1315
-4094
-2429
-2475
0
0
0
0
0
0
0
0
0
0
0
-1624
-1546
39
-2492
-20496
0
0
0
0
0
0
0
0
0
0
0
-860
-1800
-2895
203
-1908
0
0
0
0
0
0
0
0
0
0
0
-1084
-2561
-1216
-1851
-24108
0
0
0
0
0
0
0
0
0
0
0
-1498
-2128
-4601
-340
-2654
0
0
0
0
0
0
0
0
0
0
0
-2843
-3585
471
-2541
-23685
0
0
0
0
0
0
0
0
0
0
0
-1941
198
-3102
-129
-1945
0
0
0
0
0
0
0
0
0
0
0
-1936
-1951
-2169
-1895
-17049
0
0
0
0
0
0
0
0
0
0
0
-1857
-1697
-2197
-423
-2320
0
0
0
0
0
0
0
0
0
0
0
-2934
-696
-2757
-2285
-15489
0
0
0
0
0
0
0
0
0
0
0
-2143
-3462
-328
-1724
-2900
0
0
0
0
0
0
0
0
0
0
0
-2746
-1088
-4722
-3103
-13579
0
0
0
0
0
0
0
0
0
0
0
-4329
-3436
-1600
-2665
-3184
0
0
0
0
0
0
0
0
0
0
0
-1371
-1663
-2747
-3489
-15512
0
0
0
0
0
0
0
0
0
0
0
-4695
-2876
-4104
-4662
-3789
0
0
0
0
0
0
0
0
0
0
0
-3464
-1337
123
-3865
-15036
0
0
0
0
0
0
0
0
0
0
0
-1808
-1161
-2814
-1774
-2009
0
0
0
0
0
0
0
0
0
0
0
-2776
-197
-613
-2042
-20332
0
0
0
0
0
0
0
0
0
0
0
-2292
-1126
-4410
-1294
-2961
0
0
0
0
0
0
0
0
0
0
0
-681
-3095
-2060
-2838
-20859
0
0
0
0
0
0
0
0
0
0
0
-2508
-1704
-4793
-1452
-3305
0
0
0
0
0
0
0
0
0
0
0
-3435
-2418
-482
-3078
-14952
0
0
0
0
0
0
0
0
0
0
0
-2180
-2747
-4116
-814
-2604
0
0
0
0
0
0
0
0
0
0
0
-3137
1319
-2476
-2466
-19427
0
0
0
0
0
0
0
0
0
0
0
-1352
-2681
-2884
-1770
-2239
0
0
0
0
0
0
0
0
0
0
0
-2683
270
-1527
-2367
-23037
0
0
0
0
0
0
0
0
0
0
0
-1976
-2522
-1378
-2802
-2129
0
0
0
0
0
0
0
0
0
0
0
-932
-1700
-1253
-2183
-21354
0
0
0
0
0
0
0
0
0
0
0
-4883
-4365
-1670
-4105
-3272
0
0
0
0
0
0
0
0
0
0
0
-1274
-1712
-449
-3307
-20153
0
0
0
0
0
0
0
0
0
0
0
-4897
-4855
-2685
-6114
-4447
0
0
0
0
0
0
0
0
0
0
0
-3926
-2189
683
-4356
-18985
0
0
0
0
0
0
0
0
0
0
0
-2309
-1694
-1014
-2740
-2442
0
0
0
0
0
0
0
0
0
0
0
-3259
108
-1995
-2345
-20266
0
0
0
0
0
0
0
0
0
0
0
-3660
-743
-4606
-2318
-3531
0
0
0
0
0
0
0
0
0
0
0
-686
-2073
-3410
-3445
-17281
0
0
0
0
0
0
0
0
0
0
0
-4101
-1734
-4079
-2828
-3664
0
0
0
0
0
0
0
0
0
0
0
-530
-2023
-3708
-3594
-16232
0
0
0
0
0
0
0
0
0
0
0
-4962
-3236
-5525
-2497
-3640
0
0
0
0
0
0
0
0
0
0
0
-1642
1305
-2777
-3587
-21057
0
0
0
0
0
0
0
0
0
0
0
-4384
-4426
-4345
-4126
-3812
0
0
0
0
0
0
0
0
0
0
0
-1976
-1497
309
-3699
-11386
0
0
0
0
0
0
0
0
0
0
0
-3105
-4421
-5460
-2760
-3746
0
0
0
0
0
0
0
0
0
0
0
-2842
-1302
330
-3556
-18296
0
0
0
0
0
0
0
0
0
0
0
-4483
-5197
-3901
-3179
-4008
0
0
0
0
0
0
0
0
0
0
0
-3017
-869
433
-4026
-18383
0
0
0
0
0
0
0
0
0
0
0
-5006
-4915
-1902
-5181
-4374
0
0
0
0
0
0
0
0
0
0
0
-1983
-3704
151
-4328
-23938
0
0
0
0
0
0
0
0
0
0
0
-3036
-2044
-666
-2619
-2959
0
0
0
0
0
0
0
0
0
0
0
-1306
-2238
-2740
-2842
-17532
0
0
0
0
0
0
0
0
0
0
0
-1704
-321
-2285
-1639
-1691
0
0
0
0
0
0
0
0
0
0
0
-444
-869
-1391
-1573
-18329
0
0
0
0
0
0
0
0
0
0
0
-2644
-978
-2330
-2280
-1923
0
0
0
0
0
0
0
0
0
0
0
529
-1792
-1577
-1797
-19093
0
0
0
0
0
0
0
0
0
0
0
-5121
-2656
-3728
-2560
-3373
0
0
0
0
0
0
0
0
0
0
0
-363
-358
-3032
-3409
-17174
0
0
0
0
0
0
0
0
0
0
0
-5225
-3863
-4063
-3883
-4555
0
0
0
0
0
0
0
0
0
0
0
-3505
-1349
-1839
-4448
-12719
0
0
0
0
0
0
0
0
0
0
0
-3249
-3000
-3606
-2861
-2910
0
0
0
0
0
0
0
0
0
0
0
-3694
-710
1437
-2712
-11784
0
0
0
0
0
0
0
0
0
0
0
-3448
-2483
-1507
-3387
-2826
0
0
0
0
0
0
0
0
0
0
0
-3291
384
56
-2606
-11499
0
0
0
0
0
0
0
0
0
0
0
-3398
-1691
-744
-3428
-2532
0
0
0
0
0
0
0
0
0
0
0
-2365
-2831
1535
-2464
-18080
0
0
0
0
0
0
0
0
0
0
0
-2317
-1049
-820
-2584
-2310
0
0
0
0
0
0
0
0
0
0
0
-1713
-2559
-385
-2143
-14872
0
0
0
0
0
0
0
0
0
0
0
0
0
0
0
0
0
0
0
0
0
0
0
0
0
0
0
0
0
0
0
0
0
0
0
0
0
0
0
0
0
0
0
0
0
0
0
0
0
0
0
0
0
0
0
0
0
0
0
0
0
0
0
0
0
0
0
0
0
0
0
0
0
0
0
0
0
0
0
0
0
0
0
0
0
0
0
0
0
0
0
0
0
0
0
0
0
0
0
0
0
0
0
0
0
0
0
0
0
0
0
0
0
0
0
0
0
0
0
0
0
0
0
0
0
0
0
0
0
0
0
0
0
0
0
0
0
0
0
0
0
0
0
0
0
0
0
0
0
0
0
0
0
0
0
0
0
0
0
0
0
0
0
0
0
0
0
0
0
0
0
0
0
0
0
0
0
0
0
0
0
0
0
0
0
0
0
0
0
0
0
0
0
0
0
0
0
0
0
0
0
0
0
0
0
0
0
0
0
0
0
0
0
0
0
0
0
0
0
0
0
0
0
0
0
0
0
0
0
0
0
0
0
0
0
0
0
0
0
0
0
0
0
0
0
0
0
0
0
0
0
0
0
0
0
0
0
0
0
0
0
0
0
0
0
0
0
0
0
0
0
0
0
0
0
0
0
0
0
0
0
0
0
0
0
0
0
0
0
0
0
0
0
0
0
0
0
0
0
0
0
0
0
0
0
0
0
0
0
0
0
0
0
0
0
0
0
0
0
0
0
0
0
0
0
0
0
0
0
0
0
0
0
0
0
0
0
0
0
0
0
0
0
0
0
0
0
0
0
0
0
0
0
0
0
0
0
0
0
0
0
0
0
0
0
0
0
0
0
0
0
0
0
0
0
0
0
0
0
0
0
0
0
0
0
0
0
0
0
0
0
0
0
0
0
0
0
0
0
0
0
0
0
0
0
0
0
0
0
0
0
0
0
0
0
0
0
0
0
0
0
0
0
0
0
0
0
0
0
0
0
0
0
0
0
0
0
0
0
0
0
0
0
0
0
0
0
0
0
0
0
0
0
0
0
0
0
0
0
0
0
0
0
0
0
0
0
0
0
0
0
0
0
0
0
0
0
0
0
0
0
0
0
0
0
0
0
0
0
0
0
0
0
0
0
0
0
0
0
0
0
0
0
0
0
0
0
0
0
0
0
0
0
0
0
0
0
0
0
0
0
0
0
0
0
0
0
0
0
0
0
0
0
0
0
0
0
0
0
0
0
0
0
0
0
0
0
0
0
0
0
0
0
0
0
0
0
0
0
0
0
0
0
0
0
0
0
0
0
0
0
0
0
0
0
0
0
0
0
0
0
0
0
0
0
0
0
0
0
0
0
0
0
0
0
0
0
0
0
0
0
0
0
0
0
0
0
0
0
0
0
0
0
0
0
0
0
0
0
0
0
0
0
0
0
0
0
0
0
0
0
0
0
0
0
0
0
0
0
0
0
0
0
0
0
0
0
0
0
0
0
0
0
0
0
0
0
0
0
0
0
0
0
0
0
0
0
0
0
0
0
0
0
0
0
0
0
0
0
0
0
0
0
0
0
0
0
0
0
0
0
0
0
0
0
0
0
0
0
0
0
0
0
0
0
0
0
0
0
0
0
0
0
0
0
0
0
0
0
0
0
0
0
0
0
0
0
0
0
0
0
0
0
0
0
0
0
0
0
0
0
0
0
0
0
0
0
0
0
0
0
0
0
0
0
0
0
0
0
0
0
0
0
0
0
0
0
0
0
0
0
0
0
0
0
0
0
0
0
0
0
0
0
0
0
0
0
0
0
0
0
0
0
0
0
0
0
0
0
0
0
0
0
0
0
0
0
0
0
0
0
0
0
0
0
0
0
0
0
0
0
0
0
0
0
0
0
0
0
0
0
0
0
0
0
0
0
0
0
0
0
0
0
0
0
0
0
0
0
0
0
0
0
0
0
0
0
0
0
0
0
0
0
0
0
0
0
0
0
0
0
0
0
0
0
0
0
0
0
0
0
0
0
0
0
0
0
0
0
0
0
0
0
0
0
0
0
0
0
0
0
0
0
0
0
0
0
0
0
0
0
0
0
0
0
0
0
0
0
0
0
0
0
0
0
0
0
0
0
0
0
0
0
0
0
0
0
0
0
0
0
0
0
0
0
0
0
0
0
0
0
0
0
0
0
0
0
0
0
0
0
0
0
0
0
0
0
0
0
0
0
0
0
0
0
0
0
0
0
0
0
0
0
0
0
0
0
0
0
0
0
0
0
0
0
0
0
0
0
0
0
0
0
0
0
0
0
0
0
0
0
0
0
0
0
0
0
0
0
0
0
0
0
0
0
0
0
0
0
0
0
0
0
0
0
0
0
0
0
0
0
0
0
0
0
0
0
0
0
0
0
0
0
0
0
0
0
0
0
0
0
0
0
0
0
0
0
0
0
0
0
0
0
0
0
0
0
0
0
0
0
0
0
0
0
0
0
0
0
0
0
0
0
0
0
0
0
0
0
0
0
0
0
0
0
0
0
0
0
0
0
0
0
0
0
0
0
0
0
0
0
0
0
0
0
0
0
0
0
0
0
0
0
0
0
0
0
0
0
0
0
0
0
0
0
0
0
0
0
0
0
0
0
0
0
0
0
0
0
0
0
0
0
0
0
0
0
0
0
0
0
0
0
0
0
0
0
0
0
0
0
0
0
0
0
0
0
0
0
0
0
0
0
0
0
0
0
0
0
0
0
0
0
0
0
0
0
0
0
0
0
0
0
0
0
0
0
0
0
0
0
0
0
0
0
0
0
0
0
0
0
0
0
0
0
0
0
0
0
0
0
0
0
0
0
0
0
0
0
0
0
0
0
0
0
0
0
0
0
0
0
0
0
0
0
0
0
0
0
0
0
0
0
0
0
0
0
0
0
0
0
0
0
0
0
0
0
0
0
0
0
0
0
0
0
0
0
0
0
0
0
0
0
0
0
0
0
0
0
0
0
0
0
0
0
0
0
0
0
0
0
0
0
0
0
0
0
0
0
0
0
0
0
0
0
0
0
0
0
0
0
0
0
0
0
0
0
0
0
0
0
0
0
0
0
0
0
0
0
0
0
0
0
0
0
0
0
0
0
0
0
0
0
0
0
0
0
0
0
0
0
0
0
0
0
0
0
0
0
0
0
0
0
0
0
0
0
0
0
0
0
0
0
0
0
0
0
0
0
0
0
0
0
0
0
0
0
0
0
0
0
0
0
0
0
0
0
0
0
0
0
0
0
0
0
0
0
0
0
0
0
0
0
0
0
0
0
0
0
0
0
0
0
0
0
0
0
0
0
0
0
0
0
0
0
0
0
0
0
0
0
0
0
0
0
0
0
0
0
0
0
0
0
0
0
0
0
0
0
0
0
0
0
0
0
0
0
0
0
0
0
0
0
0
0
0
0
0
0
0
0
0
0
0
0
0
0
0
0
0
0
0
0
0
0
0
0
0
0
0
0
0
0
0
0
0
0
0
0
0
0
0
0
0
0
0
0
0
0
0
0
0
0
0
0
0
0
0
0
0
0
0
0
0
0
0
0
0
0
0
0
0
0
0
0
0
0
0
0
0
0
0
0
0
0
0
0
0
0
0
0
0
0
0
0
0
0
0
0
0
0
0
0
0
0
0
0
0
0
0
0
0
0
0
0
0
0
0
0
0
0
0
0
0
0
0
0
0
0
0
0
0
0
0
0
0
0
0
0
0
0
0
0
0
0
0
0
0
0
0
0
0
0
0
0
0
0
0
0
0
0
0
0
0
0
0
0
0
0
0
0
0
0
0
0
0
0
0
0
0
0
0
0
0
0
0
0
0
0
0
0
0
0
0
0
0
0
0
0
0
0
0
0
0
0
0
0
0
0
0
0
0
0
0
0
0
0
0
0
0
0
0
0
0
0
0
0
0
0
0
0
0
0
0
0
0
0
0
0
0
0
0
0
0
0
0
0
0
0
0
0
0
0
0
0
0
0
0
0
0
0
0
0
0
0
0
0
0
0
0
0
0
0
0
0
0
0
0
0
0
0
0
0
0
0
0
0
0
0
0
0
0
0
0
0
0
0
0
0
0
0
0
0
0
0
0
0
0
0
0
0
0
0
0
0
0
0
0
0
0
0
0
0
0
0
0
0
0
0
0
0
0
0
0
0
0
0
0
0
0
0
0
0
0
0
0
0
0
0
0
0
0
0
0
0
0
0
0
0
0
0
0
0
0
0
0
0
0
0
0
0
0
0
0
0
0
0
0
0
0
0
0
0
0
0
0
0
0
0
0
0
0
0
0
0
0
0
0
0
0
0
0
0
0
0
0
0
0
0
0
0
0
0
0
0
0
0
0
0
0
0
0
0
0
0
0
0
0
0
0
0
0
0
0
0
0
0
0
0
0
0
0
0
0
0
0
0
0
0
0
0
0
0
0
0
0
0
0
0
0
0
0
0
0
0
0
0
0
0
0
0
0
0
0
0
0
0
0
0
0
0
0
0
0
0
0
0
0
0
0
0
0
0
0
0
0
0
0
0
0
0
0
0
0
0
0
0
0
0
0
0
0
0
0
0
0
0
0
0
0
0
0
0
0
0
0
0
0
0
0
0
0
0
0
0
0
0
0
0
0
0
0
0
0
0
0
0
0
0
0
0
0
0
0
0
0
0
0
0
0
0
0
0
0
0
0
0
0
0
0
0
0
0
0
0
0
0
0
0
0
0
0
0
0
0
0
0
0
0
0
0
0
0
0
0
0
0
0
0
0
0
0
0
0
0
0
0
0
0
0
0
0
0
0
0
0
0
0
0
0
0
0
0
0
0
0
0
0
0
0
0
0
0
0
0
0
0
0
0
0
0
0
0
0
0
0
0
0
0
0
0
0
0
0
0
0
0
0
0
0
0
0
0
0
0
0
0
0
0
0
0
0
0
0
0
0
0
0
0
0
0
0
0
0
0
0
0
0
0
0
0
0
0
0
0
0
0
0
0
0
0
0
0
0
0
0
0
0
0
0
0
0
0
0
0
0
0
0
0
0
0
0
0
0
0
0
0
0
0
0
0
0
0
0
0
0
0
0
0
0
0
0
0
0
0
0
0
0
0
0
0
0
0
0
0
0
0
0
0
0
0
0
0
0
0
0
0
0
0
0
0
0
0
0
0
0
0
0
0
0
0
0
0
0
0
0
0
0
0
0
0
0
0
0
0
0
0
0
0
0
0
0
0
0
0
0
0
0
0
0
0
0
0
0
0
0
0
0
0
0
0
0
0
0
0
0
0
0
0
0
0
0
0
0
0
0
0
0
0
0
0
0
0
0
0
0
0
0
0
0
0
0
0
0
0
0
0
0
0
0
0
0
0
0
0
0
0
0
0
0
0
0
0
0
0
0
0
0
0
0
0
0
0
0
0
0
0
0
0
0
0
0
0
0
0
0
0
0
0
0
0
0
0
0
0
0
0
0
0
0
0
0
0
0
0
0
0
0
0
0
0
0
0
0
0
0
0
0
0
0
0
0
0
0
0
0
0
0
0
0
0
0
0
0
0
0
0
0
0
0
0
0
0
0
0
0
0
0
0
0
0
0
0
0
0
0
0
0
0
0
0
0
0
0
0
0
0
0
0
0
0
0
0
0
0
0
0
0
0
0
0
0
0
0
0
0
0
0
0
0
0
0
0
0
0
0
0
0
0
0
0
0
0
0
0
0
0
0
0
0
0
0
0
0
0
0
0
0
0
0
0
0
0
0
0
0
0
0
0
0
0
0
0
0
0
0
0
0
0
0
0
0
0
0
0
0
0
0
0
0
0
0
0
0
0
0
0
0
0
0
0
0
0
0
0
0
0
0
0
0
0
0
0
0
0
0
0
0
0
0
0
0
0
0
0
0
0
0
0
0
0
0
0
0
0
0
0
0
0
0
0
0
0
0
0
0
0
0
0
0
0
0
0
0
0
0
0
0
0
0
0
0
0
0
0
0
0
0
0
0
0
0
0
0
0
0
0
0
0
0
0
0
0
0
0
0
0
0
0
0
0
0
0
0
0
0
0
0
0
0
0
0
0
0
0
0
0
0
0
0
0
0
0
0
0
0
0
0
0
0
0
0
0
0
0
0
0
0
0
0
0
0
0
0
0
0
0
0
0
0
0
0
0
0
0
0
0
0
0
0
0
0
0
0
0
0
0
0
0
0
0
0
0
0
0
0
0
0
0
0
0
0
0
0
0
0
0
0
0
0
0
0
0
0
0
0
0
0
0
0
0
0
0
0
0
0
0
0
0
0
0
0
0
0
0
0
0
0
0
0
0
0
0
0
0
0
0
0
0
0
0
0
0
0
0
0
0
0
0
0
0
0
0
0
0
0
0
0
0
0
0
0
0
0
0
0
0
0
0
0
0
0
0
0
0
0
0
0
0
0
0
0
0
0
0
0
0
0
0
0
0
0
0
0
0
0
0
0
0
0
0
0
0
0
0
0
0
0
0
0
0
0
0
0
0
0
0
0
0
0
0
0
0
0
0
0
0
0
0
0
0
0
0
0
0
0
0
0
0
0
0
0
0
0
0
0
0
0
0
0
0
0
0
0
0
0
0
0
0
0
0
0
0
0
0
0
0
0
0
0
0
0
0
0
0
0
0
0
0
0
0
0
0
0
0
0
0
0
0
0
0
0
0
0
0
0
0
0
0
0
0
0
0
0
0
0
0
0
0
0
0
0
0
0
0
0
0
0
0
0
0
0
0
0
0
0
0
0
0
0
0
0
0
0
0
0
0
0
0
0
0
0
0
0
0
0
0
0
0
0
0
0
0
0
0
0
0
0
0
0
0
0
0
0
0
0
0
0
0
0
0
0
0
0
0
0
0
0
0
0
0
0
0
0
0
0
0
0
0
0
0
0
0
0
0
0
0
0
0
0
0
0
0
0
0
0
0
0
0
0
0
0
0
0
0
0
0
0
0
0
0
0
0
0
0
0
0
0
0
0
0
0
0
0
0
0
0
0
0
0
0
0
0
0
0
0
0
0
0
0
0
0
0
0
0
0
0
0
0
0
0
0
0
0
0
0
0
0
0
0
0
0
0
0
0
0
0
0
0
0
0
0
0
0
0
0
0
0
0
0
0
0
0
0
0
0
0
0
0
0
0
0
0
0
0
0
0
0
0
0
0
0
0
0
0
0
0
0
0
0
0
0
0
0
0
0
0
0
0
0
0
0
0
0
0
0
0
0
0
0
0
0
0
0
0
0
0
0
0
0
0
0
0
0
0
0
0
0
0
0
0
0
0
0
0
0
0
0
0
0
0
0
0
0
0
0
0
0
0
0
0
0
0
0
0
0
0
0
0
0
0
0
0
0
0
0
0
0
0
0
0
0
0
0
0
0
0
0
0
0
0
0
0
0
0
0
0
0
0
0
0
0
0
0
0
0
0
0
0
0
0
0
0
0
0
0
0
0
0
0
0
0
0
0
0
0
0
0
0
0
0
0
0
0
0
0
0
0
0
0
0
0
0
0
0
0
0
0
0
0
0
0
0
0
0
0
0
0
0
0
0
0
0
0
0
0
0
0
0
0
0
0
0
0
0
0
0
0
0
0
0
0
0
0
0
0
0
0
0
0
0
0
0
0
0
0
0
0
0
0
0
0
0
0
0
0
0
0
0
0
0
0
0
0
0
0
0
0
0
0
0
0
0
0
0
0
0
0
0
0
0
0
0
0
0
0
0
0
0
0
0
0
0
0
0
0
0
0
0
0
0
0
0
0
0
0
0
0
0
0
0
0
0
0
0
0
0
0
0
0
0
0
0
0
0
0
0
0
0
0
0
0
0
0
0
0
0
0
0
0
0
0
0
0
0
0
0
0
0
0
0
0
0
0
0
0
0
0
0
0
0
0
0
0
0
0
0
0
0
0
0
0
0
0
0
0
0
0
0
0
0
0
0
0
0
0
0
0
0
0
0
0
0
0
0
0
0
0
0
0
0
0
0
0
0
0
0
0
0
0
0
0
0
0
0
0
0
0
0
0
0
0
0
0
0
0
0
0
0
0
0
0
0
0
0
0
0
0
0
0
0
0
0
0
0
0
0
0
0
0
0
0
0
0
0
0
0
0
0
0
0
0
0
0
0
0
0
0
0
0
0
0
0
0
0
0
0
0
0
0
0
0
0
0
0
0
0
0
0
0
0
0
0
0
0
0
0
0
0
0
0
0
0
0
0
0
0
0
0
0
0
0
0
0
0
0
0
0
0
0
0
0
0
0
0
0
0
0
0
0
0
0
0
0
0
0
0
0
0
0
0
0
0
0
0
0
0
0
0
0
0
0
0
0
0
0
0
0
0
0
0
0
0
0
0
0
0
0
0
0
0
0
0
0
0
0
0
0
0
0
0
0
0
0
0
0
0
0
0
0
0
0
0
0
0
0
0
0
0
0
0
0
0
0
0
0
0
0
0
0
0
0
0
0
0
0
0
0
0
0
0
0
0
0
0
0
0
0
0
0
0
0
0
0
0
0
0
0
0
0
0
0
0
0
0
0
0
0
0
0
0
0
0
0
0
0
0
0
0
0
0
0
0
0
0
0
0
0
0
0
0
0
0
0
0
0
0
0
0
0
0
0
0
0
0
0
0
0
0
0
0
0
0
0
0
0
0
0
0
0
0
0
0
0
0
0
0
0
0
0
0
0
0
0
0
0
0
0
0
0
0
0
0
0
0
0
0
0
0
0
0
0
0
0
0
0
0
0
0
0
0
0
0
0
0
0
0
0
0
0
0
0
0
0
0
0
0
0
0
0
0
0
0
0
0
0
0
0
0
0
0
0
0
0
0
0
0
0
0
0
0
0
0
0
0
0
0
0
0
0
0
0
0
0
0
0
0
0
0
0
0
0
0
0
0
0
0
0
0
0
0
0
0
0
0
0
0
0
0
0
0
0
0
0
0
0
0
0
0
0
0
0
0
0
0
0
0
0
0
0
0
0
0
0
0
0
0
0
0
0
0
0
0
0
0
0
0
0
0
0
0
0
0
0
0
0
0
0
0
0
0
0
0
0
0
0
0
0
0
0
0
0
0
0
0
0
0
0
0
0
0
0
0
0
0
0
0
0
0
0
0
0
0
0
0
0
0
0
0
0
0
0
0
0
0
0
0
0
0
0
0
0
0
0
0
0
0
0
0
0
0
0
0
0
0
0
0
0
0
0
0
0
0
0
0
0
0
0
0
0
0
0
0
0
0
0
0
0
0
0
0
0
0
0
0
0
0
0
0
0
0
0
0
0
0
0
0
0
0
0
0
0
0
0
0
0
0
0
0
0
0
0
0
0
0
0
0
0
0
0
0
0
0
0
0
0
0
0
0
0
0
0
0
0
0
0
0
0
0
0
0
0
0
0
0
0
0
0
0
0
0
0
0
0
0
0
0
0
0
0
0
0
0
0
0
0
0
0
0
0
0
0
0
0
0
0
0
0
0
0
0
0
0
0
0
0
0
0
0
0
0
0
0
0
0
0
0
0
0
0
0
0
0
0
0
0
0
0
0
0
0
0
0
0
0
0
0
0
0
0
0
0
0
0
0
0
0
0
0
0
0
0
0
0
0
0
0
0
0
0
0
0
0
0
0
0
0
0
0
0
0
0
0
0
0
0
0
0
0
0
0
0
0
0
0
0
0
0
0
0
0
0
0
0
0
0
0
0
0
0
0
0
0
0
0
0
0
0
0
0
0
0
0
0
0
0
0
0
0
0
0
0
0
0
0
0
0
0
0
0
0
0
0
0
0
0
0
0
0
0
0
0
0
0
0
0
0
0
0
0
0
0
0
0
0
0
0
0
0
0
0
0
0
0
0
0
0
0
0
0
0
0
0
0
0
0
0
0
0
0
0
0
0
0
0
0
0
0
0
0
0
0
0
0
0
0
0
0
0
0
0
0
0
0
0
0
0
0
0
0
0
0
0
0
0
0
0
0
0
0
0
0
0
0
0
0
0
0
0
0
0
0
0
0
0
0
0
0
0
0
0
0
0
0
0
0
0
0
0
0
0
0
0
0
0
0
0
0
0
0
0
0
0
0
0
0
0
0
0
0
0
0
0
0
0
0
0
0
0
0
0
0
0
0
0
0
0
0
0
0
0
0
0
0
0
0
0
0
0
0
0
0
0
0
0
0
0
0
0
0
0
0
0
0
0
0
0
0
0
0
0
0
0
0
0
0
0
0
0
0
0
0
0
0
0
0
0
0
0
0
0
0
0
0
0
0
0
0
0
0
0
0
0
0
0
0
0
0
0
0
0
0
0
0
0
0
0
0
0
0
0
0
0
0
0
0
0
0
0
0
0
0
0
0
0
0
0
0
0
0
0
0
0
0
0
0
0
0
0
0
0
0
0
0
0
0
0
0
0
0
0
0
0
0
0
0
0
0
0
0
0
0
0
0
0
0
0
0
0
0
0
0
0
0
0
0
0
0
0
0
0
0
0
0
0
0
0
0
0
0
0
0
0
0
0
0
0
0
0
0
0
0
0
0
0
0
0
0
0
0
0
0
0
0
0
0
0
0
0
0
0
0
0
0
0
0
0
0
0
0
0
0
0
0
0
0
0
0
0
0
0
0
0
0
0
0
0
0
0
0
0
0
0
0
0
0
0
0
0
0
0
0
0
0
0
0
0
0
0
0
0
0
0
0
0
0
0
0
0
0
0
0
0
0
0
0
0
0
0
0
0
0
0
0
0
0
0
0
0
0
0
0
0
0
0
0
0
0
0
0
0
0
0
0
0
0
0
0
0
0
0
0
0
0
0
0
0
0
0
0
0
0
0
0
0
0
0
0
0
0
0
0
0
0
0
0
0
0
0
0
0
0
0
0
0
0
0
0
0
0
0
0
0
0
0
0
0
0
0
0
0
0
0
0
0
0
0
0
0
0
0
0
0
0
0
0
0
0
0
0
0
0
0
0
0
0
0
0
0
0
0
0
0
0
0
0
0
0
0
0
0
0
0
0
0
0
0
0
0
0
0
0
0
0
0
0
0
0
0
0
0
0
0
0
0
0
0
0
0
0
0
0
0
0
0
0
0
0
0
0
0
0
0
0
0
0
0
0
0
0
0
0
0
0
0
0
0
0
0
0
0
0
0
0
0
0
0
0
0
0
0
0
0
0
0
0
0
0
0
0
0
0
0
0
0
0
0
0
0
0
0
0
0
0
0
0
0
0
0
0
0
0
0
0
0
0
0
0
0
0
0
0
0
0
0
0
0
0
0
0
0
0
0
0
0
0
0
0
0
0
0
0
0
0
0
0
0
0
0
0
0
0
0
0
0
0
0
0
0
0
0
0
0
0
0
0
0
0
0
0
0
0
0
0
0
0
0
0
0
0
0
0
0
0
0
0
0
0
0
0
0
0
0
0
0
0
0
0
0
0
0
0
0
0
0
0
0
0
0
0
0
0
0
0
0
0
0
0
0
0
0
0
0
0
0
0
0
0
0
0
0
0
0
0
0
0
0
0
0
0
0
0
0
0
0
0
0
0
0
0
0
0
0
0
0
0
0
0
0
0
0
0
0
0
0
0
0
0
0
0
0
0
0
0
0
0
0
0
0
0
0
0
0
0
0
0
0
0
0
0
0
0
0
0
0
0
0
0
0
0
0
0
0
0
0
0
0
0
0
0
0
0
0
0
0
0
0
0
0
0
0
0
0
0
0
0
0
0
0
0
0
0
0
0
0
0
0
0
0
0
0
0
0
0
0
0
0
0
0
0
0
0
0
0
0
0
0
0
0
0
0
0
0
0
0
0
0
0
0
0
0
0
0
0
0
0
0
0
0
0
0
0
0
0
0
0
0
0
0
0
0
0
0
0
0
0
0
0
0
0
0
0
0
0
0
0
0
0
0
0
0
0
0
0
0
0
0
0
0
0
0
0
0
0
0
0
0
0
0
0
0
0
0
0
0
0
0
0
0
0
0
0
0
0
0
0
0
0
0
0
0
0
0
0
0
0
0
0
0
0
0
0
0
0
0
0
0
0
0
0
0
0
0
0
0
0
0
0
0
0
0
0
0
0
0
0
0
0
0
0
0
0
0
0
0
0
0
0
0
0
0
0
0
0
0
0
0
0
0
0
0
0
0
0
0
0
0
0
0
0
0
0
0
0
0
0
0
0
0
0
0
0
0
0
0
0
0
0
0
0
0
0
0
0
0
0
0
0
0
0
0
0
0
0
0
0
0
0
0
0
0
0
0
0
0
0
0
0
0
0
0
0
0
0
0
0
0
0
0
0
0
0
0
0
0
0
0
0
0
0
0
0
0
0
0
0
0
0
0
0
0
0
0
0
0
0
0
0
0
0
0
0
0
0
0
0
0
0
0
0
0
0
0
0
0
0
0
0
0
0
0
0
0
0
0
0
0
0
0
0
0
0
0
0
0
0
0
0
0
0
0
0
0
0
0
0
0
0
0
0
0
0
0
0
0
0
0
0
0
0
0
0
0
0
0
0
0
0
0
0
0
0
0
0
0
0
0
0
0
0
0
0
0
0
0
0
0
0
0
0
0
0
0
0
0
0
0
0
0
0
0
0
0
0
0
0
0
0
0
0
0
0
0
0
0
0
0
0
0
0
0
0
0
0
0
0
0
0
0
0
0
0
0
0
0
0
0
0
0
0
0
0
0
0
0
0
0
0
0
0
0
0
0
0
0
0
0
0
0
0
0
0
0
0
0
0
0
0
0
0
0
0
0
0
0
0
0
0
0
0
0
0
0
0
0
0
0
0
0
0
0
0
0
0
0
0
0
0
0
0
0
0
0
0
0
0
0
0
0
0
0
0
0
0
0
0
0
0
0
0
0
0
0
0
0
0
0
0
0
0
0
0
0
0
0
0
0
0
0
0
0
0
0
0
0
0
0
0
0
0
0
0
0
0
0
0
0
0
0
0
0
0
0
0
0
0
0
0
0
0
0
0
0
0
0
0
0
0
0
0
0
0
0
0
0
0
0
0
0
0
0
0
0
0
0
0
0
0
0
0
0
0
0
0
0
0
0
0
0
0
0
0
0
0
0
0
0
0
0
0
0
0
0
0
0
0
0
0
0
0
0
0
0
0
0
0
0
0
0
0
0
0
0
0
0
0
0
0
0
0
0
0
0
0
0
0
0
0
0
0
0
0
0
0
0
0
0
0
0
0
0
0
0
0
0
0
0
0
0
0
0
0
0
0
0
0
0
0
0
0
0
0
0
0
0
0
0
0
0
0
0
0
0
0
0
0
0
0
0
0
0
0
0
0
0
0
0
0
0
0
0
0
0
0
0
0
0
0
0
0
0
0
0
0
0
0
0
0
0
0
0
0
0
0
0
0
0
0
0
0
0
0
0
0
0
0
0
0
0
0
0
0
0
0
0
0
0
0
0
0
0
0
0
0
0
0
0
0
0
0
0
0
0
0
0
0
0
0
0
0
0
0
0
0
0
0
0
0
0
0
0
0
0
0
0
0
0
0
0
0
0
0
0
0
0
0
0
0
0
0
0
0
0
0
0
0
0
0
0
0
0
0
0
0
0
0
0
0
0
0
0
0
0
0
0
0
0
0
0
0
0
0
0
0
0
0
0
0
0
0
0
0
0
0
0
0
0
0
0
0
0
0
0
0
0
0
0
0
0
0
0
0
0
0
0
0
0
0
0
0
0
0
0
0
0
0
0
0
0
0
0
0
0
0
0
0
0
0
0
0
0
0
0
0
0
0
0
0
0
0
0
0
0
0
0
0
0
0
0
0
0
0
0
0
0
0
0
0
0
0
0
0
0
0
0
0
0
0
0
0
0
0
0
0
0
0
0
0
0
0
0
0
0
0
0
0
0
0
0
0
0
0
0
0
0
0
0
0
0
0
0
0
0
0
0
0
0
0
0
0
0
0
0
0
0
0
0
0
0
0
0
0
0
0
0
0
0
0
0
0
0
0
0
0
0
0
0
0
0
0
0
0
0
0
0
0
0
0
0
0
0
0
0
0
0
0
0
0
0
0
0
0
0
0
0
0
0
0
0
0
0
0
0
0
0
0
0
0
0
0
0
0
0
0
0
0
0
0
0
0
0
0
0
0
0
0
0
0
0
0
0
0
0
0
0
0
0
0
0
0
0
0
0
0
0
0
0
0
0
0
0
0
0
0
0
0
0
0
0
0
0
0
0
0
0
0
0
0
0
0
0
0
0
0
0
0
0
0
0
0
0
0
0
0
0
0
0
0
0
0
0
0
0
0
0
0
0
0
0
0
0
0
0
0
0
0
0
0
0
0
0
0
0
0
0
0
0
0
0
0
0
0
0
0
0
0
0
0
0
0
0
0
0
0
0
0
0
0
0
0
0
0
0
0
0
0
0
0
0
0
0
0
0
0
0
0
0
0
0
0
0
0
0
0
0
0
0
0
0
0
0
0
0
0
0
0
0
0
0
0
0
0
0
0
0
0
0
0
0
0
0
0
0
0
0
0
0
0
0
0
0
0
0
0
0
0
0
0
0
0
0
0
0
0
0
0
0
0
0
0
0
0
0
0
0
0
0
0
0
0
0
0
0
0
0
0
0
0
0
0
0
0
0
0
0
0
0
0
0
0
0
0
0
0
0
0
0
0
0
0
0
0
0
0
0
0
0
0
0
0
0
0
0
0
0
0
0
0
0
0
0
0
0
0
0
0
0
0
0
0
0
0
0
0
0
0
0
0
0
0
0
0
0
0
0
0
0
0
0
0
0
0
0
0
0
0
0
0
0
0
0
0
0
0
0
0
0
0
0
0
0
0
0
0
0
0
0
0
0
0
0
0
0
0
0
0
0
0
0
0
0
0
0
0
0
0
0
0
0
0
0
0
0
0
0
0
0
0
0
0
0
0
0
0
0
0
0
0
0
0
0
0
0
0
0
0
0
0
0
0
0
0
0
0
0
0
0
0
0
0
0
0
0
0
0
0
0
0
0
0
0
0
0
0
0
0
0
0
0
0
0
0
0
0
0
0
0
0
0
0
0
0
0
0
0
0
0
0
0
0
0
0
0
0
0
0
0
0
0
0
0
0
0
0
0
0
0
0
0
0
0
0
0
0
0
0
0
0
0
0
0
0
0
0
0
0
0
0
0
0
0
0
0
0
0
0
0
0
0
0
0
0
0
0
0
0
0
0
0
0
0
0
0
0
0
0
0
0
0
0
0
0
0
0
0
0
0
0
0
0
0
0
0
0
0
0
0
0
0
0
0
0
0
0
0
0
0
0
0
0
0
0
0
0
0
0
0
0
0
0
0
0
0
0
0
0
0
0
0
0
0
0
0
0
0
0
0
0
0
0
0
0
0
0
0
0
0
0
0
0
0
0
0
0
0
0
0
0
0
0
0
0
0
0
0
0
0
0
0
0
0
0
0
0
0
0
0
0
0
0
0
0
0
0
0
0
0
0
0
0
0
0
0
0
0
0
0
0
0
0
0
0
0
0
0
0
0
0
0
0
0
0
0
0
0
0
0
0
0
0
0
0
0
0
0
0
0
0
0
0
0
0
0
0
0
0
0
0
0
0
0
0
0
0
0
0
0
0
0
0
0
0
0
0
0
0
0
0
0
0
0
0
0
0
0
0
0
0
0
0
0
0
0
0
0
0
0
0
0
0
0
0
0
0
0
0
0
0
0
0
0
0
0
0
0
0
0
0
0
0
0
0
0
0
0
0
0
0
0
0
0
0
0
0
0
0
0
0
0
0
0
0
0
0
0
0
0
0
0
0
0
0
0
0
0
0
0
0
0
0
0
0
0
0
0
0
0
0
0
0
0
0
0
0
0
0
0
0
0
0
0
0
0
0
0
0
0
0
0
0
0
0
0
0
0
0
0
0
0
0
0
0
0
0
0
0
0
0
0
0
0
0
0
0
0
0
0
0
0
0
0
0
0
0
0
0
0
0
0
0
0
0
0
0
0
0
0
0
0
0
0
0
0
0
0
0
0
0
0
0
0
0
0
0
0
0
0
0
0
0
0
0
0
0
0
0
0
0
0
0
0
0
0
0
0
0
0
0
0
0
0
0
0
0
0
0
0
0
0
0
0
0
0
0
0
0
0
0
0
0
0
0
0
0
0
0
0
0
0
0
0
0
0
0
0
0
0
0
0
0
0
0
0
0
0
0
0
0
0
0
0
0
0
0
0
0
0
0
0
0
0
0
0
0
0
0
0
0
0
0
0
0
0
0
0
0
0
0
0
0
0
0
0
0
0
0
0
0
0
0
0
0
0
0
0
0
0
0
0
0
0
0
0
0
0
0
0
0
0
0
0
0
0
0
0
0
0
0
0
0
0
0
0
0
0
0
0
0
0
0
0
0
0
0
0
0
0
0
0
0
0
0
0
0
0
0
0
0
0
0
0
0
0
0
0
0
0
0
0
0
0
0
0
0
0
0
0
0
0
0
0
0
0
0
0
0
0
0
0
0
0
0
0
0
0
0
0
0
0
0
0
0
0
0
0
0
0
0
0
0
0
0
0
0
0
0
0
0
0
0
0
0
0
0
0
0
0
0
0
0
0
0
0
0
0
0
0
0
0
0
0
0
0
0
0
0
0
0
0
0
0
0
0
0
0
0
0
0
0
0
0
0
0
0
0
0
0
0
0
0
0
0
0
0
0
0
0
0
0
0
0
0
0
0
0
0
0
0
0
0
0
0
0
0
0
0
0
0
0
0
0
0
0
0
0
0
0
0
0
0
0
0
0
0
0
0
0
0
0
0
0
0
0
0
0
0
0
0
0
0
0
0
0
0
0
0
0
0
0
0
0
0
0
0
0
0
0
0
0
0
0
0
0
0
0
0
0
0
0
0
0
0
0
0
0
0
0
0
0
0
0
0
0
0
0
0
0
0
0
0
0
0
0
0
0
0
0
0
0
0
0
0
0
0
0
0
0
0
0
0
0
0
0
0
0
0
0
0
0
0
0
0
0
0
0
0
0
0
0
0
0
0
0
0
0
0
0
0
0
0
0
0
0
0
0
0
0
0
0
0
0
0
0
0
0
0
0
0
0
0
0
0
0
0
0
0
0
0
0
0
0
0
0
0
0
0
0
0
0
0
0
0
0
0
0
0
0
0
0
0
0
0
0
0
0
0
0
0
0
0
0
0
0
0
0
0
0
0
0
0
0
0
0
0
0
0
0
0
0
0
0
0
0
0
0
0
0
0
0
0
0
0
0
0
0
0
0
0
0
0
0
0
0
0
0
0
0
0
0
0
0
0
0
0
0
0
0
0
0
0
0
0
0
0
0
0
0
0
0
0
0
0
0
0
0
0
0
0
0
0
0
0
0
0
0
0
0
0
0
0
0
0
0
0
0
0
0
0
0
0
0
0
0
0
0
0
0
0
0
0
0
0
0
0
0
0
0
0
0
0
0
0
0
0
0
0
0
0
0
0
0
0
0
0
0
0
0
0
0
0
0
0
0
0
0
0
0
0
0
0
0
0
0
0
0
0
0
0
0
0
0
0
0
0
0
0
0
0
0
0
0
0
0
0
0
0
0
0
0
0
0
0
0
0
0
0
0
0
0
0
0
0
0
0
0
0
0
0
0
0
0
0
0
0
0
0
0
0
0
0
0
0
0
0
0
0
0
0
0
0
0
0
0
0
0
0
0
0
0
0
0
0
0
0
0
0
0
0
0
0
0
0
0
0
0
0
0
0
0
0
0
0
0
0
0
0
0
0
0
0
0
0
0
0
0
0
0
0
0
0
0
0
0
0
0
0
0
0
0
0
0
0
0
0
0
0
0
0
0
0
0
0
0
0
0
0
0
0
0
0
0
0
0
0
0
0
0
0
0
0
0
0
0
0
0
0
0
0
0
0
0
0
0
0
0
0
0
0
0
0
0
0
0
0
0
0
0
0
0
0
0
0
0
0
0
0
0
0
0
0
0
0
0
0
0
0
0
0
0
0
0
0
0
0
0
0
0
0
0
0
0
0
0
0
0
0
0
0
0
0
0
0
0
0
0
0
0
0
0
0
0
0
0
0
0
0
0
0
0
0
0
0
0
0
0
0
0
0
0
0
0
0
0
0
0
0
0
0
0
0
0
0
0
0
0
0
0
0
0
0
0
0
0
0
0
0
0
0
0
0
0
0
0
0
0
0
0
0
0
0
0
0
0
0
0
0
0
0
0
0
0
0
0
0
0
0
0
0
0
0
0
0
0
0
0
0
0
0
0
0
0
0
0
0
0
0
0
0
0
0
0
0
0
0
0
0
0
0
0
0
0
0
0
0
0
0
0
0
0
0
0
0
0
0
0
0
0
0
0
0
0
0
0
0
0
0
0
0
0
0
0
0
0
0
0
0
0
0
0
0
0
0
0
0
0
0
0
0
0
0
0
0
0
0
0
0
0
0
0
0
0
0
0
0
0
0
0
0
0
0
0
0
0
0
0
0
0
0
0
0
0
0
0
0
0
0
0
0
0
0
0
0
0
0
0
0
0
0
0
0
0
0
0
0
0
0
0
0
0
0
0
0
0
0
0
0
0
0
0
0
0
0
0
0
0
0
0
0
0
0
0
0
0
0
0
0
0
0
0
0
0
0
0
0
0
0
0
0
0
0
0
0
0
0
0
0
0
0
0
0
0
0
0
0
0
0
0
0
0
0
0
0
0
0
0
0
0
0
0
0
0
0
0
0
0
0
0
0
0
0
0
0
0
0
0
0
0
0
0
0
0
0
0
0
0
0
0
0
0
0
0
0
0
0
0
0
0
0
0
0
0
0
0
0
0
0
0
0
0
0
0
0
0
0
0
0
0
0
0
0
0
0
0
0
0
0
0
0
0
0
0
0
0
0
0
0
0
0
0
0
0
0
0
0
0
0
0
0
0
0
0
0
0
0
0
0
0
0
0
0
0
0
0
0
0
0
0
0
0
0
0
0
0
0
0
0
0
0
0
0
0
0
0
0
0
0
0
0
0
0
0
0
0
0
0
0
0
0
0
0
0
0
0
0
0
0
0
0
0
0
0
0
0
0
0
0
0
0
0
0
0
0
0
0
0
0
0
0
0
0
0
0
0
0
0
0
0
0
0
0
0
0
0
0
0
0
0
0
0
0
0
0
0
0
0
0
0
0
0
0
0
0
0
0
0
0
0
0
0
0
0
0
0
0
0
0
0
0
0
0
0
0
0
0
0
0
0
0
0
0
0
0
0
0
0
0
0
0
0
0
0
0
0
0
0
0
0
0
0
0
0
0
0
0
0
0
0
0
0
0
0
0
0
0
0
0
0
0
0
0
0
0
0
0
0
0
0
0
0
0
0
0
0
0
0
0
0
0
0
0
0
0
0
0
0
0
0
0
0
0
0
0
0
0
0
0
0
0
0
0
0
0
0
0
0
0
0
0
0
0
0
0
0
0
0
0
0
0
0
0
0
0
0
0
0
0
0
0
0
0
0
0
0
0
0
0
0
0
0
0
0
0
0
0
0
0
0
0
0
0
0
0
0
0
0
0
0
0
0
0
0
0
0
0
0
0
0
0
0
0
0
0
0
0
0
0
0
0
0
0
0
0
0
0
0
0
0
0
0
0
0
0
0
0
0
0
0
0
0
0
0
0
0
0
0
0
0
0
0
0
0
0
0
0
0
0
0
0
0
0
0
0
0
0
0
0
0
0
0
0
0
0
0
0
0
0
0
0
0
0
0
0
0
0
0
0
0
0
0
0
0
0
0
0
0
0
0
0
0
0
0
0
0
0
0
0
0
0
0
0
0
0
0
0
0
0
0
0
0
0
0
0
0
0
0
0
0
0
0
0
0
0
0
0
0
0
0
0
0
0
0
0
0
0
0
0
0
0
0
0
0
0
0
0
0
0
0
0
0
0
0
0
0
0
0
0
0
0
0
0
0
0
0
0
0
0
0
0
0
0
0
0
0
0
0
0
0
0
0
0
0
0
0
0
0
0
0
0
0
0
0
0
0
0
0
0
0
0
0
0
0
0
0
0
0
0
0
0
0
0
0
0
0
0
0
0
0
0
0
0
0
0
0
0
0
0
0
0
0
0
0
0
0
0
0
0
0
0
0
0
0
0
0
0
0
0
0
0
0
0
0
0
0
0
0
0
0
0
0
0
0
0
0
0
0
0
0
0
0
0
0
0
0
0
0
0
0
0
0
0
0
0
0
0
0
0
0
0
0
0
0
0
0
0
0
0
0
0
0
0
0
0
0
0
0
0
0
0
0
0
0
0
0
0
0
0
0
0
0
0
0
0
0
0
0
0
0
0
0
0
0
0
0
0
0
0
0
0
0
0
0
0
0
0
0
0
0
0
0
0
0
0
0
0
0
0
0
0
0
0
0
0
0
0
0
0
0
0
0
0
0
0
0
0
0
0
0
0
0
0
0
0
0
0
0
0
0
0
0
0
0
0
0
0
0
0
0
0
0
0
0
0
0
0
0
0
0
0
0
0
0
0
0
0
0
0
0
0
0
0
0
0
0
0
0
0
0
0
0
0
0
0
0
0
0
0
0
0
0
0
0
0
0
0
0
0
0
0
0
0
0
0
0
0
0
0
0
0
0
0
0
0
0
0
0
0
0
0
0
0
0
0
0
0
0
0
0
0
0
0
0
0
0
0
0
0
0
0
0
0
0
0
0
0
0
0
0
0
0
0
0
0
0
0
0
0
0
0
0
0
0
0
0
0
0
0
0
0
0
0
0
0
0
0
0
0
0
0
0
0
0
0
0
0
0
0
0
0
0
0
0
0
0
0
0
0
0
0
0
0
0
0
0
0
0
0
0
0
0
0
0
0
0
0
0
0
0
0
0
0
0
0
0
0
0
0
0
0
0
0
0
0
0
0
0
0
0
0
0
0
0
0
0
0
0
0
0
0
0
0
0
0
0
0
0
0
0
0
0
0
0
0
0
0
0
0
0
0
0
0
0
0
0
0
0
0
0
0
0
0
0
0
0
0
0
0
0
0
0
0
0
0
0
0
0
0
0
0
0
0
0
0
0
0
0
0
0
0
0
0
0
0
0
0
0
0
0
0
0
0
0
0
0
0
0
0
0
0
0
0
0
0
0
0
0
0
0
0
0
0
0
0
0
0
0
0
0
0
0
0
0
0
0
0
0
0
0
0
0
0
0
0
0
0
0
0
0
0
0
0
0
0
0
0
0
0
0
0
0
0
0
0
0
0
0
0
0
0
0
0
0
0
0
0
0
0
0
0
0
0
0
0
0
0
0
0
0
0
0
0
0
0
0
0
0
0
0
0
0
0
0
0
0
0
0
0
0
0
0
0
0
0
0
0
0
0
0
0
0
0
0
0
0
0
0
0
0
0
0
0
0
0
0
0
0
0
0
0
0
0
0
0
0
0
0
0
0
0
0
0
0
0
0
0
0
0
0
0
0
0
0
0
0
0
0
0
0
0
0
0
0
0
0
0
0
0
0
0
0
0
0
0
0
0
0
0
0
0
0
0
0
0
0
0
0
0
0
0
0
0
0
0
0
0
0
0
0
0
0
0
0
0
0
0
0
0
0
0
0
0
0
0
0
0
0
0
0
0
0
0
0
0
0
0
0
0
0
0
0
0
0
0
0
0
0
0
0
0
0
0
0
0
0
0
0
0
0
0
0
0
0
0
0
0
0
0
0
0
0
0
0
0
0
0
0
0
0
0
0
0
0
0
0
0
0
0
0
0
0
0
0
0
0
0
0
0
0
0
0
0
0
0
0
0
0
0
0
0
0
0
0
0
0
0
0
0
0
0
0
0
0
0
0
0
0
0
0
0
0
0
0
0
0
0
0
0
0
0
0
0
0
0
0
0
0
0
0
0
0
0
0
0
0
0
0
0
0
0
0
0
0
0
0
0
0
0
0
0
0
0
0
0
0
0
0
0
0
0
0
0
0
0
0
0
0
0
0
0
0
0
0
0
0
0
0
0
0
0
0
0
0
0
0
0
0
0
0
0
0
0
0
0
0
0
0
0
0
0
0
0
0
0
0
0
0
0
0
0
0
0
0
0
0
0
0
0
0
0
0
0
0
0
0
0
0
0
0
0
0
0
0
0
0
0
0
0
0
0
0
0
0
0
0
0
0
0
0
0
0
0
0
0
0
0
0
0
0
0
0
0
0
0
0
0
0
0
0
0
0
0
0
0
0
0
0
0
0
0
0
0
0
0
0
0
0
0
0
0
0
0
0
0
0
0
0
0
0
0
0
0
0
0
0
0
0
0
0
0
0
0
0
0
0
0
0
0
0
0
0
0
0
0
0
0
0
0
0
0
0
0
0
0
0
0
0
0
0
0
0
0
0
0
0
0
0
0
0
0
0
0
0
0
0
0
0
0
0
0
0
0
0
0
0
0
0
0
0
0
0
0
0
0
0
0
0
0
0
0
0
0
0
0
0
0
0
0
0
0
0
0
0
0
0
0
0
0
0
0
0
0
0
0
0
0
0
0
0
0
0
0
0
0
0
0
0
0
0
0
0
0
0
0
0
0
0
0
0
0
0
0
0
0
0
0
0
0
0
0
0
0
0
0
0
0
0
0
0
0
0
0
0
0
0
0
0
0
0
0
0
0
0
0
0
0
0
0
0
0
0
0
0
0
0
0
0
0
0
0
0
0
0
0
0
0
0
0
0
0
0
0
0
0
0
0
0
0
0
0
0
0
0
0
0
0
0
0
0
0
0
0
0
0
0
0
0
0
0
0
0
0
0
0
0
0
0
0
0
0
0
0
0
0
0
0
0
0
0
0
0
0
0
0
0
0
0
0
0
0
0
0
0
0
0
0
0
0
0
0
0
0
0
0
0
0
0
0
0
0
0
0
0
0
0
0
0
0
0
0
0
0
0
0
0
0
0
0
0
0
0
0
0
0
0
0
0
0
0
0
0
0
0
0
0
0
0
0
0
0
0
0
0
0
0
0
0
0
0
0
0
0
0
0
0
0
0
0
0
0
0
0
0
0
0
0
0
0
0
0
0
0
0
0
0
0
0
0
0
0
0
0
0
0
0
0
0
0
0
0
0
0
0
0
0
0
0
0
0
0
0
0
0
0
0
0
0
0
0
0
0
0
0
0
0
0
0
0
0
0
0
0
0
0
0
0
0
0
0
0
0
0
0
0
0
0
0
0
0
0
0
0
0
0
0
0
0
0
0
0
0
0
0
0
0
0
0
0
0
0
0
0
0
0
0
0
0
0
0
0
0
0
0
0
0
0
0
0
0
0
0
0
0
0
0
0
0
0
0
0
0
0
0
0
0
0
0
0
0
0
0
0
0
0
0
0
0
0
0
0
0
0
0
0
0
0
0
0
0
0
0
0
0
0
0
0
0
0
0
0
0
0
0
0
0
0
0
0
0
0
0
0
0
0
0
0
0
0
0
0
0
0
0
0
0
0
0
0
0
0
0
0
0
0
0
0
0
0
0
0
0
0
0
0
0
0
0
0
0
0
0
0
0
0
0
0
0
0
0
0
0
0
0
0
0
0
0
0
0
0
0
0
0
0
0
0
0
0
0
0
0
0
0
0
0
0
0
0
0
0
0
0
0
0
0
0
0
0
0
0
0
0
0
0
0
0
0
0
0
0
0
0
0
0
0
0
0
0
0
0
0
0
0
0
0
0
0
0
0
0
0
0
0
0
0
0
0
0
0
0
0
0
0
0
0
0
0
0
0
0
0
0
0
0
0
0
0
0
0
0
0
0
0
0
0
0
0
0
0
0
0
0
0
0
0
0
0
0
0
0
0
0
0
0
0
0
0
0
0
0
0
0
0
0
0
0
0
0
0
0
0
0
0
0
0
0
0
0
0
0
0
0
0
0
0
0
0
0
0
0
0
0
0
0
0
0
0
0
0
0
0
0
0
0
0
0
0
0
0
0
0
0
0
0
0
0
0
0
0
0
0
0
0
0
0
0
0
0
0
0
0
0
0
0
0
0
0
0
0
0
0
0
0
0
0
0
0
0
0
0
0
0
0
0
0
0
0
0
0
0
0
0
0
0
0
0
0
0
0
0
0
0
0
0
0
0
0
0
0
0
0
0
0
0
0
0
0
0
0
0
0
0
0
0
0
0
0
0
0
0
0
0
0
0
0
0
0
0
0
0
0
0
0
0
0
0
0
0
0
0
0
0
0
0
0
0
0
0
0
0
0
0
0
0
0
0
0
0
0
0
0
0
0
0
0
0
0
0
0
0
0
0
0
0
0
0
0
0
0
0
0
0
0
0
0
0
0
0
0
0
0
0
0
0
0
0
0
0
0
0
0
0
0
0
0
0
0
0
0
0
0
0
0
0
0
0
0
0
0
0
0
0
0
0
0
0
0
0
0
0
0
0
0
0
0
0
0
0
0
0
0
0
0
0
0
0
0
0
0
0
0
0
0
0
0
0
0
0
0
0
0
0
0
0
0
0
0
0
0
0
0
0
0
0
0
0
0
0
0
0
0
0
0
0
0
0
0
0
0
0
0
0
0
0
0
0
0
0
0
0
0
0
0
0
0
0
0
0
0
0
0
0
0
0
0
0
0
0
0
0
0
0
0
0
0
0
0
0
0
0
0
0
0
0
0
0
0
0
0
0
0
0
0
0
0
0
0
0
0
0
0
0
0
0
0
0
0
0
0
0
0
0
0
0
0
0
0
0
0
0
0
0
0
0
0
0
0
0
0
0
0
0
0
0
0
0
0
0
0
0
0
0
0
0
0
0
0
0
0
0
0
0
0
0
0
0
0
0
0
0
0
0
0
0
0
0
0
0
0
0
0
0
0
0
0
0
0
0
0
0
0
0
0
0
0
0
0
0
0
0
0
0
0
0
0
0
0
0
0
0
0
0
0
0
0
0
0
0
0
0
0
0
0
0
0
0
0
0
0
0
0
0
0
0
0
0
0
0
0
0
0
0
0
0
0
0
0
0
0
0
0
0
0
0
0
0
0
0
0
0
0
0
0
0
0
0
0
0
0
0
0
0
0
0
0
0
0
0
0
0
0
0
0
0
0
0
0
0
0
0
0
0
0
0
0
0
0
0
0
0
0
0
0
0
0
0
0
0
0
0
0
0
0
0
0
0
0
0
0
0
0
0
0
0
0
0
0
0
0
0
0
0
0
0
0
0
0
0
0
0
0
0
0
0
0
0
0
0
0
0
0
0
0
0
0
0
0
0
0
0
0
0
0
0
0
0
0
0
0
0
0
0
0
0
0
0
0
0
0
0
0
0
0
0
0
0
0
0
0
0
0
0
0
0
0
0
0
0
0
0
0
0
0
0
0
0
0
0
0
0
0
0
0
0
0
0
0
0
0
0
0
0
0
0
0
0
0
0
0
0
0
0
0
0
0
0
0
0
0
0
0
0
0
0
0
0
0
0
0
0
0
0
0
0
0
0
0
0
0
0
0
0
0
0
0
0
0
0
0
0
0
0
0
0
0
0
0
0
0
0
0
0
0
0
0
0
0
0
0
0
0
0
0
0
0
0
0
0
0
0
0
0
0
0
0
0
0
0
0
0
0
0
0
0
0
0
0
0
0
0
0
0
0
0
0
0
0
0
0
0
0
0
0
0
0
0
0
0
0
0
0
0
0
0
0
0
0
0
0
0
0
0
0
0
0
0
0
0
0
0
0
0
0
0
0
0
0
0
0
0
0
0
0
0
0
0
0
0
0
0
0
0
0
0
0
0
0
0
0
0
0
0
0
0
0
0
0
0
0
0
0
0
0
0
0
0
0
0
0
0
0
0
0
0
0
0
0
0
0
0
0
0
0
0
0
0
0
0
0
0
0
0
0
0
0
0
0
0
0
0
0
0
0
0
0
0
0
0
0
0
0
0
0
0
0
0
0
0
0
0
0
0
0
0
0
0
0
0
0
0
0
0
0
0
0
0
0
0
0
0
0
0
0
0
0
0
0
0
0
0
0
0
0
0
0
0
0
0
0
0
0
0
0
0
0
0
0
0
0
0
0
0
0
0
0
0
0
0
0
0
0
0
0
0
0
0
0
0
0
0
0
0
0
0
0
0
0
0
0
0
0
0
0
0
0
0
0
0
0
0
0
0
0
0
0
0
0
0
0
0
0
0
0
0
0
0
0
0
0
0
0
0
0
0
0
0
0
0
0
0
0
0
0
0
0
0
0
0
0
0
0
0
0
0
0
0
0
0
0
0
0
0
0
0
0
0
0
0
0
0
0
0
0
0
0
0
0
0
0
0
0
0
0
0
0
0
0
0
0
0
0
0
0
0
0
0
0
0
0
0
0
0
0
0
0
0
0
0
0
0
0
0
0
0
0
0
0
0
0
0
0
0
0
0
0
0
0
0
0
0
0
0
0
0
0
0
0
0
0
0
0
0
0
0
0
0
0
0
0
0
0
0
0
0
0
0
0
0
0
0
0
0
0
0
0
0
0
0
0
0
0
0
0
0
0
0
0
0
0
0
0
0
0
0
0
0
0
0
0
0
0
0
0
0
0
0
0
0
0
0
0
0
0
0
0
0
0
0
0
0
0
0
0
0
0
0
0
0
0
0
0
0
0
0
0
0
0
0
0
0
0
0
0
0
0
0
0
0
0
0
0
0
0
0
0
0
0
0
0
0
0
0
0
0
0
0
0
0
0
0
0
0
0
0
0
0
0
0
0
0
0
0
0
0
0
0
0
0
0
0
0
0
0
0
0
0
0
0
0
0
0
0
0
0
0
0
0
0
0
0
0
0
0
0
0
0
0
0
0
0
0
0
0
0
0
0
0
0
0
0
0
0
0
0
0
0
0
0
0
0
0
0
0
0
0
0
0
0
0
0
0
0
0
0
0
0
0
0
0
0
0
0
0
0
0
0
0
0
0
0
0
0
0
0
0
0
0
0
0
0
0
0
0
0
0
0
0
0
0
0
0
0
0
0
0
0
0
0
0
0
0
0
0
0
0
0
0
0
0
0
0
0
0
0
0
0
0
0
0
0
0
0
0
0
0
0
0
0
0
0
0
0
0
0
0
0
0
0
0
0
0
0
0
0
0
0
0
0
0
0
0
0
0
0
0
0
0
0
0
0
0
0
0
0
0
0
0
0
0
0
0
0
0
0
0
0
0
0
0
0
0
0
0
0
0
0
0
0
0
0
0
0
0
0
0
0
0
0
0
0
0
0
0
0
0
0
0
0
0
0
0
0
0
0
0
0
0
0
0
0
0
0
0
0
0
0
0
0
0
0
0
0
0
0
0
0
0
0
0
0
0
0
0
0
0
0
0
0
0
0
0
0
0
0
0
0
0
0
0
0
0
0
0
0
0
0
0
0
0
0
0
0
0
0
0
0
0
0
0
0
0
0
0
0
0
0
0
0
0
0
0
0
0
0
0
0
0
0
0
0
0
0
0
0
0
0
0
0
0
0
0
0
0
0
0
0
0
0
0
0
0
0
0
0
0
0
0
0
0
0
0
0
0
0
0
0
0
0
0
0
0
0
0
0
0
0
0
0
0
0
0
0
0
0
0
0
0
0
0
0
0
0
0
0
0
0
0
0
0
0
0
0
0
0
0
0
0
0
0
0
0
0
0
0
0
0
0
0
0
0
0
0
0
0
0
0
0
0
0
0
0
0
0
0
0
0
0
0
0
0
0
0
0
0
0
0
0
0
0
0
0
0
0
0
0
0
0
0
0
0
0
0
0
0
0
0
0
0
0
0
0
0
0
0
0
0
0
0
0
0
0
0
0
0
0
0
0
0
0
0
0
0
0
0
0
0
0
0
0
0
0
0
0
0
0
0
0
0
0
0
0
0
0
0
0
0
0
0
0
0
