-160
611
-4020
-2593
-4526
-3656
-4335
-183
788
-4474
-3061
-3671
-3878
-240
58
-84
-194
1097
-1587
-4032
-437
-4340
-13263
-313
897
-2698
-4451
-2922
-4311
-17915
120
894
-192
1338
-3975
-2728
-5621
-2558
-3609
-218
535
-4615
-3144
-4368
-4174
96
-75
65
-8
1367
-1481
-3658
1491
-3573
-21577
-195
515
-3154
-4806
-2828
-4506
-21052
137
1071
-204
1616
-4512
-2085
-7737
-3273
-4805
-297
985
-5114
-1855
-6699
-5565
-2370
-261
1069
116
299
-2038
-5504
365
-4761
-19467
-77
-442
-3816
-6343
-3890
-5668
-18527
277
130
-218
2087
-2759
1677
-5626
-2932
-3734
-262
2170
-5128
982
-6842
-6153
-1970
-261
2572
259
-523
-3608
-4833
-1219
-3780
-22123
14
-3
-6452
-7119
-4748
-6020
-15388
225
-124
-170
940
-3378
1091
-5496
-3208
-3851
-151
1310
-5072
363
-5200
-5196
-1211
-87
825
160
-540
-1221
-4494
-2792
-3817
-17642
-143
-1396
-4004
-5681
-5197
-5245
-17186
-19
-1864
-195
917
-2857
-1955
-4188
-3458
-3399
-69
691
-3409
-2128
-2397
-3516
-475
24
360
187
-132
-479
-3305
-233
-3243
-15709
-196
-825
-1931
-3105
-2028
-3341
-21202
-69
-1270
-264
540
-1827
-1812
-2662
-2004
-2360
-264
584
-2151
-2584
-1428
-2285
-1249
-21
1058
90
-432
608
-2534
-991
-2256
-18142
-5
797
279
-2396
-1803
-2421
-22156
30
468
-55
-68
-1281
-135
-2446
-1713
-2381
-250
309
-463
-1081
-1496
-2002
-1478
-101
956
-116
-705
-781
-2075
-2909
-2246
-16519
-98
-824
-1056
-1856
-3467
-2272
-21795
19
-228
64
-837
-2628
-1871
-4686
-1666
-3128
75
-1459
-3055
-2054
-4061
-2722
1220
-31
-924
-145
2190
-2756
-2877
1532
-3072
-21125
-439
1395
-4474
-3191
-1357
-3363
-23996
-117
1017
7
-80
-4257
-2455
-6558
-2122
-4365
-101
57
-4846
-2535
-5829
-3708
1312
-89
401
-43
1841
-3940
-4361
1967
-4397
-17072
-238
697
-6700
-5493
-2402
-5261
-19032
18
1711
-23
-1163
-5281
-2231
-7737
-2210
-5217
-94
-1232
-5772
-1651
-6318
-4193
-1178
-154
-1497
144
795
-3327
-5503
525
-5100
-18322
-64
-804
-4539
-6146
-3650
-5098
-21410
200
-624
-42
-1398
-3574
958
-6578
-3057
-4527
-112
-1829
-6525
-129
-7840
-6424
-417
-123
-2373
228
-903
-4425
-5546
-115
-4428
-17777
6
575
-6728
-7375
-5924
-6638
-11412
102
496
-183
-1098
-3328
-1533
-5066
-4315
-4009
-157
-1100
-6215
-3502
-8025
-6262
3123
-193
-1044
265
125
-1775
-4477
372
-3872
-20208
44
-1734
-5996
-5743
-5241
-6793
-15267
11
-2477
-362
-582
-2937
-3869
-2648
-3643
-2997
-156
-231
-3696
-3813
-4842
-3967
2512
-185
279
260
451
-1971
-2361
2335
-2964
-20883
-26
-1297
-4673
-3283
-815
-3637
-23245
137
-1350
-302
109
-1770
-3298
-1738
-3218
-2678
-220
761
-3963
-3970
-5596
-4314
1939
-222
1264
95
-842
-1817
-2589
795
-2659
-26918
-90
1011
-4750
-4446
-1890
-4186
-23750
53
1133
-127
750
-2583
-897
-1540
-3306
-2969
-270
2616
-4541
-2699
-6092
-5322
425
-120
2544
-133
-2176
-801
-3684
-1494
-2923
-24866
-95
-1641
-3565
-3735
-4803
-5337
-18660
12
-1287
63
-256
-3695
-2596
-4186
-2448
-3299
58
-267
-4312
-3561
-4705
-3210
1625
-148
167
-144
1830
-2550
-3556
2669
-3216
-15835
-268
1427
-3705
-4265
-270
-3707
-18590
-28
1125
-24
656
-3615
-2326
-3693
-2612
-3551
-84
565
-4614
-3558
-5449
-3867
2832
-265
1197
72
2026
-4064
-4049
1657
-3532
-22053
-66
101
-7254
-5283
-2707
-4575
-21479
88
-185
46
999
-4583
-3393
-6506
-4059
-5398
-33
1312
-4331
-3256
-6696
-4254
1201
-265
984
186
658
-5086
-5370
1968
-5524
-12040
-36
-666
-6887
-5775
-2324
-4436
-19337
213
-704
0
-221
-4425
-2556
-5514
-3078
-4329
20
597
-4620
-2499
-6109
-3789
2380
-227
777
217
-895
-4390
-4332
2506
-4349
-21004
35
-854
-5929
-5000
-2438
-3893
-27084
107
-733
-141
-6
-4072
-3218
-5672
-4432
-4662
-91
101
-5479
-3799
-7945
-5310
3292
-153
328
266
778
-3820
-4967
2610
-4609
-19780
86
1
-7385
-5500
-2511
-5528
-21709
178
188
-347
-505
-3722
-3509
-4376
-3615
-4246
-184
-377
-5466
-4592
-6784
-4618
3684
-328
-287
249
264
-4297
-4335
2884
-4194
-13530
104
-642
-8211
-5141
-1337
-4855
-14336
254
-347
-368
-499
-2749
-2106
-3219
-1879
-2964
-242
-1315
-4933
-3140
-4731
-3592
3776
-265
-1977
119
-37
-2653
-3571
858
-2926
-25167
-35
1005
-6349
-4021
-3498
-4259
-25620
121
1264
-248
-384
-3315
-160
-5865
-4067
-4347
-296
-1187
-6733
-1333
-8133
-7575
-777
-131
-1118
-63
-1599
-1674
-5718
-926
-4267
-17862
-106
-1506
-5490
-6579
-7232
-7462
-7924
93
-1214
-90
162
-3740
-3529
-2326
-2625
-2975
-25
517
-5477
-4779
-3970
-3660
1837
-142
424
-54
1401
-1424
-3720
1898
-3013
-14438
-73
2062
-2644
-4516
-1185
-3775
-14337
76
1930
-229
-500
-4245
-5229
-1309
-3817
-3733
-193
37
-5105
-6744
-3443
-4030
3291
-144
291
130
1661
-1887
-5063
991
-3774
-16281
99
847
-4131
-4922
-3619
-4242
-18830
157
1006
-146
-1037
-3156
-4649
-2010
-3272
-3527
-61
-1218
-4383
-5259
-4479
-4863
3218
-258
-708
217
-585
-2216
-3794
-32
-3675
-18156
144
-1805
-5167
-5674
-4933
-4056
-18332
300
-1365
-29
-485
-3097
-2787
-2097
-3561
-2933
-171
154
-6057
-4462
-5995
-5767
4532
-142
398
278
-750
-2669
-2986
1539
-3093
-24115
-5
-138
-6485
-6181
-4784
-5228
-18048
58
663
34
-144
-3406
-1770
-4049
-3054
-2918
-175
566
-6820
-4317
-6783
-5957
5238
-266
523
244
670
-3231
-2818
2208
-3009
-22726
2
-409
-7545
-6356
-4422
-6110
-15431
-44
-699
46
310
-3313
-1159
-3387
-2018
-2683
-202
408
-5278
-1956
-5154
-4269
3528
-288
-435
332
122
-3323
-2176
838
-2819
-21525
44
450
-6818
-4951
-4166
-4149
-18867
15
770
-55
230
-2528
-1440
-3312
-1602
-2728
-271
1578
-4945
-2057
-5161
-3913
2523
-304
1937
136
-21
-3583
-2945
1093
-2677
-20581
-69
177
-6650
-5174
-3588
-4560
-16741
55
-551
-250
139
-2881
-1365
-2642
-2250
-2743
-236
671
-3536
-1094
-3776
-3231
632
-116
519
-113
-1088
-744
-2881
-283
-2653
-17799
-114
-671
-2854
-3691
-3395
-3381
-19027
120
-586
-110
-411
-4257
-2995
-1986
-2817
-3166
-218
110
-6082
-3706
-4172
-3884
722
-183
465
95
874
-246
-3462
-571
-3244
-16570
-47
1911
-2125
-4710
-2320
-3790
-15860
39
1843
-230
-1677
-4126
-4195
-1051
-3889
-3919
-323
47
-6893
-7137
-5590
-5441
3371
-290
866
60
592
230
-5388
-2774
-3828
-16242
121
-136
-3420
-6583
-6633
-5893
-13433
90
-457
-111
-1144
-3437
-3201
-1168
-3054
-3471
-217
-325
-4917
-4617
-4197
-4524
2943
-214
-405
173
270
-902
-4867
-2338
-3519
-18179
134
-742
-3970
-5396
-5914
-4141
-20078
220
-716
-41
290
-3881
-2316
-1314
-2822
-2820
-289
605
-6192
-2960
-5764
-5019
3110
-259
-340
296
-141
-1604
-3595
-344
-3071
-21267
-42
559
-4835
-5721
-4841
-4803
-17478
-27
278
-95
-179
-4283
-2488
-3501
-3919
-3493
-241
833
-7413
-3863
-8069
-6150
3484
-262
307
95
1552
-1136
-4166
360
-3585
-22208
-77
509
-4810
-7163
-5066
-6337
-17120
-36
-274
-134
475
-5669
-2424
-4354
-3878
-4525
-204
818
-6148
-1623
-6723
-4994
535
-214
307
106
1308
-1010
-5628
-1253
-4662
-17213
25
1685
-3412
-5719
-4836
-5018
-21013
71
2062
-122
1138
-4317
-817
-1770
-2106
-3334
-80
285
-5448
458
-5107
-4108
-1833
-166
-585
23
113
-2100
-3935
-2324
-3263
-22096
-20
-660
-3396
-4549
-4556
-4163
-21294
139
-774
-256
772
-4389
930
-304
-2038
-3007
-92
775
-6594
1056
-4306
-4891
-806
-72
-438
-131
-1974
-1785
-3276
-3562
-3007
-20392
-165
-1737
-3736
-4983
-6055
-4678
-15904
80
-969
-113
55
-4562
-2280
-906
-3565
-3262
-302
654
-7112
-3714
-5839
-5212
1255
-286
-130
84
1228
192
-3448
-2413
-3202
-17318
-149
1381
-2465
-5282
-4037
-4927
-12590
-10
1236
-233
490
-5058
-2404
-2565
-5243
-4599
-416
1544
-7607
-5732
-7429
-5990
4021
-322
1338
71
1093
-547
-5445
-2376
-4359
-15757
43
-43
-5114
-6224
-6384
-6535
-13436
50
-966
-62
489
-3379
-2569
-3739
-4615
-3998
-288
1210
-5546
-4384
-6320
-5433
3375
-221
1269
139
53
-2156
-4522
468
-3859
-19138
-30
-1026
-5831
-5513
-4844
-5056
-17745
-24
-932
-17
144
-4235
-2131
-4051
-4047
-3483
-165
-6
-6266
-2854
-6246
-5115
2420
-157
-509
219
-62
-1281
-3313
977
-3387
-19716
-169
512
-4238
-5273
-4062
-4949
-17274
-90
729
-19
-8
-4695
-2222
-5660
-5199
-4330
-61
-424
-6828
-2842
-7040
-5862
2384
-34
-501
126
834
-1622
-3427
826
-4209
-17703
-155
410
-4778
-5497
-3958
-5958
-16744
-35
405
43
-256
-5822
-1792
-5494
-5564
-5473
-59
-1585
-5923
-1682
-5795
-5029
-332
-72
-572
189
627
332
-5015
-4246
-5508
-11278
-1
-8
-2511
-4760
-6508
-5426
-18328
95
183
69
-510
-5122
67
-3996
-3223
-4369
41
-1424
-6075
106
-5252
-4789
-3521
38
-1093
-56
-606
490
-4092
-5753
-4264
-14579
-41
-932
-907
-5151
-7217
-5533
-14976
18
-508
-96
-599
-6173
1654
-2707
-3257
-4854
9
-956
-5800
2687
-3619
-4272
-4283
72
-1446
-272
-2589
-1514
-4220
-7223
-4843
-12572
-189
-1945
-1527
-4141
-7833
-4664
-18409
40
-982
-249
-718
-4316
-3150
-1394
-3936
-3806
-195
-156
-5047
-3899
-5341
-3847
-486
-195
-1600
13
1351
-442
-4093
-2294
-3790
-14055
-16
1375
-2040
-3267
-2463
-4352
-15701
149
1200
-210
-1204
-5752
-1269
-4025
-5506
-5044
-363
-1165
-7137
-2152
-7764
-5608
-1431
-183
-3435
94
429
-1867
-5483
-2158
-4834
-16368
86
460
-4808
-5717
-4389
-6017
-15421
130
-50
-166
-1117
-4657
-1413
-4708
-4672
-4709
-213
-824
-5859
-1917
-7047
-5018
-684
-18
-1798
85
54
-1336
-4788
-1628
-4377
-18467
-89
-664
-3973
-4851
-5065
-4781
-20510
1
-537
-60
-444
-4694
-2931
-3783
-4524
-4378
-131
48
-6282
-4000
-6555
-4949
1795
-89
-146
230
355
-322
-3821
-1147
-4199
-14286
-90
-410
-2888
-4278
-5696
-5048
-14515
-59
61
13
-876
-4571
-3843
-3117
-4158
-3875
16
-344
-5793
-3918
-5077
-4242
1768
-65
-522
200
123
-856
-2191
-419
-3833
-19340
5
-349
-2629
-3595
-4105
-5048
-20086
-38
63
194
-893
-3717
-1854
-2835
-2210
-3133
97
-402
-4933
-1317
-4577
-3636
-1075
-36
-668
185
-1537
1126
-1853
-3955
-3172
-22517
-21
-1843
-1218
-3498
-5824
-4104
-22727
1
-729
172
-406
-4636
-1204
-5398
-1888
-4407
10
-312
-6163
-583
-6672
-4975
-5531
63
-165
-66
-268
1555
-3729
-6003
-4393
-18014
-66
-24
-414
-6673
-7619
-6261
-13585
-38
206
43
-485
-4964
-1613
-4509
-1572
-3920
1
-23
-5122
-912
-4720
-4316
-4883
-1
421
-238
-1758
3443
-2092
-6720
-3721
-21051
-69
-1353
2286
-4843
-7572
-4665
-21196
-45
-766
-203
-1265
-1050
-3037
-1460
-2213
-2826
-294
-1238
-1950
-3976
-4350
-3590
-12
-154
-1287
-2
973
-1772
-2960
-1841
-2807
-19813
-71
1399
-2887
-3395
-4538
-4115
-19031
176
953
-250
-1581
-2499
-917
-2731
-1710
-2965
-470
-1453
-4401
-2475
-5090
-4119
-48
-251
-1265
142
255
-1131
-3121
-2977
-2760
-18950
65
184
-3214
-4498
-6523
-4789
-16213
208
160
-297
-1264
-2675
896
-2152
-1596
-2168
-316
-1629
-4612
-543
-4491
-3928
357
-198
-1065
133
402
-1162
-1382
-2882
-1943
-16607
-150
522
-2334
-3384
-6279
-3472
-14679
-11
116
-152
-2084
-2965
-1034
-924
-1165
-2098
-187
-2093
-4576
-1910
-3296
-2635
1813
-95
-2230
191
299
-1974
-576
-1682
-1927
-16893
-113
75
-2563
-2656
-5162
-3326
-15686
-87
-335
-151
-1901
-2780
-1901
-1723
-376
-2301
-210
-1456
-4693
-2121
-3315
-2512
963
-108
-1524
102
158
-2550
-1168
-585
-2164
-16986
-28
816
-3467
-3959
-4112
-4244
-13366
28
904
-170
-1736
-3370
-2732
-2525
579
-3061
-190
-1083
-2749
-1276
-2200
-560
-2278
-73
-802
55
-810
-1442
-1878
-3179
-2977
-16149
75
-368
-100
-3169
-4411
-2601
-23278
212
-42
-96
-1363
-3763
-3181
-4667
2051
-3417
-114
-1509
-3555
-1667
-3275
-831
-5469
22
-929
-88
-55
-901
-2631
-3547
-3324
-15341
-84
902
1105
-4693
-5168
-3431
-17358
121
1104
-84
-1798
-2686
-3010
-4037
580
-2784
-165
-1531
-3293
-3317
-3676
-2893
-4348
-61
-636
-174
-1403
1632
-2123
-3491
-2614
-16343
-95
-1859
1858
-4664
-6116
-3982
-11976
30
-1810
0
0
0
0
0
0
0
0
0
0
0
-2746
-1769
-3358
-1281
-2339
0
0
0
0
0
0
0
0
0
0
0
675
-3037
-977
-2288
-18892
0
0
0
0
0
0
0
0
0
0
0
-4457
-3747
-6552
31
-3940
0
0
0
0
0
0
0
0
0
0
0
-955
-4005
-166
-3816
-15499
0
0
0
0
0
0
0
0
0
0
0
-5785
-3778
-7985
-155
-4762
0
0
0
0
0
0
0
0
0
0
0
-1162
-4969
-144
-4642
-14148
0
0
0
0
0
0
0
0
0
0
0
-4554
-747
-5204
245
-3154
0
0
0
0
0
0
0
0
0
0
0
-1668
-3564
-542
-2992
-18824
0
0
0
0
0
0
0
0
0
0
0
-3985
-304
-4867
-812
-2651
0
0
0
0
0
0
0
0
0
0
0
276
-2724
-1371
-2587
-18910
0
0
0
0
0
0
0
0
0
0
0
-2753
-1764
-3338
-1740
-2070
0
0
0
0
0
0
0
0
0
0
0
781
-2105
119
-1911
-18462
0
0
0
0
0
0
0
0
0
0
0
-1666
-2044
-1997
-1853
-1714
0
0
0
0
0
0
0
0
0
0
0
1236
-1362
-1252
-1493
-17308
0
0
0
0
0
0
0
0
0
0
0
-1182
-1248
-2702
-1624
-1900
0
0
0
0
0
0
0
0
0
0
0
241
-769
-2548
-1764
-14773
0
0
0
0
0
0
0
0
0
0
0
-1834
-2008
-4338
-721
-2523
0
0
0
0
0
0
0
0
0
0
0
-820
-3316
-82
-2396
-19576
0
0
0
0
0
0
0
0
0
0
0
-4026
-2436
-5663
-406
-3479
0
0
0
0
0
0
0
0
0
0
0
-2065
-5084
966
-3393
-17783
0
0
0
0
0
0
0
0
0
0
0
-5422
-2753
-7165
1640
-3970
0
0
0
0
0
0
0
0
0
0
0
-1816
-5514
-638
-3815
-20331
0
0
0
0
0
0
0
0
0
0
0
-4532
-865
-5714
795
-3305
0
0
0
0
0
0
0
0
0
0
0
-2382
-4657
-50
-3050
-17344
0
0
0
0
0
0
0
0
0
0
0
-3137
-1504
-5186
-2483
-2898
0
0
0
0
0
0
0
0
0
0
0
-1318
-2574
1338
-2454
-21192
0
0
0
0
0
0
0
0
0
0
0
-1855
-4250
-4387
-3155
-3621
0
0
0
0
0
0
0
0
0
0
0
-3147
-2250
1179
-3313
-15094
0
0
0
0
0
0
0
0
0
0
0
-912
-3839
-2536
-2931
-2970
0
0
0
0
0
0
0
0
0
0
0
-1950
-1949
-459
-2885
-21283
0
0
0
0
0
0
0
0
0
0
0
-1127
-1194
-1422
-2641
-1869
0
0
0
0
0
0
0
0
0
0
0
300
-1482
-1856
-1801
-23470
0
0
0
0
0
0
0
0
0
0
0
-2013
-1856
-3180
-1554
-2154
0
0
0
0
0
0
0
0
0
0
0
-1347
-3067
1526
-2036
-17610
0
0
0
0
0
0
0
0
0
0
0
-2653
-2505
-4090
-995
-3430
0
0
0
0
0
0
0
0
0
0
0
-3783
-5359
1578
-3366
-19150
0
0
0
0
0
0
0
0
0
0
0
-3866
-2157
-5777
-770
-3536
0
0
0
0
0
0
0
0
0
0
0
-3226
-5201
1636
-3363
-17690
0
0
0
0
0
0
0
0
0
0
0
-4278
-2583
-6539
-88
-3961
0
0
0
0
0
0
0
0
0
0
0
-3986
-3750
446
-3755
-19667
0
0
0
0
0
0
0
0
0
0
0
-3100
-2444
-5595
-1247
-3347
0
0
0
0
0
0
0
0
0
0
0
-3579
-3218
1168
-3135
-23033
0
0
0
0
0
0
0
0
0
0
0
-2698
-2701
-4379
-1189
-3326
0
0
0
0
0
0
0
0
0
0
0
-4581
-3666
1688
-3076
-16071
0
0
0
0
0
0
0
0
0
0
0
-2226
-2885
-4608
911
-3573
0
0
0
0
0
0
0
0
0
0
0
-4414
-3377
-1315
-3463
-20365
0
0
0
0
0
0
0
0
0
0
0
-2005
-954
-4008
-1924
-2716
0
0
0
0
0
0
0
0
0
0
0
-1034
-3401
-1065
-2514
-17944
0
0
0
0
0
0
0
0
0
0
0
-1871
-2383
-1961
-1056
-2065
0
0
0
0
0
0
0
0
0
0
0
-1043
-3596
901
-1994
-16214
0
0
0
0
0
0
0
0
0
0
0
-2902
-3947
-1965
-1625
-4054
0
0
0
0
0
0
0
0
0
0
0
-3302
-6577
176
-3779
-12902
0
0
0
0
0
0
0
0
0
0
0
-3451
-3868
-3313
658
-3530
0
0
0
0
0
0
0
0
0
0
0
-2295
-4608
-1651
-3295
-16181
0
0
0
0
0
0
0
0
0
0
0
-2850
-1998
-2495
375
-2070
0
0
0
0
0
0
0
0
0
0
0
-2258
-1384
-1077
-1922
-25153
0
0
0
0
0
0
0
0
0
0
0
-3268
-1905
-4300
382
-3016
0
0
0
0
0
0
0
0
0
0
0
-4098
-2368
-520
-2818
-18999
0
0
0
0
0
0
0
0
0
0
0
-2239
-1886
-4637
2055
-3045
0
0
0
0
0
0
0
0
0
0
0
-5009
-3049
-1173
-3039
-18389
0
0
0
0
0
0
0
0
0
0
0
-2145
-1815
-4150
2551
-2504
0
0
0
0
0
0
0
0
0
0
0
-4252
-3234
-547
-2587
-18870
0
0
0
0
0
0
0
0
0
0
0
-1389
-1363
-2687
-572
-1833
0
0
0
0
0
0
0
0
0
0
0
-449
-2751
-727
-1823
-17750
0
0
0
0
0
0
0
0
0
0
0
-1893
-2821
-1708
-1434
-2200
0
0
0
0
0
0
0
0
0
0
0
-335
-2567
-1449
-2263
-18331
0
0
0
0
0
0
0
0
0
0
0
-1857
-2715
-990
-2306
-3043
0
0
0
0
0
0
0
0
0
0
0
-1134
-4769
-2527
-3019
-17797
0
0
0
0
0
0
0
0
0
0
0
-2923
-2912
-1654
-189
-3265
0
0
0
0
0
0
0
0
0
0
0
-1620
-4459
-3236
-3124
-17254
0
0
0
0
0
0
0
0
0
0
0
-2753
-2860
-2146
-881
-3013
0
0
0
0
0
0
0
0
0
0
0
-2768
-2700
-2398
-3074
-17081
0
0
0
0
0
0
0
0
0
0
0
-2331
-2357
-3249
-1591
-2889
0
0
0
0
0
0
0
0
0
0
0
-2144
-3163
-1191
-2731
-20207
0
0
0
0
0
0
0
0
0
0
0
-2342
-2856
-4715
-310
-4102
0
0
0
0
0
0
0
0
0
0
0
-2852
-5418
-2777
-4114
-16840
0
0
0
0
0
0
0
0
0
0
0
-1580
-2251
-3306
1121
-3599
0
0
0
0
0
0
0
0
0
0
0
-3861
-4609
-3898
-3477
-18003
0
0
0
0
0
0
0
0
0
0
0
-1720
-1185
-1438
-614
-2818
0
0
0
0
0
0
0
0
0
0
0
-2114
-3626
-3548
-2712
-15935
0
0
0
0
0
0
0
0
0
0
0
-1303
-2800
-1287
-2489
-2583
0
0
0
0
0
0
0
0
0
0
0
-1040
-2323
-2933
-2699
-16626
0
0
0
0
0
0
0
0
0
0
0
-639
-1288
-2448
-4333
-3173
0
0
0
0
0
0
0
0
0
0
0
-2359
-4073
-1796
-3337
-18652
0
0
0
0
0
0
0
0
0
0
0
-1272
-2023
-3545
-2943
-2884
0
0
0
0
0
0
0
0
0
0
0
-2724
-2511
56
-2883
-20877
0
0
0
0
0
0
0
0
0
0
0
-1680
-2383
-4212
-2644
-2730
0
0
0
0
0
0
0
0
0
0
0
-2569
-1606
-120
-2795
-19372
0
0
0
0
0
0
0
0
0
0
0
-1557
-2195
-5373
-2569
-3005
0
0
0
0
0
0
0
0
0
0
0
-2581
-1827
-110
-2838
-21187
0
0
0
0
0
0
0
0
0
0
0
-1819
-2099
-4929
-2120
-3608
0
0
0
0
0
0
0
0
0
0
0
-595
-3886
-3638
-3554
-18447
0
0
0
0
0
0
0
0
0
0
0
-1678
-1546
-4531
-831
-3375
0
0
0
0
0
0
0
0
0
0
0
-215
-4643
-4736
-3186
-15992
0
0
0
0
0
0
0
0
0
0
0
-2002
-684
-3226
-2003
-3464
0
0
0
0
0
0
0
0
0
0
0
-1034
-3797
-5216
-3254
-14760
0
0
0
0
0
0
0
0
0
0
0
-443
-3200
-2198
-3537
-3220
0
0
0
0
0
0
0
0
0
0
0
-1931
-3551
-2346
-3371
-14127
0
0
0
0
0
0
0
0
0
0
0
-303
-1362
-3764
-4662
-3502
0
0
0
0
0
0
0
0
0
0
0
-2896
-4241
-1648
-3507
-19733
0
0
0
0
0
0
0
0
0
0
0
-1587
-1253
-4462
-2841
-2804
0
0
0
0
0
0
0
0
0
0
0
-1488
-2461
-1050
-2664
-24583
0
0
0
0
0
0
0
0
0
0
0
-1660
-3391
-4590
-2870
-3418
0
0
0
0
0
0
0
0
0
0
0
-2541
-2199
-1128
-3384
-15941
0
0
0
0
0
0
0
0
0
0
0
-682
-3908
-4975
-2098
-3483
0
0
0
0
0
0
0
0
0
0
0
-3667
-1426
-1637
-3350
-20097
0
0
0
0
0
0
0
0
0
0
0
-1387
-3188
-5115
38
-3611
0
0
0
0
0
0
0
0
0
0
0
-1844
-2364
-4892
-3603
-18760
0
0
0
0
0
0
0
0
0
0
0
-2678
-1811
-5711
-68
-3313
0
0
0
0
0
0
0
0
0
0
0
1002
-3835
-5144
-3243
-19221
0
0
0
0
0
0
0
0
0
0
0
-2813
-2721
-5853
-2092
-4023
0
0
0
0
0
0
0
0
0
0
0
2425
-2854
-6799
-3929
-14689
0
0
0
0
0
0
0
0
0
0
0
-828
-2244
-1876
-2406
-2413
0
0
0
0
0
0
0
0
0
0
0
-916
-2187
-2243
-2416
-18317
0
0
0
0
0
0
0
0
0
0
0
-1161
-951
-2422
-2247
-2392
0
0
0
0
0
0
0
0
0
0
0
-633
-2878
-2654
-2368
-17943
0
0
0
0
0
0
0
0
0
0
0
-1707
431
-2363
-1497
-1730
0
0
0
0
0
0
0
0
0
0
0
-996
-589
-2783
-1606
-15639
0
0
0
0
0
0
0
0
0
0
0
-1601
-2029
-2291
-1877
-2698
0
0
0
0
0
0
0
0
0
0
0
-3612
245
-3116
-2500
-12494
0
0
0
0
0
0
0
0
0
0
0
-1420
-2493
-2561
-735
-2600
0
0
0
0
0
0
0
0
0
0
0
-3669
-742
-2136
-2417
-13991
0
0
0
0
0
0
0
0
0
0
0
-2850
-2871
-3683
609
-3264
0
0
0
0
0
0
0
0
0
0
0
-2455
-1716
-4341
-3123
-14356
0
0
0
0
0
0
0
0
0
0
0
-3572
-3270
-4779
1552
-3297
0
0
0
0
0
0
0
0
0
0
0
-1589
-2451
-4979
-3318
-14431
0
0
0
0
0
0
0
0
0
0
0
-2318
-2808
-3889
-634
-2364
0
0
0
0
0
0
0
0
0
0
0
1322
-1895
-4023
-2405
-14108
0
0
0
0
0
0
0
0
0
0
0
0
0
0
0
0
0
0
0
0
0
0
0
0
0
0
0
0
0
0
0
0
0
0
0
0
0
0
0
0
0
0
0
0
0
0
0
0
0
0
0
0
0
0
0
0
0
0
0
0
0
0
0
0
0
0
0
0
0
0
0
0
0
0
0
0
0
0
0
0
0
0
0
0
0
0
0
0
0
0
0
0
0
0
0
0
0
0
0
0
0
0
0
0
0
0
0
0
0
0
0
0
0
0
0
0
0
0
0
0
0
0
0
0
0
0
0
0
0
0
0
0
0
0
0
0
0
0
0
0
0
0
0
0
0
0
0
0
0
0
0
0
0
0
0
0
0
0
0
0
0
0
0
0
0
0
0
0
0
0
0
0
0
0
0
0
0
0
0
0
0
0
0
0
0
0
0
0
0
0
0
0
0
0
0
0
0
0
0
0
0
0
0
0
0
0
0
0
0
0
0
0
0
0
0
0
0
0
0
0
0
0
0
0
0
0
0
0
0
0
0
0
0
0
0
0
0
0
0
0
0
0
0
0
0
0
0
0
0
0
0
0
0
0
0
0
0
0
0
0
0
0
0
0
0
0
0
0
0
0
0
0
0
0
0
0
0
0
0
0
0
0
0
0
0
0
0
0
0
0
0
0
0
0
0
0
0
0
0
0
0
0
0
0
0
0
0
0
0
0
0
0
0
0
0
0
0
0
0
0
0
0
0
0
0
0
0
0
0
0
0
0
0
0
0
0
0
0
0
0
0
0
0
0
0
0
0
0
0
0
0
0
0
0
0
0
0
0
0
0
0
0
0
0
0
0
0
0
0
0
0
0
0
0
0
0
0
0
0
0
0
0
0
0
0
0
0
0
0
0
0
0
0
0
0
0
0
0
0
0
0
0
0
0
0
0
0
0
0
0
0
0
0
0
0
0
0
0
0
0
0
0
0
0
0
0
0
0
0
0
0
0
0
0
0
0
0
0
0
0
0
0
0
0
0
0
0
0
0
0
0
0
0
0
0
0
0
0
0
0
0
0
0
0
0
0
0
0
0
0
0
0
0
0
0
0
0
0
0
0
0
0
0
0
0
0
0
0
0
0
0
0
0
0
0
0
0
0
0
0
0
0
0
0
0
0
0
0
0
0
0
0
0
0
0
0
0
0
0
0
0
0
0
0
0
0
0
0
0
0
0
0
0
0
0
0
0
0
0
0
0
0
0
0
0
0
0
0
0
0
0
0
0
0
0
0
0
0
0
0
0
0
0
0
0
0
0
0
0
0
0
0
0
0
0
0
0
0
0
0
0
0
0
0
0
0
0
0
0
0
0
0
0
0
0
0
0
0
0
0
0
0
0
0
0
0
0
0
0
0
0
0
0
0
0
0
0
0
0
0
0
0
0
0
0
0
0
0
0
0
0
0
0
0
0
0
0
0
0
0
0
0
0
0
0
0
0
0
0
0
0
0
0
0
0
0
0
0
0
0
0
0
0
0
0
0
0
0
0
0
0
0
0
0
0
0
0
0
0
0
0
0
0
0
0
0
0
0
0
0
0
0
0
0
0
0
0
0
0
0
0
0
0
0
0
0
0
0
0
0
0
0
0
0
0
0
0
0
0
0
0
0
0
0
0
0
0
0
0
0
0
0
0
0
0
0
0
0
0
0
0
0
0
0
0
0
0
0
0
0
0
0
0
0
0
0
0
0
0
0
0
0
0
0
0
0
0
0
0
0
0
0
0
0
0
0
0
0
0
0
0
0
0
0
0
0
0
0
0
0
0
0
0
0
0
0
0
0
0
0
0
0
0
0
0
0
0
0
0
0
0
0
0
0
0
0
0
0
0
0
0
0
0
0
0
0
0
0
0
0
0
0
0
0
0
0
0
0
0
0
0
0
0
0
0
0
0
0
0
0
0
0
0
0
0
0
0
0
0
0
0
0
0
0
0
0
0
0
0
0
0
0
0
0
0
0
0
0
0
0
0
0
0
0
0
0
0
0
0
0
0
0
0
0
0
0
0
0
0
0
0
0
0
0
0
0
0
0
0
0
0
0
0
0
0
0
0
0
0
0
0
0
0
0
0
0
0
0
0
0
0
0
0
0
0
0
0
0
0
0
0
0
0
0
0
0
0
0
0
0
0
0
0
0
0
0
0
0
0
0
0
0
0
0
0
0
0
0
0
0
0
0
0
0
0
0
0
0
0
0
0
0
0
0
0
0
0
0
0
0
0
0
0
0
0
0
0
0
0
0
0
0
0
0
0
0
0
0
0
0
0
0
0
0
0
0
0
0
0
0
0
0
0
0
0
0
0
0
0
0
0
0
0
0
0
0
0
0
0
0
0
0
0
0
0
0
0
0
0
0
0
0
0
0
0
0
0
0
0
0
0
0
0
0
0
0
0
0
0
0
0
0
0
0
0
0
0
0
0
0
0
0
0
0
0
0
0
0
0
0
0
0
0
0
0
0
0
0
0
0
0
0
0
0
0
0
0
0
0
0
0
0
0
0
0
0
0
0
0
0
0
0
0
0
0
0
0
0
0
0
0
0
0
0
0
0
0
0
0
0
0
0
0
0
0
0
0
0
0
0
0
0
0
0
0
0
0
0
0
0
0
0
0
0
0
0
0
0
0
0
0
0
0
0
0
0
0
0
0
0
0
0
0
0
0
0
0
0
0
0
0
0
0
0
0
0
0
0
0
0
0
0
0
0
0
0
0
0
0
0
0
0
0
0
0
0
0
0
0
0
0
0
0
0
0
0
0
0
0
0
0
0
0
0
0
0
0
0
0
0
0
0
0
0
0
0
0
0
0
0
0
0
0
0
0
0
0
0
0
0
0
0
0
0
0
0
0
0
0
0
0
0
0
0
0
0
0
0
0
0
0
0
0
0
0
0
0
0
0
0
0
0
0
0
0
0
0
0
0
0
0
0
0
0
0
0
0
0
0
0
0
0
0
0
0
0
0
0
0
0
0
0
0
0
0
0
0
0
0
0
0
0
0
0
0
0
0
0
0
0
0
0
0
0
0
0
0
0
0
0
0
0
0
0
0
0
0
0
0
0
0
0
0
0
0
0
0
0
0
0
0
0
0
0
0
0
0
0
0
0
0
0
0
0
0
0
0
0
0
0
0
0
0
0
0
0
0
0
0
0
0
0
0
0
0
0
0
0
0
0
0
0
0
0
0
0
0
0
0
0
0
0
0
0
0
0
0
0
0
0
0
0
0
0
0
0
0
0
0
0
0
0
0
0
0
0
0
0
0
0
0
0
0
0
0
0
0
0
0
0
0
0
0
0
0
0
0
0
0
0
0
0
0
0
0
0
0
0
0
0
0
0
0
0
0
0
0
0
0
0
0
0
0
0
0
0
0
0
0
0
0
0
0
0
0
0
0
0
0
0
0
0
0
0
0
0
0
0
0
0
0
0
0
0
0
0
0
0
0
0
0
0
0
0
0
0
0
0
0
0
0
0
0
0
0
0
0
0
0
0
0
0
0
0
0
0
0
0
0
0
0
0
0
0
0
0
0
0
0
0
0
0
0
0
0
0
0
0
0
0
0
0
0
0
0
0
0
0
0
0
0
0
0
0
0
0
0
0
0
0
0
0
0
0
0
0
0
0
0
0
0
0
0
0
0
0
0
0
0
0
0
0
0
0
0
0
0
0
0
0
0
0
0
0
0
0
0
0
0
0
0
0
0
0
0
0
0
0
0
0
0
0
0
0
0
0
0
0
0
0
0
0
0
0
0
0
0
0
0
0
0
0
0
0
0
0
0
0
0
0
0
0
0
0
0
0
0
0
0
0
0
0
0
0
0
0
0
0
0
0
0
0
0
0
0
0
0
0
0
0
0
0
0
0
0
0
0
0
0
0
0
0
0
0
0
0
0
0
0
0
0
0
0
0
0
0
0
0
0
0
0
0
0
0
0
0
0
0
0
0
0
0
0
0
0
0
0
0
0
0
0
0
0
0
0
0
0
0
0
0
0
0
0
0
0
0
0
0
0
0
0
0
0
0
0
0
0
0
0
0
0
0
0
0
0
0
0
0
0
0
0
0
0
0
0
0
0
0
0
0
0
0
0
0
0
0
0
0
0
0
0
0
0
0
0
0
0
0
0
0
0
0
0
0
0
0
0
0
0
0
0
0
0
0
0
0
0
0
0
0
0
0
0
0
0
0
0
0
0
0
0
0
0
0
0
0
0
0
0
0
0
0
0
0
0
0
0
0
0
0
0
0
0
0
0
0
0
0
0
0
0
0
0
0
0
0
0
0
0
0
0
0
0
0
0
0
0
0
0
0
0
0
0
0
0
0
0
0
0
0
0
0
0
0
0
0
0
0
0
0
0
0
0
0
0
0
0
0
0
0
0
0
0
0
0
0
0
0
0
0
0
0
0
0
0
0
0
0
0
0
0
0
0
0
0
0
0
0
0
0
0
0
0
0
0
0
0
0
0
0
0
0
0
0
0
0
0
0
0
0
0
0
0
0
0
0
0
0
0
0
0
0
0
0
0
0
0
0
0
0
0
0
0
0
0
0
0
0
0
0
0
0
0
0
0
0
0
0
0
0
0
0
0
0
0
0
0
0
0
0
0
0
0
0
0
0
0
0
0
0
0
0
0
0
0
0
0
0
0
0
0
0
0
0
0
0
0
0
0
0
0
0
0
0
0
0
0
0
0
0
0
0
0
0
0
0
0
0
0
0
0
0
0
0
0
0
0
0
0
0
0
0
0
0
0
0
0
0
0
0
0
0
0
0
0
0
0
0
0
0
0
0
0
0
0
0
0
0
0
0
0
0
0
0
0
0
0
0
0
0
0
0
0
0
0
0
0
0
0
0
0
0
0
0
0
0
0
0
0
0
0
0
0
0
0
0
0
0
0
0
0
0
0
0
0
0
0
0
0
0
0
0
0
0
0
0
0
0
0
0
0
0
0
0
0
0
0
0
0
0
0
0
0
0
0
0
0
0
0
0
0
0
0
0
0
0
0
0
0
0
0
0
0
0
0
0
0
0
0
0
0
0
0
0
0
0
0
0
0
0
0
0
0
0
0
0
0
0
0
0
0
0
0
0
0
0
0
0
0
0
0
0
0
0
0
0
0
0
0
0
0
0
0
0
0
0
0
0
0
0
0
0
0
0
0
0
0
0
0
0
0
0
0
0
0
0
0
0
0
0
0
0
0
0
0
0
0
0
0
0
0
0
0
0
0
0
0
0
0
0
0
0
0
0
0
0
0
0
0
0
0
0
0
0
0
0
0
0
0
0
0
0
0
0
0
0
0
0
0
0
0
0
0
0
0
0
0
0
0
0
0
0
0
0
0
0
0
0
0
0
0
0
0
0
0
0
0
0
0
0
0
0
0
0
0
0
0
0
0
0
0
0
0
0
0
0
0
0
0
0
0
0
0
0
0
0
0
0
0
0
0
0
0
0
0
0
0
0
0
0
0
0
0
0
0
0
0
0
0
0
0
0
0
0
0
0
0
0
0
0
0
0
0
0
0
0
0
0
0
0
0
0
0
0
0
0
0
0
0
0
0
0
0
0
0
0
0
0
0
0
0
0
0
0
0
0
0
0
0
0
0
0
0
0
0
0
0
0
0
0
0
0
0
0
0
0
0
0
0
0
0
0
0
0
0
0
0
0
0
0
0
0
0
0
0
0
0
0
0
0
0
0
0
0
0
0
0
0
0
0
0
0
0
0
0
0
0
0
0
0
0
0
0
0
0
0
0
0
0
0
0
0
0
0
0
0
0
0
0
0
0
0
0
0
0
0
0
0
0
0
0
0
0
0
0
0
0
0
0
0
0
0
0
0
0
0
0
0
0
0
0
0
0
0
0
0
0
0
0
0
0
0
0
0
0
0
0
0
0
0
0
0
0
0
0
0
0
0
0
0
0
0
0
0
0
0
0
0
0
0
0
0
0
0
0
0
0
0
0
0
0
0
0
0
0
0
0
0
0
0
0
0
0
0
0
0
0
0
0
0
0
0
0
0
0
0
0
0
0
0
0
0
0
0
0
0
0
0
0
0
0
0
0
0
0
0
0
0
0
0
0
0
0
0
0
0
0
0
0
0
0
0
0
0
0
0
0
0
0
0
0
0
0
0
0
0
0
0
0
0
0
0
0
0
0
0
0
0
0
0
0
0
0
0
0
0
0
0
0
0
0
0
0
0
0
0
0
0
0
0
0
0
0
0
0
0
0
0
0
0
0
0
0
0
0
0
0
0
0
0
0
0
0
0
0
0
0
0
0
0
0
0
0
0
0
0
0
0
0
0
0
0
0
0
0
0
0
0
0
0
0
0
0
0
0
0
0
0
0
0
0
0
0
0
0
0
0
0
0
0
0
0
0
0
0
0
0
0
0
0
0
0
0
0
0
0
0
0
0
0
0
0
0
0
0
0
0
0
0
0
0
0
0
0
0
0
0
0
0
0
0
0
0
0
0
0
0
0
0
0
0
0
0
0
0
0
0
0
0
0
0
0
0
0
0
0
0
0
0
0
0
0
0
0
0
0
0
0
0
0
0
0
0
0
0
0
0
0
0
0
0
0
0
0
0
0
0
0
0
0
0
0
0
0
0
0
0
0
0
0
0
0
0
0
0
0
0
0
0
0
0
0
0
0
0
0
0
0
0
0
0
0
0
0
0
0
0
0
0
0
0
0
0
0
0
0
0
0
0
0
0
0
0
0
0
0
0
0
0
0
0
0
0
0
0
0
0
0
0
0
0
0
0
0
0
0
0
0
0
0
0
0
0
0
0
0
0
0
0
0
0
0
0
0
0
0
0
0
0
0
0
0
0
0
0
0
0
0
0
0
0
0
0
0
0
0
0
0
0
0
0
0
0
0
0
0
0
0
0
0
0
0
0
0
0
0
0
0
0
0
0
0
0
0
0
0
0
0
0
0
0
0
0
0
0
0
0
0
0
0
0
0
0
0
0
0
0
0
0
0
0
0
0
0
0
0
0
0
0
0
0
0
0
0
0
0
0
0
0
0
0
0
0
0
0
0
0
0
0
0
0
0
0
0
0
0
0
0
0
0
0
0
0
0
0
0
0
0
0
0
0
0
0
0
0
0
0
0
0
0
0
0
0
0
0
0
0
0
0
0
0
0
0
0
0
0
0
0
0
0
0
0
0
0
0
0
0
0
0
0
0
0
0
0
0
0
0
0
0
0
0
0
0
0
0
0
0
0
0
0
0
0
0
0
0
0
0
0
0
0
0
0
0
0
0
0
0
0
0
0
0
0
0
0
0
0
0
0
0
0
0
0
0
0
0
0
0
0
0
0
0
0
0
0
0
0
0
0
0
0
0
0
0
0
0
0
0
0
0
0
0
0
0
0
0
0
0
0
0
0
0
0
0
0
0
0
0
0
0
0
0
0
0
0
0
0
0
0
0
0
0
0
0
0
0
0
0
0
0
0
0
0
0
0
0
0
0
0
0
0
0
0
0
0
0
0
0
0
0
0
0
0
0
0
0
0
0
0
0
0
0
0
0
0
0
0
0
0
0
0
0
0
0
0
0
0
0
0
0
0
0
0
0
0
0
0
0
0
0
0
0
0
0
0
0
0
0
0
0
0
0
0
0
0
0
0
0
0
0
0
0
0
0
0
0
0
0
0
0
0
0
0
0
0
0
0
0
0
0
0
0
0
0
0
0
0
0
0
0
0
0
0
0
0
0
0
0
0
0
0
0
0
0
0
0
0
0
0
0
0
0
0
0
0
0
0
0
0
0
0
0
0
0
0
0
0
0
0
0
0
0
0
0
0
0
0
0
0
0
0
0
0
0
0
0
0
0
0
0
0
0
0
0
0
0
0
0
0
0
0
0
0
0
0
0
0
0
0
0
0
0
0
0
0
0
0
0
0
0
0
0
0
0
0
0
0
0
0
0
0
0
0
0
0
0
0
0
0
0
0
0
0
0
0
0
0
0
0
0
0
0
0
0
0
0
0
0
0
0
0
0
0
0
0
0
0
0
0
0
0
0
0
0
0
0
0
0
0
0
0
0
0
0
0
0
0
0
0
0
0
0
0
0
0
0
0
0
0
0
0
0
0
0
0
0
0
0
0
0
0
0
0
0
0
0
0
0
0
0
0
0
0
0
0
0
0
0
0
0
0
0
0
0
0
0
0
0
0
0
0
0
0
0
0
0
0
0
0
0
0
0
0
0
0
0
0
0
0
0
0
0
0
0
0
0
0
0
0
0
0
0
0
0
0
0
0
0
0
0
0
0
0
0
0
0
0
0
0
0
0
0
0
0
0
0
0
0
0
0
0
0
0
0
0
0
0
0
0
0
0
0
0
0
0
0
0
0
0
0
0
0
0
0
0
0
0
0
0
0
0
0
0
0
0
0
0
0
0
0
0
0
0
0
0
0
0
0
0
0
0
0
0
0
0
0
0
0
0
0
0
0
0
0
0
0
0
0
0
0
0
0
0
0
0
0
0
0
0
0
0
0
0
0
0
0
0
0
0
0
0
0
0
0
0
0
0
0
0
0
0
0
0
0
0
0
0
0
0
0
0
0
0
0
0
0
0
0
0
0
0
0
0
0
0
0
0
0
0
0
0
0
0
0
0
0
0
0
0
0
0
0
0
0
0
0
0
0
0
0
0
0
0
0
0
0
0
0
0
0
0
0
0
0
0
0
0
0
0
0
0
0
0
0
0
0
0
0
0
0
0
0
0
0
0
0
0
0
0
0
0
0
0
0
0
0
0
0
0
0
0
0
0
0
0
0
0
0
0
0
0
0
0
0
0
0
0
0
0
0
0
0
0
0
0
0
0
0
0
0
0
0
0
0
0
0
0
0
0
0
0
0
0
0
0
0
0
0
0
0
0
0
0
0
0
0
0
0
0
0
0
0
0
0
0
0
0
0
0
0
0
0
0
0
0
0
0
0
0
0
0
0
0
0
0
0
0
0
0
0
0
0
0
0
0
0
0
0
0
0
0
0
0
0
0
0
0
0
0
0
0
0
0
0
0
0
0
0
0
0
0
0
0
0
0
0
0
0
0
0
0
0
0
0
0
0
0
0
0
0
0
0
0
0
0
0
0
0
0
0
0
0
0
0
0
0
0
0
0
0
0
0
0
0
0
0
0
0
0
0
0
0
0
0
0
0
0
0
0
0
0
0
0
0
0
0
0
0
0
0
0
0
0
0
0
0
0
0
0
0
0
0
0
0
0
0
0
0
0
0
0
0
0
0
0
0
0
0
0
0
0
0
0
0
0
0
0
0
0
0
0
0
0
0
0
0
0
0
0
0
0
0
0
0
0
0
0
0
0
0
0
0
0
0
0
0
0
0
0
0
0
0
0
0
0
0
0
0
0
0
0
0
0
0
0
0
0
0
0
0
0
0
0
0
0
0
0
0
0
0
0
0
0
0
0
0
0
0
0
0
0
0
0
0
0
0
0
0
0
0
0
0
0
0
0
0
0
0
0
0
0
0
0
0
0
0
0
0
0
0
0
0
0
0
0
0
0
0
0
0
0
0
0
0
0
0
0
0
0
0
0
0
0
0
0
0
0
0
0
0
0
0
0
0
0
0
0
0
0
0
0
0
0
0
0
0
0
0
0
0
0
0
0
0
0
0
0
0
0
0
0
0
0
0
0
0
0
0
0
0
0
0
0
0
0
0
0
0
0
0
0
0
0
0
0
0
0
0
0
0
0
0
0
0
0
0
0
0
0
0
0
0
0
0
0
0
0
0
0
0
0
0
0
0
0
0
0
0
0
0
0
0
0
0
0
0
0
0
0
0
0
0
0
0
0
0
0
0
0
0
0
0
0
0
0
0
0
0
0
0
0
0
0
0
0
0
0
0
0
0
0
0
0
0
0
0
0
0
0
0
0
0
0
0
0
0
0
0
0
0
0
0
0
0
0
0
0
0
0
0
0
0
0
0
0
0
0
0
0
0
0
0
0
0
0
0
0
0
0
0
0
0
0
0
0
0
0
0
0
0
0
0
0
0
0
0
0
0
0
0
0
0
0
0
0
0
0
0
0
0
0
0
0
0
0
0
0
0
0
0
0
0
0
0
0
0
0
0
0
0
0
0
0
0
0
0
0
0
0
0
0
0
0
0
0
0
0
0
0
0
0
0
0
0
0
0
0
0
0
0
0
0
0
0
0
0
0
0
0
0
0
0
0
0
0
0
0
0
0
0
0
0
0
0
0
0
0
0
0
0
0
0
0
0
0
0
0
0
0
0
0
0
0
0
0
0
0
0
0
0
0
0
0
0
0
0
0
0
0
0
0
0
0
0
0
0
0
0
0
0
0
0
0
0
0
0
0
0
0
0
0
0
0
0
0
0
0
0
0
0
0
0
0
0
0
0
0
0
0
0
0
0
0
0
0
0
0
0
0
0
0
0
0
0
0
0
0
0
0
0
0
0
0
0
0
0
0
0
0
0
0
0
0
0
0
0
0
0
0
0
0
0
0
0
0
0
0
0
0
0
0
0
0
0
0
0
0
0
0
0
0
0
0
0
0
0
0
0
0
0
0
0
0
0
0
0
0
0
0
0
0
0
0
0
0
0
0
0
0
0
0
0
0
0
0
0
0
0
0
0
0
0
0
0
0
0
0
0
0
0
0
0
0
0
0
0
0
0
0
0
0
0
0
0
0
0
0
0
0
0
0
0
0
0
0
0
0
0
0
0
0
0
0
0
0
0
0
0
0
0
0
0
0
0
0
0
0
0
0
0
0
0
0
0
0
0
0
0
0
0
0
0
0
0
0
0
0
0
0
0
0
0
0
0
0
0
0
0
0
0
0
0
0
0
0
0
0
0
0
0
0
0
0
0
0
0
0
0
0
0
0
0
0
0
0
0
0
0
0
0
0
0
0
0
0
0
0
0
0
0
0
0
0
0
0
0
0
0
0
0
0
0
0
0
0
0
0
0
0
0
0
0
0
0
0
0
0
0
0
0
0
0
0
0
0
0
0
0
0
0
0
0
0
0
0
0
0
0
0
0
0
0
0
0
0
0
0
0
0
0
0
0
0
0
0
0
0
0
0
0
0
0
0
0
0
0
0
0
0
0
0
0
0
0
0
0
0
0
0
0
0
0
0
0
0
0
0
0
0
0
0
0
0
0
0
0
0
0
0
0
0
0
0
0
0
0
0
0
0
0
0
0
0
0
0
0
0
0
0
0
0
0
0
0
0
0
0
0
0
0
0
0
0
0
0
0
0
0
0
0
0
0
0
0
0
0
0
0
0
0
0
0
0
0
0
0
0
0
0
0
0
0
0
0
0
0
0
0
0
0
0
0
0
0
0
0
0
0
0
0
0
0
0
0
0
0
0
0
0
0
0
0
0
0
0
0
0
0
0
0
0
0
0
0
0
0
0
0
0
0
0
0
0
0
0
0
0
0
0
0
0
0
0
0
0
0
0
0
0
0
0
0
0
0
0
0
0
0
0
0
0
0
0
0
0
0
0
0
0
0
0
0
0
0
0
0
0
0
0
0
0
0
0
0
0
0
0
0
0
0
0
0
0
0
0
0
0
0
0
0
0
0
0
0
0
0
0
0
0
0
0
0
0
0
0
0
0
0
0
0
0
0
0
0
0
0
0
0
0
0
0
0
0
0
0
0
0
0
0
0
0
0
0
0
0
0
0
0
0
0
0
0
0
0
0
0
0
0
0
0
0
0
0
0
0
0
0
0
0
0
0
0
0
0
0
0
0
0
0
0
0
0
0
0
0
0
0
0
0
0
0
0
0
0
0
0
0
0
0
0
0
0
0
0
0
0
0
0
0
0
0
0
0
0
0
0
0
0
0
0
0
0
0
0
0
0
0
0
0
0
0
0
0
0
0
0
0
0
0
0
0
0
0
0
0
0
0
0
0
0
0
0
0
0
0
0
0
0
0
0
0
0
0
0
0
0
0
0
0
0
0
0
0
0
0
0
0
0
0
0
0
0
0
0
0
0
0
0
0
0
0
0
0
0
0
0
0
0
0
0
0
0
0
0
0
0
0
0
0
0
0
0
0
0
0
0
0
0
0
0
0
0
0
0
0
0
0
0
0
0
0
0
0
0
0
0
0
0
0
0
0
0
0
0
0
0
0
0
0
0
0
0
0
0
0
0
0
0
0
0
0
0
0
0
0
0
0
0
0
0
0
0
0
0
0
0
0
0
0
0
0
0
0
0
0
0
0
0
0
0
0
0
0
0
0
0
0
0
0
0
0
0
0
0
0
0
0
0
0
0
0
0
0
0
0
0
0
0
0
0
0
0
0
0
0
0
0
0
0
0
0
0
0
0
0
0
0
0
0
0
0
0
0
0
0
0
0
0
0
0
0
0
0
0
0
0
0
0
0
0
0
0
0
0
0
0
0
0
0
0
0
0
0
0
0
0
0
0
0
0
0
0
0
0
0
0
0
0
0
0
0
0
0
0
0
0
0
0
0
0
0
0
0
0
0
0
0
0
0
0
0
0
0
0
0
0
0
0
0
0
0
0
0
0
0
0
0
0
0
0
0
0
0
0
0
0
0
0
0
0
0
0
0
0
0
0
0
0
0
0
0
0
0
0
0
0
0
0
0
0
0
0
0
0
0
0
0
0
0
0
0
0
0
0
0
0
0
0
0
0
0
0
0
0
0
0
0
0
0
0
0
0
0
0
0
0
0
0
0
0
0
0
0
0
0
0
0
0
0
0
0
0
0
0
0
0
0
0
0
0
0
0
0
0
0
0
0
0
0
0
0
0
0
0
0
0
0
0
0
0
0
0
0
0
0
0
0
0
0
0
0
0
0
0
0
0
0
0
0
0
0
0
0
0
0
0
0
0
0
0
0
0
0
0
0
0
0
0
0
0
0
0
0
0
0
0
0
0
0
0
0
0
0
0
0
0
0
0
0
0
0
0
0
0
0
0
0
0
0
0
0
0
0
0
0
0
0
0
0
0
0
0
0
0
0
0
0
0
0
0
0
0
0
0
0
0
0
0
0
0
0
0
0
0
0
0
0
0
0
0
0
0
0
0
0
0
0
0
0
0
0
0
0
0
0
0
0
0
0
0
0
0
0
0
0
0
0
0
0
0
0
0
0
0
0
0
0
0
0
0
0
0
0
0
0
0
0
0
0
0
0
0
0
0
0
0
0
0
0
0
0
0
0
0
0
0
0
0
0
0
0
0
0
0
0
0
0
0
0
0
0
0
0
0
0
0
0
0
0
0
0
0
0
0
0
0
0
0
0
0
0
0
0
0
0
0
0
0
0
0
0
0
0
0
0
0
0
0
0
0
0
0
0
0
0
0
0
0
0
0
0
0
0
0
0
0
0
0
0
0
0
0
0
0
0
0
0
0
0
0
0
0
0
0
0
0
0
0
0
0
0
0
0
0
0
0
0
0
0
0
0
0
0
0
0
0
0
0
0
0
0
0
0
0
0
0
0
0
0
0
0
0
0
0
0
0
0
0
0
0
0
0
0
0
0
0
0
0
0
0
0
0
0
0
0
0
0
0
0
0
0
0
0
0
0
0
0
0
0
0
0
0
0
0
0
0
0
0
0
0
0
0
0
0
0
0
0
0
0
0
0
0
0
0
0
0
0
0
0
0
0
0
0
0
0
0
0
0
0
0
0
0
0
0
0
0
0
0
0
0
0
0
0
0
0
0
0
0
0
0
0
0
0
0
0
0
0
0
0
0
0
0
0
0
0
0
0
0
0
0
0
0
0
0
0
0
0
0
0
0
0
0
0
0
0
0
0
0
0
0
0
0
0
0
0
0
0
0
0
0
0
0
0
0
0
0
0
0
0
0
0
0
0
0
0
0
0
0
0
0
0
0
0
0
0
0
0
0
0
0
0
0
0
0
0
0
0
0
0
0
0
0
0
0
0
0
0
0
0
0
0
0
0
0
0
0
0
0
0
0
0
0
0
0
0
0
0
0
0
0
0
0
0
0
0
0
0
0
0
0
0
0
0
0
0
0
0
0
0
0
0
0
0
0
0
0
0
0
0
0
0
0
0
0
0
0
0
0
0
0
0
0
0
0
0
0
0
0
0
0
0
0
0
0
0
0
0
0
0
0
0
0
0
0
0
0
0
0
0
0
0
0
0
0
0
0
0
0
0
0
0
0
0
0
0
0
0
0
0
0
0
0
0
0
0
0
0
0
0
0
0
0
0
0
0
0
0
0
0
0
0
0
0
0
0
0
0
0
0
0
0
0
0
0
0
0
0
0
0
0
0
0
0
0
0
0
0
0
0
0
0
0
0
0
0
0
0
0
0
0
0
0
0
0
0
0
0
0
0
0
0
0
0
0
0
0
0
0
0
0
0
0
0
0
0
0
0
0
0
0
0
0
0
0
0
0
0
0
0
0
0
0
0
0
0
0
0
0
0
0
0
0
0
0
0
0
0
0
0
0
0
0
0
0
0
0
0
0
0
0
0
0
0
0
0
0
0
0
0
0
0
0
0
0
0
0
0
0
0
0
0
0
0
0
0
0
0
0
0
0
0
0
0
0
0
0
0
0
0
0
0
0
0
0
0
0
0
0
0
0
0
0
0
0
0
0
0
0
0
0
0
0
0
0
0
0
0
0
0
0
0
0
0
0
0
0
0
0
0
0
0
0
0
0
0
0
0
0
0
0
0
0
0
0
0
0
0
0
0
0
0
0
0
0
0
0
0
0
0
0
0
0
0
0
0
0
0
0
0
0
0
0
0
0
0
0
0
0
0
0
0
0
0
0
0
0
0
0
0
0
0
0
0
0
0
0
0
0
0
0
0
0
0
0
0
0
0
0
0
0
0
0
0
0
0
0
0
0
0
0
0
0
0
0
0
0
0
0
0
0
0
0
0
0
0
0
0
0
0
0
0
0
0
0
0
0
0
0
0
0
0
0
0
0
0
0
0
0
0
0
0
0
0
0
0
0
0
0
0
0
0
0
0
0
0
0
0
0
0
0
0
0
0
0
0
0
0
0
0
0
0
0
0
0
0
0
0
0
0
0
0
0
0
0
0
0
0
0
0
0
0
0
0
0
0
0
0
0
0
0
0
0
0
0
0
0
0
0
0
0
0
0
0
0
0
0
0
0
0
0
0
0
0
0
0
0
0
0
0
0
0
0
0
0
0
0
0
0
0
0
0
0
0
0
0
0
0
0
0
0
0
0
0
0
0
0
0
0
0
0
0
0
0
0
0
0
0
0
0
0
0
0
0
0
0
0
0
0
0
0
0
0
0
0
0
0
0
0
0
0
0
0
0
0
0
0
0
0
0
0
0
0
0
0
0
0
0
0
0
0
0
0
0
0
0
0
0
0
0
0
0
0
0
0
0
0
0
0
0
0
0
0
0
0
0
0
0
0
0
0
0
0
0
0
0
0
0
0
0
0
0
0
0
0
0
0
0
0
0
0
0
0
0
0
0
0
0
0
0
0
0
0
0
0
0
0
0
0
0
0
0
0
0
0
0
0
0
0
0
0
0
0
0
0
0
0
0
0
0
0
0
0
0
0
0
0
0
0
0
0
0
0
0
0
0
0
0
0
0
0
0
0
0
0
0
0
0
0
0
0
0
0
0
0
0
0
0
0
0
0
0
0
0
0
0
0
0
0
0
0
0
0
0
0
0
0
0
0
0
0
0
0
0
0
0
0
0
0
0
0
0
0
0
0
0
0
0
0
0
0
0
0
0
0
0
0
0
0
0
0
0
0
0
0
0
0
0
0
0
0
0
0
0
0
0
0
0
0
0
0
0
0
0
0
0
0
0
0
0
0
0
0
0
0
0
0
0
0
0
0
0
0
0
0
0
0
0
0
0
0
0
0
0
0
0
0
0
0
0
0
0
0
0
0
0
0
0
0
0
0
0
0
0
0
0
0
0
0
0
0
0
0
0
0
0
0
0
0
0
0
0
0
0
0
0
0
0
0
0
0
0
0
0
0
0
0
0
0
0
0
0
0
0
0
0
0
0
0
0
0
0
0
0
0
0
0
0
0
0
0
0
0
0
0
0
0
0
0
0
0
0
0
0
0
0
0
0
0
0
0
0
0
0
0
0
0
0
0
0
0
0
0
0
0
0
0
0
0
0
0
0
0
0
0
0
0
0
0
0
0
0
0
0
0
0
0
0
0
0
0
0
0
0
0
0
0
0
0
0
0
0
0
0
0
0
0
0
0
0
0
0
0
0
0
0
0
0
0
0
0
0
0
0
0
0
0
0
0
0
0
0
0
0
0
0
0
0
0
0
0
0
0
0
0
0
0
0
0
0
0
0
0
0
0
0
0
0
0
0
0
0
0
0
0
0
0
0
0
0
0
0
0
0
0
0
0
0
0
0
0
0
0
0
0
0
0
0
0
0
0
0
0
0
0
0
0
0
0
0
0
0
0
0
0
0
0
0
0
0
0
0
0
0
0
0
0
0
0
0
0
0
0
0
0
0
0
0
0
0
0
0
0
0
0
0
0
0
0
0
0
0
0
0
0
0
0
0
0
0
0
0
0
0
0
0
0
0
0
0
0
0
0
0
0
0
0
0
0
0
0
0
0
0
0
0
0
0
0
0
0
0
0
0
0
0
0
0
0
0
0
0
0
0
0
0
0
0
0
0
0
0
0
0
0
0
0
0
0
0
0
0
0
0
0
0
0
0
0
0
0
0
0
0
0
0
0
0
0
0
0
0
0
0
0
0
0
0
0
0
0
0
0
0
0
0
0
0
0
0
0
0
0
0
0
0
0
0
0
0
0
0
0
0
0
0
0
0
0
0
0
0
0
0
0
0
0
0
0
0
0
0
0
0
0
0
0
0
0
0
0
0
0
0
0
0
0
0
0
0
0
0
0
0
0
0
0
0
0
0
0
0
0
0
0
0
0
0
0
0
0
0
0
0
0
0
0
0
0
0
0
0
0
0
0
0
0
0
0
0
0
0
0
0
0
0
0
0
0
0
0
0
0
0
0
0
0
0
0
0
0
0
0
0
0
0
0
0
0
0
0
0
0
0
0
0
0
0
0
0
0
0
0
0
0
0
0
0
0
0
0
0
0
0
0
0
0
0
0
0
0
0
0
0
0
0
0
0
0
0
0
0
0
0
0
0
0
0
0
0
0
0
0
0
0
0
0
0
0
0
0
0
0
0
0
0
0
0
0
0
0
0
0
0
0
0
0
0
0
0
0
0
0
0
0
0
0
0
0
0
0
0
0
0
0
0
0
0
0
0
0
0
0
0
0
0
0
0
0
0
0
0
0
0
0
0
0
0
0
0
0
0
0
0
0
0
0
0
0
0
0
0
0
0
0
0
0
0
0
0
0
0
0
0
0
0
0
0
0
0
0
0
0
0
0
0
0
0
0
0
0
0
0
0
0
0
0
0
0
0
0
0
0
0
0
0
0
0
0
0
0
0
0
0
0
0
0
0
0
0
0
0
0
0
0
0
0
0
0
0
0
0
0
0
0
0
0
0
0
0
0
0
0
0
0
0
0
0
0
0
0
0
0
0
0
0
0
0
0
0
0
0
0
0
0
0
0
0
0
0
0
0
0
0
0
0
0
0
0
0
0
0
0
0
0
0
0
0
0
0
0
0
0
0
0
0
0
0
0
0
0
0
0
0
0
0
0
0
0
0
0
0
0
0
0
0
0
0
0
0
0
0
0
0
0
0
0
0
0
0
0
0
0
0
0
0
0
0
0
0
0
0
0
0
0
0
0
0
0
0
0
0
0
0
0
0
0
0
0
0
0
0
0
0
0
0
0
0
0
0
0
0
0
0
0
0
0
0
0
0
0
0
0
0
0
0
0
0
0
0
0
0
0
0
0
0
0
0
0
0
0
0
0
0
0
0
0
0
0
0
0
0
0
0
0
0
0
0
0
0
0
0
0
0
0
0
0
0
0
0
0
0
0
0
0
0
0
0
0
0
0
0
0
0
0
0
0
0
0
0
0
0
0
0
0
0
0
0
0
0
0
0
0
0
0
0
0
0
0
0
0
0
0
0
0
0
0
0
0
0
0
0
0
0
0
0
0
0
0
0
0
0
0
0
0
0
0
0
0
0
0
0
0
0
0
0
0
0
0
0
0
0
0
0
0
0
0
0
0
0
0
0
0
0
0
0
0
0
0
0
0
0
0
0
0
0
0
0
0
0
0
0
0
0
0
0
0
0
0
0
0
0
0
0
0
0
0
0
0
0
0
0
0
0
0
0
0
0
0
0
0
0
0
0
0
0
0
0
0
0
0
0
0
0
0
0
0
0
0
0
0
0
0
0
0
0
0
0
0
0
0
0
0
0
0
0
0
0
0
0
0
0
0
0
0
0
0
0
0
0
0
0
0
0
0
0
0
0
0
0
0
0
0
0
0
0
0
0
0
0
0
0
0
0
0
0
0
0
0
0
0
0
0
0
0
0
0
0
0
0
0
0
0
0
0
0
0
0
0
0
0
0
0
0
0
0
0
0
0
0
0
0
0
0
0
0
0
0
0
0
0
0
0
0
0
0
0
0
0
0
0
0
0
0
0
0
0
0
0
0
0
0
0
0
0
0
0
0
0
0
0
0
0
0
0
0
0
0
0
0
0
0
0
0
0
0
0
0
0
0
0
0
0
0
0
0
0
0
0
0
0
0
0
0
0
0
0
0
0
0
0
0
0
0
0
0
0
0
0
0
0
0
0
0
0
0
0
0
0
0
0
0
0
0
0
0
0
0
0
0
0
0
0
0
0
0
0
0
0
0
0
0
0
0
0
0
0
0
0
0
0
0
0
0
0
0
0
0
0
0
0
0
0
0
0
0
0
0
0
0
0
0
0
0
0
0
0
0
0
0
0
0
0
0
0
0
0
0
0
0
0
0
0
0
0
0
0
0
0
0
0
0
0
0
0
0
0
0
0
0
0
0
0
0
0
0
0
0
0
0
0
0
0
0
0
0
0
0
0
0
0
0
0
0
0
0
0
0
0
0
0
0
0
0
0
0
0
0
0
0
0
0
0
0
0
0
0
0
0
0
0
0
0
0
0
0
0
0
0
0
0
0
0
0
0
0
0
0
0
0
0
0
0
0
0
0
0
0
0
0
0
0
0
0
0
0
0
0
0
0
0
0
0
0
0
0
0
0
0
0
0
0
0
0
0
0
0
0
0
0
0
0
0
0
0
0
0
0
0
0
0
0
0
0
0
0
0
0
0
0
0
0
0
0
0
0
0
0
0
0
0
0
0
0
0
0
0
0
0
0
0
0
0
0
0
0
0
0
0
0
0
0
0
0
0
0
0
0
0
0
0
0
0
0
0
0
0
0
0
0
0
0
0
0
0
0
0
0
0
0
0
0
0
0
0
0
0
0
0
0
0
0
0
0
0
0
0
0
0
0
0
0
0
0
0
0
0
0
0
0
0
0
0
0
0
0
0
0
0
0
0
0
0
0
0
0
0
0
0
0
0
0
0
0
0
0
0
0
0
0
0
0
0
0
0
0
0
0
0
0
0
0
0
0
0
0
0
0
0
0
0
0
0
0
0
0
0
0
0
0
0
0
0
0
0
0
0
0
0
0
0
0
0
0
0
0
0
0
0
0
0
0
0
0
0
0
0
0
0
0
0
0
0
0
0
0
0
0
0
0
0
0
0
0
0
0
0
0
0
0
0
0
0
0
0
0
0
0
0
0
0
0
0
0
0
0
0
0
0
0
0
0
0
0
0
0
0
0
0
0
0
0
0
0
0
0
0
0
0
0
0
0
0
0
0
0
0
0
0
0
0
0
0
0
0
0
0
0
0
0
0
0
0
0
0
0
0
0
0
0
0
0
0
0
0
0
0
0
0
0
0
0
0
0
0
0
0
0
0
0
0
0
0
0
0
0
0
0
0
0
0
0
0
0
0
0
0
0
0
0
0
0
0
0
0
0
0
0
0
0
0
0
0
0
0
0
0
0
0
0
0
0
0
0
0
0
0
0
0
0
0
0
0
0
0
0
0
0
0
0
0
0
0
0
0
0
0
0
0
0
0
0
0
0
0
0
0
0
0
0
0
0
0
0
0
0
0
0
0
0
0
0
0
0
0
0
0
0
0
0
0
0
0
0
0
0
0
0
0
0
0
0
0
0
0
0
0
0
0
0
0
0
0
0
0
0
0
0
0
0
0
0
0
0
0
0
0
0
0
0
0
0
0
0
0
0
0
0
0
0
0
0
0
0
0
0
0
0
0
0
0
0
0
0
0
0
0
0
0
0
0
0
0
0
0
0
0
0
0
0
0
0
0
0
0
0
0
0
0
0
0
0
0
0
0
0
0
0
0
0
0
0
0
0
0
0
0
0
0
0
0
0
0
0
0
0
0
0
0
0
0
0
0
0
0
0
0
0
0
0
0
0
0
0
0
0
0
0
0
0
0
0
0
0
0
0
0
0
0
0
0
0
0
0
0
0
0
0
0
0
0
0
0
0
0
0
0
0
0
0
0
0
0
0
0
0
0
0
0
0
0
0
0
0
0
0
0
0
0
0
0
0
0
0
0
0
0
0
0
0
0
0
0
0
0
0
0
0
0
0
0
0
0
0
0
0
0
0
0
0
0
0
0
0
0
0
0
0
0
0
0
0
0
0
0
0
0
0
0
0
0
0
0
0
0
0
0
0
0
0
0
0
0
0
0
0
0
0
0
0
0
0
0
0
0
0
0
0
0
0
0
0
0
0
0
0
0
0
0
0
0
0
0
0
0
0
0
0
0
0
0
0
0
0
0
0
0
0
0
0
0
0
0
0
0
0
0
0
0
0
0
0
0
0
0
0
0
0
0
0
0
0
0
0
0
0
0
0
0
0
0
0
0
0
0
0
0
0
0
0
0
0
0
0
0
0
0
0
0
0
0
0
0
0
0
0
0
0
0
0
0
0
0
0
0
0
0
0
0
0
0
0
0
0
0
0
0
0
0
0
0
0
0
0
0
0
0
0
0
0
0
0
0
0
0
0
0
0
0
0
0
0
0
0
0
0
0
0
0
0
0
0
0
0
0
0
0
0
0
0
0
0
0
0
0
0
0
0
0
0
0
0
0
0
0
0
0
0
0
0
0
0
0
0
0
0
0
0
0
0
0
0
0
0
0
0
0
0
0
0
0
0
0
0
0
0
0
0
0
0
0
0
0
0
0
0
0
0
0
0
0
0
0
0
0
0
0
0
0
0
0
0
0
0
0
0
0
0
0
0
0
0
0
0
0
0
0
0
0
0
0
0
0
0
0
0
0
0
0
0
0
0
0
0
0
0
0
0
0
0
0
0
0
0
0
0
0
0
0
0
0
0
0
0
0
0
0
0
0
0
0
0
0
0
0
0
0
0
0
0
0
0
0
0
0
0
0
0
0
0
0
0
0
0
0
0
0
0
0
0
0
0
0
0
0
0
0
0
0
0
0
0
0
0
0
0
0
0
0
0
0
0
0
0
0
0
0
0
0
0
0
0
0
0
0
0
0
0
0
0
0
0
0
0
0
0
0
0
0
0
0
0
0
0
0
0
0
0
0
0
0
0
0
0
0
0
0
0
0
0
0
0
0
0
0
0
0
0
0
0
0
0
0
0
0
0
0
0
0
0
0
0
0
0
0
0
0
0
0
0
0
0
0
0
0
0
0
0
0
0
0
0
0
0
0
0
0
0
0
0
0
0
0
0
0
0
0
0
0
0
0
0
0
0
0
0
0
0
0
0
0
0
0
0
0
0
0
0
0
0
0
0
0
0
0
0
0
0
0
0
0
0
0
0
0
0
0
0
0
0
0
0
0
0
0
0
0
0
0
0
0
0
0
0
0
0
0
0
0
0
0
0
0
0
0
0
0
0
0
0
0
0
0
0
0
0
0
0
0
0
0
0
0
0
0
0
0
0
0
0
0
0
0
0
0
0
0
0
0
0
0
0
0
0
0
0
0
0
0
0
0
0
0
0
0
0
0
0
0
0
0
0
0
0
0
0
0
0
0
0
0
0
0
0
0
0
0
0
0
0
0
0
0
0
0
0
0
0
0
0
0
0
0
0
0
0
0
0
0
0
0
0
0
0
0
0
0
0
0
0
0
0
0
0
0
0
0
0
0
0
0
0
0
0
0
0
0
0
0
0
0
0
0
0
0
0
0
0
0
0
0
0
0
0
0
0
0
0
0
0
0
0
0
0
0
0
0
0
0
0
0
0
0
0
0
0
0
0
0
0
0
0
0
0
0
0
0
0
0
0
0
0
0
0
0
0
0
0
0
0
0
0
0
0
0
0
0
0
0
0
0
0
0
0
0
0
0
0
0
0
0
0
0
0
0
0
0
0
0
0
0
0
0
0
0
0
0
0
0
0
0
0
0
0
0
0
0
0
0
0
0
0
0
0
0
0
0
0
0
0
0
0
0
0
0
0
0
0
0
0
0
0
0
0
0
0
0
0
0
0
0
0
0
0
0
0
0
0
0
0
0
0
0
0
0
0
0
0
0
0
0
0
0
0
0
0
0
0
0
0
0
0
0
0
0
0
0
0
0
0
0
0
0
0
0
0
0
0
0
0
0
0
0
0
0
0
0
0
0
0
0
0
0
0
0
0
0
0
0
0
0
0
0
0
0
0
0
0
0
0
0
0
0
0
0
0
0
0
0
0
0
0
0
0
0
0
0
0
0
0
0
0
0
0
0
0
0
0
0
0
0
0
0
0
0
0
0
0
0
0
0
0
0
0
0
0
0
0
0
0
0
0
0
0
0
0
0
0
0
0
0
0
0
0
0
0
0
0
0
0
0
0
0
0
0
0
0
0
0
0
0
0
0
0
0
0
0
0
0
0
0
0
0
0
0
0
0
0
0
0
0
0
0
0
0
0
0
0
0
0
0
0
0
0
0
0
0
0
0
0
0
0
0
0
0
0
0
0
0
0
0
0
0
0
0
0
0
0
0
0
0
0
0
0
0
0
0
0
0
0
0
0
0
0
0
0
0
0
0
0
0
0
0
0
0
0
0
0
0
0
0
0
0
0
0
0
0
0
0
0
0
0
0
0
0
0
0
0
0
0
0
0
0
0
0
0
0
0
0
0
0
0
0
0
0
0
0
0
0
0
0
0
0
0
0
0
0
0
0
0
0
0
0
0
0
0
0
0
0
0
0
0
0
0
0
0
0
0
0
0
0
0
0
0
0
0
0
0
0
0
0
0
0
0
0
0
0
0
0
0
0
0
0
0
0
0
0
0
0
0
0
0
0
0
0
0
0
0
0
0
0
0
0
0
0
0
0
0
0
0
0
0
0
0
0
0
0
0
0
0
0
0
0
0
0
0
0
0
0
0
0
0
0
0
0
0
0
0
0
0
0
0
0
0
0
0
0
0
0
0
0
0
0
0
0
0
0
0
0
0
0
0
0
0
0
0
0
0
0
0
0
0
0
0
0
0
0
0
0
0
0
0
0
0
0
0
0
0
0
0
0
0
0
0
0
0
0
0
0
0
0
0
0
0
0
0
0
0
0
0
0
0
0
0
0
0
0
0
0
0
0
0
0
0
0
0
0
0
0
0
0
0
0
0
0
0
0
0
0
0
0
0
0
0
0
0
0
0
0
0
0
0
0
0
0
0
0
0
0
0
0
0
0
0
0
0
0
0
0
0
0
0
0
0
0
0
0
0
0
0
0
0
0
0
0
0
0
0
0
0
0
0
0
0
0
0
0
0
0
0
0
0
0
0
0
0
0
0
0
0
0
0
0
0
0
0
0
0
0
0
0
0
0
0
0
0
0
0
0
0
0
0
0
0
0
0
0
0
0
0
0
0
0
0
0
0
0
0
0
0
0
0
0
0
0
0
0
0
0
0
0
0
0
0
0
0
0
0
0
0
0
0
0
0
0
0
0
0
0
0
0
0
0
0
0
0
0
0
0
0
0
0
0
0
0
0
0
0
0
0
0
0
0
0
0
0
0
0
0
0
0
0
0
0
0
0
0
0
0
0
0
0
0
0
0
0
0
0
0
0
0
0
0
0
0
0
0
0
0
0
0
0
0
0
0
0
0
0
0
0
0
0
0
0
0
0
0
0
0
0
0
0
0
0
0
0
0
0
0
0
0
0
0
0
0
0
0
0
0
0
0
0
0
0
0
0
0
0
0
0
0
0
0
0
0
0
0
0
0
0
0
0
0
0
0
0
0
0
0
0
0
0
0
0
0
0
0
0
0
0
0
0
0
0
0
0
0
0
0
0
0
0
0
0
0
0
0
0
0
0
0
0
0
0
0
0
0
0
0
0
0
0
0
0
0
0
0
0
0
0
0
0
0
0
0
0
0
0
0
0
0
0
0
0
0
0
0
0
0
0
0
0
0
0
0
0
0
0
0
0
0
0
0
0
0
0
0
0
0
0
0
0
0
0
0
0
0
0
0
0
0
0
0
0
0
0
0
0
0
0
0
0
0
0
0
0
0
0
0
0
0
0
0
0
0
0
0
0
0
0
0
0
0
0
0
0
0
0
0
0
0
0
0
0
0
0
0
0
0
0
0
0
0
0
0
0
0
0
0
0
0
0
0
0
0
0
0
0
0
0
0
0
0
0
0
0
0
0
0
0
0
0
0
0
0
0
0
0
0
0
0
0
0
0
0
0
0
0
0
0
0
0
0
0
0
0
0
0
0
0
0
0
0
0
0
0
0
0
0
0
0
0
0
0
0
0
0
0
0
0
0
0
0
0
0
0
0
0
0
0
0
0
0
0
0
0
0
0
0
0
0
0
0
0
0
0
0
0
0
0
0
0
0
0
0
0
0
0
0
0
0
0
0
0
0
0
0
0
0
0
0
0
0
0
0
0
0
0
0
0
0
0
0
0
0
0
0
0
0
0
0
0
0
0
0
0
0
0
0
0
0
0
0
0
0
0
0
0
0
0
0
0
0
0
0
0
0
0
0
0
0
0
0
0
0
0
0
0
0
0
0
0
0
0
0
0
0
0
0
0
0
0
0
0
0
0
0
0
0
0
0
0
0
0
0
0
0
0
0
0
0
0
0
0
0
0
0
0
0
0
0
0
0
0
0
0
0
0
0
0
0
0
0
0
0
0
0
0
0
0
0
0
0
0
0
0
0
0
0
0
0
0
0
0
0
0
0
0
0
0
0
0
0
0
0
0
0
0
0
0
0
0
0
0
0
0
0
0
0
0
0
0
0
0
0
0
0
0
0
0
0
0
0
0
0
0
0
0
0
0
0
0
0
0
0
0
0
0
0
0
0
0
0
0
0
0
0
0
0
0
0
0
0
0
0
0
0
0
0
0
0
0
0
0
0
0
0
0
0
0
0
0
0
0
0
0
0
0
0
0
0
0
0
0
0
0
0
0
0
0
0
0
0
0
0
0
0
0
0
0
0
0
0
0
0
0
0
0
0
0
0
0
0
0
0
0
0
0
0
0
0
0
0
0
0
0
0
0
0
0
0
0
0
0
0
0
0
0
0
0
0
0
0
0
0
0
0
0
0
0
0
0
0
0
0
0
0
0
0
0
0
0
0
0
0
0
0
0
0
0
0
0
0
0
0
0
0
0
0
0
0
0
0
0
0
0
0
0
0
0
0
0
0
0
0
0
0
0
0
0
0
0
0
0
0
0
0
0
0
0
0
0
0
0
0
0
0
0
0
0
0
0
0
0
0
0
0
0
0
0
0
0
0
0
0
0
0
0
0
0
0
0
0
0
0
0
0
0
0
0
0
0
0
0
0
0
0
0
0
0
0
0
0
0
0
0
0
0
0
0
0
0
0
0
0
0
0
0
0
0
0
0
0
0
0
0
0
0
0
0
0
0
0
0
0
0
0
0
0
0
0
0
0
0
0
0
0
0
0
0
0
0
0
0
0
0
0
0
0
0
0
0
0
0
0
0
0
0
0
0
0
0
0
0
0
0
0
0
0
0
0
0
0
0
0
0
0
0
0
0
0
0
0
0
0
0
0
0
0
0
0
0
0
0
0
0
0
0
0
0
0
0
0
0
0
0
0
0
0
0
0
0
0
0
0
0
0
0
0
0
0
0
0
0
0
0
0
0
0
0
0
0
0
0
0
0
0
0
0
0
0
0
0
0
0
0
0
0
0
0
0
0
0
0
0
0
0
0
0
0
0
0
0
0
0
0
0
0
0
0
0
0
0
0
0
0
0
0
0
0
0
0
0
0
0
0
0
0
0
0
0
0
0
0
0
0
0
0
0
0
0
0
0
0
0
0
0
0
0
0
0
0
0
0
0
0
0
0
0
0
0
0
0
0
0
0
0
0
0
0
0
0
0
0
0
0
0
0
0
0
0
0
0
0
0
0
0
0
0
0
0
0
0
0
0
0
0
0
0
0
0
0
0
0
0
0
0
0
0
0
0
0
0
0
0
0
0
0
0
0
0
0
0
0
0
0
0
0
0
0
0
0
0
0
0
0
0
0
0
0
0
0
0
0
0
0
0
0
0
0
0
0
0
0
0
0
0
0
0
0
0
0
0
0
0
0
0
0
0
0
0
0
0
0
0
0
0
0
0
0
0
0
0
0
0
0
0
0
0
0
0
0
0
0
0
0
0
0
0
0
0
0
0
0
0
0
0
0
0
0
0
0
0
0
0
0
0
0
0
0
0
0
0
0
0
0
0
0
0
0
0
0
0
0
0
0
0
0
0
0
0
0
0
0
0
0
0
0
0
0
0
0
0
0
0
0
0
0
0
0
0
0
0
0
0
0
0
0
0
0
0
0
0
0
0
0
0
0
0
0
0
0
0
0
0
0
0
0
0
0
0
0
0
0
0
0
0
0
0
0
0
0
0
0
0
0
0
0
0
0
0
0
0
0
0
0
0
0
0
0
0
0
0
0
0
0
0
0
0
0
0
0
0
0
0
0
0
0
0
0
0
0
0
0
0
0
0
0
0
0
0
0
0
0
0
0
0
0
0
0
0
0
0
0
0
0
0
0
0
0
0
0
0
0
0
0
0
0
0
0
0
0
0
0
0
0
0
0
0
0
0
0
0
0
0
0
0
0
0
0
0
0
0
0
0
0
0
0
0
0
0
0
0
0
0
0
0
0
0
0
0
0
0
0
0
0
0
0
0
0
0
0
0
0
0
0
0
0
0
0
0
0
0
0
0
0
0
0
0
0
0
0
0
0
0
0
0
0
0
0
0
0
0
0
0
0
0
0
0
0
0
0
0
0
0
0
0
0
0
0
0
0
0
0
0
0
0
0
0
0
0
0
0
0
0
0
0
0
0
0
0
0
0
0
0
0
0
0
0
0
0
0
0
0
0
0
0
0
0
0
0
0
0
0
0
0
0
0
0
0
0
0
0
0
0
0
0
0
0
0
0
0
0
0
0
0
0
0
0
0
0
0
0
0
0
0
0
0
0
0
0
0
0
0
0
0
0
0
0
0
0
0
0
0
0
0
0
0
0
0
0
0
0
0
0
0
0
0
0
0
0
0
0
0
0
0
0
0
0
0
0
0
0
0
0
0
0
0
0
0
0
0
0
0
0
0
0
0
0
0
0
0
0
0
0
0
0
0
0
0
0
0
0
0
0
0
0
0
0
0
0
0
0
0
0
0
0
0
0
0
0
0
0
0
0
0
0
0
0
0
0
0
0
0
0
0
0
0
0
0
0
0
0
0
0
0
0
0
0
0
0
0
0
0
0
0
0
0
0
0
0
0
0
0
0
0
0
0
0
0
0
0
0
0
0
0
0
0
0
0
0
0
0
0
0
0
0
0
0
0
0
0
0
0
0
0
0
0
0
0
