-293
347
-3724
-915
-3875
-3131
-3492
-233
793
-5068
-1937
-4051
-4319
-389
-100
761
-182
-20
-1392
-4108
161
-3494
-13431
-178
334
-2537
-4126
-3086
-4545
-13371
249
352
-455
101
-5250
-3405
-5837
-4825
-4586
-300
994
-5515
-3920
-4073
-4619
-645
-167
382
63
720
-280
-5773
2326
-4440
-13354
-149
-423
-1117
-4223
-1842
-4068
-17514
305
-239
-355
1901
-4302
-2274
-5073
-3870
-3720
-237
1709
-5448
-2460
-4093
-4661
-1150
-249
229
61
598
-326
-4040
1431
-3748
-16651
-206
102
-1771
-4875
-2365
-3896
-15995
197
829
-232
2072
-1622
-814
-3070
-3560
-3791
-233
1681
-2391
-1736
-4113
-4221
-1115
-297
990
39
-640
-2657
-4333
-2004
-3777
-17475
-112
-1071
-3622
-4393
-5653
-3756
-18170
187
-852
-280
2178
-2397
-621
-3263
-4031
-4383
-366
1996
-2841
-1509
-4189
-4942
-1853
-363
1530
52
673
-3485
-5516
-2368
-4372
-11634
54
15
-5014
-5702
-5756
-4747
-11561
106
43
-156
1402
-5127
-3066
-4783
-4848
-4930
-271
1177
-5002
-2799
-5177
-4354
-1474
-81
764
42
195
-1155
-7040
809
-4784
-17740
98
774
-1449
-4344
-2608
-3863
-25034
121
1302
-111
515
-7082
-5088
-5752
-6655
-5919
-164
816
-7934
-5555
-6740
-6352
-1971
-30
501
-143
-552
-986
-7567
3113
-5775
-13622
-56
-1399
-897
-6135
-2009
-5889
-14117
-41
-906
-308
-163
-4180
-2023
-3009
-3468
-3007
-252
541
-5261
-2659
-3774
-3906
-897
-121
37
-22
-1412
157
-3542
1083
-2842
-13719
-105
-1455
-726
-3276
-1496
-3527
-13145
34
-1233
-238
-628
-1771
1005
-2728
-988
-1842
-303
-1012
-2943
437
-2745
-2662
-1572
-131
-413
-107
-105
-1818
-2067
-296
-1827
-18718
-250
-84
-2042
-1457
-2283
-2546
-17808
131
99
-375
-457
-2959
-251
-2775
-2006
-2534
-444
-1669
-3493
-375
-1954
-2837
-1058
-313
-975
125
1435
-897
-3475
-696
-2638
-19095
-3
103
-1839
-2121
-3245
-2409
-23321
314
249
-256
-380
-3826
-1577
-1952
-2527
-2981
-247
-1352
-4464
-167
-1673
-3172
-2388
-123
-1041
84
1300
590
-3599
-2509
-3192
-14450
112
746
-242
-3907
-4134
-2834
-17763
217
820
-36
-331
-2484
-896
-844
-1587
-2951
-269
-1463
-4784
-906
-3259
-4570
-3297
-297
-1244
157
-947
-662
-4020
-4389
-2962
-23184
234
-339
-904
-5456
-7542
-4170
-18837
177
-422
-69
-1461
-4143
-73
-2058
-2470
-3493
-289
-1874
-5606
-249
-4523
-3935
-1706
-263
-1774
87
-798
173
-5116
-3757
-3366
-17193
293
429
-517
-4976
-6825
-3942
-18396
165
339
-142
-2114
-3962
-1129
-3405
-2495
-2970
-148
-2101
-4707
-887
-3217
-3213
-1263
-179
-963
-35
-969
-353
-4594
782
-2705
-18740
172
188
-1123
-3617
-3049
-2799
-22218
16
451
-190
-2279
-3133
-618
-1367
-1884
-2006
-21
-2401
-3461
-471
-1484
-2475
-312
-150
-1797
-325
-826
-2321
-2753
2190
-1729
-19496
-27
-1780
-3519
-2251
-415
-1789
-21287
-159
-1797
-313
-1240
-1291
-208
-1343
-776
-1072
-119
-1508
-1861
-1355
-1189
-1982
-192
-158
-2071
-245
-1329
-810
-1623
1201
-811
-18272
-33
-971
-2054
-514
-684
-1619
-17275
11
-1289
-332
1649
-4577
-1374
-5242
-2620
-3733
-371
2389
-4988
-2844
-5639
-2763
425
-194
2638
-78
312
-358
-4525
-542
-3893
-11150
73
753
-1765
-2952
-2163
-4556
-15059
249
705
-583
1906
-5768
-1645
-5857
-2669
-4694
-498
2753
-6139
-2630
-6058
-3302
-1357
-319
3069
180
-161
-740
-5825
-1194
-4741
-13797
270
-2463
-2710
-4687
-2997
-4543
-17620
454
-1962
-329
1725
-5264
-1532
-2919
-3267
-4213
-376
1638
-6011
-1050
-5089
-4191
-2890
-251
2310
404
1107
-110
-5068
-3145
-4436
-13161
218
922
-1943
-5722
-3671
-4180
-14258
355
1388
-36
1742
-3676
-978
-1280
-2563
-2531
-367
933
-4347
-1320
-3882
-3764
-1352
-278
2230
408
-117
382
-3144
-2910
-2883
-19204
302
-176
-1436
-4248
-3828
-2955
-18669
235
-270
-26
529
-2963
664
-1727
-1634
-1393
-315
-61
-5418
-91
-4583
-3996
-668
-262
1677
375
-1525
17
-1809
-1330
-1646
-21395
284
-1377
-2105
-4038
-3718
-3671
-15020
110
-1785
-176
-312
-1909
-820
-700
-643
-1006
-246
199
-3430
-1272
-1698
-2412
-920
-139
1454
302
-825
457
-1305
-1238
-1106
-22005
188
-1317
-335
-2431
-3009
-2191
-19873
170
-1124
-132
885
-1426
-935
1007
86
-1153
-100
1408
-1976
-1616
981
-930
-1187
-154
1642
94
205
-1476
-854
-2038
-1005
-21460
132
-200
-1854
-1206
-2053
-878
-22681
90
564
-109
727
-652
649
-2013
-541
-1265
-119
1386
-425
-579
-926
-1631
-650
-87
1692
-84
-729
-2181
-1353
98
-1026
-19108
-6
-315
-2704
-1185
-2116
-1686
-20221
-138
-33
-295
4
-5412
-1965
-6215
-3230
-4205
-200
-713
-6965
-3449
-6464
-4724
2121
-114
-1564
-88
498
-420
-4991
322
-4404
-12889
-68
1648
-3636
-5099
-3850
-5761
-13594
46
1755
-338
-280
-5819
-2431
-6376
-3407
-4517
-240
-120
-7803
-3749
-6817
-5352
1744
-168
-289
126
634
-598
-6022
880
-4414
-18169
98
-1364
-4592
-6250
-4570
-6177
-17804
74
-1159
-283
-241
-5754
-3421
-4538
-3542
-4415
-331
718
-6470
-3597
-6382
-4360
1682
-195
1423
297
1299
-391
-5425
363
-4415
-14701
107
135
-3572
-5264
-3716
-4696
-17833
227
1391
-294
341
-3808
-3229
-1230
-3447
-3317
-361
1402
-6111
-5790
-5225
-5215
1903
-294
2150
334
-93
-437
-3946
-1478
-3343
-18300
298
-786
-4513
-5299
-4057
-5279
-12756
337
-391
-353
41
-3528
-2206
-1588
-2793
-2435
-401
702
-6768
-5075
-5461
-5038
3114
-288
773
362
-635
-758
-3123
653
-2423
-19995
144
-709
-3765
-4826
-3577
-4883
-14146
180
-951
-429
629
-4035
-2863
-720
-2835
-2835
-349
288
-7205
-4647
-4248
-5253
1431
-145
553
271
684
927
-3347
-2283
-2892
-18123
10
329
-1892
-5259
-5020
-5205
-13207
264
923
-326
1481
-2283
-616
-577
-1810
-2002
-293
777
-5455
-2419
-3770
-4667
1160
-265
531
152
-315
-1189
-1966
-2151
-1923
-20429
16
153
-4274
-5357
-4303
-4919
-11641
176
-468
-151
1962
-2883
960
-2671
-3191
-3163
-268
3120
-3458
-515
-4408
-4405
649
-112
3322
-14
-950
-3691
-3670
-1455
-3212
-18856
-55
-652
-5661
-4773
-4806
-5155
-17929
-51
-664
-40
340
-4994
-1612
-5597
-1538
-3761
50
-154
-5533
-892
-4607
-2927
-1185
-64
-319
-147
1296
-489
-2280
-2014
-3723
-20474
-207
1087
-2069
-3867
-3113
-4316
-24744
40
826
-35
87
-4685
-1464
-5732
-2481
-4521
-67
-641
-4522
-559
-5511
-3385
-2356
-168
-405
120
1137
-1431
-3995
-2741
-4350
-18378
-129
-495
-3304
-4084
-3793
-4449
-24538
52
20
27
-823
-3891
-2644
-3362
-2005
-3376
-182
-1620
-4650
-1992
-5247
-3897
649
-187
-488
252
1132
-666
-2958
-1877
-3183
-21621
-50
27
-3327
-4694
-3999
-3735
-24009
-5
380
-234
-1366
-2886
-4371
-1767
-2596
-3771
-334
-1523
-4442
-6029
-4705
-4568
469
-267
-2057
283
-293
-2167
-3932
-1177
-3608
-18652
169
-198
-5155
-5238
-2671
-4999
-15398
243
13
-277
-1121
-1992
-1959
-1594
-2515
-2627
-301
-1331
-5058
-3364
-4961
-5229
1969
-311
-2354
358
-562
-2222
-2969
-462
-2677
-24856
-81
-758
-5114
-4790
-4559
-5000
-19355
65
-661
-258
-1116
-3606
-1637
-1887
-1499
-2249
-294
-1486
-6624
-1766
-3163
-4525
1056
-221
-2139
342
1671
-615
-2289
-1074
-2358
-25367
-18
1072
-3172
-4954
-4584
-4730
-20751
119
577
-253
-439
-4196
-1634
-2944
-1785
-3074
-274
-242
-6883
-2617
-3794
-4342
3282
-272
-316
131
669
-1038
-2847
-1629
-3012
-21007
-22
1712
-5306
-5543
-5423
-5628
-17600
76
522
-128
-599
-3835
733
-3742
-4655
-5014
-347
-617
-6748
-1512
-7655
-7167
2634
-195
-341
-155
-918
-3425
-5963
-4100
-5023
-15158
-154
-381
-7849
-8211
-9637
-8034
-11330
-71
95
-6
325
-5451
-1855
-6351
-3546
-4907
-20
1470
-6672
-1917
-6632
-5813
-5103
29
1080
-166
1690
-27
-3133
-4396
-4811
-16325
-295
1395
-1360
-5758
-4571
-6878
-13522
79
1121
-48
-190
-6088
-1902
-7814
-3700
-5429
-133
594
-6741
-1988
-8045
-4539
-4270
-179
-71
93
240
-385
-2914
-4790
-5155
-12515
-108
-1039
-1990
-5758
-4554
-6529
-13039
126
-799
59
-813
-3482
-1442
-4526
-2047
-3150
-202
183
-6185
-1242
-7301
-4994
-879
-274
-1077
274
-555
-466
-1272
-2851
-2925
-20398
-85
-991
-4120
-5977
-4596
-5202
-12768
-22
-1315
-36
-1076
-2708
-206
-2377
-1526
-2376
-177
82
-3824
746
-4234
-2696
417
-182
-790
383
-506
-2477
-960
-1776
-2181
-20695
-90
-432
-5992
-3299
-2736
-2695
-20168
50
-743
-27
982
-4562
1227
-4722
-3722
-4141
-177
1996
-4968
3531
-5462
-4101
-2331
-36
1589
181
-142
-3672
-2710
-2923
-4273
-18057
-207
94
-6345
-4659
-4485
-4317
-19799
-10
-81
14
1043
-3915
575
-3107
-1862
-2691
-100
2069
-5149
1822
-4087
-3438
-1409
-147
2327
271
1426
-124
-1944
-3247
-2646
-25868
-38
-90
-3352
-4106
-4710
-2828
-25525
134
-470
-171
-813
-4808
-1936
-4661
-3013
-3943
-87
-473
-5676
-2142
-5255
-3600
2016
-162
-98
33
669
398
-3372
-1891
-3783
-18554
-9
1239
-3430
-4911
-4491
-3828
-21178
174
1305
18
-1637
-3879
-2013
-4100
-3515
-3987
-137
-2679
-4977
-3120
-5649
-4555
3277
-129
-2622
-58
-633
-1824
-3942
-199
-3876
-17717
-219
-957
-4862
-5276
-5063
-4972
-18007
-60
-233
-22
-690
-4122
-4084
-2239
-3934
-4321
35
-977
-4413
-3682
-4053
-4662
-1715
-17
-1404
-201
1177
1376
-3778
-4781
-4364
-15140
-193
853
-527
-5372
-5397
-4626
-17757
49
688
-33
-1524
-2925
-3469
-2467
-2607
-2840
-74
-638
-4181
-3146
-5227
-3945
-1290
-230
-833
5
-508
1340
-1665
-2785
-2646
-25754
-189
-1000
-1084
-4553
-4136
-3115
-24548
22
189
-222
-859
-1825
-2528
-3301
-2481
-2528
-165
-329
-2397
-1527
-5152
-3397
-1485
-267
-361
123
-314
-1387
-1363
-179
-2500
-20205
-128
-719
-3592
-3208
-2786
-2381
-18745
77
-273
-247
-737
-2910
2249
-2816
-2943
-2559
-343
-370
-5048
3725
-6410
-4459
-2390
-288
-367
295
1253
-2415
-2338
-2778
-2460
-18577
-194
811
-5496
-3427
-5906
-2993
-14720
-5
1149
-226
-374
-5463
5677
-6212
-5468
-5213
-448
-401
-8454
7671
-10945
-7568
-4323
-135
-757
145
1003
-5937
-5588
-4195
-5076
-14789
-308
986
-10451
-7020
-8375
-6553
-8502
-75
943
-291
-466
-5885
4315
-6650
-4278
-5046
-394
-92
-7731
5117
-8842
-5707
-2289
-90
2
224
-347
-3868
-5047
-4542
-4881
-15620
-188
-1562
-8070
-6268
-7302
-5004
-15495
175
-1809
-415
206
-4799
-687
-6962
-3651
-4648
-304
750
-6471
-3000
-8336
-5307
2132
-110
1434
106
-799
276
-4223
-3543
-4556
-16316
9
-709
-5837
-6263
-6634
-5523
-14113
233
-176
-294
398
-2631
-2027
-3371
-2470
-2786
-337
961
-4714
-5460
-5701
-5179
3350
-184
961
-69
-1252
798
-2501
-2006
-2765
-22986
-129
-2263
-3976
-4961
-5745
-5203
-16044
-17
-1819
-68
-1060
-1424
-1921
692
-689
-1760
-45
-1251
-1335
-1734
-1327
-1628
132
-148
-665
-158
500
-1894
-1565
-2078
-1806
-16433
-212
892
-2003
-2708
-3201
-1643
-18863
76
746
-272
-1314
-374
-2075
-222
-588
-1351
-306
-1003
-1224
-2430
-2477
-2552
-990
-243
-1010
-45
-421
-1047
-841
-2112
-1295
-16784
-324
-116
-1580
-3629
-4329
-2493
-13396
-16
55
-432
-491
-132
-2675
-1550
-1140
-1557
-340
-625
254
-2266
-3193
-1837
-1257
-394
-420
-3
-625
-1555
-851
-926
-1505
-19724
-107
-246
-1497
-1933
-3437
-1547
-21635
79
-366
-391
-168
-171
-1481
-1451
-1121
-1192
-393
-1011
-1244
-1297
-3846
-2433
-1671
-298
-854
201
595
-530
-767
-1473
-1165
-17694
-116
-55
-1135
-1435
-4281
-2000
-14350
-16
-282
-496
-1077
-1331
-761
-2017
-1258
-1529
-367
-2311
-2039
402
-3609
-1599
390
-173
-1870
171
96
-1387
-1101
-442
-1517
-18038
-124
633
-2559
-1394
-3205
-1684
-20569
-44
-283
-603
-1736
-2502
-984
-2557
-1702
-2381
-313
-1801
-4183
-994
-4638
-2597
2715
-174
-1464
128
-141
-2200
-2373
-132
-2450
-14291
-151
833
-4617
-3452
-4173
-3262
-14444
155
1133
-595
-1863
-3002
-1865
-3268
-1967
-2681
-294
-1344
-5494
-3673
-5337
-3793
3404
-210
-2040
-30
-403
-1478
-2219
-758
-2619
-23174
-219
713
-4696
-4313
-5762
-4754
-20017
59
895
-450
-1133
-2844
-3159
-2811
-2976
-3146
-337
-967
-6096
-6483
-5961
-6196
1296
-243
-1356
-148
-1385
965
-3258
-2326
-3064
-21887
-256
-1621
-1426
-5611
-7967
-6264
-12259
-38
-1424
0
0
0
0
0
0
0
0
0
0
0
-2194
-1195
-2135
-1197
-1845
0
0
0
0
0
0
0
0
0
0
0
-115
-3043
-167
-1949
-15545
0
0
0
0
0
0
0
0
0
0
0
-2889
-2144
-3228
-1092
-2323
0
0
0
0
0
0
0
0
0
0
0
316
-4108
630
-2239
-19061
0
0
0
0
0
0
0
0
0
0
0
-2392
-1974
-3006
-1198
-1992
0
0
0
0
0
0
0
0
0
0
0
239
-2548
566
-1865
-19554
0
0
0
0
0
0
0
0
0
0
0
-2216
-937
-1682
-1423
-2129
0
0
0
0
0
0
0
0
0
0
0
-1096
-2406
-1088
-1917
-19448
0
0
0
0
0
0
0
0
0
0
0
-3265
-1118
-1912
-2079
-2739
0
0
0
0
0
0
0
0
0
0
0
-1546
-4013
-407
-2610
-13051
0
0
0
0
0
0
0
0
0
0
0
-4204
-3125
-3069
-2731
-3451
0
0
0
0
0
0
0
0
0
0
0
-466
-4762
309
-3417
-19107
0
0
0
0
0
0
0
0
0
0
0
-3885
-3498
-2921
-3853
-2972
0
0
0
0
0
0
0
0
0
0
0
362
-4496
1720
-2906
-20215
0
0
0
0
0
0
0
0
0
0
0
-2620
-1872
-1983
-2410
-1946
0
0
0
0
0
0
0
0
0
0
0
675
-2365
254
-1900
-14196
0
0
0
0
0
0
0
0
0
0
0
-1294
-256
-2554
1269
-1192
0
0
0
0
0
0
0
0
0
0
0
-1620
-1579
-1017
-1214
-17247
0
0
0
0
0
0
0
0
0
0
0
-1847
-871
-2456
1497
-1528
0
0
0
0
0
0
0
0
0
0
0
-1239
-3281
-569
-1394
-21754
0
0
0
0
0
0
0
0
0
0
0
-1533
-2290
-2304
-667
-2209
0
0
0
0
0
0
0
0
0
0
0
-467
-3821
-1490
-2193
-14850
0
0
0
0
0
0
0
0
0
0
0
-2493
-2626
-1321
-149
-2976
0
0
0
0
0
0
0
0
0
0
0
-1293
-4271
-4058
-2852
-17322
0
0
0
0
0
0
0
0
0
0
0
-2652
-985
-1465
-1028
-1895
0
0
0
0
0
0
0
0
0
0
0
771
-3816
-2375
-1927
-19629
0
0
0
0
0
0
0
0
0
0
0
-2531
-1277
-1955
-893
-1623
0
0
0
0
0
0
0
0
0
0
0
449
-3382
54
-1510
-21055
0
0
0
0
0
0
0
0
0
0
0
-2217
-615
-1143
-723
-1309
0
0
0
0
0
0
0
0
0
0
0
-748
-2294
314
-1077
-19160
0
0
0
0
0
0
0
0
0
0
0
-964
-718
-871
-546
-960
0
0
0
0
0
0
0
0
0
0
0
-139
-1606
305
-742
-15888
0
0
0
0
0
0
0
0
0
0
0
-1967
-1309
-4403
-1103
-2450
0
0
0
0
0
0
0
0
0
0
0
-1575
-3049
125
-2610
-14386
0
0
0
0
0
0
0
0
0
0
0
-3212
-1450
-4759
-1136
-2921
0
0
0
0
0
0
0
0
0
0
0
-1536
-4756
905
-2973
-19785
0
0
0
0
0
0
0
0
0
0
0
-1763
-1716
-2547
-1400
-2309
0
0
0
0
0
0
0
0
0
0
0
-909
-2959
-1305
-2296
-20421
0
0
0
0
0
0
0
0
0
0
0
-2549
-2170
-2296
-1582
-2938
0
0
0
0
0
0
0
0
0
0
0
-1273
-1884
-2624
-2741
-15551
0
0
0
0
0
0
0
0
0
0
0
-1581
-786
-2306
-334
-1580
0
0
0
0
0
0
0
0
0
0
0
-1060
-504
-1436
-1262
-18747
0
0
0
0
0
0
0
0
0
0
0
-1224
-1111
-1012
770
-985
0
0
0
0
0
0
0
0
0
0
0
-134
-669
-1572
-777
-21337
0
0
0
0
0
0
0
0
0
0
0
-1487
-1135
514
439
-1219
0
0
0
0
0
0
0
0
0
0
0
-1221
-680
-2200
-1024
-20669
0
0
0
0
0
0
0
0
0
0
0
-880
-254
-1554
-801
-1468
0
0
0
0
0
0
0
0
0
0
0
-1315
-1255
-459
-1474
-14946
0
0
0
0
0
0
0
0
0
0
0
-3288
-2277
-5703
-796
-3439
0
0
0
0
0
0
0
0
0
0
0
-895
-4788
-218
-3396
-14071
0
0
0
0
0
0
0
0
0
0
0
-3889
-2241
-5705
-284
-3247
0
0
0
0
0
0
0
0
0
0
0
-1058
-5643
928
-3049
-21335
0
0
0
0
0
0
0
0
0
0
0
-3055
-3204
-4453
-852
-3195
0
0
0
0
0
0
0
0
0
0
0
-1860
-3483
-510
-3201
-18346
0
0
0
0
0
0
0
0
0
0
0
-3917
-4026
-2738
-3015
-4284
0
0
0
0
0
0
0
0
0
0
0
-2918
-3098
-2268
-4182
-9715
0
0
0
0
0
0
0
0
0
0
0
-2671
-2726
-2600
-1088
-2754
0
0
0
0
0
0
0
0
0
0
0
-3168
-2195
-90
-2563
-15527
0
0
0
0
0
0
0
0
0
0
0
-3166
-3206
-1433
154
-2716
0
0
0
0
0
0
0
0
0
0
0
-1769
-2469
-2837
-2710
-15735
0
0
0
0
0
0
0
0
0
0
0
-2631
-2394
-2401
-247
-3314
0
0
0
0
0
0
0
0
0
0
0
-3432
-2564
-2646
-3189
-10190
0
0
0
0
0
0
0
0
0
0
0
-1693
-33
-2747
-2402
-3079
0
0
0
0
0
0
0
0
0
0
0
-3490
-2493
-1612
-2917
-14094
0
0
0
0
0
0
0
0
0
0
0
-3003
-2609
-6371
-249
-3928
0
0
0
0
0
0
0
0
0
0
0
-1058
-3349
-3265
-3923
-16737
0
0
0
0
0
0
0
0
0
0
0
-3005
-1889
-6016
152
-3633
0
0
0
0
0
0
0
0
0
0
0
-1679
-4315
-2905
-3577
-19286
0
0
0
0
0
0
0
0
0
0
0
-3612
-3528
-5039
113
-3921
0
0
0
0
0
0
0
0
0
0
0
-2343
-2401
-3870
-3904
-16024
0
0
0
0
0
0
0
0
0
0
0
-5484
-5372
-3186
-2394
-4896
0
0
0
0
0
0
0
0
0
0
0
-3373
-3775
-2361
-4903
-8738
0
0
0
0
0
0
0
0
0
0
0
-2438
-2173
-2736
105
-2245
0
0
0
0
0
0
0
0
0
0
0
-2414
-1506
-1431
-2016
-23171
0
0
0
0
0
0
0
0
0
0
0
-3764
-3458
-3085
1171
-3320
0
0
0
0
0
0
0
0
0
0
0
-3336
-2089
-3282
-3235
-17514
0
0
0
0
0
0
0
0
0
0
0
-4345
-3560
-4129
316
-4041
0
0
0
0
0
0
0
0
0
0
0
-3782
-2996
-2565
-4125
-12579
0
0
0
0
0
0
0
0
0
0
0
-2505
304
-2226
-2188
-2575
0
0
0
0
0
0
0
0
0
0
0
-2507
-3106
-2185
-2428
-20193
0
0
0
0
0
0
0
0
0
0
0
-3894
-2506
-5489
-2081
-4165
0
0
0
0
0
0
0
0
0
0
0
-130
-3112
-4476
-4217
-14289
0
0
0
0
0
0
0
0
0
0
0
-3993
-1806
-6187
-2198
-3929
0
0
0
0
0
0
0
0
0
0
0
-1159
-2418
-4104
-4029
-15305
0
0
0
0
0
0
0
0
0
0
0
-2790
-1925
-4355
-605
-2560
0
0
0
0
0
0
0
0
0
0
0
-1182
-907
-3438
-2763
-18182
0
0
0
0
0
0
0
0
0
0
0
-2861
-1190
-2567
-1442
-2342
0
0
0
0
0
0
0
0
0
0
0
-2030
-1194
-1608
-2460
-17291
0
0
0
0
0
0
0
0
0
0
0
-2867
215
-3943
-1918
-2357
0
0
0
0
0
0
0
0
0
0
0
-1807
-855
-1268
-2305
-23792
0
0
0
0
0
0
0
0
0
0
0
-2965
-1130
-3520
-884
-2424
0
0
0
0
0
0
0
0
0
0
0
-623
-1258
-2093
-2499
-24708
0
0
0
0
0
0
0
0
0
0
0
-3312
-2061
-4502
-1485
-3007
0
0
0
0
0
0
0
0
0
0
0
-766
-2600
-1106
-3072
-20329
0
0
0
0
0
0
0
0
0
0
0
-1606
-2000
-3696
-1191
-2654
0
0
0
0
0
0
0
0
0
0
0
-2090
-3187
-525
-2457
-20848
0
0
0
0
0
0
0
0
0
0
0
-3469
-3775
-3313
-1503
-3809
0
0
0
0
0
0
0
0
0
0
0
2278
-5335
-4550
-3757
-14147
0
0
0
0
0
0
0
0
0
0
0
-2170
-3024
-3515
-546
-2789
0
0
0
0
0
0
0
0
0
0
0
1149
-3347
-3319
-2900
-22787
0
0
0
0
0
0
0
0
0
0
0
-1725
-2246
-3344
-775
-1784
0
0
0
0
0
0
0
0
0
0
0
-763
-1228
-490
-1925
-19731
0
0
0
0
0
0
0
0
0
0
0
-2199
525
-2657
-803
-1382
0
0
0
0
0
0
0
0
0
0
0
-1299
-904
-1112
-1538
-19330
0
0
0
0
0
0
0
0
0
0
0
-3514
2818
-4988
-1303
-2440
0
0
0
0
0
0
0
0
0
0
0
-2753
-2703
-1009
-2395
-21800
0
0
0
0
0
0
0
0
0
0
0
-5323
1326
-7370
-860
-4037
0
0
0
0
0
0
0
0
0
0
0
-2873
-3955
-1748
-4018
-16685
0
0
0
0
0
0
0
0
0
0
0
-5504
-1129
-7381
-2438
-4696
0
0
0
0
0
0
0
0
0
0
0
-724
-4110
-2921
-4831
-12680
0
0
0
0
0
0
0
0
0
0
0
-3094
-1968
-3594
-2901
-3575
0
0
0
0
0
0
0
0
0
0
0
-124
-2418
-3248
-3386
-14467
0
0
0
0
0
0
0
0
0
0
0
-1326
-1922
-601
-352
-1896
0
0
0
0
0
0
0
0
0
0
0
-748
-2127
-2018
-1823
-14424
0
0
0
0
0
0
0
0
0
0
0
-681
-1160
-561
-337
-839
0
0
0
0
0
0
0
0
0
0
0
-36
-1132
-1132
-862
-16995
0
0
0
0
0
0
0
0
0
0
0
-1161
-1285
-1788
-933
-1066
0
0
0
0
0
0
0
0
0
0
0
-465
-136
-525
-1096
-19500
0
0
0
0
0
0
0
0
0
0
0
-1071
-901
-1691
-611
-690
0
0
0
0
0
0
0
0
0
0
0
85
-61
-711
-736
-17195
0
0
0
0
0
0
0
0
0
0
0
-1700
-964
-2842
-694
-1487
0
0
0
0
0
0
0
0
0
0
0
-780
-735
-56
-1301
-16881
0
0
0
0
0
0
0
0
0
0
0
-2004
-861
-2674
-647
-1624
0
0
0
0
0
0
0
0
0
0
0
-1119
-1525
102
-1409
-17045
0
0
0
0
0
0
0
0
0
0
0
-3487
-1247
-3130
-1800
-2517
0
0
0
0
0
0
0
0
0
0
0
-669
-1209
-1641
-2363
-22398
0
0
0
0
0
0
0
0
0
0
0
-2988
-2283
-2095
-2908
-2656
0
0
0
0
0
0
0
0
0
0
0
1219
-2022
-3445
-2533
-18300
0
0
0
0
0
0
0
0
0
0
0
0
0
0
0
0
0
0
0
0
0
0
0
0
0
0
0
0
0
0
0
0
0
0
0
0
0
0
0
0
0
0
0
0
0
0
0
0
0
0
0
0
0
0
0
0
0
0
0
0
0
0
0
0
0
0
0
0
0
0
0
0
0
0
0
0
0
0
0
0
0
0
0
0
0
0
0
0
0
0
0
0
0
0
0
0
0
0
0
0
0
0
0
0
0
0
0
0
0
0
0
0
0
0
0
0
0
0
0
0
0
0
0
0
0
0
0
0
0
0
0
0
0
0
0
0
0
0
0
0
0
0
0
0
0
0
0
0
0
0
0
0
0
0
0
0
0
0
0
0
0
0
0
0
0
0
0
0
0
0
0
0
0
0
0
0
0
0
0
0
0
0
0
0
0
0
0
0
0
0
0
0
0
0
0
0
0
0
0
0
0
0
0
0
0
0
0
0
0
0
0
0
0
0
0
0
0
0
0
0
0
0
0
0
0
0
0
0
0
0
0
0
0
0
0
0
0
0
0
0
0
0
0
0
0
0
0
0
0
0
0
0
0
0
0
0
0
0
0
0
0
0
0
0
0
0
0
0
0
0
0
0
0
0
0
0
0
0
0
0
0
0
0
0
0
0
0
0
0
0
0
0
0
0
0
0
0
0
0
0
0
0
0
0
0
0
0
0
0
0
0
0
0
0
0
0
0
0
0
0
0
0
0
0
0
0
0
0
0
0
0
0
0
0
0
0
0
0
0
0
0
0
0
0
0
0
0
0
0
0
0
0
0
0
0
0
0
0
0
0
0
0
0
0
0
0
0
0
0
0
0
0
0
0
0
0
0
0
0
0
0
0
0
0
0
0
0
0
0
0
0
0
0
0
0
0
0
0
0
0
0
0
0
0
0
0
0
0
0
0
0
0
0
0
0
0
0
0
0
0
0
0
0
0
0
0
0
0
0
0
0
0
0
0
0
0
0
0
0
0
0
0
0
0
0
0
0
0
0
0
0
0
0
0
0
0
0
0
0
0
0
0
0
0
0
0
0
0
0
0
0
0
0
0
0
0
0
0
0
0
0
0
0
0
0
0
0
0
0
0
0
0
0
0
0
0
0
0
0
0
0
0
0
0
0
0
0
0
0
0
0
0
0
0
0
0
0
0
0
0
0
0
0
0
0
0
0
0
0
0
0
0
0
0
0
0
0
0
0
0
0
0
0
0
0
0
0
0
0
0
0
0
0
0
0
0
0
0
0
0
0
0
0
0
0
0
0
0
0
0
0
0
0
0
0
0
0
0
0
0
0
0
0
0
0
0
0
0
0
0
0
0
0
0
0
0
0
0
0
0
0
0
0
0
0
0
0
0
0
0
0
0
0
0
0
0
0
0
0
0
0
0
0
0
0
0
0
0
0
0
0
0
0
0
0
0
0
0
0
0
0
0
0
0
0
0
0
0
0
0
0
0
0
0
0
0
0
0
0
0
0
0
0
0
0
0
0
0
0
0
0
0
0
0
0
0
0
0
0
0
0
0
0
0
0
0
0
0
0
0
0
0
0
0
0
0
0
0
0
0
0
0
0
0
0
0
0
0
0
0
0
0
0
0
0
0
0
0
0
0
0
0
0
0
0
0
0
0
0
0
0
0
0
0
0
0
0
0
0
0
0
0
0
0
0
0
0
0
0
0
0
0
0
0
0
0
0
0
0
0
0
0
0
0
0
0
0
0
0
0
0
0
0
0
0
0
0
0
0
0
0
0
0
0
0
0
0
0
0
0
0
0
0
0
0
0
0
0
0
0
0
0
0
0
0
0
0
0
0
0
0
0
0
0
0
0
0
0
0
0
0
0
0
0
0
0
0
0
0
0
0
0
0
0
0
0
0
0
0
0
0
0
0
0
0
0
0
0
0
0
0
0
0
0
0
0
0
0
0
0
0
0
0
0
0
0
0
0
0
0
0
0
0
0
0
0
0
0
0
0
0
0
0
0
0
0
0
0
0
0
0
0
0
0
0
0
0
0
0
0
0
0
0
0
0
0
0
0
0
0
0
0
0
0
0
0
0
0
0
0
0
0
0
0
0
0
0
0
0
0
0
0
0
0
0
0
0
0
0
0
0
0
0
0
0
0
0
0
0
0
0
0
0
0
0
0
0
0
0
0
0
0
0
0
0
0
0
0
0
0
0
0
0
0
0
0
0
0
0
0
0
0
0
0
0
0
0
0
0
0
0
0
0
0
0
0
0
0
0
0
0
0
0
0
0
0
0
0
0
0
0
0
0
0
0
0
0
0
0
0
0
0
0
0
0
0
0
0
0
0
0
0
0
0
0
0
0
0
0
0
0
0
0
0
0
0
0
0
0
0
0
0
0
0
0
0
0
0
0
0
0
0
0
0
0
0
0
0
0
0
0
0
0
0
0
0
0
0
0
0
0
0
0
0
0
0
0
0
0
0
0
0
0
0
0
0
0
0
0
0
0
0
0
0
0
0
0
0
0
0
0
0
0
0
0
0
0
0
0
0
0
0
0
0
0
0
0
0
0
0
0
0
0
0
0
0
0
0
0
0
0
0
0
0
0
0
0
0
0
0
0
0
0
0
0
0
0
0
0
0
0
0
0
0
0
0
0
0
0
0
0
0
0
0
0
0
0
0
0
0
0
0
0
0
0
0
0
0
0
0
0
0
0
0
0
0
0
0
0
0
0
0
0
0
0
0
0
0
0
0
0
0
0
0
0
0
0
0
0
0
0
0
0
0
0
0
0
0
0
0
0
0
0
0
0
0
0
0
0
0
0
0
0
0
0
0
0
0
0
0
0
0
0
0
0
0
0
0
0
0
0
0
0
0
0
0
0
0
0
0
0
0
0
0
0
0
0
0
0
0
0
0
0
0
0
0
0
0
0
0
0
0
0
0
0
0
0
0
0
0
0
0
0
0
0
0
0
0
0
0
0
0
0
0
0
0
0
0
0
0
0
0
0
0
0
0
0
0
0
0
0
0
0
0
0
0
0
0
0
0
0
0
0
0
0
0
0
0
0
0
0
0
0
0
0
0
0
0
0
0
0
0
0
0
0
0
0
0
0
0
0
0
0
0
0
0
0
0
0
0
0
0
0
0
0
0
0
0
0
0
0
0
0
0
0
0
0
0
0
0
0
0
0
0
0
0
0
0
0
0
0
0
0
0
0
0
0
0
0
0
0
0
0
0
0
0
0
0
0
0
0
0
0
0
0
0
0
0
0
0
0
0
0
0
0
0
0
0
0
0
0
0
0
0
0
0
0
0
0
0
0
0
0
0
0
0
0
0
0
0
0
0
0
0
0
0
0
0
0
0
0
0
0
0
0
0
0
0
0
0
0
0
0
0
0
0
0
0
0
0
0
0
0
0
0
0
0
0
0
0
0
0
0
0
0
0
0
0
0
0
0
0
0
0
0
0
0
0
0
0
0
0
0
0
0
0
0
0
0
0
0
0
0
0
0
0
0
0
0
0
0
0
0
0
0
0
0
0
0
0
0
0
0
0
0
0
0
0
0
0
0
0
0
0
0
0
0
0
0
0
0
0
0
0
0
0
0
0
0
0
0
0
0
0
0
0
0
0
0
0
0
0
0
0
0
0
0
0
0
0
0
0
0
0
0
0
0
0
0
0
0
0
0
0
0
0
0
0
0
0
0
0
0
0
0
0
0
0
0
0
0
0
0
0
0
0
0
0
0
0
0
0
0
0
0
0
0
0
0
0
0
0
0
0
0
0
0
0
0
0
0
0
0
0
0
0
0
0
0
0
0
0
0
0
0
0
0
0
0
0
0
0
0
0
0
0
0
0
0
0
0
0
0
0
0
0
0
0
0
0
0
0
0
0
0
0
0
0
0
0
0
0
0
0
0
0
0
0
0
0
0
0
0
0
0
0
0
0
0
0
0
0
0
0
0
0
0
0
0
0
0
0
0
0
0
0
0
0
0
0
0
0
0
0
0
0
0
0
0
0
0
0
0
0
0
0
0
0
0
0
0
0
0
0
0
0
0
0
0
0
0
0
0
0
0
0
0
0
0
0
0
0
0
0
0
0
0
0
0
0
0
0
0
0
0
0
0
0
0
0
0
0
0
0
0
0
0
0
0
0
0
0
0
0
0
0
0
0
0
0
0
0
0
0
0
0
0
0
0
0
0
0
0
0
0
0
0
0
0
0
0
0
0
0
0
0
0
0
0
0
0
0
0
0
0
0
0
0
0
0
0
0
0
0
0
0
0
0
0
0
0
0
0
0
0
0
0
0
0
0
0
0
0
0
0
0
0
0
0
0
0
0
0
0
0
0
0
0
0
0
0
0
0
0
0
0
0
0
0
0
0
0
0
0
0
0
0
0
0
0
0
0
0
0
0
0
0
0
0
0
0
0
0
0
0
0
0
0
0
0
0
0
0
0
0
0
0
0
0
0
0
0
0
0
0
0
0
0
0
0
0
0
0
0
0
0
0
0
0
0
0
0
0
0
0
0
0
0
0
0
0
0
0
0
0
0
0
0
0
0
0
0
0
0
0
0
0
0
0
0
0
0
0
0
0
0
0
0
0
0
0
0
0
0
0
0
0
0
0
0
0
0
0
0
0
0
0
0
0
0
0
0
0
0
0
0
0
0
0
0
0
0
0
0
0
0
0
0
0
0
0
0
0
0
0
0
0
0
0
0
0
0
0
0
0
0
0
0
0
0
0
0
0
0
0
0
0
0
0
0
0
0
0
0
0
0
0
0
0
0
0
0
0
0
0
0
0
0
0
0
0
0
0
0
0
0
0
0
0
0
0
0
0
0
0
0
0
0
0
0
0
0
0
0
0
0
0
0
0
0
0
0
0
0
0
0
0
0
0
0
0
0
0
0
0
0
0
0
0
0
0
0
0
0
0
0
0
0
0
0
0
0
0
0
0
0
0
0
0
0
0
0
0
0
0
0
0
0
0
0
0
0
0
0
0
0
0
0
0
0
0
0
0
0
0
0
0
0
0
0
0
0
0
0
0
0
0
0
0
0
0
0
0
0
0
0
0
0
0
0
0
0
0
0
0
0
0
0
0
0
0
0
0
0
0
0
0
0
0
0
0
0
0
0
0
0
0
0
0
0
0
0
0
0
0
0
0
0
0
0
0
0
0
0
0
0
0
0
0
0
0
0
0
0
0
0
0
0
0
0
0
0
0
0
0
0
0
0
0
0
0
0
0
0
0
0
0
0
0
0
0
0
0
0
0
0
0
0
0
0
0
0
0
0
0
0
0
0
0
0
0
0
0
0
0
0
0
0
0
0
0
0
0
0
0
0
0
0
0
0
0
0
0
0
0
0
0
0
0
0
0
0
0
0
0
0
0
0
0
0
0
0
0
0
0
0
0
0
0
0
0
0
0
0
0
0
0
0
0
0
0
0
0
0
0
0
0
0
0
0
0
0
0
0
0
0
0
0
0
0
0
0
0
0
0
0
0
0
0
0
0
0
0
0
0
0
0
0
0
0
0
0
0
0
0
0
0
0
0
0
0
0
0
0
0
0
0
0
0
0
0
0
0
0
0
0
0
0
0
0
0
0
0
0
0
0
0
0
0
0
0
0
0
0
0
0
0
0
0
0
0
0
0
0
0
0
0
0
0
0
0
0
0
0
0
0
0
0
0
0
0
0
0
0
0
0
0
0
0
0
0
0
0
0
0
0
0
0
0
0
0
0
0
0
0
0
0
0
0
0
0
0
0
0
0
0
0
0
0
0
0
0
0
0
0
0
0
0
0
0
0
0
0
0
0
0
0
0
0
0
0
0
0
0
0
0
0
0
0
0
0
0
0
0
0
0
0
0
0
0
0
0
0
0
0
0
0
0
0
0
0
0
0
0
0
0
0
0
0
0
0
0
0
0
0
0
0
0
0
0
0
0
0
0
0
0
0
0
0
0
0
0
0
0
0
0
0
0
0
0
0
0
0
0
0
0
0
0
0
0
0
0
0
0
0
0
0
0
0
0
0
0
0
0
0
0
0
0
0
0
0
0
0
0
0
0
0
0
0
0
0
0
0
0
0
0
0
0
0
0
0
0
0
0
0
0
0
0
0
0
0
0
0
0
0
0
0
0
0
0
0
0
0
0
0
0
0
0
0
0
0
0
0
0
0
0
0
0
0
0
0
0
0
0
0
0
0
0
0
0
0
0
0
0
0
0
0
0
0
0
0
0
0
0
0
0
0
0
0
0
0
0
0
0
0
0
0
0
0
0
0
0
0
0
0
0
0
0
0
0
0
0
0
0
0
0
0
0
0
0
0
0
0
0
0
0
0
0
0
0
0
0
0
0
0
0
0
0
0
0
0
0
0
0
0
0
0
0
0
0
0
0
0
0
0
0
0
0
0
0
0
0
0
0
0
0
0
0
0
0
0
0
0
0
0
0
0
0
0
0
0
0
0
0
0
0
0
0
0
0
0
0
0
0
0
0
0
0
0
0
0
0
0
0
0
0
0
0
0
0
0
0
0
0
0
0
0
0
0
0
0
0
0
0
0
0
0
0
0
0
0
0
0
0
0
0
0
0
0
0
0
0
0
0
0
0
0
0
0
0
0
0
0
0
0
0
0
0
0
0
0
0
0
0
0
0
0
0
0
0
0
0
0
0
0
0
0
0
0
0
0
0
0
0
0
0
0
0
0
0
0
0
0
0
0
0
0
0
0
0
0
0
0
0
0
0
0
0
0
0
0
0
0
0
0
0
0
0
0
0
0
0
0
0
0
0
0
0
0
0
0
0
0
0
0
0
0
0
0
0
0
0
0
0
0
0
0
0
0
0
0
0
0
0
0
0
0
0
0
0
0
0
0
0
0
0
0
0
0
0
0
0
0
0
0
0
0
0
0
0
0
0
0
0
0
0
0
0
0
0
0
0
0
0
0
0
0
0
0
0
0
0
0
0
0
0
0
0
0
0
0
0
0
0
0
0
0
0
0
0
0
0
0
0
0
0
0
0
0
0
0
0
0
0
0
0
0
0
0
0
0
0
0
0
0
0
0
0
0
0
0
0
0
0
0
0
0
0
0
0
0
0
0
0
0
0
0
0
0
0
0
0
0
0
0
0
0
0
0
0
0
0
0
0
0
0
0
0
0
0
0
0
0
0
0
0
0
0
0
0
0
0
0
0
0
0
0
0
0
0
0
0
0
0
0
0
0
0
0
0
0
0
0
0
0
0
0
0
0
0
0
0
0
0
0
0
0
0
0
0
0
0
0
0
0
0
0
0
0
0
0
0
0
0
0
0
0
0
0
0
0
0
0
0
0
0
0
0
0
0
0
0
0
0
0
0
0
0
0
0
0
0
0
0
0
0
0
0
0
0
0
0
0
0
0
0
0
0
0
0
0
0
0
0
0
0
0
0
0
0
0
0
0
0
0
0
0
0
0
0
0
0
0
0
0
0
0
0
0
0
0
0
0
0
0
0
0
0
0
0
0
0
0
0
0
0
0
0
0
0
0
0
0
0
0
0
0
0
0
0
0
0
0
0
0
0
0
0
0
0
0
0
0
0
0
0
0
0
0
0
0
0
0
0
0
0
0
0
0
0
0
0
0
0
0
0
0
0
0
0
0
0
0
0
0
0
0
0
0
0
0
0
0
0
0
0
0
0
0
0
0
0
0
0
0
0
0
0
0
0
0
0
0
0
0
0
0
0
0
0
0
0
0
0
0
0
0
0
0
0
0
0
0
0
0
0
0
0
0
0
0
0
0
0
0
0
0
0
0
0
0
0
0
0
0
0
0
0
0
0
0
0
0
0
0
0
0
0
0
0
0
0
0
0
0
0
0
0
0
0
0
0
0
0
0
0
0
0
0
0
0
0
0
0
0
0
0
0
0
0
0
0
0
0
0
0
0
0
0
0
0
0
0
0
0
0
0
0
0
0
0
0
0
0
0
0
0
0
0
0
0
0
0
0
0
0
0
0
0
0
0
0
0
0
0
0
0
0
0
0
0
0
0
0
0
0
0
0
0
0
0
0
0
0
0
0
0
0
0
0
0
0
0
0
0
0
0
0
0
0
0
0
0
0
0
0
0
0
0
0
0
0
0
0
0
0
0
0
0
0
0
0
0
0
0
0
0
0
0
0
0
0
0
0
0
0
0
0
0
0
0
0
0
0
0
0
0
0
0
0
0
0
0
0
0
0
0
0
0
0
0
0
0
0
0
0
0
0
0
0
0
0
0
0
0
0
0
0
0
0
0
0
0
0
0
0
0
0
0
0
0
0
0
0
0
0
0
0
0
0
0
0
0
0
0
0
0
0
0
0
0
0
0
0
0
0
0
0
0
0
0
0
0
0
0
0
0
0
0
0
0
0
0
0
0
0
0
0
0
0
0
0
0
0
0
0
0
0
0
0
0
0
0
0
0
0
0
0
0
0
0
0
0
0
0
0
0
0
0
0
0
0
0
0
0
0
0
0
0
0
0
0
0
0
0
0
0
0
0
0
0
0
0
0
0
0
0
0
0
0
0
0
0
0
0
0
0
0
0
0
0
0
0
0
0
0
0
0
0
0
0
0
0
0
0
0
0
0
0
0
0
0
0
0
0
0
0
0
0
0
0
0
0
0
0
0
0
0
0
0
0
0
0
0
0
0
0
0
0
0
0
0
0
0
0
0
0
0
0
0
0
0
0
0
0
0
0
0
0
0
0
0
0
0
0
0
0
0
0
0
0
0
0
0
0
0
0
0
0
0
0
0
0
0
0
0
0
0
0
0
0
0
0
0
0
0
0
0
0
0
0
0
0
0
0
0
0
0
0
0
0
0
0
0
0
0
0
0
0
0
0
0
0
0
0
0
0
0
0
0
0
0
0
0
0
0
0
0
0
0
0
0
0
0
0
0
0
0
0
0
0
0
0
0
0
0
0
0
0
0
0
0
0
0
0
0
0
0
0
0
0
0
0
0
0
0
0
0
0
0
0
0
0
0
0
0
0
0
0
0
0
0
0
0
0
0
0
0
0
0
0
0
0
0
0
0
0
0
0
0
0
0
0
0
0
0
0
0
0
0
0
0
0
0
0
0
0
0
0
0
0
0
0
0
0
0
0
0
0
0
0
0
0
0
0
0
0
0
0
0
0
0
0
0
0
0
0
0
0
0
0
0
0
0
0
0
0
0
0
0
0
0
0
0
0
0
0
0
0
0
0
0
0
0
0
0
0
0
0
0
0
0
0
0
0
0
0
0
0
0
0
0
0
0
0
0
0
0
0
0
0
0
0
0
0
0
0
0
0
0
0
0
0
0
0
0
0
0
0
0
0
0
0
0
0
0
0
0
0
0
0
0
0
0
0
0
0
0
0
0
0
0
0
0
0
0
0
0
0
0
0
0
0
0
0
0
0
0
0
0
0
0
0
0
0
0
0
0
0
0
0
0
0
0
0
0
0
0
0
0
0
0
0
0
0
0
0
0
0
0
0
0
0
0
0
0
0
0
0
0
0
0
0
0
0
0
0
0
0
0
0
0
0
0
0
0
0
0
0
0
0
0
0
0
0
0
0
0
0
0
0
0
0
0
0
0
0
0
0
0
0
0
0
0
0
0
0
0
0
0
0
0
0
0
0
0
0
0
0
0
0
0
0
0
0
0
0
0
0
0
0
0
0
0
0
0
0
0
0
0
0
0
0
0
0
0
0
0
0
0
0
0
0
0
0
0
0
0
0
0
0
0
0
0
0
0
0
0
0
0
0
0
0
0
0
0
0
0
0
0
0
0
0
0
0
0
0
0
0
0
0
0
0
0
0
0
0
0
0
0
0
0
0
0
0
0
0
0
0
0
0
0
0
0
0
0
0
0
0
0
0
0
0
0
0
0
0
0
0
0
0
0
0
0
0
0
0
0
0
0
0
0
0
0
0
0
0
0
0
0
0
0
0
0
0
0
0
0
0
0
0
0
0
0
0
0
0
0
0
0
0
0
0
0
0
0
0
0
0
0
0
0
0
0
0
0
0
0
0
0
0
0
0
0
0
0
0
0
0
0
0
0
0
0
0
0
0
0
0
0
0
0
0
0
0
0
0
0
0
0
0
0
0
0
0
0
0
0
0
0
0
0
0
0
0
0
0
0
0
0
0
0
0
0
0
0
0
0
0
0
0
0
0
0
0
0
0
0
0
0
0
0
0
0
0
0
0
0
0
0
0
0
0
0
0
0
0
0
0
0
0
0
0
0
0
0
0
0
0
0
0
0
0
0
0
0
0
0
0
0
0
0
0
0
0
0
0
0
0
0
0
0
0
0
0
0
0
0
0
0
0
0
0
0
0
0
0
0
0
0
0
0
0
0
0
0
0
0
0
0
0
0
0
0
0
0
0
0
0
0
0
0
0
0
0
0
0
0
0
0
0
0
0
0
0
0
0
0
0
0
0
0
0
0
0
0
0
0
0
0
0
0
0
0
0
0
0
0
0
0
0
0
0
0
0
0
0
0
0
0
0
0
0
0
0
0
0
0
0
0
0
0
0
0
0
0
0
0
0
0
0
0
0
0
0
0
0
0
0
0
0
0
0
0
0
0
0
0
0
0
0
0
0
0
0
0
0
0
0
0
0
0
0
0
0
0
0
0
0
0
0
0
0
0
0
0
0
0
0
0
0
0
0
0
0
0
0
0
0
0
0
0
0
0
0
0
0
0
0
0
0
0
0
0
0
0
0
0
0
0
0
0
0
0
0
0
0
0
0
0
0
0
0
0
0
0
0
0
0
0
0
0
0
0
0
0
0
0
0
0
0
0
0
0
0
0
0
0
0
0
0
0
0
0
0
0
0
0
0
0
0
0
0
0
0
0
0
0
0
0
0
0
0
0
0
0
0
0
0
0
0
0
0
0
0
0
0
0
0
0
0
0
0
0
0
0
0
0
0
0
0
0
0
0
0
0
0
0
0
0
0
0
0
0
0
0
0
0
0
0
0
0
0
0
0
0
0
0
0
0
0
0
0
0
0
0
0
0
0
0
0
0
0
0
0
0
0
0
0
0
0
0
0
0
0
0
0
0
0
0
0
0
0
0
0
0
0
0
0
0
0
0
0
0
0
0
0
0
0
0
0
0
0
0
0
0
0
0
0
0
0
0
0
0
0
0
0
0
0
0
0
0
0
0
0
0
0
0
0
0
0
0
0
0
0
0
0
0
0
0
0
0
0
0
0
0
0
0
0
0
0
0
0
0
0
0
0
0
0
0
0
0
0
0
0
0
0
0
0
0
0
0
0
0
0
0
0
0
0
0
0
0
0
0
0
0
0
0
0
0
0
0
0
0
0
0
0
0
0
0
0
0
0
0
0
0
0
0
0
0
0
0
0
0
0
0
0
0
0
0
0
0
0
0
0
0
0
0
0
0
0
0
0
0
0
0
0
0
0
0
0
0
0
0
0
0
0
0
0
0
0
0
0
0
0
0
0
0
0
0
0
0
0
0
0
0
0
0
0
0
0
0
0
0
0
0
0
0
0
0
0
0
0
0
0
0
0
0
0
0
0
0
0
0
0
0
0
0
0
0
0
0
0
0
0
0
0
0
0
0
0
0
0
0
0
0
0
0
0
0
0
0
0
0
0
0
0
0
0
0
0
0
0
0
0
0
0
0
0
0
0
0
0
0
0
0
0
0
0
0
0
0
0
0
0
0
0
0
0
0
0
0
0
0
0
0
0
0
0
0
0
0
0
0
0
0
0
0
0
0
0
0
0
0
0
0
0
0
0
0
0
0
0
0
0
0
0
0
0
0
0
0
0
0
0
0
0
0
0
0
0
0
0
0
0
0
0
0
0
0
0
0
0
0
0
0
0
0
0
0
0
0
0
0
0
0
0
0
0
0
0
0
0
0
0
0
0
0
0
0
0
0
0
0
0
0
0
0
0
0
0
0
0
0
0
0
0
0
0
0
0
0
0
0
0
0
0
0
0
0
0
0
0
0
0
0
0
0
0
0
0
0
0
0
0
0
0
0
0
0
0
0
0
0
0
0
0
0
0
0
0
0
0
0
0
0
0
0
0
0
0
0
0
0
0
0
0
0
0
0
0
0
0
0
0
0
0
0
0
0
0
0
0
0
0
0
0
0
0
0
0
0
0
0
0
0
0
0
0
0
0
0
0
0
0
0
0
0
0
0
0
0
0
0
0
0
0
0
0
0
0
0
0
0
0
0
0
0
0
0
0
0
0
0
0
0
0
0
0
0
0
0
0
0
0
0
0
0
0
0
0
0
0
0
0
0
0
0
0
0
0
0
0
0
0
0
0
0
0
0
0
0
0
0
0
0
0
0
0
0
0
0
0
0
0
0
0
0
0
0
0
0
0
0
0
0
0
0
0
0
0
0
0
0
0
0
0
0
0
0
0
0
0
0
0
0
0
0
0
0
0
0
0
0
0
0
0
0
0
0
0
0
0
0
0
0
0
0
0
0
0
0
0
0
0
0
0
0
0
0
0
0
0
0
0
0
0
0
0
0
0
0
0
0
0
0
0
0
0
0
0
0
0
0
0
0
0
0
0
0
0
0
0
0
0
0
0
0
0
0
0
0
0
0
0
0
0
0
0
0
0
0
0
0
0
0
0
0
0
0
0
0
0
0
0
0
0
0
0
0
0
0
0
0
0
0
0
0
0
0
0
0
0
0
0
0
0
0
0
0
0
0
0
0
0
0
0
0
0
0
0
0
0
0
0
0
0
0
0
0
0
0
0
0
0
0
0
0
0
0
0
0
0
0
0
0
0
0
0
0
0
0
0
0
0
0
0
0
0
0
0
0
0
0
0
0
0
0
0
0
0
0
0
0
0
0
0
0
0
0
0
0
0
0
0
0
0
0
0
0
0
0
0
0
0
0
0
0
0
0
0
0
0
0
0
0
0
0
0
0
0
0
0
0
0
0
0
0
0
0
0
0
0
0
0
0
0
0
0
0
0
0
0
0
0
0
0
0
0
0
0
0
0
0
0
0
0
0
0
0
0
0
0
0
0
0
0
0
0
0
0
0
0
0
0
0
0
0
0
0
0
0
0
0
0
0
0
0
0
0
0
0
0
0
0
0
0
0
0
0
0
0
0
0
0
0
0
0
0
0
0
0
0
0
0
0
0
0
0
0
0
0
0
0
0
0
0
0
0
0
0
0
0
0
0
0
0
0
0
0
0
0
0
0
0
0
0
0
0
0
0
0
0
0
0
0
0
0
0
0
0
0
0
0
0
0
0
0
0
0
0
0
0
0
0
0
0
0
0
0
0
0
0
0
0
0
0
0
0
0
0
0
0
0
0
0
0
0
0
0
0
0
0
0
0
0
0
0
0
0
0
0
0
0
0
0
0
0
0
0
0
0
0
0
0
0
0
0
0
0
0
0
0
0
0
0
0
0
0
0
0
0
0
0
0
0
0
0
0
0
0
0
0
0
0
0
0
0
0
0
0
0
0
0
0
0
0
0
0
0
0
0
0
0
0
0
0
0
0
0
0
0
0
0
0
0
0
0
0
0
0
0
0
0
0
0
0
0
0
0
0
0
0
0
0
0
0
0
0
0
0
0
0
0
0
0
0
0
0
0
0
0
0
0
0
0
0
0
0
0
0
0
0
0
0
0
0
0
0
0
0
0
0
0
0
0
0
0
0
0
0
0
0
0
0
0
0
0
0
0
0
0
0
0
0
0
0
0
0
0
0
0
0
0
0
0
0
0
0
0
0
0
0
0
0
0
0
0
0
0
0
0
0
0
0
0
0
0
0
0
0
0
0
0
0
0
0
0
0
0
0
0
0
0
0
0
0
0
0
0
0
0
0
0
0
0
0
0
0
0
0
0
0
0
0
0
0
0
0
0
0
0
0
0
0
0
0
0
0
0
0
0
0
0
0
0
0
0
0
0
0
0
0
0
0
0
0
0
0
0
0
0
0
0
0
0
0
0
0
0
0
0
0
0
0
0
0
0
0
0
0
0
0
0
0
0
0
0
0
0
0
0
0
0
0
0
0
0
0
0
0
0
0
0
0
0
0
0
0
0
0
0
0
0
0
0
0
0
0
0
0
0
0
0
0
0
0
0
0
0
0
0
0
0
0
0
0
0
0
0
0
0
0
0
0
0
0
0
0
0
0
0
0
0
0
0
0
0
0
0
0
0
0
0
0
0
0
0
0
0
0
0
0
0
0
0
0
0
0
0
0
0
0
0
0
0
0
0
0
0
0
0
0
0
0
0
0
0
0
0
0
0
0
0
0
0
0
0
0
0
0
0
0
0
0
0
0
0
0
0
0
0
0
0
0
0
0
0
0
0
0
0
0
0
0
0
0
0
0
0
0
0
0
0
0
0
0
0
0
0
0
0
0
0
0
0
0
0
0
0
0
0
0
0
0
0
0
0
0
0
0
0
0
0
0
0
0
0
0
0
0
0
0
0
0
0
0
0
0
0
0
0
0
0
0
0
0
0
0
0
0
0
0
0
0
0
0
0
0
0
0
0
0
0
0
0
0
0
0
0
0
0
0
0
0
0
0
0
0
0
0
0
0
0
0
0
0
0
0
0
0
0
0
0
0
0
0
0
0
0
0
0
0
0
0
0
0
0
0
0
0
0
0
0
0
0
0
0
0
0
0
0
0
0
0
0
0
0
0
0
0
0
0
0
0
0
0
0
0
0
0
0
0
0
0
0
0
0
0
0
0
0
0
0
0
0
0
0
0
0
0
0
0
0
0
0
0
0
0
0
0
0
0
0
0
0
0
0
0
0
0
0
0
0
0
0
0
0
0
0
0
0
0
0
0
0
0
0
0
0
0
0
0
0
0
0
0
0
0
0
0
0
0
0
0
0
0
0
0
0
0
0
0
0
0
0
0
0
0
0
0
0
0
0
0
0
0
0
0
0
0
0
0
0
0
0
0
0
0
0
0
0
0
0
0
0
0
0
0
0
0
0
0
0
0
0
0
0
0
0
0
0
0
0
0
0
0
0
0
0
0
0
0
0
0
0
0
0
0
0
0
0
0
0
0
0
0
0
0
0
0
0
0
0
0
0
0
0
0
0
0
0
0
0
0
0
0
0
0
0
0
0
0
0
0
0
0
0
0
0
0
0
0
0
0
0
0
0
0
0
0
0
0
0
0
0
0
0
0
0
0
0
0
0
0
0
0
0
0
0
0
0
0
0
0
0
0
0
0
0
0
0
0
0
0
0
0
0
0
0
0
0
0
0
0
0
0
0
0
0
0
0
0
0
0
0
0
0
0
0
0
0
0
0
0
0
0
0
0
0
0
0
0
0
0
0
0
0
0
0
0
0
0
0
0
0
0
0
0
0
0
0
0
0
0
0
0
0
0
0
0
0
0
0
0
0
0
0
0
0
0
0
0
0
0
0
0
0
0
0
0
0
0
0
0
0
0
0
0
0
0
0
0
0
0
0
0
0
0
0
0
0
0
0
0
0
0
0
0
0
0
0
0
0
0
0
0
0
0
0
0
0
0
0
0
0
0
0
0
0
0
0
0
0
0
0
0
0
0
0
0
0
0
0
0
0
0
0
0
0
0
0
0
0
0
0
0
0
0
0
0
0
0
0
0
0
0
0
0
0
0
0
0
0
0
0
0
0
0
0
0
0
0
0
0
0
0
0
0
0
0
0
0
0
0
0
0
0
0
0
0
0
0
0
0
0
0
0
0
0
0
0
0
0
0
0
0
0
0
0
0
0
0
0
0
0
0
0
0
0
0
0
0
0
0
0
0
0
0
0
0
0
0
0
0
0
0
0
0
0
0
0
0
0
0
0
0
0
0
0
0
0
0
0
0
0
0
0
0
0
0
0
0
0
0
0
0
0
0
0
0
0
0
0
0
0
0
0
0
0
0
0
0
0
0
0
0
0
0
0
0
0
0
0
0
0
0
0
0
0
0
0
0
0
0
0
0
0
0
0
0
0
0
0
0
0
0
0
0
0
0
0
0
0
0
0
0
0
0
0
0
0
0
0
0
0
0
0
0
0
0
0
0
0
0
0
0
0
0
0
0
0
0
0
0
0
0
0
0
0
0
0
0
0
0
0
0
0
0
0
0
0
0
0
0
0
0
0
0
0
0
0
0
0
0
0
0
0
0
0
0
0
0
0
0
0
0
0
0
0
0
0
0
0
0
0
0
0
0
0
0
0
0
0
0
0
0
0
0
0
0
0
0
0
0
0
0
0
0
0
0
0
0
0
0
0
0
0
0
0
0
0
0
0
0
0
0
0
0
0
0
0
0
0
0
0
0
0
0
0
0
0
0
0
0
0
0
0
0
0
0
0
0
0
0
0
0
0
0
0
0
0
0
0
0
0
0
0
0
0
0
0
0
0
0
0
0
0
0
0
0
0
0
0
0
0
0
0
0
0
0
0
0
0
0
0
0
0
0
0
0
0
0
0
0
0
0
0
0
0
0
0
0
0
0
0
0
0
0
0
0
0
0
0
0
0
0
0
0
0
0
0
0
0
0
0
0
0
0
0
0
0
0
0
0
0
0
0
0
0
0
0
0
0
0
0
0
0
0
0
0
0
0
0
0
0
0
0
0
0
0
0
0
0
0
0
0
0
0
0
0
0
0
0
0
0
0
0
0
0
0
0
0
0
0
0
0
0
0
0
0
0
0
0
0
0
0
0
0
0
0
0
0
0
0
0
0
0
0
0
0
0
0
0
0
0
0
0
0
0
0
0
0
0
0
0
0
0
0
0
0
0
0
0
0
0
0
0
0
0
0
0
0
0
0
0
0
0
0
0
0
0
0
0
0
0
0
0
0
0
0
0
0
0
0
0
0
0
0
0
0
0
0
0
0
0
0
0
0
0
0
0
0
0
0
0
0
0
0
0
0
0
0
0
0
0
0
0
0
0
0
0
0
0
0
0
0
0
0
0
0
0
0
0
0
0
0
0
0
0
0
0
0
0
0
0
0
0
0
0
0
0
0
0
0
0
0
0
0
0
0
0
0
0
0
0
0
0
0
0
0
0
0
0
0
0
0
0
0
0
0
0
0
0
0
0
0
0
0
0
0
0
0
0
0
0
0
0
0
0
0
0
0
0
0
0
0
0
0
0
0
0
0
0
0
0
0
0
0
0
0
0
0
0
0
0
0
0
0
0
0
0
0
0
0
0
0
0
0
0
0
0
0
0
0
0
0
0
0
0
0
0
0
0
0
0
0
0
0
0
0
0
0
0
0
0
0
0
0
0
0
0
0
0
0
0
0
0
0
0
0
0
0
0
0
0
0
0
0
0
0
0
0
0
0
0
0
0
0
0
0
0
0
0
0
0
0
0
0
0
0
0
0
0
0
0
0
0
0
0
0
0
0
0
0
0
0
0
0
0
0
0
0
0
0
0
0
0
0
0
0
0
0
0
0
0
0
0
0
0
0
0
0
0
0
0
0
0
0
0
0
0
0
0
0
0
0
0
0
0
0
0
0
0
0
0
0
0
0
0
0
0
0
0
0
0
0
0
0
0
0
0
0
0
0
0
0
0
0
0
0
0
0
0
0
0
0
0
0
0
0
0
0
0
0
0
0
0
0
0
0
0
0
0
0
0
0
0
0
0
0
0
0
0
0
0
0
0
0
0
0
0
0
0
0
0
0
0
0
0
0
0
0
0
0
0
0
0
0
0
0
0
0
0
0
0
0
0
0
0
0
0
0
0
0
0
0
0
0
0
0
0
0
0
0
0
0
0
0
0
0
0
0
0
0
0
0
0
0
0
0
0
0
0
0
0
0
0
0
0
0
0
0
0
0
0
0
0
0
0
0
0
0
0
0
0
0
0
0
0
0
0
0
0
0
0
0
0
0
0
0
0
0
0
0
0
0
0
0
0
0
0
0
0
0
0
0
0
0
0
0
0
0
0
0
0
0
0
0
0
0
0
0
0
0
0
0
0
0
0
0
0
0
0
0
0
0
0
0
0
0
0
0
0
0
0
0
0
0
0
0
0
0
0
0
0
0
0
0
0
0
0
0
0
0
0
0
0
0
0
0
0
0
0
0
0
0
0
0
0
0
0
0
0
0
0
0
0
0
0
0
0
0
0
0
0
0
0
0
0
0
0
0
0
0
0
0
0
0
0
0
0
0
0
0
0
0
0
0
0
0
0
0
0
0
0
0
0
0
0
0
0
0
0
0
0
0
0
0
0
0
0
0
0
0
0
0
0
0
0
0
0
0
0
0
0
0
0
0
0
0
0
0
0
0
0
0
0
0
0
0
0
0
0
0
0
0
0
0
0
0
0
0
0
0
0
0
0
0
0
0
0
0
0
0
0
0
0
0
0
0
0
0
0
0
0
0
0
0
0
0
0
0
0
0
0
0
0
0
0
0
0
0
0
0
0
0
0
0
0
0
0
0
0
0
0
0
0
0
0
0
0
0
0
0
0
0
0
0
0
0
0
0
0
0
0
0
0
0
0
0
0
0
0
0
0
0
0
0
0
0
0
0
0
0
0
0
0
0
0
0
0
0
0
0
0
0
0
0
0
0
0
0
0
0
0
0
0
0
0
0
0
0
0
0
0
0
0
0
0
0
0
0
0
0
0
0
0
0
0
0
0
0
0
0
0
0
0
0
0
0
0
0
0
0
0
0
0
0
0
0
0
0
0
0
0
0
0
0
0
0
0
0
0
0
0
0
0
0
0
0
0
0
0
0
0
0
0
0
0
0
0
0
0
0
0
0
0
0
0
0
0
0
0
0
0
0
0
0
0
0
0
0
0
0
0
0
0
0
0
0
0
0
0
0
0
0
0
0
0
0
0
0
0
0
0
0
0
0
0
0
0
0
0
0
0
0
0
0
0
0
0
0
0
0
0
0
0
0
0
0
0
0
0
0
0
0
0
0
0
0
0
0
0
0
0
0
0
0
0
0
0
0
0
0
0
0
0
0
0
0
0
0
0
0
0
0
0
0
0
0
0
0
0
0
0
0
0
0
0
0
0
0
0
0
0
0
0
0
0
0
0
0
0
0
0
0
0
0
0
0
0
0
0
0
0
0
0
0
0
0
0
0
0
0
0
0
0
0
0
0
0
0
0
0
0
0
0
0
0
0
0
0
0
0
0
0
0
0
0
0
0
0
0
0
0
0
0
0
0
0
0
0
0
0
0
0
0
0
0
0
0
0
0
0
0
0
0
0
0
0
0
0
0
0
0
0
0
0
0
0
0
0
0
0
0
0
0
0
0
0
0
0
0
0
0
0
0
0
0
0
0
0
0
0
0
0
0
0
0
0
0
0
0
0
0
0
0
0
0
0
0
0
0
0
0
0
0
0
0
0
0
0
0
0
0
0
0
0
0
0
0
0
0
0
0
0
0
0
0
0
0
0
0
0
0
0
0
0
0
0
0
0
0
0
0
0
0
0
0
0
0
0
0
0
0
0
0
0
0
0
0
0
0
0
0
0
0
0
0
0
0
0
0
0
0
0
0
0
0
0
0
0
0
0
0
0
0
0
0
0
0
0
0
0
0
0
0
0
0
0
0
0
0
0
0
0
0
0
0
0
0
0
0
0
0
0
0
0
0
0
0
0
0
0
0
0
0
0
0
0
0
0
0
0
0
0
0
0
0
0
0
0
0
0
0
0
0
0
0
0
0
0
0
0
0
0
0
0
0
0
0
0
0
0
0
0
0
0
0
0
0
0
0
0
0
0
0
0
0
0
0
0
0
0
0
0
0
0
0
0
0
0
0
0
0
0
0
0
0
0
0
0
0
0
0
0
0
0
0
0
0
0
0
0
0
0
0
0
0
0
0
0
0
0
0
0
0
0
0
0
0
0
0
0
0
0
0
0
0
0
0
0
0
0
0
0
0
0
0
0
0
0
0
0
0
0
0
0
0
0
0
0
0
0
0
0
0
0
0
0
0
0
0
0
0
0
0
0
0
0
0
0
0
0
0
0
0
0
0
0
0
0
0
0
0
0
0
0
0
0
0
0
0
0
0
0
0
0
0
0
0
0
0
0
0
0
0
0
0
0
0
0
0
0
0
0
0
0
0
0
0
0
0
0
0
0
0
0
0
0
0
0
0
0
0
0
0
0
0
0
0
0
0
0
0
0
0
0
0
0
0
0
0
0
0
0
0
0
0
0
0
0
0
0
0
0
0
0
0
0
0
0
0
0
0
0
0
0
0
0
0
0
0
0
0
0
0
0
0
0
0
0
0
0
0
0
0
0
0
0
0
0
0
0
0
0
0
0
0
0
0
0
0
0
0
0
0
0
0
0
0
0
0
0
0
0
0
0
0
0
0
0
0
0
0
0
0
0
0
0
0
0
0
0
0
0
0
0
0
0
0
0
0
0
0
0
0
0
0
0
0
0
0
0
0
0
0
0
0
0
0
0
0
0
0
0
0
0
0
0
0
0
0
0
0
0
0
0
0
0
0
0
0
0
0
0
0
0
0
0
0
0
0
0
0
0
0
0
0
0
0
0
0
0
0
0
0
0
0
0
0
0
0
0
0
0
0
0
0
0
0
0
0
0
0
0
0
0
0
0
0
0
0
0
0
0
0
0
0
0
0
0
0
0
0
0
0
0
0
0
0
0
0
0
0
0
0
0
0
0
0
0
0
0
0
0
0
0
0
0
0
0
0
0
0
0
0
0
0
0
0
0
0
0
0
0
0
0
0
0
0
0
0
0
0
0
0
0
0
0
0
0
0
0
0
0
0
0
0
0
0
0
0
0
0
0
0
0
0
0
0
0
0
0
0
0
0
0
0
0
0
0
0
0
0
0
0
0
0
0
0
0
0
0
0
0
0
0
0
0
0
0
0
0
0
0
0
0
0
0
0
0
0
0
0
0
0
0
0
0
0
0
0
0
0
0
0
0
0
0
0
0
0
0
0
0
0
0
0
0
0
0
0
0
0
0
0
0
0
0
0
0
0
0
0
0
0
0
0
0
0
0
0
0
0
0
0
0
0
0
0
0
0
0
0
0
0
0
0
0
0
0
0
0
0
0
0
0
0
0
0
0
0
0
0
0
0
0
0
0
0
0
0
0
0
0
0
0
0
0
0
0
0
0
0
0
0
0
0
0
0
0
0
0
0
0
0
0
0
0
0
0
0
0
0
0
0
0
0
0
0
0
0
0
0
0
0
0
0
0
0
0
0
0
0
0
0
0
0
0
0
0
0
0
0
0
0
0
0
0
0
0
0
0
0
0
0
0
0
0
0
0
0
0
0
0
0
0
0
0
0
0
0
0
0
0
0
0
0
0
0
0
0
0
0
0
0
0
0
0
0
0
0
0
0
0
0
0
0
0
0
0
0
0
0
0
0
0
0
0
0
0
0
0
0
0
0
0
0
0
0
0
0
0
0
0
0
0
0
0
0
0
0
0
0
0
0
0
0
0
0
0
0
0
0
0
0
0
0
0
0
0
0
0
0
0
0
0
0
0
0
0
0
0
0
0
0
0
0
0
0
0
0
0
0
0
0
0
0
0
0
0
0
0
0
0
0
0
0
0
0
0
0
0
0
0
0
0
0
0
0
0
0
0
0
0
0
0
0
0
0
0
0
0
0
0
0
0
0
0
0
0
0
0
0
0
0
0
0
0
0
0
0
0
0
0
0
0
0
0
0
0
0
0
0
0
0
0
0
0
0
0
0
0
0
0
0
0
0
0
0
0
0
0
0
0
0
0
0
0
0
0
0
0
0
0
0
0
0
0
0
0
0
0
0
0
0
0
0
0
0
0
0
0
0
0
0
0
0
0
0
0
0
0
0
0
0
0
0
0
0
0
0
0
0
0
0
0
0
0
0
0
0
0
0
0
0
0
0
0
0
0
0
0
0
0
0
0
0
0
0
0
0
0
0
0
0
0
0
0
0
0
0
0
0
0
0
0
0
0
0
0
0
0
0
0
0
0
0
0
0
0
0
0
0
0
0
0
0
0
0
0
0
0
0
0
0
0
0
0
0
0
0
0
0
0
0
0
0
0
0
0
0
0
0
0
0
0
0
0
0
0
0
0
0
0
0
0
0
0
0
0
0
0
0
0
0
0
0
0
0
0
0
0
0
0
0
0
0
0
0
0
0
0
0
0
0
0
0
0
0
0
0
0
0
0
0
0
0
0
0
0
0
0
0
0
0
0
0
0
0
0
0
0
0
0
0
0
0
0
0
0
0
0
0
0
0
0
0
0
0
0
0
0
0
0
0
0
0
0
0
0
0
0
0
0
0
0
0
0
0
0
0
0
0
0
0
0
0
0
0
0
0
0
0
0
0
0
0
0
0
0
0
0
0
0
0
0
0
0
0
0
0
0
0
0
0
0
0
0
0
0
0
0
0
0
0
0
0
0
0
0
0
0
0
0
0
0
0
0
0
0
0
0
0
0
0
0
0
0
0
0
0
0
0
0
0
0
0
0
0
0
0
0
0
0
0
0
0
0
0
0
0
0
0
0
0
0
0
0
0
0
0
0
0
0
0
0
0
0
0
0
0
0
0
0
0
0
0
0
0
0
0
0
0
0
0
0
0
0
0
0
0
0
0
0
0
0
0
0
0
0
0
0
0
0
0
0
0
0
0
0
0
0
0
0
0
0
0
0
0
0
0
0
0
0
0
0
0
0
0
0
0
0
0
0
0
0
0
0
0
0
0
0
0
0
0
0
0
0
0
0
0
0
0
0
0
0
0
0
0
0
0
0
0
0
0
0
0
0
0
0
0
0
0
0
0
0
0
0
0
0
0
0
0
0
0
0
0
0
0
0
0
0
0
0
0
0
0
0
0
0
0
0
0
0
0
0
0
0
0
0
0
0
0
0
0
0
0
0
0
0
0
0
0
0
0
0
0
0
0
0
0
0
0
0
0
0
0
0
0
0
0
0
0
0
0
0
0
0
0
0
0
0
0
0
0
0
0
0
0
0
0
0
0
0
0
0
0
0
0
0
0
0
0
0
0
0
0
0
0
0
0
0
0
0
0
0
0
0
0
0
0
0
0
0
0
0
0
0
0
0
0
0
0
0
0
0
0
0
0
0
0
0
0
0
0
0
0
0
0
0
0
0
0
0
0
0
0
0
0
0
0
0
0
0
0
0
0
0
0
0
0
0
0
0
0
0
0
0
0
0
0
0
0
0
0
0
0
0
0
0
0
0
0
0
0
0
0
0
0
0
0
0
0
0
0
0
0
0
0
0
0
0
0
0
0
0
0
0
0
0
0
0
0
0
0
0
0
0
0
0
0
0
0
0
0
0
0
0
0
0
0
0
0
0
0
0
0
0
0
0
0
0
0
0
0
0
0
0
0
0
0
0
0
0
0
0
0
0
0
0
0
0
0
0
0
0
0
0
0
0
0
0
0
0
0
0
0
0
0
0
0
0
0
0
0
0
0
0
0
0
0
0
0
0
0
0
0
0
0
0
0
0
0
0
0
0
0
0
0
0
0
0
0
0
0
0
0
0
0
0
0
0
0
0
0
0
0
0
0
0
0
0
0
0
0
0
0
0
0
0
0
0
0
0
0
0
0
0
0
0
0
0
0
0
0
0
0
0
0
0
0
0
0
0
0
0
0
0
0
0
0
0
0
0
0
0
0
0
0
0
0
0
0
0
0
0
0
0
0
0
0
0
0
0
0
0
0
0
0
0
0
0
0
0
0
0
0
0
0
0
0
0
0
0
0
0
0
0
0
0
0
0
0
0
0
0
0
0
0
0
0
0
0
0
0
0
0
0
0
0
0
0
0
0
0
0
0
0
0
0
0
0
0
0
0
0
0
0
0
0
0
0
0
0
0
0
0
0
0
0
0
0
0
0
0
0
0
0
0
0
0
0
0
0
0
0
0
0
0
0
0
0
0
0
0
0
0
0
0
0
0
0
0
0
0
0
0
0
0
0
0
0
0
0
0
0
0
0
0
0
0
0
0
0
0
0
0
0
0
0
0
0
0
0
0
0
0
0
0
0
0
0
0
0
0
0
0
0
0
0
0
0
0
0
0
0
0
0
0
0
0
0
0
0
0
0
0
0
0
0
0
0
0
0
0
0
0
0
0
0
0
0
0
0
0
0
0
0
0
0
0
0
0
0
0
0
0
0
0
0
0
0
0
0
0
0
0
0
0
0
0
0
0
0
0
0
0
0
0
0
0
0
0
0
0
0
0
0
0
0
0
0
0
0
0
0
0
0
0
0
0
0
0
0
0
0
0
0
0
0
0
0
0
0
0
0
0
0
0
0
0
0
0
0
0
0
0
0
0
0
0
0
0
0
0
0
0
0
0
0
0
0
0
0
0
0
0
0
0
0
0
0
0
0
0
0
0
0
0
0
0
0
0
0
0
0
0
0
0
0
0
0
0
0
0
0
0
0
0
0
0
0
0
0
0
0
0
0
0
0
0
0
0
0
0
0
0
0
0
0
0
0
0
0
0
0
0
0
0
0
0
0
0
0
0
0
0
0
0
0
0
0
0
0
0
0
0
0
0
0
0
0
0
0
0
0
0
0
0
0
0
0
0
0
0
0
0
0
0
0
0
0
0
0
0
0
0
0
0
0
0
0
0
0
0
0
0
0
0
0
0
0
0
0
0
0
0
0
0
0
0
0
0
0
0
0
0
0
0
0
0
0
0
0
0
0
0
0
0
0
0
0
0
0
0
0
0
0
0
0
0
0
0
0
0
0
0
0
0
0
0
0
0
0
0
0
0
0
0
0
0
0
0
0
0
0
0
0
0
0
0
0
0
0
0
0
0
0
0
0
0
0
0
0
0
0
0
0
0
0
0
0
0
0
0
0
0
0
0
0
0
0
0
0
0
0
0
0
0
0
0
0
0
0
0
0
0
0
0
0
0
0
0
0
0
0
0
0
0
0
0
0
0
0
0
0
0
0
0
0
0
0
0
0
0
0
0
0
0
0
0
0
0
0
0
0
0
0
0
0
0
0
0
0
0
0
0
0
0
0
0
0
0
0
0
0
0
0
0
0
0
0
0
0
0
0
0
0
0
0
0
0
0
0
0
0
0
0
0
0
0
0
0
0
0
0
0
0
0
0
0
0
0
0
0
0
0
0
0
0
0
0
0
0
0
0
0
0
0
0
0
0
0
0
0
0
0
0
0
0
0
0
0
0
0
0
0
0
0
0
0
0
0
0
0
0
0
0
0
0
0
0
0
0
0
0
0
0
0
0
0
0
0
0
0
0
0
0
0
0
0
0
0
0
0
0
0
0
0
0
0
0
0
0
0
0
0
0
0
0
0
0
0
0
0
0
0
0
0
0
0
0
0
0
0
0
0
0
0
0
0
0
0
0
0
0
0
0
0
0
0
0
0
0
0
0
0
0
0
0
0
0
0
0
0
0
0
0
0
0
0
0
0
0
0
0
0
0
0
0
0
0
0
0
0
0
0
0
0
0
0
0
0
0
0
0
0
0
0
0
0
0
0
0
0
0
0
0
0
0
0
0
0
0
0
0
0
0
0
0
0
0
0
0
0
0
0
0
0
0
0
0
0
0
0
0
0
0
0
0
0
0
0
0
0
0
0
0
0
0
0
0
0
0
0
0
0
0
0
0
0
0
0
0
0
0
0
0
0
0
0
0
0
0
0
0
0
0
0
0
0
0
0
0
0
0
0
0
0
0
0
0
0
0
0
0
0
0
0
0
0
0
0
0
0
0
0
0
0
0
0
0
0
0
0
0
0
0
0
0
0
0
0
0
0
0
0
0
0
0
0
0
0
0
0
0
0
0
0
0
0
0
0
0
0
0
0
0
0
0
0
0
0
0
0
0
0
0
0
0
0
0
0
0
0
0
0
0
0
0
0
0
0
0
0
0
0
0
0
0
0
0
0
0
0
0
0
0
0
0
0
0
0
0
0
0
0
0
0
0
0
0
0
0
0
0
0
0
0
0
0
0
0
0
0
0
0
0
0
0
0
0
0
0
0
0
0
0
0
0
0
0
0
0
0
0
0
0
0
0
0
0
0
0
0
0
0
0
0
0
0
0
0
0
0
0
0
0
0
0
0
0
0
0
0
0
0
0
0
0
0
0
0
0
0
0
0
0
0
0
0
0
0
0
0
0
0
0
0
0
0
0
0
0
0
0
0
0
0
0
0
0
0
0
0
0
0
0
0
0
0
0
0
0
0
0
0
0
0
0
0
0
0
0
0
0
0
0
0
0
0
0
0
0
0
0
0
0
0
0
0
0
0
0
0
0
0
0
0
0
0
0
0
0
0
0
0
0
0
0
0
0
0
0
0
0
0
0
0
0
0
0
0
0
0
0
0
0
0
0
0
0
0
0
0
0
0
0
0
0
0
0
0
0
0
0
0
0
0
0
0
0
0
0
0
0
0
0
0
0
0
0
0
0
0
0
0
0
0
0
0
0
0
0
0
0
0
0
0
0
0
0
0
0
0
0
0
0
0
0
0
0
0
0
0
0
0
0
0
0
0
0
0
0
0
0
0
0
0
0
0
0
0
0
0
0
0
0
0
0
0
0
0
0
0
0
0
0
0
0
0
0
0
0
0
0
0
0
0
0
0
0
0
0
0
0
0
0
0
0
0
0
0
0
0
0
0
0
0
0
0
0
0
0
0
0
0
0
0
0
0
0
0
0
0
0
0
0
0
0
0
0
0
0
0
0
0
0
0
0
0
0
0
0
0
0
0
0
0
0
0
0
0
0
0
0
0
0
0
0
0
0
0
0
0
0
0
0
0
0
0
0
0
0
0
0
0
0
0
0
0
0
0
0
0
0
0
0
0
0
0
0
0
0
0
0
0
0
0
0
0
0
0
0
0
0
0
0
0
0
0
0
0
0
0
0
0
0
0
0
0
0
0
0
0
0
0
0
0
0
0
0
0
0
0
0
0
0
0
0
0
0
0
0
0
0
0
0
0
0
0
0
0
0
0
0
0
0
0
0
0
0
0
0
0
0
0
0
0
0
0
0
0
0
0
0
0
0
0
0
0
0
0
0
0
0
0
0
0
0
0
0
0
0
0
0
0
0
0
0
0
0
0
0
0
0
0
0
0
0
0
0
0
0
0
0
0
0
0
0
0
0
0
0
0
0
0
0
0
0
0
0
0
0
0
0
0
0
0
0
0
0
0
0
0
0
0
0
0
0
0
0
0
0
0
0
0
0
0
0
0
0
0
0
0
0
0
0
0
0
0
0
0
0
0
0
0
0
0
0
0
0
0
0
0
0
0
0
0
0
0
0
0
0
0
0
0
0
0
0
0
0
0
0
0
0
0
0
0
0
0
0
0
0
0
0
0
0
0
0
0
0
0
0
0
0
0
0
0
0
0
0
0
0
0
0
0
0
0
0
0
0
0
0
0
0
0
0
0
0
0
0
0
0
0
0
0
0
0
0
0
0
0
0
0
0
0
0
0
0
0
0
0
0
0
0
0
0
0
0
0
0
0
0
0
0
0
0
0
0
0
0
0
0
0
0
0
0
0
0
0
0
0
0
0
0
0
0
0
0
0
0
0
0
0
0
0
0
0
0
0
0
0
0
0
0
0
0
0
0
0
0
0
0
0
0
0
0
0
0
0
0
0
0
0
0
0
0
0
0
0
0
0
0
0
0
0
0
0
0
0
0
0
0
0
0
0
0
0
0
0
0
0
0
0
0
0
0
0
0
0
0
0
0
0
0
0
0
0
0
0
0
0
0
0
0
0
0
0
0
0
0
0
0
0
0
0
0
0
0
0
0
0
0
0
0
0
0
0
0
0
0
0
0
0
0
0
0
0
0
0
0
0
0
0
0
0
0
0
0
0
0
0
0
0
