-204
224
-820
132
-2180
-1742
-1912
-237
602
-2245
-141
-2988
-2798
-320
-95
-122
53
924
-1680
-2425
-469
-1894
-17101
-240
600
-3246
-2331
-3071
-3443
-17110
79
316
-170
882
-1466
-1219
-2887
-2378
-2478
-222
1057
-3061
-2803
-4277
-3953
2276
-209
627
31
1502
-2305
-3478
1092
-2410
-20739
-223
814
-5193
-3339
-3127
-4271
-18534
36
882
-165
1303
-2669
-1636
-4511
-4681
-4197
-240
1504
-5137
-6693
-6994
-6946
5585
-196
1781
-4
423
-1544
-5904
-1075
-4097
-18808
-225
1424
-7670
-6623
-6612
-6894
-13967
-132
2500
-105
575
-1872
495
-4027
-3801
-2995
-179
750
-5682
-4336
-5579
-7290
5799
-235
1033
-53
-1074
-2851
-4374
164
-3045
-21713
-260
-1903
-9370
-7012
-7068
-7205
-11195
-180
-2242
-160
453
-703
1338
-2093
-2069
-1483
-257
459
-3444
-1221
-2955
-4643
2908
-194
1108
153
644
-2542
-2142
-340
-1513
-23171
-290
-628
-6753
-3753
-4395
-4336
-17161
-103
-1295
-138
1380
-1220
1048
-1506
-1280
-1461
-194
1638
-1947
556
-2314
-2326
1638
-168
1733
226
938
-1408
-1764
-1450
-1437
-19399
-65
668
-3575
-1751
-3289
-2476
-21733
-72
69
-12
771
-1947
242
-889
-912
-1848
-87
1526
-3517
-778
-3346
-3054
1012
-187
1219
28
-1187
-2402
-2305
-1886
-1920
-18841
-81
154
-3745
-3765
-4030
-3386
-16232
-102
-367
-1
33
-1494
-394
-344
-1714
-2301
-175
418
-2261
-1380
-2332
-2971
623
-140
-4
-149
-769
-2096
-3119
-2671
-2327
-16541
-236
-881
-3427
-3521
-4328
-3179
-17480
-178
-890
-43
198
-1428
1723
-3492
-2112
-2428
-80
757
-3657
1482
-5076
-4552
-1867
-27
1090
-44
2045
-3323
-3252
-1139
-2445
-17885
-186
939
-4981
-3044
-4899
-5169
-13951
-40
694
68
-711
-1534
-767
-3533
-2403
-2869
-41
-819
-3355
-2099
-5151
-4624
2757
-85
-6
-11
610
-3389
-4160
762
-2887
-19580
-211
1161
-6316
-4117
-5273
-4192
-18693
-81
862
-14
-1283
-2591
-2861
-5360
-3418
-4378
-193
-1432
-4556
-6178
-6754
-5412
5342
-176
-1229
-38
-789
-2489
-6018
657
-4228
-15581
-172
-381
-6860
-5759
-5773
-5318
-16092
-184
-861
-9
306
-2095
-2070
-2125
-2314
-3090
-50
1059
-3967
-4737
-4447
-4215
6547
-115
828
30
-780
-2348
-4122
-108
-2971
-19737
-124
-793
-6663
-4226
-5401
-4493
-21134
-190
-720
-236
1409
-1145
-1724
-807
-2019
-1888
-138
1511
-3986
-3430
-4368
-4488
4744
-212
1503
263
1360
-2431
-2306
-60
-1863
-25756
-4
-270
-7110
-3663
-3701
-4225
-21683
-37
-214
-314
-177
-2338
-2164
-1773
-2611
-2616
-222
-68
-3965
-3644
-4469
-3673
5612
-168
-15
295
1140
-2467
-2844
208
-2565
-21585
18
1729
-6149
-3693
-3432
-3877
-23814
133
2038
-115
-447
-3248
-2765
-1866
-3609
-4147
-234
428
-5621
-5926
-6233
-5631
6342
-242
792
-24
-1226
-2990
-4371
-1897
-4139
-19556
-84
664
-7494
-6739
-6392
-6496
-17432
-37
283
-69
-104
-2253
-1259
-3408
-2914
-3432
-161
393
-3749
-3023
-4964
-4852
3005
-87
1062
-128
-1595
-2945
-3852
-64
-3304
-21785
-196
-2461
-5710
-4829
-5204
-4947
-20837
-118
-2516
139
-48
-1675
1629
-2339
-1028
-1974
-72
-411
-4052
388
-4548
-4081
427
-84
-293
6
1760
-3067
-2562
-1495
-1912
-15888
-79
512
-5252
-3999
-5245
-4140
-11329
-123
390
179
-318
-2979
-1530
-1544
-1145
-2813
36
1005
-3476
-2989
-3851
-2748
2958
-211
1417
30
-807
-1673
-3317
-2333
-2868
-20890
-10
-449
-3586
-2734
-5125
-1849
-27101
-92
-714
192
-253
-1915
-2323
-876
-772
-2310
-37
783
-3663
-4172
-4466
-3468
4249
-256
1929
105
-287
-1414
-2639
-2521
-2265
-22356
-53
-747
-5151
-3667
-5708
-2896
-21317
-158
-741
92
-485
-2940
-3964
711
-2934
-4287
18
95
-4896
-6350
-4068
-4651
5947
-105
349
102
1350
-3014
-4368
-3851
-4168
-13950
16
956
-7050
-5399
-6922
-5278
-15326
-10
1160
-40
-653
-2961
-3606
-142
-3139
-3432
-55
58
-5267
-5504
-4702
-4881
5533
-131
134
218
-101
-2387
-3553
-1653
-3266
-19828
-70
-281
-6475
-4429
-5849
-4768
-19072
-134
-590
-22
-672
-2111
-2597
-1402
-2738
-3489
-216
622
-4777
-6248
-4990
-4705
7766
-227
955
223
-447
-2950
-4222
-1575
-3406
-20731
-57
-221
-8048
-5006
-7706
-5200
-19620
-49
119
-74
-154
-1999
-1896
-2014
-5107
-4638
-213
498
-5545
-6354
-7585
-8164
7113
-305
729
-163
-497
-4328
-4822
-2783
-4635
-21196
-182
690
-10886
-7869
-9905
-8122
-12755
-153
1150
-96
-105
-2810
-251
-3583
-3525
-3555
-171
412
-4419
-1917
-5390
-5467
3046
-112
1534
-159
-1628
-4656
-4215
1236
-3329
-24597
-286
-2051
-8075
-4480
-4984
-5144
-22839
-128
-2798
-31
-439
-2969
-763
-279
-2224
-2602
-201
333
-5484
-1966
-3955
-4252
3454
-113
601
74
949
-2540
-2920
-1439
-2621
-18901
-14
664
-5732
-4897
-5539
-4074
-16610
-51
204
-128
-607
-4773
-2289
-1673
-2908
-3499
-201
455
-7147
-4693
-6196
-4784
6045
-148
466
85
439
-924
-4535
-1198
-3576
-18566
25
626
-5274
-5739
-6084
-3903
-18558
-27
1566
-60
-275
-3010
-642
-2225
-2708
-2922
-160
734
-7889
-5321
-7356
-6457
8568
-111
533
151
-487
-1821
-3254
-1569
-2952
-25595
-56
-1555
-8627
-6976
-8417
-5546
-16477
-103
-1382
-64
-817
-2931
-1806
-240
-2560
-3292
-213
-601
-6754
-5415
-4481
-5475
7187
-157
334
341
1873
-3353
-3585
-2539
-3243
-22029
-19
578
-8666
-6212
-8209
-5545
-16100
67
-200
2
-578
-3846
-2890
-1296
-3011
-3614
-120
722
-6133
-5628
-5328
-4724
6827
-211
1111
170
82
-2534
-4502
-883
-3613
-19684
-75
1576
-6427
-5360
-6582
-4986
-19562
-82
1631
-3
-307
-2602
-2078
-2191
-3571
-3992
-272
1215
-5323
-5784
-7139
-5761
7216
-333
1472
-95
-427
-2679
-5119
-1491
-3950
-19264
-133
-1027
-8156
-6506
-7833
-5435
-17245
-214
-1297
-24
-885
-2623
-1764
-2649
-3721
-3838
-224
-1222
-3657
-3639
-5847
-4538
4661
-220
-2861
-38
751
-5079
-4847
1167
-3734
-19490
-34
757
-8013
-4515
-4355
-3821
-21933
-33
723
-156
-494
-2179
-713
-2428
-2972
-2896
-164
-781
-3706
-2478
-4430
-4820
2778
-69
-645
-165
-868
-4454
-3917
2013
-2752
-17208
-253
-579
-7215
-4063
-2722
-4455
-15228
-178
-272
-20
-927
-2676
-1210
-1714
-2968
-2697
-224
-1020
-4940
-3237
-5206
-4638
4647
-230
747
36
52
-1799
-2655
-677
-2707
-20930
-180
-540
-5566
-4587
-5045
-3196
-19457
-187
-996
-152
-1681
-4224
-1007
-3001
-3214
-3384
-357
-2387
-7813
-5233
-6899
-5679
7560
-127
-1747
156
1195
-1541
-4657
471
-3404
-21652
-90
1430
-7129
-5813
-4693
-4635
-18459
-32
1802
-161
-1131
-2311
886
-1670
-3107
-3113
-156
-376
-8021
-5156
-7663
-7476
8872
-234
-1733
41
-83
-3275
-3518
-1574
-2949
-26435
-50
-226
-10548
-6871
-8676
-7213
-13771
-69
-256
-93
-765
-2884
-916
-267
-2989
-3187
-107
-10
-5316
-3579
-4098
-3858
5659
-256
-1439
272
895
-3676
-3260
-1912
-3131
-20768
-32
-551
-6878
-3130
-5751
-3750
-22115
54
-1267
-64
-1095
-4007
-1192
-3261
-3866
-4428
-117
85
-5325
-3208
-7070
-4252
5643
-306
59
74
517
-3185
-5252
-1179
-4431
-18767
-4
2167
-7088
-5291
-4897
-4296
-23970
-55
2805
-83
-123
-3601
-1533
-4159
-4801
-4524
-129
-255
-5862
-4333
-8610
-6126
6181
-322
-878
-251
-355
-2965
-5264
-114
-4482
-21303
-51
-766
-8403
-7092
-5844
-5584
-20644
-145
-1191
-34
-248
-2882
-2116
-2000
-3243
-3023
-181
-657
-4086
-4153
-5099
-3937
4350
-164
-732
-85
199
-3895
-4332
2644
-2933
-19293
-6
-713
-7103
-4342
-1863
-3420
-19095
40
-1113
21
-745
-2326
-1657
-975
-2381
-2336
-61
-1780
-2794
-2858
-2640
-2976
2934
65
-2424
-187
-420
-2999
-3159
1982
-2251
-16779
-402
-411
-4663
-2390
-781
-2430
-19157
-261
-19
55
-929
-2522
-1276
-1787
-1854
-2179
-137
-1021
-4515
-3225
-5704
-4036
3499
-238
-1682
-152
-920
-1200
-1136
-795
-2039
-23954
-257
-834
-4132
-3601
-4661
-2293
-20943
-225
-958
37
-1416
-3373
-1239
-1221
-1180
-2350
-237
-907
-5694
-3566
-4201
-3127
4982
-261
-2030
153
1051
-642
-2775
-1131
-2146
-23040
-150
772
-4406
-3220
-4091
-2545
-23540
-67
506
43
-1693
-3497
101
-1225
-3222
-4175
-81
-1474
-4454
-1793
-4847
-3703
4509
-188
-2569
28
1567
-3458
-4692
-3397
-3912
-12762
-106
490
-7199
-3882
-5829
-4117
-17594
-82
28
71
-1262
-1693
-2
170
-2642
-2787
2
-720
-4568
-3106
-4176
-4492
3801
-151
-1301
110
416
-2481
-2722
-4403
-2776
-18152
-8
-246
-6447
-3733
-7439
-3456
-13891
-60
36
-98
-2008
-2917
-191
-2916
-3498
-3295
-307
-1469
-5276
-2098
-6629
-4535
4243
-254
-2051
100
-398
-1921
-2725
-2658
-3204
-23391
-17
779
-6690
-4881
-5916
-3220
-22782
-178
947
-107
-998
-3437
-906
-4591
-4736
-3989
-178
-1215
-6446
-4386
-8937
-6941
6146
-313
-2395
-197
171
-2057
-3866
-326
-3831
-19723
-17
-7
-8755
-7372
-5998
-5869
-12746
-240
-366
38
646
-3166
-1638
-2757
-3099
-3175
-66
561
-5651
-5577
-6204
-5154
5714
-131
447
-72
51
-1915
-4596
829
-3030
-18981
-30
-553
-6993
-4842
-4209
-4441
-14284
-120
-664
24
179
-1620
-1167
-1430
-1384
-1610
6
500
-1860
-2032
-2195
-2023
2588
60
575
-176
-911
-2061
-2073
1060
-1652
-21118
-277
-1123
-3989
-1567
-1590
-1347
-23696
-172
-1227
20
536
-2566
-1187
-1528
-2608
-2598
-3
726
-3762
-1750
-4329
-3873
919
-117
-252
-293
-97
-2572
-2528
45
-2551
-16492
-252
526
-4517
-3946
-3575
-2592
-14909
-108
418
-24
273
-2866
-312
-325
-1218
-1947
-83
839
-3275
-520
-2497
-2059
797
-71
718
5
90
-1073
-2560
-2131
-1942
-16866
-159
-1188
-2888
-2620
-4068
-99
-19956
-40
-1118
4
-477
-2438
963
-2053
-1349
-2684
-155
-584
-3410
761
-2926
-2881
997
-91
-210
97
1348
-2540
-3220
-3449
-2672
-16273
-109
1005
-5153
-4007
-6467
-1623
-18161
-89
521
32
-681
-4105
101
-2429
-2776
-3934
-30
-426
-4149
-71
-3838
-3174
952
-130
49
-9
-97
-1483
-3330
-5389
-3927
-13958
-56
1091
-4531
-4249
-6790
-1278
-21539
-88
806
14
393
-3102
-347
-2118
-2494
-2838
-66
-134
-4148
-347
-3515
-3326
901
-31
-194
-3
-1034
-666
-2789
-2767
-2761
-17410
-150
-1379
-4246
-3337
-5524
-736
-19961
-142
-1052
-4
-139
-3125
-1987
-1481
-2655
-3072
-96
-858
-4347
-2889
-3607
-4116
1941
-158
-843
-2
1722
-655
-3313
-2179
-3018
-16685
-54
663
-5031
-4627
-5164
-1396
-15886
-137
682
-61
-283
-3231
-1157
-1384
-2113
-2853
-148
-298
-4558
-3018
-3734
-3839
2821
-14
40
-74
382
-891
-4039
-1787
-2758
-21489
-58
601
-4922
-3863
-5201
-1785
-21486
-81
775
-62
-401
-1700
-683
-2927
-1671
-2510
-120
285
-1808
-1212
-3122
-2682
394
-58
24
-154
-1210
-1939
-3163
-518
-2449
-14928
-239
-967
-3899
-2828
-3192
-1806
-16931
-25
-806
-143
-886
-2284
-765
-1315
-2105
-2591
-164
-966
-1916
-1250
-2675
-2555
590
-120
-336
-205
232
-3036
-3280
9
-2513
-13910
-129
951
-3509
-2609
-2931
-2452
-17870
-5
520
-205
-1456
-682
-247
-110
-996
-1197
-340
-1205
-1195
-1058
-2506
-1958
531
-77
-675
-26
-437
-1772
-2194
-938
-1115
-16536
-217
-1155
-2622
-2555
-3562
-1217
-16614
-32
-484
-192
-1024
-1170
768
-2021
-1440
-1704
-380
-919
-1664
431
-3182
-1946
869
-119
-669
122
-116
-2843
-2543
-332
-1686
-15656
-104
396
-4079
-2826
-3345
-1410
-18611
-25
701
-189
-1563
-1756
1952
-2828
-2505
-2613
-326
-1011
-2794
1202
-4313
-3626
499
-84
-1082
-100
75
-3595
-2631
-1876
-2462
-15645
-130
1258
-5519
-4118
-5502
-3049
-16245
-48
1267
-168
-933
-806
250
-1442
-2074
-1744
-198
-1082
-1129
-204
-2618
-2521
854
-71
-616
-62
-732
-2523
-1826
-1339
-1653
-14260
-299
-1578
-4117
-2584
-4171
-1619
-16113
-85
-1811
-142
-1007
-1215
-710
-314
-1116
-1384
-236
-1057
-1145
-936
-1202
-1386
803
-222
-26
27
397
-1449
-1619
-1680
-1400
-16451
-231
-22
-2902
-1844
-3496
-715
-19568
-24
454
-244
-1149
-1075
357
-1135
-1067
-1796
-400
-1235
-1615
-662
-2443
-2589
234
-194
-963
-13
266
-2652
-2354
-1893
-1786
-16020
-195
1041
-4314
-3122
-4427
-2416
-15172
93
1455
-311
-1097
167
-855
-2098
-1208
-2259
-342
-1447
415
-1132
-2454
-2513
-1153
-153
-922
-78
-919
-2563
-2584
-1878
-2148
-14429
-217
-972
-3800
-3017
-3798
-2181
-15971
154
-921
0
0
0
0
0
0
0
0
0
0
0
-1042
-571
-2097
-66
-1066
0
0
0
0
0
0
0
0
0
0
0
-21
-1552
-84
-1119
-17417
0
0
0
0
0
0
0
0
0
0
0
-2266
-2022
-3273
-723
-2557
0
0
0
0
0
0
0
0
0
0
0
-1671
-3296
896
-2518
-16411
0
0
0
0
0
0
0
0
0
0
0
-4247
-1364
-3939
-2562
-3634
0
0
0
0
0
0
0
0
0
0
0
-365
-5106
-911
-3671
-16299
0
0
0
0
0
0
0
0
0
0
0
-2860
456
-3191
-2134
-2427
0
0
0
0
0
0
0
0
0
0
0
-687
-3237
58
-2095
-18520
0
0
0
0
0
0
0
0
0
0
0
-1903
660
-1889
-386
-1167
0
0
0
0
0
0
0
0
0
0
0
-828
-399
-538
-898
-21000
0
0
0
0
0
0
0
0
0
0
0
-1425
-8
-1927
321
-1328
0
0
0
0
0
0
0
0
0
0
0
-843
-535
-1396
-1116
-17977
0
0
0
0
0
0
0
0
0
0
0
-1732
-966
-1572
381
-2270
0
0
0
0
0
0
0
0
0
0
0
-2470
-2114
-2470
-2097
-14392
0
0
0
0
0
0
0
0
0
0
0
-1010
-795
-440
-412
-1577
0
0
0
0
0
0
0
0
0
0
0
-1047
-1759
-2074
-1402
-16817
0
0
0
0
0
0
0
0
0
0
0
-1532
353
-2566
-14
-1494
0
0
0
0
0
0
0
0
0
0
0
-1143
-2283
-870
-1504
-17564
0
0
0
0
0
0
0
0
0
0
0
-3851
-1761
-2977
-150
-3084
0
0
0
0
0
0
0
0
0
0
0
-2099
-4470
54
-3141
-14549
0
0
0
0
0
0
0
0
0
0
0
-3909
-1861
-3968
-177
-3492
0
0
0
0
0
0
0
0
0
0
0
-1544
-6398
-361
-3429
-15865
0
0
0
0
0
0
0
0
0
0
0
-2112
-993
-2108
-260
-2685
0
0
0
0
0
0
0
0
0
0
0
-2158
-4285
-1416
-2645
-18237
0
0
0
0
0
0
0
0
0
0
0
-2660
-2098
-1389
-673
-2580
0
0
0
0
0
0
0
0
0
0
0
-2790
-1470
-1332
-2478
-20000
0
0
0
0
0
0
0
0
0
0
0
-3309
-2824
-2694
-278
-3167
0
0
0
0
0
0
0
0
0
0
0
-3184
-1663
-1546
-3104
-17348
0
0
0
0
0
0
0
0
0
0
0
-2854
-1910
-2667
-788
-3205
0
0
0
0
0
0
0
0
0
0
0
-2621
-2411
-3279
-3064
-19873
0
0
0
0
0
0
0
0
0
0
0
-1704
-981
-3311
-1174
-2290
0
0
0
0
0
0
0
0
0
0
0
-1760
-1331
-1277
-2108
-22174
0
0
0
0
0
0
0
0
0
0
0
-1878
311
-1949
549
-1692
0
0
0
0
0
0
0
0
0
0
0
-1337
-3278
-981
-1608
-14117
0
0
0
0
0
0
0
0
0
0
0
-2935
-1513
-1587
855
-3068
0
0
0
0
0
0
0
0
0
0
0
-1923
-4659
-2863
-3080
-19461
0
0
0
0
0
0
0
0
0
0
0
-2278
-1981
-1062
896
-2810
0
0
0
0
0
0
0
0
0
0
0
-2009
-3720
-4109
-3078
-18070
0
0
0
0
0
0
0
0
0
0
0
-3067
-2119
437
-1839
-3153
0
0
0
0
0
0
0
0
0
0
0
-2125
-3779
-4261
-3264
-17174
0
0
0
0
0
0
0
0
0
0
0
-3951
-3537
-1326
-2727
-4068
0
0
0
0
0
0
0
0
0
0
0
-2945
-2601
-3004
-4048
-13969
0
0
0
0
0
0
0
0
0
0
0
-3465
-2305
-1523
-166
-3101
0
0
0
0
0
0
0
0
0
0
0
-2651
-3363
-2276
-3146
-20145
0
0
0
0
0
0
0
0
0
0
0
-2504
-618
-1621
-1857
-2791
0
0
0
0
0
0
0
0
0
0
0
-2504
-2837
-2867
-2819
-24001
0
0
0
0
0
0
0
0
0
0
0
-2103
-20
-2894
-2135
-2514
0
0
0
0
0
0
0
0
0
0
0
-2839
-2003
-44
-2382
-24574
0
0
0
0
0
0
0
0
0
0
0
-2283
-1673
-1226
-752
-2739
0
0
0
0
0
0
0
0
0
0
0
-2002
-3390
-1360
-2497
-16332
0
0
0
0
0
0
0
0
0
0
0
-3207
-1995
-2279
-271
-3261
0
0
0
0
0
0
0
0
0
0
0
-1359
-5189
-1818
-3111
-17541
0
0
0
0
0
0
0
0
0
0
0
-3189
-509
-3462
-636
-3422
0
0
0
0
0
0
0
0
0
0
0
-2465
-4272
-2463
-3414
-18511
0
0
0
0
0
0
0
0
0
0
0
-3425
-1734
-883
-123
-3200
0
0
0
0
0
0
0
0
0
0
0
-3227
-3987
-3182
-3212
-19432
0
0
0
0
0
0
0
0
0
0
0
-3921
-3126
-2196
-1190
-4129
0
0
0
0
0
0
0
0
0
0
0
-3715
-4354
-1881
-4153
-14765
0
0
0
0
0
0
0
0
0
0
0
-2838
-1065
-1961
-1039
-2662
0
0
0
0
0
0
0
0
0
0
0
-1739
-3371
-1535
-2634
-22016
0
0
0
0
0
0
0
0
0
0
0
-2450
-1472
-3085
-1850
-3414
0
0
0
0
0
0
0
0
0
0
0
-4196
-4790
290
-3628
-16827
0
0
0
0
0
0
0
0
0
0
0
-2161
-686
-2087
-1973
-2375
0
0
0
0
0
0
0
0
0
0
0
-2594
-3474
1346
-2309
-15271
0
0
0
0
0
0
0
0
0
0
0
-3108
-1413
-2511
-1314
-2715
0
0
0
0
0
0
0
0
0
0
0
-492
-1601
-2002
-2481
-18460
0
0
0
0
0
0
0
0
0
0
0
-3949
-1819
-3754
-925
-3553
0
0
0
0
0
0
0
0
0
0
0
-1749
-5571
-180
-3489
-16345
0
0
0
0
0
0
0
0
0
0
0
-2324
653
-3034
-1328
-3125
0
0
0
0
0
0
0
0
0
0
0
-3431
-4745
-1284
-2907
-20262
0
0
0
0
0
0
0
0
0
0
0
-2983
-1097
-784
-1218
-3169
0
0
0
0
0
0
0
0
0
0
0
-3780
-3728
-2024
-3091
-18328
0
0
0
0
0
0
0
0
0
0
0
-4053
-1436
-3439
-2373
-3969
0
0
0
0
0
0
0
0
0
0
0
-3050
-4607
-1211
-4072
-17598
0
0
0
0
0
0
0
0
0
0
0
-3322
-858
-4993
-3108
-3716
0
0
0
0
0
0
0
0
0
0
0
-1998
-4236
-341
-3539
-20266
0
0
0
0
0
0
0
0
0
0
0
-2562
-2073
-3131
-2507
-3195
0
0
0
0
0
0
0
0
0
0
0
-3414
-4775
2521
-3151
-14882
0
0
0
0
0
0
0
0
0
0
0
-1397
-1265
-1207
-1132
-1729
0
0
0
0
0
0
0
0
0
0
0
-1528
-2883
884
-1560
-17230
0
0
0
0
0
0
0
0
0
0
0
-2949
-1415
-2933
-695
-2624
0
0
0
0
0
0
0
0
0
0
0
-236
-1520
-2648
-2455
-19188
0
0
0
0
0
0
0
0
0
0
0
-2540
-1360
-1432
468
-2186
0
0
0
0
0
0
0
0
0
0
0
-1150
-4071
-1659
-2248
-21562
0
0
0
0
0
0
0
0
0
0
0
-1505
956
-1169
-1624
-2274
0
0
0
0
0
0
0
0
0
0
0
-2479
-4497
-1693
-2233
-19068
0
0
0
0
0
0
0
0
0
0
0
-3031
-525
34
-2428
-3094
0
0
0
0
0
0
0
0
0
0
0
-2417
-3201
-3188
-3047
-13301
0
0
0
0
0
0
0
0
0
0
0
-3657
-486
-2780
-2478
-2629
0
0
0
0
0
0
0
0
0
0
0
-1522
-1077
-2532
-2811
-22963
0
0
0
0
0
0
0
0
0
0
0
-3750
-196
-4155
-4067
-3280
0
0
0
0
0
0
0
0
0
0
0
-670
-2959
-881
-3101
-16976
0
0
0
0
0
0
0
0
0
0
0
-3917
-1175
-2602
-2260
-3347
0
0
0
0
0
0
0
0
0
0
0
-1948
-4541
839
-3283
-14735
0
0
0
0
0
0
0
0
0
0
0
-2281
-1299
-1747
-574
-2158
0
0
0
0
0
0
0
0
0
0
0
-1447
-2118
-359
-2019
-17158
0
0
0
0
0
0
0
0
0
0
0
-2201
-566
-1490
-712
-1721
0
0
0
0
0
0
0
0
0
0
0
89
-2356
-913
-1475
-18648
0
0
0
0
0
0
0
0
0
0
0
-3262
-925
-471
275
-2364
0
0
0
0
0
0
0
0
0
0
0
-837
-3466
-2384
-2234
-14395
0
0
0
0
0
0
0
0
0
0
0
-3119
369
-1358
756
-2365
0
0
0
0
0
0
0
0
0
0
0
-1339
-3981
-2759
-2363
-16873
0
0
0
0
0
0
0
0
0
0
0
-4827
-488
-2901
-1534
-4279
0
0
0
0
0
0
0
0
0
0
0
-991
-4716
-4097
-4171
-11166
0
0
0
0
0
0
0
0
0
0
0
-3211
-176
-1693
-1216
-2291
0
0
0
0
0
0
0
0
0
0
0
-94
-2228
-2652
-2315
-18629
0
0
0
0
0
0
0
0
0
0
0
-4361
-1607
-989
-1491
-2943
0
0
0
0
0
0
0
0
0
0
0
25
-3569
-2611
-2967
-14926
0
0
0
0
0
0
0
0
0
0
0
-5404
-1544
-1775
-1345
-3968
0
0
0
0
0
0
0
0
0
0
0
-916
-5228
-1644
-3999
-13633
0
0
0
0
0
0
0
0
0
0
0
-3210
-608
-2460
144
-2173
0
0
0
0
0
0
0
0
0
0
0
30
-2874
-1079
-1960
-15303
0
0
0
0
0
0
0
0
0
0
0
-2208
-264
-910
-1320
-1792
0
0
0
0
0
0
0
0
0
0
0
-514
-2290
-869
-1567
-15666
0
0
0
0
0
0
0
0
0
0
0
-1970
59
-49
-87
-1113
0
0
0
0
0
0
0
0
0
0
0
-650
-1466
-1008
-950
-15304
0
0
0
0
0
0
0
0
0
0
0
-2457
593
-1446
148
-1392
0
0
0
0
0
0
0
0
0
0
0
-1118
-1627
-453
-1241
-16644
0
0
0
0
0
0
0
0
0
0
0
-2330
1891
-2075
-917
-1508
0
0
0
0
0
0
0
0
0
0
0
-1034
-1785
-726
-1347
-18728
0
0
0
0
0
0
0
0
0
0
0
-2115
893
-1512
-1392
-1451
0
0
0
0
0
0
0
0
0
0
0
-1033
-587
-861
-1224
-14866
0
0
0
0
0
0
0
0
0
0
0
-2425
-391
-591
-1089
-1775
0
0
0
0
0
0
0
0
0
0
0
-955
-995
-1945
-1771
-14041
0
0
0
0
0
0
0
0
0
0
0
-2541
770
-490
-666
-1541
0
0
0
0
0
0
0
0
0
0
0
-664
-1885
-1480
-1361
-16048
0
0
0
0
0
0
0
0
0
0
0
-2355
81
-1565
-257
-1385
0
0
0
0
0
0
0
0
0
0
0
520
-1804
-1399
-1097
-16780
0
0
0
0
0
0
0
0
0
0
0
0
0
0
0
0
0
0
0
0
0
0
0
0
0
0
0
0
0
0
0
0
0
0
0
0
0
0
0
0
0
0
0
0
0
0
0
0
0
0
0
0
0
0
0
0
0
0
0
0
0
0
0
0
0
0
0
0
0
0
0
0
0
0
0
0
0
0
0
0
0
0
0
0
0
0
0
0
0
0
0
0
0
0
0
0
0
0
0
0
0
0
0
0
0
0
0
0
0
0
0
0
0
0
0
0
0
0
0
0
0
0
0
0
0
0
0
0
0
0
0
0
0
0
0
0
0
0
0
0
0
0
0
0
0
0
0
0
0
0
0
0
0
0
0
0
0
0
0
0
0
0
0
0
0
0
0
0
0
0
0
0
0
0
0
0
0
0
0
0
0
0
0
0
0
0
0
0
0
0
0
0
0
0
0
0
0
0
0
0
0
0
0
0
0
0
0
0
0
0
0
0
0
0
0
0
0
0
0
0
0
0
0
0
0
0
0
0
0
0
0
0
0
0
0
0
0
0
0
0
0
0
0
0
0
0
0
0
0
0
0
0
0
0
0
0
0
0
0
0
0
0
0
0
0
0
0
0
0
0
0
0
0
0
0
0
0
0
0
0
0
0
0
0
0
0
0
0
0
0
0
0
0
0
0
0
0
0
0
0
0
0
0
0
0
0
0
0
0
0
0
0
0
0
0
0
0
0
0
0
0
0
0
0
0
0
0
0
0
0
0
0
0
0
0
0
0
0
0
0
0
0
0
0
0
0
0
0
0
0
0
0
0
0
0
0
0
0
0
0
0
0
0
0
0
0
0
0
0
0
0
0
0
0
0
0
0
0
0
0
0
0
0
0
0
0
0
0
0
0
0
0
0
0
0
0
0
0
0
0
0
0
0
0
0
0
0
0
0
0
0
0
0
0
0
0
0
0
0
0
0
0
0
0
0
0
0
0
0
0
0
0
0
0
0
0
0
0
0
0
0
0
0
0
0
0
0
0
0
0
0
0
0
0
0
0
0
0
0
0
0
0
0
0
0
0
0
0
0
0
0
0
0
0
0
0
0
0
0
0
0
0
0
0
0
0
0
0
0
0
0
0
0
0
0
0
0
0
0
0
0
0
0
0
0
0
0
0
0
0
0
0
0
0
0
0
0
0
0
0
0
0
0
0
0
0
0
0
0
0
0
0
0
0
0
0
0
0
0
0
0
0
0
0
0
0
0
0
0
0
0
0
0
0
0
0
0
0
0
0
0
0
0
0
0
0
0
0
0
0
0
0
0
0
0
0
0
0
0
0
0
0
0
0
0
0
0
0
0
0
0
0
0
0
0
0
0
0
0
0
0
0
0
0
0
0
0
0
0
0
0
0
0
0
0
0
0
0
0
0
0
0
0
0
0
0
0
0
0
0
0
0
0
0
0
0
0
0
0
0
0
0
0
0
0
0
0
0
0
0
0
0
0
0
0
0
0
0
0
0
0
0
0
0
0
0
0
0
0
0
0
0
0
0
0
0
0
0
0
0
0
0
0
0
0
0
0
0
0
0
0
0
0
0
0
0
0
0
0
0
0
0
0
0
0
0
0
0
0
0
0
0
0
0
0
0
0
0
0
0
0
0
0
0
0
0
0
0
0
0
0
0
0
0
0
0
0
0
0
0
0
0
0
0
0
0
0
0
0
0
0
0
0
0
0
0
0
0
0
0
0
0
0
0
0
0
0
0
0
0
0
0
0
0
0
0
0
0
0
0
0
0
0
0
0
0
0
0
0
0
0
0
0
0
0
0
0
0
0
0
0
0
0
0
0
0
0
0
0
0
0
0
0
0
0
0
0
0
0
0
0
0
0
0
0
0
0
0
0
0
0
0
0
0
0
0
0
0
0
0
0
0
0
0
0
0
0
0
0
0
0
0
0
0
0
0
0
0
0
0
0
0
0
0
0
0
0
0
0
0
0
0
0
0
0
0
0
0
0
0
0
0
0
0
0
0
0
0
0
0
0
0
0
0
0
0
0
0
0
0
0
0
0
0
0
0
0
0
0
0
0
0
0
0
0
0
0
0
0
0
0
0
0
0
0
0
0
0
0
0
0
0
0
0
0
0
0
0
0
0
0
0
0
0
0
0
0
0
0
0
0
0
0
0
0
0
0
0
0
0
0
0
0
0
0
0
0
0
0
0
0
0
0
0
0
0
0
0
0
0
0
0
0
0
0
0
0
0
0
0
0
0
0
0
0
0
0
0
0
0
0
0
0
0
0
0
0
0
0
0
0
0
0
0
0
0
0
0
0
0
0
0
0
0
0
0
0
0
0
0
0
0
0
0
0
0
0
0
0
0
0
0
0
0
0
0
0
0
0
0
0
0
0
0
0
0
0
0
0
0
0
0
0
0
0
0
0
0
0
0
0
0
0
0
0
0
0
0
0
0
0
0
0
0
0
0
0
0
0
0
0
0
0
0
0
0
0
0
0
0
0
0
0
0
0
0
0
0
0
0
0
0
0
0
0
0
0
0
0
0
0
0
0
0
0
0
0
0
0
0
0
0
0
0
0
0
0
0
0
0
0
0
0
0
0
0
0
0
0
0
0
0
0
0
0
0
0
0
0
0
0
0
0
0
0
0
0
0
0
0
0
0
0
0
0
0
0
0
0
0
0
0
0
0
0
0
0
0
0
0
0
0
0
0
0
0
0
0
0
0
0
0
0
0
0
0
0
0
0
0
0
0
0
0
0
0
0
0
0
0
0
0
0
0
0
0
0
0
0
0
0
0
0
0
0
0
0
0
0
0
0
0
0
0
0
0
0
0
0
0
0
0
0
0
0
0
0
0
0
0
0
0
0
0
0
0
0
0
0
0
0
0
0
0
0
0
0
0
0
0
0
0
0
0
0
0
0
0
0
0
0
0
0
0
0
0
0
0
0
0
0
0
0
0
0
0
0
0
0
0
0
0
0
0
0
0
0
0
0
0
0
0
0
0
0
0
0
0
0
0
0
0
0
0
0
0
0
0
0
0
0
0
0
0
0
0
0
0
0
0
0
0
0
0
0
0
0
0
0
0
0
0
0
0
0
0
0
0
0
0
0
0
0
0
0
0
0
0
0
0
0
0
0
0
0
0
0
0
0
0
0
0
0
0
0
0
0
0
0
0
0
0
0
0
0
0
0
0
0
0
0
0
0
0
0
0
0
0
0
0
0
0
0
0
0
0
0
0
0
0
0
0
0
0
0
0
0
0
0
0
0
0
0
0
0
0
0
0
0
0
0
0
0
0
0
0
0
0
0
0
0
0
0
0
0
0
0
0
0
0
0
0
0
0
0
0
0
0
0
0
0
0
0
0
0
0
0
0
0
0
0
0
0
0
0
0
0
0
0
0
0
0
0
0
0
0
0
0
0
0
0
0
0
0
0
0
0
0
0
0
0
0
0
0
0
0
0
0
0
0
0
0
0
0
0
0
0
0
0
0
0
0
0
0
0
0
0
0
0
0
0
0
0
0
0
0
0
0
0
0
0
0
0
0
0
0
0
0
0
0
0
0
0
0
0
0
0
0
0
0
0
0
0
0
0
0
0
0
0
0
0
0
0
0
0
0
0
0
0
0
0
0
0
0
0
0
0
0
0
0
0
0
0
0
0
0
0
0
0
0
0
0
0
0
0
0
0
0
0
0
0
0
0
0
0
0
0
0
0
0
0
0
0
0
0
0
0
0
0
0
0
0
0
0
0
0
0
0
0
0
0
0
0
0
0
0
0
0
0
0
0
0
0
0
0
0
0
0
0
0
0
0
0
0
0
0
0
0
0
0
0
0
0
0
0
0
0
0
0
0
0
0
0
0
0
0
0
0
0
0
0
0
0
0
0
0
0
0
0
0
0
0
0
0
0
0
0
0
0
0
0
0
0
0
0
0
0
0
0
0
0
0
0
0
0
0
0
0
0
0
0
0
0
0
0
0
0
0
0
0
0
0
0
0
0
0
0
0
0
0
0
0
0
0
0
0
0
0
0
0
0
0
0
0
0
0
0
0
0
0
0
0
0
0
0
0
0
0
0
0
0
0
0
0
0
0
0
0
0
0
0
0
0
0
0
0
0
0
0
0
0
0
0
0
0
0
0
0
0
0
0
0
0
0
0
0
0
0
0
0
0
0
0
0
0
0
0
0
0
0
0
0
0
0
0
0
0
0
0
0
0
0
0
0
0
0
0
0
0
0
0
0
0
0
0
0
0
0
0
0
0
0
0
0
0
0
0
0
0
0
0
0
0
0
0
0
0
0
0
0
0
0
0
0
0
0
0
0
0
0
0
0
0
0
0
0
0
0
0
0
0
0
0
0
0
0
0
0
0
0
0
0
0
0
0
0
0
0
0
0
0
0
0
0
0
0
0
0
0
0
0
0
0
0
0
0
0
0
0
0
0
0
0
0
0
0
0
0
0
0
0
0
0
0
0
0
0
0
0
0
0
0
0
0
0
0
0
0
0
0
0
0
0
0
0
0
0
0
0
0
0
0
0
0
0
0
0
0
0
0
0
0
0
0
0
0
0
0
0
0
0
0
0
0
0
0
0
0
0
0
0
0
0
0
0
0
0
0
0
0
0
0
0
0
0
0
0
0
0
0
0
0
0
0
0
0
0
0
0
0
0
0
0
0
0
0
0
0
0
0
0
0
0
0
0
0
0
0
0
0
0
0
0
0
0
0
0
0
0
0
0
0
0
0
0
0
0
0
0
0
0
0
0
0
0
0
0
0
0
0
0
0
0
0
0
0
0
0
0
0
0
0
0
0
0
0
0
0
0
0
0
0
0
0
0
0
0
0
0
0
0
0
0
0
0
0
0
0
0
0
0
0
0
0
0
0
0
0
0
0
0
0
0
0
0
0
0
0
0
0
0
0
0
0
0
0
0
0
0
0
0
0
0
0
0
0
0
0
0
0
0
0
0
0
0
0
0
0
0
0
0
0
0
0
0
0
0
0
0
0
0
0
0
0
0
0
0
0
0
0
0
0
0
0
0
0
0
0
0
0
0
0
0
0
0
0
0
0
0
0
0
0
0
0
0
0
0
0
0
0
0
0
0
0
0
0
0
0
0
0
0
0
0
0
0
0
0
0
0
0
0
0
0
0
0
0
0
0
0
0
0
0
0
0
0
0
0
0
0
0
0
0
0
0
0
0
0
0
0
0
0
0
0
0
0
0
0
0
0
0
0
0
0
0
0
0
0
0
0
0
0
0
0
0
0
0
0
0
0
0
0
0
0
0
0
0
0
0
0
0
0
0
0
0
0
0
0
0
0
0
0
0
0
0
0
0
0
0
0
0
0
0
0
0
0
0
0
0
0
0
0
0
0
0
0
0
0
0
0
0
0
0
0
0
0
0
0
0
0
0
0
0
0
0
0
0
0
0
0
0
0
0
0
0
0
0
0
0
0
0
0
0
0
0
0
0
0
0
0
0
0
0
0
0
0
0
0
0
0
0
0
0
0
0
0
0
0
0
0
0
0
0
0
0
0
0
0
0
0
0
0
0
0
0
0
0
0
0
0
0
0
0
0
0
0
0
0
0
0
0
0
0
0
0
0
0
0
0
0
0
0
0
0
0
0
0
0
0
0
0
0
0
0
0
0
0
0
0
0
0
0
0
0
0
0
0
0
0
0
0
0
0
0
0
0
0
0
0
0
0
0
0
0
0
0
0
0
0
0
0
0
0
0
0
0
0
0
0
0
0
0
0
0
0
0
0
0
0
0
0
0
0
0
0
0
0
0
0
0
0
0
0
0
0
0
0
0
0
0
0
0
0
0
0
0
0
0
0
0
0
0
0
0
0
0
0
0
0
0
0
0
0
0
0
0
0
0
0
0
0
0
0
0
0
0
0
0
0
0
0
0
0
0
0
0
0
0
0
0
0
0
0
0
0
0
0
0
0
0
0
0
0
0
0
0
0
0
0
0
0
0
0
0
0
0
0
0
0
0
0
0
0
0
0
0
0
0
0
0
0
0
0
0
0
0
0
0
0
0
0
0
0
0
0
0
0
0
0
0
0
0
0
0
0
0
0
0
0
0
0
0
0
0
0
0
0
0
0
0
0
0
0
0
0
0
0
0
0
0
0
0
0
0
0
0
0
0
0
0
0
0
0
0
0
0
0
0
0
0
0
0
0
0
0
0
0
0
0
0
0
0
0
0
0
0
0
0
0
0
0
0
0
0
0
0
0
0
0
0
0
0
0
0
0
0
0
0
0
0
0
0
0
0
0
0
0
0
0
0
0
0
0
0
0
0
0
0
0
0
0
0
0
0
0
0
0
0
0
0
0
0
0
0
0
0
0
0
0
0
0
0
0
0
0
0
0
0
0
0
0
0
0
0
0
0
0
0
0
0
0
0
0
0
0
0
0
0
0
0
0
0
0
0
0
0
0
0
0
0
0
0
0
0
0
0
0
0
0
0
0
0
0
0
0
0
0
0
0
0
0
0
0
0
0
0
0
0
0
0
0
0
0
0
0
0
0
0
0
0
0
0
0
0
0
0
0
0
0
0
0
0
0
0
0
0
0
0
0
0
0
0
0
0
0
0
0
0
0
0
0
0
0
0
0
0
0
0
0
0
0
0
0
0
0
0
0
0
0
0
0
0
0
0
0
0
0
0
0
0
0
0
0
0
0
0
0
0
0
0
0
0
0
0
0
0
0
0
0
0
0
0
0
0
0
0
0
0
0
0
0
0
0
0
0
0
0
0
0
0
0
0
0
0
0
0
0
0
0
0
0
0
0
0
0
0
0
0
0
0
0
0
0
0
0
0
0
0
0
0
0
0
0
0
0
0
0
0
0
0
0
0
0
0
0
0
0
0
0
0
0
0
0
0
0
0
0
0
0
0
0
0
0
0
0
0
0
0
0
0
0
0
0
0
0
0
0
0
0
0
0
0
0
0
0
0
0
0
0
0
0
0
0
0
0
0
0
0
0
0
0
0
0
0
0
0
0
0
0
0
0
0
0
0
0
0
0
0
0
0
0
0
0
0
0
0
0
0
0
0
0
0
0
0
0
0
0
0
0
0
0
0
0
0
0
0
0
0
0
0
0
0
0
0
0
0
0
0
0
0
0
0
0
0
0
0
0
0
0
0
0
0
0
0
0
0
0
0
0
0
0
0
0
0
0
0
0
0
0
0
0
0
0
0
0
0
0
0
0
0
0
0
0
0
0
0
0
0
0
0
0
0
0
0
0
0
0
0
0
0
0
0
0
0
0
0
0
0
0
0
0
0
0
0
0
0
0
0
0
0
0
0
0
0
0
0
0
0
0
0
0
0
0
0
0
0
0
0
0
0
0
0
0
0
0
0
0
0
0
0
0
0
0
0
0
0
0
0
0
0
0
0
0
0
0
0
0
0
0
0
0
0
0
0
0
0
0
0
0
0
0
0
0
0
0
0
0
0
0
0
0
0
0
0
0
0
0
0
0
0
0
0
0
0
0
0
0
0
0
0
0
0
0
0
0
0
0
0
0
0
0
0
0
0
0
0
0
0
0
0
0
0
0
0
0
0
0
0
0
0
0
0
0
0
0
0
0
0
0
0
0
0
0
0
0
0
0
0
0
0
0
0
0
0
0
0
0
0
0
0
0
0
0
0
0
0
0
0
0
0
0
0
0
0
0
0
0
0
0
0
0
0
0
0
0
0
0
0
0
0
0
0
0
0
0
0
0
0
0
0
0
0
0
0
0
0
0
0
0
0
0
0
0
0
0
0
0
0
0
0
0
0
0
0
0
0
0
0
0
0
0
0
0
0
0
0
0
0
0
0
0
0
0
0
0
0
0
0
0
0
0
0
0
0
0
0
0
0
0
0
0
0
0
0
0
0
0
0
0
0
0
0
0
0
0
0
0
0
0
0
0
0
0
0
0
0
0
0
0
0
0
0
0
0
0
0
0
0
0
0
0
0
0
0
0
0
0
0
0
0
0
0
0
0
0
0
0
0
0
0
0
0
0
0
0
0
0
0
0
0
0
0
0
0
0
0
0
0
0
0
0
0
0
0
0
0
0
0
0
0
0
0
0
0
0
0
0
0
0
0
0
0
0
0
0
0
0
0
0
0
0
0
0
0
0
0
0
0
0
0
0
0
0
0
0
0
0
0
0
0
0
0
0
0
0
0
0
0
0
0
0
0
0
0
0
0
0
0
0
0
0
0
0
0
0
0
0
0
0
0
0
0
0
0
0
0
0
0
0
0
0
0
0
0
0
0
0
0
0
0
0
0
0
0
0
0
0
0
0
0
0
0
0
0
0
0
0
0
0
0
0
0
0
0
0
0
0
0
0
0
0
0
0
0
0
0
0
0
0
0
0
0
0
0
0
0
0
0
0
0
0
0
0
0
0
0
0
0
0
0
0
0
0
0
0
0
0
0
0
0
0
0
0
0
0
0
0
0
0
0
0
0
0
0
0
0
0
0
0
0
0
0
0
0
0
0
0
0
0
0
0
0
0
0
0
0
0
0
0
0
0
0
0
0
0
0
0
0
0
0
0
0
0
0
0
0
0
0
0
0
0
0
0
0
0
0
0
0
0
0
0
0
0
0
0
0
0
0
0
0
0
0
0
0
0
0
0
0
0
0
0
0
0
0
0
0
0
0
0
0
0
0
0
0
0
0
0
0
0
0
0
0
0
0
0
0
0
0
0
0
0
0
0
0
0
0
0
0
0
0
0
0
0
0
0
0
0
0
0
0
0
0
0
0
0
0
0
0
0
0
0
0
0
0
0
0
0
0
0
0
0
0
0
0
0
0
0
0
0
0
0
0
0
0
0
0
0
0
0
0
0
0
0
0
0
0
0
0
0
0
0
0
0
0
0
0
0
0
0
0
0
0
0
0
0
0
0
0
0
0
0
0
0
0
0
0
0
0
0
0
0
0
0
0
0
0
0
0
0
0
0
0
0
0
0
0
0
0
0
0
0
0
0
0
0
0
0
0
0
0
0
0
0
0
0
0
0
0
0
0
0
0
0
0
0
0
0
0
0
0
0
0
0
0
0
0
0
0
0
0
0
0
0
0
0
0
0
0
0
0
0
0
0
0
0
0
0
0
0
0
0
0
0
0
0
0
0
0
0
0
0
0
0
0
0
0
0
0
0
0
0
0
0
0
0
0
0
0
0
0
0
0
0
0
0
0
0
0
0
0
0
0
0
0
0
0
0
0
0
0
0
0
0
0
0
0
0
0
0
0
0
0
0
0
0
0
0
0
0
0
0
0
0
0
0
0
0
0
0
0
0
0
0
0
0
0
0
0
0
0
0
0
0
0
0
0
0
0
0
0
0
0
0
0
0
0
0
0
0
0
0
0
0
0
0
0
0
0
0
0
0
0
0
0
0
0
0
0
0
0
0
0
0
0
0
0
0
0
0
0
0
0
0
0
0
0
0
0
0
0
0
0
0
0
0
0
0
0
0
0
0
0
0
0
0
0
0
0
0
0
0
0
0
0
0
0
0
0
0
0
0
0
0
0
0
0
0
0
0
0
0
0
0
0
0
0
0
0
0
0
0
0
0
0
0
0
0
0
0
0
0
0
0
0
0
0
0
0
0
0
0
0
0
0
0
0
0
0
0
0
0
0
0
0
0
0
0
0
0
0
0
0
0
0
0
0
0
0
0
0
0
0
0
0
0
0
0
0
0
0
0
0
0
0
0
0
0
0
0
0
0
0
0
0
0
0
0
0
0
0
0
0
0
0
0
0
0
0
0
0
0
0
0
0
0
0
0
0
0
0
0
0
0
0
0
0
0
0
0
0
0
0
0
0
0
0
0
0
0
0
0
0
0
0
0
0
0
0
0
0
0
0
0
0
0
0
0
0
0
0
0
0
0
0
0
0
0
0
0
0
0
0
0
0
0
0
0
0
0
0
0
0
0
0
0
0
0
0
0
0
0
0
0
0
0
0
0
0
0
0
0
0
0
0
0
0
0
0
0
0
0
0
0
0
0
0
0
0
0
0
0
0
0
0
0
0
0
0
0
0
0
0
0
0
0
0
0
0
0
0
0
0
0
0
0
0
0
0
0
0
0
0
0
0
0
0
0
0
0
0
0
0
0
0
0
0
0
0
0
0
0
0
0
0
0
0
0
0
0
0
0
0
0
0
0
0
0
0
0
0
0
0
0
0
0
0
0
0
0
0
0
0
0
0
0
0
0
0
0
0
0
0
0
0
0
0
0
0
0
0
0
0
0
0
0
0
0
0
0
0
0
0
0
0
0
0
0
0
0
0
0
0
0
0
0
0
0
0
0
0
0
0
0
0
0
0
0
0
0
0
0
0
0
0
0
0
0
0
0
0
0
0
0
0
0
0
0
0
0
0
0
0
0
0
0
0
0
0
0
0
0
0
0
0
0
0
0
0
0
0
0
0
0
0
0
0
0
0
0
0
0
0
0
0
0
0
0
0
0
0
0
0
0
0
0
0
0
0
0
0
0
0
0
0
0
0
0
0
0
0
0
0
0
0
0
0
0
0
0
0
0
0
0
0
0
0
0
0
0
0
0
0
0
0
0
0
0
0
0
0
0
0
0
0
0
0
0
0
0
0
0
0
0
0
0
0
0
0
0
0
0
0
0
0
0
0
0
0
0
0
0
0
0
0
0
0
0
0
0
0
0
0
0
0
0
0
0
0
0
0
0
0
0
0
0
0
0
0
0
0
0
0
0
0
0
0
0
0
0
0
0
0
0
0
0
0
0
0
0
0
0
0
0
0
0
0
0
0
0
0
0
0
0
0
0
0
0
0
0
0
0
0
0
0
0
0
0
0
0
0
0
0
0
0
0
0
0
0
0
0
0
0
0
0
0
0
0
0
0
0
0
0
0
0
0
0
0
0
0
0
0
0
0
0
0
0
0
0
0
0
0
0
0
0
0
0
0
0
0
0
0
0
0
0
0
0
0
0
0
0
0
0
0
0
0
0
0
0
0
0
0
0
0
0
0
0
0
0
0
0
0
0
0
0
0
0
0
0
0
0
0
0
0
0
0
0
0
0
0
0
0
0
0
0
0
0
0
0
0
0
0
0
0
0
0
0
0
0
0
0
0
0
0
0
0
0
0
0
0
0
0
0
0
0
0
0
0
0
0
0
0
0
0
0
0
0
0
0
0
0
0
0
0
0
0
0
0
0
0
0
0
0
0
0
0
0
0
0
0
0
0
0
0
0
0
0
0
0
0
0
0
0
0
0
0
0
0
0
0
0
0
0
0
0
0
0
0
0
0
0
0
0
0
0
0
0
0
0
0
0
0
0
0
0
0
0
0
0
0
0
0
0
0
0
0
0
0
0
0
0
0
0
0
0
0
0
0
0
0
0
0
0
0
0
0
0
0
0
0
0
0
0
0
0
0
0
0
0
0
0
0
0
0
0
0
0
0
0
0
0
0
0
0
0
0
0
0
0
0
0
0
0
0
0
0
0
0
0
0
0
0
0
0
0
0
0
0
0
0
0
0
0
0
0
0
0
0
0
0
0
0
0
0
0
0
0
0
0
0
0
0
0
0
0
0
0
0
0
0
0
0
0
0
0
0
0
0
0
0
0
0
0
0
0
0
0
0
0
0
0
0
0
0
0
0
0
0
0
0
0
0
0
0
0
0
0
0
0
0
0
0
0
0
0
0
0
0
0
0
0
0
0
0
0
0
0
0
0
0
0
0
0
0
0
0
0
0
0
0
0
0
0
0
0
0
0
0
0
0
0
0
0
0
0
0
0
0
0
0
0
0
0
0
0
0
0
0
0
0
0
0
0
0
0
0
0
0
0
0
0
0
0
0
0
0
0
0
0
0
0
0
0
0
0
0
0
0
0
0
0
0
0
0
0
0
0
0
0
0
0
0
0
0
0
0
0
0
0
0
0
0
0
0
0
0
0
0
0
0
0
0
0
0
0
0
0
0
0
0
0
0
0
0
0
0
0
0
0
0
0
0
0
0
0
0
0
0
0
0
0
0
0
0
0
0
0
0
0
0
0
0
0
0
0
0
0
0
0
0
0
0
0
0
0
0
0
0
0
0
0
0
0
0
0
0
0
0
0
0
0
0
0
0
0
0
0
0
0
0
0
0
0
0
0
0
0
0
0
0
0
0
0
0
0
0
0
0
0
0
0
0
0
0
0
0
0
0
0
0
0
0
0
0
0
0
0
0
0
0
0
0
0
0
0
0
0
0
0
0
0
0
0
0
0
0
0
0
0
0
0
0
0
0
0
0
0
0
0
0
0
0
0
0
0
0
0
0
0
0
0
0
0
0
0
0
0
0
0
0
0
0
0
0
0
0
0
0
0
0
0
0
0
0
0
0
0
0
0
0
0
0
0
0
0
0
0
0
0
0
0
0
0
0
0
0
0
0
0
0
0
0
0
0
0
0
0
0
0
0
0
0
0
0
0
0
0
0
0
0
0
0
0
0
0
0
0
0
0
0
0
0
0
0
0
0
0
0
0
0
0
0
0
0
0
0
0
0
0
0
0
0
0
0
0
0
0
0
0
0
0
0
0
0
0
0
0
0
0
0
0
0
0
0
0
0
0
0
0
0
0
0
0
0
0
0
0
0
0
0
0
0
0
0
0
0
0
0
0
0
0
0
0
0
0
0
0
0
0
0
0
0
0
0
0
0
0
0
0
0
0
0
0
0
0
0
0
0
0
0
0
0
0
0
0
0
0
0
0
0
0
0
0
0
0
0
0
0
0
0
0
0
0
0
0
0
0
0
0
0
0
0
0
0
0
0
0
0
0
0
0
0
0
0
0
0
0
0
0
0
0
0
0
0
0
0
0
0
0
0
0
0
0
0
0
0
0
0
0
0
0
0
0
0
0
0
0
0
0
0
0
0
0
0
0
0
0
0
0
0
0
0
0
0
0
0
0
0
0
0
0
0
0
0
0
0
0
0
0
0
0
0
0
0
0
0
0
0
0
0
0
0
0
0
0
0
0
0
0
0
0
0
0
0
0
0
0
0
0
0
0
0
0
0
0
0
0
0
0
0
0
0
0
0
0
0
0
0
0
0
0
0
0
0
0
0
0
0
0
0
0
0
0
0
0
0
0
0
0
0
0
0
0
0
0
0
0
0
0
0
0
0
0
0
0
0
0
0
0
0
0
0
0
0
0
0
0
0
0
0
0
0
0
0
0
0
0
0
0
0
0
0
0
0
0
0
0
0
0
0
0
0
0
0
0
0
0
0
0
0
0
0
0
0
0
0
0
0
0
0
0
0
0
0
0
0
0
0
0
0
0
0
0
0
0
0
0
0
0
0
0
0
0
0
0
0
0
0
0
0
0
0
0
0
0
0
0
0
0
0
0
0
0
0
0
0
0
0
0
0
0
0
0
0
0
0
0
0
0
0
0
0
0
0
0
0
0
0
0
0
0
0
0
0
0
0
0
0
0
0
0
0
0
0
0
0
0
0
0
0
0
0
0
0
0
0
0
0
0
0
0
0
0
0
0
0
0
0
0
0
0
0
0
0
0
0
0
0
0
0
0
0
0
0
0
0
0
0
0
0
0
0
0
0
0
0
0
0
0
0
0
0
0
0
0
0
0
0
0
0
0
0
0
0
0
0
0
0
0
0
0
0
0
0
0
0
0
0
0
0
0
0
0
0
0
0
0
0
0
0
0
0
0
0
0
0
0
0
0
0
0
0
0
0
0
0
0
0
0
0
0
0
0
0
0
0
0
0
0
0
0
0
0
0
0
0
0
0
0
0
0
0
0
0
0
0
0
0
0
0
0
0
0
0
0
0
0
0
0
0
0
0
0
0
0
0
0
0
0
0
0
0
0
0
0
0
0
0
0
0
0
0
0
0
0
0
0
0
0
0
0
0
0
0
0
0
0
0
0
0
0
0
0
0
0
0
0
0
0
0
0
0
0
0
0
0
0
0
0
0
0
0
0
0
0
0
0
0
0
0
0
0
0
0
0
0
0
0
0
0
0
0
0
0
0
0
0
0
0
0
0
0
0
0
0
0
0
0
0
0
0
0
0
0
0
0
0
0
0
0
0
0
0
0
0
0
0
0
0
0
0
0
0
0
0
0
0
0
0
0
0
0
0
0
0
0
0
0
0
0
0
0
0
0
0
0
0
0
0
0
0
0
0
0
0
0
0
0
0
0
0
0
0
0
0
0
0
0
0
0
0
0
0
0
0
0
0
0
0
0
0
0
0
0
0
0
0
0
0
0
0
0
0
0
0
0
0
0
0
0
0
0
0
0
0
0
0
0
0
0
0
0
0
0
0
0
0
0
0
0
0
0
0
0
0
0
0
0
0
0
0
0
0
0
0
0
0
0
0
0
0
0
0
0
0
0
0
0
0
0
0
0
0
0
0
0
0
0
0
0
0
0
0
0
0
0
0
0
0
0
0
0
0
0
0
0
0
0
0
0
0
0
0
0
0
0
0
0
0
0
0
0
0
0
0
0
0
0
0
0
0
0
0
0
0
0
0
0
0
0
0
0
0
0
0
0
0
0
0
0
0
0
0
0
0
0
0
0
0
0
0
0
0
0
0
0
0
0
0
0
0
0
0
0
0
0
0
0
0
0
0
0
0
0
0
0
0
0
0
0
0
0
0
0
0
0
0
0
0
0
0
0
0
0
0
0
0
0
0
0
0
0
0
0
0
0
0
0
0
0
0
0
0
0
0
0
0
0
0
0
0
0
0
0
0
0
0
0
0
0
0
0
0
0
0
0
0
0
0
0
0
0
0
0
0
0
0
0
0
0
0
0
0
0
0
0
0
0
0
0
0
0
0
0
0
0
0
0
0
0
0
0
0
0
0
0
0
0
0
0
0
0
0
0
0
0
0
0
0
0
0
0
0
0
0
0
0
0
0
0
0
0
0
0
0
0
0
0
0
0
0
0
0
0
0
0
0
0
0
0
0
0
0
0
0
0
0
0
0
0
0
0
0
0
0
0
0
0
0
0
0
0
0
0
0
0
0
0
0
0
0
0
0
0
0
0
0
0
0
0
0
0
0
0
0
0
0
0
0
0
0
0
0
0
0
0
0
0
0
0
0
0
0
0
0
0
0
0
0
0
0
0
0
0
0
0
0
0
0
0
0
0
0
0
0
0
0
0
0
0
0
0
0
0
0
0
0
0
0
0
0
0
0
0
0
0
0
0
0
0
0
0
0
0
0
0
0
0
0
0
0
0
0
0
0
0
0
0
0
0
0
0
0
0
0
0
0
0
0
0
0
0
0
0
0
0
0
0
0
0
0
0
0
0
0
0
0
0
0
0
0
0
0
0
0
0
0
0
0
0
0
0
0
0
0
0
0
0
0
0
0
0
0
0
0
0
0
0
0
0
0
0
0
0
0
0
0
0
0
0
0
0
0
0
0
0
0
0
0
0
0
0
0
0
0
0
0
0
0
0
0
0
0
0
0
0
0
0
0
0
0
0
0
0
0
0
0
0
0
0
0
0
0
0
0
0
0
0
0
0
0
0
0
0
0
0
0
0
0
0
0
0
0
0
0
0
0
0
0
0
0
0
0
0
0
0
0
0
0
0
0
0
0
0
0
0
0
0
0
0
0
0
0
0
0
0
0
0
0
0
0
0
0
0
0
0
0
0
0
0
0
0
0
0
0
0
0
0
0
0
0
0
0
0
0
0
0
0
0
0
0
0
0
0
0
0
0
0
0
0
0
0
0
0
0
0
0
0
0
0
0
0
0
0
0
0
0
0
0
0
0
0
0
0
0
0
0
0
0
0
0
0
0
0
0
0
0
0
0
0
0
0
0
0
0
0
0
0
0
0
0
0
0
0
0
0
0
0
0
0
0
0
0
0
0
0
0
0
0
0
0
0
0
0
0
0
0
0
0
0
0
0
0
0
0
0
0
0
0
0
0
0
0
0
0
0
0
0
0
0
0
0
0
0
0
0
0
0
0
0
0
0
0
0
0
0
0
0
0
0
0
0
0
0
0
0
0
0
0
0
0
0
0
0
0
0
0
0
0
0
0
0
0
0
0
0
0
0
0
0
0
0
0
0
0
0
0
0
0
0
0
0
0
0
0
0
0
0
0
0
0
0
0
0
0
0
0
0
0
0
0
0
0
0
0
0
0
0
0
0
0
0
0
0
0
0
0
0
0
0
0
0
0
0
0
0
0
0
0
0
0
0
0
0
0
0
0
0
0
0
0
0
0
0
0
0
0
0
0
0
0
0
0
0
0
0
0
0
0
0
0
0
0
0
0
0
0
0
0
0
0
0
0
0
0
0
0
0
0
0
0
0
0
0
0
0
0
0
0
0
0
0
0
0
0
0
0
0
0
0
0
0
0
0
0
0
0
0
0
0
0
0
0
0
0
0
0
0
0
0
0
0
0
0
0
0
0
0
0
0
0
0
0
0
0
0
0
0
0
0
0
0
0
0
0
0
0
0
0
0
0
0
0
0
0
0
0
0
0
0
0
0
0
0
0
0
0
0
0
0
0
0
0
0
0
0
0
0
0
0
0
0
0
0
0
0
0
0
0
0
0
0
0
0
0
0
0
0
0
0
0
0
0
0
0
0
0
0
0
0
0
0
0
0
0
0
0
0
0
0
0
0
0
0
0
0
0
0
0
0
0
0
0
0
0
0
0
0
0
0
0
0
0
0
0
0
0
0
0
0
0
0
0
0
0
0
0
0
0
0
0
0
0
0
0
0
0
0
0
0
0
0
0
0
0
0
0
0
0
0
0
0
0
0
0
0
0
0
0
0
0
0
0
0
0
0
0
0
0
0
0
0
0
0
0
0
0
0
0
0
0
0
0
0
0
0
0
0
0
0
0
0
0
0
0
0
0
0
0
0
0
0
0
0
0
0
0
0
0
0
0
0
0
0
0
0
0
0
0
0
0
0
0
0
0
0
0
0
0
0
0
0
0
0
0
0
0
0
0
0
0
0
0
0
0
0
0
0
0
0
0
0
0
0
0
0
0
0
0
0
0
0
0
0
0
0
0
0
0
0
0
0
0
0
0
0
0
0
0
0
0
0
0
0
0
0
0
0
0
0
0
0
0
0
0
0
0
0
0
0
0
0
0
0
0
0
0
0
0
0
0
0
0
0
0
0
0
0
0
0
0
0
0
0
0
0
0
0
0
0
0
0
0
0
0
0
0
0
0
0
0
0
0
0
0
0
0
0
0
0
0
0
0
0
0
0
0
0
0
0
0
0
0
0
0
0
0
0
0
0
0
0
0
0
0
0
0
0
0
0
0
0
0
0
0
0
0
0
0
0
0
0
0
0
0
0
0
0
0
0
0
0
0
0
0
0
0
0
0
0
0
0
0
0
0
0
0
0
0
0
0
0
0
0
0
0
0
0
0
0
0
0
0
0
0
0
0
0
0
0
0
0
0
0
0
0
0
0
0
0
0
0
0
0
0
0
0
0
0
0
0
0
0
0
0
0
0
0
0
0
0
0
0
0
0
0
0
0
0
0
0
0
0
0
0
0
0
0
0
0
0
0
0
0
0
0
0
0
0
0
0
0
0
0
0
0
0
0
0
0
0
0
0
0
0
0
0
0
0
0
0
0
0
0
0
0
0
0
0
0
0
0
0
0
0
0
0
0
0
0
0
0
0
0
0
0
0
0
0
0
0
0
0
0
0
0
0
0
0
0
0
0
0
0
0
0
0
0
0
0
0
0
0
0
0
0
0
0
0
0
0
0
0
0
0
0
0
0
0
0
0
0
0
0
0
0
0
0
0
0
0
0
0
0
0
0
0
0
0
0
0
0
0
0
0
0
0
0
0
0
0
0
0
0
0
0
0
0
0
0
0
0
0
0
0
0
0
0
0
0
0
0
0
0
0
0
0
0
0
0
0
0
0
0
0
0
0
0
0
0
0
0
0
0
0
0
0
0
0
0
0
0
0
0
0
0
0
0
0
0
0
0
0
0
0
0
0
0
0
0
0
0
0
0
0
0
0
0
0
0
0
0
0
0
0
0
0
0
0
0
0
0
0
0
0
0
0
0
0
0
0
0
0
0
0
0
0
0
0
0
0
0
0
0
0
0
0
0
0
0
0
0
0
0
0
0
0
0
0
0
0
0
0
0
0
0
0
0
0
0
0
0
0
0
0
0
0
0
0
0
0
0
0
0
0
0
0
0
0
0
0
0
0
0
0
0
0
0
0
0
0
0
0
0
0
0
0
0
0
0
0
0
0
0
0
0
0
0
0
0
0
0
0
0
0
0
0
0
0
0
0
0
0
0
0
0
0
0
0
0
0
0
0
0
0
0
0
0
0
0
0
0
0
0
0
0
0
0
0
0
0
0
0
0
0
0
0
0
0
0
0
0
0
0
0
0
0
0
0
0
0
0
0
0
0
0
0
0
0
0
0
0
0
0
0
0
0
0
0
0
0
0
0
0
0
0
0
0
0
0
0
0
0
0
0
0
0
0
0
0
0
0
0
0
0
0
0
0
0
0
0
0
0
0
0
0
0
0
0
0
0
0
0
0
0
0
0
0
0
0
0
0
0
0
0
0
0
0
0
0
0
0
0
0
0
0
0
0
0
0
0
0
0
0
0
0
0
0
0
0
0
0
0
0
0
0
0
0
0
0
0
0
0
0
0
0
0
0
0
0
0
0
0
0
0
0
0
0
0
0
0
0
0
0
0
0
0
0
0
0
0
0
0
0
0
0
0
0
0
0
0
0
0
0
0
0
0
0
0
0
0
0
0
0
0
0
0
0
0
0
0
0
0
0
0
0
0
0
0
0
0
0
0
0
0
0
0
0
0
0
0
0
0
0
0
0
0
0
0
0
0
0
0
0
0
0
0
0
0
0
0
0
0
0
0
0
0
0
0
0
0
0
0
0
0
0
0
0
0
0
0
0
0
0
0
0
0
0
0
0
0
0
0
0
0
0
0
0
0
0
0
0
0
0
0
0
0
0
0
0
0
0
0
0
0
0
0
0
0
0
0
0
0
0
0
0
0
0
0
0
0
0
0
0
0
0
0
0
0
0
0
0
0
0
0
0
0
0
0
0
0
0
0
0
0
0
0
0
0
0
0
0
0
0
0
0
0
0
0
0
0
0
0
0
0
0
0
0
0
0
0
0
0
0
0
0
0
0
0
0
0
0
0
0
0
0
0
0
0
0
0
0
0
0
0
0
0
0
0
0
0
0
0
0
0
0
0
0
0
0
0
0
0
0
0
0
0
0
0
0
0
0
0
0
0
0
0
0
0
0
0
0
0
0
0
0
0
0
0
0
0
0
0
0
0
0
0
0
0
0
0
0
0
0
0
0
0
0
0
0
0
0
0
0
0
0
0
0
0
0
0
0
0
0
0
0
0
0
0
0
0
0
0
0
0
0
0
0
0
0
0
0
0
0
0
0
0
0
0
0
0
0
0
0
0
0
0
0
0
0
0
0
0
0
0
0
0
0
0
0
0
0
0
0
0
0
0
0
0
0
0
0
0
0
0
0
0
0
0
0
0
0
0
0
0
0
0
0
0
0
0
0
0
0
0
0
0
0
0
0
0
0
0
0
0
0
0
0
0
0
0
0
0
0
0
0
0
0
0
0
0
0
0
0
0
0
0
0
0
0
0
0
0
0
0
0
0
0
0
0
0
0
0
0
0
0
0
0
0
0
0
0
0
0
0
0
0
0
0
0
0
0
0
0
0
0
0
0
0
0
0
0
0
0
0
0
0
0
0
0
0
0
0
0
0
0
0
0
0
0
0
0
0
0
0
0
0
0
0
0
0
0
0
0
0
0
0
0
0
0
0
0
0
0
0
0
0
0
0
0
0
0
0
0
0
0
0
0
0
0
0
0
0
0
0
0
0
0
0
0
0
0
0
0
0
0
0
0
0
0
0
0
0
0
0
0
0
0
0
0
0
0
0
0
0
0
0
0
0
0
0
0
0
0
0
0
0
0
0
0
0
0
0
0
0
0
0
0
0
0
0
0
0
0
0
0
0
0
0
0
0
0
0
0
0
0
0
0
0
0
0
0
0
0
0
0
0
0
0
0
0
0
0
0
0
0
0
0
0
0
0
0
0
0
0
0
0
0
0
0
0
0
0
0
0
0
0
0
0
0
0
0
0
0
0
0
0
0
0
0
0
0
0
0
0
0
0
0
0
0
0
0
0
0
0
0
0
0
0
0
0
0
0
0
0
0
0
0
0
0
0
0
0
0
0
0
0
0
0
0
0
0
0
0
0
0
0
0
0
0
0
0
0
0
0
0
0
0
0
0
0
0
0
0
0
0
0
0
0
0
0
0
0
0
0
0
0
0
0
0
0
0
0
0
0
0
0
0
0
0
0
0
0
0
0
0
0
0
0
0
0
0
0
0
0
0
0
0
0
0
0
0
0
0
0
0
0
0
0
0
0
0
0
0
0
0
0
0
0
0
0
0
0
0
0
0
0
0
0
0
0
0
0
0
0
0
0
0
0
0
0
0
0
0
0
0
0
0
0
0
0
0
0
0
0
0
0
0
0
0
0
0
0
0
0
0
0
0
0
0
0
0
0
0
0
0
0
0
0
0
0
0
0
0
0
0
0
0
0
0
0
0
0
0
0
0
0
0
0
0
0
0
0
0
0
0
0
0
0
0
0
0
0
0
0
0
0
0
0
0
0
0
0
0
0
0
0
0
0
0
0
0
0
0
0
0
0
0
0
0
0
0
0
0
0
0
0
0
0
0
0
0
0
0
0
0
0
0
0
0
0
0
0
0
0
0
0
0
0
0
0
0
0
0
0
0
0
0
0
0
0
0
0
0
0
0
0
0
0
0
0
0
0
0
0
0
0
0
0
0
0
0
0
0
0
0
0
0
0
0
0
0
0
0
0
0
0
0
0
0
0
0
0
0
0
0
0
0
0
0
0
0
0
0
0
0
0
0
0
0
0
0
0
0
0
0
0
0
0
0
0
0
0
0
0
0
0
0
0
0
0
0
0
0
0
0
0
0
0
0
0
0
0
0
0
0
0
0
0
0
0
0
0
0
0
0
0
0
0
0
0
0
0
0
0
0
0
0
0
0
0
0
0
0
0
0
0
0
0
0
0
0
0
0
0
0
0
0
0
0
0
0
0
0
0
0
0
0
0
0
0
0
0
0
0
0
0
0
0
0
0
0
0
0
0
0
0
0
0
0
0
0
0
0
0
0
0
0
0
0
0
0
0
0
0
0
0
0
0
0
0
0
0
0
0
0
0
0
0
0
0
0
0
0
0
0
0
0
0
0
0
0
0
0
0
0
0
0
0
0
0
0
0
0
0
0
0
0
0
0
0
0
0
0
0
0
0
0
0
0
0
0
0
0
0
0
0
0
0
0
0
0
0
0
0
0
0
0
0
0
0
0
0
0
0
0
0
0
0
0
0
0
0
0
0
0
0
0
0
0
0
0
0
0
0
0
0
0
0
0
0
0
0
0
0
0
0
0
0
0
0
0
0
0
0
0
0
0
0
0
0
0
0
0
0
0
0
0
0
0
0
0
0
0
0
0
0
0
0
0
0
0
0
0
0
0
0
0
0
0
0
0
0
0
0
0
0
0
0
0
0
0
0
0
0
0
0
0
0
0
0
0
0
0
0
0
0
0
0
0
0
0
0
0
0
0
0
0
0
0
0
0
0
0
0
0
0
0
0
0
0
0
0
0
0
0
0
0
0
0
0
0
0
0
0
0
0
0
0
0
0
0
0
0
0
0
0
0
0
0
0
0
0
0
0
0
0
0
0
0
0
0
0
0
0
0
0
0
0
0
0
0
0
0
0
0
0
0
0
0
0
0
0
0
0
0
0
0
0
0
0
0
0
0
0
0
0
0
0
0
0
0
0
0
0
0
0
0
0
0
0
0
0
0
0
0
0
0
0
0
0
0
0
0
0
0
0
0
0
0
0
0
0
0
0
0
0
0
0
0
0
0
0
0
0
0
0
0
0
0
0
0
0
0
0
0
0
0
0
0
0
0
0
0
0
0
0
0
0
0
0
0
0
0
0
0
0
0
0
0
0
0
0
0
0
0
0
0
0
0
0
0
0
0
0
0
0
0
0
0
0
0
0
0
0
0
0
0
0
0
0
0
0
0
0
0
0
0
0
0
0
0
0
0
0
0
0
0
0
0
0
0
0
0
0
0
0
0
0
0
0
0
0
0
0
0
0
0
0
0
0
0
0
0
0
0
0
0
0
0
0
0
0
0
0
0
0
0
0
0
0
0
0
0
0
0
0
0
0
0
0
0
0
0
0
0
0
0
0
0
0
0
0
0
0
0
0
0
0
0
0
0
0
0
0
0
0
0
0
0
0
0
0
0
0
0
0
0
0
0
0
0
0
0
0
0
0
0
0
0
0
0
0
0
0
0
0
0
0
0
0
0
0
0
0
0
0
0
0
0
0
0
0
0
0
0
0
0
0
0
0
0
0
0
0
0
0
0
0
0
0
0
0
0
0
0
0
0
0
0
0
0
0
0
0
0
0
0
0
0
0
0
0
0
0
0
0
0
0
0
0
0
0
0
0
0
0
0
0
0
0
0
0
0
0
0
0
0
0
0
0
0
0
0
0
0
0
0
0
0
0
0
0
0
0
0
0
0
0
0
0
0
0
0
0
0
0
0
0
0
0
0
0
0
0
0
0
0
0
0
0
0
0
0
0
0
0
0
0
0
0
0
0
0
0
0
0
0
0
0
0
0
0
0
0
0
0
0
0
0
0
0
0
0
0
0
0
0
0
0
0
0
0
0
0
0
0
0
0
0
0
0
0
0
0
0
0
0
0
0
0
0
0
0
0
0
0
0
0
0
0
0
0
0
0
0
0
0
0
0
0
0
0
0
0
0
0
0
0
0
0
0
0
0
0
0
0
0
0
0
0
0
0
0
0
0
0
0
0
0
0
0
0
0
0
0
0
0
0
0
0
0
0
0
0
0
0
0
0
0
0
0
0
0
0
0
0
0
0
0
0
0
0
0
0
0
0
0
0
0
0
0
0
0
0
0
0
0
0
0
0
0
0
0
0
0
0
0
0
0
0
0
0
0
0
0
0
0
0
0
0
0
0
0
0
0
0
0
0
0
0
0
0
0
0
0
0
0
0
0
0
0
0
0
0
0
0
0
0
0
0
0
0
0
0
0
0
0
0
0
0
0
0
0
0
0
0
0
0
0
0
0
0
0
0
0
0
0
0
0
0
0
0
0
0
0
0
0
0
0
0
0
0
0
0
0
0
0
0
0
0
0
0
0
0
0
0
0
0
0
0
0
0
0
0
0
0
0
0
0
0
0
0
0
0
0
0
0
0
0
0
0
0
0
0
0
0
0
0
0
0
0
0
0
0
0
0
0
0
0
0
0
0
0
0
0
0
0
0
0
0
0
0
0
0
0
0
0
0
0
0
0
0
0
0
0
0
0
0
0
0
0
0
0
0
0
0
0
0
0
0
0
0
0
0
0
0
0
0
0
0
0
0
0
0
0
0
0
0
0
0
0
0
0
0
0
0
0
0
0
0
0
0
0
0
0
0
0
0
0
0
0
0
0
0
0
0
0
0
0
0
0
0
0
0
0
0
0
0
0
0
0
0
0
0
0
0
0
0
0
0
0
0
0
0
0
0
0
0
0
0
0
0
0
0
0
0
0
0
0
0
0
0
0
0
0
0
0
0
0
0
0
0
0
0
0
0
0
0
0
0
0
0
0
0
0
0
0
0
0
0
0
0
0
0
0
0
0
0
0
0
0
0
0
0
0
0
0
0
0
0
0
0
0
0
0
0
0
0
0
0
0
0
0
0
0
0
0
0
0
0
0
0
0
0
0
0
0
0
0
0
0
0
0
0
0
0
0
0
0
0
0
0
0
0
0
0
0
0
0
0
0
0
0
0
0
0
0
0
0
0
0
0
0
0
0
0
0
0
0
0
0
0
0
0
0
0
0
0
0
0
0
0
0
0
0
0
0
0
0
0
0
0
0
0
0
0
0
0
0
0
0
0
0
0
0
0
0
0
0
0
0
0
0
0
0
0
0
0
0
0
0
0
0
0
0
0
0
0
0
0
0
0
0
0
0
0
0
0
0
0
0
0
0
0
0
0
0
0
0
0
0
0
0
0
0
0
0
0
0
0
0
0
0
0
0
0
0
0
0
0
0
0
0
0
0
0
0
0
0
0
0
0
0
0
0
0
0
0
0
0
0
0
0
0
0
0
0
0
0
0
0
0
0
0
0
0
0
0
0
0
0
0
0
0
0
0
0
0
0
0
0
0
0
0
0
0
0
0
0
0
0
0
0
0
0
0
0
0
0
0
0
0
0
0
0
0
0
0
0
0
0
0
0
0
0
0
0
0
0
0
0
0
0
0
0
0
0
0
0
0
0
0
0
0
0
0
0
0
0
0
0
0
0
0
0
0
0
0
0
0
0
0
0
0
0
0
0
0
0
0
0
0
0
0
0
0
0
0
0
0
0
0
0
0
0
0
0
0
0
0
0
0
0
0
0
0
0
0
0
0
0
0
0
0
0
0
0
0
0
0
0
0
0
0
0
0
0
0
0
0
0
0
0
0
0
0
0
0
0
0
0
0
0
0
0
0
0
0
0
0
0
0
0
0
0
0
0
0
0
0
0
0
0
0
0
0
0
0
0
0
0
0
0
0
0
0
0
0
0
0
0
0
0
0
0
0
0
0
0
0
0
0
0
0
0
0
0
0
0
0
0
0
0
0
0
0
0
0
0
0
0
0
0
0
0
0
0
0
0
0
0
0
0
0
0
0
0
0
0
0
0
0
0
0
0
0
0
0
0
0
0
0
0
0
0
0
0
0
0
0
0
0
0
0
0
0
0
0
0
0
0
0
0
0
0
0
0
0
0
0
0
0
0
0
0
0
0
0
0
0
0
0
0
0
0
0
0
0
0
0
0
0
0
0
0
0
0
0
0
0
0
0
0
0
0
0
0
0
0
0
0
0
0
0
0
0
0
0
0
0
0
0
0
0
0
0
0
0
0
0
0
0
0
0
0
0
0
0
0
0
0
0
0
0
0
0
0
0
0
0
0
0
0
0
0
0
0
0
0
0
0
0
0
0
0
0
0
0
0
0
0
0
0
0
0
0
0
0
0
0
0
0
0
0
0
0
0
0
0
0
0
0
0
0
0
0
0
0
0
0
0
0
0
0
0
0
0
0
0
0
0
0
0
0
0
0
0
0
0
0
0
0
0
0
0
0
0
0
0
0
0
0
0
0
0
0
0
0
0
0
0
0
0
0
0
0
0
0
0
0
0
0
0
0
0
0
0
0
0
0
0
0
0
0
0
0
0
0
0
0
0
0
0
0
0
0
0
0
0
0
0
0
0
0
0
0
0
0
0
0
0
0
0
0
0
0
0
0
0
0
0
0
0
0
0
0
0
0
0
0
0
0
0
0
0
0
0
0
0
0
0
0
0
0
0
0
0
0
0
0
0
0
0
0
0
0
0
0
0
0
0
0
0
0
0
0
0
0
0
0
0
0
0
0
0
0
0
0
0
0
0
0
0
0
0
0
0
0
0
0
0
0
0
0
0
0
0
0
0
0
0
0
0
0
0
0
0
0
0
0
0
0
0
0
0
0
0
0
0
0
0
0
0
0
0
0
0
0
0
0
0
0
0
0
0
0
0
0
0
0
0
0
0
0
0
0
0
0
0
0
0
0
0
0
0
0
0
0
0
0
0
0
0
0
0
0
0
0
0
0
0
0
0
0
0
0
0
0
0
0
0
0
0
0
0
0
0
0
0
0
0
0
0
0
0
0
0
0
0
0
0
0
0
0
0
0
0
0
0
0
0
0
0
0
0
0
0
0
0
0
0
0
0
0
0
0
0
0
0
0
0
0
0
0
0
0
0
0
0
0
0
0
0
0
0
0
0
0
0
0
0
0
0
0
0
0
0
0
0
0
0
0
0
0
0
0
0
0
0
0
0
0
0
0
0
0
0
0
0
0
0
0
0
0
0
0
0
0
0
0
0
0
0
0
0
0
0
0
0
0
0
0
0
0
0
0
0
0
0
0
0
0
0
0
0
0
0
0
0
0
0
0
0
0
0
0
0
0
0
0
0
0
0
0
0
0
0
0
0
0
0
0
0
0
0
0
0
0
0
0
0
0
0
0
0
0
0
0
0
0
0
0
0
0
0
0
0
0
0
0
0
0
0
0
0
0
0
0
0
0
0
0
0
0
0
0
0
0
0
0
0
0
0
0
0
0
0
0
0
0
0
0
0
0
0
0
0
0
0
0
0
0
0
0
0
0
0
0
0
0
0
0
0
0
0
0
0
0
0
0
0
0
0
0
0
0
0
0
0
0
0
0
0
0
0
0
0
0
0
0
0
0
0
0
0
0
0
0
0
0
0
0
0
0
0
0
0
0
0
0
0
0
0
0
0
0
0
0
0
0
0
0
0
0
0
0
0
0
0
0
0
0
0
0
0
0
0
0
0
0
0
0
0
0
0
0
0
0
0
0
0
0
0
0
0
0
0
0
0
0
0
0
0
0
0
0
0
0
0
0
0
0
0
0
0
0
0
0
0
0
0
0
0
0
0
0
0
0
0
0
0
0
0
0
0
0
0
0
0
0
0
0
0
0
0
0
0
0
0
0
0
0
0
0
0
0
0
0
0
0
0
0
0
0
0
0
0
0
0
0
0
0
0
0
0
0
0
0
0
0
0
0
0
0
0
0
0
0
0
0
0
0
0
0
0
0
0
0
0
0
0
0
0
0
0
0
0
0
0
0
0
0
0
0
0
0
0
0
0
0
0
0
0
0
0
0
0
0
0
0
0
0
0
0
0
0
0
0
0
0
0
0
0
0
0
0
0
0
0
0
0
0
0
0
0
0
0
0
0
0
0
0
0
0
0
0
0
0
0
0
0
0
0
0
0
0
0
0
0
0
0
0
0
0
0
0
0
0
0
0
0
0
0
0
0
0
0
0
0
0
0
0
0
0
0
0
0
0
0
0
0
0
0
0
0
0
0
0
0
0
0
0
0
0
0
0
0
0
0
0
0
0
0
0
0
0
0
0
0
0
0
0
0
0
0
0
0
0
0
0
0
0
0
0
0
0
0
0
0
0
0
0
0
0
0
0
0
0
0
0
0
0
0
0
0
0
0
0
0
0
0
0
0
0
0
0
0
0
0
0
0
0
0
0
0
0
0
0
0
0
0
0
0
0
0
0
0
0
0
0
0
0
0
0
0
0
0
0
0
0
0
0
0
0
0
0
0
0
0
0
0
0
0
0
0
0
0
0
0
0
0
0
0
0
0
0
0
0
0
0
0
0
0
0
0
0
0
0
0
0
0
0
0
0
0
0
0
0
0
0
0
0
0
0
0
0
0
0
0
0
0
0
0
0
0
0
0
0
0
0
0
0
0
0
0
0
0
0
0
0
0
0
0
0
0
0
0
0
0
0
0
0
0
0
0
0
0
0
0
0
0
0
0
0
0
0
0
0
0
0
0
0
0
0
0
0
0
0
0
0
0
0
0
0
0
0
0
0
0
0
0
0
0
0
0
0
0
0
0
0
0
0
0
0
0
0
0
0
0
0
0
0
0
0
0
0
0
0
0
0
0
0
0
0
0
0
0
0
0
0
0
0
0
0
0
0
0
0
0
0
0
0
0
0
0
0
0
0
0
0
0
0
0
0
0
0
0
0
0
0
0
0
0
0
0
0
0
0
0
0
0
0
0
0
0
0
0
0
0
0
0
0
0
0
0
0
0
0
0
