-250
1184
-3666
-2572
666
-3633
-3457
-237
1058
-3491
-2048
-561
-2831
-2388
-31
1250
-29
494
-2812
-1502
-3313
-3475
-14330
-99
1484
-3269
-2569
-2267
-3257
-18249
228
1644
-468
671
-4363
748
-781
-4263
-3603
-414
666
-7444
367
-3578
-6104
-3096
-200
1168
0
1120
-3004
-2688
-4164
-3530
-21140
121
526
-5343
-5240
-5607
-5649
-12887
276
533
-383
164
-4959
2287
-3169
-3842
-4148
-342
687
-6987
945
-4061
-5362
-1068
-184
1062
36
-759
-1442
-4651
-5471
-4094
-13118
139
-2073
-4275
-5517
-8290
-6103
-11642
207
-2108
-191
-68
-2786
106
-1895
-1566
-1682
-176
-126
-4617
-1378
-1085
-3266
629
-35
11
185
-1138
177
-1421
-2254
-1604
-22447
-178
-1616
-2127
-3034
-4850
-3653
-21809
-166
-1673
-66
297
-3312
102
-1315
-2847
-2446
-149
1357
-4719
-845
-627
-3891
-562
26
1217
-28
303
-2174
-2576
-1405
-2509
-16000
-225
1678
-3236
-3822
-4226
-3771
-15170
-295
1452
-99
323
-3736
1599
-956
-3477
-3698
-218
654
-4220
526
-915
-3890
-750
15
790
-119
1063
-4357
-4503
-3234
-3594
-14592
-61
201
-6022
-3514
-4872
-3721
-16867
-115
-235
-260
301
-3044
793
-1446
-2753
-3166
-298
756
-3557
-1027
-996
-3513
-256
-29
834
-37
554
-3354
-4194
-1918
-3002
-16568
26
221
-5103
-3252
-3208
-3308
-17539
46
431
-253
747
-2010
-2278
-556
-3024
-2804
-183
1567
-2183
-2744
-832
-2979
-1472
-10
972
-50
-907
-2054
-2919
-1039
-2718
-13839
-184
-992
-2600
-2832
-1848
-2901
-15648
81
-1508
-69
-1363
-3102
-1489
-589
-3011
-2639
-53
-1837
-3451
-677
-1136
-2515
-313
30
-1668
-55
628
-2271
-1998
-1209
-2656
-15347
-314
1239
-3815
-2185
-2042
-2196
-19616
18
584
-260
-2338
-5008
981
-2912
-3918
-3432
-236
-3246
-7713
2288
-5077
-5140
-799
-83
-2645
-109
965
-3861
-3880
29
-3281
-26488
-67
96
-7371
-4958
-2928
-5114
-23188
38
251
-349
-747
-5773
2807
-3377
-4195
-4224
-248
333
-8668
2000
-6294
-6101
823
-179
-130
-132
89
-3026
-5735
-2050
-4122
-19811
44
-280
-6764
-6334
-6875
-6561
-15753
1
-484
-247
328
-3175
465
-2864
-2434
-2439
-103
1564
-5915
-1002
-3306
-4258
1641
-5
743
-73
-1003
-1182
-3713
-358
-2457
-23828
-192
-1408
-4184
-4170
-5325
-4373
-21231
-140
-1620
-93
-453
-3518
-381
-2546
-3654
-3514
-78
-722
-3654
-1018
-2835
-3434
2154
76
-495
-188
567
-2736
-5251
107
-3579
-14822
-300
2485
-4830
-3202
-3831
-2715
-21936
-241
1864
-35
418
-3493
-190
-2240
-5317
-4772
-189
186
-6143
-3899
-5232
-7339
4971
-5
792
-177
1466
-4384
-6010
-1582
-4656
-23218
-279
204
-10228
-5558
-8381
-5244
-18768
-357
969
-199
732
-2453
-1589
-2832
-3711
-3447
-222
376
-6445
-6700
-5619
-7399
5642
-67
807
-52
984
-2955
-3793
848
-3240
-29156
-89
-587
-9309
-6204
-5919
-5495
-16517
-100
-571
-268
-342
-3087
-3188
-3157
-3522
-3824
14
-251
-2458
-3841
-2828
-3347
647
14
-768
-178
-862
-1773
-3573
897
-3597
-14692
-56
-1193
-2862
-2727
-1551
-2386
-21168
-13
-1012
217
-258
-1467
-1465
-345
-1972
-2119
106
426
-1693
-1006
-2235
-1970
-583
0
-472
-263
140
-636
-2800
-1645
-2113
-17624
-473
46
-1335
-1110
-2718
-1380
-22878
-158
386
163
282
-2827
-912
-3173
-2867
-2740
28
1433
-4887
-1914
-6092
-4604
1337
-77
443
-269
2068
-103
-4406
-241
-2741
-27881
-283
1683
-3651
-3522
-4103
-4052
-25697
-163
2268
-190
961
-4242
626
-6083
-4790
-5072
-201
458
-8169
-2378
-10426
-8644
3970
-149
552
-140
1507
-2944
-7175
-1048
-4971
-21459
-109
1311
-9679
-8629
-8587
-8288
-12810
-187
939
-197
1081
-3605
-887
-5340
-3479
-4236
-128
666
-5233
-2984
-7035
-4860
3808
-36
288
-120
-1575
-3080
-5915
820
-4101
-15481
-123
-1563
-7900
-5230
-4532
-4321
-17872
-193
-1748
29
275
-2301
138
-2800
-2011
-2573
-221
-776
-4711
-2604
-5540
-4473
5991
10
338
54
-1517
-937
-4468
-1604
-2614
-24018
-315
818
-7666
-4185
-6735
-3068
-23511
-280
373
244
-618
-2972
-1545
-2968
-4212
-4195
-95
-1983
-5408
-4928
-6971
-6658
6505
-122
-610
-150
1125
-2031
-5015
-1636
-4029
-23854
-402
-658
-8948
-5168
-8278
-5080
-20936
-379
-932
204
-726
-3647
-3193
-3672
-4949
-4906
84
-1085
-3261
-5079
-4841
-4438
4020
-32
-1156
-212
264
-3073
-5264
698
-4720
-17026
-258
-652
-6438
-3053
-3715
-3372
-25714
-183
-651
-9
-397
-3414
-1881
-1869
-2297
-2931
43
-810
-3567
-3524
-2454
-3446
800
-25
-1136
-197
-915
-771
-3304
-859
-2820
-19841
-223
-1121
-2125
-2574
-3520
-2510
-22065
-153
-983
152
88
-3284
1657
-2266
-2422
-2799
44
461
-4207
2047
-3820
-2925
-2172
172
91
-283
1001
-1794
-3989
-2088
-2737
-19971
-418
839
-3299
-1123
-4348
-3010
-22846
-127
1455
196
-136
-3185
-790
-3360
-2873
-3164
60
-84
-4869
-2817
-5432
-4606
1116
6
214
-204
1208
544
-5032
-1225
-2985
-16750
-297
180
-3036
-3748
-5014
-3695
-15846
-90
227
82
-1552
-2961
-923
-3720
-3101
-3855
-6
-1565
-5065
-3400
-4674
-5090
3759
-35
-1315
-23
317
-2993
-4995
-756
-3625
-16621
-132
-867
-6965
-5807
-5870
-4591
-16280
-57
-1845
-115
-1941
-2340
-732
-3395
-2552
-2876
-187
-1630
-3833
-2592
-5195
-3794
3289
-97
-2149
141
-765
-2232
-3318
423
-2663
-19800
-62
-768
-5668
-4075
-2777
-2944
-20974
9
-166
56
-399
-2309
-759
-3028
-2306
-2007
-242
-548
-6616
-4476
-7365
-6116
4458
-93
-854
261
954
542
-2429
-710
-1936
-30635
-224
769
-5499
-5313
-5585
-4929
-18841
-199
228
172
426
-1768
-1925
-2742
-1935
-2306
-85
372
-4928
-5507
-5530
-5413
4921
-36
896
118
679
-865
-3038
143
-2360
-23319
-274
128
-5963
-4770
-4717
-4921
-14112
-90
-523
140
158
-2793
-2695
-2981
-2266
-3027
71
452
-4043
-5327
-4075
-3446
4002
27
1291
-111
243
-1139
-4449
994
-3010
-17963
-245
-104
-4159
-3439
-2265
-2992
-19492
-102
-134
106
-437
-2685
-688
-2408
-1568
-2338
51
395
-3279
-1545
-1969
-2571
-154
39
838
-194
-942
-271
-3123
-976
-2340
-15688
-176
-482
-1110
-2558
-3480
-2530
-17102
-138
52
274
439
-2623
966
-2257
-1477
-1943
133
140
-3482
1272
-3378
-2358
-1094
230
-301
-171
1087
-867
-3363
-958
-1940
-17134
-366
657
-1942
-1390
-3146
-1992
-19647
-193
467
489
-16
-2682
-1371
-3477
-2256
-2915
206
-1142
-3250
-1774
-3794
-3603
336
77
-1766
-174
245
-1745
-4115
1007
-2787
-16995
-284
-354
-3579
-3206
-2860
-1877
-17998
-182
218
385
-840
-806
-2237
279
-1762
-2256
155
82
-1877
-3529
-2532
-3512
1819
-60
-76
-27
-408
-3072
-2634
-1054
-2090
-23001
-221
-216
-5348
-4225
-3118
-2073
-20893
-135
-189
251
227
-2564
-2880
2
-3635
-3156
239
1040
-3712
-3066
-3806
-4010
1028
-161
78
-22
2468
-2775
-2072
-1745
-2998
-23644
-182
1871
-5140
-3492
-1878
-2786
-25276
10
1771
129
737
-3044
-1124
-1842
-2968
-2799
48
699
-5193
-1487
-5387
-4793
1399
-208
-757
54
1527
-1323
-1622
-1980
-2718
-22362
-154
857
-4806
-4161
-3738
-4124
-18910
-74
85
-1
38
-4181
-1588
-3586
-2672
-4040
43
980
-5020
-3316
-4776
-4120
2551
-64
655
34
-209
-1112
-5067
-1582
-4178
-15794
-57
-54
-4497
-4652
-4125
-4136
-20221
-26
-162
-138
139
-3768
-1959
-4257
-2050
-3450
-72
464
-6558
-5214
-5990
-4715
5447
-55
787
-125
-218
192
-5709
-458
-3524
-24016
-146
84
-5257
-5884
-4736
-4392
-24147
-174
-218
-97
182
-4793
681
-3775
-4447
-4457
-224
503
-5331
774
-4613
-4189
619
32
587
-233
-447
-2168
-6277
-1501
-4506
-15823
-219
77
-4592
-4183
-5086
-4535
-22793
-203
382
244
192
-3326
-1071
-2767
-2525
-2957
279
677
-4405
-1538
-2967
-3035
1075
175
596
-265
923
-974
-3175
-1079
-2894
-11998
-267
901
-1966
-2490
-4447
-2820
-15847
-223
1028
385
133
-3357
119
-3915
-1143
-2597
163
418
-5725
-558
-3680
-4068
391
97
81
-93
44
-1183
-2595
-965
-2539
-17486
-266
-727
-4173
-4083
-5618
-2562
-12708
-185
-138
272
579
-3739
938
-3070
-3896
-4297
-74
714
-3871
954
-3628
-4670
-1770
127
362
-78
587
-4095
-4868
-2013
-4075
-19548
-160
1352
-6741
-4938
-4691
-2070
-22940
-150
1370
188
872
-3862
-1388
1733
-4552
-4643
100
1397
-5186
-2186
-1449
-5170
-1101
-65
1382
-64
2304
-5516
-3253
-4690
-4408
-19569
-6
598
-7963
-4953
-4973
-3210
-19448
77
480
93
-1044
-4121
-3003
1897
-2517
-4107
80
-378
-5782
-3890
-970
-4664
636
-167
-948
105
779
-3314
-1911
-6727
-3956
-22985
39
-244
-5588
-5102
-6451
-4259
-23266
1
482
22
-1170
-4561
-1464
760
-2428
-4547
8
-1199
-6313
-2717
-1472
-4895
1809
-202
-1079
121
-876
-1938
-4664
-7677
-4708
-18818
-108
-432
-5777
-6165
-8619
-5365
-21092
-80
-678
-15
-797
-3864
-16
-3697
-1847
-3310
-79
-941
-6632
-1605
-5315
-4952
4343
-117
-1622
-5
-1003
-1284
-4498
-2228
-3286
-23283
-280
121
-6888
-5599
-5973
-4289
-23478
-276
261
-42
67
-3982
266
-3185
-3733
-3682
-162
-315
-5394
-573
-4723
-4865
2184
-10
-1219
-269
-769
-1409
-5238
-1086
-3713
-17819
-274
-185
-5188
-4441
-5001
-4328
-18697
-276
781
164
-1005
-3101
-8
-2012
-2467
-2874
162
-515
-4423
-831
-2673
-2989
1926
52
-4
-291
98
-1963
-3085
-1134
-2753
-19374
-301
-129
-3332
-2604
-4987
-2862
-22800
-205
180
101
-690
-3459
385
-2270
-1901
-2456
55
-729
-5601
-73
-3179
-3699
209
120
610
-123
311
-641
-2631
-1413
-2322
-21034
-258
33
-2865
-3446
-5300
-1550
-19580
-187
478
-19
-1049
-4674
988
-2541
-4362
-4774
-200
-2049
-5209
1539
-2960
-4969
-3464
187
-266
-135
1877
-4800
-5726
-1980
-4537
-15453
-202
1661
-6158
-5296
-5039
-1386
-17584
-107
964
5
-1455
-5189
-1247
1910
-4434
-5553
-85
-1227
-4198
-1031
-168
-3340
-1817
-21
-288
-67
1263
-6250
-5046
-5654
-5331
-14317
80
166
-6255
-4179
-5656
-958
-24999
248
78
-17
-1695
-4279
-4509
2552
-3788
-5498
-65
738
-4513
-5054
-1198
-4113
458
-134
817
5
188
-3452
-4149
-8222
-5320
-20432
-15
-684
-4317
-5774
-8664
-3689
-27991
116
460
-91
-50
-4925
-3062
2468
-2399
-5037
-43
371
-6512
-4020
-1562
-4435
927
-216
-491
0
-21
-1679
-4558
-9421
-4877
-13397
-199
-316
-4624
-6182
-9296
-4616
-16305
-134
58
124
-581
-4135
-2592
-789
-1979
-3360
-9
-386
-6943
-3024
-4672
-4868
3242
-116
-306
-56
-799
849
-3218
-5127
-3144
-25748
-441
362
-4909
-6119
-7163
-3203
-24746
-398
471
-2
-233
-4363
-2852
-2064
-4274
-4178
-21
-144
-6368
-4387
-5501
-6041
2732
64
-224
-436
-346
1938
-5018
-4028
-4177
-17669
-409
-37
-2809
-5974
-7133
-4472
-16297
-281
189
-18
-679
-2886
-470
-2866
-1941
-2712
-107
-1051
-3239
-1005
-4372
-2959
384
-89
-453
-288
-506
-2667
-3193
606
-2419
-14259
-258
-209
-3020
-2693
-2758
-2970
-16105
-120
-126
38
-617
-1996
-773
-1559
-585
-1379
-66
-1434
-2846
-703
-2995
-2038
-810
-49
-671
-68
-344
-31
-741
-1480
-1183
-18234
-371
-515
-254
-1508
-3709
-953
-17769
-192
-623
-120
-1331
-2292
-327
-1190
-1122
-2082
-222
-2016
-2172
624
-2381
-1782
-1546
-68
-1077
-24
313
-2640
-2100
-686
-1841
-15451
-304
861
-2642
-1866
-2715
-216
-17789
-105
456
-158
-2560
-2993
-353
919
-1117
-2783
-263
-1819
-3527
0
-2427
-2323
-290
-247
-901
-42
1676
-4357
-3484
-2538
-2600
-18649
-94
1825
-4846
-3562
-4505
-1714
-20747
54
1936
-269
-2319
-2182
-2955
631
-2284
-3466
-355
-1328
-3315
-3869
-2353
-3594
1301
-201
-889
-69
139
-2840
-3663
-3090
-3216
-16498
-37
666
-3657
-4743
-6035
-4050
-17381
149
794
-260
-2238
-2803
-4419
1455
-2792
-3793
-220
-1321
-3951
-5354
-1899
-3948
1226
-117
-1047
-60
-343
-1309
-3783
-4592
-3494
-16269
-110
-37
-2470
-5079
-6563
-4066
-18232
59
8
-90
-450
-3685
-2971
336
-1816
-2770
-89
-808
-5499
-3970
-3041
-3648
2148
-113
-182
-121
73
-31
-2889
-3001
-2628
-19455
-463
606
-2654
-4355
-5109
-3182
-19108
-165
712
-40
-737
-4012
-3119
-877
-2325
-3454
22
-1562
-4382
-3934
-2877
-3721
1071
-96
-1391
-455
-339
382
-3706
-3407
-3396
-15772
-357
-109
-985
-4415
-5687
-3057
-18196
-137
184
0
0
0
0
0
0
0
0
0
0
0
-3462
-2957
-558
-4393
-3219
0
0
0
0
0
0
0
0
0
0
0
-1719
56
-3208
-3311
-12656
0
0
0
0
0
0
0
0
0
0
0
-2780
-1105
-542
-4346
-2918
0
0
0
0
0
0
0
0
0
0
0
-2545
-311
-2849
-2834
-18661
0
0
0
0
0
0
0
0
0
0
0
-2739
822
-1925
-2921
-2591
0
0
0
0
0
0
0
0
0
0
0
-1154
-2008
-3081
-2481
-15860
0
0
0
0
0
0
0
0
0
0
0
-2197
-1278
-2273
-991
-2063
0
0
0
0
0
0
0
0
0
0
0
-1047
-119
-2699
-2058
-18098
0
0
0
0
0
0
0
0
0
0
0
-1902
-514
-1595
-1384
-1710
0
0
0
0
0
0
0
0
0
0
0
-1731
-241
-1480
-1738
-16961
0
0
0
0
0
0
0
0
0
0
0
-2240
795
-2116
-1405
-2556
0
0
0
0
0
0
0
0
0
0
0
-3386
-2530
-1751
-2541
-15295
0
0
0
0
0
0
0
0
0
0
0
-2471
-621
-2091
-1615
-3019
0
0
0
0
0
0
0
0
0
0
0
-2750
-3451
-1337
-2896
-12976
0
0
0
0
0
0
0
0
0
0
0
-2816
-2305
-677
-1584
-2232
0
0
0
0
0
0
0
0
0
0
0
-777
-2169
-830
-2091
-14490
0
0
0
0
0
0
0
0
0
0
0
-2653
-2112
-1325
-3006
-2577
0
0
0
0
0
0
0
0
0
0
0
-543
-1019
-2059
-2634
-13520
0
0
0
0
0
0
0
0
0
0
0
-2806
-1838
-2892
-2600
-3013
0
0
0
0
0
0
0
0
0
0
0
-3037
-2873
241
-3061
-23051
0
0
0
0
0
0
0
0
0
0
0
-2594
502
-2754
-1964
-2607
0
0
0
0
0
0
0
0
0
0
0
-1780
-3921
-658
-2451
-20876
0
0
0
0
0
0
0
0
0
0
0
-2451
-143
-1994
-1308
-1811
0
0
0
0
0
0
0
0
0
0
0
-963
-1910
-311
-1639
-23135
0
0
0
0
0
0
0
0
0
0
0
-2333
157
-1428
-2157
-1937
0
0
0
0
0
0
0
0
0
0
0
-1368
-2633
-423
-2069
-18767
0
0
0
0
0
0
0
0
0
0
0
-2677
819
-1977
-2736
-3111
0
0
0
0
0
0
0
0
0
0
0
-2639
-3527
-1906
-3012
-24251
0
0
0
0
0
0
0
0
0
0
0
-3498
-797
-2894
-2174
-3297
0
0
0
0
0
0
0
0
0
0
0
-1860
-3335
-1064
-3154
-22948
0
0
0
0
0
0
0
0
0
0
0
-3184
-2270
-2636
-2286
-2768
0
0
0
0
0
0
0
0
0
0
0
-207
-2690
-570
-2631
-15466
0
0
0
0
0
0
0
0
0
0
0
-751
-1220
-457
-1031
-1558
0
0
0
0
0
0
0
0
0
0
0
1073
-2707
-2207
-1494
-17739
0
0
0
0
0
0
0
0
0
0
0
-2220
-1601
-2616
-1109
-2400
0
0
0
0
0
0
0
0
0
0
0
744
-4613
-773
-2367
-24014
0
0
0
0
0
0
0
0
0
0
0
-4898
-582
-5964
-1159
-4319
0
0
0
0
0
0
0
0
0
0
0
-1366
-7474
-869
-4108
-17383
0
0
0
0
0
0
0
0
0
0
0
-4771
-952
-4994
-2419
-3921
0
0
0
0
0
0
0
0
0
0
0
-2420
-5446
1310
-3688
-13418
0
0
0
0
0
0
0
0
0
0
0
-3555
-106
-2856
-606
-2707
0
0
0
0
0
0
0
0
0
0
0
-996
-3218
-2458
-2837
-20668
0
0
0
0
0
0
0
0
0
0
0
-2981
-663
-3796
-979
-3467
0
0
0
0
0
0
0
0
0
0
0
-1426
-3952
-3203
-3278
-21974
0
0
0
0
0
0
0
0
0
0
0
-2889
-1841
-4428
-2113
-3729
0
0
0
0
0
0
0
0
0
0
0
-1839
-4782
-276
-3530
-19674
0
0
0
0
0
0
0
0
0
0
0
-3245
-2253
-2782
-913
-3316
0
0
0
0
0
0
0
0
0
0
0
-840
-4438
-1199
-3198
-15116
0
0
0
0
0
0
0
0
0
0
0
-1579
644
-1075
-390
-1070
0
0
0
0
0
0
0
0
0
0
0
707
-2078
-1958
-1085
-24534
0
0
0
0
0
0
0
0
0
0
0
-2830
-734
-2357
-1100
-2166
0
0
0
0
0
0
0
0
0
0
0
1552
-4940
-1219
-1991
-16882
0
0
0
0
0
0
0
0
0
0
0
-3836
-1385
-3909
-841
-3423
0
0
0
0
0
0
0
0
0
0
0
-1911
-6693
375
-3275
-15229
0
0
0
0
0
0
0
0
0
0
0
-3525
-1306
-2997
-1398
-2412
0
0
0
0
0
0
0
0
0
0
0
-1335
-2839
688
-2347
-18926
0
0
0
0
0
0
0
0
0
0
0
-2943
-1138
-3542
-923
-2120
0
0
0
0
0
0
0
0
0
0
0
328
-1390
-2086
-2110
-24423
0
0
0
0
0
0
0
0
0
0
0
-2365
-1812
-4456
268
-2885
0
0
0
0
0
0
0
0
0
0
0
-1371
-3270
-1481
-2839
-16337
0
0
0
0
0
0
0
0
0
0
0
-2014
-1575
-3971
-393
-2874
0
0
0
0
0
0
0
0
0
0
0
-1254
-4678
387
-2556
-16401
0
0
0
0
0
0
0
0
0
0
0
-2400
-1540
-3409
-158
-2596
0
0
0
0
0
0
0
0
0
0
0
-332
-3351
-762
-2421
-11926
0
0
0
0
0
0
0
0
0
0
0
-1702
-412
-1834
204
-1411
0
0
0
0
0
0
0
0
0
0
0
544
-2519
-1415
-1430
-17027
0
0
0
0
0
0
0
0
0
0
0
-2875
-1331
-2823
959
-2021
0
0
0
0
0
0
0
0
0
0
0
-387
-3967
-547
-1896
-17644
0
0
0
0
0
0
0
0
0
0
0
-2728
-1769
-837
739
-2034
0
0
0
0
0
0
0
0
0
0
0
-1707
-3039
-1480
-2030
-21364
0
0
0
0
0
0
0
0
0
0
0
-2615
-2494
-256
-1230
-2246
0
0
0
0
0
0
0
0
0
0
0
-1653
-1176
-2258
-2297
-25900
0
0
0
0
0
0
0
0
0
0
0
-2216
-2008
-3002
-1018
-2475
0
0
0
0
0
0
0
0
0
0
0
-1503
-1592
-2601
-2639
-19858
0
0
0
0
0
0
0
0
0
0
0
-4139
-1995
-4978
-792
-3804
0
0
0
0
0
0
0
0
0
0
0
-526
-5509
-1819
-3974
-13162
0
0
0
0
0
0
0
0
0
0
0
-4283
-1617
-5513
-1051
-4039
0
0
0
0
0
0
0
0
0
0
0
212
-5892
-1838
-3877
-17273
0
0
0
0
0
0
0
0
0
0
0
-2650
63
-4368
-2056
-2946
0
0
0
0
0
0
0
0
0
0
0
-201
-4136
-693
-2712
-18734
0
0
0
0
0
0
0
0
0
0
0
-2813
-1691
-2687
-549
-2671
0
0
0
0
0
0
0
0
0
0
0
-433
-2948
-1851
-2580
-11485
0
0
0
0
0
0
0
0
0
0
0
-4209
-1498
-3395
1117
-2991
0
0
0
0
0
0
0
0
0
0
0
-1198
-3053
-2807
-2959
-12356
0
0
0
0
0
0
0
0
0
0
0
-4381
307
-3142
-650
-3391
0
0
0
0
0
0
0
0
0
0
0
-2364
-3289
-3035
-3304
-20525
0
0
0
0
0
0
0
0
0
0
0
-3830
-1472
859
-2514
-3612
0
0
0
0
0
0
0
0
0
0
0
-3265
-2652
-4848
-3447
-21033
0
0
0
0
0
0
0
0
0
0
0
-4293
-4443
-948
-1252
-5411
0
0
0
0
0
0
0
0
0
0
0
-4899
-4183
-7164
-5472
-14021
0
0
0
0
0
0
0
0
0
0
0
-3899
-1908
-1030
481
-4034
0
0
0
0
0
0
0
0
0
0
0
-1751
-5588
-7107
-3968
-18970
0
0
0
0
0
0
0
0
0
0
0
-3912
-503
-4282
-230
-3681
0
0
0
0
0
0
0
0
0
0
0
-1082
-4456
-3800
-3544
-18738
0
0
0
0
0
0
0
0
0
0
0
-2330
-587
-4083
-2279
-3182
0
0
0
0
0
0
0
0
0
0
0
-367
-4127
-1468
-3038
-14595
0
0
0
0
0
0
0
0
0
0
0
-2482
-628
-1929
-173
-2212
0
0
0
0
0
0
0
0
0
0
0
-511
-2618
-2105
-1984
-19355
0
0
0
0
0
0
0
0
0
0
0
-3917
-1195
-1594
162
-2650
0
0
0
0
0
0
0
0
0
0
0
-945
-2129
-2901
-2705
-16019
0
0
0
0
0
0
0
0
0
0
0
-3849
432
-1493
-908
-3114
0
0
0
0
0
0
0
0
0
0
0
-2976
-3258
-2831
-3091
-20377
0
0
0
0
0
0
0
0
0
0
0
-4128
-1216
826
-1770
-4281
0
0
0
0
0
0
0
0
0
0
0
-4060
-4349
-5822
-4116
-17901
0
0
0
0
0
0
0
0
0
0
0
-3730
-3119
1194
-1180
-4668
0
0
0
0
0
0
0
0
0
0
0
-2594
-5349
-7522
-4321
-22928
0
0
0
0
0
0
0
0
0
0
0
-3631
-2282
1220
425
-4267
0
0
0
0
0
0
0
0
0
0
0
-2242
-6527
-8677
-4140
-14664
0
0
0
0
0
0
0
0
0
0
0
-3185
-2001
-1646
-266
-3236
0
0
0
0
0
0
0
0
0
0
0
323
-3442
-6038
-3276
-23619
0
0
0
0
0
0
0
0
0
0
0
-2781
-1733
-1952
-3011
-3172
0
0
0
0
0
0
0
0
0
0
0
2791
-4445
-4326
-3092
-16775
0
0
0
0
0
0
0
0
0
0
0
-2375
-365
-2012
-666
-1892
0
0
0
0
0
0
0
0
0
0
0
-1067
-2082
-556
-1694
-14770
0
0
0
0
0
0
0
0
0
0
0
-2297
-1284
-1920
263
-1758
0
0
0
0
0
0
0
0
0
0
0
-630
-53
-2659
-1773
-13907
0
0
0
0
0
0
0
0
0
0
0
-1532
-285
-974
120
-1325
0
0
0
0
0
0
0
0
0
0
0
-1711
-268
-1684
-1319
-17982
0
0
0
0
0
0
0
0
0
0
0
-2175
-593
198
118
-2365
0
0
0
0
0
0
0
0
0
0
0
-2798
-2564
-3368
-2253
-19130
0
0
0
0
0
0
0
0
0
0
0
-2370
-1558
393
-1237
-2550
0
0
0
0
0
0
0
0
0
0
0
-807
-3140
-3616
-2263
-17970
0
0
0
0
0
0
0
0
0
0
0
-2863
-2212
881
-1296
-2731
0
0
0
0
0
0
0
0
0
0
0
124
-4033
-4329
-2453
-19313
0
0
0
0
0
0
0
0
0
0
0
-2925
-1948
-332
-1120
-2460
0
0
0
0
0
0
0
0
0
0
0
210
-3119
-3300
-2403
-19674
0
0
0
0
0
0
0
0
0
0
0
-3372
-2642
-1686
-1716
-3310
0
0
0
0
0
0
0
0
0
0
0
1158
-4548
-3970
-3409
-12302
0
0
0
0
0
0
0
0
0
0
0
0
0
0
0
0
0
0
0
0
0
0
0
0
0
0
0
0
0
0
0
0
0
0
0
0
0
0
0
0
0
0
0
0
0
0
0
0
0
0
0
0
0
0
0
0
0
0
0
0
0
0
0
0
0
0
0
0
0
0
0
0
0
0
0
0
0
0
0
0
0
0
0
0
0
0
0
0
0
0
0
0
0
0
0
0
0
0
0
0
0
0
0
0
0
0
0
0
0
0
0
0
0
0
0
0
0
0
0
0
0
0
0
0
0
0
0
0
0
0
0
0
0
0
0
0
0
0
0
0
0
0
0
0
0
0
0
0
0
0
0
0
0
0
0
0
0
0
0
0
0
0
0
0
0
0
0
0
0
0
0
0
0
0
0
0
0
0
0
0
0
0
0
0
0
0
0
0
0
0
0
0
0
0
0
0
0
0
0
0
0
0
0
0
0
0
0
0
0
0
0
0
0
0
0
0
0
0
0
0
0
0
0
0
0
0
0
0
0
0
0
0
0
0
0
0
0
0
0
0
0
0
0
0
0
0
0
0
0
0
0
0
0
0
0
0
0
0
0
0
0
0
0
0
0
0
0
0
0
0
0
0
0
0
0
0
0
0
0
0
0
0
0
0
0
0
0
0
0
0
0
0
0
0
0
0
0
0
0
0
0
0
0
0
0
0
0
0
0
0
0
0
0
0
0
0
0
0
0
0
0
0
0
0
0
0
0
0
0
0
0
0
0
0
0
0
0
0
0
0
0
0
0
0
0
0
0
0
0
0
0
0
0
0
0
0
0
0
0
0
0
0
0
0
0
0
0
0
0
0
0
0
0
0
0
0
0
0
0
0
0
0
0
0
0
0
0
0
0
0
0
0
0
0
0
0
0
0
0
0
0
0
0
0
0
0
0
0
0
0
0
0
0
0
0
0
0
0
0
0
0
0
0
0
0
0
0
0
0
0
0
0
0
0
0
0
0
0
0
0
0
0
0
0
0
0
0
0
0
0
0
0
0
0
0
0
0
0
0
0
0
0
0
0
0
0
0
0
0
0
0
0
0
0
0
0
0
0
0
0
0
0
0
0
0
0
0
0
0
0
0
0
0
0
0
0
0
0
0
0
0
0
0
0
0
0
0
0
0
0
0
0
0
0
0
0
0
0
0
0
0
0
0
0
0
0
0
0
0
0
0
0
0
0
0
0
0
0
0
0
0
0
0
0
0
0
0
0
0
0
0
0
0
0
0
0
0
0
0
0
0
0
0
0
0
0
0
0
0
0
0
0
0
0
0
0
0
0
0
0
0
0
0
0
0
0
0
0
0
0
0
0
0
0
0
0
0
0
0
0
0
0
0
0
0
0
0
0
0
0
0
0
0
0
0
0
0
0
0
0
0
0
0
0
0
0
0
0
0
0
0
0
0
0
0
0
0
0
0
0
0
0
0
0
0
0
0
0
0
0
0
0
0
0
0
0
0
0
0
0
0
0
0
0
0
0
0
0
0
0
0
0
0
0
0
0
0
0
0
0
0
0
0
0
0
0
0
0
0
0
0
0
0
0
0
0
0
0
0
0
0
0
0
0
0
0
0
0
0
0
0
0
0
0
0
0
0
0
0
0
0
0
0
0
0
0
0
0
0
0
0
0
0
0
0
0
0
0
0
0
0
0
0
0
0
0
0
0
0
0
0
0
0
0
0
0
0
0
0
0
0
0
0
0
0
0
0
0
0
0
0
0
0
0
0
0
0
0
0
0
0
0
0
0
0
0
0
0
0
0
0
0
0
0
0
0
0
0
0
0
0
0
0
0
0
0
0
0
0
0
0
0
0
0
0
0
0
0
0
0
0
0
0
0
0
0
0
0
0
0
0
0
0
0
0
0
0
0
0
0
0
0
0
0
0
0
0
0
0
0
0
0
0
0
0
0
0
0
0
0
0
0
0
0
0
0
0
0
0
0
0
0
0
0
0
0
0
0
0
0
0
0
0
0
0
0
0
0
0
0
0
0
0
0
0
0
0
0
0
0
0
0
0
0
0
0
0
0
0
0
0
0
0
0
0
0
0
0
0
0
0
0
0
0
0
0
0
0
0
0
0
0
0
0
0
0
0
0
0
0
0
0
0
0
0
0
0
0
0
0
0
0
0
0
0
0
0
0
0
0
0
0
0
0
0
0
0
0
0
0
0
0
0
0
0
0
0
0
0
0
0
0
0
0
0
0
0
0
0
0
0
0
0
0
0
0
0
0
0
0
0
0
0
0
0
0
0
0
0
0
0
0
0
0
0
0
0
0
0
0
0
0
0
0
0
0
0
0
0
0
0
0
0
0
0
0
0
0
0
0
0
0
0
0
0
0
0
0
0
0
0
0
0
0
0
0
0
0
0
0
0
0
0
0
0
0
0
0
0
0
0
0
0
0
0
0
0
0
0
0
0
0
0
0
0
0
0
0
0
0
0
0
0
0
0
0
0
0
0
0
0
0
0
0
0
0
0
0
0
0
0
0
0
0
0
0
0
0
0
0
0
0
0
0
0
0
0
0
0
0
0
0
0
0
0
0
0
0
0
0
0
0
0
0
0
0
0
0
0
0
0
0
0
0
0
0
0
0
0
0
0
0
0
0
0
0
0
0
0
0
0
0
0
0
0
0
0
0
0
0
0
0
0
0
0
0
0
0
0
0
0
0
0
0
0
0
0
0
0
0
0
0
0
0
0
0
0
0
0
0
0
0
0
0
0
0
0
0
0
0
0
0
0
0
0
0
0
0
0
0
0
0
0
0
0
0
0
0
0
0
0
0
0
0
0
0
0
0
0
0
0
0
0
0
0
0
0
0
0
0
0
0
0
0
0
0
0
0
0
0
0
0
0
0
0
0
0
0
0
0
0
0
0
0
0
0
0
0
0
0
0
0
0
0
0
0
0
0
0
0
0
0
0
0
0
0
0
0
0
0
0
0
0
0
0
0
0
0
0
0
0
0
0
0
0
0
0
0
0
0
0
0
0
0
0
0
0
0
0
0
0
0
0
0
0
0
0
0
0
0
0
0
0
0
0
0
0
0
0
0
0
0
0
0
0
0
0
0
0
0
0
0
0
0
0
0
0
0
0
0
0
0
0
0
0
0
0
0
0
0
0
0
0
0
0
0
0
0
0
0
0
0
0
0
0
0
0
0
0
0
0
0
0
0
0
0
0
0
0
0
0
0
0
0
0
0
0
0
0
0
0
0
0
0
0
0
0
0
0
0
0
0
0
0
0
0
0
0
0
0
0
0
0
0
0
0
0
0
0
0
0
0
0
0
0
0
0
0
0
0
0
0
0
0
0
0
0
0
0
0
0
0
0
0
0
0
0
0
0
0
0
0
0
0
0
0
0
0
0
0
0
0
0
0
0
0
0
0
0
0
0
0
0
0
0
0
0
0
0
0
0
0
0
0
0
0
0
0
0
0
0
0
0
0
0
0
0
0
0
0
0
0
0
0
0
0
0
0
0
0
0
0
0
0
0
0
0
0
0
0
0
0
0
0
0
0
0
0
0
0
0
0
0
0
0
0
0
0
0
0
0
0
0
0
0
0
0
0
0
0
0
0
0
0
0
0
0
0
0
0
0
0
0
0
0
0
0
0
0
0
0
0
0
0
0
0
0
0
0
0
0
0
0
0
0
0
0
0
0
0
0
0
0
0
0
0
0
0
0
0
0
0
0
0
0
0
0
0
0
0
0
0
0
0
0
0
0
0
0
0
0
0
0
0
0
0
0
0
0
0
0
0
0
0
0
0
0
0
0
0
0
0
0
0
0
0
0
0
0
0
0
0
0
0
0
0
0
0
0
0
0
0
0
0
0
0
0
0
0
0
0
0
0
0
0
0
0
0
0
0
0
0
0
0
0
0
0
0
0
0
0
0
0
0
0
0
0
0
0
0
0
0
0
0
0
0
0
0
0
0
0
0
0
0
0
0
0
0
0
0
0
0
0
0
0
0
0
0
0
0
0
0
0
0
0
0
0
0
0
0
0
0
0
0
0
0
0
0
0
0
0
0
0
0
0
0
0
0
0
0
0
0
0
0
0
0
0
0
0
0
0
0
0
0
0
0
0
0
0
0
0
0
0
0
0
0
0
0
0
0
0
0
0
0
0
0
0
0
0
0
0
0
0
0
0
0
0
0
0
0
0
0
0
0
0
0
0
0
0
0
0
0
0
0
0
0
0
0
0
0
0
0
0
0
0
0
0
0
0
0
0
0
0
0
0
0
0
0
0
0
0
0
0
0
0
0
0
0
0
0
0
0
0
0
0
0
0
0
0
0
0
0
0
0
0
0
0
0
0
0
0
0
0
0
0
0
0
0
0
0
0
0
0
0
0
0
0
0
0
0
0
0
0
0
0
0
0
0
0
0
0
0
0
0
0
0
0
0
0
0
0
0
0
0
0
0
0
0
0
0
0
0
0
0
0
0
0
0
0
0
0
0
0
0
0
0
0
0
0
0
0
0
0
0
0
0
0
0
0
0
0
0
0
0
0
0
0
0
0
0
0
0
0
0
0
0
0
0
0
0
0
0
0
0
0
0
0
0
0
0
0
0
0
0
0
0
0
0
0
0
0
0
0
0
0
0
0
0
0
0
0
0
0
0
0
0
0
0
0
0
0
0
0
0
0
0
0
0
0
0
0
0
0
0
0
0
0
0
0
0
0
0
0
0
0
0
0
0
0
0
0
0
0
0
0
0
0
0
0
0
0
0
0
0
0
0
0
0
0
0
0
0
0
0
0
0
0
0
0
0
0
0
0
0
0
0
0
0
0
0
0
0
0
0
0
0
0
0
0
0
0
0
0
0
0
0
0
0
0
0
0
0
0
0
0
0
0
0
0
0
0
0
0
0
0
0
0
0
0
0
0
0
0
0
0
0
0
0
0
0
0
0
0
0
0
0
0
0
0
0
0
0
0
0
0
0
0
0
0
0
0
0
0
0
0
0
0
0
0
0
0
0
0
0
0
0
0
0
0
0
0
0
0
0
0
0
0
0
0
0
0
0
0
0
0
0
0
0
0
0
0
0
0
0
0
0
0
0
0
0
0
0
0
0
0
0
0
0
0
0
0
0
0
0
0
0
0
0
0
0
0
0
0
0
0
0
0
0
0
0
0
0
0
0
0
0
0
0
0
0
0
0
0
0
0
0
0
0
0
0
0
0
0
0
0
0
0
0
0
0
0
0
0
0
0
0
0
0
0
0
0
0
0
0
0
0
0
0
0
0
0
0
0
0
0
0
0
0
0
0
0
0
0
0
0
0
0
0
0
0
0
0
0
0
0
0
0
0
0
0
0
0
0
0
0
0
0
0
0
0
0
0
0
0
0
0
0
0
0
0
0
0
0
0
0
0
0
0
0
0
0
0
0
0
0
0
0
0
0
0
0
0
0
0
0
0
0
0
0
0
0
0
0
0
0
0
0
0
0
0
0
0
0
0
0
0
0
0
0
0
0
0
0
0
0
0
0
0
0
0
0
0
0
0
0
0
0
0
0
0
0
0
0
0
0
0
0
0
0
0
0
0
0
0
0
0
0
0
0
0
0
0
0
0
0
0
0
0
0
0
0
0
0
0
0
0
0
0
0
0
0
0
0
0
0
0
0
0
0
0
0
0
0
0
0
0
0
0
0
0
0
0
0
0
0
0
0
0
0
0
0
0
0
0
0
0
0
0
0
0
0
0
0
0
0
0
0
0
0
0
0
0
0
0
0
0
0
0
0
0
0
0
0
0
0
0
0
0
0
0
0
0
0
0
0
0
0
0
0
0
0
0
0
0
0
0
0
0
0
0
0
0
0
0
0
0
0
0
0
0
0
0
0
0
0
0
0
0
0
0
0
0
0
0
0
0
0
0
0
0
0
0
0
0
0
0
0
0
0
0
0
0
0
0
0
0
0
0
0
0
0
0
0
0
0
0
0
0
0
0
0
0
0
0
0
0
0
0
0
0
0
0
0
0
0
0
0
0
0
0
0
0
0
0
0
0
0
0
0
0
0
0
0
0
0
0
0
0
0
0
0
0
0
0
0
0
0
0
0
0
0
0
0
0
0
0
0
0
0
0
0
0
0
0
0
0
0
0
0
0
0
0
0
0
0
0
0
0
0
0
0
0
0
0
0
0
0
0
0
0
0
0
0
0
0
0
0
0
0
0
0
0
0
0
0
0
0
0
0
0
0
0
0
0
0
0
0
0
0
0
0
0
0
0
0
0
0
0
0
0
0
0
0
0
0
0
0
0
0
0
0
0
0
0
0
0
0
0
0
0
0
0
0
0
0
0
0
0
0
0
0
0
0
0
0
0
0
0
0
0
0
0
0
0
0
0
0
0
0
0
0
0
0
0
0
0
0
0
0
0
0
0
0
0
0
0
0
0
0
0
0
0
0
0
0
0
0
0
0
0
0
0
0
0
0
0
0
0
0
0
0
0
0
0
0
0
0
0
0
0
0
0
0
0
0
0
0
0
0
0
0
0
0
0
0
0
0
0
0
0
0
0
0
0
0
0
0
0
0
0
0
0
0
0
0
0
0
0
0
0
0
0
0
0
0
0
0
0
0
0
0
0
0
0
0
0
0
0
0
0
0
0
0
0
0
0
0
0
0
0
0
0
0
0
0
0
0
0
0
0
0
0
0
0
0
0
0
0
0
0
0
0
0
0
0
0
0
0
0
0
0
0
0
0
0
0
0
0
0
0
0
0
0
0
0
0
0
0
0
0
0
0
0
0
0
0
0
0
0
0
0
0
0
0
0
0
0
0
0
0
0
0
0
0
0
0
0
0
0
0
0
0
0
0
0
0
0
0
0
0
0
0
0
0
0
0
0
0
0
0
0
0
0
0
0
0
0
0
0
0
0
0
0
0
0
0
0
0
0
0
0
0
0
0
0
0
0
0
0
0
0
0
0
0
0
0
0
0
0
0
0
0
0
0
0
0
0
0
0
0
0
0
0
0
0
0
0
0
0
0
0
0
0
0
0
0
0
0
0
0
0
0
0
0
0
0
0
0
0
0
0
0
0
0
0
0
0
0
0
0
0
0
0
0
0
0
0
0
0
0
0
0
0
0
0
0
0
0
0
0
0
0
0
0
0
0
0
0
0
0
0
0
0
0
0
0
0
0
0
0
0
0
0
0
0
0
0
0
0
0
0
0
0
0
0
0
0
0
0
0
0
0
0
0
0
0
0
0
0
0
0
0
0
0
0
0
0
0
0
0
0
0
0
0
0
0
0
0
0
0
0
0
0
0
0
0
0
0
0
0
0
0
0
0
0
0
0
0
0
0
0
0
0
0
0
0
0
0
0
0
0
0
0
0
0
0
0
0
0
0
0
0
0
0
0
0
0
0
0
0
0
0
0
0
0
0
0
0
0
0
0
0
0
0
0
0
0
0
0
0
0
0
0
0
0
0
0
0
0
0
0
0
0
0
0
0
0
0
0
0
0
0
0
0
0
0
0
0
0
0
0
0
0
0
0
0
0
0
0
0
0
0
0
0
0
0
0
0
0
0
0
0
0
0
0
0
0
0
0
0
0
0
0
0
0
0
0
0
0
0
0
0
0
0
0
0
0
0
0
0
0
0
0
0
0
0
0
0
0
0
0
0
0
0
0
0
0
0
0
0
0
0
0
0
0
0
0
0
0
0
0
0
0
0
0
0
0
0
0
0
0
0
0
0
0
0
0
0
0
0
0
0
0
0
0
0
0
0
0
0
0
0
0
0
0
0
0
0
0
0
0
0
0
0
0
0
0
0
0
0
0
0
0
0
0
0
0
0
0
0
0
0
0
0
0
0
0
0
0
0
0
0
0
0
0
0
0
0
0
0
0
0
0
0
0
0
0
0
0
0
0
0
0
0
0
0
0
0
0
0
0
0
0
0
0
0
0
0
0
0
0
0
0
0
0
0
0
0
0
0
0
0
0
0
0
0
0
0
0
0
0
0
0
0
0
0
0
0
0
0
0
0
0
0
0
0
0
0
0
0
0
0
0
0
0
0
0
0
0
0
0
0
0
0
0
0
0
0
0
0
0
0
0
0
0
0
0
0
0
0
0
0
0
0
0
0
0
0
0
0
0
0
0
0
0
0
0
0
0
0
0
0
0
0
0
0
0
0
0
0
0
0
0
0
0
0
0
0
0
0
0
0
0
0
0
0
0
0
0
0
0
0
0
0
0
0
0
0
0
0
0
0
0
0
0
0
0
0
0
0
0
0
0
0
0
0
0
0
0
0
0
0
0
0
0
0
0
0
0
0
0
0
0
0
0
0
0
0
0
0
0
0
0
0
0
0
0
0
0
0
0
0
0
0
0
0
0
0
0
0
0
0
0
0
0
0
0
0
0
0
0
0
0
0
0
0
0
0
0
0
0
0
0
0
0
0
0
0
0
0
0
0
0
0
0
0
0
0
0
0
0
0
0
0
0
0
0
0
0
0
0
0
0
0
0
0
0
0
0
0
0
0
0
0
0
0
0
0
0
0
0
0
0
0
0
0
0
0
0
0
0
0
0
0
0
0
0
0
0
0
0
0
0
0
0
0
0
0
0
0
0
0
0
0
0
0
0
0
0
0
0
0
0
0
0
0
0
0
0
0
0
0
0
0
0
0
0
0
0
0
0
0
0
0
0
0
0
0
0
0
0
0
0
0
0
0
0
0
0
0
0
0
0
0
0
0
0
0
0
0
0
0
0
0
0
0
0
0
0
0
0
0
0
0
0
0
0
0
0
0
0
0
0
0
0
0
0
0
0
0
0
0
0
0
0
0
0
0
0
0
0
0
0
0
0
0
0
0
0
0
0
0
0
0
0
0
0
0
0
0
0
0
0
0
0
0
0
0
0
0
0
0
0
0
0
0
0
0
0
0
0
0
0
0
0
0
0
0
0
0
0
0
0
0
0
0
0
0
0
0
0
0
0
0
0
0
0
0
0
0
0
0
0
0
0
0
0
0
0
0
0
0
0
0
0
0
0
0
0
0
0
0
0
0
0
0
0
0
0
0
0
0
0
0
0
0
0
0
0
0
0
0
0
0
0
0
0
0
0
0
0
0
0
0
0
0
0
0
0
0
0
0
0
0
0
0
0
0
0
0
0
0
0
0
0
0
0
0
0
0
0
0
0
0
0
0
0
0
0
0
0
0
0
0
0
0
0
0
0
0
0
0
0
0
0
0
0
0
0
0
0
0
0
0
0
0
0
0
0
0
0
0
0
0
0
0
0
0
0
0
0
0
0
0
0
0
0
0
0
0
0
0
0
0
0
0
0
0
0
0
0
0
0
0
0
0
0
0
0
0
0
0
0
0
0
0
0
0
0
0
0
0
0
0
0
0
0
0
0
0
0
0
0
0
0
0
0
0
0
0
0
0
0
0
0
0
0
0
0
0
0
0
0
0
0
0
0
0
0
0
0
0
0
0
0
0
0
0
0
0
0
0
0
0
0
0
0
0
0
0
0
0
0
0
0
0
0
0
0
0
0
0
0
0
0
0
0
0
0
0
0
0
0
0
0
0
0
0
0
0
0
0
0
0
0
0
0
0
0
0
0
0
0
0
0
0
0
0
0
0
0
0
0
0
0
0
0
0
0
0
0
0
0
0
0
0
0
0
0
0
0
0
0
0
0
0
0
0
0
0
0
0
0
0
0
0
0
0
0
0
0
0
0
0
0
0
0
0
0
0
0
0
0
0
0
0
0
0
0
0
0
0
0
0
0
0
0
0
0
0
0
0
0
0
0
0
0
0
0
0
0
0
0
0
0
0
0
0
0
0
0
0
0
0
0
0
0
0
0
0
0
0
0
0
0
0
0
0
0
0
0
0
0
0
0
0
0
0
0
0
0
0
0
0
0
0
0
0
0
0
0
0
0
0
0
0
0
0
0
0
0
0
0
0
0
0
0
0
0
0
0
0
0
0
0
0
0
0
0
0
0
0
0
0
0
0
0
0
0
0
0
0
0
0
0
0
0
0
0
0
0
0
0
0
0
0
0
0
0
0
0
0
0
0
0
0
0
0
0
0
0
0
0
0
0
0
0
0
0
0
0
0
0
0
0
0
0
0
0
0
0
0
0
0
0
0
0
0
0
0
0
0
0
0
0
0
0
0
0
0
0
0
0
0
0
0
0
0
0
0
0
0
0
0
0
0
0
0
0
0
0
0
0
0
0
0
0
0
0
0
0
0
0
0
0
0
0
0
0
0
0
0
0
0
0
0
0
0
0
0
0
0
0
0
0
0
0
0
0
0
0
0
0
0
0
0
0
0
0
0
0
0
0
0
0
0
0
0
0
0
0
0
0
0
0
0
0
0
0
0
0
0
0
0
0
0
0
0
0
0
0
0
0
0
0
0
0
0
0
0
0
0
0
0
0
0
0
0
0
0
0
0
0
0
0
0
0
0
0
0
0
0
0
0
0
0
0
0
0
0
0
0
0
0
0
0
0
0
0
0
0
0
0
0
0
0
0
0
0
0
0
0
0
0
0
0
0
0
0
0
0
0
0
0
0
0
0
0
0
0
0
0
0
0
0
0
0
0
0
0
0
0
0
0
0
0
0
0
0
0
0
0
0
0
0
0
0
0
0
0
0
0
0
0
0
0
0
0
0
0
0
0
0
0
0
0
0
0
0
0
0
0
0
0
0
0
0
0
0
0
0
0
0
0
0
0
0
0
0
0
0
0
0
0
0
0
0
0
0
0
0
0
0
0
0
0
0
0
0
0
0
0
0
0
0
0
0
0
0
0
0
0
0
0
0
0
0
0
0
0
0
0
0
0
0
0
0
0
0
0
0
0
0
0
0
0
0
0
0
0
0
0
0
0
0
0
0
0
0
0
0
0
0
0
0
0
0
0
0
0
0
0
0
0
0
0
0
0
0
0
0
0
0
0
0
0
0
0
0
0
0
0
0
0
0
0
0
0
0
0
0
0
0
0
0
0
0
0
0
0
0
0
0
0
0
0
0
0
0
0
0
0
0
0
0
0
0
0
0
0
0
0
0
0
0
0
0
0
0
0
0
0
0
0
0
0
0
0
0
0
0
0
0
0
0
0
0
0
0
0
0
0
0
0
0
0
0
0
0
0
0
0
0
0
0
0
0
0
0
0
0
0
0
0
0
0
0
0
0
0
0
0
0
0
0
0
0
0
0
0
0
0
0
0
0
0
0
0
0
0
0
0
0
0
0
0
0
0
0
0
0
0
0
0
0
0
0
0
0
0
0
0
0
0
0
0
0
0
0
0
0
0
0
0
0
0
0
0
0
0
0
0
0
0
0
0
0
0
0
0
0
0
0
0
0
0
0
0
0
0
0
0
0
0
0
0
0
0
0
0
0
0
0
0
0
0
0
0
0
0
0
0
0
0
0
0
0
0
0
0
0
0
0
0
0
0
0
0
0
0
0
0
0
0
0
0
0
0
0
0
0
0
0
0
0
0
0
0
0
0
0
0
0
0
0
0
0
0
0
0
0
0
0
0
0
0
0
0
0
0
0
0
0
0
0
0
0
0
0
0
0
0
0
0
0
0
0
0
0
0
0
0
0
0
0
0
0
0
0
0
0
0
0
0
0
0
0
0
0
0
0
0
0
0
0
0
0
0
0
0
0
0
0
0
0
0
0
0
0
0
0
0
0
0
0
0
0
0
0
0
0
0
0
0
0
0
0
0
0
0
0
0
0
0
0
0
0
0
0
0
0
0
0
0
0
0
0
0
0
0
0
0
0
0
0
0
0
0
0
0
0
0
0
0
0
0
0
0
0
0
0
0
0
0
0
0
0
0
0
0
0
0
0
0
0
0
0
0
0
0
0
0
0
0
0
0
0
0
0
0
0
0
0
0
0
0
0
0
0
0
0
0
0
0
0
0
0
0
0
0
0
0
0
0
0
0
0
0
0
0
0
0
0
0
0
0
0
0
0
0
0
0
0
0
0
0
0
0
0
0
0
0
0
0
0
0
0
0
0
0
0
0
0
0
0
0
0
0
0
0
0
0
0
0
0
0
0
0
0
0
0
0
0
0
0
0
0
0
0
0
0
0
0
0
0
0
0
0
0
0
0
0
0
0
0
0
0
0
0
0
0
0
0
0
0
0
0
0
0
0
0
0
0
0
0
0
0
0
0
0
0
0
0
0
0
0
0
0
0
0
0
0
0
0
0
0
0
0
0
0
0
0
0
0
0
0
0
0
0
0
0
0
0
0
0
0
0
0
0
0
0
0
0
0
0
0
0
0
0
0
0
0
0
0
0
0
0
0
0
0
0
0
0
0
0
0
0
0
0
0
0
0
0
0
0
0
0
0
0
0
0
0
0
0
0
0
0
0
0
0
0
0
0
0
0
0
0
0
0
0
0
0
0
0
0
0
0
0
0
0
0
0
0
0
0
0
0
0
0
0
0
0
0
0
0
0
0
0
0
0
0
0
0
0
0
0
0
0
0
0
0
0
0
0
0
0
0
0
0
0
0
0
0
0
0
0
0
0
0
0
0
0
0
0
0
0
0
0
0
0
0
0
0
0
0
0
0
0
0
0
0
0
0
0
0
0
0
0
0
0
0
0
0
0
0
0
0
0
0
0
0
0
0
0
0
0
0
0
0
0
0
0
0
0
0
0
0
0
0
0
0
0
0
0
0
0
0
0
0
0
0
0
0
0
0
0
0
0
0
0
0
0
0
0
0
0
0
0
0
0
0
0
0
0
0
0
0
0
0
0
0
0
0
0
0
0
0
0
0
0
0
0
0
0
0
0
0
0
0
0
0
0
0
0
0
0
0
0
0
0
0
0
0
0
0
0
0
0
0
0
0
0
0
0
0
0
0
0
0
0
0
0
0
0
0
0
0
0
0
0
0
0
0
0
0
0
0
0
0
0
0
0
0
0
0
0
0
0
0
0
0
0
0
0
0
0
0
0
0
0
0
0
0
0
0
0
0
0
0
0
0
0
0
0
0
0
0
0
0
0
0
0
0
0
0
0
0
0
0
0
0
0
0
0
0
0
0
0
0
0
0
0
0
0
0
0
0
0
0
0
0
0
0
0
0
0
0
0
0
0
0
0
0
0
0
0
0
0
0
0
0
0
0
0
0
0
0
0
0
0
0
0
0
0
0
0
0
0
0
0
0
0
0
0
0
0
0
0
0
0
0
0
0
0
0
0
0
0
0
0
0
0
0
0
0
0
0
0
0
0
0
0
0
0
0
0
0
0
0
0
0
0
0
0
0
0
0
0
0
0
0
0
0
0
0
0
0
0
0
0
0
0
0
0
0
0
0
0
0
0
0
0
0
0
0
0
0
0
0
0
0
0
0
0
0
0
0
0
0
0
0
0
0
0
0
0
0
0
0
0
0
0
0
0
0
0
0
0
0
0
0
0
0
0
0
0
0
0
0
0
0
0
0
0
0
0
0
0
0
0
0
0
0
0
0
0
0
0
0
0
0
0
0
0
0
0
0
0
0
0
0
0
0
0
0
0
0
0
0
0
0
0
0
0
0
0
0
0
0
0
0
0
0
0
0
0
0
0
0
0
0
0
0
0
0
0
0
0
0
0
0
0
0
0
0
0
0
0
0
0
0
0
0
0
0
0
0
0
0
0
0
0
0
0
0
0
0
0
0
0
0
0
0
0
0
0
0
0
0
0
0
0
0
0
0
0
0
0
0
0
0
0
0
0
0
0
0
0
0
0
0
0
0
0
0
0
0
0
0
0
0
0
0
0
0
0
0
0
0
0
0
0
0
0
0
0
0
0
0
0
0
0
0
0
0
0
0
0
0
0
0
0
0
0
0
0
0
0
0
0
0
0
0
0
0
0
0
0
0
0
0
0
0
0
0
0
0
0
0
0
0
0
0
0
0
0
0
0
0
0
0
0
0
0
0
0
0
0
0
0
0
0
0
0
0
0
0
0
0
0
0
0
0
0
0
0
0
0
0
0
0
0
0
0
0
0
0
0
0
0
0
0
0
0
0
0
0
0
0
0
0
0
0
0
0
0
0
0
0
0
0
0
0
0
0
0
0
0
0
0
0
0
0
0
0
0
0
0
0
0
0
0
0
0
0
0
0
0
0
0
0
0
0
0
0
0
0
0
0
0
0
0
0
0
0
0
0
0
0
0
0
0
0
0
0
0
0
0
0
0
0
0
0
0
0
0
0
0
0
0
0
0
0
0
0
0
0
0
0
0
0
0
0
0
0
0
0
0
0
0
0
0
0
0
0
0
0
0
0
0
0
0
0
0
0
0
0
0
0
0
0
0
0
0
0
0
0
0
0
0
0
0
0
0
0
0
0
0
0
0
0
0
0
0
0
0
0
0
0
0
0
0
0
0
0
0
0
0
0
0
0
0
0
0
0
0
0
0
0
0
0
0
0
0
0
0
0
0
0
0
0
0
0
0
0
0
0
0
0
0
0
0
0
0
0
0
0
0
0
0
0
0
0
0
0
0
0
0
0
0
0
0
0
0
0
0
0
0
0
0
0
0
0
0
0
0
0
0
0
0
0
0
0
0
0
0
0
0
0
0
0
0
0
0
0
0
0
0
0
0
0
0
0
0
0
0
0
0
0
0
0
0
0
0
0
0
0
0
0
0
0
0
0
0
0
0
0
0
0
0
0
0
0
0
0
0
0
0
0
0
0
0
0
0
0
0
0
0
0
0
0
0
0
0
0
0
0
0
0
0
0
0
0
0
0
0
0
0
0
0
0
0
0
0
0
0
0
0
0
0
0
0
0
0
0
0
0
0
0
0
0
0
0
0
0
0
0
0
0
0
0
0
0
0
0
0
0
0
0
0
0
0
0
0
0
0
0
0
0
0
0
0
0
0
0
0
0
0
0
0
0
0
0
0
0
0
0
0
0
0
0
0
0
0
0
0
0
0
0
0
0
0
0
0
0
0
0
0
0
0
0
0
0
0
0
0
0
0
0
0
0
0
0
0
0
0
0
0
0
0
0
0
0
0
0
0
0
0
0
0
0
0
0
0
0
0
0
0
0
0
0
0
0
0
0
0
0
0
0
0
0
0
0
0
0
0
0
0
0
0
0
0
0
0
0
0
0
0
0
0
0
0
0
0
0
0
0
0
0
0
0
0
0
0
0
0
0
0
0
0
0
0
0
0
0
0
0
0
0
0
0
0
0
0
0
0
0
0
0
0
0
0
0
0
0
0
0
0
0
0
0
0
0
0
0
0
0
0
0
0
0
0
0
0
0
0
0
0
0
0
0
0
0
0
0
0
0
0
0
0
0
0
0
0
0
0
0
0
0
0
0
0
0
0
0
0
0
0
0
0
0
0
0
0
0
0
0
0
0
0
0
0
0
0
0
0
0
0
0
0
0
0
0
0
0
0
0
0
0
0
0
0
0
0
0
0
0
0
0
0
0
0
0
0
0
0
0
0
0
0
0
0
0
0
0
0
0
0
0
0
0
0
0
0
0
0
0
0
0
0
0
0
0
0
0
0
0
0
0
0
0
0
0
0
0
0
0
0
0
0
0
0
0
0
0
0
0
0
0
0
0
0
0
0
0
0
0
0
0
0
0
0
0
0
0
0
0
0
0
0
0
0
0
0
0
0
0
0
0
0
0
0
0
0
0
0
0
0
0
0
0
0
0
0
0
0
0
0
0
0
0
0
0
0
0
0
0
0
0
0
0
0
0
0
0
0
0
0
0
0
0
0
0
0
0
0
0
0
0
0
0
0
0
0
0
0
0
0
0
0
0
0
0
0
0
0
0
0
0
0
0
0
0
0
0
0
0
0
0
0
0
0
0
0
0
0
0
0
0
0
0
0
0
0
0
0
0
0
0
0
0
0
0
0
0
0
0
0
0
0
0
0
0
0
0
0
0
0
0
0
0
0
0
0
0
0
0
0
0
0
0
0
0
0
0
0
0
0
0
0
0
0
0
0
0
0
0
0
0
0
0
0
0
0
0
0
0
0
0
0
0
0
0
0
0
0
0
0
0
0
0
0
0
0
0
0
0
0
0
0
0
0
0
0
0
0
0
0
0
0
0
0
0
0
0
0
0
0
0
0
0
0
0
0
0
0
0
0
0
0
0
0
0
0
0
0
0
0
0
0
0
0
0
0
0
0
0
0
0
0
0
0
0
0
0
0
0
0
0
0
0
0
0
0
0
0
0
0
0
0
0
0
0
0
0
0
0
0
0
0
0
0
0
0
0
0
0
0
0
0
0
0
0
0
0
0
0
0
0
0
0
0
0
0
0
0
0
0
0
0
0
0
0
0
0
0
0
0
0
0
0
0
0
0
0
0
0
0
0
0
0
0
0
0
0
0
0
0
0
0
0
0
0
0
0
0
0
0
0
0
0
0
0
0
0
0
0
0
0
0
0
0
0
0
0
0
0
0
0
0
0
0
0
0
0
0
0
0
0
0
0
0
0
0
0
0
0
0
0
0
0
0
0
0
0
0
0
0
0
0
0
0
0
0
0
0
0
0
0
0
0
0
0
0
0
0
0
0
0
0
0
0
0
0
0
0
0
0
0
0
0
0
0
0
0
0
0
0
0
0
0
0
0
0
0
0
0
0
0
0
0
0
0
0
0
0
0
0
0
0
0
0
0
0
0
0
0
0
0
0
0
0
0
0
0
0
0
0
0
0
0
0
0
0
0
0
0
0
0
0
0
0
0
0
0
0
0
0
0
0
0
0
0
0
0
0
0
0
0
0
0
0
0
0
0
0
0
0
0
0
0
0
0
0
0
0
0
0
0
0
0
0
0
0
0
0
0
0
0
0
0
0
0
0
0
0
0
0
0
0
0
0
0
0
0
0
0
0
0
0
0
0
0
0
0
0
0
0
0
0
0
0
0
0
0
0
0
0
0
0
0
0
0
0
0
0
0
0
0
0
0
0
0
0
0
0
0
0
0
0
0
0
0
0
0
0
0
0
0
0
0
0
0
0
0
0
0
0
0
0
0
0
0
0
0
0
0
0
0
0
0
0
0
0
0
0
0
0
0
0
0
0
0
0
0
0
0
0
0
0
0
0
0
0
0
0
0
0
0
0
0
0
0
0
0
0
0
0
0
0
0
0
0
0
0
0
0
0
0
0
0
0
0
0
0
0
0
0
0
0
0
0
0
0
0
0
0
0
0
0
0
0
0
0
0
0
0
0
0
0
0
0
0
0
0
0
0
0
0
0
0
0
0
0
0
0
0
0
0
0
0
0
0
0
0
0
0
0
0
0
0
0
0
0
0
0
0
0
0
0
0
0
0
0
0
0
0
0
0
0
0
0
0
0
0
0
0
0
0
0
0
0
0
0
0
0
0
0
0
0
0
0
0
0
0
0
0
0
0
0
0
0
0
0
0
0
0
0
0
0
0
0
0
0
0
0
0
0
0
0
0
0
0
0
0
0
0
0
0
0
0
0
0
0
0
0
0
0
0
0
0
0
0
0
0
0
0
0
0
0
0
0
0
0
0
0
0
0
0
0
0
0
0
0
0
0
0
0
0
0
0
0
0
0
0
0
0
0
0
0
0
0
0
0
0
0
0
0
0
0
0
0
0
0
0
0
0
0
0
0
0
0
0
0
0
0
0
0
0
0
0
0
0
0
0
0
0
0
0
0
0
0
0
0
0
0
0
0
0
0
0
0
0
0
0
0
0
0
0
0
0
0
0
0
0
0
0
0
0
0
0
0
0
0
0
0
0
0
0
0
0
0
0
0
0
0
0
0
0
0
0
0
0
0
0
0
0
0
0
0
0
0
0
0
0
0
0
0
0
0
0
0
0
0
0
0
0
0
0
0
0
0
0
0
0
0
0
0
0
0
0
0
0
0
0
0
0
0
0
0
0
0
0
0
0
0
0
0
0
0
0
0
0
0
0
0
0
0
0
0
0
0
0
0
0
0
0
0
0
0
0
0
0
0
0
0
0
0
0
0
0
0
0
0
0
0
0
0
0
0
0
0
0
0
0
0
0
0
0
0
0
0
0
0
0
0
0
0
0
0
0
0
0
0
0
0
0
0
0
0
0
0
0
0
0
0
0
0
0
0
0
0
0
0
0
0
0
0
0
0
0
0
0
0
0
0
0
0
0
0
0
0
0
0
0
0
0
0
0
0
0
0
0
0
0
0
0
0
0
0
0
0
0
0
0
0
0
0
0
0
0
0
0
0
0
0
0
0
0
0
0
0
0
0
0
0
0
0
0
0
0
0
0
0
0
0
0
0
0
0
0
0
0
0
0
0
0
0
0
0
0
0
0
0
0
0
0
0
0
0
0
0
0
0
0
0
0
0
0
0
0
0
0
0
0
0
0
0
0
0
0
0
0
0
0
0
0
0
0
0
0
0
0
0
0
0
0
0
0
0
0
0
0
0
0
0
0
0
0
0
0
0
0
0
0
0
0
0
0
0
0
0
0
0
0
0
0
0
0
0
0
0
0
0
0
0
0
0
0
0
0
0
0
0
0
0
0
0
0
0
0
0
0
0
0
0
0
0
0
0
0
0
0
0
0
0
0
0
0
0
0
0
0
0
0
0
0
0
0
0
0
0
0
0
0
0
0
0
0
0
0
0
0
0
0
0
0
0
0
0
0
0
0
0
0
0
0
0
0
0
0
0
0
0
0
0
0
0
0
0
0
0
0
0
0
0
0
0
0
0
0
0
0
0
0
0
0
0
0
0
0
0
0
0
0
0
0
0
0
0
0
0
0
0
0
0
0
0
0
0
0
0
0
0
0
0
0
0
0
0
0
0
0
0
0
0
0
0
0
0
0
0
0
0
0
0
0
0
0
0
0
0
0
0
0
0
0
0
0
0
0
0
0
0
0
0
0
0
0
0
0
0
0
0
0
0
0
0
0
0
0
0
0
0
0
0
0
0
0
0
0
0
0
0
0
0
0
0
0
0
0
0
0
0
0
0
0
0
0
0
0
0
0
0
0
0
0
0
0
0
0
0
0
0
0
0
0
0
0
0
0
0
0
0
0
0
0
0
0
0
0
0
0
0
0
0
0
0
0
0
0
0
0
0
0
0
0
0
0
0
0
0
0
0
0
0
0
0
0
0
0
0
0
0
0
0
0
0
0
0
0
0
0
0
0
0
0
0
0
0
0
0
0
0
0
0
0
0
0
0
0
0
0
0
0
0
0
0
0
0
0
0
0
0
0
0
0
0
0
0
0
0
0
0
0
0
0
0
0
0
0
0
0
0
0
0
0
0
0
0
0
0
0
0
0
0
0
0
0
0
0
0
0
0
0
0
0
0
0
0
0
0
0
0
0
0
0
0
0
0
0
0
0
0
0
0
0
0
0
0
0
0
0
0
0
0
0
0
0
0
0
0
0
0
0
0
0
0
0
0
0
0
0
0
0
0
0
0
0
0
0
0
0
0
0
0
0
0
0
0
0
0
0
0
0
0
0
0
0
0
0
0
0
0
0
0
0
0
0
0
0
0
0
0
0
0
0
0
0
0
0
0
0
0
0
0
0
0
0
0
0
0
0
0
0
0
0
0
0
0
0
0
0
0
0
0
0
0
0
0
0
0
0
0
0
0
0
0
0
0
0
0
0
0
0
0
0
0
0
0
0
0
0
0
0
0
0
0
0
0
0
0
0
0
0
0
0
0
0
0
0
0
0
0
0
0
0
0
0
0
0
0
0
0
0
0
0
0
0
0
0
0
0
0
0
0
0
0
0
0
0
0
0
0
0
0
0
0
0
0
0
0
0
0
0
0
0
0
0
0
0
0
0
0
0
0
0
0
0
0
0
0
0
0
0
0
0
0
0
0
0
0
0
0
0
0
0
0
0
0
0
0
0
0
0
0
0
0
0
0
0
0
0
0
0
0
0
0
0
0
0
0
0
0
0
0
0
0
0
0
0
0
0
0
0
0
0
0
0
0
0
0
0
0
0
0
0
0
0
0
0
0
0
0
0
0
0
0
0
0
0
0
0
0
0
0
0
0
0
0
0
0
0
0
0
0
0
0
0
0
0
0
0
0
0
0
0
0
0
0
0
0
0
0
0
0
0
0
0
0
0
0
0
0
0
0
0
0
0
0
0
0
0
0
0
0
0
0
0
0
0
0
0
0
0
0
0
0
0
0
0
0
0
0
0
0
0
0
0
0
0
0
0
0
0
0
0
0
0
0
0
0
0
0
0
0
0
0
0
0
0
0
0
0
0
0
0
0
0
0
0
0
0
0
0
0
0
0
0
0
0
0
0
0
0
0
0
0
0
0
0
0
0
0
0
0
0
0
0
0
0
0
0
0
0
0
0
0
0
0
0
0
0
0
0
0
0
0
0
0
0
0
0
0
0
0
0
0
0
0
0
0
0
0
0
0
0
0
0
0
0
0
0
0
0
0
0
0
0
0
0
0
0
0
0
0
0
0
0
0
0
0
0
0
0
0
0
0
0
0
0
0
0
0
0
0
0
0
0
0
0
0
0
0
0
0
0
0
0
0
0
0
0
0
0
0
0
0
0
0
0
0
0
0
0
0
0
0
0
0
0
0
0
0
0
0
0
0
0
0
0
0
0
0
0
0
0
0
0
0
0
0
0
0
0
0
0
0
0
0
0
0
0
0
0
0
0
0
0
0
0
0
0
0
0
0
0
0
0
0
0
0
0
0
0
0
0
0
0
0
0
0
0
0
0
0
0
0
0
0
0
0
0
0
0
0
0
0
0
0
0
0
0
0
0
0
0
0
0
0
0
0
0
0
0
0
0
0
0
0
0
0
0
0
0
0
0
0
0
0
0
0
0
0
0
0
0
0
0
0
0
0
0
0
0
0
0
0
0
0
0
0
0
0
0
0
0
0
0
0
0
0
0
0
0
0
0
0
0
0
0
0
0
0
0
0
0
0
0
0
0
0
0
0
0
0
0
0
0
0
0
0
0
0
0
0
0
0
0
0
0
0
0
0
0
0
0
0
0
0
0
0
0
0
0
0
0
0
0
0
0
0
0
0
0
0
0
0
0
0
0
0
0
0
0
0
0
0
0
0
0
0
0
0
0
0
0
0
0
0
0
0
0
0
0
0
0
0
0
0
0
0
0
0
0
0
0
0
0
0
0
0
0
0
0
0
0
0
0
0
0
0
0
0
0
0
0
0
0
0
0
0
0
0
0
0
0
0
0
0
0
0
0
0
0
0
0
0
0
0
0
0
0
0
0
0
0
0
0
0
0
0
0
0
0
0
0
0
0
0
0
0
0
0
0
0
0
0
0
0
0
0
0
0
0
0
0
0
0
0
0
0
0
0
0
0
0
0
0
0
0
0
0
0
0
0
0
0
0
0
0
0
0
0
0
0
0
0
0
0
0
0
0
0
0
0
0
0
0
0
0
0
0
0
0
0
0
0
0
0
0
0
0
0
0
0
0
0
0
0
0
0
0
0
0
0
0
0
0
0
0
0
0
0
0
0
0
0
0
0
0
0
0
0
0
0
0
0
0
0
0
0
0
0
0
0
0
0
0
0
0
0
0
0
0
0
0
0
0
0
0
0
0
0
0
0
0
0
0
0
0
0
0
0
0
0
0
0
0
0
0
0
0
0
0
0
0
0
0
0
0
0
0
0
0
0
0
0
0
0
0
0
0
0
0
0
0
0
0
0
0
0
0
0
0
0
0
0
0
0
0
0
0
0
0
0
0
0
0
0
0
0
0
0
0
0
0
0
0
0
0
0
0
0
0
0
0
0
0
0
0
0
0
0
0
0
0
0
0
0
0
0
0
0
0
0
0
0
0
0
0
0
0
0
0
0
0
0
0
0
0
0
0
0
0
0
0
0
0
0
0
0
0
0
0
0
0
0
0
0
0
0
0
0
0
0
0
0
0
0
0
0
0
0
0
0
0
0
0
0
0
0
0
0
0
0
0
0
0
0
0
0
0
0
0
0
0
0
0
0
0
0
0
0
0
0
0
0
0
0
0
0
0
0
0
0
0
0
0
0
0
0
0
0
0
0
0
0
0
0
0
0
0
0
0
0
0
0
0
0
0
0
0
0
0
0
0
0
0
0
0
0
0
0
0
0
0
0
0
0
0
0
0
0
0
0
0
0
0
0
0
0
0
0
0
0
0
0
0
0
0
0
0
0
0
0
0
0
0
0
0
0
0
0
0
0
0
0
0
0
0
0
0
0
0
0
0
0
0
0
0
0
0
0
0
0
0
0
0
0
0
0
0
0
0
0
0
0
0
0
0
0
0
0
0
0
0
0
0
0
0
0
0
0
0
0
0
0
0
0
0
0
0
0
0
0
0
0
0
0
0
0
0
0
0
0
0
0
0
0
0
0
0
0
0
0
0
0
0
0
0
0
0
0
0
0
0
0
0
0
0
0
0
0
0
0
0
0
0
0
0
0
0
0
0
0
0
0
0
0
0
0
0
0
0
0
0
0
0
0
0
0
0
0
0
0
0
0
0
0
0
0
0
0
0
0
0
0
0
0
0
0
0
0
0
0
0
0
0
0
0
0
0
0
0
0
0
0
0
0
0
0
0
0
0
0
0
0
0
0
0
0
0
0
0
0
0
0
0
0
0
0
0
0
0
0
0
0
0
0
0
0
0
0
0
0
0
0
0
0
0
0
0
0
0
0
0
0
0
0
0
0
0
0
0
0
0
0
0
0
0
0
0
0
0
0
0
0
0
0
0
0
0
0
0
0
0
0
0
0
0
0
0
0
0
0
0
0
0
0
0
0
0
0
0
0
0
0
0
0
0
0
0
0
0
0
0
0
0
0
0
0
0
0
0
0
0
0
0
0
0
0
0
0
0
0
0
0
0
0
0
0
0
0
0
0
0
0
0
0
0
0
0
0
0
0
0
0
0
0
0
0
0
0
0
0
0
0
0
0
0
0
0
0
0
0
0
0
0
0
0
0
0
0
0
0
0
0
0
0
0
0
0
0
0
0
0
0
0
0
0
0
0
0
0
0
0
0
0
0
0
0
0
0
0
0
0
0
0
0
0
0
0
0
0
0
0
0
0
0
0
0
0
0
0
0
0
0
0
0
0
0
0
0
0
0
0
0
0
0
0
0
0
0
0
0
0
0
0
0
0
0
0
0
0
0
0
0
0
0
0
0
0
0
0
0
0
0
0
0
0
0
0
0
0
0
0
0
0
0
0
0
0
0
0
0
0
0
0
0
0
0
0
0
0
0
0
0
0
0
0
0
0
0
0
0
0
0
0
0
0
0
0
0
0
0
0
0
0
0
0
0
0
0
0
0
0
0
0
0
0
0
0
0
0
0
0
0
0
0
0
0
0
0
0
0
0
0
0
0
0
0
0
0
0
0
0
0
0
0
0
0
0
0
0
0
0
0
0
0
0
0
0
0
0
0
0
0
0
0
0
0
0
0
0
0
0
0
0
0
0
0
0
0
0
0
0
0
0
0
0
0
0
0
0
0
0
0
0
0
0
0
0
0
0
0
0
0
0
0
0
0
0
0
0
0
0
0
0
0
0
0
0
0
0
0
0
0
0
0
0
0
0
0
0
0
0
0
0
0
0
0
0
0
0
0
0
0
0
0
0
0
0
0
0
0
0
0
0
0
0
0
0
0
0
0
0
0
0
0
0
0
0
0
0
0
0
0
0
0
0
0
0
0
0
0
0
0
0
0
0
0
0
0
0
0
0
0
0
0
0
0
0
0
0
0
0
0
0
0
0
0
0
0
0
0
0
0
0
0
0
0
0
0
0
0
0
0
0
0
0
0
0
0
0
0
0
0
0
0
0
0
0
0
0
0
0
0
0
0
0
0
0
0
0
0
0
0
0
0
0
0
0
0
0
0
0
0
0
0
0
0
0
0
0
0
0
0
0
0
0
0
0
0
0
0
0
0
0
0
0
0
0
0
0
0
0
0
0
0
0
0
0
0
0
0
0
0
0
0
0
0
0
0
0
0
0
0
0
0
0
0
0
0
0
0
0
0
0
0
0
0
0
0
0
0
0
0
0
0
0
0
0
0
0
0
0
0
0
0
0
0
0
0
0
0
0
0
0
0
0
0
0
0
0
0
0
0
0
0
0
0
0
0
0
0
0
0
0
0
0
0
0
0
0
0
0
0
0
0
0
0
0
0
0
0
0
0
0
0
0
0
0
0
0
0
0
0
0
0
0
0
0
0
0
0
0
0
0
0
0
0
0
0
0
0
0
0
0
0
0
0
0
0
0
0
0
0
0
0
0
0
0
0
0
0
0
0
0
0
0
0
0
0
0
0
0
0
0
0
0
0
0
0
0
0
0
0
0
0
0
0
0
0
0
0
0
0
0
0
0
0
0
0
0
0
0
0
0
0
0
0
0
0
0
0
0
0
0
0
0
0
0
0
0
0
0
0
0
0
0
0
0
0
0
0
0
0
0
0
0
0
0
0
0
0
0
0
0
0
0
0
0
0
0
0
0
0
0
0
0
0
0
0
0
0
0
0
0
0
0
0
0
0
0
0
0
0
0
0
0
0
0
0
0
0
0
0
0
0
0
0
0
0
0
0
0
0
0
0
0
0
0
0
0
0
0
0
0
0
0
0
0
0
0
0
0
0
0
0
0
0
0
0
0
0
0
0
0
0
0
0
0
0
0
0
0
0
0
0
0
0
0
0
0
0
0
0
0
0
0
0
0
0
0
0
0
0
0
0
0
0
0
0
0
0
0
0
0
0
0
0
0
0
0
0
0
0
0
0
0
0
0
0
0
0
0
0
0
0
0
0
0
0
0
0
0
0
0
0
0
0
0
0
0
0
0
0
0
0
0
0
0
0
0
0
0
0
0
0
0
0
0
0
0
0
0
0
0
0
0
0
0
0
0
0
0
0
0
0
0
0
0
0
0
0
0
0
0
0
0
0
0
0
0
0
0
0
0
0
0
0
0
0
0
0
0
0
0
0
0
0
0
0
0
0
0
0
0
0
0
0
0
0
0
0
0
0
0
0
0
0
0
0
0
0
0
0
0
0
0
0
0
0
0
0
0
0
0
0
0
0
0
0
0
0
0
0
0
0
0
0
0
0
0
0
0
0
0
0
0
0
0
0
0
0
0
0
0
0
0
0
0
0
0
0
0
0
0
0
0
0
0
0
0
0
0
0
0
0
0
0
0
0
0
0
0
0
0
0
0
0
0
0
0
0
0
0
0
0
0
0
0
0
0
0
0
0
0
0
0
0
0
0
0
0
0
0
0
0
0
0
0
0
0
0
0
0
0
0
0
0
0
0
0
0
0
0
0
0
0
0
0
0
0
0
0
0
0
0
0
0
0
0
0
0
0
0
0
0
0
0
0
0
0
0
0
0
0
0
0
0
0
0
0
0
0
0
0
0
0
0
0
0
0
0
0
0
0
0
0
0
0
0
0
0
0
0
0
0
0
0
0
0
0
0
0
0
0
0
0
0
0
0
0
0
0
0
0
0
0
0
0
0
0
0
0
0
0
0
0
0
0
0
0
0
0
0
0
0
0
0
0
0
0
0
0
0
0
0
0
0
0
0
0
0
0
0
0
0
0
0
0
0
0
0
0
0
0
0
0
0
0
0
0
0
0
0
0
0
0
0
0
0
0
0
0
0
0
0
0
0
0
0
0
0
0
0
0
0
0
0
0
0
0
0
0
0
0
0
0
0
0
0
0
0
0
0
0
0
0
0
0
0
0
0
0
0
0
0
0
0
0
0
0
0
0
0
0
0
0
0
0
0
0
0
0
0
0
0
0
0
0
0
0
0
0
0
0
0
0
0
0
0
0
0
0
0
0
0
0
0
0
0
0
0
0
0
0
0
0
0
0
0
0
0
0
0
0
0
0
0
0
0
0
0
0
0
0
0
0
0
0
0
0
0
0
0
0
0
0
0
0
0
0
0
0
0
0
0
0
0
0
0
0
0
0
0
0
0
0
0
0
0
0
0
0
0
0
0
0
0
0
0
0
0
0
0
0
0
0
0
0
0
0
0
0
0
0
0
0
0
0
0
0
0
0
0
0
0
0
0
0
0
0
0
0
0
0
0
0
0
0
0
0
0
0
0
0
0
0
0
0
0
0
0
0
0
0
0
0
0
0
0
0
0
0
0
0
0
0
0
0
0
0
0
0
0
0
0
0
0
0
0
0
0
0
0
0
0
0
0
0
0
0
0
0
0
0
0
0
0
0
0
0
0
0
0
0
0
0
0
0
0
0
0
0
0
0
0
0
0
0
0
0
0
0
0
0
0
0
0
0
0
0
0
0
0
0
0
0
0
0
0
0
0
0
0
0
0
0
0
0
0
0
0
0
0
0
0
0
0
0
0
0
0
0
0
0
0
0
0
0
0
0
0
0
0
0
0
0
0
0
0
0
0
0
0
0
0
0
0
0
0
0
0
0
0
0
0
0
0
0
0
0
0
0
0
0
0
0
0
0
0
0
0
0
0
0
0
0
0
0
0
0
0
0
0
0
0
0
0
0
0
0
0
0
0
0
0
0
0
0
0
0
0
0
0
0
0
0
0
0
0
0
0
0
0
0
0
0
0
0
0
0
0
0
0
0
0
0
0
0
0
0
0
0
0
0
0
0
0
0
0
0
0
0
0
0
0
0
0
0
0
0
0
0
0
0
0
0
0
0
0
0
0
0
0
0
0
0
0
0
0
0
0
0
0
0
0
0
0
0
0
0
0
0
0
0
0
0
0
0
0
0
0
0
0
0
0
0
0
0
0
0
0
0
0
0
0
0
0
0
0
0
0
0
0
0
0
0
0
0
0
0
0
0
0
0
0
0
0
0
0
0
0
0
0
0
0
0
0
0
0
0
0
0
0
0
0
0
0
0
0
0
0
0
0
0
0
0
0
0
0
0
0
0
0
0
0
0
0
0
0
0
0
0
0
0
0
0
0
0
0
0
0
0
0
0
0
0
0
0
0
0
0
0
0
0
0
0
0
0
0
0
0
0
0
0
0
0
0
0
0
0
0
0
0
0
0
0
0
0
0
0
0
0
0
0
0
0
0
0
0
0
0
0
0
0
0
0
0
0
0
0
0
0
0
0
0
0
0
0
0
0
0
0
0
0
0
0
0
0
0
0
0
0
0
0
0
0
0
0
0
0
0
0
0
0
0
0
0
0
0
0
0
0
0
0
0
0
0
0
0
0
0
0
0
0
0
0
0
0
0
0
0
0
0
0
0
0
0
0
0
0
0
0
0
0
0
0
0
0
0
0
0
0
0
0
0
0
0
0
0
0
0
0
0
0
0
0
0
0
0
0
0
0
0
0
0
0
0
0
0
0
0
0
0
0
0
0
0
0
0
0
0
0
0
0
0
0
0
0
0
0
0
0
0
0
0
0
0
0
0
0
0
0
0
0
0
0
0
0
0
0
0
0
0
0
0
0
0
0
0
0
0
0
0
0
0
0
0
0
0
0
0
0
0
0
0
0
0
0
0
0
0
0
0
0
0
0
0
0
0
0
0
0
0
0
0
0
0
0
0
0
0
0
0
0
0
0
0
0
0
0
0
0
0
0
0
0
0
0
0
0
0
0
0
0
0
0
0
0
0
0
0
0
0
0
0
0
0
0
0
0
0
0
0
0
0
0
0
0
0
0
0
0
0
0
0
0
0
0
0
0
0
0
0
0
0
0
0
0
0
0
0
0
0
0
0
0
0
0
0
0
0
0
0
0
0
0
0
0
0
0
0
0
0
0
0
0
0
0
0
0
0
0
0
0
0
0
0
0
0
0
0
0
0
0
0
0
0
0
0
0
0
0
0
0
0
0
0
0
0
0
0
0
0
