22
409
-2752
629
-1672
-2226
-2258
-159
378
-4274
-227
-1603
-3681
-1360
15
295
1
455
-1707
-1689
-2139
-2307
-18676
-321
267
-2686
-2673
-4408
-3502
-16833
-65
-190
-95
333
-3126
-1475
-2018
-1976
-2288
-28
786
-3803
-1745
-800
-3003
-293
116
915
19
422
-267
-1653
-1111
-2339
-20430
-258
308
-1425
-1797
-3628
-2492
-22192
-7
710
-106
765
-3803
112
-3323
-2020
-2813
-102
1075
-3935
139
-1666
-2889
-10
-16
1204
79
457
-1506
-2829
-1089
-2851
-18456
-129
67
-2914
-2894
-4189
-3238
-22105
8
21
-24
1203
-3672
78
-4771
-2746
-3266
-215
1762
-3963
98
-3469
-3668
-1378
-152
1475
45
189
-2761
-3674
199
-3252
-14353
-238
-303
-3485
-4489
-3936
-4474
-14238
-40
-23
-139
1375
-2731
-945
-3501
-2821
-2999
-359
1416
-3515
-1136
-4330
-4306
-591
-263
1705
93
-3
-3499
-3231
449
-2962
-18948
-240
-325
-5570
-5422
-2969
-4534
-16270
-61
75
-443
1671
-3792
-2507
-5278
-3272
-3628
-423
809
-5107
-3243
-5982
-5145
599
-224
1639
156
632
-1866
-3148
557
-3617
-16888
-51
896
-6047
-6050
-1891
-5539
-12663
83
682
-544
834
-4752
-3791
-6235
-3512
-4384
-349
737
-4938
-4088
-5216
-4405
-1084
-180
1037
131
-430
-806
-3620
605
-4170
-15491
135
-540
-3111
-5038
-1681
-4945
-15893
183
-619
-216
692
-3188
-1865
-3958
-3035
-3632
-146
416
-2670
-1435
-2189
-3603
-2121
61
954
21
-1948
-812
-3250
-1632
-3580
-17176
-91
-1898
-1985
-3412
-3782
-3520
-21643
139
-1505
138
551
-3182
1815
-4246
-2002
-3015
27
-230
-4349
1927
-4414
-3843
-1099
22
-288
-69
960
-3389
-3013
-1391
-3004
-16811
-489
297
-5392
-2074
-4925
-3699
-16536
-275
-121
-48
-16
-3690
-2729
-4132
-2310
-3868
101
-290
-3052
-1796
-3525
-2507
1353
77
635
-22
883
-2579
-3344
341
-3815
-17236
-440
-486
-4266
-927
-2734
-2597
-25338
-176
-225
-183
-59
-2961
-1719
-3476
-381
-3169
-205
609
-3694
-2106
-2653
-3596
305
-237
1396
125
1566
-2478
-2607
-2131
-3023
-24225
-106
1025
-5170
-3924
-5134
-4073
-21979
-29
1115
-167
1029
-4569
-955
-6558
-3702
-5041
-300
1756
-4381
-486
-5938
-5386
-2035
-270
1503
-63
1051
-3344
-5063
-1582
-4849
-16442
21
722
-4940
-6489
-6009
-5974
-17466
118
1052
-81
1879
-3171
-2953
-4498
-3741
-4262
-258
863
-2961
-1156
-5123
-5039
-2682
-137
178
32
-39
-2345
-4192
-1316
-4191
-14856
-86
-1018
-3958
-5765
-4244
-4620
-15690
150
-547
-1
1001
-4014
-4269
-5051
-2770
-3868
-37
518
-4769
-3117
-5265
-4926
-236
27
-1150
122
-70
-1633
-2131
-393
-3933
-18856
-106
430
-3962
-5906
-3911
-5253
-16353
155
1422
-142
134
-4706
-4902
-5593
-2245
-4320
95
-327
-5887
-4694
-4207
-4962
-465
-35
-1267
-83
-1084
-3110
-1882
1463
-4026
-20417
-82
-1797
-4548
-5363
-3733
-5814
-15873
71
-839
-46
-599
-2777
-2845
-3521
-896
-2968
105
-901
-2206
-1832
-1284
-2335
-1328
47
-438
-105
-2051
-1355
-1288
-615
-2723
-21895
-112
-2036
-2070
-2145
-3474
-2597
-25217
-39
-1277
249
88
-2383
1157
-3831
-1768
-2814
143
-267
-3202
1345
-4702
-3437
-272
130
-832
-228
956
-3084
-3019
-1394
-2691
-14921
-480
-45
-5075
-2586
-4710
-3537
-15394
-311
-393
250
-738
-3005
-1873
-4979
-585
-3793
195
-294
-2911
-1325
-4574
-2618
651
-4
-588
-204
841
-3490
-4811
146
-3616
-16885
-433
764
-5168
-2643
-3952
-3108
-21203
-238
1009
37
-1438
-2213
-4516
-5391
-10
-4945
-23
-741
-1040
-3963
-3177
-2094
-1218
-65
-718
-11
955
-6261
-5492
58
-4772
-11727
-129
618
-6004
-3975
-4024
-3414
-17217
108
542
-16
-1055
-3217
-2567
-4833
-1814
-4801
-83
-2059
-2628
-2161
-3668
-3570
51
-62
-2955
41
1517
-4695
-5058
-696
-4680
-15557
-183
1432
-5927
-4986
-4770
-4406
-20324
172
1539
385
152
-3743
-3907
-5144
-2591
-4850
41
-275
-2535
-2002
-3446
-3971
-1987
-26
-702
150
347
-1419
-3635
-3246
-4853
-18941
-221
-711
-2878
-4991
-5561
-3669
-25731
44
-337
477
473
-4423
-6132
-6061
-3276
-5106
156
882
-3326
-4106
-4935
-4133
-2077
-71
192
146
508
-1348
-2785
-1017
-5139
-15109
-251
1096
-2097
-4906
-3449
-4022
-20062
75
1377
448
650
-4090
-6269
-5600
-1256
-4809
272
1026
-3492
-5556
-5052
-3148
-1503
-11
171
-178
-353
-2998
-2585
-169
-4723
-15090
-451
-1488
-2444
-5140
-3465
-4144
-16825
-91
2
295
747
-1644
-3556
-3170
-356
-3194
179
1085
-1781
-3859
-4063
-3096
-1869
96
407
-159
-1265
-2699
-2316
-1224
-3197
-19078
-307
-1708
-2893
-3852
-4101
-3007
-17448
-208
-839
251
-271
-1843
547
-3025
-3038
-3206
145
702
-2408
1007
-4801
-3930
-27
263
503
-289
676
-3488
-3226
-1950
-3074
-14960
-319
-138
-6370
-4201
-5656
-3959
-15805
-329
-286
365
30
-2183
-2704
-3742
-370
-2702
266
735
-2895
-2929
-3720
-2782
2650
44
1602
-190
13
-2871
-3186
874
-2624
-22725
-318
-1353
-6345
-3972
-3994
-2111
-23149
-290
-384
269
-519
-510
-3987
-4256
1003
-3524
174
191
-738
-3681
-2984
-2001
128
-36
312
-10
866
-4653
-3635
-354
-3297
-13525
-143
-70
-6205
-4526
-4295
-2712
-15072
-36
370
174
962
-1649
-3603
-4130
-295
-3692
123
805
-972
-1628
-2757
-1922
-45
-31
265
89
842
-4657
-2785
-219
-3663
-23198
-209
1575
-6204
-2965
-3609
-2680
-30030
62
1937
387
1337
-1851
-1945
-3725
-2764
-3917
230
1944
-3230
-1107
-5331
-5873
-1032
-128
2470
3
382
-4801
-1319
-2796
-4199
-24311
-235
528
-8416
-5728
-6491
-5531
-18564
-62
533
515
73
-2895
-3202
-2732
-3486
-3547
163
34
-4664
-3265
-5868
-6098
-1666
-39
977
68
476
-2484
-2011
-1340
-3704
-25504
-274
66
-4722
-6199
-3762
-4498
-18171
-65
180
381
-484
-4801
-3586
-2545
-2388
-4004
322
-344
-4819
-4576
-4876
-3506
674
-58
-240
-194
-709
-1422
-3640
-1266
-3872
-20725
-179
-748
-2484
-5306
-2961
-3570
-22598
-83
93
186
40
-3429
-2006
-2318
-2123
-3578
140
40
-4376
-3038
-4869
-4407
62
37
-605
-191
-1161
-2543
-3736
-1101
-3546
-18599
-276
-1473
-3776
-4843
-3889
-3981
-16986
-233
-961
175
-349
-1801
-2787
-3136
-4904
-4842
141
447
-2237
-4439
-5277
-4931
3534
286
-390
-391
1166
-2607
-5193
-2347
-4664
-13176
-397
721
-6653
-5620
-6903
-5408
-17298
-289
454
62
188
-939
-4094
-2687
-3164
-3786
82
-290
-1986
-5497
-5457
-4204
3607
60
-832
-272
-1036
-1632
-5083
-1822
-3954
-15387
-376
-2579
-6621
-5459
-5562
-3452
-16841
-209
-2269
-2
-22
-246
-781
-2144
-1680
-2569
-110
457
-2246
-1623
-4549
-4614
754
54
553
29
1703
-2772
-3288
-2239
-2604
-18278
-260
861
-6457
-5350
-6759
-3811
-13202
-106
1807
-185
-787
-2315
1174
-4646
-3688
-4455
-186
532
-4367
1629
-6860
-6120
-1905
-29
483
-70
1509
-5615
-5285
-1553
-4379
-17503
-203
936
-9016
-6115
-7156
-6065
-12972
103
791
-14
-886
-5447
807
-4381
-6725
-6204
-35
-270
-4921
1668
-5573
-5711
-2709
89
-551
-173
728
-7287
-4942
-2663
-6192
-11285
-96
259
-8453
-5187
-5269
-5795
-16516
114
181
24
-686
-5789
376
-3652
-6095
-5118
-46
-1241
-5088
1608
-4503
-5435
-4081
153
-744
15
-1158
-3123
-4555
-3328
-5267
-13356
-86
-2852
-4523
-5391
-3986
-4440
-18432
73
-2378
123
-660
-5097
385
-2107
-4619
-4707
-48
-626
-5711
68
-4916
-5320
-1473
154
-1193
-178
340
-2568
-5322
-3798
-4554
-16070
-103
177
-4408
-6144
-6552
-5009
-16624
-110
828
176
-440
-4727
-607
-3870
-3051
-4001
49
-347
-5182
-1047
-4891
-4502
8
185
-1361
-353
-1349
-2103
-4177
-901
-3841
-19733
-362
-1755
-3389
-4662
-4469
-4548
-21058
-225
-1260
233
-566
-2356
-4087
-4714
-5216
-5538
165
-515
-3579
-7707
-7453
-6533
3692
182
-232
-391
863
-423
-6634
-3236
-5459
-15330
-475
1181
-5247
-7102
-8401
-6526
-15852
-288
1168
202
-47
-894
-2599
-3606
-4968
-4863
89
-392
-1997
-5159
-7412
-5886
2369
171
-548
-327
-2467
-1451
-6771
-3510
-4978
-14123
-403
-3553
-6741
-6137
-7879
-3967
-14978
-247
-2707
-36
-997
-2825
2859
-3715
-3438
-3477
-143
-961
-4312
2362
-5509
-4937
-733
127
125
57
641
-2928
-4911
-3637
-3658
-14891
-187
-130
-7013
-4841
-7244
-3986
-12840
7
-28
-128
-538
-5416
3754
-5716
-4928
-5048
-164
-1027
-6719
3498
-6723
-5963
-2084
-17
-386
-2
1615
-4293
-6739
-2445
-5126
-15702
-18
1787
-6496
-5898
-7460
-5844
-16144
103
960
-69
-1496
-4995
3306
-4225
-4759
-4627
-137
-2478
-6284
2174
-4236
-5937
-2232
94
-2246
15
280
-4668
-4486
-3323
-4320
-20338
86
732
-6630
-5783
-6526
-5440
-19388
-24
962
-39
-1933
-3684
1883
-1460
-2976
-2876
-54
-2039
-4676
1457
-1813
-4407
-3840
-106
-1599
108
-233
-3032
-1466
-4332
-2634
-19729
139
-1661
-4813
-4605
-5684
-3926
-14931
-104
-1475
202
-1039
-3575
1091
-2102
-1557
-2800
107
-659
-4355
294
-3253
-3622
-2265
26
-349
-225
1143
-2590
-1508
-3737
-2600
-20853
-58
1609
-4080
-4346
-5633
-3691
-17570
-227
1575
299
-1234
-3260
1023
-4267
-1454
-2813
137
-889
-4156
163
-4481
-3869
353
147
-957
-384
-1211
-2765
-2266
-1120
-2542
-20371
-328
-1203
-4784
-4020
-4818
-4084
-18547
-302
-1189
77
-599
-4194
-3278
-3842
-3592
-4718
155
-533
-4560
-5547
-6549
-4618
2217
56
363
-423
1054
-1022
-5386
-1105
-4649
-19502
-305
1450
-3951
-5944
-5331
-4768
-20992
-173
1282
88
-696
-2745
-409
-3266
-2262
-3368
72
-1036
-3204
-1678
-6452
-3292
673
34
335
-293
-1564
-1555
-4269
-1591
-3383
-17887
-223
-3062
-4436
-3628
-5075
-1844
-19191
-288
-1723
-74
-960
-2228
4586
-4044
-1647
-2206
-298
-702
-4763
5493
-6869
-4064
-2511
-61
-622
162
81
-4591
-3220
-1448
-2173
-22063
-144
113
-8384
-3988
-5646
-1852
-15080
-114
563
-81
-1338
-4063
4648
-4634
-1450
-2960
-91
-743
-5892
5655
-6286
-3999
-2325
-18
-1203
-72
515
-3755
-4404
-1979
-2967
-16920
-35
76
-6362
-4817
-6366
-3075
-13442
-153
-735
-85
-1454
-2767
2143
-1862
-360
-1626
-195
-94
-3681
2604
-3061
-2812
-2305
-78
111
16
-202
-1846
-1949
-2175
-1426
-26570
31
-584
-3949
-3636
-4286
-1758
-24028
-140
-1011
-273
-173
-2364
852
419
-1040
-2092
-279
1776
-2927
648
-2243
-2324
-2913
-316
1561
42
1493
-3377
-1362
-4137
-1876
-22255
124
2764
-5380
-3733
-4394
-1512
-18732
67
2170
-123
77
-4469
-339
-1253
-2110
-3891
-55
1425
-3561
-342
-4341
-1594
-1261
-2
1271
-286
564
-4648
-3205
-3169
-3810
-14333
42
-107
-6183
-4289
-4035
-2102
-18766
-52
-238
7
-832
-1894
690
-2893
-910
-2283
-65
46
-2378
399
-3833
-2765
259
-70
81
-258
-954
-3645
-1303
-1011
-2079
-23659
-188
-1283
-5968
-3897
-4584
-2811
-23002
-207
-401
-88
-1355
-1888
-2275
-1198
86
-3073
-81
-1619
-2054
-4214
-2975
-2212
-501
-94
-1181
-307
429
-2437
-3199
-3498
-3048
-15445
-90
574
-2183
-4322
-5773
-3512
-15067
96
399
-216
-1577
-1716
-59
74
1017
-1690
-269
-1777
-1087
-355
-1811
-232
-689
-170
-1265
-127
-1279
-3076
-2244
-2260
-1462
-14314
-243
-1557
-2865
-1603
-3529
-396
-17944
-30
-1612
-346
-1025
-2705
1620
-1257
-172
-1724
-433
-811
-2236
2882
-3413
-586
-1557
-208
-1351
50
160
-3865
-2354
-777
-1571
-13822
-228
977
-4226
-1647
-2764
276
-17297
-153
1207
-295
-534
-2920
1221
-3056
-736
-2317
-394
-400
-3124
2758
-4753
-2014
-3094
-96
-1044
-92
867
-2329
-3554
-1514
-2399
-11529
-248
752
-2651
-3709
-4558
-1522
-12330
-146
880
-303
-511
-1715
113
-1765
-203
-1691
-417
-216
-2141
267
-2986
-1567
-2121
-212
-409
17
182
-1281
-3133
-1284
-1649
-14231
-106
-686
-799
-3242
-4132
-1384
-15825
-23
-1072
-672
-721
-2071
-1874
-161
-995
-2257
-602
-857
-1864
-2375
-2542
-543
-377
-227
-765
105
1821
-2127
-3631
-1526
-2295
-14800
123
1989
-2267
-2691
-3409
-994
-20473
299
2009
-627
-547
-121
-3119
-601
-2069
-2773
-478
-1091
-1636
-4662
-4182
-2967
1363
-254
-838
-146
212
-3468
-3701
-1455
-2789
-18375
98
-420
-6329
-5153
-5676
-3578
-16005
225
-461
-458
-732
1027
-2553
-1190
-2143
-2667
-477
-560
-413
-4247
-3692
-4544
1682
-150
-332
-134
-1085
-4083
-3162
-972
-2608
-21553
-186
-1064
-6977
-5464
-6146
-4333
-17957
104
-96
0
0
0
0
0
0
0
0
0
0
0
-2506
-855
-2105
-953
-2075
0
0
0
0
0
0
0
0
0
0
0
-328
-1141
-2253
-2101
-15422
0
0
0
0
0
0
0
0
0
0
0
-2423
-1604
-2271
5
-1723
0
0
0
0
0
0
0
0
0
0
0
454
-1295
-1464
-1779
-19953
0
0
0
0
0
0
0
0
0
0
0
-2554
-695
-3282
-19
-1962
0
0
0
0
0
0
0
0
0
0
0
-384
-2071
-1221
-1985
-18476
0
0
0
0
0
0
0
0
0
0
0
-2709
-831
-4162
37
-2147
0
0
0
0
0
0
0
0
0
0
0
-1507
-2098
-69
-2056
-15670
0
0
0
0
0
0
0
0
0
0
0
-3667
-2017
-3900
15
-2560
0
0
0
0
0
0
0
0
0
0
0
-2599
-1438
169
-2429
-17854
0
0
0
0
0
0
0
0
0
0
0
-5064
-3404
-5306
-1379
-3670
0
0
0
0
0
0
0
0
0
0
0
-2005
-1346
-289
-3601
-14416
0
0
0
0
0
0
0
0
0
0
0
-4990
-3672
-5340
-3222
-3933
0
0
0
0
0
0
0
0
0
0
0
-702
-2116
-194
-3881
-14080
0
0
0
0
0
0
0
0
0
0
0
-4171
-2207
-3948
-1879
-2988
0
0
0
0
0
0
0
0
0
0
0
638
-1791
-1671
-2911
-16520
0
0
0
0
0
0
0
0
0
0
0
-2667
239
-3794
688
-2298
0
0
0
0
0
0
0
0
0
0
0
-1685
-1749
-2378
-2363
-16008
0
0
0
0
0
0
0
0
0
0
0
-3393
-2325
-4343
2223
-2637
0
0
0
0
0
0
0
0
0
0
0
-1865
-2333
-1820
-2647
-20487
0
0
0
0
0
0
0
0
0
0
0
-4701
-3499
-6190
3219
-4287
0
0
0
0
0
0
0
0
0
0
0
-3917
-3025
-4547
-4328
-14261
0
0
0
0
0
0
0
0
0
0
0
-4825
-1954
-6837
639
-4128
0
0
0
0
0
0
0
0
0
0
0
-3386
-3053
-2912
-4248
-14751
0
0
0
0
0
0
0
0
0
0
0
-4797
-3012
-4617
497
-3444
0
0
0
0
0
0
0
0
0
0
0
-1801
-1788
-2861
-3441
-15249
0
0
0
0
0
0
0
0
0
0
0
-5749
-4924
-5439
1204
-4216
0
0
0
0
0
0
0
0
0
0
0
-2616
-1285
-3745
-4289
-14273
0
0
0
0
0
0
0
0
0
0
0
-4958
-4542
-5514
1480
-3900
0
0
0
0
0
0
0
0
0
0
0
-3432
-1571
-2227
-3719
-18993
0
0
0
0
0
0
0
0
0
0
0
-3986
-3438
-4891
985
-3209
0
0
0
0
0
0
0
0
0
0
0
-1248
-1241
-3159
-3000
-17298
0
0
0
0
0
0
0
0
0
0
0
-1509
551
-3157
-136
-1807
0
0
0
0
0
0
0
0
0
0
0
-1365
-2359
-1358
-1877
-15501
0
0
0
0
0
0
0
0
0
0
0
-3173
-2264
-4000
2794
-2809
0
0
0
0
0
0
0
0
0
0
0
-2844
-4790
-1300
-2830
-17311
0
0
0
0
0
0
0
0
0
0
0
-4901
-3809
-4094
3912
-3628
0
0
0
0
0
0
0
0
0
0
0
-4482
-5829
-1846
-3674
-14604
0
0
0
0
0
0
0
0
0
0
0
-4573
-3140
-4928
3363
-3900
0
0
0
0
0
0
0
0
0
0
0
-3933
-5105
-2939
-3862
-17201
0
0
0
0
0
0
0
0
0
0
0
-5276
-4222
-6486
1694
-4794
0
0
0
0
0
0
0
0
0
0
0
-1918
-2849
-6206
-4679
-16095
0
0
0
0
0
0
0
0
0
0
0
-5584
-5375
-6314
441
-4513
0
0
0
0
0
0
0
0
0
0
0
-1387
-1743
-4598
-4486
-15514
0
0
0
0
0
0
0
0
0
0
0
-5337
-4798
-5638
3037
-3879
0
0
0
0
0
0
0
0
0
0
0
-2444
-3767
-2617
-3780
-16935
0
0
0
0
0
0
0
0
0
0
0
-3870
-3068
-3617
2422
-2911
0
0
0
0
0
0
0
0
0
0
0
-1808
-3064
-2493
-2743
-17497
0
0
0
0
0
0
0
0
0
0
0
-1113
250
-2929
-1724
-2127
0
0
0
0
0
0
0
0
0
0
0
-1420
-3035
-607
-2199
-16102
0
0
0
0
0
0
0
0
0
0
0
-3099
-3078
-4187
1698
-3221
0
0
0
0
0
0
0
0
0
0
0
-2977
-4626
-633
-3242
-17672
0
0
0
0
0
0
0
0
0
0
0
-3238
-2785
-2776
3803
-2414
0
0
0
0
0
0
0
0
0
0
0
-2897
-4835
-1447
-2418
-16643
0
0
0
0
0
0
0
0
0
0
0
-3952
-4296
-5314
3116
-4154
0
0
0
0
0
0
0
0
0
0
0
-4648
-5074
-1535
-4218
-18778
0
0
0
0
0
0
0
0
0
0
0
-3630
-3283
-5326
-308
-4355
0
0
0
0
0
0
0
0
0
0
0
-4283
-1575
-3596
-4260
-17750
0
0
0
0
0
0
0
0
0
0
0
-3842
-3127
-3768
-350
-3216
0
0
0
0
0
0
0
0
0
0
0
-1258
-963
-3795
-3122
-23137
0
0
0
0
0
0
0
0
0
0
0
-4972
-2830
-2646
78
-3699
0
0
0
0
0
0
0
0
0
0
0
-823
-4904
-2852
-3520
-18096
0
0
0
0
0
0
0
0
0
0
0
-3328
-1848
-2072
443
-2957
0
0
0
0
0
0
0
0
0
0
0
-1436
-4544
-1902
-2594
-17173
0
0
0
0
0
0
0
0
0
0
0
-1280
-1687
-3637
-3111
-3277
0
0
0
0
0
0
0
0
0
0
0
-750
-5388
-458
-3133
-16182
0
0
0
0
0
0
0
0
0
0
0
-2319
-2803
-3252
-1246
-3074
0
0
0
0
0
0
0
0
0
0
0
-203
-5767
-165
-2816
-17218
0
0
0
0
0
0
0
0
0
0
0
-2036
-1234
-1292
531
-1712
0
0
0
0
0
0
0
0
0
0
0
-1345
-3263
-1076
-1666
-18371
0
0
0
0
0
0
0
0
0
0
0
-3035
-1001
-3601
-930
-3093
0
0
0
0
0
0
0
0
0
0
0
-3340
-4368
41
-2882
-17627
0
0
0
0
0
0
0
0
0
0
0
-3798
-339
-3132
-3728
-3619
0
0
0
0
0
0
0
0
0
0
0
-4357
-2103
-1591
-3544
-18551
0
0
0
0
0
0
0
0
0
0
0
-5628
-1221
-2975
-4121
-4228
0
0
0
0
0
0
0
0
0
0
0
-2307
-1385
-4209
-4097
-14095
0
0
0
0
0
0
0
0
0
0
0
-4157
-21
-215
-2314
-2946
0
0
0
0
0
0
0
0
0
0
0
-1175
-3253
-3909
-2635
-18819
0
0
0
0
0
0
0
0
0
0
0
-3169
-962
-2594
-701
-2644
0
0
0
0
0
0
0
0
0
0
0
-1037
-3580
-1567
-2366
-20416
0
0
0
0
0
0
0
0
0
0
0
-3094
-2606
-4936
-3059
-4281
0
0
0
0
0
0
0
0
0
0
0
1520
-7827
-2130
-4126
-15468
0
0
0
0
0
0
0
0
0
0
0
-2738
-1128
-2674
-2428
-3151
0
0
0
0
0
0
0
0
0
0
0
1265
-6157
-1386
-2831
-18619
0
0
0
0
0
0
0
0
0
0
0
-2335
1030
-1853
-1268
-1804
0
0
0
0
0
0
0
0
0
0
0
-917
-3559
-549
-1764
-17997
0
0
0
0
0
0
0
0
0
0
0
-2603
1142
-3258
-1715
-2647
0
0
0
0
0
0
0
0
0
0
0
-2341
-4890
340
-2439
-21920
0
0
0
0
0
0
0
0
0
0
0
-3831
1043
-2939
-2942
-3248
0
0
0
0
0
0
0
0
0
0
0
-3287
-2761
-1697
-3057
-20842
0
0
0
0
0
0
0
0
0
0
0
-3901
-86
-1493
-3832
-3175
0
0
0
0
0
0
0
0
0
0
0
-3860
668
-4359
-2960
-14262
0
0
0
0
0
0
0
0
0
0
0
-3922
-247
-1246
-3830
-3344
0
0
0
0
0
0
0
0
0
0
0
-3432
-395
-4507
-3517
-12980
0
0
0
0
0
0
0
0
0
0
0
-3518
216
-2942
-1009
-2539
0
0
0
0
0
0
0
0
0
0
0
-2153
-1635
-2042
-2464
-16327
0
0
0
0
0
0
0
0
0
0
0
-3314
-3016
-4068
-2904
-4075
0
0
0
0
0
0
0
0
0
0
0
470
-6744
-1253
-3972
-16968
0
0
0
0
0
0
0
0
0
0
0
-2059
-434
-2917
-1360
-2588
0
0
0
0
0
0
0
0
0
0
0
-152
-4270
-1044
-2355
-17584
0
0
0
0
0
0
0
0
0
0
0
-1687
1506
-3035
-272
-1393
0
0
0
0
0
0
0
0
0
0
0
-2336
-2538
1100
-1356
-21387
0
0
0
0
0
0
0
0
0
0
0
-2378
1219
-3662
124
-2219
0
0
0
0
0
0
0
0
0
0
0
-2478
-4445
699
-2111
-16316
0
0
0
0
0
0
0
0
0
0
0
-2438
-386
-1871
-881
-2167
0
0
0
0
0
0
0
0
0
0
0
-2064
-1558
-1515
-2220
-19550
0
0
0
0
0
0
0
0
0
0
0
-2521
-277
567
-2613
-1853
0
0
0
0
0
0
0
0
0
0
0
-2812
-548
-1963
-2097
-20301
0
0
0
0
0
0
0
0
0
0
0
-3382
192
-271
-3972
-2864
0
0
0
0
0
0
0
0
0
0
0
-3351
-3359
-1231
-3242
-15527
0
0
0
0
0
0
0
0
0
0
0
-2403
452
-2390
-879
-1983
0
0
0
0
0
0
0
0
0
0
0
-2211
-1507
-1420
-2005
-20113
0
0
0
0
0
0
0
0
0
0
0
-2379
-1749
-548
-1132
-2496
0
0
0
0
0
0
0
0
0
0
0
-423
-3971
-2971
-2410
-14696
0
0
0
0
0
0
0
0
0
0
0
-1217
-255
29
-276
-1406
0
0
0
0
0
0
0
0
0
0
0
-1716
-2394
-1458
-1433
-14510
0
0
0
0
0
0
0
0
0
0
0
-1420
429
-935
-515
-906
0
0
0
0
0
0
0
0
0
0
0
-2112
-1462
732
-887
-16093
0
0
0
0
0
0
0
0
0
0
0
-1634
100
-1847
-498
-1262
0
0
0
0
0
0
0
0
0
0
0
-989
-2305
101
-1209
-13939
0
0
0
0
0
0
0
0
0
0
0
-1008
-152
-555
-228
-820
0
0
0
0
0
0
0
0
0
0
0
-532
-1727
-748
-788
-15967
0
0
0
0
0
0
0
0
0
0
0
-2216
-1288
363
-2482
-2057
0
0
0
0
0
0
0
0
0
0
0
-1193
-3023
-677
-2085
-15041
0
0
0
0
0
0
0
0
0
0
0
-2616
-1418
209
-3822
-2532
0
0
0
0
0
0
0
0
0
0
0
-1004
-3935
100
-2341
-16503
0
0
0
0
0
0
0
0
0
0
0
-2177
-1069
-638
-2092
-1887
0
0
0
0
0
0
0
0
0
0
0
-460
-2784
-384
-1525
-21026
0
0
0
0
0
0
0
0
0
0
0
0
0
0
0
0
0
0
0
0
0
0
0
0
0
0
0
0
0
0
0
0
0
0
0
0
0
0
0
0
0
0
0
0
0
0
0
0
0
0
0
0
0
0
0
0
0
0
0
0
0
0
0
0
0
0
0
0
0
0
0
0
0
0
0
0
0
0
0
0
0
0
0
0
0
0
0
0
0
0
0
0
0
0
0
0
0
0
0
0
0
0
0
0
0
0
0
0
0
0
0
0
0
0
0
0
0
0
0
0
0
0
0
0
0
0
0
0
0
0
0
0
0
0
0
0
0
0
0
0
0
0
0
0
0
0
0
0
0
0
0
0
0
0
0
0
0
0
0
0
0
0
0
0
0
0
0
0
0
0
0
0
0
0
0
0
0
0
0
0
0
0
0
0
0
0
0
0
0
0
0
0
0
0
0
0
0
0
0
0
0
0
0
0
0
0
0
0
0
0
0
0
0
0
0
0
0
0
0
0
0
0
0
0
0
0
0
0
0
0
0
0
0
0
0
0
0
0
0
0
0
0
0
0
0
0
0
0
0
0
0
0
0
0
0
0
0
0
0
0
0
0
0
0
0
0
0
0
0
0
0
0
0
0
0
0
0
0
0
0
0
0
0
0
0
0
0
0
0
0
0
0
0
0
0
0
0
0
0
0
0
0
0
0
0
0
0
0
0
0
0
0
0
0
0
0
0
0
0
0
0
0
0
0
0
0
0
0
0
0
0
0
0
0
0
0
0
0
0
0
0
0
0
0
0
0
0
0
0
0
0
0
0
0
0
0
0
0
0
0
0
0
0
0
0
0
0
0
0
0
0
0
0
0
0
0
0
0
0
0
0
0
0
0
0
0
0
0
0
0
0
0
0
0
0
0
0
0
0
0
0
0
0
0
0
0
0
0
0
0
0
0
0
0
0
0
0
0
0
0
0
0
0
0
0
0
0
0
0
0
0
0
0
0
0
0
0
0
0
0
0
0
0
0
0
0
0
0
0
0
0
0
0
0
0
0
0
0
0
0
0
0
0
0
0
0
0
0
0
0
0
0
0
0
0
0
0
0
0
0
0
0
0
0
0
0
0
0
0
0
0
0
0
0
0
0
0
0
0
0
0
0
0
0
0
0
0
0
0
0
0
0
0
0
0
0
0
0
0
0
0
0
0
0
0
0
0
0
0
0
0
0
0
0
0
0
0
0
0
0
0
0
0
0
0
0
0
0
0
0
0
0
0
0
0
0
0
0
0
0
0
0
0
0
0
0
0
0
0
0
0
0
0
0
0
0
0
0
0
0
0
0
0
0
0
0
0
0
0
0
0
0
0
0
0
0
0
0
0
0
0
0
0
0
0
0
0
0
0
0
0
0
0
0
0
0
0
0
0
0
0
0
0
0
0
0
0
0
0
0
0
0
0
0
0
0
0
0
0
0
0
0
0
0
0
0
0
0
0
0
0
0
0
0
0
0
0
0
0
0
0
0
0
0
0
0
0
0
0
0
0
0
0
0
0
0
0
0
0
0
0
0
0
0
0
0
0
0
0
0
0
0
0
0
0
0
0
0
0
0
0
0
0
0
0
0
0
0
0
0
0
0
0
0
0
0
0
0
0
0
0
0
0
0
0
0
0
0
0
0
0
0
0
0
0
0
0
0
0
0
0
0
0
0
0
0
0
0
0
0
0
0
0
0
0
0
0
0
0
0
0
0
0
0
0
0
0
0
0
0
0
0
0
0
0
0
0
0
0
0
0
0
0
0
0
0
0
0
0
0
0
0
0
0
0
0
0
0
0
0
0
0
0
0
0
0
0
0
0
0
0
0
0
0
0
0
0
0
0
0
0
0
0
0
0
0
0
0
0
0
0
0
0
0
0
0
0
0
0
0
0
0
0
0
0
0
0
0
0
0
0
0
0
0
0
0
0
0
0
0
0
0
0
0
0
0
0
0
0
0
0
0
0
0
0
0
0
0
0
0
0
0
0
0
0
0
0
0
0
0
0
0
0
0
0
0
0
0
0
0
0
0
0
0
0
0
0
0
0
0
0
0
0
0
0
0
0
0
0
0
0
0
0
0
0
0
0
0
0
0
0
0
0
0
0
0
0
0
0
0
0
0
0
0
0
0
0
0
0
0
0
0
0
0
0
0
0
0
0
0
0
0
0
0
0
0
0
0
0
0
0
0
0
0
0
0
0
0
0
0
0
0
0
0
0
0
0
0
0
0
0
0
0
0
0
0
0
0
0
0
0
0
0
0
0
0
0
0
0
0
0
0
0
0
0
0
0
0
0
0
0
0
0
0
0
0
0
0
0
0
0
0
0
0
0
0
0
0
0
0
0
0
0
0
0
0
0
0
0
0
0
0
0
0
0
0
0
0
0
0
0
0
0
0
0
0
0
0
0
0
0
0
0
0
0
0
0
0
0
0
0
0
0
0
0
0
0
0
0
0
0
0
0
0
0
0
0
0
0
0
0
0
0
0
0
0
0
0
0
0
0
0
0
0
0
0
0
0
0
0
0
0
0
0
0
0
0
0
0
0
0
0
0
0
0
0
0
0
0
0
0
0
0
0
0
0
0
0
0
0
0
0
0
0
0
0
0
0
0
0
0
0
0
0
0
0
0
0
0
0
0
0
0
0
0
0
0
0
0
0
0
0
0
0
0
0
0
0
0
0
0
0
0
0
0
0
0
0
0
0
0
0
0
0
0
0
0
0
0
0
0
0
0
0
0
0
0
0
0
0
0
0
0
0
0
0
0
0
0
0
0
0
0
0
0
0
0
0
0
0
0
0
0
0
0
0
0
0
0
0
0
0
0
0
0
0
0
0
0
0
0
0
0
0
0
0
0
0
0
0
0
0
0
0
0
0
0
0
0
0
0
0
0
0
0
0
0
0
0
0
0
0
0
0
0
0
0
0
0
0
0
0
0
0
0
0
0
0
0
0
0
0
0
0
0
0
0
0
0
0
0
0
0
0
0
0
0
0
0
0
0
0
0
0
0
0
0
0
0
0
0
0
0
0
0
0
0
0
0
0
0
0
0
0
0
0
0
0
0
0
0
0
0
0
0
0
0
0
0
0
0
0
0
0
0
0
0
0
0
0
0
0
0
0
0
0
0
0
0
0
0
0
0
0
0
0
0
0
0
0
0
0
0
0
0
0
0
0
0
0
0
0
0
0
0
0
0
0
0
0
0
0
0
0
0
0
0
0
0
0
0
0
0
0
0
0
0
0
0
0
0
0
0
0
0
0
0
0
0
0
0
0
0
0
0
0
0
0
0
0
0
0
0
0
0
0
0
0
0
0
0
0
0
0
0
0
0
0
0
0
0
0
0
0
0
0
0
0
0
0
0
0
0
0
0
0
0
0
0
0
0
0
0
0
0
0
0
0
0
0
0
0
0
0
0
0
0
0
0
0
0
0
0
0
0
0
0
0
0
0
0
0
0
0
0
0
0
0
0
0
0
0
0
0
0
0
0
0
0
0
0
0
0
0
0
0
0
0
0
0
0
0
0
0
0
0
0
0
0
0
0
0
0
0
0
0
0
0
0
0
0
0
0
0
0
0
0
0
0
0
0
0
0
0
0
0
0
0
0
0
0
0
0
0
0
0
0
0
0
0
0
0
0
0
0
0
0
0
0
0
0
0
0
0
0
0
0
0
0
0
0
0
0
0
0
0
0
0
0
0
0
0
0
0
0
0
0
0
0
0
0
0
0
0
0
0
0
0
0
0
0
0
0
0
0
0
0
0
0
0
0
0
0
0
0
0
0
0
0
0
0
0
0
0
0
0
0
0
0
0
0
0
0
0
0
0
0
0
0
0
0
0
0
0
0
0
0
0
0
0
0
0
0
0
0
0
0
0
0
0
0
0
0
0
0
0
0
0
0
0
0
0
0
0
0
0
0
0
0
0
0
0
0
0
0
0
0
0
0
0
0
0
0
0
0
0
0
0
0
0
0
0
0
0
0
0
0
0
0
0
0
0
0
0
0
0
0
0
0
0
0
0
0
0
0
0
0
0
0
0
0
0
0
0
0
0
0
0
0
0
0
0
0
0
0
0
0
0
0
0
0
0
0
0
0
0
0
0
0
0
0
0
0
0
0
0
0
0
0
0
0
0
0
0
0
0
0
0
0
0
0
0
0
0
0
0
0
0
0
0
0
0
0
0
0
0
0
0
0
0
0
0
0
0
0
0
0
0
0
0
0
0
0
0
0
0
0
0
0
0
0
0
0
0
0
0
0
0
0
0
0
0
0
0
0
0
0
0
0
0
0
0
0
0
0
0
0
0
0
0
0
0
0
0
0
0
0
0
0
0
0
0
0
0
0
0
0
0
0
0
0
0
0
0
0
0
0
0
0
0
0
0
0
0
0
0
0
0
0
0
0
0
0
0
0
0
0
0
0
0
0
0
0
0
0
0
0
0
0
0
0
0
0
0
0
0
0
0
0
0
0
0
0
0
0
0
0
0
0
0
0
0
0
0
0
0
0
0
0
0
0
0
0
0
0
0
0
0
0
0
0
0
0
0
0
0
0
0
0
0
0
0
0
0
0
0
0
0
0
0
0
0
0
0
0
0
0
0
0
0
0
0
0
0
0
0
0
0
0
0
0
0
0
0
0
0
0
0
0
0
0
0
0
0
0
0
0
0
0
0
0
0
0
0
0
0
0
0
0
0
0
0
0
0
0
0
0
0
0
0
0
0
0
0
0
0
0
0
0
0
0
0
0
0
0
0
0
0
0
0
0
0
0
0
0
0
0
0
0
0
0
0
0
0
0
0
0
0
0
0
0
0
0
0
0
0
0
0
0
0
0
0
0
0
0
0
0
0
0
0
0
0
0
0
0
0
0
0
0
0
0
0
0
0
0
0
0
0
0
0
0
0
0
0
0
0
0
0
0
0
0
0
0
0
0
0
0
0
0
0
0
0
0
0
0
0
0
0
0
0
0
0
0
0
0
0
0
0
0
0
0
0
0
0
0
0
0
0
0
0
0
0
0
0
0
0
0
0
0
0
0
0
0
0
0
0
0
0
0
0
0
0
0
0
0
0
0
0
0
0
0
0
0
0
0
0
0
0
0
0
0
0
0
0
0
0
0
0
0
0
0
0
0
0
0
0
0
0
0
0
0
0
0
0
0
0
0
0
0
0
0
0
0
0
0
0
0
0
0
0
0
0
0
0
0
0
0
0
0
0
0
0
0
0
0
0
0
0
0
0
0
0
0
0
0
0
0
0
0
0
0
0
0
0
0
0
0
0
0
0
0
0
0
0
0
0
0
0
0
0
0
0
0
0
0
0
0
0
0
0
0
0
0
0
0
0
0
0
0
0
0
0
0
0
0
0
0
0
0
0
0
0
0
0
0
0
0
0
0
0
0
0
0
0
0
0
0
0
0
0
0
0
0
0
0
0
0
0
0
0
0
0
0
0
0
0
0
0
0
0
0
0
0
0
0
0
0
0
0
0
0
0
0
0
0
0
0
0
0
0
0
0
0
0
0
0
0
0
0
0
0
0
0
0
0
0
0
0
0
0
0
0
0
0
0
0
0
0
0
0
0
0
0
0
0
0
0
0
0
0
0
0
0
0
0
0
0
0
0
0
0
0
0
0
0
0
0
0
0
0
0
0
0
0
0
0
0
0
0
0
0
0
0
0
0
0
0
0
0
0
0
0
0
0
0
0
0
0
0
0
0
0
0
0
0
0
0
0
0
0
0
0
0
0
0
0
0
0
0
0
0
0
0
0
0
0
0
0
0
0
0
0
0
0
0
0
0
0
0
0
0
0
0
0
0
0
0
0
0
0
0
0
0
0
0
0
0
0
0
0
0
0
0
0
0
0
0
0
0
0
0
0
0
0
0
0
0
0
0
0
0
0
0
0
0
0
0
0
0
0
0
0
0
0
0
0
0
0
0
0
0
0
0
0
0
0
0
0
0
0
0
0
0
0
0
0
0
0
0
0
0
0
0
0
0
0
0
0
0
0
0
0
0
0
0
0
0
0
0
0
0
0
0
0
0
0
0
0
0
0
0
0
0
0
0
0
0
0
0
0
0
0
0
0
0
0
0
0
0
0
0
0
0
0
0
0
0
0
0
0
0
0
0
0
0
0
0
0
0
0
0
0
0
0
0
0
0
0
0
0
0
0
0
0
0
0
0
0
0
0
0
0
0
0
0
0
0
0
0
0
0
0
0
0
0
0
0
0
0
0
0
0
0
0
0
0
0
0
0
0
0
0
0
0
0
0
0
0
0
0
0
0
0
0
0
0
0
0
0
0
0
0
0
0
0
0
0
0
0
0
0
0
0
0
0
0
0
0
0
0
0
0
0
0
0
0
0
0
0
0
0
0
0
0
0
0
0
0
0
0
0
0
0
0
0
0
0
0
0
0
0
0
0
0
0
0
0
0
0
0
0
0
0
0
0
0
0
0
0
0
0
0
0
0
0
0
0
0
0
0
0
0
0
0
0
0
0
0
0
0
0
0
0
0
0
0
0
0
0
0
0
0
0
0
0
0
0
0
0
0
0
0
0
0
0
0
0
0
0
0
0
0
0
0
0
0
0
0
0
0
0
0
0
0
0
0
0
0
0
0
0
0
0
0
0
0
0
0
0
0
0
0
0
0
0
0
0
0
0
0
0
0
0
0
0
0
0
0
0
0
0
0
0
0
0
0
0
0
0
0
0
0
0
0
0
0
0
0
0
0
0
0
0
0
0
0
0
0
0
0
0
0
0
0
0
0
0
0
0
0
0
0
0
0
0
0
0
0
0
0
0
0
0
0
0
0
0
0
0
0
0
0
0
0
0
0
0
0
0
0
0
0
0
0
0
0
0
0
0
0
0
0
0
0
0
0
0
0
0
0
0
0
0
0
0
0
0
0
0
0
0
0
0
0
0
0
0
0
0
0
0
0
0
0
0
0
0
0
0
0
0
0
0
0
0
0
0
0
0
0
0
0
0
0
0
0
0
0
0
0
0
0
0
0
0
0
0
0
0
0
0
0
0
0
0
0
0
0
0
0
0
0
0
0
0
0
0
0
0
0
0
0
0
0
0
0
0
0
0
0
0
0
0
0
0
0
0
0
0
0
0
0
0
0
0
0
0
0
0
0
0
0
0
0
0
0
0
0
0
0
0
0
0
0
0
0
0
0
0
0
0
0
0
0
0
0
0
0
0
0
0
0
0
0
0
0
0
0
0
0
0
0
0
0
0
0
0
0
0
0
0
0
0
0
0
0
0
0
0
0
0
0
0
0
0
0
0
0
0
0
0
0
0
0
0
0
0
0
0
0
0
0
0
0
0
0
0
0
0
0
0
0
0
0
0
0
0
0
0
0
0
0
0
0
0
0
0
0
0
0
0
0
0
0
0
0
0
0
0
0
0
0
0
0
0
0
0
0
0
0
0
0
0
0
0
0
0
0
0
0
0
0
0
0
0
0
0
0
0
0
0
0
0
0
0
0
0
0
0
0
0
0
0
0
0
0
0
0
0
0
0
0
0
0
0
0
0
0
0
0
0
0
0
0
0
0
0
0
0
0
0
0
0
0
0
0
0
0
0
0
0
0
0
0
0
0
0
0
0
0
0
0
0
0
0
0
0
0
0
0
0
0
0
0
0
0
0
0
0
0
0
0
0
0
0
0
0
0
0
0
0
0
0
0
0
0
0
0
0
0
0
0
0
0
0
0
0
0
0
0
0
0
0
0
0
0
0
0
0
0
0
0
0
0
0
0
0
0
0
0
0
0
0
0
0
0
0
0
0
0
0
0
0
0
0
0
0
0
0
0
0
0
0
0
0
0
0
0
0
0
0
0
0
0
0
0
0
0
0
0
0
0
0
0
0
0
0
0
0
0
0
0
0
0
0
0
0
0
0
0
0
0
0
0
0
0
0
0
0
0
0
0
0
0
0
0
0
0
0
0
0
0
0
0
0
0
0
0
0
0
0
0
0
0
0
0
0
0
0
0
0
0
0
0
0
0
0
0
0
0
0
0
0
0
0
0
0
0
0
0
0
0
0
0
0
0
0
0
0
0
0
0
0
0
0
0
0
0
0
0
0
0
0
0
0
0
0
0
0
0
0
0
0
0
0
0
0
0
0
0
0
0
0
0
0
0
0
0
0
0
0
0
0
0
0
0
0
0
0
0
0
0
0
0
0
0
0
0
0
0
0
0
0
0
0
0
0
0
0
0
0
0
0
0
0
0
0
0
0
0
0
0
0
0
0
0
0
0
0
0
0
0
0
0
0
0
0
0
0
0
0
0
0
0
0
0
0
0
0
0
0
0
0
0
0
0
0
0
0
0
0
0
0
0
0
0
0
0
0
0
0
0
0
0
0
0
0
0
0
0
0
0
0
0
0
0
0
0
0
0
0
0
0
0
0
0
0
0
0
0
0
0
0
0
0
0
0
0
0
0
0
0
0
0
0
0
0
0
0
0
0
0
0
0
0
0
0
0
0
0
0
0
0
0
0
0
0
0
0
0
0
0
0
0
0
0
0
0
0
0
0
0
0
0
0
0
0
0
0
0
0
0
0
0
0
0
0
0
0
0
0
0
0
0
0
0
0
0
0
0
0
0
0
0
0
0
0
0
0
0
0
0
0
0
0
0
0
0
0
0
0
0
0
0
0
0
0
0
0
0
0
0
0
0
0
0
0
0
0
0
0
0
0
0
0
0
0
0
0
0
0
0
0
0
0
0
0
0
0
0
0
0
0
0
0
0
0
0
0
0
0
0
0
0
0
0
0
0
0
0
0
0
0
0
0
0
0
0
0
0
0
0
0
0
0
0
0
0
0
0
0
0
0
0
0
0
0
0
0
0
0
0
0
0
0
0
0
0
0
0
0
0
0
0
0
0
0
0
0
0
0
0
0
0
0
0
0
0
0
0
0
0
0
0
0
0
0
0
0
0
0
0
0
0
0
0
0
0
0
0
0
0
0
0
0
0
0
0
0
0
0
0
0
0
0
0
0
0
0
0
0
0
0
0
0
0
0
0
0
0
0
0
0
0
0
0
0
0
0
0
0
0
0
0
0
0
0
0
0
0
0
0
0
0
0
0
0
0
0
0
0
0
0
0
0
0
0
0
0
0
0
0
0
0
0
0
0
0
0
0
0
0
0
0
0
0
0
0
0
0
0
0
0
0
0
0
0
0
0
0
0
0
0
0
0
0
0
0
0
0
0
0
0
0
0
0
0
0
0
0
0
0
0
0
0
0
0
0
0
0
0
0
0
0
0
0
0
0
0
0
0
0
0
0
0
0
0
0
0
0
0
0
0
0
0
0
0
0
0
0
0
0
0
0
0
0
0
0
0
0
0
0
0
0
0
0
0
0
0
0
0
0
0
0
0
0
0
0
0
0
0
0
0
0
0
0
0
0
0
0
0
0
0
0
0
0
0
0
0
0
0
0
0
0
0
0
0
0
0
0
0
0
0
0
0
0
0
0
0
0
0
0
0
0
0
0
0
0
0
0
0
0
0
0
0
0
0
0
0
0
0
0
0
0
0
0
0
0
0
0
0
0
0
0
0
0
0
0
0
0
0
0
0
0
0
0
0
0
0
0
0
0
0
0
0
0
0
0
0
0
0
0
0
0
0
0
0
0
0
0
0
0
0
0
0
0
0
0
0
0
0
0
0
0
0
0
0
0
0
0
0
0
0
0
0
0
0
0
0
0
0
0
0
0
0
0
0
0
0
0
0
0
0
0
0
0
0
0
0
0
0
0
0
0
0
0
0
0
0
0
0
0
0
0
0
0
0
0
0
0
0
0
0
0
0
0
0
0
0
0
0
0
0
0
0
0
0
0
0
0
0
0
0
0
0
0
0
0
0
0
0
0
0
0
0
0
0
0
0
0
0
0
0
0
0
0
0
0
0
0
0
0
0
0
0
0
0
0
0
0
0
0
0
0
0
0
0
0
0
0
0
0
0
0
0
0
0
0
0
0
0
0
0
0
0
0
0
0
0
0
0
0
0
0
0
0
0
0
0
0
0
0
0
0
0
0
0
0
0
0
0
0
0
0
0
0
0
0
0
0
0
0
0
0
0
0
0
0
0
0
0
0
0
0
0
0
0
0
0
0
0
0
0
0
0
0
0
0
0
0
0
0
0
0
0
0
0
0
0
0
0
0
0
0
0
0
0
0
0
0
0
0
0
0
0
0
0
0
0
0
0
0
0
0
0
0
0
0
0
0
0
0
0
0
0
0
0
0
0
0
0
0
0
0
0
0
0
0
0
0
0
0
0
0
0
0
0
0
0
0
0
0
0
0
0
0
0
0
0
0
0
0
0
0
0
0
0
0
0
0
0
0
0
0
0
0
0
0
0
0
0
0
0
0
0
0
0
0
0
0
0
0
0
0
0
0
0
0
0
0
0
0
0
0
0
0
0
0
0
0
0
0
0
0
0
0
0
0
0
0
0
0
0
0
0
0
0
0
0
0
0
0
0
0
0
0
0
0
0
0
0
0
0
0
0
0
0
0
0
0
0
0
0
0
0
0
0
0
0
0
0
0
0
0
0
0
0
0
0
0
0
0
0
0
0
0
0
0
0
0
0
0
0
0
0
0
0
0
0
0
0
0
0
0
0
0
0
0
0
0
0
0
0
0
0
0
0
0
0
0
0
0
0
0
0
0
0
0
0
0
0
0
0
0
0
0
0
0
0
0
0
0
0
0
0
0
0
0
0
0
0
0
0
0
0
0
0
0
0
0
0
0
0
0
0
0
0
0
0
0
0
0
0
0
0
0
0
0
0
0
0
0
0
0
0
0
0
0
0
0
0
0
0
0
0
0
0
0
0
0
0
0
0
0
0
0
0
0
0
0
0
0
0
0
0
0
0
0
0
0
0
0
0
0
0
0
0
0
0
0
0
0
0
0
0
0
0
0
0
0
0
0
0
0
0
0
0
0
0
0
0
0
0
0
0
0
0
0
0
0
0
0
0
0
0
0
0
0
0
0
0
0
0
0
0
0
0
0
0
0
0
0
0
0
0
0
0
0
0
0
0
0
0
0
0
0
0
0
0
0
0
0
0
0
0
0
0
0
0
0
0
0
0
0
0
0
0
0
0
0
0
0
0
0
0
0
0
0
0
0
0
0
0
0
0
0
0
0
0
0
0
0
0
0
0
0
0
0
0
0
0
0
0
0
0
0
0
0
0
0
0
0
0
0
0
0
0
0
0
0
0
0
0
0
0
0
0
0
0
0
0
0
0
0
0
0
0
0
0
0
0
0
0
0
0
0
0
0
0
0
0
0
0
0
0
0
0
0
0
0
0
0
0
0
0
0
0
0
0
0
0
0
0
0
0
0
0
0
0
0
0
0
0
0
0
0
0
0
0
0
0
0
0
0
0
0
0
0
0
0
0
0
0
0
0
0
0
0
0
0
0
0
0
0
0
0
0
0
0
0
0
0
0
0
0
0
0
0
0
0
0
0
0
0
0
0
0
0
0
0
0
0
0
0
0
0
0
0
0
0
0
0
0
0
0
0
0
0
0
0
0
0
0
0
0
0
0
0
0
0
0
0
0
0
0
0
0
0
0
0
0
0
0
0
0
0
0
0
0
0
0
0
0
0
0
0
0
0
0
0
0
0
0
0
0
0
0
0
0
0
0
0
0
0
0
0
0
0
0
0
0
0
0
0
0
0
0
0
0
0
0
0
0
0
0
0
0
0
0
0
0
0
0
0
0
0
0
0
0
0
0
0
0
0
0
0
0
0
0
0
0
0
0
0
0
0
0
0
0
0
0
0
0
0
0
0
0
0
0
0
0
0
0
0
0
0
0
0
0
0
0
0
0
0
0
0
0
0
0
0
0
0
0
0
0
0
0
0
0
0
0
0
0
0
0
0
0
0
0
0
0
0
0
0
0
0
0
0
0
0
0
0
0
0
0
0
0
0
0
0
0
0
0
0
0
0
0
0
0
0
0
0
0
0
0
0
0
0
0
0
0
0
0
0
0
0
0
0
0
0
0
0
0
0
0
0
0
0
0
0
0
0
0
0
0
0
0
0
0
0
0
0
0
0
0
0
0
0
0
0
0
0
0
0
0
0
0
0
0
0
0
0
0
0
0
0
0
0
0
0
0
0
0
0
0
0
0
0
0
0
0
0
0
0
0
0
0
0
0
0
0
0
0
0
0
0
0
0
0
0
0
0
0
0
0
0
0
0
0
0
0
0
0
0
0
0
0
0
0
0
0
0
0
0
0
0
0
0
0
0
0
0
0
0
0
0
0
0
0
0
0
0
0
0
0
0
0
0
0
0
0
0
0
0
0
0
0
0
0
0
0
0
0
0
0
0
0
0
0
0
0
0
0
0
0
0
0
0
0
0
0
0
0
0
0
0
0
0
0
0
0
0
0
0
0
0
0
0
0
0
0
0
0
0
0
0
0
0
0
0
0
0
0
0
0
0
0
0
0
0
0
0
0
0
0
0
0
0
0
0
0
0
0
0
0
0
0
0
0
0
0
0
0
0
0
0
0
0
0
0
0
0
0
0
0
0
0
0
0
0
0
0
0
0
0
0
0
0
0
0
0
0
0
0
0
0
0
0
0
0
0
0
0
0
0
0
0
0
0
0
0
0
0
0
0
0
0
0
0
0
0
0
0
0
0
0
0
0
0
0
0
0
0
0
0
0
0
0
0
0
0
0
0
0
0
0
0
0
0
0
0
0
0
0
0
0
0
0
0
0
0
0
0
0
0
0
0
0
0
0
0
0
0
0
0
0
0
0
0
0
0
0
0
0
0
0
0
0
0
0
0
0
0
0
0
0
0
0
0
0
0
0
0
0
0
0
0
0
0
0
0
0
0
0
0
0
0
0
0
0
0
0
0
0
0
0
0
0
0
0
0
0
0
0
0
0
0
0
0
0
0
0
0
0
0
0
0
0
0
0
0
0
0
0
0
0
0
0
0
0
0
0
0
0
0
0
0
0
0
0
0
0
0
0
0
0
0
0
0
0
0
0
0
0
0
0
0
0
0
0
0
0
0
0
0
0
0
0
0
0
0
0
0
0
0
0
0
0
0
0
0
0
0
0
0
0
0
0
0
0
0
0
0
0
0
0
0
0
0
0
0
0
0
0
0
0
0
0
0
0
0
0
0
0
0
0
0
0
0
0
0
0
0
0
0
0
0
0
0
0
0
0
0
0
0
0
0
0
0
0
0
0
0
0
0
0
0
0
0
0
0
0
0
0
0
0
0
0
0
0
0
0
0
0
0
0
0
0
0
0
0
0
0
0
0
0
0
0
0
0
0
0
0
0
0
0
0
0
0
0
0
0
0
0
0
0
0
0
0
0
0
0
0
0
0
0
0
0
0
0
0
0
0
0
0
0
0
0
0
0
0
0
0
0
0
0
0
0
0
0
0
0
0
0
0
0
0
0
0
0
0
0
0
0
0
0
0
0
0
0
0
0
0
0
0
0
0
0
0
0
0
0
0
0
0
0
0
0
0
0
0
0
0
0
0
0
0
0
0
0
0
0
0
0
0
0
0
0
0
0
0
0
0
0
0
0
0
0
0
0
0
0
0
0
0
0
0
0
0
0
0
0
0
0
0
0
0
0
0
0
0
0
0
0
0
0
0
0
0
0
0
0
0
0
0
0
0
0
0
0
0
0
0
0
0
0
0
0
0
0
0
0
0
0
0
0
0
0
0
0
0
0
0
0
0
0
0
0
0
0
0
0
0
0
0
0
0
0
0
0
0
0
0
0
0
0
0
0
0
0
0
0
0
0
0
0
0
0
0
0
0
0
0
0
0
0
0
0
0
0
0
0
0
0
0
0
0
0
0
0
0
0
0
0
0
0
0
0
0
0
0
0
0
0
0
0
0
0
0
0
0
0
0
0
0
0
0
0
0
0
0
0
0
0
0
0
0
0
0
0
0
0
0
0
0
0
0
0
0
0
0
0
0
0
0
0
0
0
0
0
0
0
0
0
0
0
0
0
0
0
0
0
0
0
0
0
0
0
0
0
0
0
0
0
0
0
0
0
0
0
0
0
0
0
0
0
0
0
0
0
0
0
0
0
0
0
0
0
0
0
0
0
0
0
0
0
0
0
0
0
0
0
0
0
0
0
0
0
0
0
0
0
0
0
0
0
0
0
0
0
0
0
0
0
0
0
0
0
0
0
0
0
0
0
0
0
0
0
0
0
0
0
0
0
0
0
0
0
0
0
0
0
0
0
0
0
0
0
0
0
0
0
0
0
0
0
0
0
0
0
0
0
0
0
0
0
0
0
0
0
0
0
0
0
0
0
0
0
0
0
0
0
0
0
0
0
0
0
0
0
0
0
0
0
0
0
0
0
0
0
0
0
0
0
0
0
0
0
0
0
0
0
0
0
0
0
0
0
0
0
0
0
0
0
0
0
0
0
0
0
0
0
0
0
0
0
0
0
0
0
0
0
0
0
0
0
0
0
0
0
0
0
0
0
0
0
0
0
0
0
0
0
0
0
0
0
0
0
0
0
0
0
0
0
0
0
0
0
0
0
0
0
0
0
0
0
0
0
0
0
0
0
0
0
0
0
0
0
0
0
0
0
0
0
0
0
0
0
0
0
0
0
0
0
0
0
0
0
0
0
0
0
0
0
0
0
0
0
0
0
0
0
0
0
0
0
0
0
0
0
0
0
0
0
0
0
0
0
0
0
0
0
0
0
0
0
0
0
0
0
0
0
0
0
0
0
0
0
0
0
0
0
0
0
0
0
0
0
0
0
0
0
0
0
0
0
0
0
0
0
0
0
0
0
0
0
0
0
0
0
0
0
0
0
0
0
0
0
0
0
0
0
0
0
0
0
0
0
0
0
0
0
0
0
0
0
0
0
0
0
0
0
0
0
0
0
0
0
0
0
0
0
0
0
0
0
0
0
0
0
0
0
0
0
0
0
0
0
0
0
0
0
0
0
0
0
0
0
0
0
0
0
0
0
0
0
0
0
0
0
0
0
0
0
0
0
0
0
0
0
0
0
0
0
0
0
0
0
0
0
0
0
0
0
0
0
0
0
0
0
0
0
0
0
0
0
0
0
0
0
0
0
0
0
0
0
0
0
0
0
0
0
0
0
0
0
0
0
0
0
0
0
0
0
0
0
0
0
0
0
0
0
0
0
0
0
0
0
0
0
0
0
0
0
0
0
0
0
0
0
0
0
0
0
0
0
0
0
0
0
0
0
0
0
0
0
0
0
0
0
0
0
0
0
0
0
0
0
0
0
0
0
0
0
0
0
0
0
0
0
0
0
0
0
0
0
0
0
0
0
0
0
0
0
0
0
0
0
0
0
0
0
0
0
0
0
0
0
0
0
0
0
0
0
0
0
0
0
0
0
0
0
0
0
0
0
0
0
0
0
0
0
0
0
0
0
0
0
0
0
0
0
0
0
0
0
0
0
0
0
0
0
0
0
0
0
0
0
0
0
0
0
0
0
0
0
0
0
0
0
0
0
0
0
0
0
0
0
0
0
0
0
0
0
0
0
0
0
0
0
0
0
0
0
0
0
0
0
0
0
0
0
0
0
0
0
0
0
0
0
0
0
0
0
0
0
0
0
0
0
0
0
0
0
0
0
0
0
0
0
0
0
0
0
0
0
0
0
0
0
0
0
0
0
0
0
0
0
0
0
0
0
0
0
0
0
0
0
0
0
0
0
0
0
0
0
0
0
0
0
0
0
0
0
0
0
0
0
0
0
0
0
0
0
0
0
0
0
0
0
0
0
0
0
0
0
0
0
0
0
0
0
0
0
0
0
0
0
0
0
0
0
0
0
0
0
0
0
0
0
0
0
0
0
0
0
0
0
0
0
0
0
0
0
0
0
0
0
0
0
0
0
0
0
0
0
0
0
0
0
0
0
0
0
0
0
0
0
0
0
0
0
0
0
0
0
0
0
0
0
0
0
0
0
0
0
0
0
0
0
0
0
0
0
0
0
0
0
0
0
0
0
0
0
0
0
0
0
0
0
0
0
0
0
0
0
0
0
0
0
0
0
0
0
0
0
0
0
0
0
0
0
0
0
0
0
0
0
0
0
0
0
0
0
0
0
0
0
0
0
0
0
0
0
0
0
0
0
0
0
0
0
0
0
0
0
0
0
0
0
0
0
0
0
0
0
0
0
0
0
0
0
0
0
0
0
0
0
0
0
0
0
0
0
0
0
0
0
0
0
0
0
0
0
0
0
0
0
0
0
0
0
0
0
0
0
0
0
0
0
0
0
0
0
0
0
0
0
0
0
0
0
0
0
0
0
0
0
0
0
0
0
0
0
0
0
0
0
0
0
0
0
0
0
0
0
0
0
0
0
0
0
0
0
0
0
0
0
0
0
0
0
0
0
0
0
0
0
0
0
0
0
0
0
0
0
0
0
0
0
0
0
0
0
0
0
0
0
0
0
0
0
0
0
0
0
0
0
0
0
0
0
0
0
0
0
0
0
0
0
0
0
0
0
0
0
0
0
0
0
0
0
0
0
0
0
0
0
0
0
0
0
0
0
0
0
0
0
0
0
0
0
0
0
0
0
0
0
0
0
0
0
0
0
0
0
0
0
0
0
0
0
0
0
0
0
0
0
0
0
0
0
0
0
0
0
0
0
0
0
0
0
0
0
0
0
0
0
0
0
0
0
0
0
0
0
0
0
0
0
0
0
0
0
0
0
0
0
0
0
0
0
0
0
0
0
0
0
0
0
0
0
0
0
0
0
0
0
0
0
0
0
0
0
0
0
0
0
0
0
0
0
0
0
0
0
0
0
0
0
0
0
0
0
0
0
0
0
0
0
0
0
0
0
0
0
0
0
0
0
0
0
0
0
0
0
0
0
0
0
0
0
0
0
0
0
0
0
0
0
0
0
0
0
0
0
0
0
0
0
0
0
0
0
0
0
0
0
0
0
0
0
0
0
0
0
0
0
0
0
0
0
0
0
0
0
0
0
0
0
0
0
0
0
0
0
0
0
0
0
0
0
0
0
0
0
0
0
0
0
0
0
0
0
0
0
0
0
0
0
0
0
0
0
0
0
0
0
0
0
0
0
0
0
0
0
0
0
0
0
0
0
0
0
0
0
0
0
0
0
0
0
0
0
0
0
0
0
0
0
0
0
0
0
0
0
0
0
0
0
0
0
0
0
0
0
0
0
0
0
0
0
0
0
0
0
0
0
0
0
0
0
0
0
0
0
0
0
0
0
0
0
0
0
0
0
0
0
0
0
0
0
0
0
0
0
0
0
0
0
0
0
0
0
0
0
0
0
0
0
0
0
0
0
0
0
0
0
0
0
0
0
0
0
0
0
0
0
0
0
0
0
0
0
0
0
0
0
0
0
0
0
0
0
0
0
0
0
0
0
0
0
0
0
0
0
0
0
0
0
0
0
0
0
0
0
0
0
0
0
0
0
0
0
0
0
0
0
0
0
0
0
0
0
0
0
0
0
0
0
0
0
0
0
0
0
0
0
0
0
0
0
0
0
0
0
0
0
0
0
0
0
0
0
0
0
0
0
0
0
0
0
0
0
0
0
0
0
0
0
0
0
0
0
0
0
0
0
0
0
0
0
0
0
0
0
0
0
0
0
0
0
0
0
0
0
0
0
0
0
0
0
0
0
0
0
0
0
0
0
0
0
0
0
0
0
0
0
0
0
0
0
0
0
0
0
0
0
0
0
0
0
0
0
0
0
0
0
0
0
0
0
0
0
0
0
0
0
0
0
0
0
0
0
0
0
0
0
0
0
0
0
0
0
0
0
0
0
0
0
0
0
0
0
0
0
0
0
0
0
0
0
0
0
0
0
0
0
0
0
0
0
0
0
0
0
0
0
0
0
0
0
0
0
0
0
0
0
0
0
0
0
0
0
0
0
0
0
0
0
0
0
0
0
0
0
0
0
0
0
0
0
0
0
0
0
0
0
0
0
0
0
0
0
0
0
0
0
0
0
0
0
0
0
0
0
0
0
0
0
0
0
0
0
0
0
0
0
0
0
0
0
0
0
0
0
0
0
0
0
0
0
0
0
0
0
0
0
0
0
0
0
0
0
0
0
0
0
0
0
0
0
0
0
0
0
0
0
0
0
0
0
0
0
0
0
0
0
0
0
0
0
0
0
0
0
0
0
0
0
0
0
0
0
0
0
0
0
0
0
0
0
0
0
0
0
0
0
0
0
0
0
0
0
0
0
0
0
0
0
0
0
0
0
0
0
0
0
0
0
0
0
0
0
0
0
0
0
0
0
0
0
0
0
0
0
0
0
0
0
0
0
0
0
0
0
0
0
0
0
0
0
0
0
0
0
0
0
0
0
0
0
0
0
0
0
0
0
0
0
0
0
0
0
0
0
0
0
0
0
0
0
0
0
0
0
0
0
0
0
0
0
0
0
0
0
0
0
0
0
0
0
0
0
0
0
0
0
0
0
0
0
0
0
0
0
0
0
0
0
0
0
0
0
0
0
0
0
0
0
0
0
0
0
0
0
0
0
0
0
0
0
0
0
0
0
0
0
0
0
0
0
0
0
0
0
0
0
0
0
0
0
0
0
0
0
0
0
0
0
0
0
0
0
0
0
0
0
0
0
0
0
0
0
0
0
0
0
0
0
0
0
0
0
0
0
0
0
0
0
0
0
0
0
0
0
0
0
0
0
0
0
0
0
0
0
0
0
0
0
0
0
0
0
0
0
0
0
0
0
0
0
0
0
0
0
0
0
0
0
0
0
0
0
0
0
0
0
0
0
0
0
0
0
0
0
0
0
0
0
0
0
0
0
0
0
0
0
0
0
0
0
0
0
0
0
0
0
0
0
0
0
0
0
0
0
0
0
0
0
0
0
0
0
0
0
0
0
0
0
0
0
0
0
0
0
0
0
0
0
0
0
0
0
0
0
0
0
0
0
0
0
0
0
0
0
0
0
0
0
0
0
0
0
0
0
0
0
0
0
0
0
0
0
0
0
0
0
0
0
0
0
0
0
0
0
0
0
0
0
0
0
0
0
0
0
0
0
0
0
0
0
0
0
0
0
0
0
0
0
0
0
0
0
0
0
0
0
0
0
0
0
0
0
0
0
0
0
0
0
0
0
0
0
0
0
0
0
0
0
0
0
0
0
0
0
0
0
0
0
0
0
0
0
0
0
0
0
0
0
0
0
0
0
0
0
0
0
0
0
0
0
0
0
0
0
0
0
0
0
0
0
0
0
0
0
0
0
0
0
0
0
0
0
0
0
0
0
0
0
0
0
0
0
0
0
0
0
0
0
0
0
0
0
0
0
0
0
0
0
0
0
0
0
0
0
0
0
0
0
0
0
0
0
0
0
0
0
0
0
0
0
0
0
0
0
0
0
0
0
0
0
0
0
0
0
0
0
0
0
0
0
0
0
0
0
0
0
0
0
0
0
0
0
0
0
0
0
0
0
0
0
0
0
0
0
0
0
0
0
0
0
0
0
0
0
0
0
0
0
0
0
0
0
0
0
0
0
0
0
0
0
0
0
0
0
0
0
0
0
0
0
0
0
0
0
0
0
0
0
0
0
0
0
0
0
0
0
0
0
0
0
0
0
0
0
0
0
0
0
0
0
0
0
0
0
0
0
0
0
0
0
0
0
0
0
0
0
0
0
0
0
0
0
0
0
0
0
0
0
0
0
0
0
0
0
0
0
0
0
0
0
0
0
0
0
0
0
0
0
0
0
0
0
0
0
0
0
0
0
0
0
0
0
0
0
0
0
0
0
0
0
0
0
0
0
0
0
0
0
0
0
0
0
0
0
0
0
0
0
0
0
0
0
0
0
0
0
0
0
0
0
0
0
0
0
0
0
0
0
0
0
0
0
0
0
0
0
0
0
0
0
0
0
0
0
0
0
0
0
0
0
0
0
0
0
0
0
0
0
0
0
0
0
0
0
0
0
0
0
0
0
0
0
0
0
0
0
0
0
0
0
0
0
0
0
0
0
0
0
0
0
0
0
0
0
0
0
0
0
0
0
0
0
0
0
0
0
0
0
0
0
0
0
0
0
0
0
0
0
0
0
0
0
0
0
0
0
0
0
0
0
0
0
0
0
0
0
0
0
0
0
0
0
0
0
0
0
0
0
0
0
0
0
0
0
0
0
0
0
0
0
0
0
0
0
0
0
0
0
0
0
0
0
0
0
0
0
0
0
0
0
0
0
0
0
0
0
0
0
0
0
0
0
0
0
0
0
0
0
0
0
0
0
0
0
0
0
0
0
0
0
0
0
0
0
0
0
0
0
0
0
0
0
0
0
0
0
0
0
0
0
0
0
0
0
0
0
0
0
0
0
0
0
0
0
0
0
0
0
0
0
0
0
0
0
0
0
0
0
0
0
0
0
0
0
0
0
0
0
0
0
0
0
0
0
0
0
0
0
0
0
0
0
0
0
0
0
0
0
0
0
0
0
0
0
0
0
0
0
0
0
0
0
0
0
0
0
0
0
0
0
0
0
0
0
0
0
0
0
0
0
0
0
0
0
0
0
0
0
0
0
0
0
0
0
0
0
0
0
0
0
0
0
0
0
0
0
0
0
0
0
0
0
0
0
0
0
0
0
0
0
0
0
0
0
0
0
0
0
0
0
0
0
0
0
0
0
0
0
0
0
0
0
0
0
0
0
0
0
0
0
0
0
0
0
0
0
0
0
0
0
0
0
0
0
0
0
0
0
0
0
0
0
0
0
0
0
0
0
0
0
0
0
0
0
0
0
0
0
0
0
0
0
0
0
0
0
0
0
0
0
0
0
0
0
0
0
0
0
0
0
0
0
0
0
0
0
0
0
0
0
0
0
0
0
0
0
0
0
0
0
0
0
0
0
0
0
0
0
0
0
0
0
0
0
0
0
0
0
0
0
0
0
0
0
0
0
0
0
0
0
0
0
0
0
0
0
0
0
0
0
0
0
0
0
0
0
0
0
0
0
0
0
0
0
0
0
0
0
0
0
0
0
0
0
0
0
0
0
0
0
0
0
0
0
0
0
0
0
0
0
0
0
0
0
0
0
0
0
0
0
0
0
0
0
0
0
0
0
0
0
0
0
0
0
0
0
0
0
0
0
0
0
0
0
0
0
0
0
0
0
0
0
0
0
0
0
0
0
0
0
0
0
0
0
0
0
0
0
0
0
0
0
0
0
0
0
0
0
0
0
0
0
0
0
0
0
0
0
0
0
0
0
0
0
0
0
0
0
0
0
0
0
0
0
0
0
0
0
0
0
0
0
0
0
0
0
0
0
0
0
0
0
0
0
0
0
0
0
0
0
0
0
0
0
0
0
0
0
0
0
0
0
0
0
0
0
0
0
0
0
0
0
0
0
0
0
0
0
0
0
0
0
0
0
0
0
0
0
0
0
0
0
0
0
0
0
0
0
0
0
0
0
0
0
0
0
0
0
0
0
0
0
0
0
0
0
0
0
0
0
0
0
0
0
0
0
0
0
0
0
0
0
0
0
0
0
0
0
0
0
0
0
0
0
0
0
0
0
0
0
0
0
0
0
0
0
0
0
0
0
0
0
0
0
0
0
0
0
0
0
0
0
0
0
0
0
0
0
0
0
0
0
0
0
0
0
0
0
0
0
0
0
0
0
0
0
0
0
0
0
0
0
0
0
0
0
0
0
0
0
0
0
0
0
0
0
0
0
0
0
0
0
0
0
0
0
0
0
0
0
0
0
0
0
0
0
0
0
0
0
0
0
0
0
0
0
0
0
0
0
0
0
0
0
0
0
0
0
0
0
0
0
0
0
0
0
0
0
0
0
0
0
0
0
0
0
0
0
0
0
0
0
0
0
0
0
0
0
0
0
0
0
0
0
0
0
0
0
0
0
0
0
0
0
0
0
0
0
0
0
0
0
0
0
0
0
0
0
0
0
0
0
0
0
0
0
0
0
0
0
0
0
0
0
0
0
0
0
0
0
0
0
0
0
0
0
0
0
0
0
0
0
0
0
0
0
0
0
0
0
0
0
0
0
0
0
0
0
0
0
0
0
0
0
0
0
0
0
0
0
0
0
0
0
0
0
0
0
0
0
0
0
0
0
0
0
0
0
0
0
0
0
0
0
0
0
0
0
0
0
0
0
0
0
0
0
0
0
0
0
0
0
0
0
0
0
0
0
0
0
0
0
0
0
0
0
0
0
0
0
0
0
0
0
0
0
0
0
0
0
0
0
0
0
0
0
0
0
0
0
0
0
0
0
0
0
0
0
0
0
0
0
0
0
0
0
0
0
0
0
0
0
0
0
0
0
0
0
0
0
0
0
0
0
0
0
0
0
0
0
0
0
0
0
0
0
0
0
0
0
0
0
0
0
0
0
0
0
0
0
0
0
0
0
0
0
0
0
0
0
0
0
0
0
0
0
0
0
0
0
0
0
0
0
0
0
0
0
0
0
0
0
0
0
0
0
0
0
0
0
0
0
0
0
0
0
0
0
0
0
0
0
0
0
0
0
0
0
0
0
0
0
0
0
0
0
0
0
0
0
0
0
0
0
0
0
0
0
0
0
0
0
0
0
0
0
0
0
0
0
0
0
0
0
0
0
0
0
0
0
0
0
0
0
0
0
0
0
0
0
0
0
0
0
0
0
0
0
0
0
0
0
0
0
0
0
0
0
0
0
0
0
0
0
0
0
0
0
0
0
0
0
0
0
0
0
0
0
0
0
0
0
0
0
0
0
0
0
0
0
0
0
0
0
0
0
0
0
0
0
0
0
0
0
0
0
0
0
0
0
0
0
0
0
0
0
0
0
0
0
0
0
0
0
0
0
0
0
0
0
0
0
0
0
0
0
0
0
0
0
0
0
0
0
0
0
0
0
0
0
0
0
0
0
0
0
0
0
0
0
0
0
0
0
0
0
0
0
0
0
0
0
0
0
0
0
0
0
0
0
0
0
0
0
0
0
0
0
0
0
0
0
0
0
0
0
0
0
0
0
0
0
0
0
0
0
0
0
0
0
0
0
0
0
0
0
0
0
0
0
0
0
0
0
0
0
0
0
0
0
0
0
0
0
0
0
0
0
0
0
0
0
0
0
0
0
0
0
0
0
0
0
0
0
0
0
0
0
0
0
0
0
0
0
0
0
0
0
0
0
0
0
0
0
0
0
0
0
0
0
0
0
0
0
0
0
0
0
0
0
0
0
0
0
0
0
0
0
0
0
0
0
0
0
0
0
0
0
0
0
0
0
0
0
0
0
0
0
0
0
0
0
0
0
0
0
0
0
0
0
0
0
0
0
0
0
0
0
0
0
0
0
0
0
0
0
0
0
0
0
0
0
0
0
0
0
0
0
0
0
0
0
0
0
0
0
0
0
0
0
0
0
0
0
0
0
0
0
0
0
0
0
0
0
0
0
0
0
0
0
0
0
0
0
0
0
0
0
0
0
0
0
0
0
0
0
0
0
0
0
0
0
0
0
0
0
0
0
0
0
0
0
0
0
0
0
0
0
0
0
0
0
0
0
0
0
0
0
0
0
0
0
0
0
0
0
0
0
0
0
0
0
0
0
0
0
0
0
0
0
0
0
0
0
0
0
0
0
0
0
0
0
0
0
0
0
0
0
0
0
0
0
0
0
0
0
0
0
0
0
0
0
0
0
0
0
0
0
0
0
0
0
0
0
0
0
0
0
0
0
0
0
0
0
0
0
0
0
0
0
0
0
0
0
0
0
0
0
0
0
0
0
0
0
0
0
0
0
0
0
0
0
0
0
0
0
0
0
0
0
0
0
0
0
0
0
0
0
0
0
0
0
0
0
0
0
0
0
0
0
0
0
0
0
0
0
0
0
0
0
0
0
0
0
0
0
0
0
0
0
0
0
0
0
0
0
0
0
0
0
0
0
0
0
0
0
0
0
0
0
0
0
0
0
0
0
0
0
0
0
0
0
0
0
0
0
0
0
0
0
0
0
0
0
0
0
0
0
0
0
0
0
0
0
0
0
0
0
0
0
0
0
0
0
0
0
0
0
0
0
0
0
0
0
0
0
0
0
0
0
0
0
0
0
0
0
0
0
0
0
0
0
0
0
0
0
0
0
0
0
0
0
0
0
0
0
0
0
0
0
0
0
0
0
0
0
0
0
0
0
0
0
0
0
0
0
0
0
0
0
0
0
0
0
0
0
0
0
0
0
0
0
0
0
0
0
0
0
0
0
0
0
0
0
0
0
0
0
0
0
0
0
0
0
0
0
0
0
0
0
0
0
0
0
0
0
0
0
0
0
0
0
0
0
0
0
0
0
0
0
0
0
0
0
0
0
0
0
0
0
0
0
0
0
0
0
0
0
0
0
0
0
0
0
0
0
0
0
0
0
0
0
0
0
0
0
0
0
0
0
0
0
0
0
0
0
0
0
0
0
0
0
0
0
0
0
0
0
0
0
0
0
0
0
0
0
0
0
0
0
0
0
0
0
0
0
0
0
0
0
0
0
0
0
0
0
0
0
0
0
0
0
0
0
0
0
0
0
0
0
0
0
0
0
0
0
0
0
0
0
0
0
0
0
0
0
0
0
0
0
0
0
0
0
0
0
0
0
0
0
0
0
0
0
0
0
0
0
0
0
0
0
0
0
0
0
0
0
0
0
0
0
0
0
0
0
0
0
0
0
0
0
0
0
0
0
0
0
0
0
0
0
0
0
0
0
0
0
0
0
0
0
0
0
0
0
0
0
0
0
0
0
0
0
0
0
0
0
0
0
0
0
0
0
0
0
0
0
0
0
0
0
0
0
0
0
0
0
0
0
0
0
0
0
0
0
0
0
0
0
0
0
0
0
0
0
0
0
0
0
0
0
0
0
0
0
0
0
0
0
0
0
0
0
0
0
0
0
0
0
0
0
0
0
0
0
0
0
0
0
0
0
0
0
0
0
0
0
0
0
0
0
0
0
0
0
0
0
0
0
0
0
0
0
0
0
0
0
0
0
0
0
0
0
0
0
0
0
0
0
0
0
0
0
0
0
0
0
0
0
0
0
0
0
0
0
0
0
0
0
0
0
0
0
0
0
0
0
0
0
0
0
0
0
0
0
0
0
0
0
0
0
0
0
0
0
0
0
0
0
0
0
0
0
0
0
0
0
0
0
0
0
0
0
0
0
0
0
0
0
0
0
0
0
0
0
0
0
0
0
0
0
0
0
0
0
0
0
0
0
0
0
0
0
0
0
0
0
0
0
0
0
0
0
0
0
0
0
0
0
0
0
0
0
0
0
0
0
0
0
0
0
0
0
0
0
0
0
0
0
0
0
0
0
0
0
0
0
0
0
0
0
0
0
0
0
0
0
0
0
0
0
0
0
0
0
0
0
0
0
0
0
0
0
0
0
0
0
0
0
0
0
0
0
0
0
0
0
0
0
0
0
0
0
0
0
0
0
0
0
0
0
0
0
0
0
0
0
0
0
0
0
0
0
0
0
0
0
0
0
0
0
0
0
0
0
0
0
0
0
0
0
0
0
0
0
0
0
0
0
0
0
0
0
0
0
0
0
0
0
0
0
0
0
0
0
0
0
0
0
0
0
0
0
0
0
0
0
0
0
0
0
0
0
0
0
0
0
0
0
0
0
0
0
0
0
0
0
0
0
0
0
0
0
0
0
0
0
0
0
0
0
0
0
0
0
0
0
0
0
0
0
0
0
0
0
0
0
0
0
0
0
0
0
0
0
0
0
0
0
0
0
0
0
0
0
0
0
0
0
0
0
0
0
0
0
0
0
0
0
0
0
0
0
0
0
0
0
0
0
0
0
0
0
0
0
0
0
0
0
0
0
0
0
0
0
0
0
0
0
0
0
0
0
0
0
0
0
0
0
0
0
0
0
0
0
0
0
0
0
0
0
0
0
0
0
0
0
0
0
0
0
0
0
0
0
0
0
0
0
0
0
0
0
0
0
0
0
0
0
0
0
0
0
0
0
0
0
0
0
0
0
0
0
0
0
0
0
0
0
0
0
0
0
0
0
0
0
0
0
0
0
0
0
0
0
0
0
0
0
0
0
0
0
0
0
0
0
0
0
0
0
0
0
0
0
0
0
0
0
0
0
0
0
0
0
0
0
0
0
0
0
0
0
0
0
0
0
0
0
0
0
0
0
0
0
0
0
0
0
0
0
0
0
0
0
0
0
0
0
0
0
0
0
0
0
0
0
0
0
0
0
0
0
0
0
0
0
0
0
0
0
0
0
0
0
0
0
0
0
0
0
0
0
0
0
0
0
0
0
0
0
0
0
0
0
0
0
0
0
0
0
0
0
0
0
0
0
0
0
0
0
0
0
0
0
0
0
0
0
0
0
0
0
0
0
0
0
0
0
0
0
0
0
0
0
0
0
0
0
0
0
0
0
0
0
0
0
0
0
0
0
0
0
0
0
0
0
0
0
0
0
0
0
0
0
0
0
0
0
0
0
0
0
0
0
0
0
0
0
0
0
0
0
0
0
0
0
0
0
0
0
0
0
0
0
0
0
0
0
0
0
0
0
0
0
0
0
0
0
0
0
0
0
0
0
0
0
0
0
0
0
0
0
0
0
0
0
0
0
0
0
0
0
0
0
0
0
0
0
0
0
0
0
0
0
0
0
0
0
0
0
0
0
0
0
0
0
0
0
0
0
0
0
0
0
0
0
0
0
0
0
0
0
0
0
0
0
0
0
0
0
0
0
0
0
0
0
0
0
0
0
0
0
0
0
0
0
0
0
0
0
0
0
0
0
0
0
0
0
0
0
0
0
0
0
0
0
0
0
0
0
0
0
0
0
0
0
0
0
0
0
0
0
0
0
0
0
0
0
0
0
0
0
0
0
0
0
0
0
0
0
0
0
0
0
0
0
0
0
0
0
0
0
0
0
0
0
0
0
0
0
0
0
0
0
0
0
0
0
0
0
0
0
0
0
0
0
0
0
0
0
0
0
0
0
0
0
0
0
0
0
0
0
0
0
0
0
0
0
0
0
0
0
0
0
0
0
0
0
0
0
0
0
0
0
0
0
0
0
0
0
0
0
0
0
0
0
0
0
0
0
0
0
0
0
0
0
0
0
0
0
0
0
0
0
0
0
0
0
0
0
0
0
0
0
0
0
0
0
0
0
0
0
0
0
0
0
0
0
0
0
0
0
0
0
0
0
0
0
0
0
0
0
0
0
0
0
0
0
0
0
0
0
0
0
0
0
0
0
0
0
0
0
0
0
0
0
0
0
0
0
0
0
0
0
0
0
0
0
0
0
0
0
0
0
0
0
0
0
0
0
0
0
0
0
0
0
0
0
0
0
0
0
0
0
0
0
0
0
0
0
0
0
0
0
0
0
0
0
0
0
0
0
0
0
0
0
0
0
0
0
0
0
0
0
0
0
0
0
0
0
0
0
0
0
0
0
0
0
0
0
0
0
0
0
0
0
0
0
0
0
0
0
0
0
0
0
0
0
0
0
0
0
0
0
0
0
0
0
0
0
0
0
0
0
0
0
0
0
0
0
0
0
0
0
0
0
0
0
0
0
0
0
0
0
0
0
0
0
0
0
0
0
0
0
0
0
0
0
0
0
0
0
0
0
0
0
0
0
0
0
0
0
0
0
0
0
0
0
0
0
0
0
0
0
0
0
0
0
0
0
0
0
0
0
0
0
0
0
0
0
0
0
0
0
0
0
0
0
0
0
0
0
0
0
0
0
0
0
0
0
0
0
0
0
0
0
0
0
0
0
0
0
0
0
0
0
0
0
0
0
0
0
0
0
