-181
757
-1017
-728
-601
-2014
-1892
-211
682
-2160
-1446
-2592
-3322
-1433
-15
951
-132
150
-2606
-2613
-534
-1836
-14629
-264
457
-4402
-1984
-1486
-3387
-11045
162
342
-74
279
-2420
-1273
-1140
-2060
-1696
-154
546
-4273
-2381
-2933
-4016
-796
113
1494
6
313
-1366
-3000
1144
-1723
-19353
-310
395
-2601
-2761
-932
-3566
-14355
49
121
-44
42
-2575
-898
-2005
-2129
-1966
-91
261
-3819
-1441
-1455
-3119
-455
33
948
15
509
-1050
-1834
401
-1826
-18011
-285
332
-2275
-2692
-1765
-3320
-17318
-42
208
-73
52
-4636
-2448
-4600
-3694
-3664
-165
172
-4202
-1603
-3084
-2963
-1357
94
404
-26
-517
-1846
-3435
1698
-3558
-14544
-274
-806
-2357
-3013
-869
-3338
-20471
-96
-1037
121
50
-4071
-2831
-3448
-3107
-3288
-70
616
-4098
-2893
-3301
-3613
-2041
99
658
-152
596
320
-4280
-257
-3143
-19352
-314
112
62
-3733
-2933
-3844
-22112
-346
-438
229
754
-4180
-2394
-2600
-2867
-3514
-31
1237
-3809
-2453
-3115
-3368
-1717
-14
981
-286
-247
786
-4690
-2789
-3525
-15089
-487
208
205
-3413
-4649
-3707
-19022
-412
155
60
613
-3581
1378
-3211
-1970
-2220
-126
726
-3183
1743
-2393
-2477
-1334
-50
796
-265
158
-1398
-2635
-1144
-2157
-19224
-494
-4
-2209
-2262
-3157
-2608
-22754
-361
71
-174
-34
-4233
3401
-4150
-2999
-3173
-172
369
-3502
4492
-2996
-2935
-2326
54
539
-230
160
-2853
-3530
-2138
-3042
-11012
-316
-222
-4071
-2628
-3354
-3263
-16972
-46
-88
-20
-560
-1019
-1418
385
-988
-1685
1
-1275
-2216
-2623
-2615
-2687
256
-66
-2004
-144
540
-2596
-2778
-492
-1524
-16881
-256
563
-4684
-1112
-1397
-2816
-13056
82
821
-35
-1168
-2399
-2750
925
-1294
-2189
74
-1049
-5435
-4700
-4222
-4797
1975
16
-422
-153
665
-998
-3776
-1368
-2065
-20029
-182
294
-4302
-4196
-3063
-4552
-12256
-11
210
24
466
-2214
-2671
159
-1117
-2088
118
792
-3709
-2976
-3178
-3323
-48
-13
268
-172
315
35
-1884
-2960
-2108
-23743
-227
190
-2748
-3793
-2480
-3960
-19817
-16
-20
59
1944
-2886
-2781
-3750
-2394
-2677
-25
2061
-5343
-2843
-6006
-5161
-1412
-62
1805
-103
-439
-374
-2565
-118
-2795
31933
-325
-1015
-4427
-5663
-2568
-5184
-25095
-159
-302
121
783
-4171
-3468
-5615
-4371
-4089
-150
517
-7568
-4963
-8829
-8265
-1697
-68
885
-346
978
1006
-5975
764
-4095
-25818
-410
1151
-1610
-8235
-5846
-7245
-14167
-358
368
253
377
-6848
-5204
-4728
-5719
-5425
26
295
-5504
-2317
-5792
-4642
-2929
120
-318
-553
-640
678
-6308
-119
-5501
-17709
-504
219
-185
-4916
-2778
-4200
-26961
-414
198
157
14
-4041
-712
-1845
-1816
-2322
28
286
-4786
1073
-3270
-3232
-1608
-64
464
-376
-1807
-1524
-2384
-439
-2326
-21048
-696
-2920
-3364
-3197
-3290
-3201
-19469
-399
-1823
-140
-1295
-3360
2408
-2516
-2100
-2014
-41
-957
-4445
3058
-3506
-3809
-410
-73
-372
-269
-85
-1040
-2109
-1778
-1730
-21040
-309
-778
-4336
-3478
-4281
-3803
-18638
-134
-706
296
-359
-852
-1003
-296
-651
-1291
131
80
-546
-1083
-1573
-996
795
15
-600
-272
-105
-1783
-1478
-195
-1101
-19130
-471
-577
-2537
-252
-1443
-1208
-22062
-254
-8
161
-1861
-2231
-2346
1164
-1115
-2677
88
-315
-3282
-3071
-2904
-3152
2223
-94
-855
-75
1862
-2096
-3245
-3065
-2327
-23735
-247
1564
-5043
-2928
-4363
-2831
-23812
-148
941
120
-1272
-3752
-3299
-776
-2224
-3997
172
119
-4377
-3699
-4295
-4107
287
55
-602
-189
1467
-754
-4364
-5187
-4104
-15636
-215
2618
-2873
-4874
-5141
-4646
-17255
-215
2236
147
-46
-4063
-3324
-6144
-4480
-5096
158
459
-4461
-2337
-7132
-5046
-2249
63
267
-201
890
-2308
-4913
-1064
-5198
-14149
-325
-1565
-5389
-6472
-3358
-6076
-14847
-201
-1709
244
484
-3745
-1567
-5066
-2673
-3067
134
-853
-5630
-2553
-6921
-5613
1836
-156
-582
-269
805
-689
-3432
739
-3100
-25274
-377
441
-3904
-5641
-5186
-4922
-19838
-325
115
304
37
-5003
-3517
-3210
-3933
-4102
79
187
-4179
-2856
-5277
-4319
-1157
25
601
-390
182
500
-4361
-1970
-4289
-16407
-410
1075
-662
-4659
-4242
-4169
-19842
-449
1049
291
596
-5407
-3183
-77
-2438
-3763
141
574
-4837
-1138
-2663
-2780
-2912
82
173
-368
-2095
-1202
-4256
-3250
-3963
-16115
-612
-2283
-1580
-3696
-4041
-3518
-19628
-432
-1307
-40
-118
-3297
428
-1948
-951
-1971
23
-100
-3724
1565
-2023
-2568
-1450
112
41
-264
-483
-223
-2330
-1761
-1813
-19749
-477
-1787
-1665
-3106
-4006
-3123
-20135
-340
-1513
443
1163
-1504
-456
-952
-2683
-2815
263
2370
-1036
-877
-3226
-2706
285
141
2146
-492
113
-3857
-3612
-569
-2719
-20114
-455
-312
-4604
-2110
-2584
-3246
-23658
-229
-32
325
322
-2338
-1526
-761
-3628
-4087
74
594
-2969
-2376
-5419
-4467
1312
15
108
-205
343
-3860
-5721
-1661
-3824
-18655
-391
-131
-5796
-4068
-4432
-3666
-20475
-216
449
188
-1537
-2291
-2196
-1686
-3494
-3106
160
-1527
-3888
-4081
-5535
-5215
2860
108
-2105
-119
1669
-1361
-4696
-1044
-3208
-21480
-380
2618
-3959
-4820
-4991
-4053
-19754
-284
2503
334
-1162
-1901
-2476
-3487
-3206
-3204
302
-1761
-3326
-3180
-4787
-4652
448
37
-2071
-107
1561
-2136
-1923
-1351
-3282
-16595
-330
-636
-5183
-5086
-3875
-4760
-13563
-192
-1219
223
399
-4295
-1681
-5135
-2682
-3777
239
460
-5079
-2118
-5286
-4570
1063
-164
-432
-198
988
-934
-3027
-1516
-3757
-18399
-210
1458
-3926
-4561
-4814
-4764
-20060
-277
1111
117
325
-5867
-4670
-5218
-6358
-5615
95
28
-5463
-4877
-6992
-6594
-511
65
601
-464
415
1876
-5728
-3243
-5790
-14437
-351
658
-1238
-6589
-6715
-6017
-18357
-342
504
264
1644
-5042
-4507
-2439
-4853
-4241
98
1058
-3798
-3241
-3916
-3907
-1770
154
1702
-417
-1574
-1312
-4597
-586
-4552
-16442
-548
-1148
-1588
-4111
-2366
-3512
-23778
-398
-732
-7
650
-3517
-2221
-2220
-2519
-2896
-5
992
-4411
-2467
-3536
-4109
-823
82
551
-369
-832
98
-3352
-1262
-2899
-17434
-640
-910
-105
-4449
-4790
-4174
-16372
-421
-328
492
990
-2354
1783
-3040
-4698
-4624
198
1030
-2984
1181
-6260
-6138
-2353
258
834
-453
501
-6615
-5852
-1770
-4452
-14955
-412
-114
-8100
-5186
-4933
-6150
-12998
-198
-47
364
945
-2627
713
-921
-2764
-3515
165
-6
-1749
142
-3681
-3413
-839
-28
160
-253
-551
-4511
-5045
-2234
-3265
-14619
-283
-1990
-4886
-3483
-3410
-2642
-18872
-118
-370
363
-322
-1255
-1386
-519
-2571
-2277
255
-785
-2380
-4085
-3691
-4713
2730
196
-1476
-54
1063
-1305
-3272
-2102
-2204
-26845
-303
758
-4363
-4269
-4806
-3536
-24965
-224
1062
319
-1045
-1247
-2359
-661
-2404
-2449
330
-817
-3259
-4974
-3043
-5467
1497
-2
-1177
59
1658
-1757
-1434
-2516
-2349
-25220
-135
797
-5822
-5012
-4245
-5081
-18459
-186
68
255
-107
-3791
-1957
-3216
-2213
-3498
305
-170
-5404
-3234
-4619
-5500
1340
-4
80
-231
546
-931
-4050
-2079
-3605
-22474
-150
1072
-5066
-5687
-5733
-5677
-19230
-243
1110
425
-374
-4983
-3876
-4449
-4722
-4800
291
-1274
-5084
-4160
-4955
-6109
230
107
-310
-382
501
496
-5781
-1577
-4997
-18897
-445
-330
-2655
-6412
-5639
-5513
-21952
-450
64
589
-157
-3295
-3260
-1684
-4164
-3751
256
-445
-3731
-3719
-4348
-5621
-1351
161
201
-376
-563
-1101
-4029
-1839
-4006
-20292
-619
463
-2783
-5367
-4288
-4761
-20168
-517
231
300
-185
-3518
-3146
-2218
-3166
-3511
11
-427
-4038
-3201
-4817
-4767
-1572
88
-935
-435
-1397
521
-4195
-2179
-3505
-21329
-742
-503
185
-4319
-5173
-4648
-21692
-537
220
415
-133
-3864
80
-3573
-3424
-4379
223
-924
-3331
783
-3633
-4067
-2727
290
-1466
-290
891
-5201
-3239
-1968
-4380
-16980
-343
173
-5115
-4028
-4486
-3509
-19934
-152
241
451
-146
-3297
307
-1259
-833
-2946
212
-571
-3090
-601
-1764
-3120
-1334
0
40
-173
-684
-2908
-2840
-3789
-2778
-21420
-81
-1977
-3477
-3629
-5061
-2677
-22961
42
-421
265
-744
-1923
-479
-59
-3008
-3276
145
-414
-3286
-3201
-1436
-5302
1392
10
-286
-99
-496
-3460
-3303
-2823
-2966
-22341
-8
-812
-6930
-5515
-5603
-4241
-19527
-4
-926
140
-1305
-2112
-2721
1054
-3231
-2970
79
275
-3292
-4283
-933
-4500
1490
46
-716
100
2395
-3060
-2293
-2232
-2752
-24175
-101
2094
-5988
-4802
-3695
-3101
-23303
-51
1784
132
128
-2820
-2068
-2732
-1855
-2961
197
535
-4289
-3617
-3868
-4611
3664
19
492
-128
776
-2104
-3083
-1369
-3206
-25722
-161
165
-6360
-5558
-5443
-4316
-24176
-273
300
347
-9
-2377
-3443
-4266
-1742
-4134
224
-192
-3592
-5526
-4220
-5641
2193
8
785
-262
202
-1516
-4425
-3301
-4355
-23273
-375
-1279
-5553
-7504
-8564
-6037
-21192
-387
-921
548
22
-3300
-3883
-110
-3075
-5011
314
150
-2080
-3706
-1978
-4412
-1481
62
1118
-293
340
-3388
-4467
-6625
-5328
-13115
-475
939
-4525
-6132
-6850
-4499
-19558
-419
1036
451
504
-2317
-4421
-872
-1594
-3035
192
818
-2128
-3845
-2512
-3591
-1282
59
287
-300
-1489
-1226
-2871
-2603
-3196
-18260
-593
-920
-754
-4188
-4762
-3677
-19302
-568
-592
307
-1545
-2689
-2312
-3640
-2259
-3510
277
-1024
-2078
-454
-3781
-2915
-2518
126
-1192
-344
853
-3404
-2937
-176
-3530
-16603
-458
702
-3323
-3939
-3456
-1894
-20509
-251
482
331
-1645
-3312
-2731
-2847
-838
-3088
241
-809
-2579
-1100
-3082
-2452
-1451
117
449
-283
250
-2222
-3118
-265
-2994
-21048
-215
-952
-2542
-3725
-3448
-581
-25628
-247
-316
32
-1500
-1900
-708
-1110
-2011
-2620
11
-445
-3252
-1373
-3503
-3970
490
-144
577
-202
-1646
-2889
-3052
-177
-2288
-24357
11
-867
-5212
-4938
-4781
-1652
-21379
-159
-1196
-167
-2738
-897
-1639
573
-3142
-2827
-132
-1564
-2935
-3791
-1595
-4527
1911
-80
-1177
92
1779
-3626
-2942
-1810
-2607
-16858
-106
2043
-6725
-5312
-4831
-2791
-13451
-29
1628
-69
-2741
-2114
-4058
-3623
-4261
-4207
-61
-2416
-3237
-6116
-5025
-4500
4015
2
-1720
-103
1508
-1425
-4268
-1118
-4138
-15189
-283
1193
-4866
-5621
-5920
-4647
-19315
-246
1765
65
-2043
-2447
-4941
-5450
-3166
-4774
-131
-2187
-4407
-7609
-6565
-5639
3537
-12
-1209
-196
-345
173
-5134
-2368
-4741
-13517
-290
-1669
-4179
-7254
-8769
-5955
-13326
-305
-1450
250
-2190
-1205
-4754
-1313
-2251
-3466
-26
-1542
-1299
-4749
-3082
-3999
1659
52
-778
-342
375
-2464
-3472
-1879
-3453
-21047
-555
671
-4856
-5343
-5549
-3212
-24886
-482
281
257
-726
-721
-6201
-38
-2883
-3589
77
380
-526
-5754
-2964
-4256
-669
42
-169
-434
-516
-995
-3864
-3437
-3640
-17296
-623
37
-1614
-5207
-5845
-4244
-19803
-468
460
-11
-1155
-1539
-2313
-1802
-1248
-2285
-188
-1190
-1698
-2003
-4371
-2623
-1066
-34
-620
-304
-436
-2340
-2544
458
-2247
-18420
-467
207
-2629
-3625
-2815
-2142
-17820
-161
-80
-167
-1757
-1023
-1759
-1795
-313
-1712
-266
-1659
-762
-822
-3539
-1448
-653
-82
-527
-142
84
-2321
-2072
489
-1606
-23062
-321
-191
-2745
-2612
-2696
-658
-24913
-101
294
-297
-1290
-1829
-215
-1746
-867
-2414
-380
-854
-2900
176
-4218
-2530
-587
-219
-933
-69
-1451
-4070
-3351
310
-2208
-18588
-39
-379
-4956
-4216
-3597
-2084
-17421
-19
-476
-271
-1558
-1624
-1414
-34
-931
-1848
-238
-1203
-2480
-2719
-2139
-2227
1420
-122
-884
-80
179
-2231
-3100
293
-1626
-15433
-157
107
-3659
-3134
-1995
-1635
-16179
-31
-165
-92
-1211
-1289
-3357
-1592
-1534
-1872
2
-1696
-1930
-4448
-2848
-2592
1582
-46
-1512
-226
226
-1181
-2769
1589
-1754
-16515
-508
279
-2398
-2809
-1075
-2446
-17531
-295
906
1
-412
-2173
-3939
-2232
-593
-2086
-38
-458
-2083
-3812
-3005
-1629
356
-80
-490
-212
-765
-931
-2744
1347
-2154
-10470
-471
-431
-1164
-2752
-1118
-2211
-12905
-317
-152
27
-1031
-1395
-3973
-762
-140
-1806
17
-991
-1162
-3456
-2252
-1703
-301
23
-685
-413
189
-856
-2894
-522
-1896
-14688
-635
826
-792
-2965
-2885
-1885
-17568
-399
-2
49
-1479
-732
-4917
-595
-1915
-3025
-8
-1481
662
-3995
-1798
-2017
-1350
76
-1033
-459
-170
-1074
-3614
-2525
-3001
-11473
-592
-218
-337
-3326
-3680
-2189
-19190
-322
-16
0
0
0
0
0
0
0
0
0
0
0
-1425
-815
-262
-771
-1102
0
0
0
0
0
0
0
0
0
0
0
-195
-1725
-233
-1128
-15227
0
0
0
0
0
0
0
0
0
0
0
-2237
-1926
-1347
-12
-1636
0
0
0
0
0
0
0
0
0
0
0
-809
-2634
320
-1565
-16155
0
0
0
0
0
0
0
0
0
0
0
-1430
-1136
-1682
-650
-1175
0
0
0
0
0
0
0
0
0
0
0
-420
-413
-528
-1027
-18770
0
0
0
0
0
0
0
0
0
0
0
-2957
-2351
-3078
-2004
-2326
0
0
0
0
0
0
0
0
0
0
0
-1104
-1125
-69
-2172
-17295
0
0
0
0
0
0
0
0
0
0
0
-2821
-2892
-2842
-2281
-2818
0
0
0
0
0
0
0
0
0
0
0
423
-2486
-1851
-2776
-16278
0
0
0
0
0
0
0
0
0
0
0
-2400
-1795
-1762
-1253
-2226
0
0
0
0
0
0
0
0
0
0
0
648
-2413
-2820
-2240
-16659
0
0
0
0
0
0
0
0
0
0
0
-2282
-30
-2979
-286
-1583
0
0
0
0
0
0
0
0
0
0
0
-941
-625
-1098
-1596
-17899
0
0
0
0
0
0
0
0
0
0
0
-1754
1700
-2673
-1149
-1288
0
0
0
0
0
0
0
0
0
0
0
-704
-947
-497
-1063
-15891
0
0
0
0
0
0
0
0
0
0
0
-1737
-2058
-429
-445
-1924
0
0
0
0
0
0
0
0
0
0
0
-1220
-2973
-911
-1996
-12552
0
0
0
0
0
0
0
0
0
0
0
-2866
-2956
441
311
-2442
0
0
0
0
0
0
0
0
0
0
0
-1249
-5015
-1737
-2441
-14404
0
0
0
0
0
0
0
0
0
0
0
-1095
-2791
-1471
-1211
-2226
0
0
0
0
0
0
0
0
0
0
0
-843
-1833
-2774
-2246
-18696
0
0
0
0
0
0
0
0
0
0
0
-2302
-3590
-4073
-2242
-3024
0
0
0
0
0
0
0
0
0
0
0
-568
-1800
-1906
-3046
-25306
0
0
0
0
0
0
0
0
0
0
0
-3128
-2784
-3642
-2537
-2533
0
0
0
0
0
0
0
0
0
0
0
2051
-3327
-1350
-2574
-22346
0
0
0
0
0
0
0
0
0
0
0
-3772
-3418
-3711
-3069
-3251
0
0
0
0
0
0
0
0
0
0
0
594
-2847
-1331
-3291
-22408
0
0
0
0
0
0
0
0
0
0
0
-2251
-1415
-2020
-198
-1720
0
0
0
0
0
0
0
0
0
0
0
-1972
416
-1804
-1768
-20326
0
0
0
0
0
0
0
0
0
0
0
-1216
908
-2077
-758
-1254
0
0
0
0
0
0
0
0
0
0
0
-200
-294
-1468
-966
-19744
0
0
0
0
0
0
0
0
0
0
0
-352
-1098
-1442
217
-1070
0
0
0
0
0
0
0
0
0
0
0
-1129
-1019
-366
-1119
-17795
0
0
0
0
0
0
0
0
0
0
0
-2050
-2218
238
1040
-1880
0
0
0
0
0
0
0
0
0
0
0
-1553
-3875
-2054
-1898
-24302
0
0
0
0
0
0
0
0
0
0
0
-3421
-3781
-2133
-2353
-3778
0
0
0
0
0
0
0
0
0
0
0
-379
-4403
-3602
-3912
-13018
0
0
0
0
0
0
0
0
0
0
0
-4297
-3383
-4899
-4715
-3929
0
0
0
0
0
0
0
0
0
0
0
-592
-3437
-255
-3940
-15291
0
0
0
0
0
0
0
0
0
0
0
-3025
-2564
-5368
-1005
-3336
0
0
0
0
0
0
0
0
0
0
0
-376
-4179
-1466
-3384
-17012
0
0
0
0
0
0
0
0
0
0
0
-2435
-2945
-3592
-2377
-3052
0
0
0
0
0
0
0
0
0
0
0
537
-3034
-2392
-3014
-16998
0
0
0
0
0
0
0
0
0
0
0
-1564
-2490
-309
-617
-2186
0
0
0
0
0
0
0
0
0
0
0
-1709
-1700
-3186
-2217
-21922
0
0
0
0
0
0
0
0
0
0
0
-792
-398
-1641
157
-1431
0
0
0
0
0
0
0
0
0
0
0
-211
-1388
-2255
-1308
-18355
0
0
0
0
0
0
0
0
0
0
0
-894
-253
-1595
-908
-1547
0
0
0
0
0
0
0
0
0
0
0
-1461
-1670
-425
-1484
-22082
0
0
0
0
0
0
0
0
0
0
0
-2167
-1256
-194
-69
-1585
0
0
0
0
0
0
0
0
0
0
0
-1294
-3714
-28
-1465
-25391
0
0
0
0
0
0
0
0
0
0
0
-2919
-2452
-1740
-1149
-2385
0
0
0
0
0
0
0
0
0
0
0
-338
-4100
-346
-2390
-20621
0
0
0
0
0
0
0
0
0
0
0
-2645
-2054
-2426
-2308
-2222
0
0
0
0
0
0
0
0
0
0
0
-709
-1368
-1456
-2168
-18428
0
0
0
0
0
0
0
0
0
0
0
-4913
-2910
-5919
-2037
-4571
0
0
0
0
0
0
0
0
0
0
0
-776
-4399
-2638
-4672
-9996
0
0
0
0
0
0
0
0
0
0
0
-4029
-3679
-5318
-4856
-4773
0
0
0
0
0
0
0
0
0
0
0
2554
-5816
-3202
-4799
-12310
0
0
0
0
0
0
0
0
0
0
0
-2479
-3097
-2856
-2683
-3293
0
0
0
0
0
0
0
0
0
0
0
-522
-3044
-1795
-3320
-18115
0
0
0
0
0
0
0
0
0
0
0
-1522
-1929
-2309
-420
-2003
0
0
0
0
0
0
0
0
0
0
0
131
-2619
-1834
-1952
-16586
0
0
0
0
0
0
0
0
0
0
0
-2633
917
-2365
-1328
-2280
0
0
0
0
0
0
0
0
0
0
0
-2116
-3021
-1290
-2208
-18893
0
0
0
0
0
0
0
0
0
0
0
-3294
-625
-1513
813
-2490
0
0
0
0
0
0
0
0
0
0
0
-2631
-4025
-1484
-2430
-14483
0
0
0
0
0
0
0
0
0
0
0
-3035
-2135
-1308
-147
-2376
0
0
0
0
0
0
0
0
0
0
0
-505
-4456
-1310
-2414
-21958
0
0
0
0
0
0
0
0
0
0
0
-2525
-2488
-1278
-1830
-2684
0
0
0
0
0
0
0
0
0
0
0
-1435
-2849
-2373
-2781
-19086
0
0
0
0
0
0
0
0
0
0
0
-4770
-2918
-4099
-1091
-4441
0
0
0
0
0
0
0
0
0
0
0
-687
-6159
-3154
-4636
-12661
0
0
0
0
0
0
0
0
0
0
0
-3882
-3497
-4973
-3160
-4508
0
0
0
0
0
0
0
0
0
0
0
1705
-7501
-2400
-4541
-14194
0
0
0
0
0
0
0
0
0
0
0
-2531
-2158
-2173
-1947
-2723
0
0
0
0
0
0
0
0
0
0
0
926
-4053
-2862
-2800
-19930
0
0
0
0
0
0
0
0
0
0
0
-1521
-2257
-2341
-364
-1948
0
0
0
0
0
0
0
0
0
0
0
1114
-2647
-2894
-1962
-22907
0
0
0
0
0
0
0
0
0
0
0
-3749
-1226
-4154
-67
-3724
0
0
0
0
0
0
0
0
0
0
0
-3135
-2784
-3710
-3682
-16525
0
0
0
0
0
0
0
0
0
0
0
-4545
-1760
-3370
1876
-4112
0
0
0
0
0
0
0
0
0
0
0
-4187
-3374
-5051
-4032
-13067
0
0
0
0
0
0
0
0
0
0
0
-3025
-884
-428
-524
-2248
0
0
0
0
0
0
0
0
0
0
0
-1676
-3955
-1287
-2054
-22232
0
0
0
0
0
0
0
0
0
0
0
-2424
-2641
-122
-2013
-2900
0
0
0
0
0
0
0
0
0
0
0
-2499
-3443
-1523
-2818
-21039
0
0
0
0
0
0
0
0
0
0
0
-4444
-2789
-4611
-824
-4752
0
0
0
0
0
0
0
0
0
0
0
-2343
-5031
-3417
-4712
-13921
0
0
0
0
0
0
0
0
0
0
0
-4438
-2880
-4937
-1
-4530
0
0
0
0
0
0
0
0
0
0
0
85
-6781
-4475
-4416
-16676
0
0
0
0
0
0
0
0
0
0
0
-3237
-2707
-937
-1610
-3878
0
0
0
0
0
0
0
0
0
0
0
-656
-5586
-5906
-3943
-15003
0
0
0
0
0
0
0
0
0
0
0
-1708
-3864
-2150
-228
-3127
0
0
0
0
0
0
0
0
0
0
0
-1387
-3197
-4114
-3209
-14217
0
0
0
0
0
0
0
0
0
0
0
-3126
-2540
-3721
-263
-3294
0
0
0
0
0
0
0
0
0
0
0
-1522
-2846
-2617
-3226
-14850
0
0
0
0
0
0
0
0
0
0
0
-4363
-3585
-4459
1898
-4389
0
0
0
0
0
0
0
0
0
0
0
-3477
-3449
-3860
-4253
-12159
0
0
0
0
0
0
0
0
0
0
0
-2474
-1072
-1196
-307
-2242
0
0
0
0
0
0
0
0
0
0
0
-1922
-3060
-689
-2027
-20905
0
0
0
0
0
0
0
0
0
0
0
-1333
-1416
667
-1643
-1889
0
0
0
0
0
0
0
0
0
0
0
-1584
-3719
-331
-1887
-18227
0
0
0
0
0
0
0
0
0
0
0
-2014
-1903
-2948
-2460
-2736
0
0
0
0
0
0
0
0
0
0
0
-249
-3803
-1288
-2631
-19459
0
0
0
0
0
0
0
0
0
0
0
-3058
-2267
-4187
-1075
-3228
0
0
0
0
0
0
0
0
0
0
0
1202
-5407
-2846
-3106
-16752
0
0
0
0
0
0
0
0
0
0
0
-1836
-3215
-2174
-1124
-3158
0
0
0
0
0
0
0
0
0
0
0
-739
-4319
-3271
-3208
-18884
0
0
0
0
0
0
0
0
0
0
0
-1504
-3975
-1370
-1610
-3023
0
0
0
0
0
0
0
0
0
0
0
299
-3810
-4037
-3019
-15623
0
0
0
0
0
0
0
0
0
0
0
-1579
-1548
-1377
-835
-1580
0
0
0
0
0
0
0
0
0
0
0
-349
-1355
-832
-1384
-19092
0
0
0
0
0
0
0
0
0
0
0
-1879
-1561
-2528
-262
-1999
0
0
0
0
0
0
0
0
0
0
0
-1393
-1244
-1134
-1967
-18167
0
0
0
0
0
0
0
0
0
0
0
-1689
3
-1180
-65
-1198
0
0
0
0
0
0
0
0
0
0
0
-1553
-1986
578
-1009
-21207
0
0
0
0
0
0
0
0
0
0
0
-1381
-742
-263
-1014
-1538
0
0
0
0
0
0
0
0
0
0
0
-635
-3519
407
-1337
-15008
0
0
0
0
0
0
0
0
0
0
0
-669
-1917
-1679
-1450
-1625
0
0
0
0
0
0
0
0
0
0
0
-403
-3219
822
-1520
-15488
0
0
0
0
0
0
0
0
0
0
0
-1605
-2727
-2348
-324
-1795
0
0
0
0
0
0
0
0
0
0
0
-181
-2947
-113
-1896
-10808
0
0
0
0
0
0
0
0
0
0
0
-1732
-2814
-1100
111
-1764
0
0
0
0
0
0
0
0
0
0
0
285
-3122
-1734
-1995
-13990
0
0
0
0
0
0
0
0
0
0
0
-987
-2660
-637
-1526
-1844
0
0
0
0
0
0
0
0
0
0
0
836
-2570
-2729
-1833
-14667
0
0
0
0
0
0
0
0
0
0
0
0
0
0
0
0
0
0
0
0
0
0
0
0
0
0
0
0
0
0
0
0
0
0
0
0
0
0
0
0
0
0
0
0
0
0
0
0
0
0
0
0
0
0
0
0
0
0
0
0
0
0
0
0
0
0
0
0
0
0
0
0
0
0
0
0
0
0
0
0
0
0
0
0
0
0
0
0
0
0
0
0
0
0
0
0
0
0
0
0
0
0
0
0
0
0
0
0
0
0
0
0
0
0
0
0
0
0
0
0
0
0
0
0
0
0
0
0
0
0
0
0
0
0
0
0
0
0
0
0
0
0
0
0
0
0
0
0
0
0
0
0
0
0
0
0
0
0
0
0
0
0
0
0
0
0
0
0
0
0
0
0
0
0
0
0
0
0
0
0
0
0
0
0
0
0
0
0
0
0
0
0
0
0
0
0
0
0
0
0
0
0
0
0
0
0
0
0
0
0
0
0
0
0
0
0
0
0
0
0
0
0
0
0
0
0
0
0
0
0
0
0
0
0
0
0
0
0
0
0
0
0
0
0
0
0
0
0
0
0
0
0
0
0
0
0
0
0
0
0
0
0
0
0
0
0
0
0
0
0
0
0
0
0
0
0
0
0
0
0
0
0
0
0
0
0
0
0
0
0
0
0
0
0
0
0
0
0
0
0
0
0
0
0
0
0
0
0
0
0
0
0
0
0
0
0
0
0
0
0
0
0
0
0
0
0
0
0
0
0
0
0
0
0
0
0
0
0
0
0
0
0
0
0
0
0
0
0
0
0
0
0
0
0
0
0
0
0
0
0
0
0
0
0
0
0
0
0
0
0
0
0
0
0
0
0
0
0
0
0
0
0
0
0
0
0
0
0
0
0
0
0
0
0
0
0
0
0
0
0
0
0
0
0
0
0
0
0
0
0
0
0
0
0
0
0
0
0
0
0
0
0
0
0
0
0
0
0
0
0
0
0
0
0
0
0
0
0
0
0
0
0
0
0
0
0
0
0
0
0
0
0
0
0
0
0
0
0
0
0
0
0
0
0
0
0
0
0
0
0
0
0
0
0
0
0
0
0
0
0
0
0
0
0
0
0
0
0
0
0
0
0
0
0
0
0
0
0
0
0
0
0
0
0
0
0
0
0
0
0
0
0
0
0
0
0
0
0
0
0
0
0
0
0
0
0
0
0
0
0
0
0
0
0
0
0
0
0
0
0
0
0
0
0
0
0
0
0
0
0
0
0
0
0
0
0
0
0
0
0
0
0
0
0
0
0
0
0
0
0
0
0
0
0
0
0
0
0
0
0
0
0
0
0
0
0
0
0
0
0
0
0
0
0
0
0
0
0
0
0
0
0
0
0
0
0
0
0
0
0
0
0
0
0
0
0
0
0
0
0
0
0
0
0
0
0
0
0
0
0
0
0
0
0
0
0
0
0
0
0
0
0
0
0
0
0
0
0
0
0
0
0
0
0
0
0
0
0
0
0
0
0
0
0
0
0
0
0
0
0
0
0
0
0
0
0
0
0
0
0
0
0
0
0
0
0
0
0
0
0
0
0
0
0
0
0
0
0
0
0
0
0
0
0
0
0
0
0
0
0
0
0
0
0
0
0
0
0
0
0
0
0
0
0
0
0
0
0
0
0
0
0
0
0
0
0
0
0
0
0
0
0
0
0
0
0
0
0
0
0
0
0
0
0
0
0
0
0
0
0
0
0
0
0
0
0
0
0
0
0
0
0
0
0
0
0
0
0
0
0
0
0
0
0
0
0
0
0
0
0
0
0
0
0
0
0
0
0
0
0
0
0
0
0
0
0
0
0
0
0
0
0
0
0
0
0
0
0
0
0
0
0
0
0
0
0
0
0
0
0
0
0
0
0
0
0
0
0
0
0
0
0
0
0
0
0
0
0
0
0
0
0
0
0
0
0
0
0
0
0
0
0
0
0
0
0
0
0
0
0
0
0
0
0
0
0
0
0
0
0
0
0
0
0
0
0
0
0
0
0
0
0
0
0
0
0
0
0
0
0
0
0
0
0
0
0
0
0
0
0
0
0
0
0
0
0
0
0
0
0
0
0
0
0
0
0
0
0
0
0
0
0
0
0
0
0
0
0
0
0
0
0
0
0
0
0
0
0
0
0
0
0
0
0
0
0
0
0
0
0
0
0
0
0
0
0
0
0
0
0
0
0
0
0
0
0
0
0
0
0
0
0
0
0
0
0
0
0
0
0
0
0
0
0
0
0
0
0
0
0
0
0
0
0
0
0
0
0
0
0
0
0
0
0
0
0
0
0
0
0
0
0
0
0
0
0
0
0
0
0
0
0
0
0
0
0
0
0
0
0
0
0
0
0
0
0
0
0
0
0
0
0
0
0
0
0
0
0
0
0
0
0
0
0
0
0
0
0
0
0
0
0
0
0
0
0
0
0
0
0
0
0
0
0
0
0
0
0
0
0
0
0
0
0
0
0
0
0
0
0
0
0
0
0
0
0
0
0
0
0
0
0
0
0
0
0
0
0
0
0
0
0
0
0
0
0
0
0
0
0
0
0
0
0
0
0
0
0
0
0
0
0
0
0
0
0
0
0
0
0
0
0
0
0
0
0
0
0
0
0
0
0
0
0
0
0
0
0
0
0
0
0
0
0
0
0
0
0
0
0
0
0
0
0
0
0
0
0
0
0
0
0
0
0
0
0
0
0
0
0
0
0
0
0
0
0
0
0
0
0
0
0
0
0
0
0
0
0
0
0
0
0
0
0
0
0
0
0
0
0
0
0
0
0
0
0
0
0
0
0
0
0
0
0
0
0
0
0
0
0
0
0
0
0
0
0
0
0
0
0
0
0
0
0
0
0
0
0
0
0
0
0
0
0
0
0
0
0
0
0
0
0
0
0
0
0
0
0
0
0
0
0
0
0
0
0
0
0
0
0
0
0
0
0
0
0
0
0
0
0
0
0
0
0
0
0
0
0
0
0
0
0
0
0
0
0
0
0
0
0
0
0
0
0
0
0
0
0
0
0
0
0
0
0
0
0
0
0
0
0
0
0
0
0
0
0
0
0
0
0
0
0
0
0
0
0
0
0
0
0
0
0
0
0
0
0
0
0
0
0
0
0
0
0
0
0
0
0
0
0
0
0
0
0
0
0
0
0
0
0
0
0
0
0
0
0
0
0
0
0
0
0
0
0
0
0
0
0
0
0
0
0
0
0
0
0
0
0
0
0
0
0
0
0
0
0
0
0
0
0
0
0
0
0
0
0
0
0
0
0
0
0
0
0
0
0
0
0
0
0
0
0
0
0
0
0
0
0
0
0
0
0
0
0
0
0
0
0
0
0
0
0
0
0
0
0
0
0
0
0
0
0
0
0
0
0
0
0
0
0
0
0
0
0
0
0
0
0
0
0
0
0
0
0
0
0
0
0
0
0
0
0
0
0
0
0
0
0
0
0
0
0
0
0
0
0
0
0
0
0
0
0
0
0
0
0
0
0
0
0
0
0
0
0
0
0
0
0
0
0
0
0
0
0
0
0
0
0
0
0
0
0
0
0
0
0
0
0
0
0
0
0
0
0
0
0
0
0
0
0
0
0
0
0
0
0
0
0
0
0
0
0
0
0
0
0
0
0
0
0
0
0
0
0
0
0
0
0
0
0
0
0
0
0
0
0
0
0
0
0
0
0
0
0
0
0
0
0
0
0
0
0
0
0
0
0
0
0
0
0
0
0
0
0
0
0
0
0
0
0
0
0
0
0
0
0
0
0
0
0
0
0
0
0
0
0
0
0
0
0
0
0
0
0
0
0
0
0
0
0
0
0
0
0
0
0
0
0
0
0
0
0
0
0
0
0
0
0
0
0
0
0
0
0
0
0
0
0
0
0
0
0
0
0
0
0
0
0
0
0
0
0
0
0
0
0
0
0
0
0
0
0
0
0
0
0
0
0
0
0
0
0
0
0
0
0
0
0
0
0
0
0
0
0
0
0
0
0
0
0
0
0
0
0
0
0
0
0
0
0
0
0
0
0
0
0
0
0
0
0
0
0
0
0
0
0
0
0
0
0
0
0
0
0
0
0
0
0
0
0
0
0
0
0
0
0
0
0
0
0
0
0
0
0
0
0
0
0
0
0
0
0
0
0
0
0
0
0
0
0
0
0
0
0
0
0
0
0
0
0
0
0
0
0
0
0
0
0
0
0
0
0
0
0
0
0
0
0
0
0
0
0
0
0
0
0
0
0
0
0
0
0
0
0
0
0
0
0
0
0
0
0
0
0
0
0
0
0
0
0
0
0
0
0
0
0
0
0
0
0
0
0
0
0
0
0
0
0
0
0
0
0
0
0
0
0
0
0
0
0
0
0
0
0
0
0
0
0
0
0
0
0
0
0
0
0
0
0
0
0
0
0
0
0
0
0
0
0
0
0
0
0
0
0
0
0
0
0
0
0
0
0
0
0
0
0
0
0
0
0
0
0
0
0
0
0
0
0
0
0
0
0
0
0
0
0
0
0
0
0
0
0
0
0
0
0
0
0
0
0
0
0
0
0
0
0
0
0
0
0
0
0
0
0
0
0
0
0
0
0
0
0
0
0
0
0
0
0
0
0
0
0
0
0
0
0
0
0
0
0
0
0
0
0
0
0
0
0
0
0
0
0
0
0
0
0
0
0
0
0
0
0
0
0
0
0
0
0
0
0
0
0
0
0
0
0
0
0
0
0
0
0
0
0
0
0
0
0
0
0
0
0
0
0
0
0
0
0
0
0
0
0
0
0
0
0
0
0
0
0
0
0
0
0
0
0
0
0
0
0
0
0
0
0
0
0
0
0
0
0
0
0
0
0
0
0
0
0
0
0
0
0
0
0
0
0
0
0
0
0
0
0
0
0
0
0
0
0
0
0
0
0
0
0
0
0
0
0
0
0
0
0
0
0
0
0
0
0
0
0
0
0
0
0
0
0
0
0
0
0
0
0
0
0
0
0
0
0
0
0
0
0
0
0
0
0
0
0
0
0
0
0
0
0
0
0
0
0
0
0
0
0
0
0
0
0
0
0
0
0
0
0
0
0
0
0
0
0
0
0
0
0
0
0
0
0
0
0
0
0
0
0
0
0
0
0
0
0
0
0
0
0
0
0
0
0
0
0
0
0
0
0
0
0
0
0
0
0
0
0
0
0
0
0
0
0
0
0
0
0
0
0
0
0
0
0
0
0
0
0
0
0
0
0
0
0
0
0
0
0
0
0
0
0
0
0
0
0
0
0
0
0
0
0
0
0
0
0
0
0
0
0
0
0
0
0
0
0
0
0
0
0
0
0
0
0
0
0
0
0
0
0
0
0
0
0
0
0
0
0
0
0
0
0
0
0
0
0
0
0
0
0
0
0
0
0
0
0
0
0
0
0
0
0
0
0
0
0
0
0
0
0
0
0
0
0
0
0
0
0
0
0
0
0
0
0
0
0
0
0
0
0
0
0
0
0
0
0
0
0
0
0
0
0
0
0
0
0
0
0
0
0
0
0
0
0
0
0
0
0
0
0
0
0
0
0
0
0
0
0
0
0
0
0
0
0
0
0
0
0
0
0
0
0
0
0
0
0
0
0
0
0
0
0
0
0
0
0
0
0
0
0
0
0
0
0
0
0
0
0
0
0
0
0
0
0
0
0
0
0
0
0
0
0
0
0
0
0
0
0
0
0
0
0
0
0
0
0
0
0
0
0
0
0
0
0
0
0
0
0
0
0
0
0
0
0
0
0
0
0
0
0
0
0
0
0
0
0
0
0
0
0
0
0
0
0
0
0
0
0
0
0
0
0
0
0
0
0
0
0
0
0
0
0
0
0
0
0
0
0
0
0
0
0
0
0
0
0
0
0
0
0
0
0
0
0
0
0
0
0
0
0
0
0
0
0
0
0
0
0
0
0
0
0
0
0
0
0
0
0
0
0
0
0
0
0
0
0
0
0
0
0
0
0
0
0
0
0
0
0
0
0
0
0
0
0
0
0
0
0
0
0
0
0
0
0
0
0
0
0
0
0
0
0
0
0
0
0
0
0
0
0
0
0
0
0
0
0
0
0
0
0
0
0
0
0
0
0
0
0
0
0
0
0
0
0
0
0
0
0
0
0
0
0
0
0
0
0
0
0
0
0
0
0
0
0
0
0
0
0
0
0
0
0
0
0
0
0
0
0
0
0
0
0
0
0
0
0
0
0
0
0
0
0
0
0
0
0
0
0
0
0
0
0
0
0
0
0
0
0
0
0
0
0
0
0
0
0
0
0
0
0
0
0
0
0
0
0
0
0
0
0
0
0
0
0
0
0
0
0
0
0
0
0
0
0
0
0
0
0
0
0
0
0
0
0
0
0
0
0
0
0
0
0
0
0
0
0
0
0
0
0
0
0
0
0
0
0
0
0
0
0
0
0
0
0
0
0
0
0
0
0
0
0
0
0
0
0
0
0
0
0
0
0
0
0
0
0
0
0
0
0
0
0
0
0
0
0
0
0
0
0
0
0
0
0
0
0
0
0
0
0
0
0
0
0
0
0
0
0
0
0
0
0
0
0
0
0
0
0
0
0
0
0
0
0
0
0
0
0
0
0
0
0
0
0
0
0
0
0
0
0
0
0
0
0
0
0
0
0
0
0
0
0
0
0
0
0
0
0
0
0
0
0
0
0
0
0
0
0
0
0
0
0
0
0
0
0
0
0
0
0
0
0
0
0
0
0
0
0
0
0
0
0
0
0
0
0
0
0
0
0
0
0
0
0
0
0
0
0
0
0
0
0
0
0
0
0
0
0
0
0
0
0
0
0
0
0
0
0
0
0
0
0
0
0
0
0
0
0
0
0
0
0
0
0
0
0
0
0
0
0
0
0
0
0
0
0
0
0
0
0
0
0
0
0
0
0
0
0
0
0
0
0
0
0
0
0
0
0
0
0
0
0
0
0
0
0
0
0
0
0
0
0
0
0
0
0
0
0
0
0
0
0
0
0
0
0
0
0
0
0
0
0
0
0
0
0
0
0
0
0
0
0
0
0
0
0
0
0
0
0
0
0
0
0
0
0
0
0
0
0
0
0
0
0
0
0
0
0
0
0
0
0
0
0
0
0
0
0
0
0
0
0
0
0
0
0
0
0
0
0
0
0
0
0
0
0
0
0
0
0
0
0
0
0
0
0
0
0
0
0
0
0
0
0
0
0
0
0
0
0
0
0
0
0
0
0
0
0
0
0
0
0
0
0
0
0
0
0
0
0
0
0
0
0
0
0
0
0
0
0
0
0
0
0
0
0
0
0
0
0
0
0
0
0
0
0
0
0
0
0
0
0
0
0
0
0
0
0
0
0
0
0
0
0
0
0
0
0
0
0
0
0
0
0
0
0
0
0
0
0
0
0
0
0
0
0
0
0
0
0
0
0
0
0
0
0
0
0
0
0
0
0
0
0
0
0
0
0
0
0
0
0
0
0
0
0
0
0
0
0
0
0
0
0
0
0
0
0
0
0
0
0
0
0
0
0
0
0
0
0
0
0
0
0
0
0
0
0
0
0
0
0
0
0
0
0
0
0
0
0
0
0
0
0
0
0
0
0
0
0
0
0
0
0
0
0
0
0
0
0
0
0
0
0
0
0
0
0
0
0
0
0
0
0
0
0
0
0
0
0
0
0
0
0
0
0
0
0
0
0
0
0
0
0
0
0
0
0
0
0
0
0
0
0
0
0
0
0
0
0
0
0
0
0
0
0
0
0
0
0
0
0
0
0
0
0
0
0
0
0
0
0
0
0
0
0
0
0
0
0
0
0
0
0
0
0
0
0
0
0
0
0
0
0
0
0
0
0
0
0
0
0
0
0
0
0
0
0
0
0
0
0
0
0
0
0
0
0
0
0
0
0
0
0
0
0
0
0
0
0
0
0
0
0
0
0
0
0
0
0
0
0
0
0
0
0
0
0
0
0
0
0
0
0
0
0
0
0
0
0
0
0
0
0
0
0
0
0
0
0
0
0
0
0
0
0
0
0
0
0
0
0
0
0
0
0
0
0
0
0
0
0
0
0
0
0
0
0
0
0
0
0
0
0
0
0
0
0
0
0
0
0
0
0
0
0
0
0
0
0
0
0
0
0
0
0
0
0
0
0
0
0
0
0
0
0
0
0
0
0
0
0
0
0
0
0
0
0
0
0
0
0
0
0
0
0
0
0
0
0
0
0
0
0
0
0
0
0
0
0
0
0
0
0
0
0
0
0
0
0
0
0
0
0
0
0
0
0
0
0
0
0
0
0
0
0
0
0
0
0
0
0
0
0
0
0
0
0
0
0
0
0
0
0
0
0
0
0
0
0
0
0
0
0
0
0
0
0
0
0
0
0
0
0
0
0
0
0
0
0
0
0
0
0
0
0
0
0
0
0
0
0
0
0
0
0
0
0
0
0
0
0
0
0
0
0
0
0
0
0
0
0
0
0
0
0
0
0
0
0
0
0
0
0
0
0
0
0
0
0
0
0
0
0
0
0
0
0
0
0
0
0
0
0
0
0
0
0
0
0
0
0
0
0
0
0
0
0
0
0
0
0
0
0
0
0
0
0
0
0
0
0
0
0
0
0
0
0
0
0
0
0
0
0
0
0
0
0
0
0
0
0
0
0
0
0
0
0
0
0
0
0
0
0
0
0
0
0
0
0
0
0
0
0
0
0
0
0
0
0
0
0
0
0
0
0
0
0
0
0
0
0
0
0
0
0
0
0
0
0
0
0
0
0
0
0
0
0
0
0
0
0
0
0
0
0
0
0
0
0
0
0
0
0
0
0
0
0
0
0
0
0
0
0
0
0
0
0
0
0
0
0
0
0
0
0
0
0
0
0
0
0
0
0
0
0
0
0
0
0
0
0
0
0
0
0
0
0
0
0
0
0
0
0
0
0
0
0
0
0
0
0
0
0
0
0
0
0
0
0
0
0
0
0
0
0
0
0
0
0
0
0
0
0
0
0
0
0
0
0
0
0
0
0
0
0
0
0
0
0
0
0
0
0
0
0
0
0
0
0
0
0
0
0
0
0
0
0
0
0
0
0
0
0
0
0
0
0
0
0
0
0
0
0
0
0
0
0
0
0
0
0
0
0
0
0
0
0
0
0
0
0
0
0
0
0
0
0
0
0
0
0
0
0
0
0
0
0
0
0
0
0
0
0
0
0
0
0
0
0
0
0
0
0
0
0
0
0
0
0
0
0
0
0
0
0
0
0
0
0
0
0
0
0
0
0
0
0
0
0
0
0
0
0
0
0
0
0
0
0
0
0
0
0
0
0
0
0
0
0
0
0
0
0
0
0
0
0
0
0
0
0
0
0
0
0
0
0
0
0
0
0
0
0
0
0
0
0
0
0
0
0
0
0
0
0
0
0
0
0
0
0
0
0
0
0
0
0
0
0
0
0
0
0
0
0
0
0
0
0
0
0
0
0
0
0
0
0
0
0
0
0
0
0
0
0
0
0
0
0
0
0
0
0
0
0
0
0
0
0
0
0
0
0
0
0
0
0
0
0
0
0
0
0
0
0
0
0
0
0
0
0
0
0
0
0
0
0
0
0
0
0
0
0
0
0
0
0
0
0
0
0
0
0
0
0
0
0
0
0
0
0
0
0
0
0
0
0
0
0
0
0
0
0
0
0
0
0
0
0
0
0
0
0
0
0
0
0
0
0
0
0
0
0
0
0
0
0
0
0
0
0
0
0
0
0
0
0
0
0
0
0
0
0
0
0
0
0
0
0
0
0
0
0
0
0
0
0
0
0
0
0
0
0
0
0
0
0
0
0
0
0
0
0
0
0
0
0
0
0
0
0
0
0
0
0
0
0
0
0
0
0
0
0
0
0
0
0
0
0
0
0
0
0
0
0
0
0
0
0
0
0
0
0
0
0
0
0
0
0
0
0
0
0
0
0
0
0
0
0
0
0
0
0
0
0
0
0
0
0
0
0
0
0
0
0
0
0
0
0
0
0
0
0
0
0
0
0
0
0
0
0
0
0
0
0
0
0
0
0
0
0
0
0
0
0
0
0
0
0
0
0
0
0
0
0
0
0
0
0
0
0
0
0
0
0
0
0
0
0
0
0
0
0
0
0
0
0
0
0
0
0
0
0
0
0
0
0
0
0
0
0
0
0
0
0
0
0
0
0
0
0
0
0
0
0
0
0
0
0
0
0
0
0
0
0
0
0
0
0
0
0
0
0
0
0
0
0
0
0
0
0
0
0
0
0
0
0
0
0
0
0
0
0
0
0
0
0
0
0
0
0
0
0
0
0
0
0
0
0
0
0
0
0
0
0
0
0
0
0
0
0
0
0
0
0
0
0
0
0
0
0
0
0
0
0
0
0
0
0
0
0
0
0
0
0
0
0
0
0
0
0
0
0
0
0
0
0
0
0
0
0
0
0
0
0
0
0
0
0
0
0
0
0
0
0
0
0
0
0
0
0
0
0
0
0
0
0
0
0
0
0
0
0
0
0
0
0
0
0
0
0
0
0
0
0
0
0
0
0
0
0
0
0
0
0
0
0
0
0
0
0
0
0
0
0
0
0
0
0
0
0
0
0
0
0
0
0
0
0
0
0
0
0
0
0
0
0
0
0
0
0
0
0
0
0
0
0
0
0
0
0
0
0
0
0
0
0
0
0
0
0
0
0
0
0
0
0
0
0
0
0
0
0
0
0
0
0
0
0
0
0
0
0
0
0
0
0
0
0
0
0
0
0
0
0
0
0
0
0
0
0
0
0
0
0
0
0
0
0
0
0
0
0
0
0
0
0
0
0
0
0
0
0
0
0
0
0
0
0
0
0
0
0
0
0
0
0
0
0
0
0
0
0
0
0
0
0
0
0
0
0
0
0
0
0
0
0
0
0
0
0
0
0
0
0
0
0
0
0
0
0
0
0
0
0
0
0
0
0
0
0
0
0
0
0
0
0
0
0
0
0
0
0
0
0
0
0
0
0
0
0
0
0
0
0
0
0
0
0
0
0
0
0
0
0
0
0
0
0
0
0
0
0
0
0
0
0
0
0
0
0
0
0
0
0
0
0
0
0
0
0
0
0
0
0
0
0
0
0
0
0
0
0
0
0
0
0
0
0
0
0
0
0
0
0
0
0
0
0
0
0
0
0
0
0
0
0
0
0
0
0
0
0
0
0
0
0
0
0
0
0
0
0
0
0
0
0
0
0
0
0
0
0
0
0
0
0
0
0
0
0
0
0
0
0
0
0
0
0
0
0
0
0
0
0
0
0
0
0
0
0
0
0
0
0
0
0
0
0
0
0
0
0
0
0
0
0
0
0
0
0
0
0
0
0
0
0
0
0
0
0
0
0
0
0
0
0
0
0
0
0
0
0
0
0
0
0
0
0
0
0
0
0
0
0
0
0
0
0
0
0
0
0
0
0
0
0
0
0
0
0
0
0
0
0
0
0
0
0
0
0
0
0
0
0
0
0
0
0
0
0
0
0
0
0
0
0
0
0
0
0
0
0
0
0
0
0
0
0
0
0
0
0
0
0
0
0
0
0
0
0
0
0
0
0
0
0
0
0
0
0
0
0
0
0
0
0
0
0
0
0
0
0
0
0
0
0
0
0
0
0
0
0
0
0
0
0
0
0
0
0
0
0
0
0
0
0
0
0
0
0
0
0
0
0
0
0
0
0
0
0
0
0
0
0
0
0
0
0
0
0
0
0
0
0
0
0
0
0
0
0
0
0
0
0
0
0
0
0
0
0
0
0
0
0
0
0
0
0
0
0
0
0
0
0
0
0
0
0
0
0
0
0
0
0
0
0
0
0
0
0
0
0
0
0
0
0
0
0
0
0
0
0
0
0
0
0
0
0
0
0
0
0
0
0
0
0
0
0
0
0
0
0
0
0
0
0
0
0
0
0
0
0
0
0
0
0
0
0
0
0
0
0
0
0
0
0
0
0
0
0
0
0
0
0
0
0
0
0
0
0
0
0
0
0
0
0
0
0
0
0
0
0
0
0
0
0
0
0
0
0
0
0
0
0
0
0
0
0
0
0
0
0
0
0
0
0
0
0
0
0
0
0
0
0
0
0
0
0
0
0
0
0
0
0
0
0
0
0
0
0
0
0
0
0
0
0
0
0
0
0
0
0
0
0
0
0
0
0
0
0
0
0
0
0
0
0
0
0
0
0
0
0
0
0
0
0
0
0
0
0
0
0
0
0
0
0
0
0
0
0
0
0
0
0
0
0
0
0
0
0
0
0
0
0
0
0
0
0
0
0
0
0
0
0
0
0
0
0
0
0
0
0
0
0
0
0
0
0
0
0
0
0
0
0
0
0
0
0
0
0
0
0
0
0
0
0
0
0
0
0
0
0
0
0
0
0
0
0
0
0
0
0
0
0
0
0
0
0
0
0
0
0
0
0
0
0
0
0
0
0
0
0
0
0
0
0
0
0
0
0
0
0
0
0
0
0
0
0
0
0
0
0
0
0
0
0
0
0
0
0
0
0
0
0
0
0
0
0
0
0
0
0
0
0
0
0
0
0
0
0
0
0
0
0
0
0
0
0
0
0
0
0
0
0
0
0
0
0
0
0
0
0
0
0
0
0
0
0
0
0
0
0
0
0
0
0
0
0
0
0
0
0
0
0
0
0
0
0
0
0
0
0
0
0
0
0
0
0
0
0
0
0
0
0
0
0
0
0
0
0
0
0
0
0
0
0
0
0
0
0
0
0
0
0
0
0
0
0
0
0
0
0
0
0
0
0
0
0
0
0
0
0
0
0
0
0
0
0
0
0
0
0
0
0
0
0
0
0
0
0
0
0
0
0
0
0
0
0
0
0
0
0
0
0
0
0
0
0
0
0
0
0
0
0
0
0
0
0
0
0
0
0
0
0
0
0
0
0
0
0
0
0
0
0
0
0
0
0
0
0
0
0
0
0
0
0
0
0
0
0
0
0
0
0
0
0
0
0
0
0
0
0
0
0
0
0
0
0
0
0
0
0
0
0
0
0
0
0
0
0
0
0
0
0
0
0
0
0
0
0
0
0
0
0
0
0
0
0
0
0
0
0
0
0
0
0
0
0
0
0
0
0
0
0
0
0
0
0
0
0
0
0
0
0
0
0
0
0
0
0
0
0
0
0
0
0
0
0
0
0
0
0
0
0
0
0
0
0
0
0
0
0
0
0
0
0
0
0
0
0
0
0
0
0
0
0
0
0
0
0
0
0
0
0
0
0
0
0
0
0
0
0
0
0
0
0
0
0
0
0
0
0
0
0
0
0
0
0
0
0
0
0
0
0
0
0
0
0
0
0
0
0
0
0
0
0
0
0
0
0
0
0
0
0
0
0
0
0
0
0
0
0
0
0
0
0
0
0
0
0
0
0
0
0
0
0
0
0
0
0
0
0
0
0
0
0
0
0
0
0
0
0
0
0
0
0
0
0
0
0
0
0
0
0
0
0
0
0
0
0
0
0
0
0
0
0
0
0
0
0
0
0
0
0
0
0
0
0
0
0
0
0
0
0
0
0
0
0
0
0
0
0
0
0
0
0
0
0
0
0
0
0
0
0
0
0
0
0
0
0
0
0
0
0
0
0
0
0
0
0
0
0
0
0
0
0
0
0
0
0
0
0
0
0
0
0
0
0
0
0
0
0
0
0
0
0
0
0
0
0
0
0
0
0
0
0
0
0
0
0
0
0
0
0
0
0
0
0
0
0
0
0
0
0
0
0
0
0
0
0
0
0
0
0
0
0
0
0
0
0
0
0
0
0
0
0
0
0
0
0
0
0
0
0
0
0
0
0
0
0
0
0
0
0
0
0
0
0
0
0
0
0
0
0
0
0
0
0
0
0
0
0
0
0
0
0
0
0
0
0
0
0
0
0
0
0
0
0
0
0
0
0
0
0
0
0
0
0
0
0
0
0
0
0
0
0
0
0
0
0
0
0
0
0
0
0
0
0
0
0
0
0
0
0
0
0
0
0
0
0
0
0
0
0
0
0
0
0
0
0
0
0
0
0
0
0
0
0
0
0
0
0
0
0
0
0
0
0
0
0
0
0
0
0
0
0
0
0
0
0
0
0
0
0
0
0
0
0
0
0
0
0
0
0
0
0
0
0
0
0
0
0
0
0
0
0
0
0
0
0
0
0
0
0
0
0
0
0
0
0
0
0
0
0
0
0
0
0
0
0
0
0
0
0
0
0
0
0
0
0
0
0
0
0
0
0
0
0
0
0
0
0
0
0
0
0
0
0
0
0
0
0
0
0
0
0
0
0
0
0
0
0
0
0
0
0
0
0
0
0
0
0
0
0
0
0
0
0
0
0
0
0
0
0
0
0
0
0
0
0
0
0
0
0
0
0
0
0
0
0
0
0
0
0
0
0
0
0
0
0
0
0
0
0
0
0
0
0
0
0
0
0
0
0
0
0
0
0
0
0
0
0
0
0
0
0
0
0
0
0
0
0
0
0
0
0
0
0
0
0
0
0
0
0
0
0
0
0
0
0
0
0
0
0
0
0
0
0
0
0
0
0
0
0
0
0
0
0
0
0
0
0
0
0
0
0
0
0
0
0
0
0
0
0
0
0
0
0
0
0
0
0
0
0
0
0
0
0
0
0
0
0
0
0
0
0
0
0
0
0
0
0
0
0
0
0
0
0
0
0
0
0
0
0
0
0
0
0
0
0
0
0
0
0
0
0
0
0
0
0
0
0
0
0
0
0
0
0
0
0
0
0
0
0
0
0
0
0
0
0
0
0
0
0
0
0
0
0
0
0
0
0
0
0
0
0
0
0
0
0
0
0
0
0
0
0
0
0
0
0
0
0
0
0
0
0
0
0
0
0
0
0
0
0
0
0
0
0
0
0
0
0
0
0
0
0
0
0
0
0
0
0
0
0
0
0
0
0
0
0
0
0
0
0
0
0
0
0
0
0
0
0
0
0
0
0
0
0
0
0
0
0
0
0
0
0
0
0
0
0
0
0
0
0
0
0
0
0
0
0
0
0
0
0
0
0
0
0
0
0
0
0
0
0
0
0
0
0
0
0
0
0
0
0
0
0
0
0
0
0
0
0
0
0
0
0
0
0
0
0
0
0
0
0
0
0
0
0
0
0
0
0
0
0
0
0
0
0
0
0
0
0
0
0
0
0
0
0
0
0
0
0
0
0
0
0
0
0
0
0
0
0
0
0
0
0
0
0
0
0
0
0
0
0
0
0
0
0
0
0
0
0
0
0
0
0
0
0
0
0
0
0
0
0
0
0
0
0
0
0
0
0
0
0
0
0
0
0
0
0
0
0
0
0
0
0
0
0
0
0
0
0
0
0
0
0
0
0
0
0
0
0
0
0
0
0
0
0
0
0
0
0
0
0
0
0
0
0
0
0
0
0
0
0
0
0
0
0
0
0
0
0
0
0
0
0
0
0
0
0
0
0
0
0
0
0
0
0
0
0
0
0
0
0
0
0
0
0
0
0
0
0
0
0
0
0
0
0
0
0
0
0
0
0
0
0
0
0
0
0
0
0
0
0
0
0
0
0
0
0
0
0
0
0
0
0
0
0
0
0
0
0
0
0
0
0
0
0
0
0
0
0
0
0
0
0
0
0
0
0
0
0
0
0
0
0
0
0
0
0
0
0
0
0
0
0
0
0
0
0
0
0
0
0
0
0
0
0
0
0
0
0
0
0
0
0
0
0
0
0
0
0
0
0
0
0
0
0
0
0
0
0
0
0
0
0
0
0
0
0
0
0
0
0
0
0
0
0
0
0
0
0
0
0
0
0
0
0
0
0
0
0
0
0
0
0
0
0
0
0
0
0
0
0
0
0
0
0
0
0
0
0
0
0
0
0
0
0
0
0
0
0
0
0
0
0
0
0
0
0
0
0
0
0
0
0
0
0
0
0
0
0
0
0
0
0
0
0
0
0
0
0
0
0
0
0
0
0
0
0
0
0
0
0
0
0
0
0
0
0
0
0
0
0
0
0
0
0
0
0
0
0
0
0
0
0
0
0
0
0
0
0
0
0
0
0
0
0
0
0
0
0
0
0
0
0
0
0
0
0
0
0
0
0
0
0
0
0
0
0
0
0
0
0
0
0
0
0
0
0
0
0
0
0
0
0
0
0
0
0
0
0
0
0
0
0
0
0
0
0
0
0
0
0
0
0
0
0
0
0
0
0
0
0
0
0
0
0
0
0
0
0
0
0
0
0
0
0
0
0
0
0
0
0
0
0
0
0
0
0
0
0
0
0
0
0
0
0
0
0
0
0
0
0
0
0
0
0
0
0
0
0
0
0
0
0
0
0
0
0
0
0
0
0
0
0
0
0
0
0
0
0
0
0
0
0
0
0
0
0
0
0
0
0
0
0
0
0
0
0
0
0
0
0
0
0
0
0
0
0
0
0
0
0
0
0
0
0
0
0
0
0
0
0
0
0
0
0
0
0
0
0
0
0
0
0
0
0
0
0
0
0
0
0
0
0
0
0
0
0
0
0
0
0
0
0
0
0
0
0
0
0
0
0
0
0
0
0
0
0
0
0
0
0
0
0
0
0
0
0
0
0
0
0
0
0
0
0
0
0
0
0
0
0
0
0
0
0
0
0
0
0
0
0
0
0
0
0
0
0
0
0
0
0
0
0
0
0
0
0
0
0
0
0
0
0
0
0
0
0
0
0
0
0
0
0
0
0
0
0
0
0
0
0
0
0
0
0
0
0
0
0
0
0
0
0
0
0
0
0
0
0
0
0
0
0
0
0
0
0
0
0
0
0
0
0
0
0
0
0
0
0
0
0
0
0
0
0
0
0
0
0
0
0
0
0
0
0
0
0
0
0
0
0
0
0
0
0
0
0
0
0
0
0
0
0
0
0
0
0
0
0
0
0
0
0
0
0
0
0
0
0
0
0
0
0
0
0
0
0
0
0
0
0
0
0
0
0
0
0
0
0
0
0
0
0
0
0
0
0
0
0
0
0
0
0
0
0
0
0
0
0
0
0
0
0
0
0
0
0
0
0
0
0
0
0
0
0
0
0
0
0
0
0
0
0
0
0
0
0
0
0
0
0
0
0
0
0
0
0
0
0
0
0
0
0
0
0
0
0
0
0
0
0
0
0
0
0
0
0
0
0
0
0
0
0
0
0
0
0
0
0
0
0
0
0
0
0
0
0
0
0
0
0
0
0
0
0
0
0
0
0
0
0
0
0
0
0
0
0
0
0
0
0
0
0
0
0
0
0
0
0
0
0
0
0
0
0
0
0
0
0
0
0
0
0
0
0
0
0
0
0
0
0
0
0
0
0
0
0
0
0
0
0
0
0
0
0
0
0
0
0
0
0
0
0
0
0
0
0
0
0
0
0
0
0
0
0
0
0
0
0
0
0
0
0
0
0
0
0
0
0
0
0
0
0
0
0
0
0
0
0
0
0
0
0
0
0
0
0
0
0
0
0
0
0
0
0
0
0
0
0
0
0
0
0
0
0
0
0
0
0
0
0
0
0
0
0
0
0
0
0
0
0
0
0
0
0
0
0
0
0
0
0
0
0
0
0
0
0
0
0
0
0
0
0
0
0
0
0
0
0
0
0
0
0
0
0
0
0
0
0
0
0
0
0
0
0
0
0
0
0
0
0
0
0
0
0
0
0
0
0
0
0
0
0
0
0
0
0
0
0
0
0
0
0
0
0
0
0
0
0
0
0
0
0
0
0
0
0
0
0
0
0
0
0
0
0
0
0
0
0
0
0
0
0
0
0
0
0
0
0
0
0
0
0
0
0
0
0
0
0
0
0
0
0
0
0
0
0
0
0
0
0
0
0
0
0
0
0
0
0
0
0
0
0
0
0
0
0
0
0
0
0
0
0
0
0
0
0
0
0
0
0
0
0
0
0
0
0
0
0
0
0
0
0
0
0
0
0
0
0
0
0
0
0
0
0
0
0
0
0
0
0
0
0
0
0
0
0
0
0
0
0
0
0
0
0
0
0
0
0
0
0
0
0
0
0
0
0
0
0
0
0
0
0
0
0
0
0
0
0
0
0
0
0
0
0
0
0
0
0
0
0
0
0
0
0
0
0
0
0
0
0
0
0
0
0
0
0
0
0
0
0
0
0
0
0
0
0
0
0
0
0
0
0
0
0
0
0
0
0
0
0
0
0
0
0
0
0
0
0
0
0
0
0
0
0
0
0
0
0
0
0
0
0
0
0
0
0
0
0
0
0
0
0
0
0
0
0
0
0
0
0
0
0
0
0
0
0
0
0
0
0
0
0
0
0
0
0
0
0
0
0
0
0
0
0
0
0
0
0
0
0
0
0
0
0
0
0
0
0
0
0
0
0
0
0
0
0
0
0
0
0
0
0
0
0
0
0
0
0
0
0
0
0
0
0
0
0
0
0
0
0
0
0
0
0
0
0
0
0
0
0
0
0
0
0
0
0
0
0
0
0
0
0
0
0
0
0
0
0
0
0
0
0
0
0
0
0
0
0
0
0
0
0
0
0
0
0
0
0
0
0
0
0
0
0
0
0
0
0
0
0
0
0
0
0
0
0
0
0
0
0
0
0
0
0
0
0
0
0
0
0
0
0
0
0
0
0
0
0
0
0
0
0
0
0
0
0
0
0
0
0
0
0
0
0
0
0
0
0
0
0
0
0
0
0
0
0
0
0
0
0
0
0
0
0
0
0
0
0
0
0
0
0
0
0
0
0
0
0
0
0
0
0
0
0
0
0
0
0
0
0
0
0
0
0
0
0
0
0
0
0
0
0
0
0
0
0
0
0
0
0
0
0
0
0
0
0
0
0
0
0
0
0
0
0
0
0
0
0
0
0
0
0
0
0
0
0
0
0
0
0
0
0
0
0
0
0
0
0
0
0
0
0
0
0
0
0
0
0
0
0
0
0
0
0
0
0
0
0
0
0
0
0
0
0
0
0
0
0
0
0
0
0
0
0
0
0
0
0
0
0
0
0
0
0
0
0
0
0
0
0
0
0
0
0
0
0
0
0
0
0
0
0
0
0
0
0
0
0
0
0
0
0
0
0
0
0
0
0
0
0
0
0
0
0
0
0
0
0
0
0
0
0
0
0
0
0
0
0
0
0
0
0
0
0
0
0
0
0
0
0
0
0
0
0
0
0
0
0
0
0
0
0
0
0
0
0
0
0
0
0
0
0
0
0
0
0
0
0
0
0
0
0
0
0
0
0
0
0
0
0
0
0
0
0
0
0
0
0
0
0
0
0
0
0
0
0
0
0
0
0
0
0
0
0
0
0
0
0
0
0
0
0
0
0
0
0
0
0
0
0
0
0
0
0
0
0
0
0
0
0
0
0
0
0
0
0
0
0
0
0
0
0
0
0
0
0
0
0
0
0
0
0
0
0
0
0
0
0
0
0
0
0
0
0
0
0
0
0
0
0
0
0
0
0
0
0
0
0
0
0
0
0
0
0
0
0
0
0
0
0
0
0
0
0
0
0
0
0
0
0
0
0
0
0
0
0
0
0
0
0
0
0
0
0
0
0
0
0
0
0
0
0
0
0
0
0
0
0
0
0
0
0
0
0
0
0
0
0
0
0
0
0
0
0
0
0
0
0
0
0
0
0
0
0
0
0
0
0
0
0
0
0
0
0
0
0
0
0
0
0
0
0
0
0
0
0
0
0
0
0
0
0
0
0
0
0
0
0
0
0
0
0
0
0
0
0
0
0
0
0
0
0
0
0
0
0
0
0
0
0
0
0
0
0
0
0
0
0
0
0
0
0
0
0
0
0
0
0
0
0
0
0
0
0
0
0
0
0
0
0
0
0
0
0
0
0
0
0
0
0
0
0
0
0
0
0
0
0
0
0
0
0
0
0
0
0
0
0
0
0
0
0
0
0
0
0
0
0
0
0
0
0
0
0
0
0
0
0
0
0
0
0
0
0
0
0
0
0
0
0
0
0
0
0
0
0
0
0
0
0
0
0
0
0
0
0
0
0
0
0
0
0
0
0
0
0
0
0
0
0
0
0
0
0
0
0
0
0
0
0
0
0
0
0
0
0
0
0
0
0
0
0
0
0
0
0
0
0
0
0
0
0
0
0
0
0
0
0
0
0
0
0
0
0
0
0
0
0
0
0
0
0
0
0
0
0
0
0
0
0
0
0
0
0
0
0
0
0
0
0
0
0
0
0
0
0
0
0
0
0
0
0
0
0
0
0
0
0
0
0
0
0
0
0
0
0
0
0
0
0
0
0
0
0
0
0
0
0
0
0
0
0
0
0
0
0
0
0
0
0
0
0
0
0
0
0
0
0
0
0
0
0
0
0
0
0
0
0
0
0
0
0
0
0
0
0
0
0
0
0
0
0
0
0
0
0
0
0
0
0
0
0
0
0
0
0
0
0
0
0
0
0
0
0
0
0
0
0
0
0
0
0
0
0
0
0
0
0
0
0
0
0
0
0
0
0
0
0
0
0
0
0
0
0
0
0
0
0
0
0
0
0
0
0
0
0
0
0
0
0
0
0
0
0
0
0
0
0
0
0
0
0
0
0
0
0
0
0
0
0
0
0
0
0
0
0
0
0
0
0
0
0
0
0
0
0
0
0
0
0
0
0
0
0
0
0
0
0
0
0
0
0
0
0
0
0
0
0
0
0
0
0
0
0
0
0
0
0
0
0
0
0
0
0
0
0
0
0
0
0
0
0
0
0
0
0
0
0
0
0
0
0
0
0
0
0
0
0
0
0
0
0
0
0
0
0
0
0
0
0
0
0
0
0
0
0
0
0
0
0
0
0
0
0
0
0
0
0
0
0
0
0
0
0
0
0
0
0
0
0
0
0
0
0
0
0
0
0
0
0
0
0
0
0
0
0
0
0
0
0
0
0
0
0
0
0
0
0
0
0
0
0
0
0
0
0
0
0
0
0
0
0
0
0
0
0
0
0
0
0
0
0
0
0
0
0
0
0
0
0
0
0
0
0
0
0
0
0
0
0
0
0
0
0
0
0
0
0
0
0
0
0
0
0
0
0
0
0
0
0
0
0
0
0
0
0
0
0
0
0
0
0
0
0
0
0
0
0
0
0
0
0
0
0
0
0
0
0
0
0
0
0
0
0
0
0
0
0
0
0
0
0
0
0
0
0
0
0
0
0
0
0
0
0
0
0
0
0
0
0
0
0
0
0
0
0
0
0
0
0
0
0
0
0
0
0
0
0
0
0
0
0
0
0
0
0
0
0
0
0
0
0
0
0
0
0
0
0
0
0
0
0
0
0
0
0
0
0
0
0
0
0
0
0
0
0
0
0
0
0
0
0
0
0
0
0
0
0
0
0
0
0
0
0
0
0
0
0
0
0
0
0
0
0
0
0
0
0
0
0
0
0
0
0
0
0
0
0
0
0
0
0
0
0
0
0
0
0
0
0
0
0
0
0
0
0
0
0
0
0
0
0
0
0
0
0
0
0
0
0
0
0
0
0
0
0
0
0
0
0
0
0
0
0
0
0
0
0
0
0
0
0
0
0
0
0
0
0
0
0
0
0
0
0
0
0
0
0
0
0
0
0
0
0
0
0
0
0
0
0
0
0
0
0
0
0
0
0
0
0
0
0
0
0
0
0
0
0
0
0
0
0
0
0
0
0
0
0
0
0
0
0
0
0
0
0
0
0
0
0
0
0
0
0
0
0
0
0
0
0
0
0
0
0
0
0
0
0
0
0
0
0
0
0
0
0
0
0
0
0
0
0
0
0
0
0
0
0
0
0
0
0
0
0
0
0
0
0
0
0
0
0
0
0
0
0
0
0
0
0
0
0
0
0
0
0
0
0
0
0
0
0
0
0
0
0
0
0
0
0
0
0
0
0
0
0
0
0
0
0
0
0
0
0
0
0
0
0
0
0
0
0
0
0
0
0
0
0
0
0
0
0
0
0
0
0
0
0
0
0
0
0
0
0
0
0
0
0
0
0
0
0
0
0
0
0
0
0
0
0
0
0
0
0
0
0
0
0
0
0
0
0
0
0
0
0
0
0
0
0
0
0
0
0
0
0
0
0
0
0
0
0
0
0
0
0
0
0
0
0
0
0
0
0
0
0
0
0
0
0
0
0
0
0
0
0
0
0
0
0
0
0
0
0
0
0
0
0
0
0
0
0
0
0
0
0
0
0
0
0
0
0
0
0
0
0
0
0
0
0
0
0
0
0
0
0
0
0
0
0
0
0
0
0
0
0
0
0
0
0
0
0
0
0
0
0
0
0
0
0
0
0
0
0
0
0
0
0
0
0
0
0
0
0
0
0
0
0
0
0
0
0
0
0
0
0
0
0
0
0
0
0
0
0
0
0
0
0
0
0
0
0
0
0
0
0
0
0
0
0
0
0
0
0
0
0
0
0
0
0
0
0
0
0
0
0
0
0
0
0
0
0
0
0
0
0
0
0
0
0
0
0
0
0
0
0
0
0
0
0
0
0
0
0
0
0
0
0
0
0
0
0
0
0
0
0
0
0
0
0
0
0
0
0
0
0
0
0
0
0
0
0
0
0
0
0
0
0
0
0
0
0
0
0
0
0
0
0
0
0
0
0
0
0
0
0
0
0
0
0
0
0
0
0
0
0
0
0
0
0
0
0
0
0
0
0
0
0
0
0
0
0
0
0
0
0
0
0
0
0
0
0
0
0
0
0
0
0
0
0
0
0
0
0
0
0
0
0
0
0
0
0
0
0
0
0
0
0
0
0
0
0
0
0
0
0
0
0
0
0
0
0
0
0
0
0
0
0
0
0
0
0
0
0
0
0
0
0
0
0
0
0
0
0
0
0
0
0
0
0
0
0
0
0
0
0
0
0
0
0
0
0
0
0
0
0
0
0
0
0
0
0
0
0
0
0
0
0
0
0
0
0
0
0
0
0
0
0
0
0
0
0
0
0
0
0
0
0
0
0
0
0
0
0
0
0
0
0
0
0
0
0
0
0
0
0
0
0
0
0
0
0
0
0
0
0
0
0
0
0
0
0
0
0
0
0
0
0
0
0
0
0
0
0
0
0
0
0
0
0
0
0
0
0
0
0
0
0
0
0
0
0
0
0
0
0
0
0
0
0
0
0
0
0
0
0
0
0
0
0
0
0
0
0
0
0
0
0
0
0
0
0
0
0
0
0
0
0
0
0
0
0
0
0
0
0
0
0
0
0
0
0
0
0
0
0
0
0
0
0
0
0
0
0
0
0
0
0
0
0
0
0
0
0
0
0
0
0
0
0
0
0
0
0
0
0
0
0
0
0
0
0
0
0
0
0
0
0
0
0
0
0
0
0
0
0
0
0
0
0
0
0
0
0
0
0
0
0
0
0
0
0
0
0
0
0
0
0
0
0
0
0
0
0
0
0
0
0
0
0
0
0
0
0
0
0
0
0
0
0
0
0
0
0
0
0
0
0
0
0
0
0
0
0
0
0
0
0
0
0
0
0
0
0
0
0
0
0
0
0
0
0
0
0
0
0
0
0
0
0
0
0
0
0
0
0
0
0
0
0
0
0
0
0
0
0
0
0
0
0
0
0
0
0
0
0
0
0
0
0
0
0
0
0
0
0
0
0
0
0
0
0
0
0
0
0
0
0
0
0
0
0
0
0
0
0
0
0
0
0
0
0
0
0
0
0
0
0
0
0
0
0
0
0
0
0
0
0
0
0
0
0
0
0
0
0
0
0
0
0
0
0
0
0
0
0
0
0
0
0
0
0
0
0
0
0
0
0
0
0
0
0
0
0
0
0
0
0
0
0
0
0
0
0
0
0
0
0
0
0
0
0
0
0
0
0
0
0
0
0
0
0
0
0
0
0
0
0
0
0
0
0
0
0
0
0
0
0
0
0
0
0
0
0
0
0
0
0
0
0
0
0
0
0
0
0
0
0
0
0
0
0
0
0
0
0
0
0
0
0
0
0
0
0
0
0
0
0
0
0
0
0
0
0
0
0
0
0
0
0
0
0
0
0
0
0
0
0
0
0
0
0
0
0
0
0
0
0
0
0
0
0
0
0
0
0
0
0
0
0
0
0
0
0
0
0
0
0
0
0
0
0
0
0
0
0
0
0
0
0
0
0
0
0
0
0
0
0
0
0
0
0
0
0
0
0
0
0
0
0
0
0
0
0
0
0
0
0
0
0
0
0
0
0
0
0
0
0
0
0
0
0
0
0
0
0
0
0
0
0
0
0
0
0
0
0
0
0
0
0
0
0
0
0
0
0
0
0
0
0
0
0
0
0
0
0
0
0
0
0
0
0
0
0
0
0
0
0
0
0
0
0
0
0
0
0
0
0
0
0
0
0
0
0
0
0
0
0
0
0
0
0
0
0
0
0
0
0
0
0
0
0
0
0
0
0
0
0
0
0
0
0
0
0
0
0
0
0
0
0
0
0
0
0
0
0
0
0
0
0
0
0
0
0
0
0
0
0
0
0
0
0
0
0
0
0
0
0
0
0
0
0
0
0
0
0
0
0
0
0
0
0
0
0
0
0
0
0
0
0
0
0
0
0
0
0
0
0
0
0
0
0
0
0
0
0
0
0
0
0
0
0
0
0
0
0
0
0
0
0
0
0
0
0
0
0
0
0
0
0
0
0
0
0
0
0
0
0
0
0
0
0
0
0
0
0
0
0
0
0
0
0
0
0
0
0
0
0
0
0
0
0
0
0
0
0
0
0
0
0
0
0
0
0
0
0
0
0
0
0
0
0
0
0
0
0
0
0
0
0
0
0
0
0
0
0
0
0
0
0
0
0
0
0
0
0
0
0
0
0
0
0
0
0
0
0
0
0
0
0
0
0
0
0
0
0
0
0
0
0
0
0
0
0
0
0
0
0
0
0
0
0
0
0
0
0
0
0
0
0
0
0
0
0
0
0
0
0
0
0
0
0
0
0
0
0
0
0
0
0
0
0
0
0
0
0
0
0
0
0
0
0
0
0
0
0
0
0
0
0
0
0
0
0
0
0
0
0
0
0
0
0
0
0
0
0
0
0
0
0
0
0
0
0
0
0
0
0
0
0
0
0
0
0
0
0
0
0
0
0
0
0
0
0
0
0
0
0
0
0
0
0
0
0
0
0
0
0
0
0
0
0
0
0
0
0
0
0
0
0
0
0
0
0
0
0
0
0
0
0
0
0
0
0
0
0
0
0
0
0
0
0
0
0
0
0
0
0
0
0
0
0
0
0
0
0
0
0
0
0
0
0
0
0
0
0
0
0
0
0
0
0
0
0
0
0
0
0
0
0
0
0
0
0
0
0
0
0
0
0
0
0
0
0
0
0
0
0
0
0
0
0
0
0
0
0
0
0
0
0
0
0
0
0
0
0
0
0
0
0
0
0
0
0
0
0
0
0
0
0
0
0
0
0
0
0
0
0
0
0
0
0
0
0
0
0
0
0
0
0
0
0
0
0
0
0
0
0
0
0
0
0
0
0
0
0
0
0
0
0
0
0
0
0
0
0
0
0
0
0
0
0
0
0
0
0
0
0
0
0
0
0
0
0
0
0
0
0
0
0
0
0
0
0
0
0
0
0
0
0
0
0
0
0
0
0
0
0
0
0
0
0
0
0
0
0
0
0
0
0
0
0
0
0
0
0
0
0
0
0
0
0
0
0
0
0
0
0
0
0
0
0
0
0
0
0
0
0
0
0
0
0
0
0
0
0
0
0
0
0
0
0
0
0
0
0
0
0
0
0
0
0
0
0
0
0
0
0
0
0
0
0
0
0
0
0
0
0
0
0
0
0
0
0
0
0
0
0
0
0
0
0
0
0
0
0
0
0
0
0
0
0
0
0
0
0
0
0
0
0
0
0
0
0
0
0
0
0
0
0
0
0
0
0
0
0
0
0
0
0
0
0
0
0
0
0
0
0
0
0
0
0
0
0
0
0
0
0
0
0
0
0
0
0
0
0
0
0
0
0
0
0
0
0
0
0
0
0
0
0
0
0
0
0
0
0
0
0
0
0
0
0
0
0
0
0
0
0
0
0
0
0
0
0
0
0
0
0
0
0
0
0
0
0
0
0
0
0
0
0
0
0
0
0
0
0
0
0
0
0
0
0
0
0
0
0
0
0
0
0
0
0
0
0
0
0
0
0
0
0
0
0
0
0
0
0
0
0
0
0
0
0
0
0
0
0
0
0
0
0
0
0
0
0
0
0
0
0
0
0
0
0
0
0
0
0
0
0
0
0
0
0
0
0
0
0
0
0
0
0
0
0
0
0
0
0
0
0
0
0
0
0
0
0
0
0
0
0
0
0
0
0
0
0
0
0
0
0
0
0
0
0
0
0
0
0
0
0
0
0
0
0
0
0
0
0
0
0
0
0
0
0
0
0
0
0
0
0
0
0
0
0
0
0
0
0
0
0
0
0
0
0
0
0
0
0
0
0
0
0
0
0
0
0
0
0
0
0
0
0
0
0
0
0
0
0
0
0
0
0
0
0
0
0
0
0
0
0
0
0
0
0
0
0
0
0
0
0
0
0
0
0
0
0
0
0
0
0
0
0
0
0
0
0
0
0
0
0
0
0
0
0
0
0
0
0
0
0
0
0
0
0
0
0
0
0
0
0
0
0
0
0
0
0
0
0
0
0
0
0
0
0
0
0
0
0
0
0
0
0
0
0
0
0
0
0
0
0
0
0
0
0
0
0
0
0
0
0
0
0
0
0
0
0
0
0
0
0
0
0
0
0
0
0
0
0
0
0
0
0
0
0
0
0
0
0
0
0
0
0
0
0
0
0
0
0
0
0
0
0
0
0
0
0
0
0
0
0
0
0
0
0
0
0
0
0
0
0
0
0
0
0
0
0
0
0
0
0
0
0
0
0
0
0
0
0
0
0
0
0
0
0
0
0
0
0
0
0
0
0
0
0
0
0
0
0
0
0
0
0
0
0
0
0
0
0
0
0
0
0
0
0
0
0
0
0
0
0
0
0
0
0
0
0
0
0
0
0
0
0
0
0
0
0
0
0
0
0
0
0
0
0
0
0
0
0
0
0
0
0
0
0
0
0
0
0
0
0
0
0
0
0
0
0
0
0
0
0
0
0
0
0
0
0
0
0
0
0
0
0
0
0
0
0
0
0
0
0
0
0
0
0
0
0
0
0
0
0
0
0
0
0
0
0
0
0
0
0
0
0
0
0
0
0
0
0
0
0
0
0
0
0
0
0
0
0
0
0
0
0
0
0
0
0
0
0
0
0
0
0
0
0
0
0
0
0
0
0
0
0
0
0
0
0
0
0
0
0
0
0
0
0
0
0
0
0
0
0
0
0
0
0
0
0
0
0
0
0
0
0
0
0
0
0
0
0
0
0
0
0
0
0
0
0
0
0
0
0
0
0
0
0
0
0
0
0
0
0
0
0
0
0
0
0
0
0
0
0
0
0
0
0
0
0
0
0
0
0
0
0
0
0
0
0
0
0
0
0
0
0
0
0
0
0
0
0
0
0
0
0
0
0
0
0
0
0
0
0
0
0
0
0
0
0
0
0
0
0
0
0
0
0
0
0
0
0
0
0
0
0
0
0
0
0
0
0
0
0
0
0
0
0
0
0
0
0
0
0
0
0
0
0
0
0
0
0
0
0
0
0
0
0
0
0
0
0
0
0
0
0
0
0
0
0
0
0
0
0
0
0
0
0
0
0
0
0
0
0
0
0
0
0
0
0
0
0
0
0
0
0
0
0
0
0
0
0
0
0
0
0
0
0
0
0
0
0
0
0
0
0
0
0
0
0
0
0
0
0
0
0
