-73
575
-2154
-827
-1314
-3047
-3156
-130
982
-2461
-420
-1363
-3231
-2235
-45
291
-300
29
-4449
-2449
-1147
-3113
-14517
-250
276
-5534
-3014
-1694
-3467
-16642
162
206
-179
-68
-2814
-806
-1138
-2883
-2826
-168
140
-3317
-65
-1411
-3203
-2575
51
422
-107
-294
-3435
-3228
-514
-2856
-14083
-221
-1077
-4835
-3034
-150
-2504
-14920
118
-722
-281
-313
-3138
196
-440
-3027
-2520
-193
4
-3738
931
-143
-3007
-2004
-8
169
70
671
-3582
-1694
-1526
-2493
-15270
-176
497
-5212
-3083
-1603
-2469
-16056
89
-140
-205
-422
-1724
-1104
-1869
-2358
-1866
-164
986
-3042
-1921
-1716
-3340
-42
-178
820
132
1099
-2477
-649
954
-1682
-19366
-102
-372
-3949
-2475
-1203
-2469
-16545
19
-1056
-135
390
-1991
-1024
-1914
-2356
-2286
-155
1246
-2134
-2271
-1613
-2744
786
-38
1183
71
-203
-1914
-1819
79
-2051
-20079
-112
853
-2868
-1478
-2345
-1655
-22844
-81
1335
-28
-207
-1432
-473
-2473
-2043
-2698
-108
968
-1796
-2044
-2349
-2969
-59
-17
664
-59
-756
-2445
-2548
-1241
-2517
-13814
-82
-831
-3359
-2083
-3610
-2572
-15560
-102
-842
-36
250
-1285
441
-1887
30
-1492
-173
1260
-2079
-1163
-2200
-1830
95
-178
772
-18
-568
-1304
-2067
-1137
-1315
-21789
-109
-2159
-3125
-1804
-2485
-1991
-20998
9
-1274
-179
2
-1193
-151
-1016
-926
-1536
-164
131
-2099
-1938
-2187
-2600
806
-57
-143
-43
-400
-1148
-2644
-869
-1382
-16386
-202
426
-3545
-2241
-1813
-2480
-14983
98
409
128
-461
-106
-1740
207
-1758
-2295
56
-1182
-568
-1703
-1791
-3222
-283
-26
-553
-288
600
-4282
-2709
-885
-2077
-18403
-256
156
-6394
-2779
-1933
-2159
-17496
37
396
-58
19
-1122
-1865
2284
-784
-1557
-49
-538
-1600
-1167
-289
-2396
-1252
36
459
49
-285
-2435
-2615
-2023
-1438
-23239
-139
-1405
-4642
-2446
-897
-759
-22956
109
-748
-94
-431
-1610
-2052
2780
-1483
-1962
13
-121
-2924
-1585
176
-2936
-970
141
1019
172
704
-1838
-1733
-4568
-2004
-20548
-50
633
-3879
-3191
-3947
-1986
-18841
139
-206
-130
-807
-1480
-1950
-32
-1599
-1978
32
-676
-4005
-3272
-1707
-3522
1803
61
-618
101
309
-1821
-1166
-2014
-1994
-21855
124
-935
-5260
-3257
-4563
-2894
-17046
86
-1448
-141
-810
-2542
-2969
-2658
-4516
-3881
-93
-748
-3339
-3990
-3487
-4127
2905
49
-1031
-80
-276
-1501
-2978
-1896
-3793
-17090
-21
512
-5727
-3793
-4066
-3215
-22225
-129
387
-96
160
-3095
-4477
-2509
-5527
-4962
-186
2360
-2418
-5010
-4097
-4114
1237
87
1956
-164
-379
-3158
-3771
-2012
-4861
-18738
-64
839
-4863
-3765
-4606
-4007
-26017
-144
1030
-80
789
-2231
-3842
-1555
-2898
-3704
-143
2811
-3041
-5944
-3924
-3665
2239
-54
1977
-127
-923
-1645
-3944
-2513
-3686
-17142
-55
-2472
-3890
-3547
-5424
-3969
-18603
43
-1270
-159
-230
-1383
-1850
-1795
-1615
-2041
-184
279
-3127
-4920
-3899
-3608
3293
31
265
-20
-496
682
-2955
-973
-1747
-18897
-104
-783
-2954
-3458
-3780
-3579
-15998
-40
-591
188
-168
333
-921
433
-706
-1655
-42
-437
-432
-1061
-2936
-2412
-476
-53
-135
-183
173
-3159
-2106
-1683
-1502
-19665
-157
-102
-5061
-1924
-2579
-1444
-16542
-54
194
-187
-21
-1207
-1368
2274
-157
-1546
-262
350
-2294
-2069
-1582
-2070
-1102
-8
869
160
127
-2289
-2928
-2659
-1493
-20219
40
-422
-4708
-2534
-1286
-915
-17391
238
-90
-239
-285
-2524
-2189
1726
-2638
-3024
-156
62
-3435
-1939
-1512
-2909
921
83
475
103
1565
-2953
-2991
-3679
-2977
-17575
53
1947
-5573
-3622
-3640
-2836
-19959
159
963
-117
1087
-3764
-2945
-259
-3340
-4169
-126
2045
-5486
-4886
-4106
-3748
4445
51
1658
68
245
-3238
-3064
-3338
-4014
-12128
23
-229
-7019
-4774
-5684
-5262
-11302
-6
-70
-30
1531
-3638
-2231
-1154
-4055
-3210
-88
2818
-5294
-5457
-4610
-4801
6971
127
2990
32
340
-1403
-1727
-3092
-3296
-23071
-52
-346
-7397
-5346
-6706
-5181
-21421
-311
-87
-44
187
-1941
-5496
-4862
-6746
-5505
-218
85
-3717
-8930
-7409
-6976
4969
99
-90
-90
626
-988
-4937
-2392
-5502
-11450
-128
2260
-5540
-6754
-7266
-7114
-12251
-72
2961
-138
-664
-3411
-6863
-6418
-7198
-6724
-187
-360
-5637
-9712
-8267
-7699
3937
93
-403
-239
-1496
-778
-7055
-851
-6488
-13083
-100
-2922
-4555
-7733
-7515
-7795
-14429
41
-2879
-156
-321
-3478
-2612
-3171
-2887
-2931
-166
-124
-5884
-5210
-4886
-4902
3223
47
214
-22
-1280
1935
-3517
-992
-2747
-17575
-267
-1472
-1369
-4054
-5315
-4759
-14583
-76
-963
162
535
-1417
-637
-725
-757
-2011
35
-32
-1317
118
-2715
-1543
-1064
-14
151
-235
354
-2857
-2562
-510
-1930
-18852
-79
349
-3763
-770
-1373
-1463
-20672
-55
660
-69
-103
-2762
-692
1148
-1082
-2351
-88
-374
-3287
-984
-1619
-1907
-954
13
-326
44
-186
-2338
-3797
-1952
-2121
-15500
-98
-744
-3949
-1921
-1269
-1849
-16357
129
-1319
-155
-251
-3109
-507
179
-2970
-3014
-202
-298
-3632
-143
-1383
-2830
204
39
-324
157
2179
-3237
-3542
-2201
-3013
-14534
-8
2116
-4727
-2539
-3180
-2818
-18460
245
1600
-100
53
-4498
-551
-2988
-5118
-4064
-166
800
-6873
-3581
-7399
-6053
5569
91
511
-81
1898
-4734
-3641
-240
-3969
-18583
-111
3712
-9591
-5860
-5507
-6701
-13285
-41
4523
-109
302
-4148
-1749
-5074
-7680
-5487
-308
508
-11276
-9258
-11807
-12411
8155
153
484
-186
-689
-4988
-6424
475
-5709
-14301
-196
-1388
-13982
-12422
-9416
-12399
9504
-332
-2056
34
-95
-3337
-2602
-3453
-4567
-3461
-293
-1340
-6033
-5251
-5282
-5853
5144
69
-1363
65
-94
-2067
-3186
782
-3458
-23033
-263
-2048
-6308
-6159
-4701
-5437
-18865
-181
-2099
-21
847
-3532
-2569
-2267
-4292
-3455
-194
-458
-4926
-4534
-4013
-5261
3386
-9
574
-62
179
-1585
-3270
-48
-3466
-22801
-187
475
-4149
-4875
-4571
-4586
-21502
-174
510
-130
1071
-3540
-2741
-1497
-2953
-2739
-246
1111
-5558
-4197
-4154
-4337
1541
-2
951
-42
-2037
375
-3397
-53
-2714
-20077
-307
-1693
-1924
-3466
-3465
-3798
-16705
-202
-1348
247
-438
-1233
345
-1345
-944
-1901
124
-147
-1652
1499
-3136
-2706
-1801
-101
-122
-266
-160
-3515
-2120
-1002
-1788
-20266
-207
-140
-4373
-2090
-3039
-2942
-18231
-149
354
67
-1029
-1875
1048
-84
-341
-1424
-25
-781
-2968
883
-1559
-2560
-1676
-1
-1422
-48
-90
-2683
-2275
-1440
-1064
-22779
-130
-1681
-4661
-2026
-2027
-2552
-18196
-90
-2701
60
-559
-1034
499
-1122
-701
-1730
-156
-693
-2109
-116
-528
-3091
-1825
-59
-928
250
952
-3117
-2013
-1763
-1471
-19887
-5
1662
-5116
-2486
-3740
-2809
-14527
191
1774
189
184
-4140
30
-4876
-4215
-4044
-1
-862
-4592
-325
-5413
-4916
1200
129
-2001
-168
3097
-4600
-4243
769
-3915
-18657
-269
4635
-7070
-4870
-4021
-5520
-20037
0
3816
190
223
-6229
-363
-5311
-6496
-5534
73
-1751
-6357
-1858
-6141
-6179
3853
163
-3439
-185
421
-5399
-4028
212
-5433
-17490
-191
-710
-8383
-5833
-5409
-6556
-20105
-79
-1105
100
268
-5100
-1881
-4362
-4911
-4129
-17
454
-5872
-2441
-4652
-4725
2336
10
-1335
92
1216
-4273
-3269
2499
-4142
-21930
-108
-1004
-6456
-3974
-2431
-4553
-24174
-71
-500
-71
1137
-4858
-2335
-3920
-5295
-4773
-145
902
-7453
-5548
-7704
-7030
2960
-82
-973
-117
53
-2808
-5532
1049
-4696
-21140
46
872
-6933
-6700
-4147
-6690
-14524
-110
2095
-181
559
-4454
-2808
-2569
-4856
-4153
-182
503
-6668
-5466
-6157
-6221
2242
-77
-516
-188
-2153
-950
-5526
-32
-3983
-22637
-149
-3186
-4075
-5319
-3630
-5750
-19922
-208
-3191
224
417
-2289
583
-1810
-3283
-3638
226
733
-3717
904
-5372
-5032
-982
76
84
-354
-385
-4919
-2963
-3193
-3655
-17514
-258
133
-6865
-5265
-6136
-5416
-13743
-139
583
91
-127
-2899
1113
-981
-871
-2336
38
939
-3972
934
-2571
-2365
-1020
22
-610
-79
-138
-2977
-2449
-3272
-2040
-22118
-18
-2406
-4959
-3168
-4163
-2974
-21059
-25
-2418
222
105
-2223
1543
-2258
-577
-2125
-118
44
-2577
1427
-2243
-2628
-1628
0
107
218
695
-1968
-2960
-2765
-1763
-18506
-2
57
-4054
-2771
-4190
-2158
-19006
27
277
335
226
-4127
-314
-4843
-2342
-3478
251
-688
-4523
775
-3959
-4158
-1089
193
39
-153
1979
-3194
-4666
466
-3413
-15845
-203
1928
-4817
-4916
-3827
-4200
-16207
-101
933
372
-592
-4910
-916
-5710
-4154
-3896
279
-1248
-5295
-1473
-4186
-5440
480
-16
-866
-41
294
-2523
-1572
-1048
-3894
-15795
-139
92
-4786
-5386
-5502
-5521
-14081
-26
-420
-33
-673
-5255
-3221
-4188
-5329
-4151
9
-844
-5377
-2763
-3491
-4675
351
-32
-431
153
1574
-2540
-598
-150
-4019
-20413
40
1045
-5110
-4451
-3827
-3934
-22915
-16
1073
-29
-669
-5968
-3946
-4451
-5922
-5218
171
-1727
-5365
-4669
-4162
-5020
1247
-16
-450
-195
165
-2065
-4116
764
-5095
-15278
114
-73
-4788
-5303
-3983
-4641
-20715
-21
151
3
-560
-4066
-775
-1282
-4226
-3477
8
-1189
-6500
-3789
-4463
-6276
2596
-66
-1373
-291
-2235
-1377
-3953
-1895
-3429
-19954
-127
-2663
-5403
-5275
-6102
-5960
-14378
-114
-2110
29
206
-2280
-1217
-1494
-4334
-4215
104
137
-3617
-2686
-6123
-4971
1635
-30
549
-270
109
-3058
-3640
-4114
-4318
-15537
-44
624
-6272
-5651
-6898
-4966
-14449
78
840
-199
179
-2229
572
-72
-946
-2773
-138
390
-3957
-984
-3944
-2461
559
-85
-204
-84
-106
-3155
-3092
-4770
-2627
-18974
163
-1609
-5530
-3997
-5955
-3056
-16479
159
-547
-68
171
-2576
973
-1001
343
-1831
-183
-121
-3297
155
-2830
-1895
94
-18
566
145
1253
-760
-3208
-3705
-1656
-20053
169
704
-2789
-2941
-5134
-410
-22787
24
716
107
-324
-3900
-823
-4836
-738
-3522
50
-749
-5743
163
-6227
-4327
-1817
71
-46
-46
222
-1770
-5380
-710
-3432
-17587
-29
239
-4578
-6011
-6200
-2761
-12572
-155
23
112
-1606
-3815
-2525
-4957
-1634
-3286
136
-221
-4646
-1536
-4681
-3900
-1943
144
-132
-68
-540
-529
-3361
-478
-3325
-17674
-68
-136
-1672
-5519
-5296
-3305
-15798
58
-395
88
-1823
-2580
-3042
-2154
-2449
-2232
193
-1345
-3153
-2027
-2160
-3668
-2066
-4
-327
87
-262
-428
-509
-1387
-2346
-20352
-210
-1042
-1759
-4385
-4097
-1653
-19298
27
-859
235
-1829
-2903
-3584
-3574
-3171
-3295
213
-1958
-3228
-3638
-4177
-3976
-315
-58
-1727
-140
167
-1940
-3033
1217
-3181
-15415
-108
-335
-3996
-5254
-2095
-3081
-14502
-114
-141
197
15
-2131
-734
-2859
-2278
-2552
-2
551
-2790
-1550
-4045
-3620
-592
37
499
-310
-1069
-1166
-3016
-629
-2512
-18326
-379
-452
-2280
-3469
-3780
-3850
-16765
-98
-450
-240
-1531
-1165
-2344
-1601
-2330
-3033
-199
-2025
-2634
-4609
-4385
-3444
3172
-151
-1148
-98
421
-1830
-2665
-2314
-3021
-16378
55
867
-4787
-4382
-5300
-4189
-15032
211
685
-554
-1284
459
-1976
-574
-38
-2109
-490
-1075
-1219
-5204
-3996
-2215
2350
-343
-547
-2
-760
-1858
-2155
-4223
-1982
-19237
220
-757
-3938
-3608
-7285
-3527
-15595
282
-102
-535
-1557
-1170
-1251
-190
1882
-1254
-427
-1051
-1879
-3567
-2776
93
1766
-324
-772
197
-386
-274
-2319
-3566
-1159
-16136
291
-741
-1799
-1502
-4769
-633
-17656
276
-1094
-416
-1786
-2009
-1119
-635
1986
-1410
-340
-1871
-1870
-1179
-1847
786
538
-218
-2875
127
-374
-2175
-2708
-460
-1282
-18299
-6
-128
-2151
-575
-2779
468
-22926
114
-459
-226
-1643
-1244
-935
-1389
691
-1557
-249
-1141
-1563
-722
-2989
-674
-710
-93
-1336
37
-356
-1968
-2323
-697
-1505
-14935
-229
6
-1942
-2181
-3150
-837
-15883
-17
135
-33
-1289
-397
-1163
-375
768
-739
-158
-329
-1174
-1565
-2404
-1583
-1732
-192
-539
53
64
-1320
-1205
-767
-659
-19080
-355
-1039
-1584
-2306
-2933
-357
-14958
31
-984
-43
-637
-147
-3026
-2331
44
-1869
-160
142
-1526
-4220
-4971
-2436
-1517
-111
333
-101
61
-1277
-2902
-314
-1778
-20940
-245
72
-2763
-3478
-3043
-2544
-14776
43
-151
-106
-487
-115
-4084
-2878
-2573
-3667
-133
-648
-220
-5136
-4787
-4086
-2146
-5
-397
-312
-430
-1195
-4778
-2455
-3645
-17985
-264
418
-1070
-3965
-5687
-4695
-19642
-2
548
0
0
0
0
0
0
0
0
0
0
0
-2222
-1020
-515
-2207
-1862
0
0
0
0
0
0
0
0
0
0
0
-1291
-1485
-871
-1894
-16479
0
0
0
0
0
0
0
0
0
0
0
-2302
-1155
586
-944
-1518
0
0
0
0
0
0
0
0
0
0
0
-1427
-1765
-962
-1478
-17225
0
0
0
0
0
0
0
0
0
0
0
-2121
-522
371
-1190
-1119
0
0
0
0
0
0
0
0
0
0
0
-1656
-380
-1638
-1227
-19204
0
0
0
0
0
0
0
0
0
0
0
-2299
-2165
-1627
-2046
-2174
0
0
0
0
0
0
0
0
0
0
0
-2494
392
-784
-2063
-13789
0
0
0
0
0
0
0
0
0
0
0
-2660
-1967
-1916
-1372
-2664
0
0
0
0
0
0
0
0
0
0
0
-1821
-1188
-1486
-2537
-14593
0
0
0
0
0
0
0
0
0
0
0
-1890
-314
-1425
-257
-1667
0
0
0
0
0
0
0
0
0
0
0
-1194
-1414
-2166
-1555
-14814
0
0
0
0
0
0
0
0
0
0
0
-1400
-603
-1316
1245
-1383
0
0
0
0
0
0
0
0
0
0
0
-1443
-1560
-2147
-1319
-18167
0
0
0
0
0
0
0
0
0
0
0
-1374
-585
-259
79
-1368
0
0
0
0
0
0
0
0
0
0
0
-376
-2561
-1284
-1372
-14252
0
0
0
0
0
0
0
0
0
0
0
-2306
-1614
-67
-192
-2018
0
0
0
0
0
0
0
0
0
0
0
-1204
-2457
-1910
-1895
-15934
0
0
0
0
0
0
0
0
0
0
0
-2931
-2473
1402
849
-2258
0
0
0
0
0
0
0
0
0
0
0
-1643
-3849
-2325
-2205
-17525
0
0
0
0
0
0
0
0
0
0
0
-2754
-2365
1780
821
-1854
0
0
0
0
0
0
0
0
0
0
0
-1800
-2793
-3870
-2000
-18341
0
0
0
0
0
0
0
0
0
0
0
-2815
-2430
-433
-395
-2452
0
0
0
0
0
0
0
0
0
0
0
-2693
-1721
-2506
-2400
-16726
0
0
0
0
0
0
0
0
0
0
0
-3224
-2127
-1595
-2611
-3080
0
0
0
0
0
0
0
0
0
0
0
-1090
-1940
-2206
-2854
-19003
0
0
0
0
0
0
0
0
0
0
0
-2437
-2070
-2003
-2526
-3264
0
0
0
0
0
0
0
0
0
0
0
-2609
-1024
-3648
-3247
-24072
0
0
0
0
0
0
0
0
0
0
0
-2088
-2370
-1765
-1024
-3322
0
0
0
0
0
0
0
0
0
0
0
-2851
-2649
-4324
-3474
-15378
0
0
0
0
0
0
0
0
0
0
0
-717
-966
-1069
-583
-1192
0
0
0
0
0
0
0
0
0
0
0
801
-2035
-1719
-1325
-18206
0
0
0
0
0
0
0
0
0
0
0
-977
-745
146
789
-978
0
0
0
0
0
0
0
0
0
0
0
-430
-1864
-1802
-852
-19128
0
0
0
0
0
0
0
0
0
0
0
-2268
-2080
1780
1273
-1580
0
0
0
0
0
0
0
0
0
0
0
-1521
-3713
-2186
-1625
-17708
0
0
0
0
0
0
0
0
0
0
0
-1836
-2071
1384
387
-1416
0
0
0
0
0
0
0
0
0
0
0
-1681
-2286
-2372
-1343
-24132
0
0
0
0
0
0
0
0
0
0
0
-2249
-2313
-628
-2204
-2622
0
0
0
0
0
0
0
0
0
0
0
-3094
-1938
-1913
-2516
-17461
0
0
0
0
0
0
0
0
0
0
0
-3383
-2222
-2287
-3967
-4295
0
0
0
0
0
0
0
0
0
0
0
-3277
-865
-4331
-4155
-16185
0
0
0
0
0
0
0
0
0
0
0
-2919
-2690
-3263
-4216
-3543
0
0
0
0
0
0
0
0
0
0
0
-368
-2017
-2629
-3414
-17129
0
0
0
0
0
0
0
0
0
0
0
-2006
-2726
-3605
-3737
-3298
0
0
0
0
0
0
0
0
0
0
0
-26
-3448
-1667
-3040
-24651
0
0
0
0
0
0
0
0
0
0
0
-610
-1630
-2524
-1079
-1590
0
0
0
0
0
0
0
0
0
0
0
1226
-1944
-2265
-1648
-19335
0
0
0
0
0
0
0
0
0
0
0
-1613
-1118
-855
860
-1289
0
0
0
0
0
0
0
0
0
0
0
-918
-2085
-1047
-1257
-18501
0
0
0
0
0
0
0
0
0
0
0
-2074
-1455
1249
354
-1150
0
0
0
0
0
0
0
0
0
0
0
-1800
-2818
-1012
-1057
-18204
0
0
0
0
0
0
0
0
0
0
0
-2178
-1884
410
-374
-1563
0
0
0
0
0
0
0
0
0
0
0
-2755
-2045
-796
-1532
-19115
0
0
0
0
0
0
0
0
0
0
0
-3941
-1894
-2998
-3852
-3619
0
0
0
0
0
0
0
0
0
0
0
-4860
-1739
99
-3623
-17068
0
0
0
0
0
0
0
0
0
0
0
-4070
-230
-2513
-5486
-3528
0
0
0
0
0
0
0
0
0
0
0
-3000
-3366
890
-3081
-18173
0
0
0
0
0
0
0
0
0
0
0
-3226
-2635
-3080
-3497
-3474
0
0
0
0
0
0
0
0
0
0
0
-2481
-1645
-1106
-3231
-18698
0
0
0
0
0
0
0
0
0
0
0
-1865
-2123
-2134
-3588
-3052
0
0
0
0
0
0
0
0
0
0
0
-2204
-1943
-1732
-2854
-19762
0
0
0
0
0
0
0
0
0
0
0
-1820
-2510
-1317
-3032
-2220
0
0
0
0
0
0
0
0
0
0
0
353
-1675
-1118
-2109
-19088
0
0
0
0
0
0
0
0
0
0
0
-1420
-730
-1243
653
-1516
0
0
0
0
0
0
0
0
0
0
0
-2220
-1670
-1492
-1579
-17707
0
0
0
0
0
0
0
0
0
0
0
-2507
-1532
-206
-338
-2075
0
0
0
0
0
0
0
0
0
0
0
-4038
-1813
-956
-2133
-14612
0
0
0
0
0
0
0
0
0
0
0
-3116
-2201
-406
-615
-2167
0
0
0
0
0
0
0
0
0
0
0
-3754
-2077
-318
-2343
-13275
0
0
0
0
0
0
0
0
0
0
0
-2830
-1144
-3276
-1982
-2712
0
0
0
0
0
0
0
0
0
0
0
-3388
-3081
1086
-2708
-22699
0
0
0
0
0
0
0
0
0
0
0
-2982
-770
-4840
-4408
-3674
0
0
0
0
0
0
0
0
0
0
0
-3766
-2429
-379
-3484
-21783
0
0
0
0
0
0
0
0
0
0
0
-2999
-2938
-4124
-4217
-3710
0
0
0
0
0
0
0
0
0
0
0
-4027
-2046
831
-3676
-19538
0
0
0
0
0
0
0
0
0
0
0
-2560
-2483
-3280
-5639
-4096
0
0
0
0
0
0
0
0
0
0
0
-2651
-5506
1088
-4091
-17091
0
0
0
0
0
0
0
0
0
0
0
-2817
-2248
-2494
-4670
-3403
0
0
0
0
0
0
0
0
0
0
0
-46
-4472
-385
-3171
-20978
0
0
0
0
0
0
0
0
0
0
0
-1983
423
-679
-1086
-2045
0
0
0
0
0
0
0
0
0
0
0
-2709
-1905
-2226
-1892
-20109
0
0
0
0
0
0
0
0
0
0
0
-2477
0
545
144
-1627
0
0
0
0
0
0
0
0
0
0
0
-3603
-1940
-2384
-1857
-20838
0
0
0
0
0
0
0
0
0
0
0
-3283
-770
-1205
427
-1998
0
0
0
0
0
0
0
0
0
0
0
-2715
-2285
-1073
-2165
-15859
0
0
0
0
0
0
0
0
0
0
0
-3319
-2167
-4200
780
-3282
0
0
0
0
0
0
0
0
0
0
0
-3415
-5703
749
-3406
-13723
0
0
0
0
0
0
0
0
0
0
0
-2512
-1594
-6109
-2504
-3609
0
0
0
0
0
0
0
0
0
0
0
-2946
-2075
-1263
-3737
-13839
0
0
0
0
0
0
0
0
0
0
0
-4095
-3560
-4046
-4903
-3738
0
0
0
0
0
0
0
0
0
0
0
-2282
118
-1109
-3908
-20186
0
0
0
0
0
0
0
0
0
0
0
-4263
-3970
-4330
-6118
-4823
0
0
0
0
0
0
0
0
0
0
0
-1383
-5352
1004
-4814
-13218
0
0
0
0
0
0
0
0
0
0
0
-2290
-1570
-1329
-3119
-2672
0
0
0
0
0
0
0
0
0
0
0
-288
-3884
-1256
-2398
-19106
0
0
0
0
0
0
0
0
0
0
0
-2801
-991
-1528
-3513
-3329
0
0
0
0
0
0
0
0
0
0
0
-1211
-2924
-2887
-3064
-15209
0
0
0
0
0
0
0
0
0
0
0
-2092
527
1160
-268
-1707
0
0
0
0
0
0
0
0
0
0
0
-2606
-3087
-2999
-1785
-19850
0
0
0
0
0
0
0
0
0
0
0
-3124
-841
-849
1936
-2291
0
0
0
0
0
0
0
0
0
0
0
-2329
-3894
-2986
-2489
-15741
0
0
0
0
0
0
0
0
0
0
0
-3716
-2719
-4688
3397
-3342
0
0
0
0
0
0
0
0
0
0
0
-2433
-6493
-903
-3257
-15015
0
0
0
0
0
0
0
0
0
0
0
-3010
-3041
-5860
1674
-3119
0
0
0
0
0
0
0
0
0
0
0
-1502
-4031
-1160
-3247
-15614
0
0
0
0
0
0
0
0
0
0
0
-3174
-3344
-3608
31
-2647
0
0
0
0
0
0
0
0
0
0
0
-907
-934
-2154
-2685
-17458
0
0
0
0
0
0
0
0
0
0
0
-2329
-2914
-3660
-883
-2652
0
0
0
0
0
0
0
0
0
0
0
-954
-4014
814
-2591
-15961
0
0
0
0
0
0
0
0
0
0
0
-1343
-1296
-2075
-979
-1959
0
0
0
0
0
0
0
0
0
0
0
-164
-2731
-493
-1717
-17449
0
0
0
0
0
0
0
0
0
0
0
-2260
-1509
-1587
-3643
-2862
0
0
0
0
0
0
0
0
0
0
0
-30
-2378
-2247
-2600
-13968
0
0
0
0
0
0
0
0
0
0
0
-1965
-950
679
-1715
-1828
0
0
0
0
0
0
0
0
0
0
0
-794
-1867
-2814
-1750
-17337
0
0
0
0
0
0
0
0
0
0
0
-1673
-856
188
151
-1353
0
0
0
0
0
0
0
0
0
0
0
-790
-2075
-2415
-1354
-15852
0
0
0
0
0
0
0
0
0
0
0
-1641
-1697
-1403
1760
-1642
0
0
0
0
0
0
0
0
0
0
0
-2060
-3348
-390
-1583
-17029
0
0
0
0
0
0
0
0
0
0
0
-1116
-757
-1652
1526
-1058
0
0
0
0
0
0
0
0
0
0
0
-1307
-2136
-329
-888
-16516
0
0
0
0
0
0
0
0
0
0
0
-1047
-930
-1071
1851
-800
0
0
0
0
0
0
0
0
0
0
0
-803
-1507
-1299
-694
-17387
0
0
0
0
0
0
0
0
0
0
0
-1406
-2033
-2261
690
-1617
0
0
0
0
0
0
0
0
0
0
0
-794
-2773
-689
-1661
-19101
0
0
0
0
0
0
0
0
0
0
0
-2146
-2783
-2252
-1748
-2909
0
0
0
0
0
0
0
0
0
0
0
355
-4022
-2412
-2722
-15896
0
0
0
0
0
0
0
0
0
0
0
0
0
0
0
0
0
0
0
0
0
0
0
0
0
0
0
0
0
0
0
0
0
0
0
0
0
0
0
0
0
0
0
0
0
0
0
0
0
0
0
0
0
0
0
0
0
0
0
0
0
0
0
0
0
0
0
0
0
0
0
0
0
0
0
0
0
0
0
0
0
0
0
0
0
0
0
0
0
0
0
0
0
0
0
0
0
0
0
0
0
0
0
0
0
0
0
0
0
0
0
0
0
0
0
0
0
0
0
0
0
0
0
0
0
0
0
0
0
0
0
0
0
0
0
0
0
0
0
0
0
0
0
0
0
0
0
0
0
0
0
0
0
0
0
0
0
0
0
0
0
0
0
0
0
0
0
0
0
0
0
0
0
0
0
0
0
0
0
0
0
0
0
0
0
0
0
0
0
0
0
0
0
0
0
0
0
0
0
0
0
0
0
0
0
0
0
0
0
0
0
0
0
0
0
0
0
0
0
0
0
0
0
0
0
0
0
0
0
0
0
0
0
0
0
0
0
0
0
0
0
0
0
0
0
0
0
0
0
0
0
0
0
0
0
0
0
0
0
0
0
0
0
0
0
0
0
0
0
0
0
0
0
0
0
0
0
0
0
0
0
0
0
0
0
0
0
0
0
0
0
0
0
0
0
0
0
0
0
0
0
0
0
0
0
0
0
0
0
0
0
0
0
0
0
0
0
0
0
0
0
0
0
0
0
0
0
0
0
0
0
0
0
0
0
0
0
0
0
0
0
0
0
0
0
0
0
0
0
0
0
0
0
0
0
0
0
0
0
0
0
0
0
0
0
0
0
0
0
0
0
0
0
0
0
0
0
0
0
0
0
0
0
0
0
0
0
0
0
0
0
0
0
0
0
0
0
0
0
0
0
0
0
0
0
0
0
0
0
0
0
0
0
0
0
0
0
0
0
0
0
0
0
0
0
0
0
0
0
0
0
0
0
0
0
0
0
0
0
0
0
0
0
0
0
0
0
0
0
0
0
0
0
0
0
0
0
0
0
0
0
0
0
0
0
0
0
0
0
0
0
0
0
0
0
0
0
0
0
0
0
0
0
0
0
0
0
0
0
0
0
0
0
0
0
0
0
0
0
0
0
0
0
0
0
0
0
0
0
0
0
0
0
0
0
0
0
0
0
0
0
0
0
0
0
0
0
0
0
0
0
0
0
0
0
0
0
0
0
0
0
0
0
0
0
0
0
0
0
0
0
0
0
0
0
0
0
0
0
0
0
0
0
0
0
0
0
0
0
0
0
0
0
0
0
0
0
0
0
0
0
0
0
0
0
0
0
0
0
0
0
0
0
0
0
0
0
0
0
0
0
0
0
0
0
0
0
0
0
0
0
0
0
0
0
0
0
0
0
0
0
0
0
0
0
0
0
0
0
0
0
0
0
0
0
0
0
0
0
0
0
0
0
0
0
0
0
0
0
0
0
0
0
0
0
0
0
0
0
0
0
0
0
0
0
0
0
0
0
0
0
0
0
0
0
0
0
0
0
0
0
0
0
0
0
0
0
0
0
0
0
0
0
0
0
0
0
0
0
0
0
0
0
0
0
0
0
0
0
0
0
0
0
0
0
0
0
0
0
0
0
0
0
0
0
0
0
0
0
0
0
0
0
0
0
0
0
0
0
0
0
0
0
0
0
0
0
0
0
0
0
0
0
0
0
0
0
0
0
0
0
0
0
0
0
0
0
0
0
0
0
0
0
0
0
0
0
0
0
0
0
0
0
0
0
0
0
0
0
0
0
0
0
0
0
0
0
0
0
0
0
0
0
0
0
0
0
0
0
0
0
0
0
0
0
0
0
0
0
0
0
0
0
0
0
0
0
0
0
0
0
0
0
0
0
0
0
0
0
0
0
0
0
0
0
0
0
0
0
0
0
0
0
0
0
0
0
0
0
0
0
0
0
0
0
0
0
0
0
0
0
0
0
0
0
0
0
0
0
0
0
0
0
0
0
0
0
0
0
0
0
0
0
0
0
0
0
0
0
0
0
0
0
0
0
0
0
0
0
0
0
0
0
0
0
0
0
0
0
0
0
0
0
0
0
0
0
0
0
0
0
0
0
0
0
0
0
0
0
0
0
0
0
0
0
0
0
0
0
0
0
0
0
0
0
0
0
0
0
0
0
0
0
0
0
0
0
0
0
0
0
0
0
0
0
0
0
0
0
0
0
0
0
0
0
0
0
0
0
0
0
0
0
0
0
0
0
0
0
0
0
0
0
0
0
0
0
0
0
0
0
0
0
0
0
0
0
0
0
0
0
0
0
0
0
0
0
0
0
0
0
0
0
0
0
0
0
0
0
0
0
0
0
0
0
0
0
0
0
0
0
0
0
0
0
0
0
0
0
0
0
0
0
0
0
0
0
0
0
0
0
0
0
0
0
0
0
0
0
0
0
0
0
0
0
0
0
0
0
0
0
0
0
0
0
0
0
0
0
0
0
0
0
0
0
0
0
0
0
0
0
0
0
0
0
0
0
0
0
0
0
0
0
0
0
0
0
0
0
0
0
0
0
0
0
0
0
0
0
0
0
0
0
0
0
0
0
0
0
0
0
0
0
0
0
0
0
0
0
0
0
0
0
0
0
0
0
0
0
0
0
0
0
0
0
0
0
0
0
0
0
0
0
0
0
0
0
0
0
0
0
0
0
0
0
0
0
0
0
0
0
0
0
0
0
0
0
0
0
0
0
0
0
0
0
0
0
0
0
0
0
0
0
0
0
0
0
0
0
0
0
0
0
0
0
0
0
0
0
0
0
0
0
0
0
0
0
0
0
0
0
0
0
0
0
0
0
0
0
0
0
0
0
0
0
0
0
0
0
0
0
0
0
0
0
0
0
0
0
0
0
0
0
0
0
0
0
0
0
0
0
0
0
0
0
0
0
0
0
0
0
0
0
0
0
0
0
0
0
0
0
0
0
0
0
0
0
0
0
0
0
0
0
0
0
0
0
0
0
0
0
0
0
0
0
0
0
0
0
0
0
0
0
0
0
0
0
0
0
0
0
0
0
0
0
0
0
0
0
0
0
0
0
0
0
0
0
0
0
0
0
0
0
0
0
0
0
0
0
0
0
0
0
0
0
0
0
0
0
0
0
0
0
0
0
0
0
0
0
0
0
0
0
0
0
0
0
0
0
0
0
0
0
0
0
0
0
0
0
0
0
0
0
0
0
0
0
0
0
0
0
0
0
0
0
0
0
0
0
0
0
0
0
0
0
0
0
0
0
0
0
0
0
0
0
0
0
0
0
0
0
0
0
0
0
0
0
0
0
0
0
0
0
0
0
0
0
0
0
0
0
0
0
0
0
0
0
0
0
0
0
0
0
0
0
0
0
0
0
0
0
0
0
0
0
0
0
0
0
0
0
0
0
0
0
0
0
0
0
0
0
0
0
0
0
0
0
0
0
0
0
0
0
0
0
0
0
0
0
0
0
0
0
0
0
0
0
0
0
0
0
0
0
0
0
0
0
0
0
0
0
0
0
0
0
0
0
0
0
0
0
0
0
0
0
0
0
0
0
0
0
0
0
0
0
0
0
0
0
0
0
0
0
0
0
0
0
0
0
0
0
0
0
0
0
0
0
0
0
0
0
0
0
0
0
0
0
0
0
0
0
0
0
0
0
0
0
0
0
0
0
0
0
0
0
0
0
0
0
0
0
0
0
0
0
0
0
0
0
0
0
0
0
0
0
0
0
0
0
0
0
0
0
0
0
0
0
0
0
0
0
0
0
0
0
0
0
0
0
0
0
0
0
0
0
0
0
0
0
0
0
0
0
0
0
0
0
0
0
0
0
0
0
0
0
0
0
0
0
0
0
0
0
0
0
0
0
0
0
0
0
0
0
0
0
0
0
0
0
0
0
0
0
0
0
0
0
0
0
0
0
0
0
0
0
0
0
0
0
0
0
0
0
0
0
0
0
0
0
0
0
0
0
0
0
0
0
0
0
0
0
0
0
0
0
0
0
0
0
0
0
0
0
0
0
0
0
0
0
0
0
0
0
0
0
0
0
0
0
0
0
0
0
0
0
0
0
0
0
0
0
0
0
0
0
0
0
0
0
0
0
0
0
0
0
0
0
0
0
0
0
0
0
0
0
0
0
0
0
0
0
0
0
0
0
0
0
0
0
0
0
0
0
0
0
0
0
0
0
0
0
0
0
0
0
0
0
0
0
0
0
0
0
0
0
0
0
0
0
0
0
0
0
0
0
0
0
0
0
0
0
0
0
0
0
0
0
0
0
0
0
0
0
0
0
0
0
0
0
0
0
0
0
0
0
0
0
0
0
0
0
0
0
0
0
0
0
0
0
0
0
0
0
0
0
0
0
0
0
0
0
0
0
0
0
0
0
0
0
0
0
0
0
0
0
0
0
0
0
0
0
0
0
0
0
0
0
0
0
0
0
0
0
0
0
0
0
0
0
0
0
0
0
0
0
0
0
0
0
0
0
0
0
0
0
0
0
0
0
0
0
0
0
0
0
0
0
0
0
0
0
0
0
0
0
0
0
0
0
0
0
0
0
0
0
0
0
0
0
0
0
0
0
0
0
0
0
0
0
0
0
0
0
0
0
0
0
0
0
0
0
0
0
0
0
0
0
0
0
0
0
0
0
0
0
0
0
0
0
0
0
0
0
0
0
0
0
0
0
0
0
0
0
0
0
0
0
0
0
0
0
0
0
0
0
0
0
0
0
0
0
0
0
0
0
0
0
0
0
0
0
0
0
0
0
0
0
0
0
0
0
0
0
0
0
0
0
0
0
0
0
0
0
0
0
0
0
0
0
0
0
0
0
0
0
0
0
0
0
0
0
0
0
0
0
0
0
0
0
0
0
0
0
0
0
0
0
0
0
0
0
0
0
0
0
0
0
0
0
0
0
0
0
0
0
0
0
0
0
0
0
0
0
0
0
0
0
0
0
0
0
0
0
0
0
0
0
0
0
0
0
0
0
0
0
0
0
0
0
0
0
0
0
0
0
0
0
0
0
0
0
0
0
0
0
0
0
0
0
0
0
0
0
0
0
0
0
0
0
0
0
0
0
0
0
0
0
0
0
0
0
0
0
0
0
0
0
0
0
0
0
0
0
0
0
0
0
0
0
0
0
0
0
0
0
0
0
0
0
0
0
0
0
0
0
0
0
0
0
0
0
0
0
0
0
0
0
0
0
0
0
0
0
0
0
0
0
0
0
0
0
0
0
0
0
0
0
0
0
0
0
0
0
0
0
0
0
0
0
0
0
0
0
0
0
0
0
0
0
0
0
0
0
0
0
0
0
0
0
0
0
0
0
0
0
0
0
0
0
0
0
0
0
0
0
0
0
0
0
0
0
0
0
0
0
0
0
0
0
0
0
0
0
0
0
0
0
0
0
0
0
0
0
0
0
0
0
0
0
0
0
0
0
0
0
0
0
0
0
0
0
0
0
0
0
0
0
0
0
0
0
0
0
0
0
0
0
0
0
0
0
0
0
0
0
0
0
0
0
0
0
0
0
0
0
0
0
0
0
0
0
0
0
0
0
0
0
0
0
0
0
0
0
0
0
0
0
0
0
0
0
0
0
0
0
0
0
0
0
0
0
0
0
0
0
0
0
0
0
0
0
0
0
0
0
0
0
0
0
0
0
0
0
0
0
0
0
0
0
0
0
0
0
0
0
0
0
0
0
0
0
0
0
0
0
0
0
0
0
0
0
0
0
0
0
0
0
0
0
0
0
0
0
0
0
0
0
0
0
0
0
0
0
0
0
0
0
0
0
0
0
0
0
0
0
0
0
0
0
0
0
0
0
0
0
0
0
0
0
0
0
0
0
0
0
0
0
0
0
0
0
0
0
0
0
0
0
0
0
0
0
0
0
0
0
0
0
0
0
0
0
0
0
0
0
0
0
0
0
0
0
0
0
0
0
0
0
0
0
0
0
0
0
0
0
0
0
0
0
0
0
0
0
0
0
0
0
0
0
0
0
0
0
0
0
0
0
0
0
0
0
0
0
0
0
0
0
0
0
0
0
0
0
0
0
0
0
0
0
0
0
0
0
0
0
0
0
0
0
0
0
0
0
0
0
0
0
0
0
0
0
0
0
0
0
0
0
0
0
0
0
0
0
0
0
0
0
0
0
0
0
0
0
0
0
0
0
0
0
0
0
0
0
0
0
0
0
0
0
0
0
0
0
0
0
0
0
0
0
0
0
0
0
0
0
0
0
0
0
0
0
0
0
0
0
0
0
0
0
0
0
0
0
0
0
0
0
0
0
0
0
0
0
0
0
0
0
0
0
0
0
0
0
0
0
0
0
0
0
0
0
0
0
0
0
0
0
0
0
0
0
0
0
0
0
0
0
0
0
0
0
0
0
0
0
0
0
0
0
0
0
0
0
0
0
0
0
0
0
0
0
0
0
0
0
0
0
0
0
0
0
0
0
0
0
0
0
0
0
0
0
0
0
0
0
0
0
0
0
0
0
0
0
0
0
0
0
0
0
0
0
0
0
0
0
0
0
0
0
0
0
0
0
0
0
0
0
0
0
0
0
0
0
0
0
0
0
0
0
0
0
0
0
0
0
0
0
0
0
0
0
0
0
0
0
0
0
0
0
0
0
0
0
0
0
0
0
0
0
0
0
0
0
0
0
0
0
0
0
0
0
0
0
0
0
0
0
0
0
0
0
0
0
0
0
0
0
0
0
0
0
0
0
0
0
0
0
0
0
0
0
0
0
0
0
0
0
0
0
0
0
0
0
0
0
0
0
0
0
0
0
0
0
0
0
0
0
0
0
0
0
0
0
0
0
0
0
0
0
0
0
0
0
0
0
0
0
0
0
0
0
0
0
0
0
0
0
0
0
0
0
0
0
0
0
0
0
0
0
0
0
0
0
0
0
0
0
0
0
0
0
0
0
0
0
0
0
0
0
0
0
0
0
0
0
0
0
0
0
0
0
0
0
0
0
0
0
0
0
0
0
0
0
0
0
0
0
0
0
0
0
0
0
0
0
0
0
0
0
0
0
0
0
0
0
0
0
0
0
0
0
0
0
0
0
0
0
0
0
0
0
0
0
0
0
0
0
0
0
0
0
0
0
0
0
0
0
0
0
0
0
0
0
0
0
0
0
0
0
0
0
0
0
0
0
0
0
0
0
0
0
0
0
0
0
0
0
0
0
0
0
0
0
0
0
0
0
0
0
0
0
0
0
0
0
0
0
0
0
0
0
0
0
0
0
0
0
0
0
0
0
0
0
0
0
0
0
0
0
0
0
0
0
0
0
0
0
0
0
0
0
0
0
0
0
0
0
0
0
0
0
0
0
0
0
0
0
0
0
0
0
0
0
0
0
0
0
0
0
0
0
0
0
0
0
0
0
0
0
0
0
0
0
0
0
0
0
0
0
0
0
0
0
0
0
0
0
0
0
0
0
0
0
0
0
0
0
0
0
0
0
0
0
0
0
0
0
0
0
0
0
0
0
0
0
0
0
0
0
0
0
0
0
0
0
0
0
0
0
0
0
0
0
0
0
0
0
0
0
0
0
0
0
0
0
0
0
0
0
0
0
0
0
0
0
0
0
0
0
0
0
0
0
0
0
0
0
0
0
0
0
0
0
0
0
0
0
0
0
0
0
0
0
0
0
0
0
0
0
0
0
0
0
0
0
0
0
0
0
0
0
0
0
0
0
0
0
0
0
0
0
0
0
0
0
0
0
0
0
0
0
0
0
0
0
0
0
0
0
0
0
0
0
0
0
0
0
0
0
0
0
0
0
0
0
0
0
0
0
0
0
0
0
0
0
0
0
0
0
0
0
0
0
0
0
0
0
0
0
0
0
0
0
0
0
0
0
0
0
0
0
0
0
0
0
0
0
0
0
0
0
0
0
0
0
0
0
0
0
0
0
0
0
0
0
0
0
0
0
0
0
0
0
0
0
0
0
0
0
0
0
0
0
0
0
0
0
0
0
0
0
0
0
0
0
0
0
0
0
0
0
0
0
0
0
0
0
0
0
0
0
0
0
0
0
0
0
0
0
0
0
0
0
0
0
0
0
0
0
0
0
0
0
0
0
0
0
0
0
0
0
0
0
0
0
0
0
0
0
0
0
0
0
0
0
0
0
0
0
0
0
0
0
0
0
0
0
0
0
0
0
0
0
0
0
0
0
0
0
0
0
0
0
0
0
0
0
0
0
0
0
0
0
0
0
0
0
0
0
0
0
0
0
0
0
0
0
0
0
0
0
0
0
0
0
0
0
0
0
0
0
0
0
0
0
0
0
0
0
0
0
0
0
0
0
0
0
0
0
0
0
0
0
0
0
0
0
0
0
0
0
0
0
0
0
0
0
0
0
0
0
0
0
0
0
0
0
0
0
0
0
0
0
0
0
0
0
0
0
0
0
0
0
0
0
0
0
0
0
0
0
0
0
0
0
0
0
0
0
0
0
0
0
0
0
0
0
0
0
0
0
0
0
0
0
0
0
0
0
0
0
0
0
0
0
0
0
0
0
0
0
0
0
0
0
0
0
0
0
0
0
0
0
0
0
0
0
0
0
0
0
0
0
0
0
0
0
0
0
0
0
0
0
0
0
0
0
0
0
0
0
0
0
0
0
0
0
0
0
0
0
0
0
0
0
0
0
0
0
0
0
0
0
0
0
0
0
0
0
0
0
0
0
0
0
0
0
0
0
0
0
0
0
0
0
0
0
0
0
0
0
0
0
0
0
0
0
0
0
0
0
0
0
0
0
0
0
0
0
0
0
0
0
0
0
0
0
0
0
0
0
0
0
0
0
0
0
0
0
0
0
0
0
0
0
0
0
0
0
0
0
0
0
0
0
0
0
0
0
0
0
0
0
0
0
0
0
0
0
0
0
0
0
0
0
0
0
0
0
0
0
0
0
0
0
0
0
0
0
0
0
0
0
0
0
0
0
0
0
0
0
0
0
0
0
0
0
0
0
0
0
0
0
0
0
0
0
0
0
0
0
0
0
0
0
0
0
0
0
0
0
0
0
0
0
0
0
0
0
0
0
0
0
0
0
0
0
0
0
0
0
0
0
0
0
0
0
0
0
0
0
0
0
0
0
0
0
0
0
0
0
0
0
0
0
0
0
0
0
0
0
0
0
0
0
0
0
0
0
0
0
0
0
0
0
0
0
0
0
0
0
0
0
0
0
0
0
0
0
0
0
0
0
0
0
0
0
0
0
0
0
0
0
0
0
0
0
0
0
0
0
0
0
0
0
0
0
0
0
0
0
0
0
0
0
0
0
0
0
0
0
0
0
0
0
0
0
0
0
0
0
0
0
0
0
0
0
0
0
0
0
0
0
0
0
0
0
0
0
0
0
0
0
0
0
0
0
0
0
0
0
0
0
0
0
0
0
0
0
0
0
0
0
0
0
0
0
0
0
0
0
0
0
0
0
0
0
0
0
0
0
0
0
0
0
0
0
0
0
0
0
0
0
0
0
0
0
0
0
0
0
0
0
0
0
0
0
0
0
0
0
0
0
0
0
0
0
0
0
0
0
0
0
0
0
0
0
0
0
0
0
0
0
0
0
0
0
0
0
0
0
0
0
0
0
0
0
0
0
0
0
0
0
0
0
0
0
0
0
0
0
0
0
0
0
0
0
0
0
0
0
0
0
0
0
0
0
0
0
0
0
0
0
0
0
0
0
0
0
0
0
0
0
0
0
0
0
0
0
0
0
0
0
0
0
0
0
0
0
0
0
0
0
0
0
0
0
0
0
0
0
0
0
0
0
0
0
0
0
0
0
0
0
0
0
0
0
0
0
0
0
0
0
0
0
0
0
0
0
0
0
0
0
0
0
0
0
0
0
0
0
0
0
0
0
0
0
0
0
0
0
0
0
0
0
0
0
0
0
0
0
0
0
0
0
0
0
0
0
0
0
0
0
0
0
0
0
0
0
0
0
0
0
0
0
0
0
0
0
0
0
0
0
0
0
0
0
0
0
0
0
0
0
0
0
0
0
0
0
0
0
0
0
0
0
0
0
0
0
0
0
0
0
0
0
0
0
0
0
0
0
0
0
0
0
0
0
0
0
0
0
0
0
0
0
0
0
0
0
0
0
0
0
0
0
0
0
0
0
0
0
0
0
0
0
0
0
0
0
0
0
0
0
0
0
0
0
0
0
0
0
0
0
0
0
0
0
0
0
0
0
0
0
0
0
0
0
0
0
0
0
0
0
0
0
0
0
0
0
0
0
0
0
0
0
0
0
0
0
0
0
0
0
0
0
0
0
0
0
0
0
0
0
0
0
0
0
0
0
0
0
0
0
0
0
0
0
0
0
0
0
0
0
0
0
0
0
0
0
0
0
0
0
0
0
0
0
0
0
0
0
0
0
0
0
0
0
0
0
0
0
0
0
0
0
0
0
0
0
0
0
0
0
0
0
0
0
0
0
0
0
0
0
0
0
0
0
0
0
0
0
0
0
0
0
0
0
0
0
0
0
0
0
0
0
0
0
0
0
0
0
0
0
0
0
0
0
0
0
0
0
0
0
0
0
0
0
0
0
0
0
0
0
0
0
0
0
0
0
0
0
0
0
0
0
0
0
0
0
0
0
0
0
0
0
0
0
0
0
0
0
0
0
0
0
0
0
0
0
0
0
0
0
0
0
0
0
0
0
0
0
0
0
0
0
0
0
0
0
0
0
0
0
0
0
0
0
0
0
0
0
0
0
0
0
0
0
0
0
0
0
0
0
0
0
0
0
0
0
0
0
0
0
0
0
0
0
0
0
0
0
0
0
0
0
0
0
0
0
0
0
0
0
0
0
0
0
0
0
0
0
0
0
0
0
0
0
0
0
0
0
0
0
0
0
0
0
0
0
0
0
0
0
0
0
0
0
0
0
0
0
0
0
0
0
0
0
0
0
0
0
0
0
0
0
0
0
0
0
0
0
0
0
0
0
0
0
0
0
0
0
0
0
0
0
0
0
0
0
0
0
0
0
0
0
0
0
0
0
0
0
0
0
0
0
0
0
0
0
0
0
0
0
0
0
0
0
0
0
0
0
0
0
0
0
0
0
0
0
0
0
0
0
0
0
0
0
0
0
0
0
0
0
0
0
0
0
0
0
0
0
0
0
0
0
0
0
0
0
0
0
0
0
0
0
0
0
0
0
0
0
0
0
0
0
0
0
0
0
0
0
0
0
0
0
0
0
0
0
0
0
0
0
0
0
0
0
0
0
0
0
0
0
0
0
0
0
0
0
0
0
0
0
0
0
0
0
0
0
0
0
0
0
0
0
0
0
0
0
0
0
0
0
0
0
0
0
0
0
0
0
0
0
0
0
0
0
0
0
0
0
0
0
0
0
0
0
0
0
0
0
0
0
0
0
0
0
0
0
0
0
0
0
0
0
0
0
0
0
0
0
0
0
0
0
0
0
0
0
0
0
0
0
0
0
0
0
0
0
0
0
0
0
0
0
0
0
0
0
0
0
0
0
0
0
0
0
0
0
0
0
0
0
0
0
0
0
0
0
0
0
0
0
0
0
0
0
0
0
0
0
0
0
0
0
0
0
0
0
0
0
0
0
0
0
0
0
0
0
0
0
0
0
0
0
0
0
0
0
0
0
0
0
0
0
0
0
0
0
0
0
0
0
0
0
0
0
0
0
0
0
0
0
0
0
0
0
0
0
0
0
0
0
0
0
0
0
0
0
0
0
0
0
0
0
0
0
0
0
0
0
0
0
0
0
0
0
0
0
0
0
0
0
0
0
0
0
0
0
0
0
0
0
0
0
0
0
0
0
0
0
0
0
0
0
0
0
0
0
0
0
0
0
0
0
0
0
0
0
0
0
0
0
0
0
0
0
0
0
0
0
0
0
0
0
0
0
0
0
0
0
0
0
0
0
0
0
0
0
0
0
0
0
0
0
0
0
0
0
0
0
0
0
0
0
0
0
0
0
0
0
0
0
0
0
0
0
0
0
0
0
0
0
0
0
0
0
0
0
0
0
0
0
0
0
0
0
0
0
0
0
0
0
0
0
0
0
0
0
0
0
0
0
0
0
0
0
0
0
0
0
0
0
0
0
0
0
0
0
0
0
0
0
0
0
0
0
0
0
0
0
0
0
0
0
0
0
0
0
0
0
0
0
0
0
0
0
0
0
0
0
0
0
0
0
0
0
0
0
0
0
0
0
0
0
0
0
0
0
0
0
0
0
0
0
0
0
0
0
0
0
0
0
0
0
0
0
0
0
0
0
0
0
0
0
0
0
0
0
0
0
0
0
0
0
0
0
0
0
0
0
0
0
0
0
0
0
0
0
0
0
0
0
0
0
0
0
0
0
0
0
0
0
0
0
0
0
0
0
0
0
0
0
0
0
0
0
0
0
0
0
0
0
0
0
0
0
0
0
0
0
0
0
0
0
0
0
0
0
0
0
0
0
0
0
0
0
0
0
0
0
0
0
0
0
0
0
0
0
0
0
0
0
0
0
0
0
0
0
0
0
0
0
0
0
0
0
0
0
0
0
0
0
0
0
0
0
0
0
0
0
0
0
0
0
0
0
0
0
0
0
0
0
0
0
0
0
0
0
0
0
0
0
0
0
0
0
0
0
0
0
0
0
0
0
0
0
0
0
0
0
0
0
0
0
0
0
0
0
0
0
0
0
0
0
0
0
0
0
0
0
0
0
0
0
0
0
0
0
0
0
0
0
0
0
0
0
0
0
0
0
0
0
0
0
0
0
0
0
0
0
0
0
0
0
0
0
0
0
0
0
0
0
0
0
0
0
0
0
0
0
0
0
0
0
0
0
0
0
0
0
0
0
0
0
0
0
0
0
0
0
0
0
0
0
0
0
0
0
0
0
0
0
0
0
0
0
0
0
0
0
0
0
0
0
0
0
0
0
0
0
0
0
0
0
0
0
0
0
0
0
0
0
0
0
0
0
0
0
0
0
0
0
0
0
0
0
0
0
0
0
0
0
0
0
0
0
0
0
0
0
0
0
0
0
0
0
0
0
0
0
0
0
0
0
0
0
0
0
0
0
0
0
0
0
0
0
0
0
0
0
0
0
0
0
0
0
0
0
0
0
0
0
0
0
0
0
0
0
0
0
0
0
0
0
0
0
0
0
0
0
0
0
0
0
0
0
0
0
0
0
0
0
0
0
0
0
0
0
0
0
0
0
0
0
0
0
0
0
0
0
0
0
0
0
0
0
0
0
0
0
0
0
0
0
0
0
0
0
0
0
0
0
0
0
0
0
0
0
0
0
0
0
0
0
0
0
0
0
0
0
0
0
0
0
0
0
0
0
0
0
0
0
0
0
0
0
0
0
0
0
0
0
0
0
0
0
0
0
0
0
0
0
0
0
0
0
0
0
0
0
0
0
0
0
0
0
0
0
0
0
0
0
0
0
0
0
0
0
0
0
0
0
0
0
0
0
0
0
0
0
0
0
0
0
0
0
0
0
0
0
0
0
0
0
0
0
0
0
0
0
0
0
0
0
0
0
0
0
0
0
0
0
0
0
0
0
0
0
0
0
0
0
0
0
0
0
0
0
0
0
0
0
0
0
0
0
0
0
0
0
0
0
0
0
0
0
0
0
0
0
0
0
0
0
0
0
0
0
0
0
0
0
0
0
0
0
0
0
0
0
0
0
0
0
0
0
0
0
0
0
0
0
0
0
0
0
0
0
0
0
0
0
0
0
0
0
0
0
0
0
0
0
0
0
0
0
0
0
0
0
0
0
0
0
0
0
0
0
0
0
0
0
0
0
0
0
0
0
0
0
0
0
0
0
0
0
0
0
0
0
0
0
0
0
0
0
0
0
0
0
0
0
0
0
0
0
0
0
0
0
0
0
0
0
0
0
0
0
0
0
0
0
0
0
0
0
0
0
0
0
0
0
0
0
0
0
0
0
0
0
0
0
0
0
0
0
0
0
0
0
0
0
0
0
0
0
0
0
0
0
0
0
0
0
0
0
0
0
0
0
0
0
0
0
0
0
0
0
0
0
0
0
0
0
0
0
0
0
0
0
0
0
0
0
0
0
0
0
0
0
0
0
0
0
0
0
0
0
0
0
0
0
0
0
0
0
0
0
0
0
0
0
0
0
0
0
0
0
0
0
0
0
0
0
0
0
0
0
0
0
0
0
0
0
0
0
0
0
0
0
0
0
0
0
0
0
0
0
0
0
0
0
0
0
0
0
0
0
0
0
0
0
0
0
0
0
0
0
0
0
0
0
0
0
0
0
0
0
0
0
0
0
0
0
0
0
0
0
0
0
0
0
0
0
0
0
0
0
0
0
0
0
0
0
0
0
0
0
0
0
0
0
0
0
0
0
0
0
0
0
0
0
0
0
0
0
0
0
0
0
0
0
0
0
0
0
0
0
0
0
0
0
0
0
0
0
0
0
0
0
0
0
0
0
0
0
0
0
0
0
0
0
0
0
0
0
0
0
0
0
0
0
0
0
0
0
0
0
0
0
0
0
0
0
0
0
0
0
0
0
0
0
0
0
0
0
0
0
0
0
0
0
0
0
0
0
0
0
0
0
0
0
0
0
0
0
0
0
0
0
0
0
0
0
0
0
0
0
0
0
0
0
0
0
0
0
0
0
0
0
0
0
0
0
0
0
0
0
0
0
0
0
0
0
0
0
0
0
0
0
0
0
0
0
0
0
0
0
0
0
0
0
0
0
0
0
0
0
0
0
0
0
0
0
0
0
0
0
0
0
0
0
0
0
0
0
0
0
0
0
0
0
0
0
0
0
0
0
0
0
0
0
0
0
0
0
0
0
0
0
0
0
0
0
0
0
0
0
0
0
0
0
0
0
0
0
0
0
0
0
0
0
0
0
0
0
0
0
0
0
0
0
0
0
0
0
0
0
0
0
0
0
0
0
0
0
0
0
0
0
0
0
0
0
0
0
0
0
0
0
0
0
0
0
0
0
0
0
0
0
0
0
0
0
0
0
0
0
0
0
0
0
0
0
0
0
0
0
0
0
0
0
0
0
0
0
0
0
0
0
0
0
0
0
0
0
0
0
0
0
0
0
0
0
0
0
0
0
0
0
0
0
0
0
0
0
0
0
0
0
0
0
0
0
0
0
0
0
0
0
0
0
0
0
0
0
0
0
0
0
0
0
0
0
0
0
0
0
0
0
0
0
0
0
0
0
0
0
0
0
0
0
0
0
0
0
0
0
0
0
0
0
0
0
0
0
0
0
0
0
0
0
0
0
0
0
0
0
0
0
0
0
0
0
0
0
0
0
0
0
0
0
0
0
0
0
0
0
0
0
0
0
0
0
0
0
0
0
0
0
0
0
0
0
0
0
0
0
0
0
0
0
0
0
0
0
0
0
0
0
0
0
0
0
0
0
0
0
0
0
0
0
0
0
0
0
0
0
0
0
0
0
0
0
0
0
0
0
0
0
0
0
0
0
0
0
0
0
0
0
0
0
0
0
0
0
0
0
0
0
0
0
0
0
0
0
0
0
0
0
0
0
0
0
0
0
0
0
0
0
0
0
0
0
0
0
0
0
0
0
0
0
0
0
0
0
0
0
0
0
0
0
0
0
0
0
0
0
0
0
0
0
0
0
0
0
0
0
0
0
0
0
0
0
0
0
0
0
0
0
0
0
0
0
0
0
0
0
0
0
0
0
0
0
0
0
0
0
0
0
0
0
0
0
0
0
0
0
0
0
0
0
0
0
0
0
0
0
0
0
0
0
0
0
0
0
0
0
0
0
0
0
0
0
0
0
0
0
0
0
0
0
0
0
0
0
0
0
0
0
0
0
0
0
0
0
0
0
0
0
0
0
0
0
0
0
0
0
0
0
0
0
0
0
0
0
0
0
0
0
0
0
0
0
0
0
0
0
0
0
0
0
0
0
0
0
0
0
0
0
0
0
0
0
0
0
0
0
0
0
0
0
0
0
0
0
0
0
0
0
0
0
0
0
0
0
0
0
0
0
0
0
0
0
0
0
0
0
0
0
0
0
0
0
0
0
0
0
0
0
0
0
0
0
0
0
0
0
0
0
0
0
0
0
0
0
0
0
0
0
0
0
0
0
0
0
0
0
0
0
0
0
0
0
0
0
0
0
0
0
0
0
0
0
0
0
0
0
0
0
0
0
0
0
0
0
0
0
0
0
0
0
0
0
0
0
0
0
0
0
0
0
0
0
0
0
0
0
0
0
0
0
0
0
0
0
0
0
0
0
0
0
0
0
0
0
0
0
0
0
0
0
0
0
0
0
0
0
0
0
0
0
0
0
0
0
0
0
0
0
0
0
0
0
0
0
0
0
0
0
0
0
0
0
0
0
0
0
0
0
0
0
0
0
0
0
0
0
0
0
0
0
0
0
0
0
0
0
0
0
0
0
0
0
0
0
0
0
0
0
0
0
0
0
0
0
0
0
0
0
0
0
0
0
0
0
0
0
0
0
0
0
0
0
0
0
0
0
0
0
0
0
0
0
0
0
0
0
0
0
0
0
0
0
0
0
0
0
0
0
0
0
0
0
0
0
0
0
0
0
0
0
0
0
0
0
0
0
0
0
0
0
0
0
0
0
0
0
0
0
0
0
0
0
0
0
0
0
0
0
0
0
0
0
0
0
0
0
0
0
0
0
0
0
0
0
0
0
0
0
0
0
0
0
0
0
0
0
0
0
0
0
0
0
0
0
0
0
0
0
0
0
0
0
0
0
0
0
0
0
0
0
0
0
0
0
0
0
0
0
0
0
0
0
0
0
0
0
0
0
0
0
0
0
0
0
0
0
0
0
0
0
0
0
0
0
0
0
0
0
0
0
0
0
0
0
0
0
0
0
0
0
0
0
0
0
0
0
0
0
0
0
0
0
0
0
0
0
0
0
0
0
0
0
0
0
0
0
0
0
0
0
0
0
0
0
0
0
0
0
0
0
0
0
0
0
0
0
0
0
0
0
0
0
0
0
0
0
0
0
0
0
0
0
0
0
0
0
0
0
0
0
0
0
0
0
0
0
0
0
0
0
0
0
0
0
0
0
0
0
0
0
0
0
0
0
0
0
0
0
0
0
0
0
0
0
0
0
0
0
0
0
0
0
0
0
0
0
0
0
0
0
0
0
0
0
0
0
0
0
0
0
0
0
0
0
0
0
0
0
0
0
0
0
0
0
0
0
0
0
0
0
0
0
0
0
0
0
0
0
0
0
0
0
0
0
0
0
0
0
0
0
0
0
0
0
0
0
0
0
0
0
0
0
0
0
0
0
0
0
0
0
0
0
0
0
0
0
0
0
0
0
0
0
0
0
0
0
0
0
0
0
0
0
0
0
0
0
0
0
0
0
0
0
0
0
0
0
0
0
0
0
0
0
0
0
0
0
0
0
0
0
0
0
0
0
0
0
0
0
0
0
0
0
0
0
0
0
0
0
0
0
0
0
0
0
0
0
0
0
0
0
0
0
0
0
0
0
0
0
0
0
0
0
0
0
0
0
0
0
0
0
0
0
0
0
0
0
0
0
0
0
0
0
0
0
0
0
0
0
0
0
0
0
0
0
0
0
0
0
0
0
0
0
0
0
0
0
0
0
0
0
0
0
0
0
0
0
0
0
0
0
0
0
0
0
0
0
0
0
0
0
0
0
0
0
0
0
0
0
0
0
0
0
0
0
0
0
0
0
0
0
0
0
0
0
0
0
0
0
0
0
0
0
0
0
0
0
0
0
0
0
0
0
0
0
0
0
0
0
0
0
0
0
0
0
0
0
0
0
0
0
0
0
0
0
0
0
0
0
0
0
0
0
0
0
0
0
0
0
0
0
0
0
0
0
0
0
0
0
0
0
0
0
0
0
0
0
0
0
0
0
0
0
0
0
0
0
0
0
0
0
0
0
0
0
0
0
0
0
0
0
0
0
0
0
0
0
0
0
0
0
0
0
0
0
0
0
0
0
0
0
0
0
0
0
0
0
0
0
0
0
0
0
0
0
0
0
0
0
0
0
0
0
0
0
0
0
0
0
0
0
0
0
0
0
0
0
0
0
0
0
0
0
0
0
0
0
0
0
0
0
0
0
0
0
0
0
0
0
0
0
0
0
0
0
0
0
0
0
0
0
0
0
0
0
0
0
0
0
0
0
0
0
0
0
0
0
0
0
0
0
0
0
0
0
0
0
0
0
0
0
0
0
0
0
0
0
0
0
0
0
0
0
0
0
0
0
0
0
0
0
0
0
0
0
0
0
0
0
0
0
0
0
0
0
0
0
0
0
0
0
0
0
0
0
0
0
0
0
0
0
0
0
0
0
0
0
0
0
0
0
0
0
0
0
0
0
0
0
0
0
0
0
0
0
0
0
0
0
0
0
0
0
0
0
0
0
0
0
0
0
0
0
0
0
0
0
0
0
0
0
0
0
0
0
0
0
0
0
0
0
0
0
0
0
0
0
0
0
0
0
0
0
0
0
0
0
0
0
0
0
0
0
0
0
0
0
0
0
0
0
0
0
0
0
0
0
0
0
0
0
0
0
0
0
0
0
0
0
0
0
0
0
0
0
0
0
0
0
0
0
0
0
0
0
0
0
0
0
0
0
0
0
0
0
0
0
0
0
0
0
0
0
0
0
0
0
0
0
0
0
0
0
0
0
0
0
0
0
0
0
0
0
0
0
0
0
0
0
0
0
0
0
0
0
0
0
0
0
0
0
0
0
0
0
0
0
0
0
0
0
0
0
0
0
0
0
0
0
0
0
0
0
0
0
0
0
0
0
0
0
0
0
0
0
0
0
0
0
0
0
0
0
0
0
0
0
0
0
0
0
0
0
0
0
0
0
0
0
0
0
0
0
0
0
0
0
0
0
0
0
0
0
0
0
0
0
0
0
0
0
0
0
0
0
0
0
0
0
0
0
0
0
0
0
0
0
0
0
0
0
0
0
0
0
0
0
0
0
0
0
0
0
0
0
0
0
0
0
0
0
0
0
0
0
0
0
0
0
0
0
0
0
0
0
0
0
0
0
0
0
0
0
0
0
0
0
0
0
0
0
0
0
0
0
0
0
0
0
0
0
0
0
0
0
0
0
0
0
0
0
0
0
0
0
0
0
0
0
0
0
0
0
0
0
0
0
0
0
0
0
0
0
0
0
0
0
0
0
0
0
0
0
0
0
0
0
0
0
0
0
0
0
0
0
0
0
0
0
0
0
0
0
0
0
0
0
0
0
0
0
0
0
0
0
0
0
0
0
0
0
0
0
0
0
0
0
0
0
0
0
0
0
0
0
0
0
0
0
0
0
0
0
0
0
0
0
0
0
0
0
0
0
0
0
0
0
0
0
0
0
0
0
0
0
0
0
0
0
0
0
0
0
0
0
0
0
0
0
0
0
0
0
0
0
0
0
0
0
0
0
0
0
0
0
0
0
0
0
0
0
0
0
0
0
0
0
0
0
0
0
0
0
0
0
0
0
0
0
0
0
0
0
0
0
0
0
0
0
0
0
0
0
0
0
0
0
0
0
0
0
0
0
0
0
0
0
0
0
0
0
0
0
0
0
0
0
0
0
0
0
0
0
0
0
0
0
0
0
0
0
0
0
0
0
0
0
0
0
0
0
0
0
0
0
0
0
0
0
0
0
0
0
0
0
0
0
0
0
0
0
0
0
0
0
0
0
0
0
0
0
0
0
0
0
0
0
0
0
0
0
0
0
0
0
0
0
0
0
0
0
0
0
0
0
0
0
0
0
0
0
0
0
0
0
0
0
0
0
0
0
0
0
0
0
0
0
0
0
0
0
0
0
0
0
0
0
0
0
0
0
0
0
0
0
0
0
0
0
0
0
0
0
0
0
0
0
0
0
0
0
0
0
0
0
0
0
0
0
0
0
0
0
0
0
0
0
0
0
0
0
0
0
0
0
0
0
0
0
0
0
0
0
0
0
0
0
0
0
0
0
0
0
0
0
0
0
0
0
0
0
0
0
0
0
0
0
0
0
0
0
0
0
0
0
0
0
0
0
0
0
0
0
0
0
0
0
0
0
0
0
0
0
0
0
0
0
0
0
0
0
0
0
0
0
0
0
0
0
0
0
0
0
0
0
0
0
0
0
0
0
0
0
0
0
0
0
0
0
0
0
0
0
0
0
0
0
0
0
0
0
0
0
0
0
0
0
0
0
0
0
0
0
0
0
0
0
0
0
0
0
0
0
0
0
0
0
0
0
0
0
0
0
0
0
0
0
0
0
0
0
0
0
0
0
0
0
0
0
0
0
0
0
0
0
0
0
0
0
0
0
0
0
0
0
0
0
0
0
0
0
0
0
0
0
0
0
0
0
0
0
0
0
0
0
0
0
0
0
0
0
0
0
0
0
0
0
0
0
0
0
0
0
0
0
0
0
0
0
0
0
0
0
0
0
0
0
0
0
0
0
0
0
0
0
0
0
0
0
0
0
0
0
0
0
0
0
0
0
0
0
0
0
0
0
0
0
0
0
0
0
0
0
0
0
0
0
0
0
0
0
0
0
0
0
0
0
0
0
0
0
0
0
0
0
0
0
0
0
0
0
0
0
0
0
0
0
0
0
0
0
0
0
0
0
0
0
0
0
0
0
0
0
0
0
0
0
0
0
0
0
0
0
0
0
0
0
0
0
0
0
0
0
0
0
0
0
0
0
0
0
0
0
0
0
0
0
0
0
0
0
0
0
0
0
0
0
0
0
0
0
0
0
0
0
0
0
0
0
0
0
0
0
0
0
0
0
0
0
0
0
0
0
0
0
0
0
0
0
0
0
0
0
0
0
0
0
0
0
0
0
0
0
0
0
0
0
0
0
0
0
0
0
0
0
0
0
0
0
0
0
0
0
0
0
0
0
0
0
0
0
0
0
0
0
0
0
0
0
0
0
0
0
0
0
0
0
0
0
0
0
0
0
0
0
0
0
0
0
0
0
0
0
0
0
0
0
0
0
0
0
0
0
0
0
0
0
0
0
0
0
0
0
0
0
0
0
0
0
0
0
0
0
0
0
0
0
0
0
0
0
0
0
0
0
0
0
0
0
0
0
0
0
0
0
0
0
0
0
0
0
0
0
0
0
0
0
0
0
0
0
0
0
0
0
0
0
0
0
0
0
0
0
0
0
0
0
0
0
0
0
0
0
0
0
0
0
0
0
0
0
0
0
0
0
0
0
0
0
0
0
0
0
0
0
0
0
0
0
0
0
0
0
0
0
0
0
0
0
0
0
0
0
0
0
0
0
0
0
0
0
0
0
0
0
0
0
0
0
0
0
0
0
0
0
0
0
0
0
0
0
0
0
0
0
0
0
0
0
0
0
0
0
0
0
0
0
0
0
0
0
0
0
0
0
0
0
0
0
0
0
0
0
0
0
0
0
0
0
0
0
0
0
0
0
0
0
0
0
0
0
0
0
0
0
0
0
0
0
0
0
0
0
0
0
0
0
0
0
0
0
0
0
0
0
0
0
0
0
0
0
0
0
0
0
0
0
0
0
0
0
0
0
0
0
0
0
0
0
0
0
0
0
0
0
0
0
0
0
0
0
0
0
0
0
0
0
0
0
0
0
0
0
0
0
0
0
0
0
0
0
0
0
0
0
0
0
0
0
0
0
0
0
0
0
0
0
0
0
0
0
0
0
0
0
0
0
0
0
0
0
0
0
0
0
0
0
0
0
0
0
0
0
0
0
0
0
0
0
0
0
0
0
0
0
0
0
0
0
0
0
0
0
0
0
0
0
0
0
0
0
0
0
0
0
0
0
0
0
0
0
0
0
0
0
0
0
0
0
0
0
0
0
0
0
0
0
0
0
0
0
0
0
0
0
0
0
0
0
0
0
0
0
0
0
0
0
0
0
0
0
0
0
0
0
0
0
0
0
0
0
0
0
0
0
0
0
0
0
0
0
0
0
0
0
0
0
0
0
0
0
0
0
0
0
0
0
0
0
0
0
0
0
0
0
0
0
0
0
0
0
0
0
0
0
0
0
0
0
0
0
0
0
0
0
0
0
0
0
0
0
0
0
0
0
0
0
0
0
0
0
0
0
0
0
0
0
0
0
0
0
0
0
0
0
0
0
0
0
0
0
0
0
0
0
0
0
0
0
0
0
0
0
0
0
0
0
0
0
0
0
0
0
0
0
0
0
0
0
0
0
0
0
0
0
0
0
0
0
0
0
0
0
0
0
0
0
0
0
0
0
0
0
0
0
0
0
0
0
0
0
0
0
0
0
0
0
0
0
0
0
0
0
0
0
0
0
0
0
0
0
0
0
0
0
0
0
0
0
0
0
0
0
0
0
0
0
0
0
0
0
0
0
0
0
0
0
0
0
0
0
0
0
0
0
0
0
0
0
0
0
0
0
0
0
0
0
0
0
0
0
0
0
0
0
0
0
0
0
0
0
0
0
0
0
0
0
0
0
0
0
0
0
0
0
0
0
0
0
0
0
0
0
0
0
0
0
0
0
0
0
0
0
0
0
0
0
0
0
0
0
0
0
0
0
0
0
0
0
0
0
0
0
0
0
0
0
0
0
0
0
0
0
0
0
0
0
0
0
0
0
0
0
0
0
0
0
0
0
0
0
0
0
0
0
0
0
0
0
0
0
0
0
0
0
0
0
0
0
0
0
0
0
0
0
0
0
0
0
0
0
0
0
0
0
0
0
0
0
0
0
0
0
0
0
0
0
0
0
0
0
0
0
0
0
0
0
0
0
0
0
0
0
0
0
0
0
0
0
0
0
0
0
0
0
0
0
0
0
0
0
0
0
0
0
0
0
0
0
0
0
0
0
0
0
0
0
0
0
0
0
0
0
0
0
0
0
0
0
0
0
0
0
0
0
0
0
0
0
0
0
0
0
0
0
0
0
0
0
0
0
0
0
0
0
0
0
0
0
0
0
0
0
0
0
0
0
0
0
0
0
0
0
0
0
0
0
0
0
0
0
0
0
0
0
0
0
0
0
0
0
0
0
0
0
0
0
0
0
0
0
0
0
0
0
0
0
0
0
0
0
0
0
0
0
0
0
0
0
0
0
0
0
0
0
0
0
0
0
0
0
0
0
0
0
0
0
0
0
0
0
0
0
0
0
0
0
0
0
0
0
0
0
0
0
0
0
0
0
0
0
0
0
0
0
0
0
0
0
0
0
0
0
0
0
0
0
0
0
0
0
0
0
0
0
0
0
0
0
0
0
0
0
0
0
0
0
0
0
0
0
0
0
0
0
0
0
0
0
0
0
0
0
0
0
0
0
0
0
0
0
0
0
0
0
0
0
0
0
0
0
0
0
0
0
0
0
0
0
0
0
0
0
0
0
0
0
0
0
0
0
0
0
0
0
0
0
0
0
0
0
0
0
0
0
0
0
0
0
0
0
0
0
0
0
0
0
0
0
0
0
0
0
0
0
0
0
0
0
0
0
0
0
0
0
0
0
0
0
0
0
0
0
0
0
0
0
0
0
0
0
0
0
0
0
0
0
0
0
0
0
0
0
0
0
0
0
0
0
0
0
0
0
0
0
0
0
0
0
0
0
0
0
0
0
0
0
0
0
0
0
0
0
0
0
0
0
0
0
0
0
0
0
0
0
0
0
0
0
0
0
0
0
0
0
0
0
0
0
0
0
0
0
0
0
0
0
0
0
0
0
0
0
0
0
0
0
0
0
0
0
0
0
0
0
0
0
0
0
0
0
0
0
0
0
0
0
0
0
0
0
0
0
0
0
0
0
0
0
0
0
0
0
0
0
0
0
0
0
0
0
0
0
0
0
0
0
0
0
0
0
0
0
0
0
0
0
0
0
0
0
0
0
0
0
0
0
0
0
0
0
0
0
0
0
0
0
0
0
0
0
0
0
0
0
0
0
0
0
0
0
0
0
0
0
0
0
0
0
0
0
0
0
0
0
0
0
0
0
0
0
0
0
0
0
0
0
0
0
0
0
0
0
0
0
0
0
0
0
0
0
0
0
0
0
0
0
0
0
0
0
0
0
0
0
0
0
0
0
0
0
0
0
0
0
0
0
0
0
0
0
0
0
0
0
0
0
0
0
0
0
0
0
0
0
0
0
0
0
0
0
0
0
0
0
0
0
0
0
0
0
0
0
0
0
0
0
0
0
0
0
0
0
0
0
0
0
0
0
0
0
0
0
0
0
0
0
0
0
0
0
0
0
0
0
0
0
0
0
0
0
0
0
0
0
0
0
0
0
0
0
0
0
0
0
0
0
0
0
0
0
0
0
0
0
0
0
0
0
0
0
0
0
0
0
0
0
0
0
0
0
0
0
0
0
0
0
0
0
0
0
0
0
0
0
0
0
0
0
0
0
0
0
0
0
0
0
0
0
0
0
0
0
0
0
0
0
0
0
0
0
0
0
0
0
0
0
0
0
0
0
0
0
0
0
0
0
0
0
0
0
0
0
0
0
0
0
0
0
0
0
0
0
0
0
0
0
0
0
0
0
0
0
0
0
0
0
0
0
0
0
0
0
0
0
0
0
0
0
0
0
0
0
0
0
0
0
0
0
0
0
0
0
0
0
0
0
0
0
0
0
0
0
0
0
0
0
0
0
0
0
0
0
0
0
0
0
0
0
0
0
0
0
0
0
0
0
0
0
0
0
0
0
0
0
0
0
0
0
0
0
0
0
0
0
0
0
0
0
0
0
0
0
0
0
0
0
0
0
0
0
0
0
0
0
0
0
0
0
0
0
0
0
0
0
0
0
0
0
0
0
0
0
0
0
0
0
0
0
0
0
0
0
0
0
0
0
0
0
0
0
0
0
0
0
0
0
0
0
0
0
0
0
0
0
0
0
0
0
0
0
0
0
0
0
0
0
0
0
0
0
0
0
0
0
0
0
0
0
0
0
0
0
0
0
0
0
0
0
0
0
0
0
0
0
0
0
0
0
0
0
0
0
0
0
0
0
0
0
0
0
0
0
0
0
0
0
0
0
0
0
0
0
0
0
0
0
0
0
0
0
0
0
0
0
0
0
0
0
0
0
0
0
0
0
0
0
0
0
0
0
0
0
0
0
0
0
0
0
0
0
0
0
0
0
0
0
0
0
0
0
0
0
0
0
0
0
0
0
0
0
0
0
0
0
0
0
0
0
0
0
0
0
0
0
0
0
0
0
0
0
0
0
0
0
0
0
0
0
0
0
0
0
0
0
0
0
0
0
0
0
0
0
0
0
0
0
0
0
0
0
0
0
0
0
0
0
0
0
0
0
0
0
0
0
0
0
0
0
0
0
0
0
0
0
0
0
0
0
0
0
0
0
0
0
0
0
0
0
0
0
0
0
0
0
0
0
0
0
0
0
0
0
0
0
0
0
0
0
0
0
0
0
0
0
0
0
0
0
0
0
0
0
0
0
0
0
0
0
0
0
0
0
0
0
0
0
0
0
0
0
0
0
0
0
0
0
0
0
0
0
0
0
0
0
0
0
0
0
0
0
0
0
0
0
0
0
0
0
0
0
0
0
0
0
0
0
0
0
0
0
0
0
0
0
0
0
0
0
0
0
0
0
0
0
0
0
0
0
0
0
0
0
0
0
0
0
0
0
0
0
0
0
0
0
0
0
0
0
0
0
0
0
0
0
0
0
0
0
0
0
0
0
0
0
0
0
0
0
0
0
0
0
0
0
0
0
0
0
0
0
0
0
0
0
0
0
0
0
0
0
0
0
0
0
0
0
0
0
0
0
0
0
0
0
0
0
0
0
0
0
0
0
0
0
0
0
0
0
0
0
0
0
0
0
0
0
0
0
0
0
0
0
0
0
0
0
0
0
0
0
0
0
0
0
0
0
0
0
0
0
0
0
0
0
0
0
0
0
0
0
0
0
0
0
0
0
0
0
0
0
0
0
0
0
0
0
0
0
0
0
0
0
0
0
0
0
0
0
0
0
0
0
0
0
0
0
0
0
0
0
0
0
0
0
0
0
0
0
0
0
0
0
0
0
0
0
0
0
0
0
0
0
0
0
0
0
0
0
0
0
0
0
0
0
0
0
0
0
0
0
0
0
0
0
0
0
0
0
0
0
0
0
0
0
0
0
0
0
0
0
0
0
0
0
0
0
0
0
0
0
0
0
0
0
0
0
0
0
0
0
0
0
0
0
0
0
0
0
0
0
0
0
0
0
0
0
0
0
0
0
0
0
0
0
0
0
0
0
0
0
0
0
0
0
0
0
0
0
0
0
0
0
0
0
0
0
0
0
0
0
0
0
0
0
0
0
0
0
0
0
0
0
0
0
0
0
0
0
0
0
0
0
0
0
0
0
0
0
0
0
0
0
0
0
0
0
0
0
0
0
0
0
0
0
0
0
0
0
0
0
0
0
0
0
0
0
0
0
0
0
0
0
0
0
0
0
0
0
0
0
0
0
0
0
0
0
0
0
0
0
0
0
0
0
0
0
0
0
0
0
0
0
0
0
0
0
0
0
0
0
0
0
0
0
0
0
0
0
0
0
0
0
0
0
0
0
0
0
0
0
0
0
0
0
0
0
0
0
0
0
0
0
0
0
0
0
0
0
0
0
0
0
0
0
0
0
0
0
0
0
0
0
0
0
0
0
0
0
0
0
0
0
0
0
0
0
0
0
0
0
0
0
0
0
0
0
0
0
0
0
0
0
0
0
0
0
0
0
0
0
0
0
0
0
0
0
0
0
0
0
0
0
0
0
0
0
0
0
0
0
0
0
0
0
0
0
0
0
0
0
0
0
0
0
0
0
0
0
0
0
0
0
0
0
0
0
0
0
0
0
0
0
0
0
0
0
0
0
0
0
0
0
0
0
0
0
0
0
0
0
0
0
0
0
0
0
0
0
0
0
0
0
0
0
0
0
0
0
0
0
0
0
0
0
0
0
0
0
0
0
0
0
0
0
0
0
0
0
0
0
0
0
0
0
0
0
0
0
0
0
0
0
0
0
0
0
0
0
0
0
0
0
0
0
0
0
0
0
0
0
0
0
0
0
0
0
0
0
0
0
0
0
0
0
0
0
0
0
0
0
0
0
0
0
0
0
0
0
0
0
0
0
0
0
0
0
0
0
0
0
0
0
0
0
0
0
0
0
0
0
0
0
0
0
0
0
0
0
0
0
0
0
0
0
0
0
0
0
0
0
0
0
0
0
0
0
0
0
0
0
0
0
0
0
0
0
0
0
0
0
0
0
0
0
0
0
0
0
0
0
0
0
0
0
0
0
0
0
0
0
0
0
0
0
0
0
0
0
0
0
0
0
0
0
0
0
0
0
0
0
0
0
0
0
0
0
0
0
0
0
0
0
0
0
0
0
0
0
0
0
0
0
0
0
0
0
0
0
0
0
0
0
0
0
0
0
0
0
0
0
0
0
0
0
0
0
0
0
0
0
0
0
0
0
0
0
0
0
0
0
0
0
0
0
0
0
0
0
0
0
0
0
0
0
0
0
0
0
0
0
0
0
0
0
0
0
0
0
0
0
0
0
0
0
0
0
0
0
0
0
0
0
0
0
0
0
0
0
0
0
0
0
0
0
0
0
0
0
0
0
0
0
0
0
0
0
0
0
0
0
0
0
0
0
0
0
0
0
0
0
0
0
0
0
0
0
0
0
0
0
0
0
0
0
0
0
0
0
0
0
0
0
0
0
0
0
0
0
0
0
0
0
0
0
0
0
0
0
0
0
0
0
0
0
0
0
0
0
0
0
0
0
0
0
0
0
0
0
0
0
0
0
0
0
0
0
0
0
0
0
0
0
0
0
0
