-167
649
-1010
-1731
-1725
-1758
-2822
-171
604
-1234
-996
-639
-3191
-2631
-174
-79
-96
409
-4441
-123
-2272
-2748
-18275
-148
623
-5097
-3642
-2518
-3499
-18833
120
723
-307
832
-1560
-2326
-2806
-963
-2052
-302
832
-1493
-1388
-535
-1869
-1777
-260
308
124
-216
-2251
565
-666
-2003
-21657
-118
-834
-2993
-2066
-1087
-2324
-23708
237
-761
-94
1297
-860
-2903
-3787
-1659
-3483
-231
1791
-356
-2361
-1161
-2644
-2976
-19
1234
-28
146
-2953
-2462
-2069
-3357
-14284
-199
593
-3707
-3404
-2847
-3142
-17043
-3
626
93
1571
-664
-1006
-557
-2333
-3345
-153
1664
-1252
-1978
-1370
-4117
-1110
82
1744
-187
-629
-4221
-5130
-2547
-3144
-20379
-336
-717
-6212
-4704
-4443
-4236
-18421
-274
-832
-69
434
-1824
-95
-631
-2112
-2119
-117
1011
-2645
-1056
-791
-3440
-591
233
1041
-38
350
-2102
-2966
-1352
-2115
-19735
-370
-390
-3722
-3353
-3114
-2614
-18966
-107
585
-173
523
-2878
-1231
-640
-2782
-2743
-189
463
-3041
-1654
194
-3252
-1155
117
735
108
1031
-1863
-1651
-2812
-2778
-18372
-397
-662
-2572
-2724
-4109
-3319
-20714
-59
576
-77
1007
-4107
-979
-2337
-3061
-3762
-80
810
-4211
-1091
-1257
-3326
-1625
218
903
-2
-208
-1121
-2828
-4239
-3729
-15102
-298
105
-1769
-3165
-5273
-3609
-19327
-123
26
1
386
-3246
-218
-2260
-2775
-3215
-127
878
-2659
-218
-1766
-2767
-1594
123
867
-217
-1289
-1480
-4111
-2281
-3208
-16085
-351
-1130
-1968
-2713
-3874
-2937
-21046
-131
-890
-18
-237
-203
-2571
-1254
-1843
-3313
68
-40
473
-2445
-1360
-3007
-1124
-64
-864
-160
1124
-4023
-1335
-3947
-3152
-20473
-187
857
-4573
-2625
-4199
-3359
-24417
-2
897
-200
697
-2282
-3726
-1037
-1710
-3317
-73
1653
-2621
-3012
-1979
-2793
-1042
-57
124
44
1933
-3409
-1379
-3760
-3414
-18233
98
1032
-4321
-3781
-3261
-3878
-20906
313
425
170
368
-3779
-4186
-5247
-2201
-5012
46
392
-3270
-2687
-3958
-3260
-3220
21
-354
-71
-534
-1647
-5849
-2289
-5004
-13301
-27
58
-2668
-5102
-2925
-3728
-18910
56
45
280
600
-3251
-1139
-4422
-3170
-5305
60
-1248
-3037
-1030
-4736
-4841
-874
101
-1050
-295
-2428
-3886
-8879
-1305
-5203
-15891
-278
-765
-6391
-5426
-4921
-4385
-20892
-258
-690
-41
-372
-2469
-33
-611
-2870
-2922
18
-372
-3053
-559
-3744
-3656
1349
174
681
-234
576
-2535
-4673
-1405
-2885
-15677
-352
-243
-5224
-3188
-3358
-3011
-18021
-127
1147
-101
195
-2058
-1334
681
-1563
-2230
4
-535
-4810
-3310
-3231
-4876
2239
100
206
-36
1622
-1889
-1921
-3511
-2234
-22068
-277
-625
-5547
-4180
-6059
-4740
-14003
18
187
80
493
-4364
-2215
-1729
-1874
-3264
35
-531
-7051
-4066
-5519
-5569
3207
178
-91
-174
-477
728
-4127
-4016
-3290
-23127
-353
194
-4176
-6008
-7030
-5733
-15919
-182
185
88
792
-4058
-1858
-3316
-2957
-3500
-74
442
-6208
-3320
-6915
-6000
-218
121
1651
-460
-2282
1148
-4933
-1781
-3448
-20292
-511
-849
-2345
-5129
-5910
-5252
-11448
-353
-279
4
-151
-737
-2639
-1549
-1597
-3120
12
395
-1093
-3712
-3156
-3244
-745
-181
199
-240
-258
-4293
-2379
-1348
-3081
-19182
-41
908
-5411
-3331
-2823
-4049
-17804
170
788
-84
233
-4824
-3108
-1046
-1415
-3532
-126
-110
-4693
-3560
-2357
-2106
894
-59
-386
58
1869
-2258
-3337
-2953
-3690
-18833
125
773
-3151
-3900
-2439
-3093
-24849
211
754
422
-458
-4907
-4133
-4603
-640
-4374
158
-996
-4532
-2441
-3565
-2360
-2292
44
-844
40
793
-1475
-6374
-282
-4178
-13767
16
-841
-1964
-4668
-1502
-2952
-18182
23
-1671
506
-220
-3179
-2286
-4613
205
-3865
194
-1322
-2482
-1326
-3993
-2271
-1749
6
-939
-219
-1523
-3676
-6957
1147
-3688
-12923
-235
-926
-4477
-4331
-2331
-2270
-15768
-164
-1063
315
-143
-2277
53
-1625
-1695
-2733
61
-310
-2222
78
-3773
-2781
283
102
-616
-123
497
-3305
-4043
-1570
-2652
-18820
-418
-541
-5445
-2607
-3495
-2325
-22863
-164
1002
284
-197
-2975
276
-114
-517
-3160
115
-103
-4763
-1010
-3184
-4009
1270
147
-575
-114
1368
-3403
-3336
-6303
-3136
-18728
-267
-420
-6956
-4486
-7904
-5111
-14992
-168
-253
460
-962
-6113
-2251
-624
-402
-4974
288
-686
-5863
-2953
-2674
-3463
1556
182
-1200
-343
501
-1525
-6371
-8381
-5043
-16922
-342
897
-3722
-5651
-9491
-5341
-23241
-341
345
303
-377
-5361
-2644
-1914
-2479
-4009
159
-1535
-6332
-3397
-5119
-4748
-136
186
-3353
-543
-1561
1434
-5254
-3704
-3884
-17214
-578
-238
-647
-4835
-6657
-4806
-14445
-424
472
-34
45
-2003
-2803
-2045
-2321
-3483
-63
-361
-2592
-3405
-3170
-3002
997
-56
-418
-232
-678
-4021
-2445
-502
-3466
-14300
1
315
-6101
-3893
-1999
-3998
-15324
131
296
-172
-1096
-4790
-3060
-2969
-1694
-3223
-119
-567
-6512
-4150
-3770
-3210
1740
-201
-1030
12
91
-1415
-2741
-141
-3230
-20627
176
-728
-3492
-4924
-1919
-3857
-21203
164
42
340
-1248
-4715
-2432
-4610
-332
-3288
166
-1238
-5704
-1423
-3527
-2569
-2277
-32
-998
51
1741
-1136
-4451
410
-3097
-20128
-6
402
-2781
-4620
-1387
-2933
-19429
-90
53
473
289
-3734
-352
-4313
-329
-3407
231
42
-2938
1074
-3702
-1942
-2362
38
720
-174
-214
-4170
-5848
1101
-3280
-14905
-255
-604
-5782
-3829
-1495
-2420
-17989
-226
-385
339
897
-1662
2203
-2412
-887
-1950
25
458
-2272
2600
-4259
-3014
-829
56
707
-129
-66
-3152
-3176
-1674
-1996
-18075
-194
-682
-6044
-3357
-3880
-2987
-17267
-67
297
283
143
-2310
1473
-552
-1563
-2607
34
271
-5238
147
-4974
-5476
1598
24
227
-103
942
-2672
-3197
-4761
-2653
-20785
-292
-280
-7246
-6022
-8289
-5678
-12631
-316
209
522
-103
-5027
-1184
-132
-55
-3874
371
194
-5522
-1342
-2682
-3227
898
184
-917
-339
74
-2243
-4979
-6223
-3948
-16008
-362
636
-4359
-5512
-8343
-5161
-16589
-439
221
488
31
-3936
-2793
-2267
-609
-2590
466
188
-3718
-2407
-3129
-2376
-518
224
-1155
-528
-1222
620
-3008
-1493
-2485
-15917
-647
-1216
-139
-3098
-3817
-3167
-15709
-507
-743
130
144
-1427
-1892
461
-1804
-2891
81
-559
-2312
-2897
-921
-3294
1753
-134
-695
-200
628
-3665
-1799
-3252
-2824
-17963
-101
387
-5854
-3748
-4430
-3706
-17407
57
471
-149
-145
-3685
-2249
428
-1646
-2691
-98
468
-5921
-3597
-1542
-3917
1471
-323
513
53
-128
-3045
-734
-2027
-2647
-24170
137
-538
-5023
-4535
-3972
-3837
-19525
207
684
92
852
-3118
-1592
-1977
-192
-2475
38
758
-4830
-2299
-1329
-2963
-1295
-210
919
164
1140
-1412
-1882
-2130
-2456
-21793
114
-322
-3884
-4014
-3216
-3363
-17415
114
-387
311
-274
-4487
2578
-2713
-338
-3674
169
-559
-4335
3287
-2990
-2328
-2986
8
-207
-98
-226
-5065
-5727
-3116
-3518
-13815
-26
-352
-6928
-4627
-3869
-3328
-16248
-15
-649
277
209
-3351
3327
-1308
-510
-2878
45
368
-4634
3310
-4390
-3263
-1014
158
412
-110
-55
-4404
-4241
-4253
-2943
-14662
95
-411
-7540
-4700
-5246
-3792
-12651
70
784
350
224
-3074
509
1276
-1949
-2749
160
77
-4721
456
-2722
-4632
211
45
91
-127
451
-2881
-1903
-5842
-2884
-20367
-92
-154
-6449
-5236
-6712
-4356
-16556
-195
-141
531
-114
-3820
-1439
-253
870
-3067
483
-22
-2950
87
-237
-964
-678
225
-322
-333
-823
-4122
-2377
-4382
-3120
-14294
-323
-78
-4455
-3205
-4712
-2692
-19784
-307
39
486
-293
-2201
-1702
-1381
392
-1841
542
-474
-1778
-735
-1159
-1110
-1346
189
-413
-506
-1426
-1463
-1506
-1219
-1647
-16369
-595
-1933
-1640
-2252
-2531
-1975
-16697
-396
-1579
186
-355
-1805
-2183
-281
-961
-2707
314
-60
-2030
-2922
316
-2220
375
-11
168
-206
677
-2357
-938
-3965
-2542
-16508
-118
751
-3354
-2612
-4537
-2557
-18499
34
939
37
-1075
-4100
-3788
1054
-1926
-3628
154
-723
-4981
-4825
-17
-2764
2449
-212
-309
32
682
-3693
-109
-4735
-3490
-17576
205
752
-4687
-4530
-5432
-3825
-19645
312
582
138
200
-4052
-4099
-1405
-2136
-3512
125
-264
-4776
-3845
-1504
-3457
95
-182
346
269
644
-2031
-1245
-2245
-3587
-19600
166
-626
-3977
-4565
-3492
-3586
-20253
287
-322
239
-420
-4698
855
-1679
-2300
-3457
-52
305
-6495
-56
-4077
-4168
1897
-97
1110
187
-389
-2851
-4082
-2839
-3378
-21902
2
-391
-7446
-5781
-6035
-4495
-19069
22
10
221
-786
-4445
539
-2514
-3248
-3456
-52
217
-6629
-1060
-4311
-4705
2296
65
678
-114
193
-2183
-3369
-2310
-3479
-17597
-9
-692
-5918
-5307
-5897
-4499
-15089
-158
-204
133
-608
-4335
-1475
-1968
-4492
-4338
22
-468
-4516
-1316
-1822
-4054
1452
77
541
-125
-590
-2894
-2063
-3141
-4298
-17299
-1
-897
-5378
-4088
-5153
-3432
-23443
-23
-1078
322
-1750
-3701
-1919
-2758
-1286
-3879
325
-736
-2599
-859
-726
-1631
-605
259
80
-261
-967
-3939
-2150
-2822
-3769
-18158
-329
-269
-4966
-3057
-4214
-2631
-24917
-146
-702
446
-632
-1824
-1376
-1969
54
-1989
425
-967
-883
-80
-1431
-945
-1471
250
-646
-475
-990
-1775
-1595
-997
-1850
-17416
-583
-1997
-1982
-1929
-2418
-1369
-20319
-328
-1368
-14
-1046
-2045
-3416
-2210
-2190
-2955
50
-12
-2027
-3940
-2982
-2129
866
-36
461
-212
-114
323
-2160
-2164
-2938
-17476
-60
513
-992
-2708
-3948
-1771
-22512
3
479
4
-1988
-2181
-2936
45
-1215
-2667
-32
-1077
-5626
-5699
-4786
-3889
3155
-185
-612
-73
1158
-719
-1824
-4015
-2507
-29332
74
525
-3666
-5556
-7321
-4593
-21377
78
426
150
-1586
-2611
-3091
-1697
-1960
-3019
77
-1332
-4418
-4212
-4982
-3764
3150
-150
-865
208
750
-1029
-2238
-1807
-2923
-18577
-69
86
-4672
-5022
-4164
-4017
-16141
20
734
109
-1112
-3662
-1519
-3301
-2301
-2978
-172
-350
-6784
-4889
-7700
-4929
6281
-97
793
29
-821
350
-3744
-915
-2903
-28595
-313
1339
-5728
-5599
-6769
-5071
-23651
-349
2591
53
-475
-4057
-2593
-4581
-4184
-3965
-179
-120
-8644
-7920
-9344
-7659
6899
1
786
-192
326
673
-4909
-349
-3954
-27241
-339
-981
-5648
-7769
-8787
-7251
-16404
-397
-1598
29
89
-3877
-4458
-3794
-4120
-3853
-65
-553
-4072
-4935
-3944
-3323
4297
149
-169
-136
210
-2400
-3914
3001
-3991
-18423
-179
-466
-5001
-3568
-2132
-2891
-24996
-97
-816
101
-556
-2280
-4190
-4083
-1022
-3228
54
185
-2207
-4049
-3800
-2404
636
267
175
-175
-455
-2694
-4154
1547
-3378
-17371
-392
-467
-4874
-4226
-2399
-2723
-17410
-168
-468
199
-320
-1710
-1762
-2208
-286
-2093
137
115
-832
-656
-2191
-1111
-1011
118
170
-353
-1276
-916
-2631
-579
-2002
-16265
-587
-2157
-1964
-2205
-2426
-959
-19814
-281
-1343
-277
-1385
-1272
-3387
-1217
-1283
-2600
-314
-1113
-1572
-4219
-3529
-1887
362
-138
-579
-176
-238
-388
-2909
-1892
-2545
-18450
33
610
-975
-2677
-4176
-2074
-21328
199
470
-415
-1864
-94
-2842
224
81
-1884
-459
-1108
-1201
-4158
-3342
-1617
740
-255
-1254
-150
-157
-1501
-2225
-3087
-1753
-20783
-59
-283
-2019
-3461
-5803
-2965
-19221
114
179
-309
-2739
-1141
-1763
-34
765
-1903
-272
-1565
-2536
-3866
-3424
-1810
3294
-307
-1376
-9
-503
-1904
-2323
-2449
-1684
-18877
-153
-965
-4478
-3768
-5635
-3161
-17444
55
-1078
-320
-1243
-3217
-2093
-2008
-475
-3136
-249
-1250
-3923
-4258
-4985
-2176
4188
-213
-1548
-151
-492
-2343
-4194
-680
-2994
-16714
-416
802
-4575
-3394
-5766
-3506
-19420
-309
737
-222
-646
-2721
-2617
-1439
-1616
-2862
-181
-1251
-4088
-5388
-4579
-3249
5304
-76
-1661
-246
278
-2350
-3746
811
-2785
-18557
-369
-69
-4488
-3500
-5589
-3725
-18491
-286
-464
-216
-1074
-2135
-3348
-781
-984
-1933
-181
-1363
-2617
-4888
-2272
-1807
4322
-37
-774
-121
341
-3001
-2800
2084
-2020
-18402
-313
204
-4581
-2616
-2654
-2269
-19924
-198
-28
-183
-1792
-2215
-4257
-3287
7
-2799
-191
-1638
-1105
-3860
-3337
-583
546
59
-810
-251
-842
-2990
-3943
2133
-2830
-13120
-422
226
-3171
-2540
-1595
-2119
-17830
-145
65
-179
-1638
-1671
-2499
-1913
814
-2094
-159
-1548
-268
-1618
-1756
221
-957
-22
-856
-332
-1664
-1888
-2799
106
-1879
-14496
-430
-1630
-1330
-1527
-2151
-888
-20308
-109
-1281
0
0
0
0
0
0
0
0
0
0
0
-1548
-1728
-2010
-621
-1995
0
0
0
0
0
0
0
0
0
0
0
-2092
197
-2733
-1965
-18743
0
0
0
0
0
0
0
0
0
0
0
-2250
-2875
-3271
185
-2481
0
0
0
0
0
0
0
0
0
0
0
-2919
1183
-3309
-2472
-16535
0
0
0
0
0
0
0
0
0
0
0
-3299
-2763
-3984
-274
-2931
0
0
0
0
0
0
0
0
0
0
0
-1462
-1843
-3032
-3073
-12282
0
0
0
0
0
0
0
0
0
0
0
-2734
-1023
-818
-623
-2367
0
0
0
0
0
0
0
0
0
0
0
-1210
-3385
-2686
-2317
-18190
0
0
0
0
0
0
0
0
0
0
0
-2411
-637
-715
-995
-1809
0
0
0
0
0
0
0
0
0
0
0
-447
-2056
-1539
-1845
-16700
0
0
0
0
0
0
0
0
0
0
0
-2397
-1360
-1002
-229
-1908
0
0
0
0
0
0
0
0
0
0
0
-1147
-1153
-2482
-1831
-19929
0
0
0
0
0
0
0
0
0
0
0
-3036
-1309
-2239
-1031
-2583
0
0
0
0
0
0
0
0
0
0
0
-458
-2269
-3017
-2641
-17478
0
0
0
0
0
0
0
0
0
0
0
-1882
-999
-1891
-641
-2045
0
0
0
0
0
0
0
0
0
0
0
-553
-2379
-2166
-1943
-16783
0
0
0
0
0
0
0
0
0
0
0
-1473
-2393
-2655
-148
-2987
0
0
0
0
0
0
0
0
0
0
0
-2720
-2059
-4431
-3061
-17628
0
0
0
0
0
0
0
0
0
0
0
-3256
-3510
-424
705
-3273
0
0
0
0
0
0
0
0
0
0
0
-3934
-2243
-5378
-3366
-15808
0
0
0
0
0
0
0
0
0
0
0
-4170
-3531
-3581
1370
-3434
0
0
0
0
0
0
0
0
0
0
0
-1195
-5322
-3936
-3561
-16098
0
0
0
0
0
0
0
0
0
0
0
-4124
-1237
-3547
1514
-3390
0
0
0
0
0
0
0
0
0
0
0
-1205
-7502
-2707
-3446
-17541
0
0
0
0
0
0
0
0
0
0
0
-1739
-199
-30
-422
-1619
0
0
0
0
0
0
0
0
0
0
0
-1231
-3038
-1310
-1498
-18436
0
0
0
0
0
0
0
0
0
0
0
-2519
-2466
-655
1200
-2985
0
0
0
0
0
0
0
0
0
0
0
-4092
-2074
-4802
-2878
-15306
0
0
0
0
0
0
0
0
0
0
0
-3876
-2911
-2988
1312
-3812
0
0
0
0
0
0
0
0
0
0
0
-1395
-5065
-5278
-3879
-15648
0
0
0
0
0
0
0
0
0
0
0
-2742
-1933
-3082
-526
-2258
0
0
0
0
0
0
0
0
0
0
0
1442
-3118
-2429
-2226
-19178
0
0
0
0
0
0
0
0
0
0
0
-1907
-1828
-1487
-446
-2207
0
0
0
0
0
0
0
0
0
0
0
-1770
-2446
-1950
-2280
-20156
0
0
0
0
0
0
0
0
0
0
0
-3956
-2772
221
887
-3326
0
0
0
0
0
0
0
0
0
0
0
-3482
-3996
-4669
-3418
-18240
0
0
0
0
0
0
0
0
0
0
0
-3713
-3947
-4218
3437
-3507
0
0
0
0
0
0
0
0
0
0
0
-2746
-6592
-2671
-3565
-14644
0
0
0
0
0
0
0
0
0
0
0
-3337
-2814
-4467
3698
-3194
0
0
0
0
0
0
0
0
0
0
0
-3031
-7287
-990
-3192
-11957
0
0
0
0
0
0
0
0
0
0
0
-825
-553
-814
601
-1521
0
0
0
0
0
0
0
0
0
0
0
-2114
-2565
-1684
-1351
-23344
0
0
0
0
0
0
0
0
0
0
0
-2751
-1261
-145
621
-3163
0
0
0
0
0
0
0
0
0
0
0
-3922
-3792
-5251
-3085
-16101
0
0
0
0
0
0
0
0
0
0
0
-4792
-2522
-1459
1860
-4880
0
0
0
0
0
0
0
0
0
0
0
-2638
-8429
-7829
-4958
-15209
0
0
0
0
0
0
0
0
0
0
0
-2808
-2300
-1723
89
-2662
0
0
0
0
0
0
0
0
0
0
0
928
-4603
-4268
-2709
-19004
0
0
0
0
0
0
0
0
0
0
0
-2325
-1592
-1485
-1244
-2278
0
0
0
0
0
0
0
0
0
0
0
-1824
-2413
-985
-2264
-17910
0
0
0
0
0
0
0
0
0
0
0
-3623
-2703
-1316
77
-3005
0
0
0
0
0
0
0
0
0
0
0
-2814
-3248
-2546
-2969
-19420
0
0
0
0
0
0
0
0
0
0
0
-2676
-2647
-3672
2523
-2434
0
0
0
0
0
0
0
0
0
0
0
-2581
-4715
-1840
-2640
-20792
0
0
0
0
0
0
0
0
0
0
0
-2929
-1616
-3620
1098
-2980
0
0
0
0
0
0
0
0
0
0
0
-3800
-5418
58
-3026
-13314
0
0
0
0
0
0
0
0
0
0
0
-1479
428
-1314
1081
-1244
0
0
0
0
0
0
0
0
0
0
0
-1731
-2642
-1006
-1134
-18747
0
0
0
0
0
0
0
0
0
0
0
-2457
-18
84
849
-1887
0
0
0
0
0
0
0
0
0
0
0
-1565
-3186
-3745
-1562
-19911
0
0
0
0
0
0
0
0
0
0
0
-3560
-1080
11
2090
-2865
0
0
0
0
0
0
0
0
0
0
0
-1964
-5647
-5860
-2902
-18229
0
0
0
0
0
0
0
0
0
0
0
-1760
-1931
-1978
1080
-1565
0
0
0
0
0
0
0
0
0
0
0
222
-2304
-2641
-1766
-17138
0
0
0
0
0
0
0
0
0
0
0
-1724
-1509
-762
-455
-2262
0
0
0
0
0
0
0
0
0
0
0
-1942
-2210
-2996
-2252
-18610
0
0
0
0
0
0
0
0
0
0
0
-3392
-2472
313
-254
-2752
0
0
0
0
0
0
0
0
0
0
0
-3782
-1909
-3178
-2850
-20629
0
0
0
0
0
0
0
0
0
0
0
-2631
-2131
-1600
867
-2242
0
0
0
0
0
0
0
0
0
0
0
-2882
-2256
-2678
-2378
-19870
0
0
0
0
0
0
0
0
0
0
0
-2573
-283
-2454
340
-3159
0
0
0
0
0
0
0
0
0
0
0
-4898
-5157
-2328
-3277
-12448
0
0
0
0
0
0
0
0
0
0
0
-1889
572
-811
1095
-2051
0
0
0
0
0
0
0
0
0
0
0
-3522
-3375
-3079
-1974
-16039
0
0
0
0
0
0
0
0
0
0
0
-2768
-1101
410
-130
-2464
0
0
0
0
0
0
0
0
0
0
0
-2522
-1663
-5135
-2337
-18126
0
0
0
0
0
0
0
0
0
0
0
-3208
-1995
-1378
1985
-2693
0
0
0
0
0
0
0
0
0
0
0
-3488
-2830
-4652
-2818
-14520
0
0
0
0
0
0
0
0
0
0
0
-1052
-1470
-1476
1383
-1048
0
0
0
0
0
0
0
0
0
0
0
-853
-769
-2317
-1170
-17338
0
0
0
0
0
0
0
0
0
0
0
-2691
-2191
-2037
244
-2796
0
0
0
0
0
0
0
0
0
0
0
-2233
-1476
-3988
-2866
-14461
0
0
0
0
0
0
0
0
0
0
0
-4160
-3096
356
485
-3481
0
0
0
0
0
0
0
0
0
0
0
-4652
-2418
-5009
-3518
-17572
0
0
0
0
0
0
0
0
0
0
0
-3202
-3953
-2005
736
-3247
0
0
0
0
0
0
0
0
0
0
0
-3286
-3003
-3291
-3282
-18869
0
0
0
0
0
0
0
0
0
0
0
-1437
-896
-1783
147
-2510
0
0
0
0
0
0
0
0
0
0
0
-3259
-3510
-3278
-2372
-23237
0
0
0
0
0
0
0
0
0
0
0
-1599
-401
-1739
-1221
-2413
0
0
0
0
0
0
0
0
0
0
0
-2932
-1414
-2813
-2190
-18482
0
0
0
0
0
0
0
0
0
0
0
-2649
-1097
-1995
-1952
-2476
0
0
0
0
0
0
0
0
0
0
0
-2142
524
-2694
-2214
-23283
0
0
0
0
0
0
0
0
0
0
0
-2941
-1299
-2453
579
-2430
0
0
0
0
0
0
0
0
0
0
0
-2891
-1122
-2690
-2377
-23886
0
0
0
0
0
0
0
0
0
0
0
-1083
-1423
-2161
1108
-1292
0
0
0
0
0
0
0
0
0
0
0
-833
-502
-2101
-1306
-17991
0
0
0
0
0
0
0
0
0
0
0
-3031
-2518
-2915
-1534
-2617
0
0
0
0
0
0
0
0
0
0
0
520
-1439
-2750
-2654
-16587
0
0
0
0
0
0
0
0
0
0
0
-2608
-1986
-47
353
-2379
0
0
0
0
0
0
0
0
0
0
0
-1612
-3243
-4467
-2551
-26332
0
0
0
0
0
0
0
0
0
0
0
-2385
-3629
-2414
14
-3143
0
0
0
0
0
0
0
0
0
0
0
-1673
-4094
-2486
-3073
-14715
0
0
0
0
0
0
0
0
0
0
0
-1137
-2217
-3747
48
-2438
0
0
0
0
0
0
0
0
0
0
0
-1310
-2972
-2375
-2517
-27229
0
0
0
0
0
0
0
0
0
0
0
-1593
-991
-3465
-2123
-2271
0
0
0
0
0
0
0
0
0
0
0
243
-2574
-1895
-2220
-28656
0
0
0
0
0
0
0
0
0
0
0
-2829
-2447
-3877
-2035
-2924
0
0
0
0
0
0
0
0
0
0
0
-1914
-2404
713
-2831
-19621
0
0
0
0
0
0
0
0
0
0
0
-3119
-2307
-3238
985
-2573
0
0
0
0
0
0
0
0
0
0
0
-1835
-3367
-451
-2473
-19106
0
0
0
0
0
0
0
0
0
0
0
-1350
-1271
-2361
736
-1298
0
0
0
0
0
0
0
0
0
0
0
200
-1445
-1340
-1272
-17392
0
0
0
0
0
0
0
0
0
0
0
-2632
-2226
-1514
-2206
-2190
0
0
0
0
0
0
0
0
0
0
0
1153
-1330
-2531
-2027
-17408
0
0
0
0
0
0
0
0
0
0
0
-1465
-1251
477
-1124
-1401
0
0
0
0
0
0
0
0
0
0
0
-141
-1793
-2540
-1379
-19561
0
0
0
0
0
0
0
0
0
0
0
-1214
-1397
-288
-70
-1823
0
0
0
0
0
0
0
0
0
0
0
-1350
-3449
-1700
-1724
-17677
0
0
0
0
0
0
0
0
0
0
0
-1176
-1441
-1598
-916
-2060
0
0
0
0
0
0
0
0
0
0
0
-2015
-3920
-362
-2158
-20404
0
0
0
0
0
0
0
0
0
0
0
-1104
-1632
-1381
-1688
-2074
0
0
0
0
0
0
0
0
0
0
0
-2131
-3525
-200
-2206
-18953
0
0
0
0
0
0
0
0
0
0
0
-2603
-2682
-1530
-1492
-2784
0
0
0
0
0
0
0
0
0
0
0
-2877
-3132
518
-2809
-12564
0
0
0
0
0
0
0
0
0
0
0
-2604
-2476
-2503
-160
-2236
0
0
0
0
0
0
0
0
0
0
0
-1772
-3028
865
-2210
-15423
0
0
0
0
0
0
0
0
0
0
0
-1424
-1408
-1531
544
-1082
0
0
0
0
0
0
0
0
0
0
0
-279
-1570
-445
-991
-18188
0
0
0
0
0
0
0
0
0
0
0
0
0
0
0
0
0
0
0
0
0
0
0
0
0
0
0
0
0
0
0
0
0
0
0
0
0
0
0
0
0
0
0
0
0
0
0
0
0
0
0
0
0
0
0
0
0
0
0
0
0
0
0
0
0
0
0
0
0
0
0
0
0
0
0
0
0
0
0
0
0
0
0
0
0
0
0
0
0
0
0
0
0
0
0
0
0
0
0
0
0
0
0
0
0
0
0
0
0
0
0
0
0
0
0
0
0
0
0
0
0
0
0
0
0
0
0
0
0
0
0
0
0
0
0
0
0
0
0
0
0
0
0
0
0
0
0
0
0
0
0
0
0
0
0
0
0
0
0
0
0
0
0
0
0
0
0
0
0
0
0
0
0
0
0
0
0
0
0
0
0
0
0
0
0
0
0
0
0
0
0
0
0
0
0
0
0
0
0
0
0
0
0
0
0
0
0
0
0
0
0
0
0
0
0
0
0
0
0
0
0
0
0
0
0
0
0
0
0
0
0
0
0
0
0
0
0
0
0
0
0
0
0
0
0
0
0
0
0
0
0
0
0
0
0
0
0
0
0
0
0
0
0
0
0
0
0
0
0
0
0
0
0
0
0
0
0
0
0
0
0
0
0
0
0
0
0
0
0
0
0
0
0
0
0
0
0
0
0
0
0
0
0
0
0
0
0
0
0
0
0
0
0
0
0
0
0
0
0
0
0
0
0
0
0
0
0
0
0
0
0
0
0
0
0
0
0
0
0
0
0
0
0
0
0
0
0
0
0
0
0
0
0
0
0
0
0
0
0
0
0
0
0
0
0
0
0
0
0
0
0
0
0
0
0
0
0
0
0
0
0
0
0
0
0
0
0
0
0
0
0
0
0
0
0
0
0
0
0
0
0
0
0
0
0
0
0
0
0
0
0
0
0
0
0
0
0
0
0
0
0
0
0
0
0
0
0
0
0
0
0
0
0
0
0
0
0
0
0
0
0
0
0
0
0
0
0
0
0
0
0
0
0
0
0
0
0
0
0
0
0
0
0
0
0
0
0
0
0
0
0
0
0
0
0
0
0
0
0
0
0
0
0
0
0
0
0
0
0
0
0
0
0
0
0
0
0
0
0
0
0
0
0
0
0
0
0
0
0
0
0
0
0
0
0
0
0
0
0
0
0
0
0
0
0
0
0
0
0
0
0
0
0
0
0
0
0
0
0
0
0
0
0
0
0
0
0
0
0
0
0
0
0
0
0
0
0
0
0
0
0
0
0
0
0
0
0
0
0
0
0
0
0
0
0
0
0
0
0
0
0
0
0
0
0
0
0
0
0
0
0
0
0
0
0
0
0
0
0
0
0
0
0
0
0
0
0
0
0
0
0
0
0
0
0
0
0
0
0
0
0
0
0
0
0
0
0
0
0
0
0
0
0
0
0
0
0
0
0
0
0
0
0
0
0
0
0
0
0
0
0
0
0
0
0
0
0
0
0
0
0
0
0
0
0
0
0
0
0
0
0
0
0
0
0
0
0
0
0
0
0
0
0
0
0
0
0
0
0
0
0
0
0
0
0
0
0
0
0
0
0
0
0
0
0
0
0
0
0
0
0
0
0
0
0
0
0
0
0
0
0
0
0
0
0
0
0
0
0
0
0
0
0
0
0
0
0
0
0
0
0
0
0
0
0
0
0
0
0
0
0
0
0
0
0
0
0
0
0
0
0
0
0
0
0
0
0
0
0
0
0
0
0
0
0
0
0
0
0
0
0
0
0
0
0
0
0
0
0
0
0
0
0
0
0
0
0
0
0
0
0
0
0
0
0
0
0
0
0
0
0
0
0
0
0
0
0
0
0
0
0
0
0
0
0
0
0
0
0
0
0
0
0
0
0
0
0
0
0
0
0
0
0
0
0
0
0
0
0
0
0
0
0
0
0
0
0
0
0
0
0
0
0
0
0
0
0
0
0
0
0
0
0
0
0
0
0
0
0
0
0
0
0
0
0
0
0
0
0
0
0
0
0
0
0
0
0
0
0
0
0
0
0
0
0
0
0
0
0
0
0
0
0
0
0
0
0
0
0
0
0
0
0
0
0
0
0
0
0
0
0
0
0
0
0
0
0
0
0
0
0
0
0
0
0
0
0
0
0
0
0
0
0
0
0
0
0
0
0
0
0
0
0
0
0
0
0
0
0
0
0
0
0
0
0
0
0
0
0
0
0
0
0
0
0
0
0
0
0
0
0
0
0
0
0
0
0
0
0
0
0
0
0
0
0
0
0
0
0
0
0
0
0
0
0
0
0
0
0
0
0
0
0
0
0
0
0
0
0
0
0
0
0
0
0
0
0
0
0
0
0
0
0
0
0
0
0
0
0
0
0
0
0
0
0
0
0
0
0
0
0
0
0
0
0
0
0
0
0
0
0
0
0
0
0
0
0
0
0
0
0
0
0
0
0
0
0
0
0
0
0
0
0
0
0
0
0
0
0
0
0
0
0
0
0
0
0
0
0
0
0
0
0
0
0
0
0
0
0
0
0
0
0
0
0
0
0
0
0
0
0
0
0
0
0
0
0
0
0
0
0
0
0
0
0
0
0
0
0
0
0
0
0
0
0
0
0
0
0
0
0
0
0
0
0
0
0
0
0
0
0
0
0
0
0
0
0
0
0
0
0
0
0
0
0
0
0
0
0
0
0
0
0
0
0
0
0
0
0
0
0
0
0
0
0
0
0
0
0
0
0
0
0
0
0
0
0
0
0
0
0
0
0
0
0
0
0
0
0
0
0
0
0
0
0
0
0
0
0
0
0
0
0
0
0
0
0
0
0
0
0
0
0
0
0
0
0
0
0
0
0
0
0
0
0
0
0
0
0
0
0
0
0
0
0
0
0
0
0
0
0
0
0
0
0
0
0
0
0
0
0
0
0
0
0
0
0
0
0
0
0
0
0
0
0
0
0
0
0
0
0
0
0
0
0
0
0
0
0
0
0
0
0
0
0
0
0
0
0
0
0
0
0
0
0
0
0
0
0
0
0
0
0
0
0
0
0
0
0
0
0
0
0
0
0
0
0
0
0
0
0
0
0
0
0
0
0
0
0
0
0
0
0
0
0
0
0
0
0
0
0
0
0
0
0
0
0
0
0
0
0
0
0
0
0
0
0
0
0
0
0
0
0
0
0
0
0
0
0
0
0
0
0
0
0
0
0
0
0
0
0
0
0
0
0
0
0
0
0
0
0
0
0
0
0
0
0
0
0
0
0
0
0
0
0
0
0
0
0
0
0
0
0
0
0
0
0
0
0
0
0
0
0
0
0
0
0
0
0
0
0
0
0
0
0
0
0
0
0
0
0
0
0
0
0
0
0
0
0
0
0
0
0
0
0
0
0
0
0
0
0
0
0
0
0
0
0
0
0
0
0
0
0
0
0
0
0
0
0
0
0
0
0
0
0
0
0
0
0
0
0
0
0
0
0
0
0
0
0
0
0
0
0
0
0
0
0
0
0
0
0
0
0
0
0
0
0
0
0
0
0
0
0
0
0
0
0
0
0
0
0
0
0
0
0
0
0
0
0
0
0
0
0
0
0
0
0
0
0
0
0
0
0
0
0
0
0
0
0
0
0
0
0
0
0
0
0
0
0
0
0
0
0
0
0
0
0
0
0
0
0
0
0
0
0
0
0
0
0
0
0
0
0
0
0
0
0
0
0
0
0
0
0
0
0
0
0
0
0
0
0
0
0
0
0
0
0
0
0
0
0
0
0
0
0
0
0
0
0
0
0
0
0
0
0
0
0
0
0
0
0
0
0
0
0
0
0
0
0
0
0
0
0
0
0
0
0
0
0
0
0
0
0
0
0
0
0
0
0
0
0
0
0
0
0
0
0
0
0
0
0
0
0
0
0
0
0
0
0
0
0
0
0
0
0
0
0
0
0
0
0
0
0
0
0
0
0
0
0
0
0
0
0
0
0
0
0
0
0
0
0
0
0
0
0
0
0
0
0
0
0
0
0
0
0
0
0
0
0
0
0
0
0
0
0
0
0
0
0
0
0
0
0
0
0
0
0
0
0
0
0
0
0
0
0
0
0
0
0
0
0
0
0
0
0
0
0
0
0
0
0
0
0
0
0
0
0
0
0
0
0
0
0
0
0
0
0
0
0
0
0
0
0
0
0
0
0
0
0
0
0
0
0
0
0
0
0
0
0
0
0
0
0
0
0
0
0
0
0
0
0
0
0
0
0
0
0
0
0
0
0
0
0
0
0
0
0
0
0
0
0
0
0
0
0
0
0
0
0
0
0
0
0
0
0
0
0
0
0
0
0
0
0
0
0
0
0
0
0
0
0
0
0
0
0
0
0
0
0
0
0
0
0
0
0
0
0
0
0
0
0
0
0
0
0
0
0
0
0
0
0
0
0
0
0
0
0
0
0
0
0
0
0
0
0
0
0
0
0
0
0
0
0
0
0
0
0
0
0
0
0
0
0
0
0
0
0
0
0
0
0
0
0
0
0
0
0
0
0
0
0
0
0
0
0
0
0
0
0
0
0
0
0
0
0
0
0
0
0
0
0
0
0
0
0
0
0
0
0
0
0
0
0
0
0
0
0
0
0
0
0
0
0
0
0
0
0
0
0
0
0
0
0
0
0
0
0
0
0
0
0
0
0
0
0
0
0
0
0
0
0
0
0
0
0
0
0
0
0
0
0
0
0
0
0
0
0
0
0
0
0
0
0
0
0
0
0
0
0
0
0
0
0
0
0
0
0
0
0
0
0
0
0
0
0
0
0
0
0
0
0
0
0
0
0
0
0
0
0
0
0
0
0
0
0
0
0
0
0
0
0
0
0
0
0
0
0
0
0
0
0
0
0
0
0
0
0
0
0
0
0
0
0
0
0
0
0
0
0
0
0
0
0
0
0
0
0
0
0
0
0
0
0
0
0
0
0
0
0
0
0
0
0
0
0
0
0
0
0
0
0
0
0
0
0
0
0
0
0
0
0
0
0
0
0
0
0
0
0
0
0
0
0
0
0
0
0
0
0
0
0
0
0
0
0
0
0
0
0
0
0
0
0
0
0
0
0
0
0
0
0
0
0
0
0
0
0
0
0
0
0
0
0
0
0
0
0
0
0
0
0
0
0
0
0
0
0
0
0
0
0
0
0
0
0
0
0
0
0
0
0
0
0
0
0
0
0
0
0
0
0
0
0
0
0
0
0
0
0
0
0
0
0
0
0
0
0
0
0
0
0
0
0
0
0
0
0
0
0
0
0
0
0
0
0
0
0
0
0
0
0
0
0
0
0
0
0
0
0
0
0
0
0
0
0
0
0
0
0
0
0
0
0
0
0
0
0
0
0
0
0
0
0
0
0
0
0
0
0
0
0
0
0
0
0
0
0
0
0
0
0
0
0
0
0
0
0
0
0
0
0
0
0
0
0
0
0
0
0
0
0
0
0
0
0
0
0
0
0
0
0
0
0
0
0
0
0
0
0
0
0
0
0
0
0
0
0
0
0
0
0
0
0
0
0
0
0
0
0
0
0
0
0
0
0
0
0
0
0
0
0
0
0
0
0
0
0
0
0
0
0
0
0
0
0
0
0
0
0
0
0
0
0
0
0
0
0
0
0
0
0
0
0
0
0
0
0
0
0
0
0
0
0
0
0
0
0
0
0
0
0
0
0
0
0
0
0
0
0
0
0
0
0
0
0
0
0
0
0
0
0
0
0
0
0
0
0
0
0
0
0
0
0
0
0
0
0
0
0
0
0
0
0
0
0
0
0
0
0
0
0
0
0
0
0
0
0
0
0
0
0
0
0
0
0
0
0
0
0
0
0
0
0
0
0
0
0
0
0
0
0
0
0
0
0
0
0
0
0
0
0
0
0
0
0
0
0
0
0
0
0
0
0
0
0
0
0
0
0
0
0
0
0
0
0
0
0
0
0
0
0
0
0
0
0
0
0
0
0
0
0
0
0
0
0
0
0
0
0
0
0
0
0
0
0
0
0
0
0
0
0
0
0
0
0
0
0
0
0
0
0
0
0
0
0
0
0
0
0
0
0
0
0
0
0
0
0
0
0
0
0
0
0
0
0
0
0
0
0
0
0
0
0
0
0
0
0
0
0
0
0
0
0
0
0
0
0
0
0
0
0
0
0
0
0
0
0
0
0
0
0
0
0
0
0
0
0
0
0
0
0
0
0
0
0
0
0
0
0
0
0
0
0
0
0
0
0
0
0
0
0
0
0
0
0
0
0
0
0
0
0
0
0
0
0
0
0
0
0
0
0
0
0
0
0
0
0
0
0
0
0
0
0
0
0
0
0
0
0
0
0
0
0
0
0
0
0
0
0
0
0
0
0
0
0
0
0
0
0
0
0
0
0
0
0
0
0
0
0
0
0
0
0
0
0
0
0
0
0
0
0
0
0
0
0
0
0
0
0
0
0
0
0
0
0
0
0
0
0
0
0
0
0
0
0
0
0
0
0
0
0
0
0
0
0
0
0
0
0
0
0
0
0
0
0
0
0
0
0
0
0
0
0
0
0
0
0
0
0
0
0
0
0
0
0
0
0
0
0
0
0
0
0
0
0
0
0
0
0
0
0
0
0
0
0
0
0
0
0
0
0
0
0
0
0
0
0
0
0
0
0
0
0
0
0
0
0
0
0
0
0
0
0
0
0
0
0
0
0
0
0
0
0
0
0
0
0
0
0
0
0
0
0
0
0
0
0
0
0
0
0
0
0
0
0
0
0
0
0
0
0
0
0
0
0
0
0
0
0
0
0
0
0
0
0
0
0
0
0
0
0
0
0
0
0
0
0
0
0
0
0
0
0
0
0
0
0
0
0
0
0
0
0
0
0
0
0
0
0
0
0
0
0
0
0
0
0
0
0
0
0
0
0
0
0
0
0
0
0
0
0
0
0
0
0
0
0
0
0
0
0
0
0
0
0
0
0
0
0
0
0
0
0
0
0
0
0
0
0
0
0
0
0
0
0
0
0
0
0
0
0
0
0
0
0
0
0
0
0
0
0
0
0
0
0
0
0
0
0
0
0
0
0
0
0
0
0
0
0
0
0
0
0
0
0
0
0
0
0
0
0
0
0
0
0
0
0
0
0
0
0
0
0
0
0
0
0
0
0
0
0
0
0
0
0
0
0
0
0
0
0
0
0
0
0
0
0
0
0
0
0
0
0
0
0
0
0
0
0
0
0
0
0
0
0
0
0
0
0
0
0
0
0
0
0
0
0
0
0
0
0
0
0
0
0
0
0
0
0
0
0
0
0
0
0
0
0
0
0
0
0
0
0
0
0
0
0
0
0
0
0
0
0
0
0
0
0
0
0
0
0
0
0
0
0
0
0
0
0
0
0
0
0
0
0
0
0
0
0
0
0
0
0
0
0
0
0
0
0
0
0
0
0
0
0
0
0
0
0
0
0
0
0
0
0
0
0
0
0
0
0
0
0
0
0
0
0
0
0
0
0
0
0
0
0
0
0
0
0
0
0
0
0
0
0
0
0
0
0
0
0
0
0
0
0
0
0
0
0
0
0
0
0
0
0
0
0
0
0
0
0
0
0
0
0
0
0
0
0
0
0
0
0
0
0
0
0
0
0
0
0
0
0
0
0
0
0
0
0
0
0
0
0
0
0
0
0
0
0
0
0
0
0
0
0
0
0
0
0
0
0
0
0
0
0
0
0
0
0
0
0
0
0
0
0
0
0
0
0
0
0
0
0
0
0
0
0
0
0
0
0
0
0
0
0
0
0
0
0
0
0
0
0
0
0
0
0
0
0
0
0
0
0
0
0
0
0
0
0
0
0
0
0
0
0
0
0
0
0
0
0
0
0
0
0
0
0
0
0
0
0
0
0
0
0
0
0
0
0
0
0
0
0
0
0
0
0
0
0
0
0
0
0
0
0
0
0
0
0
0
0
0
0
0
0
0
0
0
0
0
0
0
0
0
0
0
0
0
0
0
0
0
0
0
0
0
0
0
0
0
0
0
0
0
0
0
0
0
0
0
0
0
0
0
0
0
0
0
0
0
0
0
0
0
0
0
0
0
0
0
0
0
0
0
0
0
0
0
0
0
0
0
0
0
0
0
0
0
0
0
0
0
0
0
0
0
0
0
0
0
0
0
0
0
0
0
0
0
0
0
0
0
0
0
0
0
0
0
0
0
0
0
0
0
0
0
0
0
0
0
0
0
0
0
0
0
0
0
0
0
0
0
0
0
0
0
0
0
0
0
0
0
0
0
0
0
0
0
0
0
0
0
0
0
0
0
0
0
0
0
0
0
0
0
0
0
0
0
0
0
0
0
0
0
0
0
0
0
0
0
0
0
0
0
0
0
0
0
0
0
0
0
0
0
0
0
0
0
0
0
0
0
0
0
0
0
0
0
0
0
0
0
0
0
0
0
0
0
0
0
0
0
0
0
0
0
0
0
0
0
0
0
0
0
0
0
0
0
0
0
0
0
0
0
0
0
0
0
0
0
0
0
0
0
0
0
0
0
0
0
0
0
0
0
0
0
0
0
0
0
0
0
0
0
0
0
0
0
0
0
0
0
0
0
0
0
0
0
0
0
0
0
0
0
0
0
0
0
0
0
0
0
0
0
0
0
0
0
0
0
0
0
0
0
0
0
0
0
0
0
0
0
0
0
0
0
0
0
0
0
0
0
0
0
0
0
0
0
0
0
0
0
0
0
0
0
0
0
0
0
0
0
0
0
0
0
0
0
0
0
0
0
0
0
0
0
0
0
0
0
0
0
0
0
0
0
0
0
0
0
0
0
0
0
0
0
0
0
0
0
0
0
0
0
0
0
0
0
0
0
0
0
0
0
0
0
0
0
0
0
0
0
0
0
0
0
0
0
0
0
0
0
0
0
0
0
0
0
0
0
0
0
0
0
0
0
0
0
0
0
0
0
0
0
0
0
0
0
0
0
0
0
0
0
0
0
0
0
0
0
0
0
0
0
0
0
0
0
0
0
0
0
0
0
0
0
0
0
0
0
0
0
0
0
0
0
0
0
0
0
0
0
0
0
0
0
0
0
0
0
0
0
0
0
0
0
0
0
0
0
0
0
0
0
0
0
0
0
0
0
0
0
0
0
0
0
0
0
0
0
0
0
0
0
0
0
0
0
0
0
0
0
0
0
0
0
0
0
0
0
0
0
0
0
0
0
0
0
0
0
0
0
0
0
0
0
0
0
0
0
0
0
0
0
0
0
0
0
0
0
0
0
0
0
0
0
0
0
0
0
0
0
0
0
0
0
0
0
0
0
0
0
0
0
0
0
0
0
0
0
0
0
0
0
0
0
0
0
0
0
0
0
0
0
0
0
0
0
0
0
0
0
0
0
0
0
0
0
0
0
0
0
0
0
0
0
0
0
0
0
0
0
0
0
0
0
0
0
0
0
0
0
0
0
0
0
0
0
0
0
0
0
0
0
0
0
0
0
0
0
0
0
0
0
0
0
0
0
0
0
0
0
0
0
0
0
0
0
0
0
0
0
0
0
0
0
0
0
0
0
0
0
0
0
0
0
0
0
0
0
0
0
0
0
0
0
0
0
0
0
0
0
0
0
0
0
0
0
0
0
0
0
0
0
0
0
0
0
0
0
0
0
0
0
0
0
0
0
0
0
0
0
0
0
0
0
0
0
0
0
0
0
0
0
0
0
0
0
0
0
0
0
0
0
0
0
0
0
0
0
0
0
0
0
0
0
0
0
0
0
0
0
0
0
0
0
0
0
0
0
0
0
0
0
0
0
0
0
0
0
0
0
0
0
0
0
0
0
0
0
0
0
0
0
0
0
0
0
0
0
0
0
0
0
0
0
0
0
0
0
0
0
0
0
0
0
0
0
0
0
0
0
0
0
0
0
0
0
0
0
0
0
0
0
0
0
0
0
0
0
0
0
0
0
0
0
0
0
0
0
0
0
0
0
0
0
0
0
0
0
0
0
0
0
0
0
0
0
0
0
0
0
0
0
0
0
0
0
0
0
0
0
0
0
0
0
0
0
0
0
0
0
0
0
0
0
0
0
0
0
0
0
0
0
0
0
0
0
0
0
0
0
0
0
0
0
0
0
0
0
0
0
0
0
0
0
0
0
0
0
0
0
0
0
0
0
0
0
0
0
0
0
0
0
0
0
0
0
0
0
0
0
0
0
0
0
0
0
0
0
0
0
0
0
0
0
0
0
0
0
0
0
0
0
0
0
0
0
0
0
0
0
0
0
0
0
0
0
0
0
0
0
0
0
0
0
0
0
0
0
0
0
0
0
0
0
0
0
0
0
0
0
0
0
0
0
0
0
0
0
0
0
0
0
0
0
0
0
0
0
0
0
0
0
0
0
0
0
0
0
0
0
0
0
0
0
0
0
0
0
0
0
0
0
0
0
0
0
0
0
0
0
0
0
0
0
0
0
0
0
0
0
0
0
0
0
0
0
0
0
0
0
0
0
0
0
0
0
0
0
0
0
0
0
0
0
0
0
0
0
0
0
0
0
0
0
0
0
0
0
0
0
0
0
0
0
0
0
0
0
0
0
0
0
0
0
0
0
0
0
0
0
0
0
0
0
0
0
0
0
0
0
0
0
0
0
0
0
0
0
0
0
0
0
0
0
0
0
0
0
0
0
0
0
0
0
0
0
0
0
0
0
0
0
0
0
0
0
0
0
0
0
0
0
0
0
0
0
0
0
0
0
0
0
0
0
0
0
0
0
0
0
0
0
0
0
0
0
0
0
0
0
0
0
0
0
0
0
0
0
0
0
0
0
0
0
0
0
0
0
0
0
0
0
0
0
0
0
0
0
0
0
0
0
0
0
0
0
0
0
0
0
0
0
0
0
0
0
0
0
0
0
0
0
0
0
0
0
0
0
0
0
0
0
0
0
0
0
0
0
0
0
0
0
0
0
0
0
0
0
0
0
0
0
0
0
0
0
0
0
0
0
0
0
0
0
0
0
0
0
0
0
0
0
0
0
0
0
0
0
0
0
0
0
0
0
0
0
0
0
0
0
0
0
0
0
0
0
0
0
0
0
0
0
0
0
0
0
0
0
0
0
0
0
0
0
0
0
0
0
0
0
0
0
0
0
0
0
0
0
0
0
0
0
0
0
0
0
0
0
0
0
0
0
0
0
0
0
0
0
0
0
0
0
0
0
0
0
0
0
0
0
0
0
0
0
0
0
0
0
0
0
0
0
0
0
0
0
0
0
0
0
0
0
0
0
0
0
0
0
0
0
0
0
0
0
0
0
0
0
0
0
0
0
0
0
0
0
0
0
0
0
0
0
0
0
0
0
0
0
0
0
0
0
0
0
0
0
0
0
0
0
0
0
0
0
0
0
0
0
0
0
0
0
0
0
0
0
0
0
0
0
0
0
0
0
0
0
0
0
0
0
0
0
0
0
0
0
0
0
0
0
0
0
0
0
0
0
0
0
0
0
0
0
0
0
0
0
0
0
0
0
0
0
0
0
0
0
0
0
0
0
0
0
0
0
0
0
0
0
0
0
0
0
0
0
0
0
0
0
0
0
0
0
0
0
0
0
0
0
0
0
0
0
0
0
0
0
0
0
0
0
0
0
0
0
0
0
0
0
0
0
0
0
0
0
0
0
0
0
0
0
0
0
0
0
0
0
0
0
0
0
0
0
0
0
0
0
0
0
0
0
0
0
0
0
0
0
0
0
0
0
0
0
0
0
0
0
0
0
0
0
0
0
0
0
0
0
0
0
0
0
0
0
0
0
0
0
0
0
0
0
0
0
0
0
0
0
0
0
0
0
0
0
0
0
0
0
0
0
0
0
0
0
0
0
0
0
0
0
0
0
0
0
0
0
0
0
0
0
0
0
0
0
0
0
0
0
0
0
0
0
0
0
0
0
0
0
0
0
0
0
0
0
0
0
0
0
0
0
0
0
0
0
0
0
0
0
0
0
0
0
0
0
0
0
0
0
0
0
0
0
0
0
0
0
0
0
0
0
0
0
0
0
0
0
0
0
0
0
0
0
0
0
0
0
0
0
0
0
0
0
0
0
0
0
0
0
0
0
0
0
0
0
0
0
0
0
0
0
0
0
0
0
0
0
0
0
0
0
0
0
0
0
0
0
0
0
0
0
0
0
0
0
0
0
0
0
0
0
0
0
0
0
0
0
0
0
0
0
0
0
0
0
0
0
0
0
0
0
0
0
0
0
0
0
0
0
0
0
0
0
0
0
0
0
0
0
0
0
0
0
0
0
0
0
0
0
0
0
0
0
0
0
0
0
0
0
0
0
0
0
0
0
0
0
0
0
0
0
0
0
0
0
0
0
0
0
0
0
0
0
0
0
0
0
0
0
0
0
0
0
0
0
0
0
0
0
0
0
0
0
0
0
0
0
0
0
0
0
0
0
0
0
0
0
0
0
0
0
0
0
0
0
0
0
0
0
0
0
0
0
0
0
0
0
0
0
0
0
0
0
0
0
0
0
0
0
0
0
0
0
0
0
0
0
0
0
0
0
0
0
0
0
0
0
0
0
0
0
0
0
0
0
0
0
0
0
0
0
0
0
0
0
0
0
0
0
0
0
0
0
0
0
0
0
0
0
0
0
0
0
0
0
0
0
0
0
0
0
0
0
0
0
0
0
0
0
0
0
0
0
0
0
0
0
0
0
0
0
0
0
0
0
0
0
0
0
0
0
0
0
0
0
0
0
0
0
0
0
0
0
0
0
0
0
0
0
0
0
0
0
0
0
0
0
0
0
0
0
0
0
0
0
0
0
0
0
0
0
0
0
0
0
0
0
0
0
0
0
0
0
0
0
0
0
0
0
0
0
0
0
0
0
0
0
0
0
0
0
0
0
0
0
0
0
0
0
0
0
0
0
0
0
0
0
0
0
0
0
0
0
0
0
0
0
0
0
0
0
0
0
0
0
0
0
0
0
0
0
0
0
0
0
0
0
0
0
0
0
0
0
0
0
0
0
0
0
0
0
0
0
0
0
0
0
0
0
0
0
0
0
0
0
0
0
0
0
0
0
0
0
0
0
0
0
0
0
0
0
0
0
0
0
0
0
0
0
0
0
0
0
0
0
0
0
0
0
0
0
0
0
0
0
0
0
0
0
0
0
0
0
0
0
0
0
0
0
0
0
0
0
0
0
0
0
0
0
0
0
0
0
0
0
0
0
0
0
0
0
0
0
0
0
0
0
0
0
0
0
0
0
0
0
0
0
0
0
0
0
0
0
0
0
0
0
0
0
0
0
0
0
0
0
0
0
0
0
0
0
0
0
0
0
0
0
0
0
0
0
0
0
0
0
0
0
0
0
0
0
0
0
0
0
0
0
0
0
0
0
0
0
0
0
0
0
0
0
0
0
0
0
0
0
0
0
0
0
0
0
0
0
0
0
0
0
0
0
0
0
0
0
0
0
0
0
0
0
0
0
0
0
0
0
0
0
0
0
0
0
0
0
0
0
0
0
0
0
0
0
0
0
0
0
0
0
0
0
0
0
0
0
0
0
0
0
0
0
0
0
0
0
0
0
0
0
0
0
0
0
0
0
0
0
0
0
0
0
0
0
0
0
0
0
0
0
0
0
0
0
0
0
0
0
0
0
0
0
0
0
0
0
0
0
0
0
0
0
0
0
0
0
0
0
0
0
0
0
0
0
0
0
0
0
0
0
0
0
0
0
0
0
0
0
0
0
0
0
0
0
0
0
0
0
0
0
0
0
0
0
0
0
0
0
0
0
0
0
0
0
0
0
0
0
0
0
0
0
0
0
0
0
0
0
0
0
0
0
0
0
0
0
0
0
0
0
0
0
0
0
0
0
0
0
0
0
0
0
0
0
0
0
0
0
0
0
0
0
0
0
0
0
0
0
0
0
0
0
0
0
0
0
0
0
0
0
0
0
0
0
0
0
0
0
0
0
0
0
0
0
0
0
0
0
0
0
0
0
0
0
0
0
0
0
0
0
0
0
0
0
0
0
0
0
0
0
0
0
0
0
0
0
0
0
0
0
0
0
0
0
0
0
0
0
0
0
0
0
0
0
0
0
0
0
0
0
0
0
0
0
0
0
0
0
0
0
0
0
0
0
0
0
0
0
0
0
0
0
0
0
0
0
0
0
0
0
0
0
0
0
0
0
0
0
0
0
0
0
0
0
0
0
0
0
0
0
0
0
0
0
0
0
0
0
0
0
0
0
0
0
0
0
0
0
0
0
0
0
0
0
0
0
0
0
0
0
0
0
0
0
0
0
0
0
0
0
0
0
0
0
0
0
0
0
0
0
0
0
0
0
0
0
0
0
0
0
0
0
0
0
0
0
0
0
0
0
0
0
0
0
0
0
0
0
0
0
0
0
0
0
0
0
0
0
0
0
0
0
0
0
0
0
0
0
0
0
0
0
0
0
0
0
0
0
0
0
0
0
0
0
0
0
0
0
0
0
0
0
0
0
0
0
0
0
0
0
0
0
0
0
0
0
0
0
0
0
0
0
0
0
0
0
0
0
0
0
0
0
0
0
0
0
0
0
0
0
0
0
0
0
0
0
0
0
0
0
0
0
0
0
0
0
0
0
0
0
0
0
0
0
0
0
0
0
0
0
0
0
0
0
0
0
0
0
0
0
0
0
0
0
0
0
0
0
0
0
0
0
0
0
0
0
0
0
0
0
0
0
0
0
0
0
0
0
0
0
0
0
0
0
0
0
0
0
0
0
0
0
0
0
0
0
0
0
0
0
0
0
0
0
0
0
0
0
0
0
0
0
0
0
0
0
0
0
0
0
0
0
0
0
0
0
0
0
0
0
0
0
0
0
0
0
0
0
0
0
0
0
0
0
0
0
0
0
0
0
0
0
0
0
0
0
0
0
0
0
0
0
0
0
0
0
0
0
0
0
0
0
0
0
0
0
0
0
0
0
0
0
0
0
0
0
0
0
0
0
0
0
0
0
0
0
0
0
0
0
0
0
0
0
0
0
0
0
0
0
0
0
0
0
0
0
0
0
0
0
0
0
0
0
0
0
0
0
0
0
0
0
0
0
0
0
0
0
0
0
0
0
0
0
0
0
0
0
0
0
0
0
0
0
0
0
0
0
0
0
0
0
0
0
0
0
0
0
0
0
0
0
0
0
0
0
0
0
0
0
0
0
0
0
0
0
0
0
0
0
0
0
0
0
0
0
0
0
0
0
0
0
0
0
0
0
0
0
0
0
0
0
0
0
0
0
0
0
0
0
0
0
0
0
0
0
0
0
0
0
0
0
0
0
0
0
0
0
0
0
0
0
0
0
0
0
0
0
0
0
0
0
0
0
0
0
0
0
0
0
0
0
0
0
0
0
0
0
0
0
0
0
0
0
0
0
0
0
0
0
0
0
0
0
0
0
0
0
0
0
0
0
0
0
0
0
0
0
0
0
0
0
0
0
0
0
0
0
0
0
0
0
0
0
0
0
0
0
0
0
0
0
0
0
0
0
0
0
0
0
0
0
0
0
0
0
0
0
0
0
0
0
0
0
0
0
0
0
0
0
0
0
0
0
0
0
0
0
0
0
0
0
0
0
0
0
0
0
0
0
0
0
0
0
0
0
0
0
0
0
0
0
0
0
0
0
0
0
0
0
0
0
0
0
0
0
0
0
0
0
0
0
0
0
0
0
0
0
0
0
0
0
0
0
0
0
0
0
0
0
0
0
0
0
0
0
0
0
0
0
0
0
0
0
0
0
0
0
0
0
0
0
0
0
0
0
0
0
0
0
0
0
0
0
0
0
0
0
0
0
0
0
0
0
0
0
0
0
0
0
0
0
0
0
0
0
0
0
0
0
0
0
0
0
0
0
0
0
0
0
0
0
0
0
0
0
0
0
0
0
0
0
0
0
0
0
0
0
0
0
0
0
0
0
0
0
0
0
0
0
0
0
0
0
0
0
0
0
0
0
0
0
0
0
0
0
0
0
0
0
0
0
0
0
0
0
0
0
0
0
0
0
0
0
0
0
0
0
0
0
0
0
0
0
0
0
0
0
0
0
0
0
0
0
0
0
0
0
0
0
0
0
0
0
0
0
0
0
0
0
0
0
0
0
0
0
0
0
0
0
0
0
0
0
0
0
0
0
0
0
0
0
0
0
0
0
0
0
0
0
0
0
0
0
0
0
0
0
0
0
0
0
0
0
0
0
0
0
0
0
0
0
0
0
0
0
0
0
0
0
0
0
0
0
0
0
0
0
0
0
0
0
0
0
0
0
0
0
0
0
0
0
0
0
0
0
0
0
0
0
0
0
0
0
0
0
0
0
0
0
0
0
0
0
0
0
0
0
0
0
0
0
0
0
0
0
0
0
0
0
0
0
0
0
0
0
0
0
0
0
0
0
0
0
0
0
0
0
0
0
0
0
0
0
0
0
0
0
0
0
0
0
0
0
0
0
0
0
0
0
0
0
0
0
0
0
0
0
0
0
0
0
0
0
0
0
0
0
0
0
0
0
0
0
0
0
0
0
0
0
0
0
0
0
0
0
0
0
0
0
0
0
0
0
0
0
0
0
0
0
0
0
0
0
0
0
0
0
0
0
0
0
0
0
0
0
0
0
0
0
0
0
0
0
0
0
0
0
0
0
0
0
0
0
0
0
0
0
0
0
0
0
0
0
0
0
0
0
0
0
0
0
0
0
0
0
0
0
0
0
0
0
0
0
0
0
0
0
0
0
0
0
0
0
0
0
0
0
0
0
0
0
0
0
0
0
0
0
0
0
0
0
0
0
0
0
0
0
0
0
0
0
0
0
0
0
0
0
0
0
0
0
0
0
0
0
0
0
0
0
0
0
0
0
0
0
0
0
0
0
0
0
0
0
0
0
0
0
0
0
0
0
0
0
0
0
0
0
0
0
0
0
0
0
0
0
0
0
0
0
0
0
0
0
0
0
0
0
0
0
0
0
0
0
0
0
0
0
0
0
0
0
0
0
0
0
0
0
0
0
0
0
0
0
0
0
0
0
0
0
0
0
0
0
0
0
0
0
0
0
0
0
0
0
0
0
0
0
0
0
0
0
0
0
0
0
0
0
0
0
0
0
0
0
0
0
0
0
0
0
0
0
0
0
0
0
0
0
0
0
0
0
0
0
0
0
0
0
0
0
0
0
0
0
0
0
0
0
0
0
0
0
0
0
0
0
0
0
0
0
0
0
0
0
0
0
0
0
0
0
0
0
0
0
0
0
0
0
0
0
0
0
0
0
0
0
0
0
0
0
0
0
0
0
0
0
0
0
0
0
0
0
0
0
0
0
0
0
0
0
0
0
0
0
0
0
0
0
0
0
0
0
0
0
0
0
0
0
0
0
0
0
0
0
0
0
0
0
0
0
0
0
0
0
0
0
0
0
0
0
0
0
0
0
0
0
0
0
0
0
0
0
0
0
0
0
0
0
0
0
0
0
0
0
0
0
0
0
0
0
0
0
0
0
0
0
0
0
0
0
0
0
0
0
0
0
0
0
0
0
0
0
0
0
0
0
0
0
0
0
0
0
0
0
0
0
0
0
0
0
0
0
0
0
0
0
0
0
0
0
0
0
0
0
0
0
0
0
0
0
0
0
0
0
0
0
0
0
0
0
0
0
0
0
0
0
0
0
0
0
0
0
0
0
0
0
0
0
0
0
0
0
0
0
0
0
0
0
0
0
0
0
0
0
0
0
0
0
0
0
0
0
0
0
0
0
0
0
0
0
0
0
0
0
0
0
0
0
0
0
0
0
0
0
0
0
0
0
0
0
0
0
0
0
0
0
0
0
0
0
0
0
0
0
0
0
0
0
0
0
0
0
0
0
0
0
0
0
0
0
0
0
0
0
0
0
0
0
0
0
0
0
0
0
0
0
0
0
0
0
0
0
0
0
0
0
0
0
0
0
0
0
0
0
0
0
0
0
0
0
0
0
0
0
0
0
0
0
0
0
0
0
0
0
0
0
0
0
0
0
0
0
0
0
0
0
0
0
0
0
0
0
0
0
0
0
0
0
0
0
0
0
0
0
0
0
0
0
0
0
0
0
0
0
0
0
0
0
0
0
0
0
0
0
0
0
0
0
0
0
0
0
0
0
0
0
0
0
0
0
0
0
0
0
0
0
0
0
0
0
0
0
0
0
0
0
0
0
0
0
0
0
0
0
0
0
0
0
0
0
0
0
0
0
0
0
0
0
0
0
0
0
0
0
0
0
0
0
0
0
0
0
0
0
0
0
0
0
0
0
0
0
0
0
0
0
0
0
0
0
0
0
0
0
0
0
0
0
0
0
0
0
0
0
0
0
0
0
0
0
0
0
0
0
0
0
0
0
0
0
0
0
0
0
0
0
0
0
0
0
0
0
0
0
0
0
0
0
0
0
0
0
0
0
0
0
0
0
0
0
0
0
0
0
0
0
0
0
0
0
0
0
0
0
0
0
0
0
0
0
0
0
0
0
0
0
0
0
0
0
0
0
0
0
0
0
0
0
0
0
0
0
0
0
0
0
0
0
0
0
0
0
0
0
0
0
0
0
0
0
0
0
0
0
0
0
0
0
0
0
0
0
0
0
0
0
0
0
0
0
0
0
0
0
0
0
0
0
0
0
0
0
0
0
0
0
0
0
0
0
0
0
0
0
0
0
0
0
0
0
0
0
0
0
0
0
0
0
0
0
0
0
0
0
0
0
0
0
0
0
0
0
0
0
0
0
0
0
0
0
0
0
0
0
0
0
0
0
0
0
0
0
0
0
0
0
0
0
0
0
0
0
0
0
0
0
0
0
0
0
0
0
0
0
0
0
0
0
0
0
0
0
0
0
0
0
0
0
0
0
0
0
0
0
0
0
0
0
0
0
0
0
0
0
0
0
0
0
0
0
0
0
0
0
0
0
0
0
0
0
0
0
0
0
0
0
0
0
0
0
0
0
0
0
0
0
0
0
0
0
0
0
0
0
0
0
0
0
0
0
0
0
0
0
0
0
0
0
0
0
0
0
0
0
0
0
0
0
0
0
0
0
0
0
0
0
0
0
0
0
0
0
0
0
0
0
0
0
0
0
0
0
0
0
0
0
0
0
0
0
0
0
0
0
0
0
0
0
0
0
0
0
0
0
0
0
0
0
0
0
0
0
0
0
0
0
0
0
0
0
0
0
0
0
0
0
0
0
0
0
0
0
0
0
0
0
0
0
0
0
0
0
0
0
0
0
0
0
0
0
0
0
0
0
0
0
0
0
0
0
0
0
0
0
0
0
0
0
0
0
0
0
0
0
0
0
0
0
0
0
0
0
0
0
0
0
0
0
0
0
0
0
0
0
0
0
0
0
0
0
0
0
0
0
0
0
0
0
0
0
0
0
0
0
0
0
0
0
0
0
0
0
0
0
0
0
0
0
0
0
0
0
0
0
0
0
0
0
0
0
0
0
0
0
0
0
0
0
0
0
0
0
0
0
0
0
0
0
0
0
0
0
0
0
0
0
0
0
0
0
0
0
0
0
0
0
0
0
0
0
0
0
0
0
0
0
0
0
0
0
0
0
0
0
0
0
0
0
0
0
0
0
0
0
0
0
0
0
0
0
0
0
0
0
0
0
0
0
0
0
0
0
0
0
0
0
0
0
0
0
0
0
0
0
0
0
0
0
0
0
0
0
0
0
0
0
0
0
0
0
0
0
0
0
0
0
0
0
0
0
0
0
0
0
0
0
0
0
0
0
0
0
0
0
0
0
0
0
0
0
0
0
0
0
0
0
0
0
0
0
0
0
0
0
0
0
0
0
0
0
0
0
0
0
0
0
0
0
0
0
0
0
0
0
0
0
0
0
0
0
0
0
0
0
0
0
0
0
0
0
0
0
0
0
0
0
0
0
0
0
0
0
0
0
0
0
0
0
0
0
0
0
0
0
0
0
0
0
0
0
0
0
0
0
0
0
0
0
0
0
0
0
0
0
0
0
0
0
0
0
0
0
0
0
0
0
0
0
0
0
0
0
0
0
0
0
0
0
0
0
0
0
0
0
0
0
0
0
0
0
0
0
0
0
0
0
0
0
0
0
0
0
0
0
0
0
0
0
0
0
0
0
0
0
0
0
0
0
0
0
0
0
0
0
0
0
0
0
0
0
0
0
0
0
0
0
0
0
0
0
0
0
0
0
0
0
0
0
0
0
0
0
0
0
0
0
0
0
0
0
0
0
0
0
0
0
0
0
0
0
0
0
0
0
0
0
0
0
0
0
0
0
0
0
0
0
0
0
0
0
0
0
0
0
0
0
0
0
0
0
0
0
0
0
0
0
0
0
0
0
0
0
0
0
0
0
0
0
0
0
0
0
0
0
0
0
0
0
0
0
0
0
0
0
0
0
0
0
0
0
0
0
0
0
0
0
0
0
0
0
0
0
0
0
0
0
0
0
0
0
0
0
0
0
0
0
0
0
0
0
0
0
0
0
0
0
0
0
0
0
0
0
0
0
0
0
0
0
0
0
0
0
0
0
0
0
0
0
0
0
0
0
0
0
0
0
0
0
0
0
0
0
0
0
0
0
0
0
0
0
0
0
0
0
0
0
0
0
0
0
0
0
0
0
0
0
0
0
0
0
0
0
0
0
0
0
0
0
0
0
0
0
0
0
0
0
0
0
0
0
0
0
0
0
0
0
0
0
0
0
0
0
0
0
0
0
0
0
0
0
0
0
0
0
0
0
0
0
0
0
0
0
0
0
0
0
0
0
0
0
0
0
0
0
0
0
0
0
0
0
0
0
0
0
0
0
0
0
0
0
0
0
0
0
0
0
0
0
0
0
0
0
0
0
0
0
0
0
0
0
0
0
0
0
0
0
0
0
0
0
0
0
0
0
0
0
0
0
0
0
0
0
0
0
0
0
0
0
0
0
0
0
0
0
0
0
0
0
0
0
0
0
0
0
0
0
0
0
0
0
0
0
0
0
0
0
0
0
0
0
0
0
0
0
0
0
0
0
0
0
0
0
0
0
0
0
0
0
0
0
0
0
0
0
0
0
0
0
0
0
0
0
0
0
0
0
0
0
0
0
0
0
0
0
0
0
0
0
0
0
0
0
0
0
0
0
0
0
0
0
0
0
0
0
0
0
0
0
0
0
0
0
0
0
0
0
0
0
0
0
0
0
0
0
0
0
0
0
0
0
0
0
0
0
0
0
0
0
0
0
0
0
0
0
0
0
0
0
0
0
0
0
0
0
0
0
0
0
0
0
0
0
0
0
0
0
0
0
0
0
0
0
0
0
0
0
0
0
0
0
0
0
0
0
0
0
0
0
0
0
0
0
0
0
0
0
0
0
0
0
0
0
0
0
0
0
0
0
0
0
0
0
0
0
0
0
0
0
0
0
0
0
0
0
0
0
0
0
0
0
0
0
0
0
0
0
0
0
0
0
0
0
0
0
0
0
0
0
0
0
0
0
0
0
0
0
0
0
0
0
0
0
0
0
0
0
0
0
0
0
0
0
0
0
0
0
0
0
0
0
0
0
0
0
0
0
0
0
0
0
0
0
0
0
0
0
0
0
0
0
0
0
0
0
0
0
0
0
0
0
0
0
0
0
0
0
0
0
0
0
0
0
0
0
0
0
0
0
0
0
0
0
0
0
0
0
0
0
0
0
0
0
0
0
0
0
0
0
0
0
0
0
0
0
0
0
0
0
0
0
0
0
0
0
0
0
0
0
0
0
0
0
0
0
0
0
0
0
0
0
0
0
0
0
0
0
0
0
0
0
0
0
0
0
0
0
0
0
0
0
0
0
0
0
0
0
0
0
0
0
0
0
0
0
0
0
0
0
0
0
0
0
0
0
0
0
0
0
0
0
0
0
0
0
0
0
0
0
0
0
0
0
0
0
0
0
0
0
0
0
0
0
0
0
0
0
0
0
0
0
0
0
0
0
0
0
0
0
0
0
0
0
0
0
0
0
0
0
0
0
0
0
0
0
0
0
0
0
0
0
0
0
0
0
0
0
0
0
0
0
0
0
0
0
0
0
0
0
0
0
0
0
0
0
0
0
0
0
0
0
0
0
0
0
0
0
0
0
0
0
0
0
0
0
0
0
0
0
0
0
0
0
0
0
0
0
0
0
0
0
0
0
0
0
0
0
0
0
0
0
0
0
0
0
0
0
0
0
0
0
0
0
0
0
0
0
0
0
0
0
0
0
0
0
0
0
0
0
0
0
0
0
0
0
0
0
0
0
0
0
0
0
0
0
0
0
0
0
0
0
0
0
0
0
0
0
0
0
0
0
0
0
0
0
0
0
0
0
0
0
0
0
0
0
0
0
0
0
0
0
0
0
0
0
0
0
0
0
0
0
0
0
0
0
0
0
0
0
0
0
0
0
0
0
0
0
0
0
0
0
0
0
0
0
0
0
0
0
0
0
0
0
0
0
0
0
0
0
0
0
0
0
0
0
0
0
0
0
0
0
0
0
0
0
0
0
0
0
0
0
0
0
0
0
0
0
0
0
0
0
0
0
0
0
0
0
0
0
0
0
0
0
0
0
0
0
0
0
0
0
0
0
0
0
0
0
0
0
0
0
0
0
0
0
0
0
0
0
0
0
0
0
0
0
0
0
0
0
0
0
0
0
0
0
0
0
0
0
0
0
0
0
0
0
0
0
0
0
0
0
0
0
0
0
0
0
0
0
0
0
0
0
0
0
0
0
0
0
0
0
0
0
0
0
0
0
0
0
0
0
0
0
0
0
0
0
0
0
0
0
0
0
0
0
0
0
0
0
0
0
0
0
0
0
0
0
0
0
0
0
0
0
0
0
0
0
0
0
0
0
0
0
0
0
0
0
0
0
0
0
0
0
0
0
0
0
0
0
0
0
0
0
0
0
0
0
0
0
0
0
0
0
0
0
0
0
0
0
0
0
0
0
0
0
0
0
0
0
0
0
0
0
0
0
0
0
0
0
0
0
0
0
0
0
0
0
0
0
0
0
0
0
0
0
0
0
0
0
0
0
0
0
0
0
0
0
0
0
0
0
0
0
0
0
0
0
0
0
0
0
0
0
0
0
0
0
0
0
0
0
0
0
0
0
0
0
0
0
0
0
0
0
0
0
0
0
0
0
0
0
0
0
0
0
0
0
0
0
0
0
0
0
0
0
0
0
0
0
0
0
0
0
0
0
0
0
0
0
0
0
0
0
0
0
0
0
0
0
0
0
0
0
0
0
0
0
0
0
0
0
0
0
0
0
0
0
0
0
0
0
0
0
0
0
0
0
0
0
0
0
0
0
0
0
0
0
0
0
0
0
0
0
0
0
0
0
0
0
0
0
0
0
0
0
0
0
0
0
0
0
0
0
0
0
0
0
0
0
0
0
0
0
0
0
0
0
0
0
0
0
0
0
0
0
0
0
0
0
0
0
0
0
0
0
0
0
0
0
0
0
0
0
0
0
0
0
0
0
0
0
0
0
0
0
0
0
0
0
0
0
0
0
0
0
0
0
0
0
0
0
0
0
0
0
0
0
0
0
0
0
0
0
0
0
0
0
0
0
0
0
0
0
0
0
0
0
0
0
0
0
0
0
0
0
0
0
0
0
0
0
0
0
0
0
0
0
0
0
0
0
0
0
0
0
0
0
0
0
0
0
0
0
0
0
0
0
0
0
0
0
0
0
0
0
0
0
0
0
0
0
0
0
0
0
0
0
0
0
0
0
0
0
0
0
0
0
0
0
0
0
0
0
0
0
0
0
0
0
0
0
0
0
0
0
0
0
0
0
0
0
0
0
0
0
0
0
0
0
0
0
0
0
0
0
0
0
0
0
0
0
0
0
0
0
0
0
0
0
0
0
0
0
0
0
0
0
0
0
0
0
0
0
0
0
0
0
0
0
0
0
0
0
0
0
0
0
0
0
0
0
0
0
0
0
0
0
0
0
0
0
0
0
0
0
0
0
0
0
0
0
0
0
0
0
0
0
0
0
0
0
0
0
0
0
0
0
0
0
0
0
0
0
0
0
0
0
0
0
0
0
0
0
0
0
0
0
0
0
0
0
0
0
0
0
0
0
0
0
0
0
0
0
0
0
0
0
0
0
0
0
0
0
0
0
0
0
0
0
0
0
0
0
0
0
0
0
0
0
0
0
0
0
0
0
0
0
0
0
0
0
0
0
0
0
0
0
0
0
0
0
0
0
0
0
0
0
0
0
0
0
0
0
0
0
0
0
0
0
0
0
0
0
0
0
0
0
0
0
0
0
0
0
0
0
0
0
0
0
0
0
0
0
0
0
0
0
0
0
0
0
0
0
0
0
0
0
0
0
0
0
0
0
0
0
0
0
0
0
0
0
0
0
0
0
0
0
0
0
0
0
0
0
0
0
0
0
0
0
0
0
0
0
0
0
0
0
0
0
0
0
0
0
0
0
0
0
0
0
0
0
0
0
0
0
0
0
0
0
0
0
0
0
0
0
0
0
0
0
0
0
0
0
0
0
0
0
0
0
0
0
0
0
0
0
0
0
0
0
0
0
0
0
0
0
0
0
0
0
0
0
0
0
0
0
0
0
0
0
0
0
0
0
0
0
0
0
0
0
0
0
0
0
0
0
0
0
0
0
0
0
0
0
0
0
0
0
0
0
0
0
0
0
0
0
0
0
0
0
0
0
0
0
0
0
0
0
0
0
0
0
0
0
0
0
0
0
0
0
0
0
0
0
0
0
0
0
0
0
0
0
0
0
0
0
0
0
0
0
0
0
0
0
0
0
0
0
0
0
0
0
0
0
0
0
0
0
0
0
0
0
0
0
0
0
0
0
0
0
0
0
0
0
0
0
0
0
0
0
0
0
0
0
0
0
0
0
0
0
0
0
0
0
0
0
0
0
0
0
0
0
0
0
0
0
0
0
0
0
0
0
0
0
0
0
0
0
0
0
0
0
0
0
0
0
0
0
0
0
0
0
0
0
0
0
0
0
0
0
0
0
0
0
0
0
0
0
0
0
0
0
0
0
0
0
0
0
0
0
0
0
0
0
0
0
0
0
0
0
0
0
0
0
0
0
0
0
0
0
0
0
0
0
0
0
0
0
0
0
0
0
0
0
0
0
0
0
0
0
0
0
0
0
0
0
0
0
0
0
0
0
0
0
0
0
0
0
0
0
0
0
0
0
0
0
0
0
0
0
0
0
0
0
0
0
0
0
0
0
0
0
0
0
0
0
0
0
0
0
0
0
0
0
0
0
0
0
0
0
0
0
0
0
0
0
0
0
0
0
0
0
0
0
0
0
0
0
0
0
0
0
0
0
0
0
0
0
0
0
0
0
0
0
0
0
0
0
0
0
0
0
0
0
0
0
0
0
0
0
0
0
0
0
0
0
0
0
0
0
0
0
0
0
0
0
0
0
0
0
0
0
0
0
0
0
0
0
0
0
0
0
0
0
0
0
0
0
0
0
0
0
0
0
0
0
0
0
0
0
0
0
0
0
0
0
0
0
0
0
0
0
0
0
0
0
0
0
0
0
0
0
0
0
0
0
0
0
0
0
0
0
0
0
0
0
0
0
0
0
0
0
0
0
0
0
0
0
0
0
0
0
0
0
0
0
0
0
0
0
0
0
0
0
0
0
0
0
0
0
0
0
0
0
0
0
0
0
0
0
0
0
0
0
0
0
0
0
0
0
0
0
0
0
0
0
0
0
0
0
0
0
0
0
0
0
0
0
0
0
0
0
0
0
0
0
0
0
0
0
0
0
0
0
0
0
0
0
0
0
0
0
0
0
0
0
0
0
0
0
0
0
0
0
0
0
0
0
0
0
0
0
0
0
0
0
0
0
0
0
0
0
0
0
0
0
0
0
0
0
0
0
0
0
0
0
0
0
0
0
0
0
0
0
0
0
0
0
0
0
0
0
0
0
0
0
0
0
0
0
0
0
0
0
0
0
0
0
0
0
0
0
0
0
0
0
0
0
0
0
0
0
0
0
0
0
0
0
0
0
0
0
0
0
0
0
0
0
0
0
0
0
0
0
0
0
0
0
0
0
0
0
0
0
0
0
0
0
0
0
0
0
0
0
0
0
0
0
0
0
0
0
0
0
0
0
0
0
0
0
0
0
0
0
0
0
0
0
0
0
0
0
0
0
0
0
0
0
0
0
0
0
0
0
0
0
0
0
0
0
0
0
0
0
0
0
0
0
0
0
0
0
0
0
0
0
0
0
0
0
0
0
0
0
0
0
0
0
0
0
0
0
0
0
0
0
0
0
0
0
0
0
0
0
0
0
0
0
0
0
0
0
0
0
0
0
0
0
0
0
0
0
0
0
0
0
0
0
0
0
0
0
0
0
0
0
0
0
0
0
0
0
0
0
0
0
0
0
0
0
0
0
0
0
0
0
0
0
0
0
0
0
0
0
0
0
0
0
0
0
0
0
0
0
0
0
0
0
0
0
0
0
0
0
0
0
0
0
0
0
0
0
0
0
0
0
0
0
0
0
0
0
0
0
0
0
0
0
0
0
0
0
0
0
0
0
0
0
0
0
0
0
0
0
0
0
0
0
0
0
0
0
0
0
0
0
0
0
0
0
0
0
0
0
0
0
0
0
0
0
0
0
0
0
0
0
0
0
0
0
0
0
0
0
0
0
0
0
0
0
0
0
0
0
0
0
0
0
0
0
0
0
0
0
0
0
0
0
0
0
0
0
0
0
0
0
0
0
0
0
0
0
0
0
0
0
0
0
0
0
0
0
0
0
0
0
0
0
0
0
0
0
0
0
0
0
0
0
0
0
0
0
0
0
0
0
0
0
0
0
0
0
0
0
0
0
0
0
0
0
0
0
0
0
0
0
0
0
0
0
0
0
0
0
0
0
0
0
0
0
0
0
0
0
0
0
0
0
0
0
0
0
0
0
0
0
0
0
0
0
0
0
0
0
0
0
0
0
0
0
0
0
0
0
0
0
0
0
0
0
0
0
0
0
0
0
0
0
0
0
0
0
0
0
0
0
0
0
0
0
0
0
0
0
0
0
0
0
0
0
0
0
0
0
0
0
0
0
0
0
0
0
0
0
0
0
0
0
0
0
0
0
0
0
0
0
0
0
0
0
0
0
0
0
0
0
0
0
0
0
0
0
0
0
0
0
0
0
0
0
0
0
0
0
0
0
0
0
0
0
0
0
0
0
0
0
0
0
0
0
0
0
0
0
0
0
0
0
0
0
0
0
0
0
0
0
0
0
0
0
0
0
0
0
0
0
0
0
0
0
0
0
0
0
0
0
0
0
0
0
0
0
0
0
0
0
0
0
0
0
0
0
0
0
0
0
0
0
0
0
0
0
0
0
0
0
0
0
0
0
0
0
0
0
0
0
0
0
0
0
0
0
0
0
0
0
0
0
0
0
0
0
0
0
0
0
0
0
0
0
0
0
0
0
0
0
0
0
0
0
0
0
0
0
0
0
0
0
0
0
0
0
0
0
0
0
0
0
0
0
0
0
0
0
0
0
0
0
0
0
0
0
0
0
0
0
0
0
0
0
0
0
0
0
0
0
0
0
0
0
0
0
0
0
0
0
0
0
0
0
0
0
0
0
0
0
0
0
0
0
0
0
0
0
0
0
0
0
0
0
0
0
0
0
0
0
0
0
0
0
0
0
0
0
0
0
0
0
0
0
0
0
0
0
0
0
0
0
0
0
0
0
0
0
0
0
0
0
0
0
0
0
0
0
0
0
0
0
0
0
0
0
0
0
0
0
0
0
0
0
0
0
0
0
0
0
0
0
0
0
0
0
0
0
