-148
524
-1810
-343
-3650
-2085
-2637
-164
1043
-2038
-222
-3018
-2601
-287
11
908
-148
647
-1719
-2537
-793
-2598
-15836
-188
1249
-3515
-2558
-2599
-3209
-20220
185
1249
-74
115
-1544
-1337
-3932
-3707
-3093
-192
619
-3584
-2162
-5428
-5480
-1424
51
952
-129
-390
-2357
-3840
1049
-3078
-16799
-375
-666
-4516
-4456
-2184
-4828
-11155
-107
-592
-61
26
-1454
-954
-1020
-1686
-1724
-142
325
-2769
-1495
-2386
-3162
-60
-77
707
-22
-270
295
-2523
-996
-1542
-21398
-260
-330
-1253
-2854
-2708
-2509
-20815
-214
-310
154
205
-1404
579
-351
-233
-1552
89
502
-2187
-542
-1377
-1829
702
-162
519
-77
852
-468
-1990
-3516
-1566
-19045
10
558
-2225
-1879
-3325
-2114
-21528
-74
-39
231
468
-1618
942
-831
-1175
-2074
33
284
-1566
-6
-1132
-1638
1052
-122
100
-11
137
-2239
-2762
-2534
-2083
-14623
-98
-771
-3332
-1792
-3126
-1966
-21005
-137
-906
70
619
-1751
702
-863
-1712
-1846
-99
174
-2451
-833
-2184
-2124
1949
-36
421
52
-43
-1588
-2519
-1842
-1773
-14429
-140
469
-3509
-2452
-3040
-1985
-17321
-313
816
13
304
-2704
2154
-977
-2470
-2588
-59
1662
-4277
-1156
-3955
-3896
1906
67
2244
-175
-714
-908
-3086
-5178
-2564
-21213
-45
32
-4413
-3928
-6660
-4276
-19389
-157
-267
-82
-235
-1531
793
-1971
-2136
-2270
-133
531
-3142
-1603
-3773
-4042
1163
26
997
-194
-388
90
-2847
-3936
-2207
-17569
-183
-1109
-3427
-3734
-6284
-4109
-13986
-81
-1456
3
-763
-2998
383
-5050
-1681
-3242
127
-2018
-4599
-115
-4687
-3861
-1112
111
-1688
-267
1099
-2592
-4058
-422
-3242
-17349
-332
773
-4586
-3478
-2858
-4436
-16835
135
565
83
166
-2643
-1864
-4395
-2871
-2975
-11
-1949
-3892
-2804
-5172
-4469
412
47
-1635
-138
-894
-716
-3139
646
-2906
-21768
-449
-2035
-3855
-3143
-925
-3066
-20991
-120
-1965
-17
-313
-4052
-2870
-1894
-2924
-3426
-51
-665
-6077
-4142
-5192
-4915
1590
-155
277
32
297
2306
-2945
-3515
-3228
-23493
-188
723
-2190
-4592
-3265
-3416
-21815
-186
1675
38
-77
-2161
-1481
-554
-950
-2463
-100
1167
-6180
-5137
-6025
-5395
4679
-224
1835
71
495
-274
-2875
-3600
-2470
-26807
24
341
-5620
-5684
-5627
-5879
-16897
23
-269
-96
-113
-1797
-1572
424
-1858
-2382
-149
734
-3569
-4403
-2994
-3571
6143
-165
2345
110
32
-2018
-3182
-2216
-2407
-21710
79
-1065
-5929
-4047
-5162
-4030
-21836
30
-1731
-327
530
-2789
-1064
255
-3025
-2622
-224
691
-6199
-6032
-5343
-5645
8992
-92
1480
111
1581
-2080
-3979
-1519
-2492
-26874
-51
1840
-9209
-5582
-6648
-4818
-20839
-110
2788
-483
606
-3806
-818
-2086
-6240
-5335
-368
456
-14182
-12250
-14623
-14471
12424
-61
530
-218
159
-1847
-7922
-4630
-5283
-19047
-207
1164
-14315
-14159
-15658
-14188
15116
-153
1670
-271
40
-2767
1342
-2269
-2350
-2494
-225
306
-7120
-3614
-7136
-6968
4963
-140
809
-67
-1621
-455
-3187
-3792
-2185
-25527
-159
-3656
-6524
-6672
-9705
-6351
-11957
-154
-4712
271
725
-4435
-1069
-5179
-1471
-3541
340
1789
-4907
-944
-4046
-2796
-1480
160
973
-345
1244
-2819
-4104
1457
-3449
-14525
-222
650
-3153
-2819
-1978
-3499
-16721
47
114
326
769
-3076
-303
-3680
-1036
-2474
206
1070
-3690
-774
-2829
-2865
2
48
767
-201
-597
-667
-2399
-1296
-2510
-15562
-229
-2041
-2987
-2863
-2511
-1737
-18240
-17
-951
-149
-187
-4059
-3088
-1276
-3580
-3933
-186
331
-6904
-5976
-5056
-5887
2626
-141
-41
102
2038
774
-3615
-4745
-3785
-17806
-199
2270
-4126
-6166
-6290
-4899
-13151
161
3595
-140
315
-3852
-2338
-1917
-2796
-4027
-161
1214
-7316
-7043
-8034
-6079
7625
-260
948
59
1244
-656
-4135
-4538
-3892
-23002
96
1133
-7083
-7037
-8430
-7125
-18086
-80
114
-93
208
-3318
-1611
-3220
-3746
-4367
-208
1005
-6645
-6554
-8044
-6686
8655
-299
1887
88
-821
-2029
-4466
-3882
-4375
-18703
101
-1217
-8726
-7128
-9819
-7113
-15385
-161
-1657
-243
-1019
-1365
-1311
152
-2461
-3056
-316
-870
-5992
-7084
-5844
-5867
8746
-212
85
174
-261
-2926
-4886
-3253
-2978
-18862
52
-142
-10336
-6255
-8654
-5223
-10908
61
-814
-163
-1388
-3194
-910
-1796
-3230
-3472
-215
-2413
-8255
-6963
-8515
-7342
11513
-312
-3243
-106
169
-2059
-4855
-1681
-3344
-28008
-155
858
-10667
-7331
-9859
-6985
-17533
-151
1705
-189
-782
-1876
1603
-2140
-1434
-1541
-38
-1816
-5265
-1484
-5097
-5746
3910
-238
-2033
5
-568
-1507
-1854
-1083
-1372
-23655
-114
-1446
-5819
-5022
-6662
-4991
-13244
-247
-1142
-4
-500
-2313
-1517
-2736
-2495
-2898
38
611
-3392
-2196
-4568
-3472
-780
145
879
-267
295
-2692
-3486
782
-2951
-14953
-162
340
-3753
-2220
-2891
-3584
-12311
93
458
287
-552
-2099
-771
-355
-2869
-2621
33
-333
-3620
-2285
-2348
-3686
1290
40
657
-146
-49
-3773
-3165
-95
-2483
-14483
-277
-2088
-5588
-2526
-3895
-2110
-12162
-183
-1964
5
-927
-3676
-1727
1588
-3087
-2955
-135
-1035
-5338
-4256
-1550
-3822
4348
42
735
181
654
-2224
-3710
-2841
-2990
-19240
-148
920
-5582
-3928
-5394
-2641
-20746
83
1471
-38
-1536
-3434
-1227
-31
-4201
-3846
-224
-1767
-6728
-6227
-6412
-6546
7958
-75
-1647
154
868
-969
-5168
-4639
-3894
-23277
-37
1762
-7596
-6655
-9061
-6513
-19807
-138
2111
-70
-1433
-3303
-750
-2012
-3285
-3499
-145
-1188
-8112
-6674
-7984
-7415
8707
-239
-2419
48
148
-443
-4857
-3554
-3410
-24059
96
-7
-7592
-7759
-10350
-7781
-14265
-280
-1050
-129
621
-2698
-3024
-2352
-3322
-4097
-167
1976
-5684
-7731
-6885
-4954
8211
-164
1058
8
19
-761
-6192
-2678
-3976
-20091
-22
-323
-7342
-5472
-7883
-5329
-19661
-224
-1108
67
1426
-2281
-4463
-3372
-3526
-3879
-80
2115
-5826
-9485
-7803
-6138
10670
-114
1423
-156
-227
-2290
-5718
1470
-3879
-20488
-111
-328
-9496
-6770
-6535
-6579
-14538
-298
-138
-30
-142
-1463
-2375
-2308
-2109
-2166
-45
505
-2495
-3828
-3398
-3462
4367
-83
22
81
-576
-1746
-2874
1441
-2233
-15733
-160
-876
-4761
-3736
-2911
-3445
-16230
-209
-302
-81
336
412
-1184
-4377
-2907
-3209
-237
-175
-1014
-1587
-6493
-4904
-2210
-62
-173
-118
283
-3118
-3345
-874
-3199
-16871
-41
423
-6112
-3744
-3482
-4687
-11473
156
507
75
572
-637
-1335
-2177
-2410
-2753
-172
428
-1645
-1961
-4289
-3715
-110
-131
-223
30
-270
-3647
-3404
272
-2415
-19989
-43
-1289
-5666
-3209
-2281
-1988
-18608
-88
-898
95
208
-2434
-770
196
-3025
-3110
-56
1894
-5884
-4453
-4925
-5826
4938
43
835
146
-1103
-3358
-4387
-2421
-3099
-19171
-218
-509
-7811
-5703
-6225
-4453
-13133
-143
34
137
-88
-2804
-455
1357
-2831
-3319
-4
869
-6842
-5176
-5091
-6088
8303
-16
-511
190
1058
-3044
-4329
-4283
-3277
-22018
-177
1087
-9799
-5934
-7879
-6655
-15503
-279
653
11
-282
-5028
-865
-953
-3229
-4157
20
947
-8308
-5492
-5453
-6627
6369
-34
132
-18
1365
-1776
-5790
-3305
-3879
-19320
-51
1344
-6420
-6993
-8004
-6927
-15289
-245
429
-216
655
-6086
-2444
-4073
-5492
-5789
-46
817
-7166
-6072
-6802
-6333
5968
-13
217
-215
682
-1852
-7785
-2227
-5686
-14389
-73
801
-7071
-6239
-6693
-5419
-20427
-306
363
-101
636
-4455
-5636
-5880
-5359
-5801
-62
737
-8375
-11096
-10087
-8578
8790
-32
-732
-319
-1580
-1841
-8229
1587
-5730
-19798
-61
-1405
-9343
-8994
-6170
-7932
-14240
-200
-942
-123
-344
-1995
-3261
-2099
-3383
-3138
-134
-425
-4683
-6461
-4888
-5801
4406
40
-419
-98
-1207
-2174
-4185
1213
-3098
-19319
-291
-1422
-6406
-6036
-3220
-5088
-13618
-51
-417
-34
-1042
-95
-1204
-3822
-3119
-2985
-125
-736
-993
-1661
-4693
-4874
-2379
-140
-825
-74
745
-2821
-3236
-301
-2862
-20052
-78
730
-5073
-3267
-3066
-4015
-16901
129
627
28
-855
-3344
-1224
-5598
-5290
-4771
-108
359
-3361
-1659
-5765
-5099
-1266
-79
-662
-60
-386
-5275
-4561
2240
-4509
-22001
-51
-673
-6602
-3847
-1415
-3266
-26033
32
-459
65
-1456
-3393
-82
-2942
-4456
-3960
98
-717
-6613
-2812
-6261
-6668
3362
67
-1922
-85
-1055
-4655
-4275
284
-3812
-22735
-338
-1611
-8941
-5292
-5383
-5086
-16430
-166
-1227
145
-1780
-2200
-1196
538
-1962
-2602
94
-601
-5602
-4946
-4546
-5023
6318
-20
-1267
152
1600
-2969
-3123
-1924
-2392
-27753
-213
348
-8205
-4104
-5262
-5089
-22223
-253
-199
40
-1393
-5165
-2380
-441
-3103
-4222
43
129
-6464
-5382
-3289
-5065
4661
-13
196
-68
1166
-3018
-4749
-2273
-4182
-18775
-97
1079
-6511
-5922
-5474
-5423
-18652
-163
709
-113
-1924
-5929
-1097
-3439
-4921
-5072
-108
-1375
-8030
-5110
-5227
-6598
6469
-135
-319
-172
432
-2924
-5431
-1622
-4867
-18502
-145
1907
-8416
-7139
-6728
-5685
-19286
-246
1529
-56
-1289
-6360
-3101
-7185
-6937
-6858
-7
-1160
-8181
-8192
-8818
-7926
7305
-63
-1170
-347
-1978
-2102
-7418
-977
-6736
-14330
-242
-1147
-7558
-7716
-6834
-7519
-18690
-253
-543
-104
-658
-2092
-1574
-2734
-2777
-2989
-68
-843
-4662
-5275
-4817
-5300
6278
-30
-812
-217
-1273
-1905
-3543
-444
-2954
-18971
-328
-2148
-6358
-4715
-5488
-4743
-16009
-173
-1826
-21
-699
235
-1586
-90
-2153
-2352
-12
102
95
-2429
-2476
-2974
-1179
-10
1004
-60
182
-3373
-2775
-1900
-2192
-17926
-248
-604
-3854
-1437
-3876
-2623
-18952
221
-483
119
-629
-2287
-83
-3906
-3743
-3542
96
-566
-3074
-1105
-5527
-4600
-770
-6
669
-142
329
-4109
-3929
539
-3369
-15557
-274
610
-5271
-2906
-3579
-2939
-15602
-60
649
232
-1257
-2365
-362
-3801
-3593
-2964
191
-812
-4515
-1558
-5342
-5365
34
124
-134
-22
-992
-3704
-3033
1462
-2879
-21085
-375
-2299
-5925
-2999
-4623
-3344
-15877
-171
-3033
38
-1686
-1494
-1120
-2844
-2699
-2563
-38
-599
-2968
-2496
-4162
-4190
2264
-102
-579
100
200
-3678
-1985
820
-2421
-21375
-231
-265
-6152
-2937
-4195
-2929
-21255
-159
-425
-63
-1635
-3959
-2246
-2524
-3380
-4477
-90
-870
-4072
-3134
-3692
-3787
3078
-79
-915
-109
1408
-4288
-3047
-2651
-4431
-15296
-174
1128
-6781
-4972
-5827
-3670
-21809
-173
1099
-247
-65
-4553
-1297
-2283
-4111
-4472
-184
-79
-7266
-5016
-5061
-6663
5983
-136
1486
-89
1045
-2597
-3901
-3974
-4490
-21384
-144
1617
-8719
-7244
-8744
-5521
-18980
-253
1151
-289
748
-5752
-2954
-4960
-7907
-6917
-174
469
-9582
-9656
-10022
-10282
8173
-77
1882
-328
-472
-1886
-7876
-3890
-6891
-16071
-190
373
-10010
-9191
-11422
-8733
-11098
-141
570
-332
255
-2990
-2168
-3310
-3840
-3798
-230
434
-4930
-5276
-5389
-5278
5723
-140
1171
-260
-952
-3106
-3888
-420
-3648
-18005
-247
-1664
-6934
-4041
-5957
-4813
-18927
-93
-1592
-126
177
1977
-1957
-690
-276
-1881
-221
138
1078
-3179
-3609
-3153
-2057
-125
21
-109
-563
-3655
-2247
-2654
-1775
-18805
-210
-1074
-4083
-3067
-5243
-3425
-13275
189
-1150
-2
-653
199
-41
-1937
839
-988
-179
-982
-126
104
-2817
-1580
-1925
-148
-985
-37
181
-1534
-1597
-1600
-808
-16775
-247
167
-2228
-2025
-4023
-1881
-13703
21
-271
-48
-1170
-772
-979
-2255
-1272
-1561
-140
-965
130
-214
-2108
-1230
-1477
-132
-443
6
-612
-1521
-1491
-239
-1464
-14231
-299
-550
-1346
-865
-2295
-1064
-18706
24
-767
-178
-1831
-1066
-1488
-2307
-2288
-2334
-158
-486
-649
-1242
-2609
-2377
-738
-202
-483
-96
-13
-2239
-1892
-560
-2191
-15889
-296
513
-1802
-1792
-3868
-2179
-20938
-157
259
-106
-2727
-2084
-1352
-1111
-2516
-2613
-256
-1145
-3027
-2863
-3888
-3915
2645
-204
-1206
-114
1842
-2240
-2880
-1543
-2504
-21473
-291
2082
-4695
-4513
-6105
-3410
-21345
-282
2530
-266
-1745
-3235
-1339
-899
-2618
-2797
-265
-1439
-5139
-3806
-3802
-5082
2740
-151
-1791
-198
1313
-2491
-3636
-789
-2597
-21001
-242
800
-5767
-5688
-5756
-4210
-16685
-197
612
-316
-1152
-2976
-2608
-1102
-3531
-3435
-249
-2443
-4669
-5454
-4278
-5943
3803
-100
-3001
-328
-75
-2521
-4848
-447
-3261
-22027
-256
446
-6213
-5573
-6561
-4593
-18742
-38
-392
-216
-257
-2643
-1797
-1328
-3385
-2953
-179
-560
-3602
-3612
-3077
-4372
2691
-87
-700
-338
-984
-3546
-3622
897
-2922
-14736
-366
-1085
-4853
-3128
-3862
-4174
-15198
-68
-1031
0
0
0
0
0
0
0
0
0
0
0
-3014
-1176
-3707
-1284
-2390
0
0
0
0
0
0
0
0
0
0
0
122
-2271
-706
-2464
-12829
0
0
0
0
0
0
0
0
0
0
0
-2592
-1421
-2469
-1710
-1724
0
0
0
0
0
0
0
0
0
0
0
177
-1695
645
-1537
-17497
0
0
0
0
0
0
0
0
0
0
0
-2141
-1806
-1649
-973
-1663
0
0
0
0
0
0
0
0
0
0
0
1115
-1497
-1475
-1401
-16755
0
0
0
0
0
0
0
0
0
0
0
-901
-461
-1115
142
-1418
0
0
0
0
0
0
0
0
0
0
0
64
-1764
-2620
-1241
-17290
0
0
0
0
0
0
0
0
0
0
0
-1033
181
-1069
411
-1554
0
0
0
0
0
0
0
0
0
0
0
-1164
-2527
-1305
-1379
-16074
0
0
0
0
0
0
0
0
0
0
0
-1222
-246
-1008
-1137
-2060
0
0
0
0
0
0
0
0
0
0
0
-1431
-3244
-662
-1888
-11409
0
0
0
0
0
0
0
0
0
0
0
-810
1303
-847
-2483
-2156
0
0
0
0
0
0
0
0
0
0
0
-1094
-2992
-2809
-1898
-19772
0
0
0
0
0
0
0
0
0
0
0
-1458
136
-1192
-2117
-1734
0
0
0
0
0
0
0
0
0
0
0
1184
-2394
-2208
-1473
-16284
0
0
0
0
0
0
0
0
0
0
0
-3092
-392
-3465
-77
-2275
0
0
0
0
0
0
0
0
0
0
0
-360
-3133
-1056
-2208
-17940
0
0
0
0
0
0
0
0
0
0
0
-3565
-1781
-3855
-905
-2305
0
0
0
0
0
0
0
0
0
0
0
1138
-2057
-764
-2153
-21915
0
0
0
0
0
0
0
0
0
0
0
-4453
-2430
-2608
-1139
-2801
0
0
0
0
0
0
0
0
0
0
0
2177
-1976
-4375
-2851
-22089
0
0
0
0
0
0
0
0
0
0
0
-2586
-1177
-1696
711
-2575
0
0
0
0
0
0
0
0
0
0
0
-1098
-2270
-4389
-2368
-21963
0
0
0
0
0
0
0
0
0
0
0
-1982
-1204
-469
355
-2319
0
0
0
0
0
0
0
0
0
0
0
-2285
-2626
-2543
-2106
-20430
0
0
0
0
0
0
0
0
0
0
0
-3581
-1934
85
-2001
-3736
0
0
0
0
0
0
0
0
0
0
0
-3049
-4835
-1544
-3645
-18827
0
0
0
0
0
0
0
0
0
0
0
-3982
408
-161
-2989
-3277
0
0
0
0
0
0
0
0
0
0
0
-1133
-6811
-2085
-3073
-20108
0
0
0
0
0
0
0
0
0
0
0
-3303
528
-2048
-1695
-2430
0
0
0
0
0
0
0
0
0
0
0
77
-2244
-2886
-2191
-20154
0
0
0
0
0
0
0
0
0
0
0
-3517
-2105
-4117
-797
-3247
0
0
0
0
0
0
0
0
0
0
0
-1766
-4233
275
-3286
-12652
0
0
0
0
0
0
0
0
0
0
0
-3784
-1129
-3495
-425
-2635
0
0
0
0
0
0
0
0
0
0
0
-331
-2274
-1912
-2742
-13457
0
0
0
0
0
0
0
0
0
0
0
-4451
-2156
-900
-1301
-2613
0
0
0
0
0
0
0
0
0
0
0
494
-2540
-4521
-3016
-21062
0
0
0
0
0
0
0
0
0
0
0
-4938
-1722
-3034
-1775
-4420
0
0
0
0
0
0
0
0
0
0
0
-1888
-3233
-6073
-4460
-16552
0
0
0
0
0
0
0
0
0
0
0
-5287
-1213
-3811
-2198
-4318
0
0
0
0
0
0
0
0
0
0
0
-1967
-3481
-4137
-4265
-14342
0
0
0
0
0
0
0
0
0
0
0
-3978
-1238
659
-1148
-3236
0
0
0
0
0
0
0
0
0
0
0
-3130
-5554
-2240
-3318
-15300
0
0
0
0
0
0
0
0
0
0
0
-2641
-1597
-2002
-288
-3299
0
0
0
0
0
0
0
0
0
0
0
-2854
-5796
-1565
-3088
-25993
0
0
0
0
0
0
0
0
0
0
0
-2279
49
-1959
-266
-1776
0
0
0
0
0
0
0
0
0
0
0
-822
-1854
-2179
-1619
-17839
0
0
0
0
0
0
0
0
0
0
0
-2055
-1423
-1749
-1800
-1974
0
0
0
0
0
0
0
0
0
0
0
-854
-2234
70
-1918
-15221
0
0
0
0
0
0
0
0
0
0
0
-2178
-750
-136
-544
-1623
0
0
0
0
0
0
0
0
0
0
0
-2256
-1887
-409
-1507
-16400
0
0
0
0
0
0
0
0
0
0
0
-2944
-1722
1207
-1077
-2662
0
0
0
0
0
0
0
0
0
0
0
-2471
-4122
-2297
-2705
-20034
0
0
0
0
0
0
0
0
0
0
0
-3233
-181
-561
-2065
-3026
0
0
0
0
0
0
0
0
0
0
0
-541
-4917
-3745
-2896
-23960
0
0
0
0
0
0
0
0
0
0
0
-4029
-196
-2588
-2117
-3341
0
0
0
0
0
0
0
0
0
0
0
-574
-4660
-3547
-3403
-19029
0
0
0
0
0
0
0
0
0
0
0
-3593
-1212
-1929
-2146
-3294
0
0
0
0
0
0
0
0
0
0
0
-806
-5424
-1858
-3370
-21442
0
0
0
0
0
0
0
0
0
0
0
-2641
-2811
-3060
-1389
-3520
0
0
0
0
0
0
0
0
0
0
0
-2299
-6495
1010
-3414
-19790
0
0
0
0
0
0
0
0
0
0
0
-1736
-1619
-2217
-832
-1756
0
0
0
0
0
0
0
0
0
0
0
-507
-2863
1255
-1625
-16483
0
0
0
0
0
0
0
0
0
0
0
-1266
-1011
-2857
-2292
-2109
0
0
0
0
0
0
0
0
0
0
0
373
-2733
-801
-1824
-16592
0
0
0
0
0
0
0
0
0
0
0
-1545
-1514
-2349
-1189
-2503
0
0
0
0
0
0
0
0
0
0
0
-1133
-4158
-292
-2281
-15930
0
0
0
0
0
0
0
0
0
0
0
-2724
-658
573
-1022
-2967
0
0
0
0
0
0
0
0
0
0
0
-1729
-5483
-2799
-2813
-16583
0
0
0
0
0
0
0
0
0
0
0
-2424
24
499
-1445
-3327
0
0
0
0
0
0
0
0
0
0
0
-2889
-5866
-3702
-3132
-18410
0
0
0
0
0
0
0
0
0
0
0
-3326
-571
-2251
-1915
-4493
0
0
0
0
0
0
0
0
0
0
0
-2233
-7164
-4177
-4419
-13320
0
0
0
0
0
0
0
0
0
0
0
-6542
-1382
-5306
-3678
-5939
0
0
0
0
0
0
0
0
0
0
0
-915
-7881
-3525
-5960
-10419
0
0
0
0
0
0
0
0
0
0
0
-6794
-3541
-6792
-2201
-6011
0
0
0
0
0
0
0
0
0
0
0
-558
-9085
-1390
-5852
-13736
0
0
0
0
0
0
0
0
0
0
0
-2836
-2192
-2681
-903
-2679
0
0
0
0
0
0
0
0
0
0
0
-459
-4282
-15
-2427
-17686
0
0
0
0
0
0
0
0
0
0
0
-1257
-1171
-2705
-1795
-1925
0
0
0
0
0
0
0
0
0
0
0
1051
-3592
-832
-1848
-19621
0
0
0
0
0
0
0
0
0
0
0
-2414
-436
-4033
-2433
-2729
0
0
0
0
0
0
0
0
0
0
0
-600
-4437
367
-2406
-25197
0
0
0
0
0
0
0
0
0
0
0
-2367
26
-1946
-1689
-2549
0
0
0
0
0
0
0
0
0
0
0
-1310
-4681
-876
-2338
-22723
0
0
0
0
0
0
0
0
0
0
0
-2917
-1341
-301
-1089
-3043
0
0
0
0
0
0
0
0
0
0
0
-2897
-4216
-2810
-2917
-20606
0
0
0
0
0
0
0
0
0
0
0
-3754
-2211
-1894
-3265
-4940
0
0
0
0
0
0
0
0
0
0
0
-3619
-5961
-3333
-4840
-12061
0
0
0
0
0
0
0
0
0
0
0
-4461
-74
-3806
-3171
-4441
0
0
0
0
0
0
0
0
0
0
0
-2168
-5053
-3030
-4321
-19079
0
0
0
0
0
0
0
0
0
0
0
-5275
-418
-6029
-3876
-5271
0
0
0
0
0
0
0
0
0
0
0
-1073
-5817
-3271
-4824
-16844
0
0
0
0
0
0
0
0
0
0
0
-2374
-858
-2881
-539
-2801
0
0
0
0
0
0
0
0
0
0
0
-1219
-2995
-2354
-2379
-16789
0
0
0
0
0
0
0
0
0
0
0
-1222
-1209
564
-407
-1658
0
0
0
0
0
0
0
0
0
0
0
-484
-2995
-2147
-1516
-18289
0
0
0
0
0
0
0
0
0
0
0
-1454
509
-1547
-1164
-1668
0
0
0
0
0
0
0
0
0
0
0
-1169
-3110
81
-1496
-19738
0
0
0
0
0
0
0
0
0
0
0
-1532
-398
-2217
-1997
-2038
0
0
0
0
0
0
0
0
0
0
0
-1636
-3161
1179
-1927
-20175
0
0
0
0
0
0
0
0
0
0
0
-2220
-1420
-2455
-1734
-2371
0
0
0
0
0
0
0
0
0
0
0
-2654
-2044
255
-2270
-18289
0
0
0
0
0
0
0
0
0
0
0
-3491
-1904
-3277
-3433
-3957
0
0
0
0
0
0
0
0
0
0
0
-3257
-2951
-2105
-4004
-15631
0
0
0
0
0
0
0
0
0
0
0
-4908
-794
-2598
-3451
-4291
0
0
0
0
0
0
0
0
0
0
0
-2349
-3618
-3795
-4395
-18643
0
0
0
0
0
0
0
0
0
0
0
-4605
-158
-2425
-5466
-4515
0
0
0
0
0
0
0
0
0
0
0
-227
-6084
-3217
-4428
-21339
0
0
0
0
0
0
0
0
0
0
0
-2908
-648
-2853
-2200
-2982
0
0
0
0
0
0
0
0
0
0
0
-1674
-2840
-1483
-2698
-19922
0
0
0
0
0
0
0
0
0
0
0
-811
-913
28
708
-1305
0
0
0
0
0
0
0
0
0
0
0
-1390
-2028
-2416
-1202
-18060
0
0
0
0
0
0
0
0
0
0
0
361
-355
-1928
422
-1255
0
0
0
0
0
0
0
0
0
0
0
-1219
-2159
-1559
-1380
-12448
0
0
0
0
0
0
0
0
0
0
0
-274
-778
-1859
-1330
-1363
0
0
0
0
0
0
0
0
0
0
0
-826
-1361
201
-1304
-13504
0
0
0
0
0
0
0
0
0
0
0
-946
-582
-1416
-1997
-1375
0
0
0
0
0
0
0
0
0
0
0
-437
-765
-519
-1197
-17817
0
0
0
0
0
0
0
0
0
0
0
-2645
-740
-1380
-3159
-2388
0
0
0
0
0
0
0
0
0
0
0
-481
-1768
-1931
-2175
-19312
0
0
0
0
0
0
0
0
0
0
0
-4583
-1502
-969
-3783
-3498
0
0
0
0
0
0
0
0
0
0
0
-1659
-3495
-2055
-3527
-12980
0
0
0
0
0
0
0
0
0
0
0
-3989
-1758
-647
-3404
-3270
0
0
0
0
0
0
0
0
0
0
0
-1217
-5123
-1182
-3385
-18319
0
0
0
0
0
0
0
0
0
0
0
-2593
-1099
-508
-1694
-1943
0
0
0
0
0
0
0
0
0
0
0
-1684
-2498
109
-1773
-17204
0
0
0
0
0
0
0
0
0
0
0
0
0
0
0
0
0
0
0
0
0
0
0
0
0
0
0
0
0
0
0
0
0
0
0
0
0
0
0
0
0
0
0
0
0
0
0
0
0
0
0
0
0
0
0
0
0
0
0
0
0
0
0
0
0
0
0
0
0
0
0
0
0
0
0
0
0
0
0
0
0
0
0
0
0
0
0
0
0
0
0
0
0
0
0
0
0
0
0
0
0
0
0
0
0
0
0
0
0
0
0
0
0
0
0
0
0
0
0
0
0
0
0
0
0
0
0
0
0
0
0
0
0
0
0
0
0
0
0
0
0
0
0
0
0
0
0
0
0
0
0
0
0
0
0
0
0
0
0
0
0
0
0
0
0
0
0
0
0
0
0
0
0
0
0
0
0
0
0
0
0
0
0
0
0
0
0
0
0
0
0
0
0
0
0
0
0
0
0
0
0
0
0
0
0
0
0
0
0
0
0
0
0
0
0
0
0
0
0
0
0
0
0
0
0
0
0
0
0
0
0
0
0
0
0
0
0
0
0
0
0
0
0
0
0
0
0
0
0
0
0
0
0
0
0
0
0
0
0
0
0
0
0
0
0
0
0
0
0
0
0
0
0
0
0
0
0
0
0
0
0
0
0
0
0
0
0
0
0
0
0
0
0
0
0
0
0
0
0
0
0
0
0
0
0
0
0
0
0
0
0
0
0
0
0
0
0
0
0
0
0
0
0
0
0
0
0
0
0
0
0
0
0
0
0
0
0
0
0
0
0
0
0
0
0
0
0
0
0
0
0
0
0
0
0
0
0
0
0
0
0
0
0
0
0
0
0
0
0
0
0
0
0
0
0
0
0
0
0
0
0
0
0
0
0
0
0
0
0
0
0
0
0
0
0
0
0
0
0
0
0
0
0
0
0
0
0
0
0
0
0
0
0
0
0
0
0
0
0
0
0
0
0
0
0
0
0
0
0
0
0
0
0
0
0
0
0
0
0
0
0
0
0
0
0
0
0
0
0
0
0
0
0
0
0
0
0
0
0
0
0
0
0
0
0
0
0
0
0
0
0
0
0
0
0
0
0
0
0
0
0
0
0
0
0
0
0
0
0
0
0
0
0
0
0
0
0
0
0
0
0
0
0
0
0
0
0
0
0
0
0
0
0
0
0
0
0
0
0
0
0
0
0
0
0
0
0
0
0
0
0
0
0
0
0
0
0
0
0
0
0
0
0
0
0
0
0
0
0
0
0
0
0
0
0
0
0
0
0
0
0
0
0
0
0
0
0
0
0
0
0
0
0
0
0
0
0
0
0
0
0
0
0
0
0
0
0
0
0
0
0
0
0
0
0
0
0
0
0
0
0
0
0
0
0
0
0
0
0
0
0
0
0
0
0
0
0
0
0
0
0
0
0
0
0
0
0
0
0
0
0
0
0
0
0
0
0
0
0
0
0
0
0
0
0
0
0
0
0
0
0
0
0
0
0
0
0
0
0
0
0
0
0
0
0
0
0
0
0
0
0
0
0
0
0
0
0
0
0
0
0
0
0
0
0
0
0
0
0
0
0
0
0
0
0
0
0
0
0
0
0
0
0
0
0
0
0
0
0
0
0
0
0
0
0
0
0
0
0
0
0
0
0
0
0
0
0
0
0
0
0
0
0
0
0
0
0
0
0
0
0
0
0
0
0
0
0
0
0
0
0
0
0
0
0
0
0
0
0
0
0
0
0
0
0
0
0
0
0
0
0
0
0
0
0
0
0
0
0
0
0
0
0
0
0
0
0
0
0
0
0
0
0
0
0
0
0
0
0
0
0
0
0
0
0
0
0
0
0
0
0
0
0
0
0
0
0
0
0
0
0
0
0
0
0
0
0
0
0
0
0
0
0
0
0
0
0
0
0
0
0
0
0
0
0
0
0
0
0
0
0
0
0
0
0
0
0
0
0
0
0
0
0
0
0
0
0
0
0
0
0
0
0
0
0
0
0
0
0
0
0
0
0
0
0
0
0
0
0
0
0
0
0
0
0
0
0
0
0
0
0
0
0
0
0
0
0
0
0
0
0
0
0
0
0
0
0
0
0
0
0
0
0
0
0
0
0
0
0
0
0
0
0
0
0
0
0
0
0
0
0
0
0
0
0
0
0
0
0
0
0
0
0
0
0
0
0
0
0
0
0
0
0
0
0
0
0
0
0
0
0
0
0
0
0
0
0
0
0
0
0
0
0
0
0
0
0
0
0
0
0
0
0
0
0
0
0
0
0
0
0
0
0
0
0
0
0
0
0
0
0
0
0
0
0
0
0
0
0
0
0
0
0
0
0
0
0
0
0
0
0
0
0
0
0
0
0
0
0
0
0
0
0
0
0
0
0
0
0
0
0
0
0
0
0
0
0
0
0
0
0
0
0
0
0
0
0
0
0
0
0
0
0
0
0
0
0
0
0
0
0
0
0
0
0
0
0
0
0
0
0
0
0
0
0
0
0
0
0
0
0
0
0
0
0
0
0
0
0
0
0
0
0
0
0
0
0
0
0
0
0
0
0
0
0
0
0
0
0
0
0
0
0
0
0
0
0
0
0
0
0
0
0
0
0
0
0
0
0
0
0
0
0
0
0
0
0
0
0
0
0
0
0
0
0
0
0
0
0
0
0
0
0
0
0
0
0
0
0
0
0
0
0
0
0
0
0
0
0
0
0
0
0
0
0
0
0
0
0
0
0
0
0
0
0
0
0
0
0
0
0
0
0
0
0
0
0
0
0
0
0
0
0
0
0
0
0
0
0
0
0
0
0
0
0
0
0
0
0
0
0
0
0
0
0
0
0
0
0
0
0
0
0
0
0
0
0
0
0
0
0
0
0
0
0
0
0
0
0
0
0
0
0
0
0
0
0
0
0
0
0
0
0
0
0
0
0
0
0
0
0
0
0
0
0
0
0
0
0
0
0
0
0
0
0
0
0
0
0
0
0
0
0
0
0
0
0
0
0
0
0
0
0
0
0
0
0
0
0
0
0
0
0
0
0
0
0
0
0
0
0
0
0
0
0
0
0
0
0
0
0
0
0
0
0
0
0
0
0
0
0
0
0
0
0
0
0
0
0
0
0
0
0
0
0
0
0
0
0
0
0
0
0
0
0
0
0
0
0
0
0
0
0
0
0
0
0
0
0
0
0
0
0
0
0
0
0
0
0
0
0
0
0
0
0
0
0
0
0
0
0
0
0
0
0
0
0
0
0
0
0
0
0
0
0
0
0
0
0
0
0
0
0
0
0
0
0
0
0
0
0
0
0
0
0
0
0
0
0
0
0
0
0
0
0
0
0
0
0
0
0
0
0
0
0
0
0
0
0
0
0
0
0
0
0
0
0
0
0
0
0
0
0
0
0
0
0
0
0
0
0
0
0
0
0
0
0
0
0
0
0
0
0
0
0
0
0
0
0
0
0
0
0
0
0
0
0
0
0
0
0
0
0
0
0
0
0
0
0
0
0
0
0
0
0
0
0
0
0
0
0
0
0
0
0
0
0
0
0
0
0
0
0
0
0
0
0
0
0
0
0
0
0
0
0
0
0
0
0
0
0
0
0
0
0
0
0
0
0
0
0
0
0
0
0
0
0
0
0
0
0
0
0
0
0
0
0
0
0
0
0
0
0
0
0
0
0
0
0
0
0
0
0
0
0
0
0
0
0
0
0
0
0
0
0
0
0
0
0
0
0
0
0
0
0
0
0
0
0
0
0
0
0
0
0
0
0
0
0
0
0
0
0
0
0
0
0
0
0
0
0
0
0
0
0
0
0
0
0
0
0
0
0
0
0
0
0
0
0
0
0
0
0
0
0
0
0
0
0
0
0
0
0
0
0
0
0
0
0
0
0
0
0
0
0
0
0
0
0
0
0
0
0
0
0
0
0
0
0
0
0
0
0
0
0
0
0
0
0
0
0
0
0
0
0
0
0
0
0
0
0
0
0
0
0
0
0
0
0
0
0
0
0
0
0
0
0
0
0
0
0
0
0
0
0
0
0
0
0
0
0
0
0
0
0
0
0
0
0
0
0
0
0
0
0
0
0
0
0
0
0
0
0
0
0
0
0
0
0
0
0
0
0
0
0
0
0
0
0
0
0
0
0
0
0
0
0
0
0
0
0
0
0
0
0
0
0
0
0
0
0
0
0
0
0
0
0
0
0
0
0
0
0
0
0
0
0
0
0
0
0
0
0
0
0
0
0
0
0
0
0
0
0
0
0
0
0
0
0
0
0
0
0
0
0
0
0
0
0
0
0
0
0
0
0
0
0
0
0
0
0
0
0
0
0
0
0
0
0
0
0
0
0
0
0
0
0
0
0
0
0
0
0
0
0
0
0
0
0
0
0
0
0
0
0
0
0
0
0
0
0
0
0
0
0
0
0
0
0
0
0
0
0
0
0
0
0
0
0
0
0
0
0
0
0
0
0
0
0
0
0
0
0
0
0
0
0
0
0
0
0
0
0
0
0
0
0
0
0
0
0
0
0
0
0
0
0
0
0
0
0
0
0
0
0
0
0
0
0
0
0
0
0
0
0
0
0
0
0
0
0
0
0
0
0
0
0
0
0
0
0
0
0
0
0
0
0
0
0
0
0
0
0
0
0
0
0
0
0
0
0
0
0
0
0
0
0
0
0
0
0
0
0
0
0
0
0
0
0
0
0
0
0
0
0
0
0
0
0
0
0
0
0
0
0
0
0
0
0
0
0
0
0
0
0
0
0
0
0
0
0
0
0
0
0
0
0
0
0
0
0
0
0
0
0
0
0
0
0
0
0
0
0
0
0
0
0
0
0
0
0
0
0
0
0
0
0
0
0
0
0
0
0
0
0
0
0
0
0
0
0
0
0
0
0
0
0
0
0
0
0
0
0
0
0
0
0
0
0
0
0
0
0
0
0
0
0
0
0
0
0
0
0
0
0
0
0
0
0
0
0
0
0
0
0
0
0
0
0
0
0
0
0
0
0
0
0
0
0
0
0
0
0
0
0
0
0
0
0
0
0
0
0
0
0
0
0
0
0
0
0
0
0
0
0
0
0
0
0
0
0
0
0
0
0
0
0
0
0
0
0
0
0
0
0
0
0
0
0
0
0
0
0
0
0
0
0
0
0
0
0
0
0
0
0
0
0
0
0
0
0
0
0
0
0
0
0
0
0
0
0
0
0
0
0
0
0
0
0
0
0
0
0
0
0
0
0
0
0
0
0
0
0
0
0
0
0
0
0
0
0
0
0
0
0
0
0
0
0
0
0
0
0
0
0
0
0
0
0
0
0
0
0
0
0
0
0
0
0
0
0
0
0
0
0
0
0
0
0
0
0
0
0
0
0
0
0
0
0
0
0
0
0
0
0
0
0
0
0
0
0
0
0
0
0
0
0
0
0
0
0
0
0
0
0
0
0
0
0
0
0
0
0
0
0
0
0
0
0
0
0
0
0
0
0
0
0
0
0
0
0
0
0
0
0
0
0
0
0
0
0
0
0
0
0
0
0
0
0
0
0
0
0
0
0
0
0
0
0
0
0
0
0
0
0
0
0
0
0
0
0
0
0
0
0
0
0
0
0
0
0
0
0
0
0
0
0
0
0
0
0
0
0
0
0
0
0
0
0
0
0
0
0
0
0
0
0
0
0
0
0
0
0
0
0
0
0
0
0
0
0
0
0
0
0
0
0
0
0
0
0
0
0
0
0
0
0
0
0
0
0
0
0
0
0
0
0
0
0
0
0
0
0
0
0
0
0
0
0
0
0
0
0
0
0
0
0
0
0
0
0
0
0
0
0
0
0
0
0
0
0
0
0
0
0
0
0
0
0
0
0
0
0
0
0
0
0
0
0
0
0
0
0
0
0
0
0
0
0
0
0
0
0
0
0
0
0
0
0
0
0
0
0
0
0
0
0
0
0
0
0
0
0
0
0
0
0
0
0
0
0
0
0
0
0
0
0
0
0
0
0
0
0
0
0
0
0
0
0
0
0
0
0
0
0
0
0
0
0
0
0
0
0
0
0
0
0
0
0
0
0
0
0
0
0
0
0
0
0
0
0
0
0
0
0
0
0
0
0
0
0
0
0
0
0
0
0
0
0
0
0
0
0
0
0
0
0
0
0
0
0
0
0
0
0
0
0
0
0
0
0
0
0
0
0
0
0
0
0
0
0
0
0
0
0
0
0
0
0
0
0
0
0
0
0
0
0
0
0
0
0
0
0
0
0
0
0
0
0
0
0
0
0
0
0
0
0
0
0
0
0
0
0
0
0
0
0
0
0
0
0
0
0
0
0
0
0
0
0
0
0
0
0
0
0
0
0
0
0
0
0
0
0
0
0
0
0
0
0
0
0
0
0
0
0
0
0
0
0
0
0
0
0
0
0
0
0
0
0
0
0
0
0
0
0
0
0
0
0
0
0
0
0
0
0
0
0
0
0
0
0
0
0
0
0
0
0
0
0
0
0
0
0
0
0
0
0
0
0
0
0
0
0
0
0
0
0
0
0
0
0
0
0
0
0
0
0
0
0
0
0
0
0
0
0
0
0
0
0
0
0
0
0
0
0
0
0
0
0
0
0
0
0
0
0
0
0
0
0
0
0
0
0
0
0
0
0
0
0
0
0
0
0
0
0
0
0
0
0
0
0
0
0
0
0
0
0
0
0
0
0
0
0
0
0
0
0
0
0
0
0
0
0
0
0
0
0
0
0
0
0
0
0
0
0
0
0
0
0
0
0
0
0
0
0
0
0
0
0
0
0
0
0
0
0
0
0
0
0
0
0
0
0
0
0
0
0
0
0
0
0
0
0
0
0
0
0
0
0
0
0
0
0
0
0
0
0
0
0
0
0
0
0
0
0
0
0
0
0
0
0
0
0
0
0
0
0
0
0
0
0
0
0
0
0
0
0
0
0
0
0
0
0
0
0
0
0
0
0
0
0
0
0
0
0
0
0
0
0
0
0
0
0
0
0
0
0
0
0
0
0
0
0
0
0
0
0
0
0
0
0
0
0
0
0
0
0
0
0
0
0
0
0
0
0
0
0
0
0
0
0
0
0
0
0
0
0
0
0
0
0
0
0
0
0
0
0
0
0
0
0
0
0
0
0
0
0
0
0
0
0
0
0
0
0
0
0
0
0
0
0
0
0
0
0
0
0
0
0
0
0
0
0
0
0
0
0
0
0
0
0
0
0
0
0
0
0
0
0
0
0
0
0
0
0
0
0
0
0
0
0
0
0
0
0
0
0
0
0
0
0
0
0
0
0
0
0
0
0
0
0
0
0
0
0
0
0
0
0
0
0
0
0
0
0
0
0
0
0
0
0
0
0
0
0
0
0
0
0
0
0
0
0
0
0
0
0
0
0
0
0
0
0
0
0
0
0
0
0
0
0
0
0
0
0
0
0
0
0
0
0
0
0
0
0
0
0
0
0
0
0
0
0
0
0
0
0
0
0
0
0
0
0
0
0
0
0
0
0
0
0
0
0
0
0
0
0
0
0
0
0
0
0
0
0
0
0
0
0
0
0
0
0
0
0
0
0
0
0
0
0
0
0
0
0
0
0
0
0
0
0
0
0
0
0
0
0
0
0
0
0
0
0
0
0
0
0
0
0
0
0
0
0
0
0
0
0
0
0
0
0
0
0
0
0
0
0
0
0
0
0
0
0
0
0
0
0
0
0
0
0
0
0
0
0
0
0
0
0
0
0
0
0
0
0
0
0
0
0
0
0
0
0
0
0
0
0
0
0
0
0
0
0
0
0
0
0
0
0
0
0
0
0
0
0
0
0
0
0
0
0
0
0
0
0
0
0
0
0
0
0
0
0
0
0
0
0
0
0
0
0
0
0
0
0
0
0
0
0
0
0
0
0
0
0
0
0
0
0
0
0
0
0
0
0
0
0
0
0
0
0
0
0
0
0
0
0
0
0
0
0
0
0
0
0
0
0
0
0
0
0
0
0
0
0
0
0
0
0
0
0
0
0
0
0
0
0
0
0
0
0
0
0
0
0
0
0
0
0
0
0
0
0
0
0
0
0
0
0
0
0
0
0
0
0
0
0
0
0
0
0
0
0
0
0
0
0
0
0
0
0
0
0
0
0
0
0
0
0
0
0
0
0
0
0
0
0
0
0
0
0
0
0
0
0
0
0
0
0
0
0
0
0
0
0
0
0
0
0
0
0
0
0
0
0
0
0
0
0
0
0
0
0
0
0
0
0
0
0
0
0
0
0
0
0
0
0
0
0
0
0
0
0
0
0
0
0
0
0
0
0
0
0
0
0
0
0
0
0
0
0
0
0
0
0
0
0
0
0
0
0
0
0
0
0
0
0
0
0
0
0
0
0
0
0
0
0
0
0
0
0
0
0
0
0
0
0
0
0
0
0
0
0
0
0
0
0
0
0
0
0
0
0
0
0
0
0
0
0
0
0
0
0
0
0
0
0
0
0
0
0
0
0
0
0
0
0
0
0
0
0
0
0
0
0
0
0
0
0
0
0
0
0
0
0
0
0
0
0
0
0
0
0
0
0
0
0
0
0
0
0
0
0
0
0
0
0
0
0
0
0
0
0
0
0
0
0
0
0
0
0
0
0
0
0
0
0
0
0
0
0
0
0
0
0
0
0
0
0
0
0
0
0
0
0
0
0
0
0
0
0
0
0
0
0
0
0
0
0
0
0
0
0
0
0
0
0
0
0
0
0
0
0
0
0
0
0
0
0
0
0
0
0
0
0
0
0
0
0
0
0
0
0
0
0
0
0
0
0
0
0
0
0
0
0
0
0
0
0
0
0
0
0
0
0
0
0
0
0
0
0
0
0
0
0
0
0
0
0
0
0
0
0
0
0
0
0
0
0
0
0
0
0
0
0
0
0
0
0
0
0
0
0
0
0
0
0
0
0
0
0
0
0
0
0
0
0
0
0
0
0
0
0
0
0
0
0
0
0
0
0
0
0
0
0
0
0
0
0
0
0
0
0
0
0
0
0
0
0
0
0
0
0
0
0
0
0
0
0
0
0
0
0
0
0
0
0
0
0
0
0
0
0
0
0
0
0
0
0
0
0
0
0
0
0
0
0
0
0
0
0
0
0
0
0
0
0
0
0
0
0
0
0
0
0
0
0
0
0
0
0
0
0
0
0
0
0
0
0
0
0
0
0
0
0
0
0
0
0
0
0
0
0
0
0
0
0
0
0
0
0
0
0
0
0
0
0
0
0
0
0
0
0
0
0
0
0
0
0
0
0
0
0
0
0
0
0
0
0
0
0
0
0
0
0
0
0
0
0
0
0
0
0
0
0
0
0
0
0
0
0
0
0
0
0
0
0
0
0
0
0
0
0
0
0
0
0
0
0
0
0
0
0
0
0
0
0
0
0
0
0
0
0
0
0
0
0
0
0
0
0
0
0
0
0
0
0
0
0
0
0
0
0
0
0
0
0
0
0
0
0
0
0
0
0
0
0
0
0
0
0
0
0
0
0
0
0
0
0
0
0
0
0
0
0
0
0
0
0
0
0
0
0
0
0
0
0
0
0
0
0
0
0
0
0
0
0
0
0
0
0
0
0
0
0
0
0
0
0
0
0
0
0
0
0
0
0
0
0
0
0
0
0
0
0
0
0
0
0
0
0
0
0
0
0
0
0
0
0
0
0
0
0
0
0
0
0
0
0
0
0
0
0
0
0
0
0
0
0
0
0
0
0
0
0
0
0
0
0
0
0
0
0
0
0
0
0
0
0
0
0
0
0
0
0
0
0
0
0
0
0
0
0
0
0
0
0
0
0
0
0
0
0
0
0
0
0
0
0
0
0
0
0
0
0
0
0
0
0
0
0
0
0
0
0
0
0
0
0
0
0
0
0
0
0
0
0
0
0
0
0
0
0
0
0
0
0
0
0
0
0
0
0
0
0
0
0
0
0
0
0
0
0
0
0
0
0
0
0
0
0
0
0
0
0
0
0
0
0
0
0
0
0
0
0
0
0
0
0
0
0
0
0
0
0
0
0
0
0
0
0
0
0
0
0
0
0
0
0
0
0
0
0
0
0
0
0
0
0
0
0
0
0
0
0
0
0
0
0
0
0
0
0
0
0
0
0
0
0
0
0
0
0
0
0
0
0
0
0
0
0
0
0
0
0
0
0
0
0
0
0
0
0
0
0
0
0
0
0
0
0
0
0
0
0
0
0
0
0
0
0
0
0
0
0
0
0
0
0
0
0
0
0
0
0
0
0
0
0
0
0
0
0
0
0
0
0
0
0
0
0
0
0
0
0
0
0
0
0
0
0
0
0
0
0
0
0
0
0
0
0
0
0
0
0
0
0
0
0
0
0
0
0
0
0
0
0
0
0
0
0
0
0
0
0
0
0
0
0
0
0
0
0
0
0
0
0
0
0
0
0
0
0
0
0
0
0
0
0
0
0
0
0
0
0
0
0
0
0
0
0
0
0
0
0
0
0
0
0
0
0
0
0
0
0
0
0
0
0
0
0
0
0
0
0
0
0
0
0
0
0
0
0
0
0
0
0
0
0
0
0
0
0
0
0
0
0
0
0
0
0
0
0
0
0
0
0
0
0
0
0
0
0
0
0
0
0
0
0
0
0
0
0
0
0
0
0
0
0
0
0
0
0
0
0
0
0
0
0
0
0
0
0
0
0
0
0
0
0
0
0
0
0
0
0
0
0
0
0
0
0
0
0
0
0
0
0
0
0
0
0
0
0
0
0
0
0
0
0
0
0
0
0
0
0
0
0
0
0
0
0
0
0
0
0
0
0
0
0
0
0
0
0
0
0
0
0
0
0
0
0
0
0
0
0
0
0
0
0
0
0
0
0
0
0
0
0
0
0
0
0
0
0
0
0
0
0
0
0
0
0
0
0
0
0
0
0
0
0
0
0
0
0
0
0
0
0
0
0
0
0
0
0
0
0
0
0
0
0
0
0
0
0
0
0
0
0
0
0
0
0
0
0
0
0
0
0
0
0
0
0
0
0
0
0
0
0
0
0
0
0
0
0
0
0
0
0
0
0
0
0
0
0
0
0
0
0
0
0
0
0
0
0
0
0
0
0
0
0
0
0
0
0
0
0
0
0
0
0
0
0
0
0
0
0
0
0
0
0
0
0
0
0
0
0
0
0
0
0
0
0
0
0
0
0
0
0
0
0
0
0
0
0
0
0
0
0
0
0
0
0
0
0
0
0
0
0
0
0
0
0
0
0
0
0
0
0
0
0
0
0
0
0
0
0
0
0
0
0
0
0
0
0
0
0
0
0
0
0
0
0
0
0
0
0
0
0
0
0
0
0
0
0
0
0
0
0
0
0
0
0
0
0
0
0
0
0
0
0
0
0
0
0
0
0
0
0
0
0
0
0
0
0
0
0
0
0
0
0
0
0
0
0
0
0
0
0
0
0
0
0
0
0
0
0
0
0
0
0
0
0
0
0
0
0
0
0
0
0
0
0
0
0
0
0
0
0
0
0
0
0
0
0
0
0
0
0
0
0
0
0
0
0
0
0
0
0
0
0
0
0
0
0
0
0
0
0
0
0
0
0
0
0
0
0
0
0
0
0
0
0
0
0
0
0
0
0
0
0
0
0
0
0
0
0
0
0
0
0
0
0
0
0
0
0
0
0
0
0
0
0
0
0
0
0
0
0
0
0
0
0
0
0
0
0
0
0
0
0
0
0
0
0
0
0
0
0
0
0
0
0
0
0
0
0
0
0
0
0
0
0
0
0
0
0
0
0
0
0
0
0
0
0
0
0
0
0
0
0
0
0
0
0
0
0
0
0
0
0
0
0
0
0
0
0
0
0
0
0
0
0
0
0
0
0
0
0
0
0
0
0
0
0
0
0
0
0
0
0
0
0
0
0
0
0
0
0
0
0
0
0
0
0
0
0
0
0
0
0
0
0
0
0
0
0
0
0
0
0
0
0
0
0
0
0
0
0
0
0
0
0
0
0
0
0
0
0
0
0
0
0
0
0
0
0
0
0
0
0
0
0
0
0
0
0
0
0
0
0
0
0
0
0
0
0
0
0
0
0
0
0
0
0
0
0
0
0
0
0
0
0
0
0
0
0
0
0
0
0
0
0
0
0
0
0
0
0
0
0
0
0
0
0
0
0
0
0
0
0
0
0
0
0
0
0
0
0
0
0
0
0
0
0
0
0
0
0
0
0
0
0
0
0
0
0
0
0
0
0
0
0
0
0
0
0
0
0
0
0
0
0
0
0
0
0
0
0
0
0
0
0
0
0
0
0
0
0
0
0
0
0
0
0
0
0
0
0
0
0
0
0
0
0
0
0
0
0
0
0
0
0
0
0
0
0
0
0
0
0
0
0
0
0
0
0
0
0
0
0
0
0
0
0
0
0
0
0
0
0
0
0
0
0
0
0
0
0
0
0
0
0
0
0
0
0
0
0
0
0
0
0
0
0
0
0
0
0
0
0
0
0
0
0
0
0
0
0
0
0
0
0
0
0
0
0
0
0
0
0
0
0
0
0
0
0
0
0
0
0
0
0
0
0
0
0
0
0
0
0
0
0
0
0
0
0
0
0
0
0
0
0
0
0
0
0
0
0
0
0
0
0
0
0
0
0
0
0
0
0
0
0
0
0
0
0
0
0
0
0
0
0
0
0
0
0
0
0
0
0
0
0
0
0
0
0
0
0
0
0
0
0
0
0
0
0
0
0
0
0
0
0
0
0
0
0
0
0
0
0
0
0
0
0
0
0
0
0
0
0
0
0
0
0
0
0
0
0
0
0
0
0
0
0
0
0
0
0
0
0
0
0
0
0
0
0
0
0
0
0
0
0
0
0
0
0
0
0
0
0
0
0
0
0
0
0
0
0
0
0
0
0
0
0
0
0
0
0
0
0
0
0
0
0
0
0
0
0
0
0
0
0
0
0
0
0
0
0
0
0
0
0
0
0
0
0
0
0
0
0
0
0
0
0
0
0
0
0
0
0
0
0
0
0
0
0
0
0
0
0
0
0
0
0
0
0
0
0
0
0
0
0
0
0
0
0
0
0
0
0
0
0
0
0
0
0
0
0
0
0
0
0
0
0
0
0
0
0
0
0
0
0
0
0
0
0
0
0
0
0
0
0
0
0
0
0
0
0
0
0
0
0
0
0
0
0
0
0
0
0
0
0
0
0
0
0
0
0
0
0
0
0
0
0
0
0
0
0
0
0
0
0
0
0
0
0
0
0
0
0
0
0
0
0
0
0
0
0
0
0
0
0
0
0
0
0
0
0
0
0
0
0
0
0
0
0
0
0
0
0
0
0
0
0
0
0
0
0
0
0
0
0
0
0
0
0
0
0
0
0
0
0
0
0
0
0
0
0
0
0
0
0
0
0
0
0
0
0
0
0
0
0
0
0
0
0
0
0
0
0
0
0
0
0
0
0
0
0
0
0
0
0
0
0
0
0
0
0
0
0
0
0
0
0
0
0
0
0
0
0
0
0
0
0
0
0
0
0
0
0
0
0
0
0
0
0
0
0
0
0
0
0
0
0
0
0
0
0
0
0
0
0
0
0
0
0
0
0
0
0
0
0
0
0
0
0
0
0
0
0
0
0
0
0
0
0
0
0
0
0
0
0
0
0
0
0
0
0
0
0
0
0
0
0
0
0
0
0
0
0
0
0
0
0
0
0
0
0
0
0
0
0
0
0
0
0
0
0
0
0
0
0
0
0
0
0
0
0
0
0
0
0
0
0
0
0
0
0
0
0
0
0
0
0
0
0
0
0
0
0
0
0
0
0
0
0
0
0
0
0
0
0
0
0
0
0
0
0
0
0
0
0
0
0
0
0
0
0
0
0
0
0
0
0
0
0
0
0
0
0
0
0
0
0
0
0
0
0
0
0
0
0
0
0
0
0
0
0
0
0
0
0
0
0
0
0
0
0
0
0
0
0
0
0
0
0
0
0
0
0
0
0
0
0
0
0
0
0
0
0
0
0
0
0
0
0
0
0
0
0
0
0
0
0
0
0
0
0
0
0
0
0
0
0
0
0
0
0
0
0
0
0
0
0
0
0
0
0
0
0
0
0
0
0
0
0
0
0
0
0
0
0
0
0
0
0
0
0
0
0
0
0
0
0
0
0
0
0
0
0
0
0
0
0
0
0
0
0
0
0
0
0
0
0
0
0
0
0
0
0
0
0
0
0
0
0
0
0
0
0
0
0
0
0
0
0
0
0
0
0
0
0
0
0
0
0
0
0
0
0
0
0
0
0
0
0
0
0
0
0
0
0
0
0
0
0
0
0
0
0
0
0
0
0
0
0
0
0
0
0
0
0
0
0
0
0
0
0
0
0
0
0
0
0
0
0
0
0
0
0
0
0
0
0
0
0
0
0
0
0
0
0
0
0
0
0
0
0
0
0
0
0
0
0
0
0
0
0
0
0
0
0
0
0
0
0
0
0
0
0
0
0
0
0
0
0
0
0
0
0
0
0
0
0
0
0
0
0
0
0
0
0
0
0
0
0
0
0
0
0
0
0
0
0
0
0
0
0
0
0
0
0
0
0
0
0
0
0
0
0
0
0
0
0
0
0
0
0
0
0
0
0
0
0
0
0
0
0
0
0
0
0
0
0
0
0
0
0
0
0
0
0
0
0
0
0
0
0
0
0
0
0
0
0
0
0
0
0
0
0
0
0
0
0
0
0
0
0
0
0
0
0
0
0
0
0
0
0
0
0
0
0
0
0
0
0
0
0
0
0
0
0
0
0
0
0
0
0
0
0
0
0
0
0
0
0
0
0
0
0
0
0
0
0
0
0
0
0
0
0
0
0
0
0
0
0
0
0
0
0
0
0
0
0
0
0
0
0
0
0
0
0
0
0
0
0
0
0
0
0
0
0
0
0
0
0
0
0
0
0
0
0
0
0
0
0
0
0
0
0
0
0
0
0
0
0
0
0
0
0
0
0
0
0
0
0
0
0
0
0
0
0
0
0
0
0
0
0
0
0
0
0
0
0
0
0
0
0
0
0
0
0
0
0
0
0
0
0
0
0
0
0
0
0
0
0
0
0
0
0
0
0
0
0
0
0
0
0
0
0
0
0
0
0
0
0
0
0
0
0
0
0
0
0
0
0
0
0
0
0
0
0
0
0
0
0
0
0
0
0
0
0
0
0
0
0
0
0
0
0
0
0
0
0
0
0
0
0
0
0
0
0
0
0
0
0
0
0
0
0
0
0
0
0
0
0
0
0
0
0
0
0
0
0
0
0
0
0
0
0
0
0
0
0
0
0
0
0
0
0
0
0
0
0
0
0
0
0
0
0
0
0
0
0
0
0
0
0
0
0
0
0
0
0
0
0
0
0
0
0
0
0
0
0
0
0
0
0
0
0
0
0
0
0
0
0
0
0
0
0
0
0
0
0
0
0
0
0
0
0
0
0
0
0
0
0
0
0
0
0
0
0
0
0
0
0
0
0
0
0
0
0
0
0
0
0
0
0
0
0
0
0
0
0
0
0
0
0
0
0
0
0
0
0
0
0
0
0
0
0
0
0
0
0
0
0
0
0
0
0
0
0
0
0
0
0
0
0
0
0
0
0
0
0
0
0
0
0
0
0
0
0
0
0
0
0
0
0
0
0
0
0
0
0
0
0
0
0
0
0
0
0
0
0
0
0
0
0
0
0
0
0
0
0
0
0
0
0
0
0
0
0
0
0
0
0
0
0
0
0
0
0
0
0
0
0
0
0
0
0
0
0
0
0
0
0
0
0
0
0
0
0
0
0
0
0
0
0
0
0
0
0
0
0
0
0
0
0
0
0
0
0
0
0
0
0
0
0
0
0
0
0
0
0
0
0
0
0
0
0
0
0
0
0
0
0
0
0
0
0
0
0
0
0
0
0
0
0
0
0
0
0
0
0
0
0
0
0
0
0
0
0
0
0
0
0
0
0
0
0
0
0
0
0
0
0
0
0
0
0
0
0
0
0
0
0
0
0
0
0
0
0
0
0
0
0
0
0
0
0
0
0
0
0
0
0
0
0
0
0
0
0
0
0
0
0
0
0
0
0
0
0
0
0
0
0
0
0
0
0
0
0
0
0
0
0
0
0
0
0
0
0
0
0
0
0
0
0
0
0
0
0
0
0
0
0
0
0
0
0
0
0
0
0
0
0
0
0
0
0
0
0
0
0
0
0
0
0
0
0
0
0
0
0
0
0
0
0
0
0
0
0
0
0
0
0
0
0
0
0
0
0
0
0
0
0
0
0
0
0
0
0
0
0
0
0
0
0
0
0
0
0
0
0
0
0
0
0
0
0
0
0
0
0
0
0
0
0
0
0
0
0
0
0
0
0
0
0
0
0
0
0
0
0
0
0
0
0
0
0
0
0
0
0
0
0
0
0
0
0
0
0
0
0
0
0
0
0
0
0
0
0
0
0
0
0
0
0
0
0
0
0
0
0
0
0
0
0
0
0
0
0
0
0
0
0
0
0
0
0
0
0
0
0
0
0
0
0
0
0
0
0
0
0
0
0
0
0
0
0
0
0
0
0
0
0
0
0
0
0
0
0
0
0
0
0
0
0
0
0
0
0
0
0
0
0
0
0
0
0
0
0
0
0
0
0
0
0
0
0
0
0
0
0
0
0
0
0
0
0
0
0
0
0
0
0
0
0
0
0
0
0
0
0
0
0
0
0
0
0
0
0
0
0
0
0
0
0
0
0
0
0
0
0
0
0
0
0
0
0
0
0
0
0
0
0
0
0
0
0
0
0
0
0
0
0
0
0
0
0
0
0
0
0
0
0
0
0
0
0
0
0
0
0
0
0
0
0
0
0
0
0
0
0
0
0
0
0
0
0
0
0
0
0
0
0
0
0
0
0
0
0
0
0
0
0
0
0
0
0
0
0
0
0
0
0
0
0
0
0
0
0
0
0
0
0
0
0
0
0
0
0
0
0
0
0
0
0
0
0
0
0
0
0
0
0
0
0
0
0
0
0
0
0
0
0
0
0
0
0
0
0
0
0
0
0
0
0
0
0
0
0
0
0
0
0
0
0
0
0
0
0
0
0
0
0
0
0
0
0
0
0
0
0
0
0
0
0
0
0
0
0
0
0
0
0
0
0
0
0
0
0
0
0
0
0
0
0
0
0
0
0
0
0
0
0
0
0
0
0
0
0
0
0
0
0
0
0
0
0
0
0
0
0
0
0
0
0
0
0
0
0
0
0
0
0
0
0
0
0
0
0
0
0
0
0
0
0
0
0
0
0
0
0
0
0
0
0
0
0
0
0
0
0
0
0
0
0
0
0
0
0
0
0
0
0
0
0
0
0
0
0
0
0
0
0
0
0
0
0
0
0
0
0
0
0
0
0
0
0
0
0
0
0
0
0
0
0
0
0
0
0
0
0
0
0
0
0
0
0
0
0
0
0
0
0
0
0
0
0
0
0
0
0
0
0
0
0
0
0
0
0
0
0
0
0
0
0
0
0
0
0
0
0
0
0
0
0
0
0
0
0
0
0
0
0
0
0
0
0
0
0
0
0
0
0
0
0
0
0
0
0
0
0
0
0
0
0
0
0
0
0
0
0
0
0
0
0
0
0
0
0
0
0
0
0
0
0
0
0
0
0
0
0
0
0
0
0
0
0
0
0
0
0
0
0
0
0
0
0
0
0
0
0
0
0
0
0
0
0
0
0
0
0
0
0
0
0
0
0
0
0
0
0
0
0
0
0
0
0
0
0
0
0
0
0
0
0
0
0
0
0
0
0
0
0
0
0
0
0
0
0
0
0
0
0
0
0
0
0
0
0
0
0
0
0
0
0
0
0
0
0
0
0
0
0
0
0
0
0
0
0
0
0
0
0
0
0
0
0
0
0
0
0
0
0
0
0
0
0
0
0
0
0
0
0
0
0
0
0
0
0
0
0
0
0
0
0
0
0
0
0
0
0
0
0
0
0
0
0
0
0
0
0
0
0
0
0
0
0
0
0
0
0
0
0
0
0
0
0
0
0
0
0
0
0
0
0
0
0
0
0
0
0
0
0
0
0
0
0
0
0
0
0
0
0
0
0
0
0
0
0
0
0
0
0
0
0
0
0
0
0
0
0
0
0
0
0
0
0
0
0
0
0
0
0
0
0
0
0
0
0
0
0
0
0
0
0
0
0
0
0
0
0
0
0
0
0
0
0
0
0
0
0
0
0
0
0
0
0
0
0
0
0
0
0
0
0
0
0
0
0
0
0
0
0
0
0
0
0
0
0
0
0
0
0
0
0
0
0
0
0
0
0
0
0
0
0
0
0
0
0
0
0
0
0
0
0
0
0
0
0
0
0
0
0
0
0
0
0
0
0
0
0
0
0
0
0
0
0
0
0
0
0
0
0
0
0
0
0
0
0
0
0
0
0
0
0
0
0
0
0
0
0
0
0
0
0
0
0
0
0
0
0
0
0
0
0
0
0
0
0
0
0
0
0
0
0
0
0
0
0
0
0
0
0
0
0
0
0
0
0
0
0
0
0
0
0
0
0
0
0
0
0
0
0
0
0
0
0
0
0
0
0
0
0
0
0
0
0
0
0
0
0
0
0
0
0
0
0
0
0
0
0
0
0
0
0
0
0
0
0
0
0
0
0
0
0
0
0
0
0
0
0
0
0
0
0
0
0
0
0
0
0
0
0
0
0
0
0
0
0
0
0
0
0
0
0
0
0
0
0
0
0
0
0
0
0
0
0
0
0
0
0
0
0
0
0
0
0
0
0
0
0
0
0
0
0
0
0
0
0
0
0
0
0
0
0
0
0
0
0
0
0
0
0
0
0
0
0
0
0
0
0
0
0
0
0
0
0
0
0
0
0
0
0
0
0
0
0
0
0
0
0
0
0
0
0
0
0
0
0
0
0
0
0
0
0
0
0
0
0
0
0
0
0
0
0
0
0
0
0
0
0
0
0
0
0
0
0
0
0
0
0
0
0
0
0
0
0
0
0
0
0
0
0
0
0
0
0
0
0
0
0
0
0
0
0
0
0
0
0
0
0
0
0
0
0
0
0
0
0
0
0
0
0
0
0
0
0
0
0
0
0
0
0
0
0
0
0
0
0
0
0
0
0
0
0
0
0
0
0
0
0
0
0
0
0
0
0
0
0
0
0
0
0
0
0
0
0
0
0
0
0
0
0
0
0
0
0
0
0
0
0
0
0
0
0
0
0
0
0
0
0
0
0
0
0
0
0
0
0
0
0
0
0
0
0
0
0
0
0
0
0
0
0
0
0
0
0
0
0
0
0
0
0
0
0
0
0
0
0
0
0
0
0
0
0
0
0
0
0
0
0
0
0
0
0
0
0
0
0
0
0
0
0
0
0
0
0
0
0
0
0
0
0
0
0
0
0
0
0
0
0
0
0
0
0
0
0
0
0
0
0
0
0
0
0
0
0
0
0
0
0
0
0
0
0
0
0
0
0
0
0
0
0
0
0
0
0
0
0
0
0
0
0
0
0
0
0
0
0
0
0
0
0
0
0
0
0
0
0
0
0
0
0
0
0
0
0
0
0
0
0
0
0
0
0
0
0
0
0
0
0
0
0
0
0
0
0
0
0
0
0
0
0
0
0
0
0
0
0
0
0
0
0
0
0
0
0
0
0
0
0
0
0
0
0
0
0
0
0
0
0
0
0
0
0
0
0
0
0
0
0
0
0
0
0
0
0
0
0
0
0
0
0
0
0
0
0
0
0
0
0
0
0
0
0
0
0
0
0
0
0
0
0
0
0
0
0
0
0
0
0
0
0
0
0
0
0
0
0
0
0
0
0
0
0
0
0
0
0
0
0
0
0
0
0
0
0
0
0
0
0
0
0
0
0
0
0
0
0
0
0
0
0
0
0
0
0
0
0
0
0
0
0
0
0
0
0
0
0
0
0
0
0
0
0
0
0
0
0
0
0
0
0
0
0
0
0
0
0
0
0
0
0
0
0
0
0
0
0
0
0
0
0
0
0
0
0
0
0
0
0
0
0
0
0
0
0
0
0
0
0
0
0
0
0
0
0
0
0
0
0
0
0
0
0
0
0
0
0
0
0
0
0
0
0
0
0
0
0
0
0
0
0
0
0
0
0
0
0
0
0
0
0
0
0
0
0
0
0
0
0
0
0
0
0
0
0
0
0
0
0
0
0
0
0
0
0
0
0
0
0
0
0
0
0
0
0
0
0
0
0
0
0
0
0
0
0
0
0
0
0
0
0
0
0
0
0
0
0
0
0
0
0
0
0
0
0
0
0
0
0
0
0
0
0
0
0
0
0
0
0
0
0
0
0
0
0
0
0
0
0
0
0
0
0
0
0
0
0
0
0
0
0
0
0
0
0
0
0
0
0
0
0
0
0
0
0
0
0
0
0
0
0
0
0
0
0
0
0
0
0
0
0
0
0
0
0
0
0
0
0
0
0
0
0
0
0
0
0
0
0
0
0
0
0
0
0
0
0
0
0
0
0
0
0
0
0
0
0
0
0
0
0
0
0
0
0
0
0
0
0
0
0
0
0
0
0
0
0
0
0
0
0
0
0
0
0
0
0
0
0
0
0
0
0
0
0
0
0
0
0
0
0
0
0
0
0
0
0
0
0
0
0
0
0
0
0
0
0
0
0
0
0
0
0
0
0
0
0
0
0
0
0
0
0
0
0
0
0
0
0
0
0
0
0
0
0
0
0
0
0
0
0
0
0
0
0
0
0
0
0
0
0
0
0
0
0
0
0
0
0
0
0
0
0
0
0
0
0
0
0
0
0
0
0
0
0
0
0
0
0
0
0
0
0
0
0
0
0
0
0
0
0
0
0
0
0
0
0
0
0
0
0
0
0
0
0
0
0
0
0
0
0
0
0
0
0
0
0
0
0
0
0
0
0
0
0
0
0
0
0
0
0
0
0
0
0
0
0
0
0
0
0
0
0
0
0
0
0
0
0
0
0
0
0
0
0
0
0
0
0
0
0
0
0
0
0
0
0
0
0
0
0
0
0
0
0
0
0
0
0
0
0
0
0
0
0
0
0
0
0
0
0
0
0
0
0
0
0
0
0
0
0
0
0
0
0
0
0
0
0
0
0
0
0
0
0
0
0
0
0
0
0
0
0
0
0
0
0
0
0
0
0
0
0
0
0
0
0
0
0
0
0
0
0
0
0
0
0
0
0
0
0
0
0
0
0
0
0
0
0
0
0
0
0
0
0
0
0
0
0
0
0
0
0
0
0
0
0
0
0
0
0
0
0
0
0
0
0
0
0
0
0
0
0
0
0
0
0
0
0
0
0
0
0
0
0
0
0
0
0
0
0
0
0
0
0
0
0
0
0
0
0
0
0
0
0
0
0
0
0
0
0
0
0
0
0
0
0
0
0
0
0
0
0
0
0
0
0
0
0
0
0
0
0
0
0
0
0
0
0
0
0
0
0
0
0
0
0
0
0
0
0
0
0
0
0
0
0
0
0
0
0
0
0
0
0
0
0
0
0
0
0
0
0
0
0
0
0
0
0
0
0
0
0
0
0
0
0
0
0
0
0
0
0
0
0
0
0
0
0
0
0
0
0
0
0
0
0
0
0
0
0
0
0
0
0
0
0
0
0
0
0
0
0
0
0
0
0
0
0
0
0
0
0
0
0
0
0
0
0
0
0
0
0
0
0
0
0
0
0
0
0
0
0
0
0
0
0
0
0
0
0
0
0
0
0
0
0
0
0
0
0
0
0
0
0
0
0
0
0
0
0
0
0
0
0
0
0
0
0
0
0
0
0
0
0
0
0
0
0
0
0
0
0
0
0
0
0
0
0
0
0
0
0
0
0
0
0
0
0
0
0
0
0
0
0
0
0
0
0
0
0
0
0
0
0
0
0
0
0
0
0
0
0
0
0
0
0
0
0
0
0
0
0
0
0
0
0
0
0
0
0
0
0
0
0
0
0
0
0
0
0
0
0
0
0
0
0
0
0
0
0
0
0
0
0
0
0
0
0
0
0
0
0
0
0
0
0
0
0
0
0
0
0
0
0
0
0
0
0
0
0
0
0
0
0
0
0
0
0
0
0
0
0
0
0
0
0
0
0
0
0
0
0
0
0
0
0
0
0
0
0
0
0
0
0
0
0
0
0
0
0
0
0
0
0
0
0
0
0
0
0
0
0
0
0
0
0
0
0
0
0
0
0
0
0
0
0
0
0
0
0
0
0
0
0
0
0
0
0
0
0
0
0
0
0
0
0
0
0
0
0
0
0
0
0
0
0
0
0
0
0
0
0
0
0
0
0
0
0
0
0
0
0
0
0
0
0
0
0
0
0
0
0
0
0
0
0
0
0
0
0
0
0
0
0
0
0
0
0
0
0
0
0
0
0
0
0
0
0
0
0
0
0
0
0
0
0
0
0
0
0
0
0
0
0
0
0
0
0
0
0
0
0
0
0
0
0
0
0
0
0
0
0
0
0
0
0
0
0
0
0
0
0
0
0
0
0
0
0
0
0
0
0
0
0
0
0
0
0
0
0
0
0
0
0
0
0
0
0
0
0
0
0
0
0
0
0
0
0
0
0
0
0
0
0
0
0
0
0
0
0
0
0
0
0
0
0
0
0
0
0
0
0
0
0
0
0
0
0
0
0
0
0
0
0
0
0
0
0
0
0
0
0
0
0
0
0
0
0
0
0
0
0
0
0
0
0
0
0
0
0
0
0
0
0
0
0
0
0
0
0
0
0
0
0
0
0
0
0
0
0
0
0
0
0
0
0
0
0
0
0
0
0
0
0
0
0
0
0
0
0
0
0
0
0
0
0
0
0
0
0
0
0
0
0
0
0
0
0
0
0
0
0
0
0
0
0
0
0
0
0
0
0
0
0
0
0
0
0
0
0
0
0
0
0
0
0
0
0
0
0
0
0
0
0
0
0
0
0
0
0
0
0
0
0
0
0
0
0
0
0
0
0
0
0
0
0
0
0
0
0
0
0
0
0
0
0
0
0
0
0
0
0
0
0
0
0
0
0
0
0
0
0
0
0
0
0
0
0
0
0
0
0
0
0
0
0
0
0
0
0
0
0
0
0
0
0
0
0
0
0
0
0
0
0
0
0
0
0
0
0
0
0
0
0
0
0
0
0
0
0
0
0
0
0
0
0
0
0
0
0
0
0
0
0
0
0
0
0
0
0
0
0
0
0
0
0
0
0
0
0
0
0
0
0
0
0
0
0
0
0
0
0
0
0
0
0
0
0
0
0
0
0
0
0
0
0
0
0
0
0
0
0
0
0
0
0
0
0
0
0
0
0
0
0
0
0
0
0
0
0
0
0
0
0
0
0
0
0
0
0
0
0
0
0
0
0
0
0
0
0
0
0
0
0
0
0
0
0
0
0
0
0
0
0
0
0
0
0
0
0
0
0
0
0
0
0
0
0
0
0
0
0
0
0
0
0
0
0
0
0
0
0
0
0
0
0
0
0
0
0
0
0
0
0
0
0
0
0
0
0
0
0
0
0
0
0
0
0
0
0
0
0
0
0
0
0
0
0
0
0
0
0
0
0
0
0
0
0
0
0
0
0
0
0
0
0
0
0
0
0
0
0
0
0
0
0
0
0
0
0
0
0
0
0
0
0
0
0
0
0
0
0
0
0
0
0
0
0
0
0
0
0
0
0
0
0
0
0
0
0
0
0
0
0
0
0
0
0
0
0
0
0
0
0
0
0
0
0
0
0
0
0
0
0
0
0
0
0
0
0
0
0
0
0
0
0
0
0
0
0
0
0
0
0
0
0
0
0
0
0
0
0
0
0
0
0
0
0
0
0
0
0
0
0
0
0
0
0
0
0
0
0
0
0
0
0
0
0
0
0
0
0
0
0
0
0
0
0
0
0
0
0
0
0
0
0
0
0
0
0
0
0
0
0
0
0
0
0
0
0
0
0
0
0
0
0
0
0
0
0
0
0
0
0
0
0
0
0
0
0
0
0
0
0
0
0
0
0
0
0
0
0
0
0
0
0
0
0
0
0
0
0
0
0
0
0
0
0
0
0
0
0
0
0
0
0
0
0
0
0
0
0
0
0
0
0
0
0
0
0
0
0
0
0
0
0
0
0
0
0
0
0
0
0
0
0
0
0
0
0
0
0
0
0
0
0
0
0
0
0
0
0
0
0
0
0
0
0
0
0
0
0
0
0
0
0
0
0
0
0
0
0
0
0
0
0
0
0
0
0
0
0
0
0
0
0
0
0
0
0
0
0
0
0
0
0
0
0
0
0
0
0
0
0
0
0
0
0
0
0
0
0
0
0
0
0
0
0
0
0
0
0
0
0
0
0
0
0
0
0
0
0
0
0
0
0
0
0
0
0
0
0
0
0
0
0
0
0
0
0
0
0
0
0
0
0
0
0
0
0
0
0
0
0
0
0
0
0
0
0
0
0
0
0
0
0
0
0
0
0
0
0
0
0
0
0
0
0
0
0
0
0
0
0
0
0
0
0
0
0
0
0
0
0
0
0
0
0
0
0
0
0
0
0
0
0
0
0
0
0
0
0
0
0
0
0
0
0
0
0
0
0
0
0
0
0
0
0
0
0
0
0
0
0
0
0
0
0
0
0
0
0
0
0
0
0
0
0
0
0
0
0
0
0
0
0
0
0
0
0
0
0
0
0
0
0
0
0
0
0
0
0
0
0
0
0
0
0
0
0
0
0
0
0
0
0
0
0
0
0
0
0
0
0
0
0
0
0
0
0
0
0
0
0
0
0
0
0
0
0
0
0
0
0
0
0
0
0
0
0
0
0
0
0
0
0
0
0
0
0
0
0
0
0
0
0
0
0
0
0
0
0
0
0
0
0
0
0
0
0
0
0
0
0
0
0
0
0
0
0
0
0
0
0
0
0
0
0
0
0
0
0
0
0
0
0
0
0
0
0
0
0
0
0
0
0
0
0
0
0
0
0
0
0
0
0
0
0
0
0
0
0
0
0
0
0
0
0
0
0
0
0
0
0
0
0
0
0
0
0
0
0
0
0
0
0
0
0
0
0
0
0
0
0
0
0
0
0
0
0
0
0
0
0
0
0
0
0
0
0
0
0
0
0
0
0
0
0
0
0
0
0
0
0
0
0
0
0
0
0
0
0
0
0
0
0
0
0
0
0
0
0
0
0
0
0
0
0
0
0
0
0
0
0
0
0
0
0
0
0
0
0
0
0
0
0
0
0
0
0
0
0
0
0
0
0
0
0
0
0
0
0
0
0
0
0
0
0
0
0
0
0
0
0
0
0
0
0
0
0
0
0
0
0
0
0
0
0
0
0
0
0
0
0
0
0
0
0
0
0
0
0
0
0
0
0
0
0
0
0
0
0
0
0
0
0
0
0
0
0
0
0
0
0
0
0
0
0
0
0
0
0
0
0
0
0
0
0
0
0
0
0
0
0
0
0
0
0
0
0
0
0
0
0
0
0
0
0
0
0
0
0
0
0
0
0
0
0
0
0
0
0
0
0
0
0
0
0
0
0
0
0
0
0
0
0
0
0
0
0
0
0
0
0
0
0
0
0
0
0
0
0
0
0
0
0
0
0
0
0
0
0
0
0
0
0
0
0
0
0
0
0
0
0
0
0
0
0
0
0
0
0
0
0
0
0
0
0
0
0
0
0
0
0
0
0
0
0
0
0
0
0
0
0
0
0
0
0
0
0
0
0
0
0
0
0
0
0
0
0
0
0
0
0
0
0
0
0
0
0
0
0
0
0
0
0
0
0
0
0
0
0
0
0
0
0
0
0
0
0
0
0
0
0
0
0
0
0
0
0
0
0
0
0
0
0
0
0
0
0
0
0
0
0
0
0
0
0
0
0
0
0
0
0
0
0
0
0
0
0
0
0
0
0
0
0
0
0
0
0
0
0
0
0
0
0
0
0
0
0
0
0
0
0
0
0
0
0
0
0
0
0
0
0
0
0
0
0
0
0
0
0
0
0
0
0
0
0
0
0
0
0
0
0
0
0
0
0
0
0
0
0
0
0
0
0
0
0
0
0
0
0
0
0
0
0
0
0
0
0
0
0
0
0
0
0
0
0
0
0
0
0
0
0
0
0
0
0
0
0
0
0
0
0
0
0
0
0
0
0
0
0
0
0
0
0
0
0
0
0
0
0
0
0
0
0
0
0
0
0
0
0
0
0
0
0
0
0
0
0
0
0
0
0
0
0
0
0
0
0
0
0
0
0
0
0
0
0
0
0
0
0
0
0
0
0
0
0
0
0
0
0
0
0
0
0
0
0
0
0
0
0
0
0
0
0
0
0
0
0
0
0
0
0
0
0
0
0
0
0
0
0
0
0
0
0
0
0
0
0
0
0
0
0
0
0
0
0
0
0
0
0
0
0
0
0
0
0
0
0
0
0
0
0
0
0
0
0
0
0
0
0
0
0
0
0
0
0
0
0
0
0
0
0
0
0
0
0
0
0
0
0
0
0
0
0
0
0
0
0
0
0
0
0
0
0
0
0
0
0
0
0
0
0
0
0
0
0
0
0
0
0
0
0
0
0
0
0
0
0
0
0
0
0
0
0
0
0
0
0
0
0
0
0
0
0
0
0
0
0
0
0
0
0
0
0
0
0
0
0
0
0
0
0
0
0
0
0
0
0
0
0
0
0
0
0
0
0
0
0
0
0
0
0
0
0
0
0
0
0
0
0
0
0
0
0
0
0
0
0
0
0
0
0
0
0
0
0
0
0
0
0
0
0
0
0
0
0
0
0
0
0
0
0
0
0
0
0
0
0
0
0
0
0
0
0
0
0
0
0
0
0
0
0
0
0
0
0
0
0
0
0
0
0
0
0
0
0
0
0
0
0
0
0
0
0
0
0
0
0
0
0
0
0
0
0
0
0
0
0
0
0
0
0
0
0
0
0
0
0
0
0
0
0
0
0
0
0
0
0
0
0
0
0
0
0
0
0
0
0
0
0
0
0
0
0
0
0
0
0
0
0
0
0
0
0
0
0
0
0
0
0
0
0
0
0
0
0
0
0
0
0
0
0
0
0
0
0
0
0
0
0
0
0
0
0
0
0
0
0
0
0
0
0
0
0
0
0
0
0
0
0
0
0
0
0
0
0
0
0
0
0
0
0
0
0
0
0
0
0
0
0
0
0
0
0
0
0
0
0
0
0
0
0
0
0
0
0
0
0
0
0
0
0
0
0
0
0
0
0
0
0
0
0
0
0
0
0
0
0
0
0
0
0
0
0
0
0
0
0
0
0
0
0
0
0
0
0
0
0
0
0
0
0
0
0
0
0
0
0
0
0
0
0
0
0
0
0
0
0
0
0
0
0
0
0
0
0
0
0
0
0
0
0
0
0
0
0
0
0
0
0
0
0
0
0
0
0
0
0
0
0
0
0
0
0
0
0
0
0
0
0
0
0
0
0
0
0
0
0
0
0
0
0
0
0
0
0
0
0
0
0
0
0
0
0
0
0
0
0
0
0
0
0
0
0
0
0
0
0
0
0
0
0
0
0
0
0
0
0
0
0
0
0
0
0
0
0
0
0
0
0
0
0
0
0
0
0
0
0
0
0
0
0
0
0
0
0
0
0
0
0
0
0
0
0
0
0
0
0
0
0
0
0
0
0
0
0
0
0
0
0
0
0
0
0
0
0
0
0
0
0
0
0
0
0
0
0
0
0
0
0
0
0
0
0
0
0
0
0
0
0
0
0
0
0
0
0
0
0
0
0
0
0
0
0
0
0
0
0
0
0
0
0
0
0
0
0
0
0
0
0
0
0
0
0
0
0
0
0
0
0
0
