-53
572
-2049
-1065
-1156
-1805
-2028
-220
25
-2430
-974
-1871
-2082
158
-35
-656
-117
1082
-1443
-1853
-396
-1930
-19100
-250
493
-2777
-2047
-1786
-2163
-21170
125
333
-110
242
-1945
-2116
-2010
-2353
-2368
-217
1021
-3234
-3207
-3139
-3895
26
-128
433
-48
824
-2707
-2848
2206
-2233
-22196
-254
-234
-4753
-2905
-1028
-3344
-17785
42
-347
-167
35
-2112
-2541
-1019
-2400
-2313
-132
780
-1908
-2430
-884
-2323
-1058
-92
160
1
240
-2457
-2362
1339
-2097
-20103
-216
-786
-2846
-1909
392
-1478
-22274
55
-507
-184
587
-2445
-2604
-1729
-1471
-1663
-96
728
-2042
-2201
-707
-1465
-726
-1
418
130
777
-147
-1744
841
-1629
-21554
-170
107
-893
-1579
388
-936
-25230
62
619
-101
746
-4022
-4191
-4598
-2765
-3339
-123
806
-4173
-3902
-2806
-2729
-717
-3
114
188
927
306
-2366
855
-3410
-14312
-113
-209
-477
-3215
-474
-3328
-18108
58
-152
-268
523
-2221
-1009
-2807
-2220
-2471
-267
780
-3814
-1996
-2822
-3950
-445
-8
482
285
11
-894
-1318
-1822
-2407
-18716
17
-460
-2799
-3285
-3664
-3851
-15095
122
-136
-154
221
-3230
959
-2404
-2094
-3903
-182
838
-3231
-1391
-2706
-2767
1230
34
447
115
-544
-2566
-3600
-5337
-3605
-17919
89
218
-4698
-2913
-5723
-3443
-23400
151
724
-50
995
-1083
-304
-2260
-1952
-2888
-233
1178
-3565
-3794
-4404
-5242
2062
-134
1013
-21
-1096
-1754
-3883
-2558
-2780
-20879
-141
-1463
-5170
-4555
-6787
-5089
-13483
-12
-443
107
746
-1983
-172
-2309
-1503
-1922
-66
646
-3189
695
-3337
-3405
-2151
-60
1058
-78
1097
-1844
-2351
-393
-2023
-22945
-238
828
-3127
-3138
-3194
-3225
-20107
91
1120
-43
838
-3026
-3923
-4762
-3716
-4078
-190
-434
-2825
-2703
-4759
-4174
-1698
-88
-15
-95
1239
-3448
-4648
3124
-3984
-16786
-149
-284
-4786
-3795
50
-3699
-20204
30
-558
-38
1142
-1762
-2818
-1962
-2249
-2602
-101
-665
-744
-1898
-965
-2014
-353
-60
24
120
355
-942
-2955
18
-2506
-19282
-65
-594
-1815
-1766
-1499
-1326
-26291
148
-307
-96
841
-1316
-1969
-997
-809
-1039
-134
-73
-2930
-2988
-1576
-2241
1610
-45
325
214
1822
995
-1382
-384
-1059
-21876
-22
1176
-1544
-1667
-2718
-2113
-20023
131
1171
-69
-181
-2491
-2347
-1521
-1756
-1664
90
-663
-6645
-4211
-4160
-4674
3174
-68
45
46
504
448
-1105
-67
-1805
-22863
122
-56
-4507
-3933
-4182
-4845
-11858
-9
-755
-289
-1173
-1896
-1583
-1037
-2187
-2129
-70
342
-5221
-3525
-4640
-4418
3680
-144
361
17
-1153
-243
-1260
-1766
-2106
-25996
142
330
-4620
-3956
-6596
-4606
-18691
44
-33
-383
272
-3896
-686
-4484
-4319
-4730
-252
1172
-5559
-5270
-6848
-4532
6314
-152
1626
-96
-351
-586
-4881
-4254
-4612
-15073
27
1891
-6687
-3924
-8769
-5354
-17142
-100
1928
-208
714
-2995
-2133
-4852
-4229
-4478
-127
851
-4240
-6491
-6650
-4841
6775
-151
1541
-242
-1666
742
-5371
-3564
-4501
-17201
51
-2429
-5676
-3558
-7806
-4903
-21290
-89
-1621
-7
177
-2615
-387
-2282
-2336
-3254
-107
639
-3675
-962
-3629
-4313
-3748
-83
604
-90
696
-3185
-3745
-1745
-3233
-14772
-239
-126
-3018
-4143
-4579
-4251
-10808
6
159
276
582
-1903
-2730
-1628
1358
-2281
-67
234
-1420
-2774
-1363
-1018
-1300
-128
273
61
1564
-3280
-3182
-169
-2099
-30139
-33
-1175
-3145
-2185
-1423
-1354
31964
34
-1346
265
790
-1881
-3428
-1303
988
-2713
-28
345
-1049
-3524
-488
-1167
-1298
-165
1579
215
441
-1333
-3403
-2246
-2656
-18623
51
555
-1597
-2483
-2475
-1274
-22921
86
48
49
126
-2614
-1929
-841
-207
-2278
10
1445
-3018
-2549
-1110
-993
1173
-132
744
90
1224
-1132
-2485
-1502
-2150
-19391
64
1024
-2347
-1360
-2663
-1875
-23686
157
698
22
757
-3910
-566
-3219
-1944
-3118
-125
995
-4898
-696
-4866
-3026
1256
-95
82
36
148
-1921
-3470
-607
-3165
-21825
17
6
-4958
-3987
-3744
-4224
-23346
-47
-225
-16
269
-3495
-472
-5139
-2619
-3636
-222
352
-5140
-4019
-6246
-5118
2755
-161
447
-54
-183
87
-3691
-2661
-3581
-18426
87
265
-3601
-5890
-8230
-6000
-15488
-136
487
-207
-567
-3464
-1127
-5694
-3174
-4227
-276
-1127
-6395
-7036
-6635
-5393
7815
-205
-1332
-40
48
-926
-2926
-4029
-4093
-18276
45
1787
-7905
-5760
-9792
-6822
-14104
-170
1115
-170
-616
-3044
-1473
-5077
-3394
-5018
-239
-2315
-5008
-5371
-6473
-5080
7620
-222
-2914
-195
-1912
-3040
-5769
-2690
-4896
-16439
-198
-2196
-9201
-5250
-8521
-6179
-19181
-253
-1984
-68
287
-2878
-2770
207
-2991
-3787
-129
1271
-3233
-4830
-4582
-3651
1956
-131
974
-120
644
-1488
-4389
-4051
-3690
-15742
-79
1278
-3920
-4600
-5816
-4154
-16663
33
844
47
598
-3437
-3209
525
-1525
-3433
-158
1862
-4732
-5482
-5078
-3239
2739
-34
980
75
561
-3018
-5198
-1834
-3305
-20369
42
-1765
-6274
-4391
-4101
-3331
-17432
76
-1666
289
-736
-2292
-3252
2866
-561
-3050
0
-799
-4103
-5676
-2713
-3802
2322
-62
-635
315
48
-3092
-4891
-4020
-2939
-21323
56
-246
-5115
-4424
-6614
-3386
-17008
175
82
105
-1349
-1936
-895
196
-222
-2203
-82
-814
-4268
-2761
-2532
-3116
3408
-200
-553
300
1241
-2506
-2973
-2371
-2082
-29104
249
56
-5957
-3656
-6070
-3132
-26253
233
91
109
-765
-3620
1468
-4529
-2759
-3509
-106
154
-5040
-405
-4499
-4744
2908
46
129
70
537
-3484
-4156
-478
-3437
-22360
127
12
-7630
-5663
-6629
-5184
-22065
-55
-137
142
-891
-3456
-1782
-5442
-2682
-3115
-95
-217
-5409
-5174
-5662
-4735
5814
-167
314
58
-326
-275
-3330
684
-3007
-22926
50
216
-5389
-5714
-6664
-5470
-19751
-235
554
57
996
-2520
-4592
-6113
-4260
-4111
-71
2656
-5222
-10042
-8244
-6094
8438
-144
1555
-81
724
-1489
-3684
295
-4006
-20932
-17
1847
-8582
-6391
-8100
-7579
-13276
-274
2165
-61
1774
-1070
-3924
-4107
-3145
-3325
-240
2585
-2651
-7134
-6739
-4523
6219
-34
2571
-93
-1412
-2774
-4424
1198
-3402
-20916
-117
-2152
-7546
-4219
-5012
-5201
-18762
-329
-1355
-233
-589
-2839
-1813
-3160
-3974
-3633
-225
-425
-4308
-5416
-6060
-5237
5250
-142
-15
-163
907
-1471
-3462
-1682
-3573
-17748
-93
1732
-7255
-5827
-6591
-6014
-15023
-98
1447
-238
-941
-3473
-2399
-1646
-3588
-3213
-292
-446
-6597
-6241
-5947
-5862
5995
-193
-666
-40
-886
-1492
-3867
-493
-2988
-23900
32
-2014
-7381
-6703
-7127
-5906
-14903
-114
-2290
12
-1917
-2619
-2273
403
-3105
-3117
-204
-419
-5200
-4544
-3724
-4686
4637
-163
-307
197
298
-2637
-4108
-1598
-3094
-19803
-68
-476
-6379
-4837
-6543
-3827
-16778
58
-679
67
-1103
-1938
-610
-1784
-2478
-2923
-97
60
-5443
-3044
-6074
-5197
6591
-143
267
-12
862
-3229
-3640
-874
-2877
-23425
30
1595
-8889
-5812
-7273
-4721
-18152
-60
2277
31
36
-3728
2553
-5687
-4248
-4035
-58
1354
-7226
-280
-8502
-7343
4558
-100
1575
-89
243
-5065
-4766
-287
-3988
-22462
-99
53
-11232
-8239
-8857
-7563
-13590
-281
-744
-35
158
-3636
-1197
-6377
-4083
-4070
-53
761
-7857
-5343
-9163
-7780
5213
-42
516
-59
1407
-3160
-5256
2137
-3868
-24844
-60
2752
-9424
-9094
-7436
-8579
-12467
-275
2144
-136
-89
-6592
-5841
-7873
-6890
-6381
-129
-199
-7253
-8671
-9415
-6867
4907
-1
-553
-202
1200
-2440
-8126
3531
-6323
-14252
-31
1705
-7328
-7812
-4456
-7974
-16126
-197
2407
-48
-279
-3896
-4639
-6640
-6945
-5850
-240
-791
-5808
-7280
-9354
-7724
3960
94
-1439
-279
-1980
-1011
-7351
-171
-5746
-16653
-292
-1939
-6663
-7833
-6284
-8227
-15977
-239
-1745
-108
-1065
-1986
-942
-1721
-2328
-2116
-104
-649
-3329
-3103
-3489
-3737
3363
-133
-1007
-12
849
-436
-1006
-2139
-2013
-22255
-159
962
-4236
-3789
-5635
-4045
-20096
-176
634
-98
-1056
-2114
-2271
-3376
-3493
-2579
-112
-732
-3852
-4896
-4914
-4917
5651
-211
-393
-82
30
-952
-2029
555
-2490
-23250
-120
-381
-6134
-5218
-5687
-4969
-19109
-312
-803
-187
-282
-2307
-2194
-3242
-2993
-2610
-145
990
-4829
-5466
-5403
-4892
7209
-206
957
25
478
-800
-2587
99
-2514
-26356
-135
-197
-6930
-5330
-6416
-4310
-22406
-251
-159
-135
1292
-2804
-885
-4627
-3726
-3550
-156
1879
-6344
-4618
-8007
-6692
7056
-123
1548
-146
1890
-2560
-4836
410
-3560
-22983
-36
2484
-9629
-7220
-7784
-6049
-15263
-216
2963
-155
665
-5186
-836
-7667
-5958
-5783
-134
736
-7176
-3890
-9923
-7824
4343
33
309
-174
-149
-3788
-7416
783
-5672
-17359
-71
-394
-9506
-8279
-7727
-7906
-14608
-279
-345
74
-406
-4462
-755
-5466
-3240
-3565
-81
-742
-7232
-2909
-6815
-6191
1471
2
248
115
567
-1726
-4537
811
-3543
-21824
-91
-723
-5287
-6827
-5804
-6653
-14601
-200
-383
114
-1854
-4551
-1877
-3476
-3054
-3806
46
-2488
-6561
-4607
-4635
-5236
1984
-64
-1062
-38
1203
1358
-4359
-3013
-3535
-18505
25
1609
-2089
-5946
-6897
-5717
-16282
-161
1092
149
-1384
-4205
-1197
-4655
-4133
-4072
-7
-1768
-5229
-3015
-5441
-5509
2063
113
-1448
-249
-2270
931
-4092
-3086
-3799
-20839
-310
-2121
-2967
-5414
-7026
-5851
-21522
-233
-1589
-11
60
-1268
-2429
-760
-2194
-2182
-62
926
-2646
-3727
-3890
-3610
2204
-60
-380
-95
1631
294
-2679
-2320
-2044
-16220
-307
1754
-3062
-3319
-4591
-3774
-14762
-152
1982
-52
205
-2436
-4002
-5420
-4189
-4424
-205
1102
-4556
-7625
-8564
-6296
5689
-139
491
-109
176
-214
-5746
-710
-4312
-17745
-243
552
-7386
-6398
-6961
-6568
-14624
-243
670
-237
185
-4701
-2598
-6253
-5375
-4804
-335
756
-8229
-7793
-10056
-8312
7958
-55
-231
-76
-670
1133
-6999
-923
-4748
-21816
-225
-1222
-7375
-8022
-9544
-7138
-16070
-355
-719
-232
-1817
-6433
779
-7272
-5641
-5500
-361
-1946
-9299
-2329
-8675
-8421
3453
-6
-1766
-10
118
-2922
-7660
369
-5321
-18948
5
-437
-9506
-8509
-8143
-7371
-14266
-186
-320
-195
-3373
-6117
-2051
-6360
-5058
-5469
-196
-3804
-6901
-3104
-5693
-6600
1874
-11
-2198
-20
482
-3384
-6597
1520
-5278
-17979
-18
-1013
-6877
-6929
-5579
-5878
-20543
-108
-1299
69
-1364
-4276
-3336
-2232
-1944
-2731
-64
-1452
-5637
-3276
-3986
-3953
-604
-122
272
200
-201
1391
-3008
-1054
-2821
-22798
33
-1888
-352
-3904
-3684
-3708
-21782
-37
-2167
9
-956
-4959
-3076
-2121
-1900
-4007
-86
787
-5483
-3072
-4608
-3206
-2061
-59
1394
-38
1261
1628
-3955
-4765
-3912
-25368
97
2060
-304
-4102
-4615
-4329
-28907
45
1385
-72
766
-5503
-2372
-3721
-4513
-5540
-56
2618
-4552
-2609
-5262
-3945
-2549
28
2048
-293
-1552
1692
-5353
-7144
-5583
-13445
-135
-1257
-514
-4021
-6265
-4984
-22333
75
-1109
-218
-1573
-1010
-1292
-215
-1211
-1889
-252
-1078
-3020
-3989
-2490
-3950
2093
-102
-687
-124
935
-2149
-2974
-1556
-1850
-18075
-250
1161
-4196
-3704
-5818
-3993
-13318
-117
1082
-340
-2076
-3265
-2851
-2309
-3803
-4058
-386
-1559
-5187
-6071
-4672
-5608
4132
-65
-1177
-121
858
-2576
-6095
-228
-3873
-15411
-201
1271
-6567
-5882
-6642
-5730
-14397
-169
739
-156
-1901
-5380
-2569
-4077
-5016
-4526
-209
-1818
-7331
-4928
-5789
-6637
3792
-51
-1503
-182
-1550
-3070
-6165
2926
-4269
-14224
-229
-1895
-5940
-5962
-5067
-5824
-12423
-179
-1750
81
-1340
-3617
-404
-2485
-2193
-2381
-57
-1248
-5029
-1127
-3817
-4285
1603
-1
-1424
-92
-1492
-2893
-3278
2611
-2235
-17414
-324
-1578
-4405
-3706
-3761
-3112
-13887
-168
-1212
38
-1287
-1980
-2044
-1198
-678
-1552
-104
-524
-2201
-1849
-2172
-1981
730
-113
-534
-57
316
-1285
-1726
698
-1569
-15536
-463
-351
-1457
-2099
-3436
-1555
-16589
-188
30
-249
-614
-2930
-3089
-671
-989
-1823
-351
-478
-4329
-4127
-3340
-2953
122
-96
-649
89
423
1601
-2465
-1604
-1954
-16261
-193
1047
555
-3308
-4888
-3066
-14290
-3
1379
-552
-794
-5159
-4787
-2359
-2703
-4252
-472
-1038
-6035
-4680
-4424
-2951
-1352
-83
-615
-51
247
-145
-5529
-1826
-4435
-15643
199
1039
-1331
-4366
-4489
-4679
-19295
315
572
-470
-1206
-4817
-4790
-3029
-4522
-5455
-428
-1476
-5840
-5568
-4427
-5322
-3840
-40
-1325
-283
-1034
1252
-6385
-4733
-5360
-10517
-20
-1303
973
-6113
-6672
-6068
-11890
180
-946
0
0
0
0
0
0
0
0
0
0
0
-1542
-1798
-1647
-1068
-1544
0
0
0
0
0
0
0
0
0
0
0
-117
-1401
-696
-1674
-17438
0
0
0
0
0
0
0
0
0
0
0
-1843
-2311
-1497
-1740
-2165
0
0
0
0
0
0
0
0
0
0
0
-1762
-2570
896
-2172
-17789
0
0
0
0
0
0
0
0
0
0
0
-2314
-2653
-779
-869
-1746
0
0
0
0
0
0
0
0
0
0
0
-1387
-1328
-137
-1742
-18089
0
0
0
0
0
0
0
0
0
0
0
-2766
-3031
-1232
-130
-1576
0
0
0
0
0
0
0
0
0
0
0
135
-580
-1027
-1560
-19290
0
0
0
0
0
0
0
0
0
0
0
-3345
-3762
-3754
-1042
-2396
0
0
0
0
0
0
0
0
0
0
0
33
-336
-1119
-2302
-16492
0
0
0
0
0
0
0
0
0
0
0
-3018
-2634
-3523
-670
-2755
0
0
0
0
0
0
0
0
0
0
0
-1678
-609
-2292
-2641
-13778
0
0
0
0
0
0
0
0
0
0
0
-3813
-1157
-3593
-167
-4226
0
0
0
0
0
0
0
0
0
0
0
-3048
-4514
-4711
-4156
-12194
0
0
0
0
0
0
0
0
0
0
0
-1833
-1097
-1473
367
-2475
0
0
0
0
0
0
0
0
0
0
0
-1316
-3441
-3015
-2219
-17559
0
0
0
0
0
0
0
0
0
0
0
-2061
-1371
-2261
50
-1686
0
0
0
0
0
0
0
0
0
0
0
-640
-1402
-1714
-1966
-18438
0
0
0
0
0
0
0
0
0
0
0
-3161
-2552
-2588
-650
-1862
0
0
0
0
0
0
0
0
0
0
0
-1038
-2501
1510
-1922
-22559
0
0
0
0
0
0
0
0
0
0
0
-2254
-2259
-2053
1077
-1158
0
0
0
0
0
0
0
0
0
0
0
0
-1586
-335
-1241
-22928
0
0
0
0
0
0
0
0
0
0
0
-2610
-2654
-1180
624
-1255
0
0
0
0
0
0
0
0
0
0
0
-587
-1185
-796
-1387
-18299
0
0
0
0
0
0
0
0
0
0
0
-2481
-3070
-1824
-1367
-1983
0
0
0
0
0
0
0
0
0
0
0
-1777
-657
-452
-1796
-18535
0
0
0
0
0
0
0
0
0
0
0
-2114
-1980
-1574
-856
-2148
0
0
0
0
0
0
0
0
0
0
0
-1445
-621
-2659
-2034
-23211
0
0
0
0
0
0
0
0
0
0
0
-3481
298
-3003
-2953
-3328
0
0
0
0
0
0
0
0
0
0
0
-658
-3508
-3936
-3536
-18374
0
0
0
0
0
0
0
0
0
0
0
-2639
-891
-4345
-3865
-3765
0
0
0
0
0
0
0
0
0
0
0
980
-4092
-3335
-3559
-17311
0
0
0
0
0
0
0
0
0
0
0
-2331
-1031
-1009
175
-1955
0
0
0
0
0
0
0
0
0
0
0
-2189
-2690
-1747
-2034
-15944
0
0
0
0
0
0
0
0
0
0
0
-3679
-4010
-3065
4815
-3301
0
0
0
0
0
0
0
0
0
0
0
-5208
-4105
-2961
-3386
-21917
0
0
0
0
0
0
0
0
0
0
0
-3689
-3878
-2957
4130
-2727
0
0
0
0
0
0
0
0
0
0
0
-2453
-4363
-2849
-2963
-15926
0
0
0
0
0
0
0
0
0
0
0
-2982
-2566
-881
924
-2054
0
0
0
0
0
0
0
0
0
0
0
-2451
-3173
-699
-2135
-18938
0
0
0
0
0
0
0
0
0
0
0
-2882
-1681
-2193
-1497
-2371
0
0
0
0
0
0
0
0
0
0
0
-2327
-2649
22
-2222
-22231
0
0
0
0
0
0
0
0
0
0
0
-3048
-263
-3202
-1997
-2641
0
0
0
0
0
0
0
0
0
0
0
-647
-2282
-2679
-2646
-18241
0
0
0
0
0
0
0
0
0
0
0
-3711
-299
-4887
-2619
-4004
0
0
0
0
0
0
0
0
0
0
0
-2243
-2339
-4403
-4089
-16673
0
0
0
0
0
0
0
0
0
0
0
-2175
-16
-3657
-1738
-3036
0
0
0
0
0
0
0
0
0
0
0
-1645
-4409
-2255
-2812
-23882
0
0
0
0
0
0
0
0
0
0
0
-2017
-1456
334
-1679
-2267
0
0
0
0
0
0
0
0
0
0
0
-1145
-3359
-3335
-2292
-19083
0
0
0
0
0
0
0
0
0
0
0
-2837
-2170
1501
-262
-2968
0
0
0
0
0
0
0
0
0
0
0
-3919
-4674
-3688
-3042
-18851
0
0
0
0
0
0
0
0
0
0
0
-4447
-3738
1138
2634
-4098
0
0
0
0
0
0
0
0
0
0
0
-4550
-6152
-6033
-4109
-12906
0
0
0
0
0
0
0
0
0
0
0
-2993
-2020
-957
2480
-2776
0
0
0
0
0
0
0
0
0
0
0
-3743
-4783
-2407
-2603
-24004
0
0
0
0
0
0
0
0
0
0
0
-3845
-175
-3456
-2253
-3742
0
0
0
0
0
0
0
0
0
0
0
-3324
-5492
413
-3432
-15934
0
0
0
0
0
0
0
0
0
0
0
-3440
-1324
-5073
-1949
-3349
0
0
0
0
0
0
0
0
0
0
0
-1939
-3235
-148
-3088
-17781
0
0
0
0
0
0
0
0
0
0
0
-3066
-1912
-5146
-3655
-3869
0
0
0
0
0
0
0
0
0
0
0
-2912
-3410
477
-3838
-19407
0
0
0
0
0
0
0
0
0
0
0
-2459
-2363
-4414
-3235
-3689
0
0
0
0
0
0
0
0
0
0
0
-2622
-4317
1051
-3560
-16300
0
0
0
0
0
0
0
0
0
0
0
-2398
-929
-2675
-3981
-2837
0
0
0
0
0
0
0
0
0
0
0
-909
-2758
-1585
-2866
-16475
0
0
0
0
0
0
0
0
0
0
0
-2548
-1183
-600
-3867
-2878
0
0
0
0
0
0
0
0
0
0
0
-1901
-2447
-2698
-2803
-19585
0
0
0
0
0
0
0
0
0
0
0
-1818
-1453
544
-861
-1872
0
0
0
0
0
0
0
0
0
0
0
-2494
-1770
-2744
-1896
-22213
0
0
0
0
0
0
0
0
0
0
0
-2178
-471
-1625
10
-2073
0
0
0
0
0
0
0
0
0
0
0
-2880
-2740
-1128
-1884
-23833
0
0
0
0
0
0
0
0
0
0
0
-3521
1258
-4539
-2483
-3463
0
0
0
0
0
0
0
0
0
0
0
-3795
-5120
838
-3220
-18193
0
0
0
0
0
0
0
0
0
0
0
-3767
-1061
-4871
-2357
-3545
0
0
0
0
0
0
0
0
0
0
0
-2760
-4558
1236
-3413
-21573
0
0
0
0
0
0
0
0
0
0
0
-4973
-3465
-6146
-6226
-5171
0
0
0
0
0
0
0
0
0
0
0
-1981
-6388
2263
-5069
-16641
0
0
0
0
0
0
0
0
0
0
0
-4222
-2268
-5193
-5609
-4040
0
0
0
0
0
0
0
0
0
0
0
672
-5084
344
-3812
-20098
0
0
0
0
0
0
0
0
0
0
0
-1203
-1007
-2326
-2482
-2055
0
0
0
0
0
0
0
0
0
0
0
-500
-1361
-2132
-2074
-18438
0
0
0
0
0
0
0
0
0
0
0
-562
-1123
-3224
-3313
-2278
0
0
0
0
0
0
0
0
0
0
0
-988
-1862
-882
-2137
-20294
0
0
0
0
0
0
0
0
0
0
0
-1320
-1659
-3828
-2925
-2947
0
0
0
0
0
0
0
0
0
0
0
-1974
-1636
-1321
-2771
-21156
0
0
0
0
0
0
0
0
0
0
0
-3075
-720
-4045
-2293
-3001
0
0
0
0
0
0
0
0
0
0
0
-2036
-4235
620
-3025
-20742
0
0
0
0
0
0
0
0
0
0
0
-4686
-598
-6358
-3597
-4532
0
0
0
0
0
0
0
0
0
0
0
-2124
-7149
1232
-4390
-15951
0
0
0
0
0
0
0
0
0
0
0
-3107
-1055
-3868
-658
-2838
0
0
0
0
0
0
0
0
0
0
0
-1617
-3562
-824
-2689
-21259
0
0
0
0
0
0
0
0
0
0
0
-3078
-2065
-3367
-2686
-3663
0
0
0
0
0
0
0
0
0
0
0
377
-4457
-3655
-3650
-14790
0
0
0
0
0
0
0
0
0
0
0
-2509
-1515
-4544
-2774
-3457
0
0
0
0
0
0
0
0
0
0
0
113
-3014
-3278
-3128
-19460
0
0
0
0
0
0
0
0
0
0
0
-927
-1782
-1140
-1726
-1730
0
0
0
0
0
0
0
0
0
0
0
569
-2865
-1900
-1909
-14913
0
0
0
0
0
0
0
0
0
0
0
-2361
-2314
-4256
-3821
-3550
0
0
0
0
0
0
0
0
0
0
0
23
-5849
-386
-3731
-16918
0
0
0
0
0
0
0
0
0
0
0
-3782
-1505
-5374
-3546
-4002
0
0
0
0
0
0
0
0
0
0
0
765
-6185
-1205
-3903
-20828
0
0
0
0
0
0
0
0
0
0
0
-4932
-131
-6420
-3340
-4350
0
0
0
0
0
0
0
0
0
0
0
-1861
-7080
1056
-4311
-17975
0
0
0
0
0
0
0
0
0
0
0
-4672
-2233
-6635
-3401
-4929
0
0
0
0
0
0
0
0
0
0
0
-2559
-7516
1749
-4680
-15172
0
0
0
0
0
0
0
0
0
0
0
-2879
-3547
-3283
-1270
-3263
0
0
0
0
0
0
0
0
0
0
0
-521
-3477
-1949
-3308
-17753
0
0
0
0
0
0
0
0
0
0
0
-2341
-3144
-2034
-2887
-3819
0
0
0
0
0
0
0
0
0
0
0
-39
-4357
-4613
-4036
-22469
0
0
0
0
0
0
0
0
0
0
0
-2315
-1978
-3096
-5417
-4353
0
0
0
0
0
0
0
0
0
0
0
1315
-4885
-5609
-4472
-14956
0
0
0
0
0
0
0
0
0
0
0
-1723
-1131
-522
-1236
-1727
0
0
0
0
0
0
0
0
0
0
0
-728
-3047
-918
-1788
-15549
0
0
0
0
0
0
0
0
0
0
0
-3635
-1829
-1917
-3783
-3612
0
0
0
0
0
0
0
0
0
0
0
-1484
-6704
679
-3703
-13604
0
0
0
0
0
0
0
0
0
0
0
-3779
-1733
-3557
-3461
-3343
0
0
0
0
0
0
0
0
0
0
0
-2232
-5767
2562
-3271
-15424
0
0
0
0
0
0
0
0
0
0
0
-2436
-950
-2863
-1028
-2175
0
0
0
0
0
0
0
0
0
0
0
-2224
-3560
1791
-2117
-14134
0
0
0
0
0
0
0
0
0
0
0
-768
-1257
-1484
335
-1003
0
0
0
0
0
0
0
0
0
0
0
-889
-2072
210
-970
-17050
0
0
0
0
0
0
0
0
0
0
0
-2036
-2449
-1240
-430
-1737
0
0
0
0
0
0
0
0
0
0
0
17
-2807
-1241
-1907
-15118
0
0
0
0
0
0
0
0
0
0
0
-3353
-3599
-613
-3871
-3282
0
0
0
0
0
0
0
0
0
0
0
-658
-4108
-1578
-3362
-18244
0
0
0
0
0
0
0
0
0
0
0
-3178
-3489
-917
-5406
-3450
0
0
0
0
0
0
0
0
0
0
0
2048
-4256
-3969
-3358
-14725
0
0
0
0
0
0
0
0
0
0
0
0
0
0
0
0
0
0
0
0
0
0
0
0
0
0
0
0
0
0
0
0
0
0
0
0
0
0
0
0
0
0
0
0
0
0
0
0
0
0
0
0
0
0
0
0
0
0
0
0
0
0
0
0
0
0
0
0
0
0
0
0
0
0
0
0
0
0
0
0
0
0
0
0
0
0
0
0
0
0
0
0
0
0
0
0
0
0
0
0
0
0
0
0
0
0
0
0
0
0
0
0
0
0
0
0
0
0
0
0
0
0
0
0
0
0
0
0
0
0
0
0
0
0
0
0
0
0
0
0
0
0
0
0
0
0
0
0
0
0
0
0
0
0
0
0
0
0
0
0
0
0
0
0
0
0
0
0
0
0
0
0
0
0
0
0
0
0
0
0
0
0
0
0
0
0
0
0
0
0
0
0
0
0
0
0
0
0
0
0
0
0
0
0
0
0
0
0
0
0
0
0
0
0
0
0
0
0
0
0
0
0
0
0
0
0
0
0
0
0
0
0
0
0
0
0
0
0
0
0
0
0
0
0
0
0
0
0
0
0
0
0
0
0
0
0
0
0
0
0
0
0
0
0
0
0
0
0
0
0
0
0
0
0
0
0
0
0
0
0
0
0
0
0
0
0
0
0
0
0
0
0
0
0
0
0
0
0
0
0
0
0
0
0
0
0
0
0
0
0
0
0
0
0
0
0
0
0
0
0
0
0
0
0
0
0
0
0
0
0
0
0
0
0
0
0
0
0
0
0
0
0
0
0
0
0
0
0
0
0
0
0
0
0
0
0
0
0
0
0
0
0
0
0
0
0
0
0
0
0
0
0
0
0
0
0
0
0
0
0
0
0
0
0
0
0
0
0
0
0
0
0
0
0
0
0
0
0
0
0
0
0
0
0
0
0
0
0
0
0
0
0
0
0
0
0
0
0
0
0
0
0
0
0
0
0
0
0
0
0
0
0
0
0
0
0
0
0
0
0
0
0
0
0
0
0
0
0
0
0
0
0
0
0
0
0
0
0
0
0
0
0
0
0
0
0
0
0
0
0
0
0
0
0
0
0
0
0
0
0
0
0
0
0
0
0
0
0
0
0
0
0
0
0
0
0
0
0
0
0
0
0
0
0
0
0
0
0
0
0
0
0
0
0
0
0
0
0
0
0
0
0
0
0
0
0
0
0
0
0
0
0
0
0
0
0
0
0
0
0
0
0
0
0
0
0
0
0
0
0
0
0
0
0
0
0
0
0
0
0
0
0
0
0
0
0
0
0
0
0
0
0
0
0
0
0
0
0
0
0
0
0
0
0
0
0
0
0
0
0
0
0
0
0
0
0
0
0
0
0
0
0
0
0
0
0
0
0
0
0
0
0
0
0
0
0
0
0
0
0
0
0
0
0
0
0
0
0
0
0
0
0
0
0
0
0
0
0
0
0
0
0
0
0
0
0
0
0
0
0
0
0
0
0
0
0
0
0
0
0
0
0
0
0
0
0
0
0
0
0
0
0
0
0
0
0
0
0
0
0
0
0
0
0
0
0
0
0
0
0
0
0
0
0
0
0
0
0
0
0
0
0
0
0
0
0
0
0
0
0
0
0
0
0
0
0
0
0
0
0
0
0
0
0
0
0
0
0
0
0
0
0
0
0
0
0
0
0
0
0
0
0
0
0
0
0
0
0
0
0
0
0
0
0
0
0
0
0
0
0
0
0
0
0
0
0
0
0
0
0
0
0
0
0
0
0
0
0
0
0
0
0
0
0
0
0
0
0
0
0
0
0
0
0
0
0
0
0
0
0
0
0
0
0
0
0
0
0
0
0
0
0
0
0
0
0
0
0
0
0
0
0
0
0
0
0
0
0
0
0
0
0
0
0
0
0
0
0
0
0
0
0
0
0
0
0
0
0
0
0
0
0
0
0
0
0
0
0
0
0
0
0
0
0
0
0
0
0
0
0
0
0
0
0
0
0
0
0
0
0
0
0
0
0
0
0
0
0
0
0
0
0
0
0
0
0
0
0
0
0
0
0
0
0
0
0
0
0
0
0
0
0
0
0
0
0
0
0
0
0
0
0
0
0
0
0
0
0
0
0
0
0
0
0
0
0
0
0
0
0
0
0
0
0
0
0
0
0
0
0
0
0
0
0
0
0
0
0
0
0
0
0
0
0
0
0
0
0
0
0
0
0
0
0
0
0
0
0
0
0
0
0
0
0
0
0
0
0
0
0
0
0
0
0
0
0
0
0
0
0
0
0
0
0
0
0
0
0
0
0
0
0
0
0
0
0
0
0
0
0
0
0
0
0
0
0
0
0
0
0
0
0
0
0
0
0
0
0
0
0
0
0
0
0
0
0
0
0
0
0
0
0
0
0
0
0
0
0
0
0
0
0
0
0
0
0
0
0
0
0
0
0
0
0
0
0
0
0
0
0
0
0
0
0
0
0
0
0
0
0
0
0
0
0
0
0
0
0
0
0
0
0
0
0
0
0
0
0
0
0
0
0
0
0
0
0
0
0
0
0
0
0
0
0
0
0
0
0
0
0
0
0
0
0
0
0
0
0
0
0
0
0
0
0
0
0
0
0
0
0
0
0
0
0
0
0
0
0
0
0
0
0
0
0
0
0
0
0
0
0
0
0
0
0
0
0
0
0
0
0
0
0
0
0
0
0
0
0
0
0
0
0
0
0
0
0
0
0
0
0
0
0
0
0
0
0
0
0
0
0
0
0
0
0
0
0
0
0
0
0
0
0
0
0
0
0
0
0
0
0
0
0
0
0
0
0
0
0
0
0
0
0
0
0
0
0
0
0
0
0
0
0
0
0
0
0
0
0
0
0
0
0
0
0
0
0
0
0
0
0
0
0
0
0
0
0
0
0
0
0
0
0
0
0
0
0
0
0
0
0
0
0
0
0
0
0
0
0
0
0
0
0
0
0
0
0
0
0
0
0
0
0
0
0
0
0
0
0
0
0
0
0
0
0
0
0
0
0
0
0
0
0
0
0
0
0
0
0
0
0
0
0
0
0
0
0
0
0
0
0
0
0
0
0
0
0
0
0
0
0
0
0
0
0
0
0
0
0
0
0
0
0
0
0
0
0
0
0
0
0
0
0
0
0
0
0
0
0
0
0
0
0
0
0
0
0
0
0
0
0
0
0
0
0
0
0
0
0
0
0
0
0
0
0
0
0
0
0
0
0
0
0
0
0
0
0
0
0
0
0
0
0
0
0
0
0
0
0
0
0
0
0
0
0
0
0
0
0
0
0
0
0
0
0
0
0
0
0
0
0
0
0
0
0
0
0
0
0
0
0
0
0
0
0
0
0
0
0
0
0
0
0
0
0
0
0
0
0
0
0
0
0
0
0
0
0
0
0
0
0
0
0
0
0
0
0
0
0
0
0
0
0
0
0
0
0
0
0
0
0
0
0
0
0
0
0
0
0
0
0
0
0
0
0
0
0
0
0
0
0
0
0
0
0
0
0
0
0
0
0
0
0
0
0
0
0
0
0
0
0
0
0
0
0
0
0
0
0
0
0
0
0
0
0
0
0
0
0
0
0
0
0
0
0
0
0
0
0
0
0
0
0
0
0
0
0
0
0
0
0
0
0
0
0
0
0
0
0
0
0
0
0
0
0
0
0
0
0
0
0
0
0
0
0
0
0
0
0
0
0
0
0
0
0
0
0
0
0
0
0
0
0
0
0
0
0
0
0
0
0
0
0
0
0
0
0
0
0
0
0
0
0
0
0
0
0
0
0
0
0
0
0
0
0
0
0
0
0
0
0
0
0
0
0
0
0
0
0
0
0
0
0
0
0
0
0
0
0
0
0
0
0
0
0
0
0
0
0
0
0
0
0
0
0
0
0
0
0
0
0
0
0
0
0
0
0
0
0
0
0
0
0
0
0
0
0
0
0
0
0
0
0
0
0
0
0
0
0
0
0
0
0
0
0
0
0
0
0
0
0
0
0
0
0
0
0
0
0
0
0
0
0
0
0
0
0
0
0
0
0
0
0
0
0
0
0
0
0
0
0
0
0
0
0
0
0
0
0
0
0
0
0
0
0
0
0
0
0
0
0
0
0
0
0
0
0
0
0
0
0
0
0
0
0
0
0
0
0
0
0
0
0
0
0
0
0
0
0
0
0
0
0
0
0
0
0
0
0
0
0
0
0
0
0
0
0
0
0
0
0
0
0
0
0
0
0
0
0
0
0
0
0
0
0
0
0
0
0
0
0
0
0
0
0
0
0
0
0
0
0
0
0
0
0
0
0
0
0
0
0
0
0
0
0
0
0
0
0
0
0
0
0
0
0
0
0
0
0
0
0
0
0
0
0
0
0
0
0
0
0
0
0
0
0
0
0
0
0
0
0
0
0
0
0
0
0
0
0
0
0
0
0
0
0
0
0
0
0
0
0
0
0
0
0
0
0
0
0
0
0
0
0
0
0
0
0
0
0
0
0
0
0
0
0
0
0
0
0
0
0
0
0
0
0
0
0
0
0
0
0
0
0
0
0
0
0
0
0
0
0
0
0
0
0
0
0
0
0
0
0
0
0
0
0
0
0
0
0
0
0
0
0
0
0
0
0
0
0
0
0
0
0
0
0
0
0
0
0
0
0
0
0
0
0
0
0
0
0
0
0
0
0
0
0
0
0
0
0
0
0
0
0
0
0
0
0
0
0
0
0
0
0
0
0
0
0
0
0
0
0
0
0
0
0
0
0
0
0
0
0
0
0
0
0
0
0
0
0
0
0
0
0
0
0
0
0
0
0
0
0
0
0
0
0
0
0
0
0
0
0
0
0
0
0
0
0
0
0
0
0
0
0
0
0
0
0
0
0
0
0
0
0
0
0
0
0
0
0
0
0
0
0
0
0
0
0
0
0
0
0
0
0
0
0
0
0
0
0
0
0
0
0
0
0
0
0
0
0
0
0
0
0
0
0
0
0
0
0
0
0
0
0
0
0
0
0
0
0
0
0
0
0
0
0
0
0
0
0
0
0
0
0
0
0
0
0
0
0
0
0
0
0
0
0
0
0
0
0
0
0
0
0
0
0
0
0
0
0
0
0
0
0
0
0
0
0
0
0
0
0
0
0
0
0
0
0
0
0
0
0
0
0
0
0
0
0
0
0
0
0
0
0
0
0
0
0
0
0
0
0
0
0
0
0
0
0
0
0
0
0
0
0
0
0
0
0
0
0
0
0
0
0
0
0
0
0
0
0
0
0
0
0
0
0
0
0
0
0
0
0
0
0
0
0
0
0
0
0
0
0
0
0
0
0
0
0
0
0
0
0
0
0
0
0
0
0
0
0
0
0
0
0
0
0
0
0
0
0
0
0
0
0
0
0
0
0
0
0
0
0
0
0
0
0
0
0
0
0
0
0
0
0
0
0
0
0
0
0
0
0
0
0
0
0
0
0
0
0
0
0
0
0
0
0
0
0
0
0
0
0
0
0
0
0
0
0
0
0
0
0
0
0
0
0
0
0
0
0
0
0
0
0
0
0
0
0
0
0
0
0
0
0
0
0
0
0
0
0
0
0
0
0
0
0
0
0
0
0
0
0
0
0
0
0
0
0
0
0
0
0
0
0
0
0
0
0
0
0
0
0
0
0
0
0
0
0
0
0
0
0
0
0
0
0
0
0
0
0
0
0
0
0
0
0
0
0
0
0
0
0
0
0
0
0
0
0
0
0
0
0
0
0
0
0
0
0
0
0
0
0
0
0
0
0
0
0
0
0
0
0
0
0
0
0
0
0
0
0
0
0
0
0
0
0
0
0
0
0
0
0
0
0
0
0
0
0
0
0
0
0
0
0
0
0
0
0
0
0
0
0
0
0
0
0
0
0
0
0
0
0
0
0
0
0
0
0
0
0
0
0
0
0
0
0
0
0
0
0
0
0
0
0
0
0
0
0
0
0
0
0
0
0
0
0
0
0
0
0
0
0
0
0
0
0
0
0
0
0
0
0
0
0
0
0
0
0
0
0
0
0
0
0
0
0
0
0
0
0
0
0
0
0
0
0
0
0
0
0
0
0
0
0
0
0
0
0
0
0
0
0
0
0
0
0
0
0
0
0
0
0
0
0
0
0
0
0
0
0
0
0
0
0
0
0
0
0
0
0
0
0
0
0
0
0
0
0
0
0
0
0
0
0
0
0
0
0
0
0
0
0
0
0
0
0
0
0
0
0
0
0
0
0
0
0
0
0
0
0
0
0
0
0
0
0
0
0
0
0
0
0
0
0
0
0
0
0
0
0
0
0
0
0
0
0
0
0
0
0
0
0
0
0
0
0
0
0
0
0
0
0
0
0
0
0
0
0
0
0
0
0
0
0
0
0
0
0
0
0
0
0
0
0
0
0
0
0
0
0
0
0
0
0
0
0
0
0
0
0
0
0
0
0
0
0
0
0
0
0
0
0
0
0
0
0
0
0
0
0
0
0
0
0
0
0
0
0
0
0
0
0
0
0
0
0
0
0
0
0
0
0
0
0
0
0
0
0
0
0
0
0
0
0
0
0
0
0
0
0
0
0
0
0
0
0
0
0
0
0
0
0
0
0
0
0
0
0
0
0
0
0
0
0
0
0
0
0
0
0
0
0
0
0
0
0
0
0
0
0
0
0
0
0
0
0
0
0
0
0
0
0
0
0
0
0
0
0
0
0
0
0
0
0
0
0
0
0
0
0
0
0
0
0
0
0
0
0
0
0
0
0
0
0
0
0
0
0
0
0
0
0
0
0
0
0
0
0
0
0
0
0
0
0
0
0
0
0
0
0
0
0
0
0
0
0
0
0
0
0
0
0
0
0
0
0
0
0
0
0
0
0
0
0
0
0
0
0
0
0
0
0
0
0
0
0
0
0
0
0
0
0
0
0
0
0
0
0
0
0
0
0
0
0
0
0
0
0
0
0
0
0
0
0
0
0
0
0
0
0
0
0
0
0
0
0
0
0
0
0
0
0
0
0
0
0
0
0
0
0
0
0
0
0
0
0
0
0
0
0
0
0
0
0
0
0
0
0
0
0
0
0
0
0
0
0
0
0
0
0
0
0
0
0
0
0
0
0
0
0
0
0
0
0
0
0
0
0
0
0
0
0
0
0
0
0
0
0
0
0
0
0
0
0
0
0
0
0
0
0
0
0
0
0
0
0
0
0
0
0
0
0
0
0
0
0
0
0
0
0
0
0
0
0
0
0
0
0
0
0
0
0
0
0
0
0
0
0
0
0
0
0
0
0
0
0
0
0
0
0
0
0
0
0
0
0
0
0
0
0
0
0
0
0
0
0
0
0
0
0
0
0
0
0
0
0
0
0
0
0
0
0
0
0
0
0
0
0
0
0
0
0
0
0
0
0
0
0
0
0
0
0
0
0
0
0
0
0
0
0
0
0
0
0
0
0
0
0
0
0
0
0
0
0
0
0
0
0
0
0
0
0
0
0
0
0
0
0
0
0
0
0
0
0
0
0
0
0
0
0
0
0
0
0
0
0
0
0
0
0
0
0
0
0
0
0
0
0
0
0
0
0
0
0
0
0
0
0
0
0
0
0
0
0
0
0
0
0
0
0
0
0
0
0
0
0
0
0
0
0
0
0
0
0
0
0
0
0
0
0
0
0
0
0
0
0
0
0
0
0
0
0
0
0
0
0
0
0
0
0
0
0
0
0
0
0
0
0
0
0
0
0
0
0
0
0
0
0
0
0
0
0
0
0
0
0
0
0
0
0
0
0
0
0
0
0
0
0
0
0
0
0
0
0
0
0
0
0
0
0
0
0
0
0
0
0
0
0
0
0
0
0
0
0
0
0
0
0
0
0
0
0
0
0
0
0
0
0
0
0
0
0
0
0
0
0
0
0
0
0
0
0
0
0
0
0
0
0
0
0
0
0
0
0
0
0
0
0
0
0
0
0
0
0
0
0
0
0
0
0
0
0
0
0
0
0
0
0
0
0
0
0
0
0
0
0
0
0
0
0
0
0
0
0
0
0
0
0
0
0
0
0
0
0
0
0
0
0
0
0
0
0
0
0
0
0
0
0
0
0
0
0
0
0
0
0
0
0
0
0
0
0
0
0
0
0
0
0
0
0
0
0
0
0
0
0
0
0
0
0
0
0
0
0
0
0
0
0
0
0
0
0
0
0
0
0
0
0
0
0
0
0
0
0
0
0
0
0
0
0
0
0
0
0
0
0
0
0
0
0
0
0
0
0
0
0
0
0
0
0
0
0
0
0
0
0
0
0
0
0
0
0
0
0
0
0
0
0
0
0
0
0
0
0
0
0
0
0
0
0
0
0
0
0
0
0
0
0
0
0
0
0
0
0
0
0
0
0
0
0
0
0
0
0
0
0
0
0
0
0
0
0
0
0
0
0
0
0
0
0
0
0
0
0
0
0
0
0
0
0
0
0
0
0
0
0
0
0
0
0
0
0
0
0
0
0
0
0
0
0
0
0
0
0
0
0
0
0
0
0
0
0
0
0
0
0
0
0
0
0
0
0
0
0
0
0
0
0
0
0
0
0
0
0
0
0
0
0
0
0
0
0
0
0
0
0
0
0
0
0
0
0
0
0
0
0
0
0
0
0
0
0
0
0
0
0
0
0
0
0
0
0
0
0
0
0
0
0
0
0
0
0
0
0
0
0
0
0
0
0
0
0
0
0
0
0
0
0
0
0
0
0
0
0
0
0
0
0
0
0
0
0
0
0
0
0
0
0
0
0
0
0
0
0
0
0
0
0
0
0
0
0
0
0
0
0
0
0
0
0
0
0
0
0
0
0
0
0
0
0
0
0
0
0
0
0
0
0
0
0
0
0
0
0
0
0
0
0
0
0
0
0
0
0
0
0
0
0
0
0
0
0
0
0
0
0
0
0
0
0
0
0
0
0
0
0
0
0
0
0
0
0
0
0
0
0
0
0
0
0
0
0
0
0
0
0
0
0
0
0
0
0
0
0
0
0
0
0
0
0
0
0
0
0
0
0
0
0
0
0
0
0
0
0
0
0
0
0
0
0
0
0
0
0
0
0
0
0
0
0
0
0
0
0
0
0
0
0
0
0
0
0
0
0
0
0
0
0
0
0
0
0
0
0
0
0
0
0
0
0
0
0
0
0
0
0
0
0
0
0
0
0
0
0
0
0
0
0
0
0
0
0
0
0
0
0
0
0
0
0
0
0
0
0
0
0
0
0
0
0
0
0
0
0
0
0
0
0
0
0
0
0
0
0
0
0
0
0
0
0
0
0
0
0
0
0
0
0
0
0
0
0
0
0
0
0
0
0
0
0
0
0
0
0
0
0
0
0
0
0
0
0
0
0
0
0
0
0
0
0
0
0
0
0
0
0
0
0
0
0
0
0
0
0
0
0
0
0
0
0
0
0
0
0
0
0
0
0
0
0
0
0
0
0
0
0
0
0
0
0
0
0
0
0
0
0
0
0
0
0
0
0
0
0
0
0
0
0
0
0
0
0
0
0
0
0
0
0
0
0
0
0
0
0
0
0
0
0
0
0
0
0
0
0
0
0
0
0
0
0
0
0
0
0
0
0
0
0
0
0
0
0
0
0
0
0
0
0
0
0
0
0
0
0
0
0
0
0
0
0
0
0
0
0
0
0
0
0
0
0
0
0
0
0
0
0
0
0
0
0
0
0
0
0
0
0
0
0
0
0
0
0
0
0
0
0
0
0
0
0
0
0
0
0
0
0
0
0
0
0
0
0
0
0
0
0
0
0
0
0
0
0
0
0
0
0
0
0
0
0
0
0
0
0
0
0
0
0
0
0
0
0
0
0
0
0
0
0
0
0
0
0
0
0
0
0
0
0
0
0
0
0
0
0
0
0
0
0
0
0
0
0
0
0
0
0
0
0
0
0
0
0
0
0
0
0
0
0
0
0
0
0
0
0
0
0
0
0
0
0
0
0
0
0
0
0
0
0
0
0
0
0
0
0
0
0
0
0
0
0
0
0
0
0
0
0
0
0
0
0
0
0
0
0
0
0
0
0
0
0
0
0
0
0
0
0
0
0
0
0
0
0
0
0
0
0
0
0
0
0
0
0
0
0
0
0
0
0
0
0
0
0
0
0
0
0
0
0
0
0
0
0
0
0
0
0
0
0
0
0
0
0
0
0
0
0
0
0
0
0
0
0
0
0
0
0
0
0
0
0
0
0
0
0
0
0
0
0
0
0
0
0
0
0
0
0
0
0
0
0
0
0
0
0
0
0
0
0
0
0
0
0
0
0
0
0
0
0
0
0
0
0
0
0
0
0
0
0
0
0
0
0
0
0
0
0
0
0
0
0
0
0
0
0
0
0
0
0
0
0
0
0
0
0
0
0
0
0
0
0
0
0
0
0
0
0
0
0
0
0
0
0
0
0
0
0
0
0
0
0
0
0
0
0
0
0
0
0
0
0
0
0
0
0
0
0
0
0
0
0
0
0
0
0
0
0
0
0
0
0
0
0
0
0
0
0
0
0
0
0
0
0
0
0
0
0
0
0
0
0
0
0
0
0
0
0
0
0
0
0
0
0
0
0
0
0
0
0
0
0
0
0
0
0
0
0
0
0
0
0
0
0
0
0
0
0
0
0
0
0
0
0
0
0
0
0
0
0
0
0
0
0
0
0
0
0
0
0
0
0
0
0
0
0
0
0
0
0
0
0
0
0
0
0
0
0
0
0
0
0
0
0
0
0
0
0
0
0
0
0
0
0
0
0
0
0
0
0
0
0
0
0
0
0
0
0
0
0
0
0
0
0
0
0
0
0
0
0
0
0
0
0
0
0
0
0
0
0
0
0
0
0
0
0
0
0
0
0
0
0
0
0
0
0
0
0
0
0
0
0
0
0
0
0
0
0
0
0
0
0
0
0
0
0
0
0
0
0
0
0
0
0
0
0
0
0
0
0
0
0
0
0
0
0
0
0
0
0
0
0
0
0
0
0
0
0
0
0
0
0
0
0
0
0
0
0
0
0
0
0
0
0
0
0
0
0
0
0
0
0
0
0
0
0
0
0
0
0
0
0
0
0
0
0
0
0
0
0
0
0
0
0
0
0
0
0
0
0
0
0
0
0
0
0
0
0
0
0
0
0
0
0
0
0
0
0
0
0
0
0
0
0
0
0
0
0
0
0
0
0
0
0
0
0
0
0
0
0
0
0
0
0
0
0
0
0
0
0
0
0
0
0
0
0
0
0
0
0
0
0
0
0
0
0
0
0
0
0
0
0
0
0
0
0
0
0
0
0
0
0
0
0
0
0
0
0
0
0
0
0
0
0
0
0
0
0
0
0
0
0
0
0
0
0
0
0
0
0
0
0
0
0
0
0
0
0
0
0
0
0
0
0
0
0
0
0
0
0
0
0
0
0
0
0
0
0
0
0
0
0
0
0
0
0
0
0
0
0
0
0
0
0
0
0
0
0
0
0
0
0
0
0
0
0
0
0
0
0
0
0
0
0
0
0
0
0
0
0
0
0
0
0
0
0
0
0
0
0
0
0
0
0
0
0
0
0
0
0
0
0
0
0
0
0
0
0
0
0
0
0
0
0
0
0
0
0
0
0
0
0
0
0
0
0
0
0
0
0
0
0
0
0
0
0
0
0
0
0
0
0
0
0
0
0
0
0
0
0
0
0
0
0
0
0
0
0
0
0
0
0
0
0
0
0
0
0
0
0
0
0
0
0
0
0
0
0
0
0
0
0
0
0
0
0
0
0
0
0
0
0
0
0
0
0
0
0
0
0
0
0
0
0
0
0
0
0
0
0
0
0
0
0
0
0
0
0
0
0
0
0
0
0
0
0
0
0
0
0
0
0
0
0
0
0
0
0
0
0
0
0
0
0
0
0
0
0
0
0
0
0
0
0
0
0
0
0
0
0
0
0
0
0
0
0
0
0
0
0
0
0
0
0
0
0
0
0
0
0
0
0
0
0
0
0
0
0
0
0
0
0
0
0
0
0
0
0
0
0
0
0
0
0
0
0
0
0
0
0
0
0
0
0
0
0
0
0
0
0
0
0
0
0
0
0
0
0
0
0
0
0
0
0
0
0
0
0
0
0
0
0
0
0
0
0
0
0
0
0
0
0
0
0
0
0
0
0
0
0
0
0
0
0
0
0
0
0
0
0
0
0
0
0
0
0
0
0
0
0
0
0
0
0
0
0
0
0
0
0
0
0
0
0
0
0
0
0
0
0
0
0
0
0
0
0
0
0
0
0
0
0
0
0
0
0
0
0
0
0
0
0
0
0
0
0
0
0
0
0
0
0
0
0
0
0
0
0
0
0
0
0
0
0
0
0
0
0
0
0
0
0
0
0
0
0
0
0
0
0
0
0
0
0
0
0
0
0
0
0
0
0
0
0
0
0
0
0
0
0
0
0
0
0
0
0
0
0
0
0
0
0
0
0
0
0
0
0
0
0
0
0
0
0
0
0
0
0
0
0
0
0
0
0
0
0
0
0
0
0
0
0
0
0
0
0
0
0
0
0
0
0
0
0
0
0
0
0
0
0
0
0
0
0
0
0
0
0
0
0
0
0
0
0
0
0
0
0
0
0
0
0
0
0
0
0
0
0
0
0
0
0
0
0
0
0
0
0
0
0
0
0
0
0
0
0
0
0
0
0
0
0
0
0
0
0
0
0
0
0
0
0
0
0
0
0
0
0
0
0
0
0
0
0
0
0
0
0
0
0
0
0
0
0
0
0
0
0
0
0
0
0
0
0
0
0
0
0
0
0
0
0
0
0
0
0
0
0
0
0
0
0
0
0
0
0
0
0
0
0
0
0
0
0
0
0
0
0
0
0
0
0
0
0
0
0
0
0
0
0
0
0
0
0
0
0
0
0
0
0
0
0
0
0
0
0
0
0
0
0
0
0
0
0
0
0
0
0
0
0
0
0
0
0
0
0
0
0
0
0
0
0
0
0
0
0
0
0
0
0
0
0
0
0
0
0
0
0
0
0
0
0
0
0
0
0
0
0
0
0
0
0
0
0
0
0
0
0
0
0
0
0
0
0
0
0
0
0
0
0
0
0
0
0
0
0
0
0
0
0
0
0
0
0
0
0
0
0
0
0
0
0
0
0
0
0
0
0
0
0
0
0
0
0
0
0
0
0
0
0
0
0
0
0
0
0
0
0
0
0
0
0
0
0
0
0
0
0
0
0
0
0
0
0
0
0
0
0
0
0
0
0
0
0
0
0
0
0
0
0
0
0
0
0
0
0
0
0
0
0
0
0
0
0
0
0
0
0
0
0
0
0
0
0
0
0
0
0
0
0
0
0
0
0
0
0
0
0
0
0
0
0
0
0
0
0
0
0
0
0
0
0
0
0
0
0
0
0
0
0
0
0
0
0
0
0
0
0
0
0
0
0
0
0
0
0
0
0
0
0
0
0
0
0
0
0
0
0
0
0
0
0
0
0
0
0
0
0
0
0
0
0
0
0
0
0
0
0
0
0
0
0
0
0
0
0
0
0
0
0
0
0
0
0
0
0
0
0
0
0
0
0
0
0
0
0
0
0
0
0
0
0
0
0
0
0
0
0
0
0
0
0
0
0
0
0
0
0
0
0
0
0
0
0
0
0
0
0
0
0
0
0
0
0
0
0
0
0
0
0
0
0
0
0
0
0
0
0
0
0
0
0
0
0
0
0
0
0
0
0
0
0
0
0
0
0
0
0
0
0
0
0
0
0
0
0
0
0
0
0
0
0
0
0
0
0
0
0
0
0
0
0
0
0
0
0
0
0
0
0
0
0
0
0
0
0
0
0
0
0
0
0
0
0
0
0
0
0
0
0
0
0
0
0
0
0
0
0
0
0
0
0
0
0
0
0
0
0
0
0
0
0
0
0
0
0
0
0
0
0
0
0
0
0
0
0
0
0
0
0
0
0
0
0
0
0
0
0
0
0
0
0
0
0
0
0
0
0
0
0
0
0
0
0
0
0
0
0
0
0
0
0
0
0
0
0
0
0
0
0
0
0
0
0
0
0
0
0
0
0
0
0
0
0
0
0
0
0
0
0
0
0
0
0
0
0
0
0
0
0
0
0
0
0
0
0
0
0
0
0
0
0
0
0
0
0
0
0
0
0
0
0
0
0
0
0
0
0
0
0
0
0
0
0
0
0
0
0
0
0
0
0
0
0
0
0
0
0
0
0
0
0
0
0
0
0
0
0
0
0
0
0
0
0
0
0
0
0
0
0
0
0
0
0
0
0
0
0
0
0
0
0
0
0
0
0
0
0
0
0
0
0
0
0
0
0
0
0
0
0
0
0
0
0
0
0
0
0
0
0
0
0
0
0
0
0
0
0
0
0
0
0
0
0
0
0
0
0
0
0
0
0
0
0
0
0
0
0
0
0
0
0
0
0
0
0
0
0
0
0
0
0
0
0
0
0
0
0
0
0
0
0
0
0
0
0
0
0
0
0
0
0
0
0
0
0
0
0
0
0
0
0
0
0
0
0
0
0
0
0
0
0
0
0
0
0
0
0
0
0
0
0
0
0
0
0
0
0
0
0
0
0
0
0
0
0
0
0
0
0
0
0
0
0
0
0
0
0
0
0
0
0
0
0
0
0
0
0
0
0
0
0
0
0
0
0
0
0
0
0
0
0
0
0
0
0
0
0
0
0
0
0
0
0
0
0
0
0
0
0
0
0
0
0
0
0
0
0
0
0
0
0
0
0
0
0
0
0
0
0
0
0
0
0
0
0
0
0
0
0
0
0
0
0
0
0
0
0
0
0
0
0
0
0
0
0
0
0
0
0
0
0
0
0
0
0
0
0
0
0
0
0
0
0
0
0
0
0
0
0
0
0
0
0
0
0
0
0
0
0
0
0
0
0
0
0
0
0
0
0
0
0
0
0
0
0
0
0
0
0
0
0
0
0
0
0
0
0
0
0
0
0
0
0
0
0
0
0
0
0
0
0
0
0
0
0
0
0
0
0
0
0
0
0
0
0
0
0
0
0
0
0
0
0
0
0
0
0
0
0
0
0
0
0
0
0
0
0
0
0
0
0
0
0
0
0
0
0
0
0
0
0
0
0
0
0
0
0
0
0
0
0
0
0
0
0
0
0
0
0
0
0
0
0
0
0
0
0
0
0
0
0
0
0
0
0
0
0
0
0
0
0
0
0
0
0
0
0
0
0
0
0
0
0
0
0
0
0
0
0
0
0
0
0
0
0
0
0
0
0
0
0
0
0
0
0
0
0
0
0
0
0
0
0
0
0
0
0
0
0
0
0
0
0
0
0
0
0
0
0
0
0
0
0
0
0
0
0
0
0
0
0
0
0
0
0
0
0
0
0
0
0
0
0
0
0
0
0
0
0
0
0
0
0
0
0
0
0
0
0
0
0
0
0
0
0
0
0
0
0
0
0
0
0
0
0
0
0
0
0
0
0
0
0
0
0
0
0
0
0
0
0
0
0
0
0
0
0
0
0
0
0
0
0
0
0
0
0
0
0
0
0
0
0
0
0
0
0
0
0
0
0
0
0
0
0
0
0
0
0
0
0
0
0
0
0
0
0
0
0
0
0
0
0
0
0
0
0
0
0
0
0
0
0
0
0
0
0
0
0
0
0
0
0
0
0
0
0
0
0
0
0
0
0
0
0
0
0
0
0
0
0
0
0
0
0
0
0
0
0
0
0
0
0
0
0
0
0
0
0
0
0
0
0
0
0
0
0
0
0
0
0
0
0
0
0
0
0
0
0
0
0
0
0
0
0
0
0
0
0
0
0
0
0
0
0
0
0
0
0
0
0
0
0
0
0
0
0
0
0
0
0
0
0
0
0
0
0
0
0
0
0
0
0
0
0
0
0
0
0
0
0
0
0
0
0
0
0
0
0
0
0
0
0
0
0
0
0
0
0
0
0
0
0
0
0
0
0
0
0
0
0
0
0
0
0
0
0
0
0
0
0
0
0
0
0
0
0
0
0
0
0
0
0
0
0
0
0
0
0
0
0
0
0
0
0
0
0
0
0
0
0
0
0
0
0
0
0
0
0
0
0
0
0
0
0
0
0
0
0
0
0
0
0
0
0
0
0
0
0
0
0
0
0
0
0
0
0
0
0
0
0
0
0
0
0
0
0
0
0
0
0
0
0
0
0
0
0
0
0
0
0
0
0
0
0
0
0
0
0
0
0
0
0
0
0
0
0
0
0
0
0
0
0
0
0
0
0
0
0
0
0
0
0
0
0
0
0
0
0
0
0
0
0
0
0
0
0
0
0
0
0
0
0
0
0
0
0
0
0
0
0
0
0
0
0
0
0
0
0
0
0
0
0
0
0
0
0
0
0
0
0
0
0
0
0
0
0
0
0
0
0
0
0
0
0
0
0
0
0
0
0
0
0
0
0
0
0
0
0
0
0
0
0
0
0
0
0
0
0
0
0
0
0
0
0
0
0
0
0
0
0
0
0
0
0
0
0
0
0
0
0
0
0
0
0
0
0
0
0
0
0
0
0
0
0
0
0
0
0
0
0
0
0
0
0
0
0
0
0
0
0
0
0
0
0
0
0
0
0
0
0
0
0
0
0
0
0
0
0
0
0
0
0
0
0
0
0
0
0
0
0
0
0
0
0
0
0
0
0
0
0
0
0
0
0
0
0
0
0
0
0
0
0
0
0
0
0
0
0
0
0
0
0
0
0
0
0
0
0
0
0
0
0
0
0
0
0
0
0
0
0
0
0
0
0
0
0
0
0
0
0
0
0
0
0
0
0
0
0
0
0
0
0
0
0
0
0
0
0
0
0
0
0
0
0
0
0
0
0
0
0
0
0
0
0
0
0
0
0
0
0
0
0
0
0
0
0
0
0
0
0
0
0
0
0
0
0
0
0
0
0
0
0
0
0
0
0
0
0
0
0
0
0
0
0
0
0
0
0
0
0
0
0
0
0
0
0
0
0
0
0
0
0
0
0
0
0
0
0
0
0
0
0
0
0
0
0
0
0
0
0
0
0
0
0
0
0
0
0
0
0
0
0
0
0
0
0
0
0
0
0
0
0
0
0
0
0
0
0
0
0
0
0
0
0
0
0
0
0
0
0
0
0
0
0
0
0
0
0
0
0
0
0
0
0
0
0
0
0
0
0
0
0
0
0
0
0
0
0
0
0
0
0
0
0
0
0
0
0
0
0
0
0
0
0
0
0
0
0
0
0
0
0
0
0
0
0
0
0
0
0
0
0
0
0
0
0
0
0
0
0
0
0
0
0
0
0
0
0
0
0
0
0
0
0
0
0
0
0
0
0
0
0
0
0
0
0
0
0
0
0
0
0
0
0
0
0
0
0
0
0
0
0
0
0
0
0
0
0
0
0
0
0
0
0
0
0
0
0
0
0
0
0
0
0
0
0
0
0
0
0
0
0
0
0
0
0
0
0
0
0
0
0
0
0
0
0
0
0
0
0
0
0
0
0
0
0
0
0
0
0
0
0
0
0
0
0
0
0
0
0
0
0
0
0
0
0
0
0
0
0
0
0
0
0
0
0
0
0
0
0
0
0
0
0
0
0
0
0
0
0
0
0
0
0
0
0
0
0
0
0
0
0
0
0
0
0
0
0
0
0
0
0
0
0
0
0
0
0
0
0
0
0
0
0
0
0
0
0
0
0
0
0
0
0
0
0
0
0
0
0
0
0
0
0
0
0
0
0
0
0
0
0
0
0
0
0
0
0
0
0
0
0
0
0
0
0
0
0
0
0
0
0
0
0
0
0
0
0
0
0
0
0
0
0
0
0
0
0
0
0
0
0
0
0
0
0
0
0
0
0
0
0
0
0
0
0
0
0
0
0
0
0
0
0
0
0
0
0
0
0
0
0
0
0
0
0
0
0
0
0
0
0
0
0
0
0
0
0
0
0
0
0
0
0
0
0
0
0
0
0
0
0
0
0
0
0
0
0
0
0
0
0
0
0
0
0
0
0
0
0
0
0
0
0
0
0
0
0
0
0
0
0
0
0
0
0
0
0
0
0
0
0
0
0
0
0
0
0
0
0
0
0
0
0
0
0
0
0
0
0
0
0
0
0
0
0
0
0
0
0
0
0
0
0
0
0
0
0
0
0
0
0
0
0
0
0
0
0
0
0
0
0
0
0
0
0
0
0
0
0
0
0
0
0
0
0
0
0
0
0
0
0
0
0
0
0
0
0
0
0
0
0
0
0
0
0
0
0
0
0
0
0
0
0
0
0
0
0
0
0
0
0
0
0
0
0
0
0
0
0
0
0
0
0
0
0
0
0
0
0
0
0
0
0
0
0
0
0
0
0
0
0
0
0
0
0
0
0
0
0
0
0
0
0
0
0
0
0
0
0
0
0
0
0
0
0
0
0
0
0
0
0
0
0
0
0
0
0
0
0
0
0
0
0
0
0
0
0
0
0
0
0
0
0
0
0
0
0
0
0
0
0
0
0
0
0
0
0
0
0
0
0
0
0
0
0
0
0
0
0
0
0
0
0
0
0
0
0
0
0
0
0
0
0
0
0
0
0
0
0
0
0
0
0
0
0
0
0
0
0
0
0
0
0
0
0
0
0
0
0
0
0
0
0
0
0
0
0
0
0
0
0
0
0
0
0
0
0
0
0
0
0
0
0
0
0
0
0
0
0
0
0
0
0
0
0
0
0
0
0
0
0
0
0
0
0
0
0
0
0
0
0
0
0
0
0
0
0
0
0
0
0
0
0
0
0
0
0
0
0
0
0
0
0
0
0
0
0
0
0
0
0
0
0
0
0
0
0
0
0
0
0
0
0
0
0
0
0
0
0
0
0
0
0
0
0
0
0
0
0
0
0
0
0
0
0
0
0
0
0
0
0
0
0
0
0
0
0
0
0
0
0
0
0
0
0
0
0
0
0
0
0
0
0
0
0
0
0
0
0
0
0
0
0
0
0
0
0
0
0
0
0
0
0
0
0
0
0
0
0
0
0
0
0
0
0
0
0
0
0
0
0
0
0
0
0
0
0
0
0
0
0
0
0
0
0
0
0
0
0
0
0
0
0
0
0
0
0
0
0
0
0
0
0
0
0
0
0
0
0
0
0
0
0
0
0
0
0
0
0
0
0
0
0
0
0
0
0
0
0
0
0
0
0
0
0
0
0
0
0
0
0
0
0
0
0
0
0
0
0
0
0
0
0
0
0
0
0
0
0
0
0
0
0
0
0
0
0
0
0
0
0
0
0
0
0
0
0
0
0
0
0
0
0
0
0
0
0
0
0
0
0
0
0
0
0
0
0
0
0
0
0
0
0
0
0
0
0
0
0
0
0
0
0
0
0
0
0
0
0
0
0
0
0
0
0
0
0
0
0
0
0
0
0
0
0
0
0
0
0
0
0
0
0
0
0
0
0
0
0
0
0
0
0
0
0
0
0
0
0
0
0
0
0
0
0
0
0
0
0
0
0
0
0
0
0
0
0
0
0
0
0
0
0
0
0
0
0
0
0
0
0
0
0
0
0
0
0
0
0
0
0
0
0
0
0
0
0
0
0
0
0
0
0
0
0
0
0
0
0
0
0
0
0
0
0
0
0
0
0
0
0
0
0
0
0
0
0
0
0
0
0
0
0
0
0
0
0
0
0
0
0
0
0
0
0
0
0
0
0
0
0
0
0
0
0
0
0
0
0
0
0
0
0
0
0
0
0
0
0
0
0
0
0
0
0
0
0
0
0
0
0
0
0
0
0
0
0
0
0
0
0
0
0
0
0
0
0
0
0
0
0
0
0
0
0
0
0
0
0
0
0
0
0
0
0
0
0
0
0
0
0
0
0
0
0
0
0
0
0
0
0
0
0
0
0
0
0
0
0
0
0
0
0
0
0
0
0
0
0
0
0
0
0
0
0
0
0
0
0
0
0
0
0
0
0
0
0
0
0
0
0
0
0
0
0
0
0
0
0
0
0
0
0
0
0
0
0
0
0
0
0
0
0
0
0
0
0
0
0
0
0
0
0
0
0
0
0
0
0
0
0
0
0
0
0
0
0
0
0
0
0
0
0
0
0
0
0
0
0
0
0
0
0
0
0
0
0
0
0
0
0
0
0
0
0
0
0
0
0
0
0
0
0
0
0
0
0
0
0
0
0
0
0
0
0
0
0
0
0
0
0
0
0
0
0
0
0
0
0
0
0
0
0
0
0
0
0
0
0
0
0
0
0
0
0
0
0
0
0
0
0
0
0
0
0
0
0
0
0
0
0
0
0
0
0
0
0
0
0
0
0
0
0
0
0
0
0
0
0
0
0
0
0
0
0
0
0
0
0
0
0
0
0
0
0
0
0
0
0
0
0
0
0
0
0
0
0
0
0
0
0
0
0
0
0
0
0
0
0
0
0
0
0
0
0
0
0
0
0
0
0
0
0
0
0
0
0
0
0
0
0
0
0
0
0
0
0
0
0
0
0
0
0
0
0
0
0
0
0
0
0
0
0
0
0
0
0
0
0
0
0
0
0
0
0
0
0
0
0
0
0
0
0
0
0
0
0
0
0
0
0
0
0
0
0
0
0
0
0
0
0
0
0
0
0
0
0
0
0
0
0
0
0
0
0
0
0
0
0
0
0
0
0
0
0
0
0
0
0
0
0
0
0
0
0
0
0
0
0
0
0
0
0
0
0
0
0
0
0
0
0
0
0
0
0
0
0
0
0
0
0
0
0
0
0
0
0
0
0
0
0
0
0
0
0
0
0
0
0
0
0
0
0
0
0
0
0
0
0
0
0
0
0
0
0
0
0
0
0
0
0
0
0
0
0
0
0
0
0
0
0
0
0
0
0
0
0
0
0
0
0
0
0
0
0
0
0
0
0
0
0
0
0
0
0
0
0
0
0
0
0
0
0
0
0
0
0
0
0
0
0
0
0
0
0
0
0
0
0
0
0
0
0
0
0
0
0
0
0
0
0
0
0
0
0
0
0
0
0
0
0
0
0
0
0
0
0
0
0
0
0
0
0
0
0
0
0
0
0
0
0
0
0
0
0
0
0
0
0
0
0
0
0
0
0
0
0
0
0
0
0
0
0
0
0
0
0
0
0
0
0
0
0
0
0
0
0
0
0
0
0
0
0
0
0
0
0
0
0
0
0
0
0
0
0
0
0
0
0
0
0
0
0
0
0
0
0
0
0
0
0
0
0
0
0
0
0
0
0
0
0
0
0
0
0
0
0
0
0
0
0
0
0
0
0
0
0
0
0
0
0
0
0
0
0
0
0
0
0
0
0
0
0
0
0
0
0
0
0
0
0
0
0
0
0
0
0
0
0
0
0
0
0
0
0
0
0
0
0
0
0
0
0
0
0
0
0
0
0
0
0
0
0
0
0
0
0
0
0
0
0
0
0
0
0
0
0
0
0
0
0
0
0
0
0
0
0
0
0
0
0
0
0
0
0
0
0
0
0
0
0
0
0
0
0
0
0
0
0
0
0
0
0
0
0
0
0
0
0
0
0
0
0
0
0
0
0
0
0
0
0
0
0
0
0
0
0
0
0
0
0
0
0
0
0
0
0
0
0
0
0
0
0
0
0
0
0
0
0
0
0
0
0
0
0
0
0
0
0
0
0
0
0
0
0
0
0
0
0
0
0
0
0
0
0
0
0
0
0
0
0
0
0
0
0
0
0
0
0
0
0
0
0
0
0
0
0
0
0
0
0
0
0
0
0
0
0
0
0
0
0
0
0
0
0
0
0
0
0
0
0
0
0
0
0
0
0
0
0
0
0
0
0
0
0
0
0
0
0
0
0
0
0
0
0
0
0
0
0
0
0
0
0
0
0
0
0
0
0
0
0
0
0
0
0
0
0
0
0
0
0
0
0
0
0
0
0
0
0
0
0
0
0
0
0
0
0
0
0
0
0
0
0
0
0
0
0
0
0
0
0
0
0
0
0
0
0
0
0
0
0
0
0
0
0
0
0
0
0
0
0
0
0
0
0
0
0
0
0
0
0
0
0
0
0
0
0
0
0
0
0
0
0
0
0
0
0
0
0
0
0
0
0
0
0
0
0
0
0
0
0
0
0
0
0
0
0
0
0
0
0
0
0
0
0
0
0
0
0
0
0
0
0
0
0
0
0
0
0
0
0
0
0
0
0
0
0
0
0
0
0
0
0
0
0
0
0
0
0
0
0
0
0
0
0
0
0
0
0
0
0
0
0
0
0
0
0
0
0
0
0
0
0
0
0
0
0
0
0
0
0
0
0
0
0
0
0
0
0
0
0
0
0
0
0
0
0
0
0
0
0
0
0
0
0
0
0
0
0
0
0
0
0
0
0
0
0
0
0
0
0
0
0
0
0
0
0
0
0
0
0
0
0
0
0
0
0
0
0
0
0
0
0
0
0
0
0
0
0
0
0
0
0
0
0
0
0
0
0
0
0
0
0
0
0
0
0
0
0
0
0
0
0
0
0
0
0
0
0
0
0
0
0
0
0
0
0
0
0
0
0
0
0
0
0
0
0
0
0
0
0
0
0
0
0
0
0
0
0
0
0
0
0
0
0
0
0
0
0
0
0
0
0
0
0
0
0
0
0
0
0
0
0
0
0
0
0
0
0
0
0
0
0
0
0
0
0
0
0
0
0
0
0
0
0
0
0
0
0
0
0
0
0
0
0
0
0
0
0
0
0
0
0
0
0
0
0
0
0
0
0
0
0
0
0
0
0
0
0
0
0
0
0
0
0
0
0
0
0
0
0
0
0
0
0
0
0
0
0
0
0
0
0
0
0
0
0
0
0
0
0
0
0
0
0
0
0
0
0
0
0
0
0
0
0
0
0
0
0
0
0
0
0
0
0
0
0
0
0
0
0
0
0
0
0
0
0
0
0
0
0
0
0
0
0
0
0
0
0
0
0
0
0
0
0
0
0
0
0
0
0
0
0
0
0
0
0
0
0
0
0
0
0
0
0
0
0
0
0
0
0
0
0
0
0
0
0
0
0
0
0
0
0
0
0
0
0
0
0
0
0
0
0
0
0
0
0
0
0
0
0
0
0
0
0
0
0
0
0
0
0
0
0
0
0
0
0
0
0
0
0
0
0
0
0
0
0
0
0
0
0
0
0
0
0
0
0
0
0
0
0
0
0
0
0
0
0
0
0
0
0
0
0
0
0
0
0
0
0
0
0
0
0
0
0
0
0
0
0
0
0
0
0
0
0
0
0
0
0
0
0
0
0
0
0
0
0
0
0
0
0
0
0
0
0
0
0
0
0
0
0
0
0
0
0
0
0
0
0
0
0
0
0
0
0
0
0
0
0
0
0
0
0
0
0
0
0
0
0
0
0
0
0
0
0
0
0
0
0
0
0
0
0
0
0
0
0
0
0
0
0
0
0
0
0
0
0
0
0
0
0
0
0
0
0
0
0
0
0
0
0
0
0
0
0
0
0
0
0
0
0
0
0
0
0
0
0
0
0
0
0
0
0
0
0
0
0
0
0
0
0
0
0
0
0
0
0
0
0
0
0
0
0
0
0
0
0
0
0
0
0
0
0
0
0
0
0
0
0
0
0
0
0
0
0
0
0
0
0
0
0
0
0
0
0
0
0
0
0
0
0
0
0
0
0
0
0
0
0
0
0
0
0
0
0
0
0
0
0
0
0
0
0
0
0
0
0
0
0
0
0
0
0
0
0
0
0
0
0
0
0
0
0
0
0
0
0
0
0
0
0
0
0
0
0
0
0
0
0
0
0
0
0
0
0
0
0
0
0
0
0
0
0
0
0
0
0
0
0
0
0
0
0
0
0
0
0
0
0
0
0
0
0
0
0
0
0
0
0
0
0
0
0
0
0
0
0
0
0
0
0
0
0
0
0
0
0
0
0
0
0
0
0
0
0
0
0
0
0
0
0
0
0
0
0
0
0
0
0
0
0
0
0
0
0
0
0
0
0
0
0
0
0
0
0
0
0
0
0
0
0
0
0
0
0
0
0
0
0
0
0
0
0
0
0
0
0
0
0
0
0
0
0
0
0
0
0
0
0
0
0
0
0
0
0
0
0
0
0
0
0
0
0
0
0
0
0
0
0
0
0
0
0
0
0
0
0
0
0
0
0
0
0
0
0
0
0
0
0
0
0
0
0
0
0
0
0
0
0
0
0
0
0
0
0
0
0
0
0
0
0
0
0
0
0
0
0
0
0
0
0
0
0
0
0
0
0
0
0
0
0
0
0
0
0
0
0
0
0
0
0
0
0
0
0
0
0
0
0
0
0
0
0
0
0
0
0
0
0
0
0
0
0
0
0
0
0
0
0
0
0
0
0
0
0
0
0
0
0
0
0
0
0
0
0
0
0
0
0
0
0
0
0
0
0
0
0
0
0
0
0
0
0
0
0
0
0
0
0
0
0
0
0
0
0
0
0
0
0
0
0
0
0
0
0
0
0
0
0
0
0
0
0
0
0
0
0
0
0
0
0
0
0
0
0
0
0
0
0
0
0
0
0
0
0
0
0
0
0
0
0
0
0
0
0
0
0
0
0
0
0
0
0
0
0
0
0
0
0
0
0
0
0
0
0
0
0
0
0
0
0
0
0
0
0
0
0
0
0
0
0
0
0
0
0
0
0
0
0
0
0
0
0
0
0
0
0
0
0
0
0
0
0
0
0
0
0
0
0
0
0
0
0
0
0
0
0
0
0
0
0
0
0
0
0
0
0
0
0
0
0
0
0
0
0
0
0
0
0
0
0
0
0
0
0
0
0
0
0
0
0
0
0
0
0
0
0
0
0
0
0
0
0
0
0
0
0
0
0
0
0
0
0
0
0
0
0
0
0
0
0
0
0
0
0
0
0
0
0
0
0
0
0
0
0
0
0
0
0
0
0
0
0
0
0
0
0
0
0
0
0
0
0
0
0
0
0
0
0
0
0
0
0
0
0
0
0
0
0
0
0
0
0
0
0
0
0
0
0
0
0
0
0
0
0
0
0
0
0
0
0
0
0
0
0
0
0
0
0
0
0
0
0
0
0
0
0
0
0
0
0
0
0
0
0
0
0
0
0
0
0
0
0
0
0
0
0
0
0
0
0
0
0
0
0
0
0
0
0
0
0
0
0
0
0
0
0
0
0
0
0
0
0
0
0
0
0
0
0
0
0
0
0
0
0
0
0
0
0
0
0
0
0
0
0
0
0
0
0
0
0
0
0
0
0
0
0
0
0
0
0
0
0
0
0
0
0
0
0
0
0
0
0
0
0
0
0
0
0
0
0
0
0
0
0
0
0
0
0
0
0
0
0
0
0
0
0
0
0
0
0
0
0
0
0
0
0
0
0
0
0
0
0
0
0
0
0
0
0
0
0
0
0
0
0
0
0
0
0
0
0
0
0
0
0
0
0
0
0
0
0
0
0
0
0
0
0
0
0
0
0
0
0
0
0
0
0
0
0
0
0
0
0
0
0
0
0
0
0
0
0
0
0
0
0
0
0
0
0
0
0
0
0
0
0
0
0
0
0
0
0
0
0
0
0
0
0
0
0
0
0
0
0
0
0
0
0
0
0
0
0
0
0
0
0
0
0
0
0
0
0
0
0
0
0
0
0
0
0
0
0
0
0
0
0
0
0
0
0
0
0
0
0
0
0
0
0
0
0
0
0
0
0
0
0
0
0
0
0
0
0
0
0
0
0
0
0
0
0
0
0
0
0
0
0
0
0
0
0
0
0
0
0
0
0
0
0
0
0
0
0
0
0
0
0
0
0
0
0
0
0
0
0
0
0
0
0
0
0
0
0
0
0
0
0
0
0
0
0
0
0
0
0
0
0
0
0
0
0
0
0
0
0
0
0
0
0
0
0
0
0
0
0
0
0
0
0
0
0
0
0
0
0
0
0
0
0
0
0
0
0
0
0
0
0
0
0
0
0
0
0
0
0
0
0
0
0
0
0
0
0
0
0
0
0
0
0
0
0
0
0
0
0
0
0
0
0
0
0
0
0
0
0
0
0
0
0
0
0
0
0
0
0
0
0
0
0
0
0
0
0
0
0
0
0
0
0
0
0
0
0
0
0
0
0
0
0
0
0
0
0
0
0
0
0
0
0
0
0
0
0
0
0
0
0
0
0
0
0
0
0
0
0
0
0
0
0
0
0
0
0
0
0
0
0
0
0
0
0
0
0
0
0
0
0
0
0
0
0
0
0
0
0
0
0
0
0
0
0
0
0
0
0
0
0
0
0
0
0
0
0
0
0
0
0
0
0
0
0
0
0
0
0
0
0
0
0
0
0
0
0
0
0
0
0
0
0
0
0
0
0
0
0
0
0
0
0
0
0
0
0
0
0
0
0
0
0
0
0
0
0
0
0
0
0
0
0
0
0
0
0
0
0
0
0
0
0
0
0
0
0
0
0
0
0
0
0
0
0
0
0
0
0
0
0
0
0
0
0
0
0
0
0
0
0
0
0
0
0
0
0
0
0
0
0
0
0
0
0
0
0
0
0
0
0
0
0
0
0
0
0
0
0
0
0
0
0
0
0
0
0
0
0
0
0
0
0
0
0
0
0
0
0
0
0
0
0
0
0
0
0
0
0
0
0
0
0
0
0
0
0
0
0
0
0
0
0
0
0
0
0
0
0
0
0
0
0
0
0
0
0
0
0
0
0
0
0
0
0
0
0
0
0
0
0
0
0
0
0
0
0
0
0
0
0
0
0
0
0
0
0
0
0
0
0
0
0
0
0
0
0
0
0
0
0
0
0
0
0
0
0
0
0
0
0
0
0
0
0
0
0
0
0
0
0
0
0
0
0
0
0
0
0
0
0
0
0
0
0
0
0
0
0
0
0
0
0
0
0
0
0
0
0
0
0
0
0
0
0
0
0
0
0
0
0
0
0
0
0
0
0
0
0
0
0
0
0
0
0
0
0
0
0
0
0
0
0
0
0
0
0
0
0
0
0
0
0
0
0
0
0
0
0
0
0
0
0
0
0
0
0
0
0
0
0
0
0
0
0
0
0
0
0
0
0
0
0
0
0
0
0
0
0
0
0
0
0
0
0
0
0
0
0
0
0
0
0
0
0
0
0
0
0
0
0
0
0
0
0
0
0
0
0
0
0
0
0
0
0
0
0
0
0
0
0
0
0
0
0
0
0
0
0
0
0
0
0
0
0
0
0
0
0
0
0
0
0
0
0
0
0
0
0
0
0
0
0
0
0
0
0
0
0
0
0
0
0
0
0
0
0
0
0
0
0
0
0
0
0
0
0
0
0
0
0
0
0
0
0
0
0
0
0
0
0
0
0
0
0
0
0
0
0
0
0
0
0
0
0
0
0
0
0
0
0
0
0
0
0
0
0
0
0
0
0
0
0
0
0
0
0
0
0
0
0
0
0
0
0
0
0
0
0
0
0
0
0
0
0
0
0
0
0
0
0
0
0
0
0
0
0
0
0
0
0
0
0
0
0
0
0
0
0
0
0
0
0
0
0
0
0
0
0
0
0
0
0
0
0
0
0
0
0
0
0
0
0
0
0
0
0
0
0
0
0
0
0
0
0
0
0
0
0
0
0
0
0
0
0
0
0
0
0
0
0
0
0
0
0
0
0
0
0
0
0
0
0
0
0
0
0
0
0
0
0
0
0
0
0
0
0
0
0
0
0
0
0
0
0
0
0
0
0
0
0
0
0
0
0
0
0
0
0
0
0
0
0
0
0
0
0
0
0
0
0
0
0
0
0
0
0
0
0
0
0
0
0
0
0
0
0
0
0
0
0
0
0
0
0
0
0
0
0
0
0
0
0
0
0
0
0
0
0
0
0
0
0
0
0
