-264
-273
-2434
2763
-2448
-1628
-2027
-313
155
-2539
2455
-1699
-2199
-2765
39
1249
-206
36
-2659
-1948
-2179
-2047
-13883
-217
809
-3053
-1631
-2788
-2606
-16044
87
1137
-280
264
-1899
816
-3024
-1011
-1889
-280
71
-2778
-580
-2138
-2602
-971
-61
1082
29
961
-1306
-1723
-1735
-1853
-15161
-53
-419
-2841
-1518
-3623
-3034
-14310
-6
14
-231
2077
-2886
-904
-3098
-1533
-2123
-200
809
-3613
-731
-1911
-2559
-256
-17
1322
79
-311
204
-1092
-2250
-2136
-19738
-134
175
-1124
-2749
-4290
-3250
-22071
-160
-57
-172
1090
-3669
-2114
-2850
-3090
-3027
-249
1271
-5206
-2517
-2672
-4151
-606
-138
1413
92
-379
1586
-3178
-2289
-3026
-14013
-187
2
-148
-4562
-5566
-4834
-12452
-176
409
-286
966
-4025
-4941
-4686
-5130
-4635
-244
1165
-5593
-5470
-5702
-6248
-1821
-59
1095
31
1031
4111
-4782
-3709
-4507
-15251
-95
461
1581
-6181
-6664
-6486
-12724
15
498
-276
1253
-4649
-4534
-4532
-5610
-4323
-261
1741
-4929
-4395
-5093
-4991
-1610
-108
1388
173
515
2628
-2634
-2783
-4374
-20769
-148
-314
501
-4001
-4049
-4786
-23388
153
-32
-180
989
-3564
-2586
-4455
-5560
-4178
-179
1016
-3760
-2437
-5206
-5060
-2341
-57
688
130
-659
-265
-3648
-1524
-4281
-19985
-180
-197
-1639
-3931
-3452
-4662
-21867
36
-311
-162
505
-3120
-1140
-4208
-5640
-4786
-180
596
-2955
-1240
-6076
-5668
-2307
-5
504
-143
-1511
-1299
-5219
-3317
-4847
-15847
-262
-1680
-3073
-4634
-5634
-5244
-19300
-15
-1199
-201
-16
327
375
-1844
-1254
-1620
-306
-282
-410
43
-3325
-2979
-2345
-84
-426
-124
475
-2636
-970
-1553
-1515
-18174
-196
500
-4318
-1449
-1643
-3224
-15799
2
648
-346
343
-668
-2469
-4676
-2333
-2686
-328
573
-1681
-3626
-5118
-3900
-1275
-212
353
38
2997
-545
-915
-1691
-2428
-22928
56
1476
-2930
-2544
-2417
-4296
-21258
27
875
-119
335
-3354
-3589
-5886
-3794
-3826
-106
425
-5360
-3927
-5975
-5609
-1968
45
-285
-32
-164
3787
-1409
-5278
-3839
-20855
-80
335
1843
-4984
-6739
-5646
-18814
-95
493
102
829
-4898
-1565
-3950
-4036
-4532
-91
15
-6472
-841
-5225
-4819
-2622
-117
-659
-27
-1823
2728
-4546
-5883
-4495
-20210
-172
-1590
756
-4253
-7875
-5513
-23516
-149
-1006
167
303
-3743
-1303
-3850
-4584
-4079
-43
-1288
-4787
1092
-5383
-5186
-2423
-138
-165
-8
1913
1695
-4760
-4205
-4219
-22754
-174
1295
-1416
-4707
-6713
-5078
-26124
-158
1291
52
-191
-3578
-1648
-3946
-5017
-3572
-92
16
-4687
678
-6094
-5292
-2689
-137
1113
-18
746
812
-3834
-1644
-3801
-20159
-159
1041
-2458
-4386
-4207
-4214
-20730
-38
1338
121
-196
-2783
210
-4336
-3971
-3035
79
-385
-3974
1911
-5750
-4924
-2630
-7
384
-72
-826
-2321
-3182
428
-2987
-18421
-239
-908
-5238
-4362
-2678
-4323
-14871
-97
-1383
10
208
-2413
1443
-3938
-3794
-3139
34
-24
-2806
2381
-4872
-4325
-1907
99
164
-270
-1942
-2558
-2997
-989
-2958
-16167
-330
-1611
-4935
-2504
-4104
-4238
-15689
-125
-2069
-150
425
1731
-1545
-1461
-1526
-1652
-154
243
1038
-1857
-3526
-3988
-1725
-155
-35
-123
1155
-2642
-245
-2596
-1615
-25182
-124
775
-5010
-2933
-3641
-3926
-21108
24
764
-82
531
209
-4018
-4231
-4343
-3355
-69
409
-277
-3141
-4860
-4961
-1181
-147
-144
12
2293
-3341
233
-2285
-3526
-20696
-54
1015
-6558
-4655
-3257
-4722
-19838
129
688
261
104
-1946
-5002
-6697
-5592
-5350
214
-141
-2582
-5137
-5578
-5598
1453
-1
456
-144
744
-513
-2028
-4262
-5430
-16746
-119
412
-4457
-6294
-7232
-5949
-21310
-2
487
287
261
-2504
-882
-3880
-2778
-3707
87
279
-5766
-3014
-6021
-5625
717
-123
282
-9
-1234
787
-4746
-4150
-3765
-20862
-80
-1778
-3770
-5741
-8466
-5607
-15459
-33
-1655
216
-639
-2696
3517
-3209
-1290
-2453
-101
-113
-6190
2915
-6369
-5224
-1692
-145
-218
125
311
-1873
-4521
-3509
-2684
-24407
-21
35
-5693
-5464
-6946
-4400
-16683
25
1056
71
-695
-2686
4332
-2839
-1420
-2334
-165
-430
-6145
4571
-5674
-6147
-4503
-73
-609
-55
575
-2920
-3970
-3416
-2479
-22513
-141
-599
-6424
-6182
-6425
-4685
-10228
37
-206
266
-765
-947
1841
-1380
68
-1098
-61
-487
-2204
1381
-2623
-2538
-1815
-14
-1223
31
132
-2746
-2163
-1179
-1076
-23178
-219
-786
-4719
-3180
-2917
-1838
-17162
-96
-1347
215
-176
-1015
2473
-2033
-10
-1314
67
88
-1534
2638
-2512
-2469
-1725
62
-558
-283
-1259
-2734
-1910
-1186
-1210
-20034
-354
86
-3568
-2460
-3865
-2360
-16844
-276
-561
-130
303
1112
-1871
-2410
-1785
-2608
-132
225
355
-1976
-4479
-4465
-2306
-11
182
-197
414
-2341
-1021
-4355
-2861
-21577
-136
774
-4257
-4261
-6598
-4616
-17978
36
1066
-85
492
-46
-2551
-650
-3222
-2626
-257
490
-2063
-2383
-4748
-5521
-1380
-177
468
121
1696
-3879
-267
-3745
-2858
-24554
-21
-964
-6939
-5565
-5714
-5105
-16597
110
-1037
133
-459
-668
-2669
-3114
-4406
-3448
-97
-34
-3668
-4425
-7073
-6687
2110
-56
-544
68
1810
-1411
-1933
-3712
-3552
-24616
-63
1561
-7333
-6999
-7351
-6610
-16371
-30
795
130
414
-1644
-912
-2968
-3651
-3409
-66
402
-5030
-2828
-7625
-6493
2686
-73
-31
15
-1720
-2033
-4242
-1647
-3441
-21017
-83
-1688
-7092
-6602
-6676
-5620
-13253
-46
-1255
0
-319
-2439
1507
-2655
-1670
-1964
-251
-260
-4656
1996
-4831
-3837
-551
-199
28
91
-65
-2301
-3636
-41
-2011
-23363
90
-1660
-4971
-4280
-3646
-2918
-21079
16
-1433
14
-866
-2440
1233
-1077
-825
-1452
-99
-336
-3209
2213
-2983
-1966
-846
-40
-976
10
649
-1703
-2837
-756
-1435
-16365
99
-133
-3058
-2831
-2350
-839
-18969
57
-835
75
-819
-1575
832
-361
-182
-1379
-20
452
-1960
1533
-1515
-789
-221
-67
-221
-23
799
-2827
-2169
-1036
-1293
-16740
83
281
-3859
-2328
-2174
-531
-20369
36
-208
179
-482
-2146
722
-2596
-701
-2172
50
260
-1195
1997
-1483
-871
-409
-45
-679
-256
-793
-3048
-2650
-100
-1997
-13127
-141
288
-2861
-2129
-1976
-1127
-21121
-182
51
-170
-182
-744
-1899
-3762
-2854
-3807
-140
-244
-1063
-1422
-4183
-4368
-3132
117
-339
-75
769
-2096
-3608
-4206
-4105
-11233
-71
1940
-3278
-4231
-6607
-5095
-12072
68
2011
-183
-817
-1270
-1801
-378
-3146
-3153
-351
-309
-2859
-2711
-3451
-4457
-678
-102
-571
306
1561
-1451
-3492
-4908
-3156
-16957
8
-1408
-4428
-4580
-6710
-4416
-14900
183
-1341
-70
-690
-1322
-2437
-885
-4428
-3863
-244
-1207
-3695
-3795
-4100
-6123
330
-11
-1286
273
478
-1042
-4312
-5263
-3861
-15121
-23
523
-5954
-5955
-8191
-5865
-10645
144
-63
79
-275
-2686
-2641
-679
-5466
-4787
-143
-1078
-4540
-3371
-4897
-6262
984
-32
-1473
56
-850
-2352
-5728
-4157
-4781
-12223
-100
-1281
-5411
-5896
-8094
-6097
-12198
-15
-1067
11
2347
-2261
445
-1884
-2595
-2261
-242
1749
-5314
224
-4730
-5413
-305
-131
1941
217
-22
-1361
-3124
-2321
-2489
-26007
-99
-1724
-4015
-5470
-6273
-4918
-20650
49
-512
-374
1541
-2168
195
-2232
-2212
-2004
-317
1160
-5817
-779
-4952
-5408
465
-134
1530
177
-37
-566
-2670
-1577
-2216
-20248
221
-16
-4047
-5930
-5212
-4542
-11814
221
-338
-248
387
-1514
-274
-1823
-2215
-2172
-221
562
-4407
-1737
-4650
-4512
3318
-212
1841
117
-635
-1694
-2289
-1324
-2180
-26827
232
-367
-5699
-5011
-5611
-4248
-23194
30
-649
-52
268
-2437
-540
-2910
-2231
-2319
-246
623
-2874
-1027
-3006
-2943
1960
-143
2182
-53
-407
-1653
-2249
457
-2261
-20635
-87
85
-3726
-3177
-3356
-2942
-23700
-95
303
-104
-878
-2209
246
-2866
-750
-2097
-133
-1229
-3407
402
-2650
-3016
-2019
-63
-1252
80
1661
-1642
-1726
-2247
-2223
-19558
-71
2218
-2142
-3266
-4839
-3849
-18612
28
1686
24
-845
-1638
1267
-2331
-961
-1984
-100
-1108
-2978
1273
-2653
-2836
-322
-39
-800
317
421
-1938
-1367
-2864
-1862
-19136
3
-1331
-4221
-3782
-5067
-2938
-19311
-11
-727
3
-872
-2081
-806
-935
-531
-2138
-158
-793
-3302
-1309
-1903
-2432
1370
-268
469
351
229
-1227
-1586
-3233
-2010
-19737
94
1061
-4058
-3237
-5373
-2671
-19659
-55
1398
-4
-1079
-2999
-375
-735
-2648
-3605
-236
-855
-5410
-2768
-4216
-5010
2460
-271
-10
235
-104
-2459
-4234
-5201
-3564
-21578
140
401
-5892
-5959
-9066
-5929
-18075
92
742
-84
-422
-2753
1466
-3223
-3237
-4167
-259
-679
-5699
-880
-4327
-6538
268
-184
-384
257
365
-3855
-4783
-5020
-4156
-18415
76
-923
-6485
-6880
-10127
-6742
-13336
239
-1058
-293
110
-2970
948
-2232
-2457
-3143
-382
77
-7077
-2397
-5916
-6242
3062
-381
184
292
-590
-1964
-3682
-3756
-3126
-20418
85
-108
-6440
-6721
-8646
-6235
-10832
115
-126
-297
594
-2582
-779
-3672
-2308
-3299
-411
723
-6322
-5007
-7597
-5247
5832
-388
721
250
-1694
-747
-3662
-2548
-3051
-26171
53
-975
-6880
-4667
-7539
-5444
-21443
1
-1383
-253
334
-1879
-377
-4088
-3070
-3565
-347
338
-4872
-3744
-7127
-5875
4315
-407
460
-16
-553
-2352
-3313
-2343
-3437
-18592
-65
-509
-8243
-4532
-7364
-5670
-14024
-76
-360
-319
26
-1112
-1188
-1767
-539
-1430
-302
545
-1879
-1807
-2365
-1449
-617
-111
471
161
1306
-315
-1781
-1023
-1519
-17971
18
557
-861
-1415
-3291
-1551
-19353
246
377
-326
117
-1344
-1171
-2395
-291
-2502
-297
575
-2306
-1784
-3681
-1738
-466
-130
257
218
655
-2144
-2439
-2116
-2357
-15629
124
-951
-3738
-2379
-4117
-2036
-17099
156
-571
-241
591
-2907
-2036
-1008
-980
-2686
-357
1686
-4137
-3296
-4801
-2692
305
-187
359
238
467
1096
-2506
-4726
-2615
-20614
173
1890
-1933
-3239
-5269
-2135
-21157
56
2638
-139
496
-2577
-1502
-1220
-2043
-3094
-351
1097
-4486
-3347
-4987
-3293
2275
-95
444
246
150
-370
-3510
-3922
-3039
-19983
254
-137
-4545
-3848
-5921
-3437
-19286
226
-415
-129
-1810
-772
-1646
-319
-2581
-3130
-396
-1060
-2417
-3298
-3689
-3789
2273
-216
-938
339
709
-3907
-3413
-2133
-3032
-24849
15
-211
-6752
-3502
-5693
-2974
-24205
186
-81
-150
-2846
-1708
-2074
-809
-2233
-2522
-252
-1606
-3062
-3501
-4536
-2925
3108
-409
-1897
409
415
-2491
-2137
-240
-2287
-22545
-13
-15
-5733
-2840
-3018
-1582
-22825
152
-83
-283
-1898
-1321
-3205
-3006
-1665
-2709
-250
-1631
-3595
-5507
-7255
-3510
3493
-479
-1555
183
-54
-1679
-2403
730
-2355
-20581
67
42
-6404
-3029
-2793
-3047
-16358
143
-76
-154
-1969
-8
-2142
-2153
-2161
-2425
-152
-2206
-2602
-4745
-6032
-5024
3712
-344
-2763
-85
-135
-2618
-1522
-263
-2227
-23678
-125
-415
-7265
-3130
-4886
-3451
-16044
-47
-297
-332
-908
505
-3848
-2448
-921
-2289
-332
-858
462
-4306
-3205
-2064
-1246
26
-537
20
1145
-569
-2719
-1388
-2204
-19726
-147
906
-236
-2244
-3581
-2001
-22568
184
396
-476
-717
-4
-5369
-1839
-1748
-3086
-451
-559
894
-4594
-3726
-1665
-1005
-204
-904
105
1461
-1774
-3497
-1505
-2838
-24598
-83
1236
-2033
-2140
-3159
-1735
32582
295
1295
-300
-997
-1580
-6930
-3303
-3245
-4103
-361
-807
-2202
-6937
-6080
-4390
-2875
-46
-723
103
798
2411
-4779
-2955
-3872
-17590
-86
107
916
-4745
-4337
-3327
-18827
215
297
-264
-950
-2117
-5885
-3374
-4258
-4373
-273
-1052
-2560
-5105
-5768
-4460
-1823
-49
-1347
102
-397
388
-4957
-1392
-4253
-13816
28
-561
-1480
-4821
-2976
-3546
-17008
296
-211
-229
-509
414
-4094
-1064
-2846
-2910
-239
-625
517
-3360
-3805
-3050
-488
-236
-1258
-19
-1485
-3596
-2782
-479
-2868
-17790
-100
-1407
-4795
-2939
-2809
-1723
-20580
183
-1458
-197
-994
-344
-3111
-490
-1605
-1729
-210
-916
-1447
-3334
-3871
-2833
817
-300
-1474
42
-548
-2544
-1045
245
-1476
-17614
-273
-398
-4501
-2971
-1738
-1463
-15162
95
-331
-267
-1030
-78
-2711
-1670
-819
-1665
-169
-707
-766
-2477
-4744
-2090
475
-339
-931
-119
-451
-2670
-612
770
-1317
-19076
-220
116
-4990
-2424
-1336
-1617
-16414
125
193
-172
-867
197
-2225
-1237
-773
-1578
-118
-681
439
-2235
-3239
-2127
341
-239
-1159
-252
-392
-2892
-312
-357
-1411
-16210
-305
-474
-4403
-2137
-2465
-1696
-14977
-36
-164
0
0
0
0
0
0
0
0
0
0
0
-1926
1142
-1581
-601
-1040
0
0
0
0
0
0
0
0
0
0
0
-379
-875
-1236
-1121
-15257
0
0
0
0
0
0
0
0
0
0
0
-2040
-328
-2351
176
-1547
0
0
0
0
0
0
0
0
0
0
0
-1163
-891
-1576
-1498
-14162
0
0
0
0
0
0
0
0
0
0
0
-2129
-2709
-3790
-528
-2718
0
0
0
0
0
0
0
0
0
0
0
-1262
-173
-3667
-2743
-14603
0
0
0
0
0
0
0
0
0
0
0
-1799
-2397
-2275
-1624
-1756
0
0
0
0
0
0
0
0
0
0
0
1205
-1063
-2217
-1853
-16192
0
0
0
0
0
0
0
0
0
0
0
-3249
-3598
-4008
-3270
-2702
0
0
0
0
0
0
0
0
0
0
0
4155
-2572
-2185
-2577
-18931
0
0
0
0
0
0
0
0
0
0
0
-4064
-4416
-4924
-5174
-3985
0
0
0
0
0
0
0
0
0
0
0
2045
78
-3408
-3723
-18454
0
0
0
0
0
0
0
0
0
0
0
-3615
-3046
-4197
-5051
-3689
0
0
0
0
0
0
0
0
0
0
0
1007
-607
-2108
-3291
-18806
0
0
0
0
0
0
0
0
0
0
0
-3324
-1362
-2744
-4030
-2870
0
0
0
0
0
0
0
0
0
0
0
1549
-1769
-2141
-2434
-20114
0
0
0
0
0
0
0
0
0
0
0
-652
99
-1554
-728
-862
0
0
0
0
0
0
0
0
0
0
0
-659
334
-1476
-958
-17675
0
0
0
0
0
0
0
0
0
0
0
-1918
-2253
-3633
-1554
-2287
0
0
0
0
0
0
0
0
0
0
0
-701
33
-2457
-2328
-20214
0
0
0
0
0
0
0
0
0
0
0
-3346
-4647
-6254
-3816
-4387
0
0
0
0
0
0
0
0
0
0
0
1143
-363
-6430
-4490
-11749
0
0
0
0
0
0
0
0
0
0
0
-1774
-1798
-3399
-2108
-2252
0
0
0
0
0
0
0
0
0
0
0
1953
-1783
-4677
-2221
-26103
0
0
0
0
0
0
0
0
0
0
0
-2475
-1767
-3568
-2026
-2248
0
0
0
0
0
0
0
0
0
0
0
3378
-2976
-3267
-2040
-26188
0
0
0
0
0
0
0
0
0
0
0
-3438
-2257
-2880
-4174
-2509
0
0
0
0
0
0
0
0
0
0
0
3185
-1606
-2124
-2257
-20274
0
0
0
0
0
0
0
0
0
0
0
-3652
-1124
-3319
-3367
-2515
0
0
0
0
0
0
0
0
0
0
0
865
-1085
-689
-2206
-16016
0
0
0
0
0
0
0
0
0
0
0
-2375
247
-2969
-2375
-1942
0
0
0
0
0
0
0
0
0
0
0
310
-675
-1241
-1517
-16959
0
0
0
0
0
0
0
0
0
0
0
-1508
-1584
-2969
-688
-1643
0
0
0
0
0
0
0
0
0
0
0
-460
551
-2573
-1891
-20562
0
0
0
0
0
0
0
0
0
0
0
-3500
-3209
-3712
-2720
-2909
0
0
0
0
0
0
0
0
0
0
0
-785
184
-2067
-3077
-19973
0
0
0
0
0
0
0
0
0
0
0
-3799
-3409
-6253
-3183
-4284
0
0
0
0
0
0
0
0
0
0
0
1558
-3575
-3639
-4064
-18258
0
0
0
0
0
0
0
0
0
0
0
-2577
-1557
-3023
-673
-2949
0
0
0
0
0
0
0
0
0
0
0
1159
-5376
-3182
-2861
-18959
0
0
0
0
0
0
0
0
0
0
0
-2430
313
-1931
-123
-2413
0
0
0
0
0
0
0
0
0
0
0
-832
-4130
-2535
-2391
-18649
0
0
0
0
0
0
0
0
0
0
0
-2117
834
-1761
-986
-2216
0
0
0
0
0
0
0
0
0
0
0
-1741
-3659
-1884
-2157
-15616
0
0
0
0
0
0
0
0
0
0
0
-1390
-129
-1407
-157
-1732
0
0
0
0
0
0
0
0
0
0
0
-2239
-2733
-1009
-1872
-15966
0
0
0
0
0
0
0
0
0
0
0
-1057
757
-2001
418
-1419
0
0
0
0
0
0
0
0
0
0
0
-1515
-1805
-1618
-1391
-14891
0
0
0
0
0
0
0
0
0
0
0
-1894
-1443
-3101
-144
-2047
0
0
0
0
0
0
0
0
0
0
0
140
-673
-4068
-2069
-19763
0
0
0
0
0
0
0
0
0
0
0
-2922
-2509
-1069
-1453
-2816
0
0
0
0
0
0
0
0
0
0
0
-2121
-827
-4123
-2680
-20413
0
0
0
0
0
0
0
0
0
0
0
-2549
-1607
-3167
-1176
-2859
0
0
0
0
0
0
0
0
0
0
0
56
-4060
-2571
-2682
-24114
0
0
0
0
0
0
0
0
0
0
0
-3200
-1081
-3155
41
-3149
0
0
0
0
0
0
0
0
0
0
0
-990
-5170
-1220
-2844
-19036
0
0
0
0
0
0
0
0
0
0
0
-1606
3
-1222
1185
-1023
0
0
0
0
0
0
0
0
0
0
0
-1242
-2226
-459
-1140
-24822
0
0
0
0
0
0
0
0
0
0
0
-1163
-132
-283
184
-1042
0
0
0
0
0
0
0
0
0
0
0
-1449
-2476
-471
-1151
-15669
0
0
0
0
0
0
0
0
0
0
0
-1513
-459
-213
-179
-1252
0
0
0
0
0
0
0
0
0
0
0
-1949
-1715
-508
-1281
-15384
0
0
0
0
0
0
0
0
0
0
0
-1269
-9
-1747
-280
-1405
0
0
0
0
0
0
0
0
0
0
0
-1214
-2311
-326
-1501
-13604
0
0
0
0
0
0
0
0
0
0
0
-2852
-1126
-2361
-576
-2148
0
0
0
0
0
0
0
0
0
0
0
619
-2615
-3267
-2078
-16169
0
0
0
0
0
0
0
0
0
0
0
-2833
-1073
789
-1827
-2271
0
0
0
0
0
0
0
0
0
0
0
-260
-2540
-4632
-2200
-17685
0
0
0
0
0
0
0
0
0
0
0
-3010
-1958
-19
-1125
-2669
0
0
0
0
0
0
0
0
0
0
0
-667
-3861
-3947
-2680
-17376
0
0
0
0
0
0
0
0
0
0
0
-2687
-2188
-1037
-134
-3123
0
0
0
0
0
0
0
0
0
0
0
-2028
-4767
-2767
-2761
-17404
0
0
0
0
0
0
0
0
0
0
0
-1875
-900
-1739
2038
-1930
0
0
0
0
0
0
0
0
0
0
0
-1756
-2047
-2907
-1645
-25090
0
0
0
0
0
0
0
0
0
0
0
-1130
-512
-659
199
-1432
0
0
0
0
0
0
0
0
0
0
0
-772
-2163
-1897
-1276
-19838
0
0
0
0
0
0
0
0
0
0
0
-1404
-328
-1669
-922
-1753
0
0
0
0
0
0
0
0
0
0
0
-1024
-1049
-1175
-1494
-25507
0
0
0
0
0
0
0
0
0
0
0
-1426
-759
-2767
-1581
-1899
0
0
0
0
0
0
0
0
0
0
0
-353
-1393
-498
-1837
-19171
0
0
0
0
0
0
0
0
0
0
0
-1891
-1069
-2706
436
-1843
0
0
0
0
0
0
0
0
0
0
0
-820
-1688
-2558
-1841
-18442
0
0
0
0
0
0
0
0
0
0
0
-1449
-69
-2060
268
-1520
0
0
0
0
0
0
0
0
0
0
0
-1549
-1448
-2526
-1505
-18369
0
0
0
0
0
0
0
0
0
0
0
-2636
-2347
-1810
-60
-3023
0
0
0
0
0
0
0
0
0
0
0
-2802
-2101
-3728
-3139
-13347
0
0
0
0
0
0
0
0
0
0
0
-2683
-1435
-2158
1412
-3152
0
0
0
0
0
0
0
0
0
0
0
-3257
-4011
-4317
-3021
-20891
0
0
0
0
0
0
0
0
0
0
0
-4390
-979
-3902
1672
-4020
0
0
0
0
0
0
0
0
0
0
0
-3675
-4726
-4164
-3690
-14144
0
0
0
0
0
0
0
0
0
0
0
-3087
-955
-2441
-650
-3405
0
0
0
0
0
0
0
0
0
0
0
-2755
-3718
-3209
-3267
-14278
0
0
0
0
0
0
0
0
0
0
0
-2279
-1122
-4303
-2083
-3240
0
0
0
0
0
0
0
0
0
0
0
-1966
-3245
-1229
-3125
-22637
0
0
0
0
0
0
0
0
0
0
0
-2073
-698
-3812
-3239
-3019
0
0
0
0
0
0
0
0
0
0
0
-1336
-2805
-1173
-2958
-16615
0
0
0
0
0
0
0
0
0
0
0
-1694
-1543
-2775
405
-1674
0
0
0
0
0
0
0
0
0
0
0
-89
-1614
-1208
-1716
-15287
0
0
0
0
0
0
0
0
0
0
0
-1398
-1264
-2774
895
-1832
0
0
0
0
0
0
0
0
0
0
0
-2109
-2879
-1473
-1922
-16136
0
0
0
0
0
0
0
0
0
0
0
-2931
-2620
-2286
-1630
-3214
0
0
0
0
0
0
0
0
0
0
0
-320
-2594
-4659
-3422
-15393
0
0
0
0
0
0
0
0
0
0
0
-2675
-1452
-1958
-1635
-2734
0
0
0
0
0
0
0
0
0
0
0
-876
-3302
-2725
-2797
-18932
0
0
0
0
0
0
0
0
0
0
0
-2260
-1507
-1269
-1356
-2406
0
0
0
0
0
0
0
0
0
0
0
-2202
-2356
-1393
-2239
-25311
0
0
0
0
0
0
0
0
0
0
0
-1497
-2231
-1382
-2459
-2602
0
0
0
0
0
0
0
0
0
0
0
-2152
-2082
-714
-2437
-19894
0
0
0
0
0
0
0
0
0
0
0
-1723
-2790
-3591
-2605
-2911
0
0
0
0
0
0
0
0
0
0
0
-1415
-3313
741
-2835
-16346
0
0
0
0
0
0
0
0
0
0
0
-1911
-2284
-2851
-2349
-2921
0
0
0
0
0
0
0
0
0
0
0
-1584
-2106
-938
-2822
-16958
0
0
0
0
0
0
0
0
0
0
0
-1954
-2500
-2963
-629
-2187
0
0
0
0
0
0
0
0
0
0
0
923
-2204
-1958
-2150
-16321
0
0
0
0
0
0
0
0
0
0
0
-2032
-3440
-2370
-1420
-2714
0
0
0
0
0
0
0
0
0
0
0
431
-3183
-2285
-2705
-23110
0
0
0
0
0
0
0
0
0
0
0
-3518
-5391
-3845
-3745
-3911
0
0
0
0
0
0
0
0
0
0
0
3780
-5495
-2994
-3870
-12746
0
0
0
0
0
0
0
0
0
0
0
-3513
-4604
-3314
-4634
-3851
0
0
0
0
0
0
0
0
0
0
0
1784
-4893
-948
-3672
-11873
0
0
0
0
0
0
0
0
0
0
0
-1754
-2198
-661
-2077
-1908
0
0
0
0
0
0
0
0
0
0
0
-883
-1502
-634
-1656
-21268
0
0
0
0
0
0
0
0
0
0
0
-1213
-2389
-380
-2359
-1755
0
0
0
0
0
0
0
0
0
0
0
-1204
-742
-525
-1647
-16118
0
0
0
0
0
0
0
0
0
0
0
-844
-1900
-1564
-2039
-1438
0
0
0
0
0
0
0
0
0
0
0
-925
-907
718
-1375
-17819
0
0
0
0
0
0
0
0
0
0
0
-948
-1441
-1120
-1463
-1262
0
0
0
0
0
0
0
0
0
0
0
-741
-429
-205
-1139
-15600
0
0
0
0
0
0
0
0
0
0
0
0
0
0
0
0
0
0
0
0
0
0
0
0
0
0
0
0
0
0
0
0
0
0
0
0
0
0
0
0
0
0
0
0
0
0
0
0
0
0
0
0
0
0
0
0
0
0
0
0
0
0
0
0
0
0
0
0
0
0
0
0
0
0
0
0
0
0
0
0
0
0
0
0
0
0
0
0
0
0
0
0
0
0
0
0
0
0
0
0
0
0
0
0
0
0
0
0
0
0
0
0
0
0
0
0
0
0
0
0
0
0
0
0
0
0
0
0
0
0
0
0
0
0
0
0
0
0
0
0
0
0
0
0
0
0
0
0
0
0
0
0
0
0
0
0
0
0
0
0
0
0
0
0
0
0
0
0
0
0
0
0
0
0
0
0
0
0
0
0
0
0
0
0
0
0
0
0
0
0
0
0
0
0
0
0
0
0
0
0
0
0
0
0
0
0
0
0
0
0
0
0
0
0
0
0
0
0
0
0
0
0
0
0
0
0
0
0
0
0
0
0
0
0
0
0
0
0
0
0
0
0
0
0
0
0
0
0
0
0
0
0
0
0
0
0
0
0
0
0
0
0
0
0
0
0
0
0
0
0
0
0
0
0
0
0
0
0
0
0
0
0
0
0
0
0
0
0
0
0
0
0
0
0
0
0
0
0
0
0
0
0
0
0
0
0
0
0
0
0
0
0
0
0
0
0
0
0
0
0
0
0
0
0
0
0
0
0
0
0
0
0
0
0
0
0
0
0
0
0
0
0
0
0
0
0
0
0
0
0
0
0
0
0
0
0
0
0
0
0
0
0
0
0
0
0
0
0
0
0
0
0
0
0
0
0
0
0
0
0
0
0
0
0
0
0
0
0
0
0
0
0
0
0
0
0
0
0
0
0
0
0
0
0
0
0
0
0
0
0
0
0
0
0
0
0
0
0
0
0
0
0
0
0
0
0
0
0
0
0
0
0
0
0
0
0
0
0
0
0
0
0
0
0
0
0
0
0
0
0
0
0
0
0
0
0
0
0
0
0
0
0
0
0
0
0
0
0
0
0
0
0
0
0
0
0
0
0
0
0
0
0
0
0
0
0
0
0
0
0
0
0
0
0
0
0
0
0
0
0
0
0
0
0
0
0
0
0
0
0
0
0
0
0
0
0
0
0
0
0
0
0
0
0
0
0
0
0
0
0
0
0
0
0
0
0
0
0
0
0
0
0
0
0
0
0
0
0
0
0
0
0
0
0
0
0
0
0
0
0
0
0
0
0
0
0
0
0
0
0
0
0
0
0
0
0
0
0
0
0
0
0
0
0
0
0
0
0
0
0
0
0
0
0
0
0
0
0
0
0
0
0
0
0
0
0
0
0
0
0
0
0
0
0
0
0
0
0
0
0
0
0
0
0
0
0
0
0
0
0
0
0
0
0
0
0
0
0
0
0
0
0
0
0
0
0
0
0
0
0
0
0
0
0
0
0
0
0
0
0
0
0
0
0
0
0
0
0
0
0
0
0
0
0
0
0
0
0
0
0
0
0
0
0
0
0
0
0
0
0
0
0
0
0
0
0
0
0
0
0
0
0
0
0
0
0
0
0
0
0
0
0
0
0
0
0
0
0
0
0
0
0
0
0
0
0
0
0
0
0
0
0
0
0
0
0
0
0
0
0
0
0
0
0
0
0
0
0
0
0
0
0
0
0
0
0
0
0
0
0
0
0
0
0
0
0
0
0
0
0
0
0
0
0
0
0
0
0
0
0
0
0
0
0
0
0
0
0
0
0
0
0
0
0
0
0
0
0
0
0
0
0
0
0
0
0
0
0
0
0
0
0
0
0
0
0
0
0
0
0
0
0
0
0
0
0
0
0
0
0
0
0
0
0
0
0
0
0
0
0
0
0
0
0
0
0
0
0
0
0
0
0
0
0
0
0
0
0
0
0
0
0
0
0
0
0
0
0
0
0
0
0
0
0
0
0
0
0
0
0
0
0
0
0
0
0
0
0
0
0
0
0
0
0
0
0
0
0
0
0
0
0
0
0
0
0
0
0
0
0
0
0
0
0
0
0
0
0
0
0
0
0
0
0
0
0
0
0
0
0
0
0
0
0
0
0
0
0
0
0
0
0
0
0
0
0
0
0
0
0
0
0
0
0
0
0
0
0
0
0
0
0
0
0
0
0
0
0
0
0
0
0
0
0
0
0
0
0
0
0
0
0
0
0
0
0
0
0
0
0
0
0
0
0
0
0
0
0
0
0
0
0
0
0
0
0
0
0
0
0
0
0
0
0
0
0
0
0
0
0
0
0
0
0
0
0
0
0
0
0
0
0
0
0
0
0
0
0
0
0
0
0
0
0
0
0
0
0
0
0
0
0
0
0
0
0
0
0
0
0
0
0
0
0
0
0
0
0
0
0
0
0
0
0
0
0
0
0
0
0
0
0
0
0
0
0
0
0
0
0
0
0
0
0
0
0
0
0
0
0
0
0
0
0
0
0
0
0
0
0
0
0
0
0
0
0
0
0
0
0
0
0
0
0
0
0
0
0
0
0
0
0
0
0
0
0
0
0
0
0
0
0
0
0
0
0
0
0
0
0
0
0
0
0
0
0
0
0
0
0
0
0
0
0
0
0
0
0
0
0
0
0
0
0
0
0
0
0
0
0
0
0
0
0
0
0
0
0
0
0
0
0
0
0
0
0
0
0
0
0
0
0
0
0
0
0
0
0
0
0
0
0
0
0
0
0
0
0
0
0
0
0
0
0
0
0
0
0
0
0
0
0
0
0
0
0
0
0
0
0
0
0
0
0
0
0
0
0
0
0
0
0
0
0
0
0
0
0
0
0
0
0
0
0
0
0
0
0
0
0
0
0
0
0
0
0
0
0
0
0
0
0
0
0
0
0
0
0
0
0
0
0
0
0
0
0
0
0
0
0
0
0
0
0
0
0
0
0
0
0
0
0
0
0
0
0
0
0
0
0
0
0
0
0
0
0
0
0
0
0
0
0
0
0
0
0
0
0
0
0
0
0
0
0
0
0
0
0
0
0
0
0
0
0
0
0
0
0
0
0
0
0
0
0
0
0
0
0
0
0
0
0
0
0
0
0
0
0
0
0
0
0
0
0
0
0
0
0
0
0
0
0
0
0
0
0
0
0
0
0
0
0
0
0
0
0
0
0
0
0
0
0
0
0
0
0
0
0
0
0
0
0
0
0
0
0
0
0
0
0
0
0
0
0
0
0
0
0
0
0
0
0
0
0
0
0
0
0
0
0
0
0
0
0
0
0
0
0
0
0
0
0
0
0
0
0
0
0
0
0
0
0
0
0
0
0
0
0
0
0
0
0
0
0
0
0
0
0
0
0
0
0
0
0
0
0
0
0
0
0
0
0
0
0
0
0
0
0
0
0
0
0
0
0
0
0
0
0
0
0
0
0
0
0
0
0
0
0
0
0
0
0
0
0
0
0
0
0
0
0
0
0
0
0
0
0
0
0
0
0
0
0
0
0
0
0
0
0
0
0
0
0
0
0
0
0
0
0
0
0
0
0
0
0
0
0
0
0
0
0
0
0
0
0
0
0
0
0
0
0
0
0
0
0
0
0
0
0
0
0
0
0
0
0
0
0
0
0
0
0
0
0
0
0
0
0
0
0
0
0
0
0
0
0
0
0
0
0
0
0
0
0
0
0
0
0
0
0
0
0
0
0
0
0
0
0
0
0
0
0
0
0
0
0
0
0
0
0
0
0
0
0
0
0
0
0
0
0
0
0
0
0
0
0
0
0
0
0
0
0
0
0
0
0
0
0
0
0
0
0
0
0
0
0
0
0
0
0
0
0
0
0
0
0
0
0
0
0
0
0
0
0
0
0
0
0
0
0
0
0
0
0
0
0
0
0
0
0
0
0
0
0
0
0
0
0
0
0
0
0
0
0
0
0
0
0
0
0
0
0
0
0
0
0
0
0
0
0
0
0
0
0
0
0
0
0
0
0
0
0
0
0
0
0
0
0
0
0
0
0
0
0
0
0
0
0
0
0
0
0
0
0
0
0
0
0
0
0
0
0
0
0
0
0
0
0
0
0
0
0
0
0
0
0
0
0
0
0
0
0
0
0
0
0
0
0
0
0
0
0
0
0
0
0
0
0
0
0
0
0
0
0
0
0
0
0
0
0
0
0
0
0
0
0
0
0
0
0
0
0
0
0
0
0
0
0
0
0
0
0
0
0
0
0
0
0
0
0
0
0
0
0
0
0
0
0
0
0
0
0
0
0
0
0
0
0
0
0
0
0
0
0
0
0
0
0
0
0
0
0
0
0
0
0
0
0
0
0
0
0
0
0
0
0
0
0
0
0
0
0
0
0
0
0
0
0
0
0
0
0
0
0
0
0
0
0
0
0
0
0
0
0
0
0
0
0
0
0
0
0
0
0
0
0
0
0
0
0
0
0
0
0
0
0
0
0
0
0
0
0
0
0
0
0
0
0
0
0
0
0
0
0
0
0
0
0
0
0
0
0
0
0
0
0
0
0
0
0
0
0
0
0
0
0
0
0
0
0
0
0
0
0
0
0
0
0
0
0
0
0
0
0
0
0
0
0
0
0
0
0
0
0
0
0
0
0
0
0
0
0
0
0
0
0
0
0
0
0
0
0
0
0
0
0
0
0
0
0
0
0
0
0
0
0
0
0
0
0
0
0
0
0
0
0
0
0
0
0
0
0
0
0
0
0
0
0
0
0
0
0
0
0
0
0
0
0
0
0
0
0
0
0
0
0
0
0
0
0
0
0
0
0
0
0
0
0
0
0
0
0
0
0
0
0
0
0
0
0
0
0
0
0
0
0
0
0
0
0
0
0
0
0
0
0
0
0
0
0
0
0
0
0
0
0
0
0
0
0
0
0
0
0
0
0
0
0
0
0
0
0
0
0
0
0
0
0
0
0
0
0
0
0
0
0
0
0
0
0
0
0
0
0
0
0
0
0
0
0
0
0
0
0
0
0
0
0
0
0
0
0
0
0
0
0
0
0
0
0
0
0
0
0
0
0
0
0
0
0
0
0
0
0
0
0
0
0
0
0
0
0
0
0
0
0
0
0
0
0
0
0
0
0
0
0
0
0
0
0
0
0
0
0
0
0
0
0
0
0
0
0
0
0
0
0
0
0
0
0
0
0
0
0
0
0
0
0
0
0
0
0
0
0
0
0
0
0
0
0
0
0
0
0
0
0
0
0
0
0
0
0
0
0
0
0
0
0
0
0
0
0
0
0
0
0
0
0
0
0
0
0
0
0
0
0
0
0
0
0
0
0
0
0
0
0
0
0
0
0
0
0
0
0
0
0
0
0
0
0
0
0
0
0
0
0
0
0
0
0
0
0
0
0
0
0
0
0
0
0
0
0
0
0
0
0
0
0
0
0
0
0
0
0
0
0
0
0
0
0
0
0
0
0
0
0
0
0
0
0
0
0
0
0
0
0
0
0
0
0
0
0
0
0
0
0
0
0
0
0
0
0
0
0
0
0
0
0
0
0
0
0
0
0
0
0
0
0
0
0
0
0
0
0
0
0
0
0
0
0
0
0
0
0
0
0
0
0
0
0
0
0
0
0
0
0
0
0
0
0
0
0
0
0
0
0
0
0
0
0
0
0
0
0
0
0
0
0
0
0
0
0
0
0
0
0
0
0
0
0
0
0
0
0
0
0
0
0
0
0
0
0
0
0
0
0
0
0
0
0
0
0
0
0
0
0
0
0
0
0
0
0
0
0
0
0
0
0
0
0
0
0
0
0
0
0
0
0
0
0
0
0
0
0
0
0
0
0
0
0
0
0
0
0
0
0
0
0
0
0
0
0
0
0
0
0
0
0
0
0
0
0
0
0
0
0
0
0
0
0
0
0
0
0
0
0
0
0
0
0
0
0
0
0
0
0
0
0
0
0
0
0
0
0
0
0
0
0
0
0
0
0
0
0
0
0
0
0
0
0
0
0
0
0
0
0
0
0
0
0
0
0
0
0
0
0
0
0
0
0
0
0
0
0
0
0
0
0
0
0
0
0
0
0
0
0
0
0
0
0
0
0
0
0
0
0
0
0
0
0
0
0
0
0
0
0
0
0
0
0
0
0
0
0
0
0
0
0
0
0
0
0
0
0
0
0
0
0
0
0
0
0
0
0
0
0
0
0
0
0
0
0
0
0
0
0
0
0
0
0
0
0
0
0
0
0
0
0
0
0
0
0
0
0
0
0
0
0
0
0
0
0
0
0
0
0
0
0
0
0
0
0
0
0
0
0
0
0
0
0
0
0
0
0
0
0
0
0
0
0
0
0
0
0
0
0
0
0
0
0
0
0
0
0
0
0
0
0
0
0
0
0
0
0
0
0
0
0
0
0
0
0
0
0
0
0
0
0
0
0
0
0
0
0
0
0
0
0
0
0
0
0
0
0
0
0
0
0
0
0
0
0
0
0
0
0
0
0
0
0
0
0
0
0
0
0
0
0
0
0
0
0
0
0
0
0
0
0
0
0
0
0
0
0
0
0
0
0
0
0
0
0
0
0
0
0
0
0
0
0
0
0
0
0
0
0
0
0
0
0
0
0
0
0
0
0
0
0
0
0
0
0
0
0
0
0
0
0
0
0
0
0
0
0
0
0
0
0
0
0
0
0
0
0
0
0
0
0
0
0
0
0
0
0
0
0
0
0
0
0
0
0
0
0
0
0
0
0
0
0
0
0
0
0
0
0
0
0
0
0
0
0
0
0
0
0
0
0
0
0
0
0
0
0
0
0
0
0
0
0
0
0
0
0
0
0
0
0
0
0
0
0
0
0
0
0
0
0
0
0
0
0
0
0
0
0
0
0
0
0
0
0
0
0
0
0
0
0
0
0
0
0
0
0
0
0
0
0
0
0
0
0
0
0
0
0
0
0
0
0
0
0
0
0
0
0
0
0
0
0
0
0
0
0
0
0
0
0
0
0
0
0
0
0
0
0
0
0
0
0
0
0
0
0
0
0
0
0
0
0
0
0
0
0
0
0
0
0
0
0
0
0
0
0
0
0
0
0
0
0
0
0
0
0
0
0
0
0
0
0
0
0
0
0
0
0
0
0
0
0
0
0
0
0
0
0
0
0
0
0
0
0
0
0
0
0
0
0
0
0
0
0
0
0
0
0
0
0
0
0
0
0
0
0
0
0
0
0
0
0
0
0
0
0
0
0
0
0
0
0
0
0
0
0
0
0
0
0
0
0
0
0
0
0
0
0
0
0
0
0
0
0
0
0
0
0
0
0
0
0
0
0
0
0
0
0
0
0
0
0
0
0
0
0
0
0
0
0
0
0
0
0
0
0
0
0
0
0
0
0
0
0
0
0
0
0
0
0
0
0
0
0
0
0
0
0
0
0
0
0
0
0
0
0
0
0
0
0
0
0
0
0
0
0
0
0
0
0
0
0
0
0
0
0
0
0
0
0
0
0
0
0
0
0
0
0
0
0
0
0
0
0
0
0
0
0
0
0
0
0
0
0
0
0
0
0
0
0
0
0
0
0
0
0
0
0
0
0
0
0
0
0
0
0
0
0
0
0
0
0
0
0
0
0
0
0
0
0
0
0
0
0
0
0
0
0
0
0
0
0
0
0
0
0
0
0
0
0
0
0
0
0
0
0
0
0
0
0
0
0
0
0
0
0
0
0
0
0
0
0
0
0
0
0
0
0
0
0
0
0
0
0
0
0
0
0
0
0
0
0
0
0
0
0
0
0
0
0
0
0
0
0
0
0
0
0
0
0
0
0
0
0
0
0
0
0
0
0
0
0
0
0
0
0
0
0
0
0
0
0
0
0
0
0
0
0
0
0
0
0
0
0
0
0
0
0
0
0
0
0
0
0
0
0
0
0
0
0
0
0
0
0
0
0
0
0
0
0
0
0
0
0
0
0
0
0
0
0
0
0
0
0
0
0
0
0
0
0
0
0
0
0
0
0
0
0
0
0
0
0
0
0
0
0
0
0
0
0
0
0
0
0
0
0
0
0
0
0
0
0
0
0
0
0
0
0
0
0
0
0
0
0
0
0
0
0
0
0
0
0
0
0
0
0
0
0
0
0
0
0
0
0
0
0
0
0
0
0
0
0
0
0
0
0
0
0
0
0
0
0
0
0
0
0
0
0
0
0
0
0
0
0
0
0
0
0
0
0
0
0
0
0
0
0
0
0
0
0
0
0
0
0
0
0
0
0
0
0
0
0
0
0
0
0
0
0
0
0
0
0
0
0
0
0
0
0
0
0
0
0
0
0
0
0
0
0
0
0
0
0
0
0
0
0
0
0
0
0
0
0
0
0
0
0
0
0
0
0
0
0
0
0
0
0
0
0
0
0
0
0
0
0
0
0
0
0
0
0
0
0
0
0
0
0
0
0
0
0
0
0
0
0
0
0
0
0
0
0
0
0
0
0
0
0
0
0
0
0
0
0
0
0
0
0
0
0
0
0
0
0
0
0
0
0
0
0
0
0
0
0
0
0
0
0
0
0
0
0
0
0
0
0
0
0
0
0
0
0
0
0
0
0
0
0
0
0
0
0
0
0
0
0
0
0
0
0
0
0
0
0
0
0
0
0
0
0
0
0
0
0
0
0
0
0
0
0
0
0
0
0
0
0
0
0
0
0
0
0
0
0
0
0
0
0
0
0
0
0
0
0
0
0
0
0
0
0
0
0
0
0
0
0
0
0
0
0
0
0
0
0
0
0
0
0
0
0
0
0
0
0
0
0
0
0
0
0
0
0
0
0
0
0
0
0
0
0
0
0
0
0
0
0
0
0
0
0
0
0
0
0
0
0
0
0
0
0
0
0
0
0
0
0
0
0
0
0
0
0
0
0
0
0
0
0
0
0
0
0
0
0
0
0
0
0
0
0
0
0
0
0
0
0
0
0
0
0
0
0
0
0
0
0
0
0
0
0
0
0
0
0
0
0
0
0
0
0
0
0
0
0
0
0
0
0
0
0
0
0
0
0
0
0
0
0
0
0
0
0
0
0
0
0
0
0
0
0
0
0
0
0
0
0
0
0
0
0
0
0
0
0
0
0
0
0
0
0
0
0
0
0
0
0
0
0
0
0
0
0
0
0
0
0
0
0
0
0
0
0
0
0
0
0
0
0
0
0
0
0
0
0
0
0
0
0
0
0
0
0
0
0
0
0
0
0
0
0
0
0
0
0
0
0
0
0
0
0
0
0
0
0
0
0
0
0
0
0
0
0
0
0
0
0
0
0
0
0
0
0
0
0
0
0
0
0
0
0
0
0
0
0
0
0
0
0
0
0
0
0
0
0
0
0
0
0
0
0
0
0
0
0
0
0
0
0
0
0
0
0
0
0
0
0
0
0
0
0
0
0
0
0
0
0
0
0
0
0
0
0
0
0
0
0
0
0
0
0
0
0
0
0
0
0
0
0
0
0
0
0
0
0
0
0
0
0
0
0
0
0
0
0
0
0
0
0
0
0
0
0
0
0
0
0
0
0
0
0
0
0
0
0
0
0
0
0
0
0
0
0
0
0
0
0
0
0
0
0
0
0
0
0
0
0
0
0
0
0
0
0
0
0
0
0
0
0
0
0
0
0
0
0
0
0
0
0
0
0
0
0
0
0
0
0
0
0
0
0
0
0
0
0
0
0
0
0
0
0
0
0
0
0
0
0
0
0
0
0
0
0
0
0
0
0
0
0
0
0
0
0
0
0
0
0
0
0
0
0
0
0
0
0
0
0
0
0
0
0
0
0
0
0
0
0
0
0
0
0
0
0
0
0
0
0
0
0
0
0
0
0
0
0
0
0
0
0
0
0
0
0
0
0
0
0
0
0
0
0
0
0
0
0
0
0
0
0
0
0
0
0
0
0
0
0
0
0
0
0
0
0
0
0
0
0
0
0
0
0
0
0
0
0
0
0
0
0
0
0
0
0
0
0
0
0
0
0
0
0
0
0
0
0
0
0
0
0
0
0
0
0
0
0
0
0
0
0
0
0
0
0
0
0
0
0
0
0
0
0
0
0
0
0
0
0
0
0
0
0
0
0
0
0
0
0
0
0
0
0
0
0
0
0
0
0
0
0
0
0
0
0
0
0
0
0
0
0
0
0
0
0
0
0
0
0
0
0
0
0
0
0
0
0
0
0
0
0
0
0
0
0
0
0
0
0
0
0
0
0
0
0
0
0
0
0
0
0
0
0
0
0
0
0
0
0
0
0
0
0
0
0
0
0
0
0
0
0
0
0
0
0
0
0
0
0
0
0
0
0
0
0
0
0
0
0
0
0
0
0
0
0
0
0
0
0
0
0
0
0
0
0
0
0
0
0
0
0
0
0
0
0
0
0
0
0
0
0
0
0
0
0
0
0
0
0
0
0
0
0
0
0
0
0
0
0
0
0
0
0
0
0
0
0
0
0
0
0
0
0
0
0
0
0
0
0
0
0
0
0
0
0
0
0
0
0
0
0
0
0
0
0
0
0
0
0
0
0
0
0
0
0
0
0
0
0
0
0
0
0
0
0
0
0
0
0
0
0
0
0
0
0
0
0
0
0
0
0
0
0
0
0
0
0
0
0
0
0
0
0
0
0
0
0
0
0
0
0
0
0
0
0
0
0
0
0
0
0
0
0
0
0
0
0
0
0
0
0
0
0
0
0
0
0
0
0
0
0
0
0
0
0
0
0
0
0
0
0
0
0
0
0
0
0
0
0
0
0
0
0
0
0
0
0
0
0
0
0
0
0
0
0
0
0
0
0
0
0
0
0
0
0
0
0
0
0
0
0
0
0
0
0
0
0
0
0
0
0
0
0
0
0
0
0
0
0
0
0
0
0
0
0
0
0
0
0
0
0
0
0
0
0
0
0
0
0
0
0
0
0
0
0
0
0
0
0
0
0
0
0
0
0
0
0
0
0
0
0
0
0
0
0
0
0
0
0
0
0
0
0
0
0
0
0
0
0
0
0
0
0
0
0
0
0
0
0
0
0
0
0
0
0
0
0
0
0
0
0
0
0
0
0
0
0
0
0
0
0
0
0
0
0
0
0
0
0
0
0
0
0
0
0
0
0
0
0
0
0
0
0
0
0
0
0
0
0
0
0
0
0
0
0
0
0
0
0
0
0
0
0
0
0
0
0
0
0
0
0
0
0
0
0
0
0
0
0
0
0
0
0
0
0
0
0
0
0
0
0
0
0
0
0
0
0
0
0
0
0
0
0
0
0
0
0
0
0
0
0
0
0
0
0
0
0
0
0
0
0
0
0
0
0
0
0
0
0
0
0
0
0
0
0
0
0
0
0
0
0
0
0
0
0
0
0
0
0
0
0
0
0
0
0
0
0
0
0
0
0
0
0
0
0
0
0
0
0
0
0
0
0
0
0
0
0
0
0
0
0
0
0
0
0
0
0
0
0
0
0
0
0
0
0
0
0
0
0
0
0
0
0
0
0
0
0
0
0
0
0
0
0
0
0
0
0
0
0
0
0
0
0
0
0
0
0
0
0
0
0
0
0
0
0
0
0
0
0
0
0
0
0
0
0
0
0
0
0
0
0
0
0
0
0
0
0
0
0
0
0
0
0
0
0
0
0
0
0
0
0
0
0
0
0
0
0
0
0
0
0
0
0
0
0
0
0
0
0
0
0
0
0
0
0
0
0
0
0
0
0
0
0
0
0
0
0
0
0
0
0
0
0
0
0
0
0
0
0
0
0
0
0
0
0
0
0
0
0
0
0
0
0
0
0
0
0
0
0
0
0
0
0
0
0
0
0
0
0
0
0
0
0
0
0
0
0
0
0
0
0
0
0
0
0
0
0
0
0
0
0
0
0
0
0
0
0
0
0
0
0
0
0
0
0
0
0
0
0
0
0
0
0
0
0
0
0
0
0
0
0
0
0
0
0
0
0
0
0
0
0
0
0
0
0
0
0
0
0
0
0
0
0
0
0
0
0
0
0
0
0
0
0
0
0
0
0
0
0
0
0
0
0
0
0
0
0
0
0
0
0
0
0
0
0
0
0
0
0
0
0
0
0
0
0
0
0
0
0
0
0
0
0
0
0
0
0
0
0
0
0
0
0
0
0
0
0
0
0
0
0
0
0
0
0
0
0
0
0
0
0
0
0
0
0
0
0
0
0
0
0
0
0
0
0
0
0
0
0
0
0
0
0
0
0
0
0
0
0
0
0
0
0
0
0
0
0
0
0
0
0
0
0
0
0
0
0
0
0
0
0
0
0
0
0
0
0
0
0
0
0
0
0
0
0
0
0
0
0
0
0
0
0
0
0
0
0
0
0
0
0
0
0
0
0
0
0
0
0
0
0
0
0
0
0
0
0
0
0
0
0
0
0
0
0
0
0
0
0
0
0
0
0
0
0
0
0
0
0
0
0
0
0
0
0
0
0
0
0
0
0
0
0
0
0
0
0
0
0
0
0
0
0
0
0
0
0
0
0
0
0
0
0
0
0
0
0
0
0
0
0
0
0
0
0
0
0
0
0
0
0
0
0
0
0
0
0
0
0
0
0
0
0
0
0
0
0
0
0
0
0
0
0
0
0
0
0
0
0
0
0
0
0
0
0
0
0
0
0
0
0
0
0
0
0
0
0
0
0
0
0
0
0
0
0
0
0
0
0
0
0
0
0
0
0
0
0
0
0
0
0
0
0
0
0
0
0
0
0
0
0
0
0
0
0
0
0
0
0
0
0
0
0
0
0
0
0
0
0
0
0
0
0
0
0
0
0
0
0
0
0
0
0
0
0
0
0
0
0
0
0
0
0
0
0
0
0
0
0
0
0
0
0
0
0
0
0
0
0
0
0
0
0
0
0
0
0
0
0
0
0
0
0
0
0
0
0
0
0
0
0
0
0
0
0
0
0
0
0
0
0
0
0
0
0
0
0
0
0
0
0
0
0
0
0
0
0
0
0
0
0
0
0
0
0
0
0
0
0
0
0
0
0
0
0
0
0
0
0
0
0
0
0
0
0
0
0
0
0
0
0
0
0
0
0
0
0
0
0
0
0
0
0
0
0
0
0
0
0
0
0
0
0
0
0
0
0
0
0
0
0
0
0
0
0
0
0
0
0
0
0
0
0
0
0
0
0
0
0
0
0
0
0
0
0
0
0
0
0
0
0
0
0
0
0
0
0
0
0
0
0
0
0
0
0
0
0
0
0
0
0
0
0
0
0
0
0
0
0
0
0
0
0
0
0
0
0
0
0
0
0
0
0
0
0
0
0
0
0
0
0
0
0
0
0
0
0
0
0
0
0
0
0
0
0
0
0
0
0
0
0
0
0
0
0
0
0
0
0
0
0
0
0
0
0
0
0
0
0
0
0
0
0
0
0
0
0
0
0
0
0
0
0
0
0
0
0
0
0
0
0
0
0
0
0
0
0
0
0
0
0
0
0
0
0
0
0
0
0
0
0
0
0
0
0
0
0
0
0
0
0
0
0
0
0
0
0
0
0
0
0
0
0
0
0
0
0
0
0
0
0
0
0
0
0
0
0
0
0
0
0
0
0
0
0
0
0
0
0
0
0
0
0
0
0
0
0
0
0
0
0
0
0
0
0
0
0
0
0
0
0
0
0
0
0
0
0
0
0
0
0
0
0
0
0
0
0
0
0
0
0
0
0
0
0
0
0
0
0
0
0
0
0
0
0
0
0
0
0
0
0
0
0
0
0
0
0
0
0
0
0
0
0
0
0
0
0
0
0
0
0
0
0
0
0
0
0
0
0
0
0
0
0
0
0
0
0
0
0
0
0
0
0
0
0
0
0
0
0
0
0
0
0
0
0
0
0
0
0
0
0
0
0
0
0
0
0
0
0
0
0
0
0
0
0
0
0
0
0
0
0
0
0
0
0
0
0
0
0
0
0
0
0
0
0
0
0
0
0
0
0
0
0
0
0
0
0
0
0
0
0
0
0
0
0
0
0
0
0
0
0
0
0
0
0
0
0
0
0
0
0
0
0
0
0
0
0
0
0
0
0
0
0
0
0
0
0
0
0
0
0
0
0
0
0
0
0
0
0
0
0
0
0
0
0
0
0
0
0
0
0
0
0
0
0
0
0
0
0
0
0
0
0
0
0
0
0
0
0
0
0
0
0
0
0
0
0
0
0
0
0
0
0
0
0
0
0
0
0
0
0
0
0
0
0
0
0
0
0
0
0
0
0
0
0
0
0
0
0
0
0
0
0
0
0
0
0
0
0
0
0
0
0
0
0
0
0
0
0
0
0
0
0
0
0
0
0
0
0
0
0
0
0
0
0
0
0
0
0
0
0
0
0
0
0
0
0
0
0
0
0
0
0
0
0
0
0
0
0
0
0
0
0
0
0
0
0
0
0
0
0
0
0
0
0
0
0
0
0
0
0
0
0
0
0
0
0
0
0
0
0
0
0
0
0
0
0
0
0
0
0
0
0
0
0
0
0
0
0
0
0
0
0
0
0
0
0
0
0
0
0
0
0
0
0
0
0
0
0
0
0
0
0
0
0
0
0
0
0
0
0
0
0
0
0
0
0
0
0
0
0
0
0
0
0
0
0
0
0
0
0
0
0
0
0
0
0
0
0
0
0
0
0
0
0
0
0
0
0
0
0
0
0
0
0
0
0
0
0
0
0
0
0
0
0
0
0
0
0
0
0
0
0
0
0
0
0
0
0
0
0
0
0
0
0
0
0
0
0
0
0
0
0
0
0
0
0
0
0
0
0
0
0
0
0
0
0
0
0
0
0
0
0
0
0
0
0
0
0
0
0
0
0
0
0
0
0
0
0
0
0
0
0
0
0
0
0
0
0
0
0
0
0
0
0
0
0
0
0
0
0
0
0
0
0
0
0
0
0
0
0
0
0
0
0
0
0
0
0
0
0
0
0
0
0
0
0
0
0
0
0
0
0
0
0
0
0
0
0
0
0
0
0
0
0
0
0
0
0
0
0
0
0
0
0
0
0
0
0
0
0
0
0
0
0
0
0
0
0
0
0
0
0
0
0
0
0
0
0
0
0
0
0
0
0
0
0
0
0
0
0
0
0
0
0
0
0
0
0
0
0
0
0
0
0
0
0
0
0
0
0
0
0
0
0
0
0
0
0
0
0
0
0
0
0
0
0
0
0
0
0
0
0
0
0
0
0
0
0
0
0
0
0
0
0
0
0
0
0
0
0
0
0
0
0
0
0
0
0
0
0
0
0
0
0
0
0
0
0
0
0
0
0
0
0
0
0
0
0
0
0
0
0
0
0
0
0
0
0
0
0
0
0
0
0
0
0
0
0
0
0
0
0
0
0
0
0
0
0
0
0
0
0
0
0
0
0
0
0
0
0
0
0
0
0
0
0
0
0
0
0
0
0
0
0
0
0
0
0
0
0
0
0
0
0
0
0
0
0
0
0
0
0
0
0
0
0
0
0
0
0
0
0
0
0
0
0
0
0
0
0
0
0
0
0
0
0
0
0
0
0
0
0
0
0
0
0
0
0
0
0
0
0
0
0
0
0
0
0
0
0
0
0
0
0
0
0
0
0
0
0
0
0
0
0
0
0
0
0
0
0
0
0
0
0
0
0
0
0
0
0
0
0
0
0
0
0
0
0
0
0
0
0
0
0
0
0
0
0
0
0
0
0
0
0
0
0
0
0
0
0
0
0
0
0
0
0
0
0
0
0
0
0
0
0
0
0
0
0
0
0
0
0
0
0
0
0
0
0
0
0
0
0
0
0
0
0
0
0
0
0
0
0
0
0
0
0
0
0
0
0
0
0
0
0
0
0
0
0
0
0
0
0
0
0
0
0
0
0
0
0
0
0
0
0
0
0
0
0
0
0
0
0
0
0
0
0
0
0
0
0
0
0
0
0
0
0
0
0
0
0
0
0
0
0
0
0
0
0
0
0
0
0
0
0
0
0
0
0
0
0
0
0
0
0
0
0
0
0
0
0
0
0
0
0
0
0
0
0
0
0
0
0
0
0
0
0
0
0
0
0
0
0
0
0
0
0
0
0
0
0
0
0
0
0
0
0
0
0
0
0
0
0
0
0
0
0
0
0
0
0
0
0
0
0
0
0
0
0
0
0
0
0
0
0
0
0
0
0
0
0
0
0
0
0
0
0
0
0
0
0
0
0
0
0
0
0
0
0
0
0
0
0
0
0
0
0
0
0
0
0
0
0
0
0
0
0
0
0
0
0
0
0
0
0
0
0
0
0
0
0
0
0
0
0
0
0
0
0
0
0
0
0
0
0
0
0
0
0
0
0
0
0
0
0
0
0
0
0
0
0
0
0
0
0
0
0
0
0
0
0
0
0
0
0
0
0
0
0
0
0
0
0
0
0
0
0
0
0
0
0
0
0
0
0
0
0
0
0
0
0
0
0
0
0
0
0
0
0
0
0
0
0
0
0
0
0
0
0
0
0
0
0
0
0
0
0
0
0
0
0
0
0
0
0
0
0
0
0
0
0
0
0
0
0
0
0
0
0
0
0
0
0
0
0
0
0
0
0
0
0
0
0
0
0
0
0
0
0
0
0
0
0
0
0
0
0
0
0
0
0
0
0
0
0
0
0
0
0
0
0
0
0
0
0
0
0
0
0
0
0
0
0
0
0
0
0
0
0
0
0
0
0
0
0
0
0
0
0
0
0
0
0
0
0
0
0
0
0
0
0
0
0
0
0
0
0
0
0
0
0
0
0
0
0
0
0
0
0
0
0
0
0
0
0
0
0
0
0
0
0
0
0
0
0
0
0
0
0
0
0
0
0
0
0
0
0
0
0
0
0
0
0
0
0
0
0
0
0
0
0
0
0
0
0
0
0
0
0
0
0
0
0
0
0
0
0
0
0
0
0
0
0
0
0
0
0
0
0
0
0
0
0
0
0
0
0
0
0
0
0
0
0
0
0
0
0
0
0
0
0
0
0
0
0
0
0
0
0
0
0
0
0
0
0
0
0
0
0
0
0
0
0
0
0
0
0
0
0
0
0
0
0
0
0
0
0
0
0
0
0
0
0
0
0
0
0
0
0
0
0
0
0
0
0
0
0
0
0
0
0
0
0
0
0
0
0
0
0
0
0
0
0
0
0
0
0
0
0
0
0
0
0
0
0
0
0
0
0
0
0
0
0
0
0
0
0
0
0
0
0
0
0
0
0
0
0
0
0
0
0
0
0
0
0
0
0
0
0
0
0
0
0
0
0
0
0
0
0
0
0
0
0
0
0
0
0
0
0
0
0
0
0
0
0
0
0
0
0
0
0
0
0
0
0
0
0
0
0
0
0
0
0
0
0
0
0
0
0
0
0
0
0
0
0
0
0
0
0
0
0
0
0
0
0
0
0
0
0
0
0
0
0
0
0
0
0
0
0
0
0
0
0
0
0
0
0
0
0
0
0
0
0
0
0
0
0
0
0
0
0
0
0
0
0
0
0
0
0
0
0
0
0
0
0
0
0
0
0
0
0
0
0
0
0
0
0
0
0
0
0
0
0
0
0
0
0
0
0
0
0
0
0
0
0
0
0
0
0
0
0
0
0
0
0
0
0
0
0
0
0
0
0
0
0
0
0
0
0
0
0
0
0
0
0
0
0
0
0
0
0
0
0
0
0
0
0
0
0
0
0
0
0
0
0
0
0
0
0
0
0
0
0
0
0
0
0
0
0
0
0
0
0
0
0
0
0
0
0
0
0
0
0
0
0
0
0
0
0
0
0
0
0
0
0
0
0
0
0
0
0
0
0
0
0
0
0
0
0
0
0
0
0
0
0
0
0
0
0
0
0
0
0
0
0
0
0
0
0
0
0
0
0
0
0
0
0
0
0
0
0
0
0
0
0
0
0
0
0
0
0
0
0
0
0
0
0
0
0
0
0
0
0
0
0
0
0
0
0
0
0
0
0
0
0
0
0
0
0
0
0
0
0
0
0
0
0
0
0
0
0
0
0
0
0
0
0
0
0
0
0
0
0
0
0
0
0
0
0
0
0
0
0
0
0
0
0
0
0
0
0
0
0
0
0
0
0
0
0
0
0
0
0
0
0
0
0
0
0
0
0
0
0
0
0
0
0
0
0
0
0
0
0
0
0
0
0
0
0
0
0
0
0
0
0
0
0
0
0
0
0
0
0
0
0
0
0
0
0
0
0
0
0
0
0
0
0
0
0
0
0
0
0
0
0
0
0
0
0
0
0
0
0
0
0
0
0
0
0
0
0
0
0
0
0
0
0
0
0
0
0
0
0
0
0
0
0
0
0
0
0
0
0
0
0
0
0
0
0
0
0
0
0
0
0
0
0
0
0
0
0
0
0
0
0
0
0
0
0
0
0
0
0
0
0
0
0
0
0
0
0
0
0
0
0
0
0
0
0
0
0
0
0
0
0
0
0
0
0
0
0
0
0
0
0
0
0
0
0
0
0
0
0
0
0
0
0
0
0
0
0
0
0
0
0
0
0
0
0
0
0
0
0
0
0
0
0
0
0
0
0
0
0
0
0
0
0
0
0
0
0
0
0
0
0
0
0
0
0
0
0
0
0
0
0
0
0
0
0
0
0
0
0
0
0
0
0
0
0
0
0
0
0
0
0
0
0
0
0
0
0
0
0
0
0
0
0
0
0
0
0
0
0
0
0
0
0
0
0
0
0
0
0
0
0
0
0
0
0
0
0
0
0
0
0
0
0
0
0
0
0
0
0
0
0
0
0
0
0
0
0
0
0
0
0
0
0
0
0
0
0
0
0
0
0
0
0
0
0
0
0
0
0
0
0
0
0
0
0
0
0
0
0
0
0
0
0
0
0
0
0
0
0
0
0
0
0
0
0
0
0
0
0
0
0
0
0
0
0
0
0
0
0
0
0
0
0
0
0
0
0
0
0
0
0
0
0
0
0
0
0
0
0
0
0
0
0
0
0
0
0
0
0
0
0
0
0
0
0
0
0
0
0
0
0
0
0
0
0
0
0
0
0
0
0
0
0
0
0
0
0
0
0
0
0
0
0
0
0
0
0
0
0
0
0
0
0
0
0
0
0
0
0
0
0
0
0
0
0
0
0
0
0
0
0
0
0
0
0
0
0
0
0
0
0
0
0
0
0
0
0
0
0
0
0
0
0
0
0
0
0
0
0
0
0
0
0
0
0
0
0
0
0
0
0
0
0
0
0
0
0
0
0
0
0
0
0
0
0
0
0
0
0
0
0
0
0
0
0
0
0
0
0
0
0
0
0
0
0
0
0
0
0
0
0
0
0
0
0
0
0
0
0
0
0
0
0
0
0
0
0
0
0
0
0
0
0
0
0
0
0
0
0
0
0
0
0
0
0
0
0
0
0
0
0
0
0
0
0
0
0
0
0
0
0
0
0
0
0
0
0
0
0
0
0
0
0
0
0
0
0
0
0
0
0
0
0
0
0
0
0
0
0
0
0
0
0
0
0
0
0
0
0
0
0
0
0
0
0
0
0
0
0
0
0
0
0
0
0
0
0
0
0
0
0
0
0
0
0
0
0
0
0
0
0
0
0
0
0
0
0
0
0
0
0
0
0
0
0
0
0
0
0
0
0
0
0
0
0
0
0
0
0
0
0
0
0
0
0
0
0
0
0
0
0
0
0
0
0
0
0
0
0
0
0
0
0
0
0
0
0
0
0
0
0
0
0
0
0
0
0
0
0
0
0
0
0
0
0
0
0
0
0
0
0
0
0
0
0
0
0
0
0
0
0
0
0
0
0
0
0
0
0
0
0
0
0
0
0
0
0
0
0
0
0
0
0
0
0
0
0
0
0
0
0
0
0
0
0
0
0
0
0
0
0
0
0
0
0
0
0
0
0
0
0
0
0
0
0
0
0
0
0
0
0
0
0
0
0
0
0
0
0
0
0
0
0
0
0
0
0
0
0
0
0
0
0
0
0
0
0
0
0
0
0
0
0
0
0
0
0
0
0
0
0
0
0
0
0
0
0
0
0
0
0
0
0
0
0
0
0
0
0
0
0
0
0
0
0
0
0
0
0
0
0
0
0
0
0
0
0
0
0
0
0
0
0
0
0
0
0
0
0
0
0
0
0
0
0
0
0
0
0
0
0
0
0
0
0
0
0
0
0
0
0
0
0
0
0
0
0
0
0
0
0
0
0
0
0
0
0
0
0
0
0
0
0
0
0
0
0
0
0
0
0
0
0
0
0
0
0
0
0
0
0
0
0
0
0
0
0
0
0
0
0
0
0
0
0
0
0
0
0
0
0
0
0
0
0
0
0
0
0
0
0
0
0
0
0
0
0
0
0
0
0
0
0
0
0
0
0
0
0
0
0
0
0
0
0
0
0
0
0
0
0
0
0
0
0
0
0
0
0
0
0
0
0
0
0
0
0
0
0
0
0
0
0
0
0
0
0
0
0
0
0
0
0
0
0
0
0
0
0
0
0
0
0
0
0
0
0
0
0
0
0
0
0
0
0
0
0
0
0
0
0
0
0
0
0
0
0
0
0
0
0
0
0
0
0
0
0
0
0
0
0
0
0
0
0
0
0
0
0
0
0
0
0
0
0
0
0
0
0
0
0
0
0
0
0
0
0
0
0
0
0
0
0
0
0
0
0
0
0
0
0
0
0
0
0
0
0
0
0
0
0
0
0
0
0
0
0
0
0
0
0
0
0
0
0
0
0
0
0
0
0
0
0
0
0
0
0
0
0
0
0
0
0
0
0
0
0
0
0
0
0
0
0
0
0
0
0
0
0
0
0
0
0
0
0
0
0
0
0
0
0
0
0
0
0
0
0
0
0
0
0
0
0
0
0
0
0
0
0
0
0
0
0
0
0
0
0
0
0
0
0
0
0
0
0
0
0
0
0
0
0
0
0
0
0
0
0
0
0
0
0
0
0
0
0
0
0
0
0
0
0
0
0
0
0
0
0
0
0
0
0
0
0
0
0
0
0
0
0
0
0
0
0
0
0
0
0
0
0
0
0
0
0
0
0
0
0
0
0
0
0
0
0
0
0
0
0
0
0
0
0
0
0
0
0
0
0
0
0
0
0
0
0
0
0
0
0
0
0
0
0
0
0
0
0
0
0
0
0
0
0
0
0
0
0
0
0
0
0
0
0
0
0
0
0
0
0
0
0
0
0
0
0
0
0
0
0
0
0
0
0
0
0
0
0
0
0
0
0
0
0
0
0
0
0
0
0
0
0
0
0
0
0
0
0
0
0
0
0
0
0
0
0
0
0
0
0
0
0
0
0
0
0
0
0
0
0
0
0
0
0
0
0
0
0
0
0
0
0
0
0
0
0
0
0
0
0
0
0
0
0
0
0
0
0
0
0
0
0
0
0
0
0
0
0
0
0
0
0
0
0
0
0
0
0
0
0
0
0
0
0
0
0
0
0
0
0
0
0
0
0
0
0
0
0
0
0
0
0
0
0
0
0
0
0
0
0
0
0
0
0
0
0
0
0
0
0
0
0
0
0
0
0
0
0
0
0
0
0
0
0
0
0
0
0
0
0
0
0
0
0
0
0
0
0
0
0
0
0
0
0
0
0
0
0
0
0
0
0
0
0
0
0
0
0
0
0
0
0
0
0
0
0
0
0
0
0
0
0
0
0
0
0
0
0
0
0
0
0
0
0
0
0
0
0
0
0
0
0
0
0
0
0
0
0
0
0
0
0
0
0
0
0
0
0
0
0
0
0
0
0
0
0
0
0
0
0
0
0
0
0
0
0
0
0
0
0
0
0
0
0
0
0
0
0
0
0
0
0
0
0
0
0
0
0
0
0
0
0
0
0
0
0
0
0
0
0
0
0
0
0
0
0
0
0
0
0
0
0
0
0
0
0
0
0
0
0
0
0
0
0
0
0
0
0
0
0
0
0
0
0
0
0
0
0
0
0
0
0
0
0
0
0
0
0
0
0
0
0
0
0
0
0
0
0
0
0
0
0
0
0
0
0
0
0
0
0
0
0
0
0
0
0
0
0
0
0
0
0
0
0
0
0
0
0
0
0
0
0
0
0
0
0
0
0
0
0
0
0
0
0
0
0
0
0
0
0
0
0
0
0
0
0
0
0
0
0
0
0
0
0
0
0
0
0
0
0
0
0
0
0
0
0
0
0
0
0
0
0
0
0
0
0
0
0
0
0
0
0
0
0
0
0
0
0
0
0
0
0
0
0
0
0
0
0
0
0
0
0
0
0
0
0
0
0
0
0
0
0
0
0
0
0
0
0
0
0
0
0
0
0
0
0
0
0
0
0
0
0
0
0
0
0
0
0
0
0
0
0
0
0
0
0
0
0
0
0
0
0
0
0
0
0
0
0
0
0
0
0
0
0
0
0
0
0
0
0
0
0
0
0
0
0
0
0
0
0
0
0
0
0
0
0
0
0
0
0
0
0
0
0
0
0
0
0
0
0
0
0
0
0
0
0
0
0
0
0
0
0
0
0
0
0
0
0
0
0
0
0
0
0
0
0
0
0
0
0
0
0
0
0
0
0
0
0
0
0
0
0
0
0
0
0
0
0
0
0
0
0
0
0
0
0
0
0
0
0
0
0
0
0
0
0
0
0
0
0
0
0
0
0
0
0
0
0
0
0
0
0
0
0
0
0
0
0
0
0
0
0
0
0
0
0
0
0
0
0
0
0
0
0
0
0
0
0
0
0
0
0
0
0
0
0
0
0
0
0
0
0
0
0
0
0
0
0
0
0
0
0
0
0
0
0
0
0
0
0
0
0
0
0
0
0
0
0
0
0
0
0
0
0
0
0
0
0
0
0
0
0
0
0
0
0
0
0
0
0
0
0
0
0
0
0
0
0
0
0
0
0
0
0
0
0
0
0
0
0
0
0
0
0
0
0
0
0
0
0
0
0
0
0
0
0
0
0
0
0
0
0
0
0
0
0
0
0
0
0
0
0
0
0
0
0
0
0
0
0
0
0
0
0
0
0
0
0
0
0
0
0
0
0
0
0
0
0
0
0
0
0
0
0
0
0
0
0
0
0
0
0
0
0
0
0
0
0
0
0
0
0
0
0
0
0
0
0
0
0
0
0
0
0
0
0
0
0
0
0
0
0
0
0
0
0
0
0
0
0
0
0
0
0
0
0
0
0
0
0
0
0
0
0
0
0
0
0
0
0
0
0
0
0
0
0
0
0
0
0
0
0
0
0
0
0
0
0
0
0
0
0
0
0
0
0
0
0
0
0
0
0
0
0
0
0
0
0
0
0
0
0
0
0
0
0
0
0
0
0
0
0
0
0
0
0
0
0
0
0
0
0
0
0
0
0
0
0
0
0
0
0
0
0
0
0
0
0
0
0
0
0
0
0
0
0
0
0
0
0
0
0
0
0
0
0
0
0
0
0
0
0
0
0
0
0
0
0
0
0
0
0
0
0
0
0
0
0
0
0
0
0
0
0
0
0
0
0
0
0
0
0
0
0
0
0
0
0
0
0
0
0
0
0
0
0
0
0
0
0
0
0
0
0
0
0
0
0
0
0
0
0
0
0
0
0
0
0
0
0
0
0
0
0
0
0
0
0
0
0
0
0
0
0
0
0
0
0
0
0
0
0
0
0
0
0
0
0
0
0
0
0
0
0
0
0
0
0
0
0
0
0
0
0
0
0
0
0
0
0
0
0
0
0
0
0
0
0
0
0
0
0
0
0
0
0
0
0
0
0
0
0
0
0
0
0
0
0
0
0
0
0
0
0
0
0
0
0
0
0
0
0
0
0
0
0
0
0
0
0
0
0
0
0
0
0
0
0
0
0
0
0
0
0
0
0
0
0
0
0
0
0
0
0
0
0
0
0
0
0
0
0
0
0
0
0
0
0
0
0
0
0
0
0
0
0
0
0
0
0
0
0
0
0
0
0
0
0
0
0
0
0
0
0
0
0
0
0
0
0
0
0
0
0
0
0
0
0
0
0
0
0
0
0
0
0
0
0
0
0
0
0
0
0
0
0
0
0
0
0
0
0
0
0
0
0
0
0
0
0
0
0
0
0
0
0
0
0
0
0
0
0
0
0
0
0
0
0
0
0
0
0
0
0
0
0
0
0
0
0
0
0
0
0
0
0
0
0
0
0
0
0
0
0
0
0
0
0
0
0
0
0
0
0
0
0
0
0
0
0
0
0
0
0
0
0
0
0
0
0
0
0
0
0
0
0
0
0
0
0
0
0
0
0
0
0
0
0
0
0
0
0
0
0
0
0
0
0
0
0
0
0
0
0
0
0
0
0
0
0
0
0
0
0
0
0
0
0
0
0
0
0
0
0
0
0
0
0
0
0
0
0
0
0
0
0
0
0
0
0
0
0
0
0
0
0
0
0
0
0
0
0
0
0
0
0
0
0
0
0
0
0
0
0
0
0
0
0
0
0
0
0
0
0
0
0
0
0
0
0
0
0
0
0
0
0
0
0
0
0
0
0
0
0
0
0
0
0
0
0
0
0
0
0
0
0
0
0
0
0
0
0
0
0
0
0
0
0
0
0
0
0
0
0
0
0
0
0
0
0
0
0
0
0
0
0
0
0
0
0
0
0
0
0
0
0
0
0
0
0
0
0
0
0
0
0
0
0
0
0
0
0
0
0
0
0
0
0
0
0
0
0
0
0
0
0
0
0
0
0
0
0
0
0
0
0
0
0
0
0
0
0
0
0
0
0
0
0
0
0
0
0
0
0
0
0
0
0
0
0
0
0
0
0
0
0
0
0
0
0
0
0
0
0
0
0
0
0
0
0
0
0
0
0
0
0
0
0
0
0
0
0
0
0
0
0
0
0
0
0
0
0
0
0
0
0
0
0
0
0
0
0
0
0
0
0
0
0
0
0
0
0
0
0
0
0
0
0
0
0
0
0
0
0
0
0
0
0
0
0
0
0
0
0
0
0
0
0
0
0
0
0
0
0
0
0
0
0
0
0
0
0
0
0
0
0
0
0
0
0
0
0
0
0
0
0
0
0
0
0
0
0
0
0
0
0
0
0
0
0
0
0
0
0
0
0
0
0
0
0
0
0
0
0
0
0
0
0
0
0
0
0
0
0
0
0
0
0
0
0
0
0
0
0
0
0
0
0
0
0
0
0
0
0
0
0
0
0
0
0
0
0
0
0
0
0
0
0
0
0
0
0
0
0
0
0
0
0
0
0
0
0
0
0
0
0
0
0
0
0
0
0
0
0
0
0
0
0
0
0
0
0
0
0
0
0
0
0
0
0
0
0
0
0
0
0
0
0
0
0
0
0
0
0
0
0
0
0
0
0
0
0
0
0
0
0
0
0
0
0
0
0
0
0
0
0
0
0
0
0
0
0
0
0
0
0
0
0
0
0
0
0
0
0
0
0
0
0
0
0
0
0
0
0
0
0
0
0
0
0
0
0
0
0
0
0
0
0
0
0
0
0
0
0
0
0
0
0
0
0
0
0
0
0
0
0
0
0
0
0
0
0
0
0
0
0
0
0
0
0
0
0
0
0
0
0
0
0
0
0
0
0
0
0
0
0
0
0
0
0
0
0
0
0
0
0
0
0
0
0
0
0
0
0
0
0
0
0
0
0
0
0
0
0
0
0
0
0
0
0
0
0
0
0
0
0
0
0
0
0
0
0
0
0
0
0
0
0
0
0
0
0
0
0
0
0
0
0
0
0
0
0
0
0
0
0
0
0
0
0
0
0
0
0
0
0
0
0
0
0
0
0
0
0
0
0
0
0
0
0
0
0
0
0
0
0
0
0
0
0
0
0
0
0
0
0
0
0
0
0
0
0
0
0
0
0
0
0
0
0
0
0
0
0
0
0
0
0
0
0
0
0
0
0
0
0
0
0
0
0
0
0
0
0
0
0
0
0
0
0
0
0
0
0
0
0
0
0
0
0
0
0
0
0
0
0
0
0
0
0
0
0
0
0
0
0
0
0
0
0
0
0
0
0
0
0
0
0
0
0
0
0
0
0
0
0
0
0
0
0
0
0
0
0
0
0
0
0
0
0
0
0
0
0
0
0
0
0
0
0
0
0
0
0
0
0
0
0
0
0
0
0
0
0
0
0
0
0
0
0
0
0
0
0
0
0
0
0
0
0
0
0
0
0
0
0
0
0
0
0
0
0
0
0
0
0
0
0
0
0
0
0
0
0
0
0
0
0
0
0
0
0
0
0
0
0
0
0
0
0
0
0
0
0
0
0
0
0
0
0
0
0
0
0
0
0
0
0
0
0
0
0
0
0
0
0
0
0
0
0
0
0
0
0
0
0
0
0
0
0
0
0
0
0
0
0
0
0
0
0
0
0
0
0
0
0
0
0
0
0
0
0
0
0
0
0
0
0
0
0
0
0
0
0
0
0
0
0
0
0
0
0
0
0
0
0
0
0
0
0
0
0
0
0
0
0
0
0
0
0
0
0
0
0
0
0
0
0
0
0
0
0
0
0
0
0
0
0
0
0
0
0
0
0
0
0
0
0
0
0
0
0
0
0
0
0
0
0
0
0
0
0
0
0
0
0
0
0
0
0
0
0
0
0
0
0
0
0
0
0
0
0
0
0
0
0
0
0
0
0
0
0
0
0
0
0
0
0
0
0
0
0
0
0
0
0
0
0
0
0
0
0
0
0
0
0
0
0
0
0
0
0
0
0
0
0
0
0
0
0
0
0
0
0
0
0
0
0
0
0
0
0
0
0
0
0
0
0
0
0
0
0
0
0
0
0
0
0
0
0
0
0
0
0
0
0
0
0
0
0
0
0
0
0
0
0
0
0
0
0
0
0
0
0
0
0
0
0
0
0
0
0
0
0
0
0
0
0
0
0
0
0
0
0
0
0
0
0
0
0
0
0
0
0
0
0
0
0
0
0
0
0
0
0
0
0
0
0
0
0
0
0
0
0
0
0
0
0
0
0
0
0
0
0
0
0
0
0
0
0
0
0
0
0
0
0
0
0
0
0
0
0
0
0
0
0
0
0
0
0
0
0
0
0
0
0
0
0
0
0
0
0
0
0
0
0
0
0
0
0
0
0
0
0
0
0
0
0
0
0
0
0
0
0
0
0
0
0
0
0
0
0
0
0
0
0
0
0
0
0
0
0
0
0
0
0
0
0
0
0
0
0
0
0
0
0
0
0
0
0
0
0
0
0
0
0
0
0
0
0
0
0
0
0
0
0
0
0
0
0
0
0
0
0
0
0
0
0
0
0
0
0
0
0
0
0
0
0
0
0
0
0
0
0
0
0
0
0
0
0
0
0
0
0
0
0
0
0
0
0
0
0
0
0
0
0
0
0
0
0
0
0
0
0
0
0
0
0
0
0
0
0
0
0
0
0
0
0
0
0
0
0
0
0
0
0
0
0
0
0
0
0
0
0
0
0
0
0
0
0
0
0
0
0
0
0
0
0
0
0
0
0
0
0
0
0
0
0
0
0
0
0
0
0
0
0
0
0
0
0
0
0
0
0
0
0
0
0
0
0
0
0
0
0
0
0
0
0
0
0
0
0
0
0
0
0
0
0
0
0
0
0
0
0
0
0
0
0
0
0
0
0
0
0
0
0
0
0
0
0
0
0
0
0
0
0
0
0
0
0
0
0
0
0
0
0
0
0
0
0
0
0
0
0
0
0
0
0
0
0
0
0
0
0
0
0
0
0
0
0
0
0
0
0
0
0
0
0
0
0
0
0
0
0
0
0
0
0
0
0
0
0
0
0
0
0
0
0
0
0
0
0
0
0
0
0
0
0
0
0
0
0
0
0
0
0
0
0
0
0
0
0
0
0
0
0
0
0
0
0
0
0
0
0
0
0
