-95
484
-4126
-2971
-93
-3735
-4163
-112
1147
-4694
-3571
-1484
-3998
-1690
38
592
-78
1939
-3265
-4540
-1560
-4119
-13519
-80
2225
-3067
-4666
-2587
-4436
-15089
194
1875
-340
527
-4456
-4333
-101
-3766
-3978
-203
600
-5272
-5792
-1561
-4339
-543
-48
442
46
789
-989
-4449
-1857
-3888
-13510
126
38
-1747
-4557
-2316
-3900
-13581
277
164
-457
459
-3166
-3343
-1225
-2709
-2924
-305
138
-5589
-4488
-2915
-4932
-285
2
511
374
-668
259
-3242
-1186
-2780
-22434
55
-1030
-2266
-5382
-3014
-3649
-17143
145
-655
-308
720
-2900
-2136
180
-2091
-2375
-271
386
-5262
-4106
-2703
-4575
963
-30
922
310
496
899
-2931
-2805
-2313
-20581
41
-269
-1374
-4802
-4881
-3896
-15170
144
37
-182
911
-1859
-788
-370
-1348
-1720
-293
381
-4301
-3410
-1925
-3783
2259
-55
654
295
-390
399
-2298
-2123
-1624
-20438
34
-497
-2098
-3620
-5265
-3198
-15410
67
-292
-432
1459
-3164
-1184
-2190
-2614
-2667
-371
692
-4642
-3309
-2665
-3569
3788
-56
1043
259
645
-1660
-3539
-104
-2615
-21795
33
1076
-4748
-3804
-4408
-3287
-21938
213
1534
-593
3248
-4317
-862
-2184
-4767
-3977
-414
4678
-8660
-6546
-7037
-7473
6707
-124
5448
5
-105
-1833
-4841
-2307
-4118
-18470
134
1069
-8233
-8084
-8101
-7225
-7037
199
1076
-283
1175
-2861
-936
-299
-3032
-2619
-341
2029
-4528
-3738
-2586
-4250
2931
-89
2298
45
-1469
-1757
-3080
-1977
-2611
-15531
25
-2457
-5005
-4594
-3779
-3756
-13072
128
-2929
75
-341
-4527
-3225
-171
-5227
-5459
66
-869
-4836
-4691
-2962
-4943
283
80
219
-281
1762
-4416
-5484
-2152
-5374
-18115
-116
1758
-4892
-4461
-4039
-4995
-22737
19
1137
-158
-639
-5076
-2616
-3652
-5200
-4849
-81
-1192
-5623
-4118
-4590
-4924
1102
14
-1098
-30
692
-2441
-3764
-172
-4597
-20809
-12
-711
-3604
-3692
-3123
-4186
-24551
82
-528
-267
-184
-4479
-3668
-3616
-5247
-4699
-166
-1048
-5561
-3879
-4423
-4934
1608
-61
-782
267
572
-1210
-1682
-2035
-4495
-19657
44
-385
-3901
-4424
-3743
-4029
-24111
96
203
-296
-933
-3083
-2056
-1558
-3059
-3209
-152
-1036
-5613
-4915
-5293
-4656
5136
-92
-1560
228
466
671
-2074
-3686
-3028
-22861
43
107
-4093
-3931
-6466
-4258
-20581
13
221
-137
-825
-2733
-760
-1923
-2598
-2951
-186
-317
-6890
-5877
-6536
-5641
7046
-100
-53
344
-234
831
-3017
-3417
-2714
-22596
79
-968
-4882
-4355
-8945
-5397
-14670
67
-1152
-291
-782
-3021
-1804
-2925
-3160
-3322
-247
-647
-8052
-7856
-7040
-6380
9884
-32
471
346
1267
-1272
-4048
-585
-2949
32443
75
603
-8775
-5821
-7856
-6281
-23192
158
2176
-470
-1819
-4306
-2363
-3663
-6740
-6269
-330
-1835
-14746
-14550
-14020
-13924
12759
-28
-2778
-132
-431
-3511
-7860
-2641
-5935
-16796
109
1001
-15388
-14357
-13354
-14082
15758
207
1510
-345
-904
-3036
-1249
-1176
-3808
-3423
-269
-1706
-7373
-6823
-6503
-7145
5145
-28
-2390
-83
-3226
-2890
-4066
-1123
-3048
-24419
174
-4191
-8234
-5829
-5511
-6185
-13116
137
-4922
287
577
-4597
-2340
656
-3087
-3919
232
-677
-5420
-4024
-3550
-4473
780
118
-679
-268
1241
-2640
-4787
-2322
-3926
-22035
-161
2385
-3567
-3761
-3620
-4215
-23198
40
1466
245
592
-6680
-1776
-5540
-5396
-5641
164
-83
-6910
-3055
-7039
-5560
158
86
-195
-118
500
-2080
-4911
-1379
-5569
-15756
-262
-939
-3181
-4159
-4819
-5353
-20873
28
-679
233
732
-4471
-1725
-3742
-4543
-4295
16
28
-5505
-2272
-4740
-4783
959
-60
-301
142
557
-1804
-1535
-2861
-4148
-17336
-157
-147
-3140
-4193
-5905
-3673
-21490
10
177
178
535
-3770
-798
-3180
-3138
-3856
76
-386
-3957
-1855
-4036
-3614
2002
-135
-843
118
-111
-1484
-2426
-3688
-3724
-17733
-66
159
-3210
-3781
-6199
-3408
-23866
48
-236
264
367
-2700
1266
-3486
-1842
-2657
41
-306
-5884
-1757
-6005
-5501
3063
-96
-54
176
545
-334
-2507
-3128
-2428
-25473
-87
-689
-4524
-4963
-8439
-4591
-18314
20
-339
139
1220
-1577
-1004
-2851
-2327
-2639
-190
577
-6921
-5329
-7848
-7297
5773
-23
225
360
1604
-1831
-3497
-87
-2567
-32106
109
993
-8872
-6988
-7036
-5875
-15947
137
1708
-155
690
-3099
-2670
-1814
-3621
-4522
-176
318
-7185
-8847
-7697
-7606
7613
-53
-1692
-34
-565
-4610
-4386
-1099
-4120
-22810
149
336
-11466
-7964
-7340
-7801
-10413
167
681
-109
29
-3274
-661
-811
-2879
-3069
36
29
-4849
-3830
-4030
-4564
3821
38
-562
-317
-3295
-4075
-2394
-1037
-2956
-24547
-161
-2612
-6692
-2994
-4500
-4249
-23160
-26
-2279
347
-260
-3562
-1812
1166
-1776
-2779
302
552
-4572
-2768
-2716
-3369
-475
129
-258
-230
1566
-1727
-4041
-2218
-2732
-20410
-151
2745
-1663
-2951
-3207
-2995
-20044
50
2588
355
1069
-4727
-69
-2269
-3018
-3253
201
568
-7322
-1774
-6677
-5837
246
42
456
-119
1443
-944
-3307
-2184
-3275
-20975
-186
23
-3345
-4946
-6277
-4983
-12669
91
-75
419
2050
-3208
-856
-2621
-1778
-1979
152
848
-5884
-1481
-5180
-4887
101
-84
1257
153
845
-613
871
-2506
-2046
-25102
19
-809
-2615
-4879
-5995
-4044
-15288
58
-594
273
947
-3487
-1060
-2152
-2763
-3140
35
826
-4851
-1930
-4979
-4329
254
-125
987
182
265
-1083
-1157
-4257
-3125
-24587
112
1041
-2719
-4639
-6677
-4436
-22292
229
742
144
43
-3709
1106
-2923
-2835
-3225
45
-300
-5788
74
-4795
-5185
-1351
-72
-131
62
675
-711
-3232
-3947
-3203
-20859
71
415
-3387
-5662
-6448
-4791
-16697
108
463
20
-1796
-3286
2892
-2973
-2349
-3111
-124
-1525
-5207
1747
-4498
-5097
-2054
-149
-1271
229
449
-3386
-3660
-2863
-3020
-17292
207
-37
-6421
-5526
-4826
-4362
-13551
200
-48
-105
-2025
-3676
32
-2801
-2212
-3664
-147
-2035
-4981
-2491
-4989
-4360
1830
-129
-2459
26
-25
-3776
-4275
-1289
-3341
-23573
189
1164
-7173
-5166
-4190
-4438
-23008
179
1725
-29
-553
-4132
1413
-2497
-3354
-4326
-17
-257
-6685
-1238
-6212
-6237
2483
137
210
-346
-1206
-5033
-4871
-1836
-4134
-17817
-210
-756
-9364
-6135
-5339
-6491
-12941
-109
-239
88
-973
-4144
-2452
1090
-2684
-3140
75
-998
-3982
-2024
-1222
-1742
-841
-32
-724
-134
1671
-1462
-4011
-1353
-3084
-17314
22
1839
-910
-1504
-1305
-1848
-24380
73
1419
75
-81
-4740
-2797
65
-3762
-3642
-23
-275
-5099
-2251
-3933
-3504
-251
-55
-843
13
3198
-2010
-4108
-718
-3499
-17163
214
1153
-2919
-3403
-2568
-3082
-18756
396
738
220
68
-4947
-3681
-4432
-3907
-3820
129
-342
-5432
-2410
-5392
-3703
147
-42
-731
115
796
-1392
-652
-326
-3647
-16007
179
676
-1775
-4286
-2672
-3651
-18868
170
346
142
671
-5188
-3074
-4014
-3937
-3721
100
-539
-6544
-1983
-5694
-4840
-161
-16
-327
165
-58
-1680
-1104
-456
-3691
-24125
199
481
-2829
-5281
-4229
-4801
-22766
117
695
192
-115
-4949
-1029
-3981
-3225
-3651
59
-253
-6851
-1726
-5062
-4832
-78
-115
133
135
-1229
-1514
-3838
5
-3603
-21223
234
-1313
-3101
-6100
-4945
-4965
-18762
-10
-783
77
-142
-3061
1737
-630
-1805
-1987
-100
218
-5995
427
-3537
-4898
-1365
-124
-7
231
-896
-2129
-2550
-2176
-1975
-23487
224
-1339
-4304
-5283
-5111
-3907
-15493
137
-1087
-3
1048
-3125
1174
1460
-1885
-2555
-196
972
-6125
-1528
-3581
-4908
1325
-154
689
75
288
-3035
-3836
-4778
-2530
-26467
109
1471
-6735
-5682
-6211
-4504
-19251
139
1619
80
-240
-5285
1387
480
-3478
-4708
-113
-490
-7533
-1027
-4238
-5851
2191
39
-599
-188
-1111
-4418
-5830
-5351
-4562
-12023
-227
-287
-7855
-6571
-6560
-6217
-9630
-138
37
23
-279
-3812
-3789
-360
-2983
-2568
-97
-190
-5519
-3848
-2293
-3483
-2213
-203
-711
2
774
-629
-2558
971
-2521
-24978
-77
543
-478
-2848
-565
-2649
-22207
-57
702
-84
-768
-4793
-3504
-411
-4189
-3939
-245
-440
-5234
-3014
-2581
-2987
-2951
-235
-713
89
2629
-3940
-3991
923
-3845
-18077
373
1326
-3655
-3407
-207
-2806
-19909
377
1188
136
-1628
-6450
-5042
-6163
-6280
-5672
-86
-1078
-7634
-4325
-7423
-6082
-4626
6
-592
137
1056
-4366
-3651
3046
-5501
-16862
140
26
-2425
-5894
330
-5747
-14881
209
-228
210
-1315
-5797
-3175
-6245
-3750
-4489
124
-1403
-6858
-2491
-6696
-4425
-2882
3
-746
183
-12
-2949
-1869
1695
-4285
-19631
180
-1170
-2129
-5047
-977
-5316
-17253
180
-760
169
-686
-5644
-318
-6674
-3395
-4099
97
-385
-6780
-823
-6894
-4314
-1030
-99
-103
210
-2031
-2358
-3127
1367
-3907
-27139
136
-1533
-3700
-4484
-2935
-5001
-26079
23
-498
31
931
-4546
-1280
-3044
-3788
-3314
-147
1635
-7880
-4031
-7302
-5984
1343
-82
1317
229
653
204
-3511
-636
-3042
-21021
133
561
-3347
-5766
-4127
-5622
-12871
7
946
-29
974
-4545
-1670
42
-3753
-3499
-114
1340
-6690
-4613
-4314
-4442
3416
-80
1442
77
-311
-1056
-3099
-3464
-3277
-14601
122
-1002
-4245
-4688
-4918
-4444
-11976
141
-483
211
314
-4191
540
1107
-2201
-2837
-33
731
-6478
-1598
-3273
-4659
3561
-51
-765
-52
-3036
-2536
-1698
-4807
-2805
-25868
-201
-1254
-5745
-5239
-6549
-4777
-21357
-154
-448
-159
401
-4875
-4193
-60
-3657
-3641
-271
1157
-5469
-4051
-2582
-3467
-2170
-170
828
-98
635
-862
-3741
-557
-3553
-15405
-66
1482
-627
-3283
-1914
-2356
-16770
-30
2364
-103
273
-4610
-3085
1230
-2344
-3481
-345
1163
-5203
-3464
-2642
-2376
-3061
-183
1666
43
1520
-3007
-4632
-924
-3432
-22615
126
-567
-1728
-3108
-2430
-1623
-22789
216
-274
-98
-884
-4780
-4681
-2607
-3425
-4382
-318
-399
-5757
-4607
-5353
-3675
-5855
-130
883
137
1075
-3087
-4217
394
-4248
-23990
50
-141
-672
-3937
-151
-3488
-22546
321
260
-236
-1180
-5773
-5002
-5692
-2352
-5242
-236
-964
-5047
-4505
-6308
-2291
-4930
-139
-539
176
-105
-2944
-4196
347
-4936
-19431
278
-439
-1861
-2932
72
-3426
-23657
374
457
-298
-746
-5165
-2919
-7080
-2785
-4824
-304
-575
-7205
-4740
-8884
-5085
-3475
-107
-170
221
-910
-10
-5151
-633
-4528
-17930
234
-1408
-2550
-4223
-3056
-5976
-11956
216
-823
-132
-1070
-5994
-2675
-5007
-4398
-4656
-233
-752
-8212
-3971
-7476
-5354
-63
-57
-689
212
-387
1864
-4783
-2343
-4416
-17825
-15
-668
-1556
-4565
-5058
-5453
-17879
74
-354
-58
-1461
-5523
-1697
-2205
-3508
-4150
-175
-983
-7816
-4364
-5382
-4661
2498
-27
-1744
35
-573
-836
-4187
-2264
-3718
-26407
4
-815
-3587
-5326
-5666
-4857
-25448
68
-507
-24
-384
-4128
-646
-3191
-4001
-4408
-159
170
-6725
-3326
-6463
-6710
97
28
-498
-162
-1857
-823
-3969
-4322
-4413
-18494
-185
-1117
-3303
-6494
-8042
-6854
-13036
-55
-280
-277
-1267
-3482
-3118
66
-1426
-2552
-237
-1450
-3971
-3576
-2651
-2414
-658
-129
-1578
-217
665
-3508
-3719
1817
-2439
-15957
-190
1758
-2441
-3203
-582
-1550
-16902
13
1498
-291
-1705
-3546
-2787
773
-761
-2641
-372
-1490
-4659
-3662
-3520
-3022
-2635
-212
-1333
-154
-59
-3324
-4654
205
-2479
-21469
87
-286
-1803
-4392
-3009
-2304
-17971
186
153
-511
-1554
-3541
-2972
1668
-1342
-2723
-487
-1256
-4107
-3263
-1592
-2519
-3919
-282
-1107
59
126
-2681
-3986
-1384
-2537
-16181
106
-510
-1611
-4121
-1647
-2099
-14380
393
-287
-524
-2243
-2463
-2810
-407
830
-1389
-466
-1793
-3389
-3770
-1598
-1392
-2762
-316
-2360
163
409
-1447
-2242
468
-1212
-21121
162
167
-976
-2551
-615
-1292
-17298
354
743
-439
-1927
-3422
-3662
-2201
-574
-2458
-426
-2007
-3930
-3927
-3941
-1695
-754
-154
-3102
119
-595
-1271
-3289
2279
-2082
-20057
84
-1095
-1073
-1886
-1231
-1632
-20233
126
-1224
-200
-2000
-3153
-2394
-1994
-219
-2045
-273
-1532
-3874
-2327
-2807
-1397
1882
-207
-1904
155
-341
-1159
-2110
657
-2015
-20613
-142
-638
-1452
-2065
-3733
-1812
-25020
-22
-964
-187
-1763
-3349
-902
-2109
-216
-2795
-186
-1322
-5062
-1038
-3496
-2730
256
-101
-1322
-101
667
-3165
-2403
-1685
-2744
-19846
-172
1690
-3904
-4883
-5464
-3894
-19283
-16
1887
-169
-1582
-2703
-1953
-2787
-1957
-3227
-172
-1575
-3740
-2804
-4017
-4098
-1471
-38
-1006
-285
-1017
-823
-2508
-2755
-2979
-15911
-191
-1063
-1302
-4720
-6034
-4308
-13866
-5
-968
0
0
0
0
0
0
0
0
0
0
0
-2612
-3100
-1416
-2184
-3094
0
0
0
0
0
0
0
0
0
0
0
-2049
-3983
-660
-3015
-15541
0
0
0
0
0
0
0
0
0
0
0
-3995
-4238
-1423
-2580
-3968
0
0
0
0
0
0
0
0
0
0
0
-1522
-4465
-1716
-3894
-10078
0
0
0
0
0
0
0
0
0
0
0
-3498
-3741
-3010
-335
-2828
0
0
0
0
0
0
0
0
0
0
0
179
-3088
-1261
-2717
-19419
0
0
0
0
0
0
0
0
0
0
0
-2654
-2903
-1732
-1
-2403
0
0
0
0
0
0
0
0
0
0
0
265
-2648
-3007
-2350
-16152
0
0
0
0
0
0
0
0
0
0
0
-2340
-2266
-1831
200
-2503
0
0
0
0
0
0
0
0
0
0
0
-808
-2675
-2411
-2462
-12615
0
0
0
0
0
0
0
0
0
0
0
-3223
-2415
-2757
-571
-3208
0
0
0
0
0
0
0
0
0
0
0
-2719
-4645
438
-3265
-15914
0
0
0
0
0
0
0
0
0
0
0
-3396
-1104
-1474
-3513
-3557
0
0
0
0
0
0
0
0
0
0
0
-2069
-5557
-885
-3703
-16111
0
0
0
0
0
0
0
0
0
0
0
-3462
-1058
94
-2808
-2485
0
0
0
0
0
0
0
0
0
0
0
-658
-2502
-1591
-2495
-13947
0
0
0
0
0
0
0
0
0
0
0
-2001
-2245
-1227
-3500
-3536
0
0
0
0
0
0
0
0
0
0
0
-2369
-5145
-1190
-3546
-22536
0
0
0
0
0
0
0
0
0
0
0
-2467
-1973
-4164
-2270
-3515
0
0
0
0
0
0
0
0
0
0
0
-1995
-3506
-1014
-3280
-23460
0
0
0
0
0
0
0
0
0
0
0
-3283
-3175
-4347
-1920
-3200
0
0
0
0
0
0
0
0
0
0
0
-1296
-391
-2764
-2937
-24496
0
0
0
0
0
0
0
0
0
0
0
-2581
-2881
-3412
-2104
-3217
0
0
0
0
0
0
0
0
0
0
0
-716
-1745
-3735
-3088
-18994
0
0
0
0
0
0
0
0
0
0
0
-1916
-1568
-2735
-1056
-2750
0
0
0
0
0
0
0
0
0
0
0
-756
-2409
-3385
-2468
-19193
0
0
0
0
0
0
0
0
0
0
0
-3284
-2687
-3090
-1310
-3856
0
0
0
0
0
0
0
0
0
0
0
-3218
-4680
-353
-3518
-25844
0
0
0
0
0
0
0
0
0
0
0
-3909
-1087
-962
-4626
-4456
0
0
0
0
0
0
0
0
0
0
0
-3865
-8547
-882
-4306
-15922
0
0
0
0
0
0
0
0
0
0
0
-3590
-1263
-769
-3675
-3346
0
0
0
0
0
0
0
0
0
0
0
-2743
-3949
-868
-3096
-20080
0
0
0
0
0
0
0
0
0
0
0
-2314
-3130
-768
-1453
-4038
0
0
0
0
0
0
0
0
0
0
0
-2858
-6636
-2483
-4052
-17696
0
0
0
0
0
0
0
0
0
0
0
-2962
-1637
-4393
-1386
-3565
0
0
0
0
0
0
0
0
0
0
0
-2460
-4301
-1368
-3341
-22340
0
0
0
0
0
0
0
0
0
0
0
-3199
-1772
-3850
-1044
-2793
0
0
0
0
0
0
0
0
0
0
0
-2812
-295
-2751
-2796
-21935
0
0
0
0
0
0
0
0
0
0
0
-3533
-1061
-3419
-957
-2773
0
0
0
0
0
0
0
0
0
0
0
-1935
-2106
-2954
-2762
-19613
0
0
0
0
0
0
0
0
0
0
0
-2844
-488
-3779
190
-2427
0
0
0
0
0
0
0
0
0
0
0
-841
-3346
-2406
-2291
-21357
0
0
0
0
0
0
0
0
0
0
0
-3964
-2706
-2886
-492
-3560
0
0
0
0
0
0
0
0
0
0
0
-1583
-5214
-430
-3229
-23086
0
0
0
0
0
0
0
0
0
0
0
-3355
-3369
-2265
-3148
-5405
0
0
0
0
0
0
0
0
0
0
0
-5320
-8733
-111
-5300
-12911
0
0
0
0
0
0
0
0
0
0
0
-2308
-1131
-1607
-2319
-3253
0
0
0
0
0
0
0
0
0
0
0
-3843
-3168
-954
-3107
-20968
0
0
0
0
0
0
0
0
0
0
0
-1450
-2616
-20
521
-2490
0
0
0
0
0
0
0
0
0
0
0
-2102
-4627
-2914
-2606
-18407
0
0
0
0
0
0
0
0
0
0
0
-2247
-927
-2245
1084
-2138
0
0
0
0
0
0
0
0
0
0
0
-1759
-3314
-2564
-2000
-22264
0
0
0
0
0
0
0
0
0
0
0
-2624
-2839
-4625
827
-2807
0
0
0
0
0
0
0
0
0
0
0
-3610
872
-3828
-2766
-18544
0
0
0
0
0
0
0
0
0
0
0
-3016
-2247
-3187
-1621
-2619
0
0
0
0
0
0
0
0
0
0
0
-3093
931
-3546
-2767
-23788
0
0
0
0
0
0
0
0
0
0
0
-3123
-587
-3011
-2367
-2724
0
0
0
0
0
0
0
0
0
0
0
-1280
-2556
-2079
-2773
-17399
0
0
0
0
0
0
0
0
0
0
0
-3620
756
-1697
-1837
-2951
0
0
0
0
0
0
0
0
0
0
0
-2376
-4216
-1886
-2808
-13372
0
0
0
0
0
0
0
0
0
0
0
-3359
-1060
-1937
-2228
-3944
0
0
0
0
0
0
0
0
0
0
0
-3219
-5817
-1582
-3842
-17484
0
0
0
0
0
0
0
0
0
0
0
-2853
446
-1505
-2680
-3140
0
0
0
0
0
0
0
0
0
0
0
-3057
-4531
-1143
-2878
-17416
0
0
0
0
0
0
0
0
0
0
0
-1230
-2565
-137
-1153
-1672
0
0
0
0
0
0
0
0
0
0
0
-1301
-1944
-1201
-1673
-21581
0
0
0
0
0
0
0
0
0
0
0
-2188
-2805
-353
-1355
-2093
0
0
0
0
0
0
0
0
0
0
0
-2573
-2169
-997
-2128
-20790
0
0
0
0
0
0
0
0
0
0
0
-3753
-5065
-5857
-2765
-4333
0
0
0
0
0
0
0
0
0
0
0
-4634
1077
-1935
-4305
-11233
0
0
0
0
0
0
0
0
0
0
0
-4427
-5455
-6634
-3381
-5066
0
0
0
0
0
0
0
0
0
0
0
-5326
849
-2459
-5047
-14168
0
0
0
0
0
0
0
0
0
0
0
-2994
-2997
-5197
-2460
-3973
0
0
0
0
0
0
0
0
0
0
0
-3284
-2834
-278
-3783
-15018
0
0
0
0
0
0
0
0
0
0
0
-1615
-59
-470
-555
-1754
0
0
0
0
0
0
0
0
0
0
0
-2638
-1775
-1804
-1616
-20818
0
0
0
0
0
0
0
0
0
0
0
-2645
-571
1156
-388
-2594
0
0
0
0
0
0
0
0
0
0
0
-3427
-3178
-4207
-2412
-22838
0
0
0
0
0
0
0
0
0
0
0
-2975
330
733
-1865
-2870
0
0
0
0
0
0
0
0
0
0
0
-2952
-4383
-3609
-2636
-16059
0
0
0
0
0
0
0
0
0
0
0
-1894
-3870
-1989
-3274
-2307
0
0
0
0
0
0
0
0
0
0
0
-1290
-483
205
-2193
-22518
0
0
0
0
0
0
0
0
0
0
0
-3535
-4072
-849
-4687
-3142
0
0
0
0
0
0
0
0
0
0
0
-4058
-1359
1143
-3250
-17934
0
0
0
0
0
0
0
0
0
0
0
-3819
-5136
-4819
-3651
-3697
0
0
0
0
0
0
0
0
0
0
0
-5406
1089
594
-3559
-22716
0
0
0
0
0
0
0
0
0
0
0
-3619
-5461
-7846
-1851
-4733
0
0
0
0
0
0
0
0
0
0
0
-5772
-738
-499
-4544
-14126
0
0
0
0
0
0
0
0
0
0
0
-2341
-2269
-7370
-153
-3483
0
0
0
0
0
0
0
0
0
0
0
-3783
-2913
511
-3233
-26360
0
0
0
0
0
0
0
0
0
0
0
-1912
-1932
-3259
-1365
-2424
0
0
0
0
0
0
0
0
0
0
0
-1568
-2378
-21
-2274
-22602
0
0
0
0
0
0
0
0
0
0
0
-3244
-2725
-919
-2669
-3716
0
0
0
0
0
0
0
0
0
0
0
-3280
-2638
-3069
-3545
-11264
0
0
0
0
0
0
0
0
0
0
0
-2418
-1293
-1067
-668
-3328
0
0
0
0
0
0
0
0
0
0
0
-3317
-1894
-5685
-3237
-19810
0
0
0
0
0
0
0
0
0
0
0
-2008
-3613
-1791
-3185
-2715
0
0
0
0
0
0
0
0
0
0
0
-1285
-1992
-529
-2654
-18361
0
0
0
0
0
0
0
0
0
0
0
-2413
-4082
-395
-2526
-3680
0
0
0
0
0
0
0
0
0
0
0
-4206
-3917
-648
-3627
-19414
0
0
0
0
0
0
0
0
0
0
0
-2354
-5141
-2398
-2011
-3580
0
0
0
0
0
0
0
0
0
0
0
-4553
-2475
-388
-3349
-26169
0
0
0
0
0
0
0
0
0
0
0
-3524
-6284
-7380
-1806
-5106
0
0
0
0
0
0
0
0
0
0
0
-5535
-3607
221
-5226
-17373
0
0
0
0
0
0
0
0
0
0
0
-2587
-4200
-7992
-1678
-4477
0
0
0
0
0
0
0
0
0
0
0
-2315
-5698
219
-4426
-14987
0
0
0
0
0
0
0
0
0
0
0
-1954
-3105
-5706
-1611
-3527
0
0
0
0
0
0
0
0
0
0
0
-770
-4165
-1359
-3399
-21891
0
0
0
0
0
0
0
0
0
0
0
-2265
-2499
-3563
-1893
-4029
0
0
0
0
0
0
0
0
0
0
0
-2487
-4473
-2992
-3799
-24501
0
0
0
0
0
0
0
0
0
0
0
-1887
-751
-2595
-1750
-2842
0
0
0
0
0
0
0
0
0
0
0
-508
-3111
-4041
-2631
-20224
0
0
0
0
0
0
0
0
0
0
0
-2049
-3002
-1423
-270
-2492
0
0
0
0
0
0
0
0
0
0
0
-2988
-3851
530
-2418
-15205
0
0
0
0
0
0
0
0
0
0
0
-2672
-3589
-571
252
-3469
0
0
0
0
0
0
0
0
0
0
0
-4160
-5674
-1336
-3312
-14086
0
0
0
0
0
0
0
0
0
0
0
-2070
-2458
1910
-790
-2120
0
0
0
0
0
0
0
0
0
0
0
-2436
-3441
-2463
-1915
-16989
0
0
0
0
0
0
0
0
0
0
0
-1608
-3245
-1010
76
-2157
0
0
0
0
0
0
0
0
0
0
0
-2322
-3046
-1034
-2049
-15871
0
0
0
0
0
0
0
0
0
0
0
-1562
-3840
-3299
-1013
-2847
0
0
0
0
0
0
0
0
0
0
0
-2463
-3595
573
-2754
-15962
0
0
0
0
0
0
0
0
0
0
0
-1347
-2578
-2883
783
-2295
0
0
0
0
0
0
0
0
0
0
0
-2455
-2510
-1241
-2193
-19122
0
0
0
0
0
0
0
0
0
0
0
-2124
-1152
-2236
338
-2394
0
0
0
0
0
0
0
0
0
0
0
-2713
-2506
-2555
-2314
-20065
0
0
0
0
0
0
0
0
0
0
0
-1778
-1710
-2537
-2051
-2548
0
0
0
0
0
0
0
0
0
0
0
-370
-2071
-2798
-2391
-15049
0
0
0
0
0
0
0
0
0
0
0
0
0
0
0
0
0
0
0
0
0
0
0
0
0
0
0
0
0
0
0
0
0
0
0
0
0
0
0
0
0
0
0
0
0
0
0
0
0
0
0
0
0
0
0
0
0
0
0
0
0
0
0
0
0
0
0
0
0
0
0
0
0
0
0
0
0
0
0
0
0
0
0
0
0
0
0
0
0
0
0
0
0
0
0
0
0
0
0
0
0
0
0
0
0
0
0
0
0
0
0
0
0
0
0
0
0
0
0
0
0
0
0
0
0
0
0
0
0
0
0
0
0
0
0
0
0
0
0
0
0
0
0
0
0
0
0
0
0
0
0
0
0
0
0
0
0
0
0
0
0
0
0
0
0
0
0
0
0
0
0
0
0
0
0
0
0
0
0
0
0
0
0
0
0
0
0
0
0
0
0
0
0
0
0
0
0
0
0
0
0
0
0
0
0
0
0
0
0
0
0
0
0
0
0
0
0
0
0
0
0
0
0
0
0
0
0
0
0
0
0
0
0
0
0
0
0
0
0
0
0
0
0
0
0
0
0
0
0
0
0
0
0
0
0
0
0
0
0
0
0
0
0
0
0
0
0
0
0
0
0
0
0
0
0
0
0
0
0
0
0
0
0
0
0
0
0
0
0
0
0
0
0
0
0
0
0
0
0
0
0
0
0
0
0
0
0
0
0
0
0
0
0
0
0
0
0
0
0
0
0
0
0
0
0
0
0
0
0
0
0
0
0
0
0
0
0
0
0
0
0
0
0
0
0
0
0
0
0
0
0
0
0
0
0
0
0
0
0
0
0
0
0
0
0
0
0
0
0
0
0
0
0
0
0
0
0
0
0
0
0
0
0
0
0
0
0
0
0
0
0
0
0
0
0
0
0
0
0
0
0
0
0
0
0
0
0
0
0
0
0
0
0
0
0
0
0
0
0
0
0
0
0
0
0
0
0
0
0
0
0
0
0
0
0
0
0
0
0
0
0
0
0
0
0
0
0
0
0
0
0
0
0
0
0
0
0
0
0
0
0
0
0
0
0
0
0
0
0
0
0
0
0
0
0
0
0
0
0
0
0
0
0
0
0
0
0
0
0
0
0
0
0
0
0
0
0
0
0
0
0
0
0
0
0
0
0
0
0
0
0
0
0
0
0
0
0
0
0
0
0
0
0
0
0
0
0
0
0
0
0
0
0
0
0
0
0
0
0
0
0
0
0
0
0
0
0
0
0
0
0
0
0
0
0
0
0
0
0
0
0
0
0
0
0
0
0
0
0
0
0
0
0
0
0
0
0
0
0
0
0
0
0
0
0
0
0
0
0
0
0
0
0
0
0
0
0
0
0
0
0
0
0
0
0
0
0
0
0
0
0
0
0
0
0
0
0
0
0
0
0
0
0
0
0
0
0
0
0
0
0
0
0
0
0
0
0
0
0
0
0
0
0
0
0
0
0
0
0
0
0
0
0
0
0
0
0
0
0
0
0
0
0
0
0
0
0
0
0
0
0
0
0
0
0
0
0
0
0
0
0
0
0
0
0
0
0
0
0
0
0
0
0
0
0
0
0
0
0
0
0
0
0
0
0
0
0
0
0
0
0
0
0
0
0
0
0
0
0
0
0
0
0
0
0
0
0
0
0
0
0
0
0
0
0
0
0
0
0
0
0
0
0
0
0
0
0
0
0
0
0
0
0
0
0
0
0
0
0
0
0
0
0
0
0
0
0
0
0
0
0
0
0
0
0
0
0
0
0
0
0
0
0
0
0
0
0
0
0
0
0
0
0
0
0
0
0
0
0
0
0
0
0
0
0
0
0
0
0
0
0
0
0
0
0
0
0
0
0
0
0
0
0
0
0
0
0
0
0
0
0
0
0
0
0
0
0
0
0
0
0
0
0
0
0
0
0
0
0
0
0
0
0
0
0
0
0
0
0
0
0
0
0
0
0
0
0
0
0
0
0
0
0
0
0
0
0
0
0
0
0
0
0
0
0
0
0
0
0
0
0
0
0
0
0
0
0
0
0
0
0
0
0
0
0
0
0
0
0
0
0
0
0
0
0
0
0
0
0
0
0
0
0
0
0
0
0
0
0
0
0
0
0
0
0
0
0
0
0
0
0
0
0
0
0
0
0
0
0
0
0
0
0
0
0
0
0
0
0
0
0
0
0
0
0
0
0
0
0
0
0
0
0
0
0
0
0
0
0
0
0
0
0
0
0
0
0
0
0
0
0
0
0
0
0
0
0
0
0
0
0
0
0
0
0
0
0
0
0
0
0
0
0
0
0
0
0
0
0
0
0
0
0
0
0
0
0
0
0
0
0
0
0
0
0
0
0
0
0
0
0
0
0
0
0
0
0
0
0
0
0
0
0
0
0
0
0
0
0
0
0
0
0
0
0
0
0
0
0
0
0
0
0
0
0
0
0
0
0
0
0
0
0
0
0
0
0
0
0
0
0
0
0
0
0
0
0
0
0
0
0
0
0
0
0
0
0
0
0
0
0
0
0
0
0
0
0
0
0
0
0
0
0
0
0
0
0
0
0
0
0
0
0
0
0
0
0
0
0
0
0
0
0
0
0
0
0
0
0
0
0
0
0
0
0
0
0
0
0
0
0
0
0
0
0
0
0
0
0
0
0
0
0
0
0
0
0
0
0
0
0
0
0
0
0
0
0
0
0
0
0
0
0
0
0
0
0
0
0
0
0
0
0
0
0
0
0
0
0
0
0
0
0
0
0
0
0
0
0
0
0
0
0
0
0
0
0
0
0
0
0
0
0
0
0
0
0
0
0
0
0
0
0
0
0
0
0
0
0
0
0
0
0
0
0
0
0
0
0
0
0
0
0
0
0
0
0
0
0
0
0
0
0
0
0
0
0
0
0
0
0
0
0
0
0
0
0
0
0
0
0
0
0
0
0
0
0
0
0
0
0
0
0
0
0
0
0
0
0
0
0
0
0
0
0
0
0
0
0
0
0
0
0
0
0
0
0
0
0
0
0
0
0
0
0
0
0
0
0
0
0
0
0
0
0
0
0
0
0
0
0
0
0
0
0
0
0
0
0
0
0
0
0
0
0
0
0
0
0
0
0
0
0
0
0
0
0
0
0
0
0
0
0
0
0
0
0
0
0
0
0
0
0
0
0
0
0
0
0
0
0
0
0
0
0
0
0
0
0
0
0
0
0
0
0
0
0
0
0
0
0
0
0
0
0
0
0
0
0
0
0
0
0
0
0
0
0
0
0
0
0
0
0
0
0
0
0
0
0
0
0
0
0
0
0
0
0
0
0
0
0
0
0
0
0
0
0
0
0
0
0
0
0
0
0
0
0
0
0
0
0
0
0
0
0
0
0
0
0
0
0
0
0
0
0
0
0
0
0
0
0
0
0
0
0
0
0
0
0
0
0
0
0
0
0
0
0
0
0
0
0
0
0
0
0
0
0
0
0
0
0
0
0
0
0
0
0
0
0
0
0
0
0
0
0
0
0
0
0
0
0
0
0
0
0
0
0
0
0
0
0
0
0
0
0
0
0
0
0
0
0
0
0
0
0
0
0
0
0
0
0
0
0
0
0
0
0
0
0
0
0
0
0
0
0
0
0
0
0
0
0
0
0
0
0
0
0
0
0
0
0
0
0
0
0
0
0
0
0
0
0
0
0
0
0
0
0
0
0
0
0
0
0
0
0
0
0
0
0
0
0
0
0
0
0
0
0
0
0
0
0
0
0
0
0
0
0
0
0
0
0
0
0
0
0
0
0
0
0
0
0
0
0
0
0
0
0
0
0
0
0
0
0
0
0
0
0
0
0
0
0
0
0
0
0
0
0
0
0
0
0
0
0
0
0
0
0
0
0
0
0
0
0
0
0
0
0
0
0
0
0
0
0
0
0
0
0
0
0
0
0
0
0
0
0
0
0
0
0
0
0
0
0
0
0
0
0
0
0
0
0
0
0
0
0
0
0
0
0
0
0
0
0
0
0
0
0
0
0
0
0
0
0
0
0
0
0
0
0
0
0
0
0
0
0
0
0
0
0
0
0
0
0
0
0
0
0
0
0
0
0
0
0
0
0
0
0
0
0
0
0
0
0
0
0
0
0
0
0
0
0
0
0
0
0
0
0
0
0
0
0
0
0
0
0
0
0
0
0
0
0
0
0
0
0
0
0
0
0
0
0
0
0
0
0
0
0
0
0
0
0
0
0
0
0
0
0
0
0
0
0
0
0
0
0
0
0
0
0
0
0
0
0
0
0
0
0
0
0
0
0
0
0
0
0
0
0
0
0
0
0
0
0
0
0
0
0
0
0
0
0
0
0
0
0
0
0
0
0
0
0
0
0
0
0
0
0
0
0
0
0
0
0
0
0
0
0
0
0
0
0
0
0
0
0
0
0
0
0
0
0
0
0
0
0
0
0
0
0
0
0
0
0
0
0
0
0
0
0
0
0
0
0
0
0
0
0
0
0
0
0
0
0
0
0
0
0
0
0
0
0
0
0
0
0
0
0
0
0
0
0
0
0
0
0
0
0
0
0
0
0
0
0
0
0
0
0
0
0
0
0
0
0
0
0
0
0
0
0
0
0
0
0
0
0
0
0
0
0
0
0
0
0
0
0
0
0
0
0
0
0
0
0
0
0
0
0
0
0
0
0
0
0
0
0
0
0
0
0
0
0
0
0
0
0
0
0
0
0
0
0
0
0
0
0
0
0
0
0
0
0
0
0
0
0
0
0
0
0
0
0
0
0
0
0
0
0
0
0
0
0
0
0
0
0
0
0
0
0
0
0
0
0
0
0
0
0
0
0
0
0
0
0
0
0
0
0
0
0
0
0
0
0
0
0
0
0
0
0
0
0
0
0
0
0
0
0
0
0
0
0
0
0
0
0
0
0
0
0
0
0
0
0
0
0
0
0
0
0
0
0
0
0
0
0
0
0
0
0
0
0
0
0
0
0
0
0
0
0
0
0
0
0
0
0
0
0
0
0
0
0
0
0
0
0
0
0
0
0
0
0
0
0
0
0
0
0
0
0
0
0
0
0
0
0
0
0
0
0
0
0
0
0
0
0
0
0
0
0
0
0
0
0
0
0
0
0
0
0
0
0
0
0
0
0
0
0
0
0
0
0
0
0
0
0
0
0
0
0
0
0
0
0
0
0
0
0
0
0
0
0
0
0
0
0
0
0
0
0
0
0
0
0
0
0
0
0
0
0
0
0
0
0
0
0
0
0
0
0
0
0
0
0
0
0
0
0
0
0
0
0
0
0
0
0
0
0
0
0
0
0
0
0
0
0
0
0
0
0
0
0
0
0
0
0
0
0
0
0
0
0
0
0
0
0
0
0
0
0
0
0
0
0
0
0
0
0
0
0
0
0
0
0
0
0
0
0
0
0
0
0
0
0
0
0
0
0
0
0
0
0
0
0
0
0
0
0
0
0
0
0
0
0
0
0
0
0
0
0
0
0
0
0
0
0
0
0
0
0
0
0
0
0
0
0
0
0
0
0
0
0
0
0
0
0
0
0
0
0
0
0
0
0
0
0
0
0
0
0
0
0
0
0
0
0
0
0
0
0
0
0
0
0
0
0
0
0
0
0
0
0
0
0
0
0
0
0
0
0
0
0
0
0
0
0
0
0
0
0
0
0
0
0
0
0
0
0
0
0
0
0
0
0
0
0
0
0
0
0
0
0
0
0
0
0
0
0
0
0
0
0
0
0
0
0
0
0
0
0
0
0
0
0
0
0
0
0
0
0
0
0
0
0
0
0
0
0
0
0
0
0
0
0
0
0
0
0
0
0
0
0
0
0
0
0
0
0
0
0
0
0
0
0
0
0
0
0
0
0
0
0
0
0
0
0
0
0
0
0
0
0
0
0
0
0
0
0
0
0
0
0
0
0
0
0
0
0
0
0
0
0
0
0
0
0
0
0
0
0
0
0
0
0
0
0
0
0
0
0
0
0
0
0
0
0
0
0
0
0
0
0
0
0
0
0
0
0
0
0
0
0
0
0
0
0
0
0
0
0
0
0
0
0
0
0
0
0
0
0
0
0
0
0
0
0
0
0
0
0
0
0
0
0
0
0
0
0
0
0
0
0
0
0
0
0
0
0
0
0
0
0
0
0
0
0
0
0
0
0
0
0
0
0
0
0
0
0
0
0
0
0
0
0
0
0
0
0
0
0
0
0
0
0
0
0
0
0
0
0
0
0
0
0
0
0
0
0
0
0
0
0
0
0
0
0
0
0
0
0
0
0
0
0
0
0
0
0
0
0
0
0
0
0
0
0
0
0
0
0
0
0
0
0
0
0
0
0
0
0
0
0
0
0
0
0
0
0
0
0
0
0
0
0
0
0
0
0
0
0
0
0
0
0
0
0
0
0
0
0
0
0
0
0
0
0
0
0
0
0
0
0
0
0
0
0
0
0
0
0
0
0
0
0
0
0
0
0
0
0
0
0
0
0
0
0
0
0
0
0
0
0
0
0
0
0
0
0
0
0
0
0
0
0
0
0
0
0
0
0
0
0
0
0
0
0
0
0
0
0
0
0
0
0
0
0
0
0
0
0
0
0
0
0
0
0
0
0
0
0
0
0
0
0
0
0
0
0
0
0
0
0
0
0
0
0
0
0
0
0
0
0
0
0
0
0
0
0
0
0
0
0
0
0
0
0
0
0
0
0
0
0
0
0
0
0
0
0
0
0
0
0
0
0
0
0
0
0
0
0
0
0
0
0
0
0
0
0
0
0
0
0
0
0
0
0
0
0
0
0
0
0
0
0
0
0
0
0
0
0
0
0
0
0
0
0
0
0
0
0
0
0
0
0
0
0
0
0
0
0
0
0
0
0
0
0
0
0
0
0
0
0
0
0
0
0
0
0
0
0
0
0
0
0
0
0
0
0
0
0
0
0
0
0
0
0
0
0
0
0
0
0
0
0
0
0
0
0
0
0
0
0
0
0
0
0
0
0
0
0
0
0
0
0
0
0
0
0
0
0
0
0
0
0
0
0
0
0
0
0
0
0
0
0
0
0
0
0
0
0
0
0
0
0
0
0
0
0
0
0
0
0
0
0
0
0
0
0
0
0
0
0
0
0
0
0
0
0
0
0
0
0
0
0
0
0
0
0
0
0
0
0
0
0
0
0
0
0
0
0
0
0
0
0
0
0
0
0
0
0
0
0
0
0
0
0
0
0
0
0
0
0
0
0
0
0
0
0
0
0
0
0
0
0
0
0
0
0
0
0
0
0
0
0
0
0
0
0
0
0
0
0
0
0
0
0
0
0
0
0
0
0
0
0
0
0
0
0
0
0
0
0
0
0
0
0
0
0
0
0
0
0
0
0
0
0
0
0
0
0
0
0
0
0
0
0
0
0
0
0
0
0
0
0
0
0
0
0
0
0
0
0
0
0
0
0
0
0
0
0
0
0
0
0
0
0
0
0
0
0
0
0
0
0
0
0
0
0
0
0
0
0
0
0
0
0
0
0
0
0
0
0
0
0
0
0
0
0
0
0
0
0
0
0
0
0
0
0
0
0
0
0
0
0
0
0
0
0
0
0
0
0
0
0
0
0
0
0
0
0
0
0
0
0
0
0
0
0
0
0
0
0
0
0
0
0
0
0
0
0
0
0
0
0
0
0
0
0
0
0
0
0
0
0
0
0
0
0
0
0
0
0
0
0
0
0
0
0
0
0
0
0
0
0
0
0
0
0
0
0
0
0
0
0
0
0
0
0
0
0
0
0
0
0
0
0
0
0
0
0
0
0
0
0
0
0
0
0
0
0
0
0
0
0
0
0
0
0
0
0
0
0
0
0
0
0
0
0
0
0
0
0
0
0
0
0
0
0
0
0
0
0
0
0
0
0
0
0
0
0
0
0
0
0
0
0
0
0
0
0
0
0
0
0
0
0
0
0
0
0
0
0
0
0
0
0
0
0
0
0
0
0
0
0
0
0
0
0
0
0
0
0
0
0
0
0
0
0
0
0
0
0
0
0
0
0
0
0
0
0
0
0
0
0
0
0
0
0
0
0
0
0
0
0
0
0
0
0
0
0
0
0
0
0
0
0
0
0
0
0
0
0
0
0
0
0
0
0
0
0
0
0
0
0
0
0
0
0
0
0
0
0
0
0
0
0
0
0
0
0
0
0
0
0
0
0
0
0
0
0
0
0
0
0
0
0
0
0
0
0
0
0
0
0
0
0
0
0
0
0
0
0
0
0
0
0
0
0
0
0
0
0
0
0
0
0
0
0
0
0
0
0
0
0
0
0
0
0
0
0
0
0
0
0
0
0
0
0
0
0
0
0
0
0
0
0
0
0
0
0
0
0
0
0
0
0
0
0
0
0
0
0
0
0
0
0
0
0
0
0
0
0
0
0
0
0
0
0
0
0
0
0
0
0
0
0
0
0
0
0
0
0
0
0
0
0
0
0
0
0
0
0
0
0
0
0
0
0
0
0
0
0
0
0
0
0
0
0
0
0
0
0
0
0
0
0
0
0
0
0
0
0
0
0
0
0
0
0
0
0
0
0
0
0
0
0
0
0
0
0
0
0
0
0
0
0
0
0
0
0
0
0
0
0
0
0
0
0
0
0
0
0
0
0
0
0
0
0
0
0
0
0
0
0
0
0
0
0
0
0
0
0
0
0
0
0
0
0
0
0
0
0
0
0
0
0
0
0
0
0
0
0
0
0
0
0
0
0
0
0
0
0
0
0
0
0
0
0
0
0
0
0
0
0
0
0
0
0
0
0
0
0
0
0
0
0
0
0
0
0
0
0
0
0
0
0
0
0
0
0
0
0
0
0
0
0
0
0
0
0
0
0
0
0
0
0
0
0
0
0
0
0
0
0
0
0
0
0
0
0
0
0
0
0
0
0
0
0
0
0
0
0
0
0
0
0
0
0
0
0
0
0
0
0
0
0
0
0
0
0
0
0
0
0
0
0
0
0
0
0
0
0
0
0
0
0
0
0
0
0
0
0
0
0
0
0
0
0
0
0
0
0
0
0
0
0
0
0
0
0
0
0
0
0
0
0
0
0
0
0
0
0
0
0
0
0
0
0
0
0
0
0
0
0
0
0
0
0
0
0
0
0
0
0
0
0
0
0
0
0
0
0
0
0
0
0
0
0
0
0
0
0
0
0
0
0
0
0
0
0
0
0
0
0
0
0
0
0
0
0
0
0
0
0
0
0
0
0
0
0
0
0
0
0
0
0
0
0
0
0
0
0
0
0
0
0
0
0
0
0
0
0
0
0
0
0
0
0
0
0
0
0
0
0
0
0
0
0
0
0
0
0
0
0
0
0
0
0
0
0
0
0
0
0
0
0
0
0
0
0
0
0
0
0
0
0
0
0
0
0
0
0
0
0
0
0
0
0
0
0
0
0
0
0
0
0
0
0
0
0
0
0
0
0
0
0
0
0
0
0
0
0
0
0
0
0
0
0
0
0
0
0
0
0
0
0
0
0
0
0
0
0
0
0
0
0
0
0
0
0
0
0
0
0
0
0
0
0
0
0
0
0
0
0
0
0
0
0
0
0
0
0
0
0
0
0
0
0
0
0
0
0
0
0
0
0
0
0
0
0
0
0
0
0
0
0
0
0
0
0
0
0
0
0
0
0
0
0
0
0
0
0
0
0
0
0
0
0
0
0
0
0
0
0
0
0
0
0
0
0
0
0
0
0
0
0
0
0
0
0
0
0
0
0
0
0
0
0
0
0
0
0
0
0
0
0
0
0
0
0
0
0
0
0
0
0
0
0
0
0
0
0
0
0
0
0
0
0
0
0
0
0
0
0
0
0
0
0
0
0
0
0
0
0
0
0
0
0
0
0
0
0
0
0
0
0
0
0
0
0
0
0
0
0
0
0
0
0
0
0
0
0
0
0
0
0
0
0
0
0
0
0
0
0
0
0
0
0
0
0
0
0
0
0
0
0
0
0
0
0
0
0
0
0
0
0
0
0
0
0
0
0
0
0
0
0
0
0
0
0
0
0
0
0
0
0
0
0
0
0
0
0
0
0
0
0
0
0
0
0
0
0
0
0
0
0
0
0
0
0
0
0
0
0
0
0
0
0
0
0
0
0
0
0
0
0
0
0
0
0
0
0
0
0
0
0
0
0
0
0
0
0
0
0
0
0
0
0
0
0
0
0
0
0
0
0
0
0
0
0
0
0
0
0
0
0
0
0
0
0
0
0
0
0
0
0
0
0
0
0
0
0
0
0
0
0
0
0
0
0
0
0
0
0
0
0
0
0
0
0
0
0
0
0
0
0
0
0
0
0
0
0
0
0
0
0
0
0
0
0
0
0
0
0
0
0
0
0
0
0
0
0
0
0
0
0
0
0
0
0
0
0
0
0
0
0
0
0
0
0
0
0
0
0
0
0
0
0
0
0
0
0
0
0
0
0
0
0
0
0
0
0
0
0
0
0
0
0
0
0
0
0
0
0
0
0
0
0
0
0
0
0
0
0
0
0
0
0
0
0
0
0
0
0
0
0
0
0
0
0
0
0
0
0
0
0
0
0
0
0
0
0
0
0
0
0
0
0
0
0
0
0
0
0
0
0
0
0
0
0
0
0
0
0
0
0
0
0
0
0
0
0
0
0
0
0
0
0
0
0
0
0
0
0
0
0
0
0
0
0
0
0
0
0
0
0
0
0
0
0
0
0
0
0
0
0
0
0
0
0
0
0
0
0
0
0
0
0
0
0
0
0
0
0
0
0
0
0
0
0
0
0
0
0
0
0
0
0
0
0
0
0
0
0
0
0
0
0
0
0
0
0
0
0
0
0
0
0
0
0
0
0
0
0
0
0
0
0
0
0
0
0
0
0
0
0
0
0
0
0
0
0
0
0
0
0
0
0
0
0
0
0
0
0
0
0
0
0
0
0
0
0
0
0
0
0
0
0
0
0
0
0
0
0
0
0
0
0
0
0
0
0
0
0
0
0
0
0
0
0
0
0
0
0
0
0
0
0
0
0
0
0
0
0
0
0
0
0
0
0
0
0
0
0
0
0
0
0
0
0
0
0
0
0
0
0
0
0
0
0
0
0
0
0
0
0
0
0
0
0
0
0
0
0
0
0
0
0
0
0
0
0
0
0
0
0
0
0
0
0
0
0
0
0
0
0
0
0
0
0
0
0
0
0
0
0
0
0
0
0
0
0
0
0
0
0
0
0
0
0
0
0
0
0
0
0
0
0
0
0
0
0
0
0
0
0
0
0
0
0
0
0
0
0
0
0
0
0
0
0
0
0
0
0
0
0
0
0
0
0
0
0
0
0
0
0
0
0
0
0
0
0
0
0
0
0
0
0
0
0
0
0
0
0
0
0
0
0
0
0
0
0
0
0
0
0
0
0
0
0
0
0
0
0
0
0
0
0
0
0
0
0
0
0
0
0
0
0
0
0
0
0
0
0
0
0
0
0
0
0
0
0
0
0
0
0
0
0
0
0
0
0
0
0
0
0
0
0
0
0
0
0
0
0
0
0
0
0
0
0
0
0
0
0
0
0
0
0
0
0
0
0
0
0
0
0
0
0
0
0
0
0
0
0
0
0
0
0
0
0
0
0
0
0
0
0
0
0
0
0
0
0
0
0
0
0
0
0
0
0
0
0
0
0
0
0
0
0
0
0
0
0
0
0
0
0
0
0
0
0
0
0
0
0
0
0
0
0
0
0
0
0
0
0
0
0
0
0
0
0
0
0
0
0
0
0
0
0
0
0
0
0
0
0
0
0
0
0
0
0
0
0
0
0
0
0
0
0
0
0
0
0
0
0
0
0
0
0
0
0
0
0
0
0
0
0
0
0
0
0
0
0
0
0
0
0
0
0
0
0
0
0
0
0
0
0
0
0
0
0
0
0
0
0
0
0
0
0
0
0
0
0
0
0
0
0
0
0
0
0
0
0
0
0
0
0
0
0
0
0
0
0
0
0
0
0
0
0
0
0
0
0
0
0
0
0
0
0
0
0
0
0
0
0
0
0
0
0
0
0
0
0
0
0
0
0
0
0
0
0
0
0
0
0
0
0
0
0
0
0
0
0
0
0
0
0
0
0
0
0
0
0
0
0
0
0
0
0
0
0
0
0
0
0
0
0
0
0
0
0
0
0
0
0
0
0
0
0
0
0
0
0
0
0
0
0
0
0
0
0
0
0
0
0
0
0
0
0
0
0
0
0
0
0
0
0
0
0
0
0
0
0
0
0
0
0
0
0
0
0
0
0
0
0
0
0
0
0
0
0
0
0
0
0
0
0
0
0
0
0
0
0
0
0
0
0
0
0
0
0
0
0
0
0
0
0
0
0
0
0
0
0
0
0
0
0
0
0
0
0
0
0
0
0
0
0
0
0
0
0
0
0
0
0
0
0
0
0
0
0
0
0
0
0
0
0
0
0
0
0
0
0
0
0
0
0
0
0
0
0
0
0
0
0
0
0
0
0
0
0
0
0
0
0
0
0
0
0
0
0
0
0
0
0
0
0
0
0
0
0
0
0
0
0
0
0
0
0
0
0
0
0
0
0
0
0
0
0
0
0
0
0
0
0
0
0
0
0
0
0
0
0
0
0
0
0
0
0
0
0
0
0
0
0
0
0
0
0
0
0
0
0
0
0
0
0
0
0
0
0
0
0
0
0
0
0
0
0
0
0
0
0
0
0
0
0
0
0
0
0
0
0
0
0
0
0
0
0
0
0
0
0
0
0
0
0
0
0
0
0
0
0
0
0
0
0
0
0
0
0
0
0
0
0
0
0
0
0
0
0
0
0
0
0
0
0
0
0
0
0
0
0
0
0
0
0
0
0
0
0
0
0
0
0
0
0
0
0
0
0
0
0
0
0
0
0
0
0
0
0
0
0
0
0
0
0
0
0
0
0
0
0
0
0
0
0
0
0
0
0
0
0
0
0
0
0
0
0
0
0
0
0
0
0
0
0
0
0
0
0
0
0
0
0
0
0
0
0
0
0
0
0
0
0
0
0
0
0
0
0
0
0
0
0
0
0
0
0
0
0
0
0
0
0
0
0
0
0
0
0
0
0
0
0
0
0
0
0
0
0
0
0
0
0
0
0
0
0
0
0
0
0
0
0
0
0
0
0
0
0
0
0
0
0
0
0
0
0
0
0
0
0
0
0
0
0
0
0
0
0
0
0
0
0
0
0
0
0
0
0
0
0
0
0
0
0
0
0
0
0
0
0
0
0
0
0
0
0
0
0
0
0
0
0
0
0
0
0
0
0
0
0
0
0
0
0
0
0
0
0
0
0
0
0
0
0
0
0
0
0
0
0
0
0
0
0
0
0
0
0
0
0
0
0
0
0
0
0
0
0
0
0
0
0
0
0
0
0
0
0
0
0
0
0
0
0
0
0
0
0
0
0
0
0
0
0
0
0
0
0
0
0
0
0
0
0
0
0
0
0
0
0
0
0
0
0
0
0
0
0
0
0
0
0
0
0
0
0
0
0
0
0
0
0
0
0
0
0
0
0
0
0
0
0
0
0
0
0
0
0
0
0
0
0
0
0
0
0
0
0
0
0
0
0
0
0
0
0
0
0
0
0
0
0
0
0
0
0
0
0
0
0
0
0
0
0
0
0
0
0
0
0
0
0
0
0
0
0
0
0
0
0
0
0
0
0
0
0
0
0
0
0
0
0
0
0
0
0
0
0
0
0
0
0
0
0
0
0
0
0
0
0
0
0
0
0
0
0
0
0
0
0
0
0
0
0
0
0
0
0
0
0
0
0
0
0
0
0
0
0
0
0
0
0
0
0
0
0
0
0
0
0
0
0
0
0
0
0
0
0
0
0
0
0
0
0
0
0
0
0
0
0
0
0
0
0
0
0
0
0
0
0
0
0
0
0
0
0
0
0
0
0
0
0
0
0
0
0
0
0
0
0
0
0
0
0
0
0
0
0
0
0
0
0
0
0
0
0
0
0
0
0
0
0
0
0
0
0
0
0
0
0
0
0
0
0
0
0
0
0
0
0
0
0
0
0
0
0
0
0
0
0
0
0
0
0
0
0
0
0
0
0
0
0
0
0
0
0
0
0
0
0
0
0
0
0
0
0
0
0
0
0
0
0
0
0
0
0
0
0
0
0
0
0
0
0
0
0
0
0
0
0
0
0
0
0
0
0
0
0
0
0
0
0
0
0
0
0
0
0
0
0
0
0
0
0
0
0
0
0
0
0
0
0
0
0
0
0
0
0
0
0
0
0
0
0
0
0
0
0
0
0
0
0
0
0
0
0
0
0
0
0
0
0
0
0
0
0
0
0
0
0
0
0
0
0
0
0
0
0
0
0
0
0
0
0
0
0
0
0
0
0
0
0
0
0
0
0
0
0
0
0
0
0
0
0
0
0
0
0
0
0
0
0
0
0
0
0
0
0
0
0
0
0
0
0
0
0
0
0
0
0
0
0
0
0
0
0
0
0
0
0
0
0
0
0
0
0
0
0
0
0
0
0
0
0
0
0
0
0
0
0
0
0
0
0
0
0
0
0
0
0
0
0
0
0
0
0
0
0
0
0
0
0
0
0
0
0
0
0
0
0
0
0
0
0
0
0
0
0
0
0
0
0
0
0
0
0
0
0
0
0
0
0
0
0
0
0
0
0
0
0
0
0
0
0
0
0
0
0
0
0
0
0
0
0
0
0
0
0
0
0
0
0
0
0
0
0
0
0
0
0
0
0
0
0
0
0
0
0
0
0
0
0
0
0
0
0
0
0
0
0
0
0
0
0
0
0
0
0
0
0
0
0
0
0
0
0
0
0
0
0
0
0
0
0
0
0
0
0
0
0
0
0
0
0
0
0
0
0
0
0
0
0
0
0
0
0
0
0
0
0
0
0
0
0
0
0
0
0
0
0
0
0
0
0
0
0
0
0
0
0
0
0
0
0
0
0
0
0
0
0
0
0
0
0
0
0
0
0
0
0
0
0
0
0
0
0
0
0
0
0
0
0
0
0
0
0
0
0
0
0
0
0
0
0
0
0
0
0
0
0
0
0
0
0
0
0
0
0
0
0
0
0
0
0
0
0
0
0
0
0
0
0
0
0
0
0
0
0
0
0
0
0
0
0
0
0
0
0
0
0
0
0
0
0
0
0
0
0
0
0
0
0
0
0
0
0
0
0
0
0
0
0
0
0
0
0
0
0
0
0
0
0
0
0
0
0
0
0
0
0
0
0
0
0
0
0
0
0
0
0
0
0
0
0
0
0
0
0
0
0
0
0
0
0
0
0
0
0
0
0
0
0
0
0
0
0
0
0
0
0
0
0
0
0
0
0
0
0
0
0
0
0
0
0
0
0
0
0
0
0
0
0
0
0
0
0
0
0
0
0
0
0
0
0
0
0
0
0
0
0
0
0
0
0
0
0
0
0
0
0
0
0
0
0
0
0
0
0
0
0
0
0
0
0
0
0
0
0
0
0
0
0
0
0
0
0
0
0
0
0
0
0
0
0
0
0
0
0
0
0
0
0
0
0
0
0
0
0
0
0
0
0
0
0
0
0
0
0
0
0
0
0
0
0
0
0
0
0
0
0
0
0
0
0
0
0
0
0
0
0
0
0
0
0
0
0
0
0
0
0
0
0
0
0
0
0
0
0
0
0
0
0
0
0
0
0
0
0
0
0
0
0
0
0
0
0
0
0
0
0
0
0
0
0
0
0
0
0
0
0
0
0
0
0
0
0
0
0
0
0
0
0
0
0
0
0
0
0
0
0
0
0
0
0
0
0
0
0
0
0
0
0
0
0
0
0
0
0
0
0
0
0
0
0
0
0
0
0
0
0
0
0
0
0
0
0
0
0
0
0
0
0
0
0
0
0
0
0
0
0
0
0
0
0
0
0
0
0
0
0
0
0
0
0
0
0
0
0
0
0
0
0
0
0
0
0
0
0
0
0
0
0
0
0
0
0
0
0
0
0
0
0
0
0
0
0
0
0
0
0
0
0
0
0
0
0
0
0
0
0
0
0
0
0
0
0
0
0
0
0
0
0
0
0
0
0
0
0
0
0
0
0
0
0
0
0
0
0
0
0
0
0
0
0
0
0
0
0
0
0
0
0
0
0
0
0
0
0
0
0
0
0
0
0
0
0
0
0
0
0
0
0
0
0
0
0
0
0
0
0
0
0
0
0
0
0
0
0
0
0
0
0
0
0
0
0
0
0
0
0
0
0
0
0
0
0
0
0
0
0
0
0
0
0
0
0
0
0
0
0
0
0
0
0
0
0
0
0
0
0
0
0
0
0
0
0
0
0
0
0
0
0
0
0
0
0
0
0
0
0
0
0
0
0
0
0
0
0
0
0
0
0
0
0
0
0
0
0
0
0
0
0
0
0
0
0
0
0
0
0
0
0
0
0
0
0
0
0
0
0
0
0
0
0
0
0
0
0
0
0
0
0
0
0
0
0
0
0
0
0
0
0
0
0
0
0
0
0
0
0
0
0
0
0
0
0
0
0
0
0
0
0
0
0
0
0
0
0
0
0
0
0
0
0
0
0
0
0
0
0
0
0
0
0
0
0
0
0
0
0
0
0
0
0
0
0
0
0
0
0
0
0
0
0
0
0
0
0
0
0
0
0
0
0
0
0
0
0
0
0
0
0
0
0
0
0
0
0
0
0
0
0
0
0
0
0
0
0
0
0
0
0
0
0
0
0
0
0
0
0
0
0
0
0
0
0
0
0
0
0
0
0
0
0
0
0
0
0
0
0
0
0
0
0
0
0
0
0
0
0
0
0
0
0
0
0
0
0
0
0
0
0
0
0
0
0
0
0
0
0
0
0
0
0
0
0
0
0
0
0
0
0
0
0
0
0
0
0
0
0
0
0
0
0
0
0
0
0
0
0
0
0
0
0
0
0
0
0
0
0
0
0
0
0
0
0
0
0
0
0
0
0
0
0
0
0
0
0
0
0
0
0
0
0
0
0
0
0
0
0
0
0
0
0
0
0
0
0
0
0
0
0
0
0
0
0
0
0
0
0
0
0
0
0
0
0
0
0
0
0
0
0
0
0
0
0
0
0
0
0
0
0
0
0
0
0
0
0
0
0
0
0
0
0
0
0
0
0
0
0
0
0
0
0
0
0
0
0
0
0
0
0
0
0
0
0
0
0
0
0
0
0
0
0
0
0
0
0
0
0
0
0
0
0
0
0
0
0
0
0
0
0
0
0
0
0
0
0
0
0
0
0
0
0
0
0
0
0
0
0
0
0
0
0
0
0
0
0
0
0
0
0
0
0
0
0
0
0
0
0
0
0
0
0
0
0
0
0
0
0
0
0
0
0
0
0
0
0
0
0
0
0
0
0
0
0
0
0
0
0
0
0
0
0
0
0
0
0
0
0
0
0
0
0
0
0
0
0
0
0
0
0
0
0
0
0
0
0
0
0
0
0
0
0
0
0
0
0
0
0
0
0
0
0
0
0
0
0
0
0
0
0
0
0
0
0
0
0
0
0
0
0
0
0
0
0
0
0
0
0
0
0
0
0
0
0
0
0
0
0
0
0
0
0
0
0
0
0
0
0
0
0
0
0
0
0
0
0
0
0
0
0
0
0
0
0
0
0
0
0
0
0
0
0
0
0
0
0
0
0
0
0
0
0
0
0
0
0
0
0
0
0
0
0
0
0
0
0
0
0
0
0
0
0
0
0
0
0
0
0
0
0
0
0
0
0
0
0
0
0
0
0
0
0
0
0
0
0
0
0
0
0
0
0
0
0
0
0
0
0
0
0
0
0
0
0
0
0
0
0
0
0
0
0
0
0
0
0
0
0
0
0
0
0
0
0
0
0
0
0
0
0
0
0
0
0
0
0
0
0
0
0
0
0
0
0
0
0
0
0
0
0
0
0
0
0
0
0
0
0
0
0
0
0
0
0
0
0
0
0
0
0
0
0
0
0
0
0
0
0
0
0
0
0
0
0
0
0
0
0
0
0
0
0
0
0
0
0
0
0
0
0
0
0
0
0
0
0
0
0
0
0
0
0
0
0
0
0
0
0
0
0
0
0
0
0
0
0
0
0
0
0
0
0
0
0
0
0
0
0
0
0
0
0
0
0
0
0
0
0
0
0
0
0
0
0
0
0
0
0
0
0
0
0
0
0
0
0
0
0
0
0
0
0
0
0
0
0
0
0
0
0
0
0
0
0
0
0
0
0
0
0
0
0
0
0
0
0
0
0
0
0
0
0
0
0
0
0
0
0
0
0
0
0
0
0
0
0
0
0
0
0
0
0
0
0
0
0
0
0
0
0
0
0
0
0
0
0
0
0
0
0
0
0
0
0
0
0
0
0
0
0
0
0
0
0
0
0
0
0
0
0
0
0
0
0
0
0
0
0
0
0
0
0
0
0
0
0
0
0
0
0
0
0
0
0
0
0
0
0
0
0
0
0
0
0
0
0
0
0
0
0
0
0
0
0
0
0
0
0
0
0
0
0
0
0
0
0
0
0
0
0
0
0
0
0
0
0
0
0
0
0
0
0
0
0
0
0
0
0
0
0
0
0
0
0
0
0
0
0
0
0
0
0
0
0
0
0
0
0
0
0
0
0
0
0
0
0
0
0
0
0
0
0
0
0
0
0
0
0
0
0
0
0
0
0
0
0
0
0
0
0
0
0
0
0
0
0
0
0
0
0
0
0
0
0
0
0
0
0
0
0
0
0
0
0
0
0
0
0
0
0
0
0
0
0
0
0
0
0
0
0
0
0
0
0
0
0
0
0
0
0
0
0
0
0
0
0
0
0
0
0
0
0
0
0
0
0
0
0
0
0
0
0
0
0
0
0
0
0
0
0
0
0
0
0
0
0
0
0
0
0
0
0
0
0
0
0
0
0
0
0
0
0
0
0
0
0
0
0
0
0
0
0
0
0
0
0
0
0
0
0
0
0
0
0
0
0
0
0
0
0
0
0
0
0
0
0
0
0
0
0
0
0
0
0
0
0
0
0
0
0
0
0
0
0
0
0
0
0
0
0
0
0
0
0
0
0
0
0
0
0
0
0
0
0
0
0
0
0
0
0
0
0
0
0
0
0
0
0
0
0
0
0
0
0
0
0
0
0
0
0
0
0
0
0
0
0
0
0
0
0
0
0
0
0
0
0
0
0
0
0
0
0
0
0
0
0
0
0
0
0
0
0
0
0
0
0
0
0
0
0
0
0
0
0
0
0
0
0
0
0
0
0
0
0
0
0
0
0
0
0
0
0
0
0
0
0
0
0
0
0
0
0
0
0
0
0
0
0
0
0
0
0
0
0
0
0
0
0
0
0
0
0
0
0
0
0
0
0
0
0
0
0
0
0
0
0
0
0
0
0
0
0
0
0
0
0
0
0
0
0
0
0
0
0
0
0
0
0
0
0
0
0
0
0
0
0
0
0
0
0
0
0
0
0
0
0
0
0
0
0
0
0
0
0
0
0
0
0
0
0
0
0
0
0
0
0
0
0
0
0
0
0
0
0
0
0
0
0
0
0
0
0
0
0
0
0
0
0
0
0
0
0
0
0
0
0
0
0
0
0
0
0
0
0
0
0
0
0
0
0
0
0
0
0
0
0
0
0
0
0
0
0
0
0
0
0
0
0
0
0
0
0
0
0
0
0
0
0
0
0
0
0
0
0
0
0
0
0
0
0
0
0
0
0
0
0
0
0
0
0
0
0
0
0
0
0
0
0
0
0
0
0
0
0
0
0
0
0
0
0
0
0
0
0
0
0
0
0
0
0
0
0
0
0
0
0
0
0
0
0
0
0
0
0
0
0
0
0
0
0
0
0
0
0
0
0
0
0
0
0
0
0
0
0
0
0
0
0
0
0
0
0
0
0
0
0
0
0
0
0
0
0
0
0
0
0
0
0
0
0
0
0
0
0
0
0
0
0
0
0
0
0
0
0
0
0
0
0
0
0
0
0
0
0
0
0
0
0
0
0
0
0
0
0
0
0
0
0
0
0
0
0
0
0
0
0
0
0
0
0
0
0
0
0
0
0
0
0
0
0
0
0
0
0
0
0
0
0
0
0
0
0
0
0
0
0
0
0
0
0
0
0
0
0
0
0
0
0
0
0
0
0
0
0
0
0
0
0
0
0
0
0
0
0
0
0
0
0
0
0
0
0
0
0
0
0
0
0
0
0
0
0
0
0
0
0
0
0
0
0
0
0
0
0
0
0
0
0
0
0
0
0
0
0
0
0
0
0
0
0
0
0
0
0
0
0
0
0
0
0
0
0
0
0
0
0
0
0
0
0
0
0
0
0
0
0
0
0
0
0
0
0
0
0
0
0
0
0
0
0
0
0
0
0
0
0
0
0
0
0
0
0
0
0
0
0
0
0
0
0
0
0
0
0
0
0
0
0
0
0
0
0
0
0
0
0
0
0
0
0
0
0
0
0
0
0
0
0
0
0
0
0
0
0
0
0
0
0
0
0
0
0
0
0
0
0
0
0
0
0
0
0
0
0
0
0
0
0
0
0
0
0
0
0
0
0
0
0
0
0
0
0
0
0
0
0
0
0
0
0
0
0
0
0
0
0
0
0
0
0
0
0
0
0
0
0
0
0
0
0
0
0
0
0
0
0
0
0
0
0
0
0
0
0
0
0
0
0
0
0
0
0
0
0
0
0
0
0
0
0
0
0
0
0
0
0
0
0
0
0
0
0
0
0
0
0
0
0
0
0
0
0
0
0
0
0
0
0
0
0
0
0
0
0
0
0
0
0
0
0
0
0
0
0
0
0
0
0
0
0
0
0
0
0
0
0
0
0
0
0
0
0
0
0
0
0
0
0
0
0
0
0
0
0
0
0
0
0
0
0
0
0
0
0
0
0
0
0
0
0
0
0
0
0
0
0
0
0
0
0
0
0
0
0
0
0
0
0
0
0
0
0
0
0
0
0
0
0
0
0
0
0
0
0
0
0
0
0
0
0
0
0
0
0
0
0
0
0
0
0
0
0
0
0
0
0
0
0
0
0
0
0
0
0
0
0
0
0
0
0
0
0
0
0
0
0
0
0
0
0
0
0
0
0
0
0
0
0
0
0
0
0
0
0
0
0
0
0
0
0
0
0
0
0
0
0
0
0
0
0
0
0
0
0
0
0
0
0
0
0
0
0
0
0
0
0
0
0
0
0
0
0
0
0
0
0
0
0
0
0
0
0
0
0
0
0
0
0
0
0
0
0
0
0
0
0
0
0
0
0
0
0
0
0
0
0
0
0
0
0
0
0
0
0
0
0
0
0
0
0
0
0
0
0
0
0
0
0
0
0
0
0
0
0
0
0
0
0
0
0
0
0
0
0
0
0
0
0
0
0
0
0
0
0
0
0
0
0
0
0
0
0
0
0
0
0
0
0
0
0
0
0
0
0
0
0
0
0
0
0
0
0
0
0
0
0
0
0
0
0
0
0
0
0
0
0
0
0
0
0
0
0
0
0
0
0
0
0
0
0
0
0
0
0
0
0
0
0
0
0
0
0
0
0
0
0
0
0
0
0
0
0
0
0
0
0
0
0
0
0
0
0
0
0
0
0
0
0
0
0
0
0
0
0
0
0
0
0
0
0
0
0
0
0
0
0
0
0
0
0
0
0
0
0
0
0
0
0
0
0
0
0
0
0
0
0
0
0
0
0
0
0
0
0
0
0
0
0
0
0
0
0
0
0
0
0
0
0
0
0
0
0
0
0
0
0
0
0
0
0
0
0
0
0
0
0
0
0
0
0
0
0
0
0
0
0
0
0
0
0
0
0
0
0
0
0
0
0
0
0
0
0
0
0
0
0
0
0
0
0
0
0
0
0
0
0
0
0
0
0
0
0
0
0
0
0
0
0
0
0
0
0
0
0
0
0
0
0
0
0
0
0
0
0
0
0
0
0
0
0
0
0
0
0
0
0
0
0
0
0
0
0
0
0
0
0
0
0
0
0
0
0
0
0
0
0
0
0
0
0
0
0
0
0
0
0
0
0
0
0
0
0
0
0
0
0
0
0
0
0
0
0
0
0
0
0
0
0
0
0
0
0
0
0
0
0
0
0
0
0
0
0
0
0
0
0
0
0
0
0
0
0
0
0
0
0
0
0
0
0
0
0
0
0
0
0
0
0
0
0
0
0
0
0
0
0
0
0
0
0
0
0
0
0
0
0
0
0
0
0
0
0
0
0
0
0
0
0
0
0
0
0
0
0
0
0
0
0
0
0
0
0
0
0
0
0
0
0
0
0
0
0
0
0
0
0
0
0
0
0
0
0
0
0
0
0
0
0
0
0
0
0
0
0
0
0
0
0
0
0
0
0
0
0
0
0
0
0
0
0
0
0
0
0
0
0
0
0
0
0
0
0
0
0
0
0
0
0
0
0
0
0
0
0
0
0
0
0
0
0
0
0
0
0
0
0
0
0
0
0
0
0
0
0
0
0
0
0
0
0
0
0
0
0
0
0
0
0
0
0
0
0
0
0
0
0
0
0
0
0
0
0
0
0
0
0
0
0
0
0
0
0
0
0
0
0
0
0
0
0
0
0
0
0
0
0
0
0
0
0
0
0
0
0
0
0
0
0
0
0
0
0
0
0
0
0
0
0
0
0
0
0
0
0
0
0
0
0
0
0
0
0
0
0
0
0
0
0
0
0
0
0
0
0
0
0
0
0
0
0
0
0
0
0
0
0
0
0
0
0
0
0
0
0
0
0
0
0
0
0
0
0
0
0
0
0
0
0
0
0
0
0
0
0
0
0
0
0
0
0
0
0
0
0
0
0
0
0
0
0
0
0
0
0
0
0
0
0
0
0
0
0
0
0
0
0
0
0
0
0
0
0
0
0
0
0
0
0
0
0
0
0
0
0
0
0
0
0
0
0
0
0
0
0
0
0
0
0
0
0
0
0
0
0
0
0
0
0
0
0
0
0
0
0
0
0
0
0
0
0
0
0
0
0
0
0
0
0
0
0
0
0
0
0
0
0
0
0
0
0
0
0
0
0
0
0
0
0
0
0
0
0
0
0
0
0
0
0
0
0
0
0
0
0
0
0
0
0
0
0
0
0
0
0
0
0
0
0
0
0
0
0
0
0
0
0
0
0
0
0
0
0
0
0
0
0
0
0
0
0
0
0
0
0
0
0
0
0
0
0
0
0
0
0
0
0
0
0
0
0
0
0
0
0
0
0
0
0
0
0
0
0
0
0
0
0
0
0
0
0
0
0
0
0
0
0
0
0
0
0
0
0
0
0
0
0
0
0
0
0
0
0
0
0
0
0
0
0
0
0
0
0
0
0
0
0
0
0
0
0
0
0
0
0
0
0
0
0
0
0
0
0
0
0
0
0
0
0
0
0
0
0
0
0
0
0
0
0
0
0
0
0
0
0
0
0
0
0
0
0
0
0
0
0
0
0
0
0
0
0
0
0
0
0
0
0
0
0
0
0
0
0
0
0
0
0
0
0
0
0
0
0
0
0
0
0
0
0
0
0
0
0
0
0
0
0
0
0
0
0
0
0
0
0
0
0
0
0
0
0
0
0
0
0
0
0
0
0
0
0
0
0
0
0
0
0
0
0
0
0
0
0
0
0
0
0
0
0
0
0
0
0
0
0
0
0
0
0
0
0
0
0
0
0
0
0
0
0
0
0
0
0
0
0
0
0
0
0
0
0
0
0
0
0
0
0
0
0
0
0
0
0
0
0
0
0
0
0
0
0
0
0
0
0
0
0
0
0
0
0
0
0
0
0
0
0
0
0
0
0
0
0
0
0
0
0
0
0
0
0
0
0
0
0
0
0
0
0
0
0
0
0
0
0
0
0
0
0
0
0
0
0
0
0
0
0
0
0
0
0
0
0
0
0
0
0
0
0
0
0
0
0
0
0
0
0
0
0
0
0
0
0
0
0
0
0
0
0
0
0
0
0
0
0
0
0
0
0
0
0
0
0
0
0
0
0
0
0
0
0
0
0
0
0
0
0
0
0
0
0
0
0
0
0
0
0
0
0
0
0
0
0
0
0
0
0
0
0
0
0
0
0
0
0
0
0
0
0
0
0
0
0
0
0
0
0
0
0
0
0
0
0
0
0
0
0
0
0
0
0
0
0
0
0
0
0
0
0
0
0
0
0
0
0
0
0
0
0
0
0
0
0
0
0
0
0
0
0
0
0
0
0
0
0
0
0
0
0
0
0
0
0
0
0
0
0
0
0
0
0
0
0
0
0
0
0
0
0
0
0
0
0
0
0
0
0
0
0
0
0
0
0
0
0
0
0
0
0
0
0
0
0
0
0
0
0
0
0
0
0
0
0
0
0
0
0
0
0
0
0
0
0
0
0
0
0
0
0
0
0
0
0
0
0
0
0
0
0
0
0
0
0
0
0
0
0
0
0
0
0
0
0
0
0
0
0
0
0
0
0
0
0
0
0
0
0
0
0
0
0
0
0
0
0
0
0
0
0
0
0
0
0
0
0
0
0
0
0
0
0
0
0
0
0
0
0
0
0
0
0
0
0
0
0
0
0
0
0
0
0
0
0
0
0
0
0
0
0
0
0
0
0
0
0
0
0
0
0
0
0
0
0
0
0
0
0
0
0
0
0
0
0
0
0
0
0
0
0
0
0
0
0
0
0
0
0
0
0
0
0
0
0
0
0
0
0
0
0
0
0
0
0
0
0
0
0
0
0
0
0
0
0
0
0
0
0
0
0
0
0
0
0
0
0
0
0
0
0
0
0
0
0
0
0
0
0
0
0
0
0
0
0
0
0
0
0
0
0
0
0
0
0
0
0
0
0
0
0
0
0
0
0
0
0
0
0
0
0
0
0
0
0
0
0
0
0
0
0
0
0
0
0
0
0
0
0
0
0
0
0
0
0
0
0
0
0
0
0
0
0
0
0
0
0
0
0
0
0
0
0
0
0
0
0
0
0
0
0
0
0
0
0
0
0
0
0
0
0
0
0
0
0
0
0
0
0
0
0
0
0
0
0
0
0
0
0
0
0
0
0
0
0
0
0
0
0
0
0
0
0
0
0
0
0
0
0
0
0
0
0
0
0
0
0
0
0
0
0
0
0
0
0
0
0
0
0
0
0
0
0
0
0
0
0
0
0
0
0
0
0
0
0
0
0
0
0
0
0
0
0
0
0
0
0
0
0
0
0
0
0
0
0
0
0
0
0
0
0
0
0
0
0
0
0
0
0
0
0
0
0
0
0
0
0
0
0
0
0
0
0
0
0
0
0
0
0
0
0
0
0
0
0
0
0
0
0
0
0
0
0
0
0
0
0
0
0
0
0
0
0
0
0
0
0
0
0
0
0
0
0
0
0
0
0
0
0
0
0
0
0
0
0
0
0
0
0
0
0
0
0
0
0
0
0
0
0
0
0
0
0
0
0
0
0
0
0
0
0
0
0
0
0
0
0
0
0
0
0
0
0
0
0
0
0
0
0
0
0
0
0
0
0
0
0
0
0
0
0
0
0
0
0
0
0
0
0
0
0
0
0
0
0
0
0
0
0
0
0
0
0
0
0
0
0
0
0
0
0
0
0
0
0
0
0
0
0
0
0
0
0
0
0
0
0
0
0
0
0
0
0
0
0
0
0
0
0
0
0
0
0
0
0
0
0
0
0
0
0
0
0
0
0
0
0
0
0
0
0
0
0
0
0
0
0
0
0
0
0
0
0
0
0
0
0
0
0
0
0
0
0
0
0
0
0
0
0
0
0
0
0
0
0
0
0
0
0
0
0
0
0
0
0
0
0
0
0
0
0
0
0
0
0
0
0
0
0
0
0
0
0
0
0
0
0
0
0
0
0
0
0
0
0
0
0
0
0
0
0
0
0
0
0
0
0
0
0
0
0
0
0
0
0
0
0
0
0
0
0
0
0
0
0
0
0
0
0
0
0
0
0
0
0
0
0
0
0
0
0
0
0
0
0
0
0
0
0
0
0
0
0
0
0
0
0
0
0
0
0
0
0
0
0
0
0
0
0
0
0
0
0
0
0
0
0
0
0
0
0
0
0
0
0
0
0
0
0
0
0
0
0
0
0
0
0
0
0
0
0
0
0
0
0
0
0
0
0
0
0
0
0
0
0
0
0
0
0
0
0
0
0
0
0
0
0
0
0
0
0
0
0
0
0
0
0
0
0
0
0
0
0
0
0
0
0
0
0
0
0
0
0
0
0
0
0
0
0
0
0
0
0
0
0
0
0
0
0
0
0
0
0
0
0
0
0
0
0
0
0
0
0
0
0
0
0
0
0
0
0
0
0
0
0
0
0
0
0
0
0
0
0
0
0
0
0
0
0
0
0
0
0
0
0
0
0
0
0
0
0
0
0
0
0
0
0
0
0
0
0
0
0
0
0
0
0
0
0
0
0
0
0
0
0
0
0
0
0
0
0
0
0
0
0
0
0
0
0
0
0
0
0
0
0
0
0
0
0
0
0
0
0
0
0
0
0
0
0
0
0
0
0
0
0
0
0
0
0
0
0
0
0
0
0
0
0
0
0
0
0
0
0
0
0
0
0
0
0
0
0
0
0
0
0
0
0
0
0
0
0
0
0
0
0
0
0
0
0
0
0
0
0
0
0
0
0
0
0
0
0
0
0
0
0
0
0
0
0
0
0
0
0
0
0
0
0
0
0
0
0
0
0
0
0
0
0
0
0
0
0
0
0
0
0
0
0
0
0
0
0
0
0
0
0
0
0
0
0
0
0
0
0
0
0
0
0
0
0
0
0
0
0
0
0
0
0
0
0
0
0
0
0
0
0
0
0
0
0
0
0
0
0
0
0
0
0
0
0
0
0
0
0
0
0
0
0
0
0
0
0
0
0
0
0
0
0
0
0
0
0
0
0
0
0
0
0
0
0
0
0
0
0
0
0
0
0
0
0
0
0
0
0
0
0
0
0
0
0
0
0
0
0
0
0
0
0
0
0
0
0
0
0
0
0
0
0
0
0
0
0
0
0
0
0
0
0
0
0
0
0
0
0
0
0
0
0
0
0
0
0
0
0
0
0
0
0
0
0
0
0
0
0
0
0
0
0
0
0
0
0
0
0
0
0
0
0
0
0
0
0
0
0
0
0
0
0
0
0
0
0
0
0
0
0
0
0
0
0
0
0
0
0
0
0
0
0
0
0
0
0
0
0
0
0
0
0
0
0
0
0
0
0
0
0
0
0
0
0
0
0
0
0
0
0
0
0
0
0
0
0
0
0
0
0
0
0
0
0
0
0
0
0
0
0
0
0
0
0
0
0
0
0
0
0
0
0
0
0
0
0
0
0
0
0
0
0
0
0
0
0
0
0
0
0
0
0
0
0
0
0
0
0
0
0
0
0
0
0
0
0
0
0
0
0
0
0
0
0
0
0
0
0
0
0
0
0
0
0
0
0
0
0
0
0
0
0
0
0
0
0
0
0
0
0
0
0
0
0
0
0
0
0
0
0
0
0
0
0
0
0
0
0
0
0
0
0
0
0
0
0
0
0
0
0
0
0
0
0
0
0
0
0
0
0
0
0
0
0
0
0
0
0
0
0
0
0
0
0
0
0
0
0
0
0
0
0
0
0
0
0
0
0
0
0
0
0
0
0
0
0
0
0
0
0
0
0
0
0
0
0
0
0
0
0
0
0
0
0
0
0
0
0
0
0
0
0
0
0
0
0
0
0
0
0
0
0
0
0
0
0
0
0
0
0
0
0
0
0
0
0
0
0
0
0
0
0
0
0
0
0
0
0
0
0
0
0
0
0
0
0
0
0
0
0
0
0
0
