-237
-558
-3906
-3698
-2952
-3328
-3488
-258
-83
-4965
-4273
-2338
-3331
-1021
2
-147
-151
770
-3304
-2127
2005
-3456
-15003
-196
964
-3697
-3798
377
-3892
-14331
126
1225
-388
-240
-4930
-5134
-5135
-4061
-4093
-295
118
-6736
-5209
-4963
-4635
-2938
-61
-98
86
837
-1571
-2834
2097
-4025
-17046
-22
-343
-2997
-4448
1160
-4551
-12865
260
-1227
-412
941
-3358
-4789
-3960
-2968
-3360
-351
452
-3350
-4264
-1518
-2944
-3245
9
41
268
49
771
-2213
-696
-3315
-15369
1
-829
454
-2239
-857
-2840
-17164
390
-901
-138
1208
-4055
-3767
-4526
-3075
-3314
-173
1129
-2970
-2502
-2398
-2185
-2810
1
1086
172
-149
2763
-3063
-1515
-3367
-16785
-16
101
2271
-1322
-2749
-2514
-24112
247
901
-209
1978
-3103
1551
-2489
-2148
-2018
-285
1032
-4113
2069
-2393
-3384
-3118
-134
1286
248
-42
153
-1945
-3129
-2131
-15298
-2
-1233
-1147
-3182
-4811
-3166
-13523
153
52
-284
1305
-2977
2187
-3267
-2821
-2866
-358
788
-3578
2893
-1966
-3539
-2599
1
974
259
561
-2548
-2377
-2919
-2911
-17474
-43
37
-3236
-3321
-5198
-3383
-19671
112
281
-389
1145
-2405
-1329
-3765
-3623
-3503
-433
1354
-4581
-3590
-3788
-5691
842
-108
1084
10
-599
-2923
-3358
219
-3474
-18038
12
-270
-4709
-5138
-5839
-5198
-12139
173
-57
-168
1160
-1970
-1688
-1954
-2387
-2118
-240
1664
-2804
-2709
-2108
-3282
912
26
1192
-50
-1006
-1860
-2219
883
-2037
-22253
-186
-906
-3155
-2826
-2565
-3296
-21988
91
-1361
-31
504
-1665
-2789
-1710
-1607
-2335
88
-108
-2314
-3269
-2803
-2142
2510
-22
-767
-248
1083
-2855
-1119
849
-2295
-19411
-258
1026
-4476
-1736
-1574
-3030
-20342
-41
762
-452
-131
-2517
-3445
-1803
-2626
-2545
-165
-114
-3845
-4131
-3489
-3296
1700
-170
-168
-74
874
-2270
-1200
864
-2522
-22381
-44
-239
-4795
-1461
-351
-2972
-22465
193
-1474
-134
253
-4651
-5535
-3230
-3611
-4625
-95
568
-4318
-4531
-3248
-2788
-1400
-66
1120
43
1816
-882
-3346
-1673
-4574
-19346
113
95
-1756
-2515
-1820
-3032
-27159
236
721
-120
1664
-5955
-4335
-5270
-3717
-4957
-220
-171
-6283
-2979
-5639
-3798
-2748
89
1352
114
217
2726
-5807
-2763
-5002
-18116
159
261
1214
-4887
-5177
-4502
-22535
218
1212
-194
702
-4542
1343
-2360
-2303
-3118
-305
536
-7491
1838
-5008
-5230
-4292
-120
1091
170
-755
-676
-3472
-4406
-3014
-17488
203
-1796
-648
-5959
-7770
-5382
-10769
236
-1112
-267
271
-3794
2859
-2676
-2747
-3176
-317
17
-6792
3727
-4891
-5251
-4012
-63
-309
166
-1492
-3631
-3233
-2619
-3056
-20664
56
-739
-4387
-4995
-6529
-4882
-13141
185
-986
-175
-575
-4429
-2989
-3249
-4447
-4818
-143
-2111
-4394
-3348
-4351
-3935
-9
15
-3016
-173
77
-4186
-4609
1161
-4486
-18322
-18
321
-4311
-3598
-2873
-3912
-22792
109
300
-16
-695
-4207
-2406
-3091
-4259
-4454
37
-1263
-5187
-4026
-4575
-5052
1639
96
-1655
-259
-1136
-2447
-5232
538
-4292
-18186
-229
-1227
-4200
-3911
-3557
-4357
-21371
-167
-551
117
177
-892
-2259
-2010
-2078
-2485
221
159
-1947
-3187
-3013
-3098
2621
10
163
-289
387
-3124
-2079
646
-2392
-16226
-244
687
-5310
-2960
-3123
-3811
-15511
-37
645
-6
-640
-3030
-3334
-2469
-3650
-3478
-29
-465
-3130
-3153
-4540
-3350
1538
-79
-74
-69
342
-4114
-3169
2322
-3537
-21012
-149
-646
-5948
-2609
-785
-2868
-25877
49
-833
208
1828
-5778
-2768
-5508
-4651
-5185
26
576
-5112
-2120
-6112
-3882
-729
32
1445
23
2346
-194
-5805
-1036
-5282
-18257
-214
59
-1660
-3039
-3115
-2894
-29339
-86
185
73
1537
-5511
2185
-5835
-2622
-3945
-196
287
-8296
1925
-7911
-6476
-3906
-14
456
41
181
407
-5191
-4395
-4053
-22499
36
949
-1237
-6297
-8975
-6464
-16037
185
1300
-18
-188
-6156
2051
-5218
-3590
-4851
-263
218
-7831
2121
-6769
-5943
-4701
-27
-30
142
-97
-2263
-5581
-4291
-4739
-14558
70
-673
-1235
-6111
-8277
-5851
-13897
208
-505
-43
223
-5725
-2174
-5338
-5772
-5228
-213
760
-5817
-950
-5508
-4825
-4448
59
302
176
-1062
-3485
-5073
1267
-5161
-10396
62
-730
-1094
-4554
-2667
-4007
-15466
297
14
92
130
-3219
-2164
-2622
-4841
-3623
7
627
-6257
-4228
-6224
-6910
-29
112
775
-148
-729
-2400
-3683
145
-3728
-24173
-76
-71
-4933
-6054
-4363
-5270
-15166
-85
559
156
-580
-2778
-1331
-2020
-3033
-3006
112
-423
-5607
-4666
-6324
-5373
3970
177
-861
-337
-1631
-1320
-3322
-629
-2876
-25745
-319
-1355
-4717
-4543
-5027
-4664
-20716
-342
-733
194
-222
-2188
-38
-2875
-2101
-2738
153
885
-3851
-2180
-4359
-4109
2464
30
382
-258
635
-2950
-2319
-811
-2619
-21497
-103
527
-5832
-4373
-5161
-4848
-17874
-40
594
214
165
-3957
1742
-3957
-3579
-3523
-46
669
-5273
1301
-6517
-4910
-108
-5
1454
76
1336
-4354
-3725
-687
-3702
-18985
-166
-311
-6977
-5313
-4221
-4278
-17840
-56
-483
271
-29
-5718
3165
-6782
-2763
-4266
13
-424
-7775
3041
-8193
-5835
-2923
21
437
70
443
-1306
-4698
-4251
-4399
-16250
-155
86
-3562
-6352
-7148
-5391
-13288
-124
444
188
-358
-4722
1702
-7095
-1602
-4187
-80
-684
-6317
2044
-7082
-4672
-2644
-59
-1196
209
162
-1234
-4735
-2703
-4075
-20219
7
36
-2498
-4943
-6814
-4780
-20263
119
211
244
165
-4868
-1072
-5755
-2313
-3808
-91
-1086
-4921
690
-4918
-3676
-1671
53
-2233
195
247
-2708
-3710
934
-3850
-25270
-47
-1022
-2029
-3301
-3733
-3478
-31528
195
-1191
306
-198
-4086
-4181
-4472
-4421
-3759
25
-359
-5622
-3812
-5683
-5664
-2190
-6
-393
104
-101
-2668
-2553
2822
-3801
-20720
-143
211
-1995
-5001
-1815
-4641
-16899
40
484
160
-790
-3228
-2272
-2697
-3434
-2804
22
-20
-6005
-4926
-6820
-5591
1561
-11
76
-79
-1050
-875
-2805
683
-2771
-18080
-147
-186
-3511
-5801
-3123
-4857
-8547
-164
61
112
-726
-2646
910
-2510
-1759
-1903
-6
-592
-4994
-2827
-5508
-3970
4440
37
-449
-194
-1878
-1944
-2331
-142
-1672
-23547
-220
-2695
-5669
-3404
-4182
-3882
-18672
-299
-2910
271
-1057
-3993
-212
-4571
-3827
-4291
180
38
-6227
-2629
-7214
-5713
2123
67
-104
-282
1338
-2957
-4668
-996
-4307
-15489
-186
1270
-6025
-7181
-5852
-6579
-11859
-168
982
265
-773
-5099
1249
-3574
-3308
-3847
-129
-436
-7236
392
-7833
-5491
-105
-75
-962
72
145
-2791
-5075
-1137
-3898
-20877
-35
-1637
-5045
-7364
-5933
-5365
-17226
-163
-1301
241
-305
-4087
2333
-4814
-656
-2900
-166
-67
-8160
1391
-8798
-5765
-2052
-155
-191
181
-71
-1160
-3424
-2612
-2877
-24549
53
-171
-3129
-7085
-7403
-5664
-12365
23
966
171
409
-3586
-182
-6100
-1724
-3803
-77
-26
-4676
1374
-6332
-4001
-2971
-38
-553
161
1600
-3522
-4252
593
-3696
-18562
11
325
-3847
-4734
-3842
-4086
-18474
121
-222
390
347
-2120
-2065
-3364
-2223
-2517
127
555
-2619
-1236
-2993
-3511
33
125
842
146
377
-3153
-1696
1141
-2649
-24860
-140
-572
-3480
-3195
-3081
-2871
-25870
39
-627
368
-299
-2422
-2485
-2247
-1759
-1893
170
-83
-3122
-1920
-2437
-3267
253
41
69
158
-696
-2388
205
944
-1977
-24191
-215
-390
-3168
-3643
-2028
-2521
-22914
-144
553
230
-1132
-2113
-1381
-2292
-1841
-2320
69
-1018
-3734
-3512
-4756
-3875
3383
-113
-2288
-28
-802
-3020
-1875
262
-2208
-20920
-180
-40
-6254
-4767
-3803
-3783
-15871
-281
253
110
-117
-2636
1563
-3269
-1955
-2636
-139
324
-5167
-2445
-5160
-5043
4921
30
531
-200
-847
-3179
-3718
-741
-2505
-18977
-293
-740
-7333
-4982
-6223
-5506
-13719
-442
-303
180
-1215
-4940
-2637
-5329
-4795
-4895
147
-1003
-5414
-3677
-6647
-5355
-1151
-12
-289
-162
2095
-396
-5091
-1268
-4881
-15657
-319
796
-1288
-5787
-5097
-5406
-17398
-283
632
247
-177
-4203
-1355
-2999
-2757
-3416
-30
-549
-5497
-2754
-5941
-4582
-798
-120
-129
100
90
30
-4370
-1359
-3394
-22465
10
-736
-552
-5400
-6243
-4350
-21080
-130
534
145
-171
-4739
-399
-1765
-2747
-3792
-75
221
-6320
-709
-5447
-4876
-2543
-109
-198
189
1102
-1372
-4138
-4036
-3846
-17290
298
599
-1256
-5119
-7027
-4273
-16000
181
191
87
321
-4221
-2206
-2850
-4259
-4182
-39
-50
-5140
-1238
-4196
-4916
-3255
22
-168
89
774
-2516
-3976
-1361
-4177
-14837
90
-262
-1469
-4950
-4502
-3868
-16299
35
-457
246
-364
-3661
-791
-2679
-5257
-4173
17
515
-5140
-918
-3824
-5977
-2058
178
1224
16
-365
-4551
-3098
-1253
-4198
-22184
-231
480
-5315
-5058
-5317
-4503
-20597
-55
1420
347
-500
-2697
-110
-1205
-3114
-3348
108
860
-4175
-1563
-4337
-4687
1281
113
321
143
-1071
-4192
-2414
-2867
-3392
-16085
-344
-2148
-6988
-5681
-5321
-4647
-12735
-187
-1474
78
1096
-1525
-2856
-2081
-2310
-3221
-31
1871
-3498
-6840
-6652
-4701
6904
-138
255
-153
1610
-2861
-3872
-1128
-2945
-23153
-247
2362
-8049
-6151
-6097
-5156
-20132
-329
2880
29
1632
-3517
-3060
-2920
-4490
-4193
-77
1921
-6062
-7276
-6650
-6657
7525
30
973
-395
-1048
-2434
-5394
113
-4259
-14296
-435
-576
-8045
-6981
-6930
-7154
-9982
-432
-347
-75
-1282
-3172
-2722
-3924
-2257
-3309
-255
-1404
-3203
-3297
-5423
-3302
-2654
-189
-1223
-68
2177
-143
-2522
-1795
-3232
-23875
-296
1610
558
-2657
-4241
-3592
-26561
15
2414
-59
-992
-3006
-276
-4033
-1314
-3399
-246
87
-6274
-2983
-8823
-6663
-6976
-232
574
-37
-280
-487
-3608
-4010
-3233
-24620
-56
-472
786
-6383
-9026
-6571
-9142
11
-104
-2
-959
-4039
-1583
-1029
-1427
-3681
-184
-580
-4558
-1415
-3802
-3303
-5156
-129
-658
189
1182
-1895
-3298
-5420
-3566
-18972
142
-622
797
-4010
-5965
-2975
-21063
112
-2165
140
-726
-5313
-3681
-989
-3635
-4497
-69
-1420
-5033
-2058
-1993
-3204
-3768
30
-2066
161
217
-1025
-3820
-4189
-4300
-15937
-158
-423
1471
-3745
-5133
-2762
-23130
-49
100
135
-1256
-5199
304
-2066
-4915
-4691
-130
-1621
-6879
198
-4327
-5778
-1812
34
-1690
82
-1444
-3658
-4393
-3391
-4734
-15846
-266
452
-5395
-6069
-6198
-5148
-14809
-212
715
13
-1543
-3267
344
-1199
-2781
-4060
-131
-1623
-4436
-1500
-4900
-4673
81
-51
-1037
135
-144
-3866
-4788
-4598
-3867
-18617
-186
-1446
-6427
-5511
-6237
-4723
-18993
-216
-1897
11
-748
-3814
-5373
-3748
-4787
-5479
16
-288
-5104
-9064
-7847
-6068
3757
-219
40
-224
2186
163
-7370
-2696
-5125
-12307
-120
2574
-5054
-7918
-6405
-6651
-12705
-191
1963
-51
-918
-5180
-5813
-3999
-6166
-5547
11
-1130
-5635
-8508
-6351
-6294
4341
-121
-2211
-457
-1494
732
-6399
-1036
-5374
-17392
-213
-1198
-3306
-6820
-5809
-6633
-21704
-248
17
-292
-1070
-1926
-2864
-1750
352
-1824
-379
-639
-1458
-2842
-2140
-898
-2359
-204
-197
-58
1621
-1318
-1797
-859
-1842
-18532
-110
2342
-528
-1508
-1288
-1551
-22753
296
2797
-387
-1083
-3050
-5108
-2955
-753
-3949
-491
-872
-3093
-5943
-5507
-3346
-6938
-211
-1219
-52
-30
1139
-4708
-3823
-3670
-16533
-28
-677
4713
-4427
-5804
-3572
-16688
226
-289
-234
-1199
-2613
-3780
-1970
-392
-2691
-484
-751
-3868
-4122
-4798
-3549
-5495
-199
-685
130
115
734
-3941
-2345
-2574
-24765
-121
-1770
4226
-4287
-5991
-2452
-22739
145
-2001
-23
-1829
-3338
-3811
-2262
-600
-2682
-330
-982
-3997
-3455
-3773
-2291
-2442
-10
-671
137
426
-120
-3820
-168
-2656
-20450
-200
45
2319
-3560
-4620
-1957
-21616
58
324
-4
-1259
-3520
-1847
-2051
-1235
-2595
-205
-1077
-3603
-1817
-3224
-2487
-257
27
-1343
51
-829
-2199
-3400
1422
-2417
-12533
-329
-778
-2239
-3378
-2422
-1876
-13362
-223
-601
-306
-693
-2315
-2027
-2049
-1539
-2093
-422
-201
-3546
-3335
-4373
-3173
883
-181
-146
63
-690
-1858
-3272
1400
-1981
-17304
-227
254
-2840
-3766
-3085
-2597
-15451
-248
430
-332
-1678
-4088
-5754
-3266
-3567
-4461
-247
-1084
-4944
-7486
-6237
-4779
776
-224
-492
-204
1531
-7
-5858
-630
-4208
-20617
6
2238
-1532
-6145
-5557
-5452
-20509
-142
1264
-218
-1300
-3283
-5640
-5477
-4581
-4795
-188
-1396
-3657
-8150
-6376
-6163
1566
-269
-451
-335
-975
-1270
-4827
825
-4616
-17406
-212
-1189
-3366
-6843
-5631
-6815
-15788
-80
-449
0
0
0
0
0
0
0
0
0
0
0
-2035
-2444
-1489
-1883
-1786
0
0
0
0
0
0
0
0
0
0
0
-1733
-769
790
-1668
-19680
0
0
0
0
0
0
0
0
0
0
0
-3973
-4731
-3241
-3513
-3327
0
0
0
0
0
0
0
0
0
0
0
-2183
-805
190
-3356
-16786
0
0
0
0
0
0
0
0
0
0
0
-3618
-4988
-4258
-1810
-3293
0
0
0
0
0
0
0
0
0
0
0
-873
-642
-1984
-3286
-12944
0
0
0
0
0
0
0
0
0
0
0
-2647
-3450
-3980
-243
-2174
0
0
0
0
0
0
0
0
0
0
0
1110
-977
-1936
-2264
-20205
0
0
0
0
0
0
0
0
0
0
0
-2787
-1014
-2732
-402
-1954
0
0
0
0
0
0
0
0
0
0
0
-47
-596
-2811
-1965
-12316
0
0
0
0
0
0
0
0
0
0
0
-2668
-1
-3131
-730
-2071
0
0
0
0
0
0
0
0
0
0
0
-1540
-446
-1984
-1938
-17146
0
0
0
0
0
0
0
0
0
0
0
-2131
-1400
-3095
-1559
-2450
0
0
0
0
0
0
0
0
0
0
0
-2102
-2421
434
-2411
-18067
0
0
0
0
0
0
0
0
0
0
0
-2422
-2308
-2376
-2001
-2392
0
0
0
0
0
0
0
0
0
0
0
-1418
-1134
-30
-2444
-17708
0
0
0
0
0
0
0
0
0
0
0
-723
-1583
-1992
-581
-1348
0
0
0
0
0
0
0
0
0
0
0
-1600
-1126
341
-1358
-21280
0
0
0
0
0
0
0
0
0
0
0
-2686
-3275
-1595
-1615
-2312
0
0
0
0
0
0
0
0
0
0
0
-2734
-1106
243
-2360
-20874
0
0
0
0
0
0
0
0
0
0
0
-3238
-4224
-2507
-1230
-3053
0
0
0
0
0
0
0
0
0
0
0
-1265
-2183
-2192
-2809
-25620
0
0
0
0
0
0
0
0
0
0
0
-3683
-4759
-5301
-643
-4092
0
0
0
0
0
0
0
0
0
0
0
421
-5126
-2230
-3949
-19709
0
0
0
0
0
0
0
0
0
0
0
-2368
-2331
-2851
-1453
-3654
0
0
0
0
0
0
0
0
0
0
0
-2709
-2493
-3661
-3348
-11078
0
0
0
0
0
0
0
0
0
0
0
-1359
-730
-3067
-2294
-2546
0
0
0
0
0
0
0
0
0
0
0
-3154
-1603
-643
-2409
-18186
0
0
0
0
0
0
0
0
0
0
0
-2236
-3168
-4244
-3873
-3808
0
0
0
0
0
0
0
0
0
0
0
-3524
-4164
1453
-3772
-18242
0
0
0
0
0
0
0
0
0
0
0
-2857
-2782
-3247
-4735
-3849
0
0
0
0
0
0
0
0
0
0
0
-1665
-4505
832
-3581
-15460
0
0
0
0
0
0
0
0
0
0
0
-842
-1895
-2765
-1508
-2231
0
0
0
0
0
0
0
0
0
0
0
-2500
-3269
1197
-2355
-13858
0
0
0
0
0
0
0
0
0
0
0
-2874
-2722
-2147
-1175
-2523
0
0
0
0
0
0
0
0
0
0
0
-3133
-3586
2118
-2369
-23758
0
0
0
0
0
0
0
0
0
0
0
-3497
-2490
-4156
-428
-3420
0
0
0
0
0
0
0
0
0
0
0
-116
-5143
-1773
-3135
-24888
0
0
0
0
0
0
0
0
0
0
0
-3876
-1617
-5858
2321
-3841
0
0
0
0
0
0
0
0
0
0
0
-1223
-5058
-4810
-3652
-18015
0
0
0
0
0
0
0
0
0
0
0
-3247
-451
-3879
98
-3447
0
0
0
0
0
0
0
0
0
0
0
-3164
-3218
-3739
-3225
-16695
0
0
0
0
0
0
0
0
0
0
0
-2826
-2583
-3685
-3906
-3348
0
0
0
0
0
0
0
0
0
0
0
-2827
-2375
1028
-3118
-15840
0
0
0
0
0
0
0
0
0
0
0
-2283
-2662
-3606
-4020
-3413
0
0
0
0
0
0
0
0
0
0
0
-1987
-3434
781
-3250
-19646
0
0
0
0
0
0
0
0
0
0
0
-1706
-1089
-2144
-2429
-2399
0
0
0
0
0
0
0
0
0
0
0
-948
-3144
-470
-2147
-23425
0
0
0
0
0
0
0
0
0
0
0
-1509
-1100
-4144
-1682
-3144
0
0
0
0
0
0
0
0
0
0
0
-3383
-3897
-201
-3129
-14759
0
0
0
0
0
0
0
0
0
0
0
-3247
-256
-3854
-1151
-3068
0
0
0
0
0
0
0
0
0
0
0
-2927
-4540
485
-2857
-17574
0
0
0
0
0
0
0
0
0
0
0
-4927
-118
-5112
301
-3934
0
0
0
0
0
0
0
0
0
0
0
-992
-5096
-3971
-3807
-13036
0
0
0
0
0
0
0
0
0
0
0
-4011
-817
-6425
1989
-3608
0
0
0
0
0
0
0
0
0
0
0
-1228
-4601
-3743
-3394
-18344
0
0
0
0
0
0
0
0
0
0
0
-3647
-2781
-6024
1641
-3702
0
0
0
0
0
0
0
0
0
0
0
-3815
-2691
-2121
-3561
-22710
0
0
0
0
0
0
0
0
0
0
0
-2497
-3623
-3739
-1374
-2536
0
0
0
0
0
0
0
0
0
0
0
-2268
-695
155
-2259
-23498
0
0
0
0
0
0
0
0
0
0
0
-1799
-1788
-2941
-2132
-2138
0
0
0
0
0
0
0
0
0
0
0
-1045
-2901
181
-2109
-16177
0
0
0
0
0
0
0
0
0
0
0
-1627
506
-2352
-1241
-2052
0
0
0
0
0
0
0
0
0
0
0
-2359
-2470
-424
-1786
-19067
0
0
0
0
0
0
0
0
0
0
0
-1936
-430
-4422
-1734
-3175
0
0
0
0
0
0
0
0
0
0
0
-2006
-5109
-179
-2848
-16414
0
0
0
0
0
0
0
0
0
0
0
-2277
-538
-3798
-505
-2803
0
0
0
0
0
0
0
0
0
0
0
-1909
-5168
-714
-2391
-21439
0
0
0
0
0
0
0
0
0
0
0
-2755
-988
-4040
1688
-2792
0
0
0
0
0
0
0
0
0
0
0
-1802
-3391
-3386
-2610
-19212
0
0
0
0
0
0
0
0
0
0
0
-2113
-1200
-4551
1376
-2374
0
0
0
0
0
0
0
0
0
0
0
-2406
-3413
-1115
-2270
-20993
0
0
0
0
0
0
0
0
0
0
0
-2870
-3149
-5225
226
-3344
0
0
0
0
0
0
0
0
0
0
0
-3400
-1273
-1258
-3302
-17790
0
0
0
0
0
0
0
0
0
0
0
-1963
-3423
-4280
1245
-2312
0
0
0
0
0
0
0
0
0
0
0
-3140
-32
-1697
-2395
-20670
0
0
0
0
0
0
0
0
0
0
0
-1481
-1400
-2937
399
-1919
0
0
0
0
0
0
0
0
0
0
0
-2612
-2903
-665
-2113
-19351
0
0
0
0
0
0
0
0
0
0
0
-1875
804
-2690
-333
-2267
0
0
0
0
0
0
0
0
0
0
0
-2595
-4035
-399
-2122
-16247
0
0
0
0
0
0
0
0
0
0
0
-1962
-2351
-5429
-2412
-3715
0
0
0
0
0
0
0
0
0
0
0
-392
-5736
-881
-3384
-16645
0
0
0
0
0
0
0
0
0
0
0
-1543
-2393
-4182
-110
-3234
0
0
0
0
0
0
0
0
0
0
0
-1223
-5062
-2522
-3048
-18690
0
0
0
0
0
0
0
0
0
0
0
-1720
-1818
-1947
220
-2831
0
0
0
0
0
0
0
0
0
0
0
-2114
-3373
-4307
-2804
-18457
0
0
0
0
0
0
0
0
0
0
0
-2561
-3113
-3468
-1475
-3508
0
0
0
0
0
0
0
0
0
0
0
-1769
-3909
-1690
-3259
-14658
0
0
0
0
0
0
0
0
0
0
0
-2831
-1393
-4047
-1950
-3225
0
0
0
0
0
0
0
0
0
0
0
-2915
-2012
-1019
-3100
-23534
0
0
0
0
0
0
0
0
0
0
0
-2666
-212
-1628
27
-2084
0
0
0
0
0
0
0
0
0
0
0
-2709
-1703
-2401
-1987
-19867
0
0
0
0
0
0
0
0
0
0
0
-2465
-1774
-2126
-1241
-3142
0
0
0
0
0
0
0
0
0
0
0
-2971
-5078
-858
-3291
-19254
0
0
0
0
0
0
0
0
0
0
0
-2818
-1789
-3105
-3330
-3648
0
0
0
0
0
0
0
0
0
0
0
-1291
-6213
609
-3575
-12165
0
0
0
0
0
0
0
0
0
0
0
-1037
-2960
-5015
-1043
-2781
0
0
0
0
0
0
0
0
0
0
0
-1024
-2232
-2526
-2805
-22308
0
0
0
0
0
0
0
0
0
0
0
-1492
-1380
-3353
-62
-2525
0
0
0
0
0
0
0
0
0
0
0
-964
-2974
-4726
-2588
-20594
0
0
0
0
0
0
0
0
0
0
0
-2100
-2801
-2618
716
-3599
0
0
0
0
0
0
0
0
0
0
0
-3288
-2509
-6950
-3594
-16957
0
0
0
0
0
0
0
0
0
0
0
-2186
-4615
-3720
-482
-4556
0
0
0
0
0
0
0
0
0
0
0
-2363
-4637
-5011
-4486
-14185
0
0
0
0
0
0
0
0
0
0
0
-2178
-53
-2743
-1610
-2692
0
0
0
0
0
0
0
0
0
0
0
-1882
-3161
-1940
-2354
-22855
0
0
0
0
0
0
0
0
0
0
0
-2964
60
-1118
-1451
-2543
0
0
0
0
0
0
0
0
0
0
0
-2889
-3731
-1955
-2547
-22548
0
0
0
0
0
0
0
0
0
0
0
-5113
-3291
-2707
-5246
-4824
0
0
0
0
0
0
0
0
0
0
0
344
-8433
-1118
-5131
-9952
0
0
0
0
0
0
0
0
0
0
0
-4582
-3651
-4331
-5737
-4974
0
0
0
0
0
0
0
0
0
0
0
1521
-7400
-1444
-4980
-14372
0
0
0
0
0
0
0
0
0
0
0
-1691
-2899
-2159
-163
-2046
0
0
0
0
0
0
0
0
0
0
0
-1187
-1713
-1797
-2070
-16908
0
0
0
0
0
0
0
0
0
0
0
-2125
-3833
-2067
-1246
-3174
0
0
0
0
0
0
0
0
0
0
0
447
-4668
-4760
-3364
-14840
0
0
0
0
0
0
0
0
0
0
0
-1418
-3555
-1762
-326
-2590
0
0
0
0
0
0
0
0
0
0
0
-103
-2973
-4363
-2573
-20729
0
0
0
0
0
0
0
0
0
0
0
-1356
-3283
-2428
355
-2331
0
0
0
0
0
0
0
0
0
0
0
-624
-3057
-2353
-2265
-19728
0
0
0
0
0
0
0
0
0
0
0
-1272
-1572
-2578
34
-1865
0
0
0
0
0
0
0
0
0
0
0
-1877
-3832
846
-1817
-13371
0
0
0
0
0
0
0
0
0
0
0
-2283
-1883
-1399
-1217
-1827
0
0
0
0
0
0
0
0
0
0
0
-2042
-3008
1310
-1974
-16338
0
0
0
0
0
0
0
0
0
0
0
-4367
-3623
-1663
-3778
-3594
0
0
0
0
0
0
0
0
0
0
0
215
-6269
28
-3857
-20477
0
0
0
0
0
0
0
0
0
0
0
-4146
-2980
-4037
-4021
-3383
0
0
0
0
0
0
0
0
0
0
0
644
-4696
881
-3305
-18664
0
0
0
0
0
0
0
0
0
0
0
0
0
0
0
0
0
0
0
0
0
0
0
0
0
0
0
0
0
0
0
0
0
0
0
0
0
0
0
0
0
0
0
0
0
0
0
0
0
0
0
0
0
0
0
0
0
0
0
0
0
0
0
0
0
0
0
0
0
0
0
0
0
0
0
0
0
0
0
0
0
0
0
0
0
0
0
0
0
0
0
0
0
0
0
0
0
0
0
0
0
0
0
0
0
0
0
0
0
0
0
0
0
0
0
0
0
0
0
0
0
0
0
0
0
0
0
0
0
0
0
0
0
0
0
0
0
0
0
0
0
0
0
0
0
0
0
0
0
0
0
0
0
0
0
0
0
0
0
0
0
0
0
0
0
0
0
0
0
0
0
0
0
0
0
0
0
0
0
0
0
0
0
0
0
0
0
0
0
0
0
0
0
0
0
0
0
0
0
0
0
0
0
0
0
0
0
0
0
0
0
0
0
0
0
0
0
0
0
0
0
0
0
0
0
0
0
0
0
0
0
0
0
0
0
0
0
0
0
0
0
0
0
0
0
0
0
0
0
0
0
0
0
0
0
0
0
0
0
0
0
0
0
0
0
0
0
0
0
0
0
0
0
0
0
0
0
0
0
0
0
0
0
0
0
0
0
0
0
0
0
0
0
0
0
0
0
0
0
0
0
0
0
0
0
0
0
0
0
0
0
0
0
0
0
0
0
0
0
0
0
0
0
0
0
0
0
0
0
0
0
0
0
0
0
0
0
0
0
0
0
0
0
0
0
0
0
0
0
0
0
0
0
0
0
0
0
0
0
0
0
0
0
0
0
0
0
0
0
0
0
0
0
0
0
0
0
0
0
0
0
0
0
0
0
0
0
0
0
0
0
0
0
0
0
0
0
0
0
0
0
0
0
0
0
0
0
0
0
0
0
0
0
0
0
0
0
0
0
0
0
0
0
0
0
0
0
0
0
0
0
0
0
0
0
0
0
0
0
0
0
0
0
0
0
0
0
0
0
0
0
0
0
0
0
0
0
0
0
0
0
0
0
0
0
0
0
0
0
0
0
0
0
0
0
0
0
0
0
0
0
0
0
0
0
0
0
0
0
0
0
0
0
0
0
0
0
0
0
0
0
0
0
0
0
0
0
0
0
0
0
0
0
0
0
0
0
0
0
0
0
0
0
0
0
0
0
0
0
0
0
0
0
0
0
0
0
0
0
0
0
0
0
0
0
0
0
0
0
0
0
0
0
0
0
0
0
0
0
0
0
0
0
0
0
0
0
0
0
0
0
0
0
0
0
0
0
0
0
0
0
0
0
0
0
0
0
0
0
0
0
0
0
0
0
0
0
0
0
0
0
0
0
0
0
0
0
0
0
0
0
0
0
0
0
0
0
0
0
0
0
0
0
0
0
0
0
0
0
0
0
0
0
0
0
0
0
0
0
0
0
0
0
0
0
0
0
0
0
0
0
0
0
0
0
0
0
0
0
0
0
0
0
0
0
0
0
0
0
0
0
0
0
0
0
0
0
0
0
0
0
0
0
0
0
0
0
0
0
0
0
0
0
0
0
0
0
0
0
0
0
0
0
0
0
0
0
0
0
0
0
0
0
0
0
0
0
0
0
0
0
0
0
0
0
0
0
0
0
0
0
0
0
0
0
0
0
0
0
0
0
0
0
0
0
0
0
0
0
0
0
0
0
0
0
0
0
0
0
0
0
0
0
0
0
0
0
0
0
0
0
0
0
0
0
0
0
0
0
0
0
0
0
0
0
0
0
0
0
0
0
0
0
0
0
0
0
0
0
0
0
0
0
0
0
0
0
0
0
0
0
0
0
0
0
0
0
0
0
0
0
0
0
0
0
0
0
0
0
0
0
0
0
0
0
0
0
0
0
0
0
0
0
0
0
0
0
0
0
0
0
0
0
0
0
0
0
0
0
0
0
0
0
0
0
0
0
0
0
0
0
0
0
0
0
0
0
0
0
0
0
0
0
0
0
0
0
0
0
0
0
0
0
0
0
0
0
0
0
0
0
0
0
0
0
0
0
0
0
0
0
0
0
0
0
0
0
0
0
0
0
0
0
0
0
0
0
0
0
0
0
0
0
0
0
0
0
0
0
0
0
0
0
0
0
0
0
0
0
0
0
0
0
0
0
0
0
0
0
0
0
0
0
0
0
0
0
0
0
0
0
0
0
0
0
0
0
0
0
0
0
0
0
0
0
0
0
0
0
0
0
0
0
0
0
0
0
0
0
0
0
0
0
0
0
0
0
0
0
0
0
0
0
0
0
0
0
0
0
0
0
0
0
0
0
0
0
0
0
0
0
0
0
0
0
0
0
0
0
0
0
0
0
0
0
0
0
0
0
0
0
0
0
0
0
0
0
0
0
0
0
0
0
0
0
0
0
0
0
0
0
0
0
0
0
0
0
0
0
0
0
0
0
0
0
0
0
0
0
0
0
0
0
0
0
0
0
0
0
0
0
0
0
0
0
0
0
0
0
0
0
0
0
0
0
0
0
0
0
0
0
0
0
0
0
0
0
0
0
0
0
0
0
0
0
0
0
0
0
0
0
0
0
0
0
0
0
0
0
0
0
0
0
0
0
0
0
0
0
0
0
0
0
0
0
0
0
0
0
0
0
0
0
0
0
0
0
0
0
0
0
0
0
0
0
0
0
0
0
0
0
0
0
0
0
0
0
0
0
0
0
0
0
0
0
0
0
0
0
0
0
0
0
0
0
0
0
0
0
0
0
0
0
0
0
0
0
0
0
0
0
0
0
0
0
0
0
0
0
0
0
0
0
0
0
0
0
0
0
0
0
0
0
0
0
0
0
0
0
0
0
0
0
0
0
0
0
0
0
0
0
0
0
0
0
0
0
0
0
0
0
0
0
0
0
0
0
0
0
0
0
0
0
0
0
0
0
0
0
0
0
0
0
0
0
0
0
0
0
0
0
0
0
0
0
0
0
0
0
0
0
0
0
0
0
0
0
0
0
0
0
0
0
0
0
0
0
0
0
0
0
0
0
0
0
0
0
0
0
0
0
0
0
0
0
0
0
0
0
0
0
0
0
0
0
0
0
0
0
0
0
0
0
0
0
0
0
0
0
0
0
0
0
0
0
0
0
0
0
0
0
0
0
0
0
0
0
0
0
0
0
0
0
0
0
0
0
0
0
0
0
0
0
0
0
0
0
0
0
0
0
0
0
0
0
0
0
0
0
0
0
0
0
0
0
0
0
0
0
0
0
0
0
0
0
0
0
0
0
0
0
0
0
0
0
0
0
0
0
0
0
0
0
0
0
0
0
0
0
0
0
0
0
0
0
0
0
0
0
0
0
0
0
0
0
0
0
0
0
0
0
0
0
0
0
0
0
0
0
0
0
0
0
0
0
0
0
0
0
0
0
0
0
0
0
0
0
0
0
0
0
0
0
0
0
0
0
0
0
0
0
0
0
0
0
0
0
0
0
0
0
0
0
0
0
0
0
0
0
0
0
0
0
0
0
0
0
0
0
0
0
0
0
0
0
0
0
0
0
0
0
0
0
0
0
0
0
0
0
0
0
0
0
0
0
0
0
0
0
0
0
0
0
0
0
0
0
0
0
0
0
0
0
0
0
0
0
0
0
0
0
0
0
0
0
0
0
0
0
0
0
0
0
0
0
0
0
0
0
0
0
0
0
0
0
0
0
0
0
0
0
0
0
0
0
0
0
0
0
0
0
0
0
0
0
0
0
0
0
0
0
0
0
0
0
0
0
0
0
0
0
0
0
0
0
0
0
0
0
0
0
0
0
0
0
0
0
0
0
0
0
0
0
0
0
0
0
0
0
0
0
0
0
0
0
0
0
0
0
0
0
0
0
0
0
0
0
0
0
0
0
0
0
0
0
0
0
0
0
0
0
0
0
0
0
0
0
0
0
0
0
0
0
0
0
0
0
0
0
0
0
0
0
0
0
0
0
0
0
0
0
0
0
0
0
0
0
0
0
0
0
0
0
0
0
0
0
0
0
0
0
0
0
0
0
0
0
0
0
0
0
0
0
0
0
0
0
0
0
0
0
0
0
0
0
0
0
0
0
0
0
0
0
0
0
0
0
0
0
0
0
0
0
0
0
0
0
0
0
0
0
0
0
0
0
0
0
0
0
0
0
0
0
0
0
0
0
0
0
0
0
0
0
0
0
0
0
0
0
0
0
0
0
0
0
0
0
0
0
0
0
0
0
0
0
0
0
0
0
0
0
0
0
0
0
0
0
0
0
0
0
0
0
0
0
0
0
0
0
0
0
0
0
0
0
0
0
0
0
0
0
0
0
0
0
0
0
0
0
0
0
0
0
0
0
0
0
0
0
0
0
0
0
0
0
0
0
0
0
0
0
0
0
0
0
0
0
0
0
0
0
0
0
0
0
0
0
0
0
0
0
0
0
0
0
0
0
0
0
0
0
0
0
0
0
0
0
0
0
0
0
0
0
0
0
0
0
0
0
0
0
0
0
0
0
0
0
0
0
0
0
0
0
0
0
0
0
0
0
0
0
0
0
0
0
0
0
0
0
0
0
0
0
0
0
0
0
0
0
0
0
0
0
0
0
0
0
0
0
0
0
0
0
0
0
0
0
0
0
0
0
0
0
0
0
0
0
0
0
0
0
0
0
0
0
0
0
0
0
0
0
0
0
0
0
0
0
0
0
0
0
0
0
0
0
0
0
0
0
0
0
0
0
0
0
0
0
0
0
0
0
0
0
0
0
0
0
0
0
0
0
0
0
0
0
0
0
0
0
0
0
0
0
0
0
0
0
0
0
0
0
0
0
0
0
0
0
0
0
0
0
0
0
0
0
0
0
0
0
0
0
0
0
0
0
0
0
0
0
0
0
0
0
0
0
0
0
0
0
0
0
0
0
0
0
0
0
0
0
0
0
0
0
0
0
0
0
0
0
0
0
0
0
0
0
0
0
0
0
0
0
0
0
0
0
0
0
0
0
0
0
0
0
0
0
0
0
0
0
0
0
0
0
0
0
0
0
0
0
0
0
0
0
0
0
0
0
0
0
0
0
0
0
0
0
0
0
0
0
0
0
0
0
0
0
0
0
0
0
0
0
0
0
0
0
0
0
0
0
0
0
0
0
0
0
0
0
0
0
0
0
0
0
0
0
0
0
0
0
0
0
0
0
0
0
0
0
0
0
0
0
0
0
0
0
0
0
0
0
0
0
0
0
0
0
0
0
0
0
0
0
0
0
0
0
0
0
0
0
0
0
0
0
0
0
0
0
0
0
0
0
0
0
0
0
0
0
0
0
0
0
0
0
0
0
0
0
0
0
0
0
0
0
0
0
0
0
0
0
0
0
0
0
0
0
0
0
0
0
0
0
0
0
0
0
0
0
0
0
0
0
0
0
0
0
0
0
0
0
0
0
0
0
0
0
0
0
0
0
0
0
0
0
0
0
0
0
0
0
0
0
0
0
0
0
0
0
0
0
0
0
0
0
0
0
0
0
0
0
0
0
0
0
0
0
0
0
0
0
0
0
0
0
0
0
0
0
0
0
0
0
0
0
0
0
0
0
0
0
0
0
0
0
0
0
0
0
0
0
0
0
0
0
0
0
0
0
0
0
0
0
0
0
0
0
0
0
0
0
0
0
0
0
0
0
0
0
0
0
0
0
0
0
0
0
0
0
0
0
0
0
0
0
0
0
0
0
0
0
0
0
0
0
0
0
0
0
0
0
0
0
0
0
0
0
0
0
0
0
0
0
0
0
0
0
0
0
0
0
0
0
0
0
0
0
0
0
0
0
0
0
0
0
0
0
0
0
0
0
0
0
0
0
0
0
0
0
0
0
0
0
0
0
0
0
0
0
0
0
0
0
0
0
0
0
0
0
0
0
0
0
0
0
0
0
0
0
0
0
0
0
0
0
0
0
0
0
0
0
0
0
0
0
0
0
0
0
0
0
0
0
0
0
0
0
0
0
0
0
0
0
0
0
0
0
0
0
0
0
0
0
0
0
0
0
0
0
0
0
0
0
0
0
0
0
0
0
0
0
0
0
0
0
0
0
0
0
0
0
0
0
0
0
0
0
0
0
0
0
0
0
0
0
0
0
0
0
0
0
0
0
0
0
0
0
0
0
0
0
0
0
0
0
0
0
0
0
0
0
0
0
0
0
0
0
0
0
0
0
0
0
0
0
0
0
0
0
0
0
0
0
0
0
0
0
0
0
0
0
0
0
0
0
0
0
0
0
0
0
0
0
0
0
0
0
0
0
0
0
0
0
0
0
0
0
0
0
0
0
0
0
0
0
0
0
0
0
0
0
0
0
0
0
0
0
0
0
0
0
0
0
0
0
0
0
0
0
0
0
0
0
0
0
0
0
0
0
0
0
0
0
0
0
0
0
0
0
0
0
0
0
0
0
0
0
0
0
0
0
0
0
0
0
0
0
0
0
0
0
0
0
0
0
0
0
0
0
0
0
0
0
0
0
0
0
0
0
0
0
0
0
0
0
0
0
0
0
0
0
0
0
0
0
0
0
0
0
0
0
0
0
0
0
0
0
0
0
0
0
0
0
0
0
0
0
0
0
0
0
0
0
0
0
0
0
0
0
0
0
0
0
0
0
0
0
0
0
0
0
0
0
0
0
0
0
0
0
0
0
0
0
0
0
0
0
0
0
0
0
0
0
0
0
0
0
0
0
0
0
0
0
0
0
0
0
0
0
0
0
0
0
0
0
0
0
0
0
0
0
0
0
0
0
0
0
0
0
0
0
0
0
0
0
0
0
0
0
0
0
0
0
0
0
0
0
0
0
0
0
0
0
0
0
0
0
0
0
0
0
0
0
0
0
0
0
0
0
0
0
0
0
0
0
0
0
0
0
0
0
0
0
0
0
0
0
0
0
0
0
0
0
0
0
0
0
0
0
0
0
0
0
0
0
0
0
0
0
0
0
0
0
0
0
0
0
0
0
0
0
0
0
0
0
0
0
0
0
0
0
0
0
0
0
0
0
0
0
0
0
0
0
0
0
0
0
0
0
0
0
0
0
0
0
0
0
0
0
0
0
0
0
0
0
0
0
0
0
0
0
0
0
0
0
0
0
0
0
0
0
0
0
0
0
0
0
0
0
0
0
0
0
0
0
0
0
0
0
0
0
0
0
0
0
0
0
0
0
0
0
0
0
0
0
0
0
0
0
0
0
0
0
0
0
0
0
0
0
0
0
0
0
0
0
0
0
0
0
0
0
0
0
0
0
0
0
0
0
0
0
0
0
0
0
0
0
0
0
0
0
0
0
0
0
0
0
0
0
0
0
0
0
0
0
0
0
0
0
0
0
0
0
0
0
0
0
0
0
0
0
0
0
0
0
0
0
0
0
0
0
0
0
0
0
0
0
0
0
0
0
0
0
0
0
0
0
0
0
0
0
0
0
0
0
0
0
0
0
0
0
0
0
0
0
0
0
0
0
0
0
0
0
0
0
0
0
0
0
0
0
0
0
0
0
0
0
0
0
0
0
0
0
0
0
0
0
0
0
0
0
0
0
0
0
0
0
0
0
0
0
0
0
0
0
0
0
0
0
0
0
0
0
0
0
0
0
0
0
0
0
0
0
0
0
0
0
0
0
0
0
0
0
0
0
0
0
0
0
0
0
0
0
0
0
0
0
0
0
0
0
0
0
0
0
0
0
0
0
0
0
0
0
0
0
0
0
0
0
0
0
0
0
0
0
0
0
0
0
0
0
0
0
0
0
0
0
0
0
0
0
0
0
0
0
0
0
0
0
0
0
0
0
0
0
0
0
0
0
0
0
0
0
0
0
0
0
0
0
0
0
0
0
0
0
0
0
0
0
0
0
0
0
0
0
0
0
0
0
0
0
0
0
0
0
0
0
0
0
0
0
0
0
0
0
0
0
0
0
0
0
0
0
0
0
0
0
0
0
0
0
0
0
0
0
0
0
0
0
0
0
0
0
0
0
0
0
0
0
0
0
0
0
0
0
0
0
0
0
0
0
0
0
0
0
0
0
0
0
0
0
0
0
0
0
0
0
0
0
0
0
0
0
0
0
0
0
0
0
0
0
0
0
0
0
0
0
0
0
0
0
0
0
0
0
0
0
0
0
0
0
0
0
0
0
0
0
0
0
0
0
0
0
0
0
0
0
0
0
0
0
0
0
0
0
0
0
0
0
0
0
0
0
0
0
0
0
0
0
0
0
0
0
0
0
0
0
0
0
0
0
0
0
0
0
0
0
0
0
0
0
0
0
0
0
0
0
0
0
0
0
0
0
0
0
0
0
0
0
0
0
0
0
0
0
0
0
0
0
0
0
0
0
0
0
0
0
0
0
0
0
0
0
0
0
0
0
0
0
0
0
0
0
0
0
0
0
0
0
0
0
0
0
0
0
0
0
0
0
0
0
0
0
0
0
0
0
0
0
0
0
0
0
0
0
0
0
0
0
0
0
0
0
0
0
0
0
0
0
0
0
0
0
0
0
0
0
0
0
0
0
0
0
0
0
0
0
0
0
0
0
0
0
0
0
0
0
0
0
0
0
0
0
0
0
0
0
0
0
0
0
0
0
0
0
0
0
0
0
0
0
0
0
0
0
0
0
0
0
0
0
0
0
0
0
0
0
0
0
0
0
0
0
0
0
0
0
0
0
0
0
0
0
0
0
0
0
0
0
0
0
0
0
0
0
0
0
0
0
0
0
0
0
0
0
0
0
0
0
0
0
0
0
0
0
0
0
0
0
0
0
0
0
0
0
0
0
0
0
0
0
0
0
0
0
0
0
0
0
0
0
0
0
0
0
0
0
0
0
0
0
0
0
0
0
0
0
0
0
0
0
0
0
0
0
0
0
0
0
0
0
0
0
0
0
0
0
0
0
0
0
0
0
0
0
0
0
0
0
0
0
0
0
0
0
0
0
0
0
0
0
0
0
0
0
0
0
0
0
0
0
0
0
0
0
0
0
0
0
0
0
0
0
0
0
0
0
0
0
0
0
0
0
0
0
0
0
0
0
0
0
0
0
0
0
0
0
0
0
0
0
0
0
0
0
0
0
0
0
0
0
0
0
0
0
0
0
0
0
0
0
0
0
0
0
0
0
0
0
0
0
0
0
0
0
0
0
0
0
0
0
0
0
0
0
0
0
0
0
0
0
0
0
0
0
0
0
0
0
0
0
0
0
0
0
0
0
0
0
0
0
0
0
0
0
0
0
0
0
0
0
0
0
0
0
0
0
0
0
0
0
0
0
0
0
0
0
0
0
0
0
0
0
0
0
0
0
0
0
0
0
0
0
0
0
0
0
0
0
0
0
0
0
0
0
0
0
0
0
0
0
0
0
0
0
0
0
0
0
0
0
0
0
0
0
0
0
0
0
0
0
0
0
0
0
0
0
0
0
0
0
0
0
0
0
0
0
0
0
0
0
0
0
0
0
0
0
0
0
0
0
0
0
0
0
0
0
0
0
0
0
0
0
0
0
0
0
0
0
0
0
0
0
0
0
0
0
0
0
0
0
0
0
0
0
0
0
0
0
0
0
0
0
0
0
0
0
0
0
0
0
0
0
0
0
0
0
0
0
0
0
0
0
0
0
0
0
0
0
0
0
0
0
0
0
0
0
0
0
0
0
0
0
0
0
0
0
0
0
0
0
0
0
0
0
0
0
0
0
0
0
0
0
0
0
0
0
0
0
0
0
0
0
0
0
0
0
0
0
0
0
0
0
0
0
0
0
0
0
0
0
0
0
0
0
0
0
0
0
0
0
0
0
0
0
0
0
0
0
0
0
0
0
0
0
0
0
0
0
0
0
0
0
0
0
0
0
0
0
0
0
0
0
0
0
0
0
0
0
0
0
0
0
0
0
0
0
0
0
0
0
0
0
0
0
0
0
0
0
0
0
0
0
0
0
0
0
0
0
0
0
0
0
0
0
0
0
0
0
0
0
0
0
0
0
0
0
0
0
0
0
0
0
0
0
0
0
0
0
0
0
0
0
0
0
0
0
0
0
0
0
0
0
0
0
0
0
0
0
0
0
0
0
0
0
0
0
0
0
0
0
0
0
0
0
0
0
0
0
0
0
0
0
0
0
0
0
0
0
0
0
0
0
0
0
0
0
0
0
0
0
0
0
0
0
0
0
0
0
0
0
0
0
0
0
0
0
0
0
0
0
0
0
0
0
0
0
0
0
0
0
0
0
0
0
0
0
0
0
0
0
0
0
0
0
0
0
0
0
0
0
0
0
0
0
0
0
0
0
0
0
0
0
0
0
0
0
0
0
0
0
0
0
0
0
0
0
0
0
0
0
0
0
0
0
0
0
0
0
0
0
0
0
0
0
0
0
0
0
0
0
0
0
0
0
0
0
0
0
0
0
0
0
0
0
0
0
0
0
0
0
0
0
0
0
0
0
0
0
0
0
0
0
0
0
0
0
0
0
0
0
0
0
0
0
0
0
0
0
0
0
0
0
0
0
0
0
0
0
0
0
0
0
0
0
0
0
0
0
0
0
0
0
0
0
0
0
0
0
0
0
0
0
0
0
0
0
0
0
0
0
0
0
0
0
0
0
0
0
0
0
0
0
0
0
0
0
0
0
0
0
0
0
0
0
0
0
0
0
0
0
0
0
0
0
0
0
0
0
0
0
0
0
0
0
0
0
0
0
0
0
0
0
0
0
0
0
0
0
0
0
0
0
0
0
0
0
0
0
0
0
0
0
0
0
0
0
0
0
0
0
0
0
0
0
0
0
0
0
0
0
0
0
0
0
0
0
0
0
0
0
0
0
0
0
0
0
0
0
0
0
0
0
0
0
0
0
0
0
0
0
0
0
0
0
0
0
0
0
0
0
0
0
0
0
0
0
0
0
0
0
0
0
0
0
0
0
0
0
0
0
0
0
0
0
0
0
0
0
0
0
0
0
0
0
0
0
0
0
0
0
0
0
0
0
0
0
0
0
0
0
0
0
0
0
0
0
0
0
0
0
0
0
0
0
0
0
0
0
0
0
0
0
0
0
0
0
0
0
0
0
0
0
0
0
0
0
0
0
0
0
0
0
0
0
0
0
0
0
0
0
0
0
0
0
0
0
0
0
0
0
0
0
0
0
0
0
0
0
0
0
0
0
0
0
0
0
0
0
0
0
0
0
0
0
0
0
0
0
0
0
0
0
0
0
0
0
0
0
0
0
0
0
0
0
0
0
0
0
0
0
0
0
0
0
0
0
0
0
0
0
0
0
0
0
0
0
0
0
0
0
0
0
0
0
0
0
0
0
0
0
0
0
0
0
0
0
0
0
0
0
0
0
0
0
0
0
0
0
0
0
0
0
0
0
0
0
0
0
0
0
0
0
0
0
0
0
0
0
0
0
0
0
0
0
0
0
0
0
0
0
0
0
0
0
0
0
0
0
0
0
0
0
0
0
0
0
0
0
0
0
0
0
0
0
0
0
0
0
0
0
0
0
0
0
0
0
0
0
0
0
0
0
0
0
0
0
0
0
0
0
0
0
0
0
0
0
0
0
0
0
0
0
0
0
0
0
0
0
0
0
0
0
0
0
0
0
0
0
0
0
0
0
0
0
0
0
0
0
0
0
0
0
0
0
0
0
0
0
0
0
0
0
0
0
0
0
0
0
0
0
0
0
0
0
0
0
0
0
0
0
0
0
0
0
0
0
0
0
0
0
0
0
0
0
0
0
0
0
0
0
0
0
0
0
0
0
0
0
0
0
0
0
0
0
0
0
0
0
0
0
0
0
0
0
0
0
0
0
0
0
0
0
0
0
0
0
0
0
0
0
0
0
0
0
0
0
0
0
0
0
0
0
0
0
0
0
0
0
0
0
0
0
0
0
0
0
0
0
0
0
0
0
0
0
0
0
0
0
0
0
0
0
0
0
0
0
0
0
0
0
0
0
0
0
0
0
0
0
0
0
0
0
0
0
0
0
0
0
0
0
0
0
0
0
0
0
0
0
0
0
0
0
0
0
0
0
0
0
0
0
0
0
0
0
0
0
0
0
0
0
0
0
0
0
0
0
0
0
0
0
0
0
0
0
0
0
0
0
0
0
0
0
0
0
0
0
0
0
0
0
0
0
0
0
0
0
0
0
0
0
0
0
0
0
0
0
0
0
0
0
0
0
0
0
0
0
0
0
0
0
0
0
0
0
0
0
0
0
0
0
0
0
0
0
0
0
0
0
0
0
0
0
0
0
0
0
0
0
0
0
0
0
0
0
0
0
0
0
0
0
0
0
0
0
0
0
0
0
0
0
0
0
0
0
0
0
0
0
0
0
0
0
0
0
0
0
0
0
0
0
0
0
0
0
0
0
0
0
0
0
0
0
0
0
0
0
0
0
0
0
0
0
0
0
0
0
0
0
0
0
0
0
0
0
0
0
0
0
0
0
0
0
0
0
0
0
0
0
0
0
0
0
0
0
0
0
0
0
0
0
0
0
0
0
0
0
0
0
0
0
0
0
0
0
0
0
0
0
0
0
0
0
0
0
0
0
0
0
0
0
0
0
0
0
0
0
0
0
0
0
0
0
0
0
0
0
0
0
0
0
0
0
0
0
0
0
0
0
0
0
0
0
0
0
0
0
0
0
0
0
0
0
0
0
0
0
0
0
0
0
0
0
0
0
0
0
0
0
0
0
0
0
0
0
0
0
0
0
0
0
0
0
0
0
0
0
0
0
0
0
0
0
0
0
0
0
0
0
0
0
0
0
0
0
0
0
0
0
0
0
0
0
0
0
0
0
0
0
0
0
0
0
0
0
0
0
0
0
0
0
0
0
0
0
0
0
0
0
0
0
0
0
0
0
0
0
0
0
0
0
0
0
0
0
0
0
0
0
0
0
0
0
0
0
0
0
0
0
0
0
0
0
0
0
0
0
0
0
0
0
0
0
0
0
0
0
0
0
0
0
0
0
0
0
0
0
0
0
0
0
0
0
0
0
0
0
0
0
0
0
0
0
0
0
0
0
0
0
0
0
0
0
0
0
0
0
0
0
0
0
0
0
0
0
0
0
0
0
0
0
0
0
0
0
0
0
0
0
0
0
0
0
0
0
0
0
0
0
0
0
0
0
0
0
0
0
0
0
0
0
0
0
0
0
0
0
0
0
0
0
0
0
0
0
0
0
0
0
0
0
0
0
0
0
0
0
0
0
0
0
0
0
0
0
0
0
0
0
0
0
0
0
0
0
0
0
0
0
0
0
0
0
0
0
0
0
0
0
0
0
0
0
0
0
0
0
0
0
0
0
0
0
0
0
0
0
0
0
0
0
0
0
0
0
0
0
0
0
0
0
0
0
0
0
0
0
0
0
0
0
0
0
0
0
0
0
0
0
0
0
0
0
0
0
0
0
0
0
0
0
0
0
0
0
0
0
0
0
0
0
0
0
0
0
0
0
0
0
0
0
0
0
0
0
0
0
0
0
0
0
0
0
0
0
0
0
0
0
0
0
0
0
0
0
0
0
0
0
0
0
0
0
0
0
0
0
0
0
0
0
0
0
0
0
0
0
0
0
0
0
0
0
0
0
0
0
0
0
0
0
0
0
0
0
0
0
0
0
0
0
0
0
0
0
0
0
0
0
0
0
0
0
0
0
0
0
0
0
0
0
0
0
0
0
0
0
0
0
0
0
0
0
0
0
0
0
0
0
0
0
0
0
0
0
0
0
0
0
0
0
0
0
0
0
0
0
0
0
0
0
0
0
0
0
0
0
0
0
0
0
0
0
0
0
0
0
0
0
0
0
0
0
0
0
0
0
0
0
0
0
0
0
0
0
0
0
0
0
0
0
0
0
0
0
0
0
0
0
0
0
0
0
0
0
0
0
0
0
0
0
0
0
0
0
0
0
0
0
0
0
0
0
0
0
0
0
0
0
0
0
0
0
0
0
0
0
0
0
0
0
0
0
0
0
0
0
0
0
0
0
0
0
0
0
0
0
0
0
0
0
0
0
0
0
0
0
0
0
0
0
0
0
0
0
0
0
0
0
0
0
0
0
0
0
0
0
0
0
0
0
0
0
0
0
0
0
0
0
0
0
0
0
0
0
0
0
0
0
0
0
0
0
0
0
0
0
0
0
0
0
0
0
0
0
0
0
0
0
0
0
0
0
0
0
0
0
0
0
0
0
0
0
0
0
0
0
0
0
0
0
0
0
0
0
0
0
0
0
0
0
0
0
0
0
0
0
0
0
0
0
0
0
0
0
0
0
0
0
0
0
0
0
0
0
0
0
0
0
0
0
0
0
0
0
0
0
0
0
0
0
0
0
0
0
0
0
0
0
0
0
0
0
0
0
0
0
0
0
0
0
0
0
0
0
0
0
0
0
0
0
0
0
0
0
0
0
0
0
0
0
0
0
0
0
0
0
0
0
0
0
0
0
0
0
0
0
0
0
0
0
0
0
0
0
0
0
0
0
0
0
0
0
0
0
0
0
0
0
0
0
0
0
0
0
0
0
0
0
0
0
0
0
0
0
0
0
0
0
0
0
0
0
0
0
0
0
0
0
0
0
0
0
0
0
0
0
0
0
0
0
0
0
0
0
0
0
0
0
0
0
0
0
0
0
0
0
0
0
0
0
0
0
0
0
0
0
0
0
0
0
0
0
0
0
0
0
0
0
0
0
0
0
0
0
0
0
0
0
0
0
0
0
0
0
0
0
0
0
0
0
0
0
0
0
0
0
0
0
0
0
0
0
0
0
0
0
0
0
0
0
0
0
0
0
0
0
0
0
0
0
0
0
0
0
0
0
0
0
0
0
0
0
0
0
0
0
0
0
0
0
0
0
0
0
0
0
0
0
0
0
0
0
0
0
0
0
0
0
0
0
0
0
0
0
0
0
0
0
0
0
0
0
0
0
0
0
0
0
0
0
0
0
0
0
0
0
0
0
0
0
0
0
0
0
0
0
0
0
0
0
0
0
0
0
0
0
0
0
0
0
0
0
0
0
0
0
0
0
0
0
0
0
0
0
0
0
0
0
0
0
0
0
0
0
0
0
0
0
0
0
0
0
0
0
0
0
0
0
0
0
0
0
0
0
0
0
0
0
0
0
0
0
0
0
0
0
0
0
0
0
0
0
0
0
0
0
0
0
0
0
0
0
0
0
0
0
0
0
0
0
0
0
0
0
0
0
0
0
0
0
0
0
0
0
0
0
0
0
0
0
0
0
0
0
0
0
0
0
0
0
0
0
0
0
0
0
0
0
0
0
0
0
0
0
0
0
0
0
0
0
0
0
0
0
0
0
0
0
0
0
0
0
0
0
0
0
0
0
0
0
0
0
0
0
0
0
0
0
0
0
0
0
0
0
0
0
0
0
0
0
0
0
0
0
0
0
0
0
0
0
0
0
0
0
0
0
0
0
0
0
0
0
0
0
0
0
0
0
0
0
0
0
0
0
0
0
0
0
0
0
0
0
0
0
0
0
0
0
0
0
0
0
0
0
0
0
0
0
0
0
0
0
0
0
0
0
0
0
0
0
0
0
0
0
0
0
0
0
0
0
0
0
0
0
0
0
0
0
0
0
0
0
0
0
0
0
0
0
0
0
0
0
0
0
0
0
0
0
0
0
0
0
0
0
0
0
0
0
0
0
0
0
0
0
0
0
0
0
0
0
0
0
0
0
0
0
0
0
0
0
0
0
0
0
0
0
0
0
0
0
0
0
0
0
0
0
0
0
0
0
0
0
0
0
0
0
0
0
0
0
0
0
0
0
0
0
0
0
0
0
0
0
0
0
0
0
0
0
0
0
0
0
0
0
0
0
0
0
0
0
0
0
0
0
0
0
0
0
0
0
0
0
0
0
0
0
0
0
0
0
0
0
0
0
0
0
0
0
0
0
0
0
0
0
0
0
0
0
0
0
0
0
0
0
0
0
0
0
0
0
0
0
0
0
0
0
0
0
0
0
0
0
0
0
0
0
0
0
0
0
0
0
0
0
0
0
0
0
0
0
0
0
0
0
0
0
0
0
0
0
0
0
0
0
0
0
0
0
0
0
0
0
0
0
0
0
0
0
0
0
0
0
0
0
0
0
0
0
0
0
0
0
0
0
0
0
0
0
0
0
0
0
0
0
0
0
0
0
0
0
0
0
0
0
0
0
0
0
0
0
0
0
0
0
0
0
0
0
0
0
0
0
0
0
0
0
0
0
0
0
0
0
0
0
0
0
0
0
0
0
0
0
0
0
0
0
0
0
0
0
0
0
0
0
0
0
0
0
0
0
0
0
0
0
0
0
0
0
0
0
0
0
0
0
0
0
0
0
0
0
0
0
0
0
0
0
0
0
0
0
0
0
0
0
0
0
0
0
0
0
0
0
0
0
0
0
0
0
0
0
0
0
0
0
0
0
0
0
0
0
0
0
0
0
0
0
0
0
0
0
0
0
0
0
0
0
0
0
0
0
0
0
0
0
0
0
0
0
0
0
0
0
0
0
0
0
0
0
0
0
0
0
0
0
0
0
0
0
0
0
0
0
0
0
0
0
0
0
0
0
0
0
0
0
0
0
0
0
0
0
0
0
0
0
0
0
0
0
0
0
0
0
0
0
0
0
0
0
0
0
0
0
0
0
0
0
0
0
0
0
0
0
0
0
0
0
0
0
0
0
0
0
0
0
0
0
0
0
0
0
0
0
0
0
0
0
0
0
0
0
0
0
0
0
0
0
0
0
0
0
0
0
0
0
0
0
0
0
0
0
0
0
0
0
0
0
0
0
0
0
0
0
0
0
0
0
0
0
0
0
0
0
0
0
0
0
0
0
0
0
0
0
0
0
0
0
0
0
0
0
0
0
0
0
0
0
0
0
0
0
0
0
0
0
0
0
0
0
0
0
0
0
0
0
0
0
0
0
0
0
0
0
0
0
0
0
0
0
0
0
0
0
0
0
0
0
0
0
0
0
0
0
0
0
0
0
0
0
0
0
0
0
0
0
0
0
0
0
0
0
0
0
0
0
0
0
0
0
0
0
0
0
0
0
0
0
0
0
0
0
0
0
0
0
0
0
0
0
0
0
0
0
0
0
0
0
0
0
0
0
0
0
0
0
0
0
0
0
0
0
0
0
0
0
0
0
0
0
0
0
0
0
0
0
0
0
0
0
0
0
0
0
0
0
0
0
0
0
0
0
0
0
0
0
0
0
0
0
0
0
0
0
0
0
0
0
0
0
0
0
0
0
0
0
0
0
0
0
0
0
0
0
0
0
0
0
0
0
0
0
0
0
0
0
0
0
0
0
0
0
0
0
0
0
0
0
0
0
0
0
0
0
0
0
0
0
0
0
0
0
0
0
0
0
0
0
0
0
0
0
0
0
0
0
0
0
0
0
0
0
0
0
0
0
0
0
0
0
0
0
0
0
0
0
0
0
0
0
0
0
0
0
0
0
0
0
0
0
0
0
0
0
0
0
0
0
0
0
0
0
0
0
0
0
0
0
0
0
0
0
0
0
0
0
0
0
0
0
0
0
0
0
0
0
0
0
0
0
0
0
0
0
0
0
0
0
0
0
0
0
0
0
0
0
0
0
0
0
0
0
0
0
0
0
0
0
0
0
0
0
0
0
0
0
0
0
0
0
0
0
0
0
0
0
0
0
0
0
0
0
0
0
0
0
0
0
0
0
0
0
0
0
0
0
0
0
0
0
0
0
0
0
0
0
0
0
0
0
0
0
0
0
0
0
0
0
0
0
0
0
0
0
0
0
0
0
0
0
0
0
0
0
0
0
0
0
0
0
0
0
0
0
0
0
0
0
0
0
0
0
0
0
0
0
0
0
0
0
0
0
0
0
0
0
0
0
0
0
0
0
0
0
0
0
0
0
0
0
0
0
0
0
0
0
0
0
0
0
0
0
0
0
0
0
0
0
0
0
0
0
0
0
0
0
0
0
0
0
0
0
0
0
0
0
0
0
0
0
0
0
0
0
0
0
0
0
0
0
0
0
0
0
0
0
0
0
0
0
0
0
0
0
0
0
0
0
0
0
0
0
0
0
0
0
0
0
0
0
0
0
0
0
0
0
0
0
0
0
0
0
0
0
0
0
0
0
0
0
0
0
0
0
0
0
0
0
0
0
0
0
0
0
0
0
0
0
0
0
0
0
0
0
0
0
0
0
0
0
0
0
0
0
0
0
0
0
0
0
0
0
0
0
0
0
0
0
0
0
0
0
0
0
0
0
0
0
0
0
0
0
0
0
0
0
0
0
0
0
0
0
0
0
0
0
0
0
0
0
0
0
0
0
0
0
0
0
0
0
0
0
0
0
0
0
0
0
0
0
0
0
0
0
0
0
0
0
0
0
0
0
0
0
0
0
0
0
0
0
0
0
0
0
0
0
0
0
0
0
0
0
0
0
0
0
0
0
0
0
0
0
0
0
0
0
0
0
0
0
0
0
0
0
0
0
0
0
0
0
0
0
0
0
0
0
0
0
0
0
0
0
0
0
0
0
0
0
0
0
0
0
0
0
0
0
0
0
0
0
0
0
0
0
0
0
0
0
0
0
0
0
0
0
0
0
0
0
0
0
0
0
0
0
0
0
0
0
0
0
0
0
0
0
0
0
0
0
0
0
0
0
0
0
0
0
0
0
0
0
0
0
0
0
0
0
0
0
0
0
0
0
0
0
0
0
0
0
0
0
0
0
0
0
0
0
0
0
0
0
0
0
0
0
0
0
0
0
0
0
0
0
0
0
0
0
0
0
0
0
0
0
0
0
0
0
0
0
0
0
0
0
0
0
0
0
0
0
0
0
0
0
0
0
0
0
0
0
0
0
0
0
0
0
0
0
0
0
0
0
0
0
0
0
0
0
0
0
0
0
0
0
0
0
0
0
0
0
0
0
0
0
0
0
0
0
0
0
0
0
0
0
0
0
0
0
0
0
0
0
0
0
0
0
0
0
0
0
0
0
0
0
0
0
0
0
0
0
0
0
0
0
0
0
0
0
0
0
0
0
0
0
0
0
0
0
0
0
0
0
0
0
0
0
0
0
0
0
0
0
0
0
0
0
0
0
0
0
0
0
0
0
0
0
0
0
0
0
0
0
0
0
0
0
0
0
0
0
0
0
0
0
0
0
0
0
0
0
0
0
0
0
0
0
0
0
0
0
0
0
0
0
0
0
0
0
0
0
0
0
0
0
0
0
0
0
0
0
0
0
0
0
0
0
0
0
0
0
0
0
0
0
0
0
0
0
0
0
0
0
0
0
0
0
0
0
0
0
0
0
0
0
0
0
0
0
0
0
0
0
0
0
0
0
0
0
0
0
0
0
0
0
0
0
0
0
0
0
0
0
0
0
0
0
0
0
0
0
0
0
0
0
0
0
0
0
0
0
0
0
0
0
0
0
0
0
0
0
0
0
0
0
0
0
0
0
0
0
0
0
0
0
0
0
0
0
0
0
0
0
0
0
0
0
0
0
0
0
0
0
0
0
0
0
0
0
0
0
0
0
0
0
0
0
0
0
0
0
0
0
0
0
0
0
0
0
0
0
0
0
0
0
0
0
0
0
0
0
0
0
0
0
0
0
0
0
0
0
0
0
0
0
0
0
0
0
0
0
0
0
0
0
0
0
0
0
0
0
0
0
0
0
0
0
0
0
0
0
0
0
0
0
0
0
0
0
0
0
0
0
0
0
0
0
0
0
0
0
0
0
0
0
0
0
0
0
0
0
0
0
0
0
0
0
0
0
0
0
0
0
0
0
0
0
0
0
0
0
0
0
0
0
0
0
0
0
0
0
0
0
0
0
0
0
0
0
0
0
0
0
0
0
0
0
0
0
0
0
0
0
0
0
0
0
0
0
0
0
0
0
0
0
0
0
0
0
0
0
0
0
0
0
0
0
0
0
0
0
0
0
0
0
0
0
0
0
0
0
0
0
0
0
0
0
0
0
0
0
0
0
0
0
0
0
0
0
0
0
0
0
0
0
0
0
0
0
0
0
0
0
0
0
0
0
0
0
0
0
0
0
0
0
0
0
0
0
0
0
0
0
0
0
0
0
0
0
0
0
0
0
0
0
0
0
0
0
0
0
0
0
0
0
0
0
0
0
0
0
0
0
0
0
0
0
0
0
0
0
0
0
0
0
0
0
0
0
0
0
0
0
0
0
0
0
0
0
0
0
0
0
0
0
0
0
0
0
0
0
0
0
0
0
0
0
0
0
0
0
0
0
0
0
0
0
0
0
0
0
0
0
0
0
0
0
0
0
0
0
0
0
0
0
0
0
0
0
0
0
0
0
0
0
0
0
0
0
0
0
0
0
0
0
0
0
0
0
0
0
0
0
0
0
0
0
0
0
0
0
0
0
0
0
0
0
0
0
0
0
0
0
0
0
0
0
0
0
0
0
0
0
0
0
0
0
0
0
0
0
0
0
0
0
0
0
0
0
0
0
0
0
0
0
0
0
0
0
0
0
0
0
0
0
0
0
0
0
0
0
0
0
0
0
0
0
0
0
0
0
0
0
0
0
0
0
0
0
0
0
0
0
0
0
0
0
0
0
0
0
0
0
0
0
0
0
0
0
0
0
0
0
0
0
0
0
0
0
0
0
0
0
0
0
0
0
0
0
0
0
0
0
0
0
0
0
0
0
0
0
0
0
0
0
0
0
0
0
0
0
0
0
0
0
0
0
0
0
0
0
0
0
0
0
0
0
0
0
0
0
0
0
0
0
0
0
0
0
0
0
0
0
0
0
0
0
0
0
0
0
0
0
0
0
0
0
0
0
0
0
0
0
0
0
0
0
0
0
0
0
0
0
0
0
0
0
0
0
0
0
0
0
0
0
0
0
0
0
0
0
0
0
0
0
0
0
0
0
0
0
0
0
0
0
0
0
0
0
0
0
0
0
0
0
0
0
0
0
0
0
0
0
0
0
0
0
0
0
0
0
0
0
0
0
0
0
0
0
0
0
0
0
0
0
0
0
0
0
0
0
0
0
0
0
0
0
0
0
0
0
0
0
0
0
0
0
0
0
0
0
0
0
0
0
0
0
0
0
0
0
0
0
0
0
0
0
0
0
0
0
0
0
0
0
0
0
0
0
0
0
0
0
0
0
0
0
0
0
0
0
0
0
0
0
0
0
0
0
0
0
0
0
0
0
0
0
0
0
0
0
0
0
0
0
0
0
0
0
0
0
0
0
0
0
0
0
0
0
0
0
0
0
0
0
0
0
0
0
0
0
0
0
0
0
0
0
0
0
0
0
0
0
0
0
0
0
0
0
0
0
0
0
0
0
0
0
0
0
0
0
0
0
0
0
0
0
0
0
0
0
0
0
0
0
0
0
0
0
0
0
0
0
0
0
0
0
0
0
0
0
0
0
0
0
0
0
0
0
0
0
0
0
0
0
0
0
0
0
0
0
0
0
0
0
0
0
0
0
0
0
0
0
0
0
0
0
0
0
0
0
0
0
0
0
0
0
0
0
0
0
0
0
0
0
0
0
0
0
0
0
0
0
0
0
0
0
0
0
0
0
0
0
0
0
0
0
0
0
0
0
0
0
0
0
0
0
0
0
0
0
0
0
0
0
0
0
0
0
0
0
0
0
0
0
0
0
0
0
0
0
0
0
0
0
0
0
0
0
0
0
0
0
0
0
0
0
0
0
0
0
0
0
0
0
0
0
0
0
0
0
0
0
0
0
0
0
0
0
0
0
0
0
0
0
0
0
0
0
0
0
0
0
0
0
0
0
0
0
0
0
0
0
0
0
0
0
0
0
0
0
0
0
0
0
0
0
0
0
0
0
0
0
0
0
0
0
0
0
0
0
0
0
0
0
0
0
0
0
0
0
0
0
0
0
0
0
0
0
0
0
0
0
0
0
0
0
0
0
0
0
0
0
0
0
0
0
0
0
0
0
0
0
0
0
0
0
0
0
0
0
0
0
0
0
0
0
0
0
0
0
0
0
0
0
0
0
0
0
0
0
0
0
0
0
0
0
0
0
0
0
0
0
0
0
0
0
0
0
0
0
0
0
0
0
0
0
0
0
0
0
0
0
0
0
0
0
0
0
0
0
0
0
0
0
0
0
0
0
0
0
0
0
0
0
0
0
0
0
0
0
0
0
0
0
0
0
0
0
0
0
0
0
0
0
0
0
0
0
0
0
0
0
0
0
0
0
0
0
0
0
0
0
0
0
0
0
0
0
0
0
0
0
0
0
0
0
0
0
0
0
0
0
0
0
0
0
0
0
0
0
0
0
0
0
0
0
0
0
0
0
0
0
0
0
0
0
0
0
0
0
0
0
0
0
0
0
0
0
0
0
0
0
0
0
0
0
0
0
0
0
0
0
0
0
0
0
0
0
0
0
0
0
0
0
0
0
0
0
0
0
0
0
0
0
0
0
0
0
0
0
0
0
0
0
0
0
0
0
0
0
0
0
0
0
0
0
0
0
0
0
0
0
0
0
0
0
0
0
0
0
0
0
0
0
0
0
0
0
0
0
0
0
0
0
0
0
0
0
0
0
0
0
0
0
0
0
0
0
0
0
0
0
0
0
0
0
0
0
0
0
0
0
0
0
0
0
0
0
0
0
0
0
0
0
0
0
0
0
0
0
0
0
0
0
0
0
0
0
0
0
0
0
0
0
0
0
0
0
0
0
0
0
0
0
0
0
0
0
0
0
0
0
0
0
0
0
0
0
0
0
0
0
0
0
0
0
0
0
0
0
0
0
0
0
0
0
0
0
0
0
0
0
0
0
0
0
0
0
0
0
0
0
0
0
0
0
0
0
0
0
0
0
0
0
0
0
0
0
0
0
0
0
0
0
0
0
0
0
0
0
0
0
0
0
0
0
0
0
0
0
0
0
0
0
0
0
0
0
0
0
0
0
0
0
0
0
0
0
0
0
0
0
0
0
0
0
0
0
0
0
0
0
0
0
0
0
0
0
0
0
0
0
0
0
0
0
0
0
0
0
0
0
0
0
0
0
0
0
0
0
0
0
0
0
0
0
0
0
0
0
0
0
0
0
0
0
0
0
0
0
0
0
0
0
0
0
0
0
0
0
0
0
0
0
0
0
0
0
0
0
0
0
0
0
0
0
0
0
0
0
0
0
0
0
0
0
0
0
0
0
0
0
0
0
0
0
0
0
0
0
0
0
0
0
0
0
0
0
0
0
0
0
0
0
0
0
0
0
0
0
0
0
0
0
0
0
0
0
0
0
0
0
0
0
0
0
0
0
0
0
0
0
0
0
0
0
0
0
0
0
0
0
0
0
0
0
0
0
0
0
0
0
0
0
0
0
0
0
0
0
0
0
0
0
0
0
0
0
0
0
0
0
0
0
0
0
0
0
0
0
0
0
0
0
0
0
0
0
0
0
0
0
0
0
0
0
0
0
0
0
0
0
0
0
0
0
0
0
0
0
0
0
0
0
0
0
0
0
0
0
0
0
0
0
0
0
0
0
0
0
0
0
0
0
0
0
0
0
0
0
0
0
0
0
0
0
0
0
0
0
0
0
0
0
0
0
0
0
0
0
0
0
0
0
0
0
0
0
0
0
0
0
0
0
0
0
0
0
0
0
0
0
0
0
0
0
0
0
0
0
0
0
0
0
0
0
0
0
0
0
0
0
0
0
0
0
0
0
0
0
0
0
0
0
0
0
0
0
0
0
0
0
0
0
0
0
0
0
0
0
0
0
0
0
0
0
0
0
0
0
0
0
0
0
0
0
0
0
0
0
0
0
0
0
0
0
0
0
0
0
0
0
0
0
0
0
0
0
0
0
0
0
0
0
0
0
0
0
0
0
0
0
0
0
0
0
0
0
0
0
0
0
0
0
0
0
0
0
0
0
0
0
0
0
0
0
0
0
0
0
0
0
0
0
0
0
0
0
0
0
0
0
0
0
0
0
0
0
0
0
0
0
0
0
0
0
0
0
0
0
0
0
0
0
0
0
0
0
0
0
0
0
0
0
0
0
0
0
0
0
0
0
0
0
0
0
0
0
0
0
0
0
0
0
0
0
0
0
0
0
0
0
0
0
0
0
0
0
0
0
0
0
0
0
0
0
0
0
0
0
0
0
0
0
0
0
0
0
0
0
0
0
0
0
0
0
0
0
0
0
0
0
0
0
0
0
0
0
0
0
0
0
0
0
0
0
0
0
0
0
0
0
0
0
0
0
0
0
0
0
0
0
0
0
0
0
0
0
0
0
0
0
0
0
0
0
0
0
0
0
0
0
0
0
0
0
0
0
0
0
0
0
0
0
0
0
0
0
0
0
0
0
0
0
0
0
0
0
0
0
0
0
0
0
0
0
0
0
0
0
0
0
0
0
0
0
0
0
0
0
0
0
0
0
0
0
0
0
0
0
0
0
0
0
0
0
0
0
0
0
0
0
0
0
0
0
0
0
0
0
0
0
0
0
0
0
0
0
0
0
0
0
0
0
0
0
0
0
0
0
0
0
0
0
0
0
0
0
0
0
0
0
0
0
0
0
0
0
0
0
0
0
0
0
0
0
0
0
0
0
0
0
0
0
0
0
0
0
0
0
0
0
0
0
0
0
0
0
0
0
0
0
0
0
0
0
0
0
0
0
0
0
0
0
0
0
0
0
0
0
0
0
0
0
0
0
0
0
0
0
0
0
0
0
0
0
0
0
0
0
0
0
0
0
0
0
0
0
0
0
0
0
0
0
0
0
0
0
0
0
0
0
0
0
0
0
0
0
0
0
0
0
0
0
0
0
0
0
0
0
0
0
0
0
0
0
0
0
0
0
0
0
0
0
0
0
0
0
0
0
0
0
0
0
0
0
0
0
0
0
0
0
0
0
0
0
0
0
0
0
0
0
0
0
0
0
0
0
0
0
0
0
0
0
0
0
0
0
0
0
0
0
0
0
0
0
0
0
0
0
0
0
0
0
0
0
0
0
0
0
0
0
0
0
0
0
0
0
0
0
0
0
0
0
0
0
0
0
0
0
0
0
0
0
0
0
0
0
0
0
0
0
0
0
0
0
0
0
0
0
0
0
0
0
0
0
0
0
0
0
0
0
0
0
0
0
0
0
0
0
0
0
0
0
0
0
0
0
0
0
0
0
0
0
0
0
0
0
0
0
0
0
0
0
0
0
0
0
0
0
0
0
0
0
0
0
0
0
0
0
0
0
0
0
0
0
0
0
0
0
0
0
0
0
0
0
0
0
0
0
0
0
0
0
0
0
0
0
0
0
0
0
0
0
0
0
0
0
0
0
0
0
0
0
0
0
0
0
0
0
0
0
0
0
0
0
0
0
0
0
0
0
0
0
0
0
0
0
0
0
0
0
0
0
0
0
0
0
0
0
0
0
0
0
0
0
0
0
0
0
0
0
0
0
0
0
0
0
0
0
0
0
0
0
0
0
0
0
0
0
0
0
0
0
0
0
0
0
0
0
0
0
0
0
0
0
0
0
0
0
0
0
0
0
0
0
0
0
0
0
0
0
0
0
0
0
0
0
0
0
0
0
0
0
0
0
0
0
0
0
0
0
0
0
0
0
0
0
0
0
0
0
0
0
0
0
0
0
0
0
0
0
0
0
0
0
0
0
0
0
0
0
0
0
0
0
0
0
0
0
0
0
0
0
0
0
0
0
0
0
0
0
0
0
0
0
0
0
0
0
0
0
0
0
0
0
0
0
0
0
0
0
0
0
0
0
0
0
0
0
0
0
0
0
0
0
0
0
0
0
0
0
0
0
0
0
0
0
0
0
0
0
0
0
0
0
0
0
0
0
0
0
0
0
0
0
0
0
0
0
0
0
0
0
0
0
0
0
0
0
0
0
0
0
0
0
0
0
0
0
0
0
0
0
0
0
0
0
0
0
0
0
0
0
0
0
0
0
0
0
0
0
0
0
0
0
0
0
0
0
0
0
0
0
0
0
0
0
0
0
0
0
0
0
0
0
0
0
0
0
0
0
0
0
0
0
0
0
0
0
0
0
0
0
0
0
0
0
0
0
0
0
0
0
0
0
0
0
0
0
0
0
0
0
0
0
0
0
0
0
0
0
0
0
0
0
0
0
0
0
0
0
0
0
0
0
0
0
0
0
0
0
0
0
0
0
0
0
0
0
0
0
0
0
0
0
0
0
0
0
0
0
0
0
0
0
0
0
0
0
0
0
0
0
0
0
0
0
0
0
0
0
0
0
0
0
0
0
0
0
0
0
0
0
0
0
0
0
0
0
0
0
0
0
0
0
0
0
0
0
0
0
0
0
0
0
0
0
0
0
0
0
0
0
0
0
0
0
0
0
0
0
0
0
0
0
0
0
0
0
0
0
0
0
0
0
0
0
0
0
0
0
0
0
0
0
0
0
0
0
0
0
0
0
0
0
0
0
0
0
0
0
0
0
0
0
0
0
0
0
0
0
0
0
0
0
0
0
0
0
0
0
0
0
0
0
0
0
0
0
0
0
0
0
0
0
0
0
0
0
0
0
0
0
0
0
0
0
0
0
0
0
0
0
0
0
0
0
0
0
0
0
0
0
0
0
0
0
0
0
0
0
0
0
0
0
0
0
0
0
0
0
0
0
0
0
0
0
0
0
0
0
0
0
0
0
0
0
0
0
0
0
0
0
0
0
0
0
0
0
0
0
0
0
0
0
0
0
0
0
0
0
0
0
0
0
0
0
0
0
0
0
0
0
0
0
0
0
0
0
0
0
0
0
0
0
0
0
0
0
0
0
0
0
0
0
0
0
0
0
0
0
0
0
0
0
0
0
0
0
0
0
0
0
0
0
0
0
0
0
0
0
0
0
0
0
0
0
0
0
0
0
0
0
0
0
0
0
0
0
0
0
0
0
0
0
0
0
0
0
0
0
0
0
0
0
0
0
0
0
0
0
0
0
0
0
0
0
0
0
0
0
0
0
0
0
0
0
0
0
0
0
0
0
0
0
0
0
0
0
0
0
0
0
0
0
0
0
0
0
0
0
0
0
0
0
0
0
0
0
0
0
0
0
0
0
0
0
0
0
0
0
0
0
0
0
0
0
0
0
0
0
0
0
0
0
0
0
0
0
0
0
0
0
0
0
0
0
0
0
0
0
0
0
0
0
0
0
0
0
0
0
0
0
0
0
0
0
0
0
0
0
0
0
0
0
0
0
0
0
0
0
0
0
0
0
0
0
0
0
0
0
0
0
0
0
0
0
0
0
0
0
0
0
0
0
0
0
0
0
0
0
0
0
0
0
0
0
0
0
0
0
0
0
0
0
0
0
0
0
0
0
0
0
0
0
0
0
0
0
0
0
0
0
0
0
0
0
0
0
0
0
0
0
0
0
0
0
0
0
0
0
0
0
0
0
0
0
0
0
0
0
0
0
0
0
0
0
0
0
0
0
0
0
0
0
0
0
0
0
0
0
0
0
0
0
0
0
0
0
0
0
0
0
0
0
0
0
0
0
0
0
0
0
0
0
0
0
0
0
0
0
0
0
0
0
0
0
0
0
0
0
0
0
0
0
0
0
0
0
0
0
0
0
0
0
0
0
0
0
0
0
0
0
0
0
0
0
0
0
0
0
0
0
0
0
0
0
0
0
0
0
0
0
0
0
0
0
0
0
0
0
0
0
0
0
0
0
0
0
0
0
0
0
0
0
0
0
0
0
0
0
0
0
0
0
0
0
0
0
0
0
0
0
0
0
0
0
0
0
0
0
0
0
0
0
0
0
0
0
0
0
0
0
0
0
0
0
0
0
0
0
0
0
0
0
0
0
0
0
0
0
0
