0
419
-2727
-2352
-1541
-2076
-2785
-30
431
-2613
-2200
-1297
-2443
-1106
51
273
-225
477
-1762
-1617
-1344
-2772
-16377
-283
971
-1269
-2937
-2319
-3079
-20099
88
1009
-82
701
-4417
-2395
-2674
-3231
-3388
-69
579
-5908
-2316
-2850
-4260
-1577
84
19
-56
240
-1069
-2741
-578
-3345
-16455
-310
-1024
-1864
-3616
-3038
-4347
-13866
43
-1212
-219
1251
-3229
-2503
-1811
-3471
-3087
-167
957
-3932
-2555
-2158
-3463
-692
2
78
202
751
199
-2466
-2102
-3078
-17903
-123
-478
-1271
-2123
-3475
-2885
-19582
119
-515
-177
2247
-3447
-3674
-2887
-3062
-3277
-176
1923
-3517
-3299
-2545
-3204
-2371
3
1484
206
499
1168
-3029
-1418
-3231
-18051
-106
42
1195
-2674
-3283
-2677
-20380
188
722
-244
1799
-4816
-3754
-4348
-3988
-4830
-122
1456
-5125
-3371
-3936
-5137
-3838
-96
1319
13
62
465
-5649
-2230
-4790
-15324
-127
-897
787
-5155
-5657
-4815
-16623
154
-581
-328
1135
-5596
-3358
-5019
-4556
-4793
-149
1137
-5081
-2072
-3684
-4553
-2963
17
838
110
14
-496
-5608
355
-4732
-15236
-149
-767
-209
-4631
-2952
-4281
-21397
245
-247
-375
419
-5954
-4063
-6343
-5354
-4858
-211
1328
-7470
-4244
-6381
-6038
-1323
2
1532
-64
94
172
-4982
2001
-4780
-17783
-101
1433
-1292
-6397
-1997
-5652
-16048
155
1752
-121
638
-5638
-4151
-5846
-5727
-5259
-158
1368
-5321
-3778
-5067
-5283
-2180
91
1336
-150
-1311
-516
-5077
46
-5297
-14433
-206
-2183
-903
-5143
-2827
-5255
-19358
102
-2063
204
-605
-1509
-2232
-1433
-2019
-2249
233
-737
-2573
-2693
-3677
-3467
531
43
-379
-246
1255
-698
-1903
-935
-2166
-18270
-259
980
-2251
-3072
-2187
-3125
-16947
-65
817
-106
35
-3228
-1857
1123
-2164
-2206
-33
-423
-5184
-2023
-3315
-3744
1448
-174
-488
11
315
230
-1960
-3222
-2096
-28007
-109
-369
-2809
-2178
-4695
-3380
-25541
68
-767
-125
-765
-3696
-2159
84
-3179
-3571
-70
-1095
-6507
-3640
-4436
-4867
2197
-114
-264
201
1803
1272
-3617
-5594
-3269
-26789
68
627
-3177
-3585
-7227
-4604
-23824
187
671
85
-792
-4884
-2984
-5805
-3544
-5020
26
-1926
-6471
-3289
-7256
-4884
-110
10
-471
2
619
2280
-5543
-3204
-4807
-14706
-1
172
-943
-5051
-6275
-5206
-16184
42
361
28
-92
-6018
-1930
-6787
-2324
-5344
-62
-1927
-5687
-409
-6129
-3818
-3563
44
-118
58
-1268
-77
-5493
-3308
-5198
-15198
73
-1433
-97
-4840
-5387
-5060
-21384
234
-1258
-89
474
-5794
-1476
-4539
-4036
-5512
-66
-899
-5732
885
-4318
-5001
-5502
64
-211
139
-1343
-3340
-4520
-3112
-5494
-21702
-40
-1967
-1871
-4655
-6818
-5044
-25646
320
-577
43
1155
-5772
-1471
-6006
-4952
-4696
-104
-821
-8461
-205
-6458
-7207
-2964
-14
-1531
-64
-734
-2808
-2788
447
-4758
-25578
-136
793
-3629
-6726
-5906
-6689
-17935
111
642
-30
-19
-5375
-1797
-5244
-4612
-4077
-30
-1160
-5959
-1284
-4557
-4782
707
141
-1168
-280
-1221
-2107
-2776
1736
-3833
-26110
-163
-1080
-3985
-3935
-2855
-4825
-28642
-13
-1217
52
-3
-400
-1818
-1903
-1909
-2629
-30
357
-2828
-2783
-4492
-4666
-1105
-112
799
-187
918
-1525
-2839
-2265
-2698
-19542
-200
560
-3764
-4029
-4330
-5439
-12254
46
521
-168
371
-2969
-2480
-1754
-2849
-3859
-273
1394
-3944
-3071
-3312
-3331
63
-215
776
109
1056
-530
-4413
-3656
-3825
-16696
38
461
-3557
-3284
-4568
-3997
-20054
284
255
69
167
-4239
-788
-2681
-2487
-3420
-171
353
-5278
-1245
-3393
-3281
678
-167
551
229
1472
1318
-4234
-3816
-3361
-23526
-15
-396
-1954
-3308
-5599
-3472
-28437
144
283
355
-651
-5137
789
-5516
-436
-3376
71
-599
-6928
710
-6482
-3650
-423
-91
-132
191
842
200
-4730
-2486
-3381
-23656
-51
-278
-2747
-5040
-5785
-4520
-22437
-12
-63
201
-640
-5596
2162
-6646
-123
-4446
-28
-373
-6475
2566
-7287
-3741
-3432
13
511
154
972
-3410
-5217
-2997
-4359
-19167
19
44
-4223
-6056
-5314
-4829
-19287
172
816
353
928
-5343
-1549
-5612
-1614
-5372
26
274
-4733
836
-4613
-3466
-4995
76
123
121
-496
-4478
-4582
-2661
-5312
-20303
-22
-604
-3486
-4933
-5980
-3787
-26003
203
-402
419
926
-5394
-3613
-5546
-2734
-4477
-8
240
-4966
-841
-3644
-3185
-2735
181
-827
18
-522
-3807
-2208
1166
-4572
-23662
-109
719
-2537
-3591
-3083
-3281
-29498
77
1208
329
777
-4016
-735
-3529
-3540
-4160
195
540
-5619
-1098
-4759
-4883
1046
159
19
-256
-1006
-3775
-4312
-19
-4142
-19328
-331
-351
-5595
-4962
-4593
-4752
-20020
-234
219
-100
-914
-1566
-1453
607
-498
-1923
12
-779
-2359
-1515
664
-1828
-46
-72
-1749
-166
929
-2290
-571
-2609
-1881
-18884
-82
813
-2818
-2200
-3088
-2401
-20051
126
336
-95
-1631
-3140
-1876
347
-2335
-2932
-173
-556
-4812
-3519
-1200
-3800
1607
-125
-430
61
1835
-1005
-2905
-3979
-2992
-22432
29
623
-4501
-4489
-5038
-4404
-22344
158
499
82
46
-5118
-2107
-3684
-3681
-4659
-98
489
-5398
-2444
-4817
-3703
-1611
-34
238
17
153
2304
-6160
-4831
-4800
-12787
-78
-437
-89
-5290
-5478
-4120
-19949
25
235
15
-406
-3854
2571
-3841
-1021
-2576
-162
667
-6490
2411
-6850
-4073
-2450
-112
511
46
-107
-1280
-4344
-2075
-2743
-22239
-115
-853
-3768
-5805
-5067
-4598
-15950
21
-198
153
-1251
-4573
3742
-4885
-1602
-3247
-179
-1296
-6714
4132
-7151
-4417
-2142
-8
-1069
74
2114
-4121
-3937
-1693
-3351
-22770
-165
-186
-6049
-5901
-5271
-4280
-19457
53
68
270
-1078
-4439
-456
-3877
-2845
-3585
-33
-194
-5964
-419
-6039
-4330
1287
82
643
52
385
-3197
-2988
226
-3550
-23350
-61
758
-5050
-5217
-4853
-4063
-23050
84
548
313
-712
-5121
-3784
-3032
-4281
-4049
18
2314
-6894
-5299
-6782
-4681
3485
106
2001
-79
-245
-2390
-2733
961
-4176
-22445
-123
633
-4498
-5214
-4198
-4720
-21176
-101
1593
347
-439
-4176
-2220
-2191
-3252
-3896
229
569
-6153
-4891
-6025
-4670
5531
93
255
-240
-1564
-1835
-4465
-1347
-3899
-18759
-204
-2319
-5366
-5715
-5199
-5030
-18683
-314
-1951
-97
208
-3076
-1836
596
-1894
-2763
128
843
-3823
-2069
-451
-2172
276
55
-225
-150
1476
-1914
-1476
-3223
-2712
-12929
-65
1130
-1913
-2448
-3444
-2686
-16717
115
1011
44
1098
-5405
-3048
104
-5320
-4790
-43
1368
-5230
-3624
-3135
-4603
-45
48
739
-53
1982
-1540
-4845
-3969
-4980
-12020
3
334
-2575
-5047
-4410
-4924
-19172
20
414
-16
968
-7050
-596
-4317
-4624
-5386
-142
5
-7943
-223
-6241
-5917
-4654
-73
456
18
-348
1547
-7189
-5271
-5498
-16512
190
-400
124
-7025
-6575
-5831
-19629
128
422
-81
1857
-5973
2309
-2356
-3607
-4128
-248
1409
-7558
2279
-5615
-5013
-3243
-77
1050
86
-538
-927
-5909
-4813
-4189
-15383
152
-1340
-2720
-5974
-6441
-5161
-16043
136
-470
102
486
-3357
1587
-1841
-2087
-2228
-194
429
-7317
1142
-6048
-5615
-1228
-59
-557
72
1098
-1203
-2696
-2482
-2146
-21765
-82
-795
-2817
-6024
-7038
-5059
-11911
-92
-1053
228
-100
-4123
-670
-2212
-3776
-3195
24
536
-7069
-2793
-6429
-6073
3418
-47
343
-71
752
-2255
-2624
-281
-3135
-23399
-187
1547
-5062
-5850
-6442
-5027
-17913
-271
1673
3
-448
-5468
-2164
-2560
-6205
-5108
-162
307
-9680
-8292
-9882
-8625
7615
-135
209
-238
-546
-1401
-5884
-1536
-5073
-18575
-243
742
-6987
-7486
-9282
-8400
-9146
-381
1177
59
-648
-3507
-1940
-2883
-3843
-3139
-118
-425
-7264
-7204
-7274
-6508
7390
26
-214
-277
-2221
-427
-3917
-992
-2997
-24217
-381
-3869
-6252
-6368
-6648
-6445
-16653
-358
-4369
66
-34
-4321
-2592
-3529
-3086
-3586
53
180
-6234
-3356
-4817
-4687
-3330
49
526
-57
801
787
-3142
-2141
-3521
-16387
-124
134
1375
-4271
-4405
-4954
-13194
27
585
194
-158
-6274
-2716
-2485
-4003
-5078
77
-568
-6986
-2985
-5143
-5080
-3929
77
433
95
1259
-211
-4948
-4717
-5116
-14147
-52
348
803
-5935
-5711
-5629
-15237
-4
414
172
1148
-5350
2227
-4749
-1527
-4126
-37
-38
-6532
2655
-6176
-4801
-4845
-37
584
249
-495
-1762
-4680
-5156
-4180
-22626
267
-405
-2620
-5809
-6478
-5589
-21475
179
448
59
12
-6210
2212
-3828
-3687
-4734
-97
-489
-7146
2370
-5160
-4785
-3746
-62
-501
215
-291
-2700
-5128
-4703
-4677
-11912
275
135
-3147
-5487
-6235
-5058
-14266
98
358
169
105
-3870
-514
-2243
-3029
-2940
-164
511
-6647
-1006
-4340
-5314
-1993
-136
395
226
94
-371
-2598
-2655
-2766
-22218
90
-1175
-900
-5468
-6688
-4448
-16060
-83
-823
223
137
-3913
-1283
-2760
-2562
-3190
102
-699
-4616
-2598
-3969
-3636
2428
-13
-658
156
-84
9
-2593
-2009
-3193
-22031
58
141
-2414
-3917
-5642
-2609
-25779
-179
112
128
-1048
-3382
-911
-2619
-1999
-3024
-40
-1661
-4856
-4468
-5028
-4029
4610
-89
-2112
-56
-1535
-908
-4028
-839
-2979
-22066
-121
215
-4816
-3990
-5500
-3490
-21280
-255
238
150
59
-1895
-1783
-1930
-1699
-2002
-158
-463
-4147
-5177
-4617
-4311
4315
-140
-231
-143
-1657
-58
-2971
-450
-1821
-23206
-227
-1764
-3358
-4195
-4698
-3838
-19270
-393
-978
12
-1343
-5247
-2942
-4493
-2847
-3835
-149
-954
-6078
-2699
-5789
-3868
-3764
-53
-90
-2
1110
1143
-3401
-1464
-3710
-17578
-192
-303
1776
-3722
-3266
-3841
-18138
17
245
42
-1934
-4495
-2231
-3539
19
-3259
-99
-931
-6074
-2826
-6351
-3608
-5335
-104
-78
42
1690
1266
-2929
-4809
-3154
-20934
62
965
2892
-5404
-6994
-4497
-14864
47
1526
47
-1447
-3481
-958
-3968
1117
-3764
-65
-550
-3170
-827
-4001
-1361
-4601
-6
-572
220
373
-1679
-3128
-5944
-3749
-18845
215
151
-698
-3375
-6127
-3110
-22072
266
-111
189
-661
-4166
-1934
-2691
-1431
-3443
-154
-934
-4167
-1075
-2923
-2189
-1973
18
-1230
323
241
-1166
-2573
-3334
-3405
-21644
17
-138
-758
-2777
-5390
-2486
-26268
71
-337
162
-998
-4879
-2659
-3453
-3997
-4047
-320
-965
-5916
-2753
-3611
-4341
-1224
-51
-1149
337
348
-976
-3315
-1157
-3989
-19326
0
-64
-853
-4193
-5169
-3979
-21333
-20
589
14
-1904
-3262
-657
-2596
-2382
-2913
-210
-1181
-6315
-3623
-5976
-5223
3016
-137
-901
348
-585
346
-3301
-2736
-2794
-17548
-2
-507
-3399
-6185
-6766
-4850
-11702
-32
-483
-100
-540
-3065
-1822
-1557
-1687
-2975
-200
742
-4767
-5068
-5117
-3352
5027
-242
640
57
-588
-1425
-4049
-2465
-2871
-21446
29
998
-4812
-4913
-6291
-3919
-21413
-139
860
-79
318
-2256
-2184
-539
-2454
-2794
-298
1167
-3205
-4699
-3840
-3492
3693
-178
567
-82
-1057
-940
-4170
-2396
-2816
-19008
-98
-978
-2491
-3614
-5591
-3719
-22104
-234
-532
-156
-1210
-3556
-1329
-2184
293
-2340
-370
-1036
-4045
-776
-4003
-1737
-3229
-239
-1242
-46
374
-1378
-2168
-1404
-2262
-18772
-177
-320
-117
-2731
-2964
-2501
-17943
231
-490
-284
-1866
-3546
-2872
-2609
1426
-2764
-484
-1160
-3908
-2324
-4571
-729
-4481
-218
-877
54
1017
126
-3389
-2648
-2576
-20552
8
938
2200
-3613
-4888
-2337
-21248
246
758
-298
-1223
-1679
-3686
-1839
604
-2863
-367
-683
-1319
-3212
-3166
-896
-4204
-178
-821
103
748
-686
-3846
-2948
-2776
-17543
34
-47
1852
-3025
-4367
-1306
-22580
390
-652
-135
-1242
-2554
-4185
-1973
-915
-2864
-319
-849
-1747
-2839
-2317
-733
-1662
-31
-864
117
-434
-1680
-3320
155
-2849
-15705
-184
-509
976
-1922
-2832
-662
-25398
167
27
85
-1350
-2340
-2747
-1184
-1841
-2420
-170
-975
-2597
-2857
-2504
-2324
998
-19
-1140
28
-503
-2664
-2315
619
-2410
-15088
-512
-545
-1776
-2965
-3348
-2250
-18909
-146
-399
-187
-1572
-2257
-1727
-1747
-1939
-2159
-316
11
-4146
-4419
-4289
-3417
5235
-209
-349
132
380
-1886
-2092
21
-2146
-15531
-247
183
-4457
-4348
-4885
-3634
-13966
-94
680
-388
-1196
-3883
-1920
-3533
-3829
-3659
-460
-287
-9075
-8010
-8206
-7336
6768
-220
-422
-79
759
-274
-5218
-1089
-3551
-15938
-164
2837
-5118
-8197
-9346
-8179
-3503
-223
2917
-158
-712
-4511
-3550
-4275
-5755
-5296
-337
-695
-6341
-6961
-6429
-6375
2713
-28
-498
-223
-431
-89
-6631
-2399
-5227
-11244
-164
-1375
-1390
-6097
-8318
-6654
-13331
-72
-1420
0
0
0
0
0
0
0
0
0
0
0
-1940
-2003
-1301
-618
-1645
0
0
0
0
0
0
0
0
0
0
0
-236
-1142
-1779
-1697
-18218
0
0
0
0
0
0
0
0
0
0
0
-2377
-1985
-1129
-931
-1678
0
0
0
0
0
0
0
0
0
0
0
-245
-1238
-1113
-1607
-20691
0
0
0
0
0
0
0
0
0
0
0
-3032
-2796
-2068
-2079
-2496
0
0
0
0
0
0
0
0
0
0
0
232
-1507
-1766
-2554
-16543
0
0
0
0
0
0
0
0
0
0
0
-3737
-4182
-3392
-1232
-3186
0
0
0
0
0
0
0
0
0
0
0
576
-1854
-2458
-3133
-15080
0
0
0
0
0
0
0
0
0
0
0
-4526
-3961
-4211
-199
-3495
0
0
0
0
0
0
0
0
0
0
0
455
-3711
-2193
-3422
-17650
0
0
0
0
0
0
0
0
0
0
0
-3728
-3307
-4281
-714
-3157
0
0
0
0
0
0
0
0
0
0
0
-338
-3483
-494
-3061
-19538
0
0
0
0
0
0
0
0
0
0
0
-3291
-3437
-4087
-3072
-2784
0
0
0
0
0
0
0
0
0
0
0
752
-2453
372
-2732
-21664
0
0
0
0
0
0
0
0
0
0
0
-4493
-3670
-4430
-4136
-3520
0
0
0
0
0
0
0
0
0
0
0
409
-2032
-253
-3444
-17785
0
0
0
0
0
0
0
0
0
0
0
-881
-1970
-1330
-223
-1332
0
0
0
0
0
0
0
0
0
0
0
294
-1366
-1742
-1228
-17768
0
0
0
0
0
0
0
0
0
0
0
-2241
-2748
125
-160
-2256
0
0
0
0
0
0
0
0
0
0
0
-775
-2159
-3462
-2075
-23926
0
0
0
0
0
0
0
0
0
0
0
-2802
-2763
-689
-1224
-2527
0
0
0
0
0
0
0
0
0
0
0
548
-2792
-4151
-2467
-26461
0
0
0
0
0
0
0
0
0
0
0
-3513
-3305
-4848
187
-3180
0
0
0
0
0
0
0
0
0
0
0
1633
-4566
-3043
-2955
-19796
0
0
0
0
0
0
0
0
0
0
0
-5216
-4136
-7269
1506
-5036
0
0
0
0
0
0
0
0
0
0
0
-1583
-5073
-4339
-4772
-14436
0
0
0
0
0
0
0
0
0
0
0
-4209
-3262
-4784
742
-4016
0
0
0
0
0
0
0
0
0
0
0
-2911
-2950
-3630
-3826
-24834
0
0
0
0
0
0
0
0
0
0
0
-3032
-2947
-4648
-2262
-2926
0
0
0
0
0
0
0
0
0
0
0
-2106
-583
-636
-2938
-26215
0
0
0
0
0
0
0
0
0
0
0
-3951
-2893
-5550
-4092
-3630
0
0
0
0
0
0
0
0
0
0
0
-1960
-515
271
-3364
-22651
0
0
0
0
0
0
0
0
0
0
0
-7
-1674
-998
-1279
-1201
0
0
0
0
0
0
0
0
0
0
0
130
-1670
-1443
-1113
-20688
0
0
0
0
0
0
0
0
0
0
0
-2165
-2120
-97
-2309
-2521
0
0
0
0
0
0
0
0
0
0
0
-248
-4292
-2350
-2552
-19612
0
0
0
0
0
0
0
0
0
0
0
-2608
-2182
-2670
-1425
-3068
0
0
0
0
0
0
0
0
0
0
0
-339
-4056
-3022
-3024
-22153
0
0
0
0
0
0
0
0
0
0
0
-3750
-2489
-5850
2308
-3673
0
0
0
0
0
0
0
0
0
0
0
-2003
-5533
-2603
-3575
-18270
0
0
0
0
0
0
0
0
0
0
0
-4667
-878
-6473
3213
-4181
0
0
0
0
0
0
0
0
0
0
0
-3960
-5156
-3723
-3884
-16655
0
0
0
0
0
0
0
0
0
0
0
-4450
-2755
-6012
1902
-4603
0
0
0
0
0
0
0
0
0
0
0
-4066
-4867
-3447
-4398
-20977
0
0
0
0
0
0
0
0
0
0
0
-3583
-5318
-7145
-1338
-4861
0
0
0
0
0
0
0
0
0
0
0
-4833
-3045
-350
-5105
-18602
0
0
0
0
0
0
0
0
0
0
0
-2448
-1588
-3760
-2747
-3223
0
0
0
0
0
0
0
0
0
0
0
-2618
-3861
994
-3069
-19720
0
0
0
0
0
0
0
0
0
0
0
-840
-2114
-382
-17
-1656
0
0
0
0
0
0
0
0
0
0
0
-1789
-2026
-1914
-1794
-17807
0
0
0
0
0
0
0
0
0
0
0
-2773
-2029
450
-1074
-2581
0
0
0
0
0
0
0
0
0
0
0
-610
-4333
-2721
-2431
-23311
0
0
0
0
0
0
0
0
0
0
0
-2918
-2466
-3149
-2135
-3492
0
0
0
0
0
0
0
0
0
0
0
1623
-6499
-2676
-3386
-15242
0
0
0
0
0
0
0
0
0
0
0
-1498
-44
-2306
314
-1823
0
0
0
0
0
0
0
0
0
0
0
-1465
-4154
-1038
-1790
-20655
0
0
0
0
0
0
0
0
0
0
0
-1802
1334
-3173
761
-1859
0
0
0
0
0
0
0
0
0
0
0
-3305
-2981
-1756
-1805
-24198
0
0
0
0
0
0
0
0
0
0
0
-2092
-1442
-3706
-1491
-2845
0
0
0
0
0
0
0
0
0
0
0
-2574
-2179
-1216
-2695
-22725
0
0
0
0
0
0
0
0
0
0
0
-3012
-3331
-3349
-3849
-3747
0
0
0
0
0
0
0
0
0
0
0
-2831
-1859
-1019
-3555
-20716
0
0
0
0
0
0
0
0
0
0
0
-2616
-1738
-2356
-2609
-3536
0
0
0
0
0
0
0
0
0
0
0
-2144
-4699
-1151
-3301
-17241
0
0
0
0
0
0
0
0
0
0
0
-2244
-1706
-133
6
-1861
0
0
0
0
0
0
0
0
0
0
0
-1272
-2693
-2263
-2042
-15434
0
0
0
0
0
0
0
0
0
0
0
-4268
-2807
-671
-1904
-3867
0
0
0
0
0
0
0
0
0
0
0
-663
-5602
-3127
-3604
-15695
0
0
0
0
0
0
0
0
0
0
0
-3828
-1960
-3761
-795
-3965
0
0
0
0
0
0
0
0
0
0
0
1033
-6657
-4228
-3695
-18778
0
0
0
0
0
0
0
0
0
0
0
-1132
578
-942
-1176
-2437
0
0
0
0
0
0
0
0
0
0
0
-1839
-4773
-3125
-2277
-18673
0
0
0
0
0
0
0
0
0
0
0
6
-274
-1477
-738
-1185
0
0
0
0
0
0
0
0
0
0
0
-1805
-1826
-1810
-1107
-21060
0
0
0
0
0
0
0
0
0
0
0
-2517
-1542
-2600
-3136
-2621
0
0
0
0
0
0
0
0
0
0
0
-1393
-2272
-767
-2655
-20173
0
0
0
0
0
0
0
0
0
0
0
-3129
-98
-1125
-3787
-2515
0
0
0
0
0
0
0
0
0
0
0
-87
-3875
-1665
-2379
-23841
0
0
0
0
0
0
0
0
0
0
0
-2680
-647
-1699
-2289
-2350
0
0
0
0
0
0
0
0
0
0
0
-869
-2128
-1879
-2143
-23873
0
0
0
0
0
0
0
0
0
0
0
-3412
-2903
-3336
-1198
-2684
0
0
0
0
0
0
0
0
0
0
0
398
-2626
-2093
-2659
-16240
0
0
0
0
0
0
0
0
0
0
0
-4190
-3232
-2910
963
-3788
0
0
0
0
0
0
0
0
0
0
0
-671
-5650
-4973
-3492
-17187
0
0
0
0
0
0
0
0
0
0
0
-3876
-1403
-5381
2953
-4163
0
0
0
0
0
0
0
0
0
0
0
-2874
-5257
-5597
-3943
-19025
0
0
0
0
0
0
0
0
0
0
0
-1014
337
-2659
-511
-2740
0
0
0
0
0
0
0
0
0
0
0
-3610
-3319
-3816
-2619
-17842
0
0
0
0
0
0
0
0
0
0
0
-565
-1587
-2858
-1488
-2150
0
0
0
0
0
0
0
0
0
0
0
-1508
-1259
-2096
-1938
-22804
0
0
0
0
0
0
0
0
0
0
0
-2899
-1834
-3762
-1800
-3205
0
0
0
0
0
0
0
0
0
0
0
-213
-3732
-2036
-3215
-18541
0
0
0
0
0
0
0
0
0
0
0
-3113
-1129
-2947
-426
-2816
0
0
0
0
0
0
0
0
0
0
0
-1174
-5110
-1168
-2891
-17959
0
0
0
0
0
0
0
0
0
0
0
-1808
-1391
-1764
-238
-1880
0
0
0
0
0
0
0
0
0
0
0
-776
-2050
-2085
-1774
-19423
0
0
0
0
0
0
0
0
0
0
0
-2976
-3620
-5038
-877
-3118
0
0
0
0
0
0
0
0
0
0
0
-652
-1842
-2533
-3021
-16842
0
0
0
0
0
0
0
0
0
0
0
-3331
-3440
-4448
2717
-3190
0
0
0
0
0
0
0
0
0
0
0
-1220
-3130
-5924
-3264
-16862
0
0
0
0
0
0
0
0
0
0
0
-2835
-2556
-4639
3420
-3665
0
0
0
0
0
0
0
0
0
0
0
-3311
-3232
-7297
-3732
-17514
0
0
0
0
0
0
0
0
0
0
0
-240
-3011
-4425
751
-3303
0
0
0
0
0
0
0
0
0
0
0
-3848
-2146
-4744
-3312
-21482
0
0
0
0
0
0
0
0
0
0
0
-502
-2352
-4360
-744
-2426
0
0
0
0
0
0
0
0
0
0
0
-2223
-1046
-2254
-2174
-26209
0
0
0
0
0
0
0
0
0
0
0
-2373
-1314
-3674
-289
-2796
0
0
0
0
0
0
0
0
0
0
0
-1432
-3238
-2509
-2650
-14754
0
0
0
0
0
0
0
0
0
0
0
-2810
-1939
-2188
-703
-3570
0
0
0
0
0
0
0
0
0
0
0
-3709
-4442
-2574
-3622
-16156
0
0
0
0
0
0
0
0
0
0
0
-1487
-1477
-798
-877
-2707
0
0
0
0
0
0
0
0
0
0
0
-1889
-3261
-3396
-2644
-17152
0
0
0
0
0
0
0
0
0
0
0
-1259
-2027
-2455
-79
-1857
0
0
0
0
0
0
0
0
0
0
0
-1841
-915
-2361
-1780
-17871
0
0
0
0
0
0
0
0
0
0
0
-1639
-2336
-1830
999
-1561
0
0
0
0
0
0
0
0
0
0
0
-280
-1759
-3227
-1605
-23400
0
0
0
0
0
0
0
0
0
0
0
-1866
-3025
-1097
383
-2228
0
0
0
0
0
0
0
0
0
0
0
-190
-2982
-4015
-2179
-17762
0
0
0
0
0
0
0
0
0
0
0
-986
-3129
-2175
-316
-2177
0
0
0
0
0
0
0
0
0
0
0
-1634
-2257
-1593
-2106
-17973
0
0
0
0
0
0
0
0
0
0
0
-10
-1294
-1582
291
-990
0
0
0
0
0
0
0
0
0
0
0
-1600
-1124
-802
-775
-21288
0
0
0
0
0
0
0
0
0
0
0
-737
-1241
-2363
-384
-1755
0
0
0
0
0
0
0
0
0
0
0
-2513
-2229
-418
-1679
-16306
0
0
0
0
0
0
0
0
0
0
0
-1932
-727
-1594
-2127
-2085
0
0
0
0
0
0
0
0
0
0
0
-1434
-3624
-652
-2215
-19563
0
0
0
0
0
0
0
0
0
0
0
-2618
-1395
-2049
-3240
-2545
0
0
0
0
0
0
0
0
0
0
0
460
-3977
-1307
-2484
-20160
0
0
0
0
0
0
0
0
0
0
0
0
0
0
0
0
0
0
0
0
0
0
0
0
0
0
0
0
0
0
0
0
0
0
0
0
0
0
0
0
0
0
0
0
0
0
0
0
0
0
0
0
0
0
0
0
0
0
0
0
0
0
0
0
0
0
0
0
0
0
0
0
0
0
0
0
0
0
0
0
0
0
0
0
0
0
0
0
0
0
0
0
0
0
0
0
0
0
0
0
0
0
0
0
0
0
0
0
0
0
0
0
0
0
0
0
0
0
0
0
0
0
0
0
0
0
0
0
0
0
0
0
0
0
0
0
0
0
0
0
0
0
0
0
0
0
0
0
0
0
0
0
0
0
0
0
0
0
0
0
0
0
0
0
0
0
0
0
0
0
0
0
0
0
0
0
0
0
0
0
0
0
0
0
0
0
0
0
0
0
0
0
0
0
0
0
0
0
0
0
0
0
0
0
0
0
0
0
0
0
0
0
0
0
0
0
0
0
0
0
0
0
0
0
0
0
0
0
0
0
0
0
0
0
0
0
0
0
0
0
0
0
0
0
0
0
0
0
0
0
0
0
0
0
0
0
0
0
0
0
0
0
0
0
0
0
0
0
0
0
0
0
0
0
0
0
0
0
0
0
0
0
0
0
0
0
0
0
0
0
0
0
0
0
0
0
0
0
0
0
0
0
0
0
0
0
0
0
0
0
0
0
0
0
0
0
0
0
0
0
0
0
0
0
0
0
0
0
0
0
0
0
0
0
0
0
0
0
0
0
0
0
0
0
0
0
0
0
0
0
0
0
0
0
0
0
0
0
0
0
0
0
0
0
0
0
0
0
0
0
0
0
0
0
0
0
0
0
0
0
0
0
0
0
0
0
0
0
0
0
0
0
0
0
0
0
0
0
0
0
0
0
0
0
0
0
0
0
0
0
0
0
0
0
0
0
0
0
0
0
0
0
0
0
0
0
0
0
0
0
0
0
0
0
0
0
0
0
0
0
0
0
0
0
0
0
0
0
0
0
0
0
0
0
0
0
0
0
0
0
0
0
0
0
0
0
0
0
0
0
0
0
0
0
0
0
0
0
0
0
0
0
0
0
0
0
0
0
0
0
0
0
0
0
0
0
0
0
0
0
0
0
0
0
0
0
0
0
0
0
0
0
0
0
0
0
0
0
0
0
0
0
0
0
0
0
0
0
0
0
0
0
0
0
0
0
0
0
0
0
0
0
0
0
0
0
0
0
0
0
0
0
0
0
0
0
0
0
0
0
0
0
0
0
0
0
0
0
0
0
0
0
0
0
0
0
0
0
0
0
0
0
0
0
0
0
0
0
0
0
0
0
0
0
0
0
0
0
0
0
0
0
0
0
0
0
0
0
0
0
0
0
0
0
0
0
0
0
0
0
0
0
0
0
0
0
0
0
0
0
0
0
0
0
0
0
0
0
0
0
0
0
0
0
0
0
0
0
0
0
0
0
0
0
0
0
0
0
0
0
0
0
0
0
0
0
0
0
0
0
0
0
0
0
0
0
0
0
0
0
0
0
0
0
0
0
0
0
0
0
0
0
0
0
0
0
0
0
0
0
0
0
0
0
0
0
0
0
0
0
0
0
0
0
0
0
0
0
0
0
0
0
0
0
0
0
0
0
0
0
0
0
0
0
0
0
0
0
0
0
0
0
0
0
0
0
0
0
0
0
0
0
0
0
0
0
0
0
0
0
0
0
0
0
0
0
0
0
0
0
0
0
0
0
0
0
0
0
0
0
0
0
0
0
0
0
0
0
0
0
0
0
0
0
0
0
0
0
0
0
0
0
0
0
0
0
0
0
0
0
0
0
0
0
0
0
0
0
0
0
0
0
0
0
0
0
0
0
0
0
0
0
0
0
0
0
0
0
0
0
0
0
0
0
0
0
0
0
0
0
0
0
0
0
0
0
0
0
0
0
0
0
0
0
0
0
0
0
0
0
0
0
0
0
0
0
0
0
0
0
0
0
0
0
0
0
0
0
0
0
0
0
0
0
0
0
0
0
0
0
0
0
0
0
0
0
0
0
0
0
0
0
0
0
0
0
0
0
0
0
0
0
0
0
0
0
0
0
0
0
0
0
0
0
0
0
0
0
0
0
0
0
0
0
0
0
0
0
0
0
0
0
0
0
0
0
0
0
0
0
0
0
0
0
0
0
0
0
0
0
0
0
0
0
0
0
0
0
0
0
0
0
0
0
0
0
0
0
0
0
0
0
0
0
0
0
0
0
0
0
0
0
0
0
0
0
0
0
0
0
0
0
0
0
0
0
0
0
0
0
0
0
0
0
0
0
0
0
0
0
0
0
0
0
0
0
0
0
0
0
0
0
0
0
0
0
0
0
0
0
0
0
0
0
0
0
0
0
0
0
0
0
0
0
0
0
0
0
0
0
0
0
0
0
0
0
0
0
0
0
0
0
0
0
0
0
0
0
0
0
0
0
0
0
0
0
0
0
0
0
0
0
0
0
0
0
0
0
0
0
0
0
0
0
0
0
0
0
0
0
0
0
0
0
0
0
0
0
0
0
0
0
0
0
0
0
0
0
0
0
0
0
0
0
0
0
0
0
0
0
0
0
0
0
0
0
0
0
0
0
0
0
0
0
0
0
0
0
0
0
0
0
0
0
0
0
0
0
0
0
0
0
0
0
0
0
0
0
0
0
0
0
0
0
0
0
0
0
0
0
0
0
0
0
0
0
0
0
0
0
0
0
0
0
0
0
0
0
0
0
0
0
0
0
0
0
0
0
0
0
0
0
0
0
0
0
0
0
0
0
0
0
0
0
0
0
0
0
0
0
0
0
0
0
0
0
0
0
0
0
0
0
0
0
0
0
0
0
0
0
0
0
0
0
0
0
0
0
0
0
0
0
0
0
0
0
0
0
0
0
0
0
0
0
0
0
0
0
0
0
0
0
0
0
0
0
0
0
0
0
0
0
0
0
0
0
0
0
0
0
0
0
0
0
0
0
0
0
0
0
0
0
0
0
0
0
0
0
0
0
0
0
0
0
0
0
0
0
0
0
0
0
0
0
0
0
0
0
0
0
0
0
0
0
0
0
0
0
0
0
0
0
0
0
0
0
0
0
0
0
0
0
0
0
0
0
0
0
0
0
0
0
0
0
0
0
0
0
0
0
0
0
0
0
0
0
0
0
0
0
0
0
0
0
0
0
0
0
0
0
0
0
0
0
0
0
0
0
0
0
0
0
0
0
0
0
0
0
0
0
0
0
0
0
0
0
0
0
0
0
0
0
0
0
0
0
0
0
0
0
0
0
0
0
0
0
0
0
0
0
0
0
0
0
0
0
0
0
0
0
0
0
0
0
0
0
0
0
0
0
0
0
0
0
0
0
0
0
0
0
0
0
0
0
0
0
0
0
0
0
0
0
0
0
0
0
0
0
0
0
0
0
0
0
0
0
0
0
0
0
0
0
0
0
0
0
0
0
0
0
0
0
0
0
0
0
0
0
0
0
0
0
0
0
0
0
0
0
0
0
0
0
0
0
0
0
0
0
0
0
0
0
0
0
0
0
0
0
0
0
0
0
0
0
0
0
0
0
0
0
0
0
0
0
0
0
0
0
0
0
0
0
0
0
0
0
0
0
0
0
0
0
0
0
0
0
0
0
0
0
0
0
0
0
0
0
0
0
0
0
0
0
0
0
0
0
0
0
0
0
0
0
0
0
0
0
0
0
0
0
0
0
0
0
0
0
0
0
0
0
0
0
0
0
0
0
0
0
0
0
0
0
0
0
0
0
0
0
0
0
0
0
0
0
0
0
0
0
0
0
0
0
0
0
0
0
0
0
0
0
0
0
0
0
0
0
0
0
0
0
0
0
0
0
0
0
0
0
0
0
0
0
0
0
0
0
0
0
0
0
0
0
0
0
0
0
0
0
0
0
0
0
0
0
0
0
0
0
0
0
0
0
0
0
0
0
0
0
0
0
0
0
0
0
0
0
0
0
0
0
0
0
0
0
0
0
0
0
0
0
0
0
0
0
0
0
0
0
0
0
0
0
0
0
0
0
0
0
0
0
0
0
0
0
0
0
0
0
0
0
0
0
0
0
0
0
0
0
0
0
0
0
0
0
0
0
0
0
0
0
0
0
0
0
0
0
0
0
0
0
0
0
0
0
0
0
0
0
0
0
0
0
0
0
0
0
0
0
0
0
0
0
0
0
0
0
0
0
0
0
0
0
0
0
0
0
0
0
0
0
0
0
0
0
0
0
0
0
0
0
0
0
0
0
0
0
0
0
0
0
0
0
0
0
0
0
0
0
0
0
0
0
0
0
0
0
0
0
0
0
0
0
0
0
0
0
0
0
0
0
0
0
0
0
0
0
0
0
0
0
0
0
0
0
0
0
0
0
0
0
0
0
0
0
0
0
0
0
0
0
0
0
0
0
0
0
0
0
0
0
0
0
0
0
0
0
0
0
0
0
0
0
0
0
0
0
0
0
0
0
0
0
0
0
0
0
0
0
0
0
0
0
0
0
0
0
0
0
0
0
0
0
0
0
0
0
0
0
0
0
0
0
0
0
0
0
0
0
0
0
0
0
0
0
0
0
0
0
0
0
0
0
0
0
0
0
0
0
0
0
0
0
0
0
0
0
0
0
0
0
0
0
0
0
0
0
0
0
0
0
0
0
0
0
0
0
0
0
0
0
0
0
0
0
0
0
0
0
0
0
0
0
0
0
0
0
0
0
0
0
0
0
0
0
0
0
0
0
0
0
0
0
0
0
0
0
0
0
0
0
0
0
0
0
0
0
0
0
0
0
0
0
0
0
0
0
0
0
0
0
0
0
0
0
0
0
0
0
0
0
0
0
0
0
0
0
0
0
0
0
0
0
0
0
0
0
0
0
0
0
0
0
0
0
0
0
0
0
0
0
0
0
0
0
0
0
0
0
0
0
0
0
0
0
0
0
0
0
0
0
0
0
0
0
0
0
0
0
0
0
0
0
0
0
0
0
0
0
0
0
0
0
0
0
0
0
0
0
0
0
0
0
0
0
0
0
0
0
0
0
0
0
0
0
0
0
0
0
0
0
0
0
0
0
0
0
0
0
0
0
0
0
0
0
0
0
0
0
0
0
0
0
0
0
0
0
0
0
0
0
0
0
0
0
0
0
0
0
0
0
0
0
0
0
0
0
0
0
0
0
0
0
0
0
0
0
0
0
0
0
0
0
0
0
0
0
0
0
0
0
0
0
0
0
0
0
0
0
0
0
0
0
0
0
0
0
0
0
0
0
0
0
0
0
0
0
0
0
0
0
0
0
0
0
0
0
0
0
0
0
0
0
0
0
0
0
0
0
0
0
0
0
0
0
0
0
0
0
0
0
0
0
0
0
0
0
0
0
0
0
0
0
0
0
0
0
0
0
0
0
0
0
0
0
0
0
0
0
0
0
0
0
0
0
0
0
0
0
0
0
0
0
0
0
0
0
0
0
0
0
0
0
0
0
0
0
0
0
0
0
0
0
0
0
0
0
0
0
0
0
0
0
0
0
0
0
0
0
0
0
0
0
0
0
0
0
0
0
0
0
0
0
0
0
0
0
0
0
0
0
0
0
0
0
0
0
0
0
0
0
0
0
0
0
0
0
0
0
0
0
0
0
0
0
0
0
0
0
0
0
0
0
0
0
0
0
0
0
0
0
0
0
0
0
0
0
0
0
0
0
0
0
0
0
0
0
0
0
0
0
0
0
0
0
0
0
0
0
0
0
0
0
0
0
0
0
0
0
0
0
0
0
0
0
0
0
0
0
0
0
0
0
0
0
0
0
0
0
0
0
0
0
0
0
0
0
0
0
0
0
0
0
0
0
0
0
0
0
0
0
0
0
0
0
0
0
0
0
0
0
0
0
0
0
0
0
0
0
0
0
0
0
0
0
0
0
0
0
0
0
0
0
0
0
0
0
0
0
0
0
0
0
0
0
0
0
0
0
0
0
0
0
0
0
0
0
0
0
0
0
0
0
0
0
0
0
0
0
0
0
0
0
0
0
0
0
0
0
0
0
0
0
0
0
0
0
0
0
0
0
0
0
0
0
0
0
0
0
0
0
0
0
0
0
0
0
0
0
0
0
0
0
0
0
0
0
0
0
0
0
0
0
0
0
0
0
0
0
0
0
0
0
0
0
0
0
0
0
0
0
0
0
0
0
0
0
0
0
0
0
0
0
0
0
0
0
0
0
0
0
0
0
0
0
0
0
0
0
0
0
0
0
0
0
0
0
0
0
0
0
0
0
0
0
0
0
0
0
0
0
0
0
0
0
0
0
0
0
0
0
0
0
0
0
0
0
0
0
0
0
0
0
0
0
0
0
0
0
0
0
0
0
0
0
0
0
0
0
0
0
0
0
0
0
0
0
0
0
0
0
0
0
0
0
0
0
0
0
0
0
0
0
0
0
0
0
0
0
0
0
0
0
0
0
0
0
0
0
0
0
0
0
0
0
0
0
0
0
0
0
0
0
0
0
0
0
0
0
0
0
0
0
0
0
0
0
0
0
0
0
0
0
0
0
0
0
0
0
0
0
0
0
0
0
0
0
0
0
0
0
0
0
0
0
0
0
0
0
0
0
0
0
0
0
0
0
0
0
0
0
0
0
0
0
0
0
0
0
0
0
0
0
0
0
0
0
0
0
0
0
0
0
0
0
0
0
0
0
0
0
0
0
0
0
0
0
0
0
0
0
0
0
0
0
0
0
0
0
0
0
0
0
0
0
0
0
0
0
0
0
0
0
0
0
0
0
0
0
0
0
0
0
0
0
0
0
0
0
0
0
0
0
0
0
0
0
0
0
0
0
0
0
0
0
0
0
0
0
0
0
0
0
0
0
0
0
0
0
0
0
0
0
0
0
0
0
0
0
0
0
0
0
0
0
0
0
0
0
0
0
0
0
0
0
0
0
0
0
0
0
0
0
0
0
0
0
0
0
0
0
0
0
0
0
0
0
0
0
0
0
0
0
0
0
0
0
0
0
0
0
0
0
0
0
0
0
0
0
0
0
0
0
0
0
0
0
0
0
0
0
0
0
0
0
0
0
0
0
0
0
0
0
0
0
0
0
0
0
0
0
0
0
0
0
0
0
0
0
0
0
0
0
0
0
0
0
0
0
0
0
0
0
0
0
0
0
0
0
0
0
0
0
0
0
0
0
0
0
0
0
0
0
0
0
0
0
0
0
0
0
0
0
0
0
0
0
0
0
0
0
0
0
0
0
0
0
0
0
0
0
0
0
0
0
0
0
0
0
0
0
0
0
0
0
0
0
0
0
0
0
0
0
0
0
0
0
0
0
0
0
0
0
0
0
0
0
0
0
0
0
0
0
0
0
0
0
0
0
0
0
0
0
0
0
0
0
0
0
0
0
0
0
0
0
0
0
0
0
0
0
0
0
0
0
0
0
0
0
0
0
0
0
0
0
0
0
0
0
0
0
0
0
0
0
0
0
0
0
0
0
0
0
0
0
0
0
0
0
0
0
0
0
0
0
0
0
0
0
0
0
0
0
0
0
0
0
0
0
0
0
0
0
0
0
0
0
0
0
0
0
0
0
0
0
0
0
0
0
0
0
0
0
0
0
0
0
0
0
0
0
0
0
0
0
0
0
0
0
0
0
0
0
0
0
0
0
0
0
0
0
0
0
0
0
0
0
0
0
0
0
0
0
0
0
0
0
0
0
0
0
0
0
0
0
0
0
0
0
0
0
0
0
0
0
0
0
0
0
0
0
0
0
0
0
0
0
0
0
0
0
0
0
0
0
0
0
0
0
0
0
0
0
0
0
0
0
0
0
0
0
0
0
0
0
0
0
0
0
0
0
0
0
0
0
0
0
0
0
0
0
0
0
0
0
0
0
0
0
0
0
0
0
0
0
0
0
0
0
0
0
0
0
0
0
0
0
0
0
0
0
0
0
0
0
0
0
0
0
0
0
0
0
0
0
0
0
0
0
0
0
0
0
0
0
0
0
0
0
0
0
0
0
0
0
0
0
0
0
0
0
0
0
0
0
0
0
0
0
0
0
0
0
0
0
0
0
0
0
0
0
0
0
0
0
0
0
0
0
0
0
0
0
0
0
0
0
0
0
0
0
0
0
0
0
0
0
0
0
0
0
0
0
0
0
0
0
0
0
0
0
0
0
0
0
0
0
0
0
0
0
0
0
0
0
0
0
0
0
0
0
0
0
0
0
0
0
0
0
0
0
0
0
0
0
0
0
0
0
0
0
0
0
0
0
0
0
0
0
0
0
0
0
0
0
0
0
0
0
0
0
0
0
0
0
0
0
0
0
0
0
0
0
0
0
0
0
0
0
0
0
0
0
0
0
0
0
0
0
0
0
0
0
0
0
0
0
0
0
0
0
0
0
0
0
0
0
0
0
0
0
0
0
0
0
0
0
0
0
0
0
0
0
0
0
0
0
0
0
0
0
0
0
0
0
0
0
0
0
0
0
0
0
0
0
0
0
0
0
0
0
0
0
0
0
0
0
0
0
0
0
0
0
0
0
0
0
0
0
0
0
0
0
0
0
0
0
0
0
0
0
0
0
0
0
0
0
0
0
0
0
0
0
0
0
0
0
0
0
0
0
0
0
0
0
0
0
0
0
0
0
0
0
0
0
0
0
0
0
0
0
0
0
0
0
0
0
0
0
0
0
0
0
0
0
0
0
0
0
0
0
0
0
0
0
0
0
0
0
0
0
0
0
0
0
0
0
0
0
0
0
0
0
0
0
0
0
0
0
0
0
0
0
0
0
0
0
0
0
0
0
0
0
0
0
0
0
0
0
0
0
0
0
0
0
0
0
0
0
0
0
0
0
0
0
0
0
0
0
0
0
0
0
0
0
0
0
0
0
0
0
0
0
0
0
0
0
0
0
0
0
0
0
0
0
0
0
0
0
0
0
0
0
0
0
0
0
0
0
0
0
0
0
0
0
0
0
0
0
0
0
0
0
0
0
0
0
0
0
0
0
0
0
0
0
0
0
0
0
0
0
0
0
0
0
0
0
0
0
0
0
0
0
0
0
0
0
0
0
0
0
0
0
0
0
0
0
0
0
0
0
0
0
0
0
0
0
0
0
0
0
0
0
0
0
0
0
0
0
0
0
0
0
0
0
0
0
0
0
0
0
0
0
0
0
0
0
0
0
0
0
0
0
0
0
0
0
0
0
0
0
0
0
0
0
0
0
0
0
0
0
0
0
0
0
0
0
0
0
0
0
0
0
0
0
0
0
0
0
0
0
0
0
0
0
0
0
0
0
0
0
0
0
0
0
0
0
0
0
0
0
0
0
0
0
0
0
0
0
0
0
0
0
0
0
0
0
0
0
0
0
0
0
0
0
0
0
0
0
0
0
0
0
0
0
0
0
0
0
0
0
0
0
0
0
0
0
0
0
0
0
0
0
0
0
0
0
0
0
0
0
0
0
0
0
0
0
0
0
0
0
0
0
0
0
0
0
0
0
0
0
0
0
0
0
0
0
0
0
0
0
0
0
0
0
0
0
0
0
0
0
0
0
0
0
0
0
0
0
0
0
0
0
0
0
0
0
0
0
0
0
0
0
0
0
0
0
0
0
0
0
0
0
0
0
0
0
0
0
0
0
0
0
0
0
0
0
0
0
0
0
0
0
0
0
0
0
0
0
0
0
0
0
0
0
0
0
0
0
0
0
0
0
0
0
0
0
0
0
0
0
0
0
0
0
0
0
0
0
0
0
0
0
0
0
0
0
0
0
0
0
0
0
0
0
0
0
0
0
0
0
0
0
0
0
0
0
0
0
0
0
0
0
0
0
0
0
0
0
0
0
0
0
0
0
0
0
0
0
0
0
0
0
0
0
0
0
0
0
0
0
0
0
0
0
0
0
0
0
0
0
0
0
0
0
0
0
0
0
0
0
0
0
0
0
0
0
0
0
0
0
0
0
0
0
0
0
0
0
0
0
0
0
0
0
0
0
0
0
0
0
0
0
0
0
0
0
0
0
0
0
0
0
0
0
0
0
0
0
0
0
0
0
0
0
0
0
0
0
0
0
0
0
0
0
0
0
0
0
0
0
0
0
0
0
0
0
0
0
0
0
0
0
0
0
0
0
0
0
0
0
0
0
0
0
0
0
0
0
0
0
0
0
0
0
0
0
0
0
0
0
0
0
0
0
0
0
0
0
0
0
0
0
0
0
0
0
0
0
0
0
0
0
0
0
0
0
0
0
0
0
0
0
0
0
0
0
0
0
0
0
0
0
0
0
0
0
0
0
0
0
0
0
0
0
0
0
0
0
0
0
0
0
0
0
0
0
0
0
0
0
0
0
0
0
0
0
0
0
0
0
0
0
0
0
0
0
0
0
0
0
0
0
0
0
0
0
0
0
0
0
0
0
0
0
0
0
0
0
0
0
0
0
0
0
0
0
0
0
0
0
0
0
0
0
0
0
0
0
0
0
0
0
0
0
0
0
0
0
0
0
0
0
0
0
0
0
0
0
0
0
0
0
0
0
0
0
0
0
0
0
0
0
0
0
0
0
0
0
0
0
0
0
0
0
0
0
0
0
0
0
0
0
0
0
0
0
0
0
0
0
0
0
0
0
0
0
0
0
0
0
0
0
0
0
0
0
0
0
0
0
0
0
0
0
0
0
0
0
0
0
0
0
0
0
0
0
0
0
0
0
0
0
0
0
0
0
0
0
0
0
0
0
0
0
0
0
0
0
0
0
0
0
0
0
0
0
0
0
0
0
0
0
0
0
0
0
0
0
0
0
0
0
0
0
0
0
0
0
0
0
0
0
0
0
0
0
0
0
0
0
0
0
0
0
0
0
0
0
0
0
0
0
0
0
0
0
0
0
0
0
0
0
0
0
0
0
0
0
0
0
0
0
0
0
0
0
0
0
0
0
0
0
0
0
0
0
0
0
0
0
0
0
0
0
0
0
0
0
0
0
0
0
0
0
0
0
0
0
0
0
0
0
0
0
0
0
0
0
0
0
0
0
0
0
0
0
0
0
0
0
0
0
0
0
0
0
0
0
0
0
0
0
0
0
0
0
0
0
0
0
0
0
0
0
0
0
0
0
0
0
0
0
0
0
0
0
0
0
0
0
0
0
0
0
0
0
0
0
0
0
0
0
0
0
0
0
0
0
0
0
0
0
0
0
0
0
0
0
0
0
0
0
0
0
0
0
0
0
0
0
0
0
0
0
0
0
0
0
0
0
0
0
0
0
0
0
0
0
0
0
0
0
0
0
0
0
0
0
0
0
0
0
0
0
0
0
0
0
0
0
0
0
0
0
0
0
0
0
0
0
0
0
0
0
0
0
0
0
0
0
0
0
0
0
0
0
0
0
0
0
0
0
0
0
0
0
0
0
0
0
0
0
0
0
0
0
0
0
0
0
0
0
0
0
0
0
0
0
0
0
0
0
0
0
0
0
0
0
0
0
0
0
0
0
0
0
0
0
0
0
0
0
0
0
0
0
0
0
0
0
0
0
0
0
0
0
0
0
0
0
0
0
0
0
0
0
0
0
0
0
0
0
0
0
0
0
0
0
0
0
0
0
0
0
0
0
0
0
0
0
0
0
0
0
0
0
0
0
0
0
0
0
0
0
0
0
0
0
0
0
0
0
0
0
0
0
0
0
0
0
0
0
0
0
0
0
0
0
0
0
0
0
0
0
0
0
0
0
0
0
0
0
0
0
0
0
0
0
0
0
0
0
0
0
0
0
0
0
0
0
0
0
0
0
0
0
0
0
0
0
0
0
0
0
0
0
0
0
0
0
0
0
0
0
0
0
0
0
0
0
0
0
0
0
0
0
0
0
0
0
0
0
0
0
0
0
0
0
0
0
0
0
0
0
0
0
0
0
0
0
0
0
0
0
0
0
0
0
0
0
0
0
0
0
0
0
0
0
0
0
0
0
0
0
0
0
0
0
0
0
0
0
0
0
0
0
0
0
0
0
0
0
0
0
0
0
0
0
0
0
0
0
0
0
0
0
0
0
0
0
0
0
0
0
0
0
0
0
0
0
0
0
0
0
0
0
0
0
0
0
0
0
0
0
0
0
0
0
0
0
0
0
0
0
0
0
0
0
0
0
0
0
0
0
0
0
0
0
0
0
0
0
0
0
0
0
0
0
0
0
0
0
0
0
0
0
0
0
0
0
0
0
0
0
0
0
0
0
0
0
0
0
0
0
0
0
0
0
0
0
0
0
0
0
0
0
0
0
0
0
0
0
0
0
0
0
0
0
0
0
0
0
0
0
0
0
0
0
0
0
0
0
0
0
0
0
0
0
0
0
0
0
0
0
0
0
0
0
0
0
0
0
0
0
0
0
0
0
0
0
0
0
0
0
0
0
0
0
0
0
0
0
0
0
0
0
0
0
0
0
0
0
0
0
0
0
0
0
0
0
0
0
0
0
0
0
0
0
0
0
0
0
0
0
0
0
0
0
0
0
0
0
0
0
0
0
0
0
0
0
0
0
0
0
0
0
0
0
0
0
0
0
0
0
0
0
0
0
0
0
0
0
0
0
0
0
0
0
0
0
0
0
0
0
0
0
0
0
0
0
0
0
0
0
0
0
0
0
0
0
0
0
0
0
0
0
0
0
0
0
0
0
0
0
0
0
0
0
0
0
0
0
0
0
0
0
0
0
0
0
0
0
0
0
0
0
0
0
0
0
0
0
0
0
0
0
0
0
0
0
0
0
0
0
0
0
0
0
0
0
0
0
0
0
0
0
0
0
0
0
0
0
0
0
0
0
0
0
0
0
0
0
0
0
0
0
0
0
0
0
0
0
0
0
0
0
0
0
0
0
0
0
0
0
0
0
0
0
0
0
0
0
0
0
0
0
0
0
0
0
0
0
0
0
0
0
0
0
0
0
0
0
0
0
0
0
0
0
0
0
0
0
0
0
0
0
0
0
0
0
0
0
0
0
0
0
0
0
0
0
0
0
0
0
0
0
0
0
0
0
0
0
0
0
0
0
0
0
0
0
0
0
0
0
0
0
0
0
0
0
0
0
0
0
0
0
0
0
0
0
0
0
0
0
0
0
0
0
0
0
0
0
0
0
0
0
0
0
0
0
0
0
0
0
0
0
0
0
0
0
0
0
0
0
0
0
0
0
0
0
0
0
0
0
0
0
0
0
0
0
0
0
0
0
0
0
0
0
0
0
0
0
0
0
0
0
0
0
0
0
0
0
0
0
0
0
0
0
0
0
0
0
0
0
0
0
0
0
0
0
0
0
0
0
0
0
0
0
0
0
0
0
0
0
0
0
0
0
0
0
0
0
0
0
0
0
0
0
0
0
0
0
0
0
0
0
0
0
0
0
0
0
0
0
0
0
0
0
0
0
0
0
0
0
0
0
0
0
0
0
0
0
0
0
0
0
0
0
0
0
0
0
0
0
0
0
0
0
0
0
0
0
0
0
0
0
0
0
0
0
0
0
0
0
0
0
0
0
0
0
0
0
0
0
0
0
0
0
0
0
0
0
0
0
0
0
0
0
0
0
0
0
0
0
0
0
0
0
0
0
0
0
0
0
0
0
0
0
0
0
0
0
0
0
0
0
0
0
0
0
0
0
0
0
0
0
0
0
0
0
0
0
0
0
0
0
0
0
0
0
0
0
0
0
0
0
0
0
0
0
0
0
0
0
0
0
0
0
0
0
0
0
0
0
0
0
0
0
0
0
0
0
0
0
0
0
0
0
0
0
0
0
0
0
0
0
0
0
0
0
0
0
0
0
0
0
0
0
0
0
0
0
0
0
0
0
0
0
0
0
0
0
0
0
0
0
0
0
0
0
0
0
0
0
0
0
0
0
0
0
0
0
0
0
0
0
0
0
0
0
0
0
0
0
0
0
0
0
0
0
0
0
0
0
0
0
0
0
0
0
0
0
0
0
0
0
0
0
0
0
0
0
0
0
0
0
0
0
0
0
0
0
0
0
0
0
0
0
0
0
0
0
0
0
0
0
0
0
0
0
0
0
0
0
0
0
0
0
0
0
0
0
0
0
0
0
0
0
0
0
0
0
0
0
0
0
0
0
0
0
0
0
0
0
0
0
0
0
0
0
0
0
0
0
0
0
0
0
0
0
0
0
0
0
0
0
0
0
0
0
0
0
0
0
0
0
0
0
0
0
0
0
0
0
0
0
0
0
0
0
0
0
0
0
0
0
0
0
0
0
0
0
0
0
0
0
0
0
0
0
0
0
0
0
0
0
0
0
0
0
0
0
0
0
0
0
0
0
0
0
0
0
0
0
0
0
0
0
0
0
0
0
0
0
0
0
0
0
0
0
0
0
0
0
0
0
0
0
0
0
0
0
0
0
0
0
0
0
0
0
0
0
0
0
0
0
0
0
0
0
0
0
0
0
0
0
0
0
0
0
0
0
0
0
0
0
0
0
0
0
0
0
0
0
0
0
0
0
0
0
0
0
0
0
0
0
0
0
0
0
0
0
0
0
0
0
0
0
0
0
0
0
0
0
0
0
0
0
0
0
0
0
0
0
0
0
0
0
0
0
0
0
0
0
0
0
0
0
0
0
0
0
0
0
0
0
0
0
0
0
0
0
0
0
0
0
0
0
0
0
0
0
0
0
0
0
0
0
0
0
0
0
0
0
0
0
0
0
0
0
0
0
0
0
0
0
0
0
0
0
0
0
0
0
0
0
0
0
0
0
0
0
0
0
0
0
0
0
0
0
0
0
0
0
0
0
0
0
0
0
0
0
0
0
0
0
0
0
0
0
0
0
0
0
0
0
0
0
0
0
0
0
0
0
0
0
0
0
0
0
0
0
0
0
0
0
0
0
0
0
0
0
0
0
0
0
0
0
0
0
0
0
0
0
0
0
0
0
0
0
0
0
0
0
0
0
0
0
0
0
0
0
0
0
0
0
0
0
0
0
0
0
0
0
0
0
0
0
0
0
0
0
0
0
0
0
0
0
0
0
0
0
0
0
0
0
0
0
0
0
0
0
0
0
0
0
0
0
0
0
0
0
0
0
0
0
0
0
0
0
0
0
0
0
0
0
0
0
0
0
0
0
0
0
0
0
0
0
0
0
0
0
0
0
0
0
0
0
0
0
0
0
0
0
0
0
0
0
0
0
0
0
0
0
0
0
0
0
0
0
0
0
0
0
0
0
0
0
0
0
0
0
0
0
0
0
0
0
0
0
0
0
0
0
0
0
0
0
0
0
0
0
0
0
0
0
0
0
0
0
0
0
0
0
0
0
0
0
0
0
0
0
0
0
0
0
0
0
0
0
0
0
0
0
0
0
0
0
0
0
0
0
0
0
0
0
0
0
0
0
0
0
0
0
0
0
0
0
0
0
0
0
0
0
0
0
0
0
0
0
0
0
0
0
0
0
0
0
0
0
0
0
0
0
0
0
0
0
0
0
0
0
0
0
0
0
0
0
0
0
0
0
0
0
0
0
0
0
0
0
0
0
0
0
0
0
0
0
0
0
0
0
0
0
0
0
0
0
0
0
0
0
0
0
0
0
0
0
0
0
0
0
0
0
0
0
0
0
0
0
0
0
0
0
0
0
0
0
0
0
0
0
0
0
0
0
0
0
0
0
0
0
0
0
0
0
0
0
0
0
0
0
0
0
0
0
0
0
0
0
0
0
0
0
0
0
0
0
0
0
0
0
0
0
0
0
0
0
0
0
0
0
0
0
0
0
0
0
0
0
0
0
0
0
0
0
0
0
0
0
0
0
0
0
0
0
0
0
0
0
0
0
0
0
0
0
0
0
0
0
0
0
0
0
0
0
0
0
0
0
0
0
0
0
0
0
0
0
0
0
0
0
0
0
0
0
0
0
0
0
0
0
0
0
0
0
0
0
0
0
0
0
0
0
0
0
0
0
0
0
0
0
0
0
0
0
0
0
0
0
0
0
0
0
0
0
0
0
0
0
0
0
0
0
0
0
0
0
0
0
0
0
0
0
0
0
0
0
0
0
0
0
0
0
0
0
0
0
0
0
0
0
0
0
0
0
0
0
0
0
0
0
0
0
0
0
0
0
0
0
0
0
0
0
0
0
0
0
0
0
0
0
0
0
0
0
0
0
0
0
0
0
0
0
0
0
0
0
0
0
0
0
0
0
0
0
0
0
0
0
0
0
0
0
0
0
0
0
0
0
0
0
0
0
0
0
0
0
0
0
0
0
0
0
0
0
0
0
0
0
0
0
0
0
0
0
0
0
0
0
0
0
0
0
0
0
0
0
0
0
0
0
0
0
0
0
0
0
0
0
0
0
0
0
0
0
0
0
0
0
0
0
0
0
0
0
0
0
0
0
0
0
0
0
0
0
0
0
0
0
0
0
0
0
0
0
0
0
0
0
0
0
0
0
0
0
0
0
0
0
0
0
0
0
0
0
0
0
0
0
0
0
0
0
0
0
0
0
0
0
0
0
0
0
0
0
0
0
0
0
0
0
0
0
0
0
0
0
0
0
0
0
0
0
0
0
0
0
0
0
0
0
0
0
0
0
0
0
0
0
0
0
0
0
0
0
0
0
0
0
0
0
0
0
0
0
0
0
0
0
0
0
0
0
0
0
0
0
0
0
0
0
0
0
0
0
0
0
0
0
0
0
0
0
0
0
0
0
0
0
0
0
0
0
0
0
0
0
0
0
0
0
0
0
0
0
0
0
0
0
0
0
0
0
0
0
0
0
0
0
0
0
0
0
0
0
0
0
0
0
0
0
0
0
0
0
0
0
0
0
0
0
0
0
0
0
0
0
0
0
0
0
0
0
0
0
0
0
0
0
0
0
0
0
0
0
0
0
0
0
0
0
0
0
0
0
0
0
0
0
0
0
0
0
0
0
0
0
0
0
0
0
0
0
0
0
0
0
0
0
0
0
0
0
0
0
0
0
0
0
0
0
0
0
0
0
0
0
0
0
0
0
0
0
0
0
0
0
0
0
0
0
0
0
0
0
0
0
0
0
0
0
0
0
0
0
0
0
0
0
0
0
0
0
0
0
0
0
0
0
0
0
0
0
0
0
0
0
0
0
0
0
0
0
0
0
0
0
0
0
0
0
0
0
0
0
0
0
0
0
0
0
0
0
0
0
0
0
0
0
0
0
0
0
0
0
0
0
0
0
0
0
0
0
0
0
0
0
0
0
0
0
0
0
0
0
0
0
0
0
0
0
0
0
0
0
0
0
0
0
0
0
0
0
0
0
0
0
0
0
0
0
0
0
0
0
0
0
0
0
0
0
0
0
0
0
0
0
0
0
0
0
0
0
0
0
0
0
0
0
0
0
0
0
0
0
0
0
0
0
0
0
0
0
0
0
0
0
0
0
0
0
0
0
0
0
0
0
0
0
0
0
0
0
0
0
0
0
0
0
0
0
0
0
0
0
0
0
0
0
0
0
0
0
0
0
0
0
0
0
0
0
0
0
0
0
0
0
0
0
0
0
0
0
0
0
0
0
0
0
0
0
0
0
0
0
0
0
0
0
0
0
0
0
0
0
0
0
0
0
0
0
0
0
0
0
0
0
0
0
0
0
0
0
0
0
0
0
0
0
0
0
0
0
0
0
0
0
0
0
0
0
0
0
0
0
0
0
0
0
0
0
0
0
0
0
0
0
0
0
0
0
0
0
0
0
0
0
0
0
0
0
0
0
0
0
0
0
0
0
0
0
0
0
0
0
0
0
0
0
0
0
0
0
0
0
0
0
0
0
0
0
0
0
0
0
0
0
0
0
0
0
0
0
0
0
0
0
0
0
0
0
0
0
0
0
0
0
0
0
0
0
0
0
0
0
0
0
0
0
0
0
0
0
0
0
0
0
0
0
0
0
0
0
0
0
0
0
0
0
0
0
0
0
0
0
0
0
0
0
0
0
0
0
0
0
0
0
0
0
0
0
0
0
0
0
0
0
0
0
0
0
0
0
0
0
0
0
0
0
0
0
0
0
0
0
0
0
0
0
0
0
0
0
0
0
0
0
0
0
0
0
0
0
0
0
0
0
0
0
0
0
0
0
0
0
0
0
0
0
0
0
0
0
0
0
0
0
0
0
0
0
0
0
0
0
0
0
0
0
0
0
0
0
0
0
0
0
0
0
0
0
0
0
0
0
0
0
0
0
0
0
0
0
0
0
0
0
0
0
0
0
0
0
0
0
0
0
0
0
0
0
0
0
0
0
0
0
0
0
0
0
0
0
0
0
0
0
0
0
0
0
0
0
0
0
0
0
0
0
0
0
0
0
0
0
0
0
0
0
0
0
0
0
0
0
0
0
0
0
0
0
0
0
0
0
0
0
0
0
0
0
0
0
0
0
0
0
0
0
0
0
0
0
0
0
0
0
0
0
0
0
0
0
0
0
0
0
0
0
0
0
0
0
0
0
0
0
0
0
0
0
0
0
0
0
0
0
0
0
0
0
0
0
0
0
0
0
0
0
0
0
0
0
0
0
0
0
0
0
0
0
0
0
0
0
0
0
0
0
0
0
0
0
0
0
0
0
0
0
0
0
0
0
0
0
0
0
0
0
0
0
0
0
0
0
0
0
0
0
0
0
0
0
0
0
0
0
0
0
0
0
0
0
0
0
0
0
0
0
0
0
0
0
0
0
0
0
0
0
0
0
0
0
0
0
0
0
0
0
0
0
0
0
0
0
0
0
0
0
0
0
0
0
0
0
0
0
0
0
0
0
0
0
0
0
0
0
0
0
0
0
0
0
0
0
0
0
0
0
0
0
0
0
0
0
0
0
0
0
0
0
0
0
0
0
0
0
0
0
0
0
0
0
0
0
0
0
0
0
0
0
0
0
0
0
0
0
0
0
0
0
0
0
0
0
0
0
0
0
0
0
0
0
0
0
0
0
0
0
0
0
0
0
0
0
0
0
0
0
0
0
0
0
0
0
0
0
0
0
0
0
0
0
0
0
0
0
0
0
0
0
0
0
0
0
0
0
0
0
0
0
0
0
0
0
0
0
0
0
0
0
0
0
0
0
0
0
0
0
0
0
0
0
0
0
0
0
0
0
0
0
0
0
0
0
0
0
0
0
0
0
0
0
0
0
0
0
0
0
0
0
0
0
0
0
0
0
0
0
0
0
0
0
0
0
0
0
0
0
0
0
0
0
0
0
0
0
0
0
0
0
0
0
0
0
0
0
0
0
0
0
0
0
0
0
0
0
0
0
0
0
0
0
0
0
0
0
0
0
0
0
0
0
0
0
0
0
0
0
0
0
0
0
0
0
0
0
0
0
0
0
0
0
0
0
0
0
0
0
0
0
0
0
0
0
0
0
0
0
0
0
0
0
0
0
0
0
0
0
0
0
0
0
0
0
0
0
0
0
0
0
0
0
0
0
0
0
0
0
0
0
0
0
0
0
0
0
0
0
0
0
0
0
0
0
0
0
0
0
0
0
0
0
0
0
0
0
0
0
0
0
0
0
0
0
0
0
0
0
0
0
0
0
0
0
0
0
0
0
0
0
0
0
0
0
0
0
0
0
0
0
0
0
0
0
0
0
0
0
0
0
0
0
0
0
0
0
0
0
0
0
0
0
0
0
0
0
0
0
0
0
0
0
0
0
0
0
0
0
0
0
0
0
0
0
0
0
0
0
0
0
0
0
0
0
0
0
0
0
0
0
0
0
0
0
0
0
0
0
0
0
0
0
0
0
0
0
0
0
0
0
0
0
0
0
0
0
0
0
0
0
0
0
0
0
0
0
0
0
0
0
0
0
0
0
0
0
0
0
0
0
0
0
0
0
0
0
0
0
0
0
0
0
0
0
0
0
0
0
0
0
0
0
0
0
0
0
0
0
0
0
0
0
0
0
0
0
0
0
0
0
0
0
0
0
0
0
0
0
0
0
0
0
0
0
0
0
0
0
0
0
0
0
0
0
0
0
0
0
0
0
0
0
0
0
0
0
0
0
0
0
0
0
0
0
0
0
0
0
0
0
0
0
0
0
0
0
0
0
0
0
0
0
0
0
0
0
0
0
0
0
0
0
0
0
0
0
0
0
0
0
0
0
0
0
0
0
0
0
0
0
0
0
0
0
0
0
0
0
0
0
0
0
0
0
0
0
0
0
0
0
0
0
0
0
0
0
0
0
0
0
0
0
0
0
0
0
0
0
0
0
0
0
0
0
0
0
0
0
0
0
0
0
0
0
0
0
0
0
0
0
0
0
0
0
0
0
0
0
0
0
0
0
0
0
0
0
0
0
0
0
0
0
0
0
0
0
0
0
0
0
0
0
0
0
0
0
0
0
0
0
0
0
0
0
0
0
0
0
0
0
0
0
0
0
0
0
0
0
0
0
0
0
0
0
0
0
0
0
0
0
0
0
0
0
0
0
0
0
0
0
0
0
0
0
0
0
0
0
0
0
0
0
0
0
0
0
0
0
0
0
0
0
0
0
0
0
0
0
0
0
0
0
0
0
0
0
0
0
0
0
0
0
0
0
0
0
0
0
0
0
0
0
0
0
0
0
0
0
0
0
0
0
0
0
0
0
0
0
0
0
0
0
0
0
0
0
0
0
0
0
0
0
0
0
0
0
0
0
0
0
0
0
0
0
0
0
0
0
0
0
0
0
0
0
0
0
0
0
0
0
0
0
0
0
0
0
0
0
0
0
0
0
0
0
0
0
0
0
0
0
0
0
0
0
0
0
0
0
0
0
0
0
0
0
0
0
0
0
0
0
0
0
0
0
0
0
0
0
0
0
0
0
0
0
0
0
0
0
0
0
0
0
0
0
0
0
0
0
0
0
0
0
0
0
0
0
0
0
0
0
0
0
0
0
0
0
0
0
0
0
0
0
0
0
0
0
0
0
0
0
0
0
0
0
0
0
0
0
0
0
0
0
0
0
0
0
0
0
0
0
0
0
0
0
0
0
0
0
0
0
0
0
0
0
0
0
0
0
0
0
0
0
0
0
0
0
0
0
0
0
0
0
0
0
0
0
0
0
0
0
0
0
0
0
0
0
0
0
0
0
0
0
0
0
0
0
0
0
0
0
0
0
0
0
0
0
0
0
0
0
0
0
0
0
0
0
0
0
0
0
0
0
0
0
0
0
0
0
0
0
0
0
0
0
0
0
0
0
0
0
0
0
0
0
0
0
0
0
0
0
0
0
0
0
0
0
0
0
0
0
0
0
0
0
0
0
0
0
0
0
0
0
0
0
0
0
0
0
0
0
0
0
0
0
0
0
0
0
0
0
0
0
0
0
0
0
0
0
0
0
0
0
0
0
0
0
0
0
0
0
0
0
0
0
0
0
0
0
0
0
0
0
0
0
0
0
0
0
0
0
0
0
0
0
0
0
0
0
0
0
0
0
0
0
0
0
0
0
0
0
0
0
0
0
0
0
0
0
0
0
0
0
0
0
0
0
0
0
0
0
0
0
0
0
0
0
0
0
0
0
0
0
0
0
0
0
0
0
0
0
0
0
0
0
0
0
0
0
0
0
0
0
0
0
0
0
0
0
0
0
0
0
0
0
0
0
0
0
0
0
0
0
0
0
0
0
0
0
0
0
0
0
0
0
0
0
0
0
0
0
0
0
0
0
0
0
0
0
0
0
0
0
0
0
0
0
0
0
0
0
0
0
0
0
0
0
0
0
0
0
0
0
0
0
0
0
0
0
0
0
0
0
0
0
0
0
0
0
0
0
0
0
0
0
0
0
0
0
0
0
0
0
0
0
0
0
0
0
0
0
0
0
0
0
0
0
0
0
0
0
0
0
0
0
0
0
0
0
0
0
0
0
0
0
0
0
0
0
0
0
0
0
0
0
0
0
0
0
0
0
0
0
0
0
0
0
0
0
0
0
0
0
0
0
0
0
0
0
0
0
0
0
0
0
0
0
0
0
0
0
0
0
0
0
0
0
0
0
0
0
0
0
0
0
0
0
0
0
0
0
0
0
0
0
0
0
0
0
0
0
0
0
0
0
0
0
0
0
0
0
0
0
0
0
0
0
0
0
0
0
0
0
0
0
0
0
0
0
0
0
0
0
0
0
0
0
0
0
0
0
0
0
0
0
0
0
0
0
0
0
0
0
0
0
0
0
0
0
0
0
0
0
0
0
0
0
0
0
0
0
0
0
0
0
0
0
0
0
0
0
0
0
0
0
0
0
0
0
0
0
0
0
0
0
0
0
0
0
0
0
0
0
0
0
0
0
0
0
0
0
0
0
0
0
0
0
0
0
0
0
0
0
0
0
0
0
0
0
0
0
0
0
0
0
0
0
0
0
0
0
0
0
0
0
0
0
0
0
0
0
0
0
0
0
0
0
0
0
0
0
0
0
0
0
0
0
0
0
0
0
0
0
0
0
0
0
0
0
0
0
0
0
0
0
0
0
0
0
0
0
0
0
0
0
0
0
0
0
0
0
0
0
0
0
0
0
0
0
0
0
0
0
0
0
0
0
0
0
0
0
0
0
0
0
0
0
0
0
0
0
0
0
0
0
0
0
0
0
0
0
0
0
0
0
0
0
0
0
0
0
0
0
0
0
0
0
0
0
0
0
0
0
0
0
0
0
0
0
0
0
0
0
0
0
0
0
0
0
0
0
0
0
0
0
0
0
0
0
0
0
0
0
0
0
0
0
0
0
0
0
0
0
0
0
0
0
0
0
0
0
0
0
0
0
0
0
0
0
0
0
0
0
0
0
0
0
0
0
0
0
0
0
0
0
0
0
0
0
0
0
0
0
0
0
0
0
0
0
0
0
0
0
0
0
0
0
0
0
0
0
0
0
0
0
0
0
0
0
0
0
0
0
0
0
0
0
0
0
0
0
0
0
0
0
0
0
0
0
0
0
0
0
0
0
0
0
0
0
0
0
0
0
0
0
0
0
0
0
0
0
0
0
0
0
0
0
0
0
0
0
0
0
0
0
0
0
0
0
0
0
0
0
0
0
0
0
0
0
0
0
0
0
0
0
0
0
0
0
0
0
0
0
0
0
0
0
0
0
0
0
0
0
0
0
0
0
0
0
0
0
0
0
0
0
0
0
0
0
0
0
0
0
0
0
0
0
0
0
0
0
0
0
0
0
0
0
0
0
0
0
0
0
0
0
0
0
0
0
0
0
0
0
0
0
0
0
0
0
0
0
0
0
0
0
0
0
0
0
0
0
0
0
0
0
0
0
0
0
0
0
0
0
0
0
0
0
0
0
0
0
0
0
0
0
0
0
0
0
0
0
0
0
0
0
0
0
0
0
0
0
0
0
0
0
0
0
0
0
0
0
0
0
0
0
0
0
0
0
0
0
0
0
0
0
0
0
0
0
0
0
0
0
0
0
0
0
0
0
0
0
0
0
0
0
0
0
0
0
0
0
0
0
0
0
0
0
0
0
0
0
0
0
0
0
0
0
0
0
0
0
0
0
0
0
0
0
0
0
0
0
0
0
0
0
0
0
0
0
0
0
0
0
0
0
0
0
0
0
0
0
0
0
0
0
0
0
0
0
0
0
0
0
0
0
0
0
0
0
0
0
0
0
0
0
0
0
0
0
0
0
0
0
0
0
0
0
0
0
0
0
0
0
0
0
0
0
0
0
0
0
0
0
0
0
0
0
0
0
0
0
0
0
0
0
0
0
0
0
0
0
0
0
0
0
0
0
0
0
0
0
0
0
0
0
0
0
0
0
0
0
0
0
0
0
0
0
0
0
0
0
0
0
0
0
0
0
0
0
0
0
0
0
0
0
0
0
0
0
0
0
0
0
0
0
0
0
0
0
0
0
0
0
0
0
0
0
0
0
0
0
0
0
0
0
0
0
0
0
0
0
0
0
0
0
0
0
0
0
0
0
0
0
0
0
0
0
0
0
0
0
0
0
0
0
0
0
0
0
0
0
0
0
0
0
0
0
0
0
0
0
0
0
0
0
0
0
0
0
0
0
0
0
0
0
0
0
0
0
0
0
0
0
0
0
0
0
0
0
0
0
0
0
0
0
0
0
0
0
0
0
0
0
0
0
0
0
0
0
0
0
0
0
0
0
0
0
0
0
0
0
0
0
0
0
0
0
0
0
0
0
0
0
0
0
0
0
0
0
0
0
0
0
0
0
0
0
0
0
0
0
0
0
0
0
0
0
0
0
0
0
0
0
0
0
0
0
0
0
0
0
0
0
0
0
0
0
0
0
0
0
0
0
0
0
0
0
0
0
0
0
0
0
0
0
0
0
0
0
0
0
0
0
0
0
0
0
0
0
0
0
0
0
0
0
0
0
0
0
0
0
0
0
0
0
0
0
0
0
0
0
0
0
0
0
0
0
0
0
0
0
0
0
0
0
0
0
0
0
0
0
0
0
0
0
0
0
0
0
0
0
0
0
0
0
0
0
0
0
0
0
0
0
0
0
0
0
0
0
0
0
0
0
0
0
0
0
0
0
0
0
0
0
0
0
0
0
0
0
0
0
0
0
0
0
0
0
0
0
0
0
0
0
0
0
0
0
0
0
0
0
0
0
0
0
0
0
0
0
0
0
0
0
0
0
0
0
0
0
0
0
0
0
0
0
0
0
0
0
0
0
0
0
0
0
0
0
0
0
0
0
0
0
0
0
0
0
0
0
0
0
0
0
0
0
0
0
0
0
0
0
0
0
0
0
0
0
0
0
0
0
0
0
0
0
0
0
0
0
0
0
0
0
0
0
0
0
0
0
0
0
0
0
0
0
0
0
0
0
0
0
0
0
0
0
0
0
0
0
0
0
0
0
0
0
0
0
0
0
0
0
0
0
0
0
0
0
0
0
0
0
0
0
0
0
0
0
0
0
0
0
0
0
0
0
0
0
0
0
0
0
0
0
0
0
0
0
0
0
0
0
0
0
0
0
0
0
0
0
0
0
0
0
0
0
0
0
0
0
0
0
0
0
0
0
0
0
0
0
0
0
0
0
0
0
0
0
0
0
0
0
0
0
0
0
0
0
0
0
0
0
0
0
0
0
0
0
0
0
0
0
0
0
0
0
0
0
0
0
0
0
0
0
0
0
0
0
0
0
0
0
0
0
0
0
0
0
0
0
0
0
0
0
0
0
0
0
0
0
0
0
0
0
0
0
0
0
0
0
0
0
0
0
0
0
0
0
0
0
0
0
0
0
0
0
0
0
0
0
0
0
0
0
0
0
0
0
0
0
0
0
0
0
0
0
0
0
0
0
0
0
0
0
0
0
0
0
0
0
0
0
0
0
0
0
0
0
0
0
0
0
0
0
0
0
0
0
0
0
0
0
0
0
0
0
0
0
0
0
0
0
0
0
0
0
0
0
0
0
0
0
0
0
0
0
0
0
0
0
0
0
0
0
0
0
0
0
0
0
0
0
0
0
0
0
0
0
0
0
0
0
0
0
0
0
0
0
0
0
0
0
0
0
0
0
0
0
0
0
0
0
0
0
0
0
0
0
0
0
0
0
0
0
0
0
0
0
0
0
0
0
0
0
0
0
0
0
0
0
0
0
0
0
0
0
0
0
0
0
0
0
0
0
0
0
0
0
0
0
0
0
0
0
0
0
0
0
0
0
0
0
0
0
0
0
0
0
0
0
0
0
0
0
0
0
0
0
0
0
0
0
0
0
0
0
0
0
0
0
0
0
0
0
0
0
0
0
0
0
0
0
0
0
0
0
0
0
0
0
0
0
0
0
0
0
0
0
0
0
0
0
0
0
0
0
0
0
0
0
0
0
0
0
0
0
0
0
0
0
0
0
0
0
0
0
0
0
0
0
0
0
0
0
0
0
0
0
0
0
0
0
0
0
0
0
0
0
0
0
0
0
0
0
0
0
0
0
0
0
0
0
0
0
0
0
0
0
0
0
0
0
0
0
0
0
0
0
0
0
0
0
0
0
0
0
0
0
0
0
0
0
0
0
0
0
0
0
0
0
0
0
0
0
0
0
0
0
0
0
0
0
0
0
0
0
0
0
0
0
0
0
0
0
0
0
0
0
0
0
0
0
0
0
0
0
0
0
0
0
0
0
0
0
0
0
0
0
0
0
0
0
0
0
0
0
0
0
0
0
0
0
0
0
0
0
0
0
0
0
0
0
0
0
0
0
0
0
0
0
0
0
0
0
0
0
0
0
0
0
0
0
0
0
0
0
0
0
0
0
0
0
0
0
0
0
0
0
0
0
0
0
0
0
0
0
0
0
0
0
0
0
0
0
0
0
0
0
0
0
0
0
0
0
0
0
0
0
0
0
0
0
0
0
0
0
0
0
0
0
0
0
0
0
0
0
0
0
0
0
0
0
0
0
0
0
0
0
0
0
0
0
0
0
0
0
0
0
0
0
0
0
0
0
0
0
0
0
0
0
0
0
0
0
0
0
0
0
0
0
0
0
0
0
0
0
0
0
0
0
0
0
0
0
0
0
0
0
0
0
0
0
0
0
0
0
0
0
0
0
0
0
0
0
0
0
0
0
0
0
0
0
0
0
0
0
0
0
0
0
0
0
0
0
0
0
0
0
0
0
0
0
0
0
0
0
0
0
0
0
0
0
0
0
0
0
0
0
0
0
0
0
0
0
0
0
0
0
0
0
0
0
0
0
0
0
0
0
0
0
0
0
0
0
0
0
0
0
0
0
0
0
0
0
0
0
0
0
0
0
0
0
0
0
0
0
0
0
0
0
0
0
0
0
0
0
0
0
0
0
0
0
0
0
0
0
0
0
0
0
0
0
0
0
0
0
0
0
0
0
0
0
0
0
0
0
0
0
0
0
0
0
0
0
0
0
0
0
0
0
0
0
0
0
0
0
0
0
0
0
0
0
0
0
0
0
0
0
0
0
0
0
0
0
0
0
0
0
0
0
0
0
0
0
0
0
0
0
0
0
0
0
0
0
0
0
0
0
0
0
0
0
0
0
0
0
0
0
0
0
0
0
0
0
0
0
0
0
0
0
0
0
0
0
0
0
0
0
0
0
0
0
0
0
0
0
0
0
0
0
0
0
0
0
0
0
0
0
0
0
0
0
0
0
0
0
0
0
0
0
0
0
0
0
0
0
0
0
0
0
0
0
0
0
0
0
0
0
0
0
0
0
0
0
0
0
0
0
0
0
0
0
0
0
0
0
0
0
0
0
0
0
0
0
0
0
0
0
0
0
0
0
0
0
0
0
0
0
0
0
0
0
0
0
0
0
0
0
0
0
0
0
0
0
0
0
0
0
0
0
0
0
0
0
0
0
0
0
0
0
0
0
0
0
0
0
0
0
0
0
0
0
0
0
0
0
0
0
0
0
0
0
0
0
0
0
0
0
0
0
0
0
0
0
0
0
0
0
0
0
0
0
0
0
0
0
0
0
0
0
0
0
0
0
0
0
0
0
0
0
0
0
0
0
0
0
0
0
0
0
0
0
0
0
0
0
0
0
0
0
0
0
0
0
0
0
0
0
0
0
0
0
0
0
0
0
0
0
0
0
0
0
0
0
0
0
0
0
0
0
0
0
0
0
0
0
0
0
0
0
0
0
0
0
0
0
0
0
0
0
0
0
0
0
0
0
0
0
0
0
0
0
0
0
0
0
0
0
0
0
0
0
0
0
0
0
0
0
0
0
0
0
0
0
0
0
0
0
0
0
0
0
0
0
0
0
0
0
0
0
0
0
0
0
0
0
0
0
0
0
0
0
0
0
0
0
0
0
0
0
0
0
0
0
0
0
0
0
0
0
0
0
0
0
0
0
0
0
0
0
0
0
0
0
0
0
0
0
