-65
-289
-2116
-590
-1553
-552
-1584
-49
103
-3067
-1132
-1973
-2104
-32
1
-226
-173
268
-1636
-1708
227
-1419
-15569
-448
551
-1939
-2225
-2349
-2708
-14037
-68
800
-5
-248
-1751
-708
-1784
-1421
-2021
-60
346
-2871
-1854
-2609
-2845
1235
-43
489
-118
1066
-2727
-2810
828
-1937
-18880
-272
130
-4775
-3007
-1251
-3086
-18100
30
-176
-59
297
-2329
-646
-1324
-2238
-2808
-113
893
-2768
-1314
142
-3120
-517
-32
683
-20
326
-2900
-3404
-1359
-2724
-14721
-182
447
-4454
-3130
-2963
-2544
-17082
-64
252
-92
1147
-3567
-1852
-2361
-4090
-4264
-142
1875
-3103
-2901
-849
-2837
413
-81
1255
-82
-179
-2581
-4219
-1573
-4045
-12160
44
419
-3614
-2751
-2260
-2450
-22015
45
545
-75
1236
-2373
-2300
-1044
-3721
-3285
-153
1547
-4083
-4971
-1574
-4588
1620
-109
1661
-144
-308
-1412
-3549
-1621
-3141
-17846
-97
218
-3673
-3822
-4069
-3786
-16560
2
790
-37
472
-1704
-1774
-1094
-1413
-2035
-170
778
-2289
-2728
-679
-2621
-272
-5
779
-82
258
-1003
-2841
-885
-1960
-16624
-92
-380
-2179
-2593
-2755
-2381
-16758
-100
151
-48
368
-1868
-788
-2291
-1042
-2000
-286
391
-1077
-345
-1414
-1294
-1598
-49
296
3
-888
-1033
-3267
-27
-1875
-15055
-157
-913
-321
-1275
-2024
-1535
-20991
52
-925
-114
203
-1347
416
-1057
-1583
-1543
-190
504
-1442
43
-1190
-2124
-1516
-49
32
-100
-488
-922
-2366
-1205
-1406
-16958
-330
356
-773
-1405
-2882
-2049
-18986
-2
-163
107
50
-2842
-314
-1667
-1520
-2054
175
860
-3796
-196
-2638
-2942
-38
35
-303
-266
414
-2367
-3163
966
-1949
-20662
-393
-62
-3259
-2822
-1818
-3122
-20559
-139
562
43
132
-1874
826
-1779
-1796
-1933
-113
796
-4621
75
-4425
-4485
1049
-138
1273
-133
174
-3076
-2698
-112
-1847
-19854
-164
-561
-6556
-4556
-3337
-4662
-12796
-72
-705
4
-349
-3055
-2407
-228
-2906
-2718
-72
-31
-3822
-2492
-1575
-3195
1740
36
593
-4
1562
-1662
-3664
-658
-2512
-22169
-8
910
-3673
-3799
-2938
-2500
-25621
33
-172
119
465
-5022
-3412
-1363
-3720
-4052
129
-111
-5374
-4011
-3057
-3481
3135
94
187
-110
1304
-83
-5368
-1531
-3826
-15327
-103
795
-3663
-3963
-3416
-2857
-21848
-72
912
198
477
-4736
-2628
-3922
-3728
-4046
91
-406
-6238
-4466
-5320
-5477
1984
-85
-650
-309
-874
231
-5035
-805
-4030
-17287
-243
-224
-4093
-5026
-3989
-4579
-15738
-133
103
-113
437
-4048
-1965
-1387
-3043
-3856
-79
22
-3459
-2328
-2451
-3280
-1304
-87
427
-306
185
-2265
-5315
-1423
-3727
-12087
-255
-794
-3152
-2988
-2042
-3133
-17321
-64
-98
-233
1217
-2353
-476
-707
-667
-1788
-241
400
-2035
-519
-1138
-1118
-1231
-288
1374
-30
-517
-1562
-3155
-262
-1642
-23202
-39
-535
-1975
-211
-766
-1439
-28394
282
59
-146
268
-2059
389
-1285
-1762
-1966
23
243
-2430
103
-1955
-2415
-1299
-88
0
-208
-810
-624
-2868
-1220
-1807
-16169
-227
-199
-1443
-1118
-2516
-2544
-17531
73
-997
4
3672
-5529
5950
-4410
-4631
-4874
13
4793
-6976
5625
-7191
-6582
-2910
80
2988
-221
1142
-5670
-5512
-5014
-4893
-20583
75
1264
-9454
-7177
-6889
-8021
-16914
-70
1156
-109
3618
-4958
4987
-4265
-5035
-4320
-134
4465
-7991
3412
-8208
-7357
-1011
86
2987
-214
-1193
-5229
-4961
-2974
-4377
-26623
97
-1390
-10001
-6995
-6415
-7873
-17462
25
-1041
3
311
-1359
-355
-412
-1970
-1676
-213
422
-4167
-2049
-3051
-3999
2980
6
1477
171
629
-1737
-2886
-1329
-1747
-20287
194
-370
-5442
-4200
-4357
-3093
-15852
184
-1696
288
-987
-3432
-2658
-1121
-1983
-2819
73
-1230
-5298
-3899
-3600
-3558
4490
-26
-100
137
1696
-1270
-4845
47
-2762
-19947
-77
874
-4888
-4200
-3937
-2610
-21362
-127
110
493
-1866
-3440
-1343
-3563
-1110
-2633
229
-2146
-4996
-2223
-4497
-3957
1599
-142
-1249
8
-390
43
-3241
-45
-2445
-23799
-133
-176
-3516
-3607
-3981
-3284
-20586
-131
-268
264
-851
-3373
-515
-2100
-1099
-2774
77
-969
-3038
-219
-3499
-2612
-1718
-197
-241
-57
1183
-2008
-3562
-1011
-2500
-21602
-145
-289
-3684
-1803
-1440
-2285
-23904
-75
-582
97
1454
-3202
530
-2020
273
-2054
-42
1157
-3978
225
-3903
-2541
-2721
-232
953
-58
-38
-2085
-3446
-1094
-2140
-22378
-74
-89
-3647
-1679
-2329
-3120
-19421
-10
470
-174
2
-3579
1803
-1944
-660
-2555
-14
153
-3698
2373
-2666
-2418
-2843
-72
-295
-293
-1781
-1805
-3699
-2638
-2455
-16527
-205
-1098
-3306
-1461
-3697
-2743
-17450
40
-724
-195
-304
-14249
12900
-13711
-12577
-13738
144
-294
-10004
13857
-9580
-8776
-8833
239
-74
-381
2464
-13350
-12468
-14131
-13549
12975
321
2892
-15376
-9663
-12101
-10991
-16417
106
1467
-270
-260
-13641
14587
-14442
-12512
-13419
158
-320
-9739
14445
-9693
-8516
-7772
248
-352
-437
-3340
-14011
-12212
-13424
-13150
11102
313
-3666
-16045
-8857
-13276
-9625
-19767
340
-2015
-144
1143
-4016
4845
-3341
-3540
-3833
-125
-32
-6084
2801
-4871
-4941
957
-28
-313
126
-1924
-5226
-5148
-3861
-3795
-25016
136
-3403
-8652
-4302
-7465
-4115
-26936
202
-2336
119
1587
-2815
126
-888
-1526
-2654
-142
522
-5386
-1617
-3752
-4208
2885
-150
1062
179
1378
-3756
-4118
-1233
-2754
-20690
-153
510
-6947
-4943
-5326
-2973
-17053
-40
-467
278
1086
-2319
-852
-277
-1368
-2369
63
926
-3779
-1038
-3309
-3616
1444
-47
365
-26
-246
-2877
-3430
-999
-2373
-22624
-182
-458
-6103
-3813
-3951
-2331
-20649
-22
-486
229
169
-2924
296
-1047
-2302
-3141
43
146
-3145
1410
-3975
-3538
-1198
-111
106
-117
1061
-4433
-4418
-1265
-3143
-13895
-151
374
-6930
-3475
-2232
-2542
-15831
-52
-19
244
429
-3749
1862
-3457
-843
-2833
26
41
-5420
2697
-6130
-4540
-2392
-73
244
-167
319
-4740
-4719
-424
-3015
-20312
-227
-828
-7352
-4726
-3208
-4516
-14537
-215
-433
1
191
-2907
1941
-1795
367
-1986
113
214
-3635
2997
-2936
-2688
-2458
-41
-154
-305
-1620
-2306
-2994
-1892
-1923
-23943
-217
-1557
-4027
-2468
-3785
-2687
-22257
-26
-1088
25
-4005
-6807
6014
-6893
-5826
-6143
62
-4822
-7389
5393
-6067
-6021
-848
134
-3846
-168
1647
-7728
-5002
-4129
-5810
-17643
0
1843
-10503
-6345
-7322
-6055
-22650
28
860
-129
-3192
-6890
9720
-10002
-6366
-6777
-121
-4751
-7724
9506
-9130
-7955
-3651
103
-4010
-69
-1339
-9912
-5400
-3984
-6116
-21771
156
-1763
-13750
-8225
-8110
-7589
-23406
235
-713
109
-542
-3181
6849
-4785
-2520
-3648
-48
-859
-4751
5800
-5279
-5392
-2452
-94
-815
137
303
-6404
-4832
-2987
-3319
-15092
86
-803
-8671
-5386
-7061
-4595
-12809
57
205
224
-356
-2758
2162
-2128
-1226
-2806
9
-1179
-5311
1890
-3375
-4745
-1757
-10
-509
112
2045
-5346
-3921
-1928
-2752
-24885
25
706
-7156
-5507
-5954
-3185
-19979
56
-547
255
-439
-3897
-1639
-961
-2377
-3317
191
-582
-3770
87
-1158
-3336
-819
95
-17
35
474
-4657
-2854
-1208
-3435
-16592
-78
35
-6112
-4498
-2796
-1695
-21069
197
-154
181
-77
-3486
138
-1217
-2143
-3165
45
250
-4292
1368
-2922
-4014
-2025
-90
347
-33
503
-4390
-2324
-2667
-3039
-18210
-208
-134
-7534
-4159
-2767
-2763
-16884
60
-406
203
-479
-4135
1983
-3444
-1730
-3478
37
539
-3090
3141
-3863
-2438
-2141
-111
792
-145
816
-3801
-3898
-2346
-3352
-15957
-122
-195
-5090
-2445
-2815
-2338
-23284
-94
609
109
-398
-3463
2069
-3298
-1072
-3107
136
297
-2481
3420
-2912
-2085
-2456
12
149
-251
-793
-2919
-3693
-2552
-3018
-17035
-231
-764
-3715
-2057
-3278
-2072
-24253
-23
-63
328
-966
-2994
1744
-2709
-2182
-2480
130
-419
-3774
2233
-3839
-2790
431
151
-534
-209
597
-3267
-2205
-906
-2390
-19201
-342
-306
-4716
-2847
-4114
-1969
-21171
-138
-150
327
-653
-3622
2471
-5161
-1889
-3046
63
-573
-2855
4131
-4244
-2606
-2180
-66
-400
114
318
-4701
-1991
-714
-2961
-21059
-231
-1582
-6093
-3429
-2636
-1384
-27097
-82
-583
-66
-296
-3321
3248
-3876
-1827
-3295
-186
-416
-3176
3076
-4248
-3511
-2403
-268
761
206
966
-4351
-3456
-2740
-3198
-21379
182
1020
-5505
-4114
-5152
-1928
-24104
128
1656
-37
-468
-1549
2748
-3069
-1586
-2446
-204
-469
-3919
2050
-4361
-5221
-3261
-152
910
140
1343
-3439
-2558
-2745
-2364
-24934
35
216
-5365
-5048
-7149
-3021
-16653
4
44
160
-1086
-3382
-922
-3486
-2324
-3492
-37
-1621
-4924
702
-2805
-4589
-3154
38
-376
225
1294
-4120
-2099
-1567
-3599
-20265
-93
-724
-6852
-5908
-4430
-2913
-16492
151
-1151
188
-332
-4307
-1052
-2337
-1662
-2763
49
-589
-4163
1344
-2189
-2339
-1869
-80
120
207
-362
-1603
117
-2878
-2669
-24383
-112
220
-4365
-3028
-2842
-473
-28094
-71
-236
37
-747
-5758
2767
-4383
-3928
-4872
-44
995
-4718
4403
-5290
-3761
-3765
-91
1227
-144
-222
-4213
-3014
-3861
-4687
-17787
-90
488
-6541
-3584
-4495
-3141
-23423
-12
1380
4
-861
-3061
4672
-3749
-2493
-2981
-84
-114
-4592
5214
-5024
-5082
-3850
-20
-79
-172
-595
-4464
-2730
-2821
-2835
-22205
-187
-1080
-7460
-4490
-5213
-4273
-15753
70
-1022
-132
870
-1785
2344
-2631
-3205
-2986
-199
1171
-4006
1558
-5785
-5481
-343
-8
941
-175
313
-3885
-3816
-2110
-3033
-19737
-319
89
-7058
-4711
-6451
-4739
-14504
-35
163
-147
489
-3584
3142
-3928
-2776
-3772
-301
1782
-5100
3745
-5953
-4410
-2434
-54
2097
59
1690
-3559
-4526
-4035
-3766
-17990
-121
-404
-7052
-5077
-5763
-3558
-17982
7
-88
-411
65
-3020
3744
-3785
-1559
-3394
-420
369
-4479
3621
-5246
-4438
-2354
-233
70
148
737
-4040
-3158
-5583
-3322
-17076
104
1377
-6881
-5813
-6990
-3846
-15565
94
2037
-534
-194
429
2313
-2984
-2193
-3320
-523
75
-1661
1396
-6457
-5580
-1674
-225
589
37
-75
-4354
-3851
-5309
-3184
-22032
45
-971
-7883
-5684
-9402
-4990
-16910
99
-622
-287
5
-583
-1039
-1850
-84
-2166
-387
-876
-1602
-26
-2981
-2310
-1561
-149
-221
254
1256
-2768
-2431
-1804
-2034
-21584
-36
-982
-4989
-3277
-4222
-1090
-21732
33
-1360
-223
-114
-3363
-1357
-1116
-459
-2162
-361
-399
-4169
610
-2765
-1821
-2158
-36
-471
237
-946
-999
-750
-2605
-2033
-23428
-212
878
-3241
-2672
-3075
244
-24903
-165
1934
-312
27
-5537
3775
-4274
-2930
-4706
-269
-427
-6827
5661
-5843
-5228
-6198
-23
-340
-167
-317
-5525
-3147
-5005
-4581
-16474
-38
587
-8205
-6253
-6665
-5007
-11821
-61
219
-377
-311
-3626
3785
-2870
-2424
-3982
-349
215
-3278
4641
-3065
-3585
-4345
-133
558
-144
-928
-7182
-2374
-4593
-3808
-18498
178
-2183
-8366
-4912
-4817
-4044
-20471
356
-2050
-205
-1331
-1439
540
-2024
-2453
-2775
-217
-1354
-2680
-403
-4317
-4081
730
-56
-1172
-161
-18
-4074
-3528
-1317
-2753
-19381
-193
647
-5745
-4013
-5164
-4144
-18866
49
281
-301
-1534
-3206
2408
-3647
-3316
-3889
-375
-1592
-5353
2120
-6259
-4998
-1770
-68
-1971
-46
181
-3912
-5058
-3168
-3844
-14992
-191
-487
-5847
-5529
-6939
-5249
-12658
63
-476
-303
-2332
-1663
3140
-1770
-825
-1952
-426
-1452
-4228
2489
-3595
-3620
-1163
-243
-1517
141
-877
-3727
-2521
-2839
-1920
-20051
-26
-126
-5629
-4472
-6418
-3812
-14352
167
-320
-511
-2021
-24
199
-533
-301
-1695
-450
-1679
230
892
-2449
-1467
-696
-249
-2201
-47
494
-3206
-2277
-1937
-1471
-21271
3
255
-3535
-2152
-3235
-1978
-26098
214
129
-252
-2228
-1117
-876
-19
-19
-1281
-204
-1117
-628
-129
-1530
-730
-102
-147
-972
23
620
-1982
-1782
-875
-1088
-17539
-252
-160
-2311
-1287
-1965
-430
-22368
58
-1154
-216
-1122
-2936
-2158
-21
27
-2171
-159
-1203
-2045
-650
-1061
-270
-603
-43
-963
76
-538
-753
-1433
-3055
-2038
-12853
-429
1074
-1660
-1007
-2948
83
-19684
-72
1363
-354
-922
-1961
-2147
-1957
-1109
-2685
-270
-973
-1638
-204
-1826
-1681
-2039
-165
-784
-146
-337
-3620
-461
-1620
-2574
-19821
-292
392
-3909
-2239
-3372
-2169
-22991
12
520
-426
-1216
-573
-1808
-3203
-3180
-3649
-359
-669
-838
-1689
-4261
-4676
-1937
-78
-446
-178
147
-5494
-2880
-1384
-3703
-15491
-30
-184
-6828
-5298
-3980
-5013
-15219
275
169
0
0
0
0
0
0
0
0
0
0
0
-1500
-1406
-1478
762
-1393
0
0
0
0
0
0
0
0
0
0
0
-1067
-1813
-864
-1394
-12699
0
0
0
0
0
0
0
0
0
0
0
-1744
-1181
-462
382
-1600
0
0
0
0
0
0
0
0
0
0
0
-1824
-2491
-425
-1458
-17463
0
0
0
0
0
0
0
0
0
0
0
-2570
-896
-26
-511
-1995
0
0
0
0
0
0
0
0
0
0
0
-1810
-2753
-1242
-1904
-15262
0
0
0
0
0
0
0
0
0
0
0
-3090
-628
-910
-2301
-2229
0
0
0
0
0
0
0
0
0
0
0
-775
-2598
-835
-2193
-19179
0
0
0
0
0
0
0
0
0
0
0
-2529
-1255
-399
-1827
-2025
0
0
0
0
0
0
0
0
0
0
0
107
-2030
-1869
-1882
-20459
0
0
0
0
0
0
0
0
0
0
0
-2391
-1806
-923
1
-1890
0
0
0
0
0
0
0
0
0
0
0
-413
-2180
-1788
-1770
-14894
0
0
0
0
0
0
0
0
0
0
0
-1653
-1273
-1390
904
-1241
0
0
0
0
0
0
0
0
0
0
0
-537
-1890
-730
-1176
-16677
0
0
0
0
0
0
0
0
0
0
0
-628
-588
-583
-242
-998
0
0
0
0
0
0
0
0
0
0
0
-85
-1254
-1603
-953
-16382
0
0
0
0
0
0
0
0
0
0
0
-1240
-470
-1432
544
-1765
0
0
0
0
0
0
0
0
0
0
0
-1879
-2549
-943
-1522
-19277
0
0
0
0
0
0
0
0
0
0
0
-1365
68
-368
-807
-1610
0
0
0
0
0
0
0
0
0
0
0
-2589
-1611
-926
-1413
-17148
0
0
0
0
0
0
0
0
0
0
0
-3287
-2456
49
-1702
-2842
0
0
0
0
0
0
0
0
0
0
0
-2340
-2397
-1957
-2775
-19094
0
0
0
0
0
0
0
0
0
0
0
-3969
-2097
-1374
-1958
-2927
0
0
0
0
0
0
0
0
0
0
0
187
-4218
-2041
-3031
-18186
0
0
0
0
0
0
0
0
0
0
0
-4822
-2426
-3645
-1189
-3421
0
0
0
0
0
0
0
0
0
0
0
1419
-4676
-2905
-3557
-15201
0
0
0
0
0
0
0
0
0
0
0
-3629
-1668
-945
-520
-2420
0
0
0
0
0
0
0
0
0
0
0
-718
-3563
-1860
-2235
-16255
0
0
0
0
0
0
0
0
0
0
0
-2332
-1513
-1031
1082
-2077
0
0
0
0
0
0
0
0
0
0
0
-2076
-2031
-1663
-1904
-20165
0
0
0
0
0
0
0
0
0
0
0
-1415
-643
-816
-287
-1150
0
0
0
0
0
0
0
0
0
0
0
284
-1308
-1602
-1054
-16406
0
0
0
0
0
0
0
0
0
0
0
-2984
3008
-3782
-3229
-4240
0
0
0
0
0
0
0
0
0
0
0
-4317
-4420
-3645
-4004
-16750
0
0
0
0
0
0
0
0
0
0
0
-1895
3403
-2410
-4150
-3221
0
0
0
0
0
0
0
0
0
0
0
-4158
-2953
-1954
-2920
-24171
0
0
0
0
0
0
0
0
0
0
0
-1928
-372
365
-565
-1566
0
0
0
0
0
0
0
0
0
0
0
-1620
-1487
-1299
-1388
-20275
0
0
0
0
0
0
0
0
0
0
0
-2628
-1737
-1129
390
-2568
0
0
0
0
0
0
0
0
0
0
0
-1777
-3930
-1339
-2317
-21382
0
0
0
0
0
0
0
0
0
0
0
-2961
-2095
-4179
494
-3049
0
0
0
0
0
0
0
0
0
0
0
-307
-3759
-2310
-2941
-17330
0
0
0
0
0
0
0
0
0
0
0
-3513
-1561
-2278
304
-2826
0
0
0
0
0
0
0
0
0
0
0
-1669
-3190
-1988
-2682
-18586
0
0
0
0
0
0
0
0
0
0
0
-3206
-1243
-1565
1968
-2424
0
0
0
0
0
0
0
0
0
0
0
-2250
-2941
-2486
-2245
-17759
0
0
0
0
0
0
0
0
0
0
0
-2486
-406
-1377
914
-1755
0
0
0
0
0
0
0
0
0
0
0
-713
-2456
-2575
-1680
-15916
0
0
0
0
0
0
0
0
0
0
0
-9606
8148
-10527
-10858
-9407
0
0
0
0
0
0
0
0
0
0
0
-7173
-9438
-6356
-9580
64
0
0
0
0
0
0
0
0
0
0
0
-9118
10815
-9973
-9540
-8266
0
0
0
0
0
0
0
0
0
0
0
-7855
-8565
-5707
-8262
-5532
0
0
0
0
0
0
0
0
0
0
0
-3679
2865
-1754
-1249
-3278
0
0
0
0
0
0
0
0
0
0
0
-4596
-3522
-2934
-2994
-24257
0
0
0
0
0
0
0
0
0
0
0
-2731
-363
-817
1437
-2413
0
0
0
0
0
0
0
0
0
0
0
-3704
-3986
-1882
-2303
-20917
0
0
0
0
0
0
0
0
0
0
0
-3068
-1328
-1621
1263
-2603
0
0
0
0
0
0
0
0
0
0
0
-2536
-3544
-1864
-2650
-19139
0
0
0
0
0
0
0
0
0
0
0
-3625
-516
-1282
268
-2262
0
0
0
0
0
0
0
0
0
0
0
-2759
-2933
-1053
-2287
-15227
0
0
0
0
0
0
0
0
0
0
0
-3837
-282
-2853
2703
-2828
0
0
0
0
0
0
0
0
0
0
0
-3916
-3991
-1930
-2471
-16900
0
0
0
0
0
0
0
0
0
0
0
-2512
-620
-1692
2461
-1871
0
0
0
0
0
0
0
0
0
0
0
-1638
-2143
-2931
-1689
-19880
0
0
0
0
0
0
0
0
0
0
0
-3848
3217
-5876
-5117
-4666
0
0
0
0
0
0
0
0
0
0
0
-4513
-4069
-2636
-4746
-18356
0
0
0
0
0
0
0
0
0
0
0
-5162
6096
-8029
-4129
-4765
0
0
0
0
0
0
0
0
0
0
0
-6039
-4108
-2100
-4581
-22112
0
0
0
0
0
0
0
0
0
0
0
-4207
4102
-3149
485
-2604
0
0
0
0
0
0
0
0
0
0
0
-4363
-3361
-2052
-2439
-13435
0
0
0
0
0
0
0
0
0
0
0
-4169
-332
-2337
2763
-3059
0
0
0
0
0
0
0
0
0
0
0
-5160
-4418
-2637
-3006
-20220
0
0
0
0
0
0
0
0
0
0
0
-4767
-2349
-2415
2111
-3278
0
0
0
0
0
0
0
0
0
0
0
-4395
-2882
-2905
-3447
-15281
0
0
0
0
0
0
0
0
0
0
0
-4368
-1008
-2335
953
-2935
0
0
0
0
0
0
0
0
0
0
0
-3624
-713
-4299
-3016
-16672
0
0
0
0
0
0
0
0
0
0
0
-4108
435
-3526
1045
-3079
0
0
0
0
0
0
0
0
0
0
0
-3280
-1993
-3793
-2940
-14741
0
0
0
0
0
0
0
0
0
0
0
-3300
-141
-2557
612
-2553
0
0
0
0
0
0
0
0
0
0
0
-1931
-1845
-2901
-2400
-15537
0
0
0
0
0
0
0
0
0
0
0
-1371
958
-2813
-417
-1775
0
0
0
0
0
0
0
0
0
0
0
-1368
-1995
-882
-1628
-19761
0
0
0
0
0
0
0
0
0
0
0
-2882
754
-4528
332
-2595
0
0
0
0
0
0
0
0
0
0
0
-3567
-1646
-1295
-2580
-19810
0
0
0
0
0
0
0
0
0
0
0
-4116
1364
-3361
595
-2824
0
0
0
0
0
0
0
0
0
0
0
-3192
-2897
-2445
-2939
-18963
0
0
0
0
0
0
0
0
0
0
0
-3063
809
-2496
1365
-2201
0
0
0
0
0
0
0
0
0
0
0
-2646
-2114
-2836
-2053
-20495
0
0
0
0
0
0
0
0
0
0
0
-3670
-1291
-3000
1995
-2567
0
0
0
0
0
0
0
0
0
0
0
-3241
-1375
-3080
-2377
-22265
0
0
0
0
0
0
0
0
0
0
0
-4440
-2170
-4048
-111
-3571
0
0
0
0
0
0
0
0
0
0
0
-2237
1193
-5470
-3482
-19005
0
0
0
0
0
0
0
0
0
0
0
-4115
1910
-3296
-1573
-2781
0
0
0
0
0
0
0
0
0
0
0
-2233
449
-4164
-2595
-22582
0
0
0
0
0
0
0
0
0
0
0
-2402
2126
-2490
-1069
-1771
0
0
0
0
0
0
0
0
0
0
0
-2082
-247
-2272
-1587
-20786
0
0
0
0
0
0
0
0
0
0
0
-1797
1374
-1761
-1080
-1808
0
0
0
0
0
0
0
0
0
0
0
-1430
-2011
-1495
-1557
-19944
0
0
0
0
0
0
0
0
0
0
0
-3031
1561
-2262
270
-2409
0
0
0
0
0
0
0
0
0
0
0
-2156
-2989
-3200
-2296
-20263
0
0
0
0
0
0
0
0
0
0
0
-4997
1050
-3299
-239
-4059
0
0
0
0
0
0
0
0
0
0
0
-3456
-2656
-5826
-4029
-9752
0
0
0
0
0
0
0
0
0
0
0
-2760
1657
-1840
-638
-2688
0
0
0
0
0
0
0
0
0
0
0
-1745
-2750
-4037
-2281
-19338
0
0
0
0
0
0
0
0
0
0
0
-2522
-2132
-2670
1644
-3053
0
0
0
0
0
0
0
0
0
0
0
-2519
-2832
-3052
-2713
-15276
0
0
0
0
0
0
0
0
0
0
0
-3456
-2525
-2962
95
-3007
0
0
0
0
0
0
0
0
0
0
0
-1723
285
-4342
-2915
-18320
0
0
0
0
0
0
0
0
0
0
0
-4018
1815
-3103
-1462
-2922
0
0
0
0
0
0
0
0
0
0
0
-3619
-830
-4058
-3036
-17536
0
0
0
0
0
0
0
0
0
0
0
-3649
1539
-2558
-2290
-3146
0
0
0
0
0
0
0
0
0
0
0
-4571
-708
-3491
-3048
-16551
0
0
0
0
0
0
0
0
0
0
0
-2147
174
-1719
-1212
-2145
0
0
0
0
0
0
0
0
0
0
0
-1861
-1846
-1754
-1951
-18671
0
0
0
0
0
0
0
0
0
0
0
-2392
1588
-2017
-944
-1811
0
0
0
0
0
0
0
0
0
0
0
-1505
-2801
-1578
-1684
-19843
0
0
0
0
0
0
0
0
0
0
0
-1957
1505
-1234
-295
-1574
0
0
0
0
0
0
0
0
0
0
0
-2037
-1569
-2231
-1407
-18627
0
0
0
0
0
0
0
0
0
0
0
-911
278
-555
-583
-1351
0
0
0
0
0
0
0
0
0
0
0
-1039
-1902
-1584
-1111
-21040
0
0
0
0
0
0
0
0
0
0
0
-1455
-1133
-521
-635
-1732
0
0
0
0
0
0
0
0
0
0
0
-801
-1626
-1370
-1450
-14867
0
0
0
0
0
0
0
0
0
0
0
-2439
-2413
-1366
-1106
-2608
0
0
0
0
0
0
0
0
0
0
0
-751
-1346
-3582
-2514
-11005
0
0
0
0
0
0
0
0
0
0
0
-1475
-1631
-2095
-1549
-2135
0
0
0
0
0
0
0
0
0
0
0
-2203
323
-1899
-1979
-21266
0
0
0
0
0
0
0
0
0
0
0
-3189
-1323
-2138
-2945
-2814
0
0
0
0
0
0
0
0
0
0
0
-2358
-1413
-702
-2511
-16012
0
0
0
0
0
0
0
0
0
0
0
0
0
0
0
0
0
0
0
0
0
0
0
0
0
0
0
0
0
0
0
0
0
0
0
0
0
0
0
0
0
0
0
0
0
0
0
0
0
0
0
0
0
0
0
0
0
0
0
0
0
0
0
0
0
0
0
0
0
0
0
0
0
0
0
0
0
0
0
0
0
0
0
0
0
0
0
0
0
0
0
0
0
0
0
0
0
0
0
0
0
0
0
0
0
0
0
0
0
0
0
0
0
0
0
0
0
0
0
0
0
0
0
0
0
0
0
0
0
0
0
0
0
0
0
0
0
0
0
0
0
0
0
0
0
0
0
0
0
0
0
0
0
0
0
0
0
0
0
0
0
0
0
0
0
0
0
0
0
0
0
0
0
0
0
0
0
0
0
0
0
0
0
0
0
0
0
0
0
0
0
0
0
0
0
0
0
0
0
0
0
0
0
0
0
0
0
0
0
0
0
0
0
0
0
0
0
0
0
0
0
0
0
0
0
0
0
0
0
0
0
0
0
0
0
0
0
0
0
0
0
0
0
0
0
0
0
0
0
0
0
0
0
0
0
0
0
0
0
0
0
0
0
0
0
0
0
0
0
0
0
0
0
0
0
0
0
0
0
0
0
0
0
0
0
0
0
0
0
0
0
0
0
0
0
0
0
0
0
0
0
0
0
0
0
0
0
0
0
0
0
0
0
0
0
0
0
0
0
0
0
0
0
0
0
0
0
0
0
0
0
0
0
0
0
0
0
0
0
0
0
0
0
0
0
0
0
0
0
0
0
0
0
0
0
0
0
0
0
0
0
0
0
0
0
0
0
0
0
0
0
0
0
0
0
0
0
0
0
0
0
0
0
0
0
0
0
0
0
0
0
0
0
0
0
0
0
0
0
0
0
0
0
0
0
0
0
0
0
0
0
0
0
0
0
0
0
0
0
0
0
0
0
0
0
0
0
0
0
0
0
0
0
0
0
0
0
0
0
0
0
0
0
0
0
0
0
0
0
0
0
0
0
0
0
0
0
0
0
0
0
0
0
0
0
0
0
0
0
0
0
0
0
0
0
0
0
0
0
0
0
0
0
0
0
0
0
0
0
0
0
0
0
0
0
0
0
0
0
0
0
0
0
0
0
0
0
0
0
0
0
0
0
0
0
0
0
0
0
0
0
0
0
0
0
0
0
0
0
0
0
0
0
0
0
0
0
0
0
0
0
0
0
0
0
0
0
0
0
0
0
0
0
0
0
0
0
0
0
0
0
0
0
0
0
0
0
0
0
0
0
0
0
0
0
0
0
0
0
0
0
0
0
0
0
0
0
0
0
0
0
0
0
0
0
0
0
0
0
0
0
0
0
0
0
0
0
0
0
0
0
0
0
0
0
0
0
0
0
0
0
0
0
0
0
0
0
0
0
0
0
0
0
0
0
0
0
0
0
0
0
0
0
0
0
0
0
0
0
0
0
0
0
0
0
0
0
0
0
0
0
0
0
0
0
0
0
0
0
0
0
0
0
0
0
0
0
0
0
0
0
0
0
0
0
0
0
0
0
0
0
0
0
0
0
0
0
0
0
0
0
0
0
0
0
0
0
0
0
0
0
0
0
0
0
0
0
0
0
0
0
0
0
0
0
0
0
0
0
0
0
0
0
0
0
0
0
0
0
0
0
0
0
0
0
0
0
0
0
0
0
0
0
0
0
0
0
0
0
0
0
0
0
0
0
0
0
0
0
0
0
0
0
0
0
0
0
0
0
0
0
0
0
0
0
0
0
0
0
0
0
0
0
0
0
0
0
0
0
0
0
0
0
0
0
0
0
0
0
0
0
0
0
0
0
0
0
0
0
0
0
0
0
0
0
0
0
0
0
0
0
0
0
0
0
0
0
0
0
0
0
0
0
0
0
0
0
0
0
0
0
0
0
0
0
0
0
0
0
0
0
0
0
0
0
0
0
0
0
0
0
0
0
0
0
0
0
0
0
0
0
0
0
0
0
0
0
0
0
0
0
0
0
0
0
0
0
0
0
0
0
0
0
0
0
0
0
0
0
0
0
0
0
0
0
0
0
0
0
0
0
0
0
0
0
0
0
0
0
0
0
0
0
0
0
0
0
0
0
0
0
0
0
0
0
0
0
0
0
0
0
0
0
0
0
0
0
0
0
0
0
0
0
0
0
0
0
0
0
0
0
0
0
0
0
0
0
0
0
0
0
0
0
0
0
0
0
0
0
0
0
0
0
0
0
0
0
0
0
0
0
0
0
0
0
0
0
0
0
0
0
0
0
0
0
0
0
0
0
0
0
0
0
0
0
0
0
0
0
0
0
0
0
0
0
0
0
0
0
0
0
0
0
0
0
0
0
0
0
0
0
0
0
0
0
0
0
0
0
0
0
0
0
0
0
0
0
0
0
0
0
0
0
0
0
0
0
0
0
0
0
0
0
0
0
0
0
0
0
0
0
0
0
0
0
0
0
0
0
0
0
0
0
0
0
0
0
0
0
0
0
0
0
0
0
0
0
0
0
0
0
0
0
0
0
0
0
0
0
0
0
0
0
0
0
0
0
0
0
0
0
0
0
0
0
0
0
0
0
0
0
0
0
0
0
0
0
0
0
0
0
0
0
0
0
0
0
0
0
0
0
0
0
0
0
0
0
0
0
0
0
0
0
0
0
0
0
0
0
0
0
0
0
0
0
0
0
0
0
0
0
0
0
0
0
0
0
0
0
0
0
0
0
0
0
0
0
0
0
0
0
0
0
0
0
0
0
0
0
0
0
0
0
0
0
0
0
0
0
0
0
0
0
0
0
0
0
0
0
0
0
0
0
0
0
0
0
0
0
0
0
0
0
0
0
0
0
0
0
0
0
0
0
0
0
0
0
0
0
0
0
0
0
0
0
0
0
0
0
0
0
0
0
0
0
0
0
0
0
0
0
0
0
0
0
0
0
0
0
0
0
0
0
0
0
0
0
0
0
0
0
0
0
0
0
0
0
0
0
0
0
0
0
0
0
0
0
0
0
0
0
0
0
0
0
0
0
0
0
0
0
0
0
0
0
0
0
0
0
0
0
0
0
0
0
0
0
0
0
0
0
0
0
0
0
0
0
0
0
0
0
0
0
0
0
0
0
0
0
0
0
0
0
0
0
0
0
0
0
0
0
0
0
0
0
0
0
0
0
0
0
0
0
0
0
0
0
0
0
0
0
0
0
0
0
0
0
0
0
0
0
0
0
0
0
0
0
0
0
0
0
0
0
0
0
0
0
0
0
0
0
0
0
0
0
0
0
0
0
0
0
0
0
0
0
0
0
0
0
0
0
0
0
0
0
0
0
0
0
0
0
0
0
0
0
0
0
0
0
0
0
0
0
0
0
0
0
0
0
0
0
0
0
0
0
0
0
0
0
0
0
0
0
0
0
0
0
0
0
0
0
0
0
0
0
0
0
0
0
0
0
0
0
0
0
0
0
0
0
0
0
0
0
0
0
0
0
0
0
0
0
0
0
0
0
0
0
0
0
0
0
0
0
0
0
0
0
0
0
0
0
0
0
0
0
0
0
0
0
0
0
0
0
0
0
0
0
0
0
0
0
0
0
0
0
0
0
0
0
0
0
0
0
0
0
0
0
0
0
0
0
0
0
0
0
0
0
0
0
0
0
0
0
0
0
0
0
0
0
0
0
0
0
0
0
0
0
0
0
0
0
0
0
0
0
0
0
0
0
0
0
0
0
0
0
0
0
0
0
0
0
0
0
0
0
0
0
0
0
0
0
0
0
0
0
0
0
0
0
0
0
0
0
0
0
0
0
0
0
0
0
0
0
0
0
0
0
0
0
0
0
0
0
0
0
0
0
0
0
0
0
0
0
0
0
0
0
0
0
0
0
0
0
0
0
0
0
0
0
0
0
0
0
0
0
0
0
0
0
0
0
0
0
0
0
0
0
0
0
0
0
0
0
0
0
0
0
0
0
0
0
0
0
0
0
0
0
0
0
0
0
0
0
0
0
0
0
0
0
0
0
0
0
0
0
0
0
0
0
0
0
0
0
0
0
0
0
0
0
0
0
0
0
0
0
0
0
0
0
0
0
0
0
0
0
0
0
0
0
0
0
0
0
0
0
0
0
0
0
0
0
0
0
0
0
0
0
0
0
0
0
0
0
0
0
0
0
0
0
0
0
0
0
0
0
0
0
0
0
0
0
0
0
0
0
0
0
0
0
0
0
0
0
0
0
0
0
0
0
0
0
0
0
0
0
0
0
0
0
0
0
0
0
0
0
0
0
0
0
0
0
0
0
0
0
0
0
0
0
0
0
0
0
0
0
0
0
0
0
0
0
0
0
0
0
0
0
0
0
0
0
0
0
0
0
0
0
0
0
0
0
0
0
0
0
0
0
0
0
0
0
0
0
0
0
0
0
0
0
0
0
0
0
0
0
0
0
0
0
0
0
0
0
0
0
0
0
0
0
0
0
0
0
0
0
0
0
0
0
0
0
0
0
0
0
0
0
0
0
0
0
0
0
0
0
0
0
0
0
0
0
0
0
0
0
0
0
0
0
0
0
0
0
0
0
0
0
0
0
0
0
0
0
0
0
0
0
0
0
0
0
0
0
0
0
0
0
0
0
0
0
0
0
0
0
0
0
0
0
0
0
0
0
0
0
0
0
0
0
0
0
0
0
0
0
0
0
0
0
0
0
0
0
0
0
0
0
0
0
0
0
0
0
0
0
0
0
0
0
0
0
0
0
0
0
0
0
0
0
0
0
0
0
0
0
0
0
0
0
0
0
0
0
0
0
0
0
0
0
0
0
0
0
0
0
0
0
0
0
0
0
0
0
0
0
0
0
0
0
0
0
0
0
0
0
0
0
0
0
0
0
0
0
0
0
0
0
0
0
0
0
0
0
0
0
0
0
0
0
0
0
0
0
0
0
0
0
0
0
0
0
0
0
0
0
0
0
0
0
0
0
0
0
0
0
0
0
0
0
0
0
0
0
0
0
0
0
0
0
0
0
0
0
0
0
0
0
0
0
0
0
0
0
0
0
0
0
0
0
0
0
0
0
0
0
0
0
0
0
0
0
0
0
0
0
0
0
0
0
0
0
0
0
0
0
0
0
0
0
0
0
0
0
0
0
0
0
0
0
0
0
0
0
0
0
0
0
0
0
0
0
0
0
0
0
0
0
0
0
0
0
0
0
0
0
0
0
0
0
0
0
0
0
0
0
0
0
0
0
0
0
0
0
0
0
0
0
0
0
0
0
0
0
0
0
0
0
0
0
0
0
0
0
0
0
0
0
0
0
0
0
0
0
0
0
0
0
0
0
0
0
0
0
0
0
0
0
0
0
0
0
0
0
0
0
0
0
0
0
0
0
0
0
0
0
0
0
0
0
0
0
0
0
0
0
0
0
0
0
0
0
0
0
0
0
0
0
0
0
0
0
0
0
0
0
0
0
0
0
0
0
0
0
0
0
0
0
0
0
0
0
0
0
0
0
0
0
0
0
0
0
0
0
0
0
0
0
0
0
0
0
0
0
0
0
0
0
0
0
0
0
0
0
0
0
0
0
0
0
0
0
0
0
0
0
0
0
0
0
0
0
0
0
0
0
0
0
0
0
0
0
0
0
0
0
0
0
0
0
0
0
0
0
0
0
0
0
0
0
0
0
0
0
0
0
0
0
0
0
0
0
0
0
0
0
0
0
0
0
0
0
0
0
0
0
0
0
0
0
0
0
0
0
0
0
0
0
0
0
0
0
0
0
0
0
0
0
0
0
0
0
0
0
0
0
0
0
0
0
0
0
0
0
0
0
0
0
0
0
0
0
0
0
0
0
0
0
0
0
0
0
0
0
0
0
0
0
0
0
0
0
0
0
0
0
0
0
0
0
0
0
0
0
0
0
0
0
0
0
0
0
0
0
0
0
0
0
0
0
0
0
0
0
0
0
0
0
0
0
0
0
0
0
0
0
0
0
0
0
0
0
0
0
0
0
0
0
0
0
0
0
0
0
0
0
0
0
0
0
0
0
0
0
0
0
0
0
0
0
0
0
0
0
0
0
0
0
0
0
0
0
0
0
0
0
0
0
0
0
0
0
0
0
0
0
0
0
0
0
0
0
0
0
0
0
0
0
0
0
0
0
0
0
0
0
0
0
0
0
0
0
0
0
0
0
0
0
0
0
0
0
0
0
0
0
0
0
0
0
0
0
0
0
0
0
0
0
0
0
0
0
0
0
0
0
0
0
0
0
0
0
0
0
0
0
0
0
0
0
0
0
0
0
0
0
0
0
0
0
0
0
0
0
0
0
0
0
0
0
0
0
0
0
0
0
0
0
0
0
0
0
0
0
0
0
0
0
0
0
0
0
0
0
0
0
0
0
0
0
0
0
0
0
0
0
0
0
0
0
0
0
0
0
0
0
0
0
0
0
0
0
0
0
0
0
0
0
0
0
0
0
0
0
0
0
0
0
0
0
0
0
0
0
0
0
0
0
0
0
0
0
0
0
0
0
0
0
0
0
0
0
0
0
0
0
0
0
0
0
0
0
0
0
0
0
0
0
0
0
0
0
0
0
0
0
0
0
0
0
0
0
0
0
0
0
0
0
0
0
0
0
0
0
0
0
0
0
0
0
0
0
0
0
0
0
0
0
0
0
0
0
0
0
0
0
0
0
0
0
0
0
0
0
0
0
0
0
0
0
0
0
0
0
0
0
0
0
0
0
0
0
0
0
0
0
0
0
0
0
0
0
0
0
0
0
0
0
0
0
0
0
0
0
0
0
0
0
0
0
0
0
0
0
0
0
0
0
0
0
0
0
0
0
0
0
0
0
0
0
0
0
0
0
0
0
0
0
0
0
0
0
0
0
0
0
0
0
0
0
0
0
0
0
0
0
0
0
0
0
0
0
0
0
0
0
0
0
0
0
0
0
0
0
0
0
0
0
0
0
0
0
0
0
0
0
0
0
0
0
0
0
0
0
0
0
0
0
0
0
0
0
0
0
0
0
0
0
0
0
0
0
0
0
0
0
0
0
0
0
0
0
0
0
0
0
0
0
0
0
0
0
0
0
0
0
0
0
0
0
0
0
0
0
0
0
0
0
0
0
0
0
0
0
0
0
0
0
0
0
0
0
0
0
0
0
0
0
0
0
0
0
0
0
0
0
0
0
0
0
0
0
0
0
0
0
0
0
0
0
0
0
0
0
0
0
0
0
0
0
0
0
0
0
0
0
0
0
0
0
0
0
0
0
0
0
0
0
0
0
0
0
0
0
0
0
0
0
0
0
0
0
0
0
0
0
0
0
0
0
0
0
0
0
0
0
0
0
0
0
0
0
0
0
0
0
0
0
0
0
0
0
0
0
0
0
0
0
0
0
0
0
0
0
0
0
0
0
0
0
0
0
0
0
0
0
0
0
0
0
0
0
0
0
0
0
0
0
0
0
0
0
0
0
0
0
0
0
0
0
0
0
0
0
0
0
0
0
0
0
0
0
0
0
0
0
0
0
0
0
0
0
0
0
0
0
0
0
0
0
0
0
0
0
0
0
0
0
0
0
0
0
0
0
0
0
0
0
0
0
0
0
0
0
0
0
0
0
0
0
0
0
0
0
0
0
0
0
0
0
0
0
0
0
0
0
0
0
0
0
0
0
0
0
0
0
0
0
0
0
0
0
0
0
0
0
0
0
0
0
0
0
0
0
0
0
0
0
0
0
0
0
0
0
0
0
0
0
0
0
0
0
0
0
0
0
0
0
0
0
0
0
0
0
0
0
0
0
0
0
0
0
0
0
0
0
0
0
0
0
0
0
0
0
0
0
0
0
0
0
0
0
0
0
0
0
0
0
0
0
0
0
0
0
0
0
0
0
0
0
0
0
0
0
0
0
0
0
0
0
0
0
0
0
0
0
0
0
0
0
0
0
0
0
0
0
0
0
0
0
0
0
0
0
0
0
0
0
0
0
0
0
0
0
0
0
0
0
0
0
0
0
0
0
0
0
0
0
0
0
0
0
0
0
0
0
0
0
0
0
0
0
0
0
0
0
0
0
0
0
0
0
0
0
0
0
0
0
0
0
0
0
0
0
0
0
0
0
0
0
0
0
0
0
0
0
0
0
0
0
0
0
0
0
0
0
0
0
0
0
0
0
0
0
0
0
0
0
0
0
0
0
0
0
0
0
0
0
0
0
0
0
0
0
0
0
0
0
0
0
0
0
0
0
0
0
0
0
0
0
0
0
0
0
0
0
0
0
0
0
0
0
0
0
0
0
0
0
0
0
0
0
0
0
0
0
0
0
0
0
0
0
0
0
0
0
0
0
0
0
0
0
0
0
0
0
0
0
0
0
0
0
0
0
0
0
0
0
0
0
0
0
0
0
0
0
0
0
0
0
0
0
0
0
0
0
0
0
0
0
0
0
0
0
0
0
0
0
0
0
0
0
0
0
0
0
0
0
0
0
0
0
0
0
0
0
0
0
0
0
0
0
0
0
0
0
0
0
0
0
0
0
0
0
0
0
0
0
0
0
0
0
0
0
0
0
0
0
0
0
0
0
0
0
0
0
0
0
0
0
0
0
0
0
0
0
0
0
0
0
0
0
0
0
0
0
0
0
0
0
0
0
0
0
0
0
0
0
0
0
0
0
0
0
0
0
0
0
0
0
0
0
0
0
0
0
0
0
0
0
0
0
0
0
0
0
0
0
0
0
0
0
0
0
0
0
0
0
0
0
0
0
0
0
0
0
0
0
0
0
0
0
0
0
0
0
0
0
0
0
0
0
0
0
0
0
0
0
0
0
0
0
0
0
0
0
0
0
0
0
0
0
0
0
0
0
0
0
0
0
0
0
0
0
0
0
0
0
0
0
0
0
0
0
0
0
0
0
0
0
0
0
0
0
0
0
0
0
0
0
0
0
0
0
0
0
0
0
0
0
0
0
0
0
0
0
0
0
0
0
0
0
0
0
0
0
0
0
0
0
0
0
0
0
0
0
0
0
0
0
0
0
0
0
0
0
0
0
0
0
0
0
0
0
0
0
0
0
0
0
0
0
0
0
0
0
0
0
0
0
0
0
0
0
0
0
0
0
0
0
0
0
0
0
0
0
0
0
0
0
0
0
0
0
0
0
0
0
0
0
0
0
0
0
0
0
0
0
0
0
0
0
0
0
0
0
0
0
0
0
0
0
0
0
0
0
0
0
0
0
0
0
0
0
0
0
0
0
0
0
0
0
0
0
0
0
0
0
0
0
0
0
0
0
0
0
0
0
0
0
0
0
0
0
0
0
0
0
0
0
0
0
0
0
0
0
0
0
0
0
0
0
0
0
0
0
0
0
0
0
0
0
0
0
0
0
0
0
0
0
0
0
0
0
0
0
0
0
0
0
0
0
0
0
0
0
0
0
0
0
0
0
0
0
0
0
0
0
0
0
0
0
0
0
0
0
0
0
0
0
0
0
0
0
0
0
0
0
0
0
0
0
0
0
0
0
0
0
0
0
0
0
0
0
0
0
0
0
0
0
0
0
0
0
0
0
0
0
0
0
0
0
0
0
0
0
0
0
0
0
0
0
0
0
0
0
0
0
0
0
0
0
0
0
0
0
0
0
0
0
0
0
0
0
0
0
0
0
0
0
0
0
0
0
0
0
0
0
0
0
0
0
0
0
0
0
0
0
0
0
0
0
0
0
0
0
0
0
0
0
0
0
0
0
0
0
0
0
0
0
0
0
0
0
0
0
0
0
0
0
0
0
0
0
0
0
0
0
0
0
0
0
0
0
0
0
0
0
0
0
0
0
0
0
0
0
0
0
0
0
0
0
0
0
0
0
0
0
0
0
0
0
0
0
0
0
0
0
0
0
0
0
0
0
0
0
0
0
0
0
0
0
0
0
0
0
0
0
0
0
0
0
0
0
0
0
0
0
0
0
0
0
0
0
0
0
0
0
0
0
0
0
0
0
0
0
0
0
0
0
0
0
0
0
0
0
0
0
0
0
0
0
0
0
0
0
0
0
0
0
0
0
0
0
0
0
0
0
0
0
0
0
0
0
0
0
0
0
0
0
0
0
0
0
0
0
0
0
0
0
0
0
0
0
0
0
0
0
0
0
0
0
0
0
0
0
0
0
0
0
0
0
0
0
0
0
0
0
0
0
0
0
0
0
0
0
0
0
0
0
0
0
0
0
0
0
0
0
0
0
0
0
0
0
0
0
0
0
0
0
0
0
0
0
0
0
0
0
0
0
0
0
0
0
0
0
0
0
0
0
0
0
0
0
0
0
0
0
0
0
0
0
0
0
0
0
0
0
0
0
0
0
0
0
0
0
0
0
0
0
0
0
0
0
0
0
0
0
0
0
0
0
0
0
0
0
0
0
0
0
0
0
0
0
0
0
0
0
0
0
0
0
0
0
0
0
0
0
0
0
0
0
0
0
0
0
0
0
0
0
0
0
0
0
0
0
0
0
0
0
0
0
0
0
0
0
0
0
0
0
0
0
0
0
0
0
0
0
0
0
0
0
0
0
0
0
0
0
0
0
0
0
0
0
0
0
0
0
0
0
0
0
0
0
0
0
0
0
0
0
0
0
0
0
0
0
0
0
0
0
0
0
0
0
0
0
0
0
0
0
0
0
0
0
0
0
0
0
0
0
0
0
0
0
0
0
0
0
0
0
0
0
0
0
0
0
0
0
0
0
0
0
0
0
0
0
0
0
0
0
0
0
0
0
0
0
0
0
0
0
0
0
0
0
0
0
0
0
0
0
0
0
0
0
0
0
0
0
0
0
0
0
0
0
0
0
0
0
0
0
0
0
0
0
0
0
0
0
0
0
0
0
0
0
0
0
0
0
0
0
0
0
0
0
0
0
0
0
0
0
0
0
0
0
0
0
0
0
0
0
0
0
0
0
0
0
0
0
0
0
0
0
0
0
0
0
0
0
0
0
0
0
0
0
0
0
0
0
0
0
0
0
0
0
0
0
0
0
0
0
0
0
0
0
0
0
0
0
0
0
0
0
0
0
0
0
0
0
0
0
0
0
0
0
0
0
0
0
0
0
0
0
0
0
0
0
0
0
0
0
0
0
0
0
0
0
0
0
0
0
0
0
0
0
0
0
0
0
0
0
0
0
0
0
0
0
0
0
0
0
0
0
0
0
0
0
0
0
0
0
0
0
0
0
0
0
0
0
0
0
0
0
0
0
0
0
0
0
0
0
0
0
0
0
0
0
0
0
0
0
0
0
0
0
0
0
0
0
0
0
0
0
0
0
0
0
0
0
0
0
0
0
0
0
0
0
0
0
0
0
0
0
0
0
0
0
0
0
0
0
0
0
0
0
0
0
0
0
0
0
0
0
0
0
0
0
0
0
0
0
0
0
0
0
0
0
0
0
0
0
0
0
0
0
0
0
0
0
0
0
0
0
0
0
0
0
0
0
0
0
0
0
0
0
0
0
0
0
0
0
0
0
0
0
0
0
0
0
0
0
0
0
0
0
0
0
0
0
0
0
0
0
0
0
0
0
0
0
0
0
0
0
0
0
0
0
0
0
0
0
0
0
0
0
0
0
0
0
0
0
0
0
0
0
0
0
0
0
0
0
0
0
0
0
0
0
0
0
0
0
0
0
0
0
0
0
0
0
0
0
0
0
0
0
0
0
0
0
0
0
0
0
0
0
0
0
0
0
0
0
0
0
0
0
0
0
0
0
0
0
0
0
0
0
0
0
0
0
0
0
0
0
0
0
0
0
0
0
0
0
0
0
0
0
0
0
0
0
0
0
0
0
0
0
0
0
0
0
0
0
0
0
0
0
0
0
0
0
0
0
0
0
0
0
0
0
0
0
0
0
0
0
0
0
0
0
0
0
0
0
0
0
0
0
0
0
0
0
0
0
0
0
0
0
0
0
0
0
0
0
0
0
0
0
0
0
0
0
0
0
0
0
0
0
0
0
0
0
0
0
0
0
0
0
0
0
0
0
0
0
0
0
0
0
0
0
0
0
0
0
0
0
0
0
0
0
0
0
0
0
0
0
0
0
0
0
0
0
0
0
0
0
0
0
0
0
0
0
0
0
0
0
0
0
0
0
0
0
0
0
0
0
0
0
0
0
0
0
0
0
0
0
0
0
0
0
0
0
0
0
0
0
0
0
0
0
0
0
0
0
0
0
0
0
0
0
0
0
0
0
0
0
0
0
0
0
0
0
0
0
0
0
0
0
0
0
0
0
0
0
0
0
0
0
0
0
0
0
0
0
0
0
0
0
0
0
0
0
0
0
0
0
0
0
0
0
0
0
0
0
0
0
0
0
0
0
0
0
0
0
0
0
0
0
0
0
0
0
0
0
0
0
0
0
0
0
0
0
0
0
0
0
0
0
0
0
0
0
0
0
0
0
0
0
0
0
0
0
0
0
0
0
0
0
0
0
0
0
0
0
0
0
0
0
0
0
0
0
0
0
0
0
0
0
0
0
0
0
0
0
0
0
0
0
0
0
0
0
0
0
0
0
0
0
0
0
0
0
0
0
0
0
0
0
0
0
0
0
0
0
0
0
0
0
0
0
0
0
0
0
0
0
0
0
0
0
0
0
0
0
0
0
0
0
0
0
0
0
0
0
0
0
0
0
0
0
0
0
0
0
0
0
0
0
0
0
0
0
0
0
0
0
0
0
0
0
0
0
0
0
0
0
0
0
0
0
0
0
0
0
0
0
0
0
0
0
0
0
0
0
0
0
0
0
0
0
0
0
0
0
0
0
0
0
0
0
0
0
0
0
0
0
0
0
0
0
0
0
0
0
0
0
0
0
0
0
0
0
0
0
0
0
0
0
0
0
0
0
0
0
0
0
0
0
0
0
0
0
0
0
0
0
0
0
0
0
0
0
0
0
0
0
0
0
0
0
0
0
0
0
0
0
0
0
0
0
0
0
0
0
0
0
0
0
0
0
0
0
0
0
0
0
0
0
0
0
0
0
0
0
0
0
0
0
0
0
0
0
0
0
0
0
0
0
0
0
0
0
0
0
0
0
0
0
0
0
0
0
0
0
0
0
0
0
0
0
0
0
0
0
0
0
0
0
0
0
0
0
0
0
0
0
0
0
0
0
0
0
0
0
0
0
0
0
0
0
0
0
0
0
0
0
0
0
0
0
0
0
0
0
0
0
0
0
0
0
0
0
0
0
0
0
0
0
0
0
0
0
0
0
0
0
0
0
0
0
0
0
0
0
0
0
0
0
0
0
0
0
0
0
0
0
0
0
0
0
0
0
0
0
0
0
0
0
0
0
0
0
0
0
0
0
0
0
0
0
0
0
0
0
0
0
0
0
0
0
0
0
0
0
0
0
0
0
0
0
0
0
0
0
0
0
0
0
0
0
0
0
0
0
0
0
0
0
0
0
0
0
0
0
0
0
0
0
0
0
0
0
0
0
0
0
0
0
0
0
0
0
0
0
0
0
0
0
0
0
0
0
0
0
0
0
0
0
0
0
0
0
0
0
0
0
0
0
0
0
0
0
0
0
0
0
0
0
0
0
0
0
0
0
0
0
0
0
0
0
0
0
0
0
0
0
0
0
0
0
0
0
0
0
0
0
0
0
0
0
0
0
0
0
0
0
0
0
0
0
0
0
0
0
0
0
0
0
0
0
0
0
0
0
0
0
0
0
0
0
0
0
0
0
0
0
0
0
0
0
0
0
0
0
0
0
0
0
0
0
0
0
0
0
0
0
0
0
0
0
0
0
0
0
0
0
0
0
0
0
0
0
0
0
0
0
0
0
0
0
0
0
0
0
0
0
0
0
0
0
0
0
0
0
0
0
0
0
0
0
0
0
0
0
0
0
0
0
0
0
0
0
0
0
0
0
0
0
0
0
0
0
0
0
0
0
0
0
0
0
0
0
0
0
0
0
0
0
0
0
0
0
0
0
0
0
0
0
0
0
0
0
0
0
0
0
0
0
0
0
0
0
0
0
0
0
0
0
0
0
0
0
0
0
0
0
0
0
0
0
0
0
0
0
0
0
0
0
0
0
0
0
0
0
0
0
0
0
0
0
0
0
0
0
0
0
0
0
0
0
0
0
0
0
0
0
0
0
0
0
0
0
0
0
0
0
0
0
0
0
0
0
0
0
0
0
0
0
0
0
0
0
0
0
0
0
0
0
0
0
0
0
0
0
0
0
0
0
0
0
0
0
0
0
0
0
0
0
0
0
0
0
0
0
0
0
0
0
0
0
0
0
0
0
0
0
0
0
0
0
0
0
0
0
0
0
0
0
0
0
0
0
0
0
0
0
0
0
0
0
0
0
0
0
0
0
0
0
0
0
0
0
0
0
0
0
0
0
0
0
0
0
0
0
0
0
0
0
0
0
0
0
0
0
0
0
0
0
0
0
0
0
0
0
0
0
0
0
0
0
0
0
0
0
0
0
0
0
0
0
0
0
0
0
0
0
0
0
0
0
0
0
0
0
0
0
0
0
0
0
0
0
0
0
0
0
0
0
0
0
0
0
0
0
0
0
0
0
0
0
0
0
0
0
0
0
0
0
0
0
0
0
0
0
0
0
0
0
0
0
0
0
0
0
0
0
0
0
0
0
0
0
0
0
0
0
0
0
0
0
0
0
0
0
0
0
0
0
0
0
0
0
0
0
0
0
0
0
0
0
0
0
0
0
0
0
0
0
0
0
0
0
0
0
0
0
0
0
0
0
0
0
0
0
0
0
0
0
0
0
0
0
0
0
0
0
0
0
0
0
0
0
0
0
0
0
0
0
0
0
0
0
0
0
0
0
0
0
0
0
0
0
0
0
0
0
0
0
0
0
0
0
0
0
0
0
0
0
0
0
0
0
0
0
0
0
0
0
0
0
0
0
0
0
0
0
0
0
0
0
0
0
0
0
0
0
0
0
0
0
0
0
0
0
0
0
0
0
0
0
0
0
0
0
0
0
0
0
0
0
0
0
0
0
0
0
0
0
0
0
0
0
0
0
0
0
0
0
0
0
0
0
0
0
0
0
0
0
0
0
0
0
0
0
0
0
0
0
0
0
0
0
0
0
0
0
0
0
0
0
0
0
0
0
0
0
0
0
0
0
0
0
0
0
0
0
0
0
0
0
0
0
0
0
0
0
0
0
0
0
0
0
0
0
0
0
0
0
0
0
0
0
0
0
0
0
0
0
0
0
0
0
0
0
0
0
0
0
0
0
0
0
0
0
0
0
0
0
0
0
0
0
0
0
0
0
0
0
0
0
0
0
0
0
0
0
0
0
0
0
0
0
0
0
0
0
0
0
0
0
0
0
0
0
0
0
0
0
0
0
0
0
0
0
0
0
0
0
0
0
0
0
0
0
0
0
0
0
0
0
0
0
0
0
0
0
0
0
0
0
0
0
0
0
0
0
0
0
0
0
0
0
0
0
0
0
0
0
0
0
0
0
0
0
0
0
0
0
0
0
0
0
0
0
0
0
0
0
0
0
0
0
0
0
0
0
0
0
0
0
0
0
0
0
0
0
0
0
0
0
0
0
0
0
0
0
0
0
0
0
0
0
0
0
0
0
0
0
0
0
0
0
0
0
0
0
0
0
0
0
0
0
0
0
0
0
0
0
0
0
0
0
0
0
0
0
0
0
0
0
0
0
0
0
0
0
0
0
0
0
0
0
0
0
0
0
0
0
0
0
0
0
0
0
0
0
0
0
0
0
0
0
0
0
0
0
0
0
0
0
0
0
0
0
0
0
0
0
0
0
0
0
0
0
0
0
0
0
0
0
0
0
0
0
0
0
0
0
0
0
0
0
0
0
0
0
0
0
0
0
0
0
0
0
0
0
0
0
0
0
0
0
0
0
0
0
0
0
0
0
0
0
0
0
0
0
0
0
0
0
0
0
0
0
0
0
0
0
0
0
0
0
0
0
0
0
0
0
0
0
0
0
0
0
0
0
0
0
0
0
0
0
0
0
0
0
0
0
0
0
0
0
0
0
0
0
0
0
0
0
0
0
0
0
0
0
0
0
0
0
0
0
0
0
0
0
0
0
0
0
0
0
0
0
0
0
0
0
0
0
0
0
0
0
0
0
0
0
0
0
0
0
0
0
0
0
0
0
0
0
0
0
0
0
0
0
0
0
0
0
0
0
0
0
0
0
0
0
0
0
0
0
0
0
0
0
0
0
0
0
0
0
0
0
0
0
0
0
0
0
0
0
0
0
0
0
0
0
0
0
0
0
0
0
0
0
0
0
0
0
0
0
0
0
0
0
0
0
0
0
0
0
0
0
0
0
0
0
0
0
0
0
0
0
0
0
0
0
0
0
0
0
0
0
0
0
0
0
0
0
0
0
0
0
0
0
0
0
0
0
0
0
0
0
0
0
0
0
0
0
0
0
0
0
0
0
0
0
0
0
0
0
0
0
0
0
0
0
0
0
0
0
0
0
0
0
0
0
0
0
0
0
0
0
0
0
0
0
0
0
0
0
0
0
0
0
0
0
0
0
0
0
0
0
0
0
0
0
0
0
0
0
0
0
0
0
0
0
0
0
0
0
0
0
0
0
0
0
0
0
0
0
0
0
0
0
0
0
0
0
0
0
0
0
0
0
0
0
0
0
0
0
0
0
0
0
0
0
0
0
0
0
0
0
0
0
0
0
0
0
0
0
0
0
0
0
0
0
0
0
0
0
0
0
0
0
0
0
0
0
0
0
0
0
0
0
0
0
0
0
0
0
0
0
0
0
0
0
0
0
0
0
0
0
0
0
0
0
0
0
0
0
0
0
0
0
0
0
0
0
0
0
0
0
0
0
0
0
0
0
0
0
0
0
0
0
0
0
0
0
0
0
0
0
0
0
0
0
0
0
0
0
0
0
0
0
0
0
0
0
0
0
0
0
0
0
0
0
0
0
0
0
0
0
0
0
0
0
0
0
0
0
0
0
0
0
0
0
0
0
0
0
0
0
0
0
0
0
0
0
0
0
0
0
0
0
0
0
0
0
0
0
0
0
0
0
0
0
0
0
0
0
0
0
0
0
0
0
0
0
0
0
0
0
0
0
0
0
0
0
0
0
0
0
0
0
0
0
0
0
0
0
0
0
0
0
0
0
0
0
0
0
0
0
0
0
0
0
0
0
0
0
0
0
0
0
0
0
0
0
0
0
0
0
0
0
0
0
0
0
0
0
0
0
0
0
0
0
0
0
0
0
0
0
0
0
0
0
0
0
0
0
0
0
0
0
0
0
0
0
0
0
0
0
0
0
0
0
0
0
0
0
0
0
0
0
0
0
0
0
0
0
0
0
0
0
0
0
0
0
0
0
0
0
0
0
0
0
0
0
0
0
0
0
0
0
0
0
0
0
0
0
0
0
0
0
0
0
0
0
0
0
0
0
0
0
0
0
0
0
0
0
0
0
0
0
0
0
0
0
0
0
0
0
0
0
0
0
0
0
0
0
0
0
0
0
0
0
0
0
0
0
0
0
0
0
0
0
0
0
0
0
0
0
0
0
0
0
0
0
0
0
0
0
0
0
0
0
0
0
0
0
0
0
0
0
0
0
0
0
0
0
0
0
0
0
0
0
0
0
0
0
0
0
0
0
0
0
0
0
0
0
0
0
0
0
0
0
0
0
0
0
0
0
0
0
0
0
0
0
0
0
0
0
0
0
0
0
0
0
0
0
0
0
0
0
0
0
0
0
0
0
0
0
0
0
0
0
0
0
0
0
0
0
0
0
0
0
0
0
0
0
0
0
0
0
0
0
0
0
0
0
0
0
0
0
0
0
0
0
0
0
0
0
0
0
0
0
0
0
0
0
0
0
0
0
0
0
0
0
0
0
0
0
0
0
0
0
0
0
0
0
0
0
0
0
0
0
0
0
0
0
0
0
0
0
0
0
0
0
0
0
0
0
0
0
0
0
0
0
0
0
0
0
0
0
0
0
0
0
0
0
0
0
0
0
0
0
0
0
0
0
0
0
0
0
0
0
0
0
0
0
0
0
0
0
0
0
0
0
0
0
0
0
0
0
0
0
0
0
0
0
0
0
0
0
0
0
0
0
0
0
0
0
0
0
0
0
0
0
0
0
0
0
0
0
0
0
0
0
0
0
0
0
0
0
0
0
0
0
0
0
0
0
0
0
0
0
0
0
0
0
0
0
0
0
0
0
0
0
0
0
0
0
0
0
0
0
0
0
0
0
0
0
0
0
0
0
0
0
0
0
0
0
0
0
0
0
0
0
0
0
0
0
0
0
0
0
0
0
0
0
0
0
0
0
0
0
0
0
0
0
0
0
0
0
0
0
0
0
0
0
0
0
0
0
0
0
0
0
0
0
0
0
0
0
0
0
0
0
0
0
0
0
0
0
0
0
0
0
0
0
0
0
0
0
0
0
0
0
0
0
0
0
0
0
0
0
0
0
0
0
0
0
0
0
0
0
0
0
0
0
0
0
0
0
0
0
0
0
0
0
0
0
0
0
0
0
0
0
0
0
0
0
0
0
0
0
0
0
0
0
0
0
0
0
0
0
0
0
0
0
0
0
0
0
0
0
0
0
0
0
0
0
0
0
0
0
0
0
0
0
0
0
0
0
0
0
0
0
0
0
0
0
0
0
0
0
0
0
0
0
0
0
0
0
0
0
0
0
0
0
0
0
0
0
0
0
0
0
0
0
0
0
0
0
0
0
0
0
0
0
0
0
0
0
0
0
0
0
0
0
0
0
0
0
0
0
0
0
0
0
0
0
0
0
0
0
0
0
0
0
0
0
0
0
0
0
0
0
0
0
0
0
0
0
0
0
0
0
0
0
0
0
0
0
0
0
0
0
0
0
0
0
0
0
0
0
0
0
0
0
0
0
0
0
0
0
0
0
0
0
0
0
0
0
0
0
0
0
0
0
0
0
0
0
0
0
0
0
0
0
0
0
0
0
0
0
0
0
0
0
0
0
0
0
0
0
0
0
0
0
0
0
0
0
0
0
0
0
0
0
0
0
0
0
0
0
0
0
0
0
0
0
0
0
0
0
0
0
0
0
0
0
0
0
0
0
0
0
0
0
0
0
0
0
0
0
0
0
0
0
0
0
0
0
0
0
0
0
0
0
0
0
0
0
0
0
0
0
0
0
0
0
0
0
0
0
0
0
0
0
0
0
0
0
0
0
0
0
0
0
0
0
0
0
0
0
0
0
0
0
0
0
0
0
0
0
0
0
0
0
0
0
0
0
0
0
0
0
0
0
0
0
0
0
0
0
0
0
0
0
0
0
0
0
0
0
0
0
0
0
0
0
0
0
0
0
0
0
0
0
0
0
0
0
0
0
0
0
0
0
0
0
0
0
0
0
0
0
0
0
0
0
0
0
0
0
0
0
0
0
0
0
0
0
0
0
0
0
0
0
0
0
0
0
0
0
0
0
0
0
0
0
0
0
0
0
0
0
0
0
0
0
0
0
0
0
0
0
0
0
0
0
0
0
0
0
0
0
0
0
0
0
0
0
0
0
0
0
0
0
0
0
0
0
0
0
0
0
0
0
0
0
0
0
0
0
0
0
0
0
0
0
0
0
0
0
0
0
0
0
0
0
0
0
0
0
0
0
0
0
0
0
0
0
0
0
0
0
0
0
0
0
0
0
0
0
0
0
0
0
0
0
0
0
0
0
0
0
0
0
0
0
0
0
0
0
0
0
0
0
0
0
0
0
0
0
0
0
0
0
0
0
0
0
0
0
0
0
0
0
0
0
0
0
0
0
0
0
0
0
0
0
0
0
0
0
0
0
0
0
0
0
0
0
0
0
0
0
0
0
0
0
0
0
0
0
0
0
0
0
0
0
0
0
0
0
0
0
0
0
0
0
0
0
0
0
0
0
0
0
0
0
0
0
0
0
0
0
0
0
0
0
0
0
0
0
0
0
0
0
0
0
0
0
0
0
0
0
0
0
0
0
0
0
0
0
0
0
0
0
0
0
0
0
0
0
0
0
0
0
0
0
0
0
0
0
0
0
0
0
0
0
0
0
0
0
0
0
0
0
0
0
0
0
0
0
0
0
0
0
0
0
0
0
0
0
0
0
0
0
0
0
0
0
0
0
0
0
0
0
0
0
0
0
0
0
0
0
0
0
0
0
0
0
0
0
0
0
0
0
0
0
0
0
0
0
0
0
0
0
0
0
0
0
0
0
0
0
0
0
0
0
0
0
0
0
0
0
0
0
0
0
0
0
0
0
0
0
0
0
0
0
0
0
0
0
0
0
0
0
0
0
0
0
0
0
0
0
0
0
0
0
0
0
0
0
0
0
0
0
0
0
0
0
0
0
0
0
0
0
0
0
0
0
0
0
0
0
0
0
0
0
0
0
0
0
0
0
0
0
0
0
0
0
0
0
0
0
0
0
0
0
0
0
0
0
0
0
0
0
0
0
0
0
0
0
0
0
0
0
0
0
0
0
0
0
0
0
0
0
0
0
0
0
0
0
0
0
0
0
0
0
0
0
0
0
0
0
0
0
0
0
0
0
0
0
0
0
0
0
0
0
0
0
0
0
0
0
0
0
0
0
0
0
0
0
0
0
0
0
0
0
0
0
0
0
0
0
0
0
0
0
0
0
0
0
0
0
0
0
0
0
0
0
0
0
0
0
0
0
0
0
0
0
0
0
0
0
0
0
0
0
0
0
0
0
0
0
0
0
0
0
0
0
0
0
0
0
0
0
0
0
0
0
0
0
0
0
0
0
0
0
0
0
0
0
0
0
0
0
0
0
0
0
0
0
0
0
0
0
0
0
0
0
0
0
0
0
0
0
0
0
0
0
0
0
0
0
0
0
0
0
0
0
0
0
0
0
0
0
0
0
0
0
0
0
0
0
0
0
0
0
0
0
0
0
0
0
0
0
0
0
0
0
0
0
0
0
0
0
0
0
0
0
0
0
0
0
0
0
0
0
0
0
0
0
0
0
0
0
0
0
0
0
0
0
0
0
0
0
0
0
0
0
0
0
0
0
0
0
0
0
0
0
0
0
0
0
0
0
0
0
0
0
0
0
0
0
0
0
0
0
0
0
0
0
0
0
0
0
0
0
0
0
0
0
0
0
0
0
0
0
0
0
0
0
0
0
0
0
0
0
0
0
0
0
0
0
0
0
0
0
0
0
0
0
0
0
0
0
0
0
0
0
0
0
0
0
0
0
0
0
0
0
0
0
0
0
0
0
0
0
0
0
0
0
0
0
0
0
0
0
0
0
0
0
0
0
0
0
0
0
0
0
0
0
0
0
0
0
0
0
0
0
0
0
0
0
0
0
0
0
0
0
0
0
0
0
0
0
0
0
0
0
0
0
0
0
0
0
0
0
0
0
0
0
0
0
0
0
0
0
0
0
0
0
0
0
0
0
0
0
0
0
0
0
0
0
0
0
0
0
0
0
0
0
0
0
0
0
0
0
0
0
0
0
0
0
0
0
0
0
0
0
0
0
0
0
0
0
0
0
0
0
0
0
0
0
0
0
0
0
0
0
0
0
0
0
0
0
0
0
0
0
0
0
0
0
0
0
0
0
0
0
0
0
0
0
0
0
0
0
0
0
0
0
0
0
0
0
0
0
0
0
0
0
0
0
0
0
0
0
0
0
0
0
0
0
0
0
0
0
0
0
0
0
0
0
0
0
0
0
0
0
0
0
0
0
0
0
0
0
0
0
0
0
0
0
0
0
0
0
0
0
0
0
0
0
0
0
0
0
0
0
0
0
0
0
0
0
0
0
0
0
0
0
0
0
0
0
0
0
0
0
0
0
0
0
0
0
0
0
0
0
0
0
0
0
0
0
0
0
0
0
0
0
0
0
0
0
0
0
0
0
0
0
0
0
0
0
0
0
0
0
0
0
0
0
0
0
0
0
0
0
0
0
0
0
0
0
0
0
0
0
0
0
0
0
0
0
0
0
0
0
0
0
0
0
0
0
0
0
0
0
0
0
0
0
0
0
0
0
0
0
0
0
0
0
0
0
0
0
0
0
0
0
0
0
0
0
0
0
0
0
0
0
0
0
0
0
0
0
0
0
0
0
0
0
0
0
0
0
0
0
0
0
0
0
0
0
0
0
0
0
0
0
0
0
0
0
0
0
0
0
0
0
0
0
0
0
0
0
0
0
0
0
0
0
0
0
0
0
0
0
0
0
0
0
0
0
0
0
0
0
0
0
0
0
0
0
0
0
0
0
0
0
0
0
0
0
0
0
0
0
0
0
0
0
0
0
0
0
0
0
0
0
0
0
0
0
0
0
0
0
0
0
0
0
0
0
0
0
0
0
0
0
0
0
0
0
0
0
0
0
0
0
0
0
0
0
0
0
0
0
0
0
0
0
0
0
0
0
0
0
0
0
0
0
0
0
0
0
0
0
0
0
0
0
0
0
0
0
0
0
0
0
0
0
0
0
0
0
0
0
0
0
0
0
0
0
0
0
0
0
0
0
0
0
0
0
0
0
0
0
0
0
0
0
0
0
0
0
0
0
0
0
0
0
0
0
0
0
0
0
0
0
0
0
0
0
0
0
0
0
0
0
0
0
0
0
0
0
0
0
0
0
0
0
0
0
0
0
0
0
0
0
0
0
0
0
0
0
0
0
0
0
0
0
0
0
0
0
0
0
0
0
0
0
0
0
0
0
0
0
0
0
0
0
0
0
0
0
0
0
0
0
0
0
0
0
0
0
0
0
0
0
0
0
0
0
0
0
0
0
0
0
0
0
0
0
0
0
0
0
0
0
0
0
0
0
0
0
0
0
0
0
0
0
0
0
0
0
0
0
0
0
0
0
0
0
0
0
0
0
0
0
0
0
0
0
0
0
0
0
0
0
0
0
0
0
0
0
0
0
0
0
0
0
0
0
0
0
0
0
0
0
0
0
0
0
0
0
0
0
0
0
0
0
0
0
0
0
0
0
0
0
0
0
0
0
0
0
0
0
0
0
0
0
0
0
0
0
0
0
0
0
0
0
0
0
0
0
0
0
0
0
0
0
0
0
0
0
0
0
0
0
0
0
0
0
0
0
0
0
0
0
0
0
0
0
0
0
0
0
0
0
0
0
0
0
0
0
0
0
0
0
0
0
0
0
0
0
0
0
0
0
0
0
0
0
0
0
0
0
0
0
0
0
0
0
0
0
0
0
0
0
0
0
0
0
0
0
0
0
0
0
0
0
0
0
0
0
0
0
0
0
0
0
0
0
0
0
0
0
0
0
0
0
0
0
0
0
0
0
0
0
0
0
0
0
0
0
0
0
0
0
0
0
0
0
0
0
0
0
0
0
0
0
0
0
0
0
0
0
0
0
0
0
0
0
0
0
0
0
0
0
0
0
0
0
0
0
0
0
0
0
0
0
0
0
0
0
0
0
0
0
0
0
0
0
0
0
0
0
0
0
0
0
0
0
0
0
0
0
0
0
0
0
0
0
0
0
0
0
0
0
0
0
0
0
0
0
0
0
0
0
0
0
0
0
0
0
0
0
0
0
0
0
0
0
0
0
0
0
0
0
0
0
0
0
0
0
0
0
0
0
0
0
0
0
0
0
0
0
0
0
0
0
0
0
0
0
0
0
0
0
0
0
0
0
0
0
0
0
0
0
0
0
0
0
0
0
0
0
0
0
0
0
0
0
0
0
0
0
0
0
0
0
0
0
0
0
0
0
0
0
0
0
0
0
0
0
0
0
0
0
0
0
0
0
0
0
0
0
0
0
0
0
0
0
0
0
0
0
0
0
0
0
0
0
0
0
0
0
0
0
0
0
0
0
0
0
0
0
0
0
0
0
0
0
0
0
0
0
0
0
0
0
0
0
0
0
0
0
0
0
0
0
0
0
0
0
0
0
0
0
0
0
0
0
0
0
0
0
0
0
0
0
0
0
0
0
0
0
0
0
0
0
0
0
0
0
0
0
0
0
0
0
0
0
0
0
0
0
0
0
0
0
0
0
0
0
0
0
0
0
0
0
0
0
0
0
0
0
0
0
0
0
0
0
0
0
0
0
0
0
0
0
0
0
0
0
0
0
0
0
0
0
0
0
0
0
0
0
0
0
0
0
0
0
0
0
0
0
0
0
0
0
0
0
0
0
0
0
0
0
0
0
0
0
0
0
0
0
0
0
0
0
0
0
0
0
0
0
0
0
0
0
0
0
0
0
0
0
0
0
0
0
0
0
0
0
0
0
0
0
0
0
0
0
0
0
0
0
0
0
0
0
0
0
0
0
0
0
0
0
0
0
0
0
0
0
0
0
0
0
0
0
0
0
0
0
0
0
0
0
0
0
0
0
0
0
0
0
0
0
0
0
0
0
0
0
0
0
0
0
0
0
0
0
0
0
0
0
0
0
0
0
0
0
0
0
0
0
0
0
0
0
0
0
0
0
0
0
0
0
0
0
0
0
0
0
0
0
0
0
0
0
0
0
0
0
0
0
0
0
0
0
0
0
0
0
0
0
0
0
0
0
0
0
0
0
0
0
0
0
0
0
0
0
0
0
0
0
0
0
0
0
0
0
0
0
0
0
0
0
0
0
0
0
0
0
0
0
0
0
0
0
0
0
0
0
0
0
0
0
0
0
0
0
0
0
0
0
0
0
0
0
0
0
0
0
0
0
0
0
0
0
0
0
0
0
0
0
0
0
0
0
0
0
0
0
0
0
0
0
0
0
0
0
0
0
0
0
0
0
0
0
0
0
0
0
0
0
0
0
0
0
0
0
0
0
0
0
0
0
0
0
0
0
0
0
0
0
0
0
0
0
0
0
0
0
0
0
0
0
0
0
0
0
0
0
0
0
0
0
0
0
0
0
0
0
0
0
0
0
0
0
0
0
0
0
0
0
0
0
0
0
0
0
0
0
0
0
0
0
0
0
0
0
0
0
0
0
0
0
0
0
0
0
0
0
0
0
0
0
0
0
0
0
0
0
0
0
0
0
0
0
0
0
0
0
0
0
0
0
0
0
0
0
0
0
0
0
0
0
0
0
0
0
0
0
0
0
0
0
0
0
0
0
0
0
0
0
0
0
0
0
0
0
0
0
0
0
0
0
0
0
0
0
0
0
0
0
0
0
0
0
0
0
0
0
0
0
0
0
0
0
0
0
0
0
0
0
0
0
0
0
0
0
0
0
0
0
0
0
0
0
0
0
0
0
0
0
0
0
0
0
0
0
0
0
0
0
0
0
0
0
0
0
0
0
0
0
0
0
0
0
0
0
0
0
0
0
0
0
0
0
0
0
0
0
0
0
0
0
0
0
0
0
0
0
0
0
0
0
0
0
0
0
0
0
0
0
0
0
0
0
0
0
0
0
0
0
0
0
0
0
0
0
0
0
0
0
0
0
0
0
0
0
0
0
0
0
0
0
0
0
0
0
0
0
0
0
0
0
0
0
0
0
0
0
0
0
0
0
0
0
0
0
0
0
0
0
0
0
0
0
0
0
0
0
0
0
0
0
0
0
0
0
0
0
0
0
0
0
0
0
0
0
0
0
0
0
0
0
0
0
0
0
0
0
0
0
0
0
0
0
0
0
0
0
0
0
0
0
0
0
0
0
0
0
0
0
0
0
0
0
0
0
0
0
0
0
0
0
0
0
0
0
0
0
0
0
0
0
0
0
0
0
0
0
0
0
0
0
0
0
0
0
0
0
0
0
0
0
0
0
0
0
0
0
0
0
0
0
0
0
0
0
0
0
0
0
0
0
0
0
0
0
0
0
0
0
0
0
0
0
0
0
0
0
0
0
0
0
0
0
0
0
0
0
0
0
0
0
0
0
0
0
0
0
0
0
0
0
0
0
0
0
0
0
0
0
0
0
0
0
0
0
0
0
0
0
0
0
0
0
0
0
0
0
0
0
0
0
0
0
0
0
0
0
0
0
0
0
0
0
0
0
0
0
0
0
0
0
0
0
0
0
0
0
0
0
0
0
0
0
0
0
0
0
0
0
0
0
0
0
0
0
0
0
0
0
0
0
0
0
0
0
0
0
0
0
0
0
0
0
0
0
0
0
0
0
0
0
0
0
0
0
0
0
0
0
0
0
0
0
0
0
0
0
0
0
0
0
0
0
0
0
0
0
0
0
0
0
0
0
0
0
0
0
0
0
0
0
0
0
0
0
0
0
0
0
0
0
0
0
0
0
0
0
0
0
0
0
0
0
0
0
0
0
0
0
0
0
0
0
0
0
0
0
0
0
0
0
0
0
0
0
0
0
0
0
0
0
0
0
0
0
0
0
0
0
0
0
0
0
0
0
0
0
0
0
0
0
0
0
0
0
0
0
0
0
0
0
0
0
0
0
0
0
0
0
0
0
0
0
0
0
0
0
0
0
0
0
0
0
0
0
0
0
0
0
0
0
0
0
0
0
0
0
0
0
0
0
0
0
0
0
0
0
0
0
0
0
0
0
0
0
0
0
0
0
0
0
0
0
0
0
0
0
0
0
0
0
0
0
0
0
0
0
0
0
0
0
0
0
0
0
0
0
0
0
0
0
0
0
0
0
0
0
0
0
0
0
0
0
0
0
0
0
0
0
0
0
0
0
0
0
0
0
0
0
0
0
0
0
0
0
0
0
0
0
0
0
0
0
0
0
0
0
0
0
0
0
0
0
0
0
0
0
0
0
0
0
0
0
0
0
0
0
0
0
0
0
0
0
0
0
0
0
0
0
0
0
0
0
0
0
0
0
0
0
0
0
0
0
0
0
0
0
0
0
0
0
0
0
0
0
0
0
0
0
0
0
0
0
0
0
0
0
0
0
0
0
0
0
0
0
0
0
0
0
0
0
0
0
0
0
0
0
0
0
0
0
0
0
0
0
0
0
0
0
0
0
0
0
0
0
0
0
0
0
0
0
0
0
0
0
0
0
0
0
0
0
0
0
0
0
0
0
0
0
0
0
0
0
0
0
0
0
0
0
0
0
0
0
0
0
0
0
0
0
0
0
0
0
0
0
0
0
0
0
0
0
0
0
0
0
0
0
0
0
0
0
0
0
0
0
0
0
0
0
0
0
0
0
0
0
0
0
0
0
0
0
0
0
0
0
0
0
0
0
0
0
0
0
0
0
0
0
0
0
0
0
0
0
0
0
0
0
0
0
0
0
0
0
0
0
0
0
0
0
0
0
0
0
0
0
0
0
0
0
0
0
0
0
0
0
0
0
0
0
0
0
0
0
0
0
0
0
0
0
0
0
0
0
0
0
0
0
0
0
0
0
0
0
0
0
0
0
0
0
0
0
0
0
0
0
0
0
0
0
0
0
0
0
0
0
0
0
0
0
0
0
0
0
0
0
0
0
0
0
0
0
0
0
0
0
0
0
0
0
0
0
0
0
0
0
0
0
0
0
0
0
0
0
0
0
0
0
0
0
0
0
0
0
0
0
0
0
0
0
0
0
0
0
0
0
0
0
0
0
0
0
0
0
0
0
0
0
0
0
0
0
0
0
0
0
0
0
0
0
0
0
0
0
0
0
0
0
0
0
0
0
0
0
0
0
0
0
0
0
0
0
0
0
0
0
0
0
0
0
0
0
0
0
0
0
0
0
0
0
0
0
0
0
0
0
0
0
0
0
0
0
0
0
0
0
0
0
0
0
0
0
0
0
0
0
0
0
0
0
0
0
0
0
0
0
0
0
0
0
0
0
0
0
0
0
0
0
0
0
0
0
0
0
0
0
0
0
0
0
0
0
0
0
0
0
0
0
0
0
0
0
0
0
0
0
0
0
0
0
0
0
0
0
0
0
0
