-119
771
-4390
-1845
653
-3234
-3863
-233
1180
-5315
-1078
-259
-4259
-4682
-82
519
-207
580
-2645
-2958
-4202
-3839
-16378
-158
1559
-2601
-4410
-4268
-3646
-15489
168
1909
-221
978
-5486
-2293
1319
-4355
-4383
-308
673
-6856
-1942
-393
-5091
-4927
-27
700
-80
525
-3526
-3972
-3657
-4289
-18166
-130
46
-3391
-4917
-3862
-3461
-15250
23
352
-396
722
-5618
-1743
935
-4761
-4841
-346
791
-5307
-1041
631
-4015
-4778
42
1234
166
578
-4191
-3987
-4997
-4925
-13341
-48
-744
-3078
-4058
-4474
-3431
-17942
174
-698
-369
654
-4178
-1211
118
-2625
-2910
-385
-408
-5020
-310
252
-3294
-3873
63
-439
352
-142
-2543
-1757
-3206
-2957
-17144
-88
-896
-1754
-3139
-4258
-3313
-16389
275
-832
-144
1238
-4528
1902
-2227
-3374
-2794
-256
1138
-6027
3937
-2734
-4421
-3926
-11
1434
105
-856
-2685
-1330
-3265
-2772
-16999
-230
-97
-4191
-4602
-5007
-4373
-13348
-48
-444
-39
1539
-5354
4595
-4332
-4363
-3726
-327
3040
-5888
7598
-4950
-4803
-5419
-1
4220
-193
-285
-5095
-2746
-3177
-3688
-21919
-293
253
-6565
-5325
-5407
-5139
-21719
-181
30
-84
190
-4725
4381
-4484
-3174
-3167
-370
1061
-6275
6354
-5559
-4983
-4888
-106
1676
-134
-96
-4514
-3812
-1872
-3080
-19643
-320
-1084
-5966
-5217
-4793
-4941
-15424
-179
-1030
-176
27
-3706
4206
-2695
-2489
-2132
-303
-256
-5089
5252
-3211
-4348
-3864
-172
-35
-7
13
-2439
-2631
-2837
-2102
-15501
-242
49
-4009
-3729
-5126
-4052
-11552
-1
-235
78
362
-4208
-243
-1390
-2818
-3376
-57
-1262
-5103
-40
-3232
-4255
-1033
38
78
-188
568
-2265
-3319
-2149
-3413
-21946
-115
894
-3809
-3428
-4042
-2159
-22669
-68
690
101
288
-4985
-1539
-2852
-4094
-4266
-107
-1607
-5257
-800
-4680
-5017
-2515
12
-681
-145
127
-4590
-5014
1388
-4158
-24349
-126
-541
-5284
-4385
-1259
-2202
-25656
-13
212
6
717
-4075
1836
-1166
-3868
-3937
-102
-953
-5379
2745
-2537
-5374
-3751
-13
-584
58
285
-5909
-4333
-2180
-3936
-21066
-120
-983
-6813
-4663
-4459
-3580
-19003
88
-1271
-184
95
-1993
930
-491
-1035
-2063
-206
-665
-3691
1229
-841
-2888
-1415
-60
-459
279
269
-3481
-2041
-2336
-1966
-22921
-60
-1481
-5270
-3023
-3931
-2392
-20843
308
-1260
-132
-58
-3704
4931
-4180
-3505
-3293
-326
-19
-6707
6924
-5111
-6115
-3846
-72
-480
-82
166
-5419
-2764
-3168
-3252
-24270
-97
2141
-9042
-6330
-6854
-5297
-17022
22
3276
-171
639
-6690
11902
-9850
-7566
-6829
-402
237
-14482
15306
-15745
-15785
-14906
-105
-151
-396
-73
-10796
-7736
-7118
-6965
-17420
-204
853
-15521
-16188
-14764
-14709
16921
-80
1101
-71
466
-6533
4148
-7148
-5537
-5191
-286
624
-7757
6449
-9244
-6542
-6060
42
178
-236
-1397
-6087
-6566
-336
-4673
-19576
-296
-3096
-7481
-7397
-4142
-6168
-17710
-180
-4255
-199
507
-3287
-475
-3206
-2381
-2156
-105
1248
-4145
196
-3464
-3130
-702
-173
728
-62
-536
-517
-1750
493
-2048
-17806
-62
-711
-2144
-2835
-2277
-2658
-17475
62
-1177
211
-522
-4415
86
-2182
-3158
-3548
41
-900
-4643
996
-4595
-3815
-2840
-8
-1103
-235
53
-3818
-4531
15
-3545
-15615
-99
382
-4636
-2147
-1792
-2115
-17167
3
15
226
-1128
-5397
500
-4121
-3920
-4376
-48
-1098
-5926
1472
-5815
-4508
-2434
-46
-572
-156
268
-5223
-6057
1904
-4153
-17862
-24
-1080
-6374
-3745
-1487
-2206
-20020
148
-699
337
-499
-3557
2455
-2423
-3397
-3086
63
-782
-5542
2725
-4397
-5504
-1674
-40
-606
-65
118
-4260
-4267
-946
-2932
-21348
-179
-711
-7090
-4905
-4751
-2691
-16791
14
-1240
50
917
-2112
1728
-1644
-2806
-2764
-26
867
-3252
1695
-3682
-3392
144
-110
30
57
-248
-2694
-4205
-2428
-2649
-20065
-31
99
-6052
-3489
-5071
-1532
-21879
59
-547
130
1731
-2772
3830
-3101
-3417
-3126
-203
376
-5208
4722
-5854
-5710
-1671
-267
-1112
-1
1086
-4113
-4196
-2469
-2972
-21551
-39
803
-8203
-5800
-6664
-3567
-14903
-98
982
195
259
-5724
3636
-5275
-5199
-4777
-151
-1396
-6107
6837
-7523
-6032
-5821
-24
-2533
-182
-973
-5278
-5702
-1261
-4567
-21025
-75
-287
-6887
-6140
-4904
-4292
-19869
-67
50
60
641
-5470
982
-6758
-4261
-4403
-115
-8
-6395
2666
-8618
-5684
-6061
46
117
-229
321
-4216
-6227
1874
-4331
-18597
-212
-149
-5284
-5738
-979
-4835
-15164
-54
107
-2
-419
-3970
-1417
-4772
-2174
-3212
55
-529
-4200
-543
-5234
-3478
-2784
-129
-710
-194
-1452
-1476
-3844
1243
-3157
-15141
-18
-2054
-2718
-2860
-709
-2881
-15678
131
-2300
181
-1075
-2640
696
-487
-2350
-2251
138
-689
-2634
1999
-2664
-2128
-1684
117
-630
-250
-228
-3015
-2917
-514
-2190
-16635
-145
117
-3845
-947
-2014
-1054
-19751
18
101
209
-1556
-3121
753
-3017
-2901
-2713
35
-1352
-4803
1790
-5787
-3717
-644
43
-470
-130
649
-2149
-4315
350
-2572
-17768
-81
349
-5439
-3732
-2622
-1950
-16230
64
675
80
-297
-3318
412
-3754
-4575
-3619
-33
284
-6326
228
-7386
-5984
423
68
-306
-78
-204
-2336
-5733
-77
-3514
-17949
-29
687
-6932
-6413
-5411
-3554
-12778
34
-331
61
121
-2362
-746
-2958
-3987
-3161
-49
284
-5220
-1044
-6688
-5037
2589
-7
-372
-168
-43
-981
-4731
-276
-3036
-17065
45
322
-5400
-5423
-5834
-2795
-14927
-41
69
305
-6
-1831
-1105
-3281
-3491
-2740
-44
-1137
-4242
-627
-5564
-5024
1489
-168
-796
-50
631
-1374
-3616
-49
-2563
-23528
58
-524
-5345
-5270
-5423
-2579
-20554
-120
-1155
353
169
-4356
-3162
-5217
-4371
-4136
39
-907
-3847
-806
-5214
-3710
-1701
-195
-727
-188
-1187
-1432
-4836
1412
-4192
-17584
-2
-650
-3294
-4580
-1922
-2145
-23677
-51
-631
202
610
-3028
-649
-3880
-1842
-2524
25
-236
-3398
189
-5084
-3276
-2778
-130
-492
-161
-343
-1189
-3993
538
-2539
-18989
-95
-854
-3000
-3684
-1380
-2496
-18165
-19
-768
117
-45
-1921
808
-3438
-1626
-2329
-8
5
-2677
1582
-4840
-3595
-2788
-27
42
-183
-1232
-1353
-3089
-992
-2110
-17268
-127
-1000
-2935
-2682
-2693
-2866
-15347
26
-1543
199
-281
-2264
2679
-2317
-2141
-2045
99
223
-3597
3695
-4107
-3083
-2362
161
169
-200
60
-2154
-2708
-1445
-1998
-15577
-55
188
-3749
-2474
-3704
-2574
-14378
19
140
164
-494
-3160
1513
-4420
-2591
-2550
-6
-351
-4616
2763
-5741
-3300
-1604
145
166
-91
847
-940
-3780
-78
-2370
-16219
-124
82
-3775
-3659
-2592
-1772
-16164
43
528
55
-562
-4986
668
-5991
-4858
-4266
-86
0
-6740
1809
-7298
-5150
-1122
60
-970
24
-539
-1613
-5314
19
-4147
-16925
-86
658
-5119
-5537
-4103
-2866
-19031
25
773
67
-903
-3625
-1017
-3855
-4843
-3567
-34
42
-8109
-1617
-8681
-7205
1182
53
-336
-178
0
-262
-4814
172
-3538
-23431
-94
661
-5136
-6737
-6037
-4388
-13928
-113
370
289
-1815
-3194
-2056
-3343
-4607
-3504
-18
-1292
-5566
-2614
-6211
-5668
1163
-64
-265
-215
753
-1383
-4411
838
-3431
-19363
-97
-355
-4572
-5732
-4777
-2898
-15760
-157
-224
238
-1055
-3242
-1827
-2891
-2156
-2585
-29
-595
-5988
-3563
-4261
-5033
-1315
-128
297
-86
-989
149
-3192
-156
-2438
-19962
25
-1115
-2980
-5523
-3960
-2611
-10826
5
-1242
92
-484
-2924
613
-1718
-1007
-2176
9
222
-3122
239
-1510
-2158
-1875
-64
684
-19
-378
-658
-3149
-2620
-1962
-21424
66
-53
-1818
-2666
-3935
-1664
-24844
155
-431
87
-169
-4219
4363
-3339
-3218
-3457
-53
-199
-4534
5145
-3860
-4041
-3890
-20
-966
-152
-814
-2989
-4506
-3662
-3273
-12231
-104
-272
-4045
-3536
-5418
-3705
-14049
-17
-637
253
-339
-2446
1213
-1836
-1422
-1583
68
-240
-3639
1966
-3013
-2597
-1635
119
66
-112
879
-610
-2005
-1180
-1573
-17524
-4
586
-1734
-2185
-3708
-2182
-16827
-23
153
174
-483
-2523
1611
-2226
-1826
-1711
-60
17
-3957
1858
-3191
-3170
-1354
88
-132
49
99
-651
-2267
-1121
-1497
-19925
8
-568
-3041
-2565
-3549
-1022
-18292
22
303
144
-919
-4723
3053
-3952
-4265
-3927
-105
-520
-7547
4460
-6245
-6157
-3586
-9
-1083
-2
-516
-2682
-4978
-1798
-3782
-14647
-171
344
-6417
-5884
-5657
-3459
-9080
-105
69
263
-750
-4974
-1063
-4359
-5343
-4616
-32
-860
-7169
821
-7160
-6135
-3094
-102
-1374
-82
874
-389
-5716
-778
-4513
-17768
-253
456
-3833
-5673
-4859
-2714
-15871
-178
563
92
-196
-3208
-332
-2759
-3067
-3056
-225
-311
-5897
-33
-6184
-6076
-3078
-193
720
33
518
-332
-3788
-2003
-3089
-23628
-158
-134
-4495
-6003
-5703
-1868
-13922
-64
577
-189
-185
-2976
581
-634
-2006
-2161
-371
-345
-5159
569
-3978
-4564
-2510
-180
1179
156
61
-753
-2094
-3242
-2054
-22041
-50
-71
-4574
-4799
-5047
-896
-14431
122
86
-288
-631
-2706
1583
-282
-866
-1856
-347
-819
-3753
1364
-1928
-2457
-1845
-177
-508
189
-195
-1221
-2330
-4218
-1837
-16773
80
-237
-3216
-3004
-5158
-1128
-15762
220
-515
-158
-956
-2014
2074
-1731
-2001
-2120
-151
-1410
-2260
1991
-2210
-3119
-1965
-106
-1612
-94
-250
-978
-2583
-3681
-2007
-17993
-38
214
-2660
-2537
-5224
-2311
-18602
-56
188
-8
-713
-2465
336
-739
-1282
-1595
-1
-12
-3090
1398
-2106
-2078
-1657
45
383
-199
464
-1396
-2162
-1152
-1607
-15478
-37
557
-2481
-1825
-3091
-1530
-16094
36
-37
-152
-894
-3017
1236
-275
-1887
-2241
-193
-312
-3383
1545
-1707
-2512
-2360
-28
-364
-19
-714
-2596
-3357
-1558
-1987
-15500
-73
-1516
-4361
-1971
-3137
6
-16339
89
-1214
-38
-146
-3835
561
-1178
-3800
-3574
-150
-247
-5284
2675
-3707
-4631
-4292
-68
-554
33
441
-2790
-4754
-1682
-3321
-17923
-220
437
-5236
-4300
-4516
-792
-16226
-124
-63
42
676
-4761
-1413
-4824
-4097
-4975
-161
463
-5325
1885
-5796
-4686
-5559
-213
273
51
1476
-3449
-4920
-659
-4869
-16056
-38
870
-5715
-5054
-3467
-779
-17995
-1
1069
-313
142
-3707
-514
-4794
-2539
-4062
-350
-433
-4717
2142
-4748
-4787
-6017
-317
-88
316
377
-1477
-2867
-4085
-3982
-17089
134
-311
-4716
-5670
-5460
-1095
-15855
188
72
-580
148
-2405
370
-2391
-1207
-2393
-501
-1649
-4086
2579
-3198
-3656
-3829
-362
-1672
479
-305
-1949
-538
-4271
-2358
-21141
142
-921
-4266
-4404
-5633
-1207
-19597
383
-705
-709
-71
-660
-730
-1676
340
-1727
-550
-758
-1675
100
-2249
-1584
-1688
-395
-323
360
-1372
-875
-562
-4064
-1684
-19842
248
41
-3230
-2608
-4955
-1499
-20664
427
39
-403
-725
1550
-1107
-2156
-1509
-2250
-375
-295
443
-1859
-3336
-4261
-2344
-276
240
-99
-459
-1178
-2001
-4009
-2083
-22160
-25
-76
-3395
-3892
-6948
-3360
-18194
132
-197
-251
-999
-2465
-325
-1156
-1655
-2061
-170
-847
-2133
96
-2352
-1507
-941
-34
-654
-184
26
-1922
-2949
-434
-2040
-12168
-63
249
-1759
-1297
-2148
-1967
-16703
119
-139
-417
-981
-2214
995
-97
-1602
-1668
-410
-1239
-2179
1071
-1789
-1547
-1715
-104
-1881
22
-743
-2739
-2777
-1070
-1523
-13083
-87
-1023
-2917
-1268
-2034
-934
-15126
77
-603
-313
-532
-2214
536
-838
-2806
-2391
-439
-1011
-2916
968
-2952
-3266
-2753
-85
-934
79
462
-3450
-3360
-810
-2281
-16812
-127
852
-3859
-2625
-2970
-1479
-16570
12
420
-276
-500
-2132
249
-3194
-2062
-2784
-412
-1440
-2569
844
-3424
-3632
-3455
-190
-709
70
860
-3987
-2282
-1358
-2778
-17578
15
775
-4670
-3261
-4002
-1840
-16562
207
613
-308
-1497
-2399
751
-2924
-1451
-2373
-421
-2279
-2690
2205
-2428
-2902
-3536
-304
-2137
171
-475
-3329
-255
-2642
-2294
-19956
-59
-657
-4229
-2666
-4215
-1334
-20408
224
-835
-416
-1604
-1579
141
-2074
-1162
-1879
-363
-941
-2158
1209
-1867
-2687
-2477
-274
-1186
301
-279
-2628
72
-2731
-1949
-16417
-148
-104
-3135
-2653
-4502
-1968
-16013
230
165
-426
-757
-575
-1928
-2012
-347
-1746
-377
6
-743
-1508
-2959
-1817
-1145
-238
306
166
-192
-748
-1089
-2467
-1681
-18841
-82
472
-1748
-2138
-4061
-2145
-20459
318
507
-285
-923
-429
-2749
-1474
-1058
-2403
-396
-615
343
-2389
-2744
-2134
-1777
-305
-498
-131
-385
-817
-2242
-2813
-2274
-18054
-172
345
-1221
-2213
-4521
-2307
-21590
103
403
0
0
0
0
0
0
0
0
0
0
0
-3379
-2867
20
-2458
-3097
0
0
0
0
0
0
0
0
0
0
0
-1216
-1957
-4287
-3062
-15774
0
0
0
0
0
0
0
0
0
0
0
-4593
-3126
1290
-2855
-3571
0
0
0
0
0
0
0
0
0
0
0
-2546
-2173
-4374
-3657
-16986
0
0
0
0
0
0
0
0
0
0
0
-4238
-1926
1211
-2169
-3122
0
0
0
0
0
0
0
0
0
0
0
-2999
-1149
-5081
-3299
-18757
0
0
0
0
0
0
0
0
0
0
0
-4123
-3336
-1579
-286
-3339
0
0
0
0
0
0
0
0
0
0
0
-3845
-480
-4172
-3450
-13076
0
0
0
0
0
0
0
0
0
0
0
-3513
-1358
-2496
-2081
-2742
0
0
0
0
0
0
0
0
0
0
0
-2900
1216
-2802
-2644
-14713
0
0
0
0
0
0
0
0
0
0
0
-2939
638
-3651
-2862
-2679
0
0
0
0
0
0
0
0
0
0
0
-4265
1423
-2321
-2680
-22190
0
0
0
0
0
0
0
0
0
0
0
-2571
766
-2651
-1603
-2035
0
0
0
0
0
0
0
0
0
0
0
-3549
-22
-1142
-1946
-20266
0
0
0
0
0
0
0
0
0
0
0
-1982
1403
-1486
-1354
-1326
0
0
0
0
0
0
0
0
0
0
0
-773
-600
-1746
-1306
-14851
0
0
0
0
0
0
0
0
0
0
0
-3756
-1543
-2541
-472
-3357
0
0
0
0
0
0
0
0
0
0
0
-395
-3404
-3903
-3271
-18274
0
0
0
0
0
0
0
0
0
0
0
-4891
-2300
-2425
-14
-3642
0
0
0
0
0
0
0
0
0
0
0
-3125
-4440
-1357
-3604
-21706
0
0
0
0
0
0
0
0
0
0
0
-2978
68
-986
1026
-2069
0
0
0
0
0
0
0
0
0
0
0
-3950
-2670
-2377
-1900
-24548
0
0
0
0
0
0
0
0
0
0
0
-3687
-2069
-1873
1530
-2852
0
0
0
0
0
0
0
0
0
0
0
-4809
-1408
-2417
-2582
-16414
0
0
0
0
0
0
0
0
0
0
0
-4791
-89
-3644
-1820
-3084
0
0
0
0
0
0
0
0
0
0
0
-4435
-205
-1029
-3135
-18700
0
0
0
0
0
0
0
0
0
0
0
-4668
4746
-4333
-4318
-3257
0
0
0
0
0
0
0
0
0
0
0
-5549
-2257
-1633
-3218
-18110
0
0
0
0
0
0
0
0
0
0
0
-4130
1824
-3991
-3196
-2685
0
0
0
0
0
0
0
0
0
0
0
-3679
-1419
949
-2510
-24314
0
0
0
0
0
0
0
0
0
0
0
-2442
-1316
-2392
-2476
-1929
0
0
0
0
0
0
0
0
0
0
0
701
-1329
-142
-1854
-15442
0
0
0
0
0
0
0
0
0
0
0
-3185
-1206
-2356
-1571
-3177
0
0
0
0
0
0
0
0
0
0
0
-1731
-4053
-1282
-3235
-13418
0
0
0
0
0
0
0
0
0
0
0
-4186
-975
-3085
-916
-3401
0
0
0
0
0
0
0
0
0
0
0
-4361
-6044
2085
-3412
-16960
0
0
0
0
0
0
0
0
0
0
0
-3999
-187
-2402
-870
-2974
0
0
0
0
0
0
0
0
0
0
0
-3840
-4337
886
-2916
-16633
0
0
0
0
0
0
0
0
0
0
0
-3938
-72
-1684
-1234
-2598
0
0
0
0
0
0
0
0
0
0
0
-2091
-3409
176
-2493
-17862
0
0
0
0
0
0
0
0
0
0
0
-4067
632
-3051
-2186
-2932
0
0
0
0
0
0
0
0
0
0
0
-2385
-2998
-16
-2925
-16622
0
0
0
0
0
0
0
0
0
0
0
-3166
-414
-5028
-3195
-3834
0
0
0
0
0
0
0
0
0
0
0
-3434
-4562
840
-3792
-19140
0
0
0
0
0
0
0
0
0
0
0
-3880
-716
-3992
-2371
-2852
0
0
0
0
0
0
0
0
0
0
0
-1646
-4159
2178
-2621
-20761
0
0
0
0
0
0
0
0
0
0
0
-3859
-2455
-3832
-1885
-2944
0
0
0
0
0
0
0
0
0
0
0
309
-4097
966
-2736
-13267
0
0
0
0
0
0
0
0
0
0
0
-1845
-26
-1153
-995
-1726
0
0
0
0
0
0
0
0
0
0
0
-564
-1849
-910
-1527
-16624
0
0
0
0
0
0
0
0
0
0
0
-3077
-425
-1731
-856
-2030
0
0
0
0
0
0
0
0
0
0
0
-1498
-3716
1602
-1909
-17734
0
0
0
0
0
0
0
0
0
0
0
-4158
-609
-2176
-2190
-2692
0
0
0
0
0
0
0
0
0
0
0
-1336
-4566
1806
-2647
-18689
0
0
0
0
0
0
0
0
0
0
0
-3876
-1421
-2098
-2698
-2659
0
0
0
0
0
0
0
0
0
0
0
-19
-3671
1128
-2539
-16659
0
0
0
0
0
0
0
0
0
0
0
-4865
-2681
-4053
-3034
-4175
0
0
0
0
0
0
0
0
0
0
0
-649
-3852
155
-4004
-13950
0
0
0
0
0
0
0
0
0
0
0
-3884
-3136
-4190
-3035
-3637
0
0
0
0
0
0
0
0
0
0
0
-447
-4271
1362
-3603
-18793
0
0
0
0
0
0
0
0
0
0
0
-3110
-1521
-2380
-1127
-2399
0
0
0
0
0
0
0
0
0
0
0
-341
-3832
758
-2295
-17298
0
0
0
0
0
0
0
0
0
0
0
-2542
-439
-1886
-545
-1707
0
0
0
0
0
0
0
0
0
0
0
728
-2772
-684
-1568
-16546
0
0
0
0
0
0
0
0
0
0
0
-1831
1086
-1906
-708
-1118
0
0
0
0
0
0
0
0
0
0
0
570
-1036
-834
-845
-17174
0
0
0
0
0
0
0
0
0
0
0
-3013
-213
-2307
-901
-1733
0
0
0
0
0
0
0
0
0
0
0
-206
-2261
621
-1503
-17363
0
0
0
0
0
0
0
0
0
0
0
-4754
-815
-3785
-2442
-3054
0
0
0
0
0
0
0
0
0
0
0
-427
-3337
52
-2972
-20078
0
0
0
0
0
0
0
0
0
0
0
-3810
-1981
-2931
-2268
-2549
0
0
0
0
0
0
0
0
0
0
0
970
-3154
286
-2349
-24138
0
0
0
0
0
0
0
0
0
0
0
-4146
-2244
-2849
-2206
-3143
0
0
0
0
0
0
0
0
0
0
0
97
-3394
-22
-2885
-18094
0
0
0
0
0
0
0
0
0
0
0
-4332
-2298
-1385
-2041
-2871
0
0
0
0
0
0
0
0
0
0
0
-8
-3080
-899
-2882
-15119
0
0
0
0
0
0
0
0
0
0
0
-3766
-894
-694
-566
-2715
0
0
0
0
0
0
0
0
0
0
0
-980
-2834
-2410
-2621
-17128
0
0
0
0
0
0
0
0
0
0
0
-2522
1936
-1297
-1020
-1707
0
0
0
0
0
0
0
0
0
0
0
-643
-2425
-2142
-1561
-16948
0
0
0
0
0
0
0
0
0
0
0
-2342
-546
-1869
-423
-1631
0
0
0
0
0
0
0
0
0
0
0
641
-1234
-1557
-1372
-15393
0
0
0
0
0
0
0
0
0
0
0
-3071
-787
-1595
-1116
-2244
0
0
0
0
0
0
0
0
0
0
0
-871
-2072
-778
-2059
-15035
0
0
0
0
0
0
0
0
0
0
0
-3129
677
-1819
-1993
-2096
0
0
0
0
0
0
0
0
0
0
0
-693
-3059
-364
-1960
-18700
0
0
0
0
0
0
0
0
0
0
0
-3615
-1858
-3154
-1786
-2730
0
0
0
0
0
0
0
0
0
0
0
1281
-4011
-618
-2588
-22481
0
0
0
0
0
0
0
0
0
0
0
-4163
-1627
-2812
-43
-2827
0
0
0
0
0
0
0
0
0
0
0
948
-3347
-2688
-2866
-20317
0
0
0
0
0
0
0
0
0
0
0
-3711
-775
-827
-266
-2422
0
0
0
0
0
0
0
0
0
0
0
-297
-1777
-3280
-2426
-18551
0
0
0
0
0
0
0
0
0
0
0
-3694
-202
-681
518
-2576
0
0
0
0
0
0
0
0
0
0
0
-1306
-2182
-3950
-2366
-12575
0
0
0
0
0
0
0
0
0
0
0
-2596
8
-1608
-794
-2453
0
0
0
0
0
0
0
0
0
0
0
111
-1794
-4235
-2195
-13232
0
0
0
0
0
0
0
0
0
0
0
-2639
-1217
-504
-767
-2041
0
0
0
0
0
0
0
0
0
0
0
-123
-1674
-1841
-1777
-12411
0
0
0
0
0
0
0
0
0
0
0
-3190
-401
503
-1419
-2390
0
0
0
0
0
0
0
0
0
0
0
-1682
-3245
-1212
-2191
-12463
0
0
0
0
0
0
0
0
0
0
0
-2525
-335
-258
-1332
-2057
0
0
0
0
0
0
0
0
0
0
0
-608
-3648
-1098
-1929
-21758
0
0
0
0
0
0
0
0
0
0
0
-4243
-1970
-3625
-858
-3594
0
0
0
0
0
0
0
0
0
0
0
-813
-4489
-1572
-3493
-19248
0
0
0
0
0
0
0
0
0
0
0
-5270
-2172
-4963
-442
-4231
0
0
0
0
0
0
0
0
0
0
0
51
-3203
-4922
-4116
-13138
0
0
0
0
0
0
0
0
0
0
0
-3832
-1666
-3897
1371
-3232
0
0
0
0
0
0
0
0
0
0
0
-1666
-1325
-4923
-3034
-16239
0
0
0
0
0
0
0
0
0
0
0
-3251
-1547
-3034
1228
-2630
0
0
0
0
0
0
0
0
0
0
0
-673
-1055
-4219
-2508
-14980
0
0
0
0
0
0
0
0
0
0
0
-2237
-1147
-2537
-761
-2322
0
0
0
0
0
0
0
0
0
0
0
1353
-1859
-4501
-2207
-15862
0
0
0
0
0
0
0
0
0
0
0
-1587
-410
-329
-1294
-1379
0
0
0
0
0
0
0
0
0
0
0
-82
-1478
-838
-1182
-14107
0
0
0
0
0
0
0
0
0
0
0
-1715
723
755
-1237
-1033
0
0
0
0
0
0
0
0
0
0
0
-1120
-1488
-709
-940
-14443
0
0
0
0
0
0
0
0
0
0
0
-1854
511
-328
-1141
-1399
0
0
0
0
0
0
0
0
0
0
0
-1170
-2134
-641
-1284
-19308
0
0
0
0
0
0
0
0
0
0
0
-3252
-163
-3229
-349
-2741
0
0
0
0
0
0
0
0
0
0
0
-1927
-2787
-1700
-2686
-14816
0
0
0
0
0
0
0
0
0
0
0
-3065
-115
-3330
36
-2374
0
0
0
0
0
0
0
0
0
0
0
-1589
-678
-2755
-2188
-19038
0
0
0
0
0
0
0
0
0
0
0
-2606
-761
-2754
607
-2000
0
0
0
0
0
0
0
0
0
0
0
-1498
-29
-2752
-1667
-15947
0
0
0
0
0
0
0
0
0
0
0
-2790
-1742
-2860
363
-1929
0
0
0
0
0
0
0
0
0
0
0
303
-1006
-2097
-1786
-17454
0
0
0
0
0
0
0
0
0
0
0
-2146
-1975
-1849
-1192
-1954
0
0
0
0
0
0
0
0
0
0
0
1387
-1868
-2705
-1859
-17464
0
0
0
0
0
0
0
0
0
0
0
0
0
0
0
0
0
0
0
0
0
0
0
0
0
0
0
0
0
0
0
0
0
0
0
0
0
0
0
0
0
0
0
0
0
0
0
0
0
0
0
0
0
0
0
0
0
0
0
0
0
0
0
0
0
0
0
0
0
0
0
0
0
0
0
0
0
0
0
0
0
0
0
0
0
0
0
0
0
0
0
0
0
0
0
0
0
0
0
0
0
0
0
0
0
0
0
0
0
0
0
0
0
0
0
0
0
0
0
0
0
0
0
0
0
0
0
0
0
0
0
0
0
0
0
0
0
0
0
0
0
0
0
0
0
0
0
0
0
0
0
0
0
0
0
0
0
0
0
0
0
0
0
0
0
0
0
0
0
0
0
0
0
0
0
0
0
0
0
0
0
0
0
0
0
0
0
0
0
0
0
0
0
0
0
0
0
0
0
0
0
0
0
0
0
0
0
0
0
0
0
0
0
0
0
0
0
0
0
0
0
0
0
0
0
0
0
0
0
0
0
0
0
0
0
0
0
0
0
0
0
0
0
0
0
0
0
0
0
0
0
0
0
0
0
0
0
0
0
0
0
0
0
0
0
0
0
0
0
0
0
0
0
0
0
0
0
0
0
0
0
0
0
0
0
0
0
0
0
0
0
0
0
0
0
0
0
0
0
0
0
0
0
0
0
0
0
0
0
0
0
0
0
0
0
0
0
0
0
0
0
0
0
0
0
0
0
0
0
0
0
0
0
0
0
0
0
0
0
0
0
0
0
0
0
0
0
0
0
0
0
0
0
0
0
0
0
0
0
0
0
0
0
0
0
0
0
0
0
0
0
0
0
0
0
0
0
0
0
0
0
0
0
0
0
0
0
0
0
0
0
0
0
0
0
0
0
0
0
0
0
0
0
0
0
0
0
0
0
0
0
0
0
0
0
0
0
0
0
0
0
0
0
0
0
0
0
0
0
0
0
0
0
0
0
0
0
0
0
0
0
0
0
0
0
0
0
0
0
0
0
0
0
0
0
0
0
0
0
0
0
0
0
0
0
0
0
0
0
0
0
0
0
0
0
0
0
0
0
0
0
0
0
0
0
0
0
0
0
0
0
0
0
0
0
0
0
0
0
0
0
0
0
0
0
0
0
0
0
0
0
0
0
0
0
0
0
0
0
0
0
0
0
0
0
0
0
0
0
0
0
0
0
0
0
0
0
0
0
0
0
0
0
0
0
0
0
0
0
0
0
0
0
0
0
0
0
0
0
0
0
0
0
0
0
0
0
0
0
0
0
0
0
0
0
0
0
0
0
0
0
0
0
0
0
0
0
0
0
0
0
0
0
0
0
0
0
0
0
0
0
0
0
0
0
0
0
0
0
0
0
0
0
0
0
0
0
0
0
0
0
0
0
0
0
0
0
0
0
0
0
0
0
0
0
0
0
0
0
0
0
0
0
0
0
0
0
0
0
0
0
0
0
0
0
0
0
0
0
0
0
0
0
0
0
0
0
0
0
0
0
0
0
0
0
0
0
0
0
0
0
0
0
0
0
0
0
0
0
0
0
0
0
0
0
0
0
0
0
0
0
0
0
0
0
0
0
0
0
0
0
0
0
0
0
0
0
0
0
0
0
0
0
0
0
0
0
0
0
0
0
0
0
0
0
0
0
0
0
0
0
0
0
0
0
0
0
0
0
0
0
0
0
0
0
0
0
0
0
0
0
0
0
0
0
0
0
0
0
0
0
0
0
0
0
0
0
0
0
0
0
0
0
0
0
0
0
0
0
0
0
0
0
0
0
0
0
0
0
0
0
0
0
0
0
0
0
0
0
0
0
0
0
0
0
0
0
0
0
0
0
0
0
0
0
0
0
0
0
0
0
0
0
0
0
0
0
0
0
0
0
0
0
0
0
0
0
0
0
0
0
0
0
0
0
0
0
0
0
0
0
0
0
0
0
0
0
0
0
0
0
0
0
0
0
0
0
0
0
0
0
0
0
0
0
0
0
0
0
0
0
0
0
0
0
0
0
0
0
0
0
0
0
0
0
0
0
0
0
0
0
0
0
0
0
0
0
0
0
0
0
0
0
0
0
0
0
0
0
0
0
0
0
0
0
0
0
0
0
0
0
0
0
0
0
0
0
0
0
0
0
0
0
0
0
0
0
0
0
0
0
0
0
0
0
0
0
0
0
0
0
0
0
0
0
0
0
0
0
0
0
0
0
0
0
0
0
0
0
0
0
0
0
0
0
0
0
0
0
0
0
0
0
0
0
0
0
0
0
0
0
0
0
0
0
0
0
0
0
0
0
0
0
0
0
0
0
0
0
0
0
0
0
0
0
0
0
0
0
0
0
0
0
0
0
0
0
0
0
0
0
0
0
0
0
0
0
0
0
0
0
0
0
0
0
0
0
0
0
0
0
0
0
0
0
0
0
0
0
0
0
0
0
0
0
0
0
0
0
0
0
0
0
0
0
0
0
0
0
0
0
0
0
0
0
0
0
0
0
0
0
0
0
0
0
0
0
0
0
0
0
0
0
0
0
0
0
0
0
0
0
0
0
0
0
0
0
0
0
0
0
0
0
0
0
0
0
0
0
0
0
0
0
0
0
0
0
0
0
0
0
0
0
0
0
0
0
0
0
0
0
0
0
0
0
0
0
0
0
0
0
0
0
0
0
0
0
0
0
0
0
0
0
0
0
0
0
0
0
0
0
0
0
0
0
0
0
0
0
0
0
0
0
0
0
0
0
0
0
0
0
0
0
0
0
0
0
0
0
0
0
0
0
0
0
0
0
0
0
0
0
0
0
0
0
0
0
0
0
0
0
0
0
0
0
0
0
0
0
0
0
0
0
0
0
0
0
0
0
0
0
0
0
0
0
0
0
0
0
0
0
0
0
0
0
0
0
0
0
0
0
0
0
0
0
0
0
0
0
0
0
0
0
0
0
0
0
0
0
0
0
0
0
0
0
0
0
0
0
0
0
0
0
0
0
0
0
0
0
0
0
0
0
0
0
0
0
0
0
0
0
0
0
0
0
0
0
0
0
0
0
0
0
0
0
0
0
0
0
0
0
0
0
0
0
0
0
0
0
0
0
0
0
0
0
0
0
0
0
0
0
0
0
0
0
0
0
0
0
0
0
0
0
0
0
0
0
0
0
0
0
0
0
0
0
0
0
0
0
0
0
0
0
0
0
0
0
0
0
0
0
0
0
0
0
0
0
0
0
0
0
0
0
0
0
0
0
0
0
0
0
0
0
0
0
0
0
0
0
0
0
0
0
0
0
0
0
0
0
0
0
0
0
0
0
0
0
0
0
0
0
0
0
0
0
0
0
0
0
0
0
0
0
0
0
0
0
0
0
0
0
0
0
0
0
0
0
0
0
0
0
0
0
0
0
0
0
0
0
0
0
0
0
0
0
0
0
0
0
0
0
0
0
0
0
0
0
0
0
0
0
0
0
0
0
0
0
0
0
0
0
0
0
0
0
0
0
0
0
0
0
0
0
0
0
0
0
0
0
0
0
0
0
0
0
0
0
0
0
0
0
0
0
0
0
0
0
0
0
0
0
0
0
0
0
0
0
0
0
0
0
0
0
0
0
0
0
0
0
0
0
0
0
0
0
0
0
0
0
0
0
0
0
0
0
0
0
0
0
0
0
0
0
0
0
0
0
0
0
0
0
0
0
0
0
0
0
0
0
0
0
0
0
0
0
0
0
0
0
0
0
0
0
0
0
0
0
0
0
0
0
0
0
0
0
0
0
0
0
0
0
0
0
0
0
0
0
0
0
0
0
0
0
0
0
0
0
0
0
0
0
0
0
0
0
0
0
0
0
0
0
0
0
0
0
0
0
0
0
0
0
0
0
0
0
0
0
0
0
0
0
0
0
0
0
0
0
0
0
0
0
0
0
0
0
0
0
0
0
0
0
0
0
0
0
0
0
0
0
0
0
0
0
0
0
0
0
0
0
0
0
0
0
0
0
0
0
0
0
0
0
0
0
0
0
0
0
0
0
0
0
0
0
0
0
0
0
0
0
0
0
0
0
0
0
0
0
0
0
0
0
0
0
0
0
0
0
0
0
0
0
0
0
0
0
0
0
0
0
0
0
0
0
0
0
0
0
0
0
0
0
0
0
0
0
0
0
0
0
0
0
0
0
0
0
0
0
0
0
0
0
0
0
0
0
0
0
0
0
0
0
0
0
0
0
0
0
0
0
0
0
0
0
0
0
0
0
0
0
0
0
0
0
0
0
0
0
0
0
0
0
0
0
0
0
0
0
0
0
0
0
0
0
0
0
0
0
0
0
0
0
0
0
0
0
0
0
0
0
0
0
0
0
0
0
0
0
0
0
0
0
0
0
0
0
0
0
0
0
0
0
0
0
0
0
0
0
0
0
0
0
0
0
0
0
0
0
0
0
0
0
0
0
0
0
0
0
0
0
0
0
0
0
0
0
0
0
0
0
0
0
0
0
0
0
0
0
0
0
0
0
0
0
0
0
0
0
0
0
0
0
0
0
0
0
0
0
0
0
0
0
0
0
0
0
0
0
0
0
0
0
0
0
0
0
0
0
0
0
0
0
0
0
0
0
0
0
0
0
0
0
0
0
0
0
0
0
0
0
0
0
0
0
0
0
0
0
0
0
0
0
0
0
0
0
0
0
0
0
0
0
0
0
0
0
0
0
0
0
0
0
0
0
0
0
0
0
0
0
0
0
0
0
0
0
0
0
0
0
0
0
0
0
0
0
0
0
0
0
0
0
0
0
0
0
0
0
0
0
0
0
0
0
0
0
0
0
0
0
0
0
0
0
0
0
0
0
0
0
0
0
0
0
0
0
0
0
0
0
0
0
0
0
0
0
0
0
0
0
0
0
0
0
0
0
0
0
0
0
0
0
0
0
0
0
0
0
0
0
0
0
0
0
0
0
0
0
0
0
0
0
0
0
0
0
0
0
0
0
0
0
0
0
0
0
0
0
0
0
0
0
0
0
0
0
0
0
0
0
0
0
0
0
0
0
0
0
0
0
0
0
0
0
0
0
0
0
0
0
0
0
0
0
0
0
0
0
0
0
0
0
0
0
0
0
0
0
0
0
0
0
0
0
0
0
0
0
0
0
0
0
0
0
0
0
0
0
0
0
0
0
0
0
0
0
0
0
0
0
0
0
0
0
0
0
0
0
0
0
0
0
0
0
0
0
0
0
0
0
0
0
0
0
0
0
0
0
0
0
0
0
0
0
0
0
0
0
0
0
0
0
0
0
0
0
0
0
0
0
0
0
0
0
0
0
0
0
0
0
0
0
0
0
0
0
0
0
0
0
0
0
0
0
0
0
0
0
0
0
0
0
0
0
0
0
0
0
0
0
0
0
0
0
0
0
0
0
0
0
0
0
0
0
0
0
0
0
0
0
0
0
0
0
0
0
0
0
0
0
0
0
0
0
0
0
0
0
0
0
0
0
0
0
0
0
0
0
0
0
0
0
0
0
0
0
0
0
0
0
0
0
0
0
0
0
0
0
0
0
0
0
0
0
0
0
0
0
0
0
0
0
0
0
0
0
0
0
0
0
0
0
0
0
0
0
0
0
0
0
0
0
0
0
0
0
0
0
0
0
0
0
0
0
0
0
0
0
0
0
0
0
0
0
0
0
0
0
0
0
0
0
0
0
0
0
0
0
0
0
0
0
0
0
0
0
0
0
0
0
0
0
0
0
0
0
0
0
0
0
0
0
0
0
0
0
0
0
0
0
0
0
0
0
0
0
0
0
0
0
0
0
0
0
0
0
0
0
0
0
0
0
0
0
0
0
0
0
0
0
0
0
0
0
0
0
0
0
0
0
0
0
0
0
0
0
0
0
0
0
0
0
0
0
0
0
0
0
0
0
0
0
0
0
0
0
0
0
0
0
0
0
0
0
0
0
0
0
0
0
0
0
0
0
0
0
0
0
0
0
0
0
0
0
0
0
0
0
0
0
0
0
0
0
0
0
0
0
0
0
0
0
0
0
0
0
0
0
0
0
0
0
0
0
0
0
0
0
0
0
0
0
0
0
0
0
0
0
0
0
0
0
0
0
0
0
0
0
0
0
0
0
0
0
0
0
0
0
0
0
0
0
0
0
0
0
0
0
0
0
0
0
0
0
0
0
0
0
0
0
0
0
0
0
0
0
0
0
0
0
0
0
0
0
0
0
0
0
0
0
0
0
0
0
0
0
0
0
0
0
0
0
0
0
0
0
0
0
0
0
0
0
0
0
0
0
0
0
0
0
0
0
0
0
0
0
0
0
0
0
0
0
0
0
0
0
0
0
0
0
0
0
0
0
0
0
0
0
0
0
0
0
0
0
0
0
0
0
0
0
0
0
0
0
0
0
0
0
0
0
0
0
0
0
0
0
0
0
0
0
0
0
0
0
0
0
0
0
0
0
0
0
0
0
0
0
0
0
0
0
0
0
0
0
0
0
0
0
0
0
0
0
0
0
0
0
0
0
0
0
0
0
0
0
0
0
0
0
0
0
0
0
0
0
0
0
0
0
0
0
0
0
0
0
0
0
0
0
0
0
0
0
0
0
0
0
0
0
0
0
0
0
0
0
0
0
0
0
0
0
0
0
0
0
0
0
0
0
0
0
0
0
0
0
0
0
0
0
0
0
0
0
0
0
0
0
0
0
0
0
0
0
0
0
0
0
0
0
0
0
0
0
0
0
0
0
0
0
0
0
0
0
0
0
0
0
0
0
0
0
0
0
0
0
0
0
0
0
0
0
0
0
0
0
0
0
0
0
0
0
0
0
0
0
0
0
0
0
0
0
0
0
0
0
0
0
0
0
0
0
0
0
0
0
0
0
0
0
0
0
0
0
0
0
0
0
0
0
0
0
0
0
0
0
0
0
0
0
0
0
0
0
0
0
0
0
0
0
0
0
0
0
0
0
0
0
0
0
0
0
0
0
0
0
0
0
0
0
0
0
0
0
0
0
0
0
0
0
0
0
0
0
0
0
0
0
0
0
0
0
0
0
0
0
0
0
0
0
0
0
0
0
0
0
0
0
0
0
0
0
0
0
0
0
0
0
0
0
0
0
0
0
0
0
0
0
0
0
0
0
0
0
0
0
0
0
0
0
0
0
0
0
0
0
0
0
0
0
0
0
0
0
0
0
0
0
0
0
0
0
0
0
0
0
0
0
0
0
0
0
0
0
0
0
0
0
0
0
0
0
0
0
0
0
0
0
0
0
0
0
0
0
0
0
0
0
0
0
0
0
0
0
0
0
0
0
0
0
0
0
0
0
0
0
0
0
0
0
0
0
0
0
0
0
0
0
0
0
0
0
0
0
0
0
0
0
0
0
0
0
0
0
0
0
0
0
0
0
0
0
0
0
0
0
0
0
0
0
0
0
0
0
0
0
0
0
0
0
0
0
0
0
0
0
0
0
0
0
0
0
0
0
0
0
0
0
0
0
0
0
0
0
0
0
0
0
0
0
0
0
0
0
0
0
0
0
0
0
0
0
0
0
0
0
0
0
0
0
0
0
0
0
0
0
0
0
0
0
0
0
0
0
0
0
0
0
0
0
0
0
0
0
0
0
0
0
0
0
0
0
0
0
0
0
0
0
0
0
0
0
0
0
0
0
0
0
0
0
0
0
0
0
0
0
0
0
0
0
0
0
0
0
0
0
0
0
0
0
0
0
0
0
0
0
0
0
0
0
0
0
0
0
0
0
0
0
0
0
0
0
0
0
0
0
0
0
0
0
0
0
0
0
0
0
0
0
0
0
0
0
0
0
0
0
0
0
0
0
0
0
0
0
0
0
0
0
0
0
0
0
0
0
0
0
0
0
0
0
0
0
0
0
0
0
0
0
0
0
0
0
0
0
0
0
0
0
0
0
0
0
0
0
0
0
0
0
0
0
0
0
0
0
0
0
0
0
0
0
0
0
0
0
0
0
0
0
0
0
0
0
0
0
0
0
0
0
0
0
0
0
0
0
0
0
0
0
0
0
0
0
0
0
0
0
0
0
0
0
0
0
0
0
0
0
0
0
0
0
0
0
0
0
0
0
0
0
0
0
0
0
0
0
0
0
0
0
0
0
0
0
0
0
0
0
0
0
0
0
0
0
0
0
0
0
0
0
0
0
0
0
0
0
0
0
0
0
0
0
0
0
0
0
0
0
0
0
0
0
0
0
0
0
0
0
0
0
0
0
0
0
0
0
0
0
0
0
0
0
0
0
0
0
0
0
0
0
0
0
0
0
0
0
0
0
0
0
0
0
0
0
0
0
0
0
0
0
0
0
0
0
0
0
0
0
0
0
0
0
0
0
0
0
0
0
0
0
0
0
0
0
0
0
0
0
0
0
0
0
0
0
0
0
0
0
0
0
0
0
0
0
0
0
0
0
0
0
0
0
0
0
0
0
0
0
0
0
0
0
0
0
0
0
0
0
0
0
0
0
0
0
0
0
0
0
0
0
0
0
0
0
0
0
0
0
0
0
0
0
0
0
0
0
0
0
0
0
0
0
0
0
0
0
0
0
0
0
0
0
0
0
0
0
0
0
0
0
0
0
0
0
0
0
0
0
0
0
0
0
0
0
0
0
0
0
0
0
0
0
0
0
0
0
0
0
0
0
0
0
0
0
0
0
0
0
0
0
0
0
0
0
0
0
0
0
0
0
0
0
0
0
0
0
0
0
0
0
0
0
0
0
0
0
0
0
0
0
0
0
0
0
0
0
0
0
0
0
0
0
0
0
0
0
0
0
0
0
0
0
0
0
0
0
0
0
0
0
0
0
0
0
0
0
0
0
0
0
0
0
0
0
0
0
0
0
0
0
0
0
0
0
0
0
0
0
0
0
0
0
0
0
0
0
0
0
0
0
0
0
0
0
0
0
0
0
0
0
0
0
0
0
0
0
0
0
0
0
0
0
0
0
0
0
0
0
0
0
0
0
0
0
0
0
0
0
0
0
0
0
0
0
0
0
0
0
0
0
0
0
0
0
0
0
0
0
0
0
0
0
0
0
0
0
0
0
0
0
0
0
0
0
0
0
0
0
0
0
0
0
0
0
0
0
0
0
0
0
0
0
0
0
0
0
0
0
0
0
0
0
0
0
0
0
0
0
0
0
0
0
0
0
0
0
0
0
0
0
0
0
0
0
0
0
0
0
0
0
0
0
0
0
0
0
0
0
0
0
0
0
0
0
0
0
0
0
0
0
0
0
0
0
0
0
0
0
0
0
0
0
0
0
0
0
0
0
0
0
0
0
0
0
0
0
0
0
0
0
0
0
0
0
0
0
0
0
0
0
0
0
0
0
0
0
0
0
0
0
0
0
0
0
0
0
0
0
0
0
0
0
0
0
0
0
0
0
0
0
0
0
0
0
0
0
0
0
0
0
0
0
0
0
0
0
0
0
0
0
0
0
0
0
0
0
0
0
0
0
0
0
0
0
0
0
0
0
0
0
0
0
0
0
0
0
0
0
0
0
0
0
0
0
0
0
0
0
0
0
0
0
0
0
0
0
0
0
0
0
0
0
0
0
0
0
0
0
0
0
0
0
0
0
0
0
0
0
0
0
0
0
0
0
0
0
0
0
0
0
0
0
0
0
0
0
0
0
0
0
0
0
0
0
0
0
0
0
0
0
0
0
0
0
0
0
0
0
0
0
0
0
0
0
0
0
0
0
0
0
0
0
0
0
0
0
0
0
0
0
0
0
0
0
0
0
0
0
0
0
0
0
0
0
0
0
0
0
0
0
0
0
0
0
0
0
0
0
0
0
0
0
0
0
0
0
0
0
0
0
0
0
0
0
0
0
0
0
0
0
0
0
0
0
0
0
0
0
0
0
0
0
0
0
0
0
0
0
0
0
0
0
0
0
0
0
0
0
0
0
0
0
0
0
0
0
0
0
0
0
0
0
0
0
0
0
0
0
0
0
0
0
0
0
0
0
0
0
0
0
0
0
0
0
0
0
0
0
0
0
0
0
0
0
0
0
0
0
0
0
0
0
0
0
0
0
0
0
0
0
0
0
0
0
0
0
0
0
0
0
0
0
0
0
0
0
0
0
0
0
0
0
0
0
0
0
0
0
0
0
0
0
0
0
0
0
0
0
0
0
0
0
0
0
0
0
0
0
0
0
0
0
0
0
0
0
0
0
0
0
0
0
0
0
0
0
0
0
0
0
0
0
0
0
0
0
0
0
0
0
0
0
0
0
0
0
0
0
0
0
0
0
0
0
0
0
0
0
0
0
0
0
0
0
0
0
0
0
0
0
0
0
0
0
0
0
0
0
0
0
0
0
0
0
0
0
0
0
0
0
0
0
0
0
0
0
0
0
0
0
0
0
0
0
0
0
0
0
0
0
0
0
0
0
0
0
0
0
0
0
0
0
0
0
0
0
0
0
0
0
0
0
0
0
0
0
0
0
0
0
0
0
0
0
0
0
0
0
0
0
0
0
0
0
0
0
0
0
0
0
0
0
0
0
0
0
0
0
0
0
0
0
0
0
0
0
0
0
0
0
0
0
0
0
0
0
0
0
0
0
0
0
0
0
0
0
0
0
0
0
0
0
0
0
0
0
0
0
0
0
0
0
0
0
0
0
0
0
0
0
0
0
0
0
0
0
0
0
0
0
0
0
0
0
0
0
0
0
0
0
0
0
0
0
0
0
0
0
0
0
0
0
0
0
0
0
0
0
0
0
0
0
0
0
0
0
0
0
0
0
0
0
0
0
0
0
0
0
0
0
0
0
0
0
0
0
0
0
0
0
0
0
0
0
0
0
0
0
0
0
0
0
0
0
0
0
0
0
0
0
0
0
0
0
0
0
0
0
0
0
0
0
0
0
0
0
0
0
0
0
0
0
0
0
0
0
0
0
0
0
0
0
0
0
0
0
0
0
0
0
0
0
0
0
0
0
0
0
0
0
0
0
0
0
0
0
0
0
0
0
0
0
0
0
0
0
0
0
0
0
0
0
0
0
0
0
0
0
0
0
0
0
0
0
0
0
0
0
0
0
0
0
0
0
0
0
0
0
0
0
0
0
0
0
0
0
0
0
0
0
0
0
0
0
0
0
0
0
0
0
0
0
0
0
0
0
0
0
0
0
0
0
0
0
0
0
0
0
0
0
0
0
0
0
0
0
0
0
0
0
0
0
0
0
0
0
0
0
0
0
0
0
0
0
0
0
0
0
0
0
0
0
0
0
0
0
0
0
0
0
0
0
0
0
0
0
0
0
0
0
0
0
0
0
0
0
0
0
0
0
0
0
0
0
0
0
0
0
0
0
0
0
0
0
0
0
0
0
0
0
0
0
0
0
0
0
0
0
0
0
0
0
0
0
0
0
0
0
0
0
0
0
0
0
0
0
0
0
0
0
0
0
0
0
0
0
0
0
0
0
0
0
0
0
0
0
0
0
0
0
0
0
0
0
0
0
0
0
0
0
0
0
0
0
0
0
0
0
0
0
0
0
0
0
0
0
0
0
0
0
0
0
0
0
0
0
0
0
0
0
0
0
0
0
0
0
0
0
0
0
0
0
0
0
0
0
0
0
0
0
0
0
0
0
0
0
0
0
0
0
0
0
0
0
0
0
0
0
0
0
0
0
0
0
0
0
0
0
0
0
0
0
0
0
0
0
0
0
0
0
0
0
0
0
0
0
0
0
0
0
0
0
0
0
0
0
0
0
0
0
0
0
0
0
0
0
0
0
0
0
0
0
0
0
0
0
0
0
0
0
0
0
0
0
0
0
0
0
0
0
0
0
0
0
0
0
0
0
0
0
0
0
0
0
0
0
0
0
0
0
0
0
0
0
0
0
0
0
0
0
0
0
0
0
0
0
0
0
0
0
0
0
0
0
0
0
0
0
0
0
0
0
0
0
0
0
0
0
0
0
0
0
0
0
0
0
0
0
0
0
0
0
0
0
0
0
0
0
0
0
0
0
0
0
0
0
0
0
0
0
0
0
0
0
0
0
0
0
0
0
0
0
0
0
0
0
0
0
0
0
0
0
0
0
0
0
0
0
0
0
0
0
0
0
0
0
0
0
0
0
0
0
0
0
0
0
0
0
0
0
0
0
0
0
0
0
0
0
0
0
0
0
0
0
0
0
0
0
0
0
0
0
0
0
0
0
0
0
0
0
0
0
0
0
0
0
0
0
0
0
0
0
0
0
0
0
0
0
0
0
0
0
0
0
0
0
0
0
0
0
0
0
0
0
0
0
0
0
0
0
0
0
0
0
0
0
0
0
0
0
0
0
0
0
0
0
0
0
0
0
0
0
0
0
0
0
0
0
0
0
0
0
0
0
0
0
0
0
0
0
0
0
0
0
0
0
0
0
0
0
0
0
0
0
0
0
0
0
0
0
0
0
0
0
0
0
0
0
0
0
0
0
0
0
0
0
0
0
0
0
0
0
0
0
0
0
0
0
0
0
0
0
0
0
0
0
0
0
0
0
0
0
0
0
0
0
0
0
0
0
0
0
0
0
0
0
0
0
0
0
0
0
0
0
0
0
0
0
0
0
0
0
0
0
0
0
0
0
0
0
0
0
0
0
0
0
0
0
0
0
0
0
0
0
0
0
0
0
0
0
0
0
0
0
0
0
0
0
0
0
0
0
0
0
0
0
0
0
0
0
0
0
0
0
0
0
0
0
0
0
0
0
0
0
0
0
0
0
0
0
0
0
0
0
0
0
0
0
0
0
0
0
0
0
0
0
0
0
0
0
0
0
0
0
0
0
0
0
0
0
0
0
0
0
0
0
0
0
0
0
0
0
0
0
0
0
0
0
0
0
0
0
0
0
0
0
0
0
0
0
0
0
0
0
0
0
0
0
0
0
0
0
0
0
0
0
0
0
0
0
0
0
0
0
0
0
0
0
0
0
0
0
0
0
0
0
0
0
0
0
0
0
0
0
0
0
0
0
0
0
0
0
0
0
0
0
0
0
0
0
0
0
0
0
0
0
0
0
0
0
0
0
0
0
0
0
0
0
0
0
0
0
0
0
0
0
0
0
0
0
0
0
0
0
0
0
0
0
0
0
0
0
0
0
0
0
0
0
0
0
0
0
0
0
0
0
0
0
0
0
0
0
0
0
0
0
0
0
0
0
0
0
0
0
0
0
0
0
0
0
0
0
0
0
0
0
0
0
0
0
0
0
0
0
0
0
0
0
0
0
0
0
0
0
0
0
0
0
0
0
0
0
0
0
0
0
0
0
0
0
0
0
0
0
0
0
0
0
0
0
0
0
0
0
0
0
0
0
0
0
0
0
0
0
0
0
0
0
0
0
0
0
0
0
0
0
0
0
0
0
0
0
0
0
0
0
0
0
0
0
0
0
0
0
0
0
0
0
0
0
0
0
0
0
0
0
0
0
0
0
0
0
0
0
0
0
0
0
0
0
0
0
0
0
0
0
0
0
0
0
0
0
0
0
0
0
0
0
0
0
0
0
0
0
0
0
0
0
0
0
0
0
0
0
0
0
0
0
0
0
0
0
0
0
0
0
0
0
0
0
0
0
0
0
0
0
0
0
0
0
0
0
0
0
0
0
0
0
0
0
0
0
0
0
0
0
0
0
0
0
0
0
0
0
0
0
0
0
0
0
0
0
0
0
0
0
0
0
0
0
0
0
0
0
0
0
0
0
0
0
0
0
0
0
0
0
0
0
0
0
0
0
0
0
0
0
0
0
0
0
0
0
0
0
0
0
0
0
0
0
0
0
0
0
0
0
0
0
0
0
0
0
0
0
0
0
0
0
0
0
0
0
0
0
0
0
0
0
0
0
0
0
0
0
0
0
0
0
0
0
0
0
0
0
0
0
0
0
0
0
0
0
0
0
0
0
0
0
0
0
0
0
0
0
0
0
0
0
0
0
0
0
0
0
0
0
0
0
0
0
0
0
0
0
0
0
0
0
0
0
0
0
0
0
0
0
0
0
0
0
0
0
0
0
0
0
0
0
0
0
0
0
0
0
0
0
0
0
0
0
0
0
0
0
0
0
0
0
0
0
0
0
0
0
0
0
0
0
0
0
0
0
0
0
0
0
0
0
0
0
0
0
0
0
0
0
0
0
0
0
0
0
0
0
0
0
0
0
0
0
0
0
0
0
0
0
0
0
0
0
0
0
0
0
0
0
0
0
0
0
0
0
0
0
0
0
0
0
0
0
0
0
0
0
0
0
0
0
0
0
0
0
0
0
0
0
0
0
0
0
0
0
0
0
0
0
0
0
0
0
0
0
0
0
0
0
0
0
0
0
0
0
0
0
0
0
0
0
0
0
0
0
0
0
0
0
0
0
0
0
0
0
0
0
0
0
0
0
0
0
0
0
0
0
0
0
0
0
0
0
0
0
0
0
0
0
0
0
0
0
0
0
0
0
0
0
0
0
0
0
0
0
0
0
0
0
0
0
0
0
0
0
0
0
0
0
0
0
0
0
0
0
0
0
0
0
0
0
0
0
0
0
0
0
0
0
0
0
0
0
0
0
0
0
0
0
0
0
0
0
0
0
0
0
0
0
0
0
0
0
0
0
0
0
0
0
0
0
0
0
0
0
0
0
0
0
0
0
0
0
0
0
0
0
0
0
0
0
0
0
0
0
0
0
0
0
0
0
0
0
0
0
0
0
0
0
0
0
0
0
0
0
0
0
0
0
0
0
0
0
0
0
0
0
0
0
0
0
0
0
0
0
0
0
0
0
0
0
0
0
0
0
0
0
0
0
0
0
0
0
0
0
0
0
0
0
0
0
0
0
0
0
0
0
0
0
0
0
0
0
0
0
0
0
0
0
0
0
0
0
0
0
0
0
0
0
0
0
0
0
0
0
0
0
0
0
0
0
0
0
0
0
0
0
0
0
0
0
0
0
0
0
0
0
0
0
0
0
0
0
0
0
0
0
0
0
0
0
0
0
0
0
0
0
0
0
0
0
0
0
0
0
0
0
0
0
0
0
0
0
0
0
0
0
0
0
0
0
0
0
0
0
0
0
0
0
0
0
0
0
0
0
0
0
0
0
0
0
0
0
0
0
0
0
0
0
0
0
0
0
0
0
0
0
0
0
0
0
0
0
0
0
0
0
0
0
0
0
0
0
0
0
0
0
0
0
0
0
0
0
0
0
0
0
0
0
0
0
0
0
0
0
0
0
0
0
0
0
0
0
0
0
0
0
0
0
0
0
0
0
0
0
0
0
0
0
0
0
0
0
0
0
0
0
0
0
0
0
0
0
0
0
0
0
0
0
0
0
0
0
0
0
0
0
0
0
0
0
0
0
0
0
0
0
0
0
0
0
0
0
0
0
0
0
0
0
0
0
0
0
0
0
0
0
0
0
0
0
0
0
0
0
0
0
0
0
0
0
0
0
0
0
0
0
0
0
0
0
0
0
0
0
0
0
0
0
0
0
0
0
0
0
0
0
0
0
0
0
0
0
0
0
0
0
0
0
0
0
0
0
0
0
0
0
0
0
0
0
0
0
0
0
0
0
0
0
0
0
0
0
0
0
0
0
0
0
0
0
0
0
0
0
0
0
0
0
0
0
0
0
0
0
0
0
0
0
0
0
0
0
0
0
0
0
0
0
0
0
0
0
0
0
0
0
0
0
0
0
0
0
0
0
0
0
0
0
0
0
0
0
0
0
0
0
0
0
0
0
0
0
0
0
0
0
0
0
0
0
0
0
0
0
0
0
0
0
0
0
0
0
0
0
0
0
0
0
0
0
0
0
0
0
0
0
0
0
0
0
0
0
0
0
0
0
0
0
0
0
0
0
0
0
0
0
0
0
0
0
0
0
0
0
0
0
0
0
0
0
0
0
0
0
0
0
0
0
0
0
0
0
0
0
0
0
0
0
0
0
0
0
0
0
0
0
0
0
0
0
0
0
0
0
0
0
0
0
0
0
0
0
0
0
0
0
0
0
0
0
0
0
0
0
0
0
0
0
0
0
0
0
0
0
0
0
0
0
0
0
0
0
0
0
0
0
0
0
0
0
0
0
0
0
0
0
0
0
0
0
0
0
0
0
0
0
0
0
0
0
0
0
0
0
0
0
0
0
0
0
0
0
0
0
0
0
0
0
0
0
0
0
0
0
0
0
0
0
0
0
0
0
0
0
0
0
0
0
0
0
0
0
0
0
0
0
0
0
0
0
0
0
0
0
0
0
0
0
0
0
0
0
0
0
0
0
0
0
0
0
0
0
0
0
0
0
0
0
0
0
0
0
0
0
0
0
0
0
0
0
0
0
0
0
0
0
0
0
0
0
0
0
0
0
0
0
0
0
0
0
0
0
0
0
0
0
0
0
0
0
0
0
0
0
0
0
0
0
0
0
0
0
0
0
0
0
0
0
0
0
0
0
0
0
0
0
0
0
0
0
0
0
0
0
0
0
0
0
0
0
0
0
0
0
0
0
0
0
0
0
0
0
0
0
0
0
0
0
0
0
0
0
0
0
0
0
0
0
0
0
0
0
0
0
0
0
0
0
0
0
0
0
0
0
0
0
0
0
0
0
0
0
0
0
0
0
0
0
0
0
0
0
0
0
0
0
0
0
0
0
0
0
0
0
0
0
0
0
0
0
0
0
0
0
0
0
0
0
0
0
0
0
0
0
0
0
0
0
0
0
0
0
0
0
0
0
0
0
0
0
0
0
0
0
0
0
0
0
0
0
0
0
0
0
0
0
0
0
0
0
0
0
0
0
0
0
0
0
0
0
0
0
0
0
0
0
0
0
0
0
0
0
0
0
0
0
0
0
0
0
0
0
0
0
0
0
0
0
0
0
0
0
0
0
0
0
0
0
0
0
0
0
0
0
0
0
0
0
0
0
0
0
0
0
0
0
0
0
0
0
0
0
0
0
0
0
0
0
0
0
0
0
0
0
0
0
0
0
0
0
0
0
0
0
0
0
0
0
0
0
0
0
0
0
0
0
0
0
0
0
0
0
0
0
0
0
0
0
0
0
0
0
0
0
0
0
0
0
0
0
0
0
0
0
0
0
0
0
0
0
0
0
0
0
0
0
0
0
0
0
0
0
0
0
0
0
0
0
0
0
0
0
0
0
0
0
0
0
0
0
0
0
0
0
0
0
0
0
0
0
0
0
0
0
0
0
0
0
0
0
0
0
0
0
0
0
0
0
0
0
0
0
0
0
0
0
0
0
0
0
0
0
0
0
0
0
0
0
0
0
0
0
0
0
0
0
0
0
0
0
0
0
0
0
0
0
0
0
0
0
0
0
0
0
0
0
0
0
0
0
0
0
0
0
0
0
0
0
0
0
0
0
0
0
0
0
0
0
0
0
0
0
0
0
0
0
0
0
0
0
0
0
0
0
0
0
0
0
0
0
0
0
0
0
0
0
0
0
0
0
0
0
0
0
0
0
0
0
0
0
0
0
0
0
0
0
0
0
0
0
0
0
0
0
0
0
0
0
0
0
0
0
0
0
0
0
0
0
0
0
0
0
0
0
0
0
0
0
0
0
0
0
0
0
0
0
0
0
0
0
0
0
0
0
0
0
0
0
0
0
0
0
0
0
0
0
0
0
0
0
0
0
0
0
0
0
0
0
0
0
0
0
0
0
0
0
0
0
0
0
0
0
0
0
0
0
0
0
0
0
0
0
0
0
0
0
0
0
0
0
0
0
0
0
0
0
0
0
0
0
0
0
0
0
0
0
0
0
0
0
0
0
0
0
0
0
0
0
0
0
0
0
0
0
0
0
0
0
0
0
0
0
0
0
0
0
0
0
0
0
0
0
0
0
0
0
0
0
0
0
0
0
0
0
0
0
0
0
0
0
0
0
0
0
0
0
0
0
0
0
0
0
0
0
0
0
0
0
0
0
0
0
0
0
0
0
0
0
0
0
0
0
0
0
0
0
0
0
0
0
0
0
0
0
0
0
0
0
0
0
0
0
0
0
0
0
0
0
0
0
0
0
0
0
0
0
0
0
0
0
0
0
0
0
0
0
0
0
0
0
0
0
0
0
0
0
0
0
0
0
0
0
0
0
0
0
0
0
0
0
0
0
0
0
0
0
0
0
0
0
0
0
0
0
0
0
0
0
0
0
0
0
0
0
0
0
0
0
0
0
0
0
0
0
0
0
0
0
0
0
0
0
0
0
0
0
0
0
0
0
0
0
0
0
0
0
0
0
0
0
0
0
0
0
0
0
0
0
0
0
0
0
0
0
0
0
0
0
0
0
0
0
0
0
0
0
0
0
0
0
0
0
0
0
0
0
0
0
0
0
0
0
0
0
0
0
0
0
0
0
0
0
0
0
0
0
0
0
0
0
0
0
0
0
0
0
0
0
0
0
0
0
0
0
0
0
0
0
0
0
0
0
0
0
0
0
0
0
0
0
0
0
0
0
0
0
0
0
0
0
0
0
0
0
0
0
0
0
0
0
0
0
0
0
0
0
0
0
0
0
0
0
0
0
0
0
0
0
0
0
0
0
0
0
0
0
0
0
0
0
0
0
0
0
0
0
0
0
0
0
0
0
0
0
0
0
0
0
0
0
0
0
0
0
0
0
0
0
0
0
0
0
0
0
0
0
0
0
0
0
0
0
0
0
0
0
0
0
0
0
0
0
0
0
0
0
0
0
0
0
0
0
0
0
0
0
0
0
0
0
0
0
0
0
0
0
0
0
0
0
0
0
0
0
0
0
0
0
0
0
0
0
0
0
0
0
0
0
0
0
0
0
0
0
0
0
0
0
0
0
0
0
0
0
0
0
0
0
0
0
0
0
0
0
0
0
0
0
0
0
0
0
0
0
0
0
0
0
0
0
0
0
0
0
0
0
0
0
0
0
0
0
0
0
0
0
0
0
0
0
0
0
0
0
0
0
0
0
0
0
0
0
0
0
0
0
0
0
0
0
0
0
0
0
0
0
0
0
0
0
0
0
0
0
0
0
0
0
0
0
0
0
0
0
0
0
0
0
0
0
0
0
0
0
0
0
0
0
0
0
0
0
0
0
0
0
0
0
0
0
0
0
0
0
0
0
0
0
0
0
0
0
0
0
0
0
0
0
0
0
0
0
0
0
0
0
0
0
0
0
0
0
0
0
0
0
0
0
0
0
0
0
0
0
0
0
0
0
0
0
0
0
0
0
0
0
0
0
0
0
0
0
0
0
0
0
0
0
0
0
0
0
0
0
0
0
0
0
0
0
0
0
0
0
0
0
0
0
0
0
0
0
0
0
0
0
0
0
0
0
0
0
0
0
0
0
0
0
0
0
0
0
0
0
0
0
0
0
0
0
0
0
0
0
0
0
0
0
0
0
0
0
0
0
0
0
0
0
0
0
0
0
0
0
0
0
0
0
0
0
0
0
0
0
0
0
0
0
0
0
0
0
0
0
0
0
0
0
0
0
0
0
0
0
0
0
0
0
0
0
0
0
0
0
0
0
0
0
0
0
0
0
0
0
0
0
0
0
0
0
0
0
0
0
0
0
0
0
0
0
0
0
0
0
0
0
0
0
0
0
0
0
0
0
0
0
0
0
0
0
0
0
0
0
0
0
0
0
0
0
0
0
0
0
0
0
0
0
0
0
0
0
0
0
0
0
0
0
0
0
0
0
0
0
0
0
0
0
0
0
0
0
0
0
0
0
0
0
0
0
0
0
0
0
0
0
0
0
0
0
0
0
0
0
0
0
0
0
0
0
0
0
0
0
0
0
0
0
0
0
0
0
0
0
0
0
0
0
0
0
0
0
0
0
0
0
0
0
0
0
0
0
0
0
0
0
0
0
0
0
0
0
0
0
0
0
0
0
0
0
0
0
0
0
0
0
0
0
0
0
0
0
0
0
0
0
0
0
0
0
0
0
0
0
0
0
0
0
0
0
0
0
0
0
0
0
0
0
0
0
0
0
0
0
0
0
0
0
0
0
0
0
0
0
0
0
0
0
0
0
0
0
0
0
0
0
0
0
0
0
0
0
0
0
0
0
0
0
0
0
0
0
0
0
0
0
0
0
0
0
0
0
0
0
0
0
0
0
0
0
0
0
0
0
0
0
0
0
0
0
0
0
0
0
0
0
0
0
0
0
0
0
0
0
0
0
0
0
0
0
0
0
0
0
0
0
0
0
0
0
0
0
0
0
0
0
0
0
0
0
0
0
0
0
0
0
0
0
0
0
0
0
0
0
0
0
0
0
0
0
0
0
0
0
0
0
0
0
0
0
0
0
0
0
0
0
0
0
0
0
0
0
0
0
0
0
0
0
0
0
0
0
0
0
0
0
0
0
0
0
0
0
0
0
0
0
0
0
0
0
0
0
0
0
0
0
0
0
0
0
0
0
0
0
0
0
0
0
0
0
0
0
0
0
0
0
0
0
0
0
0
0
0
0
0
0
0
0
0
0
0
0
0
0
0
0
0
0
0
0
0
0
0
0
0
0
0
0
0
0
0
0
0
0
0
0
0
0
0
0
0
0
0
0
0
0
0
0
0
0
0
0
0
0
0
0
0
0
0
0
0
0
0
0
0
0
0
0
0
0
0
0
0
0
0
0
0
0
0
0
0
0
0
0
0
0
0
0
0
0
0
0
0
0
0
0
0
0
0
0
0
0
0
0
0
0
0
0
0
0
0
0
0
0
0
0
0
0
0
0
0
0
0
0
0
0
0
0
0
0
0
0
0
0
0
0
0
0
0
0
0
0
0
0
0
0
0
0
0
0
0
0
0
0
0
0
0
0
0
0
0
0
0
0
0
0
0
0
0
0
0
0
0
0
0
0
0
0
0
0
0
0
0
0
0
0
0
0
0
0
0
0
0
0
0
0
0
0
0
0
0
0
0
0
0
0
0
0
0
0
0
0
0
0
0
0
0
0
0
0
0
0
0
0
0
0
0
0
0
0
0
0
0
0
0
0
0
0
0
0
0
0
0
0
0
0
0
0
0
0
0
0
0
0
0
0
0
0
0
0
0
0
0
0
0
0
0
0
0
0
0
0
0
0
0
0
0
0
0
0
0
0
0
0
0
0
0
0
0
0
0
0
0
0
0
0
0
0
0
0
0
0
0
0
0
0
0
0
0
0
0
0
0
0
0
0
0
0
0
0
0
0
0
0
0
0
0
0
0
0
0
0
0
0
0
0
0
0
0
0
0
0
0
0
0
0
0
0
0
0
0
0
0
0
0
0
0
0
0
0
0
0
0
0
0
0
0
0
0
0
0
0
0
0
0
0
0
0
0
0
0
0
0
0
0
0
0
0
0
0
0
0
0
0
0
0
0
0
0
0
0
0
0
0
0
0
0
0
0
0
0
0
0
0
0
0
0
0
0
0
0
0
0
0
0
0
0
0
0
0
0
0
0
0
0
0
0
0
0
0
0
0
0
0
0
0
0
0
0
0
0
0
0
0
0
0
0
0
0
0
0
0
0
0
0
0
0
0
0
0
0
0
0
0
0
0
0
0
0
0
0
0
0
0
0
0
0
0
0
0
0
0
0
0
0
0
0
0
0
0
0
0
0
0
0
0
0
0
0
0
0
0
0
0
0
0
0
0
0
0
0
0
0
0
0
0
0
0
0
0
0
0
0
0
0
0
0
0
0
0
0
0
0
0
0
0
0
0
0
0
0
0
0
0
0
0
0
0
0
0
0
0
0
0
0
0
0
0
0
0
0
0
0
0
0
0
0
0
0
0
0
0
0
0
0
0
0
0
0
0
0
0
0
0
0
0
0
0
0
0
0
0
0
0
0
0
0
0
0
0
0
0
0
0
0
0
0
0
0
0
0
0
0
0
0
0
0
0
0
0
0
0
0
0
0
0
0
0
0
0
0
0
0
0
0
0
0
0
0
0
0
0
0
0
0
0
0
0
0
0
0
0
0
0
0
0
0
0
0
0
0
0
0
0
0
0
0
0
0
0
0
0
0
0
0
0
0
0
0
0
0
0
0
0
0
0
0
0
0
0
0
0
0
0
0
0
0
0
0
0
0
0
0
0
0
0
0
0
0
0
0
0
0
0
0
0
0
0
0
0
0
0
0
0
0
0
0
0
0
0
0
0
0
0
0
0
0
0
0
0
0
0
0
0
0
0
0
0
0
0
0
0
0
0
0
0
0
0
0
0
0
0
0
0
0
0
0
0
0
0
0
0
0
0
0
0
0
0
0
0
0
0
0
0
0
0
0
0
0
0
0
0
0
0
0
0
0
0
0
0
0
0
0
0
0
0
0
0
0
0
0
0
0
0
0
0
0
0
0
0
0
0
0
0
0
0
0
0
0
0
0
0
0
0
0
0
0
0
0
0
0
0
0
0
0
0
0
0
0
0
0
0
0
0
0
0
0
0
0
0
0
0
0
0
0
0
0
0
0
0
0
0
0
0
0
0
0
0
0
0
0
0
0
0
0
0
0
0
0
0
0
0
0
0
0
0
0
0
0
0
0
0
0
0
0
0
0
0
0
0
0
0
0
0
0
0
0
0
0
0
0
0
0
0
0
0
0
0
0
0
0
0
0
0
0
0
0
0
0
0
0
0
0
0
0
0
0
0
0
0
0
0
0
0
0
0
0
0
0
0
0
0
0
0
0
0
0
0
0
0
0
0
0
0
0
0
0
0
0
0
0
0
0
0
0
0
0
0
0
0
0
0
0
0
0
0
0
0
0
0
0
0
0
0
0
0
0
0
0
0
0
0
0
0
0
0
0
0
0
0
0
0
0
0
0
0
0
0
0
0
0
0
0
0
0
0
0
0
0
0
0
0
0
0
0
0
0
0
0
0
0
0
0
0
0
0
0
0
0
0
0
0
0
0
0
0
0
0
0
0
0
0
0
0
0
0
0
0
0
0
0
0
0
0
0
0
0
0
0
0
0
0
0
0
0
0
0
0
0
0
0
0
0
0
0
0
0
0
0
0
0
0
0
0
0
0
0
0
0
0
0
0
0
0
0
0
0
0
0
0
0
0
0
0
0
0
0
0
0
0
0
0
0
0
0
0
0
0
0
0
0
0
0
0
0
0
0
0
0
0
0
0
0
0
0
0
0
0
0
0
0
0
0
0
0
0
0
0
0
0
0
0
0
0
0
0
0
0
0
0
0
0
0
0
0
0
0
0
0
0
0
0
0
0
0
0
0
0
0
0
0
0
0
0
0
0
0
0
0
0
0
0
0
0
0
0
0
0
0
0
0
0
0
0
0
0
0
0
0
0
0
0
0
0
0
0
0
0
0
0
0
0
0
0
0
0
0
0
0
0
0
0
0
0
0
0
0
0
0
0
0
0
0
0
0
0
0
0
0
0
0
0
0
0
0
0
0
0
0
0
0
0
0
0
0
0
0
0
0
0
0
0
0
0
0
0
0
0
0
0
0
0
0
0
0
0
0
0
0
0
0
0
0
0
0
0
0
0
0
0
0
0
0
0
0
0
0
0
0
0
0
0
0
0
0
0
0
0
0
0
0
0
0
0
0
0
0
0
0
0
0
0
0
0
0
0
0
0
0
0
0
0
0
0
0
0
0
0
0
0
0
0
0
0
0
0
0
0
0
0
0
0
0
0
0
0
0
0
0
0
0
0
0
0
0
0
0
0
0
0
0
0
0
0
0
0
0
0
0
0
0
0
0
0
0
0
0
0
0
0
0
0
0
0
0
0
0
0
0
0
0
0
0
0
0
0
0
0
0
0
0
0
0
0
0
0
0
0
0
0
0
0
0
0
0
0
0
0
0
0
0
0
0
0
0
0
0
0
0
0
0
0
0
0
0
0
0
0
0
0
0
0
0
0
0
0
0
0
0
0
0
0
0
0
0
0
0
0
0
0
0
0
0
0
0
0
0
0
0
0
0
0
0
0
0
0
0
0
0
0
0
0
0
0
0
0
0
0
0
0
0
0
0
0
0
0
0
0
0
0
0
0
0
0
0
0
0
0
0
0
0
0
0
0
0
0
0
0
0
0
0
0
0
0
0
0
0
0
0
0
0
0
0
0
0
0
0
0
0
0
0
0
0
0
0
0
0
0
0
0
0
0
0
0
0
0
0
0
0
0
0
0
0
0
0
0
0
0
0
0
0
0
0
0
0
0
0
0
0
0
0
0
0
0
0
0
0
0
0
0
0
0
0
0
0
0
0
0
0
0
0
0
0
0
0
0
0
0
0
0
0
0
0
0
0
0
0
0
0
0
0
0
0
0
0
0
0
0
0
0
0
0
0
0
0
0
0
0
0
0
0
0
0
0
0
0
0
0
0
0
0
0
0
0
0
0
0
0
0
0
0
0
0
0
0
0
0
0
0
0
0
0
0
0
0
0
0
0
0
0
0
0
0
0
0
0
0
0
0
0
0
0
0
0
0
0
0
0
0
0
0
0
0
0
0
0
0
0
0
0
0
0
0
0
0
0
0
0
0
0
0
0
0
0
0
0
0
0
0
0
0
0
0
0
0
0
0
0
0
0
0
0
0
0
0
0
0
0
0
0
0
0
0
0
0
0
0
0
0
0
0
0
0
0
0
0
0
0
0
0
0
0
0
0
0
0
0
0
0
0
0
0
0
0
0
0
0
0
0
0
0
0
0
0
0
0
0
0
0
0
0
0
0
0
0
0
0
0
0
0
0
0
0
0
0
0
0
0
0
0
0
0
0
0
0
0
0
0
0
0
0
0
0
0
0
0
0
0
0
0
0
0
0
0
0
0
0
0
0
0
0
0
0
0
0
0
0
0
0
0
0
0
0
0
0
0
0
0
0
0
0
0
0
0
0
0
0
0
0
0
0
0
0
0
0
0
0
0
0
0
0
0
0
0
0
0
0
0
0
0
0
0
0
0
0
0
0
0
0
0
0
0
0
0
0
0
0
0
0
0
0
0
0
0
0
0
0
0
0
0
0
0
0
0
0
0
0
0
0
0
0
0
0
0
0
0
0
0
0
0
0
0
0
0
0
0
0
0
0
0
0
0
0
0
0
0
0
0
0
0
0
0
0
0
0
0
0
0
0
0
0
0
0
0
0
0
0
0
0
0
0
0
0
0
0
0
0
0
0
0
0
0
0
0
0
0
0
0
0
0
0
0
0
0
0
0
0
0
0
0
0
0
0
0
0
0
0
0
0
0
0
0
0
0
0
0
0
0
0
0
0
0
0
0
0
0
0
0
0
0
0
0
0
0
0
0
0
0
0
0
0
0
0
0
0
0
0
0
0
0
0
0
0
0
0
0
0
0
0
0
0
0
0
0
0
0
0
0
0
0
0
0
0
0
0
0
0
0
0
0
0
0
0
0
0
0
0
0
0
0
0
0
0
0
0
0
0
0
0
0
0
0
0
0
0
0
0
0
0
0
0
0
0
0
0
0
0
0
0
0
0
0
0
0
0
0
0
0
0
0
0
0
0
0
0
0
0
0
0
0
0
0
0
0
0
0
0
0
0
0
0
0
0
0
0
0
0
0
0
0
0
0
0
0
0
0
0
0
0
0
0
0
0
0
0
0
0
0
0
0
0
0
0
0
0
0
0
0
0
0
0
0
0
0
0
0
0
0
0
0
0
0
0
0
0
0
0
0
0
0
0
0
0
0
0
0
0
0
0
0
0
0
0
0
0
0
0
0
0
0
0
0
0
0
0
0
0
0
0
0
0
0
0
0
0
0
0
0
0
0
0
0
0
0
0
0
0
0
0
0
0
0
0
0
0
0
0
0
0
0
0
0
0
0
0
0
0
0
0
0
0
0
0
0
0
0
0
0
0
0
0
0
0
0
0
0
0
0
0
0
0
0
0
0
0
0
0
0
0
0
0
0
0
0
0
0
0
0
0
0
0
0
0
0
0
0
0
0
0
0
0
0
0
0
0
0
0
0
0
0
0
0
0
0
0
0
0
0
0
0
0
0
0
0
0
0
0
0
0
0
0
0
0
0
0
0
0
0
0
0
0
0
0
0
0
0
0
0
0
0
0
0
0
0
0
0
0
0
0
0
0
0
0
0
0
0
0
0
0
0
0
0
0
0
0
0
0
0
0
0
0
0
0
0
0
0
0
0
0
0
0
0
0
0
0
0
0
0
0
0
0
0
0
0
0
0
0
0
0
0
0
0
0
0
0
0
0
0
0
0
0
0
0
0
0
0
0
0
0
0
0
0
0
0
0
0
0
0
0
0
0
0
0
0
0
0
0
0
0
0
0
0
0
0
0
0
0
0
0
0
0
0
0
0
0
0
0
0
0
0
0
0
0
0
0
0
0
0
0
0
0
0
0
0
0
0
0
0
0
0
0
0
0
0
0
0
0
0
0
0
0
0
0
0
0
0
0
0
0
0
0
0
0
0
0
0
0
0
0
0
0
0
0
0
0
0
0
0
0
0
0
0
0
0
0
0
0
0
0
0
0
0
0
0
0
0
0
0
0
0
0
0
0
0
0
0
0
0
0
0
0
0
0
0
0
0
0
0
0
0
0
0
0
0
0
0
0
0
0
0
0
0
0
0
0
0
0
0
0
0
0
0
0
0
0
0
0
0
0
0
0
0
0
0
0
0
0
0
0
0
0
0
0
0
0
0
0
0
0
0
0
0
0
0
0
0
0
0
0
0
0
0
0
0
0
0
0
0
0
0
0
0
0
0
0
0
0
0
0
0
0
0
0
0
0
0
0
0
0
0
0
0
0
0
0
0
0
0
0
0
0
0
0
0
0
0
0
0
0
0
0
0
0
0
0
0
0
0
0
0
0
0
0
0
0
0
0
0
0
0
0
0
0
0
0
0
0
0
0
0
0
0
0
0
0
0
0
0
0
0
0
0
0
0
0
0
0
0
0
0
0
0
0
0
0
0
0
0
0
0
0
0
0
0
0
0
0
0
0
0
0
0
0
0
0
0
0
0
0
0
0
0
0
0
0
0
0
0
0
0
0
0
0
0
0
0
0
0
0
0
0
0
0
0
0
0
0
0
0
0
0
0
0
0
0
0
0
0
0
0
0
0
0
0
0
0
0
0
0
0
0
0
0
0
0
0
0
0
0
0
0
0
0
0
0
0
0
0
0
0
0
0
0
0
0
0
0
0
0
0
0
0
0
0
0
0
0
0
0
0
0
0
0
0
0
0
0
0
0
0
0
0
0
0
0
0
0
0
0
0
0
0
0
0
0
0
0
0
0
0
0
0
0
0
0
0
0
0
0
0
0
0
0
0
0
0
0
0
0
0
0
0
0
0
0
0
0
0
0
0
0
0
0
0
0
0
0
0
0
0
0
0
0
0
0
0
0
0
0
0
0
0
0
0
0
0
0
0
0
0
0
0
0
0
0
0
0
0
0
0
0
0
0
0
0
0
0
0
0
0
0
0
0
0
0
0
0
0
0
0
0
0
0
0
0
0
0
0
0
0
0
0
0
0
0
0
0
0
0
0
0
0
0
0
0
0
0
0
0
0
0
0
0
0
0
0
0
0
0
0
0
0
0
0
0
0
0
0
0
0
0
0
0
0
0
0
0
0
0
0
0
0
0
0
0
0
0
0
0
0
0
0
0
0
0
0
0
0
0
0
0
0
0
0
0
0
0
0
0
0
0
0
0
0
0
0
0
0
0
0
0
0
0
0
0
0
0
0
0
0
0
0
0
0
0
0
0
0
0
0
0
0
0
0
0
0
0
0
0
0
0
0
0
0
0
0
0
0
0
0
0
0
0
0
0
0
0
0
0
0
0
0
0
0
0
0
0
0
0
0
0
0
0
0
0
0
0
0
0
0
0
0
0
0
0
0
0
0
0
0
0
0
0
0
0
