-193
589
-1599
-2002
-5132
-3755
-3870
-258
369
-1360
-573
-3762
-3639
-3436
-84
457
-74
562
-2803
-2253
-1072
-3894
-16982
-207
490
-4084
-3791
-2352
-4186
-21400
129
-157
-370
974
-374
-2025
-4180
-3666
-3184
-312
1818
-877
-1505
-4329
-4952
-4002
-133
1614
-64
275
-2656
-1654
-1036
-3234
-22686
-212
506
-4170
-4239
-3780
-4315
-19459
10
657
-149
703
-1484
-1071
-4258
-3799
-3258
-154
1155
-2198
236
-4762
-4643
-3499
-107
1013
-97
-1240
-2545
-1460
-1118
-3246
-18713
-117
-1711
-4286
-4172
-3220
-4096
-16724
-118
-920
-6
-326
-1074
-1389
-2389
-1801
-1696
-128
140
-1595
-1058
-2193
-2652
-1535
-2
28
26
-901
-1105
-1154
645
-1529
-18518
-208
-1196
-2022
-2482
-1533
-2329
-17373
-201
-721
-88
-239
-1119
-1233
-1730
-1003
-1254
-155
442
-525
-1102
-1205
-1317
-1153
14
697
-1
217
-505
-1440
117
-1141
-19613
-108
612
-1140
-1193
-1102
-1208
-23363
-126
551
12
-43
-1444
-886
-2356
-1646
-1907
-121
717
-822
-1419
-1540
-1712
-1614
116
989
-100
526
-744
-2075
-598
-1741
-15601
-67
-356
-1073
-1618
-1074
-2012
-20147
-95
236
-46
121
-1444
877
-1802
-1240
-1178
-221
1032
-2381
190
-2131
-2538
-1958
141
1314
-70
-474
-721
-1170
-980
-1062
-17199
-92
-1642
-1054
-2337
-2250
-2525
-15001
-89
-1023
-186
646
-2224
1617
-2146
-1799
-1444
-288
1152
-3697
2118
-2928
-3541
-3047
-5
943
52
-405
-623
-1322
-1981
-1427
-16738
-175
74
-1886
-3231
-3506
-3471
-11869
-27
-186
-221
-619
-1025
3
-3806
-2329
-2583
-165
-771
-2492
1130
-2752
-4640
-4149
-173
-82
-69
1323
-2244
-1826
-2192
-2699
-23865
-207
1507
-5082
-4029
-4781
-4176
-19707
-8
827
-527
-974
-2195
-2033
-4627
-4598
-4223
-261
-1001
-3276
-478
-3475
-5634
-2960
-139
-1147
-167
1021
-3133
-3120
-550
-4153
-18295
-43
1367
-6784
-5535
-4427
-4384
-17892
12
1082
-260
-491
-4260
976
-4750
-4185
-3659
-143
-691
-5684
3224
-5481
-5568
-3399
-181
-58
-210
-1165
-3229
-2788
-118
-3514
-21065
20
-1873
-6536
-5960
-3875
-5004
-17222
-129
-1198
-168
1170
-2490
747
-2474
-2757
-1898
-261
1772
-4246
2328
-4313
-4505
-3098
-218
2086
-230
-853
-2095
-1507
-755
-2062
-26930
-23
-1742
-3699
-4566
-3485
-4214
-21925
-143
-690
-257
2881
-1846
459
-2082
-2896
-1775
-337
3449
-3475
1790
-5130
-4166
-3116
-232
2282
27
204
-1784
-1997
-1572
-1996
-27631
-45
601
-3596
-4027
-2791
-4073
-22769
-15
773
-245
3634
-2476
1633
-2723
-4158
-2639
-365
6376
-3258
2375
-5849
-4869
-3872
-158
6133
-173
-590
-2729
-2315
-2845
-2836
32691
-90
90
-3973
-4731
-3998
-4847
-30305
-9
33
-181
785
-2747
3092
-2689
-2894
-2291
-180
1076
-5016
3236
-4475
-5386
-3774
-127
1343
-172
-42
-3399
-2237
-2264
-2235
-20417
-95
-1240
-4840
-5325
-5171
-5467
-11627
-62
-880
-227
-116
-2476
922
-2774
-2045
-1726
-135
-756
-3278
1407
-2017
-3152
-2628
-147
-369
59
-436
-1491
-917
-894
-1529
-15560
-107
-508
-1891
-2744
-2872
-3414
-13276
-7
-1354
-26
0
-1815
1355
-2036
-1334
-2002
-168
-232
-3531
2581
-3145
-4145
-3833
-65
-781
-199
77
-1638
-2179
-2701
-1978
-18114
-270
245
-3527
-4019
-4901
-3782
-13174
-67
61
18
-1141
-2861
-1280
-2205
-2256
-2433
-191
-1229
-3316
423
-2078
-2789
-1811
-74
-2065
-100
1022
-849
-2057
-895
-2310
-24156
-268
52
-3062
-2637
-2418
-1770
-27688
-34
-584
-216
-133
-6044
3630
-6883
-4917
-5091
-338
722
-6509
6266
-6994
-5977
-6099
-188
619
-214
1522
-4757
-5134
-3064
-5149
-16796
-217
2122
-6314
-6278
-6349
-5882
-19372
-47
3287
-420
1084
-7087
10972
-7586
-6491
-6144
-533
1192
-15026
12218
-13653
-14864
-12507
-175
1224
-265
352
-9199
-7325
-7805
-6428
-16124
-161
168
-13990
-14699
-14597
-14902
17534
0
-68
-370
-30
-5489
8159
-4369
-3819
-3697
-362
88
-8850
9916
-6715
-6703
-5256
-99
-194
-100
880
-7175
-4409
-5550
-3583
-25864
-120
823
-10252
-6847
-8674
-7265
-20108
2
-66
-292
-934
-6140
11454
-7920
-7057
-6698
-387
-1429
-14226
12921
-14058
-15143
-12942
78
-1418
-376
-361
-9766
-7456
-10202
-6886
-15708
-139
-47
-14817
-15962
-17739
-15952
18728
-76
-7
-157
143
-4359
5563
-2424
-2718
-2759
-217
-234
-7119
5734
-4967
-5977
-5030
-35
-611
-184
-1816
-4251
-3392
-4254
-2510
-27422
-220
-2969
-6091
-5535
-7824
-6369
-17157
-18
-3076
-292
-235
-2981
1012
-2891
-1490
-1636
-37
948
-2859
1697
-1591
-2202
-2727
-120
1740
-68
-913
-2655
-1247
779
-1520
-19290
-117
183
-2487
-828
-1130
-2228
-20262
102
-1070
-13
-47
-3122
1438
-1466
-2289
-2795
-142
471
-3253
3368
-2909
-2717
-3674
-93
-278
-165
668
-2921
-3900
-2341
-2690
-14982
-195
391
-3419
-2509
-3147
-2673
-19190
9
456
-277
580
-4518
3320
-2791
-2983
-3200
-257
2325
-6036
6021
-6098
-4261
-4901
-51
2043
-201
-104
-3635
-4395
-2986
-3243
-22674
34
565
-6056
-4557
-3716
-3894
-21189
129
1003
-225
-12
-5053
5365
-4970
-3468
-3546
-315
1128
-7751
8039
-9296
-6984
-6480
-129
1345
-174
333
-4107
-5133
-3511
-3704
-25215
-71
-206
-7901
-8025
-6267
-6446
-15145
50
-319
-121
-563
-4350
6326
-3932
-2472
-3090
-298
-3627
-6242
8329
-6390
-5962
-4514
-68
-4316
-51
595
-5479
-4197
-3372
-2979
-25074
-3
467
-8334
-6219
-6769
-5230
-19659
34
-171
-92
-659
-1839
3628
-1980
-1175
-1447
-122
-2167
-3631
4987
-3373
-3480
-1647
-95
-2173
73
688
-3682
-2608
-2228
-1497
-21619
-81
477
-5922
-3513
-5134
-3476
-19607
39
-553
119
-857
-3042
3345
-4279
-1715
-2676
58
-1989
-3539
6069
-3790
-3701
-4177
20
-2218
-237
613
-3966
-3189
-2153
-2620
-17560
-184
653
-5304
-4404
-5231
-3873
-16879
-77
538
146
-199
-3147
1166
-4048
-1476
-2162
121
-1009
-2742
3398
-3080
-2562
-3126
-183
-1351
-207
-666
-3187
-3532
1033
-2173
-15619
-158
-1039
-3042
-2028
-1525
-2537
-19404
-82
-451
-151
-211
-1749
420
-2271
-1016
-1438
-52
23
-2564
1348
-3029
-3163
-3742
-203
-167
-137
-1137
-2113
-2346
615
-1405
-21830
-52
-739
-2969
-1775
-732
-2454
-18495
16
-1554
-335
-433
-2915
2649
-3173
-3799
-3932
-376
79
-2826
3271
-3193
-3585
-4617
-66
-389
-67
1376
-4447
-4424
-3441
-3843
-12334
66
1669
-5782
-2215
-4321
-3858
-16849
347
1869
-419
-547
-6090
8571
-7222
-6858
-6322
-382
18
-10082
10653
-10978
-10852
-10681
34
92
-271
200
-7585
-7939
-7117
-6316
-11609
-81
2596
-11648
-9974
-11931
-10835
3328
-12
4067
-235
-35
-6400
9404
-8050
-6421
-5722
-434
-168
-12721
12056
-12116
-12335
-11579
-23
-6
-145
-1062
-7715
-7701
-6079
-5887
-15343
-107
-4852
-12616
-11826
-13300
-12091
10015
-41
-7178
48
247
-3299
4335
-4331
-3100
-2857
-154
289
-4199
5636
-4314
-4256
-2974
-101
-828
30
-548
-4783
-3580
-1550
-2779
-18424
18
-1675
-7429
-4132
-4852
-3837
-18529
37
-2940
-7
239
-555
-419
-2944
-1846
-2086
76
1051
-405
1032
-3154
-2529
-1307
17
648
-101
-709
-2835
-2643
-615
-2249
-18634
-201
97
-4520
-2569
-3072
-2128
-22816
-63
16
-52
1268
-1222
-2617
-5455
-2253
-2922
-46
2996
-679
-673
-4928
-2995
-2410
155
3189
-156
322
-2976
-3561
1900
-3120
-14971
-185
64
-4383
-3684
-1481
-3288
-17527
-6
61
17
122
-2829
-1851
-4633
-1670
-2879
-31
1372
-2250
-686
-4216
-2781
-3027
-83
2139
-142
-161
-3938
-3846
3455
-2837
-16195
82
-940
-4498
-3075
877
-2804
-17944
-18
-201
-158
224
-997
19
-2238
-1714
-1518
-229
-6
-1510
699
-2802
-3248
-2956
-63
-49
-69
-556
-1608
-1985
-5
-1411
-17099
-83
-750
-3163
-2621
-545
-2470
-15146
52
-556
-320
-928
-856
1205
-1781
-351
-1224
-366
-995
-1846
1232
-2019
-2824
-3429
-306
-204
52
240
-1788
-1007
-1984
-1147
-23940
96
-205
-3547
-1502
-3586
-2203
-20047
255
-40
-522
-2072
-3149
2443
-3492
-2176
-2238
-379
-2432
-4625
3973
-2742
-4093
-4761
-200
-2829
-34
-147
-2720
-2642
-149
-2063
-25976
46
-316
-4571
-3056
-3475
-3679
-23444
145
12
-401
-1802
-5665
3232
-5064
-4158
-3501
-163
-1906
-7531
6440
-3664
-5761
-6578
-104
-2190
-95
230
-2402
-2583
-1829
-3387
-19250
98
-147
-4338
-5170
-5395
-4683
-16375
6
-743
-259
-483
-4130
4849
-4891
-3579
-3232
-71
140
-7108
6608
-4120
-6647
-7025
-40
477
-71
-130
-3937
-3832
-2548
-3410
-19157
41
-921
-6118
-6784
-6998
-5572
-9770
-11
-1461
-187
583
-2395
3525
-3590
-3925
-3321
-120
302
-3063
4587
-3749
-5246
-5087
49
613
-141
86
-5130
-4931
-2173
-3446
-18574
-98
-417
-7062
-4993
-5382
-4604
-17708
-27
179
-240
437
-4708
1641
-4632
-4994
-4352
-177
536
-4408
4026
-6383
-4708
-4883
94
42
-133
541
-4165
-6297
-473
-4454
-16029
-91
-171
-5807
-4646
-2374
-4498
-19460
20
487
-247
1738
-5984
3820
-6275
-5183
-4723
-376
3594
-6969
5490
-8225
-6720
-6019
15
4610
-98
-1101
-5567
-6201
-38
-4911
-23279
-36
-1224
-7767
-6355
-3198
-6580
-19550
-71
-610
-349
685
-2798
2889
-3830
-2407
-2167
-335
1809
-3695
3397
-4078
-4516
-4049
-70
2862
-101
-804
-3275
-2144
-864
-2120
-22190
-120
-1022
-5003
-3606
-2885
-4036
-18424
5
-662
-276
780
-439
-1009
-897
-1204
-1513
-301
1035
-1037
-258
-2772
-3102
-2994
-270
1272
-100
-242
-1790
-1237
-1512
-1538
-18705
-126
-359
-3425
-2219
-2511
-2450
-15095
119
-65
-552
516
-2263
-550
-2144
-1579
-1922
-444
633
-2805
1170
-2942
-2428
-3557
-330
485
141
248
33
-729
-1944
-1826
-21124
162
-593
-2149
-1981
-2072
-1718
-22273
396
121
-613
249
-5225
1541
-5674
-3355
-3925
-322
104
-6909
4762
-6052
-5223
-6820
-245
68
95
813
-2867
-2510
-2024
-3963
-16056
90
927
-4764
-5737
-3817
-4547
-13523
169
1240
-450
1474
-7332
7630
-5283
-3810
-5321
-313
609
-9348
11498
-8302
-6792
-9705
-147
813
-33
813
-8079
-6300
-5235
-5290
-18781
28
131
-9447
-8011
-7651
-6737
-14185
20
-1084
-387
2138
-7446
9373
-4514
-5160
-5747
-403
3232
-7647
11534
-7706
-6880
-9893
-34
3715
-58
-401
-8803
-7635
-7039
-5909
-16707
-12
-616
-10145
-7345
-7874
-7287
-15869
143
398
-492
300
-7379
8331
-4382
-5438
-5266
-454
-928
-9329
10500
-7610
-8271
-9505
21
-1245
-44
748
-6964
-7283
-6952
-5247
-24967
-125
1813
-9648
-7620
-8353
-7572
-19013
28
3187
-400
-21
-10279
11838
-9851
-8934
-8885
-486
-1228
-16830
14140
-14956
-15935
-16965
-23
-1431
-231
-724
-12096
-10618
-8004
-8929
-12066
-55
-753
-16243
-15638
-13462
-16096
18977
-86
-1238
-487
-351
-5224
5783
-4540
-2870
-3478
-419
-352
-6497
6163
-5509
-5333
-6075
-160
58
-60
-1805
-5476
-4133
-2600
-3092
-21308
-24
-2157
-6943
-4742
-4242
-5614
-17047
103
-2343
-280
-820
-587
-1394
-902
-1197
-2131
-320
-803
-143
-1020
-2322
-2398
-2852
-174
-951
-28
31
-3128
-2202
-1849
-2085
-13372
-51
237
-2867
-2106
-2778
-2461
-13888
189
133
-541
-1267
-1591
541
-583
-960
-1726
-536
-732
-2379
1322
-2360
-2812
-3649
-382
-862
149
143
-2578
-1437
-2774
-1608
-18877
52
-900
-3356
-3058
-3355
-2947
-16775
423
-398
-514
-1323
-3366
562
-3759
-1328
-2498
-472
-1047
-3376
2447
-3662
-2306
-2949
-344
-636
297
1503
-2767
-1975
-560
-2318
-17686
-73
719
-3545
-3461
-2144
-2543
-21287
347
858
-435
-744
-4796
5263
-5967
-2286
-3764
-379
-1474
-6268
7576
-6625
-5022
-5318
-223
-1642
130
1527
-6126
-3799
-3282
-3823
-22277
-190
3012
-7800
-5790
-6843
-5249
-20886
108
4413
-340
-246
-4959
9622
-8289
-5606
-6772
-443
-1280
-11370
10720
-13589
-13679
-11526
-101
-1076
-82
-427
-10296
-7894
-8883
-6942
-12425
-67
-570
-15296
-14270
-15523
-13673
15488
124
-354
-450
-301
-6129
6944
-3622
-2488
-4061
-630
-993
-9036
8768
-5448
-6628
-6671
-156
-410
243
-892
-6449
-5161
-6386
-4119
-23876
40
-1682
-9422
-7357
-9762
-7371
-15962
220
-2571
-508
-330
-7153
3179
-2158
-3172
-4886
-452
-1874
-6448
6423
-3046
-4438
-6694
-128
-1530
-63
19
-6652
-5719
-4119
-4781
-14395
-65
-202
-6732
-5488
-5269
-5050
-17083
258
-393
-362
-1107
-4073
2232
-3651
-2379
-2863
-223
-1340
-4852
3374
-4225
-4441
-4448
-88
-889
-141
-1327
-4101
-3377
-951
-2882
-16364
-126
-1034
-4299
-4712
-3336
-4475
-14108
241
-979
0
0
0
0
0
0
0
0
0
0
0
-3353
-2456
-5115
-3524
-3157
0
0
0
0
0
0
0
0
0
0
0
-255
-933
-538
-3178
-15530
0
0
0
0
0
0
0
0
0
0
0
-4021
-2851
-4445
-3621
-3240
0
0
0
0
0
0
0
0
0
0
0
-181
-83
-1186
-3180
-15960
0
0
0
0
0
0
0
0
0
0
0
-3591
-1765
-3757
-3598
-2324
0
0
0
0
0
0
0
0
0
0
0
489
551
-758
-2145
-17441
0
0
0
0
0
0
0
0
0
0
0
-2419
-1890
-2069
-1600
-1440
0
0
0
0
0
0
0
0
0
0
0
485
95
-454
-1235
-15582
0
0
0
0
0
0
0
0
0
0
0
-2248
-1835
-1546
-782
-1441
0
0
0
0
0
0
0
0
0
0
0
662
-242
-1151
-1232
-16679
0
0
0
0
0
0
0
0
0
0
0
-1205
-1159
-1189
-1055
-1424
0
0
0
0
0
0
0
0
0
0
0
25
-652
-1776
-1244
-15303
0
0
0
0
0
0
0
0
0
0
0
-936
-626
-932
-1451
-1256
0
0
0
0
0
0
0
0
0
0
0
-592
11
-1595
-1185
-13053
0
0
0
0
0
0
0
0
0
0
0
-1243
-169
-1251
-1294
-1075
0
0
0
0
0
0
0
0
0
0
0
233
-11
-1485
-1034
-14925
0
0
0
0
0
0
0
0
0
0
0
-3440
-1158
-3413
-2793
-2527
0
0
0
0
0
0
0
0
0
0
0
830
-934
-2069
-2698
-18284
0
0
0
0
0
0
0
0
0
0
0
-5103
-1980
-2939
-4173
-3029
0
0
0
0
0
0
0
0
0
0
0
1008
-2278
-431
-2984
-18348
0
0
0
0
0
0
0
0
0
0
0
-4847
-1232
-4071
-4159
-3273
0
0
0
0
0
0
0
0
0
0
0
-980
-1143
-90
-3060
-15277
0
0
0
0
0
0
0
0
0
0
0
-2132
-1167
-2773
-2056
-2169
0
0
0
0
0
0
0
0
0
0
0
-2028
841
-1341
-1926
-19733
0
0
0
0
0
0
0
0
0
0
0
-1951
-1542
-2358
-2284
-2438
0
0
0
0
0
0
0
0
0
0
0
-2278
659
-1900
-2276
-20245
0
0
0
0
0
0
0
0
0
0
0
-1815
188
-2607
-2964
-2885
0
0
0
0
0
0
0
0
0
0
0
-2499
423
-3960
-2842
-26222
0
0
0
0
0
0
0
0
0
0
0
-2034
1478
-940
-2258
-1458
0
0
0
0
0
0
0
0
0
0
0
-2148
140
-1831
-1533
-18398
0
0
0
0
0
0
0
0
0
0
0
-2042
-401
-1706
-2070
-1496
0
0
0
0
0
0
0
0
0
0
0
-512
335
-1127
-1404
-13212
0
0
0
0
0
0
0
0
0
0
0
-1854
489
-1401
-123
-1215
0
0
0
0
0
0
0
0
0
0
0
677
-1811
-2150
-1105
-17538
0
0
0
0
0
0
0
0
0
0
0
-2650
-1510
-1841
-944
-1753
0
0
0
0
0
0
0
0
0
0
0
171
-1624
-1098
-1744
-23977
0
0
0
0
0
0
0
0
0
0
0
-3940
643
-4273
-3135
-2996
0
0
0
0
0
0
0
0
0
0
0
-3045
-2081
-808
-3291
-20176
0
0
0
0
0
0
0
0
0
0
0
-3693
4313
-2984
-3735
-2897
0
0
0
0
0
0
0
0
0
0
0
-5543
-2643
-2088
-2849
-17381
0
0
0
0
0
0
0
0
0
0
0
-4624
2225
-3500
-2218
-3836
0
0
0
0
0
0
0
0
0
0
0
-6990
-1225
-2851
-3831
-18714
0
0
0
0
0
0
0
0
0
0
0
-3941
5045
-3321
-3913
-3159
0
0
0
0
0
0
0
0
0
0
0
-5442
-2733
-4096
-2983
-17341
0
0
0
0
0
0
0
0
0
0
0
-3179
1862
-1233
-1882
-2152
0
0
0
0
0
0
0
0
0
0
0
-3321
-1155
-2509
-2061
-22159
0
0
0
0
0
0
0
0
0
0
0
-2595
-873
-1646
-1905
-1881
0
0
0
0
0
0
0
0
0
0
0
-2527
-121
-49
-1852
-14819
0
0
0
0
0
0
0
0
0
0
0
-2091
-121
-1655
-869
-2136
0
0
0
0
0
0
0
0
0
0
0
-1077
-3363
-1251
-2015
-14582
0
0
0
0
0
0
0
0
0
0
0
-3231
-394
-2316
-1754
-3158
0
0
0
0
0
0
0
0
0
0
0
-2872
-4491
-1241
-3168
-16907
0
0
0
0
0
0
0
0
0
0
0
-2498
1758
-2548
-1905
-2444
0
0
0
0
0
0
0
0
0
0
0
-2854
-3155
-1833
-2328
-23818
0
0
0
0
0
0
0
0
0
0
0
-3226
1833
-2813
156
-2599
0
0
0
0
0
0
0
0
0
0
0
-4305
-3726
-1727
-2648
-21884
0
0
0
0
0
0
0
0
0
0
0
-2913
80
-1990
1094
-2016
0
0
0
0
0
0
0
0
0
0
0
-3637
-1990
-1041
-1965
-16068
0
0
0
0
0
0
0
0
0
0
0
-1509
193
-3700
790
-2077
0
0
0
0
0
0
0
0
0
0
0
-2756
-3310
-591
-1916
-16895
0
0
0
0
0
0
0
0
0
0
0
-1942
-986
-2761
318
-1792
0
0
0
0
0
0
0
0
0
0
0
-2057
-2946
1073
-1717
-14352
0
0
0
0
0
0
0
0
0
0
0
-1451
-1144
-595
-127
-1222
0
0
0
0
0
0
0
0
0
0
0
-737
-1881
-11
-1152
-19415
0
0
0
0
0
0
0
0
0
0
0
-2939
783
-1773
-2348
-2007
0
0
0
0
0
0
0
0
0
0
0
-844
-2386
-598
-1906
-17242
0
0
0
0
0
0
0
0
0
0
0
-4262
3686
-2867
-3825
-2968
0
0
0
0
0
0
0
0
0
0
0
-3093
-4463
-1772
-3045
-17266
0
0
0
0
0
0
0
0
0
0
0
-3582
4450
-3664
-3796
-2696
0
0
0
0
0
0
0
0
0
0
0
-3787
-2921
-1392
-2484
-20668
0
0
0
0
0
0
0
0
0
0
0
-3847
1013
-3172
-2258
-2707
0
0
0
0
0
0
0
0
0
0
0
-2992
-1771
-723
-2599
-14758
0
0
0
0
0
0
0
0
0
0
0
-2476
-1253
-2381
191
-1851
0
0
0
0
0
0
0
0
0
0
0
-1281
-1878
-870
-1863
-17637
0
0
0
0
0
0
0
0
0
0
0
-1985
-2476
-4054
14
-2185
0
0
0
0
0
0
0
0
0
0
0
-1218
-3642
1570
-2235
-16698
0
0
0
0
0
0
0
0
0
0
0
-2309
-1880
-2828
153
-1808
0
0
0
0
0
0
0
0
0
0
0
-1860
-2763
1954
-1621
-19031
0
0
0
0
0
0
0
0
0
0
0
-1410
-979
-976
-643
-1219
0
0
0
0
0
0
0
0
0
0
0
-160
-719
-989
-1023
-15048
0
0
0
0
0
0
0
0
0
0
0
-2541
-463
-1908
-357
-1826
0
0
0
0
0
0
0
0
0
0
0
99
-967
-1754
-1570
-18550
0
0
0
0
0
0
0
0
0
0
0
-1315
21
-1514
-1327
-1426
0
0
0
0
0
0
0
0
0
0
0
-1387
-2670
1108
-1217
-25666
0
0
0
0
0
0
0
0
0
0
0
-2705
-152
-3250
-3317
-2373
0
0
0
0
0
0
0
0
0
0
0
-1063
-2754
202
-2372
-18801
0
0
0
0
0
0
0
0
0
0
0
-3510
1347
-2567
-2790
-2313
0
0
0
0
0
0
0
0
0
0
0
-1595
-2516
-367
-2246
-16833
0
0
0
0
0
0
0
0
0
0
0
-2897
1383
-968
-1690
-1840
0
0
0
0
0
0
0
0
0
0
0
-1595
-2796
-1320
-1748
-19675
0
0
0
0
0
0
0
0
0
0
0
-2725
-96
-2138
-3042
-2631
0
0
0
0
0
0
0
0
0
0
0
-2165
-3352
247
-2601
-18230
0
0
0
0
0
0
0
0
0
0
0
-2901
2019
-3042
-2669
-2495
0
0
0
0
0
0
0
0
0
0
0
-2777
-2748
405
-2250
-27036
0
0
0
0
0
0
0
0
0
0
0
-2709
723
-2328
-2057
-2261
0
0
0
0
0
0
0
0
0
0
0
-1963
-569
-1295
-2088
-16340
0
0
0
0
0
0
0
0
0
0
0
-2055
-1005
-1143
448
-1351
0
0
0
0
0
0
0
0
0
0
0
583
-1411
-1467
-1096
-17511
0
0
0
0
0
0
0
0
0
0
0
-2027
-1227
-2072
-606
-1437
0
0
0
0
0
0
0
0
0
0
0
732
-1529
-765
-1291
-20139
0
0
0
0
0
0
0
0
0
0
0
-3342
-620
-4524
-1775
-2632
0
0
0
0
0
0
0
0
0
0
0
-1389
-2290
-148
-2606
-17439
0
0
0
0
0
0
0
0
0
0
0
-4158
2168
-4025
-1571
-3896
0
0
0
0
0
0
0
0
0
0
0
-5414
-4724
-1878
-3787
-18614
0
0
0
0
0
0
0
0
0
0
0
-4040
3973
-2025
-2707
-4137
0
0
0
0
0
0
0
0
0
0
0
-6188
-4868
-4388
-4074
-16530
0
0
0
0
0
0
0
0
0
0
0
-4816
2591
-2016
-2902
-3926
0
0
0
0
0
0
0
0
0
0
0
-5525
-2975
-4122
-4022
-22931
0
0
0
0
0
0
0
0
0
0
0
-5408
5555
-3696
-5052
-3997
0
0
0
0
0
0
0
0
0
0
0
-6613
-4452
-1812
-3770
-20152
0
0
0
0
0
0
0
0
0
0
0
-4329
1684
-2818
-2733
-3232
0
0
0
0
0
0
0
0
0
0
0
-4288
-2256
-1226
-3086
-15059
0
0
0
0
0
0
0
0
0
0
0
-2228
-931
-1011
438
-1610
0
0
0
0
0
0
0
0
0
0
0
-662
-2187
-1930
-1446
-13715
0
0
0
0
0
0
0
0
0
0
0
-1491
165
-359
93
-943
0
0
0
0
0
0
0
0
0
0
0
-919
-1261
-1801
-713
-19417
0
0
0
0
0
0
0
0
0
0
0
-2479
-297
-3362
9
-1914
0
0
0
0
0
0
0
0
0
0
0
-1740
-1668
-870
-1727
-18432
0
0
0
0
0
0
0
0
0
0
0
-4340
1155
-4928
42
-3459
0
0
0
0
0
0
0
0
0
0
0
-4985
-3037
-2237
-3544
-19024
0
0
0
0
0
0
0
0
0
0
0
-4360
4865
-3374
-2335
-3343
0
0
0
0
0
0
0
0
0
0
0
-5135
-4398
-3522
-3084
-16754
0
0
0
0
0
0
0
0
0
0
0
-4166
1941
-1942
-1124
-3232
0
0
0
0
0
0
0
0
0
0
0
-5327
-2853
-3473
-3064
-22827
0
0
0
0
0
0
0
0
0
0
0
-3592
32
-1367
-1716
-3630
0
0
0
0
0
0
0
0
0
0
0
-5102
-5158
-1593
-3607
-16742
0
0
0
0
0
0
0
0
0
0
0
-3417
-67
-2561
-1447
-2555
0
0
0
0
0
0
0
0
0
0
0
-2660
-2143
-491
-2345
-14131
0
0
0
0
0
0
0
0
0
0
0
0
0
0
0
0
0
0
0
0
0
0
0
0
0
0
0
0
0
0
0
0
0
0
0
0
0
0
0
0
0
0
0
0
0
0
0
0
0
0
0
0
0
0
0
0
0
0
0
0
0
0
0
0
0
0
0
0
0
0
0
0
0
0
0
0
0
0
0
0
0
0
0
0
0
0
0
0
0
0
0
0
0
0
0
0
0
0
0
0
0
0
0
0
0
0
0
0
0
0
0
0
0
0
0
0
0
0
0
0
0
0
0
0
0
0
0
0
0
0
0
0
0
0
0
0
0
0
0
0
0
0
0
0
0
0
0
0
0
0
0
0
0
0
0
0
0
0
0
0
0
0
0
0
0
0
0
0
0
0
0
0
0
0
0
0
0
0
0
0
0
0
0
0
0
0
0
0
0
0
0
0
0
0
0
0
0
0
0
0
0
0
0
0
0
0
0
0
0
0
0
0
0
0
0
0
0
0
0
0
0
0
0
0
0
0
0
0
0
0
0
0
0
0
0
0
0
0
0
0
0
0
0
0
0
0
0
0
0
0
0
0
0
0
0
0
0
0
0
0
0
0
0
0
0
0
0
0
0
0
0
0
0
0
0
0
0
0
0
0
0
0
0
0
0
0
0
0
0
0
0
0
0
0
0
0
0
0
0
0
0
0
0
0
0
0
0
0
0
0
0
0
0
0
0
0
0
0
0
0
0
0
0
0
0
0
0
0
0
0
0
0
0
0
0
0
0
0
0
0
0
0
0
0
0
0
0
0
0
0
0
0
0
0
0
0
0
0
0
0
0
0
0
0
0
0
0
0
0
0
0
0
0
0
0
0
0
0
0
0
0
0
0
0
0
0
0
0
0
0
0
0
0
0
0
0
0
0
0
0
0
0
0
0
0
0
0
0
0
0
0
0
0
0
0
0
0
0
0
0
0
0
0
0
0
0
0
0
0
0
0
0
0
0
0
0
0
0
0
0
0
0
0
0
0
0
0
0
0
0
0
0
0
0
0
0
0
0
0
0
0
0
0
0
0
0
0
0
0
0
0
0
0
0
0
0
0
0
0
0
0
0
0
0
0
0
0
0
0
0
0
0
0
0
0
0
0
0
0
0
0
0
0
0
0
0
0
0
0
0
0
0
0
0
0
0
0
0
0
0
0
0
0
0
0
0
0
0
0
0
0
0
0
0
0
0
0
0
0
0
0
0
0
0
0
0
0
0
0
0
0
0
0
0
0
0
0
0
0
0
0
0
0
0
0
0
0
0
0
0
0
0
0
0
0
0
0
0
0
0
0
0
0
0
0
0
0
0
0
0
0
0
0
0
0
0
0
0
0
0
0
0
0
0
0
0
0
0
0
0
0
0
0
0
0
0
0
0
0
0
0
0
0
0
0
0
0
0
0
0
0
0
0
0
0
0
0
0
0
0
0
0
0
0
0
0
0
0
0
0
0
0
0
0
0
0
0
0
0
0
0
0
0
0
0
0
0
0
0
0
0
0
0
0
0
0
0
0
0
0
0
0
0
0
0
0
0
0
0
0
0
0
0
0
0
0
0
0
0
0
0
0
0
0
0
0
0
0
0
0
0
0
0
0
0
0
0
0
0
0
0
0
0
0
0
0
0
0
0
0
0
0
0
0
0
0
0
0
0
0
0
0
0
0
0
0
0
0
0
0
0
0
0
0
0
0
0
0
0
0
0
0
0
0
0
0
0
0
0
0
0
0
0
0
0
0
0
0
0
0
0
0
0
0
0
0
0
0
0
0
0
0
0
0
0
0
0
0
0
0
0
0
0
0
0
0
0
0
0
0
0
0
0
0
0
0
0
0
0
0
0
0
0
0
0
0
0
0
0
0
0
0
0
0
0
0
0
0
0
0
0
0
0
0
0
0
0
0
0
0
0
0
0
0
0
0
0
0
0
0
0
0
0
0
0
0
0
0
0
0
0
0
0
0
0
0
0
0
0
0
0
0
0
0
0
0
0
0
0
0
0
0
0
0
0
0
0
0
0
0
0
0
0
0
0
0
0
0
0
0
0
0
0
0
0
0
0
0
0
0
0
0
0
0
0
0
0
0
0
0
0
0
0
0
0
0
0
0
0
0
0
0
0
0
0
0
0
0
0
0
0
0
0
0
0
0
0
0
0
0
0
0
0
0
0
0
0
0
0
0
0
0
0
0
0
0
0
0
0
0
0
0
0
0
0
0
0
0
0
0
0
0
0
0
0
0
0
0
0
0
0
0
0
0
0
0
0
0
0
0
0
0
0
0
0
0
0
0
0
0
0
0
0
0
0
0
0
0
0
0
0
0
0
0
0
0
0
0
0
0
0
0
0
0
0
0
0
0
0
0
0
0
0
0
0
0
0
0
0
0
0
0
0
0
0
0
0
0
0
0
0
0
0
0
0
0
0
0
0
0
0
0
0
0
0
0
0
0
0
0
0
0
0
0
0
0
0
0
0
0
0
0
0
0
0
0
0
0
0
0
0
0
0
0
0
0
0
0
0
0
0
0
0
0
0
0
0
0
0
0
0
0
0
0
0
0
0
0
0
0
0
0
0
0
0
0
0
0
0
0
0
0
0
0
0
0
0
0
0
0
0
0
0
0
0
0
0
0
0
0
0
0
0
0
0
0
0
0
0
0
0
0
0
0
0
0
0
0
0
0
0
0
0
0
0
0
0
0
0
0
0
0
0
0
0
0
0
0
0
0
0
0
0
0
0
0
0
0
0
0
0
0
0
0
0
0
0
0
0
0
0
0
0
0
0
0
0
0
0
0
0
0
0
0
0
0
0
0
0
0
0
0
0
0
0
0
0
0
0
0
0
0
0
0
0
0
0
0
0
0
0
0
0
0
0
0
0
0
0
0
0
0
0
0
0
0
0
0
0
0
0
0
0
0
0
0
0
0
0
0
0
0
0
0
0
0
0
0
0
0
0
0
0
0
0
0
0
0
0
0
0
0
0
0
0
0
0
0
0
0
0
0
0
0
0
0
0
0
0
0
0
0
0
0
0
0
0
0
0
0
0
0
0
0
0
0
0
0
0
0
0
0
0
0
0
0
0
0
0
0
0
0
0
0
0
0
0
0
0
0
0
0
0
0
0
0
0
0
0
0
0
0
0
0
0
0
0
0
0
0
0
0
0
0
0
0
0
0
0
0
0
0
0
0
0
0
0
0
0
0
0
0
0
0
0
0
0
0
0
0
0
0
0
0
0
0
0
0
0
0
0
0
0
0
0
0
0
0
0
0
0
0
0
0
0
0
0
0
0
0
0
0
0
0
0
0
0
0
0
0
0
0
0
0
0
0
0
0
0
0
0
0
0
0
0
0
0
0
0
0
0
0
0
0
0
0
0
0
0
0
0
0
0
0
0
0
0
0
0
0
0
0
0
0
0
0
0
0
0
0
0
0
0
0
0
0
0
0
0
0
0
0
0
0
0
0
0
0
0
0
0
0
0
0
0
0
0
0
0
0
0
0
0
0
0
0
0
0
0
0
0
0
0
0
0
0
0
0
0
0
0
0
0
0
0
0
0
0
0
0
0
0
0
0
0
0
0
0
0
0
0
0
0
0
0
0
0
0
0
0
0
0
0
0
0
0
0
0
0
0
0
0
0
0
0
0
0
0
0
0
0
0
0
0
0
0
0
0
0
0
0
0
0
0
0
0
0
0
0
0
0
0
0
0
0
0
0
0
0
0
0
0
0
0
0
0
0
0
0
0
0
0
0
0
0
0
0
0
0
0
0
0
0
0
0
0
0
0
0
0
0
0
0
0
0
0
0
0
0
0
0
0
0
0
0
0
0
0
0
0
0
0
0
0
0
0
0
0
0
0
0
0
0
0
0
0
0
0
0
0
0
0
0
0
0
0
0
0
0
0
0
0
0
0
0
0
0
0
0
0
0
0
0
0
0
0
0
0
0
0
0
0
0
0
0
0
0
0
0
0
0
0
0
0
0
0
0
0
0
0
0
0
0
0
0
0
0
0
0
0
0
0
0
0
0
0
0
0
0
0
0
0
0
0
0
0
0
0
0
0
0
0
0
0
0
0
0
0
0
0
0
0
0
0
0
0
0
0
0
0
0
0
0
0
0
0
0
0
0
0
0
0
0
0
0
0
0
0
0
0
0
0
0
0
0
0
0
0
0
0
0
0
0
0
0
0
0
0
0
0
0
0
0
0
0
0
0
0
0
0
0
0
0
0
0
0
0
0
0
0
0
0
0
0
0
0
0
0
0
0
0
0
0
0
0
0
0
0
0
0
0
0
0
0
0
0
0
0
0
0
0
0
0
0
0
0
0
0
0
0
0
0
0
0
0
0
0
0
0
0
0
0
0
0
0
0
0
0
0
0
0
0
0
0
0
0
0
0
0
0
0
0
0
0
0
0
0
0
0
0
0
0
0
0
0
0
0
0
0
0
0
0
0
0
0
0
0
0
0
0
0
0
0
0
0
0
0
0
0
0
0
0
0
0
0
0
0
0
0
0
0
0
0
0
0
0
0
0
0
0
0
0
0
0
0
0
0
0
0
0
0
0
0
0
0
0
0
0
0
0
0
0
0
0
0
0
0
0
0
0
0
0
0
0
0
0
0
0
0
0
0
0
0
0
0
0
0
0
0
0
0
0
0
0
0
0
0
0
0
0
0
0
0
0
0
0
0
0
0
0
0
0
0
0
0
0
0
0
0
0
0
0
0
0
0
0
0
0
0
0
0
0
0
0
0
0
0
0
0
0
0
0
0
0
0
0
0
0
0
0
0
0
0
0
0
0
0
0
0
0
0
0
0
0
0
0
0
0
0
0
0
0
0
0
0
0
0
0
0
0
0
0
0
0
0
0
0
0
0
0
0
0
0
0
0
0
0
0
0
0
0
0
0
0
0
0
0
0
0
0
0
0
0
0
0
0
0
0
0
0
0
0
0
0
0
0
0
0
0
0
0
0
0
0
0
0
0
0
0
0
0
0
0
0
0
0
0
0
0
0
0
0
0
0
0
0
0
0
0
0
0
0
0
0
0
0
0
0
0
0
0
0
0
0
0
0
0
0
0
0
0
0
0
0
0
0
0
0
0
0
0
0
0
0
0
0
0
0
0
0
0
0
0
0
0
0
0
0
0
0
0
0
0
0
0
0
0
0
0
0
0
0
0
0
0
0
0
0
0
0
0
0
0
0
0
0
0
0
0
0
0
0
0
0
0
0
0
0
0
0
0
0
0
0
0
0
0
0
0
0
0
0
0
0
0
0
0
0
0
0
0
0
0
0
0
0
0
0
0
0
0
0
0
0
0
0
0
0
0
0
0
0
0
0
0
0
0
0
0
0
0
0
0
0
0
0
0
0
0
0
0
0
0
0
0
0
0
0
0
0
0
0
0
0
0
0
0
0
0
0
0
0
0
0
0
0
0
0
0
0
0
0
0
0
0
0
0
0
0
0
0
0
0
0
0
0
0
0
0
0
0
0
0
0
0
0
0
0
0
0
0
0
0
0
0
0
0
0
0
0
0
0
0
0
0
0
0
0
0
0
0
0
0
0
0
0
0
0
0
0
0
0
0
0
0
0
0
0
0
0
0
0
0
0
0
0
0
0
0
0
0
0
0
0
0
0
0
0
0
0
0
0
0
0
0
0
0
0
0
0
0
0
0
0
0
0
0
0
0
0
0
0
0
0
0
0
0
0
0
0
0
0
0
0
0
0
0
0
0
0
0
0
0
0
0
0
0
0
0
0
0
0
0
0
0
0
0
0
0
0
0
0
0
0
0
0
0
0
0
0
0
0
0
0
0
0
0
0
0
0
0
0
0
0
0
0
0
0
0
0
0
0
0
0
0
0
0
0
0
0
0
0
0
0
0
0
0
0
0
0
0
0
0
0
0
0
0
0
0
0
0
0
0
0
0
0
0
0
0
0
0
0
0
0
0
0
0
0
0
0
0
0
0
0
0
0
0
0
0
0
0
0
0
0
0
0
0
0
0
0
0
0
0
0
0
0
0
0
0
0
0
0
0
0
0
0
0
0
0
0
0
0
0
0
0
0
0
0
0
0
0
0
0
0
0
0
0
0
0
0
0
0
0
0
0
0
0
0
0
0
0
0
0
0
0
0
0
0
0
0
0
0
0
0
0
0
0
0
0
0
0
0
0
0
0
0
0
0
0
0
0
0
0
0
0
0
0
0
0
0
0
0
0
0
0
0
0
0
0
0
0
0
0
0
0
0
0
0
0
0
0
0
0
0
0
0
0
0
0
0
0
0
0
0
0
0
0
0
0
0
0
0
0
0
0
0
0
0
0
0
0
0
0
0
0
0
0
0
0
0
0
0
0
0
0
0
0
0
0
0
0
0
0
0
0
0
0
0
0
0
0
0
0
0
0
0
0
0
0
0
0
0
0
0
0
0
0
0
0
0
0
0
0
0
0
0
0
0
0
0
0
0
0
0
0
0
0
0
0
0
0
0
0
0
0
0
0
0
0
0
0
0
0
0
0
0
0
0
0
0
0
0
0
0
0
0
0
0
0
0
0
0
0
0
0
0
0
0
0
0
0
0
0
0
0
0
0
0
0
0
0
0
0
0
0
0
0
0
0
0
0
0
0
0
0
0
0
0
0
0
0
0
0
0
0
0
0
0
0
0
0
0
0
0
0
0
0
0
0
0
0
0
0
0
0
0
0
0
0
0
0
0
0
0
0
0
0
0
0
0
0
0
0
0
0
0
0
0
0
0
0
0
0
0
0
0
0
0
0
0
0
0
0
0
0
0
0
0
0
0
0
0
0
0
0
0
0
0
0
0
0
0
0
0
0
0
0
0
0
0
0
0
0
0
0
0
0
0
0
0
0
0
0
0
0
0
0
0
0
0
0
0
0
0
0
0
0
0
0
0
0
0
0
0
0
0
0
0
0
0
0
0
0
0
0
0
0
0
0
0
0
0
0
0
0
0
0
0
0
0
0
0
0
0
0
0
0
0
0
0
0
0
0
0
0
0
0
0
0
0
0
0
0
0
0
0
0
0
0
0
0
0
0
0
0
0
0
0
0
0
0
0
0
0
0
0
0
0
0
0
0
0
0
0
0
0
0
0
0
0
0
0
0
0
0
0
0
0
0
0
0
0
0
0
0
0
0
0
0
0
0
0
0
0
0
0
0
0
0
0
0
0
0
0
0
0
0
0
0
0
0
0
0
0
0
0
0
0
0
0
0
0
0
0
0
0
0
0
0
0
0
0
0
0
0
0
0
0
0
0
0
0
0
0
0
0
0
0
0
0
0
0
0
0
0
0
0
0
0
0
0
0
0
0
0
0
0
0
0
0
0
0
0
0
0
0
0
0
0
0
0
0
0
0
0
0
0
0
0
0
0
0
0
0
0
0
0
0
0
0
0
0
0
0
0
0
0
0
0
0
0
0
0
0
0
0
0
0
0
0
0
0
0
0
0
0
0
0
0
0
0
0
0
0
0
0
0
0
0
0
0
0
0
0
0
0
0
0
0
0
0
0
0
0
0
0
0
0
0
0
0
0
0
0
0
0
0
0
0
0
0
0
0
0
0
0
0
0
0
0
0
0
0
0
0
0
0
0
0
0
0
0
0
0
0
0
0
0
0
0
0
0
0
0
0
0
0
0
0
0
0
0
0
0
0
0
0
0
0
0
0
0
0
0
0
0
0
0
0
0
0
0
0
0
0
0
0
0
0
0
0
0
0
0
0
0
0
0
0
0
0
0
0
0
0
0
0
0
0
0
0
0
0
0
0
0
0
0
0
0
0
0
0
0
0
0
0
0
0
0
0
0
0
0
0
0
0
0
0
0
0
0
0
0
0
0
0
0
0
0
0
0
0
0
0
0
0
0
0
0
0
0
0
0
0
0
0
0
0
0
0
0
0
0
0
0
0
0
0
0
0
0
0
0
0
0
0
0
0
0
0
0
0
0
0
0
0
0
0
0
0
0
0
0
0
0
0
0
0
0
0
0
0
0
0
0
0
0
0
0
0
0
0
0
0
0
0
0
0
0
0
0
0
0
0
0
0
0
0
0
0
0
0
0
0
0
0
0
0
0
0
0
0
0
0
0
0
0
0
0
0
0
0
0
0
0
0
0
0
0
0
0
0
0
0
0
0
0
0
0
0
0
0
0
0
0
0
0
0
0
0
0
0
0
0
0
0
0
0
0
0
0
0
0
0
0
0
0
0
0
0
0
0
0
0
0
0
0
0
0
0
0
0
0
0
0
0
0
0
0
0
0
0
0
0
0
0
0
0
0
0
0
0
0
0
0
0
0
0
0
0
0
0
0
0
0
0
0
0
0
0
0
0
0
0
0
0
0
0
0
0
0
0
0
0
0
0
0
0
0
0
0
0
0
0
0
0
0
0
0
0
0
0
0
0
0
0
0
0
0
0
0
0
0
0
0
0
0
0
0
0
0
0
0
0
0
0
0
0
0
0
0
0
0
0
0
0
0
0
0
0
0
0
0
0
0
0
0
0
0
0
0
0
0
0
0
0
0
0
0
0
0
0
0
0
0
0
0
0
0
0
0
0
0
0
0
0
0
0
0
0
0
0
0
0
0
0
0
0
0
0
0
0
0
0
0
0
0
0
0
0
0
0
0
0
0
0
0
0
0
0
0
0
0
0
0
0
0
0
0
0
0
0
0
0
0
0
0
0
0
0
0
0
0
0
0
0
0
0
0
0
0
0
0
0
0
0
0
0
0
0
0
0
0
0
0
0
0
0
0
0
0
0
0
0
0
0
0
0
0
0
0
0
0
0
0
0
0
0
0
0
0
0
0
0
0
0
0
0
0
0
0
0
0
0
0
0
0
0
0
0
0
0
0
0
0
0
0
0
0
0
0
0
0
0
0
0
0
0
0
0
0
0
0
0
0
0
0
0
0
0
0
0
0
0
0
0
0
0
0
0
0
0
0
0
0
0
0
0
0
0
0
0
0
0
0
0
0
0
0
0
0
0
0
0
0
0
0
0
0
0
0
0
0
0
0
0
0
0
0
0
0
0
0
0
0
0
0
0
0
0
0
0
0
0
0
0
0
0
0
0
0
0
0
0
0
0
0
0
0
0
0
0
0
0
0
0
0
0
0
0
0
0
0
0
0
0
0
0
0
0
0
0
0
0
0
0
0
0
0
0
0
0
0
0
0
0
0
0
0
0
0
0
0
0
0
0
0
0
0
0
0
0
0
0
0
0
0
0
0
0
0
0
0
0
0
0
0
0
0
0
0
0
0
0
0
0
0
0
0
0
0
0
0
0
0
0
0
0
0
0
0
0
0
0
0
0
0
0
0
0
0
0
0
0
0
0
0
0
0
0
0
0
0
0
0
0
0
0
0
0
0
0
0
0
0
0
0
0
0
0
0
0
0
0
0
0
0
0
0
0
0
0
0
0
0
0
0
0
0
0
0
0
0
0
0
0
0
0
0
0
0
0
0
0
0
0
0
0
0
0
0
0
0
0
0
0
0
0
0
0
0
0
0
0
0
0
0
0
0
0
0
0
0
0
0
0
0
0
0
0
0
0
0
0
0
0
0
0
0
0
0
0
0
0
0
0
0
0
0
0
0
0
0
0
0
0
0
0
0
0
0
0
0
0
0
0
0
0
0
0
0
0
0
0
0
0
0
0
0
0
0
0
0
0
0
0
0
0
0
0
0
0
0
0
0
0
0
0
0
0
0
0
0
0
0
0
0
0
0
0
0
0
0
0
0
0
0
0
0
0
0
0
0
0
0
0
0
0
0
0
0
0
0
0
0
0
0
0
0
0
0
0
0
0
0
0
0
0
0
0
0
0
0
0
0
0
0
0
0
0
0
0
0
0
0
0
0
0
0
0
0
0
0
0
0
0
0
0
0
0
0
0
0
0
0
0
0
0
0
0
0
0
0
0
0
0
0
0
0
0
0
0
0
0
0
0
0
0
0
0
0
0
0
0
0
0
0
0
0
0
0
0
0
0
0
0
0
0
0
0
0
0
0
0
0
0
0
0
0
0
0
0
0
0
0
0
0
0
0
0
0
0
0
0
0
0
0
0
0
0
0
0
0
0
0
0
0
0
0
0
0
0
0
0
0
0
0
0
0
0
0
0
0
0
0
0
0
0
0
0
0
0
0
0
0
0
0
0
0
0
0
0
0
0
0
0
0
0
0
0
0
0
0
0
0
0
0
0
0
0
0
0
0
0
0
0
0
0
0
0
0
0
0
0
0
0
0
0
0
0
0
0
0
0
0
0
0
0
0
0
0
0
0
0
0
0
0
0
0
0
0
0
0
0
0
0
0
0
0
0
0
0
0
0
0
0
0
0
0
0
0
0
0
0
0
0
0
0
0
0
0
0
0
0
0
0
0
0
0
0
0
0
0
0
0
0
0
0
0
0
0
0
0
0
0
0
0
0
0
0
0
0
0
0
0
0
0
0
0
0
0
0
0
0
0
0
0
0
0
0
0
0
0
0
0
0
0
0
0
0
0
0
0
0
0
0
0
0
0
0
0
0
0
0
0
0
0
0
0
0
0
0
0
0
0
0
0
0
0
0
0
0
0
0
0
0
0
0
0
0
0
0
0
0
0
0
0
0
0
0
0
0
0
0
0
0
0
0
0
0
0
0
0
0
0
0
0
0
0
0
0
0
0
0
0
0
0
0
0
0
0
0
0
0
0
0
0
0
0
0
0
0
0
0
0
0
0
0
0
0
0
0
0
0
0
0
0
0
0
0
0
0
0
0
0
0
0
0
0
0
0
0
0
0
0
0
0
0
0
0
0
0
0
0
0
0
0
0
0
0
0
0
0
0
0
0
0
0
0
0
0
0
0
0
0
0
0
0
0
0
0
0
0
0
0
0
0
0
0
0
0
0
0
0
0
0
0
0
0
0
0
0
0
0
0
0
0
0
0
0
0
0
0
0
0
0
0
0
0
0
0
0
0
0
0
0
0
0
0
0
0
0
0
0
0
0
0
0
0
0
0
0
0
0
0
0
0
0
0
0
0
0
0
0
0
0
0
0
0
0
0
0
0
0
0
0
0
0
0
0
0
0
0
0
0
0
0
0
0
0
0
0
0
0
0
0
0
0
0
0
0
0
0
0
0
0
0
0
0
0
0
0
0
0
0
0
0
0
0
0
0
0
0
0
0
0
0
0
0
0
0
0
0
0
0
0
0
0
0
0
0
0
0
0
0
0
0
0
0
0
0
0
0
0
0
0
0
0
0
0
0
0
0
0
0
0
0
0
0
0
0
0
0
0
0
0
0
0
0
0
0
0
0
0
0
0
0
0
0
0
0
0
0
0
0
0
0
0
0
0
0
0
0
0
0
0
0
0
0
0
0
0
0
0
0
0
0
0
0
0
0
0
0
0
0
0
0
0
0
0
0
0
0
0
0
0
0
0
0
0
0
0
0
0
0
0
0
0
0
0
0
0
0
0
0
0
0
0
0
0
0
0
0
0
0
0
0
0
0
0
0
0
0
0
0
0
0
0
0
0
0
0
0
0
0
0
0
0
0
0
0
0
0
0
0
0
0
0
0
0
0
0
0
0
0
0
0
0
0
0
0
0
0
0
0
0
0
0
0
0
0
0
0
0
0
0
0
0
0
0
0
0
0
0
0
0
0
0
0
0
0
0
0
0
0
0
0
0
0
0
0
0
0
0
0
0
0
0
0
0
0
0
0
0
0
0
0
0
0
0
0
0
0
0
0
0
0
0
0
0
0
0
0
0
0
0
0
0
0
0
0
0
0
0
0
0
0
0
0
0
0
0
0
0
0
0
0
0
0
0
0
0
0
0
0
0
0
0
0
0
0
0
0
0
0
0
0
0
0
0
0
0
0
0
0
0
0
0
0
0
0
0
0
0
0
0
0
0
0
0
0
0
0
0
0
0
0
0
0
0
0
0
0
0
0
0
0
0
0
0
0
0
0
0
0
0
0
0
0
0
0
0
0
0
0
0
0
0
0
0
0
0
0
0
0
0
0
0
0
0
0
0
0
0
0
0
0
0
0
0
0
0
0
0
0
0
0
0
0
0
0
0
0
0
0
0
0
0
0
0
0
0
0
0
0
0
0
0
0
0
0
0
0
0
0
0
0
0
0
0
0
0
0
0
0
0
0
0
0
0
0
0
0
0
0
0
0
0
0
0
0
0
0
0
0
0
0
0
0
0
0
0
0
0
0
0
0
0
0
0
0
0
0
0
0
0
0
0
0
0
0
0
0
0
0
0
0
0
0
0
0
0
0
0
0
0
0
0
0
0
0
0
0
0
0
0
0
0
0
0
0
0
0
0
0
0
0
0
0
0
0
0
0
0
0
0
0
0
0
0
0
0
0
0
0
0
0
0
0
0
0
0
0
0
0
0
0
0
0
0
0
0
0
0
0
0
0
0
0
0
0
0
0
0
0
0
0
0
0
0
0
0
0
0
0
0
0
0
0
0
0
0
0
0
0
0
0
0
0
0
0
0
0
0
0
0
0
0
0
0
0
0
0
0
0
0
0
0
0
0
0
0
0
0
0
0
0
0
0
0
0
0
0
0
0
0
0
0
0
0
0
0
0
0
0
0
0
0
0
0
0
0
0
0
0
0
0
0
0
0
0
0
0
0
0
0
0
0
0
0
0
0
0
0
0
0
0
0
0
0
0
0
0
0
0
0
0
0
0
0
0
0
0
0
0
0
0
0
0
0
0
0
0
0
0
0
0
0
0
0
0
0
0
0
0
0
0
0
0
0
0
0
0
0
0
0
0
0
0
0
0
0
0
0
0
0
0
0
0
0
0
0
0
0
0
0
0
0
0
0
0
0
0
0
0
0
0
0
0
0
0
0
0
0
0
0
0
0
0
0
0
0
0
0
0
0
0
0
0
0
0
0
0
0
0
0
0
0
0
0
0
0
0
0
0
0
0
0
0
0
0
0
0
0
0
0
0
0
0
0
0
0
0
0
0
0
0
0
0
0
0
0
0
0
0
0
0
0
0
0
0
0
0
0
0
0
0
0
0
0
0
0
0
0
0
0
0
0
0
0
0
0
0
0
0
0
0
0
0
0
0
0
0
0
0
0
0
0
0
0
0
0
0
0
0
0
0
0
0
0
0
0
0
0
0
0
0
0
0
0
0
0
0
0
0
0
0
0
0
0
0
0
0
0
0
0
0
0
0
0
0
0
0
0
0
0
0
0
0
0
0
0
0
0
0
0
0
0
0
0
0
0
0
0
0
0
0
0
0
0
0
0
0
0
0
0
0
0
0
0
0
0
0
0
0
0
0
0
0
0
0
0
0
0
0
0
0
0
0
0
0
0
0
0
0
0
0
0
0
0
0
0
0
0
0
0
0
0
0
0
0
0
0
0
0
0
0
0
0
0
0
0
0
0
0
0
0
0
0
0
0
0
0
0
0
0
0
0
0
0
0
0
0
0
0
0
0
0
0
0
0
0
0
0
0
0
0
0
0
0
0
0
0
0
0
0
0
0
0
0
0
0
0
0
0
0
0
0
0
0
0
0
0
0
0
0
0
0
0
0
0
0
0
0
0
0
0
0
0
0
0
0
0
0
0
0
0
0
0
0
0
0
0
0
0
0
0
0
0
0
0
0
0
0
0
0
0
0
0
0
0
0
0
0
0
0
0
0
0
0
0
0
0
0
0
0
0
0
0
0
0
0
0
0
0
0
0
0
0
0
0
0
0
0
0
0
0
0
0
0
0
0
0
0
0
0
0
0
0
0
0
0
0
0
0
0
0
0
0
0
0
0
0
0
0
0
0
0
0
0
0
0
0
0
0
0
0
0
0
0
0
0
0
0
0
0
0
0
0
0
0
0
0
0
0
0
0
0
0
0
0
0
0
0
0
0
0
0
0
0
0
0
0
0
0
0
0
0
0
0
0
0
0
0
0
0
0
0
0
0
0
0
0
0
0
0
0
0
0
0
0
0
0
0
0
0
0
0
0
0
0
0
0
0
0
0
0
0
0
0
0
0
0
0
0
0
0
0
0
0
0
0
0
0
0
0
0
0
0
0
0
0
0
0
0
0
0
0
0
0
0
0
0
0
0
0
0
0
0
0
0
0
0
0
0
0
0
0
0
0
0
0
0
0
0
0
0
0
0
0
0
0
0
0
0
0
0
0
0
0
0
0
0
0
0
0
0
0
0
0
0
0
0
0
0
0
0
0
0
0
0
0
0
0
0
0
0
0
0
0
0
0
0
0
0
0
0
0
0
0
0
0
0
0
0
0
0
0
0
0
0
0
0
0
0
0
0
0
0
0
0
0
0
0
0
0
0
0
0
0
0
0
0
0
0
0
0
0
0
0
0
0
0
0
0
0
0
0
0
0
0
0
0
0
0
0
0
0
0
0
0
0
0
0
0
0
0
0
0
0
0
0
0
0
0
0
0
0
0
0
0
0
0
0
0
0
0
0
0
0
0
0
0
0
0
0
0
0
0
0
0
0
0
0
0
0
0
0
0
0
0
0
0
0
0
0
0
0
0
0
0
0
0
0
0
0
0
0
0
0
0
0
0
0
0
0
0
0
0
0
0
0
0
0
0
0
0
0
0
0
0
0
0
0
0
0
0
0
0
0
0
0
0
0
0
0
0
0
0
0
0
0
0
0
0
0
0
0
0
0
0
0
0
0
0
0
0
0
0
0
0
0
0
0
0
0
0
0
0
0
0
0
0
0
0
0
0
0
0
0
0
0
0
0
0
0
0
0
0
0
0
0
0
0
0
0
0
0
0
0
0
0
0
0
0
0
0
0
0
0
0
0
0
0
0
0
0
0
0
0
0
0
0
0
0
0
0
0
0
0
0
0
0
0
0
0
0
0
0
0
0
0
0
0
0
0
0
0
0
0
0
0
0
0
0
0
0
0
0
0
0
0
0
0
0
0
0
0
0
0
0
0
0
0
0
0
0
0
0
0
0
0
0
0
0
0
0
0
0
0
0
0
0
0
0
0
0
0
0
0
0
0
0
0
0
0
0
0
0
0
0
0
0
0
0
0
0
0
0
0
0
0
0
0
0
0
0
0
0
0
0
0
0
0
0
0
0
0
0
0
0
0
0
0
0
0
0
0
0
0
0
0
0
0
0
0
0
0
0
0
0
0
0
0
0
0
0
0
0
0
0
0
0
0
0
0
0
0
0
0
0
0
0
0
0
0
0
0
0
0
0
0
0
0
0
0
0
0
0
0
0
0
0
0
0
0
0
0
0
0
0
0
0
0
0
0
0
0
0
0
0
0
0
0
0
0
0
0
0
0
0
0
0
0
0
0
0
0
0
0
0
0
0
0
0
0
0
0
0
0
0
0
0
0
0
0
0
0
0
0
0
0
0
0
0
0
0
0
0
0
0
0
0
0
0
0
0
0
0
0
0
0
0
0
0
0
0
0
0
0
0
0
0
0
0
0
0
0
0
0
0
0
0
0
0
0
0
0
0
0
0
0
0
0
0
0
0
0
0
0
0
0
0
0
0
0
0
0
0
0
0
0
0
0
0
0
0
0
0
0
0
0
0
0
0
0
0
0
0
0
0
0
0
0
0
0
0
0
0
0
0
0
0
0
0
0
0
0
0
0
0
0
0
0
0
0
0
0
0
0
0
0
0
0
0
0
0
0
0
0
0
0
0
0
0
0
0
0
0
0
0
0
0
0
0
0
0
0
0
0
0
0
0
0
0
0
0
0
0
0
0
0
0
0
0
0
0
0
0
0
0
0
0
0
0
0
0
0
0
0
0
0
0
0
0
0
0
0
0
0
0
0
0
0
0
0
0
0
0
0
0
0
0
0
0
0
0
0
0
0
0
0
0
0
0
0
0
0
0
0
0
0
0
0
0
0
0
0
0
0
0
0
0
0
0
0
0
0
0
0
0
0
0
0
0
0
0
0
0
0
0
0
0
0
0
0
0
0
0
0
0
0
0
0
0
0
0
0
0
0
0
0
0
0
0
0
0
0
0
0
0
0
0
0
0
0
0
0
0
0
0
0
0
0
0
0
0
0
0
0
0
0
0
0
0
0
0
0
0
0
0
0
0
0
0
0
0
0
0
0
0
0
0
0
0
0
0
0
0
0
0
0
0
0
0
0
0
0
0
0
0
0
0
0
0
0
0
0
0
0
0
0
0
0
0
0
0
0
0
0
0
0
0
0
0
0
0
0
0
0
0
0
0
0
0
0
0
0
0
0
0
0
0
0
0
0
0
0
0
0
0
0
0
0
0
0
0
0
0
0
0
0
0
0
0
0
0
0
0
0
0
0
0
0
0
0
0
0
0
0
0
0
0
0
0
0
0
0
0
0
0
0
0
0
0
0
0
0
0
0
0
0
0
0
0
0
0
0
0
0
0
0
0
0
0
0
0
0
0
0
0
0
0
0
0
0
0
0
0
0
0
0
0
0
0
0
0
0
0
0
0
0
0
0
0
0
0
0
0
0
0
0
0
0
0
0
0
0
0
0
0
0
0
0
0
0
0
0
0
0
0
0
0
0
0
0
0
0
0
0
0
0
0
0
0
0
0
0
0
0
0
0
0
0
0
0
0
0
0
0
0
0
0
0
0
0
0
0
0
0
0
0
0
0
0
0
0
0
0
0
0
0
0
0
0
0
0
0
0
0
0
0
0
0
0
0
0
0
0
0
0
0
0
0
0
0
0
0
0
0
0
0
0
0
0
0
0
0
0
0
0
0
0
0
0
0
0
0
0
0
0
0
0
0
0
0
0
0
0
0
0
0
0
0
0
0
0
0
0
0
0
0
0
0
0
0
0
0
0
0
0
0
0
0
0
0
0
0
0
0
0
0
0
0
0
0
0
0
0
0
0
0
0
0
0
0
0
0
0
0
0
0
0
0
0
0
0
0
0
0
0
0
0
0
0
0
0
0
0
0
0
0
0
0
0
0
0
0
0
0
0
0
0
0
0
0
0
0
0
0
0
0
0
0
0
0
0
0
0
0
0
0
0
0
0
0
0
0
0
0
0
0
0
0
0
0
0
0
0
0
0
0
0
0
0
0
0
0
0
0
0
0
0
0
0
0
0
0
0
0
0
0
0
0
0
0
0
0
0
0
0
0
0
0
0
0
0
0
0
0
0
0
0
0
0
0
0
0
0
0
0
0
0
0
0
0
0
0
0
0
0
0
0
0
0
0
0
0
0
0
0
0
0
0
0
0
0
0
0
0
0
0
0
0
0
0
0
0
0
0
0
0
0
0
0
0
0
0
0
0
0
0
0
0
0
0
0
0
0
0
0
0
0
0
0
0
0
0
0
0
0
0
0
0
0
0
0
0
0
0
0
0
0
0
0
0
0
0
0
0
0
0
0
0
0
0
0
0
0
0
0
0
0
0
0
0
0
0
0
0
0
0
0
0
0
0
0
0
0
0
0
0
0
0
0
0
0
0
0
0
0
0
0
0
0
0
0
0
0
0
0
0
0
0
0
0
0
0
0
0
0
0
0
0
0
0
0
0
0
0
0
0
0
0
0
0
0
0
0
0
0
0
0
0
0
0
0
0
0
0
0
0
0
0
0
0
0
0
0
0
0
0
0
0
0
0
0
0
0
0
0
0
0
0
0
0
0
0
0
0
0
0
0
0
0
0
0
0
0
0
0
0
0
0
0
0
0
0
0
0
0
0
0
0
0
0
0
0
0
0
0
0
0
0
0
0
0
0
0
0
0
0
0
0
0
0
0
0
0
0
0
0
0
0
0
0
0
0
0
0
0
0
0
0
0
0
0
0
0
0
0
0
0
0
0
0
0
0
0
0
0
0
0
0
0
0
0
0
0
0
0
0
0
0
0
0
0
0
0
0
0
0
0
0
0
0
0
0
0
0
0
0
0
0
0
0
0
0
0
0
0
0
0
0
0
0
0
0
0
0
0
0
0
0
0
0
0
0
0
0
0
0
0
0
0
0
0
0
0
0
0
0
0
0
0
0
0
0
0
0
0
0
0
0
0
0
0
0
0
0
0
0
0
0
0
0
0
0
0
0
0
0
0
0
0
0
0
0
0
0
0
0
0
0
0
0
0
0
0
0
0
0
0
0
0
0
0
0
0
0
0
0
0
0
0
0
0
0
0
0
0
0
0
0
0
0
0
0
0
0
0
0
0
0
0
0
0
0
0
0
0
0
0
0
0
0
0
0
0
0
0
0
0
0
0
0
0
0
0
0
0
0
0
0
0
0
0
0
0
0
0
0
0
0
0
0
0
0
0
0
0
0
0
0
0
0
0
0
0
0
0
0
0
0
0
0
0
0
0
0
0
0
0
0
0
0
0
0
0
0
0
0
0
0
0
0
0
0
0
0
0
0
0
0
0
0
0
0
0
0
0
0
0
0
0
0
0
0
0
0
0
0
0
0
0
0
0
0
0
0
0
0
0
0
0
0
0
0
0
0
0
0
0
0
0
0
0
0
0
0
0
0
0
0
0
0
0
0
0
0
0
0
0
0
0
0
0
0
0
0
0
0
0
0
0
0
0
0
0
0
0
0
0
0
0
0
0
0
0
0
0
0
0
0
0
0
0
0
0
0
0
0
0
0
0
0
0
0
0
0
0
0
0
0
0
0
0
0
0
0
0
0
0
0
0
0
0
0
0
0
0
0
0
0
0
0
0
0
0
0
0
0
0
0
0
0
0
0
0
0
0
0
0
0
0
0
0
0
0
0
0
0
0
0
0
0
0
0
0
0
0
0
0
0
0
0
0
0
0
0
0
0
0
0
0
0
0
0
0
0
0
0
0
0
0
0
0
0
0
0
0
0
0
0
0
0
0
0
0
0
0
0
0
0
0
0
0
0
0
0
0
0
0
0
0
0
0
0
0
0
0
0
0
0
0
0
0
0
0
0
0
0
0
0
0
0
0
0
0
0
0
0
0
0
0
0
0
0
0
0
0
0
0
0
0
0
0
0
0
0
0
0
0
0
0
0
0
0
0
0
0
0
0
0
0
0
0
0
0
0
0
0
0
0
0
0
0
0
0
0
0
0
0
0
0
0
0
0
0
0
0
0
0
0
0
0
0
0
0
0
0
0
0
0
0
0
0
0
0
0
0
0
0
0
0
0
0
0
0
0
0
0
0
0
0
0
0
0
0
0
0
0
0
0
0
0
0
0
0
0
0
0
0
0
0
0
0
0
0
0
0
0
0
0
0
0
0
0
0
0
0
0
0
0
0
0
0
0
0
0
0
0
0
0
0
0
0
0
0
0
0
0
0
0
0
0
0
0
0
0
0
0
0
0
0
0
0
0
0
0
0
0
0
0
0
0
0
0
0
0
0
0
0
0
0
0
0
0
0
0
0
0
0
0
0
0
0
0
0
0
0
0
0
0
0
0
0
0
0
0
0
0
0
0
0
0
0
0
0
0
0
0
0
0
0
0
0
0
0
0
0
0
0
0
0
0
0
0
0
0
0
0
0
0
0
0
0
0
0
0
0
0
0
0
0
0
0
0
0
0
0
0
0
0
0
0
0
0
0
0
0
0
0
0
0
0
0
0
0
0
0
0
0
0
0
0
0
0
0
0
0
0
0
0
0
0
0
0
0
0
0
0
0
0
0
0
0
0
0
0
0
0
0
0
0
0
0
0
0
0
0
0
0
0
0
0
0
0
0
0
0
0
0
0
0
0
0
0
0
0
0
0
0
0
0
0
0
0
0
0
0
0
0
0
0
0
0
0
0
0
0
0
0
0
0
0
0
0
0
0
0
0
0
0
0
0
0
0
0
0
0
0
0
0
0
0
0
0
0
0
0
0
0
0
0
0
0
0
0
0
0
0
0
0
0
0
0
0
0
0
0
0
0
0
0
0
0
0
0
0
0
0
0
0
0
0
0
0
0
0
0
0
0
0
0
0
0
0
0
0
0
0
0
0
0
0
0
0
0
0
0
0
0
0
0
0
0
0
0
0
0
0
0
0
0
0
0
0
0
0
0
0
0
0
0
0
0
0
0
0
0
0
0
0
0
0
0
0
0
0
0
0
0
0
0
0
0
0
0
0
0
0
0
0
0
0
0
0
0
0
0
0
0
0
0
0
0
0
0
0
0
0
0
0
0
0
0
0
0
0
0
0
0
0
0
0
0
0
0
0
0
0
0
0
0
0
0
0
0
0
0
0
0
0
0
0
0
0
0
0
0
0
0
0
0
0
0
0
0
0
0
0
0
0
0
0
0
0
0
0
0
0
0
0
0
0
0
0
0
0
0
0
0
0
0
0
0
0
0
0
0
0
0
0
0
0
0
0
0
0
0
0
0
0
0
0
0
0
0
0
0
0
0
0
0
0
0
0
0
0
0
0
0
0
0
0
0
0
0
0
0
0
0
0
0
0
0
0
0
0
0
0
0
0
0
0
0
0
0
0
0
0
0
0
0
0
0
0
0
0
0
0
0
0
0
0
0
0
0
0
0
0
0
0
0
0
0
0
0
0
0
0
0
0
0
0
0
0
0
0
0
0
0
0
0
0
0
0
0
0
0
0
0
0
0
0
0
0
0
0
0
0
0
0
0
0
0
0
0
0
0
0
0
0
0
0
0
0
0
0
0
0
0
0
0
0
0
0
0
0
0
0
0
0
0
0
0
0
0
0
0
0
0
0
0
0
0
0
0
0
0
0
0
0
0
0
0
0
0
0
0
0
0
0
0
0
0
0
0
0
0
0
0
0
0
0
0
0
0
0
0
0
0
0
0
0
0
0
0
0
0
0
0
0
0
0
0
0
0
0
0
0
0
0
0
0
0
0
0
0
0
0
0
0
0
0
0
0
0
0
0
0
0
0
0
0
0
0
0
0
0
0
0
0
0
0
0
0
0
0
0
0
0
0
0
0
0
0
0
0
0
0
0
0
0
0
0
0
0
0
0
0
0
0
0
0
0
0
0
0
0
0
0
0
0
0
0
0
0
0
0
0
0
0
0
0
0
0
0
0
0
0
0
0
0
0
0
0
0
0
0
0
0
0
0
0
0
0
0
0
0
0
0
0
0
0
0
0
0
0
0
0
0
0
0
0
0
0
0
0
0
0
0
0
0
0
0
0
0
0
0
0
0
0
0
0
0
0
0
0
0
0
0
0
0
0
0
0
0
0
0
0
0
0
0
0
0
0
0
0
0
0
0
0
0
0
0
0
0
0
0
0
0
0
0
0
0
0
0
0
0
0
0
0
0
0
0
0
0
0
0
0
0
0
0
0
0
0
0
0
0
0
0
0
0
0
0
0
0
0
0
0
0
0
0
0
0
0
0
0
0
0
0
0
0
0
0
0
0
0
0
0
0
0
0
0
0
0
0
0
0
0
0
0
0
0
0
0
0
0
0
0
0
0
0
0
0
0
0
0
0
0
0
0
0
0
0
0
0
0
0
0
0
0
0
0
0
0
0
0
0
0
0
0
0
0
0
0
0
0
0
0
0
0
0
0
0
0
0
0
0
0
0
0
0
0
0
0
0
0
0
0
0
0
0
0
0
0
0
0
0
0
0
0
0
0
0
0
0
0
0
0
0
0
0
0
0
0
0
0
0
0
0
0
0
0
0
0
0
0
0
0
0
0
0
0
0
0
0
0
0
0
0
0
0
0
0
0
0
0
0
0
0
0
0
0
0
0
0
0
0
0
0
0
0
0
0
0
0
0
0
0
0
0
0
0
0
0
0
0
0
0
0
0
0
0
0
0
0
0
0
0
0
0
0
0
0
0
0
0
0
0
0
0
0
0
0
0
0
0
0
0
0
0
0
0
0
0
0
0
0
0
0
0
0
0
0
0
0
0
0
0
0
0
0
0
0
0
0
0
0
0
0
0
0
0
0
0
0
0
0
0
0
0
0
0
0
0
0
0
0
0
0
0
0
0
0
0
0
0
0
0
0
0
0
0
0
0
0
0
0
0
0
0
0
0
0
0
0
0
0
0
0
0
0
0
0
0
0
0
0
0
0
0
0
0
0
0
0
0
0
0
0
0
0
0
0
0
0
0
0
0
0
0
0
0
0
0
0
0
0
0
0
0
0
0
0
0
0
0
0
0
0
0
0
0
0
0
0
0
0
0
0
0
0
0
0
0
0
0
0
0
0
0
0
0
0
0
0
0
0
0
0
0
0
0
0
0
0
0
0
0
0
0
0
0
0
0
0
0
0
0
0
0
0
0
0
0
0
0
0
0
0
0
0
0
0
0
0
0
0
0
0
0
0
0
0
0
0
0
0
0
0
0
0
0
0
0
0
0
0
0
0
0
0
0
0
0
0
0
0
0
0
0
0
0
0
0
0
0
0
0
0
0
0
0
0
0
0
0
0
0
0
0
0
0
0
0
0
0
0
0
0
0
0
0
0
0
0
0
0
0
0
0
0
0
0
0
0
0
0
0
0
0
0
0
0
0
0
0
0
0
0
0
0
0
0
0
0
0
0
0
0
0
0
0
0
0
0
0
0
0
0
0
0
0
0
0
0
0
0
0
0
0
0
0
0
0
0
0
0
0
0
0
0
0
0
0
0
0
0
0
0
0
0
0
0
0
0
0
0
0
0
0
0
0
0
0
0
0
0
0
0
0
0
0
0
0
0
0
0
0
0
0
0
0
0
0
0
0
0
0
0
0
0
0
0
0
0
0
0
0
0
0
0
0
0
0
0
0
0
0
0
0
0
0
0
0
0
0
0
0
0
0
0
0
0
0
0
0
0
0
0
0
0
0
0
0
0
0
0
0
0
0
0
0
0
0
0
0
0
0
0
0
0
0
0
0
0
0
0
0
0
0
0
0
0
0
0
0
0
0
0
0
0
0
0
0
0
0
0
0
0
0
0
0
0
0
0
0
0
0
0
0
0
0
0
0
0
0
0
0
0
0
0
0
0
0
0
0
0
0
0
0
0
0
0
0
0
0
0
0
0
0
0
0
0
0
0
0
0
0
0
0
0
0
0
0
0
0
0
0
0
0
0
0
0
0
0
0
0
0
0
0
0
0
0
0
0
0
0
0
0
0
0
0
0
0
0
0
0
0
0
0
0
0
0
0
0
0
0
0
0
0
0
0
0
0
0
0
0
0
0
0
0
0
0
0
0
0
0
0
0
0
0
0
0
0
0
0
0
0
0
0
0
0
0
0
0
0
0
0
0
0
0
0
0
0
0
0
0
0
0
0
0
0
0
0
0
0
0
0
0
0
0
0
0
0
0
0
0
0
0
0
0
0
0
0
0
0
0
0
0
0
0
0
0
0
0
0
0
0
0
0
0
0
0
0
0
0
0
0
0
0
0
0
0
0
0
0
0
0
0
0
0
0
0
0
0
0
0
0
0
0
0
0
0
0
0
0
0
0
0
0
0
0
0
0
0
0
0
0
0
0
0
0
0
0
0
0
0
0
0
0
0
0
0
0
0
0
0
0
0
0
0
0
0
0
0
0
0
0
0
0
0
0
0
0
0
0
0
0
0
0
0
0
0
0
0
0
0
0
0
0
0
0
0
0
0
0
0
0
0
0
0
0
0
0
0
0
0
0
0
0
0
0
0
0
0
0
0
0
0
0
0
0
0
0
0
0
0
0
0
0
0
0
0
0
0
0
0
0
0
0
0
0
0
0
0
0
0
0
0
0
0
0
0
0
0
0
0
0
0
0
0
0
0
0
0
0
0
0
0
0
0
0
0
0
0
0
0
0
0
0
0
0
0
0
0
0
0
0
0
0
0
0
0
0
0
0
0
0
0
0
0
0
0
0
0
0
0
0
0
0
0
0
0
0
0
0
0
0
0
0
0
0
0
0
0
0
0
0
0
0
0
0
0
0
0
0
0
0
0
0
0
0
0
0
0
0
0
0
0
0
0
0
0
0
0
0
0
0
0
0
0
0
0
0
0
0
0
0
0
0
0
0
0
0
0
0
0
0
0
0
0
0
0
0
0
0
0
0
0
0
0
0
0
0
0
0
0
0
0
0
0
0
0
0
0
0
0
0
0
0
0
0
0
0
0
0
0
0
0
0
0
0
0
0
0
0
0
0
0
0
0
0
0
0
0
0
0
0
0
0
0
0
0
0
0
0
0
0
0
0
0
0
0
0
0
0
0
0
0
0
0
0
0
0
0
0
0
0
0
0
0
0
0
0
0
0
0
0
0
0
0
0
0
0
0
0
0
0
0
0
0
0
0
0
0
0
0
0
0
0
0
0
0
0
0
0
0
0
0
0
0
0
0
0
0
0
0
0
0
0
0
0
0
0
0
0
0
0
0
0
0
0
0
0
0
0
0
0
0
0
0
0
0
0
0
0
0
0
0
0
0
0
0
0
0
0
0
0
0
0
0
0
0
0
0
0
0
0
0
0
0
0
0
0
0
0
0
0
0
0
0
0
0
0
0
0
0
0
0
0
0
0
0
0
0
0
0
0
0
0
0
0
0
0
0
0
0
0
0
0
0
0
0
0
0
0
0
0
0
0
0
0
0
0
0
0
0
0
0
0
0
0
0
0
0
0
0
0
0
0
0
0
0
0
0
0
0
0
0
0
0
0
0
0
0
0
0
0
0
0
0
0
0
0
0
0
0
0
0
0
0
0
0
0
0
0
0
0
0
0
0
0
0
0
0
0
0
0
0
0
0
0
0
0
0
0
0
0
0
0
0
0
0
0
0
0
0
0
0
0
0
0
0
0
0
0
0
0
0
0
0
0
0
0
0
0
0
0
0
0
0
0
0
0
0
0
0
0
0
0
0
0
0
0
0
0
0
0
0
0
0
0
0
0
0
0
0
0
0
0
0
0
0
0
0
0
0
0
0
0
0
0
0
0
0
0
0
0
0
0
0
0
0
0
0
0
0
0
0
0
0
0
0
0
0
0
0
0
0
0
0
0
0
0
0
0
0
0
0
0
0
0
0
0
0
0
0
0
0
0
0
0
0
0
0
0
0
0
0
0
0
0
0
0
0
0
0
0
0
0
0
0
0
0
0
0
0
0
0
0
0
0
0
0
0
0
0
0
0
0
0
0
0
0
0
0
0
0
0
0
0
0
0
0
0
0
0
0
0
0
0
0
0
0
0
0
0
0
0
0
0
0
0
0
0
0
0
0
0
0
0
0
0
0
0
0
0
0
0
0
0
0
0
0
0
0
0
0
0
0
0
0
0
0
0
0
0
0
0
0
0
0
0
0
0
0
0
0
0
0
0
0
0
0
0
0
0
0
0
0
0
0
0
0
0
0
0
0
0
0
0
0
0
0
0
0
0
0
0
0
0
0
0
0
0
0
0
0
0
0
0
0
0
0
0
0
0
0
0
0
0
0
0
0
0
0
0
0
0
0
0
0
0
0
0
0
0
0
0
0
0
0
0
0
0
0
0
0
0
0
0
0
0
0
0
0
0
0
0
0
0
0
0
0
0
0
0
0
0
0
0
0
0
0
0
0
0
0
0
0
0
0
0
0
0
0
0
0
0
0
0
0
0
0
0
0
0
0
0
0
0
0
0
0
0
0
0
0
0
0
0
0
0
0
0
0
0
0
0
0
0
0
0
0
0
0
0
0
0
0
0
0
0
0
0
0
0
0
0
0
0
0
0
0
0
0
0
0
0
0
0
0
0
0
0
0
0
0
0
0
0
0
0
0
0
0
0
0
0
0
0
0
0
0
0
0
0
0
0
0
0
0
0
0
0
0
0
0
0
0
0
0
0
0
0
0
0
0
0
0
0
0
0
0
0
0
0
0
0
0
0
0
0
0
0
0
0
0
0
0
0
0
0
0
0
0
0
0
0
0
0
0
0
0
0
0
0
0
0
0
0
0
0
0
0
0
0
0
0
0
0
0
0
0
0
0
0
0
0
0
0
0
0
0
0
0
0
0
0
0
0
0
0
0
0
0
0
0
0
0
0
0
0
0
0
0
0
0
0
0
0
0
0
0
0
0
0
0
0
0
0
0
0
0
0
0
0
0
0
0
0
0
0
0
0
0
0
0
0
0
0
0
0
0
0
0
0
0
0
0
0
0
0
0
0
0
0
0
0
0
0
0
0
0
0
0
0
0
0
0
0
0
0
0
0
0
0
0
0
0
0
0
0
0
0
0
0
0
0
0
0
0
0
0
0
0
0
0
0
0
0
0
0
0
0
0
0
0
0
0
0
0
0
0
0
0
0
0
0
0
0
0
0
0
0
0
0
0
0
0
0
0
0
0
0
0
0
0
0
0
0
0
0
0
0
0
0
0
0
0
0
0
0
0
0
0
0
0
0
0
0
0
0
0
0
0
0
0
0
0
0
0
0
0
0
0
0
0
0
0
0
0
0
0
0
0
0
0
0
0
0
0
0
0
0
0
0
0
0
0
0
0
0
0
0
0
0
0
0
0
0
0
0
0
0
0
0
0
0
0
0
0
0
0
0
0
0
0
0
0
0
0
0
0
0
0
0
0
0
0
0
0
0
0
0
0
0
0
0
0
0
0
0
0
0
0
0
0
0
0
0
0
0
0
0
0
0
0
0
0
0
0
0
0
0
0
0
0
0
0
0
0
0
0
0
0
0
0
0
0
0
0
0
0
0
0
0
0
0
0
0
0
0
0
0
0
0
0
0
0
0
0
0
0
0
0
0
0
0
0
0
0
0
0
0
0
0
0
0
0
0
0
0
0
0
0
0
0
0
0
0
0
0
0
0
0
0
0
0
0
0
0
0
0
0
0
0
0
0
0
0
0
0
0
0
0
0
0
0
0
0
0
0
0
0
0
0
0
0
0
0
0
0
0
0
0
0
0
0
0
0
0
0
0
0
0
0
0
0
0
0
0
0
0
0
0
0
0
0
0
0
0
0
0
0
0
0
0
0
0
0
0
0
0
0
0
0
0
0
0
0
0
0
0
0
0
0
0
0
0
0
0
0
0
0
0
0
0
0
0
0
0
0
0
0
0
0
0
0
0
0
0
0
0
0
0
0
0
0
0
0
0
0
0
0
0
0
0
0
0
0
0
0
0
0
0
0
0
0
0
0
0
0
0
0
0
0
0
0
0
0
0
0
0
0
0
0
0
0
0
0
0
0
0
0
0
0
0
0
0
0
0
0
0
0
0
0
0
0
0
0
0
0
0
0
0
0
0
0
0
0
0
0
0
0
0
0
0
0
0
0
0
0
0
0
0
0
0
0
0
0
0
0
0
0
0
0
0
0
0
0
0
0
0
0
0
0
0
0
0
0
0
0
0
0
0
0
0
0
0
0
0
0
0
0
0
0
0
0
0
0
0
0
0
0
0
0
0
0
0
0
0
0
0
0
0
0
0
0
0
0
0
0
0
0
0
0
0
0
0
0
0
0
0
0
0
0
0
0
0
0
0
0
0
0
0
0
0
0
0
0
0
0
0
0
0
0
0
0
0
0
0
0
0
0
0
0
0
0
0
0
0
0
0
0
0
0
0
0
0
0
0
0
0
0
0
0
0
0
0
0
0
0
0
0
0
0
0
0
0
0
0
0
0
0
0
0
0
0
0
0
0
0
0
0
0
0
0
0
0
0
0
0
0
0
0
0
0
0
0
0
0
0
0
0
0
0
0
0
0
0
0
0
0
0
0
0
0
0
0
0
0
0
0
0
0
0
0
0
0
0
0
0
0
0
0
0
0
0
0
0
0
0
0
0
0
0
0
0
0
0
0
0
0
0
0
0
0
0
0
0
0
0
0
0
0
0
0
0
0
0
0
0
0
0
0
0
0
0
0
0
0
0
0
0
0
0
0
0
0
0
0
0
0
0
0
0
0
0
0
0
0
0
