-37
826
-1893
-2369
-3270
-1781
-2665
-193
1256
-1818
-2164
-2374
-1741
-810
-18
688
-89
1323
-304
-1700
-1598
-2613
-15518
-252
1640
-617
-2290
-2492
-2830
-21421
91
1440
-82
154
-3678
-4282
-6025
-4267
-4596
-183
569
-3743
-3296
-4942
-3905
-2065
137
402
-36
408
951
-4058
-1044
-4484
-16031
-332
-53
618
-3717
-3727
-4501
-23280
-111
660
-89
338
-4477
-730
-6265
-4773
-4661
-302
491
-6623
1165
-5959
-6488
-4363
79
709
12
191
-615
-5005
-2488
-4715
-14497
-224
-551
-2290
-6924
-6879
-6562
-11472
-213
232
-76
1106
-3529
1975
-2922
-3109
-2805
-312
686
-4317
3285
-3796
-4030
-3675
-37
21
142
1216
-2771
-2385
-3546
-2885
-28408
-86
621
-4474
-3540
-5007
-4375
-27649
83
921
-308
1609
-5526
6634
-6533
-6406
-5487
-329
2394
-7090
7434
-7565
-7743
-7428
0
1996
-32
1717
-5614
-5219
-6958
-5587
-20204
-7
1735
-8413
-6738
-9272
-8214
-16681
181
3460
-547
1231
-8435
11432
-11122
-9526
-8925
-498
1245
-15230
13107
-14490
-16928
-16689
73
1655
-176
-102
-10888
-9588
-10576
-9186
-9413
-128
-687
-15294
-15267
-16610
-16346
19550
41
-377
-374
747
-4235
7106
-4854
-3608
-3587
-436
645
-5899
7964
-5534
-5396
-5728
-3
722
45
-1175
-5385
-3617
-5599
-3472
-23554
-230
-1961
-7769
-4392
-8140
-5497
-20447
40
-2123
-240
866
-2486
2867
-3723
-2751
-2844
-330
676
-2559
3193
-3542
-3585
-2798
-53
992
-2
-1007
-2567
-3028
-2741
-2749
-19617
-229
-865
-3917
-2812
-5272
-3446
-21327
2
-1630
262
278
-1422
-1238
-4432
-2289
-3767
179
1159
-3358
-2175
-5990
-4731
-1089
187
-163
-370
1381
-1787
-3898
-2929
-3839
-18904
-403
995
-3929
-4195
-5355
-5576
-15649
-102
1150
196
435
-1846
-1181
-3797
-1331
-2503
129
303
-3567
-636
-4583
-3609
-1322
13
-99
-285
-388
-91
-2399
-1501
-2363
-24291
-393
-2146
-1953
-3153
-3609
-3909
-21354
-209
-2028
53
-1062
-2893
2732
-3635
-2056
-2599
-144
-542
-5054
3691
-4147
-4045
-3255
-3
-598
-97
833
-1999
-3197
-2959
-2774
-20769
-243
1854
-3898
-3749
-5252
-4520
-16395
-34
2145
-180
-209
-7725
7909
-6740
-6910
-7406
-296
771
-9043
7780
-7502
-7632
-7124
327
362
-150
3688
-7308
-9058
-9440
-7658
-7015
-198
5814
-9206
-7727
-11184
-9007
-8430
134
5717
-247
-567
-12692
12110
-11761
-12838
-13135
-256
525
-12534
13155
-11491
-11838
-12854
427
489
-446
-919
-13468
-13962
-14031
-13231
14746
-173
-2778
-14724
-12479
-15021
-13666
7392
137
-3074
-287
-2587
-7774
10469
-3845
-5389
-5683
-400
-4029
-9127
13372
-5998
-7062
-7466
83
-5400
7
-1477
-9671
-5249
-8531
-5356
-25755
-77
-1808
-11826
-7705
-10348
-6937
-25403
174
-2002
-313
-1043
-3188
6184
-3694
-2138
-2515
-225
-1211
-5639
7396
-5034
-4507
-4399
26
-2394
-21
414
-5954
-2409
-3417
-2605
-16228
-207
2481
-8449
-4732
-5217
-4781
-9883
-27
1733
-209
-1088
-1513
2400
-3838
-2001
-2546
-255
-933
-1675
3153
-3796
-3417
-3214
-44
-1402
-199
-1349
-4046
-2895
-1438
-2456
-16476
-161
-1726
-5463
-3151
-3603
-3499
-16290
-121
-2254
356
-110
-3351
-1105
-3658
-4277
-5211
403
521
-4196
388
-6003
-5675
-3251
278
-765
-669
754
-4019
-6184
-2905
-5206
-12754
-532
619
-5329
-6055
-5930
-6124
-12744
-229
591
267
-892
-3176
-101
-2976
-3558
-4046
277
329
-3431
1374
-4249
-4201
-3031
183
-185
-540
-1791
-3255
-5482
-2028
-3891
-17174
-393
-3438
-3887
-4783
-4523
-3935
-20412
-112
-2999
9
-104
-1749
797
-2460
-2731
-2625
-115
-20
-2563
1369
-3159
-3301
-1286
-76
-1159
-19
1200
-3012
-4913
-364
-2736
-17649
-148
654
-4494
-3362
-2294
-1847
-21075
57
112
-104
-470
-4024
1939
-2306
-3270
-3165
-225
-1730
-3994
2656
-4158
-3195
-505
76
-2828
-91
1601
-2764
-5993
-1990
-3366
-20541
-183
1854
-4078
-3522
-3348
-2995
-27775
105
1221
-109
-1664
-5940
6159
-2344
-4780
-4244
-344
-3421
-7577
6741
-5414
-5958
-2397
127
-3143
-142
147
-5287
-6460
-4663
-4145
-21357
-150
-1779
-8485
-6261
-7559
-5671
-19133
90
-1497
-117
-732
-2602
3853
-791
-2418
-1737
-152
-1595
-3486
4559
-2282
-3318
-1019
19
-2139
52
-366
-3765
-2710
-2567
-1752
-18239
-159
-964
-5589
-3229
-4367
-2412
-18691
22
-941
-79
-326
-1872
1696
-2089
-1608
-1365
-1
-107
-3158
2419
-4114
-3294
-986
-67
-199
-96
-596
-2339
-2142
-486
-1373
-23413
-349
1230
-4919
-2671
-3103
-2638
-20855
-135
1254
-127
500
-4326
4027
-5632
-3513
-3665
-231
1669
-3755
5827
-5567
-3997
-4211
-10
2627
-256
-493
-5600
-4053
-181
-3590
-18350
-265
-16
-6920
-4037
-3164
-4486
-20172
-94
54
460
55
-3378
1080
-4160
-2939
-3779
340
-719
-4260
3819
-5634
-5043
-3976
369
-758
-557
352
-4701
-4698
-633
-3758
-17562
-506
738
-6672
-5799
-3937
-5135
-14842
-346
744
238
-658
-1688
559
-4223
-3505
-3491
40
-447
-3778
2544
-6236
-5956
-4290
233
456
-287
-1393
-4011
-4472
-938
-3468
-17094
-273
-2616
-6298
-6221
-4509
-5495
-11708
-168
-982
74
-381
-210
-89
-1109
-2064
-1940
-89
-496
-2166
681
-1504
-3642
-1620
113
75
24
471
-2755
-3113
-1269
-1869
-16785
44
-1013
-5145
-3543
-2644
-2529
-15725
-41
-2032
-123
-608
-1372
-654
831
-1873
-1703
-35
-345
-2009
-341
-926
-2171
-115
43
-748
-82
420
-1962
-3033
-2125
-1754
-13200
20
907
-3896
-1790
-1677
-1772
-16737
1
354
-114
-585
-1479
503
-24
-1086
-1328
-19
-633
-2764
1286
-1601
-2325
-1092
133
-1072
-132
-114
-2217
-2455
-1591
-1322
-14017
-91
-1031
-4195
-2433
-1715
-2360
-13038
-41
-601
-103
105
-1887
352
-811
-811
-1186
-42
673
-2803
1402
-1719
-2319
-610
91
90
-9
648
-1801
-2262
-746
-1202
-17471
-268
86
-3377
-2353
-2052
-1745
-19510
-26
556
-101
828
-4087
3401
-4098
-2294
-3013
-152
1822
-5955
6166
-5588
-4829
-4277
46
1602
-214
1260
-5589
-3657
-1206
-2942
-20037
-385
2072
-8070
-5241
-3805
-5390
-17197
-161
3581
-199
1455
-7089
9912
-8299
-6333
-6473
-431
1386
-14031
12430
-13162
-14478
-13649
-35
1478
-263
-157
-10987
-7536
-5205
-6559
-16574
-319
-16
-16017
-14330
-10929
-14682
14871
-221
-3
244
-550
-3356
3011
-3147
-1402
-2344
98
-354
-5944
4017
-5224
-5004
-4713
238
-71
-260
522
-4126
-3099
-1043
-2391
-20438
-354
673
-5823
-5790
-3618
-5219
-9737
-262
613
-19
711
-4656
2248
-4388
-3473
-4263
-55
367
-4176
4365
-5308
-3374
-4951
161
430
-127
376
-4649
-5331
-2159
-4353
-11741
-77
-245
-5143
-4220
-2559
-4113
-16155
-23
-379
-107
2825
-3655
3951
-1301
-3754
-3443
-141
3776
-3900
5985
-2422
-3914
-4910
128
3144
14
-63
-4482
-3684
-5723
-3765
-23189
71
-1300
-5754
-4378
-4377
-3795
-26924
70
-1060
-39
1913
-3663
3689
-993
-2993
-2946
-37
3419
-3878
5748
-1472
-2980
-4045
261
3121
-115
575
-4438
-2300
-6171
-3343
-20244
-35
1820
-5132
-3837
-4552
-3526
-24108
87
1675
-130
2181
-2964
3070
-1300
-2435
-2374
-102
2809
-3722
4394
-2006
-2852
-2620
231
2061
-98
349
-3603
-2364
-4416
-2666
-22765
-90
-1470
-4991
-2892
-3950
-3230
-24533
82
-801
-139
3322
-3374
2653
-1862
-3396
-2972
-81
4420
-3479
3417
-2646
-3392
-1986
151
3379
-99
514
-3066
-2923
-4547
-3173
-25908
-92
-241
-4659
-3367
-3847
-3136
-30883
-29
-105
-34
3285
-5863
7286
-4478
-5153
-5032
-79
4499
-6166
9071
-6517
-5942
-5454
119
3022
-229
423
-7194
-4857
-6540
-5275
-20950
-56
1644
-9569
-7115
-6496
-6841
-21560
-19
1842
-81
994
-5991
6414
-4406
-3906
-4184
-242
-883
-6443
9257
-6810
-5894
-6522
50
-4326
-273
-899
-6373
-4415
-3788
-4114
-24369
-296
-695
-7889
-6429
-5633
-6251
-20768
-181
-196
11
-1036
-4107
1885
-2155
-3321
-4053
-17
-41
-4268
1803
-2336
-3182
-3287
154
210
-172
583
-4089
-3313
-3726
-3951
-11044
-395
1046
-4152
-2199
-3372
-4102
-15928
-69
1110
-354
-167
-6352
6102
-6182
-4799
-5991
-184
547
-6454
5732
-5810
-4285
-3767
149
190
-18
2460
-6059
-5854
-6819
-5820
-15468
-17
2747
-7463
-4179
-6173
-5847
-24939
277
2161
-320
-579
-13167
12942
-12873
-13789
-14063
-113
226
-10398
14279
-9652
-9323
-11114
404
-164
-237
449
-11880
-14043
-16080
-14014
17481
15
-333
-12422
-8908
-13704
-11430
-10174
310
-420
-221
-295
-13420
13977
-11309
-13428
-13062
-113
149
-11813
14889
-9831
-9379
-10807
386
-311
-184
1272
-12356
-12738
-15895
-12972
12267
-6
2736
-12347
-8983
-13735
-11353
-9481
272
2253
-164
49
-10004
10884
-9172
-10062
-9410
-108
350
-8797
10720
-7288
-7202
-7882
326
-134
-20
-393
-9426
-8275
-12118
-9176
-2426
-16
-3515
-8920
-6125
-10626
-8311
-18861
261
-3008
-197
-489
-12389
11299
-12465
-13371
-12836
-89
26
-10017
11359
-9852
-9018
-9729
355
-179
-239
257
-10321
-13127
-12891
-12674
15106
-31
-285
-9656
-7885
-11744
-10191
-9280
232
-271
-179
-486
-12709
11537
-12591
-13751
-13136
-89
-85
-9774
12179
-10031
-8962
-9513
290
-454
-401
821
-11819
-12842
-12821
-13050
15835
46
1800
-11265
-8293
-11485
-10545
-9647
210
1771
-76
-226
-7416
5327
-8898
-6404
-6300
-138
-109
-6038
6533
-5628
-4917
-5637
210
-395
-275
-3206
-6081
-3575
-5452
-6157
-12083
-80
-4651
-5760
-4149
-6047
-4911
-24588
132
-3371
-252
-862
-2606
-694
-1338
-2229
-3102
-250
-1492
-3094
-1578
-3423
-3100
-3064
-4
-693
-70
-25
-3617
-2366
-1247
-2982
-18293
-169
451
-4087
-598
-1827
-3764
-16571
46
538
-417
-544
-4431
2134
-3586
-2084
-3369
-276
-1150
-6569
1919
-5182
-3843
-2447
-25
-1423
122
2195
-4180
-3524
-2007
-3240
-20027
144
300
-7055
-2995
-3357
-5208
-16665
394
-586
-328
-1726
-6266
4025
-6088
-4674
-4908
-211
-4025
-7477
4699
-6424
-5121
-1151
97
-2546
75
-290
-4200
-4210
-3116
-4814
-21873
49
-63
-7768
-4442
-5601
-5509
-24092
288
-372
-224
-2558
-5412
4538
-6116
-4708
-4369
-251
-3925
-7008
4844
-6925
-5535
-1957
93
-2000
215
1086
-4099
-4440
-2269
-4263
-27152
28
2100
-7222
-4596
-5148
-5569
-27341
146
1403
-138
-1796
-4757
3189
-6630
-5329
-4906
-196
-2547
-7114
2510
-7748
-7200
-2592
84
-1143
103
645
-5239
-4644
-1547
-4677
-21568
75
-1494
-7987
-6469
-4930
-7285
-16576
73
-1366
-124
-1265
-5405
685
-4546
-3511
-4264
-221
-3526
-5783
2012
-4900
-4115
-2314
-2
-1915
152
-819
-1836
-3873
-2385
-4260
-23337
71
-55
-2918
-4151
-3878
-3803
-27793
164
205
33
-1894
-4799
14
-4508
-2671
-3779
-60
-4752
-5970
777
-4410
-4276
-1682
-16
-3363
-1
-753
-2659
-2725
-1299
-3791
-27694
23
1276
-2851
-4528
-4442
-4626
-27724
112
913
-12
-1466
-2999
-744
-4188
-2507
-2921
-66
-1911
-4422
-849
-3588
-4231
-1233
36
-448
-87
-1945
-2346
-1146
-320
-2800
-27565
-181
-1239
-3054
-3664
-3580
-4162
-26113
-89
-471
-347
-376
-2382
-1855
-823
-494
-2438
-331
-473
-2246
-2080
-3544
-1748
-1965
-197
-173
-125
-264
-3612
-2544
-374
-2394
-14242
4
377
-3593
-1254
-1440
-3029
-14213
265
665
-438
-721
-2242
-614
-920
1284
-1486
-494
-823
-3481
-365
-2999
-1197
-2018
-265
-802
112
987
-2788
-2160
-1314
-1490
-18868
148
-329
-4375
-2763
-2632
-3033
-15155
408
-665
-326
-965
-2286
-798
-2591
-1
-1914
-296
-1039
-2950
-682
-3523
-1655
-250
-122
-1142
74
-1010
-3351
-2277
1231
-1928
-12771
-45
-486
-4897
-3295
-1187
-2580
-10969
270
-676
-220
-615
-855
-970
-1125
430
-1113
-323
-590
-1921
-1774
-2963
-1102
1492
-56
-1124
134
426
-2231
-1530
209
-1134
-17729
-46
-544
-4531
-2434
-2238
-1934
-15885
178
-728
-191
-959
-1235
-444
-1808
238
-1161
-333
-1159
-2023
-514
-2533
-1380
462
-131
-941
119
320
-1719
-1232
235
-1076
-19160
-64
-222
-2881
-2355
-2639
-1514
-18657
108
-247
-171
-894
-1978
-1441
-2599
523
-1531
-312
-1404
-3577
-1943
-4426
-2199
-617
-110
-726
129
-793
892
-1943
-1454
-1610
-18706
-93
-186
-348
-3987
-4318
-2363
-14223
165
-493
-101
-742
-2075
-2553
-2061
1354
-1719
-209
-535
-4338
-4225
-3963
-2343
273
-119
-296
-15
-520
-574
-1811
-909
-1664
-21498
-84
543
-2073
-4931
-4918
-4049
-12817
119
253
-218
-568
-1731
-3318
-988
-696
-2217
-202
-553
-1424
-3093
-1103
-1735
148
-132
-252
-154
-577
-2524
-1498
-184
-2257
-19386
-105
-902
-2297
-2467
-2796
-2133
-23831
69
-514
0
0
0
0
0
0
0
0
0
0
0
-2344
-2390
-3547
-583
-2139
0
0
0
0
0
0
0
0
0
0
0
598
-1073
-2167
-2297
-15575
0
0
0
0
0
0
0
0
0
0
0
-3036
-3322
-4712
-1978
-2782
0
0
0
0
0
0
0
0
0
0
0
1434
-1140
-2026
-2664
-19990
0
0
0
0
0
0
0
0
0
0
0
-2704
-1861
-4818
-2304
-2886
0
0
0
0
0
0
0
0
0
0
0
-47
-1677
-1837
-2682
-16867
0
0
0
0
0
0
0
0
0
0
0
-2375
-1395
-3656
-2936
-3544
0
0
0
0
0
0
0
0
0
0
0
-3730
340
-3474
-3482
-21065
0
0
0
0
0
0
0
0
0
0
0
-3416
2249
-3765
-4508
-4009
0
0
0
0
0
0
0
0
0
0
0
-3528
-1837
-4411
-4043
-20848
0
0
0
0
0
0
0
0
0
0
0
-6350
4888
-4533
-6158
-4788
0
0
0
0
0
0
0
0
0
0
0
-5188
-3711
-3638
-4665
-15767
0
0
0
0
0
0
0
0
0
0
0
-4215
2736
-3436
-2576
-2973
0
0
0
0
0
0
0
0
0
0
0
-3427
-65
-2953
-2639
-22152
0
0
0
0
0
0
0
0
0
0
0
-2738
899
-2565
-1708
-1876
0
0
0
0
0
0
0
0
0
0
0
-198
-805
-1909
-1708
-19318
0
0
0
0
0
0
0
0
0
0
0
-2227
-1225
-3718
160
-2389
0
0
0
0
0
0
0
0
0
0
0
597
-3166
-3238
-2312
-20484
0
0
0
0
0
0
0
0
0
0
0
-2017
-2707
-3977
-279
-2802
0
0
0
0
0
0
0
0
0
0
0
-406
-2222
-2872
-2524
-16532
0
0
0
0
0
0
0
0
0
0
0
-1041
-225
-2496
-1436
-1767
0
0
0
0
0
0
0
0
0
0
0
-1955
-1249
-1422
-1692
-19265
0
0
0
0
0
0
0
0
0
0
0
-3969
4313
-1916
-4219
-2917
0
0
0
0
0
0
0
0
0
0
0
-4068
-2833
-2784
-3109
-22996
0
0
0
0
0
0
0
0
0
0
0
-5964
7934
-3717
-8514
-4746
0
0
0
0
0
0
0
0
0
0
0
-5940
-5313
-3319
-4520
-16299
0
0
0
0
0
0
0
0
0
0
0
-4306
3657
-3285
-2985
-4339
0
0
0
0
0
0
0
0
0
0
0
-6986
-3944
-3664
-4286
-25174
0
0
0
0
0
0
0
0
0
0
0
-3451
2447
-2272
-1135
-1880
0
0
0
0
0
0
0
0
0
0
0
-3599
-360
-1568
-1863
-15150
0
0
0
0
0
0
0
0
0
0
0
-2542
549
-2701
-1737
-1947
0
0
0
0
0
0
0
0
0
0
0
-1441
-1159
-666
-1688
-14743
0
0
0
0
0
0
0
0
0
0
0
-2450
-941
-2298
-943
-2543
0
0
0
0
0
0
0
0
0
0
0
-31
-4393
-2251
-2344
-19989
0
0
0
0
0
0
0
0
0
0
0
-2992
-970
-1620
-1831
-2890
0
0
0
0
0
0
0
0
0
0
0
-1188
-4341
-1563
-2687
-16811
0
0
0
0
0
0
0
0
0
0
0
-2093
-73
-198
-515
-1425
0
0
0
0
0
0
0
0
0
0
0
-961
-3673
298
-1404
-20593
0
0
0
0
0
0
0
0
0
0
0
-1125
259
-396
-853
-1701
0
0
0
0
0
0
0
0
0
0
0
-2195
-3440
-537
-1671
-26053
0
0
0
0
0
0
0
0
0
0
0
-1304
2945
-441
-1675
-1826
0
0
0
0
0
0
0
0
0
0
0
-3541
-3559
-1383
-1571
-28143
0
0
0
0
0
0
0
0
0
0
0
-1758
1141
-344
-409
-1341
0
0
0
0
0
0
0
0
0
0
0
-2316
-2225
-536
-1449
-17006
0
0
0
0
0
0
0
0
0
0
0
-1405
29
-709
110
-955
0
0
0
0
0
0
0
0
0
0
0
-1439
-1419
125
-1022
-22714
0
0
0
0
0
0
0
0
0
0
0
-1968
1363
-3385
-1883
-2100
0
0
0
0
0
0
0
0
0
0
0
-2593
-2254
314
-1923
-20316
0
0
0
0
0
0
0
0
0
0
0
-2227
-404
-2895
-157
-2364
0
0
0
0
0
0
0
0
0
0
0
-1351
-4234
-1246
-2298
-18365
0
0
0
0
0
0
0
0
0
0
0
-2508
-370
-1727
-963
-2066
0
0
0
0
0
0
0
0
0
0
0
-1351
-2810
-785
-1741
-19217
0
0
0
0
0
0
0
0
0
0
0
-2378
-476
377
-351
-1628
0
0
0
0
0
0
0
0
0
0
0
-1266
-2358
-1211
-1480
-15355
0
0
0
0
0
0
0
0
0
0
0
-1591
-785
1811
-16
-1162
0
0
0
0
0
0
0
0
0
0
0
-1192
-2279
-1792
-1165
-14637
0
0
0
0
0
0
0
0
0
0
0
-1449
-462
759
461
-909
0
0
0
0
0
0
0
0
0
0
0
-1632
-1698
-1770
-1006
-13486
0
0
0
0
0
0
0
0
0
0
0
-1854
-915
-186
1330
-1415
0
0
0
0
0
0
0
0
0
0
0
-1846
-1986
-2124
-1387
-14866
0
0
0
0
0
0
0
0
0
0
0
-3596
483
-2285
387
-2423
0
0
0
0
0
0
0
0
0
0
0
-4372
-2161
-1450
-2615
-17998
0
0
0
0
0
0
0
0
0
0
0
-5010
3844
-3568
-3819
-3493
0
0
0
0
0
0
0
0
0
0
0
-5884
-3411
-1455
-3504
-16610
0
0
0
0
0
0
0
0
0
0
0
-1204
105
-2441
-256
-2043
0
0
0
0
0
0
0
0
0
0
0
-2755
-2629
-1776
-2016
-15317
0
0
0
0
0
0
0
0
0
0
0
-1532
602
-2428
-395
-2072
0
0
0
0
0
0
0
0
0
0
0
-2989
-2799
-1393
-1823
-18630
0
0
0
0
0
0
0
0
0
0
0
-1602
2065
-1108
-700
-2549
0
0
0
0
0
0
0
0
0
0
0
-2883
-1685
-4757
-2225
-24152
0
0
0
0
0
0
0
0
0
0
0
-1789
1887
-811
-634
-2064
0
0
0
0
0
0
0
0
0
0
0
-2553
-191
-4914
-1741
-22625
0
0
0
0
0
0
0
0
0
0
0
-1481
1422
-410
-201
-1743
0
0
0
0
0
0
0
0
0
0
0
-2538
-912
-3825
-1535
-23445
0
0
0
0
0
0
0
0
0
0
0
-2030
820
-1479
-1697
-3127
0
0
0
0
0
0
0
0
0
0
0
-2726
-1932
-4487
-2985
-21430
0
0
0
0
0
0
0
0
0
0
0
-3253
3871
-3268
-2367
-3558
0
0
0
0
0
0
0
0
0
0
0
-4880
-2660
-4065
-3478
-21818
0
0
0
0
0
0
0
0
0
0
0
-2912
2009
-3811
-1863
-3157
0
0
0
0
0
0
0
0
0
0
0
-4463
-2666
-2176
-3198
-21821
0
0
0
0
0
0
0
0
0
0
0
-591
257
-1456
-2332
-2193
0
0
0
0
0
0
0
0
0
0
0
-2887
-1029
-3078
-2140
-15774
0
0
0
0
0
0
0
0
0
0
0
-2557
2492
-4168
-2605
-3596
0
0
0
0
0
0
0
0
0
0
0
-4779
-2653
-4110
-3554
-21550
0
0
0
0
0
0
0
0
0
0
0
-5524
9124
-6203
-7154
-5325
0
0
0
0
0
0
0
0
0
0
0
-5023
-6091
-5925
-5061
-16910
0
0
0
0
0
0
0
0
0
0
0
-5669
9272
-5690
-6717
-5294
0
0
0
0
0
0
0
0
0
0
0
-6042
-4781
-7016
-5182
-17960
0
0
0
0
0
0
0
0
0
0
0
-5617
6027
-5797
-6339
-5915
0
0
0
0
0
0
0
0
0
0
0
-6441
-3343
-7645
-5639
-12608
0
0
0
0
0
0
0
0
0
0
0
-5395
8249
-5649
-6718
-4833
0
0
0
0
0
0
0
0
0
0
0
-4197
-5827
-4664
-4749
-15493
0
0
0
0
0
0
0
0
0
0
0
-5602
8579
-6487
-6728
-5219
0
0
0
0
0
0
0
0
0
0
0
-5327
-5819
-4738
-5216
-14958
0
0
0
0
0
0
0
0
0
0
0
-5340
2170
-7017
-4608
-4408
0
0
0
0
0
0
0
0
0
0
0
-4278
216
-3313
-4354
-16282
0
0
0
0
0
0
0
0
0
0
0
-1541
-1396
-926
-2459
-2254
0
0
0
0
0
0
0
0
0
0
0
-2409
-1013
-1559
-2146
-18025
0
0
0
0
0
0
0
0
0
0
0
-2910
-574
-2614
-2347
-3449
0
0
0
0
0
0
0
0
0
0
0
-4541
-3011
-1531
-3371
-15317
0
0
0
0
0
0
0
0
0
0
0
-2825
400
-6643
-3278
-4399
0
0
0
0
0
0
0
0
0
0
0
-4328
-3126
-1689
-4256
-19537
0
0
0
0
0
0
0
0
0
0
0
-2505
1025
-5698
-2706
-3483
0
0
0
0
0
0
0
0
0
0
0
-3316
-2187
-1644
-3357
-26422
0
0
0
0
0
0
0
0
0
0
0
-3674
67
-6352
-3897
-4714
0
0
0
0
0
0
0
0
0
0
0
-4588
-2867
-1676
-4301
-15390
0
0
0
0
0
0
0
0
0
0
0
-3092
-1808
-5981
-753
-4460
0
0
0
0
0
0
0
0
0
0
0
-2586
-3654
-3333
-4231
-18829
0
0
0
0
0
0
0
0
0
0
0
-2180
-1690
-5398
268
-3616
0
0
0
0
0
0
0
0
0
0
0
-2931
-2606
-2953
-3549
-25008
0
0
0
0
0
0
0
0
0
0
0
-2851
-1691
-4063
-2162
-3112
0
0
0
0
0
0
0
0
0
0
0
-2429
163
-1659
-2849
-22630
0
0
0
0
0
0
0
0
0
0
0
-1985
-1976
-203
-1108
-1816
0
0
0
0
0
0
0
0
0
0
0
-2316
-1421
-822
-1774
-14884
0
0
0
0
0
0
0
0
0
0
0
-2128
-1566
-101
253
-1657
0
0
0
0
0
0
0
0
0
0
0
-2658
-2074
-818
-1563
-16495
0
0
0
0
0
0
0
0
0
0
0
-1966
-1146
-2209
-255
-1454
0
0
0
0
0
0
0
0
0
0
0
-2577
-1677
1284
-1393
-13684
0
0
0
0
0
0
0
0
0
0
0
-1246
-952
-1279
-98
-946
0
0
0
0
0
0
0
0
0
0
0
-1659
-1215
473
-1003
-17611
0
0
0
0
0
0
0
0
0
0
0
-1834
-1137
-2439
-301
-1679
0
0
0
0
0
0
0
0
0
0
0
-1594
-1369
-154
-1642
-14451
0
0
0
0
0
0
0
0
0
0
0
-1987
-1867
-2897
787
-1611
0
0
0
0
0
0
0
0
0
0
0
182
-1742
-1660
-1635
-16163
0
0
0
0
0
0
0
0
0
0
0
-1771
-2276
-1536
1122
-1561
0
0
0
0
0
0
0
0
0
0
0
-1221
-1782
-1583
-1644
-19488
0
0
0
0
0
0
0
0
0
0
0
-1681
-2390
-1305
-481
-1881
0
0
0
0
0
0
0
0
0
0
0
-1941
-959
-1140
-1761
-19438
0
0
0
0
0
0
0
0
0
0
0
0
0
0
0
0
0
0
0
0
0
0
0
0
0
0
0
0
0
0
0
0
0
0
0
0
0
0
0
0
0
0
0
0
0
0
0
0
0
0
0
0
0
0
0
0
0
0
0
0
0
0
0
0
0
0
0
0
0
0
0
0
0
0
0
0
0
0
0
0
0
0
0
0
0
0
0
0
0
0
0
0
0
0
0
0
0
0
0
0
0
0
0
0
0
0
0
0
0
0
0
0
0
0
0
0
0
0
0
0
0
0
0
0
0
0
0
0
0
0
0
0
0
0
0
0
0
0
0
0
0
0
0
0
0
0
0
0
0
0
0
0
0
0
0
0
0
0
0
0
0
0
0
0
0
0
0
0
0
0
0
0
0
0
0
0
0
0
0
0
0
0
0
0
0
0
0
0
0
0
0
0
0
0
0
0
0
0
0
0
0
0
0
0
0
0
0
0
0
0
0
0
0
0
0
0
0
0
0
0
0
0
0
0
0
0
0
0
0
0
0
0
0
0
0
0
0
0
0
0
0
0
0
0
0
0
0
0
0
0
0
0
0
0
0
0
0
0
0
0
0
0
0
0
0
0
0
0
0
0
0
0
0
0
0
0
0
0
0
0
0
0
0
0
0
0
0
0
0
0
0
0
0
0
0
0
0
0
0
0
0
0
0
0
0
0
0
0
0
0
0
0
0
0
0
0
0
0
0
0
0
0
0
0
0
0
0
0
0
0
0
0
0
0
0
0
0
0
0
0
0
0
0
0
0
0
0
0
0
0
0
0
0
0
0
0
0
0
0
0
0
0
0
0
0
0
0
0
0
0
0
0
0
0
0
0
0
0
0
0
0
0
0
0
0
0
0
0
0
0
0
0
0
0
0
0
0
0
0
0
0
0
0
0
0
0
0
0
0
0
0
0
0
0
0
0
0
0
0
0
0
0
0
0
0
0
0
0
0
0
0
0
0
0
0
0
0
0
0
0
0
0
0
0
0
0
0
0
0
0
0
0
0
0
0
0
0
0
0
0
0
0
0
0
0
0
0
0
0
0
0
0
0
0
0
0
0
0
0
0
0
0
0
0
0
0
0
0
0
0
0
0
0
0
0
0
0
0
0
0
0
0
0
0
0
0
0
0
0
0
0
0
0
0
0
0
0
0
0
0
0
0
0
0
0
0
0
0
0
0
0
0
0
0
0
0
0
0
0
0
0
0
0
0
0
0
0
0
0
0
0
0
0
0
0
0
0
0
0
0
0
0
0
0
0
0
0
0
0
0
0
0
0
0
0
0
0
0
0
0
0
0
0
0
0
0
0
0
0
0
0
0
0
0
0
0
0
0
0
0
0
0
0
0
0
0
0
0
0
0
0
0
0
0
0
0
0
0
0
0
0
0
0
0
0
0
0
0
0
0
0
0
0
0
0
0
0
0
0
0
0
0
0
0
0
0
0
0
0
0
0
0
0
0
0
0
0
0
0
0
0
0
0
0
0
0
0
0
0
0
0
0
0
0
0
0
0
0
0
0
0
0
0
0
0
0
0
0
0
0
0
0
0
0
0
0
0
0
0
0
0
0
0
0
0
0
0
0
0
0
0
0
0
0
0
0
0
0
0
0
0
0
0
0
0
0
0
0
0
0
0
0
0
0
0
0
0
0
0
0
0
0
0
0
0
0
0
0
0
0
0
0
0
0
0
0
0
0
0
0
0
0
0
0
0
0
0
0
0
0
0
0
0
0
0
0
0
0
0
0
0
0
0
0
0
0
0
0
0
0
0
0
0
0
0
0
0
0
0
0
0
0
0
0
0
0
0
0
0
0
0
0
0
0
0
0
0
0
0
0
0
0
0
0
0
0
0
0
0
0
0
0
0
0
0
0
0
0
0
0
0
0
0
0
0
0
0
0
0
0
0
0
0
0
0
0
0
0
0
0
0
0
0
0
0
0
0
0
0
0
0
0
0
0
0
0
0
0
0
0
0
0
0
0
0
0
0
0
0
0
0
0
0
0
0
0
0
0
0
0
0
0
0
0
0
0
0
0
0
0
0
0
0
0
0
0
0
0
0
0
0
0
0
0
0
0
0
0
0
0
0
0
0
0
0
0
0
0
0
0
0
0
0
0
0
0
0
0
0
0
0
0
0
0
0
0
0
0
0
0
0
0
0
0
0
0
0
0
0
0
0
0
0
0
0
0
0
0
0
0
0
0
0
0
0
0
0
0
0
0
0
0
0
0
0
0
0
0
0
0
0
0
0
0
0
0
0
0
0
0
0
0
0
0
0
0
0
0
0
0
0
0
0
0
0
0
0
0
0
0
0
0
0
0
0
0
0
0
0
0
0
0
0
0
0
0
0
0
0
0
0
0
0
0
0
0
0
0
0
0
0
0
0
0
0
0
0
0
0
0
0
0
0
0
0
0
0
0
0
0
0
0
0
0
0
0
0
0
0
0
0
0
0
0
0
0
0
0
0
0
0
0
0
0
0
0
0
0
0
0
0
0
0
0
0
0
0
0
0
0
0
0
0
0
0
0
0
0
0
0
0
0
0
0
0
0
0
0
0
0
0
0
0
0
0
0
0
0
0
0
0
0
0
0
0
0
0
0
0
0
0
0
0
0
0
0
0
0
0
0
0
0
0
0
0
0
0
0
0
0
0
0
0
0
0
0
0
0
0
0
0
0
0
0
0
0
0
0
0
0
0
0
0
0
0
0
0
0
0
0
0
0
0
0
0
0
0
0
0
0
0
0
0
0
0
0
0
0
0
0
0
0
0
0
0
0
0
0
0
0
0
0
0
0
0
0
0
0
0
0
0
0
0
0
0
0
0
0
0
0
0
0
0
0
0
0
0
0
0
0
0
0
0
0
0
0
0
0
0
0
0
0
0
0
0
0
0
0
0
0
0
0
0
0
0
0
0
0
0
0
0
0
0
0
0
0
0
0
0
0
0
0
0
0
0
0
0
0
0
0
0
0
0
0
0
0
0
0
0
0
0
0
0
0
0
0
0
0
0
0
0
0
0
0
0
0
0
0
0
0
0
0
0
0
0
0
0
0
0
0
0
0
0
0
0
0
0
0
0
0
0
0
0
0
0
0
0
0
0
0
0
0
0
0
0
0
0
0
0
0
0
0
0
0
0
0
0
0
0
0
0
0
0
0
0
0
0
0
0
0
0
0
0
0
0
0
0
0
0
0
0
0
0
0
0
0
0
0
0
0
0
0
0
0
0
0
0
0
0
0
0
0
0
0
0
0
0
0
0
0
0
0
0
0
0
0
0
0
0
0
0
0
0
0
0
0
0
0
0
0
0
0
0
0
0
0
0
0
0
0
0
0
0
0
0
0
0
0
0
0
0
0
0
0
0
0
0
0
0
0
0
0
0
0
0
0
0
0
0
0
0
0
0
0
0
0
0
0
0
0
0
0
0
0
0
0
0
0
0
0
0
0
0
0
0
0
0
0
0
0
0
0
0
0
0
0
0
0
0
0
0
0
0
0
0
0
0
0
0
0
0
0
0
0
0
0
0
0
0
0
0
0
0
0
0
0
0
0
0
0
0
0
0
0
0
0
0
0
0
0
0
0
0
0
0
0
0
0
0
0
0
0
0
0
0
0
0
0
0
0
0
0
0
0
0
0
0
0
0
0
0
0
0
0
0
0
0
0
0
0
0
0
0
0
0
0
0
0
0
0
0
0
0
0
0
0
0
0
0
0
0
0
0
0
0
0
0
0
0
0
0
0
0
0
0
0
0
0
0
0
0
0
0
0
0
0
0
0
0
0
0
0
0
0
0
0
0
0
0
0
0
0
0
0
0
0
0
0
0
0
0
0
0
0
0
0
0
0
0
0
0
0
0
0
0
0
0
0
0
0
0
0
0
0
0
0
0
0
0
0
0
0
0
0
0
0
0
0
0
0
0
0
0
0
0
0
0
0
0
0
0
0
0
0
0
0
0
0
0
0
0
0
0
0
0
0
0
0
0
0
0
0
0
0
0
0
0
0
0
0
0
0
0
0
0
0
0
0
0
0
0
0
0
0
0
0
0
0
0
0
0
0
0
0
0
0
0
0
0
0
0
0
0
0
0
0
0
0
0
0
0
0
0
0
0
0
0
0
0
0
0
0
0
0
0
0
0
0
0
0
0
0
0
0
0
0
0
0
0
0
0
0
0
0
0
0
0
0
0
0
0
0
0
0
0
0
0
0
0
0
0
0
0
0
0
0
0
0
0
0
0
0
0
0
0
0
0
0
0
0
0
0
0
0
0
0
0
0
0
0
0
0
0
0
0
0
0
0
0
0
0
0
0
0
0
0
0
0
0
0
0
0
0
0
0
0
0
0
0
0
0
0
0
0
0
0
0
0
0
0
0
0
0
0
0
0
0
0
0
0
0
0
0
0
0
0
0
0
0
0
0
0
0
0
0
0
0
0
0
0
0
0
0
0
0
0
0
0
0
0
0
0
0
0
0
0
0
0
0
0
0
0
0
0
0
0
0
0
0
0
0
0
0
0
0
0
0
0
0
0
0
0
0
0
0
0
0
0
0
0
0
0
0
0
0
0
0
0
0
0
0
0
0
0
0
0
0
0
0
0
0
0
0
0
0
0
0
0
0
0
0
0
0
0
0
0
0
0
0
0
0
0
0
0
0
0
0
0
0
0
0
0
0
0
0
0
0
0
0
0
0
0
0
0
0
0
0
0
0
0
0
0
0
0
0
0
0
0
0
0
0
0
0
0
0
0
0
0
0
0
0
0
0
0
0
0
0
0
0
0
0
0
0
0
0
0
0
0
0
0
0
0
0
0
0
0
0
0
0
0
0
0
0
0
0
0
0
0
0
0
0
0
0
0
0
0
0
0
0
0
0
0
0
0
0
0
0
0
0
0
0
0
0
0
0
0
0
0
0
0
0
0
0
0
0
0
0
0
0
0
0
0
0
0
0
0
0
0
0
0
0
0
0
0
0
0
0
0
0
0
0
0
0
0
0
0
0
0
0
0
0
0
0
0
0
0
0
0
0
0
0
0
0
0
0
0
0
0
0
0
0
0
0
0
0
0
0
0
0
0
0
0
0
0
0
0
0
0
0
0
0
0
0
0
0
0
0
0
0
0
0
0
0
0
0
0
0
0
0
0
0
0
0
0
0
0
0
0
0
0
0
0
0
0
0
0
0
0
0
0
0
0
0
0
0
0
0
0
0
0
0
0
0
0
0
0
0
0
0
0
0
0
0
0
0
0
0
0
0
0
0
0
0
0
0
0
0
0
0
0
0
0
0
0
0
0
0
0
0
0
0
0
0
0
0
0
0
0
0
0
0
0
0
0
0
0
0
0
0
0
0
0
0
0
0
0
0
0
0
0
0
0
0
0
0
0
0
0
0
0
0
0
0
0
0
0
0
0
0
0
0
0
0
0
0
0
0
0
0
0
0
0
0
0
0
0
0
0
0
0
0
0
0
0
0
0
0
0
0
0
0
0
0
0
0
0
0
0
0
0
0
0
0
0
0
0
0
0
0
0
0
0
0
0
0
0
0
0
0
0
0
0
0
0
0
0
0
0
0
0
0
0
0
0
0
0
0
0
0
0
0
0
0
0
0
0
0
0
0
0
0
0
0
0
0
0
0
0
0
0
0
0
0
0
0
0
0
0
0
0
0
0
0
0
0
0
0
0
0
0
0
0
0
0
0
0
0
0
0
0
0
0
0
0
0
0
0
0
0
0
0
0
0
0
0
0
0
0
0
0
0
0
0
0
0
0
0
0
0
0
0
0
0
0
0
0
0
0
0
0
0
0
0
0
0
0
0
0
0
0
0
0
0
0
0
0
0
0
0
0
0
0
0
0
0
0
0
0
0
0
0
0
0
0
0
0
0
0
0
0
0
0
0
0
0
0
0
0
0
0
0
0
0
0
0
0
0
0
0
0
0
0
0
0
0
0
0
0
0
0
0
0
0
0
0
0
0
0
0
0
0
0
0
0
0
0
0
0
0
0
0
0
0
0
0
0
0
0
0
0
0
0
0
0
0
0
0
0
0
0
0
0
0
0
0
0
0
0
0
0
0
0
0
0
0
0
0
0
0
0
0
0
0
0
0
0
0
0
0
0
0
0
0
0
0
0
0
0
0
0
0
0
0
0
0
0
0
0
0
0
0
0
0
0
0
0
0
0
0
0
0
0
0
0
0
0
0
0
0
0
0
0
0
0
0
0
0
0
0
0
0
0
0
0
0
0
0
0
0
0
0
0
0
0
0
0
0
0
0
0
0
0
0
0
0
0
0
0
0
0
0
0
0
0
0
0
0
0
0
0
0
0
0
0
0
0
0
0
0
0
0
0
0
0
0
0
0
0
0
0
0
0
0
0
0
0
0
0
0
0
0
0
0
0
0
0
0
0
0
0
0
0
0
0
0
0
0
0
0
0
0
0
0
0
0
0
0
0
0
0
0
0
0
0
0
0
0
0
0
0
0
0
0
0
0
0
0
0
0
0
0
0
0
0
0
0
0
0
0
0
0
0
0
0
0
0
0
0
0
0
0
0
0
0
0
0
0
0
0
0
0
0
0
0
0
0
0
0
0
0
0
0
0
0
0
0
0
0
0
0
0
0
0
0
0
0
0
0
0
0
0
0
0
0
0
0
0
0
0
0
0
0
0
0
0
0
0
0
0
0
0
0
0
0
0
0
0
0
0
0
0
0
0
0
0
0
0
0
0
0
0
0
0
0
0
0
0
0
0
0
0
0
0
0
0
0
0
0
0
0
0
0
0
0
0
0
0
0
0
0
0
0
0
0
0
0
0
0
0
0
0
0
0
0
0
0
0
0
0
0
0
0
0
0
0
0
0
0
0
0
0
0
0
0
0
0
0
0
0
0
0
0
0
0
0
0
0
0
0
0
0
0
0
0
0
0
0
0
0
0
0
0
0
0
0
0
0
0
0
0
0
0
0
0
0
0
0
0
0
0
0
0
0
0
0
0
0
0
0
0
0
0
0
0
0
0
0
0
0
0
0
0
0
0
0
0
0
0
0
0
0
0
0
0
0
0
0
0
0
0
0
0
0
0
0
0
0
0
0
0
0
0
0
0
0
0
0
0
0
0
0
0
0
0
0
0
0
0
0
0
0
0
0
0
0
0
0
0
0
0
0
0
0
0
0
0
0
0
0
0
0
0
0
0
0
0
0
0
0
0
0
0
0
0
0
0
0
0
0
0
0
0
0
0
0
0
0
0
0
0
0
0
0
0
0
0
0
0
0
0
0
0
0
0
0
0
0
0
0
0
0
0
0
0
0
0
0
0
0
0
0
0
0
0
0
0
0
0
0
0
0
0
0
0
0
0
0
0
0
0
0
0
0
0
0
0
0
0
0
0
0
0
0
0
0
0
0
0
0
0
0
0
0
0
0
0
0
0
0
0
0
0
0
0
0
0
0
0
0
0
0
0
0
0
0
0
0
0
0
0
0
0
0
0
0
0
0
0
0
0
0
0
0
0
0
0
0
0
0
0
0
0
0
0
0
0
0
0
0
0
0
0
0
0
0
0
0
0
0
0
0
0
0
0
0
0
0
0
0
0
0
0
0
0
0
0
0
0
0
0
0
0
0
0
0
0
0
0
0
0
0
0
0
0
0
0
0
0
0
0
0
0
0
0
0
0
0
0
0
0
0
0
0
0
0
0
0
0
0
0
0
0
0
0
0
0
0
0
0
0
0
0
0
0
0
0
0
0
0
0
0
0
0
0
0
0
0
0
0
0
0
0
0
0
0
0
0
0
0
0
0
0
0
0
0
0
0
0
0
0
0
0
0
0
0
0
0
0
0
0
0
0
0
0
0
0
0
0
0
0
0
0
0
0
0
0
0
0
0
0
0
0
0
0
0
0
0
0
0
0
0
0
0
0
0
0
0
0
0
0
0
0
0
0
0
0
0
0
0
0
0
0
0
0
0
0
0
0
0
0
0
0
0
0
0
0
0
0
0
0
0
0
0
0
0
0
0
0
0
0
0
0
0
0
0
0
0
0
0
0
0
0
0
0
0
0
0
0
0
0
0
0
0
0
0
0
0
0
0
0
0
0
0
0
0
0
0
0
0
0
0
0
0
0
0
0
0
0
0
0
0
0
0
0
0
0
0
0
0
0
0
0
0
0
0
0
0
0
0
0
0
0
0
0
0
0
0
0
0
0
0
0
0
0
0
0
0
0
0
0
0
0
0
0
0
0
0
0
0
0
0
0
0
0
0
0
0
0
0
0
0
0
0
0
0
0
0
0
0
0
0
0
0
0
0
0
0
0
0
0
0
0
0
0
0
0
0
0
0
0
0
0
0
0
0
0
0
0
0
0
0
0
0
0
0
0
0
0
0
0
0
0
0
0
0
0
0
0
0
0
0
0
0
0
0
0
0
0
0
0
0
0
0
0
0
0
0
0
0
0
0
0
0
0
0
0
0
0
0
0
0
0
0
0
0
0
0
0
0
0
0
0
0
0
0
0
0
0
0
0
0
0
0
0
0
0
0
0
0
0
0
0
0
0
0
0
0
0
0
0
0
0
0
0
0
0
0
0
0
0
0
0
0
0
0
0
0
0
0
0
0
0
0
0
0
0
0
0
0
0
0
0
0
0
0
0
0
0
0
0
0
0
0
0
0
0
0
0
0
0
0
0
0
0
0
0
0
0
0
0
0
0
0
0
0
0
0
0
0
0
0
0
0
0
0
0
0
0
0
0
0
0
0
0
0
0
0
0
0
0
0
0
0
0
0
0
0
0
0
0
0
0
0
0
0
0
0
0
0
0
0
0
0
0
0
0
0
0
0
0
0
0
0
0
0
0
0
0
0
0
0
0
0
0
0
0
0
0
0
0
0
0
0
0
0
0
0
0
0
0
0
0
0
0
0
0
0
0
0
0
0
0
0
0
0
0
0
0
0
0
0
0
0
0
0
0
0
0
0
0
0
0
0
0
0
0
0
0
0
0
0
0
0
0
0
0
0
0
0
0
0
0
0
0
0
0
0
0
0
0
0
0
0
0
0
0
0
0
0
0
0
0
0
0
0
0
0
0
0
0
0
0
0
0
0
0
0
0
0
0
0
0
0
0
0
0
0
0
0
0
0
0
0
0
0
0
0
0
0
0
0
0
0
0
0
0
0
0
0
0
0
0
0
0
0
0
0
0
0
0
0
0
0
0
0
0
0
0
0
0
0
0
0
0
0
0
0
0
0
0
0
0
0
0
0
0
0
0
0
0
0
0
0
0
0
0
0
0
0
0
0
0
0
0
0
0
0
0
0
0
0
0
0
0
0
0
0
0
0
0
0
0
0
0
0
0
0
0
0
0
0
0
0
0
0
0
0
0
0
0
0
0
0
0
0
0
0
0
0
0
0
0
0
0
0
0
0
0
0
0
0
0
0
0
0
0
0
0
0
0
0
0
0
0
0
0
0
0
0
0
0
0
0
0
0
0
0
0
0
0
0
0
0
0
0
0
0
0
0
0
0
0
0
0
0
0
0
0
0
0
0
0
0
0
0
0
0
0
0
0
0
0
0
0
0
0
0
0
0
0
0
0
0
0
0
0
0
0
0
0
0
0
0
0
0
0
0
0
0
0
0
0
0
0
0
0
0
0
0
0
0
0
0
0
0
0
0
0
0
0
0
0
0
0
0
0
0
0
0
0
0
0
0
0
0
0
0
0
0
0
0
0
0
0
0
0
0
0
0
0
0
0
0
0
0
0
0
0
0
0
0
0
0
0
0
0
0
0
0
0
0
0
0
0
0
0
0
0
0
0
0
0
0
0
0
0
0
0
0
0
0
0
0
0
0
0
0
0
0
0
0
0
0
0
0
0
0
0
0
0
0
0
0
0
0
0
0
0
0
0
0
0
0
0
0
0
0
0
0
0
0
0
0
0
0
0
0
0
0
0
0
0
0
0
0
0
0
0
0
0
0
0
0
0
0
0
0
0
0
0
0
0
0
0
0
0
0
0
0
0
0
0
0
0
0
0
0
0
0
0
0
0
0
0
0
0
0
0
0
0
0
0
0
0
0
0
0
0
0
0
0
0
0
0
0
0
0
0
0
0
0
0
0
0
0
0
0
0
0
0
0
0
0
0
0
0
0
0
0
0
0
0
0
0
0
0
0
0
0
0
0
0
0
0
0
0
0
0
0
0
0
0
0
0
0
0
0
0
0
0
0
0
0
0
0
0
0
0
0
0
0
0
0
0
0
0
0
0
0
0
0
0
0
0
0
0
0
0
0
0
0
0
0
0
0
0
0
0
0
0
0
0
0
0
0
0
0
0
0
0
0
0
0
0
0
0
0
0
0
0
0
0
0
0
0
0
0
0
0
0
0
0
0
0
0
0
0
0
0
0
0
0
0
0
0
0
0
0
0
0
0
0
0
0
0
0
0
0
0
0
0
0
0
0
0
0
0
0
0
0
0
0
0
0
0
0
0
0
0
0
0
0
0
0
0
0
0
0
0
0
0
0
0
0
0
0
0
0
0
0
0
0
0
0
0
0
0
0
0
0
0
0
0
0
0
0
0
0
0
0
0
0
0
0
0
0
0
0
0
0
0
0
0
0
0
0
0
0
0
0
0
0
0
0
0
0
0
0
0
0
0
0
0
0
0
0
0
0
0
0
0
0
0
0
0
0
0
0
0
0
0
0
0
0
0
0
0
0
0
0
0
0
0
0
0
0
0
0
0
0
0
0
0
0
0
0
0
0
0
0
0
0
0
0
0
0
0
0
0
0
0
0
0
0
0
0
0
0
0
0
0
0
0
0
0
0
0
0
0
0
0
0
0
0
0
0
0
0
0
0
0
0
0
0
0
0
0
0
0
0
0
0
0
0
0
0
0
0
0
0
0
0
0
0
0
0
0
0
0
0
0
0
0
0
0
0
0
0
0
0
0
0
0
0
0
0
0
0
0
0
0
0
0
0
0
0
0
0
0
0
0
0
0
0
0
0
0
0
0
0
0
0
0
0
0
0
0
0
0
0
0
0
0
0
0
0
0
0
0
0
0
0
0
0
0
0
0
0
0
0
0
0
0
0
0
0
0
0
0
0
0
0
0
0
0
0
0
0
0
0
0
0
0
0
0
0
0
0
0
0
0
0
0
0
0
0
0
0
0
0
0
0
0
0
0
0
0
0
0
0
0
0
0
0
0
0
0
0
0
0
0
0
0
0
0
0
0
0
0
0
0
0
0
0
0
0
0
0
0
0
0
0
0
0
0
0
0
0
0
0
0
0
0
0
0
0
0
0
0
0
0
0
0
0
0
0
0
0
0
0
0
0
0
0
0
0
0
0
0
0
0
0
0
0
0
0
0
0
0
0
0
0
0
0
0
0
0
0
0
0
0
0
0
0
0
0
0
0
0
0
0
0
0
0
0
0
0
0
0
0
0
0
0
0
0
0
0
0
0
0
0
0
0
0
0
0
0
0
0
0
0
0
0
0
0
0
0
0
0
0
0
0
0
0
0
0
0
0
0
0
0
0
0
0
0
0
0
0
0
0
0
0
0
0
0
0
0
0
0
0
0
0
0
0
0
0
0
0
0
0
0
0
0
0
0
0
0
0
0
0
0
0
0
0
0
0
0
0
0
0
0
0
0
0
0
0
0
0
0
0
0
0
0
0
0
0
0
0
0
0
0
0
0
0
0
0
0
0
0
0
0
0
0
0
0
0
0
0
0
0
0
0
0
0
0
0
0
0
0
0
0
0
0
0
0
0
0
0
0
0
0
0
0
0
0
0
0
0
0
0
0
0
0
0
0
0
0
0
0
0
0
0
0
0
0
0
0
0
0
0
0
0
0
0
0
0
0
0
0
0
0
0
0
0
0
0
0
0
0
0
0
0
0
0
0
0
0
0
0
0
0
0
0
0
0
0
0
0
0
0
0
0
0
0
0
0
0
0
0
0
0
0
0
0
0
0
0
0
0
0
0
0
0
0
0
0
0
0
0
0
0
0
0
0
0
0
0
0
0
0
0
0
0
0
0
0
0
0
0
0
0
0
0
0
0
0
0
0
0
0
0
0
0
0
0
0
0
0
0
0
0
0
0
0
0
0
0
0
0
0
0
0
0
0
0
0
0
0
0
0
0
0
0
0
0
0
0
0
0
0
0
0
0
0
0
0
0
0
0
0
0
0
0
0
0
0
0
0
0
0
0
0
0
0
0
0
0
0
0
0
0
0
0
0
0
0
0
0
0
0
0
0
0
0
0
0
0
0
0
0
0
0
0
0
0
0
0
0
0
0
0
0
0
0
0
0
0
0
0
0
0
0
0
0
0
0
0
0
0
0
0
0
0
0
0
0
0
0
0
0
0
0
0
0
0
0
0
0
0
0
0
0
0
0
0
0
0
0
0
0
0
0
0
0
0
0
0
0
0
0
0
0
0
0
0
0
0
0
0
0
0
0
0
0
0
0
0
0
0
0
0
0
0
0
0
0
0
0
0
0
0
0
0
0
0
0
0
0
0
0
0
0
0
0
0
0
0
0
0
0
0
0
0
0
0
0
0
0
0
0
0
0
0
0
0
0
0
0
0
0
0
0
0
0
0
0
0
0
0
0
0
0
0
0
0
0
0
0
0
0
0
0
0
0
0
0
0
0
0
0
0
0
0
0
0
0
0
0
0
0
0
0
0
0
0
0
0
0
0
0
0
0
0
0
0
0
0
0
0
0
0
0
0
0
0
0
0
0
0
0
0
0
0
0
0
0
0
0
0
0
0
0
0
0
0
0
0
0
0
0
0
0
0
0
0
0
0
0
0
0
0
0
0
0
0
0
0
0
0
0
0
0
0
0
0
0
0
0
0
0
0
0
0
0
0
0
0
0
0
0
0
0
0
0
0
0
0
0
0
0
0
0
0
0
0
0
0
0
0
0
0
0
0
0
0
0
0
0
0
0
0
0
0
0
0
0
0
0
0
0
0
0
0
0
0
0
0
0
0
0
0
0
0
0
0
0
0
0
0
0
0
0
0
0
0
0
0
0
0
0
0
0
0
0
0
0
0
0
0
0
0
0
0
0
0
0
0
0
0
0
0
0
0
0
0
0
0
0
0
0
0
0
0
0
0
0
0
0
0
0
0
0
0
0
0
0
0
0
0
0
0
0
0
0
0
0
0
0
0
0
0
0
0
0
0
0
0
0
0
0
0
0
0
0
0
0
0
0
0
0
0
0
0
0
0
0
0
0
0
0
0
0
0
0
0
0
0
0
0
0
0
0
0
0
0
0
0
0
0
0
0
0
0
0
0
0
0
0
0
0
0
0
0
0
0
0
0
0
0
0
0
0
0
0
0
0
0
0
0
0
0
0
0
0
0
0
0
0
0
0
0
0
0
0
0
0
0
0
0
0
0
0
0
0
0
0
0
0
0
0
0
0
0
0
0
0
0
0
0
0
0
0
0
0
0
0
0
0
0
0
0
0
0
0
0
0
0
0
0
0
0
0
0
0
0
0
0
0
0
0
0
0
0
0
0
0
0
0
0
0
0
0
0
0
0
0
0
0
0
0
0
0
0
0
0
0
0
0
0
0
0
0
0
0
0
0
0
0
0
0
0
0
0
0
0
0
0
0
0
0
0
0
0
0
0
0
0
0
0
0
0
0
0
0
0
0
0
0
0
0
0
0
0
0
0
0
0
0
0
0
0
0
0
0
0
0
0
0
0
0
0
0
0
0
0
0
0
0
0
0
0
0
0
0
0
0
0
0
0
0
0
0
0
0
0
0
0
0
0
0
0
0
0
0
0
0
0
0
0
0
0
0
0
0
0
0
0
0
0
0
0
0
0
0
0
0
0
0
0
0
0
0
0
0
0
0
0
0
0
0
0
0
0
0
0
0
0
0
0
0
0
0
0
0
0
0
0
0
0
0
0
0
0
0
0
0
0
0
0
0
0
0
0
0
0
0
0
0
0
0
0
0
0
0
0
0
0
0
0
0
0
0
0
0
0
0
0
0
0
0
0
0
0
0
0
0
0
0
0
0
0
0
0
0
0
0
0
0
0
0
0
0
0
0
0
0
0
0
0
0
0
0
0
0
0
0
0
0
0
0
0
0
0
0
0
0
0
0
0
0
0
0
0
0
0
0
0
0
0
0
0
0
0
0
0
0
0
0
0
0
0
0
0
0
0
0
0
0
0
0
0
0
0
0
0
0
0
0
0
0
0
0
0
0
0
0
0
0
0
0
0
0
0
0
0
0
0
0
0
0
0
0
0
0
0
0
0
0
0
0
0
0
0
0
0
0
0
0
0
0
0
0
0
0
0
0
0
0
0
0
0
0
0
0
0
0
0
0
0
0
0
0
0
0
0
0
0
0
0
0
0
0
0
0
0
0
0
0
0
0
0
0
0
0
0
0
0
0
0
0
0
0
0
0
0
0
0
0
0
0
0
0
0
0
0
0
0
0
0
0
0
0
0
0
0
0
0
0
0
0
0
0
0
0
0
0
0
0
0
0
0
0
0
0
0
0
0
0
0
0
0
0
0
0
0
0
0
0
0
0
0
0
0
0
0
0
0
0
0
0
0
0
0
0
0
0
0
0
0
0
0
0
0
0
0
0
0
0
0
0
0
0
0
0
0
0
0
0
0
0
0
0
0
0
0
0
0
0
0
0
0
0
0
0
0
0
0
0
0
0
0
0
0
0
0
0
0
0
0
0
0
0
0
0
0
0
0
0
0
0
0
0
0
0
0
0
0
0
0
0
0
0
0
0
0
0
0
0
0
0
0
0
0
0
0
0
0
0
0
0
0
0
0
0
0
0
0
0
0
0
0
0
0
0
0
0
0
0
0
0
0
0
0
0
0
0
0
0
0
0
0
0
0
0
0
0
0
0
0
0
0
0
0
0
0
0
0
0
0
0
0
0
0
0
0
0
0
0
0
0
0
0
0
0
0
0
0
0
0
0
0
0
0
0
0
0
0
0
0
0
0
0
0
0
0
0
0
0
0
0
0
0
0
0
0
0
0
0
0
0
0
0
0
0
0
0
0
0
0
0
0
0
0
0
0
0
0
0
0
0
0
0
0
0
0
0
0
0
0
0
0
0
0
0
0
0
0
0
0
0
0
0
0
0
0
0
0
0
0
0
0
0
0
0
0
0
0
0
0
0
0
0
0
0
0
0
0
0
0
0
0
0
0
0
0
0
0
0
0
0
0
0
0
0
0
0
0
0
0
0
0
0
0
0
0
0
0
0
0
0
0
0
0
0
0
0
0
0
0
0
0
0
0
0
0
0
0
0
0
0
0
0
0
0
0
0
0
0
0
0
0
0
0
0
0
0
0
0
0
0
0
0
0
0
0
0
0
0
0
0
0
0
0
0
0
0
0
0
0
0
0
0
0
0
0
0
0
0
0
0
0
0
0
0
0
0
0
0
0
0
0
0
0
0
0
0
0
0
0
0
0
0
0
0
0
0
0
0
0
0
0
0
0
0
0
0
0
0
0
0
0
0
0
0
0
0
0
0
0
0
0
0
0
0
0
0
0
0
0
0
0
0
0
0
0
0
0
0
0
0
0
0
0
0
0
0
0
0
0
0
0
0
0
0
0
0
0
0
0
0
0
0
0
0
0
0
0
0
0
0
0
0
0
0
0
0
0
0
0
0
0
0
0
0
0
0
0
0
0
0
0
0
0
0
0
0
0
0
0
0
0
0
0
0
0
0
0
0
0
0
0
0
0
0
0
0
0
0
0
0
0
0
0
0
0
0
0
0
0
0
0
0
0
0
0
0
0
0
0
0
0
0
0
0
0
0
0
0
0
0
0
0
0
0
0
0
0
0
0
0
0
0
0
0
0
0
0
0
0
0
0
0
0
0
0
0
0
0
0
0
0
0
0
0
0
0
0
0
0
0
0
0
0
0
0
0
0
0
0
0
0
0
0
0
0
0
0
0
0
0
0
0
0
0
0
0
0
0
0
0
0
0
0
0
0
0
0
0
0
0
0
0
0
0
0
0
0
0
0
0
0
0
0
0
0
0
0
0
0
0
0
0
0
0
0
0
0
0
0
0
0
0
0
0
0
0
0
0
0
0
0
0
0
0
0
0
0
0
0
0
0
0
0
0
0
0
0
0
0
0
0
0
0
0
0
0
0
0
0
0
0
0
0
0
0
0
0
0
0
0
0
0
0
0
0
0
0
0
0
0
0
0
0
0
0
0
0
0
0
0
0
0
0
0
0
0
0
0
0
0
0
0
0
0
0
0
0
0
0
0
0
0
0
0
0
0
0
0
0
0
0
0
0
0
0
0
0
0
0
0
0
0
0
0
0
0
0
0
0
0
0
0
0
0
0
0
0
0
0
0
0
0
0
0
0
0
0
0
0
0
0
0
0
0
0
0
0
0
0
0
0
0
0
0
0
0
0
0
0
0
0
0
0
0
0
0
0
0
0
0
0
0
0
0
0
0
0
0
0
0
0
0
0
0
0
0
0
0
0
0
0
0
0
0
0
0
0
0
0
0
0
0
0
0
0
0
0
0
0
0
0
0
0
0
0
0
0
0
0
0
0
0
0
0
0
0
0
0
0
0
0
0
0
0
0
0
0
0
0
0
0
0
0
0
0
0
0
0
0
0
0
0
0
0
0
0
0
0
0
0
0
0
0
0
0
0
0
0
0
0
0
0
0
0
0
0
0
0
0
0
0
0
0
0
0
0
0
0
0
0
0
0
0
0
0
0
0
0
0
0
0
0
0
0
0
0
0
0
0
0
0
0
0
0
0
0
0
0
0
0
0
0
0
0
0
0
0
0
0
0
0
0
0
0
0
0
0
0
0
0
0
0
0
0
0
0
0
0
0
0
0
0
0
0
0
0
0
0
0
0
0
0
0
0
0
0
0
0
0
0
0
0
0
0
0
0
0
0
0
0
0
0
0
0
0
0
0
0
0
0
0
0
0
0
0
0
0
0
0
0
0
0
0
0
0
0
0
0
0
0
0
0
0
0
0
0
0
0
0
0
0
0
0
0
0
0
0
0
0
0
0
0
0
0
0
0
0
0
0
0
0
0
0
0
0
0
0
0
0
0
0
0
0
0
0
0
0
0
0
0
0
0
0
0
0
0
0
0
0
0
0
0
0
0
0
0
0
0
0
0
0
0
0
0
0
0
0
0
0
0
0
0
0
0
0
0
0
0
0
0
0
0
0
0
0
0
0
0
0
0
0
0
0
0
0
0
0
0
0
0
0
0
0
0
0
0
0
0
0
0
0
0
0
0
0
0
0
0
0
0
0
0
0
0
0
0
0
0
0
0
0
0
0
0
0
0
0
0
0
0
0
0
0
0
0
0
0
0
0
0
0
0
0
0
0
0
0
0
0
0
0
0
0
0
0
0
0
0
0
0
0
0
0
0
0
0
0
0
0
0
0
0
0
0
0
0
0
0
0
0
0
0
0
0
0
0
0
0
0
0
0
0
0
0
0
0
0
0
0
0
0
0
0
0
0
0
0
0
0
0
0
0
0
0
0
0
0
0
0
0
0
0
0
0
0
0
0
0
0
0
0
0
0
0
0
0
0
0
0
0
0
0
0
0
0
0
0
0
0
0
0
0
0
0
0
0
0
0
0
0
0
0
0
0
0
0
0
0
0
0
0
0
0
0
0
0
0
0
0
0
0
0
0
0
0
0
0
0
0
0
0
0
0
0
0
0
0
0
0
0
0
0
0
0
0
0
0
0
0
0
0
0
0
0
0
0
0
0
0
0
0
0
0
0
0
0
0
0
0
0
0
0
0
0
0
0
0
0
0
0
0
0
0
0
0
0
0
0
0
0
0
0
0
0
0
0
0
0
0
0
0
0
0
0
0
0
0
0
0
0
0
0
0
0
0
0
0
0
0
0
0
0
0
0
0
0
0
0
0
0
0
0
0
0
0
0
0
0
0
0
0
0
0
0
0
0
0
0
0
0
0
0
0
0
0
0
0
0
0
0
0
0
0
0
0
0
0
0
0
0
0
0
0
0
0
0
0
0
0
0
0
0
0
0
0
0
0
0
0
0
0
0
0
0
0
0
0
0
0
0
0
0
0
0
0
0
0
0
0
0
0
0
0
0
0
0
0
0
0
0
0
0
0
0
0
0
0
0
0
0
0
0
0
0
0
0
0
0
0
0
0
0
0
0
0
0
0
0
0
0
0
0
0
0
0
0
0
0
0
0
0
0
0
0
0
0
0
0
0
0
0
0
0
0
0
0
0
0
0
0
0
0
0
0
0
0
0
0
0
0
0
0
0
0
0
0
0
0
0
0
0
0
0
0
0
0
0
0
0
0
0
0
0
0
0
0
0
0
0
0
0
0
0
0
0
0
0
0
0
0
0
0
0
0
0
0
0
0
0
0
0
0
0
0
0
0
0
0
0
0
0
0
0
0
0
0
0
0
0
0
0
0
0
0
0
0
0
0
0
0
0
0
0
0
0
0
0
0
0
0
0
0
0
0
0
0
0
0
0
0
0
0
0
0
0
0
0
0
0
0
0
0
0
0
0
0
0
0
0
0
0
0
0
0
0
0
0
0
0
0
0
0
0
0
0
0
0
0
0
0
0
0
0
0
0
0
0
0
0
0
0
0
0
0
0
0
0
0
0
0
0
0
0
0
0
0
0
0
0
0
0
0
0
0
0
0
0
0
0
0
0
0
0
0
0
0
0
0
0
0
0
0
0
0
0
0
0
0
0
0
0
0
0
0
0
0
0
0
0
0
0
0
0
0
0
0
0
0
0
0
0
0
0
0
0
0
0
0
0
0
0
0
0
0
0
0
0
0
0
0
0
0
0
0
0
0
0
0
0
0
0
0
0
0
0
0
0
0
0
0
0
0
0
0
0
0
0
0
0
0
0
0
0
0
0
0
0
0
0
0
0
0
0
0
0
0
0
0
0
0
0
0
0
0
0
0
0
0
0
0
0
0
0
0
0
0
0
0
0
0
0
0
0
0
0
0
0
0
0
0
0
0
0
0
0
0
0
0
0
0
0
0
0
0
0
0
0
0
0
0
0
0
0
0
0
0
0
0
0
0
0
0
0
0
0
0
0
0
0
0
0
0
0
0
0
0
0
0
0
0
0
0
0
0
0
0
0
0
0
0
0
0
0
0
0
0
0
0
0
0
0
0
0
0
0
0
0
0
0
0
0
0
0
0
0
0
0
0
0
0
0
0
0
0
0
0
0
0
0
0
0
0
0
0
0
0
0
0
0
0
0
0
0
0
0
0
0
0
0
0
0
0
0
0
0
0
0
0
0
0
0
0
0
0
0
0
0
0
0
0
0
0
0
0
0
0
0
0
0
0
0
0
0
0
0
0
0
0
0
0
0
0
0
0
0
0
0
0
0
0
0
0
0
0
0
0
0
0
0
0
0
0
0
0
0
0
0
0
0
0
0
0
0
0
0
0
0
0
0
0
0
0
0
0
0
0
0
0
0
0
0
0
0
0
0
0
0
0
0
0
0
0
0
0
0
0
0
0
0
0
0
0
0
0
0
0
0
0
0
0
0
0
0
0
0
0
0
0
0
0
0
0
0
0
0
0
0
0
0
0
0
0
0
0
0
0
0
0
0
0
0
0
0
0
0
0
0
0
0
0
0
0
0
0
0
0
0
0
0
0
0
0
0
0
0
0
0
0
0
0
0
0
0
0
0
0
0
0
0
0
0
0
0
0
0
0
0
0
0
0
0
0
0
0
0
0
0
0
0
0
0
0
0
0
0
0
0
0
0
0
0
0
0
0
0
0
0
0
0
0
0
0
0
0
0
0
0
0
0
0
0
0
0
0
0
0
0
0
0
0
0
0
0
0
0
0
0
0
0
0
0
0
0
0
0
0
0
0
0
0
0
0
0
0
0
0
0
0
0
0
0
0
0
0
0
0
0
0
0
0
0
0
0
0
0
0
0
0
0
0
0
0
0
0
0
0
0
0
0
0
0
0
0
0
0
0
0
0
0
0
0
0
0
0
0
0
0
0
0
0
0
0
0
0
0
0
0
0
0
0
0
0
0
0
0
0
0
0
0
0
0
0
0
0
0
0
0
0
0
0
0
0
0
0
0
0
0
0
0
0
0
0
0
0
0
0
0
0
0
0
0
0
0
0
0
0
0
0
0
0
0
0
0
0
0
0
0
0
0
0
0
0
0
0
0
0
0
0
0
0
0
0
0
0
0
0
0
0
0
0
0
0
0
0
0
0
0
0
0
0
0
0
0
0
0
0
0
0
0
0
0
0
0
0
0
0
0
0
0
0
0
0
0
0
0
0
0
0
0
0
0
0
0
0
0
0
0
0
0
0
0
0
0
0
0
0
0
0
0
0
0
0
0
0
0
0
0
0
0
0
0
0
0
0
0
0
0
0
0
0
0
0
0
0
0
0
0
0
0
0
0
0
0
0
0
0
0
0
0
0
0
0
0
0
0
0
0
0
0
0
0
0
0
0
0
0
0
0
0
0
0
0
0
0
0
0
0
0
0
0
0
0
0
0
0
0
0
0
0
0
0
0
0
0
0
0
0
0
0
0
0
0
0
0
0
0
0
0
0
0
0
0
0
0
0
0
0
0
0
0
0
0
0
0
0
0
0
0
0
0
0
0
0
0
0
0
0
0
0
0
0
0
0
0
0
0
0
0
0
0
0
0
0
0
0
0
0
0
0
0
0
0
0
0
0
0
0
0
0
0
0
0
0
0
0
0
0
0
0
0
0
0
0
0
0
0
0
0
0
0
0
0
0
0
0
0
0
0
0
0
0
0
0
0
0
0
0
0
0
0
0
0
0
0
0
0
0
0
0
0
0
0
0
0
0
0
0
0
0
0
0
0
0
0
0
0
0
0
0
0
0
0
0
0
0
0
0
0
0
0
0
0
0
0
0
0
0
0
0
0
0
0
0
0
0
0
0
0
0
0
0
0
0
0
0
0
0
0
0
0
0
0
0
0
0
0
0
0
0
0
0
0
0
0
0
0
0
0
0
0
0
0
0
0
0
0
0
0
0
0
0
0
0
0
0
0
0
0
0
0
0
0
0
0
0
0
0
0
0
0
0
0
0
0
0
0
0
0
0
0
0
0
0
0
0
0
0
0
0
0
0
0
0
0
0
0
0
0
0
0
0
0
0
0
0
0
0
0
0
0
0
0
0
0
0
0
0
0
0
0
0
0
0
0
0
0
0
0
0
0
0
0
0
0
0
0
0
0
0
0
0
0
0
0
0
0
0
0
0
0
0
0
0
0
0
0
0
0
0
0
0
0
0
0
0
0
0
0
0
0
0
0
0
0
0
0
0
0
0
0
0
0
0
0
0
0
0
0
0
0
0
0
0
0
0
0
0
0
0
0
0
0
0
0
0
0
0
0
0
0
0
0
0
0
0
0
0
0
0
0
0
0
0
0
0
0
0
0
0
0
0
0
0
0
0
0
0
0
0
0
0
0
0
0
0
0
0
0
0
0
0
0
0
0
0
0
0
0
0
0
0
0
0
0
0
0
0
0
0
0
0
0
0
0
0
0
0
0
0
0
0
0
0
0
0
0
0
0
0
0
0
0
0
0
0
0
0
0
0
0
0
0
0
0
0
0
0
0
0
0
0
0
0
0
0
0
0
0
0
0
0
0
0
0
0
0
0
0
0
0
0
0
0
0
0
0
0
0
0
0
0
0
0
0
0
0
0
0
0
0
0
0
0
0
0
0
0
0
0
0
0
0
0
0
0
0
0
0
0
0
0
0
0
0
0
0
0
0
0
0
0
0
0
0
0
0
0
0
0
0
0
0
0
0
0
0
0
0
0
0
0
0
0
0
0
0
0
0
0
0
0
0
0
0
0
0
0
0
0
0
0
0
0
0
0
0
0
0
0
0
0
0
0
0
0
0
0
0
0
0
0
0
0
0
0
0
0
0
0
0
0
0
0
0
0
0
0
0
0
0
0
0
0
0
0
0
0
0
0
0
0
0
0
0
0
0
0
0
0
0
0
0
0
0
0
0
0
0
0
0
0
0
0
0
0
0
0
0
0
0
0
0
0
0
0
0
0
0
0
0
0
0
0
0
0
0
0
0
0
0
0
0
0
0
0
0
0
0
0
0
0
0
0
0
0
0
0
0
0
0
0
0
0
0
0
0
0
0
0
0
0
0
0
0
0
0
0
0
0
0
0
0
0
0
0
0
0
0
0
0
0
0
0
0
0
0
0
0
0
0
0
0
0
0
0
0
0
0
0
0
0
0
0
0
0
0
0
0
0
0
0
0
0
0
0
0
0
0
0
0
0
0
0
0
0
0
0
0
0
0
0
0
0
0
0
0
0
0
0
0
0
0
0
0
0
0
0
0
0
0
0
0
0
0
0
0
0
0
0
0
0
0
0
0
0
0
0
0
0
0
0
0
0
0
0
0
0
0
0
0
0
0
0
0
0
0
0
0
0
0
0
0
0
0
0
0
0
0
0
0
0
0
0
0
0
0
0
0
0
0
0
0
0
0
0
0
0
0
0
0
0
0
0
0
0
0
0
0
0
0
0
0
0
0
0
0
0
0
0
0
0
0
0
0
0
0
0
0
0
0
0
0
0
0
0
0
0
0
0
0
0
0
0
0
0
0
0
0
0
0
0
0
0
0
0
0
0
0
0
0
0
0
0
0
0
0
0
0
0
0
0
0
0
0
0
0
0
0
0
0
0
0
0
0
0
0
0
0
0
0
0
0
0
0
0
0
0
0
0
0
0
0
0
0
0
0
0
0
0
0
0
0
0
0
0
0
0
0
0
0
0
0
0
0
0
0
0
0
0
0
0
0
0
0
0
0
0
0
0
0
0
0
0
0
0
0
0
0
0
0
0
0
0
0
0
0
0
0
0
0
0
0
0
0
0
0
0
0
0
0
0
0
0
0
0
0
0
0
0
0
0
0
0
0
0
0
0
0
0
0
0
0
0
0
0
0
0
0
0
0
0
0
0
0
0
0
0
0
0
0
0
0
0
0
0
0
0
0
0
0
0
0
0
0
0
0
0
0
0
0
0
0
0
0
0
0
0
0
0
0
0
0
0
0
0
0
0
0
0
0
0
0
0
0
0
0
0
0
0
0
0
0
0
0
0
0
0
0
0
0
0
0
0
0
0
0
0
0
0
0
0
0
0
0
0
0
0
0
0
0
0
0
0
0
0
0
0
0
0
0
0
0
0
0
0
0
0
0
0
0
0
0
0
0
0
0
0
0
0
0
0
0
0
0
0
0
0
0
0
0
0
0
0
0
0
0
0
0
0
0
0
0
0
0
0
0
0
0
0
0
0
0
0
0
0
0
0
0
0
0
0
0
0
0
0
0
0
0
0
0
0
0
0
0
0
0
0
0
0
0
0
0
0
0
0
0
0
0
0
0
0
0
0
0
0
0
0
0
0
0
0
0
0
0
0
0
0
0
0
0
0
0
0
0
0
0
0
0
0
0
0
0
0
0
0
0
0
0
0
0
0
0
0
0
0
0
0
0
0
0
0
0
0
0
0
0
0
0
0
0
0
0
0
0
0
0
0
0
0
0
0
0
0
0
0
0
0
0
0
0
0
0
0
0
0
0
0
0
0
0
0
0
0
0
0
0
0
0
0
0
0
0
0
0
0
0
0
0
0
0
0
0
0
0
0
0
0
0
0
0
0
0
0
0
0
0
0
0
0
0
0
0
0
0
0
0
0
0
0
0
0
0
0
0
0
0
0
0
0
0
0
0
0
0
0
0
0
0
0
0
0
0
0
0
0
0
0
0
0
0
0
0
0
0
0
0
0
0
0
0
0
0
0
0
0
0
0
0
0
0
0
0
0
0
0
0
0
0
0
0
0
0
0
0
0
0
0
0
0
0
0
0
0
0
0
0
0
0
0
0
0
0
0
0
0
0
0
0
0
0
0
0
0
0
0
0
0
0
0
0
0
0
0
0
0
0
0
0
0
0
0
0
0
0
0
0
0
0
0
0
0
0
0
0
0
0
0
0
0
0
0
0
0
0
0
0
0
0
0
0
0
0
0
0
0
0
0
0
0
0
0
0
0
0
0
0
0
0
0
0
0
0
0
0
0
0
0
0
0
0
0
0
0
0
0
0
0
0
0
0
0
0
0
0
0
0
0
0
0
0
0
0
0
0
0
0
0
0
0
0
0
0
0
0
0
0
0
0
0
0
0
0
0
0
0
0
0
0
0
0
0
0
0
0
0
0
0
0
0
0
0
0
0
0
0
0
0
0
0
0
0
0
0
0
0
0
0
0
0
0
0
0
0
0
0
0
0
0
0
0
0
0
0
0
0
0
0
0
0
0
0
0
0
0
0
0
0
0
0
0
0
0
0
0
0
0
0
0
0
0
0
0
0
0
0
0
0
0
0
0
0
0
0
0
0
0
0
0
0
0
0
0
0
0
0
0
0
0
0
0
0
0
0
0
0
0
0
0
0
0
0
0
0
0
0
0
0
0
0
0
0
0
0
0
0
0
0
0
0
0
0
0
0
0
0
0
0
0
0
0
0
0
0
0
0
0
0
0
0
0
0
0
0
0
0
0
0
0
0
0
0
0
0
0
0
0
0
0
0
0
0
0
0
0
0
0
0
0
0
0
0
0
0
0
0
0
0
0
0
0
0
0
0
0
0
0
0
0
0
0
0
0
0
0
0
0
0
0
0
0
0
0
0
0
0
0
0
0
0
0
0
0
0
0
0
0
0
0
0
0
0
0
0
0
0
0
0
0
0
0
0
0
0
0
0
0
0
0
0
0
0
0
0
0
0
0
0
0
0
0
0
0
0
0
0
0
0
0
0
0
0
0
0
0
0
0
0
0
0
0
0
0
0
0
0
0
0
0
0
0
0
0
0
0
0
0
0
0
0
0
0
0
0
0
0
0
0
0
0
0
0
0
0
0
0
0
0
0
0
0
0
0
0
0
0
0
0
0
0
0
0
0
0
0
0
0
0
0
0
0
0
0
0
0
0
0
0
0
0
0
0
0
0
0
0
0
0
0
0
0
0
0
0
0
0
0
0
0
0
0
0
0
0
0
0
0
0
0
0
0
0
0
0
0
0
0
0
0
0
0
0
0
0
0
0
0
0
0
0
0
0
0
0
0
0
0
0
0
0
0
0
0
0
0
0
0
0
0
0
0
0
0
0
0
0
0
0
0
0
0
0
0
0
0
0
0
0
0
0
0
0
0
0
0
0
0
0
0
0
0
0
0
0
0
0
0
0
0
0
0
0
0
0
0
0
0
0
0
0
0
0
0
0
0
0
0
0
0
0
0
0
0
0
0
0
0
0
0
0
0
0
0
0
0
0
0
0
0
0
0
0
0
0
0
0
0
0
0
0
0
0
0
0
0
0
0
0
0
0
0
0
0
0
0
0
0
0
0
0
0
0
0
0
0
0
0
0
0
0
0
0
0
0
0
0
0
0
0
0
0
0
0
0
0
0
0
0
0
0
0
0
0
0
0
0
0
0
0
0
0
0
0
0
0
0
0
0
0
0
0
0
0
0
0
0
0
0
0
0
0
0
0
0
0
0
0
0
0
0
0
0
0
0
0
0
0
0
0
0
0
0
0
0
0
0
0
0
0
0
0
0
0
0
0
0
0
0
0
0
0
0
0
0
0
0
0
0
0
0
0
0
0
0
0
0
0
0
0
0
0
0
0
0
0
0
0
0
0
0
0
0
0
0
0
0
0
0
0
0
0
0
0
0
0
0
0
0
0
0
0
0
0
0
0
0
0
0
0
0
0
0
0
0
0
0
0
0
0
0
0
0
0
0
0
0
0
0
0
0
0
0
0
0
0
0
0
0
0
0
0
0
0
0
0
0
0
0
0
0
0
0
0
0
0
0
0
0
0
0
0
0
0
0
0
0
0
0
0
0
0
0
0
0
0
0
0
0
0
0
0
0
0
0
0
0
0
0
0
0
0
0
0
0
0
0
0
0
0
0
0
0
0
0
0
0
0
0
0
0
0
0
0
0
0
0
0
0
0
0
0
0
0
0
0
0
0
0
0
0
0
0
0
0
0
0
0
0
0
0
0
0
0
0
0
0
0
0
0
0
0
0
0
0
0
0
0
0
0
0
0
0
0
0
0
0
0
0
0
0
0
0
0
0
0
0
0
0
0
0
0
0
0
0
0
0
0
0
0
0
0
0
0
0
0
0
0
0
0
0
0
0
0
0
0
0
0
0
0
0
0
0
0
0
0
0
0
0
0
0
0
0
0
0
0
0
0
0
0
0
0
0
0
0
0
0
0
0
0
0
0
0
0
0
0
0
0
0
0
0
0
0
0
0
0
0
0
0
0
0
0
0
0
0
0
0
0
0
0
0
0
0
0
0
0
0
0
0
0
0
0
0
0
0
0
0
0
0
0
0
0
0
0
0
0
0
0
0
0
0
0
0
0
0
0
0
0
0
0
0
0
0
0
0
0
0
0
0
0
0
0
0
0
0
0
0
0
0
0
0
0
0
0
0
0
0
0
0
0
0
0
0
0
0
0
0
0
0
0
0
0
0
0
0
0
0
0
0
0
0
0
0
0
0
0
0
0
0
0
0
0
0
0
0
0
0
0
0
0
0
0
0
0
0
0
0
0
0
0
0
0
0
0
0
0
0
0
0
0
0
0
0
0
0
0
0
0
0
0
0
0
0
0
0
0
0
0
0
0
0
0
0
0
0
0
0
0
0
0
0
0
0
0
0
0
0
0
0
0
0
0
0
0
0
0
0
0
0
0
0
0
0
0
0
0
0
0
0
0
0
0
0
0
0
0
0
0
0
0
0
0
0
0
0
0
0
0
0
0
0
0
0
0
0
0
0
0
0
0
0
0
0
0
0
0
0
0
0
0
0
0
0
0
0
0
0
0
0
0
0
0
0
0
0
0
0
0
0
0
0
0
0
0
0
0
0
0
0
0
0
0
0
0
0
0
0
0
0
0
0
0
0
0
0
0
0
0
0
0
0
0
0
0
0
0
0
0
0
0
0
0
0
0
0
0
0
0
0
0
0
0
0
0
0
0
0
0
0
0
0
0
0
0
0
0
0
0
0
0
0
0
0
0
0
0
0
0
0
0
0
0
0
0
0
0
0
0
0
0
0
0
0
0
0
0
0
0
0
0
0
0
0
0
0
0
0
0
0
0
0
0
0
0
0
0
0
0
0
0
0
0
0
0
0
0
0
0
0
0
0
0
0
0
0
0
0
0
0
0
0
0
0
0
0
0
0
0
0
0
0
0
0
0
0
0
0
0
0
0
0
0
0
0
0
0
0
0
0
0
0
0
0
0
0
0
0
0
0
0
0
0
0
0
0
0
0
0
0
0
0
0
0
0
0
0
0
0
0
0
0
0
0
0
0
0
0
0
0
0
0
0
0
0
0
0
0
0
0
0
0
0
0
0
0
0
0
0
0
0
0
0
0
0
0
0
0
0
0
0
0
0
0
0
0
0
0
0
0
0
0
0
0
0
0
0
0
0
0
0
0
0
0
0
0
0
0
0
0
0
0
0
0
0
0
0
0
0
0
0
0
0
0
0
0
0
0
0
0
0
0
0
0
0
0
0
0
0
0
0
0
0
0
0
0
0
0
0
0
0
0
0
0
0
0
0
0
0
0
0
0
0
0
0
0
0
0
0
0
0
0
0
0
0
0
0
0
0
0
0
0
0
0
0
0
0
0
0
0
0
0
0
0
0
0
0
0
0
0
0
0
0
0
0
0
0
0
0
0
0
