-91
1067
-9072
5676
-6446
-8066
-8715
-56
2583
-7828
7392
-5494
-6705
-9442
237
2505
-292
3063
-7770
-8539
-9629
-8838
-961
-218
5534
-6806
-7898
-8756
-7824
-12984
50
4166
-260
1877
-15014
11381
-12955
-13308
-14098
-107
3028
-11929
13148
-10069
-10479
-14926
435
2640
-345
-988
-12330
-15273
-13770
-14282
15293
-129
-4164
-10936
-10376
-12511
-11976
-5276
241
-3929
-213
2118
-6686
7893
-5725
-5399
-4969
-109
4835
-7583
9058
-3680
-6255
-6603
287
3916
-101
-1960
-5981
-4772
-6189
-5000
-22741
-315
-2395
-7515
-6218
-7590
-6283
-24925
75
-429
-234
630
-3951
4590
-3304
-3411
-3248
-107
2186
-4251
6335
-1954
-3743
-4395
65
1969
-170
223
-5072
-3612
-3372
-3409
-13153
-414
508
-5572
-4409
-4995
-4029
-16056
-69
292
-98
1756
-4900
5065
-4313
-3842
-3792
-34
3681
-4837
6668
-4672
-4006
-3669
124
2428
-228
1395
-5194
-4102
-4169
-3945
-13337
-193
1756
-6449
-4836
-5490
-4848
-16581
128
1240
7
2545
-5894
5433
-5404
-4935
-4346
-32
4811
-6076
6546
-4925
-5128
-3898
197
3877
-316
-1148
-4424
-3962
-4475
-4504
-20394
-272
-1890
-6475
-5213
-6102
-5638
-22639
11
-1293
-119
-365
-5020
4973
-4368
-3549
-3477
-194
924
-5367
5740
-2794
-4005
-2893
50
1872
-166
-99
-4525
-4190
-2868
-3362
-13884
-351
-585
-5706
-4475
-5427
-4540
-16660
-85
-917
-299
-414
-3372
2220
-2209
-2509
-2151
-220
203
-3566
2303
-1761
-3287
-2001
18
398
-154
-423
-2417
-3082
-641
-2052
-13139
-332
96
-3687
-2982
-2682
-3167
-13305
20
-107
-134
-1355
-4713
5005
-4949
-4433
-5392
-51
-3417
-4754
5328
-4569
-5563
-6155
285
-1812
-309
3033
-6310
-5655
-6730
-5489
-13516
-179
3973
-6754
-5557
-7047
-6025
-15917
37
3366
-244
-2812
-11720
11003
-10578
-10767
-11711
-98
-4475
-9761
12248
-8934
-9540
-11699
499
-3526
-248
-565
-11451
-13491
-12594
-11650
6004
-133
-3817
-11841
-9552
-13093
-10804
-7690
169
-2777
-193
-674
-11094
11511
-10951
-10397
-10579
-297
-984
-13260
12943
-11470
-11858
-12585
381
-951
-199
-102
-10247
-12175
-10935
-10575
6944
-201
-706
-11977
-12150
-13872
-12880
10437
126
-560
-215
-32
-4894
7079
-3521
-4184
-3920
-224
-704
-7217
8224
-5253
-6360
-7218
192
-1087
4
442
-5332
-4696
-6575
-3970
-17469
-314
1500
-6063
-6091
-8490
-6544
-11611
105
1170
-253
-413
-7583
8490
-8456
-7740
-7305
-144
-83
-8022
9104
-7954
-7606
-7308
412
-211
-266
2535
-8142
-7554
-8568
-7309
-12779
-217
5031
-8883
-7395
-10454
-8518
-18331
41
4921
-215
-362
-12733
10531
-14965
-13423
-13761
-225
-284
-12215
11884
-12419
-12145
-13870
412
-104
-374
-1276
-11974
-14821
-12253
-13830
17184
-116
-2234
-11333
-11219
-14911
-13489
6312
228
-2031
-52
775
-6086
8092
-5044
-3778
-4436
-256
-38
-7398
8943
-4562
-5564
-5510
180
270
-81
-1839
-6374
-5285
-5975
-4262
-14225
-336
-2402
-7717
-5909
-8211
-5922
-12954
23
-1488
-192
22
-3036
2599
-2243
-1735
-1745
-242
-128
-3521
2852
-2366
-3032
-2026
104
-397
-145
-967
-2256
-2625
-769
-1515
-20162
-322
-779
-3349
-2605
-2621
-2647
-19974
-18
-1020
55
-485
-2201
1947
-2822
-289
-2882
12
-554
-2831
1943
-3818
-3010
-839
57
-743
-214
2281
-4020
-2694
-4014
-2826
-20202
43
1147
-6312
-3703
-4787
-4043
-20959
66
98
-131
-1042
-5230
1318
-5192
-3080
-5003
-168
-2106
-3895
3791
-4527
-3162
-3334
161
-683
-71
430
-4227
-5589
-2971
-4929
-19535
-77
-2478
-6187
-4222
-3120
-3655
-29896
287
-2481
-25
-1296
-4243
2407
-2882
-2025
-3670
-120
-4212
-4952
3842
-3633
-3614
-2289
182
-4217
-18
1012
-2898
-4110
-3971
-3494
-23632
-83
-338
-5126
-4212
-4502
-3223
-25436
170
-160
-78
-93
-2851
1101
-1795
-1140
-2312
-256
-1495
-3506
2056
-2876
-2639
-1752
-14
-1109
216
772
-1425
-3246
-2999
-2384
-23859
-148
1347
-2577
-2220
-3520
-2275
-28147
165
1278
-65
-560
-4653
2763
-4521
-2255
-3624
-137
-1695
-5515
3521
-5101
-3883
-1096
119
-1653
-9
1350
-3448
-4003
-3410
-3783
-16436
-127
890
-5451
-4582
-4513
-5166
-19623
109
838
-47
-944
-4603
1552
-5232
-2121
-3871
-173
-5206
-5456
3733
-4845
-4293
-2777
167
-4042
-16
-566
-2486
-3301
-3849
-3936
-26496
19
-1888
-4926
-5202
-4838
-4708
-26897
257
-1299
-183
775
-4072
1990
-4894
-1296
-3217
-207
-1357
-5488
3893
-5296
-3572
-3607
155
-569
-50
-1066
-2404
-4142
-2067
-3075
-19731
-168
-295
-4444
-4711
-2886
-4199
-19367
-13
447
-179
630
-3907
1646
-3776
-1629
-2524
-183
55
-4493
2705
-4279
-3442
-3612
99
283
-210
-2086
-1527
-3679
-623
-2497
-18076
-181
-1631
-2625
-3181
-1955
-3078
-18628
-77
-1113
139
225
-3069
2298
-2050
-2178
-3186
92
852
-4330
1897
-3846
-4088
353
128
-178
-323
870
-3872
-3284
-3454
-3215
-17190
-232
771
-6116
-4233
-5764
-4217
-18387
-63
1060
178
98
-3267
1578
-3002
-2191
-2798
11
559
-4899
1591
-4768
-4194
992
65
220
-80
62
-2388
-3182
-1369
-2729
-23252
-288
-1651
-5611
-4693
-5071
-3924
-22116
-100
-1338
89
1268
-2787
208
-1177
-912
-2168
-142
703
-3898
530
-2505
-2798
850
-29
385
83
851
-2209
-2594
-1359
-2170
-25737
-123
-1062
-4386
-3343
-4144
-2578
-26155
110
-343
1
1009
-2232
-697
-706
-539
-1545
-175
130
-4192
-599
-3447
-3062
609
-122
226
186
807
235
-1838
-2540
-1687
-24290
62
555
-2148
-3777
-4697
-2916
-22079
241
292
28
559
-3732
-1584
-2533
-1593
-2961
-93
-676
-5394
-971
-4277
-3618
758
-52
-580
14
984
-664
-2754
-2415
-3179
-18477
-112
123
-3536
-4808
-4401
-4442
-17410
131
-69
-74
547
-3050
-936
-3094
-1124
-2436
-127
-1056
-3682
1540
-2966
-2701
-1468
14
-377
105
1414
-1501
-1360
-2411
-2739
-21412
-98
-570
-3837
-3795
-2936
-3273
-23311
252
-585
-205
1208
-3842
-445
-1902
-1437
-2539
-201
-333
-4842
1482
-3153
-3566
-2048
-97
297
25
35
-897
-2623
-2032
-2456
-24752
18
239
-2708
-3986
-3491
-2815
-25444
88
418
-185
509
-4634
1883
-3321
-3075
-3403
-167
503
-5797
2566
-4178
-5077
-2646
34
1555
-183
-2401
-1158
-4210
-2122
-3276
-19165
-165
-1677
-3510
-4575
-4891
-4034
-18964
-60
-1069
224
185
-3740
2842
-2658
-1591
-3137
250
-48
-4532
2819
-3287
-3069
-1160
104
-987
-324
598
-2348
-2863
-4231
-3227
-15440
-212
1183
-3820
-2749
-5291
-3400
-18274
-104
1606
183
34
-5145
3193
-5287
-3112
-4489
124
243
-7237
3763
-6911
-5685
-2437
75
-275
-124
861
-2809
-4367
-4951
-4507
-16626
-209
-17
-5879
-6301
-8817
-6074
-13783
-78
439
73
531
-4648
1936
-3799
-2065
-4244
-59
-312
-6063
3487
-5062
-4702
-3927
-53
-146
73
859
-3008
-4789
-5584
-4288
-14395
-110
-775
-4816
-6067
-8371
-5489
-13019
115
-196
38
580
-3663
233
-2663
-1955
-3138
-156
319
-5878
1113
-5616
-4809
-2520
-59
-35
207
777
47
-3779
-5040
-3261
-16580
31
342
-2634
-6258
-7675
-5676
-11103
281
220
164
256
-4840
-1964
-3909
-2638
-3555
-61
-68
-4721
-33
-4727
-3254
-1693
41
578
187
654
15
-1760
-3298
-3734
-17049
93
-517
-1868
-4800
-3859
-3926
-20011
235
-480
172
671
-3819
-2456
-3015
-2316
-3400
-117
114
-4383
-334
-4142
-3326
-3248
-8
811
249
773
-1862
-852
-3565
-3605
-17802
31
-420
-3075
-4684
-4408
-4245
-16682
115
451
153
727
-4532
299
-463
-691
-2717
58
167
-6062
1689
-2987
-3689
-2514
-71
-72
19
-31
-2869
-1036
-4607
-2563
-24734
-13
-255
-3640
-4872
-5899
-3912
-20950
-101
569
9
-82
-3869
1641
-1442
-1269
-2537
-72
-701
-5516
1906
-3572
-4261
-868
-35
-1392
-107
-2481
-2825
-2597
-1698
-2240
-22850
-99
-1438
-4673
-4208
-4901
-3783
-18581
-180
-616
171
57
-4048
373
-2077
-1008
-3041
176
334
-4052
527
-2588
-1788
-993
-116
-348
-216
1042
-981
-1057
-5120
-3004
-16277
-91
362
-2610
-1586
-4286
-2469
-20500
99
638
105
-392
-5584
1305
-5587
-2157
-4309
167
-172
-5248
2783
-5053
-2695
-3723
-73
-607
8
295
-1438
-1828
-6187
-4348
-15873
49
-847
-3288
-3930
-5656
-2988
-21107
165
-57
86
-142
-4594
3439
-4425
-1701
-3286
-46
-205
-6136
4920
-5725
-4397
-5009
-139
-226
262
1249
-2570
-2343
-5180
-3270
-22520
93
528
-4149
-5325
-6891
-4601
-18522
237
1377
11
-619
-5495
1724
-4279
-3079
-4581
-132
-482
-6598
3265
-6057
-4915
-4692
-65
-374
284
621
-1682
-4785
-6575
-4655
-15679
123
390
-4452
-6764
-7862
-6223
-13547
252
35
120
-854
-5195
683
-5329
-2699
-3613
-66
-677
-5221
2464
-5192
-3901
-3100
-99
198
316
616
-2286
-822
-3825
-3787
-15585
142
724
-4993
-5854
-4373
-4368
-14810
166
157
162
-24
-6680
-1685
-5461
-3831
-4726
-62
62
-5588
889
-4078
-3018
-4337
-31
1125
203
123
-2509
1640
-5923
-4831
-9966
122
1085
-4035
-5298
-4736
-4279
-13239
218
638
166
310
-6619
-641
-3942
-3441
-5149
106
572
-5849
1388
-2200
-2826
-3968
31
399
-74
-1197
-4785
670
-6804
-5099
-9732
20
-288
-5329
-4668
-6261
-4692
-14001
24
-482
169
600
-4614
1682
-3876
-2073
-3461
-64
525
-5032
2335
-3193
-3675
-2323
70
139
-182
-2705
-3920
-1933
-1968
-3423
-19275
-131
-2199
-5005
-4122
-5111
-3825
-18582
-59
-1198
-2
-264
-4175
-910
810
-2726
-2998
131
591
-4154
-43
-2283
-2420
-460
-49
378
-297
876
-1574
-1594
-4360
-3042
-22898
-169
-204
-3457
-2217
-4881
-2334
-25006
49
-503
-111
-511
-4209
1199
-693
-1277
-2586
-155
200
-4902
1762
-3323
-2083
-2603
-126
-324
34
680
-1430
-1622
-4966
-2436
-21719
7
-302
-4127
-3035
-4935
-1300
-19449
78
864
-287
-826
-3711
390
-2770
-1251
-2166
-430
-336
-5551
1007
-4507
-3300
-3437
-199
306
290
1669
398
-1987
-3025
-2065
-21560
276
746
-1542
-3983
-5016
-2284
-16239
340
950
-436
-876
-4234
-1267
-3580
-1463
-3152
-381
-529
-5241
310
-5165
-2649
-3299
-185
-582
218
-506
-390
-3209
-2474
-3000
-19116
286
-1113
-2143
-4379
-4733
-2648
-17449
311
-1333
-400
-1778
-4500
288
-3343
-605
-3078
-391
-649
-5516
1600
-4712
-2724
-2643
-189
-604
113
-441
-1225
-2065
-4155
-3014
-20648
190
333
-4354
-5450
-5602
-2597
-17593
199
128
-196
-1786
-6077
-307
-2857
-3011
-3651
-291
-782
-7733
918
-4335
-4842
-4216
-100
-231
36
1252
-62
-1120
-5679
-3500
-21045
92
2179
-3066
-6375
-7238
-3322
-15408
97
1640
-40
-861
-6077
-1609
-4362
-4263
-4489
-115
-544
-6367
159
-4163
-4118
-3176
71
-528
-131
-539
-2189
-2905
-2223
-4361
-14122
9
-1003
-4004
-5776
-4763
-4092
-14404
135
-1957
-27
224
-4844
413
-3136
-3975
-4150
-80
170
-4282
1501
-3660
-4060
-2259
70
77
-307
-1491
-2997
-4330
-1566
-4193
-13868
-192
-1342
-4110
-3965
-3957
-3577
-18935
9
-523
-114
-776
-3312
235
-3158
-2781
-4669
-92
-1125
-2928
1831
-4811
-3306
-3427
-25
-770
-386
280
-5631
-4446
-3341
-4629
-12056
-282
464
-5198
-4323
-6025
-4200
-16880
-16
-38
-335
-1090
-2897
1501
-248
154
-2206
-327
-945
-2317
2261
-2274
-12
-2567
-206
-697
-24
57
-3253
-2738
-3684
-1983
-13773
-11
-1178
-3413
-1322
-3993
-988
-17998
94
-598
-514
-1596
-1985
98
-702
457
-712
-507
-1284
-1950
365
-1425
27
-1416
-348
-1404
217
729
-793
-1382
-405
-550
-15121
105
1
-675
-670
-1877
-163
-16994
175
-390
-564
-1880
-2154
-2246
-962
548
-1232
-570
-1142
-2005
-2079
-1868
419
-613
-322
-1925
248
-711
-359
-1924
34
-1134
-16737
164
-476
-50
-1318
-1895
-418
-19920
204
-169
-558
-1390
-2695
-1959
-1830
796
-2083
-605
-698
-3184
-1593
-3547
-564
-1490
-286
-1070
82
-707
-271
-2446
-2141
-1991
-20879
75
736
-1262
-3344
-4317
-1358
-21507
157
994
-437
-1231
-4488
-1819
-3813
-851
-3167
-426
-929
-6058
-1562
-5541
-3020
-3225
-128
-792
-87
367
1692
-3602
-3347
-3040
-16243
-3
393
-282
-5212
-6319
-2695
-12873
152
309
-230
-1072
-3141
-2180
-3052
-727
-2521
-165
-1278
-4233
-2530
-3854
-2349
-490
-15
-773
-209
137
-1168
-3417
-97
-2417
-16139
-56
-850
-2569
-4043
-3847
-2679
-14751
83
-1278
-183
-1264
-1696
-1099
-776
-880
-2044
-161
-1726
-1204
-741
-1447
-1920
-631
-58
-972
-312
-982
-2641
-2607
-498
-1982
-15873
-226
-748
-3033
-2442
-2940
-1770
-19167
26
-403
0
0
0
0
0
0
0
0
0
0
0
-6132
2565
-3697
-5068
-5204
0
0
0
0
0
0
0
0
0
0
0
-3592
-5505
-4697
-5467
-13068
0
0
0
0
0
0
0
0
0
0
0
-7980
7272
-6398
-7731
-7114
0
0
0
0
0
0
0
0
0
0
0
-5861
-9287
-5132
-6982
-11039
0
0
0
0
0
0
0
0
0
0
0
-4177
3689
-3439
-2466
-3862
0
0
0
0
0
0
0
0
0
0
0
-4128
-2373
-4500
-3641
-22672
0
0
0
0
0
0
0
0
0
0
0
-2446
1992
-1426
-787
-1747
0
0
0
0
0
0
0
0
0
0
0
-2921
-860
-1966
-1639
-16909
0
0
0
0
0
0
0
0
0
0
0
-2613
2343
-2489
-1644
-2517
0
0
0
0
0
0
0
0
0
0
0
-3682
-1782
-2602
-2627
-15976
0
0
0
0
0
0
0
0
0
0
0
-2444
2814
-3070
-2627
-2914
0
0
0
0
0
0
0
0
0
0
0
-2683
-1652
-3473
-2817
-22097
0
0
0
0
0
0
0
0
0
0
0
-2770
2031
-2344
-1412
-2054
0
0
0
0
0
0
0
0
0
0
0
-2492
-1324
-1482
-1907
-16596
0
0
0
0
0
0
0
0
0
0
0
-2179
504
-985
-1287
-1346
0
0
0
0
0
0
0
0
0
0
0
-832
-1463
-176
-1228
-13932
0
0
0
0
0
0
0
0
0
0
0
-2837
2420
-3040
-1999
-3538
0
0
0
0
0
0
0
0
0
0
0
-3626
-4408
-3720
-3564
-18525
0
0
0
0
0
0
0
0
0
0
0
-5246
7236
-5472
-4477
-5683
0
0
0
0
0
0
0
0
0
0
0
-6378
-8605
-5454
-5162
-17417
0
0
0
0
0
0
0
0
0
0
0
-5350
7074
-3813
-4431
-3785
0
0
0
0
0
0
0
0
0
0
0
-5082
-4738
-3673
-3509
-14817
0
0
0
0
0
0
0
0
0
0
0
-3418
2900
-762
-1139
-2185
0
0
0
0
0
0
0
0
0
0
0
-4188
-354
-4651
-2095
-18837
0
0
0
0
0
0
0
0
0
0
0
-5341
4675
-3763
-3370
-3666
0
0
0
0
0
0
0
0
0
0
0
-5279
-1718
-4387
-3838
-24023
0
0
0
0
0
0
0
0
0
0
0
-6078
8077
-5475
-6029
-4449
0
0
0
0
0
0
0
0
0
0
0
-4967
-5827
-3324
-4225
-17903
0
0
0
0
0
0
0
0
0
0
0
-4193
3754
-3207
-105
-2581
0
0
0
0
0
0
0
0
0
0
0
-4359
-1505
-3405
-2464
-17564
0
0
0
0
0
0
0
0
0
0
0
-2544
287
-1245
-177
-1508
0
0
0
0
0
0
0
0
0
0
0
-1138
-810
-1279
-1306
-18132
0
0
0
0
0
0
0
0
0
0
0
-1866
206
-3011
-411
-3034
0
0
0
0
0
0
0
0
0
0
0
-2752
-3586
-3188
-2950
-15630
0
0
0
0
0
0
0
0
0
0
0
-2685
-587
-4721
-861
-3656
0
0
0
0
0
0
0
0
0
0
0
-2875
-5142
-1524
-3375
-23013
0
0
0
0
0
0
0
0
0
0
0
-2037
-487
-2935
213
-2884
0
0
0
0
0
0
0
0
0
0
0
-2620
-4084
-2832
-2743
-21997
0
0
0
0
0
0
0
0
0
0
0
-3422
-1372
-862
-20
-2615
0
0
0
0
0
0
0
0
0
0
0
-1825
-2440
-2719
-2475
-19297
0
0
0
0
0
0
0
0
0
0
0
-3237
162
-2468
337
-2733
0
0
0
0
0
0
0
0
0
0
0
-3420
-2841
-3234
-2665
-17815
0
0
0
0
0
0
0
0
0
0
0
-2264
-1567
-5869
1508
-4020
0
0
0
0
0
0
0
0
0
0
0
-3651
-4459
-3940
-3685
-22717
0
0
0
0
0
0
0
0
0
0
0
-3174
-450
-3725
833
-2817
0
0
0
0
0
0
0
0
0
0
0
-2240
-3246
-1459
-2592
-18290
0
0
0
0
0
0
0
0
0
0
0
-2895
-571
-2631
-455
-2031
0
0
0
0
0
0
0
0
0
0
0
-266
-2616
-654
-1914
-16257
0
0
0
0
0
0
0
0
0
0
0
-1675
1322
-2073
-52
-1984
0
0
0
0
0
0
0
0
0
0
0
-1716
-3137
-2632
-1934
-18583
0
0
0
0
0
0
0
0
0
0
0
-2455
523
-2863
898
-1618
0
0
0
0
0
0
0
0
0
0
0
-958
-2442
-1612
-1326
-24129
0
0
0
0
0
0
0
0
0
0
0
-2426
-1324
-1505
1980
-1717
0
0
0
0
0
0
0
0
0
0
0
-1805
-2414
-2010
-1526
-24716
0
0
0
0
0
0
0
0
0
0
0
-2630
-2342
-1023
1322
-1684
0
0
0
0
0
0
0
0
0
0
0
-625
-1703
-2540
-1581
-20978
0
0
0
0
0
0
0
0
0
0
0
-2372
-2231
-2156
1148
-1819
0
0
0
0
0
0
0
0
0
0
0
-1166
-1475
-2403
-1666
-21946
0
0
0
0
0
0
0
0
0
0
0
-2793
-2500
-3534
2251
-2419
0
0
0
0
0
0
0
0
0
0
0
-2723
-918
-3219
-2397
-21121
0
0
0
0
0
0
0
0
0
0
0
-4668
-2948
-3080
642
-3605
0
0
0
0
0
0
0
0
0
0
0
-1920
-2836
-2858
-3530
-16190
0
0
0
0
0
0
0
0
0
0
0
-3607
-598
-2672
-1111
-2490
0
0
0
0
0
0
0
0
0
0
0
105
-2982
-1578
-2463
-17672
0
0
0
0
0
0
0
0
0
0
0
-2068
1008
-3267
300
-2312
0
0
0
0
0
0
0
0
0
0
0
-1730
-2476
-3637
-2399
-15399
0
0
0
0
0
0
0
0
0
0
0
-3468
1498
-3873
1134
-2081
0
0
0
0
0
0
0
0
0
0
0
-2065
-2540
-3392
-2068
-22667
0
0
0
0
0
0
0
0
0
0
0
-3879
-112
-2397
2129
-2141
0
0
0
0
0
0
0
0
0
0
0
-2359
-3122
-3786
-2045
-20969
0
0
0
0
0
0
0
0
0
0
0
-3285
-1566
-1946
937
-1956
0
0
0
0
0
0
0
0
0
0
0
-734
-1983
-3753
-1908
-19211
0
0
0
0
0
0
0
0
0
0
0
-4547
-3309
-4289
-1013
-3218
0
0
0
0
0
0
0
0
0
0
0
-1771
1191
-4303
-3095
-16767
0
0
0
0
0
0
0
0
0
0
0
-4499
-3658
-3136
-524
-3036
0
0
0
0
0
0
0
0
0
0
0
-3331
2118
-4307
-2991
-18303
0
0
0
0
0
0
0
0
0
0
0
-5376
-2559
-2644
1866
-3805
0
0
0
0
0
0
0
0
0
0
0
-4881
-668
-5832
-3709
-16294
0
0
0
0
0
0
0
0
0
0
0
-3613
-527
-2037
1220
-2337
0
0
0
0
0
0
0
0
0
0
0
-2713
-2311
-2494
-2300
-19007
0
0
0
0
0
0
0
0
0
0
0
-2903
-930
-4065
-878
-3075
0
0
0
0
0
0
0
0
0
0
0
-1216
-820
-4876
-3009
-13183
0
0
0
0
0
0
0
0
0
0
0
-4218
268
-4747
-1088
-3124
0
0
0
0
0
0
0
0
0
0
0
-1713
-1152
-4503
-3335
-18301
0
0
0
0
0
0
0
0
0
0
0
-4785
-76
-3955
187
-3021
0
0
0
0
0
0
0
0
0
0
0
-3033
-1245
-3926
-3181
-18782
0
0
0
0
0
0
0
0
0
0
0
-4178
-590
-3782
-224
-2955
0
0
0
0
0
0
0
0
0
0
0
-1852
-2845
-3514
-2818
-20975
0
0
0
0
0
0
0
0
0
0
0
-5345
-1853
-5731
-1777
-3698
0
0
0
0
0
0
0
0
0
0
0
-3254
1625
-3791
-3640
-14603
0
0
0
0
0
0
0
0
0
0
0
-6238
-2506
-4810
-3923
-3965
0
0
0
0
0
0
0
0
0
0
0
-3847
5176
-5485
-4015
-15268
0
0
0
0
0
0
0
0
0
0
0
-6043
-1248
-3713
-2873
-4053
0
0
0
0
0
0
0
0
0
0
0
-4838
3083
-5669
-3954
-16203
0
0
0
0
0
0
0
0
0
0
0
-3556
259
-3033
-616
-2254
0
0
0
0
0
0
0
0
0
0
0
-2489
-25
-2234
-2150
-21946
0
0
0
0
0
0
0
0
0
0
0
-2272
-1561
-2102
-2092
-2984
0
0
0
0
0
0
0
0
0
0
0
-1205
-441
-4577
-2804
-19887
0
0
0
0
0
0
0
0
0
0
0
-2615
43
-1176
-2349
-2333
0
0
0
0
0
0
0
0
0
0
0
-1885
-264
-4027
-2456
-18002
0
0
0
0
0
0
0
0
0
0
0
-3759
-1356
-2361
-1674
-2187
0
0
0
0
0
0
0
0
0
0
0
-796
-602
-1557
-2222
-17273
0
0
0
0
0
0
0
0
0
0
0
-3929
-2890
-4082
-1443
-3061
0
0
0
0
0
0
0
0
0
0
0
-1965
-2164
-616
-3037
-17237
0
0
0
0
0
0
0
0
0
0
0
-4011
-1131
-4275
-124
-2815
0
0
0
0
0
0
0
0
0
0
0
-1851
-669
-3397
-2839
-20610
0
0
0
0
0
0
0
0
0
0
0
-5789
-2054
-3774
-3440
-3886
0
0
0
0
0
0
0
0
0
0
0
-1000
706
-5758
-4168
-17796
0
0
0
0
0
0
0
0
0
0
0
-5768
-1793
-3442
-3590
-3588
0
0
0
0
0
0
0
0
0
0
0
-1593
-649
-2272
-3646
-17433
0
0
0
0
0
0
0
0
0
0
0
-4130
-614
-1987
-2456
-2983
0
0
0
0
0
0
0
0
0
0
0
-1278
-2442
-1886
-2875
-15076
0
0
0
0
0
0
0
0
0
0
0
-2304
144
-2484
-2119
-2475
0
0
0
0
0
0
0
0
0
0
0
-2067
-1770
-2001
-2313
-17791
0
0
0
0
0
0
0
0
0
0
0
-1472
782
-429
-934
-1426
0
0
0
0
0
0
0
0
0
0
0
-2204
-982
-1959
-1319
-15885
0
0
0
0
0
0
0
0
0
0
0
-1377
-606
-521
-945
-1037
0
0
0
0
0
0
0
0
0
0
0
-1187
-401
-141
-811
-13264
0
0
0
0
0
0
0
0
0
0
0
-1972
-2586
-1255
-1679
-1856
0
0
0
0
0
0
0
0
0
0
0
-1361
-1177
444
-1627
-14044
0
0
0
0
0
0
0
0
0
0
0
-2884
-1844
-2010
-1450
-2100
0
0
0
0
0
0
0
0
0
0
0
-166
-1078
-1903
-2030
-19724
0
0
0
0
0
0
0
0
0
0
0
-3647
-1588
-2788
-2832
-2479
0
0
0
0
0
0
0
0
0
0
0
1885
-2643
-2651
-2625
-16166
0
0
0
0
0
0
0
0
0
0
0
-3521
-1469
-1750
-1345
-2307
0
0
0
0
0
0
0
0
0
0
0
-951
-2618
-602
-2152
-15818
0
0
0
0
0
0
0
0
0
0
0
-2969
-1547
-701
-473
-2289
0
0
0
0
0
0
0
0
0
0
0
-1771
-2248
-1515
-2044
-12064
0
0
0
0
0
0
0
0
0
0
0
0
0
0
0
0
0
0
0
0
0
0
0
0
0
0
0
0
0
0
0
0
0
0
0
0
0
0
0
0
0
0
0
0
0
0
0
0
0
0
0
0
0
0
0
0
0
0
0
0
0
0
0
0
0
0
0
0
0
0
0
0
0
0
0
0
0
0
0
0
0
0
0
0
0
0
0
0
0
0
0
0
0
0
0
0
0
0
0
0
0
0
0
0
0
0
0
0
0
0
0
0
0
0
0
0
0
0
0
0
0
0
0
0
0
0
0
0
0
0
0
0
0
0
0
0
0
0
0
0
0
0
0
0
0
0
0
0
0
0
0
0
0
0
0
0
0
0
0
0
0
0
0
0
0
0
0
0
0
0
0
0
0
0
0
0
0
0
0
0
0
0
0
0
0
0
0
0
0
0
0
0
0
0
0
0
0
0
0
0
0
0
0
0
0
0
0
0
0
0
0
0
0
0
0
0
0
0
0
0
0
0
0
0
0
0
0
0
0
0
0
0
0
0
0
0
0
0
0
0
0
0
0
0
0
0
0
0
0
0
0
0
0
0
0
0
0
0
0
0
0
0
0
0
0
0
0
0
0
0
0
0
0
0
0
0
0
0
0
0
0
0
0
0
0
0
0
0
0
0
0
0
0
0
0
0
0
0
0
0
0
0
0
0
0
0
0
0
0
0
0
0
0
0
0
0
0
0
0
0
0
0
0
0
0
0
0
0
0
0
0
0
0
0
0
0
0
0
0
0
0
0
0
0
0
0
0
0
0
0
0
0
0
0
0
0
0
0
0
0
0
0
0
0
0
0
0
0
0
0
0
0
0
0
0
0
0
0
0
0
0
0
0
0
0
0
0
0
0
0
0
0
0
0
0
0
0
0
0
0
0
0
0
0
0
0
0
0
0
0
0
0
0
0
0
0
0
0
0
0
0
0
0
0
0
0
0
0
0
0
0
0
0
0
0
0
0
0
0
0
0
0
0
0
0
0
0
0
0
0
0
0
0
0
0
0
0
0
0
0
0
0
0
0
0
0
0
0
0
0
0
0
0
0
0
0
0
0
0
0
0
0
0
0
0
0
0
0
0
0
0
0
0
0
0
0
0
0
0
0
0
0
0
0
0
0
0
0
0
0
0
0
0
0
0
0
0
0
0
0
0
0
0
0
0
0
0
0
0
0
0
0
0
0
0
0
0
0
0
0
0
0
0
0
0
0
0
0
0
0
0
0
0
0
0
0
0
0
0
0
0
0
0
0
0
0
0
0
0
0
0
0
0
0
0
0
0
0
0
0
0
0
0
0
0
0
0
0
0
0
0
0
0
0
0
0
0
0
0
0
0
0
0
0
0
0
0
0
0
0
0
0
0
0
0
0
0
0
0
0
0
0
0
0
0
0
0
0
0
0
0
0
0
0
0
0
0
0
0
0
0
0
0
0
0
0
0
0
0
0
0
0
0
0
0
0
0
0
0
0
0
0
0
0
0
0
0
0
0
0
0
0
0
0
0
0
0
0
0
0
0
0
0
0
0
0
0
0
0
0
0
0
0
0
0
0
0
0
0
0
0
0
0
0
0
0
0
0
0
0
0
0
0
0
0
0
0
0
0
0
0
0
0
0
0
0
0
0
0
0
0
0
0
0
0
0
0
0
0
0
0
0
0
0
0
0
0
0
0
0
0
0
0
0
0
0
0
0
0
0
0
0
0
0
0
0
0
0
0
0
0
0
0
0
0
0
0
0
0
0
0
0
0
0
0
0
0
0
0
0
0
0
0
0
0
0
0
0
0
0
0
0
0
0
0
0
0
0
0
0
0
0
0
0
0
0
0
0
0
0
0
0
0
0
0
0
0
0
0
0
0
0
0
0
0
0
0
0
0
0
0
0
0
0
0
0
0
0
0
0
0
0
0
0
0
0
0
0
0
0
0
0
0
0
0
0
0
0
0
0
0
0
0
0
0
0
0
0
0
0
0
0
0
0
0
0
0
0
0
0
0
0
0
0
0
0
0
0
0
0
0
0
0
0
0
0
0
0
0
0
0
0
0
0
0
0
0
0
0
0
0
0
0
0
0
0
0
0
0
0
0
0
0
0
0
0
0
0
0
0
0
0
0
0
0
0
0
0
0
0
0
0
0
0
0
0
0
0
0
0
0
0
0
0
0
0
0
0
0
0
0
0
0
0
0
0
0
0
0
0
0
0
0
0
0
0
0
0
0
0
0
0
0
0
0
0
0
0
0
0
0
0
0
0
0
0
0
0
0
0
0
0
0
0
0
0
0
0
0
0
0
0
0
0
0
0
0
0
0
0
0
0
0
0
0
0
0
0
0
0
0
0
0
0
0
0
0
0
0
0
0
0
0
0
0
0
0
0
0
0
0
0
0
0
0
0
0
0
0
0
0
0
0
0
0
0
0
0
0
0
0
0
0
0
0
0
0
0
0
0
0
0
0
0
0
0
0
0
0
0
0
0
0
0
0
0
0
0
0
0
0
0
0
0
0
0
0
0
0
0
0
0
0
0
0
0
0
0
0
0
0
0
0
0
0
0
0
0
0
0
0
0
0
0
0
0
0
0
0
0
0
0
0
0
0
0
0
0
0
0
0
0
0
0
0
0
0
0
0
0
0
0
0
0
0
0
0
0
0
0
0
0
0
0
0
0
0
0
0
0
0
0
0
0
0
0
0
0
0
0
0
0
0
0
0
0
0
0
0
0
0
0
0
0
0
0
0
0
0
0
0
0
0
0
0
0
0
0
0
0
0
0
0
0
0
0
0
0
0
0
0
0
0
0
0
0
0
0
0
0
0
0
0
0
0
0
0
0
0
0
0
0
0
0
0
0
0
0
0
0
0
0
0
0
0
0
0
0
0
0
0
0
0
0
0
0
0
0
0
0
0
0
0
0
0
0
0
0
0
0
0
0
0
0
0
0
0
0
0
0
0
0
0
0
0
0
0
0
0
0
0
0
0
0
0
0
0
0
0
0
0
0
0
0
0
0
0
0
0
0
0
0
0
0
0
0
0
0
0
0
0
0
0
0
0
0
0
0
0
0
0
0
0
0
0
0
0
0
0
0
0
0
0
0
0
0
0
0
0
0
0
0
0
0
0
0
0
0
0
0
0
0
0
0
0
0
0
0
0
0
0
0
0
0
0
0
0
0
0
0
0
0
0
0
0
0
0
0
0
0
0
0
0
0
0
0
0
0
0
0
0
0
0
0
0
0
0
0
0
0
0
0
0
0
0
0
0
0
0
0
0
0
0
0
0
0
0
0
0
0
0
0
0
0
0
0
0
0
0
0
0
0
0
0
0
0
0
0
0
0
0
0
0
0
0
0
0
0
0
0
0
0
0
0
0
0
0
0
0
0
0
0
0
0
0
0
0
0
0
0
0
0
0
0
0
0
0
0
0
0
0
0
0
0
0
0
0
0
0
0
0
0
0
0
0
0
0
0
0
0
0
0
0
0
0
0
0
0
0
0
0
0
0
0
0
0
0
0
0
0
0
0
0
0
0
0
0
0
0
0
0
0
0
0
0
0
0
0
0
0
0
0
0
0
0
0
0
0
0
0
0
0
0
0
0
0
0
0
0
0
0
0
0
0
0
0
0
0
0
0
0
0
0
0
0
0
0
0
0
0
0
0
0
0
0
0
0
0
0
0
0
0
0
0
0
0
0
0
0
0
0
0
0
0
0
0
0
0
0
0
0
0
0
0
0
0
0
0
0
0
0
0
0
0
0
0
0
0
0
0
0
0
0
0
0
0
0
0
0
0
0
0
0
0
0
0
0
0
0
0
0
0
0
0
0
0
0
0
0
0
0
0
0
0
0
0
0
0
0
0
0
0
0
0
0
0
0
0
0
0
0
0
0
0
0
0
0
0
0
0
0
0
0
0
0
0
0
0
0
0
0
0
0
0
0
0
0
0
0
0
0
0
0
0
0
0
0
0
0
0
0
0
0
0
0
0
0
0
0
0
0
0
0
0
0
0
0
0
0
0
0
0
0
0
0
0
0
0
0
0
0
0
0
0
0
0
0
0
0
0
0
0
0
0
0
0
0
0
0
0
0
0
0
0
0
0
0
0
0
0
0
0
0
0
0
0
0
0
0
0
0
0
0
0
0
0
0
0
0
0
0
0
0
0
0
0
0
0
0
0
0
0
0
0
0
0
0
0
0
0
0
0
0
0
0
0
0
0
0
0
0
0
0
0
0
0
0
0
0
0
0
0
0
0
0
0
0
0
0
0
0
0
0
0
0
0
0
0
0
0
0
0
0
0
0
0
0
0
0
0
0
0
0
0
0
0
0
0
0
0
0
0
0
0
0
0
0
0
0
0
0
0
0
0
0
0
0
0
0
0
0
0
0
0
0
0
0
0
0
0
0
0
0
0
0
0
0
0
0
0
0
0
0
0
0
0
0
0
0
0
0
0
0
0
0
0
0
0
0
0
0
0
0
0
0
0
0
0
0
0
0
0
0
0
0
0
0
0
0
0
0
0
0
0
0
0
0
0
0
0
0
0
0
0
0
0
0
0
0
0
0
0
0
0
0
0
0
0
0
0
0
0
0
0
0
0
0
0
0
0
0
0
0
0
0
0
0
0
0
0
0
0
0
0
0
0
0
0
0
0
0
0
0
0
0
0
0
0
0
0
0
0
0
0
0
0
0
0
0
0
0
0
0
0
0
0
0
0
0
0
0
0
0
0
0
0
0
0
0
0
0
0
0
0
0
0
0
0
0
0
0
0
0
0
0
0
0
0
0
0
0
0
0
0
0
0
0
0
0
0
0
0
0
0
0
0
0
0
0
0
0
0
0
0
0
0
0
0
0
0
0
0
0
0
0
0
0
0
0
0
0
0
0
0
0
0
0
0
0
0
0
0
0
0
0
0
0
0
0
0
0
0
0
0
0
0
0
0
0
0
0
0
0
0
0
0
0
0
0
0
0
0
0
0
0
0
0
0
0
0
0
0
0
0
0
0
0
0
0
0
0
0
0
0
0
0
0
0
0
0
0
0
0
0
0
0
0
0
0
0
0
0
0
0
0
0
0
0
0
0
0
0
0
0
0
0
0
0
0
0
0
0
0
0
0
0
0
0
0
0
0
0
0
0
0
0
0
0
0
0
0
0
0
0
0
0
0
0
0
0
0
0
0
0
0
0
0
0
0
0
0
0
0
0
0
0
0
0
0
0
0
0
0
0
0
0
0
0
0
0
0
0
0
0
0
0
0
0
0
0
0
0
0
0
0
0
0
0
0
0
0
0
0
0
0
0
0
0
0
0
0
0
0
0
0
0
0
0
0
0
0
0
0
0
0
0
0
0
0
0
0
0
0
0
0
0
0
0
0
0
0
0
0
0
0
0
0
0
0
0
0
0
0
0
0
0
0
0
0
0
0
0
0
0
0
0
0
0
0
0
0
0
0
0
0
0
0
0
0
0
0
0
0
0
0
0
0
0
0
0
0
0
0
0
0
0
0
0
0
0
0
0
0
0
0
0
0
0
0
0
0
0
0
0
0
0
0
0
0
0
0
0
0
0
0
0
0
0
0
0
0
0
0
0
0
0
0
0
0
0
0
0
0
0
0
0
0
0
0
0
0
0
0
0
0
0
0
0
0
0
0
0
0
0
0
0
0
0
0
0
0
0
0
0
0
0
0
0
0
0
0
0
0
0
0
0
0
0
0
0
0
0
0
0
0
0
0
0
0
0
0
0
0
0
0
0
0
0
0
0
0
0
0
0
0
0
0
0
0
0
0
0
0
0
0
0
0
0
0
0
0
0
0
0
0
0
0
0
0
0
0
0
0
0
0
0
0
0
0
0
0
0
0
0
0
0
0
0
0
0
0
0
0
0
0
0
0
0
0
0
0
0
0
0
0
0
0
0
0
0
0
0
0
0
0
0
0
0
0
0
0
0
0
0
0
0
0
0
0
0
0
0
0
0
0
0
0
0
0
0
0
0
0
0
0
0
0
0
0
0
0
0
0
0
0
0
0
0
0
0
0
0
0
0
0
0
0
0
0
0
0
0
0
0
0
0
0
0
0
0
0
0
0
0
0
0
0
0
0
0
0
0
0
0
0
0
0
0
0
0
0
0
0
0
0
0
0
0
0
0
0
0
0
0
0
0
0
0
0
0
0
0
0
0
0
0
0
0
0
0
0
0
0
0
0
0
0
0
0
0
0
0
0
0
0
0
0
0
0
0
0
0
0
0
0
0
0
0
0
0
0
0
0
0
0
0
0
0
0
0
0
0
0
0
0
0
0
0
0
0
0
0
0
0
0
0
0
0
0
0
0
0
0
0
0
0
0
0
0
0
0
0
0
0
0
0
0
0
0
0
0
0
0
0
0
0
0
0
0
0
0
0
0
0
0
0
0
0
0
0
0
0
0
0
0
0
0
0
0
0
0
0
0
0
0
0
0
0
0
0
0
0
0
0
0
0
0
0
0
0
0
0
0
0
0
0
0
0
0
0
0
0
0
0
0
0
0
0
0
0
0
0
0
0
0
0
0
0
0
0
0
0
0
0
0
0
0
0
0
0
0
0
0
0
0
0
0
0
0
0
0
0
0
0
0
0
0
0
0
0
0
0
0
0
0
0
0
0
0
0
0
0
0
0
0
0
0
0
0
0
0
0
0
0
0
0
0
0
0
0
0
0
0
0
0
0
0
0
0
0
0
0
0
0
0
0
0
0
0
0
0
0
0
0
0
0
0
0
0
0
0
0
0
0
0
0
0
0
0
0
0
0
0
0
0
0
0
0
0
0
0
0
0
0
0
0
0
0
0
0
0
0
0
0
0
0
0
0
0
0
0
0
0
0
0
0
0
0
0
0
0
0
0
0
0
0
0
0
0
0
0
0
0
0
0
0
0
0
0
0
0
0
0
0
0
0
0
0
0
0
0
0
0
0
0
0
0
0
0
0
0
0
0
0
0
0
0
0
0
0
0
0
0
0
0
0
0
0
0
0
0
0
0
0
0
0
0
0
0
0
0
0
0
0
0
0
0
0
0
0
0
0
0
0
0
0
0
0
0
0
0
0
0
0
0
0
0
0
0
0
0
0
0
0
0
0
0
0
0
0
0
0
0
0
0
0
0
0
0
0
0
0
0
0
0
0
0
0
0
0
0
0
0
0
0
0
0
0
0
0
0
0
0
0
0
0
0
0
0
0
0
0
0
0
0
0
0
0
0
0
0
0
0
0
0
0
0
0
0
0
0
0
0
0
0
0
0
0
0
0
0
0
0
0
0
0
0
0
0
0
0
0
0
0
0
0
0
0
0
0
0
0
0
0
0
0
0
0
0
0
0
0
0
0
0
0
0
0
0
0
0
0
0
0
0
0
0
0
0
0
0
0
0
0
0
0
0
0
0
0
0
0
0
0
0
0
0
0
0
0
0
0
0
0
0
0
0
0
0
0
0
0
0
0
0
0
0
0
0
0
0
0
0
0
0
0
0
0
0
0
0
0
0
0
0
0
0
0
0
0
0
0
0
0
0
0
0
0
0
0
0
0
0
0
0
0
0
0
0
0
0
0
0
0
0
0
0
0
0
0
0
0
0
0
0
0
0
0
0
0
0
0
0
0
0
0
0
0
0
0
0
0
0
0
0
0
0
0
0
0
0
0
0
0
0
0
0
0
0
0
0
0
0
0
0
0
0
0
0
0
0
0
0
0
0
0
0
0
0
0
0
0
0
0
0
0
0
0
0
0
0
0
0
0
0
0
0
0
0
0
0
0
0
0
0
0
0
0
0
0
0
0
0
0
0
0
0
0
0
0
0
0
0
0
0
0
0
0
0
0
0
0
0
0
0
0
0
0
0
0
0
0
0
0
0
0
0
0
0
0
0
0
0
0
0
0
0
0
0
0
0
0
0
0
0
0
0
0
0
0
0
0
0
0
0
0
0
0
0
0
0
0
0
0
0
0
0
0
0
0
0
0
0
0
0
0
0
0
0
0
0
0
0
0
0
0
0
0
0
0
0
0
0
0
0
0
0
0
0
0
0
0
0
0
0
0
0
0
0
0
0
0
0
0
0
0
0
0
0
0
0
0
0
0
0
0
0
0
0
0
0
0
0
0
0
0
0
0
0
0
0
0
0
0
0
0
0
0
0
0
0
0
0
0
0
0
0
0
0
0
0
0
0
0
0
0
0
0
0
0
0
0
0
0
0
0
0
0
0
0
0
0
0
0
0
0
0
0
0
0
0
0
0
0
0
0
0
0
0
0
0
0
0
0
0
0
0
0
0
0
0
0
0
0
0
0
0
0
0
0
0
0
0
0
0
0
0
0
0
0
0
0
0
0
0
0
0
0
0
0
0
0
0
0
0
0
0
0
0
0
0
0
0
0
0
0
0
0
0
0
0
0
0
0
0
0
0
0
0
0
0
0
0
0
0
0
0
0
0
0
0
0
0
0
0
0
0
0
0
0
0
0
0
0
0
0
0
0
0
0
0
0
0
0
0
0
0
0
0
0
0
0
0
0
0
0
0
0
0
0
0
0
0
0
0
0
0
0
0
0
0
0
0
0
0
0
0
0
0
0
0
0
0
0
0
0
0
0
0
0
0
0
0
0
0
0
0
0
0
0
0
0
0
0
0
0
0
0
0
0
0
0
0
0
0
0
0
0
0
0
0
0
0
0
0
0
0
0
0
0
0
0
0
0
0
0
0
0
0
0
0
0
0
0
0
0
0
0
0
0
0
0
0
0
0
0
0
0
0
0
0
0
0
0
0
0
0
0
0
0
0
0
0
0
0
0
0
0
0
0
0
0
0
0
0
0
0
0
0
0
0
0
0
0
0
0
0
0
0
0
0
0
0
0
0
0
0
0
0
0
0
0
0
0
0
0
0
0
0
0
0
0
0
0
0
0
0
0
0
0
0
0
0
0
0
0
0
0
0
0
0
0
0
0
0
0
0
0
0
0
0
0
0
0
0
0
0
0
0
0
0
0
0
0
0
0
0
0
0
0
0
0
0
0
0
0
0
0
0
0
0
0
0
0
0
0
0
0
0
0
0
0
0
0
0
0
0
0
0
0
0
0
0
0
0
0
0
0
0
0
0
0
0
0
0
0
0
0
0
0
0
0
0
0
0
0
0
0
0
0
0
0
0
0
0
0
0
0
0
0
0
0
0
0
0
0
0
0
0
0
0
0
0
0
0
0
0
0
0
0
0
0
0
0
0
0
0
0
0
0
0
0
0
0
0
0
0
0
0
0
0
0
0
0
0
0
0
0
0
0
0
0
0
0
0
0
0
0
0
0
0
0
0
0
0
0
0
0
0
0
0
0
0
0
0
0
0
0
0
0
0
0
0
0
0
0
0
0
0
0
0
0
0
0
0
0
0
0
0
0
0
0
0
0
0
0
0
0
0
0
0
0
0
0
0
0
0
0
0
0
0
0
0
0
0
0
0
0
0
0
0
0
0
0
0
0
0
0
0
0
0
0
0
0
0
0
0
0
0
0
0
0
0
0
0
0
0
0
0
0
0
0
0
0
0
0
0
0
0
0
0
0
0
0
0
0
0
0
0
0
0
0
0
0
0
0
0
0
0
0
0
0
0
0
0
0
0
0
0
0
0
0
0
0
0
0
0
0
0
0
0
0
0
0
0
0
0
0
0
0
0
0
0
0
0
0
0
0
0
0
0
0
0
0
0
0
0
0
0
0
0
0
0
0
0
0
0
0
0
0
0
0
0
0
0
0
0
0
0
0
0
0
0
0
0
0
0
0
0
0
0
0
0
0
0
0
0
0
0
0
0
0
0
0
0
0
0
0
0
0
0
0
0
0
0
0
0
0
0
0
0
0
0
0
0
0
0
0
0
0
0
0
0
0
0
0
0
0
0
0
0
0
0
0
0
0
0
0
0
0
0
0
0
0
0
0
0
0
0
0
0
0
0
0
0
0
0
0
0
0
0
0
0
0
0
0
0
0
0
0
0
0
0
0
0
0
0
0
0
0
0
0
0
0
0
0
0
0
0
0
0
0
0
0
0
0
0
0
0
0
0
0
0
0
0
0
0
0
0
0
0
0
0
0
0
0
0
0
0
0
0
0
0
0
0
0
0
0
0
0
0
0
0
0
0
0
0
0
0
0
0
0
0
0
0
0
0
0
0
0
0
0
0
0
0
0
0
0
0
0
0
0
0
0
0
0
0
0
0
0
0
0
0
0
0
0
0
0
0
0
0
0
0
0
0
0
0
0
0
0
0
0
0
0
0
0
0
0
0
0
0
0
0
0
0
0
0
0
0
0
0
0
0
0
0
0
0
0
0
0
0
0
0
0
0
0
0
0
0
0
0
0
0
0
0
0
0
0
0
0
0
0
0
0
0
0
0
0
0
0
0
0
0
0
0
0
0
0
0
0
0
0
0
0
0
0
0
0
0
0
0
0
0
0
0
0
0
0
0
0
0
0
0
0
0
0
0
0
0
0
0
0
0
0
0
0
0
0
0
0
0
0
0
0
0
0
0
0
0
0
0
0
0
0
0
0
0
0
0
0
0
0
0
0
0
0
0
0
0
0
0
0
0
0
0
0
0
0
0
0
0
0
0
0
0
0
0
0
0
0
0
0
0
0
0
0
0
0
0
0
0
0
0
0
0
0
0
0
0
0
0
0
0
0
0
0
0
0
0
0
0
0
0
0
0
0
0
0
0
0
0
0
0
0
0
0
0
0
0
0
0
0
0
0
0
0
0
0
0
0
0
0
0
0
0
0
0
0
0
0
0
0
0
0
0
0
0
0
0
0
0
0
0
0
0
0
0
0
0
0
0
0
0
0
0
0
0
0
0
0
0
0
0
0
0
0
0
0
0
0
0
0
0
0
0
0
0
0
0
0
0
0
0
0
0
0
0
0
0
0
0
0
0
0
0
0
0
0
0
0
0
0
0
0
0
0
0
0
0
0
0
0
0
0
0
0
0
0
0
0
0
0
0
0
0
0
0
0
0
0
0
0
0
0
0
0
0
0
0
0
0
0
0
0
0
0
0
0
0
0
0
0
0
0
0
0
0
0
0
0
0
0
0
0
0
0
0
0
0
0
0
0
0
0
0
0
0
0
0
0
0
0
0
0
0
0
0
0
0
0
0
0
0
0
0
0
0
0
0
0
0
0
0
0
0
0
0
0
0
0
0
0
0
0
0
0
0
0
0
0
0
0
0
0
0
0
0
0
0
0
0
0
0
0
0
0
0
0
0
0
0
0
0
0
0
0
0
0
0
0
0
0
0
0
0
0
0
0
0
0
0
0
0
0
0
0
0
0
0
0
0
0
0
0
0
0
0
0
0
0
0
0
0
0
0
0
0
0
0
0
0
0
0
0
0
0
0
0
0
0
0
0
0
0
0
0
0
0
0
0
0
0
0
0
0
0
0
0
0
0
0
0
0
0
0
0
0
0
0
0
0
0
0
0
0
0
0
0
0
0
0
0
0
0
0
0
0
0
0
0
0
0
0
0
0
0
0
0
0
0
0
0
0
0
0
0
0
0
0
0
0
0
0
0
0
0
0
0
0
0
0
0
0
0
0
0
0
0
0
0
0
0
0
0
0
0
0
0
0
0
0
0
0
0
0
0
0
0
0
0
0
0
0
0
0
0
0
0
0
0
0
0
0
0
0
0
0
0
0
0
0
0
0
0
0
0
0
0
0
0
0
0
0
0
0
0
0
0
0
0
0
0
0
0
0
0
0
0
0
0
0
0
0
0
0
0
0
0
0
0
0
0
0
0
0
0
0
0
0
0
0
0
0
0
0
0
0
0
0
0
0
0
0
0
0
0
0
0
0
0
0
0
0
0
0
0
0
0
0
0
0
0
0
0
0
0
0
0
0
0
0
0
0
0
0
0
0
0
0
0
0
0
0
0
0
0
0
0
0
0
0
0
0
0
0
0
0
0
0
0
0
0
0
0
0
0
0
0
0
0
0
0
0
0
0
0
0
0
0
0
0
0
0
0
0
0
0
0
0
0
0
0
0
0
0
0
0
0
0
0
0
0
0
0
0
0
0
0
0
0
0
0
0
0
0
0
0
0
0
0
0
0
0
0
0
0
0
0
0
0
0
0
0
0
0
0
0
0
0
0
0
0
0
0
0
0
0
0
0
0
0
0
0
0
0
0
0
0
0
0
0
0
0
0
0
0
0
0
0
0
0
0
0
0
0
0
0
0
0
0
0
0
0
0
0
0
0
0
0
0
0
0
0
0
0
0
0
0
0
0
0
0
0
0
0
0
0
0
0
0
0
0
0
0
0
0
0
0
0
0
0
0
0
0
0
0
0
0
0
0
0
0
0
0
0
0
0
0
0
0
0
0
0
0
0
0
0
0
0
0
0
0
0
0
0
0
0
0
0
0
0
0
0
0
0
0
0
0
0
0
0
0
0
0
0
0
0
0
0
0
0
0
0
0
0
0
0
0
0
0
0
0
0
0
0
0
0
0
0
0
0
0
0
0
0
0
0
0
0
0
0
0
0
0
0
0
0
0
0
0
0
0
0
0
0
0
0
0
0
0
0
0
0
0
0
0
0
0
0
0
0
0
0
0
0
0
0
0
0
0
0
0
0
0
0
0
0
0
0
0
0
0
0
0
0
0
0
0
0
0
0
0
0
0
0
0
0
0
0
0
0
0
0
0
0
0
0
0
0
0
0
0
0
0
0
0
0
0
0
0
0
0
0
0
0
0
0
0
0
0
0
0
0
0
0
0
0
0
0
0
0
0
0
0
0
0
0
0
0
0
0
0
0
0
0
0
0
0
0
0
0
0
0
0
0
0
0
0
0
0
0
0
0
0
0
0
0
0
0
0
0
0
0
0
0
0
0
0
0
0
0
0
0
0
0
0
0
0
0
0
0
0
0
0
0
0
0
0
0
0
0
0
0
0
0
0
0
0
0
0
0
0
0
0
0
0
0
0
0
0
0
0
0
0
0
0
0
0
0
0
0
0
0
0
0
0
0
0
0
0
0
0
0
0
0
0
0
0
0
0
0
0
0
0
0
0
0
0
0
0
0
0
0
0
0
0
0
0
0
0
0
0
0
0
0
0
0
0
0
0
0
0
0
0
0
0
0
0
0
0
0
0
0
0
0
0
0
0
0
0
0
0
0
0
0
0
0
0
0
0
0
0
0
0
0
0
0
0
0
0
0
0
0
0
0
0
0
0
0
0
0
0
0
0
0
0
0
0
0
0
0
0
0
0
0
0
0
0
0
0
0
0
0
0
0
0
0
0
0
0
0
0
0
0
0
0
0
0
0
0
0
0
0
0
0
0
0
0
0
0
0
0
0
0
0
0
0
0
0
0
0
0
0
0
0
0
0
0
0
0
0
0
0
0
0
0
0
0
0
0
0
0
0
0
0
0
0
0
0
0
0
0
0
0
0
0
0
0
0
0
0
0
0
0
0
0
0
0
0
0
0
0
0
0
0
0
0
0
0
0
0
0
0
0
0
0
0
0
0
0
0
0
0
0
0
0
0
0
0
0
0
0
0
0
0
0
0
0
0
0
0
0
0
0
0
0
0
0
0
0
0
0
0
0
0
0
0
0
0
0
0
0
0
0
0
0
0
0
0
0
0
0
0
0
0
0
0
0
0
0
0
0
0
0
0
0
0
0
0
0
0
0
0
0
0
0
0
0
0
0
0
0
0
0
0
0
0
0
0
0
0
0
0
0
0
0
0
0
0
0
0
0
0
0
0
0
0
0
0
0
0
0
0
0
0
0
0
0
0
0
0
0
0
0
0
0
0
0
0
0
0
0
0
0
0
0
0
0
0
0
0
0
0
0
0
0
0
0
0
0
0
0
0
0
0
0
0
0
0
0
0
0
0
0
0
0
0
0
0
0
0
0
0
0
0
0
0
0
0
0
0
0
0
0
0
0
0
0
0
0
0
0
0
0
0
0
0
0
0
0
0
0
0
0
0
0
0
0
0
0
0
0
0
0
0
0
0
0
0
0
0
0
0
0
0
0
0
0
0
0
0
0
0
0
0
0
0
0
0
0
0
0
0
0
0
0
0
0
0
0
0
0
0
0
0
0
0
0
0
0
0
0
0
0
0
0
0
0
0
0
0
0
0
0
0
0
0
0
0
0
0
0
0
0
0
0
0
0
0
0
0
0
0
0
0
0
0
0
0
0
0
0
0
0
0
0
0
0
0
0
0
0
0
0
0
0
0
0
0
0
0
0
0
0
0
0
0
0
0
0
0
0
0
0
0
0
0
0
0
0
0
0
0
0
0
0
0
0
0
0
0
0
0
0
0
0
0
0
0
0
0
0
0
0
0
0
0
0
0
0
0
0
0
0
0
0
0
0
0
0
0
0
0
0
0
0
0
0
0
0
0
0
0
0
0
0
0
0
0
0
0
0
0
0
0
0
0
0
0
0
0
0
0
0
0
0
0
0
0
0
0
0
0
0
0
0
0
0
0
0
0
0
0
0
0
0
0
0
0
0
0
0
0
0
0
0
0
0
0
0
0
0
0
0
0
0
0
0
0
0
0
0
0
0
0
0
0
0
0
0
0
0
0
0
0
0
0
0
0
0
0
0
0
0
0
0
0
0
0
0
0
0
0
0
0
0
0
0
0
0
0
0
0
0
0
0
0
0
0
0
0
0
0
0
0
0
0
0
0
0
0
0
0
0
0
0
0
0
0
0
0
0
0
0
0
0
0
0
0
0
0
0
0
0
0
0
0
0
0
0
0
0
0
0
0
0
0
0
0
0
0
0
0
0
0
0
0
0
0
0
0
0
0
0
0
0
0
0
0
0
0
0
0
0
0
0
0
0
0
0
0
0
0
0
0
0
0
0
0
0
0
0
0
0
0
0
0
0
0
0
0
0
0
0
0
0
0
0
0
0
0
0
0
0
0
0
0
0
0
0
0
0
0
0
0
0
0
0
0
0
0
0
0
0
0
0
0
0
0
0
0
0
0
0
0
0
0
0
0
0
0
0
0
0
0
0
0
0
0
0
0
0
0
0
0
0
0
0
0
0
0
0
0
0
0
0
0
0
0
0
0
0
0
0
0
0
0
0
0
0
0
0
0
0
0
0
0
0
0
0
0
0
0
0
0
0
0
0
0
0
0
0
0
0
0
0
0
0
0
0
0
0
0
0
0
0
0
0
0
0
0
0
0
0
0
0
0
0
0
0
0
0
0
0
0
0
0
0
0
0
0
0
0
0
0
0
0
0
0
0
0
0
0
0
0
0
0
0
0
0
0
0
0
0
0
0
0
0
0
0
0
0
0
0
0
0
0
0
0
0
0
0
0
0
0
0
0
0
0
0
0
0
0
0
0
0
0
0
0
0
0
0
0
0
0
0
0
0
0
0
0
0
0
0
0
0
0
0
0
0
0
0
0
0
0
0
0
0
0
0
0
0
0
0
0
0
0
0
0
0
0
0
0
0
0
0
0
0
0
0
0
0
0
0
0
0
0
0
0
0
0
0
0
0
0
0
0
0
0
0
0
0
0
0
0
0
0
0
0
0
0
0
0
0
0
0
0
0
0
0
0
0
0
0
0
0
0
0
0
0
0
0
0
0
0
0
0
0
0
0
0
0
0
0
0
0
0
0
0
0
0
0
0
0
0
0
0
0
0
0
0
0
0
0
0
0
0
0
0
0
0
0
0
0
0
0
0
0
0
0
0
0
0
0
0
0
0
0
0
0
0
0
0
0
0
0
0
0
0
0
0
0
0
0
0
0
0
0
0
0
0
0
0
0
0
0
0
0
0
0
0
0
0
0
0
0
0
0
0
0
0
0
0
0
0
0
0
0
0
0
0
0
0
0
0
0
0
0
0
0
0
0
0
0
0
0
0
0
0
0
0
0
0
0
0
0
0
0
0
0
0
0
0
0
0
0
0
0
0
0
0
0
0
0
0
0
0
0
0
0
0
0
0
0
0
0
0
0
0
0
0
0
0
0
0
0
0
0
0
0
0
0
0
0
0
0
0
0
0
0
0
0
0
0
0
0
0
0
0
0
0
0
0
0
0
0
0
0
0
0
0
0
0
0
0
0
0
0
0
0
0
0
0
0
0
0
0
0
0
0
0
0
0
0
0
0
0
0
0
0
0
0
0
0
0
0
0
0
0
0
0
0
0
0
0
0
0
0
0
0
0
0
0
0
0
0
0
0
0
0
0
0
0
0
0
0
0
0
0
0
0
0
0
0
0
0
0
0
0
0
0
0
0
0
0
0
0
0
0
0
0
0
0
0
0
0
0
0
0
0
0
0
0
0
0
0
0
0
0
0
0
0
0
0
0
0
0
0
0
0
0
0
0
0
0
0
0
0
0
0
0
0
0
0
0
0
0
0
0
0
0
0
0
0
0
0
0
0
0
0
0
0
0
0
0
0
0
0
0
0
0
0
0
0
0
0
0
0
0
0
0
0
0
0
0
0
0
0
0
0
0
0
0
0
0
0
0
0
0
0
0
0
0
0
0
0
0
0
0
0
0
0
0
0
0
0
0
0
0
0
0
0
0
0
0
0
0
0
0
0
0
0
0
0
0
0
0
0
0
0
0
0
0
0
0
0
0
0
0
0
0
0
0
0
0
0
0
0
0
0
0
0
0
0
0
0
0
0
0
0
0
0
0
0
0
0
0
0
0
0
0
0
0
0
0
0
0
0
0
0
0
0
0
0
0
0
0
0
0
0
0
0
0
0
0
0
0
0
0
0
0
0
0
0
0
0
0
0
0
0
0
0
0
0
0
0
0
0
0
0
0
0
0
0
0
0
0
0
0
0
0
0
0
0
0
0
0
0
0
0
0
0
0
0
0
0
0
0
0
0
0
0
0
0
0
0
0
0
0
0
0
0
0
0
0
0
0
0
0
0
0
0
0
0
0
0
0
0
0
0
0
0
0
0
0
0
0
0
0
0
0
0
0
0
0
0
0
0
0
0
0
0
0
0
0
0
0
0
0
0
0
0
0
0
0
0
0
0
0
0
0
0
0
0
0
0
0
0
0
0
0
0
0
0
0
0
0
0
0
0
0
0
0
0
0
0
0
0
0
0
0
0
0
0
0
0
0
0
0
0
0
0
0
0
0
0
0
0
0
0
0
0
0
0
0
0
0
0
0
0
0
0
0
0
0
0
0
0
0
0
0
0
0
0
0
0
0
0
0
0
0
0
0
0
0
0
0
0
0
0
0
0
0
0
0
0
0
0
0
0
0
0
0
0
0
0
0
0
0
0
0
0
0
0
0
0
0
0
0
0
0
0
0
0
0
0
0
0
0
0
0
0
0
0
0
0
0
0
0
0
0
0
0
0
0
0
0
0
0
0
0
0
0
0
0
0
0
0
0
0
0
0
0
0
0
0
0
0
0
0
0
0
0
0
0
0
0
0
0
0
0
0
0
0
0
0
0
0
0
0
0
0
0
0
0
0
0
0
0
0
0
0
0
0
0
0
0
0
0
0
0
0
0
0
0
0
0
0
0
0
0
0
0
0
0
0
0
0
0
0
0
0
0
0
0
0
0
0
0
0
0
0
0
0
0
0
0
0
0
0
0
0
0
0
0
0
0
0
0
0
0
0
0
0
0
0
0
0
0
0
0
0
0
0
0
0
0
0
0
0
0
0
0
0
0
0
0
0
0
0
0
0
0
0
0
0
0
0
0
0
0
0
0
0
0
0
0
0
0
0
0
0
0
0
0
0
0
0
0
0
0
0
0
0
0
0
0
0
0
0
0
0
0
0
0
0
0
0
0
0
0
0
0
0
0
0
0
0
0
0
0
0
0
0
0
0
0
0
0
0
0
0
0
0
0
0
0
0
0
0
0
0
0
0
0
0
0
0
0
0
0
0
0
0
0
0
0
0
0
0
0
0
0
0
0
0
0
0
0
0
0
0
0
0
0
0
0
0
0
0
0
0
0
0
0
0
0
0
0
0
0
0
0
0
0
0
0
0
0
0
0
0
0
0
0
0
0
0
0
0
0
0
0
0
0
0
0
0
0
0
0
0
0
0
0
0
0
0
0
0
0
0
0
0
0
0
0
0
0
0
0
0
0
0
0
0
0
0
0
0
0
0
0
0
0
0
0
0
0
0
0
0
0
0
0
0
0
0
0
0
0
0
0
0
0
0
0
0
0
0
0
0
0
0
0
0
0
0
0
0
0
0
0
0
0
0
0
0
0
0
0
0
0
0
0
0
0
0
0
0
0
0
0
0
0
0
0
0
0
0
0
0
0
0
0
0
0
0
0
0
0
0
0
0
0
0
0
0
0
0
0
0
0
0
0
0
0
0
0
0
0
0
0
0
0
0
0
0
0
0
0
0
0
0
0
0
0
0
0
0
0
0
0
0
0
0
0
0
0
0
0
0
0
0
0
0
0
0
0
0
0
0
0
0
0
0
0
0
0
0
0
0
0
0
0
0
0
0
0
0
0
0
0
0
0
0
0
0
0
0
0
0
0
0
0
0
0
0
0
0
0
0
0
0
0
0
0
0
0
0
0
0
0
0
0
0
0
0
0
0
0
0
0
0
0
0
0
0
0
0
0
0
0
0
0
0
0
0
0
0
0
0
0
0
0
0
0
0
0
0
0
0
0
0
0
0
0
0
0
0
0
0
0
0
0
0
0
0
0
0
0
0
0
0
0
0
0
0
0
0
0
0
0
0
0
0
0
0
0
0
0
0
0
0
0
0
0
0
0
0
0
0
0
0
0
0
0
0
0
0
0
0
0
0
0
0
0
0
0
0
0
0
0
0
0
0
0
0
0
0
0
0
0
0
0
0
0
0
0
0
0
0
0
0
0
0
0
0
0
0
0
0
0
0
0
0
0
0
0
0
0
0
0
0
0
0
0
0
0
0
0
0
0
0
0
0
0
0
0
0
0
0
0
0
0
0
0
0
0
0
0
0
0
0
0
0
0
0
0
0
0
0
0
0
0
0
0
0
0
0
0
0
0
0
0
0
0
0
0
0
0
0
0
0
0
0
0
0
0
0
0
0
0
0
0
0
0
0
0
0
0
0
0
0
0
0
0
0
0
0
0
0
0
0
0
0
0
0
0
0
0
0
0
0
0
0
0
0
0
0
0
0
0
0
0
0
0
0
0
0
0
0
0
0
0
0
0
0
0
0
0
0
0
0
0
0
0
0
0
0
0
0
0
0
0
0
0
0
0
0
0
0
0
0
0
0
0
0
0
0
0
0
0
0
0
0
0
0
0
0
0
0
0
0
0
0
0
0
0
0
0
0
0
0
0
0
0
0
0
0
0
0
0
0
0
0
0
0
0
0
0
0
0
0
0
0
0
0
0
0
0
0
0
0
0
0
0
0
0
0
0
0
0
0
0
0
0
0
0
0
0
0
0
0
0
0
0
0
0
0
0
0
0
0
0
0
0
0
0
0
0
0
0
0
0
0
0
0
0
0
0
0
0
0
0
0
0
0
0
0
0
0
0
0
0
0
0
0
0
0
0
0
0
0
0
0
0
0
0
0
0
0
0
0
0
0
0
0
0
0
0
0
0
0
0
0
0
0
0
0
0
0
0
0
0
0
0
0
0
0
0
0
0
0
0
0
0
0
0
0
0
0
0
0
0
0
0
0
0
0
0
0
0
0
0
0
0
0
0
0
0
0
0
0
0
0
0
0
0
0
0
0
0
0
0
0
0
0
0
0
0
0
0
0
0
0
0
0
0
0
0
0
0
0
0
0
0
0
0
0
0
0
0
0
0
0
0
0
0
0
0
0
0
0
0
0
0
0
0
0
0
0
0
0
0
0
0
0
0
0
0
0
0
0
0
0
0
0
0
0
0
0
0
0
0
0
0
0
0
0
0
0
0
0
0
0
0
0
0
0
0
0
0
0
0
0
0
0
0
0
0
0
0
0
0
0
0
0
0
0
0
0
0
0
0
0
0
0
0
0
0
0
0
0
0
0
0
0
0
0
0
0
0
0
0
0
0
0
0
0
0
0
0
0
0
0
0
0
0
0
0
0
0
0
0
0
0
0
0
0
0
0
0
0
0
0
0
0
0
0
0
0
0
0
0
0
0
0
0
0
0
0
0
0
0
0
0
0
0
0
0
0
0
0
0
0
0
0
0
0
0
0
0
0
0
0
0
0
0
0
0
0
0
0
0
0
0
0
0
0
0
0
0
0
0
0
0
0
0
0
0
0
0
0
0
0
0
0
0
0
0
0
0
0
0
0
0
0
0
0
0
0
0
0
0
0
0
0
0
0
0
0
0
0
0
0
0
0
0
0
0
0
0
0
0
0
0
0
0
0
0
0
0
0
0
0
0
0
0
0
0
0
0
0
0
0
0
0
0
0
0
0
0
0
0
0
0
0
0
0
0
0
0
0
0
0
0
0
0
0
0
0
0
0
0
0
0
0
0
0
0
0
0
0
0
0
0
0
0
0
0
0
0
0
0
0
0
0
0
0
0
0
0
0
0
0
0
0
0
0
0
0
0
0
0
0
0
0
0
0
0
0
0
0
0
0
0
0
0
0
0
0
0
0
0
0
0
0
0
0
0
0
0
0
0
0
0
0
0
0
0
0
0
0
0
0
0
0
0
0
0
0
0
0
0
0
0
0
0
0
0
0
0
0
0
0
0
0
0
0
0
0
0
0
0
0
0
0
0
0
0
0
0
0
0
0
0
0
0
0
0
0
0
0
0
0
0
0
0
0
0
0
0
0
0
0
0
0
0
0
0
0
0
0
0
0
0
0
0
0
0
0
0
0
0
0
0
0
0
0
0
0
0
0
0
0
0
0
0
0
0
0
0
0
0
0
0
0
0
0
0
0
0
0
0
0
0
0
0
0
0
0
0
0
0
0
0
0
0
0
0
0
0
0
0
0
0
0
0
0
0
0
0
0
0
0
0
0
0
0
0
0
0
0
0
0
0
0
0
0
0
0
0
0
0
0
0
0
0
0
0
0
0
0
0
0
0
0
0
0
0
0
0
0
0
0
0
0
0
0
0
0
0
0
0
0
0
0
0
0
0
0
0
0
0
0
0
0
0
0
0
0
0
0
0
0
0
0
0
0
0
0
0
0
0
0
0
0
0
0
0
0
0
0
0
0
0
0
0
0
0
0
0
0
0
0
0
0
0
0
0
0
0
0
0
0
0
0
0
0
0
0
0
0
0
0
0
0
0
0
0
0
0
0
0
0
0
0
0
0
0
0
0
0
0
0
0
0
0
0
0
0
0
0
0
0
0
0
0
0
0
0
0
0
0
0
0
0
0
0
0
0
0
0
0
0
0
0
0
0
0
0
0
0
0
0
0
0
0
0
0
0
0
0
0
0
0
0
0
0
0
0
0
0
0
0
0
0
0
0
0
0
0
0
0
0
0
0
0
0
0
0
0
0
0
0
0
0
0
0
0
0
0
0
0
0
0
0
0
0
0
0
0
0
0
0
0
0
0
0
0
0
0
0
0
0
0
0
0
0
0
0
0
0
0
0
0
0
0
0
0
0
0
0
0
0
0
0
0
0
0
0
0
0
0
0
0
0
0
0
0
0
0
0
0
0
0
0
0
0
0
0
0
0
0
0
0
0
0
0
0
0
0
0
0
0
0
0
0
0
0
0
0
0
0
0
0
0
0
0
0
0
0
0
0
0
0
0
0
0
0
0
0
0
0
0
0
0
0
0
0
0
0
0
0
0
0
0
0
0
0
0
0
0
0
0
0
0
0
0
0
0
0
0
0
0
0
0
0
0
0
0
0
0
0
0
0
0
0
0
0
0
0
0
0
0
0
0
0
0
0
0
0
0
0
0
0
0
0
0
0
0
0
0
0
0
0
0
0
0
0
0
0
0
0
0
0
0
0
0
0
0
0
0
0
0
0
0
0
0
0
0
0
0
0
0
0
0
0
0
0
0
0
0
0
0
0
0
0
0
0
0
0
0
0
0
0
0
0
0
0
0
0
0
0
0
0
0
0
0
0
0
0
0
0
0
0
0
0
0
0
0
0
0
0
0
0
0
0
0
0
0
0
0
0
0
0
0
0
0
0
0
0
0
0
0
0
0
0
0
0
0
0
0
0
0
0
0
0
0
0
0
0
0
0
0
0
0
0
0
0
0
0
0
0
0
0
0
0
0
0
0
0
0
0
0
0
0
0
0
0
0
0
0
0
0
0
0
0
0
0
0
0
0
0
0
0
0
0
0
0
0
0
0
0
0
0
0
0
0
0
0
0
0
0
0
0
0
0
0
0
0
0
0
0
0
0
0
0
0
0
0
0
0
0
0
0
0
0
0
0
0
0
0
0
0
0
0
0
0
0
0
0
0
0
0
0
0
0
0
0
0
0
0
0
0
0
0
0
0
0
0
0
0
0
0
0
0
0
0
0
0
0
0
0
0
0
0
0
0
0
0
0
0
0
0
0
0
0
0
0
0
0
0
0
0
0
0
0
0
0
0
0
0
0
0
0
0
0
0
0
0
0
0
0
0
0
0
0
0
0
0
0
0
0
0
0
0
0
0
0
0
0
0
0
0
0
0
0
0
0
0
0
0
0
0
0
0
0
0
0
0
0
0
0
0
0
0
0
0
0
0
0
0
0
0
0
0
0
0
0
0
0
0
0
0
0
0
0
0
0
0
0
0
0
0
0
0
0
0
0
0
0
0
0
0
0
0
0
0
0
0
0
0
0
0
0
0
0
0
0
0
0
0
0
0
0
0
0
0
0
0
0
0
0
0
0
0
0
0
0
0
0
0
0
0
0
0
0
0
0
0
0
0
0
0
0
0
0
0
0
0
0
0
0
0
0
0
0
0
0
0
0
0
0
0
0
0
0
0
0
0
0
0
0
0
0
0
0
0
0
0
0
0
0
0
0
0
0
0
0
0
0
0
0
0
0
0
0
0
0
0
0
0
0
0
0
0
0
0
0
0
0
0
0
0
0
0
0
0
0
0
0
0
0
0
0
0
0
0
0
0
0
0
0
0
0
0
0
0
0
0
0
0
0
0
0
0
0
0
0
0
0
0
0
0
0
0
0
0
0
0
0
0
0
0
0
0
0
0
0
0
0
0
0
0
0
0
0
0
0
0
0
0
0
0
0
0
0
0
0
0
0
0
0
0
0
0
0
0
0
0
0
0
0
0
0
0
0
0
0
0
0
0
0
0
0
0
0
0
0
0
0
0
0
0
0
0
0
0
0
0
0
0
0
0
0
0
0
0
0
0
0
0
0
0
0
0
0
0
0
0
0
0
0
0
0
0
0
0
0
0
0
0
0
0
0
0
0
0
0
0
0
0
0
0
0
0
0
0
0
0
0
0
0
0
0
0
0
0
0
0
0
0
0
0
0
0
0
0
0
0
0
0
0
0
0
0
0
0
0
0
0
0
0
0
0
0
0
0
0
0
0
0
0
0
0
0
0
0
0
0
0
0
0
0
0
0
0
0
0
0
0
0
0
0
0
0
0
0
0
0
0
0
0
0
0
0
0
0
0
0
0
0
0
0
0
0
0
0
0
0
0
0
0
0
0
0
0
0
0
0
0
0
0
0
0
0
0
0
0
0
0
0
0
0
0
0
0
0
0
0
0
0
0
0
0
0
0
0
0
0
0
0
0
0
0
0
0
0
0
0
0
0
0
0
0
0
0
0
0
0
0
0
0
0
0
0
0
0
0
0
0
0
0
0
0
0
0
0
0
0
0
0
0
0
0
0
0
0
0
0
0
0
0
0
0
0
0
0
0
0
0
0
0
0
0
0
0
0
0
0
0
0
0
0
0
0
0
0
0
0
0
0
0
0
0
0
0
0
0
0
0
0
0
0
0
0
0
0
0
0
0
0
0
0
0
0
0
0
0
0
0
0
0
0
0
0
0
0
0
0
0
0
0
0
0
0
0
0
0
0
0
0
0
0
0
0
0
0
0
0
0
0
0
0
0
0
0
0
0
0
0
0
0
0
0
0
0
0
0
0
0
0
0
0
0
0
0
0
0
0
0
0
0
0
0
0
0
0
0
0
0
0
0
0
0
0
0
0
0
0
0
0
0
0
0
0
0
0
0
0
0
0
0
0
0
0
0
0
0
0
0
0
0
0
0
0
0
0
0
0
0
0
0
0
0
0
0
0
0
0
0
0
0
0
0
0
0
0
0
0
0
0
0
0
0
0
0
0
0
0
0
0
0
0
0
0
0
0
0
0
0
0
0
0
0
0
0
0
0
0
0
0
0
0
0
0
0
0
0
0
0
0
0
0
0
0
0
0
0
0
0
0
0
0
0
0
0
0
0
0
0
0
0
0
0
0
0
0
0
0
0
0
0
0
0
0
0
0
0
0
0
0
0
0
0
0
0
0
0
0
0
0
0
0
0
0
0
0
0
0
0
0
0
0
0
0
0
0
0
0
0
0
0
0
0
0
0
0
0
0
0
0
0
0
0
0
0
0
0
0
0
0
0
0
0
0
0
0
0
0
0
0
0
0
0
0
0
0
0
0
0
0
0
0
0
0
0
0
0
0
0
0
0
0
0
0
0
0
0
0
0
0
0
0
0
0
0
0
0
0
0
0
0
0
0
0
0
0
0
0
0
0
0
0
0
0
0
0
0
0
0
0
0
0
0
0
0
0
0
0
0
0
0
0
0
0
0
0
0
0
0
0
0
0
0
0
0
0
0
0
0
0
0
0
0
0
0
0
0
0
0
0
0
0
0
0
0
0
0
0
0
0
0
0
0
0
0
0
0
0
0
0
0
0
0
0
0
0
0
0
0
0
0
0
0
0
0
0
0
0
0
0
0
0
0
0
0
0
0
0
0
0
0
0
0
0
0
0
0
0
0
0
0
0
0
0
0
0
0
0
0
0
0
0
0
0
0
0
0
0
0
0
0
0
0
0
0
0
0
0
0
0
0
0
0
0
0
0
0
0
0
0
0
0
0
0
0
0
0
0
0
0
0
0
0
0
0
0
0
0
0
0
0
0
0
0
0
0
0
0
0
0
0
0
0
0
0
0
0
0
0
0
0
0
0
0
0
0
0
0
0
0
0
0
0
0
0
0
0
0
0
0
0
0
0
0
0
0
0
0
0
0
0
0
0
0
0
0
0
0
0
0
0
0
0
0
0
0
0
0
0
0
0
0
0
0
0
0
0
0
0
0
0
0
0
0
0
0
0
0
0
0
0
0
0
0
0
0
0
0
0
0
0
0
0
0
0
0
0
0
0
0
0
0
0
0
0
0
0
0
0
0
0
0
0
0
0
0
0
0
0
0
0
0
0
0
0
0
0
0
0
0
0
0
0
0
0
0
0
0
0
0
0
0
0
0
0
0
0
0
0
0
0
0
0
0
0
0
0
0
0
0
0
0
0
0
0
0
0
0
0
0
0
0
0
0
0
0
0
0
0
0
0
0
0
0
0
0
0
0
0
0
0
0
0
0
0
0
0
0
0
0
0
0
0
0
0
0
0
0
0
0
0
0
0
0
0
0
0
0
0
0
0
0
0
0
0
0
0
0
0
0
0
0
0
0
0
0
0
0
0
0
0
0
0
0
0
0
0
0
0
0
0
0
0
0
0
0
0
0
0
0
0
0
0
0
0
0
0
0
0
0
0
0
0
0
0
0
0
0
0
0
0
0
0
0
0
0
0
0
0
0
0
0
0
0
0
0
0
0
0
0
0
0
0
0
0
0
0
0
0
0
0
0
0
0
0
0
0
0
0
0
0
0
0
0
0
0
0
0
0
0
0
0
0
0
0
0
0
0
0
0
0
0
0
0
0
0
0
0
0
0
0
0
0
0
0
0
0
0
0
0
0
0
0
0
0
0
0
0
0
0
0
0
0
0
0
0
0
0
0
0
0
0
0
0
0
0
0
0
0
0
0
0
0
0
0
0
0
0
0
0
0
0
0
0
0
0
0
0
0
0
0
0
0
0
0
0
0
0
0
0
0
0
0
0
0
0
0
0
0
0
0
0
0
0
0
0
0
0
0
0
0
0
0
0
0
0
0
0
0
0
0
0
0
0
0
0
0
0
0
0
0
0
0
0
0
0
0
0
0
0
0
0
0
0
0
0
0
0
0
0
0
0
0
0
0
0
0
0
0
0
0
0
0
0
0
0
0
0
0
0
0
0
0
0
0
0
0
0
0
0
0
0
0
0
0
0
0
0
0
0
0
0
0
0
0
0
0
0
0
0
0
0
0
0
0
0
0
0
0
0
0
0
0
0
0
0
0
0
0
0
0
0
0
0
0
0
0
0
0
0
0
0
0
0
0
0
0
0
0
0
0
0
0
0
0
0
0
0
0
0
0
0
0
0
0
0
0
0
0
0
0
0
0
0
0
0
0
0
0
0
0
0
0
0
0
0
0
0
0
0
0
0
0
0
0
0
0
0
0
0
0
0
0
0
0
0
0
0
0
0
0
0
0
0
0
0
0
0
0
0
0
0
0
0
0
0
0
0
0
0
0
0
0
0
0
0
0
0
0
0
0
0
0
0
0
0
0
0
0
0
0
0
0
0
0
0
0
0
0
0
0
0
0
0
0
0
0
0
0
0
0
0
0
0
0
0
0
0
0
0
0
0
0
0
0
0
0
0
0
0
0
0
0
0
0
0
0
0
0
0
0
0
0
0
0
0
0
0
0
0
0
0
0
0
0
0
0
0
0
0
0
0
0
0
0
0
0
0
0
0
0
0
0
0
0
0
0
0
0
0
0
0
0
0
0
0
0
0
0
0
0
0
0
0
0
0
0
0
0
0
0
0
0
0
0
0
0
0
0
0
0
0
0
0
0
0
0
0
0
0
0
0
0
0
0
0
0
0
0
0
0
0
0
0
0
0
0
0
0
0
0
0
0
0
0
0
0
0
0
0
0
0
0
0
0
0
0
0
0
0
0
0
0
0
0
0
0
0
0
0
0
0
0
0
0
0
0
0
0
0
0
0
0
0
0
0
0
0
0
0
0
0
0
0
0
0
0
0
0
0
0
0
0
0
0
0
0
0
0
0
0
0
0
0
0
0
0
0
0
0
0
0
0
0
0
0
0
0
0
0
0
0
0
0
0
0
0
0
0
0
0
0
0
0
0
0
0
0
0
0
0
0
0
0
0
0
0
0
0
0
0
0
0
0
0
0
0
0
0
0
0
0
0
0
0
0
0
0
0
0
0
0
0
0
0
0
0
0
0
0
0
0
0
0
0
0
0
0
0
0
0
0
0
0
0
0
0
0
0
0
0
0
0
0
0
0
0
0
0
0
0
0
0
0
0
0
0
0
0
0
0
0
0
0
0
0
0
0
0
0
0
0
0
0
0
0
0
0
0
0
0
0
0
0
0
0
0
0
0
0
0
0
0
0
0
0
0
0
0
0
0
0
0
0
0
0
0
0
0
0
0
0
0
0
0
0
0
0
0
0
0
0
0
0
0
0
0
0
0
0
0
0
0
0
0
0
0
0
0
0
0
0
0
0
0
0
0
0
0
0
0
0
0
0
0
0
0
0
0
0
0
0
0
0
0
0
0
0
0
0
0
0
0
0
0
0
0
0
0
0
0
0
0
0
0
0
0
0
0
0
0
0
0
0
0
0
0
0
0
0
0
0
0
0
0
0
0
0
0
0
0
0
0
0
0
0
0
0
0
0
0
0
0
0
0
0
0
0
0
0
0
0
0
0
0
0
0
0
0
0
0
0
0
0
0
0
0
0
0
0
0
0
0
0
0
0
0
0
0
0
0
0
0
0
0
0
0
0
0
0
0
0
0
0
