215
417
-4223
-873
-2560
-1834
-4236
51
737
-3846
-312
-3082
-3048
-2947
213
498
-328
459
-1462
-4875
-4828
-4098
-10316
-469
444
-2513
-4412
-4426
-4235
-14996
-223
277
222
1114
-3883
-2000
-3120
-1235
-3295
-13
1118
-4128
-2535
-2446
-3072
-3469
177
629
-186
-449
-63
-4763
-2049
-3244
-15423
-557
-529
659
-2532
-3021
-3138
-16647
-333
-482
169
1221
-2601
-1206
-1549
-2361
-3222
62
1427
-1709
-1651
-359
-2032
-1577
242
768
-157
-228
-865
-4088
-2782
-3010
-18340
-445
-1577
-1594
-1456
-2895
-1834
-25728
-82
-1119
-153
286
-2428
2249
-3530
-2037
-2269
-220
360
-2820
2936
-2283
-2960
-2848
132
801
22
479
-2363
-2397
-1724
-2077
-19261
-307
559
-4342
-2022
-3537
-2468
-20476
84
2643
-304
543
-7218
9721
-8990
-6434
-6341
-428
1008
-10671
12832
-10944
-10412
-11658
269
1412
-132
1459
-8365
-7299
-6418
-6471
-10632
-268
3728
-11934
-9690
-10609
-10306
2869
53
4181
-257
995
-9016
9247
-9882
-8924
-8594
-431
1169
-14102
12053
-12918
-14329
-15692
296
1452
-87
-870
-10226
-9706
-7692
-8647
-8794
-224
-3701
-13431
-13392
-13310
-13914
13974
9
-5582
-252
47
-5989
5074
-5878
-5229
-5054
-319
445
-4441
6975
-5360
-3913
-5870
9
733
99
-20
-6800
-4194
-3576
-4917
-13691
12
-368
-7077
-3579
-4244
-4378
-22198
229
-865
-104
-593
-3294
2243
-5208
-4016
-3899
-244
377
-2050
3465
-3950
-3337
-4375
-112
1001
-169
-748
-4488
-3065
-1772
-3808
-13346
-197
-981
-4696
-2514
-3566
-3929
-18911
88
-855
261
-138
-3629
-2391
-1846
-1092
-4221
276
-694
-3058
-1674
-3379
-3044
-1822
268
-806
-453
1011
-1469
-4751
-4674
-4109
-13814
-548
680
-2357
-3775
-5270
-3566
-18733
-195
662
434
112
-4800
-4212
-4974
-788
-4261
365
-727
-4469
-3648
-4712
-3242
-3754
231
-339
-446
-156
63
-5566
-1238
-4228
-14919
-549
-363
381
-3295
-2776
-3430
-17517
-371
-1552
446
740
-3582
-1869
-3246
-1914
-3826
458
-166
-2441
-1064
-2744
-2443
-2824
315
-268
-507
-678
-1645
-4304
-1948
-3587
-16230
-595
-1570
-1910
-1974
-2601
-2109
-21981
-238
-910
10
14
-1887
2621
-2778
-1269
-1965
-25
-576
-2766
3718
-3035
-2708
-3376
43
218
-83
-1079
-3383
-2834
-1157
-1716
-18208
-274
-1150
-4963
-2363
-3167
-2507
-16136
98
887
-159
-963
-4389
5581
-5896
-2864
-3449
-113
-2578
-5866
8405
-6094
-4851
-6064
177
-2841
-176
1550
-6008
-4713
-1247
-3426
-22320
-268
2600
-7974
-4896
-4830
-5284
-19096
-55
1209
-162
-1797
-6935
6830
-6505
-5114
-5549
-228
-3588
-9816
10047
-8069
-8343
-9800
173
-4643
-211
-404
-6995
-7060
-4330
-5549
-19852
-69
-2298
-9233
-8291
-8194
-7912
-10924
78
-4234
-308
1213
-5512
9150
-7061
-4128
-4560
-315
863
-7914
12015
-9742
-7923
-8917
-24
2045
-71
680
-7900
-5964
-4682
-4714
-22817
-70
1357
-11582
-7196
-6851
-7639
-13836
172
2050
-353
2047
-4244
8660
-8610
-7516
-6819
-482
2726
-8460
9422
-13865
-13210
-12393
8
3781
-336
19
-10888
-7529
-5373
-6763
-15011
-103
-1015
-14993
-11544
-10268
-13655
9395
105
-1532
440
-275
-3048
-2537
-955
848
-4275
375
-228
-1603
-2570
-555
-1825
-1452
235
-73
-456
1068
-4024
-3632
-6336
-4218
-12870
-363
282
-3882
-3844
-6629
-3337
-20089
-101
83
625
187
-3525
-3018
-1565
1941
-3068
377
-688
-4575
-4019
-2069
-3247
-2938
33
-593
-257
102
-2973
-2589
-3740
-3109
-22286
-364
-426
-2746
-4330
-5454
-3356
-17347
-364
-986
585
414
-4056
-898
-3193
-718
-3926
467
-790
-3392
-1287
-1703
-2514
-2242
265
-262
-345
-236
-3437
-2808
-3860
-3826
-13724
-448
-1191
-3313
-3117
-4281
-2643
-18396
-97
-399
216
508
-2672
2842
-3063
-594
-2117
92
177
-3666
2968
-2205
-3014
-3291
82
211
-126
-588
-3624
-2706
-1572
-1983
-16176
-190
-1318
-3914
-3073
-4171
-3207
-12729
128
340
-21
424
-2707
3341
-3887
-1930
-2135
75
703
-4633
4903
-3519
-3997
-3301
99
-365
-189
350
-3504
-3335
-293
-2106
-18351
-166
965
-5040
-3580
-4304
-4273
-14101
-42
-345
-53
60
-4889
2173
-3860
-3721
-3834
-84
-212
-6008
4801
-4695
-4207
-4463
140
-2690
-47
-247
-2785
-5497
-2646
-4010
-15894
-201
-748
-4885
-4075
-4461
-4348
-17527
202
-2220
-135
1026
-5561
8214
-6495
-3484
-3862
-215
-423
-8909
11187
-9235
-7926
-7911
56
-3067
-259
2440
-5274
-5590
-4640
-3889
-30500
-255
2531
-9904
-7708
-7491
-7952
-19108
36
3035
-255
947
-6534
12774
-9900
-8010
-7721
-344
1055
-11756
14950
-15232
-15325
-14675
137
1089
-446
-153
-11876
-8934
-8425
-7645
-13112
-220
-506
-16761
-15312
-14598
-15521
13655
37
-139
434
-1044
-4316
-3091
-733
-973
-4512
311
122
-2680
-3176
-1582
-2072
1346
271
70
-403
1303
-2116
-4419
-5696
-4548
-15765
-326
746
-3299
-4244
-6495
-2960
-26846
-127
175
679
-453
-3757
-3103
1249
-952
-3669
311
775
-5794
-4865
-2474
-4559
94
47
769
-158
-361
-2273
-3379
-4754
-3613
-22407
-443
-774
-3491
-5423
-7533
-3764
-17594
-276
-528
551
495
-4698
-2915
-912
-3198
-4266
564
570
-4627
-2636
-2174
-3420
-538
265
294
-356
-227
-1353
-2376
-5155
-4256
-16864
-529
-820
-1745
-4112
-5519
-2739
-22750
-152
169
53
-670
-3541
2880
-3568
-1988
-2533
126
289
-5010
2866
-4058
-3909
-2348
-52
268
-173
-353
-3418
-2626
-1313
-2494
-16746
-127
-843
-3770
-4083
-5159
-3768
-12915
82
347
-133
-1039
-4791
4822
-5822
-4007
-3962
-38
-69
-6107
5753
-5543
-5358
-5112
-7
-244
-131
60
-4852
-4369
-1754
-3841
-12606
-45
281
-4812
-4882
-6248
-5200
-10691
93
-334
-165
-473
-2865
1902
-2830
-2138
-2261
1
-267
-4777
2642
-3825
-3435
-3014
169
-1333
-88
312
-1126
-3690
-2323
-2252
-17483
-94
38
-2468
-3458
-4490
-3042
-16973
216
-1578
-59
-535
-4353
3561
-4103
-2767
-3403
-100
-1004
-4873
5813
-4540
-3745
-3857
114
-1979
-203
2096
-2416
-4681
-4613
-3519
-17640
-204
1975
-5221
-3937
-5760
-4108
-22082
91
2404
-55
-1604
-7513
8132
-6587
-6268
-6134
-180
-3744
-10834
10561
-9430
-10097
-9352
254
-5313
-368
-839
-6916
-5971
-6490
-5971
-11894
-180
-461
-9509
-10257
-10320
-10031
1104
24
88
247
-921
-4607
226
-4560
-2741
-5151
206
-382
-4042
121
-4964
-4195
-1999
281
-528
-369
1438
-2019
-5554
-5495
-5066
-12842
-261
1219
-3762
-5190
-6888
-4726
-19587
10
763
528
-760
-3974
-36
-2612
-2668
-3997
173
327
-7120
-1369
-5631
-6603
-2889
147
371
-90
350
-1124
-3955
-4673
-3920
-23786
-347
-1526
-2668
-6335
-9295
-4847
-15368
-265
-1021
492
348
-4963
-2267
-1647
-3395
-3673
347
-346
-6500
-2253
-3852
-4867
-1605
138
596
-195
-712
1375
-2207
-5526
-3546
-20200
-443
-759
386
-5101
-7111
-3372
-20009
-128
-234
76
-269
-3936
2848
-3063
-2837
-2333
73
-1005
-6105
2587
-5163
-4906
-2430
-33
-666
-16
-338
-2116
-2565
-1842
-2417
-19821
-36
-810
-3895
-4646
-5051
-4504
-13516
254
-425
-233
123
-4731
4742
-4813
-4093
-3751
-228
-299
-5658
4944
-5482
-4814
-3662
74
-665
82
441
-4302
-4463
-2035
-3715
-12690
101
249
-4588
-4990
-5521
-4565
-13662
229
-559
-295
-62
-2803
1740
-1457
-2180
-2330
-125
212
-3938
907
-3319
-2792
-863
38
-466
-49
142
-996
-3655
-3009
-2284
-19484
118
-211
-1745
-3108
-4390
-2707
-22592
224
-1127
6
-213
-2523
1431
-1286
-734
-2440
53
380
-3983
856
-3376
-2693
-367
-14
660
-247
304
-1352
-2932
-4697
-2439
-14785
28
-129
-3534
-3214
-6602
-3699
-13886
-33
397
170
-58
-2724
2037
-3187
-1345
-2029
-3
-620
-3452
3429
-3105
-3620
-3353
-26
-2224
-222
-589
-2251
-966
-2068
-1808
-22229
-116
-384
-2552
-3882
-4486
-3493
-19878
-120
489
-138
-1618
-2256
1629
-3115
-1375
-3084
-131
-929
-2904
678
-2982
-3368
-2900
-3
-797
-71
1370
-2874
-1999
-4485
-3014
-23646
-71
925
-3409
-3982
-6155
-4214
-23427
151
426
318
-1741
-3747
2588
-3838
-2577
-3864
-34
-909
-5073
1661
-3714
-4436
-3640
13
249
87
1258
-3558
-2586
-4588
-3928
-17241
-100
-649
-4108
-5093
-8011
-4020
-15022
-74
-482
371
-1055
-3615
-1097
-2308
-1936
-2519
73
-1083
-5807
-1680
-3892
-4486
-2409
-99
190
1
-1091
1650
-951
-4216
-2353
-25051
-254
-1214
902
-4537
-6862
-2872
-20462
-182
-434
57
-84
-2913
1564
-2410
-2452
-2031
-166
-604
-4516
1034
-3907
-3955
-2773
-198
365
263
-198
-601
-2027
-2445
-1946
-21575
41
-1276
-1329
-3183
-5462
-3669
-18163
206
-1256
-100
559
-3789
4080
-3581
-2917
-2466
-333
-246
-5062
4224
-3407
-3956
-2021
-41
-891
443
967
-2225
-2458
-2270
-2419
-14587
68
774
-3548
-3924
-5652
-3434
-14605
142
184
-154
1115
-4448
-792
-2429
-3049
-3632
-230
1718
-5441
-1369
-3509
-3347
-1322
-58
1414
174
177
1519
-3793
-4495
-3606
-14771
60
884
-200
-4324
-5456
-3727
-17599
144
603
-189
1689
-3278
-3165
-2608
-977
-3445
-169
2576
-3767
-4542
-2967
-1948
-83
-22
2913
3
-641
1458
-2673
-4358
-3331
-21998
278
-453
-507
-3758
-5327
-4079
-24640
340
-805
-177
1631
-2287
-2070
-3136
-1483
-2811
-204
2232
-1340
-1635
-1896
-1910
-2393
-73
1606
-184
-1222
434
-1599
-3550
-2848
-21174
27
-995
97
-3171
-3443
-2772
-28177
204
-957
-570
180
-2968
-2716
-924
-2056
-3616
-524
1155
-2278
-3089
-2391
-1214
-216
-163
-276
67
991
-1318
-2484
-4187
-3829
-14691
-9
891
-2628
-2116
-3222
-2905
-22415
324
687
-250
320
-3030
-4459
-1194
-2050
-3987
-409
568
-4812
-5964
-5016
-3076
-792
-76
259
115
1888
-49
-2998
-4894
-3958
-17114
63
92
-3353
-5477
-4852
-4198
-13730
220
-154
-54
9
-3271
-4079
-2161
-1908
-3552
-228
646
-5306
-5232
-4936
-4092
-2109
-100
397
84
-867
4167
-3359
-6319
-3471
-18222
-32
-1044
1579
-5385
-7090
-3832
-15409
100
-9
-241
-52
-1038
-618
-716
-145
-1450
-292
201
-2581
-1450
-1608
-2151
-1336
-268
490
320
145
-171
-1827
-2756
-1375
-18183
38
-300
-741
-2448
-5184
-2614
-15926
29
-1182
-291
153
-2774
2177
-2320
-854
-2188
-409
13
-3724
3895
-1886
-2543
-2338
-164
-618
632
207
-2385
-2023
-2685
-2216
-14057
-29
1148
-3605
-3291
-5127
-2958
-14832
77
898
-306
-268
-4231
-3379
-3262
-3106
-3938
-315
240
-6278
-4056
-4290
-4486
-993
-156
-458
317
1570
2471
-3760
-3954
-3757
-16546
-17
1459
-169
-5551
-6591
-5151
-14427
215
1569
-288
-113
-3983
-7392
-6223
-2744
-5134
-204
-253
-5824
-10475
-6659
-5705
-1689
-141
16
127
871
4925
-4365
-4363
-4657
-24301
301
77
2189
-6790
-6102
-6128
-21767
417
-260
-361
-702
-4273
-6425
-6495
-3850
-5539
-190
-624
-4254
-7204
-5312
-4720
-2132
-201
-51
-36
-1969
5433
-4500
-5800
-5356
-16066
267
-1769
3081
-5573
-5699
-4542
-25821
337
-1331
-546
-1115
-1789
-2751
591
-1358
-2518
-430
-1367
-3433
-5245
-1154
-2849
955
-181
-1800
32
877
-1936
-2801
-2389
-2477
-14491
2
662
-3532
-2631
-3445
-4016
-12514
284
544
-496
-1766
-2926
-4389
304
-1990
-2977
-507
-1702
-3982
-6014
-2708
-2919
720
-201
-1416
153
778
535
-2944
-3785
-2854
-15251
138
22
-2274
-3995
-3422
-3621
-15741
272
278
-363
-2005
-2567
-3543
-1258
-953
-2783
-461
-1781
-3878
-3991
-2707
-2619
-937
-172
-1068
61
-1612
1401
-2257
-4258
-2623
-16822
15
-1701
-177
-4402
-5198
-3405
-16601
277
-1765
-513
-1264
-1623
-1941
-1060
195
-1910
-460
-1153
-1288
-1598
-1609
-355
91
-239
-1335
170
-156
-2683
-1995
-913
-1924
-14976
-22
-212
-1698
-1608
-3072
-1648
-20703
115
-1381
-513
-1037
-3415
-2278
-3373
-662
-2742
-353
-873
-1831
-236
-2201
-368
-487
-195
-1037
328
-590
-3498
-3098
1870
-2777
-11904
-145
-287
-2375
-1189
-1277
-1151
-22157
97
-1345
-286
-1274
-2802
-2944
-3174
-1427
-2469
-214
-1231
-3929
-3333
-4062
-3234
-814
-274
-1580
258
1129
-375
-2501
502
-2402
-15930
-122
1200
-1089
-3783
-2546
-3059
-14715
188
1787
-285
-2278
-1661
-5380
-3689
-1908
-2789
-235
-1992
-3013
-7149
-6009
-4999
-2282
-347
-1386
13
243
1628
-1904
-1056
-2494
-29291
62
163
520
-5280
-2429
-4008
-24391
337
246
-242
-2179
-2086
-4068
-2720
-2702
-2712
-242
-1956
-2830
-5068
-4256
-4362
-1379
-273
-1300
-126
-1814
1989
-823
-2239
-2644
-21175
-39
-1245
758
-3624
-3655
-3547
-18877
173
-1094
0
0
0
0
0
0
0
0
0
0
0
-3028
-1287
-2339
-479
-2601
0
0
0
0
0
0
0
0
0
0
0
744
-4202
-3186
-2713
-14880
0
0
0
0
0
0
0
0
0
0
0
-3029
-2588
-2768
1414
-2711
0
0
0
0
0
0
0
0
0
0
0
148
-3708
-3737
-2692
-14873
0
0
0
0
0
0
0
0
0
0
0
-2785
-1686
-2601
248
-2741
0
0
0
0
0
0
0
0
0
0
0
-201
-3010
-3109
-2489
-17000
0
0
0
0
0
0
0
0
0
0
0
-2821
-488
-3179
130
-2040
0
0
0
0
0
0
0
0
0
0
0
-1874
-1582
-433
-1964
-16469
0
0
0
0
0
0
0
0
0
0
0
-4426
4022
-4441
-3060
-2948
0
0
0
0
0
0
0
0
0
0
0
-4228
-2927
-1127
-3114
-18025
0
0
0
0
0
0
0
0
0
0
0
-5700
4021
-4141
-6038
-4321
0
0
0
0
0
0
0
0
0
0
0
-5509
-3866
-1754
-4212
-17703
0
0
0
0
0
0
0
0
0
0
0
-5264
1585
-4357
-4010
-3689
0
0
0
0
0
0
0
0
0
0
0
-4231
-536
-1600
-3601
-16331
0
0
0
0
0
0
0
0
0
0
0
-1866
492
-3151
-1881
-1782
0
0
0
0
0
0
0
0
0
0
0
-1532
-472
-1017
-1676
-19668
0
0
0
0
0
0
0
0
0
0
0
-3304
-2534
-2573
1627
-2960
0
0
0
0
0
0
0
0
0
0
0
238
-4786
-4624
-2958
-16825
0
0
0
0
0
0
0
0
0
0
0
-3915
-3995
-4624
3073
-3388
0
0
0
0
0
0
0
0
0
0
0
313
-5255
-4244
-3267
-16648
0
0
0
0
0
0
0
0
0
0
0
-2840
-2367
-4667
1607
-3034
0
0
0
0
0
0
0
0
0
0
0
-808
-3518
-3317
-2936
-16584
0
0
0
0
0
0
0
0
0
0
0
-2395
-285
-2746
196
-1900
0
0
0
0
0
0
0
0
0
0
0
-2447
-1998
-154
-1857
-14707
0
0
0
0
0
0
0
0
0
0
0
-2293
1121
-3875
-1694
-2300
0
0
0
0
0
0
0
0
0
0
0
-3835
-2983
968
-2457
-21848
0
0
0
0
0
0
0
0
0
0
0
-3037
1890
-3442
-3580
-3384
0
0
0
0
0
0
0
0
0
0
0
-4997
-4641
-670
-3502
-22327
0
0
0
0
0
0
0
0
0
0
0
-4878
2988
-4921
-2517
-3740
0
0
0
0
0
0
0
0
0
0
0
-4912
-2950
-921
-3752
-19169
0
0
0
0
0
0
0
0
0
0
0
-3793
3814
-3498
-5183
-3193
0
0
0
0
0
0
0
0
0
0
0
-4066
-2838
-593
-2822
-19871
0
0
0
0
0
0
0
0
0
0
0
-4046
-3047
-2789
2980
-4037
0
0
0
0
0
0
0
0
0
0
0
-2833
-5560
-6258
-3997
-12858
0
0
0
0
0
0
0
0
0
0
0
-4199
-4152
-3091
4696
-4364
0
0
0
0
0
0
0
0
0
0
0
-3846
-5505
-6467
-4188
-14954
0
0
0
0
0
0
0
0
0
0
0
-3775
-1946
-4834
3073
-3630
0
0
0
0
0
0
0
0
0
0
0
-3427
-3428
-4434
-3534
-14298
0
0
0
0
0
0
0
0
0
0
0
-3334
-476
-3851
1709
-2887
0
0
0
0
0
0
0
0
0
0
0
-3830
-3892
-386
-2714
-8993
0
0
0
0
0
0
0
0
0
0
0
-1486
428
-2507
-1252
-1622
0
0
0
0
0
0
0
0
0
0
0
-2590
-2556
1912
-1453
-16077
0
0
0
0
0
0
0
0
0
0
0
-1444
-300
-1490
-2205
-1885
0
0
0
0
0
0
0
0
0
0
0
-2244
-2847
53
-1852
-22500
0
0
0
0
0
0
0
0
0
0
0
-3315
1319
-4490
-2189
-3825
0
0
0
0
0
0
0
0
0
0
0
-4205
-4752
-1222
-4012
-22554
0
0
0
0
0
0
0
0
0
0
0
-4718
6095
-4250
-5615
-3841
0
0
0
0
0
0
0
0
0
0
0
-5174
-4426
-1715
-3586
-15834
0
0
0
0
0
0
0
0
0
0
0
-3883
-2937
-2655
1562
-4119
0
0
0
0
0
0
0
0
0
0
0
-1651
-5717
-6175
-4052
-16606
0
0
0
0
0
0
0
0
0
0
0
-3319
-2934
520
2321
-3140
0
0
0
0
0
0
0
0
0
0
0
-2027
-3962
-6482
-2874
-21919
0
0
0
0
0
0
0
0
0
0
0
-3569
-2251
-1742
1798
-2900
0
0
0
0
0
0
0
0
0
0
0
-1561
-2434
-5115
-2755
-21805
0
0
0
0
0
0
0
0
0
0
0
-3386
448
-2591
844
-1981
0
0
0
0
0
0
0
0
0
0
0
-3044
-2171
-520
-1943
-15100
0
0
0
0
0
0
0
0
0
0
0
-2460
2650
-2814
-1251
-1318
0
0
0
0
0
0
0
0
0
0
0
-2341
-1837
747
-1208
-20054
0
0
0
0
0
0
0
0
0
0
0
-2049
-344
-1228
-1209
-1638
0
0
0
0
0
0
0
0
0
0
0
-1497
-2280
-362
-1603
-18231
0
0
0
0
0
0
0
0
0
0
0
-2826
-5
-2368
-1951
-3266
0
0
0
0
0
0
0
0
0
0
0
-2467
-4396
-2148
-3341
-15111
0
0
0
0
0
0
0
0
0
0
0
-3003
3323
-3292
-4126
-3145
0
0
0
0
0
0
0
0
0
0
0
-4053
-3071
-2541
-3037
-16102
0
0
0
0
0
0
0
0
0
0
0
-4539
-565
-4721
-656
-3996
0
0
0
0
0
0
0
0
0
0
0
-522
-4555
-5723
-4122
-13796
0
0
0
0
0
0
0
0
0
0
0
-3351
-1100
-2150
-91
-2893
0
0
0
0
0
0
0
0
0
0
0
127
-2790
-5886
-2775
-22425
0
0
0
0
0
0
0
0
0
0
0
-3524
-2345
-2363
12
-2795
0
0
0
0
0
0
0
0
0
0
0
235
-1504
-5553
-2718
-20576
0
0
0
0
0
0
0
0
0
0
0
-3164
634
-1737
613
-1398
0
0
0
0
0
0
0
0
0
0
0
-1960
-691
-1487
-1312
-20029
0
0
0
0
0
0
0
0
0
0
0
-2785
2766
-2297
-43
-1026
0
0
0
0
0
0
0
0
0
0
0
-2088
-1878
-331
-874
-21686
0
0
0
0
0
0
0
0
0
0
0
-2133
88
-1052
-945
-1605
0
0
0
0
0
0
0
0
0
0
0
-955
-2150
-1202
-1443
-21101
0
0
0
0
0
0
0
0
0
0
0
-1399
-263
-374
-617
-1930
0
0
0
0
0
0
0
0
0
0
0
-1434
-2532
-2826
-1710
-14083
0
0
0
0
0
0
0
0
0
0
0
-661
-338
-2606
-312
-1835
0
0
0
0
0
0
0
0
0
0
0
-2304
-307
-2674
-1783
-18431
0
0
0
0
0
0
0
0
0
0
0
-3250
-378
-3781
-1385
-3206
0
0
0
0
0
0
0
0
0
0
0
-1654
-658
-5106
-3245
-18439
0
0
0
0
0
0
0
0
0
0
0
-2079
917
-3025
-2031
-2421
0
0
0
0
0
0
0
0
0
0
0
-1595
-1201
-3952
-2467
-19153
0
0
0
0
0
0
0
0
0
0
0
-2796
-2752
-3320
-1245
-3043
0
0
0
0
0
0
0
0
0
0
0
-129
-229
-5413
-2950
-17923
0
0
0
0
0
0
0
0
0
0
0
-2787
-230
-1913
245
-1595
0
0
0
0
0
0
0
0
0
0
0
-729
-245
-2327
-1428
-20143
0
0
0
0
0
0
0
0
0
0
0
-2825
1343
-3140
772
-1536
0
0
0
0
0
0
0
0
0
0
0
-2002
-651
-1844
-1485
-16737
0
0
0
0
0
0
0
0
0
0
0
-1754
-1313
-2827
-1345
-2313
0
0
0
0
0
0
0
0
0
0
0
803
-2325
-2887
-2220
-19874
0
0
0
0
0
0
0
0
0
0
0
-1263
-2859
-3536
-2094
-3510
0
0
0
0
0
0
0
0
0
0
0
229
-3326
-4535
-3471
-18609
0
0
0
0
0
0
0
0
0
0
0
-1192
-2270
-4015
-2126
-3068
0
0
0
0
0
0
0
0
0
0
0
207
-983
-4401
-2997
-17464
0
0
0
0
0
0
0
0
0
0
0
-2459
-1856
-1075
-3164
-2723
0
0
0
0
0
0
0
0
0
0
0
-394
-1334
-3490
-2681
-17754
0
0
0
0
0
0
0
0
0
0
0
-2369
-2644
-67
-4038
-2980
0
0
0
0
0
0
0
0
0
0
0
1222
-3173
-4651
-2987
-19094
0
0
0
0
0
0
0
0
0
0
0
-2762
-3847
-2629
-2214
-3421
0
0
0
0
0
0
0
0
0
0
0
3269
-3827
-6187
-3397
-15131
0
0
0
0
0
0
0
0
0
0
0
-2134
-1710
-1277
1861
-1856
0
0
0
0
0
0
0
0
0
0
0
-1053
-1855
-3322
-1672
-14480
0
0
0
0
0
0
0
0
0
0
0
-1734
-298
-3056
2162
-2012
0
0
0
0
0
0
0
0
0
0
0
-3169
-1291
-3035
-1726
-14709
0
0
0
0
0
0
0
0
0
0
0
-2016
-2497
-3158
-591
-2364
0
0
0
0
0
0
0
0
0
0
0
1841
-2641
-3917
-2241
-23354
0
0
0
0
0
0
0
0
0
0
0
-5335
-6240
-7055
-3344
-5589
0
0
0
0
0
0
0
0
0
0
0
5560
-6750
-6006
-5532
-15816
0
0
0
0
0
0
0
0
0
0
0
-5168
-5659
-7287
-5282
-5584
0
0
0
0
0
0
0
0
0
0
0
5897
-4630
-6444
-5492
-11309
0
0
0
0
0
0
0
0
0
0
0
-2481
-1885
279
-1697
-2133
0
0
0
0
0
0
0
0
0
0
0
-209
-2597
-2615
-2031
-14775
0
0
0
0
0
0
0
0
0
0
0
-3967
-3076
414
-3999
-3017
0
0
0
0
0
0
0
0
0
0
0
2414
-3829
-3606
-2848
-13540
0
0
0
0
0
0
0
0
0
0
0
-2836
-2602
-1842
-1276
-2194
0
0
0
0
0
0
0
0
0
0
0
2456
-2976
-3210
-2006
-18612
0
0
0
0
0
0
0
0
0
0
0
-1983
-1346
-1047
1186
-1412
0
0
0
0
0
0
0
0
0
0
0
-1997
-1700
-840
-1149
-17393
0
0
0
0
0
0
0
0
0
0
0
-2207
-2082
-2696
885
-2071
0
0
0
0
0
0
0
0
0
0
0
-3237
-1834
668
-1812
-16353
0
0
0
0
0
0
0
0
0
0
0
-1949
-3069
-3346
-138
-2439
0
0
0
0
0
0
0
0
0
0
0
-707
-2652
-1372
-2377
-14286
0
0
0
0
0
0
0
0
0
0
0
-3864
-5248
-5499
-2438
-4225
0
0
0
0
0
0
0
0
0
0
0
2928
-4165
-3493
-4112
-17130
0
0
0
0
0
0
0
0
0
0
0
-2673
-3748
-3829
-2834
-2804
0
0
0
0
0
0
0
0
0
0
0
3323
-1201
-3628
-2508
-17394
0
0
0
0
0
0
0
0
0
0
0
0
0
0
0
0
0
0
0
0
0
0
0
0
0
0
0
0
0
0
0
0
0
0
0
0
0
0
0
0
0
0
0
0
0
0
0
0
0
0
0
0
0
0
0
0
0
0
0
0
0
0
0
0
0
0
0
0
0
0
0
0
0
0
0
0
0
0
0
0
0
0
0
0
0
0
0
0
0
0
0
0
0
0
0
0
0
0
0
0
0
0
0
0
0
0
0
0
0
0
0
0
0
0
0
0
0
0
0
0
0
0
0
0
0
0
0
0
0
0
0
0
0
0
0
0
0
0
0
0
0
0
0
0
0
0
0
0
0
0
0
0
0
0
0
0
0
0
0
0
0
0
0
0
0
0
0
0
0
0
0
0
0
0
0
0
0
0
0
0
0
0
0
0
0
0
0
0
0
0
0
0
0
0
0
0
0
0
0
0
0
0
0
0
0
0
0
0
0
0
0
0
0
0
0
0
0
0
0
0
0
0
0
0
0
0
0
0
0
0
0
0
0
0
0
0
0
0
0
0
0
0
0
0
0
0
0
0
0
0
0
0
0
0
0
0
0
0
0
0
0
0
0
0
0
0
0
0
0
0
0
0
0
0
0
0
0
0
0
0
0
0
0
0
0
0
0
0
0
0
0
0
0
0
0
0
0
0
0
0
0
0
0
0
0
0
0
0
0
0
0
0
0
0
0
0
0
0
0
0
0
0
0
0
0
0
0
0
0
0
0
0
0
0
0
0
0
0
0
0
0
0
0
0
0
0
0
0
0
0
0
0
0
0
0
0
0
0
0
0
0
0
0
0
0
0
0
0
0
0
0
0
0
0
0
0
0
0
0
0
0
0
0
0
0
0
0
0
0
0
0
0
0
0
0
0
0
0
0
0
0
0
0
0
0
0
0
0
0
0
0
0
0
0
0
0
0
0
0
0
0
0
0
0
0
0
0
0
0
0
0
0
0
0
0
0
0
0
0
0
0
0
0
0
0
0
0
0
0
0
0
0
0
0
0
0
0
0
0
0
0
0
0
0
0
0
0
0
0
0
0
0
0
0
0
0
0
0
0
0
0
0
0
0
0
0
0
0
0
0
0
0
0
0
0
0
0
0
0
0
0
0
0
0
0
0
0
0
0
0
0
0
0
0
0
0
0
0
0
0
0
0
0
0
0
0
0
0
0
0
0
0
0
0
0
0
0
0
0
0
0
0
0
0
0
0
0
0
0
0
0
0
0
0
0
0
0
0
0
0
0
0
0
0
0
0
0
0
0
0
0
0
0
0
0
0
0
0
0
0
0
0
0
0
0
0
0
0
0
0
0
0
0
0
0
0
0
0
0
0
0
0
0
0
0
0
0
0
0
0
0
0
0
0
0
0
0
0
0
0
0
0
0
0
0
0
0
0
0
0
0
0
0
0
0
0
0
0
0
0
0
0
0
0
0
0
0
0
0
0
0
0
0
0
0
0
0
0
0
0
0
0
0
0
0
0
0
0
0
0
0
0
0
0
0
0
0
0
0
0
0
0
0
0
0
0
0
0
0
0
0
0
0
0
0
0
0
0
0
0
0
0
0
0
0
0
0
0
0
0
0
0
0
0
0
0
0
0
0
0
0
0
0
0
0
0
0
0
0
0
0
0
0
0
0
0
0
0
0
0
0
0
0
0
0
0
0
0
0
0
0
0
0
0
0
0
0
0
0
0
0
0
0
0
0
0
0
0
0
0
0
0
0
0
0
0
0
0
0
0
0
0
0
0
0
0
0
0
0
0
0
0
0
0
0
0
0
0
0
0
0
0
0
0
0
0
0
0
0
0
0
0
0
0
0
0
0
0
0
0
0
0
0
0
0
0
0
0
0
0
0
0
0
0
0
0
0
0
0
0
0
0
0
0
0
0
0
0
0
0
0
0
0
0
0
0
0
0
0
0
0
0
0
0
0
0
0
0
0
0
0
0
0
0
0
0
0
0
0
0
0
0
0
0
0
0
0
0
0
0
0
0
0
0
0
0
0
0
0
0
0
0
0
0
0
0
0
0
0
0
0
0
0
0
0
0
0
0
0
0
0
0
0
0
0
0
0
0
0
0
0
0
0
0
0
0
0
0
0
0
0
0
0
0
0
0
0
0
0
0
0
0
0
0
0
0
0
0
0
0
0
0
0
0
0
0
0
0
0
0
0
0
0
0
0
0
0
0
0
0
0
0
0
0
0
0
0
0
0
0
0
0
0
0
0
0
0
0
0
0
0
0
0
0
0
0
0
0
0
0
0
0
0
0
0
0
0
0
0
0
0
0
0
0
0
0
0
0
0
0
0
0
0
0
0
0
0
0
0
0
0
0
0
0
0
0
0
0
0
0
0
0
0
0
0
0
0
0
0
0
0
0
0
0
0
0
0
0
0
0
0
0
0
0
0
0
0
0
0
0
0
0
0
0
0
0
0
0
0
0
0
0
0
0
0
0
0
0
0
0
0
0
0
0
0
0
0
0
0
0
0
0
0
0
0
0
0
0
0
0
0
0
0
0
0
0
0
0
0
0
0
0
0
0
0
0
0
0
0
0
0
0
0
0
0
0
0
0
0
0
0
0
0
0
0
0
0
0
0
0
0
0
0
0
0
0
0
0
0
0
0
0
0
0
0
0
0
0
0
0
0
0
0
0
0
0
0
0
0
0
0
0
0
0
0
0
0
0
0
0
0
0
0
0
0
0
0
0
0
0
0
0
0
0
0
0
0
0
0
0
0
0
0
0
0
0
0
0
0
0
0
0
0
0
0
0
0
0
0
0
0
0
0
0
0
0
0
0
0
0
0
0
0
0
0
0
0
0
0
0
0
0
0
0
0
0
0
0
0
0
0
0
0
0
0
0
0
0
0
0
0
0
0
0
0
0
0
0
0
0
0
0
0
0
0
0
0
0
0
0
0
0
0
0
0
0
0
0
0
0
0
0
0
0
0
0
0
0
0
0
0
0
0
0
0
0
0
0
0
0
0
0
0
0
0
0
0
0
0
0
0
0
0
0
0
0
0
0
0
0
0
0
0
0
0
0
0
0
0
0
0
0
0
0
0
0
0
0
0
0
0
0
0
0
0
0
0
0
0
0
0
0
0
0
0
0
0
0
0
0
0
0
0
0
0
0
0
0
0
0
0
0
0
0
0
0
0
0
0
0
0
0
0
0
0
0
0
0
0
0
0
0
0
0
0
0
0
0
0
0
0
0
0
0
0
0
0
0
0
0
0
0
0
0
0
0
0
0
0
0
0
0
0
0
0
0
0
0
0
0
0
0
0
0
0
0
0
0
0
0
0
0
0
0
0
0
0
0
0
0
0
0
0
0
0
0
0
0
0
0
0
0
0
0
0
0
0
0
0
0
0
0
0
0
0
0
0
0
0
0
0
0
0
0
0
0
0
0
0
0
0
0
0
0
0
0
0
0
0
0
0
0
0
0
0
0
0
0
0
0
0
0
0
0
0
0
0
0
0
0
0
0
0
0
0
0
0
0
0
0
0
0
0
0
0
0
0
0
0
0
0
0
0
0
0
0
0
0
0
0
0
0
0
0
0
0
0
0
0
0
0
0
0
0
0
0
0
0
0
0
0
0
0
0
0
0
0
0
0
0
0
0
0
0
0
0
0
0
0
0
0
0
0
0
0
0
0
0
0
0
0
0
0
0
0
0
0
0
0
0
0
0
0
0
0
0
0
0
0
0
0
0
0
0
0
0
0
0
0
0
0
0
0
0
0
0
0
0
0
0
0
0
0
0
0
0
0
0
0
0
0
0
0
0
0
0
0
0
0
0
0
0
0
0
0
0
0
0
0
0
0
0
0
0
0
0
0
0
0
0
0
0
0
0
0
0
0
0
0
0
0
0
0
0
0
0
0
0
0
0
0
0
0
0
0
0
0
0
0
0
0
0
0
0
0
0
0
0
0
0
0
0
0
0
0
0
0
0
0
0
0
0
0
0
0
0
0
0
0
0
0
0
0
0
0
0
0
0
0
0
0
0
0
0
0
0
0
0
0
0
0
0
0
0
0
0
0
0
0
0
0
0
0
0
0
0
0
0
0
0
0
0
0
0
0
0
0
0
0
0
0
0
0
0
0
0
0
0
0
0
0
0
0
0
0
0
0
0
0
0
0
0
0
0
0
0
0
0
0
0
0
0
0
0
0
0
0
0
0
0
0
0
0
0
0
0
0
0
0
0
0
0
0
0
0
0
0
0
0
0
0
0
0
0
0
0
0
0
0
0
0
0
0
0
0
0
0
0
0
0
0
0
0
0
0
0
0
0
0
0
0
0
0
0
0
0
0
0
0
0
0
0
0
0
0
0
0
0
0
0
0
0
0
0
0
0
0
0
0
0
0
0
0
0
0
0
0
0
0
0
0
0
0
0
0
0
0
0
0
0
0
0
0
0
0
0
0
0
0
0
0
0
0
0
0
0
0
0
0
0
0
0
0
0
0
0
0
0
0
0
0
0
0
0
0
0
0
0
0
0
0
0
0
0
0
0
0
0
0
0
0
0
0
0
0
0
0
0
0
0
0
0
0
0
0
0
0
0
0
0
0
0
0
0
0
0
0
0
0
0
0
0
0
0
0
0
0
0
0
0
0
0
0
0
0
0
0
0
0
0
0
0
0
0
0
0
0
0
0
0
0
0
0
0
0
0
0
0
0
0
0
0
0
0
0
0
0
0
0
0
0
0
0
0
0
0
0
0
0
0
0
0
0
0
0
0
0
0
0
0
0
0
0
0
0
0
0
0
0
0
0
0
0
0
0
0
0
0
0
0
0
0
0
0
0
0
0
0
0
0
0
0
0
0
0
0
0
0
0
0
0
0
0
0
0
0
0
0
0
0
0
0
0
0
0
0
0
0
0
0
0
0
0
0
0
0
0
0
0
0
0
0
0
0
0
0
0
0
0
0
0
0
0
0
0
0
0
0
0
0
0
0
0
0
0
0
0
0
0
0
0
0
0
0
0
0
0
0
0
0
0
0
0
0
0
0
0
0
0
0
0
0
0
0
0
0
0
0
0
0
0
0
0
0
0
0
0
0
0
0
0
0
0
0
0
0
0
0
0
0
0
0
0
0
0
0
0
0
0
0
0
0
0
0
0
0
0
0
0
0
0
0
0
0
0
0
0
0
0
0
0
0
0
0
0
0
0
0
0
0
0
0
0
0
0
0
0
0
0
0
0
0
0
0
0
0
0
0
0
0
0
0
0
0
0
0
0
0
0
0
0
0
0
0
0
0
0
0
0
0
0
0
0
0
0
0
0
0
0
0
0
0
0
0
0
0
0
0
0
0
0
0
0
0
0
0
0
0
0
0
0
0
0
0
0
0
0
0
0
0
0
0
0
0
0
0
0
0
0
0
0
0
0
0
0
0
0
0
0
0
0
0
0
0
0
0
0
0
0
0
0
0
0
0
0
0
0
0
0
0
0
0
0
0
0
0
0
0
0
0
0
0
0
0
0
0
0
0
0
0
0
0
0
0
0
0
0
0
0
0
0
0
0
0
0
0
0
0
0
0
0
0
0
0
0
0
0
0
0
0
0
0
0
0
0
0
0
0
0
0
0
0
0
0
0
0
0
0
0
0
0
0
0
0
0
0
0
0
0
0
0
0
0
0
0
0
0
0
0
0
0
0
0
0
0
0
0
0
0
0
0
0
0
0
0
0
0
0
0
0
0
0
0
0
0
0
0
0
0
0
0
0
0
0
0
0
0
0
0
0
0
0
0
0
0
0
0
0
0
0
0
0
0
0
0
0
0
0
0
0
0
0
0
0
0
0
0
0
0
0
0
0
0
0
0
0
0
0
0
0
0
0
0
0
0
0
0
0
0
0
0
0
0
0
0
0
0
0
0
0
0
0
0
0
0
0
0
0
0
0
0
0
0
0
0
0
0
0
0
0
0
0
0
0
0
0
0
0
0
0
0
0
0
0
0
0
0
0
0
0
0
0
0
0
0
0
0
0
0
0
0
0
0
0
0
0
0
0
0
0
0
0
0
0
0
0
0
0
0
0
0
0
0
0
0
0
0
0
0
0
0
0
0
0
0
0
0
0
0
0
0
0
0
0
0
0
0
0
0
0
0
0
0
0
0
0
0
0
0
0
0
0
0
0
0
0
0
0
0
0
0
0
0
0
0
0
0
0
0
0
0
0
0
0
0
0
0
0
0
0
0
0
0
0
0
0
0
0
0
0
0
0
0
0
0
0
0
0
0
0
0
0
0
0
0
0
0
0
0
0
0
0
0
0
0
0
0
0
0
0
0
0
0
0
0
0
0
0
0
0
0
0
0
0
0
0
0
0
0
0
0
0
0
0
0
0
0
0
0
0
0
0
0
0
0
0
0
0
0
0
0
0
0
0
0
0
0
0
0
0
0
0
0
0
0
0
0
0
0
0
0
0
0
0
0
0
0
0
0
0
0
0
0
0
0
0
0
0
0
0
0
0
0
0
0
0
0
0
0
0
0
0
0
0
0
0
0
0
0
0
0
0
0
0
0
0
0
0
0
0
0
0
0
0
0
0
0
0
0
0
0
0
0
0
0
0
0
0
0
0
0
0
0
0
0
0
0
0
0
0
0
0
0
0
0
0
0
0
0
0
0
0
0
0
0
0
0
0
0
0
0
0
0
0
0
0
0
0
0
0
0
0
0
0
0
0
0
0
0
0
0
0
0
0
0
0
0
0
0
0
0
0
0
0
0
0
0
0
0
0
0
0
0
0
0
0
0
0
0
0
0
0
0
0
0
0
0
0
0
0
0
0
0
0
0
0
0
0
0
0
0
0
0
0
0
0
0
0
0
0
0
0
0
0
0
0
0
0
0
0
0
0
0
0
0
0
0
0
0
0
0
0
0
0
0
0
0
0
0
0
0
0
0
0
0
0
0
0
0
0
0
0
0
0
0
0
0
0
0
0
0
0
0
0
0
0
0
0
0
0
0
0
0
0
0
0
0
0
0
0
0
0
0
0
0
0
0
0
0
0
0
0
0
0
0
0
0
0
0
0
0
0
0
0
0
0
0
0
0
0
0
0
0
0
0
0
0
0
0
0
0
0
0
0
0
0
0
0
0
0
0
0
0
0
0
0
0
0
0
0
0
0
0
0
0
0
0
0
0
0
0
0
0
0
0
0
0
0
0
0
0
0
0
0
0
0
0
0
0
0
0
0
0
0
0
0
0
0
0
0
0
0
0
0
0
0
0
0
0
0
0
0
0
0
0
0
0
0
0
0
0
0
0
0
0
0
0
0
0
0
0
0
0
0
0
0
0
0
0
0
0
0
0
0
0
0
0
0
0
0
0
0
0
0
0
0
0
0
0
0
0
0
0
0
0
0
0
0
0
0
0
0
0
0
0
0
0
0
0
0
0
0
0
0
0
0
0
0
0
0
0
0
0
0
0
0
0
0
0
0
0
0
0
0
0
0
0
0
0
0
0
0
0
0
0
0
0
0
0
0
0
0
0
0
0
0
0
0
0
0
0
0
0
0
0
0
0
0
0
0
0
0
0
0
0
0
0
0
0
0
0
0
0
0
0
0
0
0
0
0
0
0
0
0
0
0
0
0
0
0
0
0
0
0
0
0
0
0
0
0
0
0
0
0
0
0
0
0
0
0
0
0
0
0
0
0
0
0
0
0
0
0
0
0
0
0
0
0
0
0
0
0
0
0
0
0
0
0
0
0
0
0
0
0
0
0
0
0
0
0
0
0
0
0
0
0
0
0
0
0
0
0
0
0
0
0
0
0
0
0
0
0
0
0
0
0
0
0
0
0
0
0
0
0
0
0
0
0
0
0
0
0
0
0
0
0
0
0
0
0
0
0
0
0
0
0
0
0
0
0
0
0
0
0
0
0
0
0
0
0
0
0
0
0
0
0
0
0
0
0
0
0
0
0
0
0
0
0
0
0
0
0
0
0
0
0
0
0
0
0
0
0
0
0
0
0
0
0
0
0
0
0
0
0
0
0
0
0
0
0
0
0
0
0
0
0
0
0
0
0
0
0
0
0
0
0
0
0
0
0
0
0
0
0
0
0
0
0
0
0
0
0
0
0
0
0
0
0
0
0
0
0
0
0
0
0
0
0
0
0
0
0
0
0
0
0
0
0
0
0
0
0
0
0
0
0
0
0
0
0
0
0
0
0
0
0
0
0
0
0
0
0
0
0
0
0
0
0
0
0
0
0
0
0
0
0
0
0
0
0
0
0
0
0
0
0
0
0
0
0
0
0
0
0
0
0
0
0
0
0
0
0
0
0
0
0
0
0
0
0
0
0
0
0
0
0
0
0
0
0
0
0
0
0
0
0
0
0
0
0
0
0
0
0
0
0
0
0
0
0
0
0
0
0
0
0
0
0
0
0
0
0
0
0
0
0
0
0
0
0
0
0
0
0
0
0
0
0
0
0
0
0
0
0
0
0
0
0
0
0
0
0
0
0
0
0
0
0
0
0
0
0
0
0
0
0
0
0
0
0
0
0
0
0
0
0
0
0
0
0
0
0
0
0
0
0
0
0
0
0
0
0
0
0
0
0
0
0
0
0
0
0
0
0
0
0
0
0
0
0
0
0
0
0
0
0
0
0
0
0
0
0
0
0
0
0
0
0
0
0
0
0
0
0
0
0
0
0
0
0
0
0
0
0
0
0
0
0
0
0
0
0
0
0
0
0
0
0
0
0
0
0
0
0
0
0
0
0
0
0
0
0
0
0
0
0
0
0
0
0
0
0
0
0
0
0
0
0
0
0
0
0
0
0
0
0
0
0
0
0
0
0
0
0
0
0
0
0
0
0
0
0
0
0
0
0
0
0
0
0
0
0
0
0
0
0
0
0
0
0
0
0
0
0
0
0
0
0
0
0
0
0
0
0
0
0
0
0
0
0
0
0
0
0
0
0
0
0
0
0
0
0
0
0
0
0
0
0
0
0
0
0
0
0
0
0
0
0
0
0
0
0
0
0
0
0
0
0
0
0
0
0
0
0
0
0
0
0
0
0
0
0
0
0
0
0
0
0
0
0
0
0
0
0
0
0
0
0
0
0
0
0
0
0
0
0
0
0
0
0
0
0
0
0
0
0
0
0
0
0
0
0
0
0
0
0
0
0
0
0
0
0
0
0
0
0
0
0
0
0
0
0
0
0
0
0
0
0
0
0
0
0
0
0
0
0
0
0
0
0
0
0
0
0
0
0
0
0
0
0
0
0
0
0
0
0
0
0
0
0
0
0
0
0
0
0
0
0
0
0
0
0
0
0
0
0
0
0
0
0
0
0
0
0
0
0
0
0
0
0
0
0
0
0
0
0
0
0
0
0
0
0
0
0
0
0
0
0
0
0
0
0
0
0
0
0
0
0
0
0
0
0
0
0
0
0
0
0
0
0
0
0
0
0
0
0
0
0
0
0
0
0
0
0
0
0
0
0
0
0
0
0
0
0
0
0
0
0
0
0
0
0
0
0
0
0
0
0
0
0
0
0
0
0
0
0
0
0
0
0
0
0
0
0
0
0
0
0
0
0
0
0
0
0
0
0
0
0
0
0
0
0
0
0
0
0
0
0
0
0
0
0
0
0
0
0
0
0
0
0
0
0
0
0
0
0
0
0
0
0
0
0
0
0
0
0
0
0
0
0
0
0
0
0
0
0
0
0
0
0
0
0
0
0
0
0
0
0
0
0
0
0
0
0
0
0
0
0
0
0
0
0
0
0
0
0
0
0
0
0
0
0
0
0
0
0
0
0
0
0
0
0
0
0
0
0
0
0
0
0
0
0
0
0
0
0
0
0
0
0
0
0
0
0
0
0
0
0
0
0
0
0
0
0
0
0
0
0
0
0
0
0
0
0
0
0
0
0
0
0
0
0
0
0
0
0
0
0
0
0
0
0
0
0
0
0
0
0
0
0
0
0
0
0
0
0
0
0
0
0
0
0
0
0
0
0
0
0
0
0
0
0
0
0
0
0
0
0
0
0
0
0
0
0
0
0
0
0
0
0
0
0
0
0
0
0
0
0
0
0
0
0
0
0
0
0
0
0
0
0
0
0
0
0
0
0
0
0
0
0
0
0
0
0
0
0
0
0
0
0
0
0
0
0
0
0
0
0
0
0
0
0
0
0
0
0
0
0
0
0
0
0
0
0
0
0
0
0
0
0
0
0
0
0
0
0
0
0
0
0
0
0
0
0
0
0
0
0
0
0
0
0
0
0
0
0
0
0
0
0
0
0
0
0
0
0
0
0
0
0
0
0
0
0
0
0
0
0
0
0
0
0
0
0
0
0
0
0
0
0
0
0
0
0
0
0
0
0
0
0
0
0
0
0
0
0
0
0
0
0
0
0
0
0
0
0
0
0
0
0
0
0
0
0
0
0
0
0
0
0
0
0
0
0
0
0
0
0
0
0
0
0
0
0
0
0
0
0
0
0
0
0
0
0
0
0
0
0
0
0
0
0
0
0
0
0
0
0
0
0
0
0
0
0
0
0
0
0
0
0
0
0
0
0
0
0
0
0
0
0
0
0
0
0
0
0
0
0
0
0
0
0
0
0
0
0
0
0
0
0
0
0
0
0
0
0
0
0
0
0
0
0
0
0
0
0
0
0
0
0
0
0
0
0
0
0
0
0
0
0
0
0
0
0
0
0
0
0
0
0
0
0
0
0
0
0
0
0
0
0
0
0
0
0
0
0
0
0
0
0
0
0
0
0
0
0
0
0
0
0
0
0
0
0
0
0
0
0
0
0
0
0
0
0
0
0
0
0
0
0
0
0
0
0
0
0
0
0
0
0
0
0
0
0
0
0
0
0
0
0
0
0
0
0
0
0
0
0
0
0
0
0
0
0
0
0
0
0
0
0
0
0
0
0
0
0
0
0
0
0
0
0
0
0
0
0
0
0
0
0
0
0
0
0
0
0
0
0
0
0
0
0
0
0
0
0
0
0
0
0
0
0
0
0
0
0
0
0
0
0
0
0
0
0
0
0
0
0
0
0
0
0
0
0
0
0
0
0
0
0
0
0
0
0
0
0
0
0
0
0
0
0
0
0
0
0
0
0
0
0
0
0
0
0
0
0
0
0
0
0
0
0
0
0
0
0
0
0
0
0
0
0
0
0
0
0
0
0
0
0
0
0
0
0
0
0
0
0
0
0
0
0
0
0
0
0
0
0
0
0
0
0
0
0
0
0
0
0
0
0
0
0
0
0
0
0
0
0
0
0
0
0
0
0
0
0
0
0
0
0
0
0
0
0
0
0
0
0
0
0
0
0
0
0
0
0
0
0
0
0
0
0
0
0
0
0
0
0
0
0
0
0
0
0
0
0
0
0
0
0
0
0
0
0
0
0
0
0
0
0
0
0
0
0
0
0
0
0
0
0
0
0
0
0
0
0
0
0
0
0
0
0
0
0
0
0
0
0
0
0
0
0
0
0
0
0
0
0
0
0
0
0
0
0
0
0
0
0
0
0
0
0
0
0
0
0
0
0
0
0
0
0
0
0
0
0
0
0
0
0
0
0
0
0
0
0
0
0
0
0
0
0
0
0
0
0
0
0
0
0
0
0
0
0
0
0
0
0
0
0
0
0
0
0
0
0
0
0
0
0
0
0
0
0
0
0
0
0
0
0
0
0
0
0
0
0
0
0
0
0
0
0
0
0
0
0
0
0
0
0
0
0
0
0
0
0
0
0
0
0
0
0
0
0
0
0
0
0
0
0
0
0
0
0
0
0
0
0
0
0
0
0
0
0
0
0
0
0
0
0
0
0
0
0
0
0
0
0
0
0
0
0
0
0
0
0
0
0
0
0
0
0
0
0
0
0
0
0
0
0
0
0
0
0
0
0
0
0
0
0
0
0
0
0
0
0
0
0
0
0
0
0
0
0
0
0
0
0
0
0
0
0
0
0
0
0
0
0
0
0
0
0
0
0
0
0
0
0
0
0
0
0
0
0
0
0
0
0
0
0
0
0
0
0
0
0
0
0
0
0
0
0
0
0
0
0
0
0
0
0
0
0
0
0
0
0
0
0
0
0
0
0
0
0
0
0
0
0
0
0
0
0
0
0
0
0
0
0
0
0
0
0
0
0
0
0
0
0
0
0
0
0
0
0
0
0
0
0
0
0
0
0
0
0
0
0
0
0
0
0
0
0
0
0
0
0
0
0
0
0
0
0
0
0
0
0
0
0
0
0
0
0
0
0
0
0
0
0
0
0
0
0
0
0
0
0
0
0
0
0
0
0
0
0
0
0
0
0
0
0
0
0
0
0
0
0
0
0
0
0
0
0
0
0
0
0
0
0
0
0
0
0
0
0
0
0
0
0
0
0
0
0
0
0
0
0
0
0
0
0
0
0
0
0
0
0
0
0
0
0
0
0
0
0
0
0
0
0
0
0
0
0
0
0
0
0
0
0
0
0
0
0
0
0
0
0
0
0
0
0
0
0
0
0
0
0
0
0
0
0
0
0
0
0
0
0
0
0
0
0
0
0
0
0
0
0
0
0
0
0
0
0
0
0
0
0
0
0
0
0
0
0
0
0
0
0
0
0
0
0
0
0
0
0
0
0
0
0
0
0
0
0
0
0
0
0
0
0
0
0
0
0
0
0
0
0
0
0
0
0
0
0
0
0
0
0
0
0
0
0
0
0
0
0
0
0
0
0
0
0
0
0
0
0
0
0
0
0
0
0
0
0
0
0
0
0
0
0
0
0
0
0
0
0
0
0
0
0
0
0
0
0
0
0
0
0
0
0
0
0
0
0
0
0
0
0
0
0
0
0
0
0
0
0
0
0
0
0
0
0
0
0
0
0
0
0
0
0
0
0
0
0
0
0
0
0
0
0
0
0
0
0
0
0
0
0
0
0
0
0
0
0
0
0
0
0
0
0
0
0
0
0
0
0
0
0
0
0
0
0
0
0
0
0
0
0
0
0
0
0
0
0
0
0
0
0
0
0
0
0
0
0
0
0
0
0
0
0
0
0
0
0
0
0
0
0
0
0
0
0
0
0
0
0
0
0
0
0
0
0
0
0
0
0
0
0
0
0
0
0
0
0
0
0
0
0
0
0
0
0
0
0
0
0
0
0
0
0
0
0
0
0
0
0
0
0
0
0
0
0
0
0
0
0
0
0
0
0
0
0
0
0
0
0
0
0
0
0
0
0
0
0
0
0
0
0
0
0
0
0
0
0
0
0
0
0
0
0
0
0
0
0
0
0
0
0
0
0
0
0
0
0
0
0
0
0
0
0
0
0
0
0
0
0
0
0
0
0
0
0
0
0
0
0
0
0
0
0
0
0
0
0
0
0
0
0
0
0
0
0
0
0
0
0
0
0
0
0
0
0
0
0
0
0
0
0
0
0
0
0
0
0
0
0
0
0
0
0
0
0
0
0
0
0
0
0
0
0
0
0
0
0
0
0
0
0
0
0
0
0
0
0
0
0
0
0
0
0
0
0
0
0
0
0
0
0
0
0
0
0
0
0
0
0
0
0
0
0
0
0
0
0
0
0
0
0
0
0
0
0
0
0
0
0
0
0
0
0
0
0
0
0
0
0
0
0
0
0
0
0
0
0
0
0
0
0
0
0
0
0
0
0
0
0
0
0
0
0
0
0
0
0
0
0
0
0
0
0
0
0
0
0
0
0
0
0
0
0
0
0
0
0
0
0
0
0
0
0
0
0
0
0
0
0
0
0
0
0
0
0
0
0
0
0
0
0
0
0
0
0
0
0
0
0
0
0
0
0
0
0
0
0
0
0
0
0
0
0
0
0
0
0
0
0
0
0
0
0
0
0
0
0
0
0
0
0
0
0
0
0
0
0
0
0
0
0
0
0
0
0
0
0
0
0
0
0
0
0
0
0
0
0
0
0
0
0
0
0
0
0
0
0
0
0
0
0
0
0
0
0
0
0
0
0
0
0
0
0
0
0
0
0
0
0
0
0
0
0
0
0
0
0
0
0
0
0
0
0
0
0
0
0
0
0
0
0
0
0
0
0
0
0
0
0
0
0
0
0
0
0
0
0
0
0
0
0
0
0
0
0
0
0
0
0
0
0
0
0
0
0
0
0
0
0
0
0
0
0
0
0
0
0
0
0
0
0
0
0
0
0
0
0
0
0
0
0
0
0
0
0
0
0
0
0
0
0
0
0
0
0
0
0
0
0
0
0
0
0
0
0
0
0
0
0
0
0
0
0
0
0
0
0
0
0
0
0
0
0
0
0
0
0
0
0
0
0
0
0
0
0
0
0
0
0
0
0
0
0
0
0
0
0
0
0
0
0
0
0
0
0
0
0
0
0
0
0
0
0
0
0
0
0
0
0
0
0
0
0
0
0
0
0
0
0
0
0
0
0
0
0
0
0
0
0
0
0
0
0
0
0
0
0
0
0
0
0
0
0
0
0
0
0
0
0
0
0
0
0
0
0
0
0
0
0
0
0
0
0
0
0
0
0
0
0
0
0
0
0
0
0
0
0
0
0
0
0
0
0
0
0
0
0
0
0
0
0
0
0
0
0
0
0
0
0
0
0
0
0
0
0
0
0
0
0
0
0
0
0
0
0
0
0
0
0
0
0
0
0
0
0
0
0
0
0
0
0
0
0
0
0
0
0
0
0
0
0
0
0
0
0
0
0
0
0
0
0
0
0
0
0
0
0
0
0
0
0
0
0
0
0
0
0
0
0
0
0
0
0
0
0
0
0
0
0
0
0
0
0
0
0
0
0
0
0
0
0
0
0
0
0
0
0
0
0
0
0
0
0
0
0
0
0
0
0
0
0
0
0
0
0
0
0
0
0
0
0
0
0
0
0
0
0
0
0
0
0
0
0
0
0
0
0
0
0
0
0
0
0
0
0
0
0
0
0
0
0
0
0
0
0
0
0
0
0
0
0
0
0
0
0
0
0
0
0
0
0
0
0
0
0
0
0
0
0
0
0
0
0
0
0
0
0
0
0
0
0
0
0
0
0
0
0
0
0
0
0
0
0
0
0
0
0
0
0
0
0
0
0
0
0
0
0
0
0
0
0
0
0
0
0
0
0
0
0
0
0
0
0
0
0
0
0
0
0
0
0
0
0
0
0
0
0
0
0
0
0
0
0
0
0
0
0
0
0
0
0
0
0
0
0
0
0
0
0
0
0
0
0
0
0
0
0
0
0
0
0
0
0
0
0
0
0
0
0
0
0
0
0
0
0
0
0
0
0
0
0
0
0
0
0
0
0
0
0
0
0
0
0
0
0
0
0
0
0
0
0
0
0
0
0
0
0
0
0
0
0
0
0
0
0
0
0
0
0
0
0
0
0
0
0
0
0
0
0
0
0
0
0
0
0
0
0
0
0
0
0
0
0
0
0
0
0
0
0
0
0
0
0
0
0
0
0
0
0
0
0
0
0
0
0
0
0
0
0
0
0
0
0
0
0
0
0
0
0
0
0
0
0
0
0
0
0
0
0
0
0
0
0
0
0
0
0
0
0
0
0
0
0
0
0
0
0
0
0
0
0
0
0
0
0
0
0
0
0
0
0
0
0
0
0
0
0
0
0
0
0
0
0
0
0
0
0
0
0
0
0
0
0
0
0
0
0
0
0
0
0
0
0
0
0
0
0
0
0
0
0
0
0
0
0
0
0
0
0
0
0
0
0
0
0
0
0
0
0
0
0
0
0
0
0
0
0
0
0
0
0
0
0
0
0
0
0
0
0
0
0
0
0
0
0
0
0
0
0
0
0
0
0
0
0
0
0
0
0
0
0
0
0
0
0
0
0
0
0
0
0
0
0
0
0
0
0
0
0
0
0
0
0
0
0
0
0
0
0
0
0
0
0
0
0
0
0
0
0
0
0
0
0
0
0
0
0
0
0
0
0
0
0
0
0
0
0
0
0
0
0
0
0
0
0
0
0
0
0
0
0
0
0
0
0
0
0
0
0
0
0
0
0
0
0
0
0
0
0
0
0
0
0
0
0
0
0
0
0
0
0
0
0
0
0
0
0
0
0
0
0
0
0
0
0
0
0
0
0
0
0
0
0
0
0
0
0
0
0
0
0
0
0
0
0
0
0
0
0
0
0
0
0
0
0
0
0
0
0
0
0
0
0
0
0
0
0
0
0
0
0
0
0
0
0
0
0
0
0
0
0
0
0
0
0
0
0
0
0
0
0
0
0
0
0
0
0
0
0
0
0
0
0
0
0
0
0
0
0
0
0
0
0
0
0
0
0
0
0
0
0
0
0
0
0
0
0
0
0
0
0
0
0
0
0
0
0
0
0
0
0
0
0
0
0
0
0
0
0
0
0
0
0
0
0
0
0
0
0
0
0
0
0
0
0
0
0
0
0
0
0
0
0
0
0
0
0
0
0
0
0
0
0
0
0
0
0
0
0
0
0
0
0
0
0
0
0
0
0
0
0
0
0
0
0
0
0
0
0
0
0
0
0
0
0
0
0
0
0
0
0
0
0
0
0
0
0
0
0
0
0
0
0
0
0
0
0
0
0
0
0
0
0
0
0
0
0
0
0
0
0
0
0
0
0
0
0
0
0
0
0
0
0
0
0
0
0
0
0
0
0
0
0
0
0
0
0
0
0
0
0
0
0
0
0
0
0
0
0
0
0
0
0
0
0
0
0
0
0
0
0
0
0
0
0
0
0
0
0
0
0
0
0
0
0
0
0
0
0
0
0
0
0
0
0
0
0
0
0
0
0
0
0
0
0
0
0
0
0
0
0
0
0
0
0
0
0
0
0
0
0
0
0
0
0
0
0
0
0
0
0
0
0
0
0
0
0
0
0
0
0
0
0
0
0
0
0
0
0
0
0
0
0
0
0
0
0
0
0
0
0
0
0
0
0
0
0
0
0
0
0
0
0
0
0
0
0
0
0
0
0
0
0
0
0
0
0
0
0
0
0
0
0
0
0
0
0
0
0
0
0
0
0
0
0
0
0
0
0
0
0
0
0
0
0
0
0
0
0
0
0
0
0
0
0
0
0
0
0
0
0
0
0
0
0
0
0
0
0
0
0
0
0
0
0
0
0
0
0
0
0
0
0
0
0
0
0
0
0
0
0
0
0
0
0
0
0
0
0
0
0
0
0
0
0
0
0
0
0
0
0
0
0
0
0
0
0
0
0
0
0
0
0
0
0
0
0
0
0
0
0
0
0
0
0
0
0
0
0
0
0
0
0
0
0
0
0
0
0
0
0
0
0
0
0
0
0
0
0
0
0
0
0
0
0
0
0
0
0
0
0
0
0
0
0
0
0
0
0
0
0
0
0
0
0
0
0
0
0
0
0
0
0
0
0
0
0
0
0
0
0
0
0
0
0
0
0
0
0
0
0
0
0
0
0
0
0
0
0
0
0
0
0
0
0
0
0
0
0
0
0
0
0
0
0
0
0
0
0
0
0
0
0
0
0
0
0
0
0
0
0
0
0
0
0
0
0
0
0
0
0
0
0
0
0
0
0
0
0
0
0
0
0
0
0
0
0
0
0
0
0
0
0
0
0
0
0
0
0
0
0
0
0
0
0
0
0
0
0
0
0
0
0
0
0
0
0
0
0
0
0
0
0
0
0
0
0
0
0
0
0
0
0
0
0
0
0
0
0
0
0
0
0
0
0
0
0
0
0
0
0
0
0
0
0
0
0
0
0
0
0
0
0
0
0
0
0
0
0
0
0
0
0
0
0
0
0
0
0
0
0
0
0
0
0
0
0
0
0
0
0
0
0
0
0
0
0
0
0
0
0
0
0
0
0
0
0
0
0
0
0
0
0
0
0
0
0
0
0
0
0
0
0
0
0
0
0
0
0
0
0
0
0
0
0
0
0
0
0
0
0
0
0
0
0
0
0
0
0
0
0
0
0
0
0
0
0
0
0
0
0
0
0
0
0
0
0
0
0
0
0
0
0
0
0
0
0
0
0
0
0
0
0
0
0
0
0
0
0
0
0
0
0
0
0
0
0
0
0
0
0
0
0
0
0
0
0
0
0
0
0
0
0
0
0
0
0
0
0
0
0
0
0
0
0
0
0
0
0
0
0
0
0
0
0
0
0
0
0
0
0
0
0
0
0
0
0
0
0
0
0
0
0
0
0
0
0
0
0
0
0
0
0
0
0
0
0
0
0
0
0
0
0
0
0
0
0
0
0
0
0
0
0
0
0
0
0
0
0
0
0
0
0
0
0
0
0
0
0
0
0
0
0
0
0
0
0
0
0
0
0
0
0
0
0
0
0
0
0
0
0
0
0
0
0
0
0
0
0
0
0
0
0
0
0
0
0
0
0
0
0
0
0
0
0
0
0
0
0
0
0
0
0
0
0
0
0
0
0
0
0
0
0
0
0
0
0
0
0
0
0
0
0
0
0
0
0
0
0
0
0
0
0
0
0
0
0
0
0
0
0
0
0
0
0
0
0
0
0
0
0
0
0
0
0
0
0
0
0
0
0
0
0
0
0
0
0
0
0
0
0
0
0
0
0
0
0
0
0
0
0
0
0
0
0
0
0
0
0
0
0
0
0
0
0
0
0
0
0
0
0
0
0
0
0
0
0
0
0
0
0
0
0
0
0
0
0
0
0
0
0
0
0
0
0
0
0
0
0
0
0
0
0
0
0
0
0
0
0
0
0
0
0
0
0
0
0
0
0
0
0
0
0
0
0
0
0
0
0
0
0
0
0
0
0
0
0
0
0
0
0
0
0
0
0
0
0
0
0
0
0
0
0
0
0
0
0
0
0
0
0
0
0
0
0
0
0
0
0
0
0
0
0
0
0
0
0
0
0
0
0
0
0
0
0
0
0
0
0
0
0
0
0
0
0
0
0
0
0
0
0
0
0
0
0
0
0
0
0
0
0
0
0
0
0
0
0
0
0
0
0
0
0
0
0
0
0
0
0
0
0
0
0
0
0
0
0
0
0
0
0
0
0
0
0
0
0
0
0
0
0
0
0
0
0
0
0
0
0
0
0
0
0
0
0
0
0
0
0
0
0
0
0
0
0
0
0
0
0
0
0
0
0
0
0
0
0
0
0
0
0
0
0
0
0
0
0
0
0
0
0
0
0
0
0
0
0
0
0
0
0
0
0
0
0
0
0
0
0
0
0
0
0
0
0
0
0
0
0
0
0
0
0
0
0
0
0
0
0
0
0
0
0
0
0
0
0
0
0
0
0
0
0
0
0
0
0
0
0
0
0
0
0
0
0
0
0
0
0
0
0
0
0
0
0
0
0
0
0
0
0
0
0
0
0
0
0
0
0
0
0
0
0
0
0
0
0
0
0
0
0
0
0
0
0
0
0
0
0
0
0
0
0
0
0
0
0
0
0
0
0
0
0
0
0
0
0
0
0
0
0
0
0
0
0
0
0
0
0
0
0
0
0
0
0
0
0
0
0
0
0
0
0
0
0
0
0
0
0
0
0
0
0
0
0
0
0
0
0
0
0
0
0
0
0
0
0
0
0
0
0
0
0
0
0
0
0
0
0
0
0
0
0
0
0
0
0
0
0
0
0
0
0
0
0
0
0
0
0
0
0
0
0
0
0
0
0
0
0
0
0
0
0
0
0
0
0
0
0
0
0
0
0
0
0
0
0
0
0
0
0
0
0
0
0
0
0
0
0
0
0
0
0
0
0
0
0
0
0
0
0
0
0
0
0
0
0
0
0
0
0
0
0
0
0
0
0
0
0
0
0
0
0
0
0
0
0
0
0
0
0
0
0
0
0
0
0
0
0
0
0
0
0
0
0
0
0
0
0
0
0
0
0
0
0
0
0
0
0
0
0
0
0
0
0
0
0
0
0
0
0
0
0
0
0
0
0
0
0
0
0
0
0
0
0
0
0
0
0
0
0
0
0
0
0
0
0
0
0
0
0
0
0
0
0
0
0
0
0
0
0
0
0
0
0
0
0
0
0
0
0
0
0
0
0
0
0
0
0
0
0
0
0
0
0
0
0
0
0
0
0
0
0
0
0
0
0
0
0
0
0
0
0
0
0
0
0
0
0
0
0
0
0
0
0
0
0
0
0
0
0
0
0
0
0
0
0
0
0
0
0
0
0
0
0
0
0
0
0
0
0
0
0
0
0
0
0
0
0
0
0
0
0
0
0
0
0
0
0
0
0
0
0
0
0
0
0
0
0
0
0
0
0
0
0
0
0
0
0
0
0
0
0
0
0
0
0
0
0
0
0
0
0
0
0
0
0
0
0
0
0
0
0
0
0
0
0
0
0
0
0
0
0
0
0
0
0
0
0
0
0
0
0
0
0
0
0
0
0
0
0
0
0
0
0
0
0
0
0
0
0
0
0
0
0
0
0
0
0
0
0
0
0
0
0
0
0
0
0
0
0
0
0
0
0
0
0
0
0
0
0
0
0
0
0
0
0
0
0
0
0
0
0
0
0
0
0
0
0
0
0
0
0
0
0
0
0
0
0
0
0
0
0
0
0
0
0
0
0
0
0
0
0
0
0
0
0
0
0
0
0
0
0
0
0
0
0
0
0
0
0
0
0
0
0
0
0
0
0
0
0
0
0
0
0
0
0
0
0
0
0
0
0
0
0
0
0
0
0
0
0
0
0
0
0
0
0
0
0
0
0
0
0
0
0
0
0
0
0
0
0
0
0
0
0
0
0
0
0
0
0
0
0
0
0
0
0
0
0
0
0
0
0
0
0
0
0
0
0
0
0
0
0
0
0
0
0
0
0
0
0
0
0
0
0
0
0
0
0
0
0
0
0
0
0
0
0
0
0
0
0
0
0
0
0
0
0
0
0
0
0
0
0
0
0
0
0
0
0
0
0
0
0
0
0
0
0
0
0
0
0
0
0
0
0
0
0
0
0
0
0
0
0
0
0
0
0
0
0
0
0
0
0
0
0
0
0
0
0
0
0
0
0
0
0
0
0
0
0
0
0
0
0
0
0
0
0
0
0
0
0
0
0
0
0
0
0
0
0
0
0
0
0
0
0
0
0
0
0
0
0
0
0
0
0
0
0
0
0
0
0
0
0
0
0
0
0
0
0
0
0
0
0
0
0
0
0
0
0
0
0
0
0
0
0
0
0
0
0
0
0
0
0
0
0
0
0
0
0
0
0
0
0
0
0
0
0
0
0
0
0
0
0
0
0
0
0
0
0
0
0
0
0
0
0
0
0
0
0
0
0
0
0
0
0
0
0
0
0
0
0
0
0
0
0
0
0
0
0
0
0
0
0
0
0
0
0
0
0
0
0
0
0
0
0
0
0
0
0
0
0
0
0
0
0
0
0
0
0
0
0
0
0
0
0
0
0
0
0
0
0
0
0
0
0
0
0
0
0
0
0
0
0
0
0
0
0
0
0
0
0
0
0
0
0
0
0
0
0
0
0
0
0
0
0
0
0
0
0
0
0
0
0
0
0
0
0
0
0
0
0
0
0
0
0
0
0
0
0
0
0
0
0
0
0
0
0
0
0
0
0
0
0
0
0
0
0
0
0
0
0
0
0
0
0
0
0
0
0
0
0
0
0
0
0
0
0
0
0
0
0
0
0
0
0
0
0
0
0
0
0
0
0
0
0
0
0
0
0
0
0
0
0
0
0
0
0
0
0
0
0
0
0
0
0
0
0
0
0
0
0
0
0
0
0
0
0
0
0
0
0
0
0
0
0
0
0
0
0
0
0
0
0
0
0
0
0
0
0
0
0
0
0
0
0
0
0
0
0
0
0
0
0
0
0
0
0
0
0
0
0
0
0
0
0
0
0
0
0
0
0
0
0
0
0
0
0
0
0
0
0
0
0
0
0
0
0
0
0
0
0
0
0
0
0
0
0
0
0
0
0
0
0
0
0
0
0
0
0
0
0
0
0
0
0
0
0
0
0
0
0
0
0
0
0
0
0
0
0
0
0
0
0
0
0
0
0
0
0
0
0
0
0
0
0
0
0
0
0
0
0
0
0
0
0
0
0
0
0
0
0
0
0
0
0
0
0
0
0
0
0
0
0
0
0
0
0
0
0
0
0
0
0
0
0
0
0
0
0
0
0
0
0
0
0
0
0
0
0
0
0
0
0
0
0
0
0
0
0
0
0
0
0
0
0
0
0
0
0
0
0
0
0
0
0
0
0
0
0
0
0
0
0
0
0
0
0
0
0
0
0
0
0
0
0
0
0
0
0
0
0
0
0
0
0
0
0
0
0
0
0
0
0
0
0
0
0
0
0
0
0
0
0
0
0
0
0
0
0
0
0
0
0
0
0
0
0
0
0
0
0
0
0
0
0
0
0
0
0
0
0
0
0
0
0
0
0
0
0
0
0
0
0
0
0
0
0
0
0
0
0
0
0
0
0
0
0
0
0
0
0
0
0
0
0
0
0
0
0
0
0
0
0
0
0
0
0
0
0
0
0
0
0
0
0
0
0
0
0
0
0
0
0
0
0
0
0
0
0
0
0
0
0
0
0
0
0
0
0
0
0
0
0
0
0
0
0
0
0
0
0
0
0
0
0
0
0
0
0
0
0
0
0
0
0
0
0
0
0
0
0
0
0
0
0
0
0
0
0
0
0
0
0
0
0
0
0
0
0
0
0
0
0
0
0
0
0
0
0
0
0
0
0
0
0
0
0
0
0
0
0
0
0
0
0
0
0
0
0
0
0
0
0
0
0
0
0
0
0
0
0
0
0
0
0
0
0
0
0
0
0
0
0
0
0
0
0
0
0
0
0
0
0
0
0
0
0
0
0
0
0
0
0
0
0
0
0
0
0
0
0
0
0
0
0
0
0
0
0
0
0
0
0
0
0
0
0
0
0
0
0
0
0
0
0
0
0
0
0
0
0
0
0
0
0
0
0
0
0
0
0
0
0
0
0
0
0
0
0
0
0
0
0
0
0
0
0
0
0
0
0
0
0
0
0
0
0
0
0
0
0
0
0
0
0
0
0
0
0
0
0
0
0
0
0
0
0
0
0
0
0
0
0
0
0
0
0
0
0
0
0
0
0
0
0
0
0
0
0
0
0
0
0
0
0
0
0
0
0
0
0
0
0
0
0
0
0
0
0
0
0
0
0
0
0
0
0
0
0
0
0
0
0
0
0
0
0
0
0
0
0
0
0
0
0
0
0
0
0
0
0
0
0
0
0
0
0
0
0
0
0
0
0
0
0
0
0
0
0
0
0
0
0
0
0
0
0
0
0
0
0
0
0
0
0
0
0
0
0
0
0
0
0
0
0
0
0
0
0
0
0
0
0
0
0
0
0
0
0
0
0
0
0
0
0
0
0
0
0
0
0
0
0
0
0
0
0
0
0
0
0
0
0
0
0
0
0
0
0
0
0
0
0
0
0
0
0
0
0
0
0
0
0
0
0
0
0
0
0
0
0
0
0
0
0
0
0
0
0
0
0
0
0
0
0
0
0
0
0
0
0
0
0
0
0
0
0
0
0
0
0
0
0
0
0
0
0
0
0
0
0
0
0
0
0
0
0
0
0
0
0
0
0
0
0
0
0
0
0
0
0
0
0
0
0
0
0
0
0
0
0
0
0
0
0
0
0
0
0
0
0
0
0
0
0
0
0
0
0
0
0
0
0
0
0
0
0
0
0
0
0
0
0
0
0
0
0
0
0
0
0
0
0
0
0
0
0
0
0
0
0
0
0
0
0
0
0
0
0
0
0
0
0
0
0
0
0
0
0
0
0
0
0
0
0
0
0
0
0
0
0
0
0
0
0
0
0
0
0
0
0
0
0
0
0
0
0
0
0
0
0
0
0
0
0
0
0
0
0
0
0
0
0
0
0
0
0
0
0
0
0
0
0
0
0
0
0
0
0
0
0
0
0
0
0
0
0
0
0
0
0
0
0
0
0
0
0
0
0
0
0
0
0
0
0
0
0
0
0
0
0
0
0
0
0
0
0
0
0
0
0
0
0
0
0
0
0
0
0
0
0
0
0
0
0
0
0
0
0
0
0
0
0
0
0
0
0
0
0
0
0
0
0
0
0
0
0
0
0
0
0
0
0
0
0
0
0
0
0
0
0
0
0
0
0
0
0
0
0
0
0
0
0
0
0
0
0
0
0
0
0
0
0
0
0
0
0
0
0
0
0
0
0
0
0
0
0
0
0
0
0
0
0
0
0
0
0
0
0
0
0
0
0
0
0
0
0
0
0
0
0
0
0
0
0
0
0
0
0
0
0
0
0
0
0
0
0
0
0
0
0
0
0
0
0
0
0
0
0
0
0
0
0
0
0
0
0
0
0
0
0
0
0
0
0
0
0
0
0
0
0
0
0
0
0
0
0
0
0
0
0
0
0
0
0
0
0
0
0
0
0
0
0
0
0
0
0
0
0
0
0
0
0
0
0
0
0
0
0
0
0
0
0
0
0
0
0
0
0
0
0
0
0
0
0
0
0
0
0
0
0
0
0
0
0
0
0
0
0
0
0
0
0
0
0
0
0
0
0
0
0
0
0
0
0
0
0
0
0
0
0
0
0
0
0
0
0
0
0
0
0
0
0
0
0
0
0
0
0
0
0
0
0
0
0
0
0
0
0
0
0
0
0
0
0
0
0
0
0
0
0
0
0
0
0
0
0
0
0
0
0
0
0
0
0
0
0
0
0
0
0
0
0
0
0
0
0
0
0
0
0
0
0
0
0
0
0
0
0
0
0
0
0
0
0
0
0
0
0
0
0
0
0
0
0
0
0
0
0
0
0
0
0
0
0
0
0
0
0
0
0
0
0
0
0
0
0
0
0
0
0
0
0
0
0
0
0
0
0
0
0
0
0
0
0
0
0
0
0
0
0
0
0
0
0
0
0
0
0
0
0
0
0
0
0
0
0
0
0
0
0
0
0
0
0
0
0
0
0
0
0
0
0
0
0
0
0
0
0
0
0
0
0
0
0
0
0
0
0
0
0
0
0
0
0
0
0
0
0
0
0
0
0
0
0
0
0
0
0
0
0
0
0
0
0
0
0
0
0
0
0
0
0
0
0
0
0
0
0
0
0
0
0
0
0
0
0
0
0
0
0
0
0
0
0
0
0
0
0
0
0
0
0
0
0
0
0
0
0
0
0
0
0
0
0
0
0
0
0
0
0
0
0
0
0
0
0
0
0
0
0
0
0
0
0
0
0
0
0
0
0
0
0
0
0
0
0
0
0
0
0
0
0
0
0
0
0
0
0
0
0
0
0
0
0
0
0
0
0
0
0
0
0
0
0
0
0
0
0
0
0
0
0
0
0
0
0
0
0
0
0
0
0
0
0
0
0
0
0
0
0
0
0
0
0
0
0
0
0
0
0
0
0
0
0
0
0
0
0
0
0
0
0
0
0
0
0
0
0
0
0
0
0
0
0
0
0
0
0
0
0
0
0
0
0
0
0
0
0
0
0
0
0
0
0
0
0
0
0
0
0
0
0
0
0
0
0
0
0
0
0
0
0
0
0
0
0
0
0
0
0
0
0
0
0
0
0
0
0
0
0
0
0
0
0
0
0
0
0
0
0
0
0
0
0
0
0
0
0
0
0
0
0
0
0
0
0
0
0
0
0
0
0
0
0
0
0
0
0
0
0
0
0
0
0
0
0
0
0
0
0
0
0
0
0
0
0
0
0
0
0
0
0
0
0
0
0
0
0
0
0
0
0
0
0
0
0
0
0
0
0
0
0
0
0
0
0
0
0
0
0
0
0
0
0
0
0
0
0
0
0
0
0
0
0
0
0
0
0
0
0
0
0
0
0
0
0
0
0
0
0
0
0
0
0
0
0
0
0
0
0
0
0
0
0
0
0
0
0
0
0
0
0
0
0
0
0
0
0
0
0
0
0
0
0
0
0
0
0
0
0
0
0
0
0
0
0
0
0
0
0
0
0
0
0
0
0
0
0
0
0
0
0
0
0
0
0
0
0
0
0
0
0
0
0
0
0
0
0
0
0
0
0
0
0
0
0
0
0
0
0
0
0
0
0
0
0
0
0
0
0
0
0
0
0
0
0
0
0
0
0
0
0
0
0
0
0
0
0
0
0
0
0
0
0
0
0
0
0
0
0
0
0
0
0
0
0
0
0
0
0
0
0
0
0
0
0
0
0
0
0
0
0
0
0
0
0
0
0
0
0
0
0
0
0
0
0
0
0
0
0
0
0
0
0
0
0
0
0
0
0
0
0
0
0
0
0
0
0
0
0
0
0
0
0
0
0
0
0
0
0
0
0
0
0
0
0
0
0
0
0
0
0
0
0
0
0
0
0
0
0
0
0
0
0
0
0
0
0
0
0
0
0
0
0
0
0
0
0
0
0
0
0
0
0
0
0
0
0
0
0
0
0
0
0
0
0
0
0
0
0
0
0
0
0
0
0
0
0
0
0
0
0
0
0
0
0
0
0
0
0
0
0
0
0
0
0
0
0
0
0
0
0
0
0
0
0
0
0
0
0
0
0
0
0
0
0
0
0
0
0
0
0
0
0
0
0
0
0
0
0
0
0
0
0
0
0
0
0
0
0
0
0
0
0
0
0
0
0
0
0
0
0
0
0
0
0
0
0
0
0
0
0
0
0
0
0
0
0
0
0
0
0
0
0
0
0
0
0
0
0
0
0
0
0
0
0
0
0
0
0
0
0
0
0
0
0
0
0
0
0
0
0
0
0
0
0
0
0
0
0
0
0
0
0
0
0
0
0
0
0
0
0
0
0
0
0
0
0
0
0
0
0
0
0
0
0
0
0
0
0
0
0
0
0
0
0
0
0
0
0
0
0
0
0
0
0
0
0
0
0
0
0
0
0
0
0
0
0
0
0
0
0
0
0
0
0
0
0
0
0
0
0
0
0
0
0
0
0
0
0
0
0
0
0
0
0
0
0
0
0
0
0
0
0
0
0
0
0
0
0
0
0
0
0
0
0
0
0
0
0
0
0
0
0
0
0
0
0
0
0
0
0
0
0
0
0
0
0
0
0
0
0
0
0
0
0
0
0
0
0
0
0
0
0
0
0
0
0
0
0
0
0
0
0
0
0
0
0
0
0
0
0
0
0
0
0
0
0
0
0
0
0
0
0
0
0
0
0
0
0
0
0
0
0
0
0
0
0
0
0
0
0
0
0
0
0
0
0
0
0
0
0
0
0
0
0
0
0
0
0
0
0
0
0
0
0
0
0
0
0
0
0
0
0
0
0
0
0
0
0
0
0
0
0
0
0
0
0
0
0
0
0
0
0
0
0
0
0
0
0
0
0
0
0
0
0
0
0
0
0
0
0
0
0
0
0
0
0
0
0
0
0
0
0
0
0
0
0
0
0
0
0
0
0
0
0
0
0
0
0
0
0
0
0
0
0
0
0
0
0
0
0
0
0
0
0
0
0
0
0
0
0
0
0
0
0
0
0
0
0
0
0
0
0
0
0
0
0
0
0
0
0
0
0
0
0
0
0
0
0
0
0
0
0
0
0
0
0
0
0
0
0
0
0
0
0
0
0
0
0
0
0
0
0
0
0
0
0
0
0
0
0
0
0
0
0
0
0
0
0
0
0
0
0
0
0
0
0
0
0
0
0
0
0
0
0
0
0
0
0
0
0
0
0
0
0
0
0
0
0
0
0
0
0
0
0
0
0
0
0
0
0
0
0
0
0
0
0
0
0
0
0
0
0
0
0
0
0
0
0
0
0
0
0
0
0
0
0
0
0
0
0
0
0
0
0
0
0
0
0
0
0
0
0
0
0
0
0
0
0
0
0
0
0
0
0
0
0
0
0
0
0
0
0
0
0
0
0
0
0
0
0
