-344
71
-2058
1141
-2908
-3036
-3293
-263
632
-2425
2418
-2534
-3349
-4075
19
887
-121
599
-3900
-2982
-2574
-3372
-12759
-242
980
-5377
-2619
-3709
-3958
-14131
260
854
-559
40
-3377
688
-4354
-3615
-3343
-432
575
-4212
1597
-3387
-4561
-4699
46
850
59
246
-3644
-3666
230
-3376
-15839
-201
-598
-4864
-3362
-2622
-3947
-13074
300
-537
-552
-41
-3234
920
-3321
-3872
-3220
-434
202
-3400
907
-3184
-3473
-1859
-82
415
154
-109
-2365
-3007
-1104
-3185
-17916
-43
-79
-3962
-2406
-2837
-2870
-21337
238
-408
-368
-252
-3192
623
-3026
-3430
-2859
-383
331
-3412
275
-3106
-3089
-532
-155
526
114
114
-515
-2528
-1981
-2871
-20310
-55
109
-2606
-2350
-3267
-2531
-25246
180
310
-305
316
-3030
-143
-1575
-3113
-2694
-247
947
-3496
-769
-2877
-3348
69
-217
887
16
-247
266
-2820
-2886
-2691
-17732
-106
-263
-2368
-2904
-3756
-2782
-20807
51
22
-316
213
-2774
-218
-1595
-2630
-2317
-283
1177
-3920
-548
-2626
-3230
-414
-157
585
61
185
-292
-2120
-1754
-2292
-19517
-99
882
-1822
-3075
-3427
-2705
-20574
-5
1375
-301
109
-3011
247
-1662
-2734
-2614
-260
1319
-3042
-240
-2304
-2600
-648
-58
908
-14
346
-1225
-2663
-1926
-2637
-18538
29
609
-1552
-2575
-3267
-2284
-23338
112
550
-223
278
-3426
1793
-1784
-3243
-3175
-157
863
-3483
1157
-2269
-3625
-1562
-63
222
-163
-1075
-1676
-3522
-3490
-3065
-15767
-209
-1038
-2478
-2922
-4973
-3303
-19699
108
-737
-96
195
-1948
2350
-1781
-1729
-2088
-84
-33
-2303
3869
-2679
-2734
-3989
26
711
-105
944
-3247
-2748
-2168
-2065
-18140
-136
758
-5276
-980
-3052
-2548
-18271
254
636
-210
406
-3014
1330
-2995
-2753
-2461
-240
-377
-2929
2969
-2778
-2953
-3113
101
860
106
693
-2242
-3692
89
-2304
-19693
-157
-493
-3709
-1447
-1891
-1658
-23052
422
-775
-337
771
-3128
3412
-2421
-3552
-3248
-354
362
-3631
3425
-2285
-3824
-3557
-62
667
125
-691
-3755
-4084
-3114
-3266
-16851
-31
-972
-5356
-1652
-4765
-3232
-18935
375
-1062
-320
838
-3037
4130
-4342
-4144
-3962
-496
425
-3724
3918
-3909
-4898
-4623
-69
603
14
-237
-4174
-4639
-4210
-4065
-14055
53
-959
-6174
-3515
-5395
-4812
-15418
343
-586
-341
916
-3014
3251
-4347
-3967
-3601
-492
-69
-3898
3173
-4404
-5399
-4090
-57
-317
-6
-295
-2469
-4290
-3912
-3577
-15535
-8
-178
-5676
-4655
-4456
-4714
-15204
176
-152
-346
1274
-3051
2516
-2855
-3066
-2570
-385
58
-4129
2922
-3886
-4060
-3104
-135
177
55
-641
-1234
-2766
-3056
-2561
-20333
-17
456
-3660
-2816
-3804
-3271
-20890
175
1084
-402
764
-3407
3005
-2255
-2614
-2408
-342
180
-4591
2268
-4177
-3493
-674
-212
476
58
-517
-1562
-3425
-2871
-2484
-22091
86
-144
-4206
-1953
-4934
-3291
-23230
204
77
-286
209
-3913
2592
-3284
-3382
-3242
-158
110
-4460
2214
-4072
-4035
-1304
56
-26
-196
-577
-2134
-4296
-1627
-3156
-17708
-158
-790
-4650
-2359
-3702
-3833
-19514
77
-681
-12
-348
-2580
1867
-1818
-738
-2049
-97
162
-2794
2765
-2848
-1232
-2263
-38
210
-101
398
-1368
-2147
-3202
-2078
-15061
-203
-281
-2608
-951
-3788
-1862
-18041
84
-424
-5
-437
-2020
885
-1320
88
-1728
-290
552
-3546
1165
-1646
-1573
-2101
-121
22
214
701
-1376
-1607
-2970
-1480
-18168
40
46
-3338
-1597
-3874
-1629
-15550
159
185
-35
725
-756
-1396
-1420
-1523
-3207
-362
1519
-958
-2397
-3104
-2098
-2119
-6
441
110
-193
-928
-3399
-5656
-3154
-20680
-33
1219
-1886
-1995
-6212
-3243
-23179
103
1098
-175
1639
1400
-2310
-4134
-3298
-4268
-413
2789
2283
-3191
-5885
-3984
-4041
-5
2503
21
483
-1232
-5618
-5506
-4375
-21033
44
-1078
-3735
-3864
-6461
-4603
-23295
285
-913
-201
-530
10
1047
-3650
-1486
-2191
-414
891
-640
661
-4187
-4430
-3313
-168
1008
149
223
-2056
-3223
-2470
-2144
-22008
107
-814
-5833
-5055
-4259
-3756
-16351
214
-1126
-286
-563
-1819
1276
-2147
-894
-1898
-381
95
-1955
1456
-2240
-2604
-2818
-85
354
131
-253
-2304
-2903
-1341
-1906
-19587
0
-337
-4315
-2734
-2076
-2129
-20082
96
-343
-203
26
-2375
1287
-1699
-214
-2123
-341
-100
-3056
775
-2383
-2079
-2400
-48
-89
46
-622
-3127
-4041
-1654
-2273
-21261
15
-1059
-4988
-2126
-3024
-2662
-21630
149
-577
-108
-135
-2770
3034
-2197
-406
-2243
-204
-73
-3172
3263
-1696
-2558
-3000
117
-292
-79
-399
-3296
-3611
-2441
-2252
-18188
-242
-122
-4816
-2777
-3841
-2780
-18106
-78
87
52
-333
-3316
1519
-1886
36
-2423
-22
-1256
-3590
2775
-2260
-1537
-2635
49
-1337
-155
333
-1572
-2658
-3365
-2329
-15511
-361
-698
-1980
-1728
-4881
-2624
-18556
-224
-1113
-72
-20
-3186
65
-1583
400
-2745
-270
675
-4454
749
-1601
-1508
-3101
93
-386
140
1215
-1676
-3103
-3489
-2590
-16796
-34
404
-2479
-2500
-5047
-2782
-16457
69
779
-193
175
-991
-4540
-3170
-2436
-4491
-276
-408
-1939
-3968
-4961
-4012
-3514
157
-419
-125
2373
250
-4934
-6529
-4641
-18910
-54
3360
-1740
-5299
-8275
-5604
-19346
83
3322
-150
-194
2023
-6353
-5744
-4028
-5306
-231
-496
1562
-6796
-7237
-5987
-3828
58
-390
-160
494
652
-5598
-5820
-5279
-15222
-46
-741
-3275
-7369
-7513
-6457
-13889
165
-824
-363
281
-147
-2002
-3199
-2265
-2332
-345
307
-1641
-1464
-5091
-4480
-1652
-236
-39
130
-418
-1051
-2179
-995
-2354
-24287
91
-1284
-4963
-5545
-2697
-3865
-19781
138
-1542
-464
1223
-2143
232
-1463
-2732
-2764
-376
1393
-2889
1427
-4100
-3512
-2530
-104
824
163
567
-3235
-2050
-2136
-2685
-23277
8
615
-5500
-3851
-1618
-3096
-24221
41
420
-292
1479
-3507
1868
-1360
-2720
-3441
-360
3055
-3797
2923
-3822
-3243
-3565
-35
2364
-89
-282
-3593
-4490
-3172
-3473
-20589
-65
-533
-4881
-3327
-3258
-3570
-25069
182
248
-236
326
-2416
2697
-2028
-1178
-1827
-303
391
-4310
3660
-3665
-3956
-3536
-9
533
-170
-153
-1869
-2603
-2545
-1878
-23072
-269
-309
-3145
-3859
-4215
-3989
-18800
-89
-240
-29
-68
-1515
1478
-1349
-677
-1546
-25
15
-2346
1956
-2578
-2348
-2290
-64
-63
-120
1354
-1565
-1621
-2644
-1499
-20528
-263
907
-1850
-1741
-4265
-2956
-21590
-94
73
-149
367
-4091
2434
-3746
-1507
-3591
-264
563
-3624
3297
-3190
-1812
-3600
44
611
149
819
-2595
-4004
-3936
-3558
-12979
24
-86
-3380
-2196
-4656
-2193
-20146
150
2
-124
-401
-3551
-365
-2755
-984
-3753
-124
-540
-4202
-316
-2898
-2573
-2166
70
36
141
1724
-495
-4070
-5619
-3781
-16772
-15
1051
-2155
-3026
-6760
-3386
-21195
79
1026
45
-603
-1622
-1353
-3530
-1410
-3206
50
-997
-4398
-3044
-4857
-5106
-785
-32
-824
88
489
1003
-2926
-4682
-3164
-22158
-17
-503
-2406
-5324
-7388
-4977
-16073
37
-772
-153
408
-3327
74
-4359
-2399
-3086
-141
49
-4374
603
-3890
-3741
-2580
-116
-1696
375
481
-1595
-1711
-2640
-3166
-20213
23
523
-2839
-4357
-2772
-3387
-22587
69
777
-565
1476
-6444
7626
-5793
-5448
-5109
-370
2368
-7946
8554
-7162
-7148
-7301
-52
892
167
1890
-7258
-3809
-6195
-5007
-22231
83
3160
-8728
-7095
-6243
-7151
-20227
61
3416
-628
2568
-11783
14090
-10848
-11526
-10751
-376
4341
-11244
15426
-10724
-10297
-12895
114
4201
-258
-235
-13095
-10549
-11334
-10777
3559
138
-263
-13870
-9373
-11593
-11552
-2573
395
-150
-385
1691
-6685
8312
-5766
-5025
-4799
-404
2097
-8721
9858
-7186
-6845
-7058
2
2084
-144
-1361
-6349
-4603
-6045
-4722
-23574
-77
-2129
-8175
-6110
-8434
-7052
-20543
159
-1674
-269
-109
-285
37
-3779
-1688
-3148
-312
676
-408
439
-3572
-2942
-3132
-115
990
41
2161
-2733
-2251
-4680
-3323
-14857
36
1069
-4661
-2956
-5667
-4387
-16326
246
734
-360
-466
-1900
892
-4665
-684
-2958
-484
128
-2066
1421
-4764
-1927
-3221
-129
946
410
1498
-1346
-2708
-4263
-2973
-16411
213
-509
-3985
-3126
-4789
-2414
-19201
301
233
-241
-385
-2968
-164
-5586
-588
-3183
-358
-352
-4443
-281
-5473
-2780
-2147
-102
170
478
1258
287
-3006
-3829
-3177
-18846
127
137
-2800
-2987
-6177
-3854
-17631
230
232
18
-4
-4004
-1492
-5798
-1199
-4720
-106
-380
-4663
-2860
-4535
-3211
-1646
-29
-413
402
-9
-9
-3447
-5930
-4732
-18706
86
-2268
-1666
-2876
-8108
-4292
-22507
133
-2184
48
120
-4176
2024
-4286
-1476
-3356
-101
183
-4366
1710
-2922
-2906
-2956
-57
598
377
-34
-2690
-1346
-5006
-3499
-19238
-11
293
-2693
-2846
-5791
-3179
-23676
-65
778
-264
-907
-7331
8856
-7732
-6335
-6053
-446
-1744
-7810
9804
-6604
-6979
-7069
35
-1282
204
1942
-7899
-5053
-7232
-6022
-15706
6
2837
-9219
-6465
-8522
-7166
-19896
77
4001
-470
-2649
-11940
15855
-12086
-11899
-11688
-422
-3589
-12574
16917
-11204
-12002
-13746
224
-3695
-224
-577
-13963
-11719
-13725
-11550
7804
209
-111
-15564
-11367
-16231
-13344
6478
403
-116
-412
-1189
-6747
9057
-6521
-5173
-5157
-446
-2441
-7624
10003
-5761
-5836
-5964
60
-1887
-41
-1956
-7376
-4850
-5996
-4873
-20900
-75
-3128
-9321
-4152
-9211
-5926
-23316
123
-3406
-238
-1012
-127
-3010
-3452
-1669
-3114
-193
-1160
209
-2193
-2856
-2479
-2304
-44
-1414
-66
1304
-1718
-3050
-2340
-3186
-14136
-106
1016
-3347
-2778
-3672
-3118
-17362
141
1007
-333
-1690
-1559
-881
-4065
-1920
-2876
-457
-1508
-1933
-36
-4254
-3157
-2304
-153
-1816
377
1704
-1709
-3244
-1600
-2830
-15662
72
-519
-4507
-4125
-3539
-2598
-17054
244
-114
-293
-955
-2340
-643
-3828
-917
-2211
-478
-789
-4117
275
-4505
-3220
-1657
-208
-1180
510
2018
-1518
-1685
-1237
-2253
-16647
86
223
-4691
-4432
-3579
-3673
-11761
194
464
-230
-510
-2259
-3804
-4571
50
-3476
-333
-960
-2998
-3720
-4566
-2140
-30
-130
-1640
392
115
259
-2914
-3193
-3285
-20383
182
-614
-2898
-4244
-5756
-3981
-20929
177
-994
-186
-430
-2633
-4524
-4641
-1227
-4093
-277
577
-3852
-5376
-5436
-3710
246
-36
574
195
-216
3289
-3727
-6037
-4042
-22668
49
176
-1558
-5111
-7856
-4880
-23084
45
110
-232
-153
-2656
-445
-2826
-1718
-2649
-509
1
-3348
259
-4182
-3138
-1318
-185
3
198
182
516
-2747
-4278
-2740
-22051
107
-626
-2893
-3869
-5326
-3534
-22967
44
115
-386
-1522
-3617
2852
-3093
-3133
-3286
-708
-2350
-5649
2885
-5857
-4870
-2022
-165
-2156
72
-1313
-2545
-3825
-3616
-3185
-17815
126
-807
-5932
-4710
-6731
-5155
-11741
278
-902
-331
-791
-843
1014
-2492
-1951
-1921
-342
-1260
-1307
1274
-3188
-2566
-821
-42
-1250
-24
-526
-2026
-1748
-2078
-1805
-19208
-164
-356
-4117
-1281
-3609
-2686
-21624
100
-804
-25
-270
-584
-2285
-1231
-280
-1612
-114
-526
-81
-1851
-1909
-1545
-1355
-118
-654
-203
105
-2427
-2188
223
-1533
-15225
-298
39
-2110
-1747
-1425
-1584
-16803
53
167
-97
-647
-1075
-884
-660
-135
-1628
-288
-531
-766
-534
-1730
-1680
-2411
-130
-775
41
-43
-2636
-2325
-956
-1414
-16060
-396
-545
-2037
-2128
-2486
-1462
-16941
14
-374
-167
-738
-1146
-809
-1154
323
-1474
-287
-656
-1313
-419
-1671
-1338
-1418
-227
-818
238
671
-2394
-1424
-917
-1283
-13057
-299
546
-2566
-2532
-2559
-1543
-13187
26
411
-138
-1169
-1059
-3164
-1875
-306
-2200
-252
-736
-1227
-3257
-2995
-1696
315
-124
-196
187
14
-669
-2476
-1529
-2059
-17441
-208
761
-2052
-3353
-2901
-2161
-20527
113
900
-30
-1693
-1910
-5128
-3260
-2571
-3664
-234
-1337
-2454
-4747
-5512
-3608
-561
-64
-1381
-53
-812
1330
-3774
-2443
-3575
-18915
-250
22
-497
-4681
-4001
-3551
-22149
-37
515
-99
-403
-1961
-2869
-1351
-1241
-1921
-283
-425
-2429
-1861
-3126
-1972
-810
-100
-894
6
-732
389
-2067
-999
-1889
-20836
-240
-1733
-647
-2614
-2276
-1567
-23399
-20
-1717
-275
723
-2285
-2018
-946
-555
-1799
-377
931
-2959
-1632
-2754
-1523
-1411
-196
487
5
-304
-1846
-2009
362
-1768
-14875
-96
-323
-2841
-2082
-1128
-1886
-13636
215
-163
-202
-67
-1234
-2549
-1400
-536
-1630
-250
-61
-1079
-1902
-2182
-1237
-1757
-80
-262
-124
-606
-931
-2079
-28
-1578
-13066
-349
-526
-1118
-1565
-1044
-2042
-14538
23
-649
0
0
0
0
0
0
0
0
0
0
0
-1721
183
-1570
-1460
-1348
0
0
0
0
0
0
0
0
0
0
0
-859
-1152
-503
-1376
-18298
0
0
0
0
0
0
0
0
0
0
0
-2741
-373
-1993
-1656
-1800
0
0
0
0
0
0
0
0
0
0
0
-1570
-1717
408
-1780
-18354
0
0
0
0
0
0
0
0
0
0
0
-2536
32
-1876
-2243
-1943
0
0
0
0
0
0
0
0
0
0
0
-1054
-697
-1364
-1813
-20169
0
0
0
0
0
0
0
0
0
0
0
-3045
-735
-2181
-2564
-2259
0
0
0
0
0
0
0
0
0
0
0
91
107
-2378
-2074
-19444
0
0
0
0
0
0
0
0
0
0
0
-3278
-967
-1633
-2887
-2402
0
0
0
0
0
0
0
0
0
0
0
1004
-943
-2800
-2226
-15328
0
0
0
0
0
0
0
0
0
0
0
-1958
-865
-1212
-1831
-1452
0
0
0
0
0
0
0
0
0
0
0
143
-125
-1783
-1322
-20042
0
0
0
0
0
0
0
0
0
0
0
-2265
-1016
-1254
-2456
-2384
0
0
0
0
0
0
0
0
0
0
0
-1000
-1929
-1711
-2267
-15332
0
0
0
0
0
0
0
0
0
0
0
-1909
512
-881
-1873
-2018
0
0
0
0
0
0
0
0
0
0
0
-490
-2369
-2423
-1886
-16295
0
0
0
0
0
0
0
0
0
0
0
-1697
617
-1884
383
-1260
0
0
0
0
0
0
0
0
0
0
0
-1027
-1063
-1599
-1195
-18121
0
0
0
0
0
0
0
0
0
0
0
-2775
-114
-2029
249
-1652
0
0
0
0
0
0
0
0
0
0
0
-1039
-1976
-610
-1470
-19244
0
0
0
0
0
0
0
0
0
0
0
-3126
1814
-1472
-322
-1628
0
0
0
0
0
0
0
0
0
0
0
-2251
-1539
-1743
-1622
-20494
0
0
0
0
0
0
0
0
0
0
0
-3437
2163
-2964
-929
-1754
0
0
0
0
0
0
0
0
0
0
0
-1518
-1378
-1594
-1637
-19859
0
0
0
0
0
0
0
0
0
0
0
-4487
1321
-4169
-1549
-2628
0
0
0
0
0
0
0
0
0
0
0
-175
-1620
-2816
-2476
-15071
0
0
0
0
0
0
0
0
0
0
0
-3255
804
-3049
-1346
-1981
0
0
0
0
0
0
0
0
0
0
0
-309
-255
-2564
-1956
-19096
0
0
0
0
0
0
0
0
0
0
0
-2328
1499
-1622
245
-1274
0
0
0
0
0
0
0
0
0
0
0
-276
-1532
-2475
-1196
-24505
0
0
0
0
0
0
0
0
0
0
0
-2320
1046
-1793
-969
-1553
0
0
0
0
0
0
0
0
0
0
0
-57
-1811
-1351
-1319
-21465
0
0
0
0
0
0
0
0
0
0
0
-973
400
-1641
324
-977
0
0
0
0
0
0
0
0
0
0
0
-64
-545
-2274
-876
-18251
0
0
0
0
0
0
0
0
0
0
0
-1259
-869
-637
406
-1502
0
0
0
0
0
0
0
0
0
0
0
-1801
-1125
-2331
-1445
-17170
0
0
0
0
0
0
0
0
0
0
0
-2075
-1205
-992
-708
-2221
0
0
0
0
0
0
0
0
0
0
0
-969
-2367
-3540
-2403
-21822
0
0
0
0
0
0
0
0
0
0
0
-2774
-494
-2782
-1597
-2503
0
0
0
0
0
0
0
0
0
0
0
1756
-4112
-2967
-2610
-23759
0
0
0
0
0
0
0
0
0
0
0
-3399
266
-3402
-1086
-2586
0
0
0
0
0
0
0
0
0
0
0
134
-2338
-2595
-2440
-15068
0
0
0
0
0
0
0
0
0
0
0
-2766
-101
-1863
-674
-2174
0
0
0
0
0
0
0
0
0
0
0
-952
-1918
-2230
-2026
-14175
0
0
0
0
0
0
0
0
0
0
0
-2835
-134
-471
479
-2139
0
0
0
0
0
0
0
0
0
0
0
-1700
-3605
-2541
-1942
-17029
0
0
0
0
0
0
0
0
0
0
0
-2272
761
-1215
-336
-1891
0
0
0
0
0
0
0
0
0
0
0
-1146
-2661
-2172
-1753
-15264
0
0
0
0
0
0
0
0
0
0
0
-1097
-51
-2096
1049
-1559
0
0
0
0
0
0
0
0
0
0
0
-856
-1217
-3348
-1359
-17498
0
0
0
0
0
0
0
0
0
0
0
-1258
-1539
-600
540
-1933
0
0
0
0
0
0
0
0
0
0
0
-1999
-2348
-3703
-2145
-17741
0
0
0
0
0
0
0
0
0
0
0
-3656
-3156
-1857
-1446
-3351
0
0
0
0
0
0
0
0
0
0
0
858
-3178
-5836
-3456
-20021
0
0
0
0
0
0
0
0
0
0
0
-3979
-3126
-3460
-3490
-3482
0
0
0
0
0
0
0
0
0
0
0
4452
-4171
-4685
-3268
-16856
0
0
0
0
0
0
0
0
0
0
0
-3609
-1911
-2884
-2847
-2706
0
0
0
0
0
0
0
0
0
0
0
1510
-1105
-2619
-2581
-17264
0
0
0
0
0
0
0
0
0
0
0
-2517
-253
-1339
-2154
-2254
0
0
0
0
0
0
0
0
0
0
0
-1454
9
-3234
-2154
-20996
0
0
0
0
0
0
0
0
0
0
0
-1333
866
-531
-1483
-2124
0
0
0
0
0
0
0
0
0
0
0
-2150
-2058
-3433
-1901
-21224
0
0
0
0
0
0
0
0
0
0
0
-905
267
-1543
-1043
-1802
0
0
0
0
0
0
0
0
0
0
0
-1418
-486
-3480
-1512
-17243
0
0
0
0
0
0
0
0
0
0
0
-1536
42
-2316
526
-1405
0
0
0
0
0
0
0
0
0
0
0
-120
-224
-2894
-1215
-18282
0
0
0
0
0
0
0
0
0
0
0
-2458
951
-2456
26
-1877
0
0
0
0
0
0
0
0
0
0
0
-1095
-2568
-2757
-2025
-17199
0
0
0
0
0
0
0
0
0
0
0
-3162
-1046
-2651
1218
-2457
0
0
0
0
0
0
0
0
0
0
0
-49
-3681
-4712
-2663
-20649
0
0
0
0
0
0
0
0
0
0
0
-3242
-1804
-4130
-53
-2902
0
0
0
0
0
0
0
0
0
0
0
1819
-3353
-4711
-2744
-18533
0
0
0
0
0
0
0
0
0
0
0
-4886
-1373
-4689
-1209
-3681
0
0
0
0
0
0
0
0
0
0
0
-879
-726
-4299
-3509
-15059
0
0
0
0
0
0
0
0
0
0
0
-6162
2919
-4803
-4032
-4623
0
0
0
0
0
0
0
0
0
0
0
-5694
-173
-5027
-4783
-17824
0
0
0
0
0
0
0
0
0
0
0
-6149
8882
-5516
-6907
-4894
0
0
0
0
0
0
0
0
0
0
0
-7126
-3732
-3653
-4840
-15069
0
0
0
0
0
0
0
0
0
0
0
-3633
3732
-3631
-3119
-2989
0
0
0
0
0
0
0
0
0
0
0
-4640
128
-3338
-2624
-25662
0
0
0
0
0
0
0
0
0
0
0
-2629
-43
-4108
-813
-2096
0
0
0
0
0
0
0
0
0
0
0
429
-798
-2901
-2026
-16771
0
0
0
0
0
0
0
0
0
0
0
-3300
50
-4298
-581
-2406
0
0
0
0
0
0
0
0
0
0
0
776
-2424
-3365
-2500
-15963
0
0
0
0
0
0
0
0
0
0
0
-3304
-1467
-5481
989
-2755
0
0
0
0
0
0
0
0
0
0
0
641
-2992
-3990
-3040
-18756
0
0
0
0
0
0
0
0
0
0
0
-4533
-1653
-6536
232
-4049
0
0
0
0
0
0
0
0
0
0
0
461
-4387
-5265
-4244
-19358
0
0
0
0
0
0
0
0
0
0
0
-5414
-107
-4634
-971
-3796
0
0
0
0
0
0
0
0
0
0
0
-2361
-586
-4918
-3906
-15135
0
0
0
0
0
0
0
0
0
0
0
-6131
4466
-4975
-3280
-3929
0
0
0
0
0
0
0
0
0
0
0
-5612
-1091
-3917
-4086
-21406
0
0
0
0
0
0
0
0
0
0
0
-6027
10197
-5745
-6285
-4648
0
0
0
0
0
0
0
0
0
0
0
-7184
-5443
-4048
-4536
-15905
0
0
0
0
0
0
0
0
0
0
0
-4569
4317
-4826
-3514
-3428
0
0
0
0
0
0
0
0
0
0
0
-5159
-1369
-2098
-3228
-23917
0
0
0
0
0
0
0
0
0
0
0
-2647
-1590
-3215
-36
-2241
0
0
0
0
0
0
0
0
0
0
0
1329
-2829
-2474
-2037
-16838
0
0
0
0
0
0
0
0
0
0
0
-3148
-757
-3191
-585
-2401
0
0
0
0
0
0
0
0
0
0
0
873
-3294
-2112
-2133
-16308
0
0
0
0
0
0
0
0
0
0
0
-3007
-1520
-4215
728
-2297
0
0
0
0
0
0
0
0
0
0
0
-477
-1239
-2778
-2056
-15583
0
0
0
0
0
0
0
0
0
0
0
-5127
-3609
-6151
674
-4089
0
0
0
0
0
0
0
0
0
0
0
829
-3853
-4640
-3951
-15354
0
0
0
0
0
0
0
0
0
0
0
-6249
-3683
-5535
-1975
-4591
0
0
0
0
0
0
0
0
0
0
0
3584
-3718
-6080
-4634
-16299
0
0
0
0
0
0
0
0
0
0
0
-3677
-839
-2513
-1426
-2733
0
0
0
0
0
0
0
0
0
0
0
407
-1334
-4200
-2654
-18531
0
0
0
0
0
0
0
0
0
0
0
-1223
1210
-1793
-1228
-1472
0
0
0
0
0
0
0
0
0
0
0
-1503
-1754
-1831
-1504
-21857
0
0
0
0
0
0
0
0
0
0
0
-1164
124
-2223
-1549
-1488
0
0
0
0
0
0
0
0
0
0
0
-1061
-489
-1040
-1406
-18566
0
0
0
0
0
0
0
0
0
0
0
-1705
-1597
-1196
1339
-1291
0
0
0
0
0
0
0
0
0
0
0
-217
-2226
-1311
-1198
-15477
0
0
0
0
0
0
0
0
0
0
0
-1589
-878
-1073
1744
-1102
0
0
0
0
0
0
0
0
0
0
0
-953
-2216
-1459
-922
-17127
0
0
0
0
0
0
0
0
0
0
0
-1694
-928
-1863
1270
-1217
0
0
0
0
0
0
0
0
0
0
0
-1132
-1304
-1393
-1042
-13452
0
0
0
0
0
0
0
0
0
0
0
-3802
-2748
-3624
408
-2737
0
0
0
0
0
0
0
0
0
0
0
796
-2932
-2482
-2572
-13298
0
0
0
0
0
0
0
0
0
0
0
-4435
-3428
-4091
-1970
-3013
0
0
0
0
0
0
0
0
0
0
0
3639
-2533
-3551
-2750
-18273
0
0
0
0
0
0
0
0
0
0
0
-2928
-2317
-2128
-710
-2001
0
0
0
0
0
0
0
0
0
0
0
1208
-1284
-2304
-1817
-18454
0
0
0
0
0
0
0
0
0
0
0
-1418
-1454
-426
-38
-909
0
0
0
0
0
0
0
0
0
0
0
-1077
-1067
-244
-880
-18414
0
0
0
0
0
0
0
0
0
0
0
-1159
-2172
-1629
-727
-1398
0
0
0
0
0
0
0
0
0
0
0
-523
-1182
-523
-1303
-12779
0
0
0
0
0
0
0
0
0
0
0
0
0
0
0
0
0
0
0
0
0
0
0
0
0
0
0
0
0
0
0
0
0
0
0
0
0
0
0
0
0
0
0
0
0
0
0
0
0
0
0
0
0
0
0
0
0
0
0
0
0
0
0
0
0
0
0
0
0
0
0
0
0
0
0
0
0
0
0
0
0
0
0
0
0
0
0
0
0
0
0
0
0
0
0
0
0
0
0
0
0
0
0
0
0
0
0
0
0
0
0
0
0
0
0
0
0
0
0
0
0
0
0
0
0
0
0
0
0
0
0
0
0
0
0
0
0
0
0
0
0
0
0
0
0
0
0
0
0
0
0
0
0
0
0
0
0
0
0
0
0
0
0
0
0
0
0
0
0
0
0
0
0
0
0
0
0
0
0
0
0
0
0
0
0
0
0
0
0
0
0
0
0
0
0
0
0
0
0
0
0
0
0
0
0
0
0
0
0
0
0
0
0
0
0
0
0
0
0
0
0
0
0
0
0
0
0
0
0
0
0
0
0
0
0
0
0
0
0
0
0
0
0
0
0
0
0
0
0
0
0
0
0
0
0
0
0
0
0
0
0
0
0
0
0
0
0
0
0
0
0
0
0
0
0
0
0
0
0
0
0
0
0
0
0
0
0
0
0
0
0
0
0
0
0
0
0
0
0
0
0
0
0
0
0
0
0
0
0
0
0
0
0
0
0
0
0
0
0
0
0
0
0
0
0
0
0
0
0
0
0
0
0
0
0
0
0
0
0
0
0
0
0
0
0
0
0
0
0
0
0
0
0
0
0
0
0
0
0
0
0
0
0
0
0
0
0
0
0
0
0
0
0
0
0
0
0
0
0
0
0
0
0
0
0
0
0
0
0
0
0
0
0
0
0
0
0
0
0
0
0
0
0
0
0
0
0
0
0
0
0
0
0
0
0
0
0
0
0
0
0
0
0
0
0
0
0
0
0
0
0
0
0
0
0
0
0
0
0
0
0
0
0
0
0
0
0
0
0
0
0
0
0
0
0
0
0
0
0
0
0
0
0
0
0
0
0
0
0
0
0
0
0
0
0
0
0
0
0
0
0
0
0
0
0
0
0
0
0
0
0
0
0
0
0
0
0
0
0
0
0
0
0
0
0
0
0
0
0
0
0
0
0
0
0
0
0
0
0
0
0
0
0
0
0
0
0
0
0
0
0
0
0
0
0
0
0
0
0
0
0
0
0
0
0
0
0
0
0
0
0
0
0
0
0
0
0
0
0
0
0
0
0
0
0
0
0
0
0
0
0
0
0
0
0
0
0
0
0
0
0
0
0
0
0
0
0
0
0
0
0
0
0
0
0
0
0
0
0
0
0
0
0
0
0
0
0
0
0
0
0
0
0
0
0
0
0
0
0
0
0
0
0
0
0
0
0
0
0
0
0
0
0
0
0
0
0
0
0
0
0
0
0
0
0
0
0
0
0
0
0
0
0
0
0
0
0
0
0
0
0
0
0
0
0
0
0
0
0
0
0
0
0
0
0
0
0
0
0
0
0
0
0
0
0
0
0
0
0
0
0
0
0
0
0
0
0
0
0
0
0
0
0
0
0
0
0
0
0
0
0
0
0
0
0
0
0
0
0
0
0
0
0
0
0
0
0
0
0
0
0
0
0
0
0
0
0
0
0
0
0
0
0
0
0
0
0
0
0
0
0
0
0
0
0
0
0
0
0
0
0
0
0
0
0
0
0
0
0
0
0
0
0
0
0
0
0
0
0
0
0
0
0
0
0
0
0
0
0
0
0
0
0
0
0
0
0
0
0
0
0
0
0
0
0
0
0
0
0
0
0
0
0
0
0
0
0
0
0
0
0
0
0
0
0
0
0
0
0
0
0
0
0
0
0
0
0
0
0
0
0
0
0
0
0
0
0
0
0
0
0
0
0
0
0
0
0
0
0
0
0
0
0
0
0
0
0
0
0
0
0
0
0
0
0
0
0
0
0
0
0
0
0
0
0
0
0
0
0
0
0
0
0
0
0
0
0
0
0
0
0
0
0
0
0
0
0
0
0
0
0
0
0
0
0
0
0
0
0
0
0
0
0
0
0
0
0
0
0
0
0
0
0
0
0
0
0
0
0
0
0
0
0
0
0
0
0
0
0
0
0
0
0
0
0
0
0
0
0
0
0
0
0
0
0
0
0
0
0
0
0
0
0
0
0
0
0
0
0
0
0
0
0
0
0
0
0
0
0
0
0
0
0
0
0
0
0
0
0
0
0
0
0
0
0
0
0
0
0
0
0
0
0
0
0
0
0
0
0
0
0
0
0
0
0
0
0
0
0
0
0
0
0
0
0
0
0
0
0
0
0
0
0
0
0
0
0
0
0
0
0
0
0
0
0
0
0
0
0
0
0
0
0
0
0
0
0
0
0
0
0
0
0
0
0
0
0
0
0
0
0
0
0
0
0
0
0
0
0
0
0
0
0
0
0
0
0
0
0
0
0
0
0
0
0
0
0
0
0
0
0
0
0
0
0
0
0
0
0
0
0
0
0
0
0
0
0
0
0
0
0
0
0
0
0
0
0
0
0
0
0
0
0
0
0
0
0
0
0
0
0
0
0
0
0
0
0
0
0
0
0
0
0
0
0
0
0
0
0
0
0
0
0
0
0
0
0
0
0
0
0
0
0
0
0
0
0
0
0
0
0
0
0
0
0
0
0
0
0
0
0
0
0
0
0
0
0
0
0
0
0
0
0
0
0
0
0
0
0
0
0
0
0
0
0
0
0
0
0
0
0
0
0
0
0
0
0
0
0
0
0
0
0
0
0
0
0
0
0
0
0
0
0
0
0
0
0
0
0
0
0
0
0
0
0
0
0
0
0
0
0
0
0
0
0
0
0
0
0
0
0
0
0
0
0
0
0
0
0
0
0
0
0
0
0
0
0
0
0
0
0
0
0
0
0
0
0
0
0
0
0
0
0
0
0
0
0
0
0
0
0
0
0
0
0
0
0
0
0
0
0
0
0
0
0
0
0
0
0
0
0
0
0
0
0
0
0
0
0
0
0
0
0
0
0
0
0
0
0
0
0
0
0
0
0
0
0
0
0
0
0
0
0
0
0
0
0
0
0
0
0
0
0
0
0
0
0
0
0
0
0
0
0
0
0
0
0
0
0
0
0
0
0
0
0
0
0
0
0
0
0
0
0
0
0
0
0
0
0
0
0
0
0
0
0
0
0
0
0
0
0
0
0
0
0
0
0
0
0
0
0
0
0
0
0
0
0
0
0
0
0
0
0
0
0
0
0
0
0
0
0
0
0
0
0
0
0
0
0
0
0
0
0
0
0
0
0
0
0
0
0
0
0
0
0
0
0
0
0
0
0
0
0
0
0
0
0
0
0
0
0
0
0
0
0
0
0
0
0
0
0
0
0
0
0
0
0
0
0
0
0
0
0
0
0
0
0
0
0
0
0
0
0
0
0
0
0
0
0
0
0
0
0
0
0
0
0
0
0
0
0
0
0
0
0
0
0
0
0
0
0
0
0
0
0
0
0
0
0
0
0
0
0
0
0
0
0
0
0
0
0
0
0
0
0
0
0
0
0
0
0
0
0
0
0
0
0
0
0
0
0
0
0
0
0
0
0
0
0
0
0
0
0
0
0
0
0
0
0
0
0
0
0
0
0
0
0
0
0
0
0
0
0
0
0
0
0
0
0
0
0
0
0
0
0
0
0
0
0
0
0
0
0
0
0
0
0
0
0
0
0
0
0
0
0
0
0
0
0
0
0
0
0
0
0
0
0
0
0
0
0
0
0
0
0
0
0
0
0
0
0
0
0
0
0
0
0
0
0
0
0
0
0
0
0
0
0
0
0
0
0
0
0
0
0
0
0
0
0
0
0
0
0
0
0
0
0
0
0
0
0
0
0
0
0
0
0
0
0
0
0
0
0
0
0
0
0
0
0
0
0
0
0
0
0
0
0
0
0
0
0
0
0
0
0
0
0
0
0
0
0
0
0
0
0
0
0
0
0
0
0
0
0
0
0
0
0
0
0
0
0
0
0
0
0
0
0
0
0
0
0
0
0
0
0
0
0
0
0
0
0
0
0
0
0
0
0
0
0
0
0
0
0
0
0
0
0
0
0
0
0
0
0
0
0
0
0
0
0
0
0
0
0
0
0
0
0
0
0
0
0
0
0
0
0
0
0
0
0
0
0
0
0
0
0
0
0
0
0
0
0
0
0
0
0
0
0
0
0
0
0
0
0
0
0
0
0
0
0
0
0
0
0
0
0
0
0
0
0
0
0
0
0
0
0
0
0
0
0
0
0
0
0
0
0
0
0
0
0
0
0
0
0
0
0
0
0
0
0
0
0
0
0
0
0
0
0
0
0
0
0
0
0
0
0
0
0
0
0
0
0
0
0
0
0
0
0
0
0
0
0
0
0
0
0
0
0
0
0
0
0
0
0
0
0
0
0
0
0
0
0
0
0
0
0
0
0
0
0
0
0
0
0
0
0
0
0
0
0
0
0
0
0
0
0
0
0
0
0
0
0
0
0
0
0
0
0
0
0
0
0
0
0
0
0
0
0
0
0
0
0
0
0
0
0
0
0
0
0
0
0
0
0
0
0
0
0
0
0
0
0
0
0
0
0
0
0
0
0
0
0
0
0
0
0
0
0
0
0
0
0
0
0
0
0
0
0
0
0
0
0
0
0
0
0
0
0
0
0
0
0
0
0
0
0
0
0
0
0
0
0
0
0
0
0
0
0
0
0
0
0
0
0
0
0
0
0
0
0
0
0
0
0
0
0
0
0
0
0
0
0
0
0
0
0
0
0
0
0
0
0
0
0
0
0
0
0
0
0
0
0
0
0
0
0
0
0
0
0
0
0
0
0
0
0
0
0
0
0
0
0
0
0
0
0
0
0
0
0
0
0
0
0
0
0
0
0
0
0
0
0
0
0
0
0
0
0
0
0
0
0
0
0
0
0
0
0
0
0
0
0
0
0
0
0
0
0
0
0
0
0
0
0
0
0
0
0
0
0
0
0
0
0
0
0
0
0
0
0
0
0
0
0
0
0
0
0
0
0
0
0
0
0
0
0
0
0
0
0
0
0
0
0
0
0
0
0
0
0
0
0
0
0
0
0
0
0
0
0
0
0
0
0
0
0
0
0
0
0
0
0
0
0
0
0
0
0
0
0
0
0
0
0
0
0
0
0
0
0
0
0
0
0
0
0
0
0
0
0
0
0
0
0
0
0
0
0
0
0
0
0
0
0
0
0
0
0
0
0
0
0
0
0
0
0
0
0
0
0
0
0
0
0
0
0
0
0
0
0
0
0
0
0
0
0
0
0
0
0
0
0
0
0
0
0
0
0
0
0
0
0
0
0
0
0
0
0
0
0
0
0
0
0
0
0
0
0
0
0
0
0
0
0
0
0
0
0
0
0
0
0
0
0
0
0
0
0
0
0
0
0
0
0
0
0
0
0
0
0
0
0
0
0
0
0
0
0
0
0
0
0
0
0
0
0
0
0
0
0
0
0
0
0
0
0
0
0
0
0
0
0
0
0
0
0
0
0
0
0
0
0
0
0
0
0
0
0
0
0
0
0
0
0
0
0
0
0
0
0
0
0
0
0
0
0
0
0
0
0
0
0
0
0
0
0
0
0
0
0
0
0
0
0
0
0
0
0
0
0
0
0
0
0
0
0
0
0
0
0
0
0
0
0
0
0
0
0
0
0
0
0
0
0
0
0
0
0
0
0
0
0
0
0
0
0
0
0
0
0
0
0
0
0
0
0
0
0
0
0
0
0
0
0
0
0
0
0
0
0
0
0
0
0
0
0
0
0
0
0
0
0
0
0
0
0
0
0
0
0
0
0
0
0
0
0
0
0
0
0
0
0
0
0
0
0
0
0
0
0
0
0
0
0
0
0
0
0
0
0
0
0
0
0
0
0
0
0
0
0
0
0
0
0
0
0
0
0
0
0
0
0
0
0
0
0
0
0
0
0
0
0
0
0
0
0
0
0
0
0
0
0
0
0
0
0
0
0
0
0
0
0
0
0
0
0
0
0
0
0
0
0
0
0
0
0
0
0
0
0
0
0
0
0
0
0
0
0
0
0
0
0
0
0
0
0
0
0
0
0
0
0
0
0
0
0
0
0
0
0
0
0
0
0
0
0
0
0
0
0
0
0
0
0
0
0
0
0
0
0
0
0
0
0
0
0
0
0
0
0
0
0
0
0
0
0
0
0
0
0
0
0
0
0
0
0
0
0
0
0
0
0
0
0
0
0
0
0
0
0
0
0
0
0
0
0
0
0
0
0
0
0
0
0
0
0
0
0
0
0
0
0
0
0
0
0
0
0
0
0
0
0
0
0
0
0
0
0
0
0
0
0
0
0
0
0
0
0
0
0
0
0
0
0
0
0
0
0
0
0
0
0
0
0
0
0
0
0
0
0
0
0
0
0
0
0
0
0
0
0
0
0
0
0
0
0
0
0
0
0
0
0
0
0
0
0
0
0
0
0
0
0
0
0
0
0
0
0
0
0
0
0
0
0
0
0
0
0
0
0
0
0
0
0
0
0
0
0
0
0
0
0
0
0
0
0
0
0
0
0
0
0
0
0
0
0
0
0
0
0
0
0
0
0
0
0
0
0
0
0
0
0
0
0
0
0
0
0
0
0
0
0
0
0
0
0
0
0
0
0
0
0
0
0
0
0
0
0
0
0
0
0
0
0
0
0
0
0
0
0
0
0
0
0
0
0
0
0
0
0
0
0
0
0
0
0
0
0
0
0
0
0
0
0
0
0
0
0
0
0
0
0
0
0
0
0
0
0
0
0
0
0
0
0
0
0
0
0
0
0
0
0
0
0
0
0
0
0
0
0
0
0
0
0
0
0
0
0
0
0
0
0
0
0
0
0
0
0
0
0
0
0
0
0
0
0
0
0
0
0
0
0
0
0
0
0
0
0
0
0
0
0
0
0
0
0
0
0
0
0
0
0
0
0
0
0
0
0
0
0
0
0
0
0
0
0
0
0
0
0
0
0
0
0
0
0
0
0
0
0
0
0
0
0
0
0
0
0
0
0
0
0
0
0
0
0
0
0
0
0
0
0
0
0
0
0
0
0
0
0
0
0
0
0
0
0
0
0
0
0
0
0
0
0
0
0
0
0
0
0
0
0
0
0
0
0
0
0
0
0
0
0
0
0
0
0
0
0
0
0
0
0
0
0
0
0
0
0
0
0
0
0
0
0
0
0
0
0
0
0
0
0
0
0
0
0
0
0
0
0
0
0
0
0
0
0
0
0
0
0
0
0
0
0
0
0
0
0
0
0
0
0
0
0
0
0
0
0
0
0
0
0
0
0
0
0
0
0
0
0
0
0
0
0
0
0
0
0
0
0
0
0
0
0
0
0
0
0
0
0
0
0
0
0
0
0
0
0
0
0
0
0
0
0
0
0
0
0
0
0
0
0
0
0
0
0
0
0
0
0
0
0
0
0
0
0
0
0
0
0
0
0
0
0
0
0
0
0
0
0
0
0
0
0
0
0
0
0
0
0
0
0
0
0
0
0
0
0
0
0
0
0
0
0
0
0
0
0
0
0
0
0
0
0
0
0
0
0
0
0
0
0
0
0
0
0
0
0
0
0
0
0
0
0
0
0
0
0
0
0
0
0
0
0
0
0
0
0
0
0
0
0
0
0
0
0
0
0
0
0
0
0
0
0
0
0
0
0
0
0
0
0
0
0
0
0
0
0
0
0
0
0
0
0
0
0
0
0
0
0
0
0
0
0
0
0
0
0
0
0
0
0
0
0
0
0
0
0
0
0
0
0
0
0
0
0
0
0
0
0
0
0
0
0
0
0
0
0
0
0
0
0
0
0
0
0
0
0
0
0
0
0
0
0
0
0
0
0
0
0
0
0
0
0
0
0
0
0
0
0
0
0
0
0
0
0
0
0
0
0
0
0
0
0
0
0
0
0
0
0
0
0
0
0
0
0
0
0
0
0
0
0
0
0
0
0
0
0
0
0
0
0
0
0
0
0
0
0
0
0
0
0
0
0
0
0
0
0
0
0
0
0
0
0
0
0
0
0
0
0
0
0
0
0
0
0
0
0
0
0
0
0
0
0
0
0
0
0
0
0
0
0
0
0
0
0
0
0
0
0
0
0
0
0
0
0
0
0
0
0
0
0
0
0
0
0
0
0
0
0
0
0
0
0
0
0
0
0
0
0
0
0
0
0
0
0
0
0
0
0
0
0
0
0
0
0
0
0
0
0
0
0
0
0
0
0
0
0
0
0
0
0
0
0
0
0
0
0
0
0
0
0
0
0
0
0
0
0
0
0
0
0
0
0
0
0
0
0
0
0
0
0
0
0
0
0
0
0
0
0
0
0
0
0
0
0
0
0
0
0
0
0
0
0
0
0
0
0
0
0
0
0
0
0
0
0
0
0
0
0
0
0
0
0
0
0
0
0
0
0
0
0
0
0
0
0
0
0
0
0
0
0
0
0
0
0
0
0
0
0
0
0
0
0
0
0
0
0
0
0
0
0
0
0
0
0
0
0
0
0
0
0
0
0
0
0
0
0
0
0
0
0
0
0
0
0
0
0
0
0
0
0
0
0
0
0
0
0
0
0
0
0
0
0
0
0
0
0
0
0
0
0
0
0
0
0
0
0
0
0
0
0
0
0
0
0
0
0
0
0
0
0
0
0
0
0
0
0
0
0
0
0
0
0
0
0
0
0
0
0
0
0
0
0
0
0
0
0
0
0
0
0
0
0
0
0
0
0
0
0
0
0
0
0
0
0
0
0
0
0
0
0
0
0
0
0
0
0
0
0
0
0
0
0
0
0
0
0
0
0
0
0
0
0
0
0
0
0
0
0
0
0
0
0
0
0
0
0
0
0
0
0
0
0
0
0
0
0
0
0
0
0
0
0
0
0
0
0
0
0
0
0
0
0
0
0
0
0
0
0
0
0
0
0
0
0
0
0
0
0
0
0
0
0
0
0
0
0
0
0
0
0
0
0
0
0
0
0
0
0
0
0
0
0
0
0
0
0
0
0
0
0
0
0
0
0
0
0
0
0
0
0
0
0
0
0
0
0
0
0
0
0
0
0
0
0
0
0
0
0
0
0
0
0
0
0
0
0
0
0
0
0
0
0
0
0
0
0
0
0
0
0
0
0
0
0
0
0
0
0
0
0
0
0
0
0
0
0
0
0
0
0
0
0
0
0
0
0
0
0
0
0
0
0
0
0
0
0
0
0
0
0
0
0
0
0
0
0
0
0
0
0
0
0
0
0
0
0
0
0
0
0
0
0
0
0
0
0
0
0
0
0
0
0
0
0
0
0
0
0
0
0
0
0
0
0
0
0
0
0
0
0
0
0
0
0
0
0
0
0
0
0
0
0
0
0
0
0
0
0
0
0
0
0
0
0
0
0
0
0
0
0
0
0
0
0
0
0
0
0
0
0
0
0
0
0
0
0
0
0
0
0
0
0
0
0
0
0
0
0
0
0
0
0
0
0
0
0
0
0
0
0
0
0
0
0
0
0
0
0
0
0
0
0
0
0
0
0
0
0
0
0
0
0
0
0
0
0
0
0
0
0
0
0
0
0
0
0
0
0
0
0
0
0
0
0
0
0
0
0
0
0
0
0
0
0
0
0
0
0
0
0
0
0
0
0
0
0
0
0
0
0
0
0
0
0
0
0
0
0
0
0
0
0
0
0
0
0
0
0
0
0
0
0
0
0
0
0
0
0
0
0
0
0
0
0
0
0
0
0
0
0
0
0
0
0
0
0
0
0
0
0
0
0
0
0
0
0
0
0
0
0
0
0
0
0
0
0
0
0
0
0
0
0
0
0
0
0
0
0
0
0
0
0
0
0
0
0
0
0
0
0
0
0
0
0
0
0
0
0
0
0
0
0
0
0
0
0
0
0
0
0
0
0
0
0
0
0
0
0
0
0
0
0
0
0
0
0
0
0
0
0
0
0
0
0
0
0
0
0
0
0
0
0
0
0
0
0
0
0
0
0
0
0
0
0
0
0
0
0
0
0
0
0
0
0
0
0
0
0
0
0
0
0
0
0
0
0
0
0
0
0
0
0
0
0
0
0
0
0
0
0
0
0
0
0
0
0
0
0
0
0
0
0
0
0
0
0
0
0
0
0
0
0
0
0
0
0
0
0
0
0
0
0
0
0
0
0
0
0
0
0
0
0
0
0
0
0
0
0
0
0
0
0
0
0
0
0
0
0
0
0
0
0
0
0
0
0
0
0
0
0
0
0
0
0
0
0
0
0
0
0
0
0
0
0
0
0
0
0
0
0
0
0
0
0
0
0
0
0
0
0
0
0
0
0
0
0
0
0
0
0
0
0
0
0
0
0
0
0
0
0
0
0
0
0
0
0
0
0
0
0
0
0
0
0
0
0
0
0
0
0
0
0
0
0
0
0
0
0
0
0
0
0
0
0
0
0
0
0
0
0
0
0
0
0
0
0
0
0
0
0
0
0
0
0
0
0
0
0
0
0
0
0
0
0
0
0
0
0
0
0
0
0
0
0
0
0
0
0
0
0
0
0
0
0
0
0
0
0
0
0
0
0
0
0
0
0
0
0
0
0
0
0
0
0
0
0
0
0
0
0
0
0
0
0
0
0
0
0
0
0
0
0
0
0
0
0
0
0
0
0
0
0
0
0
0
0
0
0
0
0
0
0
0
0
0
0
0
0
0
0
0
0
0
0
0
0
0
0
0
0
0
0
0
0
0
0
0
0
0
0
0
0
0
0
0
0
0
0
0
0
0
0
0
0
0
0
0
0
0
0
0
0
0
0
0
0
0
0
0
0
0
0
0
0
0
0
0
0
0
0
0
0
0
0
0
0
0
0
0
0
0
0
0
0
0
0
0
0
0
0
0
0
0
0
0
0
0
0
0
0
0
0
0
0
0
0
0
0
0
0
0
0
0
0
0
0
0
0
0
0
0
0
0
0
0
0
0
0
0
0
0
0
0
0
0
0
0
0
0
0
0
0
0
0
0
0
0
0
0
0
0
0
0
0
0
0
0
0
0
0
0
0
0
0
0
0
0
0
0
0
0
0
0
0
0
0
0
0
0
0
0
0
0
0
0
0
0
0
0
0
0
0
0
0
0
0
0
0
0
0
0
0
0
0
0
0
0
0
0
0
0
0
0
0
0
0
0
0
0
0
0
0
0
0
0
0
0
0
0
0
0
0
0
0
0
0
0
0
0
0
0
0
0
0
0
0
0
0
0
0
0
0
0
0
0
0
0
0
0
0
0
0
0
0
0
0
0
0
0
0
0
0
0
0
0
0
0
0
0
0
0
0
0
0
0
0
0
0
0
0
0
0
0
0
0
0
0
0
0
0
0
0
0
0
0
0
0
0
0
0
0
0
0
0
0
0
0
0
0
0
0
0
0
0
0
0
0
0
0
0
0
0
0
0
0
0
0
0
0
0
0
0
0
0
0
0
0
0
0
0
0
0
0
0
0
0
0
0
0
0
0
0
0
0
0
0
0
0
0
0
0
0
0
0
0
0
0
0
0
0
0
0
0
0
0
0
0
0
0
0
0
0
0
0
0
0
0
0
0
0
0
0
0
0
0
0
0
0
0
0
0
0
0
0
0
0
0
0
0
0
0
0
0
0
0
0
0
0
0
0
0
0
0
0
0
0
0
0
0
0
0
0
0
0
0
0
0
0
0
0
0
0
0
0
0
0
0
0
0
0
0
0
0
0
0
0
0
0
0
0
0
0
0
0
0
0
0
0
0
0
0
0
0
0
0
0
0
0
0
0
0
0
0
0
0
0
0
0
0
0
0
0
0
0
0
0
0
0
0
0
0
0
0
0
0
0
0
0
0
0
0
0
0
0
0
0
0
0
0
0
0
0
0
0
0
0
0
0
0
0
0
0
0
0
0
0
0
0
0
0
0
0
0
0
0
0
0
0
0
0
0
0
0
0
0
0
0
0
0
0
0
0
0
0
0
0
0
0
0
0
0
0
0
0
0
0
0
0
0
0
0
0
0
0
0
0
0
0
0
0
0
0
0
0
0
0
0
0
0
0
0
0
0
0
0
0
0
0
0
0
0
0
0
0
0
0
0
0
0
0
0
0
0
0
0
0
0
0
0
0
0
0
0
0
0
0
0
0
0
0
0
0
0
0
0
0
0
0
0
0
0
0
0
0
0
0
0
0
0
0
0
0
0
0
0
0
0
0
0
0
0
0
0
0
0
0
0
0
0
0
0
0
0
0
0
0
0
0
0
0
0
0
0
0
0
0
0
0
0
0
0
0
0
0
0
0
0
0
0
0
0
0
0
0
0
0
0
0
0
0
0
0
0
0
0
0
0
0
0
0
0
0
0
0
0
0
0
0
0
0
0
0
0
0
0
0
0
0
0
0
0
0
0
0
0
0
0
0
0
0
0
0
0
0
0
0
0
0
0
0
0
0
0
0
0
0
0
0
0
0
0
0
0
0
0
0
0
0
0
0
0
0
0
0
0
0
0
0
0
0
0
0
0
0
0
0
0
0
0
0
0
0
0
0
0
0
0
0
0
0
0
0
0
0
0
0
0
0
0
0
0
0
0
0
0
0
0
0
0
0
0
0
0
0
0
0
0
0
0
0
0
0
0
0
0
0
0
0
0
0
0
0
0
0
0
0
0
0
0
0
0
0
0
0
0
0
0
0
0
0
0
0
0
0
0
0
0
0
0
0
0
0
0
0
0
0
0
0
0
0
0
0
0
0
0
0
0
0
0
0
0
0
0
0
0
0
0
0
0
0
0
0
0
0
0
0
0
0
0
0
0
0
0
0
0
0
0
0
0
0
0
0
0
0
0
0
0
0
0
0
0
0
0
0
0
0
0
0
0
0
0
0
0
0
0
0
0
0
0
0
0
0
0
0
0
0
0
0
0
0
0
0
0
0
0
0
0
0
0
0
0
0
0
0
0
0
0
0
0
0
0
0
0
0
0
0
0
0
0
0
0
0
0
0
0
0
0
0
0
0
0
0
0
0
0
0
0
0
0
0
0
0
0
0
0
0
0
0
0
0
0
0
0
0
0
0
0
0
0
0
0
0
0
0
0
0
0
0
0
0
0
0
0
0
0
0
0
0
0
0
0
0
0
0
0
0
0
0
0
0
0
0
0
0
0
0
0
0
0
0
0
0
0
0
0
0
0
0
0
0
0
0
0
0
0
0
0
0
0
0
0
0
0
0
0
0
0
0
0
0
0
0
0
0
0
0
0
0
0
0
0
0
0
0
0
0
0
0
0
0
0
0
0
0
0
0
0
0
0
0
0
0
0
0
0
0
0
0
0
0
0
0
0
0
0
0
0
0
0
0
0
0
0
0
0
0
0
0
0
0
0
0
0
0
0
0
0
0
0
0
0
0
0
0
0
0
0
0
0
0
0
0
0
0
0
0
0
0
0
0
0
0
0
0
0
0
0
0
0
0
0
0
0
0
0
0
0
0
0
0
0
0
0
0
0
0
0
0
0
0
0
0
0
0
0
0
0
0
0
0
0
0
0
0
0
0
0
0
0
0
0
0
0
0
0
0
0
0
0
0
0
0
0
0
0
0
0
0
0
0
0
0
0
0
0
0
0
0
0
0
0
0
0
0
0
0
0
0
0
0
0
0
0
0
0
0
0
0
0
0
0
0
0
0
0
0
0
0
0
0
0
0
0
0
0
0
0
0
0
0
0
0
0
0
0
0
0
0
0
0
0
0
0
0
0
0
0
0
0
0
0
0
0
0
0
0
0
0
0
0
0
0
0
0
0
0
0
0
0
0
0
0
0
0
0
0
0
0
0
0
0
0
0
0
0
0
0
0
0
0
0
0
0
0
0
0
0
0
0
0
0
0
0
0
0
0
0
0
0
0
0
0
0
0
0
0
0
0
0
0
0
0
0
0
0
0
0
0
0
0
0
0
0
0
0
0
0
0
0
0
0
0
0
0
0
0
0
0
0
0
0
0
0
0
0
0
0
0
0
0
0
0
0
0
0
0
0
0
0
0
0
0
0
0
0
0
0
0
0
0
0
0
0
0
0
0
0
0
0
0
0
0
0
0
0
0
0
0
0
0
0
0
0
0
0
0
0
0
0
0
0
0
0
0
0
0
0
0
0
0
0
0
0
0
0
0
0
0
0
0
0
0
0
0
0
0
0
0
0
0
0
0
0
0
0
0
0
0
0
0
0
0
0
0
0
0
0
0
0
0
0
0
0
0
0
0
0
0
0
0
0
0
0
0
0
0
0
0
0
0
0
0
0
0
0
0
0
0
0
0
0
0
0
0
0
0
0
0
0
0
0
0
0
0
0
0
0
0
0
0
0
0
0
0
0
0
0
0
0
0
0
0
0
0
0
0
0
0
0
0
0
0
0
0
0
0
0
0
0
0
0
0
0
0
0
0
0
0
0
0
0
0
0
0
0
0
0
0
0
0
0
0
0
0
0
0
0
0
0
0
0
0
0
0
0
0
0
0
0
0
0
0
0
0
0
0
0
0
0
0
0
0
0
0
0
0
0
0
0
0
0
0
0
0
0
0
0
0
0
0
0
0
0
0
0
0
0
0
0
0
0
0
0
0
0
0
0
0
0
0
0
0
0
0
0
0
0
0
0
0
0
0
0
0
0
0
0
0
0
0
0
0
0
0
0
0
0
0
0
0
0
0
0
0
0
0
0
0
0
0
0
0
0
0
0
0
0
0
0
0
0
0
0
0
0
0
0
0
0
0
0
0
0
0
0
0
0
0
0
0
0
0
0
0
0
0
0
0
0
0
0
0
0
0
0
0
0
0
0
0
0
0
0
0
0
0
0
0
0
0
0
0
0
0
0
0
0
0
0
0
0
0
0
0
0
0
0
0
0
0
0
0
0
0
0
0
0
0
0
0
0
0
0
0
0
0
0
0
0
0
0
0
0
0
0
0
0
0
0
0
0
0
0
0
0
0
0
0
0
0
0
0
0
0
0
0
0
0
0
0
0
0
0
0
0
0
0
0
0
0
0
0
0
0
0
0
0
0
0
0
0
0
0
0
0
0
0
0
0
0
0
0
0
0
0
0
0
0
0
0
0
0
0
0
0
0
0
0
0
0
0
0
0
0
0
0
0
0
0
0
0
0
0
0
0
0
0
0
0
0
0
0
0
0
0
0
0
0
0
0
0
0
0
0
0
0
0
0
0
0
0
0
0
0
0
0
0
0
0
0
0
0
0
0
0
0
0
0
0
0
0
0
0
0
0
0
0
0
0
0
0
0
0
0
0
0
0
0
0
0
0
0
0
0
0
0
0
0
0
0
0
0
0
0
0
0
0
0
0
0
0
0
0
0
0
0
0
0
0
0
0
0
0
0
0
0
0
0
0
0
0
0
0
0
0
0
0
0
0
0
0
0
0
0
0
0
0
0
0
0
0
0
0
0
0
0
0
0
0
0
0
0
0
0
0
0
0
0
0
0
0
0
0
0
0
0
0
0
0
0
0
0
0
0
0
0
0
0
0
0
0
0
0
0
0
0
0
0
0
0
0
0
0
0
0
0
0
0
0
0
0
0
0
0
0
0
0
0
0
0
0
0
0
0
0
0
0
0
0
0
0
0
0
0
0
0
0
0
0
0
0
0
0
0
0
0
0
0
0
0
0
0
0
0
0
0
0
0
0
0
0
0
0
0
0
0
0
0
0
0
0
0
0
0
0
0
0
0
0
0
0
0
0
0
0
0
0
0
0
0
0
0
0
0
0
0
0
0
0
0
0
0
0
0
0
0
0
0
0
0
0
0
0
0
0
0
0
0
0
0
0
0
0
0
0
0
0
0
0
0
0
0
0
0
0
0
0
0
0
0
0
0
0
0
0
0
0
0
0
0
0
0
0
0
0
0
0
0
0
0
0
0
0
0
0
0
0
0
0
0
0
0
0
0
0
0
0
0
0
0
0
0
0
0
0
0
0
0
0
0
0
0
0
0
0
0
0
0
0
0
0
0
0
0
0
0
0
0
0
0
0
0
0
0
0
0
0
0
0
0
0
0
0
0
0
0
0
0
0
0
0
0
0
0
0
0
0
0
0
0
0
0
0
0
0
0
0
0
0
0
0
0
0
0
0
0
0
0
0
0
0
0
0
0
0
0
0
0
0
0
0
0
0
0
0
0
0
0
0
0
0
0
0
0
0
0
0
0
0
0
0
0
0
0
0
0
0
0
0
0
0
0
0
0
0
0
0
0
0
0
0
0
0
0
0
0
0
0
0
0
0
0
0
0
0
0
0
0
0
0
0
0
0
0
0
0
0
0
0
0
0
0
0
0
0
0
0
0
0
0
0
0
0
0
0
0
0
0
0
0
0
0
0
0
0
0
0
0
0
0
0
0
0
0
0
0
0
0
0
0
0
0
0
0
0
0
0
0
0
0
0
0
0
0
0
0
0
0
0
0
0
0
0
0
0
0
0
0
0
0
0
0
0
0
0
0
0
0
0
0
0
0
0
0
0
0
0
0
0
0
0
0
0
0
0
0
0
0
0
0
0
0
0
0
0
0
0
0
0
0
0
0
0
0
0
0
0
0
0
0
0
0
0
0
0
0
0
0
0
0
0
0
0
0
0
0
0
0
0
0
0
0
0
0
0
0
0
0
0
0
0
0
0
0
0
0
0
0
0
0
0
0
0
0
0
0
0
0
0
0
0
0
0
0
0
0
0
0
0
0
0
0
0
0
0
0
0
0
0
0
0
0
0
0
0
0
0
0
0
0
0
0
0
0
0
0
0
0
0
0
0
0
0
0
0
0
0
0
0
0
0
0
0
0
0
0
0
0
0
0
0
0
0
0
0
0
0
0
0
0
0
0
0
0
0
0
0
0
0
0
0
0
0
0
0
0
0
0
0
0
0
0
0
0
0
0
0
0
0
0
0
0
0
0
0
0
0
0
0
0
0
0
0
0
0
0
0
0
0
0
0
0
0
0
0
0
0
0
0
0
0
0
0
0
0
0
0
0
0
0
0
0
0
0
0
0
0
0
0
0
0
0
0
0
0
0
0
0
0
0
0
0
0
0
0
0
0
0
0
0
0
0
0
0
0
0
0
0
0
0
0
0
0
0
0
0
0
0
0
0
0
0
0
0
0
0
0
0
0
0
0
0
0
0
0
0
0
0
0
0
0
0
0
0
0
0
0
0
0
0
0
0
0
0
0
0
0
0
0
0
0
0
0
0
0
0
0
0
0
0
0
0
0
0
0
0
0
0
0
0
0
0
0
0
0
0
0
0
0
0
0
0
0
0
0
0
0
0
0
0
0
0
0
0
0
0
0
0
0
0
0
0
0
0
0
0
0
0
0
0
0
0
0
0
0
0
0
0
0
0
0
0
0
0
0
0
0
0
0
0
0
0
0
0
0
0
0
0
0
0
0
0
0
0
0
0
0
0
0
0
0
0
0
0
0
0
0
0
0
0
0
0
0
0
0
0
0
0
0
0
0
0
0
0
0
0
0
0
0
0
0
0
0
0
0
0
0
0
0
0
0
0
0
0
0
0
0
0
0
0
0
0
0
0
0
0
0
0
0
0
0
0
0
0
0
0
0
0
0
0
0
0
0
0
0
0
0
0
0
0
0
0
0
0
0
0
0
0
0
0
0
0
0
0
0
0
0
0
0
0
0
0
0
0
0
0
0
0
0
0
0
0
0
0
0
0
0
0
0
0
0
0
0
0
0
0
0
0
0
0
0
0
0
0
0
0
0
0
0
0
0
0
0
0
0
0
0
0
0
0
0
0
0
0
0
0
0
0
0
0
0
0
0
0
0
0
0
0
0
0
0
0
0
0
0
0
0
0
0
0
0
0
0
0
0
0
0
0
0
0
0
0
0
0
0
0
0
0
0
0
0
0
0
0
0
0
0
0
0
0
0
0
0
0
0
0
0
0
0
0
0
0
0
0
0
0
0
0
0
0
0
0
0
0
0
0
0
0
0
0
0
0
0
0
0
0
0
0
0
0
0
0
0
0
0
0
0
0
0
0
0
0
0
0
0
0
0
0
0
0
0
0
0
0
0
0
0
0
0
0
0
0
0
0
0
0
0
0
0
0
0
0
0
0
0
0
0
0
0
0
0
0
0
0
0
0
0
0
0
0
0
0
0
0
0
0
0
0
0
0
0
0
0
0
0
0
0
0
0
0
0
0
0
0
0
0
0
0
0
0
0
0
0
0
0
0
0
0
0
0
0
0
0
0
0
0
0
0
0
0
0
0
0
0
0
0
0
0
0
0
0
0
0
0
0
0
0
0
0
0
0
0
0
0
0
0
0
0
0
0
0
0
0
0
0
0
0
0
0
0
0
0
0
0
0
0
0
0
0
0
0
0
0
0
0
0
0
0
0
0
0
0
0
0
0
0
0
0
0
0
0
0
0
0
0
0
0
0
0
0
0
0
0
0
0
0
0
0
0
0
0
0
0
0
0
0
0
0
0
0
0
0
0
0
0
0
0
0
0
0
0
0
0
0
0
0
0
0
0
0
0
0
0
0
0
0
0
0
0
0
0
0
0
0
0
0
0
0
0
0
0
0
0
0
0
0
0
0
0
0
0
0
0
0
0
0
0
0
0
0
0
0
0
0
0
0
0
0
0
0
0
0
0
0
0
0
0
0
0
0
0
0
0
0
0
0
0
0
0
0
0
0
0
0
0
0
0
0
0
0
0
0
0
0
0
0
0
0
0
0
0
0
0
0
0
0
0
0
0
0
0
0
0
0
0
0
0
0
0
0
0
0
0
0
0
0
0
0
0
0
0
0
0
0
0
0
0
0
0
0
0
0
0
0
0
0
0
0
0
0
0
0
0
0
0
0
0
0
0
0
0
0
0
0
0
0
0
0
0
0
0
0
0
0
0
0
0
0
0
0
0
0
0
0
0
0
0
0
0
0
0
0
0
0
0
0
0
0
0
0
0
0
0
0
0
0
0
0
0
0
0
0
0
0
0
0
0
0
0
0
0
0
0
0
0
0
0
0
0
0
0
0
0
0
0
0
0
0
0
0
0
0
0
0
0
0
0
0
0
0
0
0
0
0
0
0
0
0
0
0
0
0
0
0
0
0
0
0
0
0
0
0
0
0
0
0
0
0
0
0
0
0
0
0
0
0
0
0
0
0
0
0
0
0
0
0
0
0
0
0
0
0
0
0
0
0
0
0
0
0
0
0
0
0
0
0
0
0
0
0
0
0
0
0
0
0
0
0
0
0
0
0
0
0
0
0
0
0
0
0
0
0
0
0
0
0
0
0
0
0
0
0
0
0
0
0
0
0
0
0
0
0
0
0
0
0
0
0
0
0
0
0
0
0
0
0
0
0
0
0
0
0
0
0
0
0
0
0
0
0
0
0
0
0
0
0
0
0
0
0
0
0
0
0
0
0
0
0
0
0
0
0
0
0
0
0
0
0
0
0
0
0
0
0
0
0
0
0
0
0
0
0
0
0
0
0
0
0
0
0
0
0
0
0
0
0
0
0
0
0
0
0
0
0
0
0
0
0
0
0
0
0
0
0
0
0
0
0
0
0
0
0
0
0
0
0
0
0
0
0
0
0
0
0
0
0
0
0
0
0
0
0
0
0
0
0
0
0
0
0
0
0
0
0
0
0
0
0
0
0
0
0
0
0
0
0
0
0
0
0
0
0
0
0
0
0
0
0
0
0
0
0
0
0
0
0
0
0
0
0
0
0
0
0
0
0
0
0
0
0
0
0
0
0
0
0
0
0
0
0
0
0
0
0
0
0
0
0
0
0
0
0
0
0
0
0
0
0
0
0
0
0
0
0
0
0
0
0
0
0
0
0
0
0
0
0
0
0
0
0
0
0
0
0
0
0
0
0
0
0
0
0
0
0
0
0
0
0
0
0
0
0
0
0
0
0
0
0
0
0
0
0
0
0
0
0
0
0
0
0
0
0
0
0
0
0
0
0
0
0
0
0
0
0
0
0
0
0
0
0
0
0
0
0
0
0
0
0
0
0
0
0
0
0
0
0
0
0
0
0
0
0
0
0
0
0
0
0
0
0
0
0
0
0
0
0
0
0
0
0
0
0
0
0
0
0
0
0
0
0
0
0
0
0
0
0
0
0
0
0
0
0
0
0
0
0
0
0
0
0
0
0
0
0
0
0
0
0
0
0
0
0
0
0
0
0
0
0
0
0
0
0
0
0
0
0
0
0
0
0
0
0
0
0
0
0
0
0
0
0
0
0
0
0
0
0
0
0
0
0
0
0
0
0
0
0
0
0
0
0
0
0
0
0
0
0
0
0
0
0
0
0
0
0
0
0
0
0
0
0
0
0
0
0
0
0
0
0
0
0
0
0
0
0
0
0
0
0
0
0
0
0
0
0
0
0
0
0
0
0
0
0
0
0
0
0
0
0
0
0
0
0
0
0
0
0
0
0
0
0
0
0
0
0
0
0
0
0
0
0
0
0
0
0
0
0
0
0
0
0
0
0
0
0
0
0
0
0
0
0
0
0
0
0
0
0
0
0
0
0
0
0
0
0
0
0
0
0
0
0
0
0
0
0
0
0
0
0
0
0
0
0
0
0
0
0
0
0
0
0
0
0
0
0
0
0
0
0
0
0
0
0
0
0
0
0
0
0
0
0
0
0
0
0
0
0
0
0
0
0
0
0
0
0
0
0
0
0
0
0
0
0
0
0
0
0
0
0
0
0
0
0
0
0
0
0
0
0
0
0
0
0
0
0
0
0
0
0
0
0
0
0
0
0
0
0
0
0
0
0
0
0
0
0
0
0
0
0
0
0
0
0
0
0
0
0
0
0
0
0
0
0
0
0
0
0
0
0
0
0
0
0
0
0
0
0
0
0
0
0
0
0
0
0
0
0
0
0
0
0
0
0
0
0
0
0
0
0
0
0
0
0
0
0
0
0
0
0
0
0
0
0
0
0
0
0
0
0
0
0
0
0
0
0
0
0
0
0
0
0
0
0
0
0
0
0
0
0
0
0
0
0
0
0
0
0
0
0
0
0
0
0
0
0
0
0
0
0
0
0
0
0
0
0
0
0
0
0
0
0
0
0
0
0
0
0
0
0
0
0
0
0
0
0
0
0
0
0
0
0
0
0
0
0
0
0
0
0
0
0
0
0
0
0
0
0
0
0
0
0
0
0
0
0
0
0
0
0
0
0
0
0
0
0
0
0
0
0
0
0
0
0
0
0
0
0
0
0
0
0
0
0
0
0
0
0
0
0
0
0
0
0
0
0
0
0
0
0
0
0
0
0
0
0
0
0
0
0
0
0
0
0
0
0
0
0
0
0
0
0
0
0
0
0
0
0
0
0
0
0
0
0
0
0
0
0
0
0
0
0
0
0
0
0
0
0
0
0
0
0
0
0
0
0
0
0
0
0
0
0
0
0
0
0
0
0
0
0
0
0
0
0
0
0
0
0
0
0
0
0
0
0
0
0
0
0
0
0
0
0
0
0
0
0
0
0
0
0
0
0
0
0
0
0
0
0
0
0
0
0
0
0
0
0
0
0
0
0
0
0
0
0
0
0
0
0
0
0
0
0
0
0
0
0
0
0
0
0
0
0
0
0
0
0
0
0
0
0
0
0
0
0
0
0
0
0
0
0
0
0
0
0
0
0
0
0
0
0
0
0
0
0
0
0
0
0
0
0
0
0
0
0
0
0
0
0
0
0
0
0
0
0
0
0
0
0
0
0
0
0
0
0
0
0
0
0
0
0
0
0
0
0
0
0
0
0
0
0
0
0
0
0
0
0
0
0
0
0
0
0
0
0
0
0
0
0
0
0
0
0
0
0
0
0
0
0
0
0
0
0
0
0
0
0
0
0
0
0
0
0
0
0
0
0
0
0
0
0
0
0
0
0
0
0
0
0
0
0
0
0
0
0
0
0
0
0
0
0
0
0
0
0
0
0
0
0
0
0
0
0
0
0
0
0
0
0
0
0
0
0
0
0
0
0
0
0
0
0
0
0
0
0
0
0
0
0
0
0
0
0
0
0
0
0
0
0
0
0
0
0
0
0
0
0
0
0
0
0
0
0
0
0
0
0
0
0
0
0
0
0
0
0
0
0
0
0
0
0
0
0
0
0
0
0
0
0
0
0
0
0
0
0
0
0
0
0
0
0
0
0
0
0
0
0
0
0
0
0
0
0
0
0
0
0
0
0
0
0
0
0
0
0
0
0
0
0
0
0
0
0
0
0
0
0
0
0
0
0
0
0
0
0
0
0
0
0
0
0
0
0
0
0
0
0
0
0
0
0
0
0
0
0
0
0
0
0
0
0
0
0
0
0
0
0
0
0
0
0
0
0
0
0
0
0
0
0
0
0
0
0
0
0
0
0
0
0
0
0
0
0
0
0
0
0
0
0
0
0
0
0
0
0
0
0
0
0
0
0
0
0
0
0
0
0
0
0
0
0
0
0
0
0
0
0
0
0
0
0
0
0
0
0
0
0
0
0
0
0
0
0
0
0
0
0
0
0
0
0
0
0
0
0
0
0
0
0
0
0
0
0
0
0
0
0
0
0
0
0
0
0
0
0
0
0
0
0
0
0
0
0
0
0
0
0
0
0
0
0
0
0
0
0
0
0
0
0
0
0
0
0
0
0
0
0
0
0
0
0
0
0
0
0
0
0
0
0
0
0
0
0
0
0
0
0
0
0
0
0
0
0
0
0
0
0
0
0
0
0
0
0
0
0
0
0
0
0
0
0
0
0
0
0
0
0
0
0
0
0
0
0
0
0
0
0
0
0
0
0
0
0
0
0
0
0
0
0
0
0
0
0
0
0
0
0
0
0
0
0
0
0
0
0
0
0
0
0
0
0
0
0
0
0
0
0
0
0
0
0
0
0
0
0
0
0
0
0
0
0
0
0
0
0
0
0
0
0
0
0
0
0
0
0
0
0
0
0
0
0
0
0
0
0
0
0
0
0
0
0
0
0
0
0
0
0
0
0
0
0
0
0
0
0
0
0
0
0
0
0
0
0
0
0
0
0
0
0
0
0
0
0
0
0
0
0
0
0
0
0
0
0
0
0
0
0
0
0
0
0
0
0
0
0
0
0
0
0
0
0
0
0
0
0
0
0
0
0
0
0
0
0
0
0
0
0
0
0
0
0
0
0
0
0
0
0
0
0
0
0
0
0
0
0
0
0
0
0
0
0
0
0
0
0
0
0
0
0
0
0
0
0
0
0
0
0
0
0
0
0
0
0
0
0
0
0
0
0
0
0
0
0
0
0
0
0
0
0
0
0
0
0
0
0
0
0
0
0
0
0
0
0
0
0
0
0
0
0
0
0
0
0
0
0
0
0
0
0
0
0
0
0
0
0
0
0
0
0
0
0
0
0
0
0
0
0
0
0
0
0
0
0
0
0
0
0
0
0
0
0
0
0
0
0
0
0
0
0
0
0
0
0
0
0
0
0
0
0
0
0
0
0
0
0
0
0
0
0
0
0
0
0
0
0
0
0
0
0
0
0
0
0
0
0
0
0
0
0
0
0
0
0
0
0
0
0
0
0
0
0
0
0
0
0
0
0
0
0
0
0
0
0
0
0
0
0
0
0
0
0
0
0
0
0
0
0
0
0
0
0
0
0
0
0
0
0
0
0
0
0
0
0
0
0
0
0
0
0
0
0
0
0
0
0
0
0
0
0
0
0
0
0
0
0
0
0
0
0
0
0
0
0
0
0
0
0
0
0
0
0
0
0
0
0
0
0
0
0
0
0
0
0
0
0
0
0
0
0
0
0
0
0
0
0
0
0
0
0
0
0
0
0
0
0
0
0
0
0
0
0
0
0
0
0
0
0
0
0
0
0
0
0
0
0
0
0
0
0
0
0
0
0
0
0
0
0
0
0
0
0
0
0
0
0
0
0
0
0
0
0
0
0
0
0
0
0
0
0
0
0
0
0
0
0
0
0
0
0
0
0
0
0
0
0
0
0
0
0
0
0
0
0
0
0
0
0
0
0
0
0
0
0
0
0
0
0
0
0
0
0
0
0
0
0
0
0
0
0
0
0
0
0
0
0
0
0
0
0
0
0
0
0
0
0
0
0
0
0
0
0
0
0
0
0
0
0
0
0
0
0
0
0
0
0
0
0
0
0
0
0
0
0
0
0
0
0
0
0
0
0
0
0
0
0
0
0
0
0
0
0
0
0
0
0
0
0
0
0
0
0
0
0
0
0
0
0
0
0
0
0
0
0
0
0
0
0
0
0
0
0
0
0
0
0
0
0
0
0
0
0
0
0
0
0
0
0
0
0
0
0
0
0
0
0
0
0
0
0
0
0
0
0
0
0
0
0
0
0
0
0
0
0
0
0
0
0
0
0
0
0
0
0
0
0
0
0
0
0
0
0
0
0
0
0
0
0
0
0
0
0
0
0
0
0
0
0
0
0
0
0
0
0
0
0
0
0
0
0
0
0
0
0
0
0
0
0
0
0
0
0
0
0
0
0
0
0
0
0
0
0
0
0
0
0
0
0
0
0
0
0
0
0
0
0
0
0
0
0
0
0
0
0
0
0
0
0
0
0
0
0
0
0
0
0
0
0
0
0
0
0
0
0
0
0
0
0
0
0
0
0
0
0
0
0
0
0
0
0
0
0
0
0
0
0
0
0
0
0
0
0
0
0
0
0
0
0
0
0
0
0
0
0
0
0
0
0
0
0
0
0
0
0
0
0
0
0
0
0
0
0
0
0
0
0
0
0
0
0
0
0
0
0
0
0
0
0
0
0
0
0
0
0
0
0
0
0
0
0
0
0
0
0
0
0
0
0
0
0
0
0
0
0
0
0
0
0
0
0
0
0
0
0
0
0
0
0
0
0
0
0
0
0
0
0
0
0
0
0
0
0
0
0
0
0
0
0
0
0
0
0
0
0
0
0
0
0
0
0
0
0
0
0
0
0
0
0
0
0
0
0
0
0
0
0
0
0
0
0
0
0
0
0
0
0
0
0
0
0
0
0
0
0
0
0
0
0
0
0
0
0
0
0
0
0
0
0
0
0
0
0
0
0
0
0
0
0
0
0
0
0
0
0
0
0
0
0
0
0
0
0
0
0
0
0
0
0
0
0
0
0
0
0
0
0
0
0
0
0
0
0
0
0
0
0
0
0
0
0
0
0
0
0
0
0
0
0
0
0
0
0
0
0
0
0
0
0
0
0
0
0
0
0
0
0
0
0
0
0
0
0
0
0
0
0
0
0
0
0
0
0
0
0
0
0
0
0
0
0
0
0
0
0
0
0
0
0
0
0
0
0
0
0
0
0
0
0
0
0
0
0
0
0
0
0
0
0
0
0
0
0
0
0
0
0
0
0
0
0
0
0
0
0
0
0
0
0
0
0
0
0
0
0
0
0
0
0
0
0
0
0
0
0
0
0
0
0
0
0
0
0
0
0
0
0
0
0
0
0
0
0
0
0
0
0
0
0
0
0
0
0
0
0
0
0
0
0
0
0
0
0
0
0
0
0
0
0
0
0
0
0
0
0
0
0
0
0
0
0
0
0
0
0
0
0
0
0
0
0
0
0
0
0
0
0
0
0
0
0
0
0
0
0
0
0
0
0
0
0
0
0
0
0
0
0
0
0
0
0
0
0
0
0
0
0
0
0
0
0
0
0
0
0
0
0
0
0
0
0
0
0
0
0
0
0
0
0
0
0
0
0
0
0
0
0
0
0
0
0
0
0
0
0
0
0
0
0
0
0
0
0
0
0
0
0
0
0
0
0
0
0
0
0
0
0
0
0
0
0
0
0
0
0
0
0
0
0
0
0
0
0
0
0
0
0
0
0
0
0
0
0
0
0
0
0
0
0
0
0
0
0
0
0
0
0
0
0
0
0
0
0
0
0
0
0
0
0
0
0
0
0
0
0
0
0
0
0
0
0
0
0
0
0
0
0
0
0
0
0
0
0
0
0
0
0
0
0
0
0
0
0
0
0
0
0
0
0
0
0
0
0
0
0
0
0
0
0
0
0
0
0
0
0
0
0
0
0
0
0
0
0
0
0
0
0
0
0
0
0
0
0
0
0
0
0
0
0
0
0
0
0
0
0
0
0
0
0
0
0
0
0
0
0
0
0
0
0
0
0
0
0
0
0
0
0
0
0
0
0
0
0
0
0
0
0
0
0
0
0
0
0
0
0
0
0
0
0
0
0
0
0
0
0
0
0
0
0
0
0
0
0
0
0
0
0
0
0
0
0
0
0
0
0
0
0
0
0
0
0
0
0
0
0
0
0
0
0
0
0
0
0
0
0
0
0
0
0
0
0
0
0
0
0
0
0
0
0
0
0
0
0
0
0
0
0
0
0
0
0
0
0
0
0
0
0
0
0
0
0
0
0
0
0
0
0
0
0
0
0
0
0
0
0
0
0
0
0
0
0
0
0
0
0
0
0
0
0
0
0
0
0
0
0
0
0
0
0
0
0
0
0
0
0
0
0
0
0
0
0
0
0
0
0
0
0
0
0
0
0
0
0
0
0
0
0
0
0
0
0
0
0
0
0
0
0
0
0
0
0
0
0
0
0
0
0
0
0
0
0
0
0
0
0
0
0
0
0
0
0
0
0
0
0
0
0
0
0
0
0
0
0
0
0
0
0
0
0
0
0
0
0
0
0
0
0
0
0
0
0
0
0
0
0
0
0
0
0
0
0
0
0
0
0
0
0
0
0
0
0
0
0
0
0
0
0
0
0
0
0
0
0
0
0
0
0
0
0
0
0
0
0
0
0
0
0
0
0
0
0
0
0
0
0
0
0
0
0
0
0
0
0
0
0
0
0
0
0
0
0
0
0
0
0
0
0
0
0
0
0
0
0
0
0
0
0
0
0
0
0
0
0
0
0
0
0
0
0
0
0
0
0
0
0
0
0
0
0
0
0
0
0
0
0
0
0
0
0
0
0
0
0
0
0
0
0
0
0
0
0
0
0
0
0
0
0
0
0
0
0
0
0
0
0
0
0
0
0
0
0
0
0
0
0
0
0
0
0
0
0
0
0
0
0
0
0
0
0
0
0
0
0
0
0
0
0
0
0
0
0
0
0
0
0
0
0
0
0
0
0
0
0
0
0
0
0
0
0
0
0
0
0
0
0
0
0
0
0
0
0
0
0
0
0
0
0
0
0
0
0
0
0
0
0
0
0
0
0
0
0
0
0
0
0
0
0
0
0
0
0
0
0
0
0
0
0
0
0
0
0
0
0
0
0
0
0
0
0
0
0
0
0
0
0
0
0
0
0
0
0
0
0
0
0
0
0
0
0
0
0
0
0
0
0
0
0
0
0
0
0
0
0
0
0
0
0
0
0
0
0
0
0
0
0
0
0
0
0
0
0
0
0
0
0
0
0
0
0
0
0
0
0
0
0
0
0
0
0
0
0
0
0
0
0
0
0
0
0
0
0
0
0
0
0
0
0
0
0
0
0
0
0
0
0
0
0
0
0
0
0
0
0
0
0
0
0
0
0
0
0
0
0
0
0
0
0
0
0
0
0
0
0
0
0
0
0
0
0
0
0
0
0
0
0
0
0
0
0
0
0
0
0
0
0
0
0
0
0
0
0
0
0
0
0
0
0
0
0
0
0
0
0
0
0
0
0
0
0
0
0
0
0
0
0
0
0
0
0
0
0
0
0
0
0
0
0
0
0
0
0
0
0
0
0
0
0
0
0
0
0
0
