-105
16
-3098
2904
-2072
-2599
-2416
-239
852
-3703
3098
-2593
-2841
-2598
-8
995
-191
98
-3207
-2535
-1881
-2382
-12662
-241
721
-3584
-2914
-2621
-3161
-13882
59
977
-279
-272
-1598
2804
-1759
-1717
-1363
-381
300
-2807
1722
-2633
-3066
-1174
-45
209
-42
398
-2375
-2230
-1349
-1343
-16608
-74
82
-3981
-2950
-2245
-3044
-14398
102
358
-327
-142
-2115
2373
-2311
-2582
-1926
-421
-29
-2530
1586
-2279
-3149
-1821
-26
175
-26
-307
-1767
-2478
-2087
-1929
-12472
-71
-76
-3579
-2657
-2633
-3159
-12489
-7
335
-258
22
-1643
2468
-2131
-2281
-1565
-326
104
-1891
2119
-2136
-2996
-2369
-2
809
-20
-507
-1856
-2260
-1673
-1499
-15408
-179
-252
-3454
-2552
-2448
-2887
-15352
-62
-258
-228
335
-1893
1530
-1578
-2031
-1712
-255
526
-2636
864
-2613
-3347
-2531
-27
1007
-81
112
-1540
-2576
-1792
-1664
-14739
-241
-174
-3302
-3193
-2275
-3497
-12574
-75
33
-271
686
-1928
-484
-1769
-1978
-1947
-335
1013
-1638
-1208
-3034
-2641
-2164
-76
1246
24
-156
309
-3039
-2029
-1929
-17064
-157
25
-845
-2417
-2398
-2584
-18617
10
403
-259
1038
-429
-275
-1899
-2193
-2046
-377
1860
380
-1814
-3197
-2702
-2148
-163
2002
-1
108
-1046
-3228
-1905
-2014
-17602
-67
607
-1863
-1994
-2883
-2680
-18657
-46
744
-266
1372
-461
1396
-2407
-2584
-2454
-251
1910
366
724
-3243
-3412
-3198
-158
1234
-132
-714
-2954
-3381
-2442
-2414
-16325
-229
-790
-4253
-2284
-3753
-3583
-17006
31
-497
-231
-59
-3102
2423
-2219
-2452
-2560
-245
-886
-2785
3553
-3057
-2369
-3318
-178
-1339
-253
351
-3294
-2614
-2698
-2670
-14193
-203
50
-3990
-2343
-2229
-2469
-17755
90
274
-471
551
-1903
1561
-1815
-1904
-2081
-514
1049
-1825
2030
-3506
-2809
-3528
-264
776
-104
528
-2923
-2897
-2629
-2187
-22341
62
-766
-4056
-3156
-1736
-2825
-24167
268
408
-562
821
-1974
174
-2309
-2604
-2425
-411
887
-1690
1041
-2999
-3051
-3858
-192
1173
-108
409
-1336
-2625
-3543
-2667
-17426
64
0
-3012
-3014
-2683
-2986
-19900
287
36
-524
376
-3032
156
-3264
-3303
-2922
-314
868
-2911
2050
-4236
-3867
-4742
-189
1696
-131
352
-996
-4074
-2059
-2845
-17522
85
29
-3823
-3596
-2066
-4002
-18709
309
-113
-426
421
-3546
-1280
-4109
-3198
-2895
-292
771
-3511
736
-5145
-4010
-5016
-141
1315
-79
-138
84
-4582
-700
-3016
-21891
-24
3
-2365
-3964
-1470
-4279
-23662
214
138
-369
591
-3424
-4104
-5261
-3986
-3612
-312
927
-3067
-1958
-4936
-4392
-5554
-47
1734
-19
-44
1305
-4789
-648
-3850
-17977
-55
-101
-628
-4628
-1829
-4412
-20654
203
-63
-353
90
-2228
-4513
-6081
-4862
-4288
-301
-340
-1771
-3092
-4525
-5154
-6114
-100
-156
-133
259
-1984
-4423
366
-4425
-16075
-198
35
-3127
-5117
-1207
-4804
-16360
222
253
-345
-246
-248
-2049
-3543
-3785
-3370
-223
-110
962
-1749
-2514
-4077
-3991
-48
-7
-216
-1143
-2799
-2858
-2178
-3342
-17601
-196
-1245
-4229
-3056
-3228
-3957
-19964
243
-1736
-177
1440
-1699
2434
-3150
-2056
-2213
-281
653
-1933
4025
-4191
-3542
-4076
-195
1106
-150
1298
-3050
-2860
-2253
-2265
-14360
-102
1073
-4844
-3467
-2843
-3416
-13008
99
1449
-273
1540
-3171
1510
-3723
-3752
-3559
-374
1402
-2493
3956
-4354
-4259
-5221
-82
1687
-73
116
-3026
-4336
-3059
-3576
-15265
65
-1147
-4921
-4791
-3714
-4269
-17832
323
-282
-299
668
-1557
-718
-2746
-2663
-2244
-359
711
-2966
1597
-2946
-4828
-5056
68
1256
26
885
-1116
-2250
-2971
-2547
-19360
-107
-272
-2358
-4855
-5163
-3990
-14889
101
-80
-284
515
-2909
196
-3543
-2601
-2796
-292
-178
-4228
2405
-2473
-4679
-4901
66
282
28
379
-1526
-2994
-1838
-2780
-15630
-61
-643
-3466
-5084
-4316
-4477
-11019
170
-402
-187
325
-3343
362
-4975
-2854
-3053
-297
13
-3580
2954
-3856
-4214
-5586
146
467
-14
23
-561
-3507
-1825
-3079
-20693
-138
654
-2874
-4577
-3482
-4218
-21325
109
1061
-122
179
-3412
-1660
-5553
-3258
-3789
-358
198
-4240
887
-5147
-5264
-7278
51
392
-61
203
436
-4202
-2754
-3854
-17931
-177
-688
-2065
-5952
-4267
-5278
-13899
-23
-390
85
1045
-2339
-1838
-4935
-2336
-2929
-175
1249
-3247
182
-5012
-4255
-5322
27
743
-146
-34
-569
-3452
-36
-2834
-23142
-403
-1373
-2973
-4587
-1994
-4026
-18113
-162
-1449
14
13
-1462
-923
-4979
-3493
-3577
2
776
-1206
271
-5252
-4573
-3131
264
501
-326
-310
-2958
-4310
-78
-3607
-21434
-552
121
-5323
-4213
-2772
-4592
-21058
-169
-216
-318
879
-3983
4522
-4196
-3217
-4177
-393
889
-4514
4570
-5811
-5056
-4333
-17
1515
-76
2137
-4485
-5660
-5310
-4151
-16002
44
4059
-7156
-4668
-5341
-5509
-16392
301
4552
-430
1104
-8832
8397
-9305
-8692
-9088
-535
1200
-11716
9935
-10980
-11974
-11985
80
1123
-261
-338
-8596
-11059
-9268
-9151
2884
52
-868
-12036
-11905
-12382
-12565
12830
383
-828
-190
1395
-4209
4685
-4349
-3010
-2925
-353
1235
-7052
7348
-5486
-5588
-5290
43
673
35
553
-3433
-2858
-4013
-2852
-23263
-163
-1471
-6233
-5315
-5910
-5102
-18229
149
-2263
-69
1835
-5250
3605
-4972
-3268
-4295
-125
811
-6081
6070
-4994
-5055
-5138
107
632
125
593
-2889
-4146
-5046
-4308
-16857
-140
43
-4524
-4678
-6186
-4625
-19742
46
64
-148
1702
-5091
3195
-4468
-4760
-5242
-219
1643
-7410
4337
-7174
-8549
-7881
97
1219
-38
139
-3402
-5651
-6180
-5484
-18965
-137
824
-5777
-7857
-8753
-7999
-10518
25
1131
-220
1882
-3238
67
-1973
-2094
-3354
-219
1872
-5093
1828
-6419
-6553
-8291
-33
515
-42
153
-2296
-4301
-4801
-3440
-29939
-74
-689
-3131
-6651
-5625
-6136
-20602
60
227
-21
1406
-4809
530
-3794
-3221
-4315
-143
958
-6034
1894
-7528
-6154
-6332
-10
619
-243
228
-2524
-6391
-2140
-4238
-21406
-284
-330
-4041
-6333
-4798
-6078
-15126
-90
-1005
-11
925
-4978
1052
-5385
-3821
-4634
102
728
-4453
3021
-6137
-4574
-3069
227
482
-402
-1418
-4414
-5671
91
-4598
-19667
-516
-799
-5522
-4385
-3910
-4842
-23959
-158
-939
-89
235
-4524
4939
-3726
-2567
-4053
-187
616
-4435
5496
-5306
-4465
-4501
-84
-411
-133
1582
-5407
-4380
-5781
-3877
-20151
69
2383
-7785
-4262
-5805
-5254
-20584
115
2017
-367
1304
-7652
9391
-6155
-5696
-6125
-383
2227
-8288
12102
-7545
-7864
-9392
114
746
-266
-529
-7562
-5005
-8596
-6089
-18319
60
-1341
-10618
-7478
-9959
-8210
-13641
361
-1476
-58
71
-5191
6230
-4981
-4141
-3925
-177
969
-7209
9321
-6440
-6232
-6596
-33
-189
50
1463
-5814
-2072
-5725
-3960
-19930
-61
-758
-8095
-5714
-7400
-6495
-15505
91
-1841
36
375
-4611
4200
-2935
-2655
-3426
-83
47
-6492
6276
-4877
-5527
-4404
18
1
183
454
-4349
-2798
-4674
-3521
-21199
-40
184
-5857
-5542
-6768
-4985
-17573
123
-279
-18
-855
-5252
1796
-1967
-3596
-4831
-100
-1972
-5170
3593
-4242
-4705
-3923
91
-1523
76
-869
-4383
-4935
-5289
-4906
-18084
-18
279
-5019
-5203
-6456
-4712
-21784
215
632
-127
-1293
-3445
-650
-1140
-2369
-3761
-136
-1630
-4303
586
-3300
-4539
-6000
66
-1589
41
-166
-3792
-3992
-4318
-4005
-18745
62
-558
-3944
-4819
-5324
-4612
-15534
226
251
77
-912
-4024
1184
-1332
-564
-2725
7
-2144
-4086
2298
-2527
-2408
-3526
105
-1871
-238
284
-2991
-3137
-3179
-2816
-19096
-121
-495
-3162
-3030
-4617
-3177
-19856
52
-338
128
-1100
-4388
2960
-4224
-1079
-3119
46
-1699
-3953
5154
-3533
-2717
-3148
106
-1558
-338
-1822
-4795
-2749
-1326
-2971
-19714
-374
-1312
-5374
-3233
-3984
-3487
-22897
-138
-673
-230
-1171
-5849
7282
-5651
-4279
-4994
-336
-1375
-5883
8727
-5937
-5210
-7485
112
-1083
-142
2074
-6614
-4261
-7526
-5003
-13554
-98
4150
-8500
-4568
-7920
-6372
-15438
103
3763
-258
-1557
-12017
12165
-13355
-10223
-11032
-404
-1776
-12468
15380
-12133
-11154
-14215
222
-1852
-276
-739
-11434
-9758
-11981
-11056
8384
-41
-1709
-14295
-11053
-13066
-12757
8200
279
-1919
-45
-950
-7017
5140
-8805
-7147
-6581
-213
-856
-7231
7710
-7829
-6340
-6250
144
-327
-19
882
-7954
-2073
-6148
-6498
-16193
-91
-1728
-9239
-6144
-7585
-6806
-21426
87
-2162
156
-289
-4889
3176
-6277
-4141
-4051
-101
-1040
-5973
5134
-6154
-4819
-3372
-38
-882
241
6
-4942
-124
-3843
-4307
-17519
-32
-369
-5949
-5008
-5940
-4626
-17085
57
-9
44
-667
-3923
2663
-4487
-2438
-2881
-235
-1370
-4969
4231
-5039
-3551
-2579
-51
-429
286
-911
-3858
-929
-2333
-3053
-17407
-1
-389
-5071
-4284
-4444
-3988
-16079
121
-697
-80
-362
-3416
1814
-2724
-2616
-3438
-196
536
-3352
2371
-3644
-2931
-3484
-100
1614
63
374
-4439
-1509
-3988
-3451
-17796
16
3
-5147
-3510
-4452
-3143
-20692
229
-180
-39
614
-4111
3909
-4517
-3205
-4828
-30
1892
-4024
3960
-4339
-4072
-5104
58
1996
-296
751
-5847
-3438
-5670
-4898
-10215
-106
90
-6553
-4337
-6928
-4485
-12351
22
287
111
840
-4544
3299
-6123
-2443
-4486
-39
1839
-3745
4909
-4893
-3475
-4185
191
1656
-365
-790
-6056
-3137
-2970
-4480
-15200
-390
-618
-6761
-4344
-4922
-4096
-20064
-126
-359
-293
-1058
-3317
2321
-3124
-1068
-2658
-247
-1182
-3778
3909
-3374
-2550
-4446
48
-1215
-140
645
-2578
-1939
-4005
-2692
-12813
-210
840
-3522
-3068
-4693
-3658
-13353
54
720
-322
-2037
-4112
3302
-4686
-1176
-2938
-473
-1302
-5545
4913
-5897
-4429
-4593
-19
-459
-88
661
-1487
-2323
-4916
-2929
-21776
102
-233
-4559
-5567
-7323
-4676
-15634
201
-192
-142
-525
-2425
2188
-5430
-3310
-3293
-331
322
-3815
3298
-6779
-4574
-2551
11
477
20
1273
-3537
-2095
-2757
-3369
-17970
-14
577
-6060
-5570
-5674
-4491
-15292
119
393
-152
-881
-3648
3122
-5465
-2257
-3103
-375
-259
-5076
4402
-6337
-4419
-3207
-105
325
111
-156
-2375
-2040
-3481
-3028
-20014
-6
-365
-4888
-5500
-6490
-4535
-16949
87
260
-248
-786
-3562
2433
-3734
-1256
-2272
-457
-448
-6052
3608
-6314
-3998
-3382
-207
-153
126
-279
-776
-2787
-2862
-2253
-20162
-168
1008
-3544
-4897
-5844
-4687
-14206
31
1211
-377
-460
-2570
973
-3590
-2498
-3155
-462
-670
-4473
2003
-6490
-4373
-4317
-151
-165
-29
474
-2336
-3836
-1946
-2970
-16967
-139
-219
-5188
-4765
-4469
-4126
-11762
81
-764
-292
-1044
-1322
2373
-4695
-1920
-3977
-287
-1830
-1705
3527
-6512
-3718
-4371
-88
-1381
-237
489
-5850
-4547
-2566
-3757
-15484
-72
120
-8396
-4210
-5227
-3636
-14737
137
-260
-114
-1051
-563
694
-4670
-1646
-3755
-171
-1223
-100
2145
-4988
-3573
-3734
0
-789
-309
-472
-5758
-4176
-1622
-3611
-18384
-328
-254
-6608
-4314
-4843
-3704
-20581
-38
91
-219
-660
-2280
-675
-466
-113
-1558
-191
-339
-1668
603
-1697
-793
-2496
-26
-918
-289
-341
-1739
-996
-2174
-1502
-14202
-400
-345
-757
-1767
-2530
-1420
-17425
-19
-630
-318
-1372
-1621
-1239
-1259
1496
-1504
-446
-455
-1126
-46
-2314
315
-2203
-134
-846
-181
1423
-1667
-1468
-1444
-1323
-18976
-213
1982
-1231
-2176
-2750
-853
-21970
60
2253
-262
-1676
-2249
962
-3745
-567
-2781
-486
-1172
-2944
2578
-5237
-2255
-3594
-116
-1287
-52
780
-4062
-3508
-695
-2634
-15591
-186
44
-4727
-4640
-3802
-3179
-14404
83
426
-161
-1476
-3532
2673
-3939
443
-2361
-386
-1577
-3413
4473
-4143
-1438
-3718
-115
-1525
-17
-383
-3702
-2641
-1878
-2181
-15301
-193
-706
-4240
-3826
-4226
-2597
-16869
-52
-376
-209
-920
-3214
896
-3057
1120
-1644
-332
-1224
-3062
2380
-3627
-861
-3692
-91
-1420
-24
196
-1003
-2392
-1703
-1513
-15417
-379
538
-1504
-2189
-3714
-1880
-16496
-183
426
-325
-866
-2604
-1473
-2148
709
-1713
-396
-1183
-3202
-502
-3425
-1067
-3784
-83
-2064
-91
309
-322
-2396
-1043
-1562
-13134
-273
-129
-477
-2168
-3225
-1994
-10261
-63
135
-323
-1456
-380
-710
-2078
1810
-1576
-362
-1692
-456
758
-3600
-593
-2714
-112
-2591
-180
-363
-3533
-2295
-750
-1396
-17991
-206
-475
-4511
-2291
-2921
-2118
-16270
4
-276
-193
-1637
483
-1069
-2483
364
-1754
-225
-1489
1026
113
-3232
-1552
-1498
-137
-1618
-213
-644
-3449
-2059
-63
-1579
-17547
-321
-524
-4688
-2394
-2565
-2020
-18343
-62
-509
0
0
0
0
0
0
0
0
0
0
0
-1360
1269
-854
-915
-710
0
0
0
0
0
0
0
0
0
0
0
-794
-846
-745
-765
-16736
0
0
0
0
0
0
0
0
0
0
0
-1622
464
-749
-564
-860
0
0
0
0
0
0
0
0
0
0
0
-903
-994
-370
-799
-15151
0
0
0
0
0
0
0
0
0
0
0
-1317
722
-1081
-885
-857
0
0
0
0
0
0
0
0
0
0
0
-474
-668
-965
-727
-14804
0
0
0
0
0
0
0
0
0
0
0
-1566
633
-1534
-1086
-1106
0
0
0
0
0
0
0
0
0
0
0
-539
-937
-504
-925
-14365
0
0
0
0
0
0
0
0
0
0
0
-1446
159
-760
-1049
-903
0
0
0
0
0
0
0
0
0
0
0
-164
-1011
-718
-756
-14936
0
0
0
0
0
0
0
0
0
0
0
-1750
-1480
-720
-1189
-1395
0
0
0
0
0
0
0
0
0
0
0
771
-1379
-1695
-1269
-16339
0
0
0
0
0
0
0
0
0
0
0
-1462
-783
-944
-1008
-1454
0
0
0
0
0
0
0
0
0
0
0
225
-1780
-1734
-1322
-16845
0
0
0
0
0
0
0
0
0
0
0
-1156
565
-1228
-148
-1262
0
0
0
0
0
0
0
0
0
0
0
-563
-1628
-1942
-1086
-18009
0
0
0
0
0
0
0
0
0
0
0
-1383
1020
-1316
-594
-1209
0
0
0
0
0
0
0
0
0
0
0
-1130
-1047
-1833
-1292
-17838
0
0
0
0
0
0
0
0
0
0
0
-1791
-265
-546
110
-1405
0
0
0
0
0
0
0
0
0
0
0
-1959
-1191
-2396
-1431
-22445
0
0
0
0
0
0
0
0
0
0
0
-1774
-818
-699
-1218
-1797
0
0
0
0
0
0
0
0
0
0
0
-1018
-814
-3457
-1868
-17540
0
0
0
0
0
0
0
0
0
0
0
-2604
-866
-1806
-2031
-1859
0
0
0
0
0
0
0
0
0
0
0
506
-1629
-1639
-1893
-18732
0
0
0
0
0
0
0
0
0
0
0
-3249
-2258
-3016
-2304
-2240
0
0
0
0
0
0
0
0
0
0
0
1152
-1954
-1311
-2368
-21113
0
0
0
0
0
0
0
0
0
0
0
-3044
-3812
-3190
-2752
-2509
0
0
0
0
0
0
0
0
0
0
0
1818
-2094
-1802
-2659
-19644
0
0
0
0
0
0
0
0
0
0
0
-2362
-3076
-3060
-2352
-2355
0
0
0
0
0
0
0
0
0
0
0
51
-1497
-1289
-2297
-22200
0
0
0
0
0
0
0
0
0
0
0
-2304
-1548
-2578
-2788
-2592
0
0
0
0
0
0
0
0
0
0
0
-196
-910
-2499
-2330
-17155
0
0
0
0
0
0
0
0
0
0
0
-1188
573
-1843
-569
-1434
0
0
0
0
0
0
0
0
0
0
0
-1480
-846
-1409
-1422
-14915
0
0
0
0
0
0
0
0
0
0
0
-1971
293
-1570
-1268
-1635
0
0
0
0
0
0
0
0
0
0
0
-1414
-2002
-1862
-1813
-19769
0
0
0
0
0
0
0
0
0
0
0
-2362
-2109
-1168
-643
-1854
0
0
0
0
0
0
0
0
0
0
0
-874
-445
-3332
-1913
-17127
0
0
0
0
0
0
0
0
0
0
0
-2783
-997
-1966
-334
-1506
0
0
0
0
0
0
0
0
0
0
0
-59
-1441
-1425
-1485
-17456
0
0
0
0
0
0
0
0
0
0
0
-3018
-904
-3081
-943
-1692
0
0
0
0
0
0
0
0
0
0
0
901
-1642
-1579
-1777
-21816
0
0
0
0
0
0
0
0
0
0
0
-3078
-2295
-3438
-1234
-2077
0
0
0
0
0
0
0
0
0
0
0
1279
-1859
-2293
-2152
-20304
0
0
0
0
0
0
0
0
0
0
0
-2435
-2213
-3519
-743
-1971
0
0
0
0
0
0
0
0
0
0
0
762
-1587
-1137
-1929
-22187
0
0
0
0
0
0
0
0
0
0
0
-1408
-492
-3327
-2191
-2061
0
0
0
0
0
0
0
0
0
0
0
29
-2379
-70
-1863
-22249
0
0
0
0
0
0
0
0
0
0
0
-3699
1153
-2632
-2075
-3476
0
0
0
0
0
0
0
0
0
0
0
-3022
-3349
-3219
-3571
-14789
0
0
0
0
0
0
0
0
0
0
0
-4284
4887
-2626
-4080
-2950
0
0
0
0
0
0
0
0
0
0
0
-3313
-4497
-2530
-2754
-17187
0
0
0
0
0
0
0
0
0
0
0
-3093
927
-3099
-28
-2285
0
0
0
0
0
0
0
0
0
0
0
-3297
198
-3287
-1955
-22007
0
0
0
0
0
0
0
0
0
0
0
-3958
908
-3750
788
-2864
0
0
0
0
0
0
0
0
0
0
0
-2370
-2480
-4249
-2903
-18016
0
0
0
0
0
0
0
0
0
0
0
-4432
366
-2537
-1544
-3258
0
0
0
0
0
0
0
0
0
0
0
-1474
-4062
-3891
-3383
-18689
0
0
0
0
0
0
0
0
0
0
0
-4768
-2686
-2763
210
-4426
0
0
0
0
0
0
0
0
0
0
0
-2693
-5198
-5432
-4463
-16063
0
0
0
0
0
0
0
0
0
0
0
-3433
-1037
-3128
-546
-3093
0
0
0
0
0
0
0
0
0
0
0
-937
-5435
-2026
-3152
-17954
0
0
0
0
0
0
0
0
0
0
0
-2271
-293
-4135
-1715
-2814
0
0
0
0
0
0
0
0
0
0
0
-1979
-4130
226
-2805
-20518
0
0
0
0
0
0
0
0
0
0
0
-3716
451
-4209
-2703
-4487
0
0
0
0
0
0
0
0
0
0
0
-4234
-3632
-3676
-4556
-13711
0
0
0
0
0
0
0
0
0
0
0
-3120
3950
-5022
-2951
-3930
0
0
0
0
0
0
0
0
0
0
0
-5036
-3396
-3982
-3682
-22403
0
0
0
0
0
0
0
0
0
0
0
-2645
2271
-3812
-972
-2253
0
0
0
0
0
0
0
0
0
0
0
-4300
557
-3319
-1919
-23715
0
0
0
0
0
0
0
0
0
0
0
-4043
204
-3533
500
-3200
0
0
0
0
0
0
0
0
0
0
0
-4460
-1394
-4128
-3102
-16772
0
0
0
0
0
0
0
0
0
0
0
-3912
-317
-2478
425
-3509
0
0
0
0
0
0
0
0
0
0
0
-3555
-3927
-4498
-3431
-18998
0
0
0
0
0
0
0
0
0
0
0
-3466
-1944
-813
1059
-2889
0
0
0
0
0
0
0
0
0
0
0
-3184
-3831
-4400
-2872
-18317
0
0
0
0
0
0
0
0
0
0
0
-1727
-570
-2000
1342
-2302
0
0
0
0
0
0
0
0
0
0
0
-2905
-3075
-3838
-2273
-17256
0
0
0
0
0
0
0
0
0
0
0
-1749
484
-4158
383
-2164
0
0
0
0
0
0
0
0
0
0
0
-3105
-2007
-1399
-2138
-18971
0
0
0
0
0
0
0
0
0
0
0
-4373
2922
-4283
-3083
-3197
0
0
0
0
0
0
0
0
0
0
0
-3948
-774
-3759
-3442
-17464
0
0
0
0
0
0
0
0
0
0
0
-6355
7146
-7150
-5791
-4588
0
0
0
0
0
0
0
0
0
0
0
-5572
-3589
-3404
-4286
-14190
0
0
0
0
0
0
0
0
0
0
0
-4795
2517
-6076
-3515
-3382
0
0
0
0
0
0
0
0
0
0
0
-5365
2524
-2965
-2975
-28282
0
0
0
0
0
0
0
0
0
0
0
-4420
-226
-6014
-1946
-3530
0
0
0
0
0
0
0
0
0
0
0
-5076
2430
-3243
-3423
-16482
0
0
0
0
0
0
0
0
0
0
0
-2640
124
-4412
-400
-2051
0
0
0
0
0
0
0
0
0
0
0
-3493
1152
-2005
-1957
-18869
0
0
0
0
0
0
0
0
0
0
0
-2709
228
-2352
-1855
-2359
0
0
0
0
0
0
0
0
0
0
0
-2769
-215
-2656
-2289
-20238
0
0
0
0
0
0
0
0
0
0
0
-2706
2515
-2484
-2310
-2381
0
0
0
0
0
0
0
0
0
0
0
-2494
-1677
-2637
-2227
-16847
0
0
0
0
0
0
0
0
0
0
0
-3199
1499
-4697
-1556
-2935
0
0
0
0
0
0
0
0
0
0
0
-3277
-1327
-2153
-2891
-17243
0
0
0
0
0
0
0
0
0
0
0
-2293
119
-3288
-321
-1850
0
0
0
0
0
0
0
0
0
0
0
-1874
-290
-2793
-1859
-13740
0
0
0
0
0
0
0
0
0
0
0
-3448
-117
-5164
-415
-3052
0
0
0
0
0
0
0
0
0
0
0
-1621
-1598
-3934
-3045
-16489
0
0
0
0
0
0
0
0
0
0
0
-2916
647
-4635
-2398
-2751
0
0
0
0
0
0
0
0
0
0
0
-2540
122
-2020
-2496
-16829
0
0
0
0
0
0
0
0
0
0
0
-3580
-113
-6046
-777
-3426
0
0
0
0
0
0
0
0
0
0
0
-2630
-627
-3242
-3069
-14682
0
0
0
0
0
0
0
0
0
0
0
-2373
43
-3330
104
-1556
0
0
0
0
0
0
0
0
0
0
0
-775
-363
-2259
-1352
-20839
0
0
0
0
0
0
0
0
0
0
0
-2513
-12
-2227
-1754
-1452
0
0
0
0
0
0
0
0
0
0
0
-250
-1620
-511
-1435
-20079
0
0
0
0
0
0
0
0
0
0
0
-2821
1266
-3142
-903
-2271
0
0
0
0
0
0
0
0
0
0
0
-1879
-3262
-1076
-2164
-17386
0
0
0
0
0
0
0
0
0
0
0
-2868
-151
-4099
121
-2780
0
0
0
0
0
0
0
0
0
0
0
-2552
-2942
-1972
-2612
-16699
0
0
0
0
0
0
0
0
0
0
0
-790
-789
-882
-55
-885
0
0
0
0
0
0
0
0
0
0
0
-885
82
-1965
-850
-16091
0
0
0
0
0
0
0
0
0
0
0
-1037
-1184
-1155
-199
-1007
0
0
0
0
0
0
0
0
0
0
0
-426
-931
-1524
-1064
-19162
0
0
0
0
0
0
0
0
0
0
0
-1484
253
-2178
-1449
-1256
0
0
0
0
0
0
0
0
0
0
0
-1395
-1821
236
-1189
-18204
0
0
0
0
0
0
0
0
0
0
0
-2199
765
-3465
41
-1589
0
0
0
0
0
0
0
0
0
0
0
-2258
-1353
-1174
-1579
-16087
0
0
0
0
0
0
0
0
0
0
0
-1932
-423
-2615
892
-1155
0
0
0
0
0
0
0
0
0
0
0
-705
-1190
-1626
-1194
-16518
0
0
0
0
0
0
0
0
0
0
0
-1490
-1617
-1436
8
-1128
0
0
0
0
0
0
0
0
0
0
0
-208
-1630
-1400
-1329
-13741
0
0
0
0
0
0
0
0
0
0
0
-1697
-705
-1673
1095
-1270
0
0
0
0
0
0
0
0
0
0
0
-1481
-2052
-839
-1259
-17536
0
0
0
0
0
0
0
0
0
0
0
-1621
-970
-2252
-123
-1427
0
0
0
0
0
0
0
0
0
0
0
-940
-1510
-107
-1249
-16561
0
0
0
0
0
0
0
0
0
0
0
0
0
0
0
0
0
0
0
0
0
0
0
0
0
0
0
0
0
0
0
0
0
0
0
0
0
0
0
0
0
0
0
0
0
0
0
0
0
0
0
0
0
0
0
0
0
0
0
0
0
0
0
0
0
0
0
0
0
0
0
0
0
0
0
0
0
0
0
0
0
0
0
0
0
0
0
0
0
0
0
0
0
0
0
0
0
0
0
0
0
0
0
0
0
0
0
0
0
0
0
0
0
0
0
0
0
0
0
0
0
0
0
0
0
0
0
0
0
0
0
0
0
0
0
0
0
0
0
0
0
0
0
0
0
0
0
0
0
0
0
0
0
0
0
0
0
0
0
0
0
0
0
0
0
0
0
0
0
0
0
0
0
0
0
0
0
0
0
0
0
0
0
0
0
0
0
0
0
0
0
0
0
0
0
0
0
0
0
0
0
0
0
0
0
0
0
0
0
0
0
0
0
0
0
0
0
0
0
0
0
0
0
0
0
0
0
0
0
0
0
0
0
0
0
0
0
0
0
0
0
0
0
0
0
0
0
0
0
0
0
0
0
0
0
0
0
0
0
0
0
0
0
0
0
0
0
0
0
0
0
0
0
0
0
0
0
0
0
0
0
0
0
0
0
0
0
0
0
0
0
0
0
0
0
0
0
0
0
0
0
0
0
0
0
0
0
0
0
0
0
0
0
0
0
0
0
0
0
0
0
0
0
0
0
0
0
0
0
0
0
0
0
0
0
0
0
0
0
0
0
0
0
0
0
0
0
0
0
0
0
0
0
0
0
0
0
0
0
0
0
0
0
0
0
0
0
0
0
0
0
0
0
0
0
0
0
0
0
0
0
0
0
0
0
0
0
0
0
0
0
0
0
0
0
0
0
0
0
0
0
0
0
0
0
0
0
0
0
0
0
0
0
0
0
0
0
0
0
0
0
0
0
0
0
0
0
0
0
0
0
0
0
0
0
0
0
0
0
0
0
0
0
0
0
0
0
0
0
0
0
0
0
0
0
0
0
0
0
0
0
0
0
0
0
0
0
0
0
0
0
0
0
0
0
0
0
0
0
0
0
0
0
0
0
0
0
0
0
0
0
0
0
0
0
0
0
0
0
0
0
0
0
0
0
0
0
0
0
0
0
0
0
0
0
0
0
0
0
0
0
0
0
0
0
0
0
0
0
0
0
0
0
0
0
0
0
0
0
0
0
0
0
0
0
0
0
0
0
0
0
0
0
0
0
0
0
0
0
0
0
0
0
0
0
0
0
0
0
0
0
0
0
0
0
0
0
0
0
0
0
0
0
0
0
0
0
0
0
0
0
0
0
0
0
0
0
0
0
0
0
0
0
0
0
0
0
0
0
0
0
0
0
0
0
0
0
0
0
0
0
0
0
0
0
0
0
0
0
0
0
0
0
0
0
0
0
0
0
0
0
0
0
0
0
0
0
0
0
0
0
0
0
0
0
0
0
0
0
0
0
0
0
0
0
0
0
0
0
0
0
0
0
0
0
0
0
0
0
0
0
0
0
0
0
0
0
0
0
0
0
0
0
0
0
0
0
0
0
0
0
0
0
0
0
0
0
0
0
0
0
0
0
0
0
0
0
0
0
0
0
0
0
0
0
0
0
0
0
0
0
0
0
0
0
0
0
0
0
0
0
0
0
0
0
0
0
0
0
0
0
0
0
0
0
0
0
0
0
0
0
0
0
0
0
0
0
0
0
0
0
0
0
0
0
0
0
0
0
0
0
0
0
0
0
0
0
0
0
0
0
0
0
0
0
0
0
0
0
0
0
0
0
0
0
0
0
0
0
0
0
0
0
0
0
0
0
0
0
0
0
0
0
0
0
0
0
0
0
0
0
0
0
0
0
0
0
0
0
0
0
0
0
0
0
0
0
0
0
0
0
0
0
0
0
0
0
0
0
0
0
0
0
0
0
0
0
0
0
0
0
0
0
0
0
0
0
0
0
0
0
0
0
0
0
0
0
0
0
0
0
0
0
0
0
0
0
0
0
0
0
0
0
0
0
0
0
0
0
0
0
0
0
0
0
0
0
0
0
0
0
0
0
0
0
0
0
0
0
0
0
0
0
0
0
0
0
0
0
0
0
0
0
0
0
0
0
0
0
0
0
0
0
0
0
0
0
0
0
0
0
0
0
0
0
0
0
0
0
0
0
0
0
0
0
0
0
0
0
0
0
0
0
0
0
0
0
0
0
0
0
0
0
0
0
0
0
0
0
0
0
0
0
0
0
0
0
0
0
0
0
0
0
0
0
0
0
0
0
0
0
0
0
0
0
0
0
0
0
0
0
0
0
0
0
0
0
0
0
0
0
0
0
0
0
0
0
0
0
0
0
0
0
0
0
0
0
0
0
0
0
0
0
0
0
0
0
0
0
0
0
0
0
0
0
0
0
0
0
0
0
0
0
0
0
0
0
0
0
0
0
0
0
0
0
0
0
0
0
0
0
0
0
0
0
0
0
0
0
0
0
0
0
0
0
0
0
0
0
0
0
0
0
0
0
0
0
0
0
0
0
0
0
0
0
0
0
0
0
0
0
0
0
0
0
0
0
0
0
0
0
0
0
0
0
0
0
0
0
0
0
0
0
0
0
0
0
0
0
0
0
0
0
0
0
0
0
0
0
0
0
0
0
0
0
0
0
0
0
0
0
0
0
0
0
0
0
0
0
0
0
0
0
0
0
0
0
0
0
0
0
0
0
0
0
0
0
0
0
0
0
0
0
0
0
0
0
0
0
0
0
0
0
0
0
0
0
0
0
0
0
0
0
0
0
0
0
0
0
0
0
0
0
0
0
0
0
0
0
0
0
0
0
0
0
0
0
0
0
0
0
0
0
0
0
0
0
0
0
0
0
0
0
0
0
0
0
0
0
0
0
0
0
0
0
0
0
0
0
0
0
0
0
0
0
0
0
0
0
0
0
0
0
0
0
0
0
0
0
0
0
0
0
0
0
0
0
0
0
0
0
0
0
0
0
0
0
0
0
0
0
0
0
0
0
0
0
0
0
0
0
0
0
0
0
0
0
0
0
0
0
0
0
0
0
0
0
0
0
0
0
0
0
0
0
0
0
0
0
0
0
0
0
0
0
0
0
0
0
0
0
0
0
0
0
0
0
0
0
0
0
0
0
0
0
0
0
0
0
0
0
0
0
0
0
0
0
0
0
0
0
0
0
0
0
0
0
0
0
0
0
0
0
0
0
0
0
0
0
0
0
0
0
0
0
0
0
0
0
0
0
0
0
0
0
0
0
0
0
0
0
0
0
0
0
0
0
0
0
0
0
0
0
0
0
0
0
0
0
0
0
0
0
0
0
0
0
0
0
0
0
0
0
0
0
0
0
0
0
0
0
0
0
0
0
0
0
0
0
0
0
0
0
0
0
0
0
0
0
0
0
0
0
0
0
0
0
0
0
0
0
0
0
0
0
0
0
0
0
0
0
0
0
0
0
0
0
0
0
0
0
0
0
0
0
0
0
0
0
0
0
0
0
0
0
0
0
0
0
0
0
0
0
0
0
0
0
0
0
0
0
0
0
0
0
0
0
0
0
0
0
0
0
0
0
0
0
0
0
0
0
0
0
0
0
0
0
0
0
0
0
0
0
0
0
0
0
0
0
0
0
0
0
0
0
0
0
0
0
0
0
0
0
0
0
0
0
0
0
0
0
0
0
0
0
0
0
0
0
0
0
0
0
0
0
0
0
0
0
0
0
0
0
0
0
0
0
0
0
0
0
0
0
0
0
0
0
0
0
0
0
0
0
0
0
0
0
0
0
0
0
0
0
0
0
0
0
0
0
0
0
0
0
0
0
0
0
0
0
0
0
0
0
0
0
0
0
0
0
0
0
0
0
0
0
0
0
0
0
0
0
0
0
0
0
0
0
0
0
0
0
0
0
0
0
0
0
0
0
0
0
0
0
0
0
0
0
0
0
0
0
0
0
0
0
0
0
0
0
0
0
0
0
0
0
0
0
0
0
0
0
0
0
0
0
0
0
0
0
0
0
0
0
0
0
0
0
0
0
0
0
0
0
0
0
0
0
0
0
0
0
0
0
0
0
0
0
0
0
0
0
0
0
0
0
0
0
0
0
0
0
0
0
0
0
0
0
0
0
0
0
0
0
0
0
0
0
0
0
0
0
0
0
0
0
0
0
0
0
0
0
0
0
0
0
0
0
0
0
0
0
0
0
0
0
0
0
0
0
0
0
0
0
0
0
0
0
0
0
0
0
0
0
0
0
0
0
0
0
0
0
0
0
0
0
0
0
0
0
0
0
0
0
0
0
0
0
0
0
0
0
0
0
0
0
0
0
0
0
0
0
0
0
0
0
0
0
0
0
0
0
0
0
0
0
0
0
0
0
0
0
0
0
0
0
0
0
0
0
0
0
0
0
0
0
0
0
0
0
0
0
0
0
0
0
0
0
0
0
0
0
0
0
0
0
0
0
0
0
0
0
0
0
0
0
0
0
0
0
0
0
0
0
0
0
0
0
0
0
0
0
0
0
0
0
0
0
0
0
0
0
0
0
0
0
0
0
0
0
0
0
0
0
0
0
0
0
0
0
0
0
0
0
0
0
0
0
0
0
0
0
0
0
0
0
0
0
0
0
0
0
0
0
0
0
0
0
0
0
0
0
0
0
0
0
0
0
0
0
0
0
0
0
0
0
0
0
0
0
0
0
0
0
0
0
0
0
0
0
0
0
0
0
0
0
0
0
0
0
0
0
0
0
0
0
0
0
0
0
0
0
0
0
0
0
0
0
0
0
0
0
0
0
0
0
0
0
0
0
0
0
0
0
0
0
0
0
0
0
0
0
0
0
0
0
0
0
0
0
0
0
0
0
0
0
0
0
0
0
0
0
0
0
0
0
0
0
0
0
0
0
0
0
0
0
0
0
0
0
0
0
0
0
0
0
0
0
0
0
0
0
0
0
0
0
0
0
0
0
0
0
0
0
0
0
0
0
0
0
0
0
0
0
0
0
0
0
0
0
0
0
0
0
0
0
0
0
0
0
0
0
0
0
0
0
0
0
0
0
0
0
0
0
0
0
0
0
0
0
0
0
0
0
0
0
0
0
0
0
0
0
0
0
0
0
0
0
0
0
0
0
0
0
0
0
0
0
0
0
0
0
0
0
0
0
0
0
0
0
0
0
0
0
0
0
0
0
0
0
0
0
0
0
0
0
0
0
0
0
0
0
0
0
0
0
0
0
0
0
0
0
0
0
0
0
0
0
0
0
0
0
0
0
0
0
0
0
0
0
0
0
0
0
0
0
0
0
0
0
0
0
0
0
0
0
0
0
0
0
0
0
0
0
0
0
0
0
0
0
0
0
0
0
0
0
0
0
0
0
0
0
0
0
0
0
0
0
0
0
0
0
0
0
0
0
0
0
0
0
0
0
0
0
0
0
0
0
0
0
0
0
0
0
0
0
0
0
0
0
0
0
0
0
0
0
0
0
0
0
0
0
0
0
0
0
0
0
0
0
0
0
0
0
0
0
0
0
0
0
0
0
0
0
0
0
0
0
0
0
0
0
0
0
0
0
0
0
0
0
0
0
0
0
0
0
0
0
0
0
0
0
0
0
0
0
0
0
0
0
0
0
0
0
0
0
0
0
0
0
0
0
0
0
0
0
0
0
0
0
0
0
0
0
0
0
0
0
0
0
0
0
0
0
0
0
0
0
0
0
0
0
0
0
0
0
0
0
0
0
0
0
0
0
0
0
0
0
0
0
0
0
0
0
0
0
0
0
0
0
0
0
0
0
0
0
0
0
0
0
0
0
0
0
0
0
0
0
0
0
0
0
0
0
0
0
0
0
0
0
0
0
0
0
0
0
0
0
0
0
0
0
0
0
0
0
0
0
0
0
0
0
0
0
0
0
0
0
0
0
0
0
0
0
0
0
0
0
0
0
0
0
0
0
0
0
0
0
0
0
0
0
0
0
0
0
0
0
0
0
0
0
0
0
0
0
0
0
0
0
0
0
0
0
0
0
0
0
0
0
0
0
0
0
0
0
0
0
0
0
0
0
0
0
0
0
0
0
0
0
0
0
0
0
0
0
0
0
0
0
0
0
0
0
0
0
0
0
0
0
0
0
0
0
0
0
0
0
0
0
0
0
0
0
0
0
0
0
0
0
0
0
0
0
0
0
0
0
0
0
0
0
0
0
0
0
0
0
0
0
0
0
0
0
0
0
0
0
0
0
0
0
0
0
0
0
0
0
0
0
0
0
0
0
0
0
0
0
0
0
0
0
0
0
0
0
0
0
0
0
0
0
0
0
0
0
0
0
0
0
0
0
0
0
0
0
0
0
0
0
0
0
0
0
0
0
0
0
0
0
0
0
0
0
0
0
0
0
0
0
0
0
0
0
0
0
0
0
0
0
0
0
0
0
0
0
0
0
0
0
0
0
0
0
0
0
0
0
0
0
0
0
0
0
0
0
0
0
0
0
0
0
0
0
0
0
0
0
0
0
0
0
0
0
0
0
0
0
0
0
0
0
0
0
0
0
0
0
0
0
0
0
0
0
0
0
0
0
0
0
0
0
0
0
0
0
0
0
0
0
0
0
0
0
0
0
0
0
0
0
0
0
0
0
0
0
0
0
0
0
0
0
0
0
0
0
0
0
0
0
0
0
0
0
0
0
0
0
0
0
0
0
0
0
0
0
0
0
0
0
0
0
0
0
0
0
0
0
0
0
0
0
0
0
0
0
0
0
0
0
0
0
0
0
0
0
0
0
0
0
0
0
0
0
0
0
0
0
0
0
0
0
0
0
0
0
0
0
0
0
0
0
0
0
0
0
0
0
0
0
0
0
0
0
0
0
0
0
0
0
0
0
0
0
0
0
0
0
0
0
0
0
0
0
0
0
0
0
0
0
0
0
0
0
0
0
0
0
0
0
0
0
0
0
0
0
0
0
0
0
0
0
0
0
0
0
0
0
0
0
0
0
0
0
0
0
0
0
0
0
0
0
0
0
0
0
0
0
0
0
0
0
0
0
0
0
0
0
0
0
0
0
0
0
0
0
0
0
0
0
0
0
0
0
0
0
0
0
0
0
0
0
0
0
0
0
0
0
0
0
0
0
0
0
0
0
0
0
0
0
0
0
0
0
0
0
0
0
0
0
0
0
0
0
0
0
0
0
0
0
0
0
0
0
0
0
0
0
0
0
0
0
0
0
0
0
0
0
0
0
0
0
0
0
0
0
0
0
0
0
0
0
0
0
0
0
0
0
0
0
0
0
0
0
0
0
0
0
0
0
0
0
0
0
0
0
0
0
0
0
0
0
0
0
0
0
0
0
0
0
0
0
0
0
0
0
0
0
0
0
0
0
0
0
0
0
0
0
0
0
0
0
0
0
0
0
0
0
0
0
0
0
0
0
0
0
0
0
0
0
0
0
0
0
0
0
0
0
0
0
0
0
0
0
0
0
0
0
0
0
0
0
0
0
0
0
0
0
0
0
0
0
0
0
0
0
0
0
0
0
0
0
0
0
0
0
0
0
0
0
0
0
0
0
0
0
0
0
0
0
0
0
0
0
0
0
0
0
0
0
0
0
0
0
0
0
0
0
0
0
0
0
0
0
0
0
0
0
0
0
0
0
0
0
0
0
0
0
0
0
0
0
0
0
0
0
0
0
0
0
0
0
0
0
0
0
0
0
0
0
0
0
0
0
0
0
0
0
0
0
0
0
0
0
0
0
0
0
0
0
0
0
0
0
0
0
0
0
0
0
0
0
0
0
0
0
0
0
0
0
0
0
0
0
0
0
0
0
0
0
0
0
0
0
0
0
0
0
0
0
0
0
0
0
0
0
0
0
0
0
0
0
0
0
0
0
0
0
0
0
0
0
0
0
0
0
0
0
0
0
0
0
0
0
0
0
0
0
0
0
0
0
0
0
0
0
0
0
0
0
0
0
0
0
0
0
0
0
0
0
0
0
0
0
0
0
0
0
0
0
0
0
0
0
0
0
0
0
0
0
0
0
0
0
0
0
0
0
0
0
0
0
0
0
0
0
0
0
0
0
0
0
0
0
0
0
0
0
0
0
0
0
0
0
0
0
0
0
0
0
0
0
0
0
0
0
0
0
0
0
0
0
0
0
0
0
0
0
0
0
0
0
0
0
0
0
0
0
0
0
0
0
0
0
0
0
0
0
0
0
0
0
0
0
0
0
0
0
0
0
0
0
0
0
0
0
0
0
0
0
0
0
0
0
0
0
0
0
0
0
0
0
0
0
0
0
0
0
0
0
0
0
0
0
0
0
0
0
0
0
0
0
0
0
0
0
0
0
0
0
0
0
0
0
0
0
0
0
0
0
0
0
0
0
0
0
0
0
0
0
0
0
0
0
0
0
0
0
0
0
0
0
0
0
0
0
0
0
0
0
0
0
0
0
0
0
0
0
0
0
0
0
0
0
0
0
0
0
0
0
0
0
0
0
0
0
0
0
0
0
0
0
0
0
0
0
0
0
0
0
0
0
0
0
0
0
0
0
0
0
0
0
0
0
0
0
0
0
0
0
0
0
0
0
0
0
0
0
0
0
0
0
0
0
0
0
0
0
0
0
0
0
0
0
0
0
0
0
0
0
0
0
0
0
0
0
0
0
0
0
0
0
0
0
0
0
0
0
0
0
0
0
0
0
0
0
0
0
0
0
0
0
0
0
0
0
0
0
0
0
0
0
0
0
0
0
0
0
0
0
0
0
0
0
0
0
0
0
0
0
0
0
0
0
0
0
0
0
0
0
0
0
0
0
0
0
0
0
0
0
0
0
0
0
0
0
0
0
0
0
0
0
0
0
0
0
0
0
0
0
0
0
0
0
0
0
0
0
0
0
0
0
0
0
0
0
0
0
0
0
0
0
0
0
0
0
0
0
0
0
0
0
0
0
0
0
0
0
0
0
0
0
0
0
0
0
0
0
0
0
0
0
0
0
0
0
0
0
0
0
0
0
0
0
0
0
0
0
0
0
0
0
0
0
0
0
0
0
0
0
0
0
0
0
0
0
0
0
0
0
0
0
0
0
0
0
0
0
0
0
0
0
0
0
0
0
0
0
0
0
0
0
0
0
0
0
0
0
0
0
0
0
0
0
0
0
0
0
0
0
0
0
0
0
0
0
0
0
0
0
0
0
0
0
0
0
0
0
0
0
0
0
0
0
0
0
0
0
0
0
0
0
0
0
0
0
0
0
0
0
0
0
0
0
0
0
0
0
0
0
0
0
0
0
0
0
0
0
0
0
0
0
0
0
0
0
0
0
0
0
0
0
0
0
0
0
0
0
0
0
0
0
0
0
0
0
0
0
0
0
0
0
0
0
0
0
0
0
0
0
0
0
0
0
0
0
0
0
0
0
0
0
0
0
0
0
0
0
0
0
0
0
0
0
0
0
0
0
0
0
0
0
0
0
0
0
0
0
0
0
0
0
0
0
0
0
0
0
0
0
0
0
0
0
0
0
0
0
0
0
0
0
0
0
0
0
0
0
0
0
0
0
0
0
0
0
0
0
0
0
0
0
0
0
0
0
0
0
0
0
0
0
0
0
0
0
0
0
0
0
0
0
0
0
0
0
0
0
0
0
0
0
0
0
0
0
0
0
0
0
0
0
0
0
0
0
0
0
0
0
0
0
0
0
0
0
0
0
0
0
0
0
0
0
0
0
0
0
0
0
0
0
0
0
0
0
0
0
0
0
0
0
0
0
0
0
0
0
0
0
0
0
0
0
0
0
0
0
0
0
0
0
0
0
0
0
0
0
0
0
0
0
0
0
0
0
0
0
0
0
0
0
0
0
0
0
0
0
0
0
0
0
0
0
0
0
0
0
0
0
0
0
0
0
0
0
0
0
0
0
0
0
0
0
0
0
0
0
0
0
0
0
0
0
0
0
0
0
0
0
0
0
0
0
0
0
0
0
0
0
0
0
0
0
0
0
0
0
0
0
0
0
0
0
0
0
0
0
0
0
0
0
0
0
0
0
0
0
0
0
0
0
0
0
0
0
0
0
0
0
0
0
0
0
0
0
0
0
0
0
0
0
0
0
0
0
0
0
0
0
0
0
0
0
0
0
0
0
0
0
0
0
0
0
0
0
0
0
0
0
0
0
0
0
0
0
0
0
0
0
0
0
0
0
0
0
0
0
0
0
0
0
0
0
0
0
0
0
0
0
0
0
0
0
0
0
0
0
0
0
0
0
0
0
0
0
0
0
0
0
0
0
0
0
0
0
0
0
0
0
0
0
0
0
0
0
0
0
0
0
0
0
0
0
0
0
0
0
0
0
0
0
0
0
0
0
0
0
0
0
0
0
0
0
0
0
0
0
0
0
0
0
0
0
0
0
0
0
0
0
0
0
0
0
0
0
0
0
0
0
0
0
0
0
0
0
0
0
0
0
0
0
0
0
0
0
0
0
0
0
0
0
0
0
0
0
0
0
0
0
0
0
0
0
0
0
0
0
0
0
0
0
0
0
0
0
0
0
0
0
0
0
0
0
0
0
0
0
0
0
0
0
0
0
0
0
0
0
0
0
0
0
0
0
0
0
0
0
0
0
0
0
0
0
0
0
0
0
0
0
0
0
0
0
0
0
0
0
0
0
0
0
0
0
0
0
0
0
0
0
0
0
0
0
0
0
0
0
0
0
0
0
0
0
0
0
0
0
0
0
0
0
0
0
0
0
0
0
0
0
0
0
0
0
0
0
0
0
0
0
0
0
0
0
0
0
0
0
0
0
0
0
0
0
0
0
0
0
0
0
0
0
0
0
0
0
0
0
0
0
0
0
0
0
0
0
0
0
0
0
0
0
0
0
0
0
0
0
0
0
0
0
0
0
0
0
0
0
0
0
0
0
0
0
0
0
0
0
0
0
0
0
0
0
0
0
0
0
0
0
0
0
0
0
0
0
0
0
0
0
0
0
0
0
0
0
0
0
0
0
0
0
0
0
0
0
0
0
0
0
0
0
0
0
0
0
0
0
0
0
0
0
0
0
0
0
0
0
0
0
0
0
0
0
0
0
0
0
0
0
0
0
0
0
0
0
0
0
0
0
0
0
0
0
0
0
0
0
0
0
0
0
0
0
0
0
0
0
0
0
0
0
0
0
0
0
0
0
0
0
0
0
0
0
0
0
0
0
0
0
0
0
0
0
0
0
0
0
0
0
0
0
0
0
0
0
0
0
0
0
0
0
0
0
0
0
0
0
0
0
0
0
0
0
0
0
0
0
0
0
0
0
0
0
0
0
0
0
0
0
0
0
0
0
0
0
0
0
0
0
0
0
0
0
0
0
0
0
0
0
0
0
0
0
0
0
0
0
0
0
0
0
0
0
0
0
0
0
0
0
0
0
0
0
0
0
0
0
0
0
0
0
0
0
0
0
0
0
0
0
0
0
0
0
0
0
0
0
0
0
0
0
0
0
0
0
0
0
0
0
0
0
0
0
0
0
0
0
0
0
0
0
0
0
0
0
0
0
0
0
0
0
0
0
0
0
0
0
0
0
0
0
0
0
0
0
0
0
0
0
0
0
0
0
0
0
0
0
0
0
0
0
0
0
0
0
0
0
0
0
0
0
0
0
0
0
0
0
0
0
0
0
0
0
0
0
0
0
0
0
0
0
0
0
0
0
0
0
0
0
0
0
0
0
0
0
0
0
0
0
0
0
0
0
0
0
0
0
0
0
0
0
0
0
0
0
0
0
0
0
0
0
0
0
0
0
0
0
0
0
0
0
0
0
0
0
0
0
0
0
0
0
0
0
0
0
0
0
0
0
0
0
0
0
0
0
0
0
0
0
0
0
0
0
0
0
0
0
0
0
0
0
0
0
0
0
0
0
0
0
0
0
0
0
0
0
0
0
0
0
0
0
0
0
0
0
0
0
0
0
0
0
0
0
0
0
0
0
0
0
0
0
0
0
0
0
0
0
0
0
0
0
0
0
0
0
0
0
0
0
0
0
0
0
0
0
0
0
0
0
0
0
0
0
0
0
0
0
0
0
0
0
0
0
0
0
0
0
0
0
0
0
0
0
0
0
0
0
0
0
0
0
0
0
0
0
0
0
0
0
0
0
0
0
0
0
0
0
0
0
0
0
0
0
0
0
0
0
0
0
0
0
0
0
0
0
0
0
0
0
0
0
0
0
0
0
0
0
0
0
0
0
0
0
0
0
0
0
0
0
0
0
0
0
0
0
0
0
0
0
0
0
0
0
0
0
0
0
0
0
0
0
0
0
0
0
0
0
0
0
0
0
0
0
0
0
0
0
0
0
0
0
0
0
0
0
0
0
0
0
0
0
0
0
0
0
0
0
0
0
0
0
0
0
0
0
0
0
0
0
0
0
0
0
0
0
0
0
0
0
0
0
0
0
0
0
0
0
0
0
0
0
0
0
0
0
0
0
0
0
0
0
0
0
0
0
0
0
0
0
0
0
0
0
0
0
0
0
0
0
0
0
0
0
0
0
0
0
0
0
0
0
0
0
0
0
0
0
0
0
0
0
0
0
0
0
0
0
0
0
0
0
0
0
0
0
0
0
0
0
0
0
0
0
0
0
0
0
0
0
0
0
0
0
0
0
0
0
0
0
0
0
0
0
0
0
0
0
0
0
0
0
0
0
0
0
0
0
0
0
0
0
0
0
0
0
0
0
0
0
0
0
0
0
0
0
0
0
0
0
0
0
0
0
0
0
0
0
0
0
0
0
0
0
0
0
0
0
0
0
0
0
0
0
0
0
0
0
0
0
0
0
0
0
0
0
0
0
0
0
0
0
0
0
0
0
0
0
0
0
0
0
0
0
0
0
0
0
0
0
0
0
0
0
0
0
0
0
0
0
0
0
0
0
0
0
0
0
0
0
0
0
0
0
0
0
0
0
0
0
0
0
0
0
0
0
0
0
0
0
0
0
0
0
0
0
0
0
0
0
0
0
0
0
0
0
0
0
0
0
0
0
0
0
0
0
0
0
0
0
0
0
0
0
0
0
0
0
0
0
0
0
0
0
0
0
0
0
0
0
0
0
0
0
0
0
0
0
0
0
0
0
0
0
0
0
0
0
0
0
0
0
0
0
0
0
0
0
0
0
0
0
0
0
0
0
0
0
0
0
0
0
0
0
0
0
0
0
0
0
0
0
0
0
0
0
0
0
0
0
0
0
0
0
0
0
0
0
0
0
0
0
0
0
0
0
0
0
0
0
0
0
0
0
0
0
0
0
0
0
0
0
0
0
0
0
0
0
0
0
0
0
0
0
0
0
0
0
0
0
0
0
0
0
0
0
0
0
0
0
0
0
0
0
0
0
0
0
0
0
0
0
0
0
0
0
0
0
0
0
0
0
0
0
0
0
0
0
0
0
0
0
0
0
0
0
0
0
0
0
0
0
0
0
0
0
0
0
0
0
0
0
0
0
0
0
0
0
0
0
0
0
0
0
0
0
0
0
0
0
0
0
0
0
0
0
0
0
0
0
0
0
0
0
0
0
0
0
0
0
0
0
0
0
0
0
0
0
0
0
0
0
0
0
0
0
0
0
0
0
0
0
0
0
0
0
0
0
0
0
0
0
0
0
0
0
0
0
0
0
0
0
0
0
0
0
0
0
0
0
0
0
0
0
0
0
0
0
0
0
0
0
0
0
0
0
0
0
0
0
0
0
0
0
0
0
0
0
0
0
0
0
0
0
0
0
0
0
0
0
0
0
0
0
0
0
0
0
0
0
0
0
0
0
0
0
0
0
0
0
0
0
0
0
0
0
0
0
0
0
0
0
0
0
0
0
0
0
0
0
0
0
0
0
0
0
0
0
0
0
0
0
0
0
0
0
0
0
0
0
0
0
0
0
0
0
0
0
0
0
0
0
0
0
0
0
0
0
0
0
0
0
0
0
0
0
0
0
0
0
0
0
0
0
0
0
0
0
0
0
0
0
0
0
0
0
0
0
0
0
0
0
0
0
0
0
0
0
0
0
0
0
0
0
0
0
0
0
0
0
0
0
0
0
0
0
0
0
0
0
0
0
0
0
0
0
0
0
0
0
0
0
0
0
0
0
0
0
0
0
0
0
0
0
0
0
0
0
0
0
0
0
0
0
0
0
0
0
0
0
0
0
0
0
0
0
0
0
0
0
0
0
0
0
0
0
0
0
0
0
0
0
0
0
0
0
0
0
0
0
0
0
0
0
0
0
0
0
0
0
0
0
0
0
0
0
0
0
0
0
0
0
0
0
0
0
0
0
0
0
0
0
0
0
0
0
0
0
0
0
0
0
0
0
0
0
0
0
0
0
0
0
0
0
0
0
0
0
0
0
0
0
0
0
0
0
0
0
0
0
0
0
0
0
0
0
0
0
0
0
0
0
0
0
0
0
0
0
0
0
0
0
0
0
0
0
0
0
0
0
0
0
0
0
0
0
0
0
0
0
0
0
0
0
0
0
0
0
0
0
0
0
0
0
0
0
0
0
0
0
0
0
0
0
0
0
0
0
0
0
0
0
0
0
0
0
0
0
0
0
0
0
0
0
0
0
0
0
0
0
0
0
0
0
0
0
0
0
0
0
0
0
0
0
0
0
0
0
0
0
0
0
0
0
0
0
0
0
0
0
0
0
0
0
0
0
0
0
0
0
0
0
0
0
0
0
0
0
0
0
0
0
0
0
0
0
0
0
0
0
0
0
0
0
0
0
0
0
0
0
0
0
0
0
0
0
0
0
0
0
0
0
0
0
0
0
0
0
0
0
0
0
0
0
0
0
0
0
0
0
0
0
0
0
0
0
0
0
0
0
0
0
0
0
0
0
0
0
0
0
0
0
0
0
0
0
0
0
0
0
0
0
0
0
0
0
0
0
0
0
0
0
0
0
0
0
0
0
0
0
0
0
0
0
0
0
0
0
0
0
0
0
0
0
0
0
0
0
0
0
0
0
0
0
0
0
0
0
0
0
0
0
0
0
0
0
0
0
0
0
0
0
0
0
0
0
0
0
0
0
0
0
0
0
0
0
0
0
0
0
0
0
0
0
0
0
0
0
0
0
0
0
0
0
0
0
0
0
0
0
0
0
0
0
0
0
0
0
0
0
0
0
0
0
0
0
0
0
0
0
0
0
0
0
0
0
0
0
0
0
0
0
0
0
0
0
0
0
0
0
0
0
0
0
0
0
0
0
0
0
0
0
0
0
0
0
0
0
0
0
0
0
0
0
0
0
0
0
0
0
0
0
0
0
0
0
0
0
0
0
0
0
0
0
0
0
0
0
0
0
0
0
0
0
0
0
0
0
0
0
0
0
0
0
0
0
0
0
0
0
0
0
0
0
0
0
0
0
0
0
0
0
0
0
0
0
0
0
0
0
0
0
0
0
0
0
0
0
0
0
0
0
0
0
0
0
0
0
0
0
0
0
0
0
0
0
0
0
0
0
0
0
0
0
0
0
0
0
0
0
0
0
0
0
0
0
0
0
0
0
0
0
0
0
0
0
0
0
0
0
0
0
0
0
0
0
0
0
0
0
0
0
0
0
0
0
0
0
0
0
0
0
0
0
0
0
0
0
0
0
0
0
0
0
0
0
0
0
0
0
0
0
0
0
0
0
0
0
0
0
0
0
0
0
0
0
0
0
0
0
0
0
0
0
0
0
0
0
0
0
0
0
0
0
0
0
0
0
0
0
0
0
0
0
0
0
0
0
0
0
0
0
0
0
0
0
0
0
0
0
0
0
0
0
0
0
0
0
0
0
0
0
0
0
0
0
0
0
0
0
0
0
0
0
0
0
0
0
0
0
0
0
0
0
0
0
0
0
0
0
0
0
0
0
0
0
0
0
0
0
0
0
0
0
0
0
0
0
0
0
0
0
0
0
0
0
0
0
0
0
0
0
0
0
0
0
0
0
0
0
0
0
0
0
0
0
0
0
0
0
0
0
0
0
0
0
0
0
0
0
0
0
0
0
0
0
0
0
0
0
0
0
0
0
0
0
0
0
0
0
0
0
0
0
0
0
0
0
0
0
0
0
0
0
0
0
0
0
0
0
0
0
0
0
0
0
0
0
0
0
0
0
0
0
0
0
0
0
0
0
0
0
0
0
0
0
0
0
0
0
0
0
0
0
0
0
0
0
0
0
0
0
0
0
0
0
0
0
0
0
0
0
0
0
0
0
0
0
0
0
0
0
0
0
0
0
0
0
0
0
0
0
0
0
0
0
0
0
0
0
0
0
0
0
0
0
0
0
0
0
0
0
0
0
0
0
0
0
0
0
0
0
0
0
0
0
0
0
0
0
0
0
0
0
0
0
0
0
0
0
0
0
0
0
0
0
0
0
0
0
0
0
0
0
0
0
0
0
0
0
0
0
0
0
0
0
0
0
0
0
0
0
0
0
0
0
0
0
0
0
0
0
0
0
0
0
0
0
0
0
0
0
0
0
0
0
0
0
0
0
0
0
0
0
0
0
0
0
0
0
0
0
0
0
0
0
0
0
0
0
0
0
0
0
0
0
0
0
0
0
0
0
0
0
0
0
0
0
0
0
0
0
0
0
0
0
0
0
0
0
0
0
0
0
0
0
0
0
0
0
0
0
0
0
0
0
0
0
0
0
0
0
0
0
0
0
0
0
0
0
0
0
0
0
0
0
0
0
0
0
0
0
0
0
0
0
0
0
0
0
0
0
0
0
0
0
0
0
0
0
0
0
0
0
0
0
0
0
0
0
0
0
0
0
0
0
0
0
0
0
0
0
0
0
0
0
0
0
0
0
0
0
0
0
0
0
0
0
0
0
0
0
0
0
0
0
0
0
0
0
0
0
0
0
0
0
0
0
0
0
0
0
0
0
0
0
0
0
0
0
0
0
0
0
0
0
0
0
0
0
0
0
0
0
0
0
0
0
0
0
0
0
0
0
0
0
0
0
0
0
0
0
0
0
0
0
0
0
0
0
0
0
0
0
0
0
0
0
0
0
0
0
0
0
0
0
0
0
0
0
0
0
0
0
0
0
0
0
0
0
0
0
0
0
0
0
0
0
0
0
0
0
0
0
0
0
0
0
0
0
0
0
0
0
0
0
0
0
0
0
0
0
0
0
0
0
0
0
0
0
0
0
0
0
0
0
0
0
0
0
0
0
0
0
0
0
0
0
0
0
0
0
0
0
0
0
0
0
0
0
0
0
0
0
0
0
0
0
0
0
0
0
0
0
0
0
0
0
0
0
0
0
0
0
0
0
0
0
0
0
0
0
0
0
0
0
0
0
0
0
0
0
0
0
0
0
0
0
0
0
0
0
0
0
0
0
0
0
0
0
0
0
0
0
0
0
0
0
0
0
0
0
0
0
0
0
0
0
0
0
0
0
0
0
0
0
0
0
0
0
0
0
0
0
0
0
0
0
0
0
0
0
0
0
0
0
0
0
0
0
0
0
0
0
0
0
0
0
0
0
0
0
0
0
0
0
0
0
0
0
0
0
0
0
0
0
0
0
0
0
0
0
0
0
0
0
0
0
0
0
0
0
0
0
0
0
0
0
0
0
0
0
0
0
0
0
0
0
0
0
0
0
0
0
0
0
0
0
0
0
0
0
0
0
0
0
0
0
0
0
0
0
0
0
0
0
0
0
0
0
0
0
0
0
0
0
0
0
0
0
0
0
0
0
0
0
0
0
0
0
0
0
0
0
0
0
0
0
0
0
0
0
0
0
0
0
0
0
0
0
0
0
0
0
0
0
0
0
0
0
0
0
0
0
0
0
0
0
0
0
0
0
0
0
0
0
0
0
0
0
0
0
0
0
0
0
0
0
0
0
0
0
0
0
0
0
0
0
0
0
0
0
0
0
0
0
0
0
0
0
0
0
0
0
0
0
0
0
0
0
0
0
0
0
0
0
0
0
0
0
0
0
0
0
0
0
0
0
0
0
0
0
0
0
0
0
0
0
0
0
0
0
0
0
0
0
0
0
0
0
0
0
0
0
0
0
0
0
0
0
0
0
0
0
0
0
0
0
0
0
0
0
0
0
0
0
0
0
0
0
0
0
0
0
0
0
0
0
0
0
0
0
0
0
0
0
0
0
0
0
0
0
0
0
0
0
0
0
0
0
0
0
0
0
0
0
0
0
0
0
0
0
0
0
0
0
0
0
0
0
0
0
0
0
0
0
0
0
0
0
0
0
0
0
0
0
0
0
0
0
0
0
0
0
0
0
0
0
0
0
0
0
0
0
0
0
0
0
0
0
0
0
0
0
0
0
0
0
0
0
0
0
0
0
0
0
0
0
0
0
0
0
0
0
0
0
0
0
0
0
0
0
0
0
0
0
0
0
0
0
0
0
0
0
0
0
0
0
0
0
0
0
0
0
0
0
0
0
0
0
0
0
0
0
0
0
0
0
0
0
0
0
0
0
0
0
0
0
0
0
0
0
0
0
0
0
0
0
0
0
0
0
0
0
0
0
0
0
0
0
0
0
0
0
0
0
0
0
0
0
0
0
0
0
0
0
0
0
0
0
0
0
0
0
0
0
0
0
0
0
0
0
0
0
0
0
0
0
0
0
0
0
0
0
0
0
0
0
0
0
0
0
0
0
0
0
0
0
0
0
0
0
0
0
0
0
0
0
0
0
0
0
0
0
0
0
0
0
0
0
0
0
0
0
0
0
0
0
0
0
0
0
0
0
0
0
0
0
0
0
0
0
0
0
0
0
0
0
0
0
0
0
0
0
0
0
0
0
0
0
0
0
0
0
0
0
0
0
0
0
0
0
0
0
0
0
0
0
0
0
0
0
0
0
0
0
0
0
0
0
0
0
0
0
0
0
0
0
0
0
0
0
0
0
0
0
0
0
0
0
0
0
0
0
0
0
0
0
0
0
0
0
0
0
0
0
0
0
0
0
0
0
0
0
0
0
0
0
0
0
0
0
0
0
0
0
0
0
0
0
0
0
0
0
0
0
0
0
0
0
0
0
0
0
0
0
0
0
0
0
0
0
0
0
0
0
0
0
0
0
0
0
0
0
0
0
0
0
0
0
0
0
0
0
0
0
0
0
0
0
0
0
0
0
0
0
0
0
0
0
0
0
0
0
0
0
0
0
0
0
0
0
0
0
0
0
0
0
0
0
0
0
0
0
0
0
0
0
0
0
0
0
0
0
0
0
0
0
0
0
0
0
0
0
0
0
0
0
0
0
0
0
0
0
0
0
0
0
0
0
0
0
0
0
0
0
0
0
0
0
0
0
0
0
0
0
0
0
0
0
0
0
0
0
0
0
0
0
0
0
0
0
0
0
0
0
0
0
0
0
0
0
0
0
0
0
0
0
0
0
0
0
0
0
0
0
0
0
0
0
0
0
0
0
0
0
0
0
0
0
0
0
0
0
0
0
0
0
0
0
0
0
0
0
0
0
0
0
0
0
0
0
0
0
0
0
0
0
0
0
0
0
0
0
0
0
0
0
0
0
0
0
0
0
0
0
0
0
0
0
0
0
0
0
0
0
0
0
0
0
0
0
0
0
0
0
0
0
0
0
0
0
0
0
0
0
0
0
0
0
0
0
0
0
0
0
0
0
0
0
0
0
0
0
0
0
0
0
0
0
0
0
0
0
0
0
0
0
0
0
0
0
0
0
0
0
0
0
0
0
0
0
0
0
0
0
0
0
0
0
0
0
0
0
0
0
0
0
0
0
0
0
0
0
0
0
0
0
0
0
0
0
0
0
0
0
0
0
0
0
0
0
0
0
0
0
0
0
0
0
0
0
0
0
0
0
0
0
0
0
0
0
0
0
0
0
0
0
0
0
0
0
0
0
0
0
0
0
0
0
0
0
0
0
0
0
0
0
0
0
0
0
0
0
0
0
0
0
0
0
0
0
0
0
0
0
0
0
0
0
0
0
0
0
0
0
0
0
0
0
0
0
0
0
0
0
0
0
0
0
0
0
0
0
0
0
0
0
0
0
0
0
0
0
0
0
0
0
0
0
0
0
0
0
0
0
0
0
0
0
0
0
0
0
0
0
0
0
0
0
0
0
0
0
0
0
0
0
0
0
0
0
0
0
0
0
0
0
0
0
0
0
0
0
0
0
0
0
0
0
0
0
0
0
0
0
0
0
0
0
0
0
0
0
0
0
0
0
0
0
0
0
0
0
0
0
0
0
0
0
0
0
0
0
0
0
0
0
0
0
0
0
0
0
0
0
0
0
0
0
0
0
0
0
0
0
0
0
0
0
0
0
0
0
0
0
0
0
0
0
0
0
0
0
0
0
0
0
0
0
0
0
0
0
0
0
0
0
0
0
0
0
0
0
0
0
0
0
0
0
0
0
0
0
0
0
0
0
0
0
0
0
0
0
0
0
0
0
0
0
0
0
0
0
0
0
0
0
0
0
0
0
0
0
0
0
0
0
0
0
0
0
0
0
0
0
0
0
0
0
0
0
0
0
0
0
0
0
0
0
0
0
0
0
0
0
0
0
0
0
0
0
0
0
0
0
0
0
0
0
0
0
0
0
0
0
0
0
0
0
0
0
0
0
0
0
0
0
0
0
0
0
0
0
0
0
0
0
0
0
0
0
0
0
0
0
0
0
0
0
0
0
0
0
0
0
0
0
0
0
0
0
0
0
0
0
0
0
0
0
0
0
0
0
0
0
0
0
0
0
0
0
0
0
0
0
0
0
0
0
0
0
0
0
0
0
0
0
0
0
0
0
0
0
0
0
0
0
0
0
0
0
0
0
0
0
0
0
0
0
0
0
0
0
0
0
0
0
0
0
0
0
0
0
0
0
0
0
0
0
0
0
0
0
0
0
0
0
0
0
0
0
0
0
0
0
0
0
0
0
0
0
0
0
0
0
0
0
0
0
0
0
0
0
0
0
0
0
0
0
0
0
0
0
0
0
0
0
0
0
0
0
0
0
0
0
0
0
0
0
0
0
0
0
0
0
0
0
0
0
0
0
0
0
0
0
0
0
0
0
0
0
0
0
0
0
0
0
0
0
0
0
0
0
0
0
0
0
0
0
0
0
0
0
0
0
0
0
0
0
0
0
0
0
0
0
0
0
0
0
0
0
0
0
0
0
0
0
0
0
0
0
0
0
0
0
0
0
0
0
0
0
0
0
0
0
0
0
0
0
0
0
0
0
0
0
0
0
0
0
0
0
0
0
0
0
0
0
0
0
0
0
0
0
0
0
0
0
0
0
0
0
0
0
0
0
0
0
0
0
0
0
0
0
0
0
0
0
0
0
0
0
0
0
0
0
0
0
0
0
0
0
0
0
0
0
0
0
0
0
0
0
0
0
0
0
0
0
0
0
0
0
0
0
0
0
0
0
0
0
0
0
0
0
0
0
0
0
0
0
0
0
0
0
0
0
0
0
0
0
0
0
0
0
0
0
0
0
0
0
0
0
0
0
0
0
0
0
0
0
0
0
0
0
0
0
0
0
0
0
0
0
0
0
0
0
0
0
0
0
0
0
0
0
0
0
0
0
0
0
0
0
0
0
0
0
0
0
0
0
0
0
0
0
0
0
0
0
0
0
0
0
0
0
0
0
0
0
0
0
0
0
0
0
0
0
0
0
0
0
0
0
0
0
0
0
0
0
0
0
0
0
0
0
0
0
0
0
0
0
0
0
0
0
0
0
0
0
0
0
0
0
0
0
0
0
0
0
0
0
0
0
0
0
0
0
0
0
0
0
0
0
0
0
0
0
0
0
0
0
0
0
0
0
0
0
0
0
0
0
0
0
0
0
0
0
0
0
0
0
0
0
0
0
0
0
0
0
0
0
0
0
0
0
0
0
0
0
0
0
0
0
0
0
0
0
0
0
0
0
0
0
0
0
0
0
0
0
0
0
0
0
0
0
0
0
0
0
0
0
0
0
0
0
0
0
0
0
0
0
0
0
0
0
0
0
0
0
0
0
0
0
0
0
0
0
0
0
0
0
0
0
0
0
0
0
0
0
0
0
0
0
0
0
0
0
0
0
0
0
0
0
0
0
0
0
0
0
0
0
0
0
0
0
0
0
0
0
0
0
0
0
0
0
0
0
0
0
0
0
0
0
0
0
0
0
0
0
0
0
0
0
0
0
0
0
0
0
0
0
0
0
0
0
0
0
0
0
0
0
0
0
0
0
0
0
0
0
0
0
0
0
0
0
0
0
0
0
0
0
0
0
0
0
0
0
0
0
0
0
0
0
0
0
0
0
0
0
0
0
0
0
0
0
0
0
0
0
0
0
0
0
0
0
0
0
0
0
0
0
0
0
0
0
0
0
0
0
0
0
0
0
0
0
0
0
0
0
0
0
0
0
0
0
0
0
0
0
0
0
0
0
0
0
0
0
0
0
0
0
0
0
0
0
0
0
0
0
0
0
0
0
0
0
0
0
0
0
0
0
0
0
0
0
0
0
0
0
0
0
0
0
0
0
0
0
0
0
0
0
0
0
0
0
0
0
0
0
0
0
0
0
0
0
0
0
0
0
0
0
0
0
0
0
0
0
0
0
0
0
0
0
0
0
0
0
0
0
0
0
0
0
0
0
0
0
0
0
0
0
0
0
0
0
0
0
0
0
0
0
0
0
0
0
0
0
0
0
0
0
0
0
0
0
0
0
0
0
0
0
0
0
0
0
0
0
0
0
0
0
0
0
0
0
0
0
0
0
0
0
0
0
0
0
0
0
0
0
0
0
0
0
0
0
0
0
0
0
0
0
0
0
0
0
0
0
0
0
0
0
0
0
0
0
0
0
0
0
0
0
0
0
0
0
0
0
0
0
0
0
0
0
0
0
0
0
0
0
0
0
0
0
0
0
0
0
0
0
0
0
0
0
0
0
0
0
0
0
0
0
0
0
0
0
0
0
0
0
0
0
0
0
0
0
0
0
0
0
0
0
0
0
0
0
0
0
0
0
0
0
0
0
0
0
0
0
0
0
0
0
0
0
0
0
0
0
0
0
0
0
0
0
0
0
0
0
0
0
0
0
0
0
0
0
0
0
0
0
0
0
0
0
0
0
0
0
0
0
0
0
0
0
0
0
0
0
0
0
0
0
0
0
0
0
0
0
0
0
0
0
0
0
0
0
0
0
0
0
0
0
0
0
0
0
0
0
0
0
0
0
0
0
0
0
0
0
0
0
0
0
0
0
0
0
0
0
0
0
0
0
0
0
0
0
0
0
0
0
0
0
0
0
0
0
0
0
0
0
0
0
0
0
0
0
0
0
0
0
0
0
0
0
0
0
0
0
0
0
0
0
0
0
0
0
0
0
0
0
0
0
0
0
0
0
0
0
0
0
0
0
0
0
0
0
0
0
0
0
0
0
0
0
0
0
0
0
0
0
0
0
0
0
0
0
0
0
0
0
0
0
0
0
0
0
0
0
0
0
0
0
0
0
0
0
0
0
0
0
0
0
0
0
0
0
0
0
0
0
0
0
0
0
0
0
0
0
0
0
0
0
0
0
0
0
0
0
0
0
0
0
0
0
0
0
0
0
0
0
0
0
0
0
0
0
0
0
0
0
0
0
0
0
0
0
0
0
0
0
0
0
0
0
0
0
0
0
0
0
0
0
0
0
0
0
0
0
0
0
0
0
0
0
0
0
0
0
0
0
0
0
0
0
0
0
0
0
0
0
0
0
0
0
0
0
0
0
0
0
0
0
0
0
0
0
0
0
0
0
0
0
0
0
0
0
0
0
0
0
0
0
0
0
0
0
0
0
0
0
0
0
0
0
0
0
0
0
0
0
0
0
0
0
0
0
0
0
0
0
0
0
0
0
0
0
0
0
0
0
0
0
0
0
0
0
0
0
0
0
0
0
0
0
0
0
0
0
0
0
0
0
0
0
0
0
0
0
0
0
0
0
0
0
0
0
0
0
0
0
0
0
0
0
0
0
0
0
0
0
0
0
0
0
0
0
0
0
0
0
0
0
0
0
0
0
0
0
0
0
0
0
0
0
0
0
0
0
0
0
0
0
0
0
0
0
0
0
0
0
0
0
0
0
0
0
0
0
0
0
0
0
0
0
0
0
0
0
0
0
0
0
0
0
0
0
0
0
0
0
0
0
0
0
0
0
0
0
0
0
0
0
0
0
0
0
0
0
0
0
0
0
0
0
0
0
0
0
0
0
0
0
0
0
0
0
0
0
0
0
0
0
0
0
0
0
0
0
0
0
0
0
0
0
0
0
0
0
0
0
0
0
0
0
0
0
0
0
0
0
0
0
0
0
0
0
0
0
0
0
0
0
0
0
0
0
0
0
0
0
0
0
0
0
0
0
0
0
0
0
0
0
0
0
0
0
0
0
0
0
0
0
0
0
0
0
0
0
0
0
0
0
0
0
0
0
0
0
0
0
0
0
0
0
0
0
0
0
0
0
0
0
0
0
0
0
0
0
0
0
0
0
0
0
0
0
0
0
0
0
0
0
0
0
0
0
0
0
0
0
0
0
0
0
0
0
0
0
0
0
0
0
0
0
0
0
0
0
0
0
0
0
0
0
0
0
0
0
0
0
0
0
0
0
0
0
0
0
0
0
0
0
0
0
0
0
0
0
0
0
0
0
0
0
0
0
0
0
0
0
0
0
0
0
0
0
0
0
0
0
0
0
0
0
0
0
0
0
0
0
0
0
0
0
0
0
0
0
0
0
0
0
0
0
0
0
0
0
0
0
0
0
0
0
0
0
0
0
0
0
0
0
0
0
0
0
0
0
0
0
0
0
0
0
0
0
0
0
0
0
0
0
0
0
0
0
0
0
0
0
0
0
0
0
0
0
0
0
0
0
0
0
0
0
0
0
0
0
0
0
0
0
0
0
0
0
0
0
0
0
0
0
0
0
0
0
0
0
0
0
0
0
0
0
0
0
0
0
0
0
0
0
0
0
0
0
0
0
0
0
0
0
0
0
0
0
0
0
0
0
0
0
0
0
0
0
0
0
0
0
0
0
0
0
0
0
0
0
0
0
0
0
0
0
0
0
0
0
0
0
0
0
0
0
0
0
0
0
0
0
0
0
0
0
0
0
0
0
0
0
0
0
0
0
0
0
0
0
0
0
0
0
0
0
0
0
0
0
0
0
0
0
0
0
0
0
0
0
0
0
0
0
0
0
0
0
0
0
0
0
0
0
0
0
0
0
0
0
0
0
0
0
0
0
0
0
0
0
0
0
0
0
0
0
0
0
0
0
0
0
0
0
0
0
0
0
0
0
0
0
0
0
0
0
0
0
0
0
0
0
0
0
0
0
0
0
0
0
0
0
0
0
0
0
0
0
0
0
0
0
0
0
0
0
0
0
0
0
0
0
0
0
0
0
0
0
0
0
0
0
0
0
0
0
0
0
0
0
0
0
0
0
0
0
0
0
0
0
0
0
0
0
0
0
0
0
0
0
0
0
0
0
0
0
0
0
0
0
0
0
0
0
0
0
0
0
0
0
0
0
0
0
0
0
0
0
0
0
0
0
0
0
0
0
0
0
0
0
0
0
0
0
0
0
0
0
0
0
0
0
0
0
0
0
0
0
0
0
0
0
0
0
0
0
0
0
0
0
0
0
0
0
0
0
0
0
0
0
0
0
0
0
0
0
0
0
0
0
0
0
0
0
0
0
0
0
0
0
0
0
0
0
0
0
0
0
0
0
0
0
0
0
0
0
0
0
0
0
0
0
0
0
0
0
0
0
0
0
0
0
0
0
0
0
0
0
0
0
0
0
0
0
0
0
0
0
0
0
0
0
0
0
0
0
0
0
0
0
0
0
0
0
0
0
0
0
0
0
0
0
0
0
0
0
0
0
0
0
0
0
0
0
0
0
0
0
0
0
0
0
0
0
0
0
0
0
0
0
0
0
0
0
0
0
0
0
0
0
0
0
0
0
0
0
0
0
0
0
0
0
0
0
0
0
0
0
0
0
0
0
0
0
0
0
0
0
0
0
0
0
0
0
0
0
0
0
0
0
0
0
0
0
0
0
0
0
0
0
0
0
0
0
0
0
0
0
0
0
0
0
0
0
0
0
0
0
0
0
0
0
0
0
0
0
0
0
0
0
0
0
0
0
0
0
0
0
0
0
0
0
0
0
0
0
0
0
0
0
0
0
0
0
0
0
0
0
0
0
0
0
0
0
0
0
0
0
0
0
0
0
0
0
0
0
0
0
0
0
0
0
0
0
0
0
0
0
0
0
0
0
0
0
0
0
0
0
0
0
0
0
0
0
0
0
0
0
0
0
0
0
0
0
0
0
0
0
0
0
0
0
0
0
0
0
0
0
0
0
0
0
0
0
0
0
0
0
0
0
0
0
0
0
0
0
0
0
0
0
0
0
0
0
0
0
0
0
0
0
0
0
0
0
0
0
0
0
0
0
0
0
0
0
0
0
0
0
0
0
0
0
0
0
0
0
0
0
0
0
0
0
0
0
0
0
0
0
0
0
0
0
0
0
0
0
0
0
0
0
0
0
0
0
0
0
0
0
0
0
0
0
0
0
0
0
0
0
0
0
0
0
0
0
0
0
0
0
0
0
0
0
0
0
0
0
0
0
0
0
0
0
0
0
0
0
0
0
0
0
0
0
0
0
0
0
0
0
0
0
0
0
0
0
0
0
0
0
0
0
0
0
0
0
0
0
0
0
0
0
0
0
0
0
0
0
0
0
0
0
0
0
0
0
0
0
0
0
0
0
0
0
0
0
0
0
0
0
0
0
0
0
0
0
0
0
0
0
0
0
0
0
0
0
0
0
0
0
0
0
0
0
0
0
0
0
0
0
0
0
0
0
0
0
0
0
0
0
0
0
0
0
0
0
0
0
0
0
0
0
0
0
0
0
0
0
0
0
0
0
0
0
0
0
0
0
0
0
0
0
0
0
0
0
0
0
0
0
0
0
0
0
0
0
0
0
0
0
0
0
0
0
0
0
0
0
0
0
0
0
0
0
0
0
0
0
0
0
0
0
0
0
0
0
0
0
0
0
0
0
0
0
0
0
0
0
0
0
0
0
0
0
0
0
0
0
0
0
0
0
0
0
0
0
0
0
0
0
0
0
0
0
0
0
0
0
0
0
0
0
0
0
0
0
0
0
0
0
0
0
0
0
0
0
0
0
0
0
0
0
0
0
0
0
0
0
0
0
0
0
0
0
0
0
0
0
0
0
0
0
0
0
0
0
0
0
0
0
0
0
0
0
0
0
0
0
0
0
0
0
0
0
0
0
0
0
0
0
0
0
0
0
0
0
0
0
0
0
0
0
0
0
0
0
0
0
0
0
0
0
0
0
0
0
0
0
0
0
0
0
0
0
0
0
0
0
0
0
0
0
0
0
0
0
0
0
0
0
0
0
0
0
0
0
0
0
0
0
0
0
0
0
0
0
0
0
0
0
0
0
0
0
0
0
0
0
0
0
0
0
0
0
0
0
0
0
0
0
0
0
0
0
0
0
0
0
0
0
0
0
0
0
0
0
0
0
0
0
0
0
0
0
0
0
0
0
0
0
0
0
0
0
0
0
0
0
0
0
0
0
0
0
0
0
0
0
0
0
0
0
0
0
0
0
0
0
0
0
0
0
0
0
0
0
0
0
0
0
0
0
0
0
0
0
0
0
0
0
0
0
0
0
0
0
0
0
0
0
0
0
0
0
0
0
0
0
0
0
0
0
0
0
0
0
0
0
0
0
0
0
0
0
0
0
0
0
0
0
0
0
0
0
0
0
0
0
0
0
0
0
0
0
0
