-183
-16
-1102
-1605
-1608
-1669
-1515
-199
67
-1647
-596
-1251
-1688
-2430
-61
27
-59
194
-106
-10
-1743
-1474
-14211
-59
873
-1392
-1431
-1239
-1998
-14659
186
1054
-118
-161
-1419
-486
-2625
-2598
-2248
-230
86
-1653
811
-2763
-2178
-2470
5
742
-125
-13
-1122
-1815
-1420
-2156
-13852
-77
460
-2987
-1672
-1739
-2145
-15697
121
217
-97
565
-2495
1092
-3074
-2996
-2711
-208
855
-2028
1582
-2691
-2479
-2973
-13
1350
-90
169
-1020
-3021
-2528
-2659
-12539
-47
-297
-2704
-1868
-2397
-2324
-16018
187
-498
-267
214
-2559
265
-2592
-1883
-1815
-211
396
-2826
34
-1691
-1810
-1305
18
305
58
22
-81
-2753
-591
-1776
-15130
-3
144
-1096
-1028
-1662
-1964
-17533
330
771
-305
-259
-2690
-323
-3182
-1592
-1631
-209
112
-4250
-185
-2185
-2396
-1592
-10
44
114
-38
43
-2416
488
-1571
-14874
69
-208
-1395
-2033
-1230
-2459
-13633
274
-823
-245
430
-3532
2496
-3151
-2309
-2193
-229
1588
-4735
2653
-2148
-2975
-2809
-92
818
70
969
-1828
-1812
-2196
-2134
-20256
197
2165
-3617
-2554
-3443
-3275
-18973
154
83
-215
2677
-11799
7999
-10846
-10172
-11253
-106
4465
-7717
9957
-8171
-6393
-10468
190
2640
-251
1174
-9362
-10830
-10496
-11338
8021
302
1256
-9090
-7049
-7684
-8658
-14088
487
819
-292
2399
-6329
5079
-5262
-5175
-5406
-228
3628
-5198
6555
-4725
-4626
-6192
70
1975
-116
-2088
-4970
-4386
-6215
-5362
-18510
27
-3992
-6277
-4678
-5700
-5156
-25636
421
-3127
-156
-383
-1353
-2583
-2465
-2503
-2349
-57
-324
-1388
-1533
-1552
-1609
-1111
66
214
-180
697
-184
-967
-1964
-2328
-13315
-53
1045
-2505
-1399
-1064
-1708
-18392
281
803
-57
429
-3300
-292
-5393
-4973
-4598
-101
-271
-4182
1474
-6340
-4658
-3309
17
566
-289
263
-2603
-5861
-1281
-4602
-11562
-124
829
-6169
-4153
-2182
-3859
-14344
104
769
-150
934
-6280
2566
-6312
-5316
-5754
-101
502
-6354
3169
-6885
-5397
-3804
-178
1309
-290
499
-3208
-7997
-2915
-5729
-11315
135
-568
-6266
-4886
-3375
-5007
-16413
221
-812
-172
1386
-4762
1160
-4149
-2952
-3280
63
1662
-5592
532
-4710
-3331
-755
-79
1393
-241
-219
-747
-5627
-648
-3128
-21722
49
-1594
-3081
-2518
-1449
-3401
-24626
299
-1545
-308
166
-2501
72
-2040
-1689
-1501
-72
416
-3645
-145
-2774
-2187
-687
-173
605
23
-1191
-151
-2900
209
-1469
-19702
108
-991
-2603
-1734
294
-1807
-20135
256
-659
-323
-1236
-4273
4407
-4571
-3637
-3565
-236
-1754
-7026
4073
-4274
-5538
-4791
-76
-1402
-123
1468
-3699
-3941
-4281
-3780
-17836
103
3271
-7047
-5612
-5280
-5060
-12107
76
2084
-429
-3554
-14936
12947
-15500
-13116
-14680
-84
-5575
-10612
12526
-10430
-8729
-10393
206
-3587
-365
1267
-12145
-14770
-14943
-14630
15525
336
1150
-13106
-8881
-12132
-10689
-15394
567
729
-355
-1048
-8609
10136
-10715
-8683
-8938
-108
-2341
-7122
9450
-7292
-7551
-7378
212
-1477
-293
-2998
-7905
-7690
-10804
-8656
-10737
321
-5103
-11354
-5957
-10520
-8124
-24140
625
-3524
-14
-199
-425
-1655
-1777
-1915
-1710
-67
253
-969
-1557
-1902
-1969
-692
-19
144
-157
-113
329
-1880
-1572
-1598
-12745
-51
87
-2159
-1366
-1793
-1517
-14314
117
-265
86
-409
-1858
-1588
-3919
-2776
-2841
-41
-952
-3285
235
-4509
-3360
-1749
40
-774
-102
140
815
-4210
-1359
-2865
-17737
-88
626
-3517
-3001
-2438
-1835
-18615
30
150
26
-779
-4561
-196
-6005
-4085
-4650
45
-768
-5446
1247
-5739
-4985
-2739
-85
-808
-331
1401
-1694
-6573
-835
-4704
-14847
142
1333
-4777
-4566
-3392
-3491
-18075
110
934
102
559
-4542
-200
-5929
-3185
-3946
159
-110
-5044
-38
-4433
-4226
-1045
-59
-290
-292
42
-2060
-5592
928
-3812
-16272
18
-1033
-3970
-3725
-2848
-3604
-19006
82
-1040
38
171
-2243
-531
-1554
-1262
-1783
61
-164
-2667
-1709
-1625
-2113
-170
-106
-352
-97
-1507
-95
-2774
-534
-1561
-14760
-24
-1078
-1762
-1735
-1582
-1042
-16844
98
-337
-60
318
-2450
1182
-1074
-2449
-2137
-198
812
-4340
-351
-1882
-4212
-1185
-68
782
120
1019
-1531
-1603
-4111
-2274
-23995
-9
1624
-4883
-2968
-4978
-2518
-20108
83
684
-367
295
-10831
13623
-10577
-9230
-9376
-95
856
-10817
11733
-9007
-8843
-6571
204
451
-359
3704
-9571
-8957
-11853
-9160
-7954
269
4827
-12976
-7524
-11228
-9392
-19015
331
3059
-345
657
-14096
12945
-14791
-14038
-14742
-36
940
-10045
13409
-11227
-9593
-11264
314
925
-493
-1235
-13014
-14109
-14960
-14565
17004
299
-1882
-14685
-8489
-12619
-11469
-11035
648
-1400
-15
-396
-1038
-438
-852
-1787
-1397
-32
161
-1728
-497
-1743
-2311
-1115
42
442
-133
-92
333
-2039
-1584
-1264
-13801
-20
394
-1901
-990
-1948
-1784
-13446
92
14
-5
-66
-2262
-1673
-3650
-2952
-2573
-97
791
-3417
-136
-4024
-3501
-1890
223
848
-16
-156
999
-2984
-508
-2384
-21044
-54
596
-3111
-2914
-1394
-1734
-21596
103
594
150
-375
-3877
859
-6271
-4856
-4771
-79
87
-5341
2381
-7063
-5773
-2445
42
98
-151
937
-2929
-5627
-677
-4743
-13489
41
-156
-6424
-4744
-3970
-4583
-14286
79
-538
161
568
-2165
1369
-4203
-1819
-2963
-20
985
-4487
1210
-4421
-5426
-1598
33
1067
-140
501
-3340
-3545
-1160
-2845
-20049
150
-1300
-6693
-5239
-5327
-4833
-12623
137
-424
35
-42
-841
-687
-1436
-505
-841
-10
261
-2290
-2041
-1561
-2852
505
74
318
-37
-1042
-428
-1587
191
-677
-22112
89
-1737
-2453
-2696
-2149
-1674
-18777
89
-956
88
292
-1550
-601
279
-1099
-1074
-124
299
-3404
-1366
-781
-3084
-409
37
-295
90
349
-639
-632
-2441
-1072
-23262
48
892
-3371
-2979
-2648
-1724
-18941
59
1084
-219
261
-6684
9735
-4940
-4723
-4660
-115
-460
-9396
8708
-6990
-7199
-3771
192
-954
-260
3122
-6740
-4764
-6487
-4575
-23259
74
3204
-11348
-7107
-7558
-7523
-16807
113
1592
-301
-233
-9585
11895
-8536
-8345
-8734
-148
-1110
-8518
12113
-8763
-7685
-6765
357
-934
-415
-628
-8892
-8660
-10590
-8663
-15003
232
-1418
-12313
-7430
-10271
-8541
-23927
509
-1342
-32
-627
-1947
-5
-813
-2278
-1886
11
103
-2155
-39
-1224
-1906
-1493
123
-388
-125
735
-313
-2233
-1658
-1739
-13384
-138
1226
-1042
-547
-2210
-1531
-16951
47
981
-179
-46
-3619
215
-2251
-3722
-2893
-129
86
-5233
612
-2992
-4248
-1840
235
-509
-46
569
-1114
-2499
-1413
-2657
-14774
-2
841
-4259
-3864
-1908
-2861
-13831
49
804
-39
1105
-4045
4516
-5125
-4813
-4248
-172
353
-6538
5543
-7298
-6667
-2317
97
259
-154
1665
-4463
-3884
-4104
-4167
-19830
7
238
-9121
-7031
-6667
-6256
-15022
-40
-679
-81
3065
-6492
5726
-7192
-6714
-7226
-74
3445
-4928
7616
-7079
-5854
-5643
46
1990
-127
677
-7029
-6529
-7884
-7246
-17905
349
-421
-9188
-6360
-7586
-6563
-29287
328
545
-102
667
-2069
1577
-2839
-3181
-2483
-52
2248
-2821
1694
-3486
-3761
-1370
143
1855
-134
-1685
-1819
-2287
-2569
-2311
-25510
192
-2466
-4234
-3540
-4153
-3053
-26769
170
-1181
-126
-410
-2015
-248
1299
-2414
-1599
-171
-403
-4049
-695
-415
-3211
-633
31
-534
102
700
0
-1830
-3579
-1571
-14577
42
274
-2520
-3596
-3808
-2042
-11651
165
-655
-286
-251
-6247
7608
-3554
-5362
-4901
-117
-94
-8332
6477
-4935
-5861
-1567
95
-625
-180
3321
-5666
-5468
-6455
-4657
-18100
47
5159
-9396
-6300
-7927
-6264
-20608
96
2674
-205
6
-10916
9422
-11892
-11440
-12055
14
-277
-7698
9032
-9754
-7873
-6739
326
-523
-465
-279
-10317
-12668
-10826
-11829
13242
66
-937
-11875
-7915
-10302
-9417
-10805
313
-777
47
-70
-1875
-92
-2000
-1538
-1556
35
-229
-1957
32
-1649
-1368
-1230
60
-587
-176
377
-619
-2097
476
-1438
-14922
-290
331
-445
-41
-1695
-1079
-18057
-138
103
-68
-651
-3684
669
-2718
-3232
-2697
-85
-743
-4638
1147
-1966
-2824
-2238
90
-1417
73
1208
-2252
-409
-1739
-2557
-18591
-117
629
-2866
-2392
-2774
-2011
-20451
112
526
-359
-803
-6963
7226
-7458
-6714
-5320
-213
-411
-9661
7612
-7017
-7686
-5473
50
-498
-17
4337
-7016
-3023
-5391
-5102
-24151
271
4777
-10095
-7605
-7544
-7367
-19879
284
2658
-371
-544
-14457
14176
-15042
-14222
-14968
-18
-387
-9249
15508
-10210
-9093
-11619
195
-546
-278
449
-15776
-13649
-14883
-14557
17369
449
481
-16311
-9937
-12115
-10913
-16238
615
576
-396
-494
-8174
12302
-9000
-8762
-8315
-109
-746
-8689
12749
-8381
-8832
-9508
90
-901
-295
-5174
-10661
-7414
-9710
-7888
-15021
240
-5660
-13405
-8122
-11729
-8347
-20227
352
-3752
-254
-1077
-3319
1748
131
-3216
-2289
-215
-340
-6277
424
-1371
-4842
-2902
-91
-601
153
-291
-1549
-1931
-3699
-2043
-19989
14
-1269
-3036
-4511
-5991
-2522
-12770
187
-2094
-141
-1487
-3196
1766
-910
-3038
-2837
-8
-582
-4971
746
-2788
-3510
-59
23
-595
-128
1825
-2791
-2814
-2484
-2524
-21921
10
2866
-3962
-3888
-4433
-3017
-23381
98
983
-64
-1360
-4666
2688
-6040
-5447
-5334
-119
-2141
-3402
2059
-5201
-4120
-1145
156
-1533
-345
-155
-4874
-5452
-2043
-5115
-15430
-60
-524
-5875
-4058
-4148
-4372
-25443
127
-421
-31
-133
-1414
66
-2081
-1151
-1263
-37
-9
-1794
-318
-2738
-2029
-1595
-64
268
-265
-52
-812
-2287
893
-1096
-14283
-141
10
-1323
-802
-1765
-1453
-13284
-73
-59
-90
-453
-3501
578
-2416
-2640
-2349
-171
316
-4148
364
-2944
-2616
-2869
-35
567
-44
284
-1864
-1627
-441
-1999
-16584
-5
286
-2047
-1874
-2472
-895
-17428
138
548
-144
-2287
-4059
3083
-3663
-3662
-2703
-265
-1747
-6438
3591
-3061
-5197
-5043
-121
-853
160
2354
-3906
-1349
-1396
-2390
-25709
189
1429
-5588
-4714
-4301
-2831
-19329
262
318
-330
-4588
-5887
6597
-6295
-5514
-5199
-323
-5752
-5775
6327
-4698
-5815
-3742
-31
-3650
22
154
-8275
-3970
-2945
-4803
32332
483
692
-10180
-5918
-6442
-4692
29140
656
-513
-283
-1139
-5897
7550
-5519
-5548
-5364
-189
-2850
-6071
8480
-5023
-6277
-6884
42
-1446
-110
-1194
-8697
-5250
-3438
-4957
-18043
175
-873
-9390
-6050
-6639
-5416
-20598
285
27
-209
-996
-2898
1345
-1566
-2263
-1956
-232
-1627
-5601
780
-2694
-4707
-3974
-104
-1137
102
49
-2790
-2153
-316
-1774
-17114
-136
-299
-3040
-3101
-3891
-2413
-10245
44
-763
-277
-508
-1026
-410
556
-691
-1406
-225
-727
-3378
-1601
-3053
-2658
-841
-80
-490
-74
-26
-870
-1806
-2319
-1138
-22160
5
1325
-2322
-2704
-3512
-2343
-17634
173
486
-237
-121
774
-553
-3073
-2363
-2622
-348
177
-135
-2970
-5389
-4453
-1583
-155
1614
-310
230
-2510
-3182
-1455
-2375
-22075
-82
78
-3726
-4152
-4478
-4260
-17085
111
-52
-213
133
-437
-648
-1724
-754
-1581
-246
59
-213
-1028
-3184
-2378
-2908
-256
647
-120
90
-2102
-2451
-410
-1421
-17190
117
369
-2424
-1922
-2209
-2736
-15186
138
103
-343
274
-1814
-271
-1231
-1380
-1601
-423
-223
-1711
-354
-2645
-2330
-3759
-312
406
-57
-914
-1384
-1942
-1013
-1388
-16411
74
-811
-1676
-1872
-1608
-1699
-15480
254
-469
-229
-103
-1717
512
-1025
-1587
-1373
-416
-955
-2301
765
-2203
-2580
-3749
-229
-381
140
4
-1449
-1534
-1616
-1213
-18672
-36
-279
-2136
-1639
-2123
-1144
-17042
288
-547
-138
-225
-706
2025
-2006
-1016
-1247
-279
-410
-806
2476
-2659
-2413
-3588
-189
-539
-1
378
-3188
-1319
-1558
-1202
-15444
21
-391
-4092
-2031
-2417
-2005
-13076
254
-825
-168
-432
-1323
1370
-2081
-1123
-1562
-223
-636
-249
2246
-1936
-1847
-3631
-161
-177
-34
-596
-3391
-1124
-1247
-1310
-14080
-158
-755
-2422
-1932
-1845
-1445
-17125
95
-849
-260
-504
-1471
73
-869
-609
-1099
-251
-480
-1279
507
-1573
-1568
-1984
-253
-448
128
58
-2002
-1093
-311
-775
-16302
-241
31
-1274
-1049
-1802
-856
-18659
100
418
-465
-170
-780
-1125
200
667
-967
-378
-17
-1120
-1008
-1786
-1226
-1961
-315
-424
-57
426
-1992
-826
-2409
-811
-25171
-56
1998
-1831
-1794
-2958
-1711
-26275
245
2060
-380
-546
1898
-2856
-1263
-2227
-2946
-497
-1066
425
-4516
-5088
-6126
-5581
-357
-1750
-289
55
-2935
-2814
-4845
-2791
-24033
-80
399
-3401
-6181
-7160
-5879
-13437
85
263
0
0
0
0
0
0
0
0
0
0
0
-2051
-2464
-2447
-1939
-1791
0
0
0
0
0
0
0
0
0
0
0
507
966
-1601
-1710
-11923
0
0
0
0
0
0
0
0
0
0
0
-1874
-1264
-1920
-1809
-1356
0
0
0
0
0
0
0
0
0
0
0
495
-115
-553
-1263
-16241
0
0
0
0
0
0
0
0
0
0
0
-2317
-335
-2176
-1940
-1838
0
0
0
0
0
0
0
0
0
0
0
909
-1652
-1500
-1737
-13861
0
0
0
0
0
0
0
0
0
0
0
-1987
-809
-2073
-195
-1262
0
0
0
0
0
0
0
0
0
0
0
291
-1507
-243
-1263
-15532
0
0
0
0
0
0
0
0
0
0
0
-1964
-1349
-2378
-536
-1251
0
0
0
0
0
0
0
0
0
0
0
-104
-1316
496
-1197
-14340
0
0
0
0
0
0
0
0
0
0
0
-2411
-474
-3013
-2275
-2359
0
0
0
0
0
0
0
0
0
0
0
-2230
500
-1692
-2371
-17117
0
0
0
0
0
0
0
0
0
0
0
-6859
4427
-7397
-6650
-6594
0
0
0
0
0
0
0
0
0
0
0
-4768
-6134
-4517
-6501
-10085
0
0
0
0
0
0
0
0
0
0
0
-4561
1157
-4285
-3624
-4408
0
0
0
0
0
0
0
0
0
0
0
-3639
-1586
-4409
-4238
-18859
0
0
0
0
0
0
0
0
0
0
0
-3406
-2667
-3010
-2925
-2510
0
0
0
0
0
0
0
0
0
0
0
1134
346
-1613
-2396
-12134
0
0
0
0
0
0
0
0
0
0
0
-3782
-1000
-2954
-2945
-2293
0
0
0
0
0
0
0
0
0
0
0
731
-2708
656
-2204
-19561
0
0
0
0
0
0
0
0
0
0
0
-5444
-9
-4144
-3291
-4360
0
0
0
0
0
0
0
0
0
0
0
-522
-6292
-1371
-4216
-12985
0
0
0
0
0
0
0
0
0
0
0
-4082
-1041
-3455
-1358
-3377
0
0
0
0
0
0
0
0
0
0
0
-389
-5409
59
-3142
-17492
0
0
0
0
0
0
0
0
0
0
0
-2609
-1280
-1780
-1743
-1915
0
0
0
0
0
0
0
0
0
0
0
-738
-2456
757
-1778
-15287
0
0
0
0
0
0
0
0
0
0
0
-2642
2396
-2062
-2940
-1994
0
0
0
0
0
0
0
0
0
0
0
-2494
-1034
-1591
-1990
-22658
0
0
0
0
0
0
0
0
0
0
0
-7998
9019
-9215
-9412
-8293
0
0
0
0
0
0
0
0
0
0
0
-6372
-9081
-6600
-8007
-10230
0
0
0
0
0
0
0
0
0
0
0
-5349
5827
-7302
-6813
-5922
0
0
0
0
0
0
0
0
0
0
0
-4610
-3689
-5567
-5326
-19633
0
0
0
0
0
0
0
0
0
0
0
-2062
-1157
-1324
-1853
-1339
0
0
0
0
0
0
0
0
0
0
0
2366
-1031
-943
-1094
-13567
0
0
0
0
0
0
0
0
0
0
0
-3049
-2009
-3161
-1256
-2173
0
0
0
0
0
0
0
0
0
0
0
1901
-3217
-228
-2139
-19637
0
0
0
0
0
0
0
0
0
0
0
-4971
-2085
-4390
-2326
-4254
0
0
0
0
0
0
0
0
0
0
0
-320
-6160
-619
-4283
-12832
0
0
0
0
0
0
0
0
0
0
0
-5039
-1878
-4317
-933
-3986
0
0
0
0
0
0
0
0
0
0
0
-1500
-5709
248
-3886
-12569
0
0
0
0
0
0
0
0
0
0
0
-2493
-757
-726
-463
-1336
0
0
0
0
0
0
0
0
0
0
0
-509
-1940
-25
-1218
-15407
0
0
0
0
0
0
0
0
0
0
0
-2630
545
207
-2069
-1738
0
0
0
0
0
0
0
0
0
0
0
-2176
-29
-2659
-1582
-24344
0
0
0
0
0
0
0
0
0
0
0
-5874
8616
-6444
-7444
-6099
0
0
0
0
0
0
0
0
0
0
0
-6705
-4514
-5970
-5975
-17265
0
0
0
0
0
0
0
0
0
0
0
-6920
9353
-7209
-10248
-6649
0
0
0
0
0
0
0
0
0
0
0
-5954
-6540
-4669
-6343
-14063
0
0
0
0
0
0
0
0
0
0
0
-1797
-678
-795
-1351
-1149
0
0
0
0
0
0
0
0
0
0
0
2186
-1594
-1060
-971
-13340
0
0
0
0
0
0
0
0
0
0
0
-3877
-1954
-3183
-2235
-2463
0
0
0
0
0
0
0
0
0
0
0
1836
-2431
-699
-2388
-19099
0
0
0
0
0
0
0
0
0
0
0
-2862
368
-3194
-1094
-2097
0
0
0
0
0
0
0
0
0
0
0
-353
-2849
-610
-1814
-22452
0
0
0
0
0
0
0
0
0
0
0
-4126
-508
-3503
1535
-3290
0
0
0
0
0
0
0
0
0
0
0
-3314
-3528
-2264
-2972
-14327
0
0
0
0
0
0
0
0
0
0
0
-3245
-1646
-1620
1268
-1975
0
0
0
0
0
0
0
0
0
0
0
-1982
-1383
-1082
-1742
-14967
0
0
0
0
0
0
0
0
0
0
0
-3028
-1268
762
-369
-1906
0
0
0
0
0
0
0
0
0
0
0
-2069
-704
-2664
-1866
-18393
0
0
0
0
0
0
0
0
0
0
0
-3105
5698
-2849
-3164
-3408
0
0
0
0
0
0
0
0
0
0
0
-5422
-2737
-4281
-3204
-23487
0
0
0
0
0
0
0
0
0
0
0
-3765
6939
-5601
-5737
-5096
0
0
0
0
0
0
0
0
0
0
0
-5225
-5707
-4965
-4694
-23959
0
0
0
0
0
0
0
0
0
0
0
-1648
-414
-793
-1382
-1190
0
0
0
0
0
0
0
0
0
0
0
1274
-1260
-1173
-1029
-15294
0
0
0
0
0
0
0
0
0
0
0
-3721
-902
-1460
-3555
-2453
0
0
0
0
0
0
0
0
0
0
0
-874
-536
-1332
-2437
-13752
0
0
0
0
0
0
0
0
0
0
0
-2421
2115
-3509
-2801
-2814
0
0
0
0
0
0
0
0
0
0
0
-3016
-428
-3345
-2467
-21581
0
0
0
0
0
0
0
0
0
0
0
-4448
2599
-6809
-4161
-6332
0
0
0
0
0
0
0
0
0
0
0
-6158
-3854
-7169
-6072
-16390
0
0
0
0
0
0
0
0
0
0
0
-2637
841
-2394
-1263
-2197
0
0
0
0
0
0
0
0
0
0
0
-1585
58
-2963
-1827
-24111
0
0
0
0
0
0
0
0
0
0
0
-2670
-754
1930
-1499
-1539
0
0
0
0
0
0
0
0
0
0
0
-770
-1388
-2861
-1546
-12994
0
0
0
0
0
0
0
0
0
0
0
-4172
4327
-1471
-4387
-3527
0
0
0
0
0
0
0
0
0
0
0
-4437
-2610
-3999
-3537
-19928
0
0
0
0
0
0
0
0
0
0
0
-5426
7092
-5407
-7474
-5238
0
0
0
0
0
0
0
0
0
0
0
-4351
-7034
-3767
-5076
-12170
0
0
0
0
0
0
0
0
0
0
0
-1366
-401
-1633
-842
-1062
0
0
0
0
0
0
0
0
0
0
0
501
-395
-331
-889
-15616
0
0
0
0
0
0
0
0
0
0
0
-2633
-984
-2400
-3932
-2336
0
0
0
0
0
0
0
0
0
0
0
-2419
2286
-2076
-2376
-17259
0
0
0
0
0
0
0
0
0
0
0
-5500
2140
-5985
-8107
-5376
0
0
0
0
0
0
0
0
0
0
0
-6386
1650
-4452
-5548
-16654
0
0
0
0
0
0
0
0
0
0
0
-9796
8995
-10449
-12177
-10169
0
0
0
0
0
0
0
0
0
0
0
-9808
-9272
-7464
-10252
3557
0
0
0
0
0
0
0
0
0
0
0
-5136
8378
-5547
-5796
-4341
0
0
0
0
0
0
0
0
0
0
0
-4975
-3213
-4543
-4058
-25793
0
0
0
0
0
0
0
0
0
0
0
-2827
501
1063
-2685
-1918
0
0
0
0
0
0
0
0
0
0
0
-1488
-1070
-2976
-1904
-16994
0
0
0
0
0
0
0
0
0
0
0
-2477
796
50
-2744
-2181
0
0
0
0
0
0
0
0
0
0
0
-2092
-1499
-1951
-1952
-21646
0
0
0
0
0
0
0
0
0
0
0
-2567
1160
-3506
-3622
-3295
0
0
0
0
0
0
0
0
0
0
0
-2494
-3498
-1477
-3112
-19874
0
0
0
0
0
0
0
0
0
0
0
-1721
-558
-1381
-1004
-1230
0
0
0
0
0
0
0
0
0
0
0
338
-1582
406
-1082
-11557
0
0
0
0
0
0
0
0
0
0
0
-2742
-23
-499
-3187
-1412
0
0
0
0
0
0
0
0
0
0
0
-1187
468
-507
-1554
-17176
0
0
0
0
0
0
0
0
0
0
0
-4130
298
-2339
-5292
-3139
0
0
0
0
0
0
0
0
0
0
0
-3831
1135
-1520
-3388
-17469
0
0
0
0
0
0
0
0
0
0
0
-4747
2893
-5500
-5870
-5363
0
0
0
0
0
0
0
0
0
0
0
-6258
-3748
-1756
-5393
-24316
0
0
0
0
0
0
0
0
0
0
0
-3453
4520
-3283
-2633
-2670
0
0
0
0
0
0
0
0
0
0
0
-4364
-2895
-749
-2375
-24672
0
0
0
0
0
0
0
0
0
0
0
-2098
338
-266
-744
-1076
0
0
0
0
0
0
0
0
0
0
0
-1719
-724
-568
-951
-17357
0
0
0
0
0
0
0
0
0
0
0
-2021
-951
1074
-986
-1211
0
0
0
0
0
0
0
0
0
0
0
-615
-804
-2024
-1198
-18716
0
0
0
0
0
0
0
0
0
0
0
-1199
-336
-606
-2141
-1952
0
0
0
0
0
0
0
0
0
0
0
-360
-1707
-2826
-1783
-18533
0
0
0
0
0
0
0
0
0
0
0
-2009
-913
-1040
-1276
-1651
0
0
0
0
0
0
0
0
0
0
0
-406
-1837
-199
-1517
-13853
0
0
0
0
0
0
0
0
0
0
0
-2154
-106
-112
-1455
-935
0
0
0
0
0
0
0
0
0
0
0
64
-979
-283
-866
-16710
0
0
0
0
0
0
0
0
0
0
0
-1784
194
-288
-909
-1042
0
0
0
0
0
0
0
0
0
0
0
-371
-726
-1357
-994
-17867
0
0
0
0
0
0
0
0
0
0
0
-1265
1401
-1139
-333
-769
0
0
0
0
0
0
0
0
0
0
0
-1394
-475
-679
-676
-15191
0
0
0
0
0
0
0
0
0
0
0
-1611
478
-1958
-206
-1332
0
0
0
0
0
0
0
0
0
0
0
-2157
-623
-713
-1218
-12909
0
0
0
0
0
0
0
0
0
0
0
-1408
-390
-914
644
-863
0
0
0
0
0
0
0
0
0
0
0
-1499
-485
-735
-699
-15904
0
0
0
0
0
0
0
0
0
0
0
-2643
-1988
-173
198
-2138
0
0
0
0
0
0
0
0
0
0
0
-2009
-484
-3620
-2101
-17414
0
0
0
0
0
0
0
0
0
0
0
-2181
-2257
3
-3252
-2656
0
0
0
0
0
0
0
0
0
0
0
-159
-1765
-5189
-2596
-17160
0
0
0
0
0
0
0
0
0
0
0
0
0
0
0
0
0
0
0
0
0
0
0
0
0
0
0
0
0
0
0
0
0
0
0
0
0
0
0
0
0
0
0
0
0
0
0
0
0
0
0
0
0
0
0
0
0
0
0
0
0
0
0
0
0
0
0
0
0
0
0
0
0
0
0
0
0
0
0
0
0
0
0
0
0
0
0
0
0
0
0
0
0
0
0
0
0
0
0
0
0
0
0
0
0
0
0
0
0
0
0
0
0
0
0
0
0
0
0
0
0
0
0
0
0
0
0
0
0
0
0
0
0
0
0
0
0
0
0
0
0
0
0
0
0
0
0
0
0
0
0
0
0
0
0
0
0
0
0
0
0
0
0
0
0
0
0
0
0
0
0
0
0
0
0
0
0
0
0
0
0
0
0
0
0
0
0
0
0
0
0
0
0
0
0
0
0
0
0
0
0
0
0
0
0
0
0
0
0
0
0
0
0
0
0
0
0
0
0
0
0
0
0
0
0
0
0
0
0
0
0
0
0
0
0
0
0
0
0
0
0
0
0
0
0
0
0
0
0
0
0
0
0
0
0
0
0
0
0
0
0
0
0
0
0
0
0
0
0
0
0
0
0
0
0
0
0
0
0
0
0
0
0
0
0
0
0
0
0
0
0
0
0
0
0
0
0
0
0
0
0
0
0
0
0
0
0
0
0
0
0
0
0
0
0
0
0
0
0
0
0
0
0
0
0
0
0
0
0
0
0
0
0
0
0
0
0
0
0
0
0
0
0
0
0
0
0
0
0
0
0
0
0
0
0
0
0
0
0
0
0
0
0
0
0
0
0
0
0
0
0
0
0
0
0
0
0
0
0
0
0
0
0
0
0
0
0
0
0
0
0
0
0
0
0
0
0
0
0
0
0
0
0
0
0
0
0
0
0
0
0
0
0
0
0
0
0
0
0
0
0
0
0
0
0
0
0
0
0
0
0
0
0
0
0
0
0
0
0
0
0
0
0
0
0
0
0
0
0
0
0
0
0
0
0
0
0
0
0
0
0
0
0
0
0
0
0
0
0
0
0
0
0
0
0
0
0
0
0
0
0
0
0
0
0
0
0
0
0
0
0
0
0
0
0
0
0
0
0
0
0
0
0
0
0
0
0
0
0
0
0
0
0
0
0
0
0
0
0
0
0
0
0
0
0
0
0
0
0
0
0
0
0
0
0
0
0
0
0
0
0
0
0
0
0
0
0
0
0
0
0
0
0
0
0
0
0
0
0
0
0
0
0
0
0
0
0
0
0
0
0
0
0
0
0
0
0
0
0
0
0
0
0
0
0
0
0
0
0
0
0
0
0
0
0
0
0
0
0
0
0
0
0
0
0
0
0
0
0
0
0
0
0
0
0
0
0
0
0
0
0
0
0
0
0
0
0
0
0
0
0
0
0
0
0
0
0
0
0
0
0
0
0
0
0
0
0
0
0
0
0
0
0
0
0
0
0
0
0
0
0
0
0
0
0
0
0
0
0
0
0
0
0
0
0
0
0
0
0
0
0
0
0
0
0
0
0
0
0
0
0
0
0
0
0
0
0
0
0
0
0
0
0
0
0
0
0
0
0
0
0
0
0
0
0
0
0
0
0
0
0
0
0
0
0
0
0
0
0
0
0
0
0
0
0
0
0
0
0
0
0
0
0
0
0
0
0
0
0
0
0
0
0
0
0
0
0
0
0
0
0
0
0
0
0
0
0
0
0
0
0
0
0
0
0
0
0
0
0
0
0
0
0
0
0
0
0
0
0
0
0
0
0
0
0
0
0
0
0
0
0
0
0
0
0
0
0
0
0
0
0
0
0
0
0
0
0
0
0
0
0
0
0
0
0
0
0
0
0
0
0
0
0
0
0
0
0
0
0
0
0
0
0
0
0
0
0
0
0
0
0
0
0
0
0
0
0
0
0
0
0
0
0
0
0
0
0
0
0
0
0
0
0
0
0
0
0
0
0
0
0
0
0
0
0
0
0
0
0
0
0
0
0
0
0
0
0
0
0
0
0
0
0
0
0
0
0
0
0
0
0
0
0
0
0
0
0
0
0
0
0
0
0
0
0
0
0
0
0
0
0
0
0
0
0
0
0
0
0
0
0
0
0
0
0
0
0
0
0
0
0
0
0
0
0
0
0
0
0
0
0
0
0
0
0
0
0
0
0
0
0
0
0
0
0
0
0
0
0
0
0
0
0
0
0
0
0
0
0
0
0
0
0
0
0
0
0
0
0
0
0
0
0
0
0
0
0
0
0
0
0
0
0
0
0
0
0
0
0
0
0
0
0
0
0
0
0
0
0
0
0
0
0
0
0
0
0
0
0
0
0
0
0
0
0
0
0
0
0
0
0
0
0
0
0
0
0
0
0
0
0
0
0
0
0
0
0
0
0
0
0
0
0
0
0
0
0
0
0
0
0
0
0
0
0
0
0
0
0
0
0
0
0
0
0
0
0
0
0
0
0
0
0
0
0
0
0
0
0
0
0
0
0
0
0
0
0
0
0
0
0
0
0
0
0
0
0
0
0
0
0
0
0
0
0
0
0
0
0
0
0
0
0
0
0
0
0
0
0
0
0
0
0
0
0
0
0
0
0
0
0
0
0
0
0
0
0
0
0
0
0
0
0
0
0
0
0
0
0
0
0
0
0
0
0
0
0
0
0
0
0
0
0
0
0
0
0
0
0
0
0
0
0
0
0
0
0
0
0
0
0
0
0
0
0
0
0
0
0
0
0
0
0
0
0
0
0
0
0
0
0
0
0
0
0
0
0
0
0
0
0
0
0
0
0
0
0
0
0
0
0
0
0
0
0
0
0
0
0
0
0
0
0
0
0
0
0
0
0
0
0
0
0
0
0
0
0
0
0
0
0
0
0
0
0
0
0
0
0
0
0
0
0
0
0
0
0
0
0
0
0
0
0
0
0
0
0
0
0
0
0
0
0
0
0
0
0
0
0
0
0
0
0
0
0
0
0
0
0
0
0
0
0
0
0
0
0
0
0
0
0
0
0
0
0
0
0
0
0
0
0
0
0
0
0
0
0
0
0
0
0
0
0
0
0
0
0
0
0
0
0
0
0
0
0
0
0
0
0
0
0
0
0
0
0
0
0
0
0
0
0
0
0
0
0
0
0
0
0
0
0
0
0
0
0
0
0
0
0
0
0
0
0
0
0
0
0
0
0
0
0
0
0
0
0
0
0
0
0
0
0
0
0
0
0
0
0
0
0
0
0
0
0
0
0
0
0
0
0
0
0
0
0
0
0
0
0
0
0
0
0
0
0
0
0
0
0
0
0
0
0
0
0
0
0
0
0
0
0
0
0
0
0
0
0
0
0
0
0
0
0
0
0
0
0
0
0
0
0
0
0
0
0
0
0
0
0
0
0
0
0
0
0
0
0
0
0
0
0
0
0
0
0
0
0
0
0
0
0
0
0
0
0
0
0
0
0
0
0
0
0
0
0
0
0
0
0
0
0
0
0
0
0
0
0
0
0
0
0
0
0
0
0
0
0
0
0
0
0
0
0
0
0
0
0
0
0
0
0
0
0
0
0
0
0
0
0
0
0
0
0
0
0
0
0
0
0
0
0
0
0
0
0
0
0
0
0
0
0
0
0
0
0
0
0
0
0
0
0
0
0
0
0
0
0
0
0
0
0
0
0
0
0
0
0
0
0
0
0
0
0
0
0
0
0
0
0
0
0
0
0
0
0
0
0
0
0
0
0
0
0
0
0
0
0
0
0
0
0
0
0
0
0
0
0
0
0
0
0
0
0
0
0
0
0
0
0
0
0
0
0
0
0
0
0
0
0
0
0
0
0
0
0
0
0
0
0
0
0
0
0
0
0
0
0
0
0
0
0
0
0
0
0
0
0
0
0
0
0
0
0
0
0
0
0
0
0
0
0
0
0
0
0
0
0
0
0
0
0
0
0
0
0
0
0
0
0
0
0
0
0
0
0
0
0
0
0
0
0
0
0
0
0
0
0
0
0
0
0
0
0
0
0
0
0
0
0
0
0
0
0
0
0
0
0
0
0
0
0
0
0
0
0
0
0
0
0
0
0
0
0
0
0
0
0
0
0
0
0
0
0
0
0
0
0
0
0
0
0
0
0
0
0
0
0
0
0
0
0
0
0
0
0
0
0
0
0
0
0
0
0
0
0
0
0
0
0
0
0
0
0
0
0
0
0
0
0
0
0
0
0
0
0
0
0
0
0
0
0
0
0
0
0
0
0
0
0
0
0
0
0
0
0
0
0
0
0
0
0
0
0
0
0
0
0
0
0
0
0
0
0
0
0
0
0
0
0
0
0
0
0
0
0
0
0
0
0
0
0
0
0
0
0
0
0
0
0
0
0
0
0
0
0
0
0
0
0
0
0
0
0
0
0
0
0
0
0
0
0
0
0
0
0
0
0
0
0
0
0
0
0
0
0
0
0
0
0
0
0
0
0
0
0
0
0
0
0
0
0
0
0
0
0
0
0
0
0
0
0
0
0
0
0
0
0
0
0
0
0
0
0
0
0
0
0
0
0
0
0
0
0
0
0
0
0
0
0
0
0
0
0
0
0
0
0
0
0
0
0
0
0
0
0
0
0
0
0
0
0
0
0
0
0
0
0
0
0
0
0
0
0
0
0
0
0
0
0
0
0
0
0
0
0
0
0
0
0
0
0
0
0
0
0
0
0
0
0
0
0
0
0
0
0
0
0
0
0
0
0
0
0
0
0
0
0
0
0
0
0
0
0
0
0
0
0
0
0
0
0
0
0
0
0
0
0
0
0
0
0
0
0
0
0
0
0
0
0
0
0
0
0
0
0
0
0
0
0
0
0
0
0
0
0
0
0
0
0
0
0
0
0
0
0
0
0
0
0
0
0
0
0
0
0
0
0
0
0
0
0
0
0
0
0
0
0
0
0
0
0
0
0
0
0
0
0
0
0
0
0
0
0
0
0
0
0
0
0
0
0
0
0
0
0
0
0
0
0
0
0
0
0
0
0
0
0
0
0
0
0
0
0
0
0
0
0
0
0
0
0
0
0
0
0
0
0
0
0
0
0
0
0
0
0
0
0
0
0
0
0
0
0
0
0
0
0
0
0
0
0
0
0
0
0
0
0
0
0
0
0
0
0
0
0
0
0
0
0
0
0
0
0
0
0
0
0
0
0
0
0
0
0
0
0
0
0
0
0
0
0
0
0
0
0
0
0
0
0
0
0
0
0
0
0
0
0
0
0
0
0
0
0
0
0
0
0
0
0
0
0
0
0
0
0
0
0
0
0
0
0
0
0
0
0
0
0
0
0
0
0
0
0
0
0
0
0
0
0
0
0
0
0
0
0
0
0
0
0
0
0
0
0
0
0
0
0
0
0
0
0
0
0
0
0
0
0
0
0
0
0
0
0
0
0
0
0
0
0
0
0
0
0
0
0
0
0
0
0
0
0
0
0
0
0
0
0
0
0
0
0
0
0
0
0
0
0
0
0
0
0
0
0
0
0
0
0
0
0
0
0
0
0
0
0
0
0
0
0
0
0
0
0
0
0
0
0
0
0
0
0
0
0
0
0
0
0
0
0
0
0
0
0
0
0
0
0
0
0
0
0
0
0
0
0
0
0
0
0
0
0
0
0
0
0
0
0
0
0
0
0
0
0
0
0
0
0
0
0
0
0
0
0
0
0
0
0
0
0
0
0
0
0
0
0
0
0
0
0
0
0
0
0
0
0
0
0
0
0
0
0
0
0
0
0
0
0
0
0
0
0
0
0
0
0
0
0
0
0
0
0
0
0
0
0
0
0
0
0
0
0
0
0
0
0
0
0
0
0
0
0
0
0
0
0
0
0
0
0
0
0
0
0
0
0
0
0
0
0
0
0
0
0
0
0
0
0
0
0
0
0
0
0
0
0
0
0
0
0
0
0
0
0
0
0
0
0
0
0
0
0
0
0
0
0
0
0
0
0
0
0
0
0
0
0
0
0
0
0
0
0
0
0
0
0
0
0
0
0
0
0
0
0
0
0
0
0
0
0
0
0
0
0
0
0
0
0
0
0
0
0
0
0
0
0
0
0
0
0
0
0
0
0
0
0
0
0
0
0
0
0
0
0
0
0
0
0
0
0
0
0
0
0
0
0
0
0
0
0
0
0
0
0
0
0
0
0
0
0
0
0
0
0
0
0
0
0
0
0
0
0
0
0
0
0
0
0
0
0
0
0
0
0
0
0
0
0
0
0
0
0
0
0
0
0
0
0
0
0
0
0
0
0
0
0
0
0
0
0
0
0
0
0
0
0
0
0
0
0
0
0
0
0
0
0
0
0
0
0
0
0
0
0
0
0
0
0
0
0
0
0
0
0
0
0
0
0
0
0
0
0
0
0
0
0
0
0
0
0
0
0
0
0
0
0
0
0
0
0
0
0
0
0
0
0
0
0
0
0
0
0
0
0
0
0
0
0
0
0
0
0
0
0
0
0
0
0
0
0
0
0
0
0
0
0
0
0
0
0
0
0
0
0
0
0
0
0
0
0
0
0
0
0
0
0
0
0
0
0
0
0
0
0
0
0
0
0
0
0
0
0
0
0
0
0
0
0
0
0
0
0
0
0
0
0
0
0
0
0
0
0
0
0
0
0
0
0
0
0
0
0
0
0
0
0
0
0
0
0
0
0
0
0
0
0
0
0
0
0
0
0
0
0
0
0
0
0
0
0
0
0
0
0
0
0
0
0
0
0
0
0
0
0
0
0
0
0
0
0
0
0
0
0
0
0
0
0
0
0
0
0
0
0
0
0
0
0
0
0
0
0
0
0
0
0
0
0
0
0
0
0
0
0
0
0
0
0
0
0
0
0
0
0
0
0
0
0
0
0
0
0
0
0
0
0
0
0
0
0
0
0
0
0
0
0
0
0
0
0
0
0
0
0
0
0
0
0
0
0
0
0
0
0
0
0
0
0
0
0
0
0
0
0
0
0
0
0
0
0
0
0
0
0
0
0
0
0
0
0
0
0
0
0
0
0
0
0
0
0
0
0
0
0
0
0
0
0
0
0
0
0
0
0
0
0
0
0
0
0
0
0
0
0
0
0
0
0
0
0
0
0
0
0
0
0
0
0
0
0
0
0
0
0
0
0
0
0
0
0
0
0
0
0
0
0
0
0
0
0
0
0
0
0
0
0
0
0
0
0
0
0
0
0
0
0
0
0
0
0
0
0
0
0
0
0
0
0
0
0
0
0
0
0
0
0
0
0
0
0
0
0
0
0
0
0
0
0
0
0
0
0
0
0
0
0
0
0
0
0
0
0
0
0
0
0
0
0
0
0
0
0
0
0
0
0
0
0
0
0
0
0
0
0
0
0
0
0
0
0
0
0
0
0
0
0
0
0
0
0
0
0
0
0
0
0
0
0
0
0
0
0
0
0
0
0
0
0
0
0
0
0
0
0
0
0
0
0
0
0
0
0
0
0
0
0
0
0
0
0
0
0
0
0
0
0
0
0
0
0
0
0
0
0
0
0
0
0
0
0
0
0
0
0
0
0
0
0
0
0
0
0
0
0
0
0
0
0
0
0
0
0
0
0
0
0
0
0
0
0
0
0
0
0
0
0
0
0
0
0
0
0
0
0
0
0
0
0
0
0
0
0
0
0
0
0
0
0
0
0
0
0
0
0
0
0
0
0
0
0
0
0
0
0
0
0
0
0
0
0
0
0
0
0
0
0
0
0
0
0
0
0
0
0
0
0
0
0
0
0
0
0
0
0
0
0
0
0
0
0
0
0
0
0
0
0
0
0
0
0
0
0
0
0
0
0
0
0
0
0
0
0
0
0
0
0
0
0
0
0
0
0
0
0
0
0
0
0
0
0
0
0
0
0
0
0
0
0
0
0
0
0
0
0
0
0
0
0
0
0
0
0
0
0
0
0
0
0
0
0
0
0
0
0
0
0
0
0
0
0
0
0
0
0
0
0
0
0
0
0
0
0
0
0
0
0
0
0
0
0
0
0
0
0
0
0
0
0
0
0
0
0
0
0
0
0
0
0
0
0
0
0
0
0
0
0
0
0
0
0
0
0
0
0
0
0
0
0
0
0
0
0
0
0
0
0
0
0
0
0
0
0
0
0
0
0
0
0
0
0
0
0
0
0
0
0
0
0
0
0
0
0
0
0
0
0
0
0
0
0
0
0
0
0
0
0
0
0
0
0
0
0
0
0
0
0
0
0
0
0
0
0
0
0
0
0
0
0
0
0
0
0
0
0
0
0
0
0
0
0
0
0
0
0
0
0
0
0
0
0
0
0
0
0
0
0
0
0
0
0
0
0
0
0
0
0
0
0
0
0
0
0
0
0
0
0
0
0
0
0
0
0
0
0
0
0
0
0
0
0
0
0
0
0
0
0
0
0
0
0
0
0
0
0
0
0
0
0
0
0
0
0
0
0
0
0
0
0
0
0
0
0
0
0
0
0
0
0
0
0
0
0
0
0
0
0
0
0
0
0
0
0
0
0
0
0
0
0
0
0
0
0
0
0
0
0
0
0
0
0
0
0
0
0
0
0
0
0
0
0
0
0
0
0
0
0
0
0
0
0
0
0
0
0
0
0
0
0
0
0
0
0
0
0
0
0
0
0
0
0
0
0
0
0
0
0
0
0
0
0
0
0
0
0
0
0
0
0
0
0
0
0
0
0
0
0
0
0
0
0
0
0
0
0
0
0
0
0
0
0
0
0
0
0
0
0
0
0
0
0
0
0
0
0
0
0
0
0
0
0
0
0
0
0
0
0
0
0
0
0
0
0
0
0
0
0
0
0
0
0
0
0
0
0
0
0
0
0
0
0
0
0
0
0
0
0
0
0
0
0
0
0
0
0
0
0
0
0
0
0
0
0
0
0
0
0
0
0
0
0
0
0
0
0
0
0
0
0
0
0
0
0
0
0
0
0
0
0
0
0
0
0
0
0
0
0
0
0
0
0
0
0
0
0
0
0
0
0
0
0
0
0
0
0
0
0
0
0
0
0
0
0
0
0
0
0
0
0
0
0
0
0
0
0
0
0
0
0
0
0
0
0
0
0
0
0
0
0
0
0
0
0
0
0
0
0
0
0
0
0
0
0
0
0
0
0
0
0
0
0
0
0
0
0
0
0
0
0
0
0
0
0
0
0
0
0
0
0
0
0
0
0
0
0
0
0
0
0
0
0
0
0
0
0
0
0
0
0
0
0
0
0
0
0
0
0
0
0
0
0
0
0
0
0
0
0
0
0
0
0
0
0
0
0
0
0
0
0
0
0
0
0
0
0
0
0
0
0
0
0
0
0
0
0
0
0
0
0
0
0
0
0
0
0
0
0
0
0
0
0
0
0
0
0
0
0
0
0
0
0
0
0
0
0
0
0
0
0
0
0
0
0
0
0
0
0
0
0
0
0
0
0
0
0
0
0
0
0
0
0
0
0
0
0
0
0
0
0
0
0
0
0
0
0
0
0
0
0
0
0
0
0
0
0
0
0
0
0
0
0
0
0
0
0
0
0
0
0
0
0
0
0
0
0
0
0
0
0
0
0
0
0
0
0
0
0
0
0
0
0
0
0
0
0
0
0
0
0
0
0
0
0
0
0
0
0
0
0
0
0
0
0
0
0
0
0
0
0
0
0
0
0
0
0
0
0
0
0
0
0
0
0
0
0
0
0
0
0
0
0
0
0
0
0
0
0
0
0
0
0
0
0
0
0
0
0
0
0
0
0
0
0
0
0
0
0
0
0
0
0
0
0
0
0
0
0
0
0
0
0
0
0
0
0
0
0
0
0
0
0
0
0
0
0
0
0
0
0
0
0
0
0
0
0
0
0
0
0
0
0
0
0
0
0
0
0
0
0
0
0
0
0
0
0
0
0
0
0
0
0
0
0
0
0
0
0
0
0
0
0
0
0
0
0
0
0
0
0
0
0
0
0
0
0
0
0
0
0
0
0
0
0
0
0
0
0
0
0
0
0
0
0
0
0
0
0
0
0
0
0
0
0
0
0
0
0
0
0
0
0
0
0
0
0
0
0
0
0
0
0
0
0
0
0
0
0
0
0
0
0
0
0
0
0
0
0
0
0
0
0
0
0
0
0
0
0
0
0
0
0
0
0
0
0
0
0
0
0
0
0
0
0
0
0
0
0
0
0
0
0
0
0
0
0
0
0
0
0
0
0
0
0
0
0
0
0
0
0
0
0
0
0
0
0
0
0
0
0
0
0
0
0
0
0
0
0
0
0
0
0
0
0
0
0
0
0
0
0
0
0
0
0
0
0
0
0
0
0
0
0
0
0
0
0
0
0
0
0
0
0
0
0
0
0
0
0
0
0
0
0
0
0
0
0
0
0
0
0
0
0
0
0
0
0
0
0
0
0
0
0
0
0
0
0
0
0
0
0
0
0
0
0
0
0
0
0
0
0
0
0
0
0
0
0
0
0
0
0
0
0
0
0
0
0
0
0
0
0
0
0
0
0
0
0
0
0
0
0
0
0
0
0
0
0
0
0
0
0
0
0
0
0
0
0
0
0
0
0
0
0
0
0
0
0
0
0
0
0
0
0
0
0
0
0
0
0
0
0
0
0
0
0
0
0
0
0
0
0
0
0
0
0
0
0
0
0
0
0
0
0
0
0
0
0
0
0
0
0
0
0
0
0
0
0
0
0
0
0
0
0
0
0
0
0
0
0
0
0
0
0
0
0
0
0
0
0
0
0
0
0
0
0
0
0
0
0
0
0
0
0
0
0
0
0
0
0
0
0
0
0
0
0
0
0
0
0
0
0
0
0
0
0
0
0
0
0
0
0
0
0
0
0
0
0
0
0
0
0
0
0
0
0
0
0
0
0
0
0
0
0
0
0
0
0
0
0
0
0
0
0
0
0
0
0
0
0
0
0
0
0
0
0
0
0
0
0
0
0
0
0
0
0
0
0
0
0
0
0
0
0
0
0
0
0
0
0
0
0
0
0
0
0
0
0
0
0
0
0
0
0
0
0
0
0
0
0
0
0
0
0
0
0
0
0
0
0
0
0
0
0
0
0
0
0
0
0
0
0
0
0
0
0
0
0
0
0
0
0
0
0
0
0
0
0
0
0
0
0
0
0
0
0
0
0
0
0
0
0
0
0
0
0
0
0
0
0
0
0
0
0
0
0
0
0
0
0
0
0
0
0
0
0
0
0
0
0
0
0
0
0
0
0
0
0
0
0
0
0
0
0
0
0
0
0
0
0
0
0
0
0
0
0
0
0
0
0
0
0
0
0
0
0
0
0
0
0
0
0
0
0
0
0
0
0
0
0
0
0
0
0
0
0
0
0
0
0
0
0
0
0
0
0
0
0
0
0
0
0
0
0
0
0
0
0
0
0
0
0
0
0
0
0
0
0
0
0
0
0
0
0
0
0
0
0
0
0
0
0
0
0
0
0
0
0
0
0
0
0
0
0
0
0
0
0
0
0
0
0
0
0
0
0
0
0
0
0
0
0
0
0
0
0
0
0
0
0
0
0
0
0
0
0
0
0
0
0
0
0
0
0
0
0
0
0
0
0
0
0
0
0
0
0
0
0
0
0
0
0
0
0
0
0
0
0
0
0
0
0
0
0
0
0
0
0
0
0
0
0
0
0
0
0
0
0
0
0
0
0
0
0
0
0
0
0
0
0
0
0
0
0
0
0
0
0
0
0
0
0
0
0
0
0
0
0
0
0
0
0
0
0
0
0
0
0
0
0
0
0
0
0
0
0
0
0
0
0
0
0
0
0
0
0
0
0
0
0
0
0
0
0
0
0
0
0
0
0
0
0
0
0
0
0
0
0
0
0
0
0
0
0
0
0
0
0
0
0
0
0
0
0
0
0
0
0
0
0
0
0
0
0
0
0
0
0
0
0
0
0
0
0
0
0
0
0
0
0
0
0
0
0
0
0
0
0
0
0
0
0
0
0
0
0
0
0
0
0
0
0
0
0
0
0
0
0
0
0
0
0
0
0
0
0
0
0
0
0
0
0
0
0
0
0
0
0
0
0
0
0
0
0
0
0
0
0
0
0
0
0
0
0
0
0
0
0
0
0
0
0
0
0
0
0
0
0
0
0
0
0
0
0
0
0
0
0
0
0
0
0
0
0
0
0
0
0
0
0
0
0
0
0
0
0
0
0
0
0
0
0
0
0
0
0
0
0
0
0
0
0
0
0
0
0
0
0
0
0
0
0
0
0
0
0
0
0
0
0
0
0
0
0
0
0
0
0
0
0
0
0
0
0
0
0
0
0
0
0
0
0
0
0
0
0
0
0
0
0
0
0
0
0
0
0
0
0
0
0
0
0
0
0
0
0
0
0
0
0
0
0
0
0
0
0
0
0
0
0
0
0
0
0
0
0
0
0
0
0
0
0
0
0
0
0
0
0
0
0
0
0
0
0
0
0
0
0
0
0
0
0
0
0
0
0
0
0
0
0
0
0
0
0
0
0
0
0
0
0
0
0
0
0
0
0
0
0
0
0
0
0
0
0
0
0
0
0
0
0
0
0
0
0
0
0
0
0
0
0
0
0
0
0
0
0
0
0
0
0
0
0
0
0
0
0
0
0
0
0
0
0
0
0
0
0
0
0
0
0
0
0
0
0
0
0
0
0
0
0
0
0
0
0
0
0
0
0
0
0
0
0
0
0
0
0
0
0
0
0
0
0
0
0
0
0
0
0
0
0
0
0
0
0
0
0
0
0
0
0
0
0
0
0
0
0
0
0
0
0
0
0
0
0
0
0
0
0
0
0
0
0
0
0
0
0
0
0
0
0
0
0
0
0
0
0
0
0
0
0
0
0
0
0
0
0
0
0
0
0
0
0
0
0
0
0
0
0
0
0
0
0
0
0
0
0
0
0
0
0
0
0
0
0
0
0
0
0
0
0
0
0
0
0
0
0
0
0
0
0
0
0
0
0
0
0
0
0
0
0
0
0
0
0
0
0
0
0
0
0
0
0
0
0
0
0
0
0
0
0
0
0
0
0
0
0
0
0
0
0
0
0
0
0
0
0
0
0
0
0
0
0
0
0
0
0
0
0
0
0
0
0
0
0
0
0
0
0
0
0
0
0
0
0
0
0
0
0
0
0
0
0
0
0
0
0
0
0
0
0
0
0
0
0
0
0
0
0
0
0
0
0
0
0
0
0
0
0
0
0
0
0
0
0
0
0
0
0
0
0
0
0
0
0
0
0
0
0
0
0
0
0
0
0
0
0
0
0
0
0
0
0
0
0
0
0
0
0
0
0
0
0
0
0
0
0
0
0
0
0
0
0
0
0
0
0
0
0
0
0
0
0
0
0
0
0
0
0
0
0
0
0
0
0
0
0
0
0
0
0
0
0
0
0
0
0
0
0
0
0
0
0
0
0
0
0
0
0
0
0
0
0
0
0
0
0
0
0
0
0
0
0
0
0
0
0
0
0
0
0
0
0
0
0
0
0
0
0
0
0
0
0
0
0
0
0
0
0
0
0
0
0
0
0
0
0
0
0
0
0
0
0
0
0
0
0
0
0
0
0
0
0
0
0
0
0
0
0
0
0
0
0
0
0
0
0
0
0
0
0
0
0
0
0
0
0
0
0
0
0
0
0
0
0
0
0
0
0
0
0
0
0
0
0
0
0
0
0
0
0
0
0
0
0
0
0
0
0
0
0
0
0
0
0
0
0
0
0
0
0
0
0
0
0
0
0
0
0
0
0
0
0
0
0
0
0
0
0
0
0
0
0
0
0
0
0
0
0
0
0
0
0
0
0
0
0
0
0
0
0
0
0
0
0
0
0
0
0
0
0
0
0
0
0
0
0
0
0
0
0
0
0
0
0
0
0
0
0
0
0
0
0
0
0
0
0
0
0
0
0
0
0
0
0
0
0
0
0
0
0
0
0
0
0
0
0
0
0
0
0
0
0
0
0
0
0
0
0
0
0
0
0
0
0
0
0
0
0
0
0
0
0
0
0
0
0
0
0
0
0
0
0
0
0
0
0
0
0
0
0
0
0
0
0
0
0
0
0
0
0
0
0
0
0
0
0
0
0
0
0
0
0
0
0
0
0
0
0
0
0
0
0
0
0
0
0
0
0
0
0
0
0
0
0
0
0
0
0
0
0
0
0
0
0
0
0
0
0
0
0
0
0
0
0
0
0
0
0
0
0
0
0
0
0
0
0
0
0
0
0
0
0
0
0
0
0
0
0
0
0
0
0
0
0
0
0
0
0
0
0
0
0
0
0
0
0
0
0
0
0
0
0
0
0
0
0
0
0
0
0
0
0
0
0
0
0
0
0
0
0
0
0
0
0
0
0
0
0
0
0
0
0
0
0
0
0
0
0
0
0
0
0
0
0
0
0
0
0
0
0
0
0
0
0
0
0
0
0
0
0
0
0
0
0
0
0
0
0
0
0
0
0
0
0
0
0
0
0
0
0
0
0
0
0
0
0
0
0
0
0
0
0
0
0
0
0
0
0
0
0
0
0
0
0
0
0
0
0
0
0
0
0
0
0
0
0
0
0
0
0
0
0
0
0
0
0
0
0
0
0
0
0
0
0
0
0
0
0
0
0
0
0
0
0
0
0
0
0
0
0
0
0
0
0
0
0
0
0
0
0
0
0
0
0
0
0
0
0
0
0
0
0
0
0
0
0
0
0
0
0
0
0
0
0
0
0
0
0
0
0
0
0
0
0
0
0
0
0
0
0
0
0
0
0
0
0
0
0
0
0
0
0
0
0
0
0
0
0
0
0
0
0
0
0
0
0
0
0
0
0
0
0
0
0
0
0
0
0
0
0
0
0
0
0
0
0
0
0
0
0
0
0
0
0
0
0
0
0
0
0
0
0
0
0
0
0
0
0
0
0
0
0
0
0
0
0
0
0
0
0
0
0
0
0
0
0
0
0
0
0
0
0
0
0
0
0
0
0
0
0
0
0
0
0
0
0
0
0
0
0
0
0
0
0
0
0
0
0
0
0
0
0
0
0
0
0
0
0
0
0
0
0
0
0
0
0
0
0
0
0
0
0
0
0
0
0
0
0
0
0
0
0
0
0
0
0
0
0
0
0
0
0
0
0
0
0
0
0
0
0
0
0
0
0
0
0
0
0
0
0
0
0
0
0
0
0
0
0
0
0
0
0
0
0
0
0
0
0
0
0
0
0
0
0
0
0
0
0
0
0
0
0
0
0
0
0
0
0
0
0
0
0
0
0
0
0
0
0
0
0
0
0
0
0
0
0
0
0
0
0
0
0
0
0
0
0
0
0
0
0
0
0
0
0
0
0
0
0
0
0
0
0
0
0
0
0
0
0
0
0
0
0
0
0
0
0
0
0
0
0
0
0
0
0
0
0
0
0
0
0
0
0
0
0
0
0
0
0
0
0
0
0
0
0
0
0
0
0
0
0
0
0
0
0
0
0
0
0
0
0
0
0
0
0
0
0
0
0
0
0
0
0
0
0
0
0
0
0
0
0
0
0
0
0
0
0
0
0
0
0
0
0
0
0
0
0
0
0
0
0
0
0
0
0
0
0
0
0
0
0
0
0
0
0
0
0
0
0
0
0
0
0
0
0
0
0
0
0
0
0
0
0
0
0
0
0
0
0
0
0
0
0
0
0
0
0
0
0
0
0
0
0
0
0
0
0
0
0
0
0
0
0
0
0
0
0
0
0
0
0
0
0
0
0
0
0
0
0
0
0
0
0
0
0
0
0
0
0
0
0
0
0
0
0
0
0
0
0
0
0
0
0
0
0
0
0
0
0
0
0
0
0
0
0
0
0
0
0
0
0
0
0
0
0
0
0
0
0
0
0
0
0
0
0
0
0
0
0
0
0
0
0
0
0
0
0
0
0
0
0
0
0
0
0
0
0
0
0
0
0
0
0
0
0
0
0
0
0
0
0
0
0
0
0
0
0
0
0
0
0
0
0
0
0
0
0
0
0
0
0
0
0
0
0
0
0
0
0
0
0
0
0
0
0
0
0
0
0
0
0
0
0
0
0
0
0
0
0
0
0
0
0
0
0
0
0
0
0
0
0
0
0
0
0
0
0
0
0
0
0
0
0
0
0
0
0
0
0
0
0
0
0
0
0
0
0
0
0
0
0
0
0
0
0
0
0
0
0
0
0
0
0
0
0
0
0
0
0
0
0
0
0
0
0
0
0
0
0
0
0
0
0
0
0
0
0
0
0
0
0
0
0
0
0
0
0
0
0
0
0
0
0
0
0
0
0
0
0
0
0
0
0
0
0
0
0
0
0
0
0
0
0
0
0
0
0
0
0
0
0
0
0
0
0
0
0
0
0
0
0
0
0
0
0
0
0
0
0
0
0
0
0
0
0
0
0
0
0
0
0
0
0
0
0
0
0
0
0
0
0
0
0
0
0
0
0
0
0
0
0
0
0
0
0
0
0
0
0
0
0
0
0
0
0
0
0
0
0
0
0
0
0
0
0
0
0
0
0
0
0
0
0
0
0
0
0
0
0
0
0
0
0
0
0
0
0
0
0
0
0
0
0
0
0
0
0
0
0
0
0
0
0
0
0
0
0
0
0
0
0
0
0
0
0
0
0
0
0
0
0
0
0
0
0
0
0
0
0
0
0
0
0
0
0
0
0
0
0
0
0
0
0
0
0
0
0
0
0
0
0
0
0
0
0
0
0
0
0
0
0
0
0
0
0
0
0
0
0
0
0
0
0
0
0
0
0
0
0
0
0
0
0
0
0
0
0
0
0
0
0
0
0
0
0
0
0
0
0
0
0
0
0
0
0
0
0
0
0
0
0
0
0
0
0
0
0
0
0
0
0
0
0
0
0
0
0
0
0
0
0
0
0
0
0
0
0
0
0
0
0
0
0
0
0
0
0
0
0
0
0
0
0
0
0
0
0
0
0
0
0
0
0
0
0
0
0
0
0
0
0
0
0
0
0
0
0
0
0
0
0
0
0
0
0
0
0
0
0
0
0
0
0
0
0
0
0
0
0
0
0
0
0
0
0
0
0
0
0
0
0
0
0
0
0
0
0
0
0
0
0
0
0
0
0
0
0
0
0
0
0
0
0
0
0
0
0
0
0
0
0
0
0
0
0
0
0
0
0
0
0
0
0
0
0
0
0
0
0
0
0
0
0
0
0
0
0
0
0
0
0
0
0
0
0
0
0
0
0
0
0
0
0
0
0
0
0
0
0
0
0
0
0
0
0
0
0
0
0
0
0
0
0
0
0
0
0
0
0
0
0
0
0
0
0
0
0
0
0
0
0
0
0
0
0
0
0
0
0
0
0
0
0
0
0
0
0
0
0
0
0
0
0
0
0
0
0
0
0
0
0
0
0
0
0
0
0
0
0
0
0
0
0
0
0
0
0
0
0
0
0
0
0
0
0
0
0
0
0
0
0
0
0
0
0
0
0
0
0
0
0
0
0
0
0
0
0
0
0
0
0
0
0
0
0
0
0
0
0
0
0
0
0
0
0
0
0
0
0
0
0
0
0
0
0
0
0
0
0
0
0
0
0
0
0
0
0
0
0
0
0
0
0
0
0
0
0
0
0
0
0
0
0
0
0
0
0
0
0
0
0
0
0
0
0
0
0
0
0
0
0
0
0
0
0
0
0
0
0
0
0
0
0
0
0
0
0
0
0
0
0
0
0
0
0
0
0
0
0
0
0
0
0
0
0
0
0
0
0
0
0
0
0
0
0
0
0
0
0
0
0
0
0
0
0
0
0
0
0
0
0
0
0
0
0
0
0
0
0
0
0
0
0
0
0
0
0
0
0
0
0
0
0
0
0
0
0
0
0
0
0
0
0
0
0
0
0
0
0
0
0
0
0
0
0
0
0
0
0
0
0
0
0
0
0
0
0
0
0
0
0
0
0
0
0
0
0
0
0
0
0
0
0
0
0
0
0
0
0
0
0
0
0
0
0
0
0
0
0
0
0
0
0
0
0
0
0
0
0
0
0
0
0
0
0
0
0
0
0
0
0
0
0
0
0
0
0
0
0
0
0
0
0
0
0
0
0
0
0
0
0
0
0
0
0
0
0
0
0
0
0
0
0
0
0
0
0
0
0
0
0
0
0
0
0
0
0
0
0
0
0
0
0
0
0
0
0
0
0
0
0
0
0
0
0
0
0
0
0
0
0
0
0
0
0
0
0
0
0
0
0
0
0
0
0
0
0
0
0
0
0
0
0
0
0
0
0
0
0
0
0
0
0
0
0
0
0
0
0
0
0
0
0
0
0
0
0
0
0
0
0
0
0
0
0
0
0
0
0
0
0
0
0
0
0
0
0
0
0
0
0
0
0
0
0
0
0
0
0
0
0
0
0
0
0
0
0
0
0
0
0
0
0
0
0
0
0
0
0
0
0
0
0
0
0
0
0
0
0
0
0
0
0
0
0
0
0
0
0
0
0
0
0
0
0
0
0
0
0
0
0
0
0
0
0
0
0
0
0
0
0
0
0
0
0
0
0
0
0
0
0
0
0
0
0
0
0
0
0
0
0
0
0
0
0
0
0
0
0
0
0
0
0
0
0
0
0
0
0
0
0
0
0
0
0
0
0
0
0
0
0
0
0
0
0
0
0
0
0
0
0
0
0
0
0
0
0
0
0
0
0
0
0
0
0
0
0
0
0
0
0
0
0
0
0
0
0
0
0
0
0
0
0
0
0
0
0
0
0
0
0
0
0
0
0
0
0
0
0
0
0
0
0
0
0
0
0
0
0
0
0
0
0
0
0
0
0
0
0
0
0
0
0
0
0
0
0
0
0
0
0
0
0
0
0
0
0
0
0
0
0
0
0
0
0
0
0
0
0
0
0
0
0
0
0
0
0
0
0
0
0
0
0
0
0
0
0
0
0
0
0
0
0
0
0
0
0
0
0
0
0
0
0
0
0
0
0
0
0
0
0
0
0
0
0
0
0
0
0
0
0
0
0
0
0
0
0
0
0
0
0
0
0
0
0
0
0
0
0
0
0
0
0
0
0
0
0
0
0
0
0
0
0
0
0
0
0
0
0
0
0
0
0
0
0
0
0
0
0
0
0
0
0
0
0
0
0
0
0
0
0
0
0
0
0
0
0
0
0
0
0
0
0
0
0
0
0
0
0
0
0
0
0
0
0
0
0
0
0
0
0
0
0
0
0
0
0
0
0
0
0
0
0
0
0
0
0
0
0
0
0
0
0
0
0
0
0
0
0
0
0
0
0
0
0
0
0
0
0
0
0
0
0
0
0
0
0
0
0
0
0
0
0
0
0
0
0
0
0
0
0
0
0
0
0
0
0
0
0
0
0
0
0
0
0
0
0
0
0
0
0
0
0
0
0
0
0
0
0
0
0
0
0
0
0
0
0
0
0
0
0
0
0
0
0
0
0
0
0
0
0
0
0
0
0
0
0
0
0
0
0
0
0
0
0
0
0
0
0
0
0
0
0
0
0
0
0
0
0
0
0
0
0
0
0
0
0
0
0
0
0
0
0
0
0
0
0
0
0
0
0
0
0
0
0
0
0
0
0
0
0
0
0
0
0
0
0
0
0
0
0
0
0
0
0
0
0
0
0
0
0
0
0
0
0
0
0
0
0
0
0
0
0
0
0
0
0
0
0
0
0
0
0
0
0
0
0
0
0
0
0
0
0
0
0
0
0
0
0
0
0
0
0
0
0
0
0
0
0
0
0
0
0
0
0
0
0
0
0
0
0
0
0
0
0
0
0
0
0
0
0
0
0
0
0
0
0
0
0
0
0
0
0
0
0
0
0
0
0
0
0
0
0
0
0
0
0
0
0
0
0
0
0
0
0
0
0
0
0
0
0
0
0
0
0
0
0
0
0
0
0
0
0
0
0
0
0
0
0
0
0
0
0
0
0
0
0
0
0
0
0
0
0
0
0
0
0
0
0
0
0
0
0
0
0
0
0
0
0
0
0
0
0
0
0
0
0
0
0
0
0
0
0
0
0
0
0
0
0
0
0
0
0
0
0
0
0
0
0
0
0
0
0
0
0
0
0
0
0
0
0
0
0
0
0
0
0
0
0
0
0
0
0
0
0
0
0
0
0
0
0
0
0
0
0
0
0
0
0
0
0
0
0
0
0
0
0
0
0
0
0
0
0
0
0
0
0
0
0
0
0
0
0
0
0
0
0
0
0
0
0
0
0
0
0
0
0
0
0
0
0
0
0
0
0
0
0
0
0
0
0
0
0
0
0
0
0
0
0
0
0
0
0
0
0
0
0
0
0
0
0
0
0
0
0
0
0
0
0
0
0
0
0
0
0
0
0
0
0
0
0
0
0
0
0
0
0
0
0
0
0
0
0
0
0
0
0
0
0
0
0
0
0
0
0
0
0
0
0
0
0
0
0
0
0
0
0
0
0
0
0
0
0
0
0
0
0
0
0
0
0
0
0
0
0
0
0
0
0
0
0
0
0
0
0
0
0
0
0
0
0
0
0
0
0
0
0
0
0
0
0
0
0
0
0
0
0
0
0
0
0
0
0
0
0
0
0
0
0
0
0
0
0
0
0
0
0
0
0
0
0
0
0
0
0
0
0
0
0
0
0
0
0
0
0
0
0
0
0
0
0
0
0
0
0
0
0
0
0
0
0
0
0
0
0
0
0
0
0
0
0
0
0
0
0
0
0
0
0
0
0
0
0
0
0
0
0
0
0
0
0
0
0
0
0
0
0
0
0
0
0
0
0
0
0
0
0
0
0
0
0
0
0
0
0
0
0
0
0
0
0
0
0
0
0
0
0
0
0
0
0
0
0
0
0
0
0
0
0
0
0
0
0
0
0
0
0
0
0
0
0
0
0
0
0
0
0
0
0
0
0
0
0
0
0
0
0
0
0
0
0
0
0
0
0
0
0
0
0
0
0
0
0
0
0
0
0
0
0
0
0
0
0
0
0
0
0
0
0
0
0
0
0
0
0
0
0
0
0
0
0
0
0
0
0
0
0
0
0
0
0
0
0
0
0
0
0
0
0
0
0
0
0
0
0
0
0
0
0
0
0
0
0
0
0
0
0
0
0
0
0
0
0
0
0
0
0
0
0
0
0
0
0
0
0
0
0
0
0
0
0
0
0
0
0
0
0
0
0
0
0
0
0
0
0
0
0
0
0
0
0
0
0
0
0
0
0
0
0
0
0
0
0
0
0
0
0
0
0
0
0
0
0
0
0
0
0
0
0
0
0
0
0
0
0
0
0
0
0
0
0
0
0
0
0
0
0
0
0
0
0
0
0
0
0
0
0
0
0
0
0
0
0
0
0
0
0
0
0
0
0
0
0
0
0
0
0
0
0
0
0
0
0
0
0
0
0
0
0
0
0
0
0
0
0
0
0
0
0
0
0
0
0
0
0
0
0
0
0
0
0
0
0
0
0
0
0
0
0
0
0
0
0
0
0
0
0
0
0
0
0
0
0
0
0
0
0
0
0
0
0
0
0
0
0
0
0
0
0
0
0
0
0
0
0
0
0
0
0
0
0
0
0
0
0
0
0
0
0
0
0
0
0
0
0
0
0
0
0
0
0
0
0
0
0
0
0
0
0
0
0
0
0
0
0
0
0
0
0
0
0
0
0
0
0
0
0
0
0
0
0
0
0
0
0
0
0
0
0
0
0
0
0
0
0
0
0
0
0
0
0
0
0
0
0
0
0
0
0
0
0
0
0
0
0
0
0
0
0
0
0
0
0
0
0
0
0
0
0
0
0
0
0
0
0
0
0
0
0
0
0
0
0
0
0
0
0
0
0
0
0
0
0
0
0
0
0
0
0
0
0
0
0
0
0
0
0
0
0
0
0
0
0
0
0
0
0
0
0
0
0
0
0
0
0
0
0
0
0
0
0
0
0
0
0
0
0
0
0
0
0
0
0
0
0
0
0
0
0
0
0
0
0
0
0
0
0
0
0
0
0
0
0
0
0
0
0
0
0
0
0
0
0
0
0
0
0
0
0
0
0
0
0
0
0
0
0
0
0
0
0
0
0
0
0
0
0
0
0
0
0
0
0
0
0
0
0
0
0
0
0
0
0
0
0
0
0
0
0
0
0
0
0
0
0
0
0
0
0
0
0
0
0
0
0
0
0
0
0
0
0
0
0
0
0
0
0
0
0
0
0
0
0
0
0
0
0
0
0
0
0
0
0
0
0
0
0
0
0
0
0
0
0
0
0
0
0
0
0
0
0
0
0
0
0
0
0
0
0
0
0
0
0
0
0
0
0
0
0
0
0
0
0
0
0
0
0
0
0
0
0
0
0
0
0
0
0
0
0
0
0
0
0
0
0
0
0
0
0
0
0
0
0
0
0
0
0
0
0
0
0
0
0
0
0
0
0
0
0
0
0
0
0
0
0
0
0
0
0
0
0
0
0
0
0
0
0
0
0
0
0
0
0
0
0
0
0
0
0
0
0
0
0
0
0
0
0
0
0
0
0
0
0
0
0
0
0
0
0
0
0
0
0
0
0
0
0
0
0
0
0
0
0
0
0
0
0
0
0
0
0
0
0
0
0
0
0
0
0
0
0
0
0
0
0
0
0
0
0
0
0
0
0
0
0
0
0
0
0
0
0
0
0
0
0
0
0
0
0
0
0
0
0
0
0
0
0
0
0
0
0
0
0
0
0
0
0
0
0
0
0
0
0
0
0
0
0
0
0
0
0
0
0
0
0
0
0
0
0
0
0
0
0
0
0
0
0
0
0
0
0
0
0
0
0
0
0
0
0
0
0
0
0
0
0
0
0
0
0
0
0
0
0
0
0
0
0
0
0
0
0
0
0
0
0
0
0
0
0
0
0
0
0
0
0
0
0
0
0
0
0
0
0
0
0
0
0
0
0
0
0
0
0
0
0
0
0
0
0
0
0
0
0
0
0
0
0
0
0
0
0
0
0
0
0
0
0
0
0
0
0
0
0
0
0
0
0
0
0
0
0
0
0
0
0
0
0
0
0
0
0
0
0
0
0
0
0
0
0
0
0
0
0
0
0
0
0
0
0
0
0
0
0
0
0
0
0
0
0
0
0
0
0
0
0
0
0
0
0
0
0
0
0
0
0
0
0
0
0
0
0
0
0
0
0
0
0
0
0
0
0
0
0
0
0
0
0
0
0
0
0
0
0
0
0
0
0
0
0
0
0
0
0
0
0
0
0
0
0
0
0
0
0
0
0
0
0
0
0
0
0
0
0
0
0
0
0
0
0
0
0
0
0
0
0
0
0
0
0
0
0
0
0
0
0
0
0
0
0
0
0
0
0
0
0
0
0
0
0
0
0
0
0
0
0
0
0
0
0
0
0
0
0
0
0
0
0
0
0
0
0
0
0
0
0
0
0
0
0
0
0
0
0
0
0
0
0
0
0
0
0
0
0
0
0
0
0
0
0
0
0
0
0
0
0
0
0
0
0
0
0
0
0
0
0
0
0
0
0
0
0
0
0
0
0
0
0
0
0
0
0
0
0
0
0
0
0
0
0
0
0
0
0
0
0
0
0
0
0
0
0
0
0
0
0
0
0
0
0
0
0
0
0
0
0
0
0
0
0
0
0
0
0
0
0
0
0
0
0
0
0
0
0
0
0
0
0
0
0
0
0
0
0
0
0
0
0
0
0
0
0
0
0
0
0
0
0
0
0
0
0
0
0
0
0
0
0
0
0
0
0
0
0
0
0
0
0
0
0
0
0
0
0
0
0
0
0
0
0
0
0
0
0
0
0
0
0
0
0
0
0
0
0
0
0
0
0
0
0
0
0
0
0
0
0
0
0
0
0
0
0
0
0
0
0
0
0
0
0
0
0
0
0
0
0
0
0
0
0
0
0
0
0
0
0
0
0
0
0
0
0
0
0
0
0
0
0
0
0
0
0
0
0
0
0
0
0
0
0
0
0
0
0
0
0
0
0
0
0
0
0
0
0
0
0
0
0
0
0
0
0
0
0
0
0
0
0
0
0
0
0
0
0
0
0
0
0
0
0
0
0
0
0
0
0
0
0
0
0
0
0
0
0
0
0
0
0
0
0
0
0
0
0
0
0
0
0
0
0
0
0
0
0
0
0
0
0
0
0
0
0
0
0
0
0
0
0
0
0
0
0
0
0
0
0
0
0
0
0
0
0
0
0
0
0
0
0
0
0
0
0
0
0
0
0
0
0
0
0
0
0
0
0
0
0
0
0
0
0
0
0
0
0
0
0
0
0
0
0
0
0
0
0
0
0
0
0
0
0
0
0
0
0
0
0
0
0
0
0
0
0
0
0
0
0
0
0
0
0
0
0
0
0
0
0
0
0
0
0
0
0
0
0
0
0
0
0
0
0
0
0
0
0
0
0
0
0
0
0
0
0
0
0
0
0
0
0
0
0
0
0
0
0
0
0
0
0
0
0
0
0
0
0
0
0
0
0
0
0
0
0
0
0
0
0
0
0
0
0
0
0
0
0
0
0
0
0
0
0
0
0
0
0
0
0
0
0
0
0
0
0
0
0
0
0
0
0
0
0
0
0
0
0
0
0
0
0
0
0
0
0
0
0
0
0
0
0
0
0
0
0
0
0
0
0
0
0
0
0
0
0
0
0
0
0
0
0
0
0
0
0
0
0
0
0
0
0
0
0
0
0
0
0
0
0
0
0
0
0
0
0
0
0
0
0
0
0
0
0
0
0
0
0
0
0
0
0
0
0
0
0
0
0
0
0
0
0
0
0
0
0
0
0
0
0
0
0
0
0
0
0
0
0
0
0
0
0
0
0
0
0
0
0
0
0
0
0
0
0
0
0
0
0
0
0
0
0
0
0
0
0
0
0
0
0
0
0
0
0
0
0
0
0
0
0
0
0
0
0
0
0
0
0
0
0
0
0
0
0
0
0
0
0
0
0
0
0
0
0
0
0
0
0
0
0
0
0
0
0
0
0
0
0
0
0
0
0
0
0
0
0
0
0
0
0
0
0
0
0
0
0
0
0
0
0
0
0
0
0
0
0
0
0
0
0
0
0
0
0
0
0
0
0
0
0
0
0
0
0
0
0
0
0
0
0
0
0
0
0
0
0
0
0
0
0
0
0
0
0
0
0
0
0
0
0
0
0
0
0
0
0
0
0
0
0
0
0
0
0
0
0
0
0
0
0
0
0
0
0
0
0
0
0
0
0
0
0
0
0
0
0
0
0
0
0
0
0
0
0
0
0
0
0
0
0
0
0
0
0
0
0
0
0
0
0
0
0
0
0
0
0
0
0
0
0
0
0
0
0
0
0
0
0
0
0
0
0
0
0
0
0
0
0
0
0
0
0
0
0
0
0
0
0
0
0
0
0
0
0
0
0
0
0
0
0
0
0
0
0
0
0
0
0
0
0
0
0
0
0
0
0
0
0
0
0
0
0
0
0
0
0
0
0
0
0
0
0
0
0
0
0
0
0
0
0
0
0
0
0
0
0
0
0
0
0
0
0
0
0
0
0
0
0
0
0
0
0
0
0
0
0
0
0
0
0
0
0
0
0
0
0
0
0
0
0
0
0
0
0
0
0
0
0
0
0
0
0
0
0
0
0
0
0
0
0
0
0
0
0
0
0
0
0
0
0
0
0
0
0
0
0
0
0
0
0
0
0
0
0
0
0
0
0
0
0
0
0
0
0
0
0
0
0
0
0
0
0
0
0
0
0
0
0
0
0
0
0
0
0
0
0
0
0
0
0
0
0
0
0
0
0
0
0
0
0
0
0
0
0
0
0
0
0
0
0
0
0
0
0
0
0
0
0
0
0
0
0
0
0
0
0
0
0
0
0
0
0
0
0
0
0
0
0
0
0
0
0
0
0
0
0
0
0
0
0
0
0
0
0
0
0
0
0
0
0
0
0
0
0
0
0
0
0
0
0
0
0
0
0
0
0
0
0
0
0
0
0
0
0
0
0
0
0
0
0
0
0
0
0
0
0
0
0
0
0
0
0
0
0
0
0
0
0
0
0
0
0
0
0
0
0
0
0
0
0
0
0
0
0
0
0
0
0
0
0
0
0
0
0
0
0
0
0
0
0
0
0
0
0
0
0
0
0
0
0
0
0
0
0
0
0
0
0
0
0
0
0
0
0
0
0
0
0
0
0
0
0
0
0
0
0
0
0
0
0
0
0
0
0
0
0
0
0
0
0
0
0
0
0
0
0
0
0
0
0
0
0
0
0
0
0
0
0
0
0
0
0
0
0
0
0
0
0
0
0
0
0
0
0
0
0
0
0
0
0
0
0
0
0
0
0
0
0
0
0
0
0
0
0
0
0
0
0
0
0
0
0
0
0
0
0
0
0
0
0
0
0
0
0
0
0
0
0
0
0
0
0
0
0
0
0
0
0
0
0
0
0
0
0
0
0
0
0
0
0
0
0
0
0
0
0
0
0
0
0
0
0
0
0
0
0
0
0
0
0
0
0
0
0
0
0
0
0
0
0
0
0
0
0
0
0
0
0
0
0
0
0
0
0
0
0
0
0
0
0
0
0
0
0
0
0
0
0
0
0
0
0
0
0
0
0
0
0
0
0
0
0
0
0
0
0
0
0
0
0
0
0
0
0
0
0
0
0
0
0
0
0
0
0
0
0
0
0
0
0
0
0
0
0
0
0
0
0
0
0
0
0
0
0
0
0
0
0
0
0
0
0
0
0
0
0
0
0
0
0
0
0
0
0
0
0
0
0
0
0
0
0
0
0
0
0
0
0
0
0
0
0
0
0
0
0
0
0
0
0
0
0
0
0
0
0
0
0
0
0
0
0
0
0
0
0
0
0
0
0
0
0
0
0
0
0
0
0
0
0
0
0
0
0
0
0
0
0
0
0
0
0
0
0
0
0
0
0
0
0
0
0
0
0
0
0
0
0
0
0
0
0
0
0
0
0
0
0
0
0
0
0
0
0
0
0
0
0
0
0
0
0
0
0
0
0
0
0
0
0
0
0
0
0
0
0
0
0
0
0
0
0
0
0
0
0
0
0
0
0
0
0
0
0
0
0
0
0
0
0
0
0
0
0
0
0
0
0
0
0
0
0
0
0
0
0
0
0
0
0
0
0
0
0
0
0
0
0
0
0
0
0
0
0
0
0
0
0
0
0
0
0
0
0
0
0
0
0
0
0
0
0
0
0
0
0
0
0
0
0
0
0
0
0
0
0
0
0
0
0
0
0
0
0
0
0
0
0
0
0
0
0
0
0
0
0
0
0
0
0
0
0
0
0
0
0
0
0
0
0
0
0
0
0
0
0
0
0
0
0
0
0
0
0
0
0
0
0
0
0
0
0
0
0
0
0
0
0
0
0
0
0
0
0
0
0
0
0
0
0
0
0
0
0
0
0
0
0
0
0
0
0
0
0
0
0
0
0
0
0
0
0
0
0
0
0
0
0
0
0
0
0
0
0
0
0
0
0
0
0
0
0
0
0
0
0
0
0
0
0
0
0
0
0
0
0
0
0
0
0
0
0
0
0
0
0
0
0
0
0
0
0
0
0
0
0
0
0
0
0
0
0
0
0
0
0
0
0
0
0
0
0
0
0
0
0
0
0
0
0
0
0
0
0
0
0
0
0
0
0
0
0
0
0
0
0
0
0
0
0
0
0
0
0
0
0
0
0
0
0
0
0
0
0
0
0
0
0
0
0
0
0
0
0
0
0
0
0
0
0
0
0
0
0
0
0
0
0
0
0
0
0
0
0
0
0
0
0
0
0
0
0
0
0
0
0
0
0
0
0
0
0
0
0
0
0
0
0
0
0
0
