-10
759
-599
-1238
-3248
-2013
-2714
-176
1054
-842
-1402
-2614
-2931
-2406
-63
446
-175
292
-3744
-2925
506
-2577
-14412
-386
493
-3752
-2943
-2123
-3619
-14848
-44
624
121
1287
-3748
-2684
-5582
-3471
-4162
-102
896
-2267
-644
-3624
-2812
-2141
174
740
-97
198
-5255
-4782
4082
-4092
-19648
-395
-188
-4405
-2556
271
-3232
-28668
-128
-707
2
846
-3933
-2082
-4923
-4481
-4219
-148
1016
-3781
-1393
-3668
-4341
-2399
137
952
-83
709
-4631
-4905
3249
-4301
-17282
-380
271
-5024
-3304
-226
-3820
-20754
-78
-88
37
655
-2149
214
-1749
-1906
-2600
-108
711
-2124
145
-2128
-2474
-990
35
776
-76
609
-2767
-3485
-642
-2581
-21754
-246
-614
-3511
-2076
-2766
-2089
-24880
-140
13
-155
173
-2846
2261
-2838
-1723
-2788
-270
126
-2903
2110
-2538
-2684
-603
-139
382
7
784
-1833
-3798
-3029
-2820
-20468
-175
-131
-4034
-2803
-4921
-2358
-25497
29
1023
-231
876
-2669
2571
-3110
-1529
-2350
-350
575
-3892
1917
-3127
-3735
-411
-201
906
39
237
-1856
-4021
-1999
-2393
-20303
-208
-234
-5833
-3720
-4025
-3577
-19040
-20
255
-228
1242
-1776
2265
-2170
-823
-1888
-288
841
-2627
2284
-2124
-2708
-595
-42
1146
29
-150
-2516
-2781
-1868
-1718
-25569
-143
-459
-5555
-3170
-3598
-2624
-25537
63
211
-265
497
-1048
1299
-2385
-1365
-1730
-269
485
-2112
1508
-2522
-3786
-1783
-170
652
-83
-641
-2359
-2069
-863
-1673
-19419
-177
-760
-4711
-3478
-4049
-3418
-14487
9
-703
225
680
-1651
-1939
-4775
-2158
-3467
255
-140
-965
-1120
-4275
-2975
-2657
236
-118
-344
1211
-5849
-4047
2563
-3300
-14974
-572
797
-5615
-2336
-771
-3361
-16741
-184
1360
341
625
-3937
-3091
-5262
-1928
-3803
162
-568
-3794
-1366
-5167
-4224
-3199
150
136
-220
-632
-5781
-5254
4195
-3695
-15563
-472
-1289
-6386
-4171
959
-4348
-13744
-163
-972
236
-666
-3396
-1415
-3157
-2788
-3017
91
-1540
-4906
-366
-4587
-4773
-1373
98
-203
-120
204
-3472
-3625
1890
-2956
-26276
-304
-167
-6064
-4514
-359
-2924
-23581
-115
-611
146
213
-3399
1638
-1866
-2749
-2771
-126
-1421
-4553
1969
-4123
-3970
-197
91
231
-39
784
-3119
-3156
-1857
-2860
-23560
-234
-396
-6337
-4365
-3263
-2889
-22882
-128
-890
5
-947
-3934
4163
-2840
-3168
-3688
-247
-747
-5356
4332
-5727
-4773
-1235
42
-51
-38
-70
-4317
-3326
-5417
-3758
-18705
-273
-357
-7994
-4743
-6809
-4271
-16611
-150
537
-176
-711
-3348
5026
-1604
-2257
-3004
-353
-1061
-7404
4472
-6081
-6439
-2192
-24
-1425
1
-303
-4451
-4434
-5272
-2985
-23592
-220
-610
-9728
-6579
-8037
-6409
-10051
-180
-378
-106
-638
-2434
3835
-1225
-333
-2008
-239
-1164
-5532
2975
-4631
-4325
-157
-53
-1557
48
-649
-3332
-3602
-3632
-1772
-22302
-189
-292
-8017
-5113
-5650
-4743
-13327
-110
-262
-196
-1873
-1812
1278
-2391
-823
-1710
-93
-1458
-3147
1389
-3684
-3190
-534
-28
-1156
-113
-388
-1773
-2464
72
-1315
-20790
-185
-912
-4643
-3098
-2650
-3055
-16988
-35
-865
437
-552
-1336
-1564
-4536
-1291
-3403
325
-808
-925
-1253
-4967
-3346
-3318
176
-1538
-350
1036
-5259
-4304
720
-3171
-11810
-537
-106
-4701
-3007
-2183
-3121
-10689
-232
241
525
204
-4083
-2847
-3378
-445
-3645
392
285
-2839
-1569
-4012
-2039
-968
136
-66
-263
-964
-4339
-4939
1097
-3344
-14371
-441
-853
-3443
-2305
-1959
-2404
-18838
-237
-41
366
1002
-5078
-680
-3783
-3686
-4076
71
615
-5675
7
-6302
-4796
-1561
99
267
-155
1058
-3162
-5474
517
-4078
-18390
-423
-11
-4752
-4204
-2172
-3844
-19236
-234
387
223
1021
-4872
4959
-3694
-4363
-3420
-84
1099
-7682
3754
-7386
-7087
-848
124
204
-1
1962
-4094
-3928
-3457
-3662
-23162
-175
2033
-8745
-7317
-6014
-6419
-14612
-233
1335
-29
2752
-5590
5616
-7096
-7446
-6524
-150
3566
-6551
3859
-10781
-8292
-1799
190
1954
-125
912
-7631
-5982
-5490
-6675
-14220
42
2016
-11736
-8445
-7697
-9313
-11249
-76
1367
-78
3141
-6054
3782
-4753
-6903
-6850
-155
4054
-6026
3045
-9234
-6515
-1504
123
2101
-296
-1664
-7582
-8101
-5216
-7107
-11339
-21
-2085
-10835
-6518
-6895
-7690
-15885
-57
-1965
22
1038
-3839
4509
-2259
-725
-3023
-140
1680
-5951
3957
-5459
-4347
-726
-107
1615
-165
-954
-4673
-4807
-4790
-3116
-18208
-162
-2254
-8456
-5194
-7767
-5477
-12174
-43
-1803
-105
386
-3840
4739
-2917
-1226
-2629
-31
443
-4938
5000
-3752
-3844
-1697
-41
246
-144
-315
-2992
-3498
-3195
-2381
-18139
-178
-839
-5840
-3478
-5510
-3997
-15999
-50
-481
396
-450
-1537
-853
-4182
-1774
-3168
241
-908
-989
700
-4204
-2602
-3055
288
-1155
-309
1561
-5060
-4648
1368
-3066
-17781
-566
-157
-5026
-2398
-1709
-2189
-20774
-178
-477
611
-1256
-3780
-2385
-4345
-2660
-4761
445
-526
-2228
-211
-5205
-3189
-2015
125
-335
-342
35
-5647
-6498
1229
-4427
-12531
-500
635
-4342
-3340
-2005
-3227
-20052
-310
1011
354
-357
-5166
-954
-4263
-3802
-4463
239
-188
-6288
-207
-6729
-5224
-1167
157
-274
-192
1409
-3755
-5916
513
-4293
-15901
-303
352
-5750
-5516
-2816
-5162
-14973
-191
707
165
-523
-5578
3843
-5407
-4734
-4388
-3
-452
-7404
3342
-5905
-7034
-1200
103
-84
-112
3673
-4635
-4409
-3467
-4404
-21555
-119
2424
-9803
-7477
-6622
-6756
-18493
-226
1464
-54
-233
-8756
8735
-11310
-10351
-9374
43
-1090
-6875
7827
-6772
-8974
-5203
267
-434
-241
1715
-9527
-7478
-8928
-9355
505
181
2291
-13049
-9094
-10020
-8927
-13604
44
938
-58
-391
-9037
7131
-10017
-9670
-9841
-44
-1025
-6118
7142
-7060
-7267
-4349
212
18
-309
-3069
-10147
-10343
-7005
-9775
1453
45
-2534
-12436
-7044
-8975
-7789
-18980
145
-1555
-46
411
-5650
5743
-6849
-3152
-4375
-105
512
-7836
5334
-6799
-6023
-1807
153
826
-219
-1569
-6389
-6357
-1419
-4390
-20457
-212
-2025
-10917
-6183
-7083
-7210
-15768
-6
-1046
-156
324
-4725
5816
-3894
-2118
-2950
-11
468
-5471
5965
-3855
-3869
-1787
182
235
-249
-363
-4473
-3986
-1878
-2743
-13740
-205
-1382
-7016
-3818
-4716
-4374
-12828
-25
-1086
400
-260
-2130
316
-2093
-1264
-2644
220
-1134
-2469
1670
-2899
-2452
-2814
300
-961
-249
1378
-4751
-3780
-195
-2527
-14353
-491
381
-5936
-2832
-2056
-2420
-13658
-190
279
633
-1102
-2804
-44
-3404
-1612
-3563
366
-935
-3255
1491
-5380
-3753
-2269
44
13
-368
-767
-6424
-4034
-58
-3350
-16040
-401
313
-7550
-4983
-2492
-3748
-13189
-286
172
360
-1432
-3605
476
-3143
-1652
-2937
276
-911
-4947
786
-4650
-3712
226
3
-743
-201
786
-4183
-2363
-454
-2565
-17031
-84
1068
-6660
-5229
-2292
-4374
-13363
-144
1177
360
-881
-3477
1189
-3830
-2131
-2774
142
-416
-4474
986
-3603
-3647
-172
38
-554
-52
1928
-2653
-1641
-1900
-2692
-17065
-95
133
-5436
-5203
-3460
-3555
-15708
-156
-434
382
-938
-5136
4218
-5066
-3363
-4015
65
-2354
-5024
3744
-3601
-5498
-1255
73
-1448
45
1378
-3417
-2173
-5578
-3927
-20397
35
978
-7570
-5924
-6361
-4297
-21585
-116
932
431
-953
-6123
6518
-4629
-4435
-5126
-59
-2566
-5824
6506
-4825
-6175
-2563
99
-1249
-48
-1498
-6575
-5010
-5445
-4887
-19264
-157
-420
-10353
-6410
-6970
-5569
-21604
-95
226
227
149
-6496
5176
-7595
-4284
-4962
53
440
-6273
5696
-5802
-5190
-3651
174
458
-163
-105
-6581
-4984
-1189
-4828
-15736
-321
685
-8782
-4892
-3887
-5670
-19383
-134
779
-254
37
-5413
5402
-5644
-3265
-3624
-28
211
-5925
6662
-4669
-4215
-3879
194
1
-356
-635
-5338
-3561
-789
-3421
-16248
-183
-1180
-6863
-4216
-3377
-4577
-16772
145
-784
408
-593
-3070
923
-1944
-1838
-2684
218
-191
-2914
2367
-2928
-2331
-2733
302
-544
-271
1088
-3522
-3805
-736
-2519
-13920
-463
260
-4493
-2880
-3073
-1851
-14989
-259
480
630
-370
-3138
-416
-1557
-1730
-2940
363
545
-3586
738
-3468
-3218
-1246
63
-2
-396
-719
-4705
-3584
-470
-2720
-15293
-359
-413
-6902
-4686
-3111
-2430
-13091
-342
-750
416
-332
-4015
-2084
-1637
-3052
-3018
337
674
-3694
-1374
-2771
-3023
1614
14
113
-296
-353
-3633
-2003
476
-2857
-20356
-162
-161
-5360
-4415
-2083
-2375
-23368
-199
235
491
-896
-3334
-1809
-1879
-2221
-2448
240
-587
-5148
-2487
-3545
-4198
505
6
-566
-50
1517
-1085
-1401
-726
-2281
-23481
-194
-513
-2813
-5847
-3879
-2930
-18514
-145
-313
569
-1054
-3516
430
-2805
-982
-2433
123
-446
-4502
698
-3633
-3453
14
-75
-148
74
1239
-1657
-1771
-2641
-2328
-22770
-215
-499
-4108
-4872
-4948
-1892
-21194
-173
-301
473
305
-5819
2394
-2571
-2742
-4142
-6
332
-5284
3983
-3742
-3829
-2906
-73
470
-107
167
-4631
-3806
-3722
-4067
-17274
-240
104
-6655
-4629
-4035
-2725
-21185
-254
35
267
282
-7920
4457
-7013
-5664
-6400
2
597
-6554
5722
-5531
-4776
-4859
99
501
-174
-493
-6295
-4660
-4151
-6338
-12207
-250
407
-8005
-4965
-3630
-4724
-22540
-85
296
-66
-498
-5785
6759
-6617
-4341
-4576
-83
-979
-5920
8109
-4323
-5170
-5611
172
-1026
-269
-450
-6365
-2921
-4081
-4484
-14504
-131
-918
-8080
-5403
-5216
-5056
-17178
241
-466
123
-766
-2479
603
-2270
-2747
-2756
9
-242
-2385
2068
-3862
-2858
-2823
246
-37
-247
987
-2066
-4271
-755
-2628
-16415
-397
1047
-3206
-3233
-3508
-1603
-19117
-120
1117
355
-639
-3505
-1057
-2904
-3028
-3357
147
-437
-3474
692
-5111
-3577
-1448
232
-29
-342
233
-2740
-5422
980
-3182
-16099
-478
-57
-5093
-4600
-2983
-1052
-17273
-434
-454
156
-543
-4119
-4583
-2644
-4204
-4117
228
549
-3150
-3329
-3903
-3153
1698
202
780
-395
821
-2909
-5132
2407
-4098
-12549
-353
421
-4786
-4443
-1001
-1132
-20679
-319
1001
-58
-208
-2407
-2789
-1132
-1242
-2412
107
486
-3177
-3734
-2578
-3371
2375
-55
527
-86
343
-2093
-2594
158
-2287
-21021
-119
-1485
-4134
-4719
-3559
-595
-20871
-44
-645
17
-1031
-2729
-1478
-1704
-468
-2710
-114
-218
-3846
-1810
-2181
-3456
394
-59
259
24
775
-3349
-3202
-978
-2589
-22550
-187
-435
-5193
-5345
-5183
-881
-20185
-17
-215
138
-889
-4846
-602
-1732
-2571
-4309
-147
-529
-4690
483
-2799
-3587
-905
-6
407
-114
1089
-5226
-5095
-732
-4166
-23747
-288
290
-6915
-4738
-3895
-350
-28989
-178
-455
72
-334
-5749
356
-3921
-4072
-5345
-82
-434
-4229
1847
-2794
-3292
-1415
102
198
-93
-443
-5684
-4876
-1383
-5321
-16885
-192
-68
-7147
-3877
-3060
-1372
-30302
-89
-435
-47
-786
-3143
711
-4037
-3537
-4152
-25
256
-3182
1630
-2845
-3930
-1312
124
766
-165
-741
-4748
-3391
-1298
-4136
-18243
-150
-419
-6469
-4891
-3962
-3300
-24175
137
494
-134
-1048
-1425
-169
-2057
-1643
-2380
-196
-1172
-1296
-270
-3656
-2061
-1330
79
-720
-224
142
-2299
-3264
-686
-2237
-12627
-235
489
-1993
-2497
-3685
-2093
-15329
-33
568
-160
-790
-867
-744
-1141
-410
-1354
-183
-1641
-542
-701
-2371
-1041
-380
3
-796
-219
-505
-1122
-2690
-382
-1220
-15316
-457
-565
-1800
-1577
-2872
-403
-17771
-302
-616
-241
-2021
-1039
-2390
-1107
-856
-1777
-123
-1926
-1181
-3045
-2347
-1388
2421
13
-902
-225
292
-2073
-2855
1100
-1715
-15792
-358
668
-3269
-2334
-2633
-1573
-17617
-147
679
-421
-2594
-734
-2232
-703
-119
-1707
-237
-1572
-1700
-4150
-2136
-1717
3918
-139
-1316
-29
-540
-3335
-2527
1100
-1614
-16287
-155
-528
-5372
-3096
-3180
-2182
-15431
-43
-18
-317
-1976
-2085
-2195
-1465
-272
-2599
-235
-1156
-1827
-2454
-2265
-1189
2764
-154
-1337
-87
-266
-4321
-3396
1425
-2347
-19702
-274
337
-5023
-2374
-3334
-1000
-25589
-83
1027
-163
-787
-1608
-622
-2181
-918
-2294
-232
-1361
-2960
-1308
-4010
-3064
1044
-68
-954
-174
607
-3151
-3186
466
-2100
-22938
-495
132
-4936
-3475
-4776
-1384
-21186
-244
1
-158
-1557
-1153
-587
-1511
-656
-1775
-276
-2009
-2131
-1002
-2989
-2408
1373
-68
-1413
-60
-524
-2389
-1944
-615
-1677
-23797
-389
-770
-4423
-2698
-4341
-1273
-24340
-146
-1291
-330
-2134
-819
-1696
-1474
-2171
-2578
-308
-1921
-891
-1446
-2066
-2845
596
-30
-1004
-126
-341
-3438
-2388
-530
-2611
-17954
-235
-35
-4678
-3501
-3270
-2822
-22005
86
296
0
0
0
0
0
0
0
0
0
0
0
-1610
-1077
-2834
-167
-1444
0
0
0
0
0
0
0
0
0
0
0
-1145
-2385
622
-1540
-16086
0
0
0
0
0
0
0
0
0
0
0
-3199
-2298
-4360
-1237
-2624
0
0
0
0
0
0
0
0
0
0
0
-2534
-3444
2594
-2824
-21579
0
0
0
0
0
0
0
0
0
0
0
-3365
-1962
-3404
-2706
-2697
0
0
0
0
0
0
0
0
0
0
0
-2145
-3215
2249
-2719
-18353
0
0
0
0
0
0
0
0
0
0
0
-2428
-739
-2163
-418
-1917
0
0
0
0
0
0
0
0
0
0
0
-1186
-2067
-443
-1759
-19587
0
0
0
0
0
0
0
0
0
0
0
-2749
314
-2716
55
-2222
0
0
0
0
0
0
0
0
0
0
0
-848
-2677
-1998
-2088
-18409
0
0
0
0
0
0
0
0
0
0
0
-2843
-174
-2514
-342
-2370
0
0
0
0
0
0
0
0
0
0
0
-1016
-3483
-1101
-2186
-14949
0
0
0
0
0
0
0
0
0
0
0
-2608
98
-2164
-199
-1883
0
0
0
0
0
0
0
0
0
0
0
-1253
-2295
-565
-1711
-20778
0
0
0
0
0
0
0
0
0
0
0
-2182
-204
-1954
-699
-1481
0
0
0
0
0
0
0
0
0
0
0
-649
-1654
78
-1376
-14887
0
0
0
0
0
0
0
0
0
0
0
-2316
-1699
-3799
1179
-2263
0
0
0
0
0
0
0
0
0
0
0
-3282
-3441
705
-2341
-16763
0
0
0
0
0
0
0
0
0
0
0
-4188
-3630
-4620
956
-3670
0
0
0
0
0
0
0
0
0
0
0
-4816
-5199
1228
-3814
-11098
0
0
0
0
0
0
0
0
0
0
0
-2893
-1938
-2885
-572
-2567
0
0
0
0
0
0
0
0
0
0
0
-2394
-2970
-34
-2512
-22480
0
0
0
0
0
0
0
0
0
0
0
-3214
148
-2216
-392
-1987
0
0
0
0
0
0
0
0
0
0
0
-2359
-983
-1145
-1798
-23128
0
0
0
0
0
0
0
0
0
0
0
-2735
1830
-2529
-239
-2293
0
0
0
0
0
0
0
0
0
0
0
-3800
-1027
-3434
-2159
-20670
0
0
0
0
0
0
0
0
0
0
0
-2419
1762
-620
123
-2354
0
0
0
0
0
0
0
0
0
0
0
-3452
-3618
-3423
-2254
-20465
0
0
0
0
0
0
0
0
0
0
0
-2137
989
-1178
1192
-2040
0
0
0
0
0
0
0
0
0
0
0
-2571
-3087
-2405
-1705
-18423
0
0
0
0
0
0
0
0
0
0
0
-1570
-83
-2197
-287
-1388
0
0
0
0
0
0
0
0
0
0
0
-516
-2279
454
-1072
-18111
0
0
0
0
0
0
0
0
0
0
0
-2700
-2099
-3584
2021
-2640
0
0
0
0
0
0
0
0
0
0
0
-3371
-3670
-964
-2634
-11466
0
0
0
0
0
0
0
0
0
0
0
-3567
-3451
-3499
3056
-3457
0
0
0
0
0
0
0
0
0
0
0
-4772
-5559
-1132
-3681
-11737
0
0
0
0
0
0
0
0
0
0
0
-2336
-1165
-2339
-116
-2059
0
0
0
0
0
0
0
0
0
0
0
-2561
-3899
135
-2164
-22894
0
0
0
0
0
0
0
0
0
0
0
-3811
1853
-3363
-2392
-3191
0
0
0
0
0
0
0
0
0
0
0
-3952
-2225
-2241
-3286
-18062
0
0
0
0
0
0
0
0
0
0
0
-4277
3917
-4489
-4615
-4315
0
0
0
0
0
0
0
0
0
0
0
-5066
-2205
-3387
-3890
-18951
0
0
0
0
0
0
0
0
0
0
0
-3849
2269
-2715
-3847
-4373
0
0
0
0
0
0
0
0
0
0
0
-4914
-5068
-2006
-3852
-19219
0
0
0
0
0
0
0
0
0
0
0
-2168
1746
-1655
618
-2585
0
0
0
0
0
0
0
0
0
0
0
-3451
-3762
-2862
-2274
-18045
0
0
0
0
0
0
0
0
0
0
0
-1780
1881
-2183
-151
-1793
0
0
0
0
0
0
0
0
0
0
0
-1172
-3246
-1555
-1501
-17685
0
0
0
0
0
0
0
0
0
0
0
-2521
-1892
-3101
1465
-2291
0
0
0
0
0
0
0
0
0
0
0
-2549
-3612
78
-2224
-18768
0
0
0
0
0
0
0
0
0
0
0
-3923
-2917
-3729
1947
-3320
0
0
0
0
0
0
0
0
0
0
0
-4356
-5625
97
-3406
-14339
0
0
0
0
0
0
0
0
0
0
0
-3702
-1945
-3055
-136
-3018
0
0
0
0
0
0
0
0
0
0
0
-3654
-5056
625
-3100
-17460
0
0
0
0
0
0
0
0
0
0
0
-6109
971
-4745
-3482
-4382
0
0
0
0
0
0
0
0
0
0
0
-4431
-2847
-2008
-4471
-16740
0
0
0
0
0
0
0
0
0
0
0
-8853
6090
-7903
-8588
-6688
0
0
0
0
0
0
0
0
0
0
0
-5191
-4042
-4171
-6697
-6927
0
0
0
0
0
0
0
0
0
0
0
-7718
4715
-6427
-5802
-6029
0
0
0
0
0
0
0
0
0
0
0
-5527
-6133
-2343
-5651
-11918
0
0
0
0
0
0
0
0
0
0
0
-3765
2794
-3896
-182
-3026
0
0
0
0
0
0
0
0
0
0
0
-4584
-3457
-543
-2295
-24530
0
0
0
0
0
0
0
0
0
0
0
-2202
2562
-2299
-1076
-1934
0
0
0
0
0
0
0
0
0
0
0
-2727
-3328
-285
-1609
-13759
0
0
0
0
0
0
0
0
0
0
0
-2795
-1679
-1790
611
-2109
0
0
0
0
0
0
0
0
0
0
0
-2849
-2711
-654
-2228
-12991
0
0
0
0
0
0
0
0
0
0
0
-3323
-1359
-2614
1255
-2342
0
0
0
0
0
0
0
0
0
0
0
-4507
-2510
-706
-2380
-16561
0
0
0
0
0
0
0
0
0
0
0
-3180
-511
-2372
-207
-2330
0
0
0
0
0
0
0
0
0
0
0
-4095
-1966
-424
-2432
-14805
0
0
0
0
0
0
0
0
0
0
0
-3548
608
-2903
-1042
-1941
0
0
0
0
0
0
0
0
0
0
0
-2515
-146
-1251
-1901
-18131
0
0
0
0
0
0
0
0
0
0
0
-6064
1238
-5515
-2066
-4569
0
0
0
0
0
0
0
0
0
0
0
-3879
-1013
-5603
-4628
-13516
0
0
0
0
0
0
0
0
0
0
0
-5300
3153
-3509
-892
-3765
0
0
0
0
0
0
0
0
0
0
0
-4934
-2590
-4231
-3565
-20887
0
0
0
0
0
0
0
0
0
0
0
-4416
2538
-4485
-2003
-3383
0
0
0
0
0
0
0
0
0
0
0
-5230
-1097
-945
-3057
-19631
0
0
0
0
0
0
0
0
0
0
0
-3093
1905
-3937
-2030
-2553
0
0
0
0
0
0
0
0
0
0
0
-3893
-1511
443
-2246
-16376
0
0
0
0
0
0
0
0
0
0
0
-2246
-671
-1219
-591
-1733
0
0
0
0
0
0
0
0
0
0
0
-1278
-2770
-589
-1792
-14640
0
0
0
0
0
0
0
0
0
0
0
-3116
-1251
-700
-142
-2197
0
0
0
0
0
0
0
0
0
0
0
-3134
-2359
-974
-2261
-15020
0
0
0
0
0
0
0
0
0
0
0
-2814
-1500
-1709
-1119
-2159
0
0
0
0
0
0
0
0
0
0
0
-2821
-1781
240
-2373
-21189
0
0
0
0
0
0
0
0
0
0
0
-2462
-1308
-2082
667
-1449
0
0
0
0
0
0
0
0
0
0
0
-1227
-1330
-916
-1486
-24185
0
0
0
0
0
0
0
0
0
0
0
-3690
-804
-3814
2398
-2588
0
0
0
0
0
0
0
0
0
0
0
-2725
-1484
-3967
-2732
-19173
0
0
0
0
0
0
0
0
0
0
0
-3873
678
-2404
213
-2985
0
0
0
0
0
0
0
0
0
0
0
-4031
-1720
-3805
-3099
-19695
0
0
0
0
0
0
0
0
0
0
0
-4414
2902
-4503
-2901
-3232
0
0
0
0
0
0
0
0
0
0
0
-3743
-99
-2423
-3035
-23954
0
0
0
0
0
0
0
0
0
0
0
-4199
2607
-5442
-3291
-3449
0
0
0
0
0
0
0
0
0
0
0
-4217
-535
-1623
-3316
-14781
0
0
0
0
0
0
0
0
0
0
0
-1334
-198
-1235
-1102
-1363
0
0
0
0
0
0
0
0
0
0
0
427
-2898
-222
-1218
-19185
0
0
0
0
0
0
0
0
0
0
0
-2830
-1576
-1959
-475
-2177
0
0
0
0
0
0
0
0
0
0
0
-793
-3846
491
-2206
-17232
0
0
0
0
0
0
0
0
0
0
0
-3815
-3382
-3048
-970
-3076
0
0
0
0
0
0
0
0
0
0
0
-1385
-4768
1794
-3148
-14975
0
0
0
0
0
0
0
0
0
0
0
-4008
-3365
-3448
2167
-3308
0
0
0
0
0
0
0
0
0
0
0
-2813
-4510
-842
-3350
-14064
0
0
0
0
0
0
0
0
0
0
0
-3984
-2445
-3944
4445
-3293
0
0
0
0
0
0
0
0
0
0
0
-4136
-4753
-2796
-3383
-17298
0
0
0
0
0
0
0
0
0
0
0
-4016
-896
-2879
2176
-3488
0
0
0
0
0
0
0
0
0
0
0
-3843
-4474
-2805
-3401
-25015
0
0
0
0
0
0
0
0
0
0
0
-4510
69
-3709
-866
-3796
0
0
0
0
0
0
0
0
0
0
0
-3008
-3366
-1840
-3587
-21875
0
0
0
0
0
0
0
0
0
0
0
-3688
-467
-4005
-2168
-3421
0
0
0
0
0
0
0
0
0
0
0
-2633
-2519
-349
-3264
-17988
0
0
0
0
0
0
0
0
0
0
0
-954
-26
-623
-841
-794
0
0
0
0
0
0
0
0
0
0
0
77
-1444
15
-636
-17228
0
0
0
0
0
0
0
0
0
0
0
-1212
-491
-848
-196
-988
0
0
0
0
0
0
0
0
0
0
0
-64
-1837
-151
-999
-14899
0
0
0
0
0
0
0
0
0
0
0
-1642
-1424
-1695
-259
-1655
0
0
0
0
0
0
0
0
0
0
0
-1183
-2800
886
-1556
-14038
0
0
0
0
0
0
0
0
0
0
0
-1938
-1289
-1224
123
-1612
0
0
0
0
0
0
0
0
0
0
0
-2165
-2513
765
-1428
-15692
0
0
0
0
0
0
0
0
0
0
0
-2297
-1125
-2216
1423
-2040
0
0
0
0
0
0
0
0
0
0
0
-3147
-2838
-96
-1849
-21689
0
0
0
0
0
0
0
0
0
0
0
-2083
-59
-2978
1016
-1986
0
0
0
0
0
0
0
0
0
0
0
-1706
-2884
-853
-1913
-21147
0
0
0
0
0
0
0
0
0
0
0
-2405
-204
-2563
429
-1988
0
0
0
0
0
0
0
0
0
0
0
-1056
-1776
-1577
-1782
-20346
0
0
0
0
0
0
0
0
0
0
0
-2466
-1039
-2005
-1243
-2104
0
0
0
0
0
0
0
0
0
0
0
-1136
-1512
-772
-1827
-17681
0
0
0
0
0
0
0
0
0
0
0
0
0
0
0
0
0
0
0
0
0
0
0
0
0
0
0
0
0
0
0
0
0
0
0
0
0
0
0
0
0
0
0
0
0
0
0
0
0
0
0
0
0
0
0
0
0
0
0
0
0
0
0
0
0
0
0
0
0
0
0
0
0
0
0
0
0
0
0
0
0
0
0
0
0
0
0
0
0
0
0
0
0
0
0
0
0
0
0
0
0
0
0
0
0
0
0
0
0
0
0
0
0
0
0
0
0
0
0
0
0
0
0
0
0
0
0
0
0
0
0
0
0
0
0
0
0
0
0
0
0
0
0
0
0
0
0
0
0
0
0
0
0
0
0
0
0
0
0
0
0
0
0
0
0
0
0
0
0
0
0
0
0
0
0
0
0
0
0
0
0
0
0
0
0
0
0
0
0
0
0
0
0
0
0
0
0
0
0
0
0
0
0
0
0
0
0
0
0
0
0
0
0
0
0
0
0
0
0
0
0
0
0
0
0
0
0
0
0
0
0
0
0
0
0
0
0
0
0
0
0
0
0
0
0
0
0
0
0
0
0
0
0
0
0
0
0
0
0
0
0
0
0
0
0
0
0
0
0
0
0
0
0
0
0
0
0
0
0
0
0
0
0
0
0
0
0
0
0
0
0
0
0
0
0
0
0
0
0
0
0
0
0
0
0
0
0
0
0
0
0
0
0
0
0
0
0
0
0
0
0
0
0
0
0
0
0
0
0
0
0
0
0
0
0
0
0
0
0
0
0
0
0
0
0
0
0
0
0
0
0
0
0
0
0
0
0
0
0
0
0
0
0
0
0
0
0
0
0
0
0
0
0
0
0
0
0
0
0
0
0
0
0
0
0
0
0
0
0
0
0
0
0
0
0
0
0
0
0
0
0
0
0
0
0
0
0
0
0
0
0
0
0
0
0
0
0
0
0
0
0
0
0
0
0
0
0
0
0
0
0
0
0
0
0
0
0
0
0
0
0
0
0
0
0
0
0
0
0
0
0
0
0
0
0
0
0
0
0
0
0
0
0
0
0
0
0
0
0
0
0
0
0
0
0
0
0
0
0
0
0
0
0
0
0
0
0
0
0
0
0
0
0
0
0
0
0
0
0
0
0
0
0
0
0
0
0
0
0
0
0
0
0
0
0
0
0
0
0
0
0
0
0
0
0
0
0
0
0
0
0
0
0
0
0
0
0
0
0
0
0
0
0
0
0
0
0
0
0
0
0
0
0
0
0
0
0
0
0
0
0
0
0
0
0
0
0
0
0
0
0
0
0
0
0
0
0
0
0
0
0
0
0
0
0
0
0
0
0
0
0
0
0
0
0
0
0
0
0
0
0
0
0
0
0
0
0
0
0
0
0
0
0
0
0
0
0
0
0
0
0
0
0
0
0
0
0
0
0
0
0
0
0
0
0
0
0
0
0
0
0
0
0
0
0
0
0
0
0
0
0
0
0
0
0
0
0
0
0
0
0
0
0
0
0
0
0
0
0
0
0
0
0
0
0
0
0
0
0
0
0
0
0
0
0
0
0
0
0
0
0
0
0
0
0
0
0
0
0
0
0
0
0
0
0
0
0
0
0
0
0
0
0
0
0
0
0
0
0
0
0
0
0
0
0
0
0
0
0
0
0
0
0
0
0
0
0
0
0
0
0
0
0
0
0
0
0
0
0
0
0
0
0
0
0
0
0
0
0
0
0
0
0
0
0
0
0
0
0
0
0
0
0
0
0
0
0
0
0
0
0
0
0
0
0
0
0
0
0
0
0
0
0
0
0
0
0
0
0
0
0
0
0
0
0
0
0
0
0
0
0
0
0
0
0
0
0
0
0
0
0
0
0
0
0
0
0
0
0
0
0
0
0
0
0
0
0
0
0
0
0
0
0
0
0
0
0
0
0
0
0
0
0
0
0
0
0
0
0
0
0
0
0
0
0
0
0
0
0
0
0
0
0
0
0
0
0
0
0
0
0
0
0
0
0
0
0
0
0
0
0
0
0
0
0
0
0
0
0
0
0
0
0
0
0
0
0
0
0
0
0
0
0
0
0
0
0
0
0
0
0
0
0
0
0
0
0
0
0
0
0
0
0
0
0
0
0
0
0
0
0
0
0
0
0
0
0
0
0
0
0
0
0
0
0
0
0
0
0
0
0
0
0
0
0
0
0
0
0
0
0
0
0
0
0
0
0
0
0
0
0
0
0
0
0
0
0
0
0
0
0
0
0
0
0
0
0
0
0
0
0
0
0
0
0
0
0
0
0
0
0
0
0
0
0
0
0
0
0
0
0
0
0
0
0
0
0
0
0
0
0
0
0
0
0
0
0
0
0
0
0
0
0
0
0
0
0
0
0
0
0
0
0
0
0
0
0
0
0
0
0
0
0
0
0
0
0
0
0
0
0
0
0
0
0
0
0
0
0
0
0
0
0
0
0
0
0
0
0
0
0
0
0
0
0
0
0
0
0
0
0
0
0
0
0
0
0
0
0
0
0
0
0
0
0
0
0
0
0
0
0
0
0
0
0
0
0
0
0
0
0
0
0
0
0
0
0
0
0
0
0
0
0
0
0
0
0
0
0
0
0
0
0
0
0
0
0
0
0
0
0
0
0
0
0
0
0
0
0
0
0
0
0
0
0
0
0
0
0
0
0
0
0
0
0
0
0
0
0
0
0
0
0
0
0
0
0
0
0
0
0
0
0
0
0
0
0
0
0
0
0
0
0
0
0
0
0
0
0
0
0
0
0
0
0
0
0
0
0
0
0
0
0
0
0
0
0
0
0
0
0
0
0
0
0
0
0
0
0
0
0
0
0
0
0
0
0
0
0
0
0
0
0
0
0
0
0
0
0
0
0
0
0
0
0
0
0
0
0
0
0
0
0
0
0
0
0
0
0
0
0
0
0
0
0
0
0
0
0
0
0
0
0
0
0
0
0
0
0
0
0
0
0
0
0
0
0
0
0
0
0
0
0
0
0
0
0
0
0
0
0
0
0
0
0
0
0
0
0
0
0
0
0
0
0
0
0
0
0
0
0
0
0
0
0
0
0
0
0
0
0
0
0
0
0
0
0
0
0
0
0
0
0
0
0
0
0
0
0
0
0
0
0
0
0
0
0
0
0
0
0
0
0
0
0
0
0
0
0
0
0
0
0
0
0
0
0
0
0
0
0
0
0
0
0
0
0
0
0
0
0
0
0
0
0
0
0
0
0
0
0
0
0
0
0
0
0
0
0
0
0
0
0
0
0
0
0
0
0
0
0
0
0
0
0
0
0
0
0
0
0
0
0
0
0
0
0
0
0
0
0
0
0
0
0
0
0
0
0
0
0
0
0
0
0
0
0
0
0
0
0
0
0
0
0
0
0
0
0
0
0
0
0
0
0
0
0
0
0
0
0
0
0
0
0
0
0
0
0
0
0
0
0
0
0
0
0
0
0
0
0
0
0
0
0
0
0
0
0
0
0
0
0
0
0
0
0
0
0
0
0
0
0
0
0
0
0
0
0
0
0
0
0
0
0
0
0
0
0
0
0
0
0
0
0
0
0
0
0
0
0
0
0
0
0
0
0
0
0
0
0
0
0
0
0
0
0
0
0
0
0
0
0
0
0
0
0
0
0
0
0
0
0
0
0
0
0
0
0
0
0
0
0
0
0
0
0
0
0
0
0
0
0
0
0
0
0
0
0
0
0
0
0
0
0
0
0
0
0
0
0
0
0
0
0
0
0
0
0
0
0
0
0
0
0
0
0
0
0
0
0
0
0
0
0
0
0
0
0
0
0
0
0
0
0
0
0
0
0
0
0
0
0
0
0
0
0
0
0
0
0
0
0
0
0
0
0
0
0
0
0
0
0
0
0
0
0
0
0
0
0
0
0
0
0
0
0
0
0
0
0
0
0
0
0
0
0
0
0
0
0
0
0
0
0
0
0
0
0
0
0
0
0
0
0
0
0
0
0
0
0
0
0
0
0
0
0
0
0
0
0
0
0
0
0
0
0
0
0
0
0
0
0
0
0
0
0
0
0
0
0
0
0
0
0
0
0
0
0
0
0
0
0
0
0
0
0
0
0
0
0
0
0
0
0
0
0
0
0
0
0
0
0
0
0
0
0
0
0
0
0
0
0
0
0
0
0
0
0
0
0
0
0
0
0
0
0
0
0
0
0
0
0
0
0
0
0
0
0
0
0
0
0
0
0
0
0
0
0
0
0
0
0
0
0
0
0
0
0
0
0
0
0
0
0
0
0
0
0
0
0
0
0
0
0
0
0
0
0
0
0
0
0
0
0
0
0
0
0
0
0
0
0
0
0
0
0
0
0
0
0
0
0
0
0
0
0
0
0
0
0
0
0
0
0
0
0
0
0
0
0
0
0
0
0
0
0
0
0
0
0
0
0
0
0
0
0
0
0
0
0
0
0
0
0
0
0
0
0
0
0
0
0
0
0
0
0
0
0
0
0
0
0
0
0
0
0
0
0
0
0
0
0
0
0
0
0
0
0
0
0
0
0
0
0
0
0
0
0
0
0
0
0
0
0
0
0
0
0
0
0
0
0
0
0
0
0
0
0
0
0
0
0
0
0
0
0
0
0
0
0
0
0
0
0
0
0
0
0
0
0
0
0
0
0
0
0
0
0
0
0
0
0
0
0
0
0
0
0
0
0
0
0
0
0
0
0
0
0
0
0
0
0
0
0
0
0
0
0
0
0
0
0
0
0
0
0
0
0
0
0
0
0
0
0
0
0
0
0
0
0
0
0
0
0
0
0
0
0
0
0
0
0
0
0
0
0
0
0
0
0
0
0
0
0
0
0
0
0
0
0
0
0
0
0
0
0
0
0
0
0
0
0
0
0
0
0
0
0
0
0
0
0
0
0
0
0
0
0
0
0
0
0
0
0
0
0
0
0
0
0
0
0
0
0
0
0
0
0
0
0
0
0
0
0
0
0
0
0
0
0
0
0
0
0
0
0
0
0
0
0
0
0
0
0
0
0
0
0
0
0
0
0
0
0
0
0
0
0
0
0
0
0
0
0
0
0
0
0
0
0
0
0
0
0
0
0
0
0
0
0
0
0
0
0
0
0
0
0
0
0
0
0
0
0
0
0
0
0
0
0
0
0
0
0
0
0
0
0
0
0
0
0
0
0
0
0
0
0
0
0
0
0
0
0
0
0
0
0
0
0
0
0
0
0
0
0
0
0
0
0
0
0
0
0
0
0
0
0
0
0
0
0
0
0
0
0
0
0
0
0
0
0
0
0
0
0
0
0
0
0
0
0
0
0
0
0
0
0
0
0
0
0
0
0
0
0
0
0
0
0
0
0
0
0
0
0
0
0
0
0
0
0
0
0
0
0
0
0
0
0
0
0
0
0
0
0
0
0
0
0
0
0
0
0
0
0
0
0
0
0
0
0
0
0
0
0
0
0
0
0
0
0
0
0
0
0
0
0
0
0
0
0
0
0
0
0
0
0
0
0
0
0
0
0
0
0
0
0
0
0
0
0
0
0
0
0
0
0
0
0
0
0
0
0
0
0
0
0
0
0
0
0
0
0
0
0
0
0
0
0
0
0
0
0
0
0
0
0
0
0
0
0
0
0
0
0
0
0
0
0
0
0
0
0
0
0
0
0
0
0
0
0
0
0
0
0
0
0
0
0
0
0
0
0
0
0
0
0
0
0
0
0
0
0
0
0
0
0
0
0
0
0
0
0
0
0
0
0
0
0
0
0
0
0
0
0
0
0
0
0
0
0
0
0
0
0
0
0
0
0
0
0
0
0
0
0
0
0
0
0
0
0
0
0
0
0
0
0
0
0
0
0
0
0
0
0
0
0
0
0
0
0
0
0
0
0
0
0
0
0
0
0
0
0
0
0
0
0
0
0
0
0
0
0
0
0
0
0
0
0
0
0
0
0
0
0
0
0
0
0
0
0
0
0
0
0
0
0
0
0
0
0
0
0
0
0
0
0
0
0
0
0
0
0
0
0
0
0
0
0
0
0
0
0
0
0
0
0
0
0
0
0
0
0
0
0
0
0
0
0
0
0
0
0
0
0
0
0
0
0
0
0
0
0
0
0
0
0
0
0
0
0
0
0
0
0
0
0
0
0
0
0
0
0
0
0
0
0
0
0
0
0
0
0
0
0
0
0
0
0
0
0
0
0
0
0
0
0
0
0
0
0
0
0
0
0
0
0
0
0
0
0
0
0
0
0
0
0
0
0
0
0
0
0
0
0
0
0
0
0
0
0
0
0
0
0
0
0
0
0
0
0
0
0
0
0
0
0
0
0
0
0
0
0
0
0
0
0
0
0
0
0
0
0
0
0
0
0
0
0
0
0
0
0
0
0
0
0
0
0
0
0
0
0
0
0
0
0
0
0
0
0
0
0
0
0
0
0
0
0
0
0
0
0
0
0
0
0
0
0
0
0
0
0
0
0
0
0
0
0
0
0
0
0
0
0
0
0
0
0
0
0
0
0
0
0
0
0
0
0
0
0
0
0
0
0
0
0
0
0
0
0
0
0
0
0
0
0
0
0
0
0
0
0
0
0
0
0
0
0
0
0
0
0
0
0
0
0
0
0
0
0
0
0
0
0
0
0
0
0
0
0
0
0
0
0
0
0
0
0
0
0
0
0
0
0
0
0
0
0
0
0
0
0
0
0
0
0
0
0
0
0
0
0
0
0
0
0
0
0
0
0
0
0
0
0
0
0
0
0
0
0
0
0
0
0
0
0
0
0
0
0
0
0
0
0
0
0
0
0
0
0
0
0
0
0
0
0
0
0
0
0
0
0
0
0
0
0
0
0
0
0
0
0
0
0
0
0
0
0
0
0
0
0
0
0
0
0
0
0
0
0
0
0
0
0
0
0
0
0
0
0
0
0
0
0
0
0
0
0
0
0
0
0
0
0
0
0
0
0
0
0
0
0
0
0
0
0
0
0
0
0
0
0
0
0
0
0
0
0
0
0
0
0
0
0
0
0
0
0
0
0
0
0
0
0
0
0
0
0
0
0
0
0
0
0
0
0
0
0
0
0
0
0
0
0
0
0
0
0
0
0
0
0
0
0
0
0
0
0
0
0
0
0
0
0
0
0
0
0
0
0
0
0
0
0
0
0
0
0
0
0
0
0
0
0
0
0
0
0
0
0
0
0
0
0
0
0
0
0
0
0
0
0
0
0
0
0
0
0
0
0
0
0
0
0
0
0
0
0
0
0
0
0
0
0
0
0
0
0
0
0
0
0
0
0
0
0
0
0
0
0
0
0
0
0
0
0
0
0
0
0
0
0
0
0
0
0
0
0
0
0
0
0
0
0
0
0
0
0
0
0
0
0
0
0
0
0
0
0
0
0
0
0
0
0
0
0
0
0
0
0
0
0
0
0
0
0
0
0
0
0
0
0
0
0
0
0
0
0
0
0
0
0
0
0
0
0
0
0
0
0
0
0
0
0
0
0
0
0
0
0
0
0
0
0
0
0
0
0
0
0
0
0
0
0
0
0
0
0
0
0
0
0
0
0
0
0
0
0
0
0
0
0
0
0
0
0
0
0
0
0
0
0
0
0
0
0
0
0
0
0
0
0
0
0
0
0
0
0
0
0
0
0
0
0
0
0
0
0
0
0
0
0
0
0
0
0
0
0
0
0
0
0
0
0
0
0
0
0
0
0
0
0
0
0
0
0
0
0
0
0
0
0
0
0
0
0
0
0
0
0
0
0
0
0
0
0
0
0
0
0
0
0
0
0
0
0
0
0
0
0
0
0
0
0
0
0
0
0
0
0
0
0
0
0
0
0
0
0
0
0
0
0
0
0
0
0
0
0
0
0
0
0
0
0
0
0
0
0
0
0
0
0
0
0
0
0
0
0
0
0
0
0
0
0
0
0
0
0
0
0
0
0
0
0
0
0
0
0
0
0
0
0
0
0
0
0
0
0
0
0
0
0
0
0
0
0
0
0
0
0
0
0
0
0
0
0
0
0
0
0
0
0
0
0
0
0
0
0
0
0
0
0
0
0
0
0
0
0
0
0
0
0
0
0
0
0
0
0
0
0
0
0
0
0
0
0
0
0
0
0
0
0
0
0
0
0
0
0
0
0
0
0
0
0
0
0
0
0
0
0
0
0
0
0
0
0
0
0
0
0
0
0
0
0
0
0
0
0
0
0
0
0
0
0
0
0
0
0
0
0
0
0
0
0
0
0
0
0
0
0
0
0
0
0
0
0
0
0
0
0
0
0
0
0
0
0
0
0
0
0
0
0
0
0
0
0
0
0
0
0
0
0
0
0
0
0
0
0
0
0
0
0
0
0
0
0
0
0
0
0
0
0
0
0
0
0
0
0
0
0
0
0
0
0
0
0
0
0
0
0
0
0
0
0
0
0
0
0
0
0
0
0
0
0
0
0
0
0
0
0
0
0
0
0
0
0
0
0
0
0
0
0
0
0
0
0
0
0
0
0
0
0
0
0
0
0
0
0
0
0
0
0
0
0
0
0
0
0
0
0
0
0
0
0
0
0
0
0
0
0
0
0
0
0
0
0
0
0
0
0
0
0
0
0
0
0
0
0
0
0
0
0
0
0
0
0
0
0
0
0
0
0
0
0
0
0
0
0
0
0
0
0
0
0
0
0
0
0
0
0
0
0
0
0
0
0
0
0
0
0
0
0
0
0
0
0
0
0
0
0
0
0
0
0
0
0
0
0
0
0
0
0
0
0
0
0
0
0
0
0
0
0
0
0
0
0
0
0
0
0
0
0
0
0
0
0
0
0
0
0
0
0
0
0
0
0
0
0
0
0
0
0
0
0
0
0
0
0
0
0
0
0
0
0
0
0
0
0
0
0
0
0
0
0
0
0
0
0
0
0
0
0
0
0
0
0
0
0
0
0
0
0
0
0
0
0
0
0
0
0
0
0
0
0
0
0
0
0
0
0
0
0
0
0
0
0
0
0
0
0
0
0
0
0
0
0
0
0
0
0
0
0
0
0
0
0
0
0
0
0
0
0
0
0
0
0
0
0
0
0
0
0
0
0
0
0
0
0
0
0
0
0
0
0
0
0
0
0
0
0
0
0
0
0
0
0
0
0
0
0
0
0
0
0
0
0
0
0
0
0
0
0
0
0
0
0
0
0
0
0
0
0
0
0
0
0
0
0
0
0
0
0
0
0
0
0
0
0
0
0
0
0
0
0
0
0
0
0
0
0
0
0
0
0
0
0
0
0
0
0
0
0
0
0
0
0
0
0
0
0
0
0
0
0
0
0
0
0
0
0
0
0
0
0
0
0
0
0
0
0
0
0
0
0
0
0
0
0
0
0
0
0
0
0
0
0
0
0
0
0
0
0
0
0
0
0
0
0
0
0
0
0
0
0
0
0
0
0
0
0
0
0
0
0
0
0
0
0
0
0
0
0
0
0
0
0
0
0
0
0
0
0
0
0
0
0
0
0
0
0
0
0
0
0
0
0
0
0
0
0
0
0
0
0
0
0
0
0
0
0
0
0
0
0
0
0
0
0
0
0
0
0
0
0
0
0
0
0
0
0
0
0
0
0
0
0
0
0
0
0
0
0
0
0
0
0
0
0
0
0
0
0
0
0
0
0
0
0
0
0
0
0
0
0
0
0
0
0
0
0
0
0
0
0
0
0
0
0
0
0
0
0
0
0
0
0
0
0
0
0
0
0
0
0
0
0
0
0
0
0
0
0
0
0
0
0
0
0
0
0
0
0
0
0
0
0
0
0
0
0
0
0
0
0
0
0
0
0
0
0
0
0
0
0
0
0
0
0
0
0
0
0
0
0
0
0
0
0
0
0
0
0
0
0
0
0
0
0
0
0
0
0
0
0
0
0
0
0
0
0
0
0
0
0
0
0
0
0
0
0
0
0
0
0
0
0
0
0
0
0
0
0
0
0
0
0
0
0
0
0
0
0
0
0
0
0
0
0
0
0
0
0
0
0
0
0
0
0
0
0
0
0
0
0
0
0
0
0
0
0
0
0
0
0
0
0
0
0
0
0
0
0
0
0
0
0
0
0
0
0
0
0
0
0
0
0
0
0
0
0
0
0
0
0
0
0
0
0
0
0
0
0
0
0
0
0
0
0
0
0
0
0
0
0
0
0
0
0
0
0
0
0
0
0
0
0
0
0
0
0
0
0
0
0
0
0
0
0
0
0
0
0
0
0
0
0
0
0
0
0
0
0
0
0
0
0
0
0
0
0
0
0
0
0
0
0
0
0
0
0
0
0
0
0
0
0
0
0
0
0
0
0
0
0
0
0
0
0
0
0
0
0
0
0
0
0
0
0
0
0
0
0
0
0
0
0
0
0
0
0
0
0
0
0
0
0
0
0
0
0
0
0
0
0
0
0
0
0
0
0
0
0
0
0
0
0
0
0
0
0
0
0
0
0
0
0
0
0
0
0
0
0
0
0
0
0
0
0
0
0
0
0
0
0
0
0
0
0
0
0
0
0
0
0
0
0
0
0
0
0
0
0
0
0
0
0
0
0
0
0
0
0
0
0
0
0
0
0
0
0
0
0
0
0
0
0
0
0
0
0
0
0
0
0
0
0
0
0
0
0
0
0
0
0
0
0
0
0
0
0
0
0
0
0
0
0
0
0
0
0
0
0
0
0
0
0
0
0
0
0
0
0
0
0
0
0
0
0
0
0
0
0
0
0
0
0
0
0
0
0
0
0
0
0
0
0
0
0
0
0
0
0
0
0
0
0
0
0
0
0
0
0
0
0
0
0
0
0
0
0
0
0
0
0
0
0
0
0
0
0
0
0
0
0
0
0
0
0
0
0
0
0
0
0
0
0
0
0
0
0
0
0
0
0
0
0
0
0
0
0
0
0
0
0
0
0
0
0
0
0
0
0
0
0
0
0
0
0
0
0
0
0
0
0
0
0
0
0
0
0
0
0
0
0
0
0
0
0
0
0
0
0
0
0
0
0
0
0
0
0
0
0
0
0
0
0
0
0
0
0
0
0
0
0
0
0
0
0
0
0
0
0
0
0
0
0
0
0
0
0
0
0
0
0
0
0
0
0
0
0
0
0
0
0
0
0
0
0
0
0
0
0
0
0
0
0
0
0
0
0
0
0
0
0
0
0
0
0
0
0
0
0
0
0
0
0
0
0
0
0
0
0
0
0
0
0
0
0
0
0
0
0
0
0
0
0
0
0
0
0
0
0
0
0
0
0
0
0
0
0
0
0
0
0
0
0
0
0
0
0
0
0
0
0
0
0
0
0
0
0
0
0
0
0
0
0
0
0
0
0
0
0
0
0
0
0
0
0
0
0
0
0
0
0
0
0
0
0
0
0
0
0
0
0
0
0
0
0
0
0
0
0
0
0
0
0
0
0
0
0
0
0
0
0
0
0
0
0
0
0
0
0
0
0
0
0
0
0
0
0
0
0
0
0
0
0
0
0
0
0
0
0
0
0
0
0
0
0
0
0
0
0
0
0
0
0
0
0
0
0
0
0
0
0
0
0
0
0
0
0
0
0
0
0
0
0
0
0
0
0
0
0
0
0
0
0
0
0
0
0
0
0
0
0
0
0
0
0
0
0
0
0
0
0
0
0
0
0
0
0
0
0
0
0
0
0
0
0
0
0
0
0
0
0
0
0
0
0
0
0
0
0
0
0
0
0
0
0
0
0
0
0
0
0
0
0
0
0
0
0
0
0
0
0
0
0
0
0
0
0
0
0
0
0
0
0
0
0
0
0
0
0
0
0
0
0
0
0
0
0
0
0
0
0
0
0
0
0
0
0
0
0
0
0
0
0
0
0
0
0
0
0
0
0
0
0
0
0
0
0
0
0
0
0
0
0
0
0
0
0
0
0
0
0
0
0
0
0
0
0
0
0
0
0
0
0
0
0
0
0
0
0
0
0
0
0
0
0
0
0
0
0
0
0
0
0
0
0
0
0
0
0
0
0
0
0
0
0
0
0
0
0
0
0
0
0
0
0
0
0
0
0
0
0
0
0
0
0
0
0
0
0
0
0
0
0
0
0
0
0
0
0
0
0
0
0
0
0
0
0
0
0
0
0
0
0
0
0
0
0
0
0
0
0
0
0
0
0
0
0
0
0
0
0
0
0
0
0
0
0
0
0
0
0
0
0
0
0
0
0
0
0
0
0
0
0
0
0
0
0
0
0
0
0
0
0
0
0
0
0
0
0
0
0
0
0
0
0
0
0
0
0
0
0
0
0
0
0
0
0
0
0
0
0
0
0
0
0
0
0
0
0
0
0
0
0
0
0
0
0
0
0
0
0
0
0
0
0
0
0
0
0
0
0
0
0
0
0
0
0
0
0
0
0
0
0
0
0
0
0
0
0
0
0
0
0
0
0
0
0
0
0
0
0
0
0
0
0
0
0
0
0
0
0
0
0
0
0
0
0
0
0
0
0
0
0
0
0
0
0
0
0
0
0
0
0
0
0
0
0
0
0
0
0
0
0
0
0
0
0
0
0
0
0
0
0
0
0
0
0
0
0
0
0
0
0
0
0
0
0
0
0
0
0
0
0
0
0
0
0
0
0
0
0
0
0
0
0
0
0
0
0
0
0
0
0
0
0
0
0
0
0
0
0
0
0
0
0
0
0
0
0
0
0
0
0
0
0
0
0
0
0
0
0
0
0
0
0
0
0
0
0
0
0
0
0
0
0
0
0
0
0
0
0
0
0
0
0
0
0
0
0
0
0
0
0
0
0
0
0
0
0
0
0
0
0
0
0
0
0
0
0
0
0
0
0
0
0
0
0
0
0
0
0
0
0
0
0
0
0
0
0
0
0
0
0
0
0
0
0
0
0
0
0
0
0
0
0
0
0
0
0
0
0
0
0
0
0
0
0
0
0
0
0
0
0
0
0
0
0
0
0
0
0
0
0
0
0
0
0
0
0
0
0
0
0
0
0
0
0
0
0
0
0
0
0
0
0
0
0
0
0
0
0
0
0
0
0
0
0
0
0
0
0
0
0
0
0
0
0
0
0
0
0
0
0
0
0
0
0
0
0
0
0
0
0
0
0
0
0
0
0
0
0
0
0
0
0
0
0
0
0
0
0
0
0
0
0
0
0
0
0
0
0
0
0
0
0
0
0
0
0
0
0
0
0
0
0
0
0
0
0
0
0
0
0
0
0
0
0
0
0
0
0
0
0
0
0
0
0
0
0
0
0
0
0
0
0
0
0
0
0
0
0
0
0
0
0
0
0
0
0
0
0
0
0
0
0
0
0
0
0
0
0
0
0
0
0
0
0
0
0
0
0
0
0
0
0
0
0
0
0
0
0
0
0
0
0
0
0
0
0
0
0
0
0
0
0
0
0
0
0
0
0
0
0
0
0
0
0
0
0
0
0
0
0
0
0
0
0
0
0
0
0
0
0
0
0
0
0
0
0
0
0
0
0
0
0
0
0
0
0
0
0
0
0
0
0
0
0
0
0
0
0
0
0
0
0
0
0
0
0
0
0
0
0
0
0
0
0
0
0
0
0
0
0
0
0
0
0
0
0
0
0
0
0
0
0
0
0
0
0
0
0
0
0
0
0
0
0
0
0
0
0
0
0
0
0
0
0
0
0
0
0
0
0
0
0
0
0
0
0
0
0
0
0
0
0
0
0
0
0
0
0
0
0
0
0
0
0
0
0
0
0
0
0
0
0
0
0
0
0
0
0
0
0
0
0
0
0
0
0
0
0
0
0
0
0
0
0
0
0
0
0
0
0
0
0
0
0
0
0
0
0
0
0
0
0
0
0
0
0
0
0
0
0
0
0
0
0
0
0
0
0
0
0
0
0
0
0
0
0
0
0
0
0
0
0
0
0
0
0
0
0
0
0
0
0
0
0
0
0
0
0
0
0
0
0
0
0
0
0
0
0
0
0
0
0
0
0
0
0
0
0
0
0
0
0
0
0
0
0
0
0
0
0
0
0
0
0
0
0
0
0
0
0
0
0
0
0
0
0
0
0
0
0
0
0
0
0
0
0
0
0
0
0
0
0
0
0
0
0
0
0
0
0
0
0
0
0
0
0
0
0
0
0
0
0
0
0
0
0
0
0
0
0
0
0
0
0
0
0
0
0
0
0
0
0
0
0
0
0
0
0
0
0
0
0
0
0
0
0
0
0
0
0
0
0
0
0
0
0
0
0
0
0
0
0
0
0
0
0
0
0
0
0
0
0
0
0
0
0
0
0
0
0
0
0
0
0
0
0
0
0
0
0
0
0
0
0
0
0
0
0
0
0
0
0
0
0
0
0
0
0
0
0
0
0
0
0
0
0
0
0
0
0
0
0
0
0
0
0
0
0
0
0
0
0
0
0
0
0
0
0
0
0
0
0
0
0
0
0
0
0
0
0
0
0
0
0
0
0
0
0
0
0
0
0
0
0
0
0
0
0
0
0
0
0
0
0
0
0
0
0
0
0
0
0
0
0
0
0
0
0
0
0
0
0
0
0
0
0
0
0
0
0
0
0
0
0
0
0
0
0
0
0
0
0
0
0
0
0
0
0
0
0
0
0
0
0
0
0
0
0
0
0
0
0
0
0
0
0
0
0
0
0
0
0
0
0
0
0
0
0
0
0
0
0
0
0
0
0
0
0
0
0
0
0
0
0
0
0
0
0
0
0
0
0
0
0
0
0
0
0
0
0
0
0
0
0
0
0
0
0
0
0
0
0
0
0
0
0
0
0
0
0
0
0
0
0
0
0
0
0
0
0
0
0
0
0
0
0
0
0
0
0
0
0
0
0
0
0
0
0
0
0
0
0
0
0
0
0
0
0
0
0
0
0
0
0
0
0
0
0
0
0
0
0
0
0
0
0
0
0
0
0
0
0
0
0
0
0
0
0
0
0
0
0
0
0
0
0
0
0
0
0
0
0
0
0
0
0
0
0
0
0
0
0
0
0
0
0
0
0
0
0
0
0
0
0
0
0
0
0
0
0
0
0
0
0
0
0
0
0
0
0
0
0
0
0
0
0
0
0
0
0
0
0
0
0
0
0
0
0
0
0
0
0
0
0
0
0
0
0
0
0
0
0
0
0
0
0
0
0
0
0
0
0
0
0
0
0
0
0
0
0
0
0
0
0
0
0
0
0
0
0
0
0
0
0
0
0
0
0
0
0
0
0
0
0
0
0
0
0
0
0
0
0
0
0
0
0
0
0
0
0
0
0
0
0
0
0
0
0
0
0
0
0
0
0
0
0
0
0
0
0
0
0
0
0
0
0
0
0
0
0
0
0
0
0
0
0
0
0
0
0
0
0
0
0
0
0
0
0
0
0
0
0
0
0
0
0
0
0
0
0
0
0
0
0
0
0
0
0
0
0
0
0
0
0
0
0
0
0
0
0
0
0
0
0
0
0
0
0
0
0
0
0
0
0
0
0
0
0
0
0
0
0
0
0
0
0
0
0
0
0
0
0
0
0
0
0
0
0
0
0
0
0
0
0
0
0
0
0
0
0
0
0
0
0
0
0
0
0
0
0
0
0
0
0
0
0
0
0
0
0
0
0
0
0
0
0
0
0
0
0
0
0
0
0
0
0
0
0
0
0
0
0
0
0
0
0
0
0
0
0
0
0
0
0
0
0
0
0
0
0
0
0
0
0
0
0
0
0
0
0
0
0
0
0
0
0
0
0
0
0
0
0
0
0
0
0
0
0
0
0
0
0
0
0
0
0
0
0
0
0
0
0
0
0
0
0
0
0
0
0
0
0
0
0
0
0
0
0
0
0
0
0
0
0
0
0
0
0
0
0
0
0
0
0
0
0
0
0
0
0
0
0
0
0
0
0
0
0
0
0
0
0
0
0
0
0
0
0
0
0
0
0
0
0
0
0
0
0
0
0
0
0
0
0
0
0
0
0
0
0
0
0
0
0
0
0
0
0
0
0
0
0
0
0
0
0
0
0
0
0
0
0
0
0
0
0
0
0
0
0
0
0
0
0
0
0
0
0
0
0
0
0
0
0
0
0
0
0
0
0
0
0
0
0
0
0
0
0
0
0
0
0
0
0
0
0
0
0
0
0
0
0
0
0
0
0
0
0
0
0
0
0
0
0
0
0
0
0
0
0
0
0
0
0
0
0
0
0
0
0
0
0
0
0
0
0
0
0
0
0
0
0
0
0
0
0
0
0
0
0
0
0
0
0
0
0
0
0
0
0
0
0
0
0
0
0
0
0
0
0
0
0
0
0
0
0
0
0
0
0
0
0
0
0
0
0
0
0
0
0
0
0
0
0
0
0
0
0
0
0
0
0
0
0
0
0
0
0
0
0
0
0
0
0
0
0
0
0
0
0
0
0
0
0
0
0
0
0
0
0
0
0
0
0
0
0
0
0
0
0
0
0
0
0
0
0
0
0
0
0
0
0
0
0
0
0
0
0
0
0
0
0
0
0
0
0
0
0
0
0
0
0
0
0
0
0
0
0
0
0
0
0
0
0
0
0
0
0
0
0
0
0
0
0
0
0
0
0
0
0
0
0
0
0
0
0
0
0
0
0
0
0
0
0
0
0
0
0
0
0
0
0
0
0
0
0
0
0
0
0
0
0
0
0
0
0
0
0
0
0
0
0
0
0
0
0
0
0
0
0
0
0
0
0
0
0
0
0
0
0
0
0
0
0
0
0
0
0
0
0
0
0
0
0
0
0
0
0
0
0
0
0
0
0
0
0
0
0
0
0
0
0
0
0
0
0
0
0
0
0
0
0
0
0
0
0
0
0
0
0
0
0
0
0
0
0
0
0
0
0
0
0
0
0
0
0
0
0
0
0
0
0
0
0
0
0
0
0
0
0
0
0
0
0
0
0
0
0
0
0
0
0
0
0
0
0
0
0
0
0
0
0
0
0
0
0
0
0
0
0
0
0
0
0
0
0
0
0
0
0
0
0
0
0
0
0
0
0
0
0
0
0
0
0
0
0
0
0
0
0
0
0
0
0
0
0
0
0
0
0
0
0
0
0
0
0
0
0
0
0
0
0
0
0
0
0
0
0
0
0
0
0
0
0
0
0
0
0
0
0
0
0
0
0
0
0
0
0
0
0
0
0
0
0
0
0
0
0
0
0
0
0
0
0
0
0
0
0
0
0
0
0
0
0
0
0
0
0
0
0
0
0
0
0
0
0
0
0
0
0
0
0
0
0
0
0
0
0
0
0
0
0
0
0
0
0
0
0
0
0
0
0
0
0
0
0
0
0
0
0
0
0
0
0
0
0
0
0
0
0
0
0
0
0
0
0
0
0
0
0
0
0
0
0
0
0
0
0
0
0
0
0
0
0
0
0
0
0
0
0
0
0
0
0
0
0
0
0
0
0
0
0
0
0
0
0
0
0
0
0
0
0
0
0
0
0
0
0
0
0
0
0
0
0
0
0
0
0
0
0
0
0
0
0
0
0
0
0
0
0
0
0
0
0
0
0
0
0
0
0
0
0
0
0
0
0
0
0
0
0
0
0
0
0
0
0
0
0
0
0
0
0
0
0
0
0
0
0
0
0
0
0
0
0
0
0
0
0
0
0
0
0
0
0
0
0
0
0
0
0
0
0
0
0
0
0
0
0
0
0
0
0
0
0
0
0
0
0
0
0
0
0
0
0
0
0
0
0
0
0
0
0
0
0
0
0
0
0
0
0
0
0
0
0
0
0
0
0
0
0
0
0
0
0
0
0
0
0
0
0
0
0
0
0
0
0
0
0
0
0
0
0
0
0
0
0
0
0
0
0
0
0
0
0
0
0
0
0
0
0
0
0
0
0
0
0
0
0
0
0
0
0
0
0
0
0
0
0
0
0
0
0
0
0
0
0
0
0
0
0
0
0
0
0
0
0
0
0
0
0
0
0
0
0
0
0
0
0
0
0
0
0
0
0
0
0
0
0
0
0
0
0
0
0
0
0
0
0
0
0
0
0
0
0
0
0
0
0
0
0
0
0
0
0
0
0
0
0
0
0
0
0
0
0
0
0
0
0
0
0
0
0
0
0
0
0
0
0
0
0
0
0
0
0
0
0
0
0
0
0
0
0
0
0
0
0
0
0
0
0
0
0
0
0
0
0
0
0
0
0
0
0
0
0
0
0
0
0
0
0
0
0
0
0
0
0
0
0
0
0
0
0
0
0
0
0
0
0
0
0
0
0
0
0
0
0
0
0
0
0
0
0
0
0
0
0
0
0
0
0
0
0
0
0
0
0
0
0
0
0
0
0
0
0
0
0
0
0
0
0
0
0
0
0
0
0
0
0
0
0
0
0
0
0
0
0
0
0
0
0
0
0
0
0
0
0
0
0
0
0
0
0
0
0
0
0
0
0
0
0
0
0
0
0
0
0
0
0
0
0
0
0
0
0
0
0
0
0
0
0
0
0
0
0
0
0
0
0
0
0
0
0
0
0
0
0
0
0
0
0
0
0
0
0
0
0
0
0
0
0
0
0
0
0
0
0
0
0
0
0
0
0
0
0
0
0
0
0
0
0
0
0
0
0
0
0
0
0
0
0
0
0
0
0
0
0
0
0
0
0
0
0
0
0
0
0
0
0
0
0
0
0
0
0
0
0
0
0
0
0
0
0
0
0
0
0
0
0
0
0
0
0
0
0
0
0
0
0
0
0
0
0
0
0
0
0
0
0
0
0
0
0
0
0
0
0
0
0
0
0
0
0
0
0
0
0
0
0
0
0
0
0
0
0
0
0
0
0
0
0
0
0
0
0
0
0
0
0
0
0
0
0
0
0
0
0
0
0
0
0
0
0
0
0
0
0
0
0
0
0
0
0
0
0
0
0
0
0
0
0
0
0
0
0
0
0
0
0
0
0
0
0
0
0
0
0
0
0
0
0
0
0
0
0
0
0
0
0
0
0
0
0
0
0
0
0
0
0
0
0
0
0
0
0
0
0
0
0
0
0
0
0
0
0
0
0
0
0
0
0
0
0
0
0
0
0
0
0
0
0
0
0
0
0
0
0
0
0
0
0
0
0
0
0
0
0
0
0
0
0
0
0
0
0
0
0
0
0
0
0
0
0
0
0
0
0
0
0
0
0
0
0
0
0
0
0
0
0
0
0
0
0
0
0
0
0
0
0
0
0
0
0
0
0
0
0
0
0
0
0
0
0
0
0
0
0
0
0
0
0
0
0
0
0
0
0
0
0
0
0
0
0
0
0
0
0
0
0
0
0
0
0
0
0
0
0
0
0
0
0
0
0
0
0
0
0
0
0
0
0
0
0
0
0
0
0
0
0
0
0
0
0
0
0
0
0
0
0
0
0
0
0
0
0
0
0
0
0
0
0
0
0
0
0
0
0
0
0
0
0
0
0
0
0
0
0
0
0
0
0
0
0
0
0
0
0
0
0
0
0
0
0
0
0
0
0
0
0
0
0
0
0
0
0
0
0
0
0
0
0
0
0
0
0
0
0
0
0
0
0
0
0
0
0
0
0
0
0
0
0
0
0
0
0
0
0
0
0
0
0
0
0
0
0
0
0
0
0
0
0
0
0
0
0
0
0
0
0
0
0
0
0
0
0
0
0
0
0
0
0
0
0
0
0
0
0
0
0
0
0
0
0
0
0
0
0
0
0
0
0
0
0
0
0
0
0
0
0
0
0
0
0
0
0
0
0
0
0
0
0
0
0
0
0
0
0
0
0
0
0
0
0
0
0
0
0
0
0
0
0
0
0
0
0
0
0
0
0
0
0
0
0
0
0
0
0
0
0
0
0
0
0
0
0
0
0
0
0
0
0
0
0
0
0
0
0
0
0
0
0
0
0
0
0
0
0
0
0
0
0
0
0
0
0
0
0
0
0
0
0
0
0
0
0
0
0
0
0
0
0
0
0
0
0
0
0
0
0
0
0
0
0
0
0
0
0
0
0
0
0
0
0
0
0
0
0
0
0
0
0
0
0
0
0
0
0
0
0
0
0
0
0
0
0
0
0
0
0
0
0
0
0
0
0
0
0
0
0
0
0
0
0
0
0
0
0
0
0
0
0
0
0
0
0
0
0
0
0
0
0
0
0
0
0
0
0
0
0
0
0
0
0
0
0
0
0
0
0
0
0
0
0
0
0
0
0
0
0
0
0
0
0
0
0
0
0
0
0
0
0
0
0
0
0
0
0
0
0
0
0
0
0
0
0
0
0
0
0
0
0
0
0
0
0
0
0
0
0
0
0
0
0
0
0
0
0
0
0
0
0
0
0
0
0
0
0
0
0
0
0
0
0
0
0
0
0
0
0
0
0
0
0
0
0
0
0
0
0
0
0
0
0
0
0
0
0
0
0
0
0
0
0
0
0
0
0
0
0
0
0
0
0
0
0
0
0
0
0
0
0
0
0
0
0
0
0
0
0
0
0
0
0
0
0
0
0
0
0
0
0
0
0
0
0
0
0
0
0
0
0
0
0
0
0
0
0
0
0
0
0
0
0
0
0
0
0
0
0
0
0
0
0
0
0
0
0
0
0
0
0
0
0
0
0
0
0
0
0
0
0
0
0
0
0
0
0
0
0
0
0
0
0
0
0
0
0
0
0
0
0
0
0
0
0
0
0
0
0
0
0
0
0
0
0
0
0
0
0
0
0
0
0
0
0
0
0
0
0
0
0
0
0
0
0
0
0
0
0
0
0
0
0
0
0
0
0
0
0
0
0
0
0
0
0
0
0
0
0
0
0
0
0
0
0
0
0
0
0
0
0
0
0
0
0
0
0
0
0
0
0
0
0
0
0
0
0
0
0
0
0
0
0
0
0
0
0
0
0
0
0
0
0
0
0
0
0
0
0
0
0
0
0
0
0
0
0
0
0
0
0
0
0
0
0
0
0
0
0
0
0
0
0
0
0
0
0
0
0
0
0
0
0
0
0
0
0
0
0
0
0
0
0
0
0
0
0
0
0
0
0
0
0
0
0
0
0
0
0
0
0
0
0
0
0
0
0
0
0
0
0
0
0
0
0
0
0
0
0
0
0
0
0
0
0
0
0
0
0
0
0
0
0
0
0
0
0
0
0
0
0
0
0
0
0
0
0
0
0
0
0
0
0
0
0
0
0
0
0
0
0
0
0
0
0
0
0
0
0
0
0
0
0
0
0
0
0
0
0
0
0
0
0
0
0
0
0
0
0
0
0
0
0
0
0
0
0
0
0
0
0
0
0
0
0
0
0
0
0
0
0
0
0
0
0
0
0
0
0
0
0
0
0
0
0
0
0
0
0
0
0
0
0
0
0
0
0
0
0
0
0
0
0
0
0
0
0
0
0
0
0
0
0
0
0
0
0
0
0
0
0
0
0
0
0
0
0
0
0
0
0
0
0
0
0
0
0
0
0
0
0
0
0
0
0
0
0
0
0
0
0
0
0
0
0
0
0
0
0
0
0
0
0
0
0
0
0
0
0
0
0
0
0
0
0
0
0
0
0
0
0
0
0
0
0
0
0
0
0
0
0
0
0
0
0
0
0
0
0
0
0
0
0
0
0
0
0
0
0
0
0
0
0
0
0
0
0
0
0
0
0
0
0
0
0
0
0
0
0
0
0
0
0
0
0
0
0
0
0
0
0
0
0
0
0
0
0
0
0
0
0
0
0
0
0
0
0
0
0
0
0
0
0
0
0
0
0
0
0
0
0
0
0
0
0
0
0
0
0
0
0
0
0
0
0
0
0
0
0
0
0
0
0
0
0
0
0
0
0
0
0
0
0
0
0
0
0
0
0
0
0
0
0
0
0
0
0
0
0
0
0
0
0
0
0
0
0
0
0
0
0
0
0
0
0
0
0
0
0
0
0
0
0
0
0
0
0
0
0
0
0
0
0
0
0
0
0
0
0
0
0
0
0
0
0
0
0
0
0
0
0
0
0
0
0
0
0
0
0
0
0
0
0
0
0
0
0
0
0
0
0
0
0
0
0
0
0
0
0
0
0
0
0
0
0
0
0
0
0
0
0
0
0
0
0
0
0
0
0
0
0
0
0
0
0
0
0
0
0
0
0
0
0
0
0
0
0
0
0
0
0
0
0
0
0
0
0
0
0
0
0
0
0
0
0
0
0
0
0
0
0
0
0
0
0
0
0
0
0
0
0
0
0
0
0
0
0
0
0
0
0
0
0
0
0
0
0
0
0
0
0
0
0
0
0
0
0
0
0
0
0
0
0
0
0
0
0
0
0
0
0
0
0
0
0
0
0
0
0
0
0
0
0
0
0
0
0
0
0
0
0
0
0
0
0
0
0
0
0
0
0
0
0
0
0
0
0
0
0
0
0
0
0
0
0
0
0
0
0
0
0
0
0
0
0
0
0
0
0
0
0
0
0
0
0
0
0
0
0
0
0
0
0
0
0
0
0
0
0
0
0
0
0
0
0
0
0
0
0
0
0
0
0
0
0
0
0
0
0
0
0
0
0
0
0
0
0
0
0
0
0
0
0
0
0
0
0
0
0
0
0
0
0
0
0
0
0
0
0
0
0
0
0
0
0
0
0
0
0
0
0
0
0
0
0
0
0
0
0
0
0
0
0
0
0
0
0
0
0
0
0
0
0
0
0
0
0
0
0
0
0
0
0
0
0
0
0
0
0
0
0
0
0
0
0
0
0
0
0
0
0
0
0
0
0
0
0
0
0
0
0
0
0
0
0
0
0
0
0
0
0
0
0
0
0
0
0
0
0
0
0
0
0
0
0
0
0
0
0
0
0
0
0
0
0
0
0
0
0
0
0
0
0
0
0
0
0
0
0
0
0
0
0
0
0
0
0
0
0
0
0
0
0
0
0
0
0
0
0
0
0
0
0
0
0
0
0
0
0
0
0
0
0
0
0
0
0
0
0
0
0
0
0
0
0
0
0
0
0
0
0
0
0
0
0
0
0
0
0
0
0
0
0
0
0
0
0
0
0
0
0
0
0
0
0
0
0
0
0
0
0
0
0
0
0
0
0
0
0
0
0
0
0
0
0
0
0
0
0
0
0
0
0
0
0
0
0
0
0
0
0
0
0
0
0
0
0
0
0
0
0
0
0
0
0
0
0
0
0
0
0
0
0
0
0
0
0
0
0
0
0
0
0
0
0
0
0
0
0
0
0
0
0
0
0
0
0
0
0
0
0
0
0
0
0
0
0
0
0
0
0
0
0
0
0
0
0
0
0
0
0
0
0
0
0
0
0
0
0
0
0
0
0
0
0
0
0
0
0
0
0
0
0
0
0
0
0
0
0
0
0
0
0
0
0
0
0
0
0
0
0
0
0
0
0
0
0
0
0
0
0
0
0
0
0
0
0
0
0
0
0
0
0
0
0
0
0
0
0
0
0
0
0
0
0
0
0
0
0
0
0
0
0
0
0
0
0
0
0
0
0
0
0
0
0
0
0
0
0
0
0
0
0
0
0
0
0
0
0
0
0
0
0
0
0
0
0
0
0
0
0
0
0
0
0
0
0
0
0
0
0
0
0
0
0
0
0
0
0
0
0
0
0
0
0
0
0
0
0
0
0
0
0
0
0
0
0
0
0
0
0
0
0
0
0
0
0
0
0
0
0
0
0
0
0
0
0
0
0
0
0
0
0
0
0
0
0
0
0
0
0
0
0
0
0
0
0
0
0
0
0
0
0
0
0
0
0
0
0
0
0
0
0
0
0
0
0
0
0
0
0
0
0
0
0
0
0
0
0
0
0
0
0
0
0
0
0
0
0
0
0
0
0
0
0
0
0
0
0
0
0
0
0
0
0
0
0
0
0
0
0
0
0
0
0
0
0
0
0
0
0
0
0
0
0
0
0
0
0
0
0
0
0
0
0
0
0
0
0
0
0
0
0
0
0
0
0
0
0
0
0
0
0
0
0
0
0
0
0
0
0
0
0
0
0
0
0
0
0
0
0
0
0
0
0
0
0
0
0
0
0
0
0
0
0
0
0
0
0
0
0
0
0
0
0
0
0
0
0
0
0
0
0
0
0
0
0
0
0
0
0
0
0
0
0
0
0
0
0
0
0
0
0
0
0
0
0
0
0
0
0
0
0
0
0
0
0
0
0
0
0
0
0
0
0
0
0
0
0
0
0
0
0
0
0
0
0
0
0
0
0
0
0
0
0
0
0
0
0
0
0
0
0
0
0
0
0
0
0
0
0
0
0
0
0
0
0
0
0
0
0
0
0
0
0
0
0
0
0
0
0
0
0
0
0
0
0
0
0
0
0
0
0
0
0
0
0
0
0
0
0
0
0
0
0
0
0
0
0
0
0
0
0
0
0
0
0
0
0
0
0
0
0
0
0
0
0
0
0
0
0
0
0
0
0
0
0
0
0
0
0
0
0
0
0
0
0
0
0
0
0
0
0
0
0
0
0
0
0
0
0
0
0
0
0
0
0
0
0
0
0
0
0
0
0
0
0
0
0
0
0
0
0
0
0
0
0
0
0
0
0
0
0
0
0
0
0
0
0
0
0
0
0
0
0
0
0
0
0
0
0
0
0
0
0
0
0
0
0
0
0
0
0
0
0
0
0
0
0
0
0
0
0
0
0
0
0
0
0
0
0
0
0
0
0
0
0
0
0
0
0
0
0
0
0
0
0
0
0
0
0
0
0
0
0
0
0
0
0
0
0
0
0
0
0
0
0
0
0
0
0
0
0
0
0
0
0
0
0
0
0
0
0
0
0
0
0
0
0
0
0
0
0
0
0
0
0
0
0
0
0
0
0
0
0
0
0
0
0
0
0
0
0
0
0
0
0
0
0
0
0
0
0
0
0
0
0
0
0
0
0
0
0
0
0
0
0
0
0
0
0
0
0
0
0
0
0
0
0
0
0
0
0
0
0
0
0
0
0
0
0
0
0
0
0
0
0
0
0
0
0
0
0
0
0
0
0
0
0
0
0
0
0
0
0
0
0
0
0
0
0
0
0
0
0
0
0
0
0
0
0
0
0
0
0
0
0
0
0
0
0
0
0
0
0
0
0
0
0
0
0
0
0
0
0
0
0
0
0
0
0
0
0
0
0
0
0
0
0
0
0
0
0
0
0
0
0
0
0
0
0
0
0
0
0
0
0
0
0
0
0
0
0
0
0
0
0
0
0
0
0
0
0
0
0
0
0
0
0
0
0
0
0
0
0
0
0
0
0
0
0
0
0
0
0
0
0
0
0
0
0
0
0
0
0
0
0
0
0
0
0
0
0
0
0
0
0
0
0
0
0
0
0
0
0
0
0
0
0
0
0
0
0
0
0
0
0
0
0
0
0
0
0
0
0
0
0
0
0
0
0
0
0
0
0
0
0
0
0
0
0
0
0
0
0
0
0
0
0
0
0
0
0
0
0
0
0
0
0
0
0
0
0
0
0
0
0
0
0
0
0
0
0
0
0
0
0
0
0
0
0
0
0
0
0
0
0
0
0
0
0
0
0
0
0
0
0
0
0
0
0
0
0
0
0
0
0
0
0
0
0
0
0
0
0
0
0
0
0
0
0
0
0
0
0
0
0
0
0
0
0
0
0
0
0
0
0
0
0
0
0
0
0
0
0
0
0
0
0
0
0
0
0
0
0
0
0
0
0
0
0
0
0
0
0
0
0
0
0
0
0
0
0
0
0
0
0
0
0
0
0
0
0
0
0
0
0
0
0
0
0
0
0
0
0
0
0
0
0
0
0
0
0
0
0
0
0
0
0
0
0
0
0
0
0
0
0
0
0
0
0
0
0
0
0
0
0
0
0
0
0
0
0
0
0
0
0
0
0
0
0
0
0
0
0
0
0
0
0
0
0
0
0
0
0
0
0
0
0
0
0
0
0
0
0
0
0
0
0
0
0
0
0
0
0
0
0
0
0
0
0
0
0
0
0
0
0
0
0
0
0
0
0
0
0
0
0
0
0
0
0
0
0
0
0
0
0
0
0
0
0
0
0
0
0
0
0
0
0
0
0
0
0
0
0
0
0
0
0
0
0
0
0
0
0
0
0
0
0
0
0
0
0
0
0
0
0
0
0
0
0
0
0
0
0
0
0
0
0
0
0
0
0
0
0
0
0
0
0
0
0
0
0
0
0
0
0
0
0
0
0
0
0
0
0
0
0
0
0
0
0
0
0
0
0
0
0
0
0
0
0
0
0
0
0
0
0
0
0
0
0
0
0
0
0
0
0
0
0
0
0
0
0
0
0
0
0
0
0
0
0
0
0
0
0
0
0
0
0
0
0
0
0
0
0
0
0
0
0
0
0
0
0
0
0
0
0
0
0
0
0
0
0
0
0
0
0
0
0
0
0
0
0
0
0
0
0
0
0
0
0
0
0
0
0
0
0
0
0
0
0
0
0
0
0
0
0
0
0
0
0
0
0
0
0
0
0
0
0
0
0
0
0
0
0
0
0
0
0
0
0
0
0
0
0
0
0
0
0
0
0
0
0
0
0
0
0
0
0
0
0
0
0
0
0
0
0
0
0
0
0
0
0
0
0
0
0
0
0
0
0
0
0
0
0
0
0
0
0
0
0
0
0
0
0
0
0
0
0
0
0
0
0
0
0
0
0
0
0
0
0
0
0
0
0
0
0
0
0
0
0
0
0
0
0
0
0
0
0
0
0
0
0
0
0
0
0
0
0
0
0
0
0
0
0
0
0
0
0
0
0
0
0
0
0
0
0
0
0
0
0
0
0
0
0
0
0
0
0
0
0
0
0
0
0
0
0
0
0
0
0
0
0
0
0
0
0
0
0
0
0
0
0
0
0
0
0
0
0
0
0
0
0
0
0
0
0
0
0
0
0
0
0
0
0
0
0
0
0
0
0
0
0
0
0
0
0
0
0
0
0
0
0
0
0
0
0
0
0
0
0
0
0
0
0
0
0
0
0
0
0
0
0
0
0
0
0
0
0
0
0
0
0
0
0
0
0
0
0
0
0
0
0
0
0
0
0
0
0
0
0
0
0
0
0
0
0
0
0
0
0
0
0
0
0
0
0
0
0
0
0
0
0
0
0
0
0
0
0
0
0
0
0
0
0
0
0
0
0
0
0
0
0
0
0
0
0
0
0
0
0
0
0
0
0
0
0
0
0
0
0
0
0
0
0
0
0
0
0
0
0
0
0
0
0
0
0
0
0
0
0
0
0
0
0
0
0
0
0
0
0
0
0
0
0
0
0
0
0
0
0
0
0
0
0
0
0
0
0
0
0
0
0
0
0
0
0
0
0
0
0
0
0
0
0
0
0
0
0
0
0
0
0
0
0
0
0
0
0
0
0
0
0
0
0
0
0
0
0
0
0
0
0
0
0
0
0
0
0
0
0
0
0
0
0
0
0
0
0
0
0
0
0
0
0
0
0
0
0
0
0
0
0
0
0
0
0
0
0
0
0
0
0
0
0
0
0
0
0
0
0
0
0
0
0
0
0
0
0
0
0
0
0
0
0
0
0
0
0
0
0
0
0
0
0
0
0
0
0
0
0
0
0
0
0
0
0
0
0
0
0
0
0
0
0
0
0
0
0
0
0
0
0
0
0
0
0
0
0
0
0
0
0
0
0
0
0
0
0
0
0
0
0
0
0
0
0
0
0
0
0
0
0
0
0
0
0
0
0
0
0
0
0
0
0
0
0
0
0
0
0
0
0
0
0
0
0
0
0
0
0
0
0
0
0
0
0
0
0
0
0
0
0
0
0
0
0
0
0
0
0
0
0
0
0
0
0
0
0
0
0
0
0
0
0
0
0
0
0
0
0
0
0
0
0
0
0
0
0
0
0
0
0
0
0
0
0
0
0
0
0
0
0
0
0
0
0
0
0
0
