92
641
-1365
329
-2524
-1488
-2383
-114
167
-1736
940
-2587
-2336
-2218
36
-300
-171
985
-2027
-2669
-1976
-2264
-14394
-311
996
-2905
-2499
-3392
-2987
-16344
-10
1277
157
1056
-1330
-96
-2296
-2041
-2453
-87
257
-2563
-509
-3101
-3415
-334
22
19
-139
649
-1803
-3505
-1518
-2455
-16886
-235
-297
-4345
-2756
-3205
-3648
-16244
-29
-525
33
569
-1617
-1205
-1992
-1838
-1945
-105
289
-2234
-983
-1490
-2363
-749
98
247
-78
61
1
-2413
-1097
-1933
-17289
-255
-85
-2400
-2037
-1207
-1755
-18774
-99
29
-173
215
-1544
-677
-1393
-1888
-1886
-264
578
-2299
-55
-1321
-2171
-1211
2
596
-58
-172
-1048
-1911
-1144
-1903
-17704
-112
204
-3234
-2096
-1900
-1498
-17731
56
140
-418
587
-2008
-513
-345
-2509
-2837
-410
743
-2111
-161
-2042
-2404
-917
-167
878
54
844
-2249
-3551
-2837
-2766
-17111
-12
197
-4365
-2134
-3318
-2047
-19943
255
228
-467
773
-2287
-1213
427
-2779
-2848
-427
957
-2417
-451
-1759
-2443
-1902
-207
613
144
1147
-2978
-3302
-2147
-2793
-15295
67
238
-4857
-1487
-1754
-1746
-17188
303
671
-398
493
-2070
-1511
-1292
-2659
-2908
-367
697
-2076
-558
-2801
-2418
-3206
-120
257
78
-1001
-3563
-3613
274
-2860
-15274
-28
-447
-4070
-985
-789
-1883
-16016
149
-22
-370
308
-958
-233
-22
-1597
-1564
-196
553
-915
-40
-798
-2025
-1897
-154
272
-61
-1535
-2077
-1837
-1018
-1462
-22706
-154
-1233
-3055
-82
-1966
-1142
-24299
155
-1501
224
124
-923
-1514
-1911
-1629
-2289
163
-448
-2036
-1378
-3168
-3081
-2196
139
-175
-286
973
-547
-2843
-1729
-2248
-19607
-270
1227
-2232
-3133
-3157
-2646
-17978
18
1470
316
376
-2110
-3307
-2177
-2577
-3553
124
94
-3550
-4101
-4917
-4535
60
105
685
-333
866
-403
-5060
-2546
-3602
-16813
-238
-190
-3840
-4792
-3504
-3986
-16304
53
-257
281
22
-2340
-2650
-2603
-2379
-2735
95
-930
-3236
-1710
-3348
-3480
-1057
157
-217
-88
56
-96
-3583
-966
-2638
-16726
-346
-749
-3317
-3610
-1362
-1562
-17820
33
-871
76
334
-2423
266
-2199
-1755
-1751
-110
-897
-3458
2039
-2819
-2882
-1606
4
460
42
509
-1243
-1438
-567
-1646
-20369
-131
522
-4328
-3074
-1979
-1460
-18658
30
-395
-172
299
-1742
814
-1622
-2107
-1894
-311
-746
-3405
1581
-3950
-4067
-832
-255
89
-14
1400
-2156
-1226
-2437
-1710
-26556
29
693
-5844
-3714
-4879
-2912
-22229
157
658
-230
197
-2448
-274
236
-2261
-2316
-349
-1167
-3507
1240
-2823
-3461
-1862
-367
-398
63
803
-3082
-1665
-3198
-2260
-21008
50
-413
-6426
-3240
-3502
-2304
-18509
313
-77
-231
302
-2571
-1352
717
-1110
-1717
-152
-1105
-2994
67
-996
-1760
-1804
-207
-528
-53
-279
-2558
-1164
-1461
-1673
-21967
-118
-344
-4296
-1378
-1588
-1057
-21617
140
-78
-187
-86
-2300
-782
-31
-1829
-1856
-68
-201
-2355
445
-687
-2317
-2362
-152
-339
-204
-2188
-1586
-830
-1551
-1761
-14950
-244
-1051
-2394
-946
-1749
-1188
-15629
29
-1046
335
803
-2367
-3377
-2829
-3317
-3656
160
1173
-3327
-4203
-5628
-4554
-2804
80
898
-293
1056
1676
-3846
-3144
-3655
-22213
-191
1118
20
-4858
-4052
-3444
-20203
24
1162
354
1015
-3004
-4077
-2823
-3345
-3992
7
1114
-4817
-6022
-8125
-5919
-719
-126
1628
-257
545
1512
-4270
-3554
-4002
-26447
-50
-624
-1946
-6180
-5474
-4226
-19977
60
-611
201
411
-2073
-2573
-1648
-1878
-2399
106
1466
-2907
-2292
-3954
-2935
-533
10
1384
-19
406
787
-2586
-2838
-2369
-19916
-108
-839
-2469
-3581
-2684
-380
-20767
88
-1081
146
803
-1904
-116
-2290
-1396
-1810
-39
411
-2446
1360
-1924
-1859
-1239
99
450
241
88
-1093
-1091
-1323
-1745
-16343
-44
581
-2980
-2043
-2695
-325
-18341
45
136
135
208
-1683
267
-3175
-2849
-2525
-120
520
-2796
712
-2712
-3696
-1741
-57
732
83
374
-1684
-1460
-2135
-2517
-17695
91
301
-3711
-3103
-5395
-2535
-16439
198
-204
115
316
-607
-740
-1123
-1966
-1980
-157
1124
-1727
-302
-1627
-3483
-2803
-140
1983
21
825
-1652
-1963
-2347
-1986
-25153
61
-622
-3903
-3262
-4347
-1471
-22241
219
-442
77
1432
-779
-991
-735
-685
-1399
-66
1550
-1166
-119
-1555
-1767
-2501
-125
1765
35
-228
-1028
-1520
-1319
-1357
-18722
-27
-698
-2336
-1761
-1929
-686
-17595
99
364
66
1213
-1704
-243
-1509
-1330
-1569
-40
1368
-1970
953
-1866
-2447
-3086
32
529
-85
-1755
-618
-826
-1235
-1473
-18625
-385
-91
-1614
-1583
-1808
-1729
-16829
-44
-38
294
-316
-4190
-3728
-3980
-4092
-5179
208
-532
-3361
-4120
-5356
-3548
-3318
169
-1005
-176
1464
191
-6129
-2774
-5160
-11457
-149
1118
135
-4452
-3231
-2930
-18565
79
1601
211
-260
-3051
-3899
-1684
-3712
-4317
0
-1228
-6338
-7410
-7638
-7281
576
-119
-558
-197
644
788
-5093
-4050
-4255
-20962
34
5
-2664
-6712
-8074
-5603
-11003
181
382
82
7
-1524
-3010
-1362
-2591
-2879
-36
-619
-5174
-5272
-5818
-5882
2199
-33
-689
-25
-169
-539
-3050
-2810
-2758
-21167
-106
-1930
-5236
-5667
-6420
-2844
-12224
71
-2339
-57
491
-1160
-1677
-2033
-1445
-1972
-131
705
-2523
-1279
-3205
-2364
2108
6
1296
306
-222
-705
-1091
-1612
-1881
-18581
96
493
-4447
-2561
-3814
-484
-19754
-38
746
-53
811
-2901
-1067
-3384
-3404
-3598
-179
2151
-3145
-37
-4814
-2983
-327
-135
1933
103
144
-840
-3158
-3196
-3588
-22438
141
926
-3866
-3631
-4643
-1455
-28853
17
687
-80
1223
-1305
-1627
-3941
-3726
-4027
-233
2944
-3230
-2072
-7638
-5922
-3824
-236
1562
-119
598
-831
-4574
-3798
-4070
-23027
108
265
-3792
-6511
-7115
-3163
-17373
-2
560
-45
376
-1012
-191
-1479
-1563
-2076
-171
1106
-2513
-1133
-4309
-3664
-1642
-129
944
-1
-115
-1229
-2615
-2610
-2004
-19332
60
-863
-3345
-3635
-4521
-1653
-14673
136
-373
71
16
-1512
448
-2093
-2460
-2180
18
84
-2017
612
-2627
-3150
-1823
-9
-620
-55
-986
-2013
-1219
-1775
-1872
-12078
-304
87
-3297
-2142
-2833
-2052
-11086
-56
-648
351
-229
-3111
-2961
-3258
-2755
-3526
119
-44
-4025
-3515
-5466
-3853
-2734
126
-245
-93
1664
550
-4211
-1583
-3566
-16767
-254
957
-408
-4085
-2653
-2549
-15659
-4
1135
429
-430
-3971
-3877
-2611
-4185
-4738
231
-755
-4690
-4850
-5757
-5254
-392
-146
319
-191
671
-1203
-3724
-2715
-4726
-21243
-80
576
-2655
-4559
-5500
-4107
-22446
134
964
310
-47
-1985
-3050
-1318
-3008
-3385
61
-734
-4379
-4109
-4718
-5543
969
-135
52
48
-536
-1595
-2986
-3121
-3319
-22774
-59
-2094
-4760
-5204
-6416
-2986
-18931
38
-2425
24
-662
-1478
-581
-2301
-1611
-2033
-109
-1524
-4213
-1157
-4583
-3693
2315
-61
-690
406
1321
-1655
-2138
-1170
-2109
-18437
43
1241
-5711
-4279
-4086
-2006
-14555
34
802
-90
-574
-3277
-434
-4426
-3781
-4124
-201
-772
-5023
-1020
-6505
-4436
714
-66
-1018
141
1717
39
-4420
-4081
-4148
-19775
157
1356
-4033
-4961
-6816
-3635
-22751
74
1056
-117
-439
-4365
-815
-6254
-5173
-6125
-205
-1039
-5215
-2548
-7641
-6720
-4415
-83
-561
-80
248
1322
-6420
-7341
-6010
-12942
117
217
2
-6221
-10016
-4538
-16185
95
247
-27
-763
-2149
139
-1120
-1710
-2671
-155
-384
-3802
-1810
-3891
-4031
-1597
-133
38
94
-1223
-43
-2703
-4653
-2432
-21537
175
-1771
-1018
-3001
-6488
-2697
-19731
156
-1082
83
-1074
-1665
391
-593
-2025
-1989
58
-478
-2944
-433
-2024
-3178
-645
-133
-950
-74
-1314
-1546
-1261
-2232
-1737
-18023
-263
-595
-2422
-1513
-3627
-2220
-16701
-84
-848
241
-407
-4891
-3148
-3505
-4400
-4975
123
562
-5400
-3341
-6175
-4639
-2271
40
500
-201
1683
1719
-5285
-4166
-4939
-14722
-284
2201
-780
-4201
-4381
-3283
-18745
-30
2111
401
-1287
-5195
-2063
-6415
-5706
-6244
241
-229
-6367
-3670
-8562
-6790
-630
-23
-210
-230
257
-1602
-5139
-3396
-6246
-20441
-73
-137
-3606
-5924
-8266
-5147
-21874
139
-48
356
-832
-3272
-1969
-3878
-3618
-3945
77
-191
-4290
-2129
-4389
-4699
-1059
-93
351
36
-1267
-2103
-3230
-1056
-3817
-23229
-69
-3527
-3096
-4497
-5729
-1575
-24253
75
-3388
260
-197
-2142
739
-1782
-1205
-1905
-38
-578
-4473
381
-2699
-3528
-484
42
-420
472
1038
-2379
-2079
-1325
-1823
-20259
-191
697
-4146
-3974
-4465
-1013
-16804
-61
-74
77
-497
-3126
147
-2628
-1971
-2712
-145
-1049
-4984
106
-4401
-3749
255
-26
-602
325
816
-170
-2952
-2803
-2597
-20749
-43
962
-2866
-4048
-6057
-2564
-21511
127
592
-78
-1430
-5575
-2713
-3684
-2988
-4422
-174
-1212
-5548
-1153
-4501
-4171
-3252
-181
267
124
847
2202
-3477
-4433
-4298
-21752
49
546
321
-4449
-5852
-2322
-27375
252
338
-111
79
-3899
-2072
-1231
-1450
-2850
-89
542
-4265
-1300
-3665
-3549
-3433
-388
277
147
220
739
-2333
-3825
-2856
-21087
264
302
221
-3316
-4397
-2178
-21510
205
329
19
868
-3125
-1738
-1379
-3120
-3253
-45
1869
-2832
-1392
-3366
-3418
-2123
-171
1483
-142
-1096
-158
-2480
-3455
-3242
-21938
-82
-797
-601
-2669
-3871
-2434
-25958
71
-615
79
-1107
-5048
-2876
-2224
-4167
-5053
69
-554
-5447
-3485
-5700
-4195
-1511
138
-1272
-177
1571
545
-5677
-4608
-5108
-13953
-243
1976
-1681
-3454
-4911
-3035
-18749
-20
2090
276
-1552
-4418
-1867
-4855
-3989
-5463
210
-1187
-6590
-4784
-8617
-6557
-127
4
199
-215
-39
210
-4915
-5387
-5472
-21852
-68
141
-2058
-5854
-9954
-4624
-19153
106
927
104
-706
-1400
-343
-3422
-2659
-3399
-13
-553
-3834
-1637
-5691
-5582
-2867
-127
459
-26
-1364
-3180
-3127
-1908
-3130
-20826
-59
-3046
-4367
-4509
-7370
-1703
-12634
73
-3075
-108
-216
-1059
695
-2217
-904
-2350
-205
97
-2107
417
-2800
-2542
-2137
-97
533
299
723
-3067
-3115
-2233
-2187
-15549
-157
-18
-3454
-2806
-5449
-62
-15809
-56
-228
-137
-303
-2451
173
-1952
-1269
-2357
-68
373
-3725
381
-2893
-2845
-1385
-52
500
266
664
-847
-2770
-2739
-2199
-17431
-120
796
-2196
-2640
-5461
-1071
-19219
55
811
-284
-815
-3948
-827
-2869
-1089
-3180
-260
-583
-4335
1202
-3769
-2699
-3827
-172
-1068
292
758
-1084
-3125
-2553
-3101
-14807
-83
298
-2214
-3239
-3884
-1229
-16947
255
524
-319
-470
-4047
-2524
-2886
-526
-3349
-262
-242
-4818
-1999
-4246
-2926
-3856
-310
-447
82
994
481
-3166
-4014
-3219
-23065
172
1212
-893
-3780
-5319
-2407
-21989
348
465
-70
-312
-2934
-3375
-4692
-4018
-5172
-183
-160
-2910
-4241
-5658
-5696
-3586
-189
-170
-159
-375
944
-4839
-5609
-5100
-18528
-25
-124
-134
-5234
-7283
-4651
-21629
277
8
38
-1660
-2838
-1414
-931
-1320
-2733
-86
-1098
-3805
-2671
-3759
-2843
918
9
-118
-75
508
-321
-3503
-2838
-2746
-17243
-269
418
-2125
-3011
-4542
-2365
-18666
28
92
129
-2195
-2884
-2118
-4525
-1811
-3816
-2
-2151
-3835
-3883
-6322
-4134
-671
-13
-1064
-208
-436
588
-3472
-3844
-3755
-18590
-146
235
-250
-4486
-6421
-4001
-18774
104
1016
-154
-1070
-1910
-330
-1716
-1036
-1750
-271
-2082
-3160
-781
-3350
-3037
-2067
-57
-1997
-50
-1186
-1448
-1500
-1042
-1576
-21221
-147
-1452
-865
-2756
-4050
-1269
-18143
153
-1314
-388
-674
-1771
256
-348
-1000
-1608
-341
-1189
-1476
446
-1604
-1254
-1159
-169
-902
85
165
-1797
-2781
-1943
-1627
-15278
-11
102
-1250
-1504
-3258
-527
-19927
132
-295
-431
-1009
-1523
408
-1172
-1527
-1576
-432
-1166
-2444
-173
-2431
-2513
-1180
-209
-1149
87
-74
-925
-2688
-1656
-1492
-12855
12
259
-1482
-2383
-3867
-1885
-11910
154
-465
-456
-1276
-1457
244
-993
-420
-1229
-450
-1096
-1876
374
-2202
-1401
-1185
-334
-590
241
103
-1735
-1455
-770
-991
-15324
-31
12
-2649
-1656
-2191
-364
-15873
217
-21
-267
-695
-1573
-1840
-2660
615
-2022
-329
-521
-1650
-1672
-4445
-1239
-2894
-262
-367
11
458
-1284
-2008
-1751
-1836
-19826
-89
1452
-1725
-2463
-2735
-1491
-20069
290
862
-132
-1456
-1395
-3882
-3210
-1290
-3490
-206
-2095
133
-3767
-4186
-2483
-1927
-185
-1346
-225
-373
-1769
-3261
-1924
-3380
-17267
-143
-49
-2028
-2787
-3573
-2267
-22212
217
228
0
0
0
0
0
0
0
0
0
0
0
-1561
-557
-2133
-49
-1442
0
0
0
0
0
0
0
0
0
0
0
-282
-1864
-1400
-1426
-15719
0
0
0
0
0
0
0
0
0
0
0
-1618
-885
-1548
315
-1593
0
0
0
0
0
0
0
0
0
0
0
-718
-2331
-1299
-1496
-17968
0
0
0
0
0
0
0
0
0
0
0
-2077
-1789
-1582
-978
-1624
0
0
0
0
0
0
0
0
0
0
0
561
-1335
-965
-1624
-16045
0
0
0
0
0
0
0
0
0
0
0
-1768
-1106
-523
-864
-947
0
0
0
0
0
0
0
0
0
0
0
49
-40
-809
-922
-19069
0
0
0
0
0
0
0
0
0
0
0
-1784
-729
852
-1249
-1367
0
0
0
0
0
0
0
0
0
0
0
-592
-1121
-1988
-1215
-20825
0
0
0
0
0
0
0
0
0
0
0
-2664
-2073
980
-1895
-2182
0
0
0
0
0
0
0
0
0
0
0
-2066
-949
-1879
-2028
-15742
0
0
0
0
0
0
0
0
0
0
0
-2777
-2427
-116
-1648
-2419
0
0
0
0
0
0
0
0
0
0
0
-2533
-1701
-662
-2300
-13904
0
0
0
0
0
0
0
0
0
0
0
-1749
-1408
124
-984
-1606
0
0
0
0
0
0
0
0
0
0
0
-931
-470
-2122
-1556
-18771
0
0
0
0
0
0
0
0
0
0
0
-1845
-1488
-2066
-382
-1928
0
0
0
0
0
0
0
0
0
0
0
864
-2139
-2236
-1877
-18251
0
0
0
0
0
0
0
0
0
0
0
-3223
-2546
-1645
173
-2761
0
0
0
0
0
0
0
0
0
0
0
632
-4106
-3063
-2599
-18321
0
0
0
0
0
0
0
0
0
0
0
-2976
-2385
-2118
173
-2052
0
0
0
0
0
0
0
0
0
0
0
312
-2064
-1723
-1925
-19094
0
0
0
0
0
0
0
0
0
0
0
-2434
-980
-2387
109
-1336
0
0
0
0
0
0
0
0
0
0
0
-844
590
-1536
-1323
-20030
0
0
0
0
0
0
0
0
0
0
0
-2842
-1044
-1950
-989
-2145
0
0
0
0
0
0
0
0
0
0
0
-1826
1116
-3437
-2071
-21333
0
0
0
0
0
0
0
0
0
0
0
-3545
-2277
-170
-1679
-2483
0
0
0
0
0
0
0
0
0
0
0
-2635
907
-3316
-2390
-18180
0
0
0
0
0
0
0
0
0
0
0
-3571
-3060
287
-908
-2522
0
0
0
0
0
0
0
0
0
0
0
-2715
247
-2678
-2535
-16994
0
0
0
0
0
0
0
0
0
0
0
-2358
-1485
-112
-1258
-1373
0
0
0
0
0
0
0
0
0
0
0
-133
909
-2617
-1298
-14593
0
0
0
0
0
0
0
0
0
0
0
-3145
-2961
-2951
-2182
-3261
0
0
0
0
0
0
0
0
0
0
0
2704
-3431
-3853
-3112
-19837
0
0
0
0
0
0
0
0
0
0
0
-4167
-3489
-2358
-1226
-3449
0
0
0
0
0
0
0
0
0
0
0
2367
-4015
-4730
-3407
-23411
0
0
0
0
0
0
0
0
0
0
0
-2798
-2350
-907
-48
-1966
0
0
0
0
0
0
0
0
0
0
0
950
-1950
-3024
-2028
-21039
0
0
0
0
0
0
0
0
0
0
0
-2191
-1057
-2137
124
-1538
0
0
0
0
0
0
0
0
0
0
0
-1145
73
-1403
-1550
-16954
0
0
0
0
0
0
0
0
0
0
0
-2113
-678
-2182
-1592
-1705
0
0
0
0
0
0
0
0
0
0
0
-1133
805
-1607
-1615
-19121
0
0
0
0
0
0
0
0
0
0
0
-3311
-1879
-1660
-1247
-2433
0
0
0
0
0
0
0
0
0
0
0
-697
-621
-2107
-2234
-20684
0
0
0
0
0
0
0
0
0
0
0
-3077
-1939
-851
10
-1903
0
0
0
0
0
0
0
0
0
0
0
-476
-998
-1314
-1657
-15092
0
0
0
0
0
0
0
0
0
0
0
-2138
-1028
-1265
52
-1169
0
0
0
0
0
0
0
0
0
0
0
766
9
-2060
-1083
-18234
0
0
0
0
0
0
0
0
0
0
0
-4169
-3255
-3344
-2075
-3951
0
0
0
0
0
0
0
0
0
0
0
1611
-5817
-2814
-3869
-14430
0
0
0
0
0
0
0
0
0
0
0
-4475
-3716
-1840
-1103
-3866
0
0
0
0
0
0
0
0
0
0
0
967
-5742
-4023
-3818
-17118
0
0
0
0
0
0
0
0
0
0
0
-3287
-2720
-915
-571
-2524
0
0
0
0
0
0
0
0
0
0
0
-237
-2760
-2774
-2450
-20584
0
0
0
0
0
0
0
0
0
0
0
-2724
-2341
-2582
-298
-2359
0
0
0
0
0
0
0
0
0
0
0
-1006
-267
-2022
-2289
-16875
0
0
0
0
0
0
0
0
0
0
0
-3834
-1727
-3541
-1936
-3536
0
0
0
0
0
0
0
0
0
0
0
-9
-2148
-3504
-3511
-21224
0
0
0
0
0
0
0
0
0
0
0
-4211
-866
-2481
-2159
-2969
0
0
0
0
0
0
0
0
0
0
0
1897
-3032
-3849
-2817
-23044
0
0
0
0
0
0
0
0
0
0
0
-3822
-863
-1098
-1318
-2381
0
0
0
0
0
0
0
0
0
0
0
198
-2148
-2514
-2218
-13806
0
0
0
0
0
0
0
0
0
0
0
-2217
-386
-1191
-1538
-1496
0
0
0
0
0
0
0
0
0
0
0
-60
-334
-1566
-1407
-12275
0
0
0
0
0
0
0
0
0
0
0
-2698
-3188
-2973
-1322
-3188
0
0
0
0
0
0
0
0
0
0
0
1142
-4320
-2417
-2986
-15762
0
0
0
0
0
0
0
0
0
0
0
-4065
-3705
-3678
-1527
-4719
0
0
0
0
0
0
0
0
0
0
0
-1826
-4444
-3667
-4511
-17489
0
0
0
0
0
0
0
0
0
0
0
-3551
-2725
-1501
-404
-3022
0
0
0
0
0
0
0
0
0
0
0
-1604
-2220
-3599
-2916
-22508
0
0
0
0
0
0
0
0
0
0
0
-2623
-1179
-1693
383
-1923
0
0
0
0
0
0
0
0
0
0
0
-1338
-1133
-2092
-1751
-18570
0
0
0
0
0
0
0
0
0
0
0
-4449
-1073
-3986
-1709
-3505
0
0
0
0
0
0
0
0
0
0
0
1329
-3191
-4140
-3251
-19381
0
0
0
0
0
0
0
0
0
0
0
-5774
-620
-4735
-2926
-4328
0
0
0
0
0
0
0
0
0
0
0
3124
-4916
-6665
-4275
-14956
0
0
0
0
0
0
0
0
0
0
0
-3488
-473
-1368
-906
-2431
0
0
0
0
0
0
0
0
0
0
0
629
-2169
-4679
-2279
-18072
0
0
0
0
0
0
0
0
0
0
0
-1478
-500
-502
-765
-1379
0
0
0
0
0
0
0
0
0
0
0
-249
-496
-2289
-1246
-17601
0
0
0
0
0
0
0
0
0
0
0
-3908
-3441
-3084
-3229
-4394
0
0
0
0
0
0
0
0
0
0
0
2917
-6067
-4445
-4286
-14717
0
0
0
0
0
0
0
0
0
0
0
-3934
-1533
-6121
-2752
-5355
0
0
0
0
0
0
0
0
0
0
0
-826
-5874
-4507
-5149
-18540
0
0
0
0
0
0
0
0
0
0
0
-3924
-2141
-4086
-447
-3491
0
0
0
0
0
0
0
0
0
0
0
-1981
-3056
-1924
-3494
-21437
0
0
0
0
0
0
0
0
0
0
0
-3408
-951
-1669
1482
-2543
0
0
0
0
0
0
0
0
0
0
0
-3040
-2066
-2717
-2551
-15631
0
0
0
0
0
0
0
0
0
0
0
-3188
-1364
-3114
743
-2925
0
0
0
0
0
0
0
0
0
0
0
-692
-3170
-3492
-2804
-17650
0
0
0
0
0
0
0
0
0
0
0
-4035
-2817
-4503
-114
-3614
0
0
0
0
0
0
0
0
0
0
0
1443
-3921
-4948
-3665
-23376
0
0
0
0
0
0
0
0
0
0
0
-4623
-2856
-2638
124
-3716
0
0
0
0
0
0
0
0
0
0
0
-114
-2872
-5406
-3752
-14497
0
0
0
0
0
0
0
0
0
0
0
-3627
-2536
-2363
-2488
-3656
0
0
0
0
0
0
0
0
0
0
0
718
-1714
-4751
-3571
-15926
0
0
0
0
0
0
0
0
0
0
0
-3783
-3096
-1718
-3266
-4170
0
0
0
0
0
0
0
0
0
0
0
2261
-6096
-4776
-4054
-15249
0
0
0
0
0
0
0
0
0
0
0
-3487
-1125
-4717
-1151
-4617
0
0
0
0
0
0
0
0
0
0
0
1124
-6406
-6161
-4390
-20033
0
0
0
0
0
0
0
0
0
0
0
-2826
-94
-2070
288
-2234
0
0
0
0
0
0
0
0
0
0
0
-1118
-2914
-1632
-2120
-22163
0
0
0
0
0
0
0
0
0
0
0
-3327
-220
-1243
1741
-2358
0
0
0
0
0
0
0
0
0
0
0
-2197
-3388
-2099
-2144
-14064
0
0
0
0
0
0
0
0
0
0
0
-3526
-1138
-1795
1500
-2676
0
0
0
0
0
0
0
0
0
0
0
-965
-3510
-3162
-2357
-14867
0
0
0
0
0
0
0
0
0
0
0
-3218
-1831
-3109
1801
-2434
0
0
0
0
0
0
0
0
0
0
0
-1139
-3198
-2639
-2364
-17318
0
0
0
0
0
0
0
0
0
0
0
-4669
-3068
-3542
1468
-3637
0
0
0
0
0
0
0
0
0
0
0
-85
-3634
-4944
-3798
-19499
0
0
0
0
0
0
0
0
0
0
0
-5255
-3241
-4716
-2866
-4781
0
0
0
0
0
0
0
0
0
0
0
2762
-4304
-6372
-4740
-13320
0
0
0
0
0
0
0
0
0
0
0
-2123
-1306
-668
-1659
-2476
0
0
0
0
0
0
0
0
0
0
0
1179
-3658
-3126
-2263
-16556
0
0
0
0
0
0
0
0
0
0
0
-2671
-1349
-4323
-1330
-3234
0
0
0
0
0
0
0
0
0
0
0
1596
-4128
-4141
-3202
-16754
0
0
0
0
0
0
0
0
0
0
0
-1818
-570
-1156
-104
-1346
0
0
0
0
0
0
0
0
0
0
0
-718
-763
-1711
-1350
-20568
0
0
0
0
0
0
0
0
0
0
0
-2113
-112
274
-350
-1336
0
0
0
0
0
0
0
0
0
0
0
-1121
-1750
-1415
-1252
-15206
0
0
0
0
0
0
0
0
0
0
0
-1583
341
-127
-750
-809
0
0
0
0
0
0
0
0
0
0
0
200
-1257
-877
-543
-14500
0
0
0
0
0
0
0
0
0
0
0
-1474
90
-943
-144
-955
0
0
0
0
0
0
0
0
0
0
0
-528
-1104
-410
-741
-15174
0
0
0
0
0
0
0
0
0
0
0
-2431
-1152
-2427
691
-1701
0
0
0
0
0
0
0
0
0
0
0
-151
-1964
-2015
-1753
-19283
0
0
0
0
0
0
0
0
0
0
0
-3179
-2992
-3409
-814
-3178
0
0
0
0
0
0
0
0
0
0
0
457
-3649
-2776
-3072
-15635
0
0
0
0
0
0
0
0
0
0
0
0
0
0
0
0
0
0
0
0
0
0
0
0
0
0
0
0
0
0
0
0
0
0
0
0
0
0
0
0
0
0
0
0
0
0
0
0
0
0
0
0
0
0
0
0
0
0
0
0
0
0
0
0
0
0
0
0
0
0
0
0
0
0
0
0
0
0
0
0
0
0
0
0
0
0
0
0
0
0
0
0
0
0
0
0
0
0
0
0
0
0
0
0
0
0
0
0
0
0
0
0
0
0
0
0
0
0
0
0
0
0
0
0
0
0
0
0
0
0
0
0
0
0
0
0
0
0
0
0
0
0
0
0
0
0
0
0
0
0
0
0
0
0
0
0
0
0
0
0
0
0
0
0
0
0
0
0
0
0
0
0
0
0
0
0
0
0
0
0
0
0
0
0
0
0
0
0
0
0
0
0
0
0
0
0
0
0
0
0
0
0
0
0
0
0
0
0
0
0
0
0
0
0
0
0
0
0
0
0
0
0
0
0
0
0
0
0
0
0
0
0
0
0
0
0
0
0
0
0
0
0
0
0
0
0
0
0
0
0
0
0
0
0
0
0
0
0
0
0
0
0
0
0
0
0
0
0
0
0
0
0
0
0
0
0
0
0
0
0
0
0
0
0
0
0
0
0
0
0
0
0
0
0
0
0
0
0
0
0
0
0
0
0
0
0
0
0
0
0
0
0
0
0
0
0
0
0
0
0
0
0
0
0
0
0
0
0
0
0
0
0
0
0
0
0
0
0
0
0
0
0
0
0
0
0
0
0
0
0
0
0
0
0
0
0
0
0
0
0
0
0
0
0
0
0
0
0
0
0
0
0
0
0
0
0
0
0
0
0
0
0
0
0
0
0
0
0
0
0
0
0
0
0
0
0
0
0
0
0
0
0
0
0
0
0
0
0
0
0
0
0
0
0
0
0
0
0
0
0
0
0
0
0
0
0
0
0
0
0
0
0
0
0
0
0
0
0
0
0
0
0
0
0
0
0
0
0
0
0
0
0
0
0
0
0
0
0
0
0
0
0
0
0
0
0
0
0
0
0
0
0
0
0
0
0
0
0
0
0
0
0
0
0
0
0
0
0
0
0
0
0
0
0
0
0
0
0
0
0
0
0
0
0
0
0
0
0
0
0
0
0
0
0
0
0
0
0
0
0
0
0
0
0
0
0
0
0
0
0
0
0
0
0
0
0
0
0
0
0
0
0
0
0
0
0
0
0
0
0
0
0
0
0
0
0
0
0
0
0
0
0
0
0
0
0
0
0
0
0
0
0
0
0
0
0
0
0
0
0
0
0
0
0
0
0
0
0
0
0
0
0
0
0
0
0
0
0
0
0
0
0
0
0
0
0
0
0
0
0
0
0
0
0
0
0
0
0
0
0
0
0
0
0
0
0
0
0
0
0
0
0
0
0
0
0
0
0
0
0
0
0
0
0
0
0
0
0
0
0
0
0
0
0
0
0
0
0
0
0
0
0
0
0
0
0
0
0
0
0
0
0
0
0
0
0
0
0
0
0
0
0
0
0
0
0
0
0
0
0
0
0
0
0
0
0
0
0
0
0
0
0
0
0
0
0
0
0
0
0
0
0
0
0
0
0
0
0
0
0
0
0
0
0
0
0
0
0
0
0
0
0
0
0
0
0
0
0
0
0
0
0
0
0
0
0
0
0
0
0
0
0
0
0
0
0
0
0
0
0
0
0
0
0
0
0
0
0
0
0
0
0
0
0
0
0
0
0
0
0
0
0
0
0
0
0
0
0
0
0
0
0
0
0
0
0
0
0
0
0
0
0
0
0
0
0
0
0
0
0
0
0
0
0
0
0
0
0
0
0
0
0
0
0
0
0
0
0
0
0
0
0
0
0
0
0
0
0
0
0
0
0
0
0
0
0
0
0
0
0
0
0
0
0
0
0
0
0
0
0
0
0
0
0
0
0
0
0
0
0
0
0
0
0
0
0
0
0
0
0
0
0
0
0
0
0
0
0
0
0
0
0
0
0
0
0
0
0
0
0
0
0
0
0
0
0
0
0
0
0
0
0
0
0
0
0
0
0
0
0
0
0
0
0
0
0
0
0
0
0
0
0
0
0
0
0
0
0
0
0
0
0
0
0
0
0
0
0
0
0
0
0
0
0
0
0
0
0
0
0
0
0
0
0
0
0
0
0
0
0
0
0
0
0
0
0
0
0
0
0
0
0
0
0
0
0
0
0
0
0
0
0
0
0
0
0
0
0
0
0
0
0
0
0
0
0
0
0
0
0
0
0
0
0
0
0
0
0
0
0
0
0
0
0
0
0
0
0
0
0
0
0
0
0
0
0
0
0
0
0
0
0
0
0
0
0
0
0
0
0
0
0
0
0
0
0
0
0
0
0
0
0
0
0
0
0
0
0
0
0
0
0
0
0
0
0
0
0
0
0
0
0
0
0
0
0
0
0
0
0
0
0
0
0
0
0
0
0
0
0
0
0
0
0
0
0
0
0
0
0
0
0
0
0
0
0
0
0
0
0
0
0
0
0
0
0
0
0
0
0
0
0
0
0
0
0
0
0
0
0
0
0
0
0
0
0
0
0
0
0
0
0
0
0
0
0
0
0
0
0
0
0
0
0
0
0
0
0
0
0
0
0
0
0
0
0
0
0
0
0
0
0
0
0
0
0
0
0
0
0
0
0
0
0
0
0
0
0
0
0
0
0
0
0
0
0
0
0
0
0
0
0
0
0
0
0
0
0
0
0
0
0
0
0
0
0
0
0
0
0
0
0
0
0
0
0
0
0
0
0
0
0
0
0
0
0
0
0
0
0
0
0
0
0
0
0
0
0
0
0
0
0
0
0
0
0
0
0
0
0
0
0
0
0
0
0
0
0
0
0
0
0
0
0
0
0
0
0
0
0
0
0
0
0
0
0
0
0
0
0
0
0
0
0
0
0
0
0
0
0
0
0
0
0
0
0
0
0
0
0
0
0
0
0
0
0
0
0
0
0
0
0
0
0
0
0
0
0
0
0
0
0
0
0
0
0
0
0
0
0
0
0
0
0
0
0
0
0
0
0
0
0
0
0
0
0
0
0
0
0
0
0
0
0
0
0
0
0
0
0
0
0
0
0
0
0
0
0
0
0
0
0
0
0
0
0
0
0
0
0
0
0
0
0
0
0
0
0
0
0
0
0
0
0
0
0
0
0
0
0
0
0
0
0
0
0
0
0
0
0
0
0
0
0
0
0
0
0
0
0
0
0
0
0
0
0
0
0
0
0
0
0
0
0
0
0
0
0
0
0
0
0
0
0
0
0
0
0
0
0
0
0
0
0
0
0
0
0
0
0
0
0
0
0
0
0
0
0
0
0
0
0
0
0
0
0
0
0
0
0
0
0
0
0
0
0
0
0
0
0
0
0
0
0
0
0
0
0
0
0
0
0
0
0
0
0
0
0
0
0
0
0
0
0
0
0
0
0
0
0
0
0
0
0
0
0
0
0
0
0
0
0
0
0
0
0
0
0
0
0
0
0
0
0
0
0
0
0
0
0
0
0
0
0
0
0
0
0
0
0
0
0
0
0
0
0
0
0
0
0
0
0
0
0
0
0
0
0
0
0
0
0
0
0
0
0
0
0
0
0
0
0
0
0
0
0
0
0
0
0
0
0
0
0
0
0
0
0
0
0
0
0
0
0
0
0
0
0
0
0
0
0
0
0
0
0
0
0
0
0
0
0
0
0
0
0
0
0
0
0
0
0
0
0
0
0
0
0
0
0
0
0
0
0
0
0
0
0
0
0
0
0
0
0
0
0
0
0
0
0
0
0
0
0
0
0
0
0
0
0
0
0
0
0
0
0
0
0
0
0
0
0
0
0
0
0
0
0
0
0
0
0
0
0
0
0
0
0
0
0
0
0
0
0
0
0
0
0
0
0
0
0
0
0
0
0
0
0
0
0
0
0
0
0
0
0
0
0
0
0
0
0
0
0
0
0
0
0
0
0
0
0
0
0
0
0
0
0
0
0
0
0
0
0
0
0
0
0
0
0
0
0
0
0
0
0
0
0
0
0
0
0
0
0
0
0
0
0
0
0
0
0
0
0
0
0
0
0
0
0
0
0
0
0
0
0
0
0
0
0
0
0
0
0
0
0
0
0
0
0
0
0
0
0
0
0
0
0
0
0
0
0
0
0
0
0
0
0
0
0
0
0
0
0
0
0
0
0
0
0
0
0
0
0
0
0
0
0
0
0
0
0
0
0
0
0
0
0
0
0
0
0
0
0
0
0
0
0
0
0
0
0
0
0
0
0
0
0
0
0
0
0
0
0
0
0
0
0
0
0
0
0
0
0
0
0
0
0
0
0
0
0
0
0
0
0
0
0
0
0
0
0
0
0
0
0
0
0
0
0
0
0
0
0
0
0
0
0
0
0
0
0
0
0
0
0
0
0
0
0
0
0
0
0
0
0
0
0
0
0
0
0
0
0
0
0
0
0
0
0
0
0
0
0
0
0
0
0
0
0
0
0
0
0
0
0
0
0
0
0
0
0
0
0
0
0
0
0
0
0
0
0
0
0
0
0
0
0
0
0
0
0
0
0
0
0
0
0
0
0
0
0
0
0
0
0
0
0
0
0
0
0
0
0
0
0
0
0
0
0
0
0
0
0
0
0
0
0
0
0
0
0
0
0
0
0
0
0
0
0
0
0
0
0
0
0
0
0
0
0
0
0
0
0
0
0
0
0
0
0
0
0
0
0
0
0
0
0
0
0
0
0
0
0
0
0
0
0
0
0
0
0
0
0
0
0
0
0
0
0
0
0
0
0
0
0
0
0
0
0
0
0
0
0
0
0
0
0
0
0
0
0
0
0
0
0
0
0
0
0
0
0
0
0
0
0
0
0
0
0
0
0
0
0
0
0
0
0
0
0
0
0
0
0
0
0
0
0
0
0
0
0
0
0
0
0
0
0
0
0
0
0
0
0
0
0
0
0
0
0
0
0
0
0
0
0
0
0
0
0
0
0
0
0
0
0
0
0
0
0
0
0
0
0
0
0
0
0
0
0
0
0
0
0
0
0
0
0
0
0
0
0
0
0
0
0
0
0
0
0
0
0
0
0
0
0
0
0
0
0
0
0
0
0
0
0
0
0
0
0
0
0
0
0
0
0
0
0
0
0
0
0
0
0
0
0
0
0
0
0
0
0
0
0
0
0
0
0
0
0
0
0
0
0
0
0
0
0
0
0
0
0
0
0
0
0
0
0
0
0
0
0
0
0
0
0
0
0
0
0
0
0
0
0
0
0
0
0
0
0
0
0
0
0
0
0
0
0
0
0
0
0
0
0
0
0
0
0
0
0
0
0
0
0
0
0
0
0
0
0
0
0
0
0
0
0
0
0
0
0
0
0
0
0
0
0
0
0
0
0
0
0
0
0
0
0
0
0
0
0
0
0
0
0
0
0
0
0
0
0
0
0
0
0
0
0
0
0
0
0
0
0
0
0
0
0
0
0
0
0
0
0
0
0
0
0
0
0
0
0
0
0
0
0
0
0
0
0
0
0
0
0
0
0
0
0
0
0
0
0
0
0
0
0
0
0
0
0
0
0
0
0
0
0
0
0
0
0
0
0
0
0
0
0
0
0
0
0
0
0
0
0
0
0
0
0
0
0
0
0
0
0
0
0
0
0
0
0
0
0
0
0
0
0
0
0
0
0
0
0
0
0
0
0
0
0
0
0
0
0
0
0
0
0
0
0
0
0
0
0
0
0
0
0
0
0
0
0
0
0
0
0
0
0
0
0
0
0
0
0
0
0
0
0
0
0
0
0
0
0
0
0
0
0
0
0
0
0
0
0
0
0
0
0
0
0
0
0
0
0
0
0
0
0
0
0
0
0
0
0
0
0
0
0
0
0
0
0
0
0
0
0
0
0
0
0
0
0
0
0
0
0
0
0
0
0
0
0
0
0
0
0
0
0
0
0
0
0
0
0
0
0
0
0
0
0
0
0
0
0
0
0
0
0
0
0
0
0
0
0
0
0
0
0
0
0
0
0
0
0
0
0
0
0
0
0
0
0
0
0
0
0
0
0
0
0
0
0
0
0
0
0
0
0
0
0
0
0
0
0
0
0
0
0
0
0
0
0
0
0
0
0
0
0
0
0
0
0
0
0
0
0
0
0
0
0
0
0
0
0
0
0
0
0
0
0
0
0
0
0
0
0
0
0
0
0
0
0
0
0
0
0
0
0
0
0
0
0
0
0
0
0
0
0
0
0
0
0
0
0
0
0
0
0
0
0
0
0
0
0
0
0
0
0
0
0
0
0
0
0
0
0
0
0
0
0
0
0
0
0
0
0
0
0
0
0
0
0
0
0
0
0
0
0
0
0
0
0
0
0
0
0
0
0
0
0
0
0
0
0
0
0
0
0
0
0
0
0
0
0
0
0
0
0
0
0
0
0
0
0
0
0
0
0
0
0
0
0
0
0
0
0
0
0
0
0
0
0
0
0
0
0
0
0
0
0
0
0
0
0
0
0
0
0
0
0
0
0
0
0
0
0
0
0
0
0
0
0
0
0
0
0
0
0
0
0
0
0
0
0
0
0
0
0
0
0
0
0
0
0
0
0
0
0
0
0
0
0
0
0
0
0
0
0
0
0
0
0
0
0
0
0
0
0
0
0
0
0
0
0
0
0
0
0
0
0
0
0
0
0
0
0
0
0
0
0
0
0
0
0
0
0
0
0
0
0
0
0
0
0
0
0
0
0
0
0
0
0
0
0
0
0
0
0
0
0
0
0
0
0
0
0
0
0
0
0
0
0
0
0
0
0
0
0
0
0
0
0
0
0
0
0
0
0
0
0
0
0
0
0
0
0
0
0
0
0
0
0
0
0
0
0
0
0
0
0
0
0
0
0
0
0
0
0
0
0
0
0
0
0
0
0
0
0
0
0
0
0
0
0
0
0
0
0
0
0
0
0
0
0
0
0
0
0
0
0
0
0
0
0
0
0
0
0
0
0
0
0
0
0
0
0
0
0
0
0
0
0
0
0
0
0
0
0
0
0
0
0
0
0
0
0
0
0
0
0
0
0
0
0
0
0
0
0
0
0
0
0
0
0
0
0
0
0
0
0
0
0
0
0
0
0
0
0
0
0
0
0
0
0
0
0
0
0
0
0
0
0
0
0
0
0
0
0
0
0
0
0
0
0
0
0
0
0
0
0
0
0
0
0
0
0
0
0
0
0
0
0
0
0
0
0
0
0
0
0
0
0
0
0
0
0
0
0
0
0
0
0
0
0
0
0
0
0
0
0
0
0
0
0
0
0
0
0
0
0
0
0
0
0
0
0
0
0
0
0
0
0
0
0
0
0
0
0
0
0
0
0
0
0
0
0
0
0
0
0
0
0
0
0
0
0
0
0
0
0
0
0
0
0
0
0
0
0
0
0
0
0
0
0
0
0
0
0
0
0
0
0
0
0
0
0
0
0
0
0
0
0
0
0
0
0
0
0
0
0
0
0
0
0
0
0
0
0
0
0
0
0
0
0
0
0
0
0
0
0
0
0
0
0
0
0
0
0
0
0
0
0
0
0
0
0
0
0
0
0
0
0
0
0
0
0
0
0
0
0
0
0
0
0
0
0
0
0
0
0
0
0
0
0
0
0
0
0
0
0
0
0
0
0
0
0
0
0
0
0
0
0
0
0
0
0
0
0
0
0
0
0
0
0
0
0
0
0
0
0
0
0
0
0
0
0
0
0
0
0
0
0
0
0
0
0
0
0
0
0
0
0
0
0
0
0
0
0
0
0
0
0
0
0
0
0
0
0
0
0
0
0
0
0
0
0
0
0
0
0
0
0
0
0
0
0
0
0
0
0
0
0
0
0
0
0
0
0
0
0
0
0
0
0
0
0
0
0
0
0
0
0
0
0
0
0
0
0
0
0
0
0
0
0
0
0
0
0
0
0
0
0
0
0
0
0
0
0
0
0
0
0
0
0
0
0
0
0
0
0
0
0
0
0
0
0
0
0
0
0
0
0
0
0
0
0
0
0
0
0
0
0
0
0
0
0
0
0
0
0
0
0
0
0
0
0
0
0
0
0
0
0
0
0
0
0
0
0
0
0
0
0
0
0
0
0
0
0
0
0
0
0
0
0
0
0
0
0
0
0
0
0
0
0
0
0
0
0
0
0
0
0
0
0
0
0
0
0
0
0
0
0
0
0
0
0
0
0
0
0
0
0
0
0
0
0
0
0
0
0
0
0
0
0
0
0
0
0
0
0
0
0
0
0
0
0
0
0
0
0
0
0
0
0
0
0
0
0
0
0
0
0
0
0
0
0
0
0
0
0
0
0
0
0
0
0
0
0
0
0
0
0
0
0
0
0
0
0
0
0
0
0
0
0
0
0
0
0
0
0
0
0
0
0
0
0
0
0
0
0
0
0
0
0
0
0
0
0
0
0
0
0
0
0
0
0
0
0
0
0
0
0
0
0
0
0
0
0
0
0
0
0
0
0
0
0
0
0
0
0
0
0
0
0
0
0
0
0
0
0
0
0
0
0
0
0
0
0
0
0
0
0
0
0
0
0
0
0
0
0
0
0
0
0
0
0
0
0
0
0
0
0
0
0
0
0
0
0
0
0
0
0
0
0
0
0
0
0
0
0
0
0
0
0
0
0
0
0
0
0
0
0
0
0
0
0
0
0
0
0
0
0
0
0
0
0
0
0
0
0
0
0
0
0
0
0
0
0
0
0
0
0
0
0
0
0
0
0
0
0
0
0
0
0
0
0
0
0
0
0
0
0
0
0
0
0
0
0
0
0
0
0
0
0
0
0
0
0
0
0
0
0
0
0
0
0
0
0
0
0
0
0
0
0
0
0
0
0
0
0
0
0
0
0
0
0
0
0
0
0
0
0
0
0
0
0
0
0
0
0
0
0
0
0
0
0
0
0
0
0
0
0
0
0
0
0
0
0
0
0
0
0
0
0
0
0
0
0
0
0
0
0
0
0
0
0
0
0
0
0
0
0
0
0
0
0
0
0
0
0
0
0
0
0
0
0
0
0
0
0
0
0
0
0
0
0
0
0
0
0
0
0
0
0
0
0
0
0
0
0
0
0
0
0
0
0
0
0
0
0
0
0
0
0
0
0
0
0
0
0
0
0
0
0
0
0
0
0
0
0
0
0
0
0
0
0
0
0
0
0
0
0
0
0
0
0
0
0
0
0
0
0
0
0
0
0
0
0
0
0
0
0
0
0
0
0
0
0
0
0
0
0
0
0
0
0
0
0
0
0
0
0
0
0
0
0
0
0
0
0
0
0
0
0
0
0
0
0
0
0
0
0
0
0
0
0
0
0
0
0
0
0
0
0
0
0
0
0
0
0
0
0
0
0
0
0
0
0
0
0
0
0
0
0
0
0
0
0
0
0
0
0
0
0
0
0
0
0
0
0
0
0
0
0
0
0
0
0
0
0
0
0
0
0
0
0
0
0
0
0
0
0
0
0
0
0
0
0
0
0
0
0
0
0
0
0
0
0
0
0
0
0
0
0
0
0
0
0
0
0
0
0
0
0
0
0
0
0
0
0
0
0
0
0
0
0
0
0
0
0
0
0
0
0
0
0
0
0
0
0
0
0
0
0
0
0
0
0
0
0
0
0
0
0
0
0
0
0
0
0
0
0
0
0
0
0
0
0
0
0
0
0
0
0
0
0
0
0
0
0
0
0
0
0
0
0
0
0
0
0
0
0
0
0
0
0
0
0
0
0
0
0
0
0
0
0
0
0
0
0
0
0
0
0
0
0
0
0
0
0
0
0
0
0
0
0
0
0
0
0
0
0
0
0
0
0
0
0
0
0
0
0
0
0
0
0
0
0
0
0
0
0
0
0
0
0
0
0
0
0
0
0
0
0
0
0
0
0
0
0
0
0
0
0
0
0
0
0
0
0
0
0
0
0
0
0
0
0
0
0
0
0
0
0
0
0
0
0
0
0
0
0
0
0
0
0
0
0
0
0
0
0
0
0
0
0
0
0
0
0
0
0
0
0
0
0
0
0
0
0
0
0
0
0
0
0
0
0
0
0
0
0
0
0
0
0
0
0
0
0
0
0
0
0
0
0
0
0
0
0
0
0
0
0
0
0
0
0
0
0
0
0
0
0
0
0
0
0
0
0
0
0
0
0
0
0
0
0
0
0
0
0
0
0
0
0
0
0
0
0
0
0
0
0
0
0
0
0
0
0
0
0
0
0
0
0
0
0
0
0
0
0
0
0
0
0
0
0
0
0
0
0
0
0
0
0
0
0
0
0
0
0
0
0
0
0
0
0
0
0
0
0
0
0
0
0
0
0
0
0
0
0
0
0
0
0
0
0
0
0
0
0
0
0
0
0
0
0
0
0
0
0
0
0
0
0
0
0
0
0
0
0
0
0
0
0
0
0
0
0
0
0
0
0
0
0
0
0
0
0
0
0
0
0
0
0
0
0
0
0
0
0
0
0
0
0
0
0
0
0
0
0
0
0
0
0
0
0
0
0
0
0
0
0
0
0
0
0
0
0
0
0
0
0
0
0
0
0
0
0
0
0
0
0
0
0
0
0
0
0
0
0
0
0
0
0
0
0
0
0
0
0
0
0
0
0
0
0
0
0
0
0
0
0
0
0
0
0
0
0
0
0
0
0
0
0
0
0
0
0
0
0
0
0
0
0
0
0
0
0
0
0
0
0
0
0
0
0
0
0
0
0
0
0
0
0
0
0
0
0
0
0
0
0
0
0
0
0
0
0
0
0
0
0
0
0
0
0
0
0
0
0
0
0
0
0
0
0
0
0
0
0
0
0
0
0
0
0
0
0
0
0
0
0
0
0
0
0
0
0
0
0
0
0
0
0
0
0
0
0
0
0
0
0
0
0
0
0
0
0
0
0
0
0
0
0
0
0
0
0
0
0
0
0
0
0
0
0
0
0
0
0
0
0
0
0
0
0
0
0
0
0
0
0
0
0
0
0
0
0
0
0
0
0
0
0
0
0
0
0
0
0
0
0
0
0
0
0
0
0
0
0
0
0
0
0
0
0
0
0
0
0
0
0
0
0
0
0
0
0
0
0
0
0
0
0
0
0
0
0
0
0
0
0
0
0
0
0
0
0
0
0
0
0
0
0
0
0
0
0
0
0
0
0
0
0
0
0
0
0
0
0
0
0
0
0
0
0
0
0
0
0
0
0
0
0
0
0
0
0
0
0
0
0
0
0
0
0
0
0
0
0
0
0
0
0
0
0
0
0
0
0
0
0
0
0
0
0
0
0
0
0
0
0
0
0
0
0
0
0
0
0
0
0
0
0
0
0
0
0
0
0
0
0
0
0
0
0
0
0
0
0
0
0
0
0
0
0
0
0
0
0
0
0
0
0
0
0
0
0
0
0
0
0
0
0
0
0
0
0
0
0
0
0
0
0
0
0
0
0
0
0
0
0
0
0
0
0
0
0
0
0
0
0
0
0
0
0
0
0
0
0
0
0
0
0
0
0
0
0
0
0
0
0
0
0
0
0
0
0
0
0
0
0
0
0
0
0
0
0
0
0
0
0
0
0
0
0
0
0
0
0
0
0
0
0
0
0
0
0
0
0
0
0
0
0
0
0
0
0
0
0
0
0
0
0
0
0
0
0
0
0
0
0
0
0
0
0
0
0
0
0
0
0
0
0
0
0
0
0
0
0
0
0
0
0
0
0
0
0
0
0
0
0
0
0
0
0
0
0
0
0
0
0
0
0
0
0
0
0
0
0
0
0
0
0
0
0
0
0
0
0
0
0
0
0
0
0
0
0
0
0
0
0
0
0
0
0
0
0
0
0
0
0
0
0
0
0
0
0
0
0
0
0
0
0
0
0
0
0
0
0
0
0
0
0
0
0
0
0
0
0
0
0
0
0
0
0
0
0
0
0
0
0
0
0
0
0
0
0
0
0
0
0
0
0
0
0
0
0
0
0
0
0
0
0
0
0
0
0
0
0
0
0
0
0
0
0
0
0
0
0
0
0
0
0
0
0
0
0
0
0
0
0
0
0
0
0
0
0
0
0
0
0
0
0
0
0
0
0
0
0
0
0
0
0
0
0
0
0
0
0
0
0
0
0
0
0
0
0
0
0
0
0
0
0
0
0
0
0
0
0
0
0
0
0
0
0
0
0
0
0
0
0
0
0
0
0
0
0
0
0
0
0
0
0
0
0
0
0
0
0
0
0
0
0
0
0
0
0
0
0
0
0
0
0
0
0
0
0
0
0
0
0
0
0
0
0
0
0
0
0
0
0
0
0
0
0
0
0
0
0
0
0
0
0
0
0
0
0
0
0
0
0
0
0
0
0
0
0
0
0
0
0
0
0
0
0
0
0
0
0
0
0
0
0
0
0
0
0
0
0
0
0
0
0
0
0
0
0
0
0
0
0
0
0
0
0
0
0
0
0
0
0
0
0
0
0
0
0
0
0
0
0
0
0
0
0
0
0
0
0
0
0
0
0
0
0
0
0
0
0
0
0
0
0
0
0
0
0
0
0
0
0
0
0
0
0
0
0
0
0
0
0
0
0
0
0
0
0
0
0
0
0
0
0
0
0
0
0
0
0
0
0
0
0
0
0
0
0
0
0
0
0
0
0
0
0
0
0
0
0
0
0
0
0
0
0
0
0
0
0
0
0
0
0
0
0
0
0
0
0
0
0
0
0
0
0
0
0
0
0
0
0
0
0
0
0
0
0
0
0
0
0
0
0
0
0
0
0
0
0
0
0
0
0
0
0
0
0
0
0
0
0
0
0
0
0
0
0
0
0
0
0
0
0
0
0
0
0
0
0
0
0
0
0
0
0
0
0
0
0
0
0
0
0
0
0
0
0
0
0
0
0
0
0
0
0
0
0
0
0
0
0
0
0
0
0
0
0
0
0
0
0
0
0
0
0
0
0
0
0
0
0
0
0
0
0
0
0
0
0
0
0
0
0
0
0
0
0
0
0
0
0
0
0
0
0
0
0
0
0
0
0
0
0
0
0
0
0
0
0
0
0
0
0
0
0
0
0
0
0
0
0
0
0
0
0
0
0
0
0
0
0
0
0
0
0
0
0
0
0
0
0
0
0
0
0
0
0
0
0
0
0
0
0
0
0
0
0
0
0
0
0
0
0
0
0
0
0
0
0
0
0
0
0
0
0
0
0
0
0
0
0
0
0
0
0
0
0
0
0
0
0
0
0
0
0
0
0
0
0
0
0
0
0
0
0
0
0
0
0
0
0
0
0
0
0
0
0
0
0
0
0
0
0
0
0
0
0
0
0
0
0
0
0
0
0
0
0
0
0
0
0
0
0
0
0
0
0
0
0
0
0
0
0
0
0
0
0
0
0
0
0
0
0
0
0
0
0
0
0
0
0
0
0
0
0
0
0
0
0
0
0
0
0
0
0
0
0
0
0
0
0
0
0
0
0
0
0
0
0
0
0
0
0
0
0
0
0
0
0
0
0
0
0
0
0
0
0
0
0
0
0
0
0
0
0
0
0
0
0
0
0
0
0
0
0
0
0
0
0
0
0
0
0
0
0
0
0
0
0
0
0
0
0
0
0
0
0
0
0
0
0
0
0
0
0
0
0
0
0
0
0
0
0
0
0
0
0
0
0
0
0
0
0
0
0
0
0
0
0
0
0
0
0
0
0
0
0
0
0
0
0
0
0
0
0
0
0
0
0
0
0
0
0
0
0
0
0
0
0
0
0
0
0
0
0
0
0
0
0
0
0
0
0
0
0
0
0
0
0
0
0
0
0
0
0
0
0
0
0
0
0
0
0
0
0
0
0
0
0
0
0
0
0
0
0
0
0
0
0
0
0
0
0
0
0
0
0
0
0
0
0
0
0
0
0
0
0
0
0
0
0
0
0
0
0
0
0
0
0
0
0
0
0
0
0
0
0
0
0
0
0
0
0
0
0
0
0
0
0
0
0
0
0
0
0
0
0
0
0
0
0
0
0
0
0
0
0
0
0
0
0
0
0
0
0
0
0
0
0
0
0
0
0
0
0
0
0
0
0
0
0
0
0
0
0
0
0
0
0
0
0
0
0
0
0
0
0
0
0
0
0
0
0
0
0
0
0
0
0
0
0
0
0
0
0
0
0
0
0
0
0
0
0
0
0
0
0
0
0
0
0
0
0
0
0
0
0
0
0
0
0
0
0
0
0
0
0
0
0
0
0
0
0
0
0
0
0
0
0
0
0
0
0
0
0
0
0
0
0
0
0
0
0
0
0
0
0
0
0
0
0
0
0
0
0
0
0
0
0
0
0
0
0
0
0
0
0
0
0
0
0
0
0
0
0
0
0
0
0
0
0
0
0
0
0
0
0
0
0
0
0
0
0
0
0
0
0
0
0
0
0
0
0
0
0
0
0
0
0
0
0
0
0
0
0
0
0
0
0
0
0
0
0
0
0
0
0
0
0
0
0
0
0
0
0
0
0
0
0
0
0
0
0
0
0
0
0
0
0
0
0
0
0
0
0
0
0
0
0
0
0
0
0
0
0
0
0
0
0
0
0
0
0
0
0
0
0
0
0
0
0
0
0
0
0
0
0
0
0
0
0
0
0
0
0
0
0
0
0
0
0
0
0
0
0
0
0
0
0
0
0
0
0
0
0
0
0
0
0
0
0
0
0
0
0
0
0
0
0
0
0
0
0
0
0
0
0
0
0
0
0
0
0
0
0
0
0
0
0
0
0
0
0
0
0
0
0
0
0
0
0
0
0
0
0
0
0
0
0
0
0
0
0
0
0
0
0
0
0
0
0
0
0
0
0
0
0
0
0
0
0
0
0
0
0
0
0
0
0
0
0
0
0
0
0
0
0
0
0
0
0
0
0
0
0
0
0
0
0
0
0
0
0
0
0
0
0
0
0
0
0
0
0
0
0
0
0
0
0
0
0
0
0
0
0
0
0
0
0
0
0
0
0
0
0
0
0
0
0
0
0
0
0
0
0
0
0
0
0
0
0
0
0
0
0
0
0
0
0
0
0
0
0
0
0
0
0
0
0
0
0
0
0
0
0
0
0
0
0
0
0
0
0
0
0
0
0
0
0
0
0
0
0
0
0
0
0
0
0
0
0
0
0
0
0
0
0
0
0
0
0
0
0
0
0
0
0
0
0
0
0
0
0
0
0
0
0
0
0
0
0
0
0
0
0
0
0
0
0
0
0
0
0
0
0
0
0
0
0
0
0
0
0
0
0
0
0
0
0
0
0
0
0
0
0
0
0
0
0
0
0
0
0
0
0
0
0
0
0
0
0
0
0
0
0
0
0
0
0
0
0
0
0
0
0
0
0
0
0
0
0
0
0
0
0
0
0
0
0
0
0
0
0
0
0
0
0
0
0
0
0
0
0
0
0
0
0
0
0
0
0
0
0
0
0
0
0
0
0
0
0
0
0
0
0
0
0
0
0
0
0
0
0
0
0
0
0
0
0
0
0
0
0
0
0
0
0
0
0
0
0
0
0
0
0
0
0
0
0
0
0
0
0
0
0
0
0
0
0
0
0
0
0
0
0
0
0
0
0
0
0
0
0
0
0
0
0
0
0
0
0
0
0
0
0
0
0
0
0
0
0
0
0
0
0
0
0
0
0
0
0
0
0
0
0
0
0
0
0
0
0
0
0
0
0
0
0
0
0
0
0
0
0
0
0
0
0
0
0
0
0
0
0
0
0
0
0
0
0
0
0
0
0
0
0
0
0
0
0
0
0
0
0
0
0
0
0
0
0
0
0
0
0
0
0
0
0
0
0
0
0
0
0
0
0
0
0
0
0
0
0
0
0
0
0
0
0
0
0
0
0
0
0
0
0
0
0
0
0
0
0
0
0
0
0
0
0
0
0
0
0
0
0
0
0
0
0
0
0
0
0
0
0
0
0
0
0
0
0
0
0
0
0
0
0
0
0
0
0
0
0
0
0
0
0
0
0
0
0
0
0
0
0
0
0
0
0
0
0
0
0
0
0
0
0
0
0
0
0
0
0
0
0
0
0
0
0
0
0
0
0
0
0
0
0
0
0
0
0
0
0
0
0
0
0
0
0
0
0
0
0
0
0
0
0
0
0
0
0
0
0
0
0
0
0
0
0
0
0
0
0
0
0
0
0
0
0
0
0
0
0
0
0
0
0
0
0
0
0
0
0
0
0
0
0
0
0
0
0
0
0
0
0
0
0
0
0
0
0
0
0
0
0
0
0
0
0
0
0
0
0
0
0
0
0
0
0
0
0
0
0
0
0
0
0
0
0
0
0
0
0
0
0
0
0
0
0
0
0
0
0
0
0
0
0
0
0
0
0
0
0
0
0
0
0
0
0
0
0
0
0
0
0
0
0
0
0
0
0
0
0
0
0
0
0
0
0
0
0
0
0
0
0
0
0
0
0
0
0
0
0
0
0
0
0
0
0
0
0
0
0
0
0
0
0
0
0
0
0
0
0
0
0
0
0
0
0
0
0
0
0
0
0
0
0
0
0
0
0
0
0
0
0
0
0
0
0
0
0
0
0
0
0
0
0
0
0
0
0
0
0
0
0
0
0
0
0
0
0
0
0
0
0
0
0
0
0
0
0
0
0
0
0
0
0
0
0
0
0
0
0
0
0
0
0
0
0
0
0
0
0
0
0
0
0
0
0
0
0
0
0
0
0
0
0
0
0
0
0
0
0
0
0
0
0
0
0
0
0
0
0
0
0
0
0
0
0
0
0
0
0
0
0
0
0
0
0
0
0
0
0
0
0
0
0
0
0
0
0
0
0
0
0
0
0
0
0
0
0
0
0
0
0
0
0
0
0
0
0
0
0
0
0
0
0
0
0
0
0
0
0
0
0
0
0
0
0
0
0
0
0
0
0
0
0
0
0
0
0
0
0
0
0
0
0
0
0
0
0
0
0
0
0
0
0
0
0
0
0
0
0
0
0
0
0
0
0
0
0
0
0
0
0
0
0
0
0
0
0
0
0
0
0
0
0
0
0
0
0
0
0
0
0
0
0
0
0
0
0
0
0
0
0
0
0
0
0
0
0
0
0
0
0
0
0
0
0
0
0
0
0
0
0
0
0
0
0
0
0
0
0
0
0
0
0
0
0
0
0
0
0
0
0
0
0
0
0
0
0
0
0
0
0
0
0
0
0
0
0
0
0
0
0
0
0
0
0
0
0
0
0
0
0
0
0
0
0
0
0
0
0
0
0
0
0
0
0
0
0
0
0
0
0
0
0
0
0
0
0
0
0
0
0
0
0
0
0
0
0
0
0
0
0
0
0
0
0
0
0
0
0
0
0
0
0
0
0
0
0
0
0
0
0
0
0
0
0
0
0
0
0
0
0
0
0
0
0
0
0
0
0
0
0
0
0
0
0
0
0
0
0
0
0
0
0
0
0
0
0
0
0
0
0
0
0
0
0
0
0
0
0
0
0
0
0
0
0
0
0
0
0
0
0
0
0
0
0
0
0
0
0
0
0
0
0
0
0
0
0
0
0
0
0
0
0
0
0
0
0
0
0
0
0
0
0
0
0
0
0
0
0
0
0
0
0
0
0
0
0
0
0
0
0
0
0
0
0
0
0
0
0
0
0
0
0
0
0
0
0
0
0
0
0
0
0
0
0
0
0
0
0
0
0
0
0
0
0
0
0
0
0
0
0
0
0
0
0
0
0
0
0
0
0
0
0
0
0
0
0
0
0
0
0
0
0
0
0
0
0
0
0
0
0
0
0
0
0
0
0
0
0
0
0
0
0
0
0
0
0
0
0
0
0
0
0
0
0
0
0
0
0
0
0
0
0
0
0
0
0
0
0
0
0
0
0
0
0
0
0
0
0
0
0
0
0
0
0
0
0
0
0
0
0
0
0
0
0
0
0
0
0
0
0
0
0
0
0
0
0
0
0
0
0
0
0
0
0
0
0
0
0
0
0
0
0
0
0
0
0
0
0
0
0
0
0
0
0
0
0
0
0
0
0
0
0
0
0
0
0
0
0
0
0
0
0
0
0
0
0
0
0
0
0
0
0
0
0
0
0
0
0
0
0
0
0
0
0
0
0
0
0
0
0
0
0
0
0
0
0
0
0
0
0
0
0
0
0
0
0
0
0
0
0
0
0
0
0
0
0
0
0
0
0
0
0
0
0
0
0
0
0
0
0
0
0
0
0
0
0
0
0
0
0
0
0
0
0
0
0
0
0
0
0
0
0
0
0
0
0
0
0
0
0
0
0
0
0
0
0
0
0
0
0
0
0
0
0
0
0
0
0
0
0
0
0
0
0
0
0
0
0
0
0
0
0
0
0
0
0
0
0
0
0
0
0
0
0
0
0
0
0
0
0
0
0
0
0
0
0
0
0
0
0
0
0
0
0
0
0
0
0
0
0
0
0
0
0
0
0
0
0
0
0
0
0
0
0
0
0
0
0
0
0
0
0
0
0
0
0
0
0
0
0
0
0
0
0
0
0
0
0
0
0
0
0
0
0
0
0
0
0
0
0
0
0
0
0
0
0
0
0
0
0
0
0
0
0
0
0
0
0
0
0
0
0
0
0
0
0
0
0
0
0
0
0
0
0
0
0
0
0
0
0
0
0
0
0
0
0
0
0
0
0
0
0
0
0
0
0
0
0
0
0
0
0
0
0
0
0
0
0
0
0
0
0
0
0
0
0
0
0
0
0
0
0
0
0
0
0
0
0
0
0
0
0
0
0
0
0
0
0
0
0
0
0
0
0
0
0
0
0
0
0
0
0
0
0
0
0
0
0
0
0
0
0
0
0
0
0
0
0
0
0
0
0
0
0
0
0
0
0
0
0
0
0
0
0
0
0
0
0
0
0
0
0
0
0
0
0
0
0
0
0
0
0
0
0
0
0
0
0
0
0
0
0
0
0
0
0
0
0
0
0
0
0
0
0
0
0
0
0
0
0
0
0
0
0
0
0
0
0
0
0
0
0
0
0
0
0
0
0
0
0
0
0
0
0
0
0
0
0
0
0
0
0
0
0
0
0
0
0
0
0
0
0
0
0
0
0
0
0
0
0
0
0
0
0
0
0
0
0
0
0
0
0
0
0
0
0
0
0
0
0
0
0
0
0
0
0
0
0
0
0
0
0
0
0
0
0
0
0
0
0
0
0
0
0
0
0
0
0
0
0
0
0
0
0
0
0
0
0
0
0
0
0
0
0
0
0
0
0
0
0
0
0
0
0
0
0
0
0
0
0
0
0
0
0
0
0
0
0
0
0
0
0
0
0
0
0
0
0
0
0
0
0
0
0
0
0
0
0
0
0
0
0
0
0
0
0
0
0
0
0
0
0
0
0
0
0
0
0
0
0
0
0
0
0
0
0
0
0
0
0
0
0
0
0
0
0
0
0
0
0
0
0
0
0
0
0
0
0
0
0
0
0
0
0
0
0
0
0
0
0
0
0
0
0
0
0
0
0
0
0
0
0
0
0
0
0
0
0
0
0
0
0
0
0
0
0
0
0
0
0
0
0
0
0
0
0
0
0
0
0
0
0
0
0
0
0
0
0
0
0
0
0
0
0
0
0
0
0
0
0
0
0
0
0
0
0
0
0
0
0
0
0
0
0
0
0
0
0
0
0
0
0
0
0
0
0
0
0
0
0
0
0
0
0
0
0
0
0
0
0
0
0
0
0
0
0
0
0
0
0
0
0
0
0
0
0
0
0
0
0
0
0
0
0
0
0
0
0
0
0
0
0
0
0
0
0
0
0
0
0
0
0
0
0
0
0
0
0
0
0
0
0
0
0
0
0
0
0
0
0
0
0
0
0
0
0
0
0
0
0
0
0
0
0
0
0
0
0
0
0
0
0
0
0
0
0
0
0
0
0
0
0
0
0
0
0
0
0
0
0
0
0
0
0
0
0
0
0
0
0
0
0
0
0
0
0
0
0
0
0
0
0
0
0
0
0
0
0
0
0
0
0
0
0
0
0
0
0
0
0
0
0
0
0
0
0
0
0
0
0
0
0
0
0
0
0
0
0
0
0
0
0
0
0
0
0
0
0
0
0
0
0
0
0
0
0
0
0
0
0
0
0
0
0
0
0
0
0
0
0
0
0
0
0
0
0
0
0
0
0
0
0
0
0
0
0
0
0
0
0
0
0
0
0
0
0
0
0
0
0
0
0
0
0
0
0
0
0
0
0
0
0
0
0
0
0
0
0
0
0
0
0
0
0
0
0
0
0
0
0
0
0
0
0
0
0
0
0
0
0
0
0
0
0
0
0
0
0
0
0
0
0
0
0
0
0
0
0
0
0
0
0
0
0
0
0
0
0
0
0
0
0
0
0
0
0
0
0
0
0
0
0
0
0
0
0
0
0
0
0
0
0
0
0
0
0
0
0
0
0
0
0
0
0
0
0
0
0
0
0
0
0
0
0
0
0
0
0
0
0
0
0
0
0
0
0
0
0
0
0
0
0
0
0
0
0
0
0
0
0
0
0
0
0
0
0
0
0
0
0
0
0
0
0
0
0
0
0
0
0
0
0
0
0
0
0
0
0
0
0
0
0
0
0
0
0
0
0
0
0
0
0
0
0
0
0
0
0
0
0
0
0
0
0
0
0
0
0
0
0
0
0
0
0
0
0
0
0
0
0
0
0
0
0
0
0
0
0
0
0
0
0
0
0
0
0
0
0
0
0
0
0
0
0
0
0
0
0
0
0
0
0
0
0
0
0
0
0
0
0
0
0
0
0
0
0
0
0
0
0
0
0
0
0
0
0
0
0
0
0
0
0
0
0
0
0
0
0
0
0
0
0
0
0
0
0
0
0
0
0
0
0
0
0
0
0
0
0
0
0
0
0
0
0
0
0
0
0
0
0
0
0
0
0
0
0
0
0
0
0
0
0
0
0
0
0
0
0
0
0
0
0
0
0
0
0
0
0
0
0
0
0
0
0
0
0
0
0
0
0
0
0
0
0
0
0
0
0
0
0
0
0
0
0
0
0
0
0
0
0
0
0
0
0
0
0
0
0
0
0
0
0
0
0
0
0
0
0
0
0
0
0
0
0
0
0
0
0
0
0
0
0
0
0
0
0
0
0
0
0
0
0
0
0
0
0
0
0
0
0
0
0
0
0
0
0
0
0
0
0
0
0
0
0
0
0
0
0
0
0
0
0
0
0
0
0
0
0
0
0
0
0
0
0
0
0
0
0
0
0
0
0
0
0
0
0
0
0
0
0
0
0
0
0
0
0
0
0
0
0
0
0
0
0
0
0
0
0
0
0
0
0
0
0
0
0
0
0
0
0
0
0
0
0
0
0
0
0
0
0
0
0
0
0
0
0
0
0
0
0
0
0
0
0
0
0
0
0
0
0
0
0
0
0
0
0
0
0
0
0
0
0
0
0
0
0
0
0
0
0
0
0
0
0
0
0
0
0
0
0
0
0
0
0
0
0
0
0
0
0
0
0
0
0
0
0
0
0
0
0
0
0
0
0
0
0
0
0
0
0
0
0
0
0
0
0
0
0
0
0
0
0
0
0
0
0
0
0
0
0
0
0
0
0
0
0
0
0
0
0
0
0
0
0
0
0
0
0
0
0
0
0
0
0
0
0
0
0
0
0
0
0
0
0
0
0
0
0
0
0
0
0
0
0
0
0
0
0
0
0
0
0
0
0
0
0
0
0
0
0
0
0
0
0
0
0
0
0
0
0
0
0
0
0
0
0
0
0
0
0
0
0
0
0
0
0
0
0
0
0
0
0
0
0
0
0
0
0
0
0
0
0
0
0
0
0
0
0
0
0
0
0
0
0
0
0
0
0
0
0
0
0
0
0
0
0
0
0
0
0
0
0
0
0
0
0
0
0
0
0
0
0
0
0
0
0
0
0
0
0
0
0
0
0
0
0
0
0
0
0
0
0
0
0
0
0
0
0
0
0
0
0
0
0
0
0
0
0
0
0
0
0
0
0
0
0
0
0
0
0
0
0
0
0
0
0
0
0
0
0
0
0
0
0
0
0
0
0
0
0
0
0
0
0
0
0
0
0
0
0
0
0
0
0
0
0
0
0
0
0
0
0
0
0
0
0
0
0
0
0
0
0
0
0
0
0
0
0
0
0
0
0
0
0
0
0
0
0
0
0
0
0
0
0
0
0
0
0
0
0
0
0
0
0
0
0
0
0
0
0
0
0
0
0
0
0
0
0
0
0
0
0
0
0
0
0
0
0
0
0
0
0
0
0
0
0
0
0
0
0
0
0
0
0
0
0
0
0
0
0
0
0
0
0
0
0
0
0
0
0
0
0
0
0
0
0
0
0
0
0
0
0
0
0
0
0
0
0
0
0
0
0
0
0
0
0
0
0
0
0
0
0
0
0
0
0
0
0
0
0
0
0
0
0
0
0
0
0
0
0
0
0
0
0
0
0
0
0
0
0
0
0
0
0
0
0
0
0
0
0
0
0
0
0
0
0
0
0
0
0
0
0
0
0
0
0
0
0
0
0
0
0
0
0
0
0
0
0
0
0
0
0
0
0
0
0
0
0
0
0
0
0
0
0
0
0
0
0
0
0
0
0
0
0
0
0
0
0
0
0
0
0
0
0
0
0
0
0
0
0
0
0
0
0
0
0
0
0
0
0
0
0
0
0
0
0
0
0
0
0
0
0
0
0
0
0
0
0
0
0
0
0
0
0
0
0
0
0
0
0
0
0
0
0
0
0
0
0
0
0
0
0
0
0
0
0
0
0
0
0
0
0
0
0
0
0
0
0
0
0
0
0
0
0
0
0
0
0
0
0
0
0
0
0
0
0
0
0
0
0
0
0
0
0
0
0
0
0
0
0
0
0
0
0
0
0
0
0
0
0
0
0
0
0
0
0
0
0
0
0
0
0
0
0
0
0
0
0
0
0
0
0
0
0
0
0
0
0
0
0
0
0
0
0
0
0
0
0
0
0
0
0
0
0
0
0
0
0
0
0
0
0
0
0
0
0
0
0
0
0
0
0
0
0
0
0
0
0
0
0
0
0
0
0
0
0
0
0
0
0
0
0
0
0
0
0
0
0
0
0
0
0
0
0
0
0
0
0
0
0
0
0
0
0
0
0
0
0
0
0
0
0
0
0
0
0
0
0
0
0
0
0
0
0
0
0
0
0
0
0
0
0
0
0
0
0
0
0
0
0
0
0
0
0
0
0
0
0
0
0
0
0
0
0
0
0
0
0
0
0
0
0
0
0
0
0
0
0
0
0
0
0
0
0
0
0
0
0
0
0
0
0
0
0
0
0
0
0
0
0
0
0
0
0
0
0
0
0
0
0
0
0
0
0
0
0
0
0
0
0
0
0
0
0
0
0
0
0
0
0
0
0
0
0
0
0
0
0
0
0
0
0
0
0
0
0
0
0
0
0
0
0
0
0
0
0
0
0
0
0
0
0
0
0
0
0
0
0
0
0
0
0
0
0
0
0
0
0
0
0
0
0
0
0
0
0
0
0
0
0
0
0
0
0
0
0
0
0
0
0
0
0
0
0
0
0
0
0
0
0
0
0
0
0
0
0
0
0
0
0
0
0
0
0
0
0
0
0
0
0
0
0
0
0
0
0
0
0
0
0
0
0
0
0
0
0
0
0
0
0
0
0
0
0
0
0
0
0
0
0
0
0
0
0
0
0
0
0
0
0
0
0
0
0
0
0
0
0
0
0
0
0
0
0
0
0
0
0
0
0
0
0
0
0
0
0
0
0
0
0
0
0
0
0
0
0
0
0
0
0
0
0
0
0
0
0
0
0
0
0
0
0
0
0
0
0
0
0
0
0
0
0
0
0
0
0
0
0
0
0
0
0
0
0
0
0
0
0
0
0
0
0
0
0
0
0
0
0
0
0
0
0
0
0
0
0
0
0
0
0
0
0
0
0
0
0
0
0
0
0
0
0
0
0
0
0
0
0
0
0
0
0
0
0
0
0
0
0
0
0
0
0
0
0
0
0
0
0
0
0
0
0
0
0
0
0
0
0
0
0
0
0
0
0
0
0
0
0
0
0
0
0
0
0
0
0
0
0
0
0
0
0
0
0
0
0
0
0
0
0
0
0
0
0
0
0
0
0
0
0
0
0
0
0
0
0
0
0
0
0
0
0
0
0
0
0
0
0
0
0
0
0
0
0
0
0
0
0
0
0
0
0
0
0
0
0
0
0
0
0
0
0
0
0
0
0
0
0
0
0
0
0
0
0
0
0
0
0
0
0
0
0
0
0
0
0
0
0
0
0
0
0
0
0
0
0
0
0
0
0
0
0
0
0
0
0
0
0
0
0
0
0
0
0
0
0
0
0
0
0
0
0
0
0
0
0
0
0
0
0
0
0
0
0
0
0
0
0
0
0
0
0
0
0
0
0
0
0
0
0
0
0
0
0
0
0
0
0
0
0
0
0
0
0
0
0
0
0
0
0
0
0
0
0
0
0
0
0
0
0
0
0
0
0
0
0
0
0
0
0
0
0
0
0
0
0
0
0
0
0
0
0
0
0
0
0
0
0
0
0
0
0
0
0
0
0
0
0
0
0
0
0
0
0
0
0
0
0
0
0
0
0
0
0
0
0
0
0
0
0
0
0
0
0
0
0
0
0
0
0
0
0
0
0
0
0
0
0
0
0
0
0
0
0
0
0
0
0
0
0
0
0
0
0
0
0
0
0
0
0
0
0
0
0
0
0
0
0
0
0
0
0
0
0
0
0
0
0
0
0
0
0
0
0
0
0
0
0
0
0
0
0
0
0
0
0
0
0
0
0
0
0
0
0
0
0
0
0
0
0
0
0
0
0
0
0
0
0
0
0
0
0
0
0
0
0
0
0
0
0
0
0
0
0
0
0
0
0
0
0
0
0
0
0
0
0
0
0
0
0
0
0
0
0
0
0
0
0
0
0
0
0
0
0
0
0
0
0
0
0
0
0
0
0
0
0
0
0
0
0
0
0
0
0
0
0
0
0
0
0
0
0
0
0
0
0
0
0
0
0
0
0
0
0
0
0
0
0
0
0
0
0
0
0
0
0
0
0
0
0
0
0
0
0
0
0
0
0
0
0
0
0
0
0
0
0
0
0
0
0
0
0
0
0
0
0
0
0
0
0
0
0
0
0
0
0
0
0
0
0
0
0
0
0
0
0
0
0
0
0
0
0
0
0
0
0
0
0
0
0
0
0
0
0
0
0
0
0
0
0
0
0
0
0
0
0
0
0
0
0
0
0
0
0
0
0
0
0
0
0
0
0
0
0
0
0
0
0
0
0
0
0
0
0
0
0
0
0
0
0
0
0
0
0
0
0
0
0
0
0
0
0
0
0
0
0
0
0
0
0
0
0
0
0
0
0
0
0
0
0
0
0
0
0
0
0
0
0
0
0
0
0
0
0
0
0
0
0
0
0
0
0
0
0
0
0
0
0
0
0
0
0
0
0
0
0
0
0
0
0
0
0
0
0
0
0
0
0
0
0
0
0
0
0
0
0
0
0
0
0
0
0
0
0
0
0
0
0
0
0
0
0
0
0
0
0
0
0
0
0
0
0
0
0
0
0
0
0
0
0
0
0
0
0
0
0
0
0
0
0
0
0
0
0
0
0
0
0
0
0
0
0
0
0
0
0
0
0
0
0
0
0
0
0
0
0
0
0
0
0
0
0
0
0
0
0
0
0
0
0
0
0
0
0
0
0
0
0
0
0
0
0
0
0
0
0
0
0
0
0
0
0
0
0
0
0
0
0
0
0
0
0
0
0
0
0
0
0
0
0
0
0
0
0
0
0
0
0
0
0
0
0
0
0
0
0
0
0
0
0
0
0
0
0
0
0
0
0
0
0
0
0
0
0
0
0
0
0
0
0
0
0
0
0
0
0
0
0
0
0
0
0
0
0
0
0
0
0
0
0
0
0
0
0
0
0
0
0
0
0
0
0
0
0
0
0
0
0
0
0
0
0
0
0
0
0
0
0
0
0
0
0
0
0
0
0
0
0
0
0
0
0
0
0
0
0
0
0
0
0
0
0
0
0
0
0
0
0
0
0
0
0
0
0
0
0
0
0
0
0
0
0
0
0
0
0
0
0
0
0
0
0
0
0
0
0
0
0
0
0
0
0
0
0
0
0
0
0
0
0
0
0
0
0
0
0
0
0
0
0
0
0
0
0
0
0
0
0
0
0
0
0
0
0
0
0
0
0
0
0
0
0
0
0
0
0
0
0
0
0
0
0
0
0
0
0
0
0
0
0
0
0
0
0
0
0
0
0
0
0
0
0
0
0
0
0
0
0
0
0
0
0
0
0
0
0
0
0
0
0
0
0
0
0
0
0
0
0
0
0
0
0
0
0
0
0
0
0
0
0
0
0
0
0
0
0
0
0
0
0
0
0
0
0
0
0
0
0
0
0
0
0
0
0
0
0
0
0
0
0
0
0
0
0
0
0
0
0
0
0
0
0
0
0
0
0
0
0
0
0
0
0
0
0
0
0
0
0
0
0
0
0
0
0
0
0
0
0
0
0
0
0
0
0
0
0
0
0
0
0
0
0
0
0
0
0
0
0
0
0
0
0
0
0
0
0
0
0
0
0
0
0
0
0
0
0
0
0
0
0
0
0
0
0
0
0
0
0
0
0
0
0
0
0
0
0
0
0
0
0
0
0
0
0
0
0
0
0
0
0
0
0
0
0
0
0
0
0
0
0
0
0
0
0
0
0
0
0
0
0
0
0
0
0
0
0
0
0
0
0
0
0
0
0
0
0
0
0
0
0
0
0
0
0
0
0
0
0
0
0
0
0
0
0
0
0
0
0
0
0
0
0
0
0
0
0
0
0
0
0
0
0
0
0
0
0
0
0
0
0
0
0
0
0
0
0
0
0
0
0
0
0
0
0
0
0
0
0
0
0
0
0
0
0
0
0
0
0
0
0
0
0
0
0
0
0
0
0
0
0
0
0
0
0
0
0
0
0
0
0
0
0
0
0
0
0
0
0
0
0
0
0
0
0
0
0
0
0
0
0
0
0
0
0
0
0
0
0
0
0
0
0
0
0
0
0
0
0
0
0
0
0
0
0
0
0
0
0
0
0
0
0
0
0
0
0
0
0
0
0
0
0
0
0
0
0
0
0
0
0
0
0
0
0
0
0
0
0
0
0
0
0
0
0
0
0
0
0
0
0
0
0
0
0
0
0
0
0
0
0
0
0
0
0
0
0
0
0
0
0
0
0
0
0
0
0
0
0
0
0
0
0
0
0
0
0
0
0
0
0
0
0
0
0
0
0
0
0
0
0
0
0
0
0
0
0
0
0
0
0
0
0
0
0
0
0
0
0
0
0
0
0
0
0
0
0
0
0
0
0
0
0
0
0
0
0
0
0
0
0
0
0
0
0
0
0
0
0
0
0
0
0
0
0
0
0
0
0
0
0
0
0
0
0
0
0
0
0
0
0
0
0
0
0
0
0
0
0
0
0
0
0
0
0
0
0
0
0
0
0
0
0
0
0
0
0
0
0
0
0
0
0
0
0
0
0
0
0
0
0
0
0
0
0
0
0
0
0
0
0
0
0
0
0
0
0
0
0
0
0
0
0
0
0
0
0
0
0
0
0
0
0
0
0
0
0
0
0
0
0
0
0
0
0
0
0
0
0
0
0
0
0
0
0
0
0
0
0
0
0
0
0
0
0
0
0
0
0
0
0
0
0
0
0
0
0
0
0
0
0
0
0
0
0
0
0
0
0
0
0
0
0
0
0
0
0
