-22
128
-2226
-2584
-4276
-2970
-2855
-116
833
-3134
-3338
-4231
-4465
-3470
149
530
-198
-8
1327
-2891
-862
-2929
-16789
-370
875
1757
-3214
-4366
-3945
-15389
-40
944
-119
285
-2565
-2745
-4445
-2552
-2968
-124
696
-2649
-2745
-3282
-3226
-3232
55
484
-204
-175
173
-2734
398
-2804
-16035
-232
-1308
1103
-3132
-2650
-3148
-17356
-75
-1674
77
1879
-2695
-3539
-3891
-2993
-3690
-158
1734
-3225
-3933
-4187
-4059
-2765
-24
894
-48
972
1350
-2746
-3333
-3540
-19914
-35
390
884
-4207
-5337
-5117
-19500
-61
-296
171
5021
-5434
-4839
-5520
-5831
-5852
-108
3969
-5821
-5724
-7570
-6503
-4925
97
2698
-34
938
4406
-5709
-6472
-5894
-16508
-6
562
3226
-5848
-6808
-7094
-16476
-87
508
165
2260
-4068
-4426
-3705
-4463
-4177
-72
2046
-5237
-5521
-5488
-5925
-5061
79
1972
-85
-1131
4373
-4137
-4733
-3951
-17728
-100
-1314
5129
-5154
-6793
-5482
-14759
-243
-499
-32
697
-3174
-1993
-2399
-1271
-1878
-200
401
-4573
-2438
-3576
-3483
-3122
-61
-100
67
-335
2631
-2595
-2298
-1813
-21832
-195
-1278
2575
-3736
-4178
-3364
-18934
-91
-514
-122
80
-2971
-2039
-2017
-692
-1705
-304
-275
-3308
-2038
-2545
-1570
-1031
-91
-1147
96
401
-93
-2262
790
-1586
-21773
-197
760
-388
-1221
-968
-2184
-24166
-107
1659
-316
-53
-1516
-998
-2082
-1391
-1705
-297
230
-2408
-1206
-2373
-2968
-1664
-28
208
0
60
-730
-1620
-423
-1615
-20895
-132
93
-2053
-2637
-2329
-3110
-18150
49
71
-175
-2132
-3516
-2332
-4657
-1293
-3355
-37
-2690
-2358
-1438
-2776
-1287
-2903
112
-2011
-214
153
-461
-2731
-48
-3298
-17256
-334
1003
548
-405
-1866
-1667
-26896
-105
657
39
-1296
-1219
-1712
-2139
-1135
-2088
-73
-3184
-3267
-1895
-4031
-4112
-2359
-17
-1985
-217
829
677
-1376
-2306
-1955
-24896
-420
-983
-1765
-2982
-3989
-3784
-18838
-78
-1108
109
-852
-2802
-4453
-3606
-3154
-3886
-17
-2057
-4717
-4986
-5123
-5801
-1911
5
-1209
-69
6208
2329
-3523
-4959
-3865
-23235
74
4783
-1368
-5892
-7434
-5892
-17962
-14
3217
145
-1261
-5940
-8742
-7062
-6253
-6227
152
-1470
-6612
-11235
-7548
-8563
-2415
58
98
22
646
8986
-6019
-7618
-6283
-16458
334
-51
3979
-9041
-7832
-7980
-13991
154
-424
124
-1194
-5893
-6042
-4887
-5612
-5249
-40
-662
-8349
-7293
-7595
-7926
-3122
78
-159
-36
-4361
6144
-4974
-4303
-5002
-22870
96
-1989
2935
-8089
-6687
-7194
-17538
-65
-531
-171
904
-4522
-3434
-3829
-4119
-3421
-350
2046
-7241
-4319
-6836
-6007
-4582
12
1234
13
-1078
3564
-4440
-2395
-3453
-20210
-185
-1617
3274
-5745
-3763
-5815
-14537
-137
-493
-190
1436
-4230
-3559
-2985
-3807
-3090
-256
3633
-5290
-4473
-5325
-4328
-2754
12
2721
-107
-417
4422
-4122
-3031
-3048
-19081
-35
-528
3358
-3688
-3456
-4442
-18921
90
470
-292
-762
-2415
-1546
-2586
-2701
-2045
-246
-410
-4355
-2699
-4524
-4871
-1561
-158
-36
-95
-524
817
-1451
-1436
-1779
-21315
-57
-232
-401
-4620
-4176
-5466
-13220
11
-316
-77
-288
-2940
-612
-2225
-187
-2178
-63
341
-3394
-192
-1989
-1999
-3171
18
21
-152
1252
-1019
-1855
-2567
-2238
-15883
-285
603
-458
-1976
-3614
-3203
-17459
-27
468
-130
1245
-3509
-3204
-2767
-2760
-3262
-179
2362
-3634
-2498
-4135
-2778
-3553
3
917
-25
697
993
-3374
-2946
-3260
-14046
-86
1270
928
-3218
-2895
-4017
-15913
42
1336
-166
602
-3989
-5327
-4423
-4567
-3738
-246
3821
-5458
-5908
-6312
-5500
-4866
31
3353
-161
1064
4589
-3353
-3656
-4001
-21520
-38
572
4115
-6075
-5873
-5765
-16734
42
984
71
-4203
-3620
-3959
-5075
-4327
-3962
-148
-1496
-5812
-5565
-6127
-6482
-1818
-37
-293
30
1096
3909
-3105
-3727
-3871
-19100
5
21
1029
-6882
-7529
-6605
-13244
96
-370
-89
-1197
-4281
-3071
-4253
-3207
-3374
-183
-1481
-4699
-3131
-3740
-3704
-1221
60
-2248
98
-676
2637
-2550
-2350
-3321
-17969
29
-690
494
-3868
-2825
-3973
-22008
20
502
-313
557
-6520
-6516
-9354
-6328
-6311
-430
1599
-7804
-7749
-8358
-7215
-6454
190
1221
-106
1405
5255
-7543
-3898
-6438
-11625
-83
5812
5312
-7255
-7209
-8577
-11716
250
5631
-379
1266
-8225
-9312
-12299
-10772
-10379
-473
1215
-11647
-13212
-13248
-13236
-10984
172
1215
-292
-1402
7874
-12309
-9630
-10296
5266
-37
-1991
8516
-12541
-13826
-14413
15474
250
-2141
-328
473
-3882
-706
-3495
-3087
-2646
-289
1166
-6291
-2559
-3894
-5145
-1155
-199
855
-21
-1037
1389
-2250
-2924
-2277
-25068
-22
-2389
21
-5249
-6809
-5380
-19880
174
-2310
-125
-529
-2582
-418
-2053
-1554
-1559
-188
-782
-4807
-873
-3125
-2918
189
29
-1278
99
1550
129
-1415
-699
-1696
-17659
-245
491
-1531
-2768
-3078
-3157
-14956
12
-304
-199
-971
-4937
-4135
-5939
-2857
-3337
-210
-978
-5780
-4053
-5157
-3673
-2703
146
-608
-122
2542
2996
-4055
-1184
-3430
-25298
-113
3690
2649
-4350
-4198
-5173
-27347
4
3264
-314
-543
-9034
-11656
-11438
-8455
-9633
-398
-425
-11030
-13014
-11629
-10807
-14452
194
-388
-256
312
10554
-10576
-9896
-9765
4366
-103
273
13754
-12520
-12636
-12540
13245
224
327
-101
178
-3307
-4785
-3608
-2390
-3769
-168
27
-5212
-5191
-4221
-4763
-8173
81
82
-198
-1614
1324
-2177
-5048
-3544
-24616
-61
-5376
2638
-6071
-6031
-5765
-16459
191
-5917
161
1004
-2531
-1615
-2166
-777
-1804
-74
812
-2980
-817
-2319
-2549
-3802
-84
-527
-30
127
-224
-768
-2122
-1918
-24439
-122
1400
-77
-3288
-2518
-2849
-23202
-93
1220
-2
123
-5358
-5380
-7224
-4493
-4784
-302
-1986
-5015
-3629
-6024
-4704
-4410
9
-1976
-84
951
3284
-5488
-2233
-5131
-14631
-203
2108
3256
-5869
-5245
-5892
-19252
34
1202
105
-1405
-4718
-4765
-5470
-3341
-3800
-175
-5780
-5283
-3916
-4888
-4811
-2700
110
-5747
-262
-1040
5037
-4035
-3331
-3668
-27725
-172
-1869
3723
-5511
-6544
-5573
-28436
9
-1978
-168
-785
-3346
-2183
-3213
-2293
-2086
-74
-1594
-4400
-2528
-3563
-3564
-611
-41
-1484
78
-499
1661
-2547
20
-2055
-16248
-56
-747
961
-3520
-2830
-3739
-15301
41
-843
-160
21
-1815
-367
-1012
-966
-1082
-61
214
-2902
-843
-1703
-1529
-309
-78
-483
76
416
595
-1228
-824
-1020
-18780
-47
360
16
-524
-2346
-1519
-20194
91
103
-61
-1038
-3949
-2558
-3813
-1834
-2468
-207
-1053
-5943
-3196
-3441
-3592
-2777
-109
-925
125
894
3723
-2912
-2161
-2589
-18885
-147
491
2765
-3585
-4571
-4073
-17265
14
-684
-39
-2772
-6998
-6168
-5904
-3067
-4961
-187
-3826
-6974
-4580
-4716
-4251
-4976
33
-3868
-126
1079
5463
-4216
-4078
-4969
-21575
1
776
5829
-5292
-5516
-4987
-26085
246
499
172
905
-3416
-5349
-5249
-2577
-4169
-77
594
-3764
-4639
-5994
-4597
-6941
122
-62
37
1841
2109
-2802
-4179
-4075
-17375
-83
875
2704
-6194
-3545
-5985
-14284
4
127
304
4481
-7459
-9682
-8535
-7871
-8724
100
3588
-5052
-7617
-7974
-6368
-5577
307
2685
-22
1139
6191
-7921
-8055
-8797
-11203
107
495
3402
-7404
-5198
-6729
-25926
-2
400
326
2270
-5710
-6933
-5419
-6560
-5949
21
1880
-7760
-7165
-8724
-8557
-5410
65
937
-221
-2424
6092
-6664
-5257
-6162
-17086
-174
-943
4400
-7997
-8151
-8203
-12210
-227
8
275
25
-3667
-3837
-2039
-2028
-2711
40
-102
-3722
-3931
-2739
-3406
-942
-15
-294
-308
-1748
3313
-3882
-2758
-2630
-18468
-148
-2740
2222
-3513
-4532
-3767
-20133
-224
-2454
-81
-263
-3070
-2103
-1316
-1640
-2012
-64
-545
-3700
-3209
-2508
-2946
814
-107
-421
84
-635
2113
-2926
-1365
-1815
-16493
-128
-306
-147
-2350
-3184
-2558
-17649
-6
-18
-118
-623
-2841
-1399
-3058
-1873
-1994
-36
343
-3878
-2136
-3617
-2826
-2593
-71
671
-233
-186
888
-2560
-13
-1727
-14743
-136
-92
2258
-1529
-2076
-2829
-14594
38
278
73
-472
-3231
-1624
-2616
-1984
-2291
-50
-68
-4149
-2462
-2345
-2731
-1942
78
-1619
78
-89
2344
-2350
-1868
-2107
-16751
-284
-823
1951
-1762
-3093
-2510
-18711
-111
-800
163
-485
-4174
-3575
-3467
-2934
-3704
-5
-878
-3269
-2062
-2203
-2340
-1882
11
-2543
28
1108
908
-2888
-2296
-3884
-12655
-268
1085
568
-2397
-3340
-3012
-22945
-123
907
274
-1254
-4147
-4342
-6392
-4671
-4528
-20
-2001
-6346
-4030
-8679
-6515
-2742
80
-1776
-30
5870
2150
-4366
-2937
-4531
-19887
-186
4284
-1188
-7619
-5392
-6759
-15255
-144
2673
297
-1822
-7242
-10999
-9601
-8548
-7868
236
-2671
-6352
-11138
-8874
-8600
-4784
219
-1459
28
1294
11017
-6751
-8362
-7782
-14636
174
212
5518
-8755
-5998
-7108
-19940
175
-79
249
-1724
-6805
-9159
-6066
-7476
-7140
139
-532
-6756
-8853
-7678
-7144
-3790
205
-336
-109
-5381
8972
-6297
-7917
-6918
-15884
37
-2645
5080
-7985
-7512
-6658
-22614
14
-1206
193
-1129
-2871
-2658
-1195
-1821
-2367
-2
-392
-4738
-4373
-2925
-4038
-107
-49
636
-144
-1983
788
-2982
-2006
-2290
-19346
-198
-3298
-395
-4641
-4867
-4414
-15568
-213
-2418
-150
-429
-2417
-1833
-1772
-868
-1640
-142
-806
-2842
-2863
-1598
-2232
476
-65
-630
-8
-648
1892
-2386
-1046
-1510
-15613
-230
-390
-160
-2121
-2519
-1923
-17173
-72
-381
-132
121
-2024
341
-2357
-1755
-1806
-151
220
-3046
266
-3190
-2664
-1610
-59
231
-210
-532
-2132
-2363
654
-1747
-13950
-51
287
-2058
-1513
-2411
-2352
-12694
-36
90
-243
83
-3079
-615
-3685
-2337
-2747
-153
335
-3670
-1647
-3446
-2552
-1274
72
41
-136
-371
-1138
-3175
52
-2449
-14439
-7
-5
-1472
-2395
-2069
-2595
-16980
83
-586
-208
-715
-3491
-3718
-2262
-3428
-3942
-113
-600
-3506
-3340
-2713
-3096
-3057
43
-986
-109
-22
-588
-4597
-1679
-3742
-8938
-224
311
-174
-3590
-2708
-3008
-14014
-108
173
33
-1572
-4345
-3207
-4500
-4208
-3902
-232
-1336
-8671
-4508
-7734
-7202
-3326
133
-791
-66
4188
2703
-4485
-3643
-3908
-26248
-387
3690
882
-7594
-7876
-6743
-16169
-189
3543
-67
-3904
-7562
-9117
-9983
-8538
-8311
-166
-1775
-9176
-11726
-10552
-9785
-5266
136
-278
-123
877
9747
-8027
-7697
-8114
-10704
115
162
6043
-10321
-9506
-9572
-8079
152
-518
-172
-3088
-5649
-7035
-6820
-5849
-6103
-148
-2507
-5519
-7417
-5733
-5611
-2984
108
-1332
-220
-4659
5298
-5171
-4100
-5632
-19395
70
-3412
2780
-6133
-6205
-5350
-25221
202
-1806
-310
-837
-2674
-2873
-2848
-1658
-2424
-180
-721
-2835
-3319
-1755
-2121
-925
-89
-255
-70
-124
-1438
-2945
1219
-2355
-14882
-47
-323
-1757
-2159
-1712
-1952
-17724
-30
-327
-308
49
-2513
-1823
-2739
-1098
-1850
-248
823
-3210
-3220
-2037
-2564
383
-121
505
-40
-345
30
-3039
1040
-1769
-14586
-137
-376
-1252
-2458
-1979
-2782
-13597
-46
-899
-212
-500
-1542
-37
-1230
-1012
-1876
-188
-976
-1216
580
-1784
-1157
-719
-121
-524
-103
-342
-3474
-2285
-203
-1769
-14639
57
537
-3384
-1438
-2130
-1982
-18697
99
167
-448
-663
-1538
-93
-1756
-919
-1644
-341
-408
-2680
-986
-2652
-2254
-490
-228
-381
-32
-939
-2512
-2169
-10
-1428
-16489
179
-612
-3179
-3126
-2412
-2795
-14528
201
-589
-294
-1004
-2262
-1528
-1558
-901
-2185
-296
-449
-1670
-1814
-1755
-1272
-1420
-231
-779
-33
-1216
-1220
-3512
-486
-1988
-13381
43
-557
-129
-2423
-1858
-1022
-19496
156
-698
48
-946
-3410
-2706
-1534
-238
-1888
-256
-296
-3833
-2269
-2211
-1808
-2444
-127
-539
-40
1152
989
-2468
-1703
-1845
-22341
-293
791
2664
-2805
-3725
-2002
-25770
-71
1201
11
-1537
-3244
-3153
-2946
-535
-2493
-142
-659
-4247
-4232
-3307
-3088
-4151
-60
-674
-257
595
2564
-2449
-2908
-2414
-18141
-73
277
4076
-3855
-5279
-3301
-14508
98
146
-192
-121
-1224
-1458
-1882
-91
-1192
-165
-426
-1185
-1898
-1552
-2022
-3284
-136
-524
-180
-988
-1077
-1684
455
-1011
-17091
-88
-699
-445
-2101
-1742
-1674
-14529
206
-809
-280
-541
-2429
-2572
-3283
-912
-1965
-290
-1045
-1926
-2108
-2411
-1440
-1899
-237
-560
-46
499
-2631
-2542
2974
-1885
-12893
-146
1366
-1535
-1268
-404
-1436
-15119
-51
1111
-249
-460
-2329
-2715
-3696
-2166
-2811
-413
-454
-2583
-2944
-3773
-3395
-1649
-143
67
-85
-442
-1929
-3900
1367
-2738
-14052
-237
13
-1886
-3690
-2898
-3584
-12834
-46
-217
0
0
0
0
0
0
0
0
0
0
0
-2256
-2558
-3720
-2196
-2170
0
0
0
0
0
0
0
0
0
0
0
2165
-2607
-677
-2354
-14235
0
0
0
0
0
0
0
0
0
0
0
-2332
-2016
-2935
-1392
-1540
0
0
0
0
0
0
0
0
0
0
0
1501
-1326
-203
-1385
-17969
0
0
0
0
0
0
0
0
0
0
0
-2849
-2896
-2597
-2468
-2473
0
0
0
0
0
0
0
0
0
0
0
1886
-866
-2947
-2375
-21246
0
0
0
0
0
0
0
0
0
0
0
-3932
-4688
-4364
-5498
-4939
0
0
0
0
0
0
0
0
0
0
0
4216
-5122
-5153
-4971
-14815
0
0
0
0
0
0
0
0
0
0
0
-3301
-4156
-3349
-3724
-3251
0
0
0
0
0
0
0
0
0
0
0
3773
-2639
-3980
-3238
-15428
0
0
0
0
0
0
0
0
0
0
0
-2865
-2828
-1750
-586
-2016
0
0
0
0
0
0
0
0
0
0
0
1882
-2049
-3107
-2064
-17352
0
0
0
0
0
0
0
0
0
0
0
-2335
-2923
-923
-426
-2010
0
0
0
0
0
0
0
0
0
0
0
-258
-2037
-1272
-2096
-17119
0
0
0
0
0
0
0
0
0
0
0
-2060
-1765
-1102
-1796
-1913
0
0
0
0
0
0
0
0
0
0
0
185
-640
-2052
-1779
-14568
0
0
0
0
0
0
0
0
0
0
0
-2360
-2097
-3417
-721
-2237
0
0
0
0
0
0
0
0
0
0
0
432
-2170
-1449
-2236
-19564
0
0
0
0
0
0
0
0
0
0
0
-1857
-2044
-2386
-239
-1655
0
0
0
0
0
0
0
0
0
0
0
1210
-1075
-2922
-1383
-22995
0
0
0
0
0
0
0
0
0
0
0
-4589
-4512
-4284
-3379
-4747
0
0
0
0
0
0
0
0
0
0
0
2563
-4744
-5535
-4863
-16129
0
0
0
0
0
0
0
0
0
0
0
-9557
-10657
-10110
-10202
-11220
0
0
0
0
0
0
0
0
0
0
0
7651
-12116
-9655
-10969
13774
0
0
0
0
0
0
0
0
0
0
0
-5073
-5771
-4236
-6264
-5107
0
0
0
0
0
0
0
0
0
0
0
6009
-5197
-5339
-4893
-16145
0
0
0
0
0
0
0
0
0
0
0
-3521
-3304
-2183
-2480
-2604
0
0
0
0
0
0
0
0
0
0
0
2202
-2214
-2632
-2402
-19639
0
0
0
0
0
0
0
0
0
0
0
-2501
-2533
-1925
-2031
-2353
0
0
0
0
0
0
0
0
0
0
0
2676
-2970
-3191
-2468
-18573
0
0
0
0
0
0
0
0
0
0
0
-2296
-2245
-2577
-3663
-2441
0
0
0
0
0
0
0
0
0
0
0
598
257
-2151
-2228
-13916
0
0
0
0
0
0
0
0
0
0
0
-1707
-1287
-1216
14
-1405
0
0
0
0
0
0
0
0
0
0
0
-710
-562
-2563
-1405
-17232
0
0
0
0
0
0
0
0
0
0
0
-2036
-2668
-1216
-1689
-1990
0
0
0
0
0
0
0
0
0
0
0
-430
-1302
-2164
-2259
-16981
0
0
0
0
0
0
0
0
0
0
0
-2421
-3463
-3486
-4067
-2991
0
0
0
0
0
0
0
0
0
0
0
2978
-2037
-4120
-3231
-20539
0
0
0
0
0
0
0
0
0
0
0
-2042
-1935
-4218
-3591
-2389
0
0
0
0
0
0
0
0
0
0
0
4241
-2507
-3380
-2254
-22235
0
0
0
0
0
0
0
0
0
0
0
-3668
-3402
-3580
-3367
-3483
0
0
0
0
0
0
0
0
0
0
0
1887
-2284
-3382
-3473
-14569
0
0
0
0
0
0
0
0
0
0
0
-5530
-4685
-5095
-3121
-3641
0
0
0
0
0
0
0
0
0
0
0
3275
-4084
-2472
-4174
-20934
0
0
0
0
0
0
0
0
0
0
0
-5413
-4218
-4726
-6560
-3949
0
0
0
0
0
0
0
0
0
0
0
6728
-6782
-3966
-4328
-16773
0
0
0
0
0
0
0
0
0
0
0
-2650
-1515
-3190
-3483
-2658
0
0
0
0
0
0
0
0
0
0
0
489
-1105
-2229
-2473
-20097
0
0
0
0
0
0
0
0
0
0
0
-852
-818
-1164
-824
-699
0
0
0
0
0
0
0
0
0
0
0
425
-472
-728
-643
-18646
0
0
0
0
0
0
0
0
0
0
0
-4644
-4851
-4884
-2201
-3463
0
0
0
0
0
0
0
0
0
0
0
761
-2551
-1259
-3759
-20586
0
0
0
0
0
0
0
0
0
0
0
-5751
-6119
-5473
-4815
-3932
0
0
0
0
0
0
0
0
0
0
0
7728
-6555
-5229
-4311
-14306
0
0
0
0
0
0
0
0
0
0
0
-2919
-3865
-3449
-2575
-2676
0
0
0
0
0
0
0
0
0
0
0
141
207
-3160
-2629
-26863
0
0
0
0
0
0
0
0
0
0
0
-3482
-3662
-3075
-1286
-3165
0
0
0
0
0
0
0
0
0
0
0
-1335
-567
-2994
-3401
-15055
0
0
0
0
0
0
0
0
0
0
0
-2667
-4359
-5150
-998
-2945
0
0
0
0
0
0
0
0
0
0
0
1947
-4304
-1913
-3258
-21567
0
0
0
0
0
0
0
0
0
0
0
-2582
-4311
-5521
-718
-3036
0
0
0
0
0
0
0
0
0
0
0
2927
-5045
-3259
-3224
-26632
0
0
0
0
0
0
0
0
0
0
0
-2168
-2347
-2642
-1786
-1800
0
0
0
0
0
0
0
0
0
0
0
1842
-2621
-347
-1776
-14341
0
0
0
0
0
0
0
0
0
0
0
-1147
-1517
-1311
-1174
-1253
0
0
0
0
0
0
0
0
0
0
0
942
-1355
-578
-1175
-15272
0
0
0
0
0
0
0
0
0
0
0
-2379
-3062
-2787
-956
-1836
0
0
0
0
0
0
0
0
0
0
0
2384
-3643
-1177
-1960
-19177
0
0
0
0
0
0
0
0
0
0
0
-3320
-5645
-5611
-479
-3763
0
0
0
0
0
0
0
0
0
0
0
2770
-5662
-4025
-3760
-24946
0
0
0
0
0
0
0
0
0
0
0
-4074
-5073
-5254
-1931
-3555
0
0
0
0
0
0
0
0
0
0
0
2028
-1943
-4258
-3603
-17117
0
0
0
0
0
0
0
0
0
0
0
-7959
-9137
-8977
-9016
-9150
0
0
0
0
0
0
0
0
0
0
0
6234
-8965
-7263
-9251
-3940
0
0
0
0
0
0
0
0
0
0
0
-2905
-5569
-4286
-3358
-4112
0
0
0
0
0
0
0
0
0
0
0
4733
-5210
-5127
-4051
-19255
0
0
0
0
0
0
0
0
0
0
0
-2974
-3587
-3146
97
-2888
0
0
0
0
0
0
0
0
0
0
0
2475
-4735
-3018
-2813
-14526
0
0
0
0
0
0
0
0
0
0
0
-1960
-1746
-1829
-442
-1881
0
0
0
0
0
0
0
0
0
0
0
2194
-3323
-1966
-1784
-14797
0
0
0
0
0
0
0
0
0
0
0
-1953
-1760
-2368
-1589
-1533
0
0
0
0
0
0
0
0
0
0
0
1463
-1499
-17
-1409
-13686
0
0
0
0
0
0
0
0
0
0
0
-2421
-1993
-2275
-808
-1998
0
0
0
0
0
0
0
0
0
0
0
819
-2442
-1910
-2020
-15393
0
0
0
0
0
0
0
0
0
0
0
-1580
-2715
-2796
-421
-2112
0
0
0
0
0
0
0
0
0
0
0
8
-2294
-2244
-2092
-20846
0
0
0
0
0
0
0
0
0
0
0
-2640
-3869
-5303
-2118
-3407
0
0
0
0
0
0
0
0
0
0
0
2468
-4021
-3241
-3307
-24028
0
0
0
0
0
0
0
0
0
0
0
-9356
-12051
-12574
-11868
-12105
0
0
0
0
0
0
0
0
0
0
0
10059
-13135
-10627
-12136
11633
0
0
0
0
0
0
0
0
0
0
0
-5640
-7966
-7697
-7099
-7183
0
0
0
0
0
0
0
0
0
0
0
8083
-8159
-7645
-6945
-10521
0
0
0
0
0
0
0
0
0
0
0
-2339
-1958
-1437
334
-1780
0
0
0
0
0
0
0
0
0
0
0
1468
-2855
-2748
-1612
-20234
0
0
0
0
0
0
0
0
0
0
0
-1678
-1429
-2110
406
-1652
0
0
0
0
0
0
0
0
0
0
0
2118
-2778
-2462
-1461
-14073
0
0
0
0
0
0
0
0
0
0
0
-1484
-34
-1171
-547
-1053
0
0
0
0
0
0
0
0
0
0
0
-356
-1243
337
-823
-15503
0
0
0
0
0
0
0
0
0
0
0
-2678
-330
-1041
-1329
-1601
0
0
0
0
0
0
0
0
0
0
0
-836
-1885
-17
-1398
-16383
0
0
0
0
0
0
0
0
0
0
0
-2396
-1723
-537
-841
-1858
0
0
0
0
0
0
0
0
0
0
0
-558
-2753
-1471
-1709
-17122
0
0
0
0
0
0
0
0
0
0
0
-1969
-2715
-3038
-1170
-2195
0
0
0
0
0
0
0
0
0
0
0
1429
-2267
-3704
-2372
-30631
0
0
0
0
0
0
0
0
0
0
0
-5653
-6564
-7850
-8651
-6606
0
0
0
0
0
0
0
0
0
0
0
9404
-8836
-6851
-6632
-10849
0
0
0
0
0
0
0
0
0
0
0
-3845
-4627
-5908
-4606
-4050
0
0
0
0
0
0
0
0
0
0
0
6139
-5253
-3196
-3884
-24458
0
0
0
0
0
0
0
0
0
0
0
-2252
-1714
-1157
111
-1592
0
0
0
0
0
0
0
0
0
0
0
-939
-1805
-30
-1415
-18752
0
0
0
0
0
0
0
0
0
0
0
-2221
-1561
-1935
184
-1835
0
0
0
0
0
0
0
0
0
0
0
219
-2849
-870
-1730
-13317
0
0
0
0
0
0
0
0
0
0
0
-1828
-430
-1215
-1033
-1772
0
0
0
0
0
0
0
0
0
0
0
-2039
-1501
-180
-1632
-13638
0
0
0
0
0
0
0
0
0
0
0
-2023
-407
-766
-1539
-1491
0
0
0
0
0
0
0
0
0
0
0
-1506
-1853
763
-1302
-14120
0
0
0
0
0
0
0
0
0
0
0
-2146
-812
-521
-566
-1353
0
0
0
0
0
0
0
0
0
0
0
106
-2459
-166
-1092
-16394
0
0
0
0
0
0
0
0
0
0
0
-1912
-2204
-1254
309
-1656
0
0
0
0
0
0
0
0
0
0
0
-23
-1770
-2490
-1645
-22248
0
0
0
0
0
0
0
0
0
0
0
-1793
-2724
-2650
-1279
-2146
0
0
0
0
0
0
0
0
0
0
0
1870
-3357
-3008
-2349
-15327
0
0
0
0
0
0
0
0
0
0
0
-1756
-1829
-1411
-687
-1479
0
0
0
0
0
0
0
0
0
0
0
-384
-2250
151
-1481
-13455
0
0
0
0
0
0
0
0
0
0
0
-1796
-2017
-1263
-751
-1439
0
0
0
0
0
0
0
0
0
0
0
-2040
-1232
1534
-1422
-14533
0
0
0
0
0
0
0
0
0
0
0
-2699
-2002
-2258
-851
-1930
0
0
0
0
0
0
0
0
0
0
0
-652
-2334
531
-1797
-15393
0
0
0
0
0
0
0
0
0
0
0
0
0
0
0
0
0
0
0
0
0
0
0
0
0
0
0
0
0
0
0
0
0
0
0
0
0
0
0
0
0
0
0
0
0
0
0
0
0
0
0
0
0
0
0
0
0
0
0
0
0
0
0
0
0
0
0
0
0
0
0
0
0
0
0
0
0
0
0
0
0
0
0
0
0
0
0
0
0
0
0
0
0
0
0
0
0
0
0
0
0
0
0
0
0
0
0
0
0
0
0
0
0
0
0
0
0
0
0
0
0
0
0
0
0
0
0
0
0
0
0
0
0
0
0
0
0
0
0
0
0
0
0
0
0
0
0
0
0
0
0
0
0
0
0
0
0
0
0
0
0
0
0
0
0
0
0
0
0
0
0
0
0
0
0
0
0
0
0
0
0
0
0
0
0
0
0
0
0
0
0
0
0
0
0
0
0
0
0
0
0
0
0
0
0
0
0
0
0
0
0
0
0
0
0
0
0
0
0
0
0
0
0
0
0
0
0
0
0
0
0
0
0
0
0
0
0
0
0
0
0
0
0
0
0
0
0
0
0
0
0
0
0
0
0
0
0
0
0
0
0
0
0
0
0
0
0
0
0
0
0
0
0
0
0
0
0
0
0
0
0
0
0
0
0
0
0
0
0
0
0
0
0
0
0
0
0
0
0
0
0
0
0
0
0
0
0
0
0
0
0
0
0
0
0
0
0
0
0
0
0
0
0
0
0
0
0
0
0
0
0
0
0
0
0
0
0
0
0
0
0
0
0
0
0
0
0
0
0
0
0
0
0
0
0
0
0
0
0
0
0
0
0
0
0
0
0
0
0
0
0
0
0
0
0
0
0
0
0
0
0
0
0
0
0
0
0
0
0
0
0
0
0
0
0
0
0
0
0
0
0
0
0
0
0
0
0
0
0
0
0
0
0
0
0
0
0
0
0
0
0
0
0
0
0
0
0
0
0
0
0
0
0
0
0
0
0
0
0
0
0
0
0
0
0
0
0
0
0
0
0
0
0
0
0
0
0
0
0
0
0
0
0
0
0
0
0
0
0
0
0
0
0
0
0
0
0
0
0
0
0
0
0
0
0
0
0
0
0
0
0
0
0
0
0
0
0
0
0
0
0
0
0
0
0
0
0
0
0
0
0
0
0
0
0
0
0
0
0
0
0
0
0
0
0
0
0
0
0
0
0
0
0
0
0
0
0
0
0
0
0
0
0
0
0
0
0
0
0
0
0
0
0
0
0
0
0
0
0
0
0
0
0
0
0
0
0
0
0
0
0
0
0
0
0
0
0
0
0
0
0
0
0
0
0
0
0
0
0
0
0
0
0
0
0
0
0
0
0
0
0
0
0
0
0
0
0
0
0
0
0
0
0
0
0
0
0
0
0
0
0
0
0
0
0
0
0
0
0
0
0
0
0
0
0
0
0
0
0
0
0
0
0
0
0
0
0
0
0
0
0
0
0
0
0
0
0
0
0
0
0
0
0
0
0
0
0
0
0
0
0
0
0
0
0
0
0
0
0
0
0
0
0
0
0
0
0
0
0
0
0
0
0
0
0
0
0
0
0
0
0
0
0
0
0
0
0
0
0
0
0
0
0
0
0
0
0
0
0
0
0
0
0
0
0
0
0
0
0
0
0
0
0
0
0
0
0
0
0
0
0
0
0
0
0
0
0
0
0
0
0
0
0
0
0
0
0
0
0
0
0
0
0
0
0
0
0
0
0
0
0
0
0
0
0
0
0
0
0
0
0
0
0
0
0
0
0
0
0
0
0
0
0
0
0
0
0
0
0
0
0
0
0
0
0
0
0
0
0
0
0
0
0
0
0
0
0
0
0
0
0
0
0
0
0
0
0
0
0
0
0
0
0
0
0
0
0
0
0
0
0
0
0
0
0
0
0
0
0
0
0
0
0
0
0
0
0
0
0
0
0
0
0
0
0
0
0
0
0
0
0
0
0
0
0
0
0
0
0
0
0
0
0
0
0
0
0
0
0
0
0
0
0
0
0
0
0
0
0
0
0
0
0
0
0
0
0
0
0
0
0
0
0
0
0
0
0
0
0
0
0
0
0
0
0
0
0
0
0
0
0
0
0
0
0
0
0
0
0
0
0
0
0
0
0
0
0
0
0
0
0
0
0
0
0
0
0
0
0
0
0
0
0
0
0
0
0
0
0
0
0
0
0
0
0
0
0
0
0
0
0
0
0
0
0
0
0
0
0
0
0
0
0
0
0
0
0
0
0
0
0
0
0
0
0
0
0
0
0
0
0
0
0
0
0
0
0
0
0
0
0
0
0
0
0
0
0
0
0
0
0
0
0
0
0
0
0
0
0
0
0
0
0
0
0
0
0
0
0
0
0
0
0
0
0
0
0
0
0
0
0
0
0
0
0
0
0
0
0
0
0
0
0
0
0
0
0
0
0
0
0
0
0
0
0
0
0
0
0
0
0
0
0
0
0
0
0
0
0
0
0
0
0
0
0
0
0
0
0
0
0
0
0
0
0
0
0
0
0
0
0
0
0
0
0
0
0
0
0
0
0
0
0
0
0
0
0
0
0
0
0
0
0
0
0
0
0
0
0
0
0
0
0
0
0
0
0
0
0
0
0
0
0
0
0
0
0
0
0
0
0
0
0
0
0
0
0
0
0
0
0
0
0
0
0
0
0
0
0
0
0
0
0
0
0
0
0
0
0
0
0
0
0
0
0
0
0
0
0
0
0
0
0
0
0
0
0
0
0
0
0
0
0
0
0
0
0
0
0
0
0
0
0
0
0
0
0
0
0
0
0
0
0
0
0
0
0
0
0
0
0
0
0
0
0
0
0
0
0
0
0
0
0
0
0
0
0
0
0
0
0
0
0
0
0
0
0
0
0
0
0
0
0
0
0
0
0
0
0
0
0
0
0
0
0
0
0
0
0
0
0
0
0
0
0
0
0
0
0
0
0
0
0
0
0
0
0
0
0
0
0
0
0
0
0
0
0
0
0
0
0
0
0
0
0
0
0
0
0
0
0
0
0
0
0
0
0
0
0
0
0
0
0
0
0
0
0
0
0
0
0
0
0
0
0
0
0
0
0
0
0
0
0
0
0
0
0
0
0
0
0
0
0
0
0
0
0
0
0
0
0
0
0
0
0
0
0
0
0
0
0
0
0
0
0
0
0
0
0
0
0
0
0
0
0
0
0
0
0
0
0
0
0
0
0
0
0
0
0
0
0
0
0
0
0
0
0
0
0
0
0
0
0
0
0
0
0
0
0
0
0
0
0
0
0
0
0
0
0
0
0
0
0
0
0
0
0
0
0
0
0
0
0
0
0
0
0
0
0
0
0
0
0
0
0
0
0
0
0
0
0
0
0
0
0
0
0
0
0
0
0
0
0
0
0
0
0
0
0
0
0
0
0
0
0
0
0
0
0
0
0
0
0
0
0
0
0
0
0
0
0
0
0
0
0
0
0
0
0
0
0
0
0
0
0
0
0
0
0
0
0
0
0
0
0
0
0
0
0
0
0
0
0
0
0
0
0
0
0
0
0
0
0
0
0
0
0
0
0
0
0
0
0
0
0
0
0
0
0
0
0
0
0
0
0
0
0
0
0
0
0
0
0
0
0
0
0
0
0
0
0
0
0
0
0
0
0
0
0
0
0
0
0
0
0
0
0
0
0
0
0
0
0
0
0
0
0
0
0
0
0
0
0
0
0
0
0
0
0
0
0
0
0
0
0
0
0
0
0
0
0
0
0
0
0
0
0
0
0
0
0
0
0
0
0
0
0
0
0
0
0
0
0
0
0
0
0
0
0
0
0
0
0
0
0
0
0
0
0
0
0
0
0
0
0
0
0
0
0
0
0
0
0
0
0
0
0
0
0
0
0
0
0
0
0
0
0
0
0
0
0
0
0
0
0
0
0
0
0
0
0
0
0
0
0
0
0
0
0
0
0
0
0
0
0
0
0
0
0
0
0
0
0
0
0
0
0
0
0
0
0
0
0
0
0
0
0
0
0
0
0
0
0
0
0
0
0
0
0
0
0
0
0
0
0
0
0
0
0
0
0
0
0
0
0
0
0
0
0
0
0
0
0
0
0
0
0
0
0
0
0
0
0
0
0
0
0
0
0
0
0
0
0
0
0
0
0
0
0
0
0
0
0
0
0
0
0
0
0
0
0
0
0
0
0
0
0
0
0
0
0
0
0
0
0
0
0
0
0
0
0
0
0
0
0
0
0
0
0
0
0
0
0
0
0
0
0
0
0
0
0
0
0
0
0
0
0
0
0
0
0
0
0
0
0
0
0
0
0
0
0
0
0
0
0
0
0
0
0
0
0
0
0
0
0
0
0
0
0
0
0
0
0
0
0
0
0
0
0
0
0
0
0
0
0
0
0
0
0
0
0
0
0
0
0
0
0
0
0
0
0
0
0
0
0
0
0
0
0
0
0
0
0
0
0
0
0
0
0
0
0
0
0
0
0
0
0
0
0
0
0
0
0
0
0
0
0
0
0
0
0
0
0
0
0
0
0
0
0
0
0
0
0
0
0
0
0
0
0
0
0
0
0
0
0
0
0
0
0
0
0
0
0
0
0
0
0
0
0
0
0
0
0
0
0
0
0
0
0
0
0
0
0
0
0
0
0
0
0
0
0
0
0
0
0
0
0
0
0
0
0
0
0
0
0
0
0
0
0
0
0
0
0
0
0
0
0
0
0
0
0
0
0
0
0
0
0
0
0
0
0
0
0
0
0
0
0
0
0
0
0
0
0
0
0
0
0
0
0
0
0
0
0
0
0
0
0
0
0
0
0
0
0
0
0
0
0
0
0
0
0
0
0
0
0
0
0
0
0
0
0
0
0
0
0
0
0
0
0
0
0
0
0
0
0
0
0
0
0
0
0
0
0
0
0
0
0
0
0
0
0
0
0
0
0
0
0
0
0
0
0
0
0
0
0
0
0
0
0
0
0
0
0
0
0
0
0
0
0
0
0
0
0
0
0
0
0
0
0
0
0
0
0
0
0
0
0
0
0
0
0
0
0
0
0
0
0
0
0
0
0
0
0
0
0
0
0
0
0
0
0
0
0
0
0
0
0
0
0
0
0
0
0
0
0
0
0
0
0
0
0
0
0
0
0
0
0
0
0
0
0
0
0
0
0
0
0
0
0
0
0
0
0
0
0
0
0
0
0
0
0
0
0
0
0
0
0
0
0
0
0
0
0
0
0
0
0
0
0
0
0
0
0
0
0
0
0
0
0
0
0
0
0
0
0
0
0
0
0
0
0
0
0
0
0
0
0
0
0
0
0
0
0
0
0
0
0
0
0
0
0
0
0
0
0
0
0
0
0
0
0
0
0
0
0
0
0
0
0
0
0
0
0
0
0
0
0
0
0
0
0
0
0
0
0
0
0
0
0
0
0
0
0
0
0
0
0
0
0
0
0
0
0
0
0
0
0
0
0
0
0
0
0
0
0
0
0
0
0
0
0
0
0
0
0
0
0
0
0
0
0
0
0
0
0
0
0
0
0
0
0
0
0
0
0
0
0
0
0
0
0
0
0
0
0
0
0
0
0
0
0
0
0
0
0
0
0
0
0
0
0
0
0
0
0
0
0
0
0
0
0
0
0
0
0
0
0
0
0
0
0
0
0
0
0
0
0
0
0
0
0
0
0
0
0
0
0
0
0
0
0
0
0
0
0
0
0
0
0
0
0
0
0
0
0
0
0
0
0
0
0
0
0
0
0
0
0
0
0
0
0
0
0
0
0
0
0
0
0
0
0
0
0
0
0
0
0
0
0
0
0
0
0
0
0
0
0
0
0
0
0
0
0
0
0
0
0
0
0
0
0
0
0
0
0
0
0
0
0
0
0
0
0
0
0
0
0
0
0
0
0
0
0
0
0
0
0
0
0
0
0
0
0
0
0
0
0
0
0
0
0
0
0
0
0
0
0
0
0
0
0
0
0
0
0
0
0
0
0
0
0
0
0
0
0
0
0
0
0
0
0
0
0
0
0
0
0
0
0
0
0
0
0
0
0
0
0
0
0
0
0
0
0
0
0
0
0
0
0
0
0
0
0
0
0
0
0
0
0
0
0
0
0
0
0
0
0
0
0
0
0
0
0
0
0
0
0
0
0
0
0
0
0
0
0
0
0
0
0
0
0
0
0
0
0
0
0
0
0
0
0
0
0
0
0
0
0
0
0
0
0
0
0
0
0
0
0
0
0
0
0
0
0
0
0
0
0
0
0
0
0
0
0
0
0
0
0
0
0
0
0
0
0
0
0
0
0
0
0
0
0
0
0
0
0
0
0
0
0
0
0
0
0
0
0
0
0
0
0
0
0
0
0
0
0
0
0
0
0
0
0
0
0
0
0
0
0
0
0
0
0
0
0
0
0
0
0
0
0
0
0
0
0
0
0
0
0
0
0
0
0
0
0
0
0
0
0
0
0
0
0
0
0
0
0
0
0
0
0
0
0
0
0
0
0
0
0
0
0
0
0
0
0
0
0
0
0
0
0
0
0
0
0
0
0
0
0
0
0
0
0
0
0
0
0
0
0
0
0
0
0
0
0
0
0
0
0
0
0
0
0
0
0
0
0
0
0
0
0
0
0
0
0
0
0
0
0
0
0
0
0
0
0
0
0
0
0
0
0
0
0
0
0
0
0
0
0
0
0
0
0
0
0
0
0
0
0
0
0
0
0
0
0
0
0
0
0
0
0
0
0
0
0
0
0
0
0
0
0
0
0
0
0
0
0
0
0
0
0
0
0
0
0
0
0
0
0
0
0
0
0
0
0
0
0
0
0
0
0
0
0
0
0
0
0
0
0
0
0
0
0
0
0
0
0
0
0
0
0
0
0
0
0
0
0
0
0
0
0
0
0
0
0
0
0
0
0
0
0
0
0
0
0
0
0
0
0
0
0
0
0
0
0
0
0
0
0
0
0
0
0
0
0
0
0
0
0
0
0
0
0
0
0
0
0
0
0
0
0
0
0
0
0
0
0
0
0
0
0
0
0
0
0
0
0
0
0
0
0
0
0
0
0
0
0
0
0
0
0
0
0
0
0
0
0
0
0
0
0
0
0
0
0
0
0
0
0
0
0
0
0
0
0
0
0
0
0
0
0
0
0
0
0
0
0
0
0
0
0
0
0
0
0
0
0
0
0
0
0
0
0
0
0
0
0
0
0
0
0
0
0
0
0
0
0
0
0
0
0
0
0
0
0
0
0
0
0
0
0
0
0
0
0
0
0
0
0
0
0
0
0
0
0
0
0
0
0
0
0
0
0
0
0
0
0
0
0
0
0
0
0
0
0
0
0
0
0
0
0
0
0
0
0
0
0
0
0
0
0
0
0
0
0
0
0
0
0
0
0
0
0
0
0
0
0
0
0
0
0
0
0
0
0
0
0
0
0
0
0
0
0
0
0
0
0
0
0
0
0
0
0
0
0
0
0
0
0
0
0
0
0
0
0
0
0
0
0
0
0
0
0
0
0
0
0
0
0
0
0
0
0
0
0
0
0
0
0
0
0
0
0
0
0
0
0
0
0
0
0
0
0
0
0
0
0
0
0
0
0
0
0
0
0
0
0
0
0
0
0
0
0
0
0
0
0
0
0
0
0
0
0
0
0
0
0
0
0
0
0
0
0
0
0
0
0
0
0
0
0
0
0
0
0
0
0
0
0
0
0
0
0
0
0
0
0
0
0
0
0
0
0
0
0
0
0
0
0
0
0
0
0
0
0
0
0
0
0
0
0
0
0
0
0
0
0
0
0
0
0
0
0
0
0
0
0
0
0
0
0
0
0
0
0
0
0
0
0
0
0
0
0
0
0
0
0
0
0
0
0
0
0
0
0
0
0
0
0
0
0
0
0
0
0
0
0
0
0
0
0
0
0
0
0
0
0
0
0
0
0
0
0
0
0
0
0
0
0
0
0
0
0
0
0
0
0
0
0
0
0
0
0
0
0
0
0
0
0
0
0
0
0
0
0
0
0
0
0
0
0
0
0
0
0
0
0
0
0
0
0
0
0
0
0
0
0
0
0
0
0
0
0
0
0
0
0
0
0
0
0
0
0
0
0
0
0
0
0
0
0
0
0
0
0
0
0
0
0
0
0
0
0
0
0
0
0
0
0
0
0
0
0
0
0
0
0
0
0
0
0
0
0
0
0
0
0
0
0
0
0
0
0
0
0
0
0
0
0
0
0
0
0
0
0
0
0
0
0
0
0
0
0
0
0
0
0
0
0
0
0
0
0
0
0
0
0
0
0
0
0
0
0
0
0
0
0
0
0
0
0
0
0
0
0
0
0
0
0
0
0
0
0
0
0
0
0
0
0
0
0
0
0
0
0
0
0
0
0
0
0
0
0
0
0
0
0
0
0
0
0
0
0
0
0
0
0
0
0
0
0
0
0
0
0
0
0
0
0
0
0
0
0
0
0
0
0
0
0
0
0
0
0
0
0
0
0
0
0
0
0
0
0
0
0
0
0
0
0
0
0
0
0
0
0
0
0
0
0
0
0
0
0
0
0
0
0
0
0
0
0
0
0
0
0
0
0
0
0
0
0
0
0
0
0
0
0
0
0
0
0
0
0
0
0
0
0
0
0
0
0
0
0
0
0
0
0
0
0
0
0
0
0
0
0
0
0
0
0
0
0
0
0
0
0
0
0
0
0
0
0
0
0
0
0
0
0
0
0
0
0
0
0
0
0
0
0
0
0
0
0
0
0
0
0
0
0
0
0
0
0
0
0
0
0
0
0
0
0
0
0
0
0
0
0
0
0
0
0
0
0
0
0
0
0
0
0
0
0
0
0
0
0
0
0
0
0
0
0
0
0
0
0
0
0
0
0
0
0
0
0
0
0
0
0
0
0
0
0
0
0
0
0
0
0
0
0
0
0
0
0
0
0
0
0
0
0
0
0
0
0
0
0
0
0
0
0
0
0
0
0
0
0
0
0
0
0
0
0
0
0
0
0
0
0
0
0
0
0
0
0
0
0
0
0
0
0
0
0
0
0
0
0
0
0
0
0
0
0
0
0
0
0
0
0
0
0
0
0
0
0
0
0
0
0
0
0
0
0
0
0
0
0
0
0
0
0
0
0
0
0
0
0
0
0
0
0
0
0
0
0
0
0
0
0
0
0
0
0
0
0
0
0
0
0
0
0
0
0
0
0
0
0
0
0
0
0
0
0
0
0
0
0
0
0
0
0
0
0
0
0
0
0
0
0
0
0
0
0
0
0
0
0
0
0
0
0
0
0
0
0
0
0
0
0
0
0
0
0
0
0
0
0
0
0
0
0
0
0
0
0
0
0
0
0
0
0
0
0
0
0
0
0
0
0
0
0
0
0
0
0
0
0
0
0
0
0
0
0
0
0
0
0
0
0
0
0
0
0
0
0
0
0
0
0
0
0
0
0
0
0
0
0
0
0
0
0
0
0
0
0
0
0
0
0
0
0
0
0
0
0
0
0
0
0
0
0
0
0
0
0
0
0
0
0
0
0
0
0
0
0
0
0
0
0
0
0
0
0
0
0
0
0
0
0
0
0
0
0
0
0
0
0
0
0
0
0
0
0
0
0
0
0
0
0
0
0
0
0
0
0
0
0
0
0
0
0
0
0
0
0
0
0
0
0
0
0
0
0
0
0
0
0
0
0
0
0
0
0
0
0
0
0
0
0
0
0
0
0
0
0
0
0
0
0
0
0
0
0
0
0
0
0
0
0
0
0
0
0
0
0
0
0
0
0
0
0
0
0
0
0
0
0
0
0
0
0
0
0
0
0
0
0
0
0
0
0
0
0
0
0
0
0
0
0
0
0
0
0
0
0
0
0
0
0
0
0
0
0
0
0
0
0
0
0
0
0
0
0
0
0
0
0
0
0
0
0
0
0
0
0
0
0
0
0
0
0
0
0
0
0
0
0
0
0
0
0
0
0
0
0
0
0
0
0
0
0
0
0
0
0
0
0
0
0
0
0
0
0
0
0
0
0
0
0
0
0
0
0
0
0
0
0
0
0
0
0
0
0
0
0
0
0
0
0
0
0
0
0
0
0
0
0
0
0
0
0
0
0
0
0
0
0
0
0
0
0
0
0
0
0
0
0
0
0
0
0
0
0
0
0
0
0
0
0
0
0
0
0
0
0
0
0
0
0
0
0
0
0
0
0
0
0
0
0
0
0
0
0
0
0
0
0
0
0
0
0
0
0
0
0
0
0
0
0
0
0
0
0
0
0
0
0
0
0
0
0
0
0
0
0
0
0
0
0
0
0
0
0
0
0
0
0
0
0
0
0
0
0
0
0
0
0
0
0
0
0
0
0
0
0
0
0
0
0
0
0
0
0
0
0
0
0
0
0
0
0
0
0
0
0
0
0
0
0
0
0
0
0
0
0
0
0
0
0
0
0
0
0
0
0
0
0
0
0
0
0
0
0
0
0
0
0
0
0
0
0
0
0
0
0
0
0
0
0
0
0
0
0
0
0
0
0
0
0
0
0
0
0
0
0
0
0
0
0
0
0
0
0
0
0
0
0
0
0
0
0
0
0
0
0
0
0
0
0
0
0
0
0
0
0
0
0
0
0
0
0
0
0
0
0
0
0
0
0
0
0
0
0
0
0
0
0
0
0
0
0
0
0
0
0
0
0
0
0
0
0
0
0
0
0
0
0
0
0
0
0
0
0
0
0
0
0
0
0
0
0
0
0
0
0
0
0
0
0
0
0
0
0
0
0
0
0
0
0
0
0
0
0
0
0
0
0
0
0
0
0
0
0
0
0
0
0
0
0
0
0
0
0
0
0
0
0
0
0
0
0
0
0
0
0
0
0
0
0
0
0
0
0
0
0
0
0
0
0
0
0
0
0
0
0
0
0
0
0
0
0
0
0
0
0
0
0
0
0
0
0
0
0
0
0
0
0
0
0
0
0
0
0
0
0
0
0
0
0
0
0
0
0
0
0
0
0
0
0
0
0
0
0
0
0
0
0
0
0
0
0
0
0
0
0
0
0
0
0
0
0
0
0
0
0
0
0
0
0
0
0
0
0
0
0
0
0
0
0
0
0
0
0
0
0
0
0
0
0
0
0
0
0
0
0
0
0
0
0
0
0
0
0
0
0
0
0
0
0
0
0
0
0
0
0
0
0
0
0
0
0
0
0
0
0
0
0
0
0
0
0
0
0
0
0
0
0
0
0
0
0
0
0
0
0
0
0
0
0
0
0
0
0
0
0
0
0
0
0
0
0
0
0
0
0
0
0
0
0
0
0
0
0
0
0
0
0
0
0
0
0
0
0
0
0
0
0
0
0
0
0
0
0
0
0
0
0
0
0
0
0
0
0
0
0
0
0
0
0
0
0
0
0
0
0
0
0
0
0
0
0
0
0
0
0
0
0
0
0
0
0
0
0
0
0
0
0
0
0
0
0
0
0
0
0
0
0
0
0
0
0
0
0
0
0
0
0
0
0
0
0
0
0
0
0
0
0
0
0
0
0
0
0
0
0
0
0
0
0
0
0
0
0
0
0
0
0
0
0
0
0
0
0
0
0
0
0
0
0
0
0
0
0
0
0
0
0
0
0
0
0
0
0
0
0
0
0
0
0
0
0
0
0
0
0
0
0
0
0
0
0
0
0
0
0
0
0
0
0
0
0
0
0
0
0
0
0
0
0
0
0
0
0
0
0
0
0
0
0
0
0
0
0
0
0
0
0
0
0
0
0
0
0
0
0
0
0
0
0
0
0
0
0
0
0
0
0
0
0
0
0
0
0
0
0
0
0
0
0
0
0
0
0
0
0
0
0
0
0
0
0
0
0
0
0
0
0
0
0
0
0
0
0
0
0
0
0
0
0
0
0
0
0
0
0
0
0
0
0
0
0
0
0
0
0
0
0
0
0
0
0
0
0
0
0
0
0
0
0
0
0
0
0
0
0
0
0
0
0
0
0
0
0
0
0
0
0
0
0
0
0
0
0
0
0
0
0
0
0
0
0
0
0
0
0
0
0
0
0
0
0
0
0
0
0
0
0
0
0
0
0
0
0
0
0
0
0
0
0
0
0
0
0
0
0
0
0
0
0
0
0
0
0
0
0
0
0
0
0
0
0
0
0
0
0
0
0
0
0
0
0
0
0
0
0
0
0
0
0
0
0
0
0
0
0
0
0
0
0
0
0
0
0
0
0
0
0
0
0
0
0
0
0
0
0
0
0
0
0
0
0
0
0
0
0
0
0
0
0
0
0
0
0
0
0
0
0
0
0
0
0
0
0
0
0
0
0
0
0
0
0
0
0
0
0
0
0
0
0
0
0
0
0
0
0
0
0
0
0
0
0
0
0
0
0
0
0
0
0
0
0
0
0
0
0
0
0
0
0
0
0
0
0
0
0
0
0
0
0
0
0
0
0
0
0
0
0
0
0
0
0
0
0
0
0
0
0
0
0
0
0
0
0
0
0
0
0
0
0
0
0
0
0
0
0
0
0
0
0
0
0
0
0
0
0
0
0
0
0
0
0
0
0
0
0
0
0
0
0
0
0
0
0
0
0
0
0
0
0
0
0
0
0
0
0
0
0
0
0
0
0
0
0
0
0
0
0
0
0
0
0
0
0
0
0
0
0
0
0
0
0
0
0
0
0
0
0
0
0
0
0
0
0
0
0
0
0
0
0
0
0
0
0
0
0
0
0
0
0
0
0
0
0
0
0
0
0
0
0
0
0
0
0
0
0
0
0
0
0
0
0
0
0
0
0
0
0
0
0
0
0
0
0
0
0
0
0
0
0
0
0
0
0
0
0
0
0
0
0
0
0
0
0
0
0
0
0
0
0
0
0
0
0
0
0
0
0
0
0
0
0
0
0
0
0
0
0
0
0
0
0
0
0
0
0
0
0
0
0
0
0
0
0
0
0
0
0
0
0
0
0
0
0
0
0
0
0
0
0
0
0
0
0
0
0
0
0
0
0
0
0
0
0
0
0
0
0
0
0
0
0
0
0
0
0
0
0
0
0
0
0
0
0
0
0
0
0
0
0
0
0
0
0
0
0
0
0
0
0
0
0
0
0
0
0
0
0
0
0
0
0
0
0
0
0
0
0
0
0
0
0
0
0
0
0
0
0
0
0
0
0
0
0
0
0
0
0
0
0
0
0
0
0
0
0
0
0
0
0
0
0
0
0
0
0
0
0
0
0
0
0
0
0
0
0
0
0
0
0
0
0
0
0
0
0
0
0
0
0
0
0
0
0
0
0
0
0
0
0
0
0
0
0
0
0
0
0
0
0
0
0
0
0
0
0
0
0
0
0
0
0
0
0
0
0
0
0
0
0
0
0
0
0
0
0
0
0
0
0
0
0
0
0
0
0
0
0
0
0
0
0
0
0
0
0
0
0
0
0
0
0
0
0
0
0
0
0
0
0
0
0
0
0
0
0
0
0
0
0
0
0
0
0
0
0
0
0
0
0
0
0
0
0
0
0
0
0
0
0
0
0
0
0
0
0
0
0
0
0
0
0
0
0
0
0
0
0
0
0
0
0
0
0
0
0
0
0
0
0
0
0
0
0
0
0
0
0
0
0
0
0
0
0
0
0
0
0
0
0
0
0
0
0
0
0
0
0
0
0
0
0
0
0
0
0
0
0
0
0
0
0
0
0
0
0
0
0
0
0
0
0
0
0
0
0
0
0
0
0
0
0
0
0
0
0
0
0
0
0
0
0
0
0
0
0
0
0
0
0
0
0
0
0
0
0
0
0
0
0
0
0
0
0
0
0
0
0
0
0
0
0
0
0
0
0
0
0
0
0
0
0
0
0
0
0
0
0
0
0
0
0
0
0
0
0
0
0
0
0
0
0
0
0
0
0
0
0
0
0
0
0
0
0
0
0
0
0
0
0
0
0
0
0
0
0
0
0
0
0
0
0
0
0
0
0
0
0
0
0
0
0
0
0
0
0
0
0
0
0
0
0
0
0
0
0
0
0
0
0
0
0
0
0
0
0
0
0
0
0
0
0
0
0
0
0
0
0
0
0
0
0
0
0
0
0
0
0
0
0
0
0
0
0
0
0
0
0
0
0
0
0
0
0
0
0
0
0
0
0
0
0
0
0
0
0
0
0
0
0
0
0
0
0
0
0
0
0
0
0
0
0
0
0
0
0
0
0
0
0
0
0
0
0
0
0
0
0
0
0
0
0
0
0
0
0
0
0
0
0
0
0
0
0
0
0
0
0
0
0
0
0
0
0
0
0
0
0
0
0
0
0
0
0
0
0
0
0
0
0
0
0
0
0
0
0
0
0
0
0
0
0
0
0
0
0
0
0
0
0
0
0
0
0
0
0
0
0
0
0
0
0
0
0
0
0
0
0
0
0
0
0
0
0
0
0
0
0
0
0
0
0
0
0
0
0
0
0
0
0
0
0
0
0
0
0
0
0
0
0
0
0
0
0
0
0
0
0
0
0
0
0
0
0
0
0
0
0
0
0
0
0
0
0
0
0
0
0
0
0
0
0
0
0
0
0
0
0
0
0
0
0
0
0
0
0
0
0
0
0
0
0
0
0
0
0
0
0
0
0
0
0
0
0
0
0
0
0
0
0
0
0
0
0
0
0
0
0
0
0
0
0
0
0
0
0
0
0
0
0
0
0
0
0
0
0
0
0
0
0
0
0
0
0
0
0
0
0
0
0
0
0
0
0
0
0
0
0
0
0
0
0
0
0
0
0
0
0
0
0
0
0
0
0
0
0
0
0
0
0
0
0
0
0
0
0
0
0
0
0
0
0
0
0
0
0
0
0
0
0
0
0
0
0
0
0
0
0
0
0
0
0
0
0
0
0
0
0
0
0
0
0
0
0
0
0
0
0
0
0
0
0
0
0
0
0
0
0
0
0
0
0
0
0
0
0
0
0
0
0
0
0
0
0
0
0
0
0
0
0
0
0
0
0
0
0
0
0
0
0
0
0
0
0
0
0
0
0
0
0
0
0
0
0
0
0
0
0
0
0
0
0
0
0
0
0
0
0
0
0
0
0
0
0
0
0
0
0
0
0
0
0
0
0
0
0
0
0
0
0
0
0
0
0
0
0
0
0
0
0
0
0
0
0
0
0
0
0
0
0
0
0
0
0
0
0
0
0
0
0
0
0
0
0
0
0
0
0
0
0
0
0
0
0
0
0
0
0
0
0
0
0
0
0
0
0
0
0
0
0
0
0
0
0
0
0
0
0
0
0
0
0
0
0
0
0
0
0
0
0
0
0
0
0
0
0
0
0
0
0
0
0
0
0
0
0
0
0
0
0
0
0
0
0
0
0
0
0
0
0
0
0
0
0
0
0
0
0
0
0
0
0
0
0
0
0
0
0
0
0
0
0
0
0
0
0
0
0
0
0
0
0
0
0
0
0
0
0
0
0
0
0
0
0
0
0
0
0
0
0
0
0
0
0
0
0
0
0
0
0
0
0
0
0
0
0
0
0
0
0
0
0
0
0
0
0
0
0
0
0
0
0
0
0
0
0
0
0
0
0
0
0
0
0
0
0
0
0
0
0
0
0
0
0
0
0
0
0
0
0
0
0
0
0
0
0
0
0
0
0
0
0
0
0
0
0
0
0
0
0
0
0
0
0
0
0
0
0
0
0
0
0
0
0
0
0
0
0
0
0
0
0
0
0
0
0
0
0
0
0
0
0
0
0
0
0
0
0
0
0
0
0
0
0
0
0
0
0
0
0
0
0
0
0
0
0
0
0
0
0
0
0
0
0
0
0
0
0
0
0
0
0
0
0
0
0
0
0
0
0
0
0
0
0
0
0
0
0
0
0
0
0
0
0
0
0
0
0
0
0
0
0
0
0
0
0
0
0
0
0
0
0
0
0
0
0
0
0
0
0
0
0
0
0
0
0
0
0
0
0
0
0
0
0
0
0
0
0
0
0
0
0
0
0
0
0
0
0
0
0
0
0
0
0
0
0
0
0
0
0
0
0
0
0
0
0
0
0
0
0
0
0
0
0
0
0
0
0
0
0
0
0
0
0
0
0
0
0
0
0
0
0
0
0
0
0
0
0
0
0
0
0
0
0
0
0
0
0
0
0
0
0
0
0
0
0
0
0
0
0
0
0
0
0
0
0
0
0
0
0
0
0
0
0
0
0
0
0
0
0
0
0
0
0
0
0
0
0
0
0
0
0
0
0
0
0
0
0
0
0
0
0
0
0
0
0
0
0
0
0
0
0
0
0
0
0
0
0
0
0
0
0
0
0
0
0
0
0
0
0
0
0
0
0
0
0
0
0
0
0
0
0
0
0
0
0
0
0
0
0
0
0
0
0
0
0
0
0
0
0
0
0
0
0
0
0
0
0
0
0
0
0
0
0
0
0
0
0
0
0
0
0
0
0
0
0
0
0
0
0
0
0
0
0
0
0
0
0
0
0
0
0
0
0
0
0
0
0
0
0
0
0
0
0
0
0
0
0
0
0
0
0
0
0
0
0
0
0
0
0
0
0
0
0
0
0
0
0
0
0
0
0
0
0
0
0
0
0
0
0
0
0
0
0
0
0
0
0
0
0
0
0
0
0
0
0
0
0
0
0
0
0
0
0
0
0
0
0
0
0
0
0
0
0
0
0
0
0
0
0
0
0
0
0
0
0
0
0
0
0
0
0
0
0
0
0
0
0
0
0
0
0
0
0
0
0
0
0
0
0
0
0
0
0
0
0
0
0
0
0
0
0
0
0
0
0
0
0
0
0
0
0
0
0
0
0
0
0
0
0
0
0
0
0
0
0
0
0
0
0
0
0
0
0
0
0
0
0
0
0
0
0
0
0
0
0
0
0
0
0
0
0
0
0
0
0
0
0
0
0
0
0
0
0
0
0
0
0
0
0
0
0
0
0
0
0
0
0
0
0
0
0
0
0
0
0
0
0
0
0
0
0
0
0
0
0
0
0
0
0
0
0
0
0
0
0
0
0
0
0
0
0
0
0
0
0
0
0
0
0
0
0
0
0
0
0
0
0
0
0
0
0
0
0
0
0
0
0
0
0
0
0
0
0
0
0
0
0
0
0
0
0
0
0
0
0
0
0
0
0
0
0
0
0
0
0
0
0
0
0
0
0
0
0
0
0
0
0
0
0
0
0
0
0
0
0
0
0
0
0
0
0
0
0
0
0
0
0
0
0
0
0
0
0
0
0
0
0
0
0
0
0
0
0
0
0
0
0
0
0
0
0
0
0
0
0
0
0
0
0
0
0
0
0
0
0
0
0
0
0
0
0
0
0
0
0
0
0
0
0
0
0
0
0
0
0
0
0
0
0
0
0
0
0
0
0
0
0
0
0
0
0
0
0
0
0
0
0
0
0
0
0
0
0
0
0
0
0
0
0
0
0
0
0
0
0
0
0
0
0
0
0
0
0
0
0
0
0
0
0
0
0
0
0
0
0
0
0
0
0
0
0
0
0
0
0
0
0
0
0
0
0
0
0
0
0
0
0
0
0
0
0
0
0
0
0
0
0
0
0
0
0
0
0
0
0
0
0
0
0
0
0
0
0
0
0
0
0
0
0
0
0
0
0
0
0
0
0
0
0
0
0
0
0
0
0
0
0
0
0
0
0
0
0
0
0
0
0
0
0
0
0
0
0
0
0
0
0
0
0
0
0
0
0
0
0
0
0
0
0
0
0
0
0
0
0
0
0
0
0
0
0
0
0
0
0
0
0
0
0
0
0
0
0
0
0
0
0
0
0
0
0
0
0
0
0
0
0
0
0
0
0
0
0
0
0
0
0
0
0
0
0
0
0
0
0
0
0
0
0
0
0
0
0
0
0
0
0
0
0
0
0
0
0
0
0
0
0
0
0
0
0
0
0
0
0
0
0
0
0
0
0
0
0
0
0
0
0
0
0
0
0
0
0
0
0
0
0
0
0
0
0
0
0
0
0
0
0
0
0
0
0
0
0
0
0
0
0
0
0
0
0
0
0
0
0
0
0
0
0
0
0
0
0
0
0
0
0
0
0
0
0
0
0
0
0
0
0
0
0
0
0
0
0
0
0
0
0
0
0
0
0
0
0
0
0
0
0
0
0
0
0
0
0
0
0
0
0
0
0
0
0
0
0
0
0
0
0
0
0
0
0
0
0
0
0
0
0
0
0
0
0
0
0
0
0
0
0
0
0
0
0
0
0
0
0
0
0
0
0
0
0
0
0
0
0
0
0
0
0
0
0
0
0
0
0
0
0
0
0
0
0
0
0
0
0
0
0
0
0
0
0
0
0
0
0
0
0
0
0
0
0
0
0
0
0
0
0
0
0
0
0
0
0
0
0
0
0
0
0
0
0
0
0
0
0
0
0
0
0
0
0
0
0
0
0
0
0
0
0
0
0
0
0
0
0
0
0
0
0
0
0
0
0
0
0
0
0
0
0
0
0
0
0
0
0
0
0
0
0
0
0
0
0
0
0
0
0
0
0
0
0
0
0
0
0
0
0
0
0
0
0
0
0
0
0
0
0
0
0
0
0
0
0
0
0
0
0
0
0
0
0
0
0
0
0
0
0
0
0
0
0
0
0
0
0
0
0
0
0
0
0
0
0
0
0
0
0
0
0
0
0
0
0
0
0
0
0
0
0
0
0
0
0
0
0
0
0
0
0
0
0
0
0
0
0
0
0
0
0
0
0
0
0
0
0
0
0
0
0
0
0
0
0
0
0
0
0
0
0
0
0
0
0
0
0
0
0
0
0
0
0
0
0
0
0
0
0
0
0
0
0
0
0
0
0
0
0
0
0
0
0
0
0
0
0
0
0
0
0
0
0
0
0
0
0
0
0
0
0
0
0
0
0
0
0
0
0
0
0
0
0
0
0
0
0
0
0
0
0
0
0
0
0
0
0
0
0
0
0
0
0
0
0
0
0
0
0
0
0
0
0
0
0
0
0
0
0
0
0
0
0
0
0
0
0
0
0
0
0
0
0
0
0
0
0
0
0
0
0
0
0
0
0
0
0
0
0
0
0
0
0
0
0
0
0
0
0
0
0
0
0
0
0
0
0
0
0
0
0
0
0
0
0
0
0
0
0
0
0
0
0
0
0
0
0
0
0
0
0
0
0
0
0
0
0
0
0
0
0
0
0
0
0
0
0
0
0
0
0
0
0
0
0
0
0
0
0
0
0
0
0
0
0
0
0
0
0
0
0
0
0
0
0
0
0
0
0
0
0
0
0
0
0
0
0
0
0
0
0
0
0
0
0
0
0
0
0
0
0
0
0
0
0
0
0
0
0
0
0
0
0
0
0
0
0
0
0
0
0
0
0
0
0
0
0
0
0
0
0
0
0
0
0
0
0
0
0
0
0
0
0
0
0
0
0
0
0
0
0
0
0
0
0
0
0
0
0
0
0
0
0
0
0
0
0
0
0
0
0
0
0
0
0
0
0
0
0
0
0
0
0
0
0
0
0
0
0
0
0
0
0
0
0
0
0
0
0
0
0
0
0
0
0
0
0
0
0
0
0
0
0
0
0
0
0
0
0
0
0
0
0
0
0
0
0
0
0
0
0
0
0
0
0
0
0
0
0
0
0
0
0
0
0
0
0
0
0
0
0
0
0
0
0
0
0
0
0
0
0
0
0
0
0
0
0
0
0
0
0
0
0
0
0
0
0
0
0
0
0
0
0
0
0
0
0
0
0
0
0
0
0
0
0
0
0
0
0
0
0
0
0
0
0
0
0
0
0
0
0
0
0
0
0
0
0
0
0
0
0
0
0
0
0
0
0
0
0
0
0
0
0
0
0
0
0
0
0
0
0
0
0
0
0
0
0
0
0
0
0
0
0
0
0
0
0
0
0
0
0
0
0
0
0
0
0
0
0
0
0
0
0
0
0
0
0
0
0
0
0
0
0
0
0
0
0
0
0
0
0
0
0
0
0
0
0
0
0
0
0
0
0
0
0
0
0
0
0
0
0
0
0
0
0
0
0
0
0
0
0
0
0
0
0
0
0
0
0
0
0
0
0
0
0
0
0
0
0
0
0
0
0
0
0
0
0
0
0
0
0
0
0
0
0
0
0
0
0
0
0
0
0
0
0
0
0
0
0
0
0
0
0
0
0
0
0
0
0
0
0
0
0
0
0
0
0
0
0
0
0
0
0
0
0
0
0
0
0
0
0
0
0
0
0
0
0
0
0
0
0
0
0
0
0
0
0
0
0
0
0
0
0
0
0
0
0
0
0
0
0
0
0
0
0
0
0
0
0
0
0
0
0
0
0
0
0
0
0
0
0
0
0
0
0
0
0
0
0
0
0
0
0
0
0
0
0
0
0
0
0
0
0
0
0
0
0
0
0
0
0
0
0
0
0
0
0
0
0
0
0
0
0
0
0
0
0
0
0
0
0
0
0
0
0
0
0
0
0
0
0
0
0
0
0
0
0
0
0
0
0
0
0
0
0
0
0
0
0
0
0
0
0
0
0
0
0
0
0
0
0
0
0
0
0
0
0
0
0
0
0
0
0
0
0
0
0
0
0
0
0
0
0
0
0
0
0
0
0
0
0
0
0
0
0
0
0
0
0
0
0
0
0
0
0
0
0
0
0
0
0
0
0
0
0
0
0
0
0
0
0
0
0
0
0
0
0
0
0
0
0
0
0
0
0
0
0
0
0
0
0
0
0
0
0
0
0
0
0
0
0
0
0
0
0
0
0
0
0
0
0
0
0
0
0
0
0
0
0
0
0
0
0
0
0
0
0
0
0
0
0
0
0
0
0
0
0
0
0
0
0
0
0
0
0
0
0
0
0
0
0
0
0
0
0
0
0
0
0
0
0
0
0
0
0
0
0
0
0
0
0
0
0
0
0
0
0
0
0
0
0
0
0
0
0
0
0
0
0
0
0
0
0
0
0
0
0
0
0
0
0
0
0
0
0
0
0
0
0
0
0
0
0
0
0
0
0
0
0
0
0
0
0
0
0
0
0
0
0
0
0
0
0
0
0
0
0
0
0
0
0
0
0
0
0
0
0
0
0
0
0
0
0
0
0
0
0
0
0
0
0
0
0
0
0
0
0
0
0
0
0
0
0
0
0
0
0
0
0
0
0
0
0
0
0
0
0
0
0
0
0
0
0
0
0
0
0
0
0
0
0
0
0
0
0
0
0
0
0
0
0
0
0
0
0
0
0
0
0
0
0
0
0
0
0
0
0
0
0
0
0
0
0
0
0
0
0
0
0
0
0
0
0
0
0
0
0
0
0
0
0
0
0
0
0
0
0
0
0
0
0
0
0
0
0
0
0
0
0
0
0
0
0
0
0
0
0
0
0
0
0
0
0
0
0
0
0
0
0
0
0
0
0
0
0
0
0
0
0
0
0
0
0
0
0
0
0
0
0
0
0
0
0
0
0
0
0
0
0
0
0
0
0
0
0
0
0
0
0
0
0
0
0
0
0
0
0
0
0
0
0
0
0
0
0
0
0
0
0
0
0
0
0
0
0
0
0
0
0
0
0
0
0
0
0
0
0
0
0
0
0
0
0
0
0
0
0
0
0
0
0
0
0
0
0
0
0
0
0
0
0
0
0
0
0
0
0
0
0
0
0
0
0
0
0
0
0
0
0
0
0
0
0
0
0
0
0
0
0
0
0
0
0
0
0
0
0
0
0
0
0
0
0
0
0
0
0
0
0
0
0
0
0
0
0
0
0
0
0
0
0
0
0
0
0
0
0
0
0
0
0
0
0
0
0
0
0
0
0
0
0
0
0
0
0
0
0
0
0
0
0
0
0
0
0
0
0
0
0
0
0
0
0
0
0
0
0
0
0
0
0
0
0
0
0
0
0
0
0
0
0
0
0
0
0
0
0
0
0
0
0
0
0
0
0
0
0
0
0
0
0
0
0
0
0
0
0
0
0
0
0
0
0
0
0
0
0
0
0
0
0
0
0
0
0
0
0
0
0
0
0
0
0
0
0
0
0
0
0
0
0
0
0
0
0
0
0
0
0
0
0
0
0
0
0
0
0
0
0
0
0
0
0
0
0
0
0
0
0
0
0
0
0
0
0
0
0
0
0
0
0
0
0
0
0
0
0
0
0
0
0
0
0
0
0
0
0
0
0
0
0
0
0
0
0
0
0
0
0
0
0
0
0
0
0
0
0
0
0
0
0
0
0
0
0
0
0
0
0
0
0
0
0
0
0
0
0
0
0
0
0
0
0
0
0
0
0
0
0
0
0
0
0
0
0
0
0
0
0
0
0
0
0
0
0
0
0
0
0
0
0
0
0
0
0
0
0
0
0
0
0
0
0
0
0
0
0
0
0
0
0
0
0
0
0
0
0
0
0
0
0
0
0
0
0
0
0
0
0
0
0
0
0
0
0
0
0
0
0
0
0
0
0
0
0
0
0
0
0
0
0
0
0
0
0
0
0
0
0
0
0
0
0
0
0
0
0
0
0
0
0
0
0
0
0
0
0
0
0
0
0
0
0
0
0
0
0
0
0
0
0
0
0
0
0
0
0
0
0
0
0
0
0
0
0
0
0
0
0
0
0
0
0
0
0
0
0
0
0
0
0
0
0
0
0
0
0
0
0
0
0
0
0
0
0
0
0
0
0
0
0
0
0
0
0
0
0
0
0
0
0
0
0
0
0
0
0
0
0
0
0
0
0
0
0
0
0
0
0
0
0
0
0
0
0
0
0
0
0
0
0
0
0
0
0
0
0
0
0
0
0
0
0
0
0
0
0
0
0
0
0
0
0
0
0
0
0
0
0
0
0
0
0
0
0
0
0
0
0
0
0
0
0
0
0
0
0
0
0
0
0
0
0
0
0
0
0
0
0
0
0
0
0
0
0
0
0
0
0
0
0
0
0
0
0
0
0
0
0
0
0
0
0
0
0
0
0
0
0
0
0
0
0
0
0
0
0
0
0
0
0
0
0
0
0
0
0
0
0
0
0
0
0
0
0
0
0
0
0
0
0
0
0
0
0
0
0
0
0
0
0
0
0
0
0
0
0
0
0
0
0
0
0
0
0
0
0
0
0
0
0
0
0
0
0
0
0
0
0
0
0
0
0
0
0
0
0
0
0
0
0
0
0
0
0
0
0
0
0
0
0
0
0
0
0
0
0
0
0
0
0
0
0
0
0
0
0
0
0
0
0
0
0
0
0
0
0
0
0
0
0
0
0
0
0
0
0
0
0
0
0
0
0
0
0
0
0
0
0
0
0
0
0
0
0
0
0
0
0
0
0
0
0
0
0
0
0
0
0
0
0
0
0
0
0
0
0
0
0
0
0
0
0
0
0
0
0
0
0
0
0
0
0
0
0
0
0
0
0
0
0
0
0
0
0
0
0
0
0
0
0
0
0
0
0
0
0
0
0
0
0
0
0
0
0
0
0
0
0
0
0
0
0
0
0
0
0
0
0
0
0
0
0
0
0
0
0
0
0
0
0
0
0
0
0
0
0
0
0
0
0
0
0
0
0
0
0
0
0
0
0
0
0
0
0
0
0
0
0
0
0
0
0
0
0
0
0
0
0
0
0
0
0
0
0
0
0
0
0
0
0
0
0
0
0
0
0
0
0
0
0
0
0
0
0
0
0
0
0
0
0
0
0
0
0
0
0
0
0
0
0
0
0
0
0
0
0
0
0
0
0
0
0
0
0
0
0
0
0
0
0
0
0
0
0
0
0
0
0
0
0
0
0
0
0
0
0
0
0
0
0
0
0
0
0
0
0
0
0
0
0
0
0
0
0
0
0
0
0
0
0
0
0
0
0
0
0
0
0
0
0
0
0
0
0
0
0
0
0
0
0
0
0
0
0
0
0
0
0
0
0
0
0
0
0
0
0
0
0
0
0
0
0
0
0
0
0
0
0
0
0
0
0
0
0
0
0
0
0
0
0
0
0
0
0
0
0
0
0
0
0
0
0
0
0
0
0
0
0
0
0
0
0
0
0
0
0
0
0
0
0
0
0
0
0
0
0
0
0
0
0
0
0
0
0
0
0
0
0
0
0
0
0
0
0
0
0
0
0
0
0
0
0
0
0
0
0
0
0
0
0
0
0
0
0
0
0
0
0
0
0
0
0
0
0
0
0
0
0
0
0
0
0
0
0
0
0
0
0
0
0
0
0
0
0
0
0
0
0
0
0
0
0
0
0
0
0
0
0
0
0
0
0
0
0
0
0
0
0
0
0
0
0
0
0
0
0
0
0
0
0
0
0
0
0
0
0
0
0
0
0
0
0
0
0
0
0
0
0
0
0
0
0
0
0
0
0
0
0
0
0
0
0
0
0
0
0
0
0
0
0
0
0
0
0
0
0
0
0
0
0
0
0
0
0
0
0
0
0
0
0
0
0
0
0
0
0
0
0
0
0
0
0
0
0
0
0
0
0
0
0
0
0
0
0
0
0
0
0
0
0
0
0
0
0
0
0
0
0
0
0
0
0
0
0
0
0
0
0
0
0
0
0
0
0
0
0
0
0
0
0
0
0
0
0
0
0
0
0
0
0
0
0
0
0
0
0
0
0
0
0
0
0
0
0
0
0
0
0
0
0
0
0
0
0
0
0
0
0
0
0
0
0
0
0
0
0
0
0
0
0
0
0
0
0
0
0
0
0
0
0
0
0
0
0
0
0
0
0
0
0
0
0
0
0
0
0
0
0
0
0
0
0
0
0
0
0
0
0
0
0
0
0
0
0
0
0
0
0
0
0
0
0
0
0
0
0
0
0
0
0
0
0
0
0
0
0
0
0
0
0
0
0
0
0
0
0
0
0
0
0
0
0
0
0
0
0
0
0
0
0
0
0
0
0
0
0
0
0
0
0
0
0
0
0
0
0
0
0
0
0
0
0
0
0
0
0
0
0
0
0
0
0
0
0
0
0
0
0
0
0
0
0
0
0
0
0
0
0
0
0
0
0
0
0
0
0
0
0
0
0
0
0
0
0
0
0
0
0
0
0
0
0
0
0
0
0
0
0
0
0
0
0
0
0
0
0
0
0
0
0
0
0
0
0
0
0
0
0
0
0
0
0
0
0
0
0
0
0
0
0
0
0
0
0
0
0
0
0
0
0
0
0
0
0
0
0
0
0
0
0
0
0
0
0
0
0
0
0
0
0
0
0
0
0
0
0
0
0
0
0
0
0
0
0
0
0
0
0
0
0
0
0
0
0
0
0
0
0
0
0
0
0
0
0
0
0
0
0
0
0
0
0
0
0
0
0
0
0
0
0
0
0
0
0
0
0
0
0
0
0
0
0
0
0
0
0
0
0
0
0
0
0
0
0
0
0
0
0
0
0
0
0
0
0
0
0
0
0
0
0
0
0
0
0
0
0
0
0
0
0
0
0
0
0
0
0
0
0
0
0
0
0
0
0
0
0
0
0
0
0
0
0
0
0
0
0
0
0
0
0
0
0
0
0
0
0
0
0
0
0
0
0
0
0
0
0
0
0
0
0
0
0
0
0
0
0
0
0
0
0
0
0
0
0
0
0
0
0
0
0
0
0
0
0
0
0
0
0
0
0
0
0
0
0
0
0
0
0
0
0
0
0
0
0
0
0
0
0
0
0
0
0
0
0
0
0
0
0
0
0
0
0
0
0
0
0
0
0
0
0
0
0
0
0
0
0
0
0
0
0
0
0
0
0
0
0
0
0
0
0
0
0
0
0
0
0
0
0
0
0
0
0
0
0
0
0
0
0
0
0
0
0
0
0
0
0
0
0
0
0
0
0
0
0
0
0
0
0
0
0
0
0
0
0
0
0
0
0
0
0
0
0
0
0
0
0
0
0
0
0
0
0
0
0
0
0
0
0
0
0
0
0
0
0
0
0
0
0
0
0
0
0
0
0
0
0
0
0
0
0
0
0
0
0
0
0
0
0
0
0
0
0
0
0
0
0
0
0
0
0
0
0
0
0
0
0
0
0
0
0
0
0
0
0
0
0
0
0
0
0
0
0
0
0
0
0
0
0
0
0
0
0
0
0
0
0
0
0
0
0
0
0
0
0
0
0
0
0
0
0
0
0
0
0
0
0
0
0
0
0
0
0
0
0
0
0
0
0
0
0
0
0
0
0
0
0
0
0
0
0
0
0
0
0
0
0
0
0
0
0
0
0
0
0
0
0
0
0
0
0
0
0
0
0
0
0
0
0
0
0
0
0
0
0
0
0
0
0
0
0
0
0
0
0
0
0
0
0
0
0
0
0
0
0
0
0
0
0
0
0
0
0
0
0
0
0
0
0
0
0
0
0
0
0
0
0
0
0
0
0
0
0
0
0
0
0
0
0
0
0
0
0
0
0
0
0
0
0
0
0
0
0
0
0
0
0
0
0
0
0
0
0
0
0
0
0
0
0
0
0
0
0
0
0
0
0
0
0
0
0
0
0
0
0
0
0
0
0
0
0
0
0
0
0
0
0
0
0
0
0
0
0
0
0
0
0
0
0
0
0
0
0
0
0
0
0
0
0
0
0
0
0
0
0
0
0
0
0
0
0
0
0
0
0
0
0
0
0
0
0
0
0
0
0
0
0
0
0
0
0
0
0
0
0
0
0
0
0
0
0
0
0
0
0
0
0
0
0
0
0
0
0
0
0
0
0
0
0
0
0
0
0
0
0
0
0
0
0
0
0
0
0
0
0
0
0
0
0
0
0
0
0
0
0
0
0
0
0
0
0
0
0
0
0
0
0
0
0
0
0
0
0
0
0
0
0
0
0
0
0
0
0
0
0
0
0
0
0
0
0
0
0
0
0
0
0
0
0
0
0
0
0
0
0
0
0
0
0
0
0
0
0
0
0
0
0
0
0
0
0
0
0
0
0
0
0
0
0
0
0
0
0
0
0
0
0
0
0
0
0
0
0
0
0
0
0
0
0
0
0
0
0
0
0
0
0
0
0
0
0
0
0
0
0
0
0
0
0
0
0
0
0
0
0
0
0
0
0
0
0
0
0
0
0
0
0
0
0
0
0
0
0
0
0
0
0
0
0
0
0
0
0
0
0
0
0
0
0
0
0
0
0
0
0
0
0
0
0
0
0
0
0
0
0
0
0
0
0
0
0
0
0
0
0
0
0
0
0
0
0
0
0
0
0
0
0
0
0
0
0
0
0
0
0
0
0
0
0
0
0
0
0
0
0
0
0
0
0
0
0
0
0
0
0
0
0
0
0
0
0
0
0
0
0
0
0
0
0
0
0
0
0
0
0
0
0
0
0
0
0
0
0
0
0
0
0
0
0
0
0
0
0
0
0
0
0
0
0
0
0
0
0
0
0
0
0
0
0
0
0
0
0
0
0
0
0
0
0
0
0
0
0
0
0
0
0
0
0
0
0
0
0
0
0
0
0
0
0
0
0
0
0
0
0
0
0
0
0
0
0
0
0
0
0
0
0
0
0
0
0
0
0
0
0
0
0
0
0
0
0
0
0
0
0
0
0
0
0
0
0
0
0
0
0
0
0
0
0
0
0
0
0
0
0
0
0
0
0
0
0
0
0
0
0
0
0
0
0
0
0
0
0
0
0
0
0
0
0
0
0
0
0
0
0
0
0
0
0
0
0
0
0
0
0
0
0
0
0
0
0
0
0
0
0
0
0
0
0
0
0
0
0
0
0
0
0
0
0
0
0
0
0
0
0
0
0
0
0
0
0
0
0
0
0
0
0
0
0
0
0
0
0
0
0
0
0
0
0
0
0
0
0
0
0
0
0
0
0
0
0
0
0
0
0
0
0
0
0
0
0
0
0
0
0
0
0
0
0
0
0
0
0
0
0
0
