-243
-26
-1991
-1906
-1812
-1746
-1728
-273
499
-2647
-1654
-1032
-1675
-1046
-13
-173
33
645
-1625
-1323
1553
-1729
-14142
-187
607
-1451
-1490
261
-2055
-17036
274
903
-168
153
-3186
-2538
-2201
-3111
-2697
-411
441
-4684
-2689
-3817
-3653
-2172
-25
359
-6
561
1136
-3108
-1291
-2703
-15646
-139
1078
453
-3982
-2522
-3957
-13810
154
977
-244
247
-4572
-6570
-4993
-5131
-4797
-310
2333
-4343
-6508
-5790
-4420
-4361
-113
1236
-41
812
6256
-4825
-5497
-4889
-15080
111
659
5154
-5260
-5022
-5335
-19595
388
-546
-245
-488
-5600
-5890
-7165
-4889
-4725
-255
117
-5533
-6149
-5397
-4559
-3681
6
-293
62
-1012
5466
-5312
-1989
-4771
-12457
-100
-2144
4241
-5109
-2672
-5447
-16186
271
-2038
-189
-169
-3601
-4138
-5287
-3913
-3809
-203
-163
-3779
-4237
-2488
-3916
-669
-12
-34
94
-681
-970
-3734
2130
-3746
-10023
-193
-920
-1747
-4559
-1308
-4090
-13382
-14
58
-20
653
-1791
-2696
-2527
-1099
-1750
-188
609
-1431
-3221
-1059
-1626
-149
-5
993
33
438
-170
-1364
288
-1626
-18792
-227
1286
-317
-2311
-1895
-2525
-22492
-143
1519
158
878
691
-2387
-2055
-1671
-1712
-111
1771
996
-3418
-2366
-2678
-1138
49
1542
-206
518
-160
-1464
-2161
-1615
-25367
-263
49
-916
-2677
-3959
-3182
-26156
-99
-261
145
450
-638
-2754
-2871
-2885
-3070
-93
788
66
-2960
-2613
-3306
-2094
-91
365
-219
-516
-784
-2889
-2627
-3083
-18015
-219
-1002
-1702
-3276
-3895
-3230
-22245
84
-848
-146
-309
-2520
-848
-1766
-973
-1818
-88
-335
-2734
174
-1665
-935
-701
155
-364
-11
996
-1626
-1648
427
-1782
-15457
-326
406
-2195
-381
-265
-1279
-20340
143
301
-175
144
-2762
-1517
-2090
-2318
-2429
-383
-727
-5075
-1601
-3929
-4152
-2133
122
-886
25
2093
1906
-3481
-2982
-2512
-28922
-286
2413
-1103
-4080
-3605
-3829
-26611
123
2077
-525
134
-10639
-11410
-11442
-11609
-11962
-488
164
-10944
-12514
-12022
-10712
-11544
116
150
-186
905
9440
-13798
-12092
-12105
13447
150
1168
9323
-11579
-10290
-11818
8464
477
1186
-333
258
-8067
-5879
-7803
-7043
-6828
-551
197
-9420
-6720
-8017
-7481
-7607
37
313
90
-1938
7979
-7240
-8134
-6473
-15648
69
-5735
6964
-7755
-7763
-7982
-17723
418
-6044
-246
58
-3052
-1853
-2138
-2274
-2137
-223
-653
-5079
-2371
-2740
-4351
-2021
-73
-741
205
-1644
1489
-922
-2639
-2084
-22116
-65
-2790
-55
-4065
-4012
-4004
-18381
10
-2322
-125
230
-2632
-3719
-2064
-1926
-2360
-231
734
-4337
-5211
-4428
-4212
-288
89
-265
60
332
2430
-2279
-2468
-2356
-22477
-283
2322
260
-3722
-4643
-4390
-19360
-193
2713
-38
339
-895
-7890
-4608
-5228
-5482
-134
428
-1514
-10439
-7438
-7223
-3570
127
605
-323
737
4892
-5604
-7810
-5403
-17274
-308
661
2533
-7168
-8926
-7473
-16400
-65
342
-20
187
-3152
-6149
-4308
-4544
-4989
-77
1008
-3718
-7340
-6285
-6468
-4719
92
1299
-308
-1810
4358
-4899
-5344
-4785
-18244
-241
-2231
3510
-6628
-7086
-6112
-17104
2
-1898
27
122
-2639
76
-2113
-1065
-1550
-77
-118
-4019
397
-2978
-2243
-1114
148
-497
-14
778
-1571
-1768
833
-1535
-15960
-436
398
-2166
-2114
-1133
-2354
-15402
-23
190
28
1011
-4827
-2026
-5542
-3184
-3981
-272
1884
-4445
174
-4976
-3068
-4048
113
589
31
1797
22
-3735
-1217
-4034
-22264
-206
605
-820
-3675
-1790
-3473
-29974
46
576
-238
1515
-6546
-5900
-5620
-5868
-5388
-398
2387
-7996
-7135
-8085
-7117
-6563
78
3240
-15
1323
7323
-3844
-7677
-5705
-26969
257
1046
5889
-7462
-7663
-7292
-21148
608
1349
-72
1159
-5636
-2688
-3738
-5086
-4577
-296
1119
-6102
-3307
-5760
-5368
-4462
66
518
10
-1575
3658
-4122
-6514
-4677
-22535
65
-1929
2317
-5281
-5968
-5575
-24046
289
-1570
4
557
-2969
-987
-1488
-1947
-2342
-94
764
-3050
-445
-1726
-2261
-1846
37
-397
219
-722
-408
-2293
-2822
-2483
-18628
-145
-317
-337
-2063
-2909
-1722
-24951
-110
-317
0
-54
-3331
-1727
-1509
-1827
-2690
-42
519
-3416
-2301
-3171
-2787
-546
-21
-153
60
346
1890
-2972
-4142
-2858
-19020
-269
923
-373
-2025
-4253
-2310
-24724
-207
2153
50
-2053
-2934
-4233
-2545
-2746
-3552
4
-2244
-4007
-6834
-5418
-5579
-2775
-150
-2236
-280
929
4348
-3117
-5765
-3457
-24759
-202
835
2725
-5055
-6977
-5508
-19616
-185
914
-135
-1207
-4130
-4592
-2832
-3916
-3905
-125
-1527
-5906
-5805
-5833
-6705
-4396
-88
-1582
-219
-2401
4436
-3387
-4655
-3823
-24871
-250
-2878
3263
-6067
-6984
-5893
-17666
-148
-2876
-56
-672
-2280
-470
-1902
-859
-1022
-53
-251
-3031
233
-1352
-1284
-1070
213
-358
18
1039
-971
-148
968
-987
-16432
-451
241
-555
-879
-565
-1272
-18662
6
286
-105
-66
-5712
-2515
-6280
-4251
-4156
-328
-167
-5396
-525
-5360
-3199
-3718
116
-457
15
1598
993
-2530
-1900
-4306
-18703
-175
1174
108
-3131
-1885
-3932
-26640
113
2387
-313
-912
-7306
-9471
-7925
-7673
-7133
-403
-1229
-11728
-12598
-12232
-12042
-11189
55
-1452
-94
1351
10089
-7395
-9462
-7528
-8253
323
1330
10664
-12889
-11673
-12286
12516
546
1893
-223
-854
-5337
-4236
-5496
-5016
-5025
-359
-1035
-10239
-8154
-9585
-10573
-6063
22
-1189
61
-1120
5628
-6462
-6776
-4983
-18514
263
-3353
3630
-10527
-10169
-9756
1203
597
-4412
57
329
-4371
-592
-3229
-4311
-3949
-70
1452
-4619
-670
-3303
-4465
-1562
85
1722
102
-455
-1857
-4144
-2074
-3925
-18703
-182
166
-2451
-3945
-3813
-3189
-24094
-51
-264
-239
318
-5157
-1005
-2543
-4303
-4414
-142
1024
-6145
-1973
-3812
-5125
-955
-39
906
17
-67
-1529
-4631
-2470
-4485
-15511
-157
738
-3687
-4453
-4801
-4244
-17454
6
1807
-263
-1325
-3931
-2033
-3153
-2262
-2919
-243
-852
-5665
-4302
-3657
-4899
-1180
-139
-898
-94
395
1420
-3043
-1598
-2809
-24980
45
-966
-6
-4574
-5079
-4835
-20083
76
-677
-277
-988
-4869
-2623
-1799
-3215
-3533
-216
-1627
-4915
-2536
-1417
-4297
-3533
-74
-1273
-30
-1568
1679
-3316
-3430
-3490
-15521
-179
-2072
1545
-3677
-4579
-3658
-17533
5
-2143
0
-85
-2244
-689
-2204
-662
-1190
-45
-332
-2809
-244
-960
-1055
-1136
213
-1246
112
991
-793
-204
858
-1146
-16180
-321
55
-180
-558
-764
-1264
-18876
15
-528
-147
354
-3438
-3291
-4842
-2587
-2717
-217
585
-3763
-2515
-3904
-2753
-3723
102
-322
18
1764
1506
-1546
-759
-2875
-24139
-75
3412
1742
-3076
-1347
-3171
-27917
107
3640
-373
-184
-9482
-10415
-9881
-9740
-9480
-503
631
-10587
-11835
-10330
-10037
-12422
107
824
-190
837
9227
-10290
-8861
-9699
5278
173
872
10909
-10625
-9599
-11132
7846
414
1028
-30
34
-8256
-4384
-7020
-6724
-5987
-403
413
-9975
-5218
-8496
-7984
-7790
55
-94
-35
-1476
5330
-7807
-5233
-5901
-15486
104
-3886
5734
-7832
-7127
-8033
-13391
339
-4884
331
651
-5242
-482
-4460
-5543
-4994
51
-349
-6558
1278
-5178
-5987
-3543
251
-1097
-148
-611
-4424
-4925
-814
-5106
-15927
-327
-1027
-5255
-5965
-3972
-4931
-15989
-217
-1165
158
442
-4456
192
-1702
-3724
-3677
152
-404
-5679
339
-2785
-5302
-2325
183
-1314
-120
-228
-3640
-4024
-1955
-3801
-18413
-222
-19
-4650
-4663
-4297
-3980
-17547
-33
1079
207
-242
-3555
134
-2820
-1920
-2456
120
-149
-6176
-895
-4056
-5359
-1221
138
-592
-310
-577
-1884
-3257
-62
-2400
-21711
-244
-1762
-3840
-5036
-4066
-4906
-13109
-123
-1038
-20
-312
-3823
-207
-796
-1806
-2138
-42
-447
-4139
67
-1065
-2921
-2093
110
-592
-165
-819
-46
-2876
-1648
-2060
-19635
-321
-990
-176
-2229
-3291
-2039
-20953
-133
-1074
64
115
-2126
-189
-1202
-789
-1239
-34
-487
-4451
-526
-1497
-3025
-1361
188
-567
123
642
-289
-1016
-713
-1293
-19486
-344
-256
-743
-2490
-3392
-3034
-15832
-138
-489
-49
116
-3482
-4677
-2969
-2733
-2829
-118
1259
-4217
-4045
-4157
-3465
-3116
28
-257
102
1494
3068
-1952
-2074
-2855
-26302
-20
1552
1871
-4222
-1772
-3446
-27753
80
1611
-110
723
-7213
-7796
-6891
-6068
-5758
-438
2222
-7498
-8310
-9289
-6764
-7123
109
2923
-46
907
8232
-4975
-5837
-5900
-23814
91
1307
8491
-7706
-6762
-7450
-21330
475
1585
154
460
-6782
-4626
-8117
-5825
-5143
-229
763
-6392
-3058
-8725
-6004
-6804
97
-204
16
-215
1461
-4577
-1198
-5252
-19781
-44
-2049
2115
-6368
-2138
-5876
-21936
106
-2200
538
601
-5222
-2573
-5564
-3580
-4479
305
-187
-4217
917
-4212
-3247
-3370
156
-933
-101
-1467
-5277
-1819
883
-4589
-13854
-321
-867
-4900
-4471
-963
-2958
-18690
-205
-632
522
-108
-3728
71
-3410
-1359
-3502
578
331
-3519
2019
-2287
-3243
-3018
90
-88
-243
-1258
-4037
-1450
-4101
-3583
-17802
-220
-789
-4429
-4187
-5063
-3187
-20704
32
617
393
132
-4342
3268
-4062
-367
-2464
278
632
-5316
4665
-3867
-3216
-3300
102
841
-398
-960
-2536
-2814
-2387
-2393
-17928
-277
-1776
-3890
-4280
-4803
-3517
-15445
-182
-570
65
1005
-4833
3857
-4064
-2110
-2754
-70
746
-5519
4734
-4144
-4100
-3543
191
1089
-159
-714
-1806
-3705
-2186
-2696
-19048
-312
-1061
-2930
-4022
-4979
-3220
-17426
-54
-1097
-208
-453
-2332
686
-2016
-1087
-1403
-241
-492
-4150
930
-2337
-2745
-2153
0
-374
152
613
-920
-1329
-401
-1341
-15504
-324
-464
-564
-2065
-3042
-2796
-14182
-123
-187
-251
-194
-4932
-3453
-3485
-3127
-3292
-361
81
-5511
-2476
-4884
-3812
-3591
-63
-603
94
1330
2226
-2937
-2959
-3389
-25026
9
894
1651
-4103
-3167
-3937
-29022
120
2811
-316
-1205
-7657
-8338
-8858
-6987
-6702
-478
-987
-12903
-12204
-13691
-13060
-13356
-33
-996
-168
1157
10564
-7189
-8796
-6800
-11898
188
1197
12495
-14386
-12548
-13510
14473
427
1615
-3
-1179
-5693
-5286
-7383
-4075
-4801
-292
-1114
-8092
-6114
-9393
-7867
-9124
41
-1046
57
-1812
4747
-5251
-4988
-4638
-21432
-24
-4611
5723
-8589
-7517
-7418
-11602
200
-5876
510
-640
-4391
-4547
-3802
-2621
-4186
334
-390
-3350
-2038
-2617
-2644
-3045
211
-79
-97
-841
-3467
-2540
-142
-4385
-11538
-327
-700
-1584
-4217
-2465
-2403
-16846
-166
-1115
317
-1047
-2589
-2113
-1669
-409
-2743
364
166
-2388
-53
-2405
-1836
-1407
235
497
-220
-1159
-3397
-2582
-879
-2871
-16604
-401
20
-3632
-3796
-2685
-1362
-19812
-131
1398
114
-900
-4056
4516
-4964
-333
-2951
-13
-11
-5751
5686
-5986
-3702
-3609
70
1001
-307
-204
-3567
-4234
-2734
-2841
-16707
-336
-1180
-5717
-5530
-6092
-4458
-12179
-146
-345
-185
-311
-4693
6027
-4592
-1686
-2853
-343
-385
-5805
6995
-4480
-4150
-4020
-11
-119
-28
-447
-2883
-3858
-3479
-2644
-15282
-192
-847
-4812
-4435
-6206
-3408
-13981
38
-1107
-278
-34
-2314
110
-2385
-393
-1213
-282
-119
-2848
431
-2641
-1555
-1007
-95
-233
33
207
-1179
-844
157
-1116
-14888
-304
-30
-800
-1276
-2540
-1852
-15763
-114
-682
-366
-982
-3955
-2189
-3932
-1164
-2730
-492
-43
-5009
-1558
-4459
-2691
-3761
-80
-499
67
968
1376
-2148
-2600
-2809
-21154
-48
1736
1221
-4108
-4019
-3722
-22257
211
3043
-423
-768
-6509
-7798
-8390
-5268
-6112
-560
191
-11510
-11017
-11493
-11373
-12347
8
-111
-126
761
8157
-6257
-6937
-6160
-12830
163
733
10257
-12871
-11374
-11828
11487
556
1148
-71
-554
-3701
-4779
-3913
-2375
-3444
-246
-241
-6896
-6914
-6268
-6594
-6748
33
-271
47
-1071
4493
-4482
-5029
-3274
-23721
27
-2564
5815
-7285
-8194
-6263
-13434
351
-3930
41
-1707
-2859
-2617
1561
-1554
-2626
-35
-1568
-2720
-2283
-253
-1822
-1519
15
-883
-148
-874
-1710
-3348
-2846
-2791
-13947
-476
-532
188
-3104
-4652
-1303
-18375
-117
-645
-95
-1637
-1856
-1969
395
-1218
-2136
-175
-1696
-1750
-1348
-1371
-1564
-661
-30
-881
-144
-1083
-1913
-2877
-1313
-2217
-15256
-443
-386
-1099
-2807
-3357
-1695
-19281
-85
-184
-367
-509
-2738
1302
-2863
-325
-2139
-352
-638
-3012
1828
-4122
-1637
-2416
-60
-438
-163
-312
-2455
-3411
-1366
-2138
-12720
-210
246
-2816
-3068
-3560
-3405
-12998
13
301
-410
-712
-3257
2903
-2510
-690
-1948
-434
-1366
-3073
3586
-2844
-1945
-2913
-63
-1164
-64
-708
-1972
-2896
-2317
-1844
-15042
-170
-874
-2553
-2655
-3892
-2303
-17682
52
-1135
0
0
0
0
0
0
0
0
0
0
0
-1568
-1759
-1427
-700
-1131
0
0
0
0
0
0
0
0
0
0
0
-571
-170
84
-1091
-14939
0
0
0
0
0
0
0
0
0
0
0
-1062
-2247
-1015
-1266
-1230
0
0
0
0
0
0
0
0
0
0
0
432
-967
-1321
-1266
-18536
0
0
0
0
0
0
0
0
0
0
0
-2557
-4242
-3721
-3454
-3023
0
0
0
0
0
0
0
0
0
0
0
4078
-3167
-4402
-3248
-19694
0
0
0
0
0
0
0
0
0
0
0
-3001
-3939
-4863
-2600
-2729
0
0
0
0
0
0
0
0
0
0
0
3492
-2348
-2294
-2709
-18348
0
0
0
0
0
0
0
0
0
0
0
-2966
-2282
-2899
-672
-1529
0
0
0
0
0
0
0
0
0
0
0
224
-1125
573
-1368
-18297
0
0
0
0
0
0
0
0
0
0
0
-2366
-2809
-2492
-417
-1983
0
0
0
0
0
0
0
0
0
0
0
-205
-836
-1437
-1928
-15713
0
0
0
0
0
0
0
0
0
0
0
173
-2256
-2252
-1806
-2159
0
0
0
0
0
0
0
0
0
0
0
103
-776
-3260
-2037
-18896
0
0
0
0
0
0
0
0
0
0
0
-1495
-2439
-2360
-1908
-2543
0
0
0
0
0
0
0
0
0
0
0
861
-1819
-3419
-2455
-16113
0
0
0
0
0
0
0
0
0
0
0
-1423
-984
-1385
-400
-967
0
0
0
0
0
0
0
0
0
0
0
-648
-837
101
-947
-17332
0
0
0
0
0
0
0
0
0
0
0
-1738
-2142
-1596
-912
-1885
0
0
0
0
0
0
0
0
0
0
0
809
-2621
-1916
-1937
-27331
0
0
0
0
0
0
0
0
0
0
0
-4533
-5091
-4201
-7409
-4455
0
0
0
0
0
0
0
0
0
0
0
7489
-7713
-6079
-4825
-15978
0
0
0
0
0
0
0
0
0
0
0
-3241
-3777
-5259
-5391
-3928
0
0
0
0
0
0
0
0
0
0
0
4131
-3014
-5871
-3587
-24491
0
0
0
0
0
0
0
0
0
0
0
-3117
-2861
-2046
-1190
-2360
0
0
0
0
0
0
0
0
0
0
0
-1008
545
-3633
-2158
-17298
0
0
0
0
0
0
0
0
0
0
0
-2500
-3221
-1342
-707
-2421
0
0
0
0
0
0
0
0
0
0
0
1076
-2497
-3625
-2567
-18486
0
0
0
0
0
0
0
0
0
0
0
-3099
-4265
-3311
-4811
-4056
0
0
0
0
0
0
0
0
0
0
0
5639
-5337
-6924
-4167
-15698
0
0
0
0
0
0
0
0
0
0
0
-3788
-4297
-3209
-4593
-3623
0
0
0
0
0
0
0
0
0
0
0
5377
-3614
-5499
-3653
-16705
0
0
0
0
0
0
0
0
0
0
0
-1727
-1144
-1805
-629
-1193
0
0
0
0
0
0
0
0
0
0
0
-369
-1371
501
-1117
-14936
0
0
0
0
0
0
0
0
0
0
0
-2576
-2648
-4711
-634
-2663
0
0
0
0
0
0
0
0
0
0
0
-189
-3607
-105
-2763
-25353
0
0
0
0
0
0
0
0
0
0
0
-1658
-5580
-6280
-3329
-4693
0
0
0
0
0
0
0
0
0
0
0
3061
-5167
-6035
-5011
-25625
0
0
0
0
0
0
0
0
0
0
0
-1299
-2974
-4255
-3450
-3774
0
0
0
0
0
0
0
0
0
0
0
1410
-3722
-5213
-3680
-23547
0
0
0
0
0
0
0
0
0
0
0
-1633
-1772
-1357
-198
-2082
0
0
0
0
0
0
0
0
0
0
0
-1153
-1195
-3428
-1971
-18385
0
0
0
0
0
0
0
0
0
0
0
-1759
-1603
-1274
-1119
-2258
0
0
0
0
0
0
0
0
0
0
0
1692
-3319
-4375
-2239
-18366
0
0
0
0
0
0
0
0
0
0
0
-1434
-3840
-3791
-3699
-4092
0
0
0
0
0
0
0
0
0
0
0
3381
-5379
-6898
-4057
-14770
0
0
0
0
0
0
0
0
0
0
0
-3456
-4522
-3550
-4778
-3794
0
0
0
0
0
0
0
0
0
0
0
4320
-2690
-5333
-3577
-18869
0
0
0
0
0
0
0
0
0
0
0
-1324
-1713
-1645
-90
-877
0
0
0
0
0
0
0
0
0
0
0
-659
680
-359
-819
-15536
0
0
0
0
0
0
0
0
0
0
0
-3643
-3383
-4827
-1658
-2806
0
0
0
0
0
0
0
0
0
0
0
-1007
173
-1698
-2847
-22558
0
0
0
0
0
0
0
0
0
0
0
-4689
-7171
-5639
-4886
-4716
0
0
0
0
0
0
0
0
0
0
0
5803
-5711
-6830
-4901
-11591
0
0
0
0
0
0
0
0
0
0
0
-4895
-4662
-4684
-3259
-4959
0
0
0
0
0
0
0
0
0
0
0
2076
-6860
-5804
-4877
-10577
0
0
0
0
0
0
0
0
0
0
0
-3119
-903
-1819
-1538
-2907
0
0
0
0
0
0
0
0
0
0
0
-1142
-2991
-2850
-2765
-19956
0
0
0
0
0
0
0
0
0
0
0
-2714
-805
-541
-2152
-2339
0
0
0
0
0
0
0
0
0
0
0
1
-3834
-1977
-2321
-21221
0
0
0
0
0
0
0
0
0
0
0
-1853
-2267
-2844
-2127
-2569
0
0
0
0
0
0
0
0
0
0
0
1515
-4304
-1766
-2496
-20556
0
0
0
0
0
0
0
0
0
0
0
-3200
-3129
-2653
-2834
-3204
0
0
0
0
0
0
0
0
0
0
0
1883
-2967
-3658
-2982
-13543
0
0
0
0
0
0
0
0
0
0
0
-1678
-1504
-1861
-385
-1018
0
0
0
0
0
0
0
0
0
0
0
-400
219
-409
-1087
-14599
0
0
0
0
0
0
0
0
0
0
0
-3140
-3854
-4663
-1820
-2720
0
0
0
0
0
0
0
0
0
0
0
-207
-821
-1112
-2954
-20673
0
0
0
0
0
0
0
0
0
0
0
-4222
-5430
-4303
-6498
-3768
0
0
0
0
0
0
0
0
0
0
0
6787
-6056
-4821
-4250
-15146
0
0
0
0
0
0
0
0
0
0
0
-3603
-3477
-4567
-3247
-3705
0
0
0
0
0
0
0
0
0
0
0
1991
-4043
-5294
-3749
-21079
0
0
0
0
0
0
0
0
0
0
0
-2387
-252
-2382
-1047
-1983
0
0
0
0
0
0
0
0
0
0
0
-2211
-2485
-958
-1825
-24920
0
0
0
0
0
0
0
0
0
0
0
-3014
-834
-985
-348
-2344
0
0
0
0
0
0
0
0
0
0
0
-1932
-3962
-1623
-2519
-19646
0
0
0
0
0
0
0
0
0
0
0
-2221
-928
-1806
327
-1816
0
0
0
0
0
0
0
0
0
0
0
-844
-3560
-479
-1729
-19101
0
0
0
0
0
0
0
0
0
0
0
-2126
-993
-704
-236
-1555
0
0
0
0
0
0
0
0
0
0
0
646
-2392
-2110
-1380
-18475
0
0
0
0
0
0
0
0
0
0
0
-1555
-1276
-1575
480
-1116
0
0
0
0
0
0
0
0
0
0
0
338
-1247
-1156
-958
-17238
0
0
0
0
0
0
0
0
0
0
0
-2626
-4312
-3142
-1161
-2712
0
0
0
0
0
0
0
0
0
0
0
1620
-3600
-1733
-2853
-23500
0
0
0
0
0
0
0
0
0
0
0
-2715
-6071
-6439
-3304
-4359
0
0
0
0
0
0
0
0
0
0
0
4076
-5476
-5148
-4952
-24973
0
0
0
0
0
0
0
0
0
0
0
-3735
-4297
-6659
-2262
-4213
0
0
0
0
0
0
0
0
0
0
0
-1499
-1919
-3362
-4242
-21174
0
0
0
0
0
0
0
0
0
0
0
-3285
-2327
-5301
103
-3157
0
0
0
0
0
0
0
0
0
0
0
-4345
-820
-1716
-3161
-17275
0
0
0
0
0
0
0
0
0
0
0
-3763
-1657
-4673
2747
-3286
0
0
0
0
0
0
0
0
0
0
0
-3181
-2729
-3915
-3358
-16243
0
0
0
0
0
0
0
0
0
0
0
-2258
475
-3257
2527
-1992
0
0
0
0
0
0
0
0
0
0
0
-2193
-2569
-2206
-1820
-17208
0
0
0
0
0
0
0
0
0
0
0
-2315
1408
-2443
624
-1561
0
0
0
0
0
0
0
0
0
0
0
-263
-2561
-1786
-1424
-20100
0
0
0
0
0
0
0
0
0
0
0
-983
-801
-2091
234
-998
0
0
0
0
0
0
0
0
0
0
0
-870
-137
-653
-802
-14971
0
0
0
0
0
0
0
0
0
0
0
-4085
-4165
-3548
-1296
-3490
0
0
0
0
0
0
0
0
0
0
0
-790
-1800
-2950
-3545
-21808
0
0
0
0
0
0
0
0
0
0
0
-4585
-6471
-6259
-3780
-4324
0
0
0
0
0
0
0
0
0
0
0
6249
-5732
-7279
-4727
-13173
0
0
0
0
0
0
0
0
0
0
0
-4615
-4985
-6352
-1109
-4235
0
0
0
0
0
0
0
0
0
0
0
1037
-3560
-6023
-4265
-19733
0
0
0
0
0
0
0
0
0
0
0
-3710
-3396
-3840
1421
-3010
0
0
0
0
0
0
0
0
0
0
0
-2647
-1982
-2803
-2924
-15638
0
0
0
0
0
0
0
0
0
0
0
-3359
-2898
-2502
3174
-2864
0
0
0
0
0
0
0
0
0
0
0
-2659
-2922
-2632
-2735
-15066
0
0
0
0
0
0
0
0
0
0
0
-2553
1640
-2726
2636
-1647
0
0
0
0
0
0
0
0
0
0
0
-2094
-2761
-2069
-1393
-20007
0
0
0
0
0
0
0
0
0
0
0
-2699
2667
-3087
829
-1688
0
0
0
0
0
0
0
0
0
0
0
-908
-3008
-2178
-1604
-16467
0
0
0
0
0
0
0
0
0
0
0
-1434
-788
-2683
124
-1344
0
0
0
0
0
0
0
0
0
0
0
-1354
15
-775
-1107
-12578
0
0
0
0
0
0
0
0
0
0
0
-3133
-2840
-3481
-858
-2283
0
0
0
0
0
0
0
0
0
0
0
15
-699
-2803
-2399
-20175
0
0
0
0
0
0
0
0
0
0
0
-4076
-5504
-5249
-3965
-3589
0
0
0
0
0
0
0
0
0
0
0
5582
-4934
-5217
-3900
-15067
0
0
0
0
0
0
0
0
0
0
0
-3628
-3858
-3634
-1264
-3328
0
0
0
0
0
0
0
0
0
0
0
1762
-4058
-4993
-3437
-19215
0
0
0
0
0
0
0
0
0
0
0
-2027
-1920
815
155
-1769
0
0
0
0
0
0
0
0
0
0
0
-742
-2413
-3319
-1691
-16028
0
0
0
0
0
0
0
0
0
0
0
-1615
-1593
172
283
-1387
0
0
0
0
0
0
0
0
0
0
0
-716
-1704
-1474
-1145
-17644
0
0
0
0
0
0
0
0
0
0
0
-1627
518
-942
469
-958
0
0
0
0
0
0
0
0
0
0
0
-1160
-1426
-842
-834
-16486
0
0
0
0
0
0
0
0
0
0
0
-1878
1352
-1711
122
-1050
0
0
0
0
0
0
0
0
0
0
0
-288
-1673
-1565
-929
-16757
0
0
0
0
0
0
0
0
0
0
0
0
0
0
0
0
0
0
0
0
0
0
0
0
0
0
0
0
0
0
0
0
0
0
0
0
0
0
0
0
0
0
0
0
0
0
0
0
0
0
0
0
0
0
0
0
0
0
0
0
0
0
0
0
0
0
0
0
0
0
0
0
0
0
0
0
0
0
0
0
0
0
0
0
0
0
0
0
0
0
0
0
0
0
0
0
0
0
0
0
0
0
0
0
0
0
0
0
0
0
0
0
0
0
0
0
0
0
0
0
0
0
0
0
0
0
0
0
0
0
0
0
0
0
0
0
0
0
0
0
0
0
0
0
0
0
0
0
0
0
0
0
0
0
0
0
0
0
0
0
0
0
0
0
0
0
0
0
0
0
0
0
0
0
0
0
0
0
0
0
0
0
0
0
0
0
0
0
0
0
0
0
0
0
0
0
0
0
0
0
0
0
0
0
0
0
0
0
0
0
0
0
0
0
0
0
0
0
0
0
0
0
0
0
0
0
0
0
0
0
0
0
0
0
0
0
0
0
0
0
0
0
0
0
0
0
0
0
0
0
0
0
0
0
0
0
0
0
0
0
0
0
0
0
0
0
0
0
0
0
0
0
0
0
0
0
0
0
0
0
0
0
0
0
0
0
0
0
0
0
0
0
0
0
0
0
0
0
0
0
0
0
0
0
0
0
0
0
0
0
0
0
0
0
0
0
0
0
0
0
0
0
0
0
0
0
0
0
0
0
0
0
0
0
0
0
0
0
0
0
0
0
0
0
0
0
0
0
0
0
0
0
0
0
0
0
0
0
0
0
0
0
0
0
0
0
0
0
0
0
0
0
0
0
0
0
0
0
0
0
0
0
0
0
0
0
0
0
0
0
0
0
0
0
0
0
0
0
0
0
0
0
0
0
0
0
0
0
0
0
0
0
0
0
0
0
0
0
0
0
0
0
0
0
0
0
0
0
0
0
0
0
0
0
0
0
0
0
0
0
0
0
0
0
0
0
0
0
0
0
0
0
0
0
0
0
0
0
0
0
0
0
0
0
0
0
0
0
0
0
0
0
0
0
0
0
0
0
0
0
0
0
0
0
0
0
0
0
0
0
0
0
0
0
0
0
0
0
0
0
0
0
0
0
0
0
0
0
0
0
0
0
0
0
0
0
0
0
0
0
0
0
0
0
0
0
0
0
0
0
0
0
0
0
0
0
0
0
0
0
0
0
0
0
0
0
0
0
0
0
0
0
0
0
0
0
0
0
0
0
0
0
0
0
0
0
0
0
0
0
0
0
0
0
0
0
0
0
0
0
0
0
0
0
0
0
0
0
0
0
0
0
0
0
0
0
0
0
0
0
0
0
0
0
0
0
0
0
0
0
0
0
0
0
0
0
0
0
0
0
0
0
0
0
0
0
0
0
0
0
0
0
0
0
0
0
0
0
0
0
0
0
0
0
0
0
0
0
0
0
0
0
0
0
0
0
0
0
0
0
0
0
0
0
0
0
0
0
0
0
0
0
0
0
0
0
0
0
0
0
0
0
0
0
0
0
0
0
0
0
0
0
0
0
0
0
0
0
0
0
0
0
0
0
0
0
0
0
0
0
0
0
0
0
0
0
0
0
0
0
0
0
0
0
0
0
0
0
0
0
0
0
0
0
0
0
0
0
0
0
0
0
0
0
0
0
0
0
0
0
0
0
0
0
0
0
0
0
0
0
0
0
0
0
0
0
0
0
0
0
0
0
0
0
0
0
0
0
0
0
0
0
0
0
0
0
0
0
0
0
0
0
0
0
0
0
0
0
0
0
0
0
0
0
0
0
0
0
0
0
0
0
0
0
0
0
0
0
0
0
0
0
0
0
0
0
0
0
0
0
0
0
0
0
0
0
0
0
0
0
0
0
0
0
0
0
0
0
0
0
0
0
0
0
0
0
0
0
0
0
0
0
0
0
0
0
0
0
0
0
0
0
0
0
0
0
0
0
0
0
0
0
0
0
0
0
0
0
0
0
0
0
0
0
0
0
0
0
0
0
0
0
0
0
0
0
0
0
0
0
0
0
0
0
0
0
0
0
0
0
0
0
0
0
0
0
0
0
0
0
0
0
0
0
0
0
0
0
0
0
0
0
0
0
0
0
0
0
0
0
0
0
0
0
0
0
0
0
0
0
0
0
0
0
0
0
0
0
0
0
0
0
0
0
0
0
0
0
0
0
0
0
0
0
0
0
0
0
0
0
0
0
0
0
0
0
0
0
0
0
0
0
0
0
0
0
0
0
0
0
0
0
0
0
0
0
0
0
0
0
0
0
0
0
0
0
0
0
0
0
0
0
0
0
0
0
0
0
0
0
0
0
0
0
0
0
0
0
0
0
0
0
0
0
0
0
0
0
0
0
0
0
0
0
0
0
0
0
0
0
0
0
0
0
0
0
0
0
0
0
0
0
0
0
0
0
0
0
0
0
0
0
0
0
0
0
0
0
0
0
0
0
0
0
0
0
0
0
0
0
0
0
0
0
0
0
0
0
0
0
0
0
0
0
0
0
0
0
0
0
0
0
0
0
0
0
0
0
0
0
0
0
0
0
0
0
0
0
0
0
0
0
0
0
0
0
0
0
0
0
0
0
0
0
0
0
0
0
0
0
0
0
0
0
0
0
0
0
0
0
0
0
0
0
0
0
0
0
0
0
0
0
0
0
0
0
0
0
0
0
0
0
0
0
0
0
0
0
0
0
0
0
0
0
0
0
0
0
0
0
0
0
0
0
0
0
0
0
0
0
0
0
0
0
0
0
0
0
0
0
0
0
0
0
0
0
0
0
0
0
0
0
0
0
0
0
0
0
0
0
0
0
0
0
0
0
0
0
0
0
0
0
0
0
0
0
0
0
0
0
0
0
0
0
0
0
0
0
0
0
0
0
0
0
0
0
0
0
0
0
0
0
0
0
0
0
0
0
0
0
0
0
0
0
0
0
0
0
0
0
0
0
0
0
0
0
0
0
0
0
0
0
0
0
0
0
0
0
0
0
0
0
0
0
0
0
0
0
0
0
0
0
0
0
0
0
0
0
0
0
0
0
0
0
0
0
0
0
0
0
0
0
0
0
0
0
0
0
0
0
0
0
0
0
0
0
0
0
0
0
0
0
0
0
0
0
0
0
0
0
0
0
0
0
0
0
0
0
0
0
0
0
0
0
0
0
0
0
0
0
0
0
0
0
0
0
0
0
0
0
0
0
0
0
0
0
0
0
0
0
0
0
0
0
0
0
0
0
0
0
0
0
0
0
0
0
0
0
0
0
0
0
0
0
0
0
0
0
0
0
0
0
0
0
0
0
0
0
0
0
0
0
0
0
0
0
0
0
0
0
0
0
0
0
0
0
0
0
0
0
0
0
0
0
0
0
0
0
0
0
0
0
0
0
0
0
0
0
0
0
0
0
0
0
0
0
0
0
0
0
0
0
0
0
0
0
0
0
0
0
0
0
0
0
0
0
0
0
0
0
0
0
0
0
0
0
0
0
0
0
0
0
0
0
0
0
0
0
0
0
0
0
0
0
0
0
0
0
0
0
0
0
0
0
0
0
0
0
0
0
0
0
0
0
0
0
0
0
0
0
0
0
0
0
0
0
0
0
0
0
0
0
0
0
0
0
0
0
0
0
0
0
0
0
0
0
0
0
0
0
0
0
0
0
0
0
0
0
0
0
0
0
0
0
0
0
0
0
0
0
0
0
0
0
0
0
0
0
0
0
0
0
0
0
0
0
0
0
0
0
0
0
0
0
0
0
0
0
0
0
0
0
0
0
0
0
0
0
0
0
0
0
0
0
0
0
0
0
0
0
0
0
0
0
0
0
0
0
0
0
0
0
0
0
0
0
0
0
0
0
0
0
0
0
0
0
0
0
0
0
0
0
0
0
0
0
0
0
0
0
0
0
0
0
0
0
0
0
0
0
0
0
0
0
0
0
0
0
0
0
0
0
0
0
0
0
0
0
0
0
0
0
0
0
0
0
0
0
0
0
0
0
0
0
0
0
0
0
0
0
0
0
0
0
0
0
0
0
0
0
0
0
0
0
0
0
0
0
0
0
0
0
0
0
0
0
0
0
0
0
0
0
0
0
0
0
0
0
0
0
0
0
0
0
0
0
0
0
0
0
0
0
0
0
0
0
0
0
0
0
0
0
0
0
0
0
0
0
0
0
0
0
0
0
0
0
0
0
0
0
0
0
0
0
0
0
0
0
0
0
0
0
0
0
0
0
0
0
0
0
0
0
0
0
0
0
0
0
0
0
0
0
0
0
0
0
0
0
0
0
0
0
0
0
0
0
0
0
0
0
0
0
0
0
0
0
0
0
0
0
0
0
0
0
0
0
0
0
0
0
0
0
0
0
0
0
0
0
0
0
0
0
0
0
0
0
0
0
0
0
0
0
0
0
0
0
0
0
0
0
0
0
0
0
0
0
0
0
0
0
0
0
0
0
0
0
0
0
0
0
0
0
0
0
0
0
0
0
0
0
0
0
0
0
0
0
0
0
0
0
0
0
0
0
0
0
0
0
0
0
0
0
0
0
0
0
0
0
0
0
0
0
0
0
0
0
0
0
0
0
0
0
0
0
0
0
0
0
0
0
0
0
0
0
0
0
0
0
0
0
0
0
0
0
0
0
0
0
0
0
0
0
0
0
0
0
0
0
0
0
0
0
0
0
0
0
0
0
0
0
0
0
0
0
0
0
0
0
0
0
0
0
0
0
0
0
0
0
0
0
0
0
0
0
0
0
0
0
0
0
0
0
0
0
0
0
0
0
0
0
0
0
0
0
0
0
0
0
0
0
0
0
0
0
0
0
0
0
0
0
0
0
0
0
0
0
0
0
0
0
0
0
0
0
0
0
0
0
0
0
0
0
0
0
0
0
0
0
0
0
0
0
0
0
0
0
0
0
0
0
0
0
0
0
0
0
0
0
0
0
0
0
0
0
0
0
0
0
0
0
0
0
0
0
0
0
0
0
0
0
0
0
0
0
0
0
0
0
0
0
0
0
0
0
0
0
0
0
0
0
0
0
0
0
0
0
0
0
0
0
0
0
0
0
0
0
0
0
0
0
0
0
0
0
0
0
0
0
0
0
0
0
0
0
0
0
0
0
0
0
0
0
0
0
0
0
0
0
0
0
0
0
0
0
0
0
0
0
0
0
0
0
0
0
0
0
0
0
0
0
0
0
0
0
0
0
0
0
0
0
0
0
0
0
0
0
0
0
0
0
0
0
0
0
0
0
0
0
0
0
0
0
0
0
0
0
0
0
0
0
0
0
0
0
0
0
0
0
0
0
0
0
0
0
0
0
0
0
0
0
0
0
0
0
0
0
0
0
0
0
0
0
0
0
0
0
0
0
0
0
0
0
0
0
0
0
0
0
0
0
0
0
0
0
0
0
0
0
0
0
0
0
0
0
0
0
0
0
0
0
0
0
0
0
0
0
0
0
0
0
0
0
0
0
0
0
0
0
0
0
0
0
0
0
0
0
0
0
0
0
0
0
0
0
0
0
0
0
0
0
0
0
0
0
0
0
0
0
0
0
0
0
0
0
0
0
0
0
0
0
0
0
0
0
0
0
0
0
0
0
0
0
0
0
0
0
0
0
0
0
0
0
0
0
0
0
0
0
0
0
0
0
0
0
0
0
0
0
0
0
0
0
0
0
0
0
0
0
0
0
0
0
0
0
0
0
0
0
0
0
0
0
0
0
0
0
0
0
0
0
0
0
0
0
0
0
0
0
0
0
0
0
0
0
0
0
0
0
0
0
0
0
0
0
0
0
0
0
0
0
0
0
0
0
0
0
0
0
0
0
0
0
0
0
0
0
0
0
0
0
0
0
0
0
0
0
0
0
0
0
0
0
0
0
0
0
0
0
0
0
0
0
0
0
0
0
0
0
0
0
0
0
0
0
0
0
0
0
0
0
0
0
0
0
0
0
0
0
0
0
0
0
0
0
0
0
0
0
0
0
0
0
0
0
0
0
0
0
0
0
0
0
0
0
0
0
0
0
0
0
0
0
0
0
0
0
0
0
0
0
0
0
0
0
0
0
0
0
0
0
0
0
0
0
0
0
0
0
0
0
0
0
0
0
0
0
0
0
0
0
0
0
0
0
0
0
0
0
0
0
0
0
0
0
0
0
0
0
0
0
0
0
0
0
0
0
0
0
0
0
0
0
0
0
0
0
0
0
0
0
0
0
0
0
0
0
0
0
0
0
0
0
0
0
0
0
0
0
0
0
0
0
0
0
0
0
0
0
0
0
0
0
0
0
0
0
0
0
0
0
0
0
0
0
0
0
0
0
0
0
0
0
0
0
0
0
0
0
0
0
0
0
0
0
0
0
0
0
0
0
0
0
0
0
0
0
0
0
0
0
0
0
0
0
0
0
0
0
0
0
0
0
0
0
0
0
0
0
0
0
0
0
0
0
0
0
0
0
0
0
0
0
0
0
0
0
0
0
0
0
0
0
0
0
0
0
0
0
0
0
0
0
0
0
0
0
0
0
0
0
0
0
0
0
0
0
0
0
0
0
0
0
0
0
0
0
0
0
0
0
0
0
0
0
0
0
0
0
0
0
0
0
0
0
0
0
0
0
0
0
0
0
0
0
0
0
0
0
0
0
0
0
0
0
0
0
0
0
0
0
0
0
0
0
0
0
0
0
0
0
0
0
0
0
0
0
0
0
0
0
0
0
0
0
0
0
0
0
0
0
0
0
0
0
0
0
0
0
0
0
0
0
0
0
0
0
0
0
0
0
0
0
0
0
0
0
0
0
0
0
0
0
0
0
0
0
0
0
0
0
0
0
0
0
0
0
0
0
0
0
0
0
0
0
0
0
0
0
0
0
0
0
0
0
0
0
0
0
0
0
0
0
0
0
0
0
0
0
0
0
0
0
0
0
0
0
0
0
0
0
0
0
0
0
0
0
0
0
0
0
0
0
0
0
0
0
0
0
0
0
0
0
0
0
0
0
0
0
0
0
0
0
0
0
0
0
0
0
0
0
0
0
0
0
0
0
0
0
0
0
0
0
0
0
0
0
0
0
0
0
0
0
0
0
0
0
0
0
0
0
0
0
0
0
0
0
0
0
0
0
0
0
0
0
0
0
0
0
0
0
0
0
0
0
0
0
0
0
0
0
0
0
0
0
0
0
0
0
0
0
0
0
0
0
0
0
0
0
0
0
0
0
0
0
0
0
0
0
0
0
0
0
0
0
0
0
0
0
0
0
0
0
0
0
0
0
0
0
0
0
0
0
0
0
0
0
0
0
0
0
0
0
0
0
0
0
0
0
0
0
0
0
0
0
0
0
0
0
0
0
0
0
0
0
0
0
0
0
0
0
0
0
0
0
0
0
0
0
0
0
0
0
0
0
0
0
0
0
0
0
0
0
0
0
0
0
0
0
0
0
0
0
0
0
0
0
0
0
0
0
0
0
0
0
0
0
0
0
0
0
0
0
0
0
0
0
0
0
0
0
0
0
0
0
0
0
0
0
0
0
0
0
0
0
0
0
0
0
0
0
0
0
0
0
0
0
0
0
0
0
0
0
0
0
0
0
0
0
0
0
0
0
0
0
0
0
0
0
0
0
0
0
0
0
0
0
0
0
0
0
0
0
0
0
0
0
0
0
0
0
0
0
0
0
0
0
0
0
0
0
0
0
0
0
0
0
0
0
0
0
0
0
0
0
0
0
0
0
0
0
0
0
0
0
0
0
0
0
0
0
0
0
0
0
0
0
0
0
0
0
0
0
0
0
0
0
0
0
0
0
0
0
0
0
0
0
0
0
0
0
0
0
0
0
0
0
0
0
0
0
0
0
0
0
0
0
0
0
0
0
0
0
0
0
0
0
0
0
0
0
0
0
0
0
0
0
0
0
0
0
0
0
0
0
0
0
0
0
0
0
0
0
0
0
0
0
0
0
0
0
0
0
0
0
0
0
0
0
0
0
0
0
0
0
0
0
0
0
0
0
0
0
0
0
0
0
0
0
0
0
0
0
0
0
0
0
0
0
0
0
0
0
0
0
0
0
0
0
0
0
0
0
0
0
0
0
0
0
0
0
0
0
0
0
0
0
0
0
0
0
0
0
0
0
0
0
0
0
0
0
0
0
0
0
0
0
0
0
0
0
0
0
0
0
0
0
0
0
0
0
0
0
0
0
0
0
0
0
0
0
0
0
0
0
0
0
0
0
0
0
0
0
0
0
0
0
0
0
0
0
0
0
0
0
0
0
0
0
0
0
0
0
0
0
0
0
0
0
0
0
0
0
0
0
0
0
0
0
0
0
0
0
0
0
0
0
0
0
0
0
0
0
0
0
0
0
0
0
0
0
0
0
0
0
0
0
0
0
0
0
0
0
0
0
0
0
0
0
0
0
0
0
0
0
0
0
0
0
0
0
0
0
0
0
0
0
0
0
0
0
0
0
0
0
0
0
0
0
0
0
0
0
0
0
0
0
0
0
0
0
0
0
0
0
0
0
0
0
0
0
0
0
0
0
0
0
0
0
0
0
0
0
0
0
0
0
0
0
0
0
0
0
0
0
0
0
0
0
0
0
0
0
0
0
0
0
0
0
0
0
0
0
0
0
0
0
0
0
0
0
0
0
0
0
0
0
0
0
0
0
0
0
0
0
0
0
0
0
0
0
0
0
0
0
0
0
0
0
0
0
0
0
0
0
0
0
0
0
0
0
0
0
0
0
0
0
0
0
0
0
0
0
0
0
0
0
0
0
0
0
0
0
0
0
0
0
0
0
0
0
0
0
0
0
0
0
0
0
0
0
0
0
0
0
0
0
0
0
0
0
0
0
0
0
0
0
0
0
0
0
0
0
0
0
0
0
0
0
0
0
0
0
0
0
0
0
0
0
0
0
0
0
0
0
0
0
0
0
0
0
0
0
0
0
0
0
0
0
0
0
0
0
0
0
0
0
0
0
0
0
0
0
0
0
0
0
0
0
0
0
0
0
0
0
0
0
0
0
0
0
0
0
0
0
0
0
0
0
0
0
0
0
0
0
0
0
0
0
0
0
0
0
0
0
0
0
0
0
0
0
0
0
0
0
0
0
0
0
0
0
0
0
0
0
0
0
0
0
0
0
0
0
0
0
0
0
0
0
0
0
0
0
0
0
0
0
0
0
0
0
0
0
0
0
0
0
0
0
0
0
0
0
0
0
0
0
0
0
0
0
0
0
0
0
0
0
0
0
0
0
0
0
0
0
0
0
0
0
0
0
0
0
0
0
0
0
0
0
0
0
0
0
0
0
0
0
0
0
0
0
0
0
0
0
0
0
0
0
0
0
0
0
0
0
0
0
0
0
0
0
0
0
0
0
0
0
0
0
0
0
0
0
0
0
0
0
0
0
0
0
0
0
0
0
0
0
0
0
0
0
0
0
0
0
0
0
0
0
0
0
0
0
0
0
0
0
0
0
0
0
0
0
0
0
0
0
0
0
0
0
0
0
0
0
0
0
0
0
0
0
0
0
0
0
0
0
0
0
0
0
0
0
0
0
0
0
0
0
0
0
0
0
0
0
0
0
0
0
0
0
0
0
0
0
0
0
0
0
0
0
0
0
0
0
0
0
0
0
0
0
0
0
0
0
0
0
0
0
0
0
0
0
0
0
0
0
0
0
0
0
0
0
0
0
0
0
0
0
0
0
0
0
0
0
0
0
0
0
0
0
0
0
0
0
0
0
0
0
0
0
0
0
0
0
0
0
0
0
0
0
0
0
0
0
0
0
0
0
0
0
0
0
0
0
0
0
0
0
0
0
0
0
0
0
0
0
0
0
0
0
0
0
0
0
0
0
0
0
0
0
0
0
0
0
0
0
0
0
0
0
0
0
0
0
0
0
0
0
0
0
0
0
0
0
0
0
0
0
0
0
0
0
0
0
0
0
0
0
0
0
0
0
0
0
0
0
0
0
0
0
0
0
0
0
0
0
0
0
0
0
0
0
0
0
0
0
0
0
0
0
0
0
0
0
0
0
0
0
0
0
0
0
0
0
0
0
0
0
0
0
0
0
0
0
0
0
0
0
0
0
0
0
0
0
0
0
0
0
0
0
0
0
0
0
0
0
0
0
0
0
0
0
0
0
0
0
0
0
0
0
0
0
0
0
0
0
0
0
0
0
0
0
0
0
0
0
0
0
0
0
0
0
0
0
0
0
0
0
0
0
0
0
0
0
0
0
0
0
0
0
0
0
0
0
0
0
0
0
0
0
0
0
0
0
0
0
0
0
0
0
0
0
0
0
0
0
0
0
0
0
0
0
0
0
0
0
0
0
0
0
0
0
0
0
0
0
0
0
0
0
0
0
0
0
0
0
0
0
0
0
0
0
0
0
0
0
0
0
0
0
0
0
0
0
0
0
0
0
0
0
0
0
0
0
0
0
0
0
0
0
0
0
0
0
0
0
0
0
0
0
0
0
0
0
0
0
0
0
0
0
0
0
0
0
0
0
0
0
0
0
0
0
0
0
0
0
0
0
0
0
0
0
0
0
0
0
0
0
0
0
0
0
0
0
0
0
0
0
0
0
0
0
0
0
0
0
0
0
0
0
0
0
0
0
0
0
0
0
0
0
0
0
0
0
0
0
0
0
0
0
0
0
0
0
0
0
0
0
0
0
0
0
0
0
0
0
0
0
0
0
0
0
0
0
0
0
0
0
0
0
0
0
0
0
0
0
0
0
0
0
0
0
0
0
0
0
0
0
0
0
0
0
0
0
0
0
0
0
0
0
0
0
0
0
0
0
0
0
0
0
0
0
0
0
0
0
0
0
0
0
0
0
0
0
0
0
0
0
0
0
0
0
0
0
0
0
0
0
0
0
0
0
0
0
0
0
0
0
0
0
0
0
0
0
0
0
0
0
0
0
0
0
0
0
0
0
0
0
0
0
0
0
0
0
0
0
0
0
0
0
0
0
0
0
0
0
0
0
0
0
0
0
0
0
0
0
0
0
0
0
0
0
0
0
0
0
0
0
0
0
0
0
0
0
0
0
0
0
0
0
0
0
0
0
0
0
0
0
0
0
0
0
0
0
0
0
0
0
0
0
0
0
0
0
0
0
0
0
0
0
0
0
0
0
0
0
0
0
0
0
0
0
0
0
0
0
0
0
0
0
0
0
0
0
0
0
0
0
0
0
0
0
0
0
0
0
0
0
0
0
0
0
0
0
0
0
0
0
0
0
0
0
0
0
0
0
0
0
0
0
0
0
0
0
0
0
0
0
0
0
0
0
0
0
0
0
0
0
0
0
0
0
0
0
0
0
0
0
0
0
0
0
0
0
0
0
0
0
0
0
0
0
0
0
0
0
0
0
0
0
0
0
0
0
0
0
0
0
0
0
0
0
0
0
0
0
0
0
0
0
0
0
0
0
0
0
0
0
0
0
0
0
0
0
0
0
0
0
0
0
0
0
0
0
0
0
0
0
0
0
0
0
0
0
0
0
0
0
0
0
0
0
0
0
0
0
0
0
0
0
0
0
0
0
0
0
0
0
0
0
0
0
0
0
0
0
0
0
0
0
0
0
0
0
0
0
0
0
0
0
0
0
0
0
0
0
0
0
0
0
0
0
0
0
0
0
0
0
0
0
0
0
0
0
0
0
0
0
0
0
0
0
0
0
0
0
0
0
0
0
0
0
0
0
0
0
0
0
0
0
0
0
0
0
0
0
0
0
0
0
0
0
0
0
0
0
0
0
0
0
0
0
0
0
0
0
0
0
0
0
0
0
0
0
0
0
0
0
0
0
0
0
0
0
0
0
0
0
0
0
0
0
0
0
0
0
0
0
0
0
0
0
0
0
0
0
0
0
0
0
0
0
0
0
0
0
0
0
0
0
0
0
0
0
0
0
0
0
0
0
0
0
0
0
0
0
0
0
0
0
0
0
0
0
0
0
0
0
0
0
0
0
0
0
0
0
0
0
0
0
0
0
0
0
0
0
0
0
0
0
0
0
0
0
0
0
0
0
0
0
0
0
0
0
0
0
0
0
0
0
0
0
0
0
0
0
0
0
0
0
0
0
0
0
0
0
0
0
0
0
0
0
0
0
0
0
0
0
0
0
0
0
0
0
0
0
0
0
0
0
0
0
0
0
0
0
0
0
0
0
0
0
0
0
0
0
0
0
0
0
0
0
0
0
0
0
0
0
0
0
0
0
0
0
0
0
0
0
0
0
0
0
0
0
0
0
0
0
0
0
0
0
0
0
0
0
0
0
0
0
0
0
0
0
0
0
0
0
0
0
0
0
0
0
0
0
0
0
0
0
0
0
0
0
0
0
0
0
0
0
0
0
0
0
0
0
0
0
0
0
0
0
0
0
0
0
0
0
0
0
0
0
0
0
0
0
0
0
0
0
0
0
0
0
0
0
0
0
0
0
0
0
0
0
0
0
0
0
0
0
0
0
0
0
0
0
0
0
0
0
0
0
0
0
0
0
0
0
0
0
0
0
0
0
0
0
0
0
0
0
0
0
0
0
0
0
0
0
0
0
0
0
0
0
0
0
0
0
0
0
0
0
0
0
0
0
0
0
0
0
0
0
0
0
0
0
0
0
0
0
0
0
0
0
0
0
0
0
0
0
0
0
0
0
0
0
0
0
0
0
0
0
0
0
0
0
0
0
0
0
0
0
0
0
0
0
0
0
0
0
0
0
0
0
0
0
0
0
0
0
0
0
0
0
0
0
0
0
0
0
0
0
0
0
0
0
0
0
0
0
0
0
0
0
0
0
0
0
0
0
0
0
0
0
0
0
0
0
0
0
0
0
0
0
0
0
0
0
0
0
0
0
0
0
0
0
0
0
0
0
0
0
0
0
0
0
0
0
0
0
0
0
0
0
0
0
0
0
0
0
0
0
0
0
0
0
0
0
0
0
0
0
0
0
0
0
0
0
0
0
0
0
0
0
0
0
0
0
0
0
0
0
0
0
0
0
0
0
0
0
0
0
0
0
0
0
0
0
0
0
0
0
0
0
0
0
0
0
0
0
0
0
0
0
0
0
0
0
0
0
0
0
0
0
0
0
0
0
0
0
0
0
0
0
0
0
0
0
0
0
0
0
0
0
0
0
0
0
0
0
0
0
0
0
0
0
0
0
0
0
0
0
0
0
0
0
0
0
0
0
0
0
0
0
0
0
0
0
0
0
0
0
0
0
0
0
0
0
0
0
0
0
0
0
0
0
0
0
0
0
0
0
0
0
0
0
0
0
0
0
0
0
0
0
0
0
0
0
0
0
0
0
0
0
0
0
0
0
0
0
0
0
0
0
0
0
0
0
0
0
0
0
0
0
0
0
0
0
0
0
0
0
0
0
0
0
0
0
0
0
0
0
0
0
0
0
0
0
0
0
0
0
0
0
0
0
0
0
0
0
0
0
0
0
0
0
0
0
0
0
0
0
0
0
0
0
0
0
0
0
0
0
0
0
0
0
0
0
0
0
0
0
0
0
0
0
0
0
0
0
0
0
0
0
0
0
0
0
0
0
0
0
0
0
0
0
0
0
0
0
0
0
0
0
0
0
0
0
0
0
0
0
0
0
0
0
0
0
0
0
0
0
0
0
0
0
0
0
0
0
0
0
0
0
0
0
0
0
0
0
0
0
0
0
0
0
0
0
0
0
0
0
0
0
0
0
0
0
0
0
0
0
0
0
0
0
0
0
0
0
0
0
0
0
0
0
0
0
0
0
0
0
0
0
0
0
0
0
0
0
0
0
0
0
0
0
0
0
0
0
0
0
0
0
0
0
0
0
0
0
0
0
0
0
0
0
0
0
0
0
0
0
0
0
0
0
0
0
0
0
0
0
0
0
0
0
0
0
0
0
0
0
0
0
0
0
0
0
0
0
0
0
0
0
0
0
0
0
0
0
0
0
0
0
0
0
0
0
0
0
0
0
0
0
0
0
0
0
0
0
0
0
0
0
0
0
0
0
0
0
0
0
0
0
0
0
0
0
0
0
0
0
0
0
0
0
0
0
0
0
0
0
0
0
0
0
0
0
0
0
0
0
0
0
0
0
0
0
0
0
0
0
0
0
0
0
0
0
0
0
0
0
0
0
0
0
0
0
0
0
0
0
0
0
0
0
0
0
0
0
0
0
0
0
0
0
0
0
0
0
0
0
0
0
0
0
0
0
0
0
0
0
0
0
0
0
0
0
0
0
0
0
0
0
0
0
0
0
0
0
0
0
0
0
0
0
0
0
0
0
0
0
0
0
0
0
0
0
0
0
0
0
0
0
0
0
0
0
0
0
0
0
0
0
0
0
0
0
0
0
0
0
0
0
0
0
0
0
0
0
0
0
0
0
0
0
0
0
0
0
0
0
0
0
0
0
0
0
0
0
0
0
0
0
0
0
0
0
0
0
0
0
0
0
0
0
0
0
0
0
0
0
0
0
0
0
0
0
0
0
0
0
0
0
0
0
0
0
0
0
0
0
0
0
0
0
0
0
0
0
0
0
0
0
0
0
0
0
0
0
0
0
0
0
0
0
0
0
0
0
0
0
0
0
0
0
0
0
0
0
0
0
0
0
0
0
0
0
0
0
0
0
0
0
0
0
0
0
0
0
0
0
0
0
0
0
0
0
0
0
0
0
0
0
0
0
0
0
0
0
0
0
0
0
0
0
0
0
0
0
0
0
0
0
0
0
0
0
0
0
0
0
0
0
0
0
0
0
0
0
0
0
0
0
0
0
0
0
0
0
0
0
0
0
0
0
0
0
0
0
0
0
0
0
0
0
0
0
0
0
0
0
0
0
0
0
0
0
0
0
0
0
0
0
0
0
0
0
0
0
0
0
0
0
0
0
0
0
0
0
0
0
0
0
0
0
0
0
0
0
0
0
0
0
0
0
0
0
0
0
0
0
0
0
0
0
0
0
0
0
0
0
0
0
0
0
0
0
0
0
0
0
0
0
0
0
0
0
0
0
0
0
0
0
0
0
0
0
0
0
0
0
0
0
0
0
0
0
0
0
0
0
0
0
0
0
0
0
0
0
0
0
0
0
0
0
0
0
0
0
0
0
0
0
0
0
0
0
0
0
0
0
0
0
0
0
0
0
0
0
0
0
0
0
0
0
0
0
0
0
0
0
0
0
0
0
0
0
0
0
0
0
0
0
0
0
0
0
0
0
0
0
0
0
0
0
0
0
0
0
0
0
0
0
0
0
0
0
0
0
0
0
0
0
0
0
0
0
0
0
0
0
0
0
0
0
0
0
0
0
0
0
0
0
0
0
0
0
0
0
0
0
0
0
0
0
0
0
0
0
0
0
0
0
0
0
0
0
0
0
0
0
0
0
0
0
0
0
0
0
0
0
0
0
0
0
0
0
0
0
0
0
0
0
0
0
0
0
0
0
0
0
0
0
0
0
0
0
0
0
0
0
0
0
0
0
0
0
0
0
0
0
0
0
0
0
0
0
0
0
0
0
0
0
0
0
0
0
0
0
0
0
0
0
0
0
0
0
0
0
0
0
0
0
0
0
0
0
0
0
0
0
0
0
0
0
0
0
0
0
0
0
0
0
0
0
0
0
0
0
0
0
0
0
0
0
0
0
0
0
0
0
0
0
0
0
0
0
0
0
0
0
0
0
0
0
0
0
0
0
0
0
0
0
0
0
0
0
0
0
0
0
0
0
0
0
0
0
0
0
0
0
0
0
0
0
0
0
0
0
0
0
0
0
0
0
0
0
0
0
0
0
0
0
0
0
0
0
0
0
0
0
0
0
0
0
0
0
0
0
0
0
0
0
0
0
0
0
0
0
0
0
0
0
0
0
0
0
0
0
0
0
0
0
0
0
0
0
0
0
0
0
0
0
0
0
0
0
0
0
0
0
0
0
0
0
0
0
0
0
0
0
0
0
0
0
0
0
0
0
0
0
0
0
0
0
0
0
0
0
0
0
0
0
0
0
0
0
0
0
0
0
0
0
0
0
0
0
0
0
0
0
0
0
0
0
0
0
0
0
0
0
0
0
0
0
0
0
0
0
0
0
0
0
0
0
0
0
0
0
0
0
0
0
0
0
0
0
0
0
0
0
0
0
0
0
0
0
0
0
0
0
0
0
0
0
0
0
0
0
0
0
0
0
0
0
0
0
0
0
0
0
0
0
0
0
0
0
0
0
0
0
0
0
0
0
0
0
0
0
0
0
0
0
0
0
0
0
0
0
0
0
0
0
0
0
0
0
0
0
0
0
0
0
0
0
0
0
0
0
0
0
0
0
0
0
0
0
0
0
0
0
0
0
0
0
0
0
0
0
0
0
0
0
0
0
0
0
0
0
0
0
0
0
0
0
0
0
0
0
0
0
0
0
0
0
0
0
0
0
0
0
0
0
0
0
0
0
0
0
0
0
0
0
0
0
0
0
0
0
0
0
0
0
0
0
0
0
0
0
0
0
0
0
0
0
0
0
0
0
0
0
0
0
0
0
0
0
0
0
0
0
0
0
0
0
0
0
0
0
0
0
0
0
0
0
0
0
0
0
0
0
0
0
0
0
0
0
0
0
0
0
0
0
0
0
0
0
0
0
0
0
0
0
0
0
0
0
0
0
0
0
0
0
0
0
0
0
0
0
0
0
0
0
0
0
0
0
0
0
0
0
0
0
0
0
0
0
0
0
0
0
0
0
0
0
0
0
0
0
0
0
0
0
0
0
0
0
0
0
0
0
0
0
0
0
0
0
0
0
0
0
0
0
0
0
0
0
0
0
0
0
0
0
0
0
0
0
0
0
0
0
0
0
0
0
0
0
0
0
0
0
0
0
0
0
0
0
0
0
0
0
0
0
0
0
0
0
0
0
0
0
0
0
0
0
0
0
0
0
0
0
0
0
0
0
0
0
0
0
0
0
0
0
0
0
0
0
0
0
0
0
0
0
0
0
0
0
0
0
0
0
0
0
0
0
0
0
0
0
0
0
0
0
0
0
0
0
0
0
0
0
0
0
0
0
0
0
0
0
0
0
0
0
0
0
0
0
0
0
0
0
0
0
0
0
0
0
0
0
0
0
0
0
0
0
0
0
0
0
0
0
0
0
0
0
0
0
0
0
0
0
0
0
0
0
0
0
0
0
0
0
0
0
0
0
0
0
0
0
0
0
0
0
0
0
0
0
0
0
0
0
0
0
0
0
0
0
0
0
0
0
0
0
0
0
0
0
0
0
0
0
0
0
0
0
0
0
0
0
0
0
0
0
0
0
0
0
0
0
0
0
0
0
0
0
0
0
0
0
0
0
0
0
0
0
0
0
0
0
0
0
0
0
0
0
0
0
0
0
0
0
0
0
0
0
0
0
0
0
0
0
0
0
0
0
0
0
0
0
0
0
0
0
0
0
0
0
0
0
0
0
0
0
0
0
0
0
0
0
0
0
0
0
0
0
0
0
0
0
0
0
0
0
0
0
0
0
0
0
0
0
0
0
0
0
0
0
0
0
0
0
0
0
0
0
0
0
0
0
0
0
0
0
0
0
0
0
0
0
0
0
0
0
0
0
0
0
0
0
0
0
0
0
0
0
0
0
0
0
0
0
0
0
0
0
0
0
0
0
0
0
0
0
0
0
0
0
0
0
0
0
0
0
0
0
0
0
0
0
0
0
0
0
0
0
0
0
0
0
0
0
0
0
0
0
0
0
0
0
0
0
0
0
0
0
0
0
0
0
0
0
0
0
0
0
0
0
0
0
0
0
0
0
0
0
0
0
0
0
0
0
0
0
0
0
0
0
0
0
0
0
0
0
0
0
0
0
0
0
0
0
0
0
0
0
0
0
0
0
0
0
0
0
0
0
0
0
0
0
0
0
0
0
0
0
0
0
0
0
0
0
0
0
0
0
0
0
0
0
0
0
0
0
0
0
0
0
0
0
0
0
0
0
0
0
0
0
0
0
0
0
0
0
0
0
0
0
0
0
0
0
0
0
0
0
0
0
0
0
0
0
0
0
0
0
0
0
0
0
0
0
0
0
0
0
0
0
0
0
0
0
0
0
0
0
0
0
0
0
0
0
0
0
0
0
0
0
0
0
0
0
0
0
0
0
0
0
0
0
0
0
0
0
0
0
0
0
0
0
0
0
0
0
0
0
0
0
0
0
0
0
0
0
0
0
0
0
0
0
0
0
0
0
0
0
0
0
0
0
0
0
0
0
0
0
0
0
0
0
0
0
0
0
0
0
0
0
0
0
0
0
0
0
0
0
0
0
0
0
0
0
0
0
0
0
0
0
0
0
0
0
0
0
0
0
0
0
0
0
0
0
0
0
0
0
0
0
0
0
0
0
0
0
0
0
0
0
0
0
0
0
0
0
0
0
0
0
0
0
0
0
0
0
0
0
0
0
0
0
0
0
0
0
0
0
0
0
0
0
0
0
0
0
0
0
0
0
0
0
0
0
0
0
0
0
0
0
0
0
0
0
0
0
0
0
0
0
0
0
0
0
0
0
0
0
0
0
0
0
0
0
0
0
0
0
0
0
0
0
0
0
0
0
0
0
0
0
0
0
0
0
0
0
0
0
0
0
0
0
0
0
0
0
0
0
0
0
0
0
0
0
0
0
0
0
0
0
0
0
0
0
0
0
0
0
0
0
0
0
0
0
0
0
0
0
0
0
0
0
0
0
0
0
0
0
0
0
0
0
0
0
0
0
0
0
0
0
0
0
0
0
0
0
0
0
0
0
0
0
0
0
0
0
0
0
0
0
0
0
0
0
0
0
0
0
0
0
0
0
0
0
0
0
0
0
0
0
0
0
0
0
0
0
0
0
0
0
0
0
0
0
0
0
0
0
0
0
0
0
0
0
0
0
0
0
0
0
0
0
0
0
0
0
0
0
0
0
0
0
0
0
0
0
0
0
0
0
0
0
0
0
0
0
0
0
0
0
0
0
0
0
0
0
0
0
0
0
0
0
0
0
0
0
0
0
0
0
0
0
0
0
0
0
0
0
0
0
0
0
0
0
0
0
0
0
0
0
0
0
0
0
0
0
0
0
0
0
0
0
0
0
0
0
0
0
0
0
0
0
0
0
0
0
0
0
0
0
0
0
0
0
0
0
0
0
0
0
0
0
0
0
0
0
0
0
0
0
0
0
0
0
0
0
0
0
0
0
0
0
0
0
0
0
0
0
0
0
0
0
0
0
0
0
0
0
0
0
0
0
0
0
0
0
0
0
0
0
0
0
0
0
0
0
0
0
0
0
0
0
0
0
0
0
0
0
0
0
0
0
0
0
0
0
0
0
0
0
0
0
0
0
0
0
0
0
0
0
0
0
0
0
0
0
0
0
0
0
0
0
0
0
0
0
0
0
0
0
0
0
0
0
0
0
0
0
0
0
0
0
0
0
0
0
0
0
0
0
0
0
0
0
0
0
0
0
0
0
0
0
0
0
0
0
0
0
0
0
0
0
0
0
0
0
0
0
0
0
0
0
0
0
0
0
0
0
0
0
0
0
0
0
0
0
0
0
0
0
0
0
0
0
0
0
0
0
0
0
0
0
0
0
0
0
0
0
0
0
0
0
0
0
0
0
0
0
0
0
0
0
0
0
0
0
0
0
0
0
0
0
0
0
0
0
0
0
0
0
0
0
0
0
0
0
0
0
0
0
0
0
0
0
0
0
0
0
0
0
0
0
0
0
0
0
0
0
0
0
0
0
0
0
0
0
0
0
0
0
0
0
0
0
0
0
0
0
0
0
0
0
0
0
0
0
0
0
0
0
0
0
0
0
0
0
0
0
0
0
0
0
0
0
0
0
0
0
0
0
0
0
0
0
0
0
0
0
0
0
0
0
0
0
0
0
0
0
0
0
0
0
0
0
0
0
0
0
0
0
0
0
0
0
0
0
0
0
0
0
0
0
0
0
0
0
0
0
0
0
0
0
0
0
0
0
0
0
0
0
0
0
0
0
0
0
0
0
0
0
0
0
0
0
0
0
0
0
0
0
0
0
0
0
0
0
0
0
0
0
0
0
0
0
0
0
0
0
0
0
0
0
0
0
0
0
0
0
0
0
0
0
0
0
0
0
0
0
0
0
0
0
0
0
0
0
0
0
0
0
0
0
0
0
0
0
0
0
0
0
0
0
0
0
0
0
0
0
0
0
0
0
0
0
0
0
0
0
0
0
0
0
0
0
0
0
0
0
0
0
0
0
0
0
0
0
0
0
0
0
0
0
0
0
0
0
0
0
0
0
0
0
0
0
0
0
0
0
0
0
0
0
0
0
0
0
0
0
0
0
0
0
0
0
0
0
0
0
0
0
0
0
0
0
0
0
0
0
0
0
0
0
0
0
0
0
0
0
0
0
0
0
0
0
0
0
0
0
0
0
0
0
0
0
0
0
0
0
0
0
0
0
0
0
0
0
0
0
0
0
0
0
0
0
0
0
0
0
0
0
0
0
0
0
0
0
0
0
0
0
0
0
0
0
0
0
0
0
0
0
0
0
0
0
0
0
0
0
0
0
0
0
0
0
0
0
0
0
0
0
0
0
0
0
0
0
0
0
0
0
0
0
0
0
0
0
0
0
0
0
0
0
0
0
0
0
0
0
0
0
0
0
0
0
0
0
0
0
0
0
0
0
0
0
0
0
0
0
0
0
0
0
0
0
0
0
0
0
0
0
0
0
0
0
0
0
0
0
0
0
0
0
0
0
0
0
0
0
0
0
0
0
0
0
0
0
0
0
0
0
0
0
0
0
0
0
0
0
0
0
0
0
0
0
0
0
0
0
0
0
0
0
0
0
0
0
0
0
0
0
0
0
0
0
0
0
0
0
0
0
0
0
0
0
0
0
0
0
0
0
0
0
0
0
0
0
0
0
0
0
0
0
0
0
0
0
0
0
0
0
0
0
0
0
0
0
0
0
0
0
0
0
0
0
0
0
0
0
0
0
0
0
0
0
0
0
0
0
0
0
0
0
0
0
0
0
0
0
0
0
0
0
0
0
0
0
0
0
0
0
0
0
0
0
0
0
0
0
0
0
0
0
0
0
0
0
0
0
0
0
0
0
0
0
0
0
0
0
0
0
0
0
0
0
0
0
0
0
0
0
0
0
0
0
0
0
0
0
0
0
0
0
0
0
0
0
0
0
0
0
0
0
0
0
0
0
0
0
0
0
0
0
0
0
0
0
0
0
0
0
0
0
0
0
0
0
0
0
0
0
0
0
0
0
0
0
0
0
0
0
0
0
0
0
0
0
0
0
0
0
0
0
0
0
0
0
0
0
0
0
0
0
0
0
0
0
0
0
0
0
0
0
0
0
0
0
0
0
0
0
0
0
0
0
0
0
0
0
0
0
0
0
0
0
0
0
0
0
0
0
0
0
0
0
0
0
0
0
0
0
0
0
0
0
0
0
0
0
0
0
0
0
0
0
0
0
0
0
0
0
0
0
0
0
0
0
0
0
0
0
0
0
0
0
0
0
0
0
0
0
0
0
0
0
0
0
0
0
0
0
0
0
0
0
0
0
0
0
0
0
0
0
0
0
0
0
0
0
0
0
0
0
0
0
0
0
0
0
0
0
0
0
0
0
0
0
0
0
0
0
0
0
0
0
0
0
0
0
0
0
0
0
0
0
0
0
0
0
0
0
0
0
0
0
0
0
0
0
0
0
0
0
0
0
0
0
0
0
0
0
0
0
0
0
0
0
0
0
0
0
0
0
0
0
0
0
0
0
0
0
0
0
0
0
0
0
0
0
0
0
0
0
0
0
0
0
0
0
0
0
0
0
0
0
0
0
0
0
0
0
0
0
0
0
0
0
0
0
0
0
0
0
0
0
0
0
0
0
0
0
0
0
0
0
0
0
0
0
0
0
0
0
0
0
0
0
0
0
0
0
0
0
0
0
0
0
0
0
0
0
0
0
0
0
0
0
0
0
0
0
0
0
0
0
0
0
0
0
0
0
0
0
0
0
0
0
0
0
0
0
0
0
0
0
0
0
0
0
0
0
0
0
0
0
0
0
0
0
0
0
0
0
0
0
0
0
0
0
0
0
0
0
0
0
0
0
0
0
0
0
0
0
0
0
0
0
0
0
0
0
0
0
0
0
0
0
0
0
0
0
0
0
0
0
0
0
0
0
0
0
0
0
0
0
0
0
0
0
0
0
0
0
0
0
0
0
0
0
0
0
0
0
0
0
0
0
0
0
0
0
0
0
0
0
0
0
0
0
0
0
0
0
0
0
0
0
0
0
0
0
0
0
0
0
0
0
0
0
0
0
0
0
0
0
0
0
0
0
0
0
0
0
0
0
0
0
0
0
0
0
0
0
0
0
0
0
0
0
0
0
0
0
0
0
0
0
0
0
0
0
0
0
0
0
0
0
0
0
0
0
0
0
0
0
0
0
0
0
0
0
0
0
0
0
0
0
0
0
0
0
0
0
0
0
0
0
0
0
0
0
0
0
0
0
0
0
0
0
0
0
0
0
0
0
0
0
0
0
0
0
0
0
0
0
0
0
0
0
0
0
0
0
0
0
0
0
0
0
0
0
0
0
0
0
0
0
0
0
0
0
0
0
0
0
0
0
0
0
0
0
0
0
0
0
0
0
0
0
0
0
0
0
0
0
0
0
0
0
0
0
0
0
0
0
0
0
0
0
0
0
0
0
0
0
0
0
0
0
0
0
0
0
0
0
0
0
0
0
0
0
0
0
0
0
0
0
0
0
0
0
0
0
0
0
0
0
0
0
0
0
0
0
0
0
0
0
0
0
0
0
0
0
0
0
0
0
0
0
0
0
0
0
0
0
0
0
0
0
0
0
0
0
0
0
0
0
0
0
0
0
0
0
0
0
0
0
0
0
0
0
0
0
0
0
0
0
0
0
0
0
0
0
0
0
0
0
0
0
0
0
0
0
0
0
0
0
0
0
0
0
0
0
0
0
0
0
0
0
0
0
0
0
0
0
0
0
0
0
0
0
0
0
0
0
0
0
0
0
0
0
0
0
0
0
0
0
0
0
0
0
0
0
0
0
0
0
0
0
0
0
0
0
0
0
0
0
0
0
0
0
0
0
0
0
0
0
0
0
0
0
0
0
0
0
0
0
0
0
0
0
0
0
0
0
0
0
0
0
0
0
0
0
0
0
0
0
0
0
0
0
0
0
0
0
0
0
0
0
0
0
0
0
0
0
0
0
0
0
0
0
0
0
0
0
0
0
0
0
0
0
0
0
0
0
0
0
0
0
0
0
0
0
0
0
0
0
0
0
0
0
0
0
0
0
0
0
0
0
0
0
0
0
0
0
0
0
0
0
0
0
0
0
0
0
0
0
0
0
0
0
0
0
0
0
0
0
0
0
0
0
0
0
0
0
0
0
0
0
0
0
0
0
0
0
0
0
0
0
0
0
0
0
0
0
0
0
0
0
0
0
0
0
0
0
0
0
0
0
0
0
0
0
0
0
0
0
0
0
0
0
0
0
0
0
0
0
0
0
0
0
0
0
0
0
0
0
0
0
0
0
0
0
0
0
0
0
0
0
0
0
0
0
0
0
0
0
0
0
0
0
0
0
0
0
0
0
0
0
0
0
0
0
0
0
0
0
0
0
0
0
0
0
0
0
0
0
0
0
0
0
0
0
0
0
0
0
0
0
0
0
0
0
0
0
0
0
0
0
0
0
0
0
0
0
0
0
0
0
0
0
0
0
0
0
0
0
0
0
0
0
0
0
0
0
0
0
0
0
0
0
0
0
0
0
0
0
0
0
0
0
0
0
0
0
0
0
0
0
0
0
0
0
0
0
0
0
0
0
0
0
0
0
0
0
0
0
0
0
0
0
0
0
0
0
0
0
0
0
0
0
0
0
0
0
0
0
0
0
0
0
0
0
0
0
0
0
0
0
0
0
0
0
0
0
0
0
0
0
0
0
0
0
0
0
0
0
0
0
0
0
0
0
0
0
0
0
0
0
0
0
0
0
0
0
0
0
0
0
0
0
0
0
0
0
0
0
0
0
0
0
0
0
0
0
0
0
0
0
0
0
0
0
0
0
0
0
0
0
0
0
0
0
0
0
0
0
0
0
0
0
0
0
0
0
0
0
0
0
0
0
0
0
0
0
0
0
0
0
0
0
0
0
0
0
0
0
0
0
0
0
0
0
0
0
0
0
0
0
0
0
0
0
0
0
0
0
0
0
0
0
0
0
0
0
0
0
0
0
0
0
0
0
0
0
0
0
0
0
0
0
0
0
0
0
0
0
0
0
0
0
0
0
0
0
0
0
0
0
0
0
0
0
0
0
0
0
0
0
0
0
0
0
0
0
0
0
0
0
0
0
0
0
0
0
0
0
0
0
0
0
0
0
0
0
0
0
0
0
0
0
0
0
0
0
0
0
0
0
0
0
0
0
0
0
0
0
0
0
0
0
0
0
0
0
0
0
0
0
0
0
0
0
0
0
0
0
0
0
0
0
0
0
0
0
0
0
0
0
0
0
0
0
0
0
0
0
0
0
0
0
0
0
0
0
0
0
0
0
0
0
0
0
0
0
0
0
0
0
0
0
0
0
0
0
0
0
0
0
0
0
0
0
0
0
0
0
0
0
0
0
0
0
0
0
0
0
0
0
0
0
0
0
0
0
0
0
0
0
0
0
0
0
0
0
0
0
0
0
0
0
0
0
0
0
0
0
0
0
0
0
0
0
0
0
0
0
0
0
0
0
0
0
0
0
0
0
0
0
0
0
0
0
0
0
0
0
0
0
0
0
0
0
0
0
0
0
0
0
0
0
0
0
0
0
0
0
0
0
0
0
0
0
0
0
0
0
0
0
0
0
0
0
0
0
0
0
0
0
0
0
0
0
0
0
0
0
0
0
0
0
0
0
0
0
0
0
0
0
0
0
0
0
0
0
0
0
0
0
0
0
0
0
0
0
0
0
0
0
0
0
0
0
0
0
0
0
0
0
0
0
0
0
0
0
0
0
0
0
0
0
0
0
0
0
0
0
0
0
0
0
0
0
0
0
0
0
0
0
0
0
0
0
0
0
0
0
0
0
0
0
0
0
0
0
0
0
0
0
0
0
0
0
0
0
0
0
0
0
0
0
0
0
0
0
0
0
0
0
0
0
0
0
0
0
0
0
0
0
0
0
0
0
0
0
0
0
0
0
0
0
0
0
0
0
0
0
0
0
0
0
0
0
0
0
0
0
0
0
0
0
0
0
0
0
0
0
0
0
0
0
0
0
0
0
0
0
0
0
0
0
0
0
0
0
0
0
0
0
0
0
0
0
0
0
0
0
0
0
0
0
0
0
0
0
0
0
0
0
0
0
0
0
0
0
0
0
0
0
0
0
0
0
0
0
0
0
0
0
0
0
0
0
0
0
0
0
0
0
0
0
0
0
0
0
0
0
0
0
0
0
0
0
0
0
0
0
0
0
0
0
0
0
0
0
0
0
0
0
0
0
0
0
0
0
0
0
0
0
0
0
0
0
0
0
0
0
0
0
0
0
0
0
0
0
0
0
0
0
0
0
0
0
0
0
0
0
0
0
0
0
0
0
0
0
0
0
0
0
0
0
0
0
0
0
0
0
0
0
0
0
0
0
0
0
0
0
0
0
0
0
0
0
0
0
0
0
0
0
0
0
0
0
0
0
0
0
0
0
0
0
0
0
0
0
0
0
0
0
0
0
0
0
0
0
0
0
0
0
0
0
0
0
0
0
0
0
0
0
0
0
0
0
0
0
0
0
0
0
0
0
0
0
0
0
0
0
0
0
0
0
0
0
0
0
0
0
0
0
0
0
0
0
0
0
0
0
0
0
0
0
0
0
0
0
0
0
0
0
0
0
0
0
0
0
0
0
0
0
0
0
0
0
0
0
0
0
0
0
0
0
0
0
0
0
0
0
0
0
0
0
0
0
0
0
0
0
0
0
0
0
0
0
0
0
0
0
0
0
0
0
0
0
0
0
0
0
0
0
0
0
0
0
0
0
0
0
0
0
0
0
0
0
0
0
0
0
0
0
0
0
0
0
0
0
0
0
0
0
0
0
0
0
0
0
0
0
0
0
0
0
0
0
0
0
0
0
0
0
0
0
0
0
0
0
0
0
0
0
0
0
0
0
0
0
0
0
0
0
0
0
0
0
0
0
0
0
0
0
0
0
0
0
0
0
0
0
0
0
0
0
0
0
0
0
0
0
0
0
0
0
0
0
0
0
0
0
0
0
0
0
0
0
0
0
0
0
0
0
0
0
0
0
0
0
0
0
0
0
0
0
0
0
0
0
0
0
0
0
0
0
0
0
0
0
0
0
0
0
0
0
0
0
0
0
0
0
0
0
0
0
0
0
0
0
0
0
0
0
0
0
0
0
0
0
0
0
0
0
0
0
0
0
0
0
0
0
0
0
0
0
0
0
0
0
0
0
0
0
0
0
0
0
0
0
0
0
0
0
0
0
0
0
0
0
0
0
0
0
0
0
0
0
0
0
0
0
0
0
0
0
0
0
0
0
0
0
0
0
0
0
0
0
0
0
0
0
0
0
0
0
0
0
0
0
0
0
0
0
0
0
0
0
0
0
0
0
0
0
0
0
0
0
0
0
0
0
0
0
0
0
0
0
0
0
0
0
0
0
0
0
0
0
0
0
0
0
0
0
0
0
0
0
0
0
0
0
0
0
0
0
0
0
0
0
0
0
0
0
0
0
0
0
0
0
0
0
0
0
0
0
0
0
0
0
0
0
0
0
0
0
0
0
0
0
0
0
0
0
0
0
0
0
0
0
0
0
0
0
0
0
0
0
0
0
0
0
0
0
0
0
0
0
0
0
0
0
0
0
0
0
0
0
0
0
0
0
0
0
0
0
0
0
0
0
0
0
0
0
0
0
0
0
0
0
0
0
0
0
0
0
0
0
0
0
0
0
0
0
0
0
0
0
0
0
0
0
0
0
0
0
0
0
0
0
0
0
0
0
0
0
0
0
0
0
0
0
0
0
0
0
0
0
0
0
0
0
0
0
0
0
0
0
0
0
0
0
0
0
0
0
0
0
0
0
0
0
0
0
0
0
0
0
0
0
0
0
0
0
0
0
0
0
0
0
0
0
0
0
0
0
0
0
0
0
0
0
0
0
0
0
0
0
0
0
0
0
0
0
0
0
0
0
0
0
0
0
0
0
0
0
0
0
0
0
0
0
0
0
0
0
0
0
0
0
0
0
0
0
0
0
0
0
0
0
0
0
0
0
0
0
0
0
0
0
0
0
0
0
0
0
0
0
0
0
0
0
0
0
0
0
0
0
0
0
0
0
0
0
0
0
0
0
0
0
0
0
0
0
0
0
0
0
0
0
0
0
0
0
0
0
0
0
0
0
0
0
0
0
0
0
0
0
0
0
0
0
0
0
0
0
0
0
0
0
0
0
0
0
0
0
0
0
0
0
0
0
0
0
0
0
0
0
0
0
0
0
0
0
0
0
0
0
0
0
0
0
0
0
0
0
0
0
0
0
0
0
0
0
0
0
0
0
0
0
0
0
0
0
0
0
0
0
0
0
0
0
0
0
0
0
0
0
0
0
0
0
0
0
0
0
0
0
0
0
0
0
0
0
0
0
0
0
0
0
0
0
0
0
0
0
0
0
0
0
0
0
0
0
0
0
0
0
0
0
0
0
0
0
0
0
0
0
0
0
0
0
0
0
0
0
0
0
0
0
0
0
0
0
0
0
0
0
0
0
0
0
0
0
0
0
