-69
50
-1613
-1928
-648
-2351
-2125
-31
410
-3288
-2793
-2290
-3767
-2013
74
651
-256
-375
-619
-2335
-1192
-2141
-17788
-323
126
-933
-2325
-3670
-3460
-14032
10
-109
-17
187
-2076
-2493
-557
-2061
-1551
-16
367
-2849
-3585
-1817
-2798
-1083
107
570
-71
580
1256
-1994
-641
-1471
-17697
-296
921
736
-1702
-2531
-2312
-15756
-30
373
-115
-480
-3023
-3060
-2504
-2345
-2161
-40
-203
-3571
-3721
-2793
-2698
-288
-103
-266
-6
-27
2114
-1700
-911
-2055
-15165
-56
-20
606
-2651
-2849
-2771
-15453
53
-339
-61
-747
-4174
-3746
-3685
-2713
-2776
-37
104
-4958
-4335
-3937
-3413
-1881
-56
249
-199
-513
3579
-2775
-1450
-2650
-16926
-224
-682
3172
-4107
-4428
-3808
-17866
-99
-366
-82
-581
-3726
-3506
-2816
-2135
-2448
-102
1966
-4807
-5320
-3743
-3859
-3541
73
1856
-254
201
5051
-3054
-3321
-2232
-23910
-102
-437
5926
-4569
-5781
-4349
-23292
-245
-299
-109
-381
-1913
-1035
-2631
-1871
-2077
-176
493
-2927
-2727
-3335
-3468
-2436
-71
546
-146
785
1730
-2841
-2521
-1903
-19592
8
12
1454
-3428
-4708
-3605
-18809
-144
184
-111
103
-2688
-7
-3289
-2353
-2782
-219
609
-2983
-885
-3306
-3457
-2404
3
628
-51
592
-22
-3710
-2391
-2576
-14979
-76
455
-881
-3532
-4724
-3653
-16340
-82
485
-305
-262
-2350
-961
-3080
-2335
-2980
-255
418
-2399
-1376
-3751
-3760
-3024
65
550
-17
-726
-38
-4083
-2077
-2745
-15225
-154
-974
-654
-4336
-4126
-3685
-16181
7
-476
74
-612
-1899
-530
-891
-1293
-1325
2
-473
-4734
-2534
-4211
-3715
250
19
66
-151
679
1711
-1835
-2085
-1270
-20967
-172
744
191
-2421
-5497
-2950
-14906
-124
582
0
-879
-2671
-1321
-121
-2034
-1707
28
-783
-3808
-2644
-3439
-3337
-738
-74
-707
-179
-180
2299
-2302
-2456
-1472
-20180
-130
-885
1315
-2329
-3984
-2509
-17875
-170
-1055
-208
311
-3359
-2961
-860
-3037
-2642
-169
-93
-3677
-3055
-1991
-2604
-2056
-114
-1243
-163
38
1595
-1661
-2992
-2554
-15651
-82
-841
454
-2508
-2468
-2762
-17373
-31
-544
-133
1019
-4434
-5419
-3823
-4027
-3315
-219
918
-5520
-6682
-5078
-5241
-4230
59
434
-207
722
5804
-3689
-3050
-3457
-18987
-145
797
5450
-4859
-4607
-5192
-17428
-123
1621
-166
778
-6415
-9108
-6862
-6351
-5971
-311
914
-11417
-13196
-11819
-11781
-11833
19
831
-205
400
11327
-7279
-8012
-5903
-12226
-106
647
13965
-11653
-12489
-11312
9398
-247
871
-90
2910
-4827
-7570
-4871
-5134
-4669
-414
2733
-6101
-9438
-7618
-6655
-7173
-55
1995
22
1064
7845
-4668
-6131
-4193
-26124
16
-365
7892
-6294
-6241
-6303
-22924
-176
-1207
-192
6432
-4768
-5715
-2350
-5667
-4533
-161
5877
-5599
-7675
-6563
-6669
-3062
-32
4193
-199
-430
6268
-4545
-7443
-4579
-30289
154
-594
2600
-6481
-7308
-7244
-27059
74
-980
-228
285
-4313
-1628
-693
-4332
-3498
-206
77
-5276
-2912
-4205
-5020
-560
-75
-258
-87
-1747
2011
-4479
-4319
-3248
-14787
-41
-1171
-183
-5450
-5727
-5052
-14232
-124
-528
130
-659
-1648
681
-1942
-1133
-1343
-59
-549
-4243
-756
-4445
-3459
-679
-89
-789
-105
661
512
-1776
-1756
-1364
-16299
-279
147
-509
-2021
-5023
-3518
-11232
-207
88
127
-42
-2271
440
-2431
-1412
-2113
-6
228
-3716
-841
-3308
-3271
-1434
-7
-789
1
590
602
-2305
-3448
-2107
-16225
-153
240
-64
-2690
-5142
-3323
-15290
-274
446
-178
2959
-4097
-5460
-4988
-4288
-5329
-72
3976
-4703
-6388
-5589
-5612
-3481
85
2576
-145
3562
4990
-4823
-8163
-5257
-21263
205
4176
2010
-6260
-7506
-6740
-23211
60
2995
-89
5228
-6234
-9433
-6629
-7226
-7051
34
5560
-6710
-10480
-9488
-8536
-6341
43
2692
-139
-94
10670
-7800
-9107
-7197
-16084
290
-518
6789
-8385
-7876
-9144
-16346
55
-290
52
930
-4003
-6077
-3585
-4123
-3665
-116
-405
-5622
-5909
-6334
-6427
-5611
-118
-293
-85
240
6733
-3790
-5870
-3823
-22852
70
61
5840
-6356
-7254
-6388
-19438
-211
303
-11
-511
-5508
-7518
-6606
-5612
-5219
-13
-306
-7721
-8538
-7787
-8351
-5550
-26
307
-56
5210
7736
-5352
-6544
-5027
-20224
262
4583
5319
-9060
-8224
-8172
-15389
42
2370
-91
34
-9904
-12970
-9958
-8159
-9592
192
120
-8224
-13752
-8478
-8176
-4699
85
280
-206
-606
13434
-9226
-11625
-9428
-2905
447
-654
8095
-9599
-8352
-8524
-15355
156
-489
-250
-385
-5556
-2866
-3251
-3450
-3962
-182
24
-8256
-4753
-4859
-6260
-1023
-78
246
-126
-6888
4534
-3623
-5778
-3717
-29099
62
-5319
-507
-6775
-7729
-6045
-24250
32
-4113
108
-208
-1662
-618
-1388
-991
-1740
14
-87
-1882
-767
-2314
-1678
-88
-20
-77
-143
851
285
-1921
-2017
-1650
-16943
-237
442
-308
-976
-3622
-2344
-21502
-226
48
20
-262
-2163
-932
-1778
-1899
-2504
-98
338
-3617
-1212
-2534
-3050
-1989
-29
-959
42
1858
568
-2013
-4371
-2486
-18111
-50
1933
-1135
-2674
-5881
-3678
-16964
-107
1820
-173
-961
-7570
-6042
-7881
-7283
-6952
-68
-1225
-8839
-6591
-6924
-7966
-3931
175
-838
-220
5835
8355
-6576
-10008
-7005
-14024
217
5190
3146
-8541
-9605
-8985
-17538
161
2954
-266
-1263
-12062
-12580
-11841
-10050
-11508
29
-1377
-8185
-10738
-8932
-6805
-5846
218
-291
-254
-327
14019
-11277
-12660
-11390
9739
395
-395
8617
-8780
-7232
-7683
-16144
322
-170
-116
-197
-4937
-5271
-3906
-3892
-3610
-163
1009
-7449
-5347
-6358
-6548
-5499
-62
1460
55
-2023
5684
-3735
-4642
-3758
-20880
74
-1589
4755
-6760
-6617
-6846
-14858
6
-88
-74
-166
-5520
-4904
-6217
-5159
-4404
-223
2689
-8892
-5959
-9155
-8319
-6344
8
4313
-4
260
5270
-4413
-3432
-4566
-25400
-39
-803
5167
-9133
-8292
-8746
-13900
-63
-775
-112
-4929
-5752
-5480
-6176
-4576
-4836
-102
-4058
-7322
-7747
-7705
-6927
-414
-45
-2742
-173
-216
4321
-4163
-1887
-4664
-21522
98
404
983
-7853
-6094
-6960
-16060
29
56
-118
-1016
-4089
-2283
-4859
-2532
-3296
-179
-1328
-4230
-2454
-4071
-3593
-1035
63
-1656
-186
-2570
651
-3109
-806
-3234
-18904
-244
-2103
-1376
-4280
-2901
-4624
-21616
-166
-1556
47
435
-1299
-3735
-2253
-3293
-3459
-25
1212
-1097
-4207
-4171
-3408
-318
-94
1724
-172
1182
1208
-2772
-4888
-3409
-18991
-28
752
-791
-3080
-6038
-3882
-23399
0
548
29
516
-3552
-3567
-1789
-3446
-3609
-195
560
-3388
-3495
-3257
-2780
-2348
-4
422
-16
971
1899
-3477
-4121
-3438
-15064
41
-179
1038
-3091
-4730
-2551
-19722
22
587
191
-1825
-4297
-2507
-3553
-4156
-3504
-114
-2146
-6006
-2714
-4233
-4554
-1051
-147
-1319
125
997
2048
-3306
-2763
-3530
-16106
-24
-132
424
-4959
-5935
-3917
-15904
-154
-699
102
-4059
-3954
-2283
-4007
-1853
-2698
-67
-5294
-5624
-3620
-4809
-4267
139
-47
-4473
197
474
3843
-1937
-3810
-2649
-28888
161
1276
1519
-4751
-6069
-3712
-28112
85
1730
-51
-1455
-5552
-5622
-6684
-4574
-4498
-280
-1235
-7162
-6016
-7555
-6663
-6809
85
-2074
-80
1278
4531
-3513
-3241
-4586
-19721
-171
2714
6188
-7023
-5892
-7213
-15891
-168
5354
19
-1231
-7232
-8120
-8397
-6555
-7018
-283
-1233
-14063
-11566
-13299
-13937
-14601
24
-1781
-132
-637
7613
-7496
-7967
-7016
-13116
-158
-1361
11253
-14576
-14422
-14225
18766
-52
-1467
160
-505
-4050
-4092
-2844
-2310
-2936
-75
-39
-5272
-5864
-5852
-5355
-4084
-154
-300
-47
57
3909
-3160
-3680
-2568
-25226
-125
-993
4281
-5568
-6052
-5146
-18247
-105
-1876
121
264
-5087
-3169
-5252
-4406
-4247
-39
1290
-4593
-3459
-5560
-4952
-2448
51
1281
-301
-717
55
-4722
15
-4292
-18460
-441
-633
877
-4426
-3794
-5336
-21341
-321
-297
97
98
1130
-3903
-3782
-4389
-3740
-146
-208
-861
-4897
-7110
-6600
-1323
-144
-909
-154
1243
-635
-2967
-4531
-3906
-18733
-72
890
-4409
-6046
-8060
-5734
-12376
18
916
78
-606
-1158
-3799
-2577
-3781
-3086
-238
-494
-2764
-4174
-6068
-4628
-512
-97
-356
89
758
1659
-2924
-3373
-2908
-21620
-50
-1047
-1573
-4538
-5629
-2526
-20318
-79
-368
213
-455
-2696
-2539
-3717
-3285
-3344
-247
623
-4035
-3064
-5639
-4009
-1150
-95
1550
206
263
943
-3125
-2319
-3093
-15274
-98
-436
-1460
-4514
-5520
-2458
-12519
-84
-233
84
712
-1224
-1187
-1992
-778
-1157
-39
842
-4010
-4138
-4201
-4126
-261
-86
246
95
132
1303
-1297
-1579
-1157
-24536
67
-156
303
-3592
-5304
-2784
-15631
20
-582
115
9
-1874
-2105
-2312
-1242
-1541
-21
-221
-4325
-3937
-3179
-4658
-2822
-91
-428
-28
379
996
-406
-1589
-1560
-19024
-134
51
1879
-4065
-4927
-3926
-10885
-233
-17
52
-1437
-4392
-5376
-3013
-2644
-4185
-134
-1853
-4378
-4051
-2792
-3610
-4896
55
-2206
8
-807
2349
-3085
-4695
-4199
-13215
-18
-443
3433
-5279
-5573
-3783
-15945
-46
-756
140
-98
-3482
-3208
-2111
-2187
-3456
15
175
-4556
-3008
-4419
-5044
-5317
36
131
-237
2147
1474
-4626
-4471
-3387
-17534
-116
1707
1679
-5822
-6407
-4383
-12796
-131
1375
103
665
-4637
-2521
-6644
-5406
-5316
-48
916
-5804
-2510
-8504
-7780
-3635
98
340
-437
-1486
-581
-6428
-1040
-5273
-20849
-316
-1140
-1755
-7362
-6174
-7194
-17429
-142
-716
-23
-1281
535
-2081
-3453
-3096
-3102
-180
-1576
-267
-3059
-5117
-4442
-1868
-208
-1175
-71
1126
-893
-3157
-2534
-3051
-20096
85
977
-3844
-3021
-5089
-2404
-19166
172
1110
30
-361
763
-1839
-2257
-2257
-2307
-260
-869
-2246
-3629
-5914
-5499
-1299
-178
-397
129
734
-355
-2651
-2757
-2232
-22388
17
-635
-4681
-4339
-6063
-941
-13198
-35
-363
-179
-34
-435
-3925
-3671
-2835
-3132
-486
-534
-2702
-4612
-6009
-5082
-2534
-200
-750
233
1466
1465
-3535
-2398
-2875
-19945
179
1286
-2348
-5210
-5186
-1225
-14155
126
1479
-176
-469
-727
-3650
-3568
-1969
-2723
-359
12
-3233
-5672
-5701
-5102
-718
-113
-495
40
-143
1028
-3520
-1486
-2572
-21078
161
432
-1942
-5722
-5694
-3214
-13214
55
339
-250
-123
-1355
-2441
-642
-1172
-1526
-179
902
-3254
-4340
-2452
-3352
-315
-201
340
-58
-1518
222
-1488
-1243
-1426
-20265
54
-1825
-896
-3460
-4397
-2489
-14835
-67
-1672
-164
-394
-2275
-3007
-481
-1643
-2446
-235
-49
-2978
-3356
-1453
-2425
-2416
-121
-762
112
-1044
-892
-2212
-1624
-2423
-19495
-6
-803
-985
-3361
-3866
-1567
-19948
-28
-333
72
-1262
-2316
-2249
-3515
-2041
-3164
-212
-3652
-4128
-2041
-4861
-4818
-3700
34
-3373
-135
2579
-1208
-3803
-900
-3178
-26535
-183
1521
-2405
-5161
-4640
-3410
-21569
-195
1027
-18
-1820
-4137
-2246
-6425
-4340
-5001
-129
-2372
-5172
-2417
-7647
-6604
-1084
23
-1217
-374
-1023
-1905
-5649
228
-4923
-20213
-318
-400
-4082
-7029
-5186
-6021
-19108
-131
425
-168
-554
-380
-1712
-1202
-1103
-1826
-274
-387
-359
-2631
-3495
-2363
-1592
-105
338
-158
309
-1850
-2421
-301
-1748
-17438
-11
95
-2360
-1558
-2375
-1434
-16780
126
-63
-192
-755
150
-1425
-417
-206
-1125
-432
-1462
-37
-1846
-2527
-1267
-1490
-201
-217
101
-462
-1711
-1299
-867
-979
-22152
-182
-436
-2655
150
-2684
809
-22329
43
-562
-216
-1340
626
-2135
-1557
-1201
-1545
-459
-1656
-587
-2705
-3428
-3298
-2118
-285
-532
221
1252
-1704
-1773
-927
-1504
-17915
-53
886
-3213
-3091
-3491
-1029
-12552
176
585
-409
-2276
-392
-1999
-1909
-1129
-1560
-425
-1730
-2050
-3064
-3809
-3292
399
-277
-1121
103
5
-1467
-2404
279
-1487
-19727
167
575
-3452
-4358
-3327
-2966
-15183
267
748
-470
-2372
-2607
-4007
-1697
-1897
-2563
-378
-1330
-3732
-5105
-3145
-3065
-639
-314
-1188
-73
-1099
51
-2995
-719
-2369
-19760
166
133
108
-4570
-3698
-3033
-20085
247
947
-374
-1024
-2833
-4666
-2744
-2121
-3086
-361
-867
-3509
-5644
-4046
-3314
-2963
-289
-935
-45
-1144
1246
-3970
-702
-2805
-13434
17
-1077
2147
-4391
-3374
-2021
-13721
113
-707
151
-790
-1141
-2174
-1691
491
-1204
-127
-829
-2137
-2041
-3477
-1860
-1729
-100
-580
-141
557
-482
-1910
130
-1006
-15397
-349
-285
-549
-2609
-2381
-612
-12406
-159
-255
134
-1261
-1538
-1951
-2383
704
-1596
37
-1618
-419
-928
-2497
-865
-816
-82
-989
-334
-368
-2303
-1354
616
-1503
-13737
-398
43
-1754
-2247
-1842
-991
-15973
-214
281
0
0
0
0
0
0
0
0
0
0
0
-1408
-1488
-293
-1529
-1049
0
0
0
0
0
0
0
0
0
0
0
1745
-1328
-1213
-1016
-18864
0
0
0
0
0
0
0
0
0
0
0
-2195
-1971
-479
-1055
-1124
0
0
0
0
0
0
0
0
0
0
0
1555
-1211
-918
-1109
-16173
0
0
0
0
0
0
0
0
0
0
0
-2310
-2517
-1739
-1914
-1540
0
0
0
0
0
0
0
0
0
0
0
1621
-725
-1512
-1620
-14680
0
0
0
0
0
0
0
0
0
0
0
-2261
-2817
-2008
-1615
-1599
0
0
0
0
0
0
0
0
0
0
0
2434
-1323
-1817
-1773
-18562
0
0
0
0
0
0
0
0
0
0
0
-2512
-2828
-2136
-1437
-2005
0
0
0
0
0
0
0
0
0
0
0
3099
-1716
-4103
-2049
-20594
0
0
0
0
0
0
0
0
0
0
0
-1179
-926
-1237
-1448
-1380
0
0
0
0
0
0
0
0
0
0
0
1220
-1125
-2819
-1277
-18330
0
0
0
0
0
0
0
0
0
0
0
-1191
-288
-832
-2179
-1705
0
0
0
0
0
0
0
0
0
0
0
581
-2282
-2475
-1758
-15272
0
0
0
0
0
0
0
0
0
0
0
-2220
-1221
-1591
-2053
-2420
0
0
0
0
0
0
0
0
0
0
0
686
-3481
-2239
-2322
-12481
0
0
0
0
0
0
0
0
0
0
0
-1915
-1326
-870
-1166
-1415
0
0
0
0
0
0
0
0
0
0
0
2832
-2024
-2391
-1273
-17331
0
0
0
0
0
0
0
0
0
0
0
-2518
-1612
-148
-1213
-1390
0
0
0
0
0
0
0
0
0
0
0
2282
-2066
-2169
-1253
-17636
0
0
0
0
0
0
0
0
0
0
0
-1549
-2141
104
-1842
-1369
0
0
0
0
0
0
0
0
0
0
0
894
-1094
-2809
-1391
-18587
0
0
0
0
0
0
0
0
0
0
0
-3180
-4433
-3012
-2852
-2697
0
0
0
0
0
0
0
0
0
0
0
3749
-3374
-2942
-3057
-16318
0
0
0
0
0
0
0
0
0
0
0
-4222
-5813
-3483
-4257
-2943
0
0
0
0
0
0
0
0
0
0
0
8101
-4769
-5393
-3228
-16068
0
0
0
0
0
0
0
0
0
0
0
-3487
-5366
-4036
-4644
-3867
0
0
0
0
0
0
0
0
0
0
0
4923
-2784
-6000
-4060
-23973
0
0
0
0
0
0
0
0
0
0
0
-2666
-4659
-3580
-5655
-5029
0
0
0
0
0
0
0
0
0
0
0
3881
-4515
-7067
-5074
-22513
0
0
0
0
0
0
0
0
0
0
0
-1965
-1698
-924
-3211
-2497
0
0
0
0
0
0
0
0
0
0
0
1745
-3520
-2884
-2371
-15468
0
0
0
0
0
0
0
0
0
0
0
-894
-477
-1512
-517
-1168
0
0
0
0
0
0
0
0
0
0
0
614
-1007
-1218
-947
-14973
0
0
0
0
0
0
0
0
0
0
0
-1674
-146
-1903
336
-1466
0
0
0
0
0
0
0
0
0
0
0
-191
-1587
-2632
-1337
-16535
0
0
0
0
0
0
0
0
0
0
0
-6025
-4795
-5992
-3538
-5796
0
0
0
0
0
0
0
0
0
0
0
3465
-6767
-6650
-6122
-13164
0
0
0
0
0
0
0
0
0
0
0
-6949
-7317
-7434
-6821
-7054
0
0
0
0
0
0
0
0
0
0
0
9343
-10026
-7108
-7155
-9716
0
0
0
0
0
0
0
0
0
0
0
-3027
-5771
-4357
-2326
-3830
0
0
0
0
0
0
0
0
0
0
0
4619
-5079
-5172
-4030
-19091
0
0
0
0
0
0
0
0
0
0
0
-5744
-6656
-6042
-4734
-5276
0
0
0
0
0
0
0
0
0
0
0
6649
-5935
-6503
-5482
-17354
0
0
0
0
0
0
0
0
0
0
0
-12827
-11764
-11566
-11839
-12359
0
0
0
0
0
0
0
0
0
0
0
11419
-13931
-11919
-12591
16723
0
0
0
0
0
0
0
0
0
0
0
-4820
-3716
-3684
-4580
-4285
0
0
0
0
0
0
0
0
0
0
0
4361
-3875
-4929
-4084
-23746
0
0
0
0
0
0
0
0
0
0
0
-1512
-781
-1341
-70
-1443
0
0
0
0
0
0
0
0
0
0
0
205
-1147
-2114
-1295
-16335
0
0
0
0
0
0
0
0
0
0
0
-2563
-1046
-1262
-227
-1798
0
0
0
0
0
0
0
0
0
0
0
-428
-1054
-4167
-1990
-18694
0
0
0
0
0
0
0
0
0
0
0
-7817
-4619
-6357
-6128
-5896
0
0
0
0
0
0
0
0
0
0
0
7049
-5531
-8149
-6095
-15973
0
0
0
0
0
0
0
0
0
0
0
-11007
-9009
-10027
-12001
-9976
0
0
0
0
0
0
0
0
0
0
0
11703
-11699
-10279
-10199
6405
0
0
0
0
0
0
0
0
0
0
0
-4041
-5463
-4180
-2786
-3931
0
0
0
0
0
0
0
0
0
0
0
2410
-3700
-4603
-4163
-16092
0
0
0
0
0
0
0
0
0
0
0
-2795
-4060
-4744
-2808
-2997
0
0
0
0
0
0
0
0
0
0
0
3714
-4090
-3233
-3144
-27491
0
0
0
0
0
0
0
0
0
0
0
-5026
-4345
-6350
-5180
-4682
0
0
0
0
0
0
0
0
0
0
0
4517
-6094
-2685
-4695
-15656
0
0
0
0
0
0
0
0
0
0
0
-4095
-2556
-4680
-2492
-3210
0
0
0
0
0
0
0
0
0
0
0
1076
-2500
-1288
-3071
-16401
0
0
0
0
0
0
0
0
0
0
0
-3589
-2287
-2549
-2382
-2800
0
0
0
0
0
0
0
0
0
0
0
2380
-1439
-4374
-2817
-18260
0
0
0
0
0
0
0
0
0
0
0
-4274
-2292
-866
-2520
-2515
0
0
0
0
0
0
0
0
0
0
0
1154
-936
-4136
-2682
-17249
0
0
0
0
0
0
0
0
0
0
0
-2230
-1960
-2754
-1673
-2027
0
0
0
0
0
0
0
0
0
0
0
1009
-941
-2795
-1968
-21227
0
0
0
0
0
0
0
0
0
0
0
-2823
-3507
-5552
-1568
-3711
0
0
0
0
0
0
0
0
0
0
0
1884
-3007
-5265
-3777
-20017
0
0
0
0
0
0
0
0
0
0
0
-4319
-4969
-4831
-2378
-3447
0
0
0
0
0
0
0
0
0
0
0
1740
-1434
-3929
-3690
-19581
0
0
0
0
0
0
0
0
0
0
0
-5271
-6176
-4080
-3577
-3898
0
0
0
0
0
0
0
0
0
0
0
4390
-5123
-6534
-4240
-15612
0
0
0
0
0
0
0
0
0
0
0
-3180
-3311
-3161
-1518
-3042
0
0
0
0
0
0
0
0
0
0
0
1591
-3886
-4067
-3347
-19379
0
0
0
0
0
0
0
0
0
0
0
-3052
-2695
-4008
-2275
-3132
0
0
0
0
0
0
0
0
0
0
0
429
-3888
-633
-3145
-19393
0
0
0
0
0
0
0
0
0
0
0
-4127
-2851
-3661
-3285
-3254
0
0
0
0
0
0
0
0
0
0
0
3081
-2230
-3422
-3116
-16377
0
0
0
0
0
0
0
0
0
0
0
-4929
-3391
-3042
-3472
-3318
0
0
0
0
0
0
0
0
0
0
0
3171
-2292
-3027
-3211
-17168
0
0
0
0
0
0
0
0
0
0
0
-2907
-1902
-2284
-2208
-2101
0
0
0
0
0
0
0
0
0
0
0
1970
-1932
-1752
-2234
-18015
0
0
0
0
0
0
0
0
0
0
0
-2872
-2185
-2331
-312
-2196
0
0
0
0
0
0
0
0
0
0
0
928
-3006
-2248
-2366
-15255
0
0
0
0
0
0
0
0
0
0
0
-2323
-2656
-2624
-626
-2061
0
0
0
0
0
0
0
0
0
0
0
-231
-1331
-2215
-2102
-12091
0
0
0
0
0
0
0
0
0
0
0
-3223
-4274
-2821
-1327
-3200
0
0
0
0
0
0
0
0
0
0
0
986
-3642
-4469
-3470
-15162
0
0
0
0
0
0
0
0
0
0
0
-4186
-3404
-2015
-1111
-3625
0
0
0
0
0
0
0
0
0
0
0
1593
-5392
-4828
-3913
-12355
0
0
0
0
0
0
0
0
0
0
0
-4703
-3633
-6198
-3104
-4860
0
0
0
0
0
0
0
0
0
0
0
1206
-6669
-1301
-4775
-14146
0
0
0
0
0
0
0
0
0
0
0
-2847
-1769
-3477
-2238
-2943
0
0
0
0
0
0
0
0
0
0
0
2539
-4145
-2144
-2801
-16683
0
0
0
0
0
0
0
0
0
0
0
-4017
-2245
-2831
-847
-2836
0
0
0
0
0
0
0
0
0
0
0
2377
-4626
-2170
-2753
-15622
0
0
0
0
0
0
0
0
0
0
0
-4996
-3691
-3488
-1890
-3438
0
0
0
0
0
0
0
0
0
0
0
3558
-5069
-2166
-3358
-14436
0
0
0
0
0
0
0
0
0
0
0
-4926
-3714
-4085
-675
-3731
0
0
0
0
0
0
0
0
0
0
0
1837
-6282
-1584
-3619
-11877
0
0
0
0
0
0
0
0
0
0
0
-3182
-2388
-701
-779
-2164
0
0
0
0
0
0
0
0
0
0
0
-126
-2542
-1511
-2075
-14497
0
0
0
0
0
0
0
0
0
0
0
-2513
-2501
-310
-419
-2091
0
0
0
0
0
0
0
0
0
0
0
-1289
-2401
-1904
-2193
-19600
0
0
0
0
0
0
0
0
0
0
0
-3296
-2624
-3270
1062
-2802
0
0
0
0
0
0
0
0
0
0
0
-273
-3994
-2670
-2833
-23141
0
0
0
0
0
0
0
0
0
0
0
-4492
-2602
-5380
-1773
-4140
0
0
0
0
0
0
0
0
0
0
0
87
-5669
-905
-3913
-16677
0
0
0
0
0
0
0
0
0
0
0
-1782
-989
-804
-883
-1389
0
0
0
0
0
0
0
0
0
0
0
581
-2056
-740
-1260
-16810
0
0
0
0
0
0
0
0
0
0
0
-2003
-1120
-1145
24
-1413
0
0
0
0
0
0
0
0
0
0
0
-322
-1206
-1064
-1421
-18970
0
0
0
0
0
0
0
0
0
0
0
-2181
-1408
-1689
-569
-1464
0
0
0
0
0
0
0
0
0
0
0
491
-1925
-448
-1388
-15883
0
0
0
0
0
0
0
0
0
0
0
-2610
-1623
-1973
-529
-1772
0
0
0
0
0
0
0
0
0
0
0
260
-2795
535
-1473
-17041
0
0
0
0
0
0
0
0
0
0
0
-3518
-2490
-925
-1422
-1928
0
0
0
0
0
0
0
0
0
0
0
638
-1761
-987
-1579
-21220
0
0
0
0
0
0
0
0
0
0
0
-2901
-2516
-1712
-924
-1838
0
0
0
0
0
0
0
0
0
0
0
1392
-2974
-1045
-1647
-16662
0
0
0
0
0
0
0
0
0
0
0
-1382
-1686
-1631
1370
-1189
0
0
0
0
0
0
0
0
0
0
0
-260
-2249
-1123
-1205
-13734
0
0
0
0
0
0
0
0
0
0
0
-2205
-2373
-2752
890
-2056
0
0
0
0
0
0
0
0
0
0
0
-1402
-2039
-1216
-2057
-9669
0
0
0
0
0
0
0
0
0
0
0
0
0
0
0
0
0
0
0
0
0
0
0
0
0
0
0
0
0
0
0
0
0
0
0
0
0
0
0
0
0
0
0
0
0
0
0
0
0
0
0
0
0
0
0
0
0
0
0
0
0
0
0
0
0
0
0
0
0
0
0
0
0
0
0
0
0
0
0
0
0
0
0
0
0
0
0
0
0
0
0
0
0
0
0
0
0
0
0
0
0
0
0
0
0
0
0
0
0
0
0
0
0
0
0
0
0
0
0
0
0
0
0
0
0
0
0
0
0
0
0
0
0
0
0
0
0
0
0
0
0
0
0
0
0
0
0
0
0
0
0
0
0
0
0
0
0
0
0
0
0
0
0
0
0
0
0
0
0
0
0
0
0
0
0
0
0
0
0
0
0
0
0
0
0
0
0
0
0
0
0
0
0
0
0
0
0
0
0
0
0
0
0
0
0
0
0
0
0
0
0
0
0
0
0
0
0
0
0
0
0
0
0
0
0
0
0
0
0
0
0
0
0
0
0
0
0
0
0
0
0
0
0
0
0
0
0
0
0
0
0
0
0
0
0
0
0
0
0
0
0
0
0
0
0
0
0
0
0
0
0
0
0
0
0
0
0
0
0
0
0
0
0
0
0
0
0
0
0
0
0
0
0
0
0
0
0
0
0
0
0
0
0
0
0
0
0
0
0
0
0
0
0
0
0
0
0
0
0
0
0
0
0
0
0
0
0
0
0
0
0
0
0
0
0
0
0
0
0
0
0
0
0
0
0
0
0
0
0
0
0
0
0
0
0
0
0
0
0
0
0
0
0
0
0
0
0
0
0
0
0
0
0
0
0
0
0
0
0
0
0
0
0
0
0
0
0
0
0
0
0
0
0
0
0
0
0
0
0
0
0
0
0
0
0
0
0
0
0
0
0
0
0
0
0
0
0
0
0
0
0
0
0
0
0
0
0
0
0
0
0
0
0
0
0
0
0
0
0
0
0
0
0
0
0
0
0
0
0
0
0
0
0
0
0
0
0
0
0
0
0
0
0
0
0
0
0
0
0
0
0
0
0
0
0
0
0
0
0
0
0
0
0
0
0
0
0
0
0
0
0
0
0
0
0
0
0
0
0
0
0
0
0
0
0
0
0
0
0
0
0
0
0
0
0
0
0
0
0
0
0
0
0
0
0
0
0
0
0
0
0
0
0
0
0
0
0
0
0
0
0
0
0
0
0
0
0
0
0
0
0
0
0
0
0
0
0
0
0
0
0
0
0
0
0
0
0
0
0
0
0
0
0
0
0
0
0
0
0
0
0
0
0
0
0
0
0
0
0
0
0
0
0
0
0
0
0
0
0
0
0
0
0
0
0
0
0
0
0
0
0
0
0
0
0
0
0
0
0
0
0
0
0
0
0
0
0
0
0
0
0
0
0
0
0
0
0
0
0
0
0
0
0
0
0
0
0
0
0
0
0
0
0
0
0
0
0
0
0
0
0
0
0
0
0
0
0
0
0
0
0
0
0
0
0
0
0
0
0
0
0
0
0
0
0
0
0
0
0
0
0
0
0
0
0
0
0
0
0
0
0
0
0
0
0
0
0
0
0
0
0
0
0
0
0
0
0
0
0
0
0
0
0
0
0
0
0
0
0
0
0
0
0
0
0
0
0
0
0
0
0
0
0
0
0
0
0
0
0
0
0
0
0
0
0
0
0
0
0
0
0
0
0
0
0
0
0
0
0
0
0
0
0
0
0
0
0
0
0
0
0
0
0
0
0
0
0
0
0
0
0
0
0
0
0
0
0
0
0
0
0
0
0
0
0
0
0
0
0
0
0
0
0
0
0
0
0
0
0
0
0
0
0
0
0
0
0
0
0
0
0
0
0
0
0
0
0
0
0
0
0
0
0
0
0
0
0
0
0
0
0
0
0
0
0
0
0
0
0
0
0
0
0
0
0
0
0
0
0
0
0
0
0
0
0
0
0
0
0
0
0
0
0
0
0
0
0
0
0
0
0
0
0
0
0
0
0
0
0
0
0
0
0
0
0
0
0
0
0
0
0
0
0
0
0
0
0
0
0
0
0
0
0
0
0
0
0
0
0
0
0
0
0
0
0
0
0
0
0
0
0
0
0
0
0
0
0
0
0
0
0
0
0
0
0
0
0
0
0
0
0
0
0
0
0
0
0
0
0
0
0
0
0
0
0
0
0
0
0
0
0
0
0
0
0
0
0
0
0
0
0
0
0
0
0
0
0
0
0
0
0
0
0
0
0
0
0
0
0
0
0
0
0
0
0
0
0
0
0
0
0
0
0
0
0
0
0
0
0
0
0
0
0
0
0
0
0
0
0
0
0
0
0
0
0
0
0
0
0
0
0
0
0
0
0
0
0
0
0
0
0
0
0
0
0
0
0
0
0
0
0
0
0
0
0
0
0
0
0
0
0
0
0
0
0
0
0
0
0
0
0
0
0
0
0
0
0
0
0
0
0
0
0
0
0
0
0
0
0
0
0
0
0
0
0
0
0
0
0
0
0
0
0
0
0
0
0
0
0
0
0
0
0
0
0
0
0
0
0
0
0
0
0
0
0
0
0
0
0
0
0
0
0
0
0
0
0
0
0
0
0
0
0
0
0
0
0
0
0
0
0
0
0
0
0
0
0
0
0
0
0
0
0
0
0
0
0
0
0
0
0
0
0
0
0
0
0
0
0
0
0
0
0
0
0
0
0
0
0
0
0
0
0
0
0
0
0
0
0
0
0
0
0
0
0
0
0
0
0
0
0
0
0
0
0
0
0
0
0
0
0
0
0
0
0
0
0
0
0
0
0
0
0
0
0
0
0
0
0
0
0
0
0
0
0
0
0
0
0
0
0
0
0
0
0
0
0
0
0
0
0
0
0
0
0
0
0
0
0
0
0
0
0
0
0
0
0
0
0
0
0
0
0
0
0
0
0
0
0
0
0
0
0
0
0
0
0
0
0
0
0
0
0
0
0
0
0
0
0
0
0
0
0
0
0
0
0
0
0
0
0
0
0
0
0
0
0
0
0
0
0
0
0
0
0
0
0
0
0
0
0
0
0
0
0
0
0
0
0
0
0
0
0
0
0
0
0
0
0
0
0
0
0
0
0
0
0
0
0
0
0
0
0
0
0
0
0
0
0
0
0
0
0
0
0
0
0
0
0
0
0
0
0
0
0
0
0
0
0
0
0
0
0
0
0
0
0
0
0
0
0
0
0
0
0
0
0
0
0
0
0
0
0
0
0
0
0
0
0
0
0
0
0
0
0
0
0
0
0
0
0
0
0
0
0
0
0
0
0
0
0
0
0
0
0
0
0
0
0
0
0
0
0
0
0
0
0
0
0
0
0
0
0
0
0
0
0
0
0
0
0
0
0
0
0
0
0
0
0
0
0
0
0
0
0
0
0
0
0
0
0
0
0
0
0
0
0
0
0
0
0
0
0
0
0
0
0
0
0
0
0
0
0
0
0
0
0
0
0
0
0
0
0
0
0
0
0
0
0
0
0
0
0
0
0
0
0
0
0
0
0
0
0
0
0
0
0
0
0
0
0
0
0
0
0
0
0
0
0
0
0
0
0
0
0
0
0
0
0
0
0
0
0
0
0
0
0
0
0
0
0
0
0
0
0
0
0
0
0
0
0
0
0
0
0
0
0
0
0
0
0
0
0
0
0
0
0
0
0
0
0
0
0
0
0
0
0
0
0
0
0
0
0
0
0
0
0
0
0
0
0
0
0
0
0
0
0
0
0
0
0
0
0
0
0
0
0
0
0
0
0
0
0
0
0
0
0
0
0
0
0
0
0
0
0
0
0
0
0
0
0
0
0
0
0
0
0
0
0
0
0
0
0
0
0
0
0
0
0
0
0
0
0
0
0
0
0
0
0
0
0
0
0
0
0
0
0
0
0
0
0
0
0
0
0
0
0
0
0
0
0
0
0
0
0
0
0
0
0
0
0
0
0
0
0
0
0
0
0
0
0
0
0
0
0
0
0
0
0
0
0
0
0
0
0
0
0
0
0
0
0
0
0
0
0
0
0
0
0
0
0
0
0
0
0
0
0
0
0
0
0
0
0
0
0
0
0
0
0
0
0
0
0
0
0
0
0
0
0
0
0
0
0
0
0
0
0
0
0
0
0
0
0
0
0
0
0
0
0
0
0
0
0
0
0
0
0
0
0
0
0
0
0
0
0
0
0
0
0
0
0
0
0
0
0
0
0
0
0
0
0
0
0
0
0
0
0
0
0
0
0
0
0
0
0
0
0
0
0
0
0
0
0
0
0
0
0
0
0
0
0
0
0
0
0
0
0
0
0
0
0
0
0
0
0
0
0
0
0
0
0
0
0
0
0
0
0
0
0
0
0
0
0
0
0
0
0
0
0
0
0
0
0
0
0
0
0
0
0
0
0
0
0
0
0
0
0
0
0
0
0
0
0
0
0
0
0
0
0
0
0
0
0
0
0
0
0
0
0
0
0
0
0
0
0
0
0
0
0
0
0
0
0
0
0
0
0
0
0
0
0
0
0
0
0
0
0
0
0
0
0
0
0
0
0
0
0
0
0
0
0
0
0
0
0
0
0
0
0
0
0
0
0
0
0
0
0
0
0
0
0
0
0
0
0
0
0
0
0
0
0
0
0
0
0
0
0
0
0
0
0
0
0
0
0
0
0
0
0
0
0
0
0
0
0
0
0
0
0
0
0
0
0
0
0
0
0
0
0
0
0
0
0
0
0
0
0
0
0
0
0
0
0
0
0
0
0
0
0
0
0
0
0
0
0
0
0
0
0
0
0
0
0
0
0
0
0
0
0
0
0
0
0
0
0
0
0
0
0
0
0
0
0
0
0
0
0
0
0
0
0
0
0
0
0
0
0
0
0
0
0
0
0
0
0
0
0
0
0
0
0
0
0
0
0
0
0
0
0
0
0
0
0
0
0
0
0
0
0
0
0
0
0
0
0
0
0
0
0
0
0
0
0
0
0
0
0
0
0
0
0
0
0
0
0
0
0
0
0
0
0
0
0
0
0
0
0
0
0
0
0
0
0
0
0
0
0
0
0
0
0
0
0
0
0
0
0
0
0
0
0
0
0
0
0
0
0
0
0
0
0
0
0
0
0
0
0
0
0
0
0
0
0
0
0
0
0
0
0
0
0
0
0
0
0
0
0
0
0
0
0
0
0
0
0
0
0
0
0
0
0
0
0
0
0
0
0
0
0
0
0
0
0
0
0
0
0
0
0
0
0
0
0
0
0
0
0
0
0
0
0
0
0
0
0
0
0
0
0
0
0
0
0
0
0
0
0
0
0
0
0
0
0
0
0
0
0
0
0
0
0
0
0
0
0
0
0
0
0
0
0
0
0
0
0
0
0
0
0
0
0
0
0
0
0
0
0
0
0
0
0
0
0
0
0
0
0
0
0
0
0
0
0
0
0
0
0
0
0
0
0
0
0
0
0
0
0
0
0
0
0
0
0
0
0
0
0
0
0
0
0
0
0
0
0
0
0
0
0
0
0
0
0
0
0
0
0
0
0
0
0
0
0
0
0
0
0
0
0
0
0
0
0
0
0
0
0
0
0
0
0
0
0
0
0
0
0
0
0
0
0
0
0
0
0
0
0
0
0
0
0
0
0
0
0
0
0
0
0
0
0
0
0
0
0
0
0
0
0
0
0
0
0
0
0
0
0
0
0
0
0
0
0
0
0
0
0
0
0
0
0
0
0
0
0
0
0
0
0
0
0
0
0
0
0
0
0
0
0
0
0
0
0
0
0
0
0
0
0
0
0
0
0
0
0
0
0
0
0
0
0
0
0
0
0
0
0
0
0
0
0
0
0
0
0
0
0
0
0
0
0
0
0
0
0
0
0
0
0
0
0
0
0
0
0
0
0
0
0
0
0
0
0
0
0
0
0
0
0
0
0
0
0
0
0
0
0
0
0
0
0
0
0
0
0
0
0
0
0
0
0
0
0
0
0
0
0
0
0
0
0
0
0
0
0
0
0
0
0
0
0
0
0
0
0
0
0
0
0
0
0
0
0
0
0
0
0
0
0
0
0
0
0
0
0
0
0
0
0
0
0
0
0
0
0
0
0
0
0
0
0
0
0
0
0
0
0
0
0
0
0
0
0
0
0
0
0
0
0
0
0
0
0
0
0
0
0
0
0
0
0
0
0
0
0
0
0
0
0
0
0
0
0
0
0
0
0
0
0
0
0
0
0
0
0
0
0
0
0
0
0
0
0
0
0
0
0
0
0
0
0
0
0
0
0
0
0
0
0
0
0
0
0
0
0
0
0
0
0
0
0
0
0
0
0
0
0
0
0
0
0
0
0
0
0
0
0
0
0
0
0
0
0
0
0
0
0
0
0
0
0
0
0
0
0
0
0
0
0
0
0
0
0
0
0
0
0
0
0
0
0
0
0
0
0
0
0
0
0
0
0
0
0
0
0
0
0
0
0
0
0
0
0
0
0
0
0
0
0
0
0
0
0
0
0
0
0
0
0
0
0
0
0
0
0
0
0
0
0
0
0
0
0
0
0
0
0
0
0
0
0
0
0
0
0
0
0
0
0
0
0
0
0
0
0
0
0
0
0
0
0
0
0
0
0
0
0
0
0
0
0
0
0
0
0
0
0
0
0
0
0
0
0
0
0
0
0
0
0
0
0
0
0
0
0
0
0
0
0
0
0
0
0
0
0
0
0
0
0
0
0
0
0
0
0
0
0
0
0
0
0
0
0
0
0
0
0
0
0
0
0
0
0
0
0
0
0
0
0
0
0
0
0
0
0
0
0
0
0
0
0
0
0
0
0
0
0
0
0
0
0
0
0
0
0
0
0
0
0
0
0
0
0
0
0
0
0
0
0
0
0
0
0
0
0
0
0
0
0
0
0
0
0
0
0
0
0
0
0
0
0
0
0
0
0
0
0
0
0
0
0
0
0
0
0
0
0
0
0
0
0
0
0
0
0
0
0
0
0
0
0
0
0
0
0
0
0
0
0
0
0
0
0
0
0
0
0
0
0
0
0
0
0
0
0
0
0
0
0
0
0
0
0
0
0
0
0
0
0
0
0
0
0
0
0
0
0
0
0
0
0
0
0
0
0
0
0
0
0
0
0
0
0
0
0
0
0
0
0
0
0
0
0
0
0
0
0
0
0
0
0
0
0
0
0
0
0
0
0
0
0
0
0
0
0
0
0
0
0
0
0
0
0
0
0
0
0
0
0
0
0
0
0
0
0
0
0
0
0
0
0
0
0
0
0
0
0
0
0
0
0
0
0
0
0
0
0
0
0
0
0
0
0
0
0
0
0
0
0
0
0
0
0
0
0
0
0
0
0
0
0
0
0
0
0
0
0
0
0
0
0
0
0
0
0
0
0
0
0
0
0
0
0
0
0
0
0
0
0
0
0
0
0
0
0
0
0
0
0
0
0
0
0
0
0
0
0
0
0
0
0
0
0
0
0
0
0
0
0
0
0
0
0
0
0
0
0
0
0
0
0
0
0
0
0
0
0
0
0
0
0
0
0
0
0
0
0
0
0
0
0
0
0
0
0
0
0
0
0
0
0
0
0
0
0
0
0
0
0
0
0
0
0
0
0
0
0
0
0
0
0
0
0
0
0
0
0
0
0
0
0
0
0
0
0
0
0
0
0
0
0
0
0
0
0
0
0
0
0
0
0
0
0
0
0
0
0
0
0
0
0
0
0
0
0
0
0
0
0
0
0
0
0
0
0
0
0
0
0
0
0
0
0
0
0
0
0
0
0
0
0
0
0
0
0
0
0
0
0
0
0
0
0
0
0
0
0
0
0
0
0
0
0
0
0
0
0
0
0
0
0
0
0
0
0
0
0
0
0
0
0
0
0
0
0
0
0
0
0
0
0
0
0
0
0
0
0
0
0
0
0
0
0
0
0
0
0
0
0
0
0
0
0
0
0
0
0
0
0
0
0
0
0
0
0
0
0
0
0
0
0
0
0
0
0
0
0
0
0
0
0
0
0
0
0
0
0
0
0
0
0
0
0
0
0
0
0
0
0
0
0
0
0
0
0
0
0
0
0
0
0
0
0
0
0
0
0
0
0
0
0
0
0
0
0
0
0
0
0
0
0
0
0
0
0
0
0
0
0
0
0
0
0
0
0
0
0
0
0
0
0
0
0
0
0
0
0
0
0
0
0
0
0
0
0
0
0
0
0
0
0
0
0
0
0
0
0
0
0
0
0
0
0
0
0
0
0
0
0
0
0
0
0
0
0
0
0
0
0
0
0
0
0
0
0
0
0
0
0
0
0
0
0
0
0
0
0
0
0
0
0
0
0
0
0
0
0
0
0
0
0
0
0
0
0
0
0
0
0
0
0
0
0
0
0
0
0
0
0
0
0
0
0
0
0
0
0
0
0
0
0
0
0
0
0
0
0
0
0
0
0
0
0
0
0
0
0
0
0
0
0
0
0
0
0
0
0
0
0
0
0
0
0
0
0
0
0
0
0
0
0
0
0
0
0
0
0
0
0
0
0
0
0
0
0
0
0
0
0
0
0
0
0
0
0
0
0
0
0
0
0
0
0
0
0
0
0
0
0
0
0
0
0
0
0
0
0
0
0
0
0
0
0
0
0
0
0
0
0
0
0
0
0
0
0
0
0
0
0
0
0
0
0
0
0
0
0
0
0
0
0
0
0
0
0
0
0
0
0
0
0
0
0
0
0
0
0
0
0
0
0
0
0
0
0
0
0
0
0
0
0
0
0
0
0
0
0
0
0
0
0
0
0
0
0
0
0
0
0
0
0
0
0
0
0
0
0
0
0
0
0
0
0
0
0
0
0
0
0
0
0
0
0
0
0
0
0
0
0
0
0
0
0
0
0
0
0
0
0
0
0
0
0
0
0
0
0
0
0
0
0
0
0
0
0
0
0
0
0
0
0
0
0
0
0
0
0
0
0
0
0
0
0
0
0
0
0
0
0
0
0
0
0
0
0
0
0
0
0
0
0
0
0
0
0
0
0
0
0
0
0
0
0
0
0
0
0
0
0
0
0
0
0
0
0
0
0
0
0
0
0
0
0
0
0
0
0
0
0
0
0
0
0
0
0
0
0
0
0
0
0
0
0
0
0
0
0
0
0
0
0
0
0
0
0
0
0
0
0
0
0
0
0
0
0
0
0
0
0
0
0
0
0
0
0
0
0
0
0
0
0
0
0
0
0
0
0
0
0
0
0
0
0
0
0
0
0
0
0
0
0
0
0
0
0
0
0
0
0
0
0
0
0
0
0
0
0
0
0
0
0
0
0
0
0
0
0
0
0
0
0
0
0
0
0
0
0
0
0
0
0
0
0
0
0
0
0
0
0
0
0
0
0
0
0
0
0
0
0
0
0
0
0
0
0
0
0
0
0
0
0
0
0
0
0
0
0
0
0
0
0
0
0
0
0
0
0
0
0
0
0
0
0
0
0
0
0
0
0
0
0
0
0
0
0
0
0
0
0
0
0
0
0
0
0
0
0
0
0
0
0
0
0
0
0
0
0
0
0
0
0
0
0
0
0
0
0
0
0
0
0
0
0
0
0
0
0
0
0
0
0
0
0
0
0
0
0
0
0
0
0
0
0
0
0
0
0
0
0
0
0
0
0
0
0
0
0
0
0
0
0
0
0
0
0
0
0
0
0
0
0
0
0
0
0
0
0
0
0
0
0
0
0
0
0
0
0
0
0
0
0
0
0
0
0
0
0
0
0
0
0
0
0
0
0
0
0
0
0
0
0
0
0
0
0
0
0
0
0
0
0
0
0
0
0
0
0
0
0
0
0
0
0
0
0
0
0
0
0
0
0
0
0
0
0
0
0
0
0
0
0
0
0
0
0
0
0
0
0
0
0
0
0
0
0
0
0
0
0
0
0
0
0
0
0
0
0
0
0
0
0
0
0
0
0
0
0
0
0
0
0
0
0
0
0
0
0
0
0
0
0
0
0
0
0
0
0
0
0
0
0
0
0
0
0
0
0
0
0
0
0
0
0
0
0
0
0
0
0
0
0
0
0
0
0
0
0
0
0
0
0
0
0
0
0
0
0
0
0
0
0
0
0
0
0
0
0
0
0
0
0
0
0
0
0
0
0
0
0
0
0
0
0
0
0
0
0
0
0
0
0
0
0
0
0
0
0
0
0
0
0
0
0
0
0
0
0
0
0
0
0
0
0
0
0
0
0
0
0
0
0
0
0
0
0
0
0
0
0
0
0
0
0
0
0
0
0
0
0
0
0
0
0
0
0
0
0
0
0
0
0
0
0
0
0
0
0
0
0
0
0
0
0
0
0
0
0
0
0
0
0
0
0
0
0
0
0
0
0
0
0
0
0
0
0
0
0
0
0
0
0
0
0
0
0
0
0
0
0
0
0
0
0
0
0
0
0
0
0
0
0
0
0
0
0
0
0
0
0
0
0
0
0
0
0
0
0
0
0
0
0
0
0
0
0
0
0
0
0
0
0
0
0
0
0
0
0
0
0
0
0
0
0
0
0
0
0
0
0
0
0
0
0
0
0
0
0
0
0
0
0
0
0
0
0
0
0
0
0
0
0
0
0
0
0
0
0
0
0
0
0
0
0
0
0
0
0
0
0
0
0
0
0
0
0
0
0
0
0
0
0
0
0
0
0
0
0
0
0
0
0
0
0
0
0
0
0
0
0
0
0
0
0
0
0
0
0
0
0
0
0
0
0
0
0
0
0
0
0
0
0
0
0
0
0
0
0
0
0
0
0
0
0
0
0
0
0
0
0
0
0
0
0
0
0
0
0
0
0
0
0
0
0
0
0
0
0
0
0
0
0
0
0
0
0
0
0
0
0
0
0
0
0
0
0
0
0
0
0
0
0
0
0
0
0
0
0
0
0
0
0
0
0
0
0
0
0
0
0
0
0
0
0
0
0
0
0
0
0
0
0
0
0
0
0
0
0
0
0
0
0
0
0
0
0
0
0
0
0
0
0
0
0
0
0
0
0
0
0
0
0
0
0
0
0
0
0
0
0
0
0
0
0
0
0
0
0
0
0
0
0
0
0
0
0
0
0
0
0
0
0
0
0
0
0
0
0
0
0
0
0
0
0
0
0
0
0
0
0
0
0
0
0
0
0
0
0
0
0
0
0
0
0
0
0
0
0
0
0
0
0
0
0
0
0
0
0
0
0
0
0
0
0
0
0
0
0
0
0
0
0
0
0
0
0
0
0
0
0
0
0
0
0
0
0
0
0
0
0
0
0
0
0
0
0
0
0
0
0
0
0
0
0
0
0
0
0
0
0
0
0
0
0
0
0
0
0
0
0
0
0
0
0
0
0
0
0
0
0
0
0
0
0
0
0
0
0
0
0
0
0
0
0
0
0
0
0
0
0
0
0
0
0
0
0
0
0
0
0
0
0
0
0
0
0
0
0
0
0
0
0
0
0
0
0
0
0
0
0
0
0
0
0
0
0
0
0
0
0
0
0
0
0
0
0
0
0
0
0
0
0
0
0
0
0
0
0
0
0
0
0
0
0
0
0
0
0
0
0
0
0
0
0
0
0
0
0
0
0
0
0
0
0
0
0
0
0
0
0
0
0
0
0
0
0
0
0
0
0
0
0
0
0
0
0
0
0
0
0
0
0
0
0
0
0
0
0
0
0
0
0
0
0
0
0
0
0
0
0
0
0
0
0
0
0
0
0
0
0
0
0
0
0
0
0
0
0
0
0
0
0
0
0
0
0
0
0
0
0
0
0
0
0
0
0
0
0
0
0
0
0
0
0
0
0
0
0
0
0
0
0
0
0
0
0
0
0
0
0
0
0
0
0
0
0
0
0
0
0
0
0
0
0
0
0
0
0
0
0
0
0
0
0
0
0
0
0
0
0
0
0
0
0
0
0
0
0
0
0
0
0
0
0
0
0
0
0
0
0
0
0
0
0
0
0
0
0
0
0
0
0
0
0
0
0
0
0
0
0
0
0
0
0
0
0
0
0
0
0
0
0
0
0
0
0
0
0
0
0
0
0
0
0
0
0
0
0
0
0
0
0
0
0
0
0
0
0
0
0
0
0
0
0
0
0
0
0
0
0
0
0
0
0
0
0
0
0
0
0
0
0
0
0
0
0
0
0
0
0
0
0
0
0
0
0
0
0
0
0
0
0
0
0
0
0
0
0
0
0
0
0
0
0
0
0
0
0
0
0
0
0
0
0
0
0
0
0
0
0
0
0
0
0
0
0
0
0
0
0
0
0
0
0
0
0
0
0
0
0
0
0
0
0
0
0
0
0
0
0
0
0
0
0
0
0
0
0
0
0
0
0
0
0
0
0
0
0
0
0
0
0
0
0
0
0
0
0
0
0
0
0
0
0
0
0
0
0
0
0
0
0
0
0
0
0
0
0
0
0
0
0
0
0
0
0
0
0
0
0
0
0
0
0
0
0
0
0
0
0
0
0
0
0
0
0
0
0
0
0
0
0
0
0
0
0
0
0
0
0
0
0
0
0
0
0
0
0
0
0
0
0
0
0
0
0
0
0
0
0
0
0
0
0
0
0
0
0
0
0
0
0
0
0
0
0
0
0
0
0
0
0
0
0
0
0
0
0
0
0
0
0
0
0
0
0
0
0
0
0
0
0
0
0
0
0
0
0
0
0
0
0
0
0
0
0
0
0
0
0
0
0
0
0
0
0
0
0
0
0
0
0
0
0
0
0
0
0
0
0
0
0
0
0
0
0
0
0
0
0
0
0
0
0
0
0
0
0
0
0
0
0
0
0
0
0
0
0
0
0
0
0
0
0
0
0
0
0
0
0
0
0
0
0
0
0
0
0
0
0
0
0
0
0
0
0
0
0
0
0
0
0
0
0
0
0
0
0
0
0
0
0
0
0
0
0
0
0
0
0
0
0
0
0
0
0
0
0
0
0
0
0
0
0
0
0
0
0
0
0
0
0
0
0
0
0
0
0
0
0
0
0
0
0
0
0
0
0
0
0
0
0
0
0
0
0
0
0
0
0
0
0
0
0
0
0
0
0
0
0
0
0
0
0
0
0
0
0
0
0
0
0
0
0
0
0
0
0
0
0
0
0
0
0
0
0
0
0
0
0
0
0
0
0
0
0
0
0
0
0
0
0
0
0
0
0
0
0
0
0
0
0
0
0
0
0
0
0
0
0
0
0
0
0
0
0
0
0
0
0
0
0
0
0
0
0
0
0
0
0
0
0
0
0
0
0
0
0
0
0
0
0
0
0
0
0
0
0
0
0
0
0
0
0
0
0
0
0
0
0
0
0
0
0
0
0
0
0
0
0
0
0
0
0
0
0
0
0
0
0
0
0
0
0
0
0
0
0
0
0
0
0
0
0
0
0
0
0
0
0
0
0
0
0
0
0
0
0
0
0
0
0
0
0
0
0
0
0
0
0
0
0
0
0
0
0
0
0
0
0
0
0
0
0
0
0
0
0
0
0
0
0
0
0
0
0
0
0
0
0
0
0
0
0
0
0
0
0
0
0
0
0
0
0
0
0
0
0
0
0
0
0
0
0
0
0
0
0
0
0
0
0
0
0
0
0
0
0
0
0
0
0
0
0
0
0
0
0
0
0
0
0
0
0
0
0
0
0
0
0
0
0
0
0
0
0
0
0
0
0
0
0
0
0
0
0
0
0
0
0
0
0
0
0
0
0
0
0
0
0
0
0
0
0
0
0
0
0
0
0
0
0
0
0
0
0
0
0
0
0
0
0
0
0
0
0
0
0
0
0
0
0
0
0
0
0
0
0
0
0
0
0
0
0
0
0
0
0
0
0
0
0
0
0
0
0
0
0
0
0
0
0
0
0
0
0
0
0
0
0
0
0
0
0
0
0
0
0
0
0
0
0
0
0
0
0
0
0
0
0
0
0
0
0
0
0
0
0
0
0
0
0
0
0
0
0
0
0
0
0
0
0
0
0
0
0
0
0
0
0
0
0
0
0
0
0
0
0
0
0
0
0
0
0
0
0
0
0
0
0
0
0
0
0
0
0
0
0
0
0
0
0
0
0
0
0
0
0
0
0
0
0
0
0
0
0
0
0
0
0
0
0
0
0
0
0
0
0
0
0
0
0
0
0
0
0
0
0
0
0
0
0
0
0
0
0
0
0
0
0
0
0
0
0
0
0
0
0
0
0
0
0
0
0
0
0
0
0
0
0
0
0
0
0
0
0
0
0
0
0
0
0
0
0
0
0
0
0
0
0
0
0
0
0
0
0
0
0
0
0
0
0
0
0
0
0
0
0
0
0
0
0
0
0
0
0
0
0
0
0
0
0
0
0
0
0
0
0
0
0
0
0
0
0
0
0
0
0
0
0
0
0
0
0
0
0
0
0
0
0
0
0
0
0
0
0
0
0
0
0
0
0
0
0
0
0
0
0
0
0
0
0
0
0
0
0
0
0
0
0
0
0
0
0
0
0
0
0
0
0
0
0
0
0
0
0
0
0
0
0
0
0
0
0
0
0
0
0
0
0
0
0
0
0
0
0
0
0
0
0
0
0
0
0
0
0
0
0
0
0
0
0
0
0
0
0
0
0
0
0
0
0
0
0
0
0
0
0
0
0
0
0
0
0
0
0
0
0
0
0
0
0
0
0
0
0
0
0
0
0
0
0
0
0
0
0
0
0
0
0
0
0
0
0
0
0
0
0
0
0
0
0
0
0
0
0
0
0
0
0
0
0
0
0
0
0
0
0
0
0
0
0
0
0
0
0
0
0
0
0
0
0
0
0
0
0
0
0
0
0
0
0
0
0
0
0
0
0
0
0
0
0
0
0
0
0
0
0
0
0
0
0
0
0
0
0
0
0
0
0
0
0
0
0
0
0
0
0
0
0
0
0
0
0
0
0
0
0
0
0
0
0
0
0
0
0
0
0
0
0
0
0
0
0
0
0
0
0
0
0
0
0
0
0
0
0
0
0
0
0
0
0
0
0
0
0
0
0
0
0
0
0
0
0
0
0
0
0
0
0
0
0
0
0
0
0
0
0
0
0
0
0
0
0
0
0
0
0
0
0
0
0
0
0
0
0
0
0
0
0
0
0
0
0
0
0
0
0
0
0
0
0
0
0
0
0
0
0
0
0
0
0
0
0
0
0
0
0
0
0
0
0
0
0
0
0
0
0
0
0
0
0
0
0
0
0
0
0
0
0
0
0
0
0
0
0
0
0
0
0
0
0
0
0
0
0
0
0
0
0
0
0
0
0
0
0
0
0
0
0
0
0
0
0
0
0
0
0
0
0
0
0
0
0
0
0
0
0
0
0
0
0
0
0
0
0
0
0
0
0
0
0
0
0
0
0
0
0
0
0
0
0
0
0
0
0
0
0
0
0
0
0
0
0
0
0
0
0
0
0
0
0
0
0
0
0
0
0
0
0
0
0
0
0
0
0
0
0
0
0
0
0
0
0
0
0
0
0
0
0
0
0
0
0
0
0
0
0
0
0
0
0
0
0
0
0
0
0
0
0
0
0
0
0
0
0
0
0
0
0
0
0
0
0
0
0
0
0
0
0
0
0
0
0
0
0
0
0
0
0
0
0
0
0
0
0
0
0
0
0
0
0
0
0
0
0
0
0
0
0
0
0
0
0
0
0
0
0
0
0
0
0
0
0
0
0
0
0
0
0
0
0
0
0
0
0
0
0
0
0
0
0
0
0
0
0
0
0
0
0
0
0
0
0
0
0
0
0
0
0
0
0
0
0
0
0
0
0
0
0
0
0
0
0
0
0
0
0
0
0
0
0
0
0
0
0
0
0
0
0
0
0
0
0
0
0
0
0
0
0
0
0
0
0
0
0
0
0
0
0
0
0
0
0
0
0
0
0
0
0
0
0
0
0
0
0
0
0
0
0
0
0
0
0
0
0
0
0
0
0
0
0
0
0
0
0
0
0
0
0
0
0
0
0
0
0
0
0
0
0
0
0
0
0
0
0
0
0
0
0
0
0
0
0
0
0
0
0
0
0
0
0
0
0
0
0
0
0
0
0
0
0
0
0
0
0
0
0
0
0
0
0
0
0
0
0
0
0
0
0
0
0
0
0
0
0
0
0
0
0
0
0
0
0
0
0
0
0
0
0
0
0
0
0
0
0
0
0
0
0
0
0
0
0
0
0
0
0
0
0
0
0
0
0
0
0
0
0
0
0
0
0
0
0
0
0
0
0
0
0
0
0
0
0
0
0
0
0
0
0
0
0
0
0
0
0
0
0
0
0
0
0
0
0
0
0
0
0
0
0
0
0
0
0
0
0
0
0
0
0
0
0
0
0
0
0
0
0
0
0
0
0
0
0
0
0
0
0
0
0
0
0
0
0
0
0
0
0
0
0
0
0
0
0
0
0
0
0
0
0
0
0
0
0
0
0
0
0
0
0
0
0
0
0
0
0
0
0
0
0
0
0
0
0
0
0
0
0
0
0
0
0
0
0
0
0
0
0
0
0
0
0
0
0
0
0
0
0
0
0
0
0
0
0
0
0
0
0
0
0
0
0
0
0
0
0
0
0
0
0
0
0
0
0
0
0
0
0
0
0
0
0
0
0
0
0
0
0
0
0
0
0
0
0
0
0
0
0
0
0
0
0
0
0
0
0
0
0
0
0
0
0
0
0
0
0
0
0
0
0
0
0
0
0
0
0
0
0
0
0
0
0
0
0
0
0
0
0
0
0
0
0
0
0
0
0
0
0
0
0
0
0
0
0
0
0
0
0
0
0
0
0
0
0
0
0
0
0
0
0
0
0
0
0
0
0
0
0
0
0
0
0
0
0
0
0
0
0
0
0
0
0
0
0
0
0
0
0
0
0
0
0
0
0
0
0
0
0
0
0
0
0
0
0
0
0
0
0
0
0
0
0
0
0
0
0
0
0
0
0
0
0
0
0
0
0
0
0
0
0
0
0
0
0
0
0
0
0
0
0
0
0
0
0
0
0
0
0
0
0
0
0
0
0
0
0
0
0
0
0
0
0
0
0
0
0
0
0
0
0
0
0
0
0
0
0
0
0
0
0
0
0
0
0
0
0
0
0
0
0
0
0
0
0
0
0
0
0
0
0
0
0
0
0
0
0
0
0
0
0
0
0
0
0
0
0
0
0
0
0
0
0
0
0
0
0
0
0
0
0
0
0
0
0
0
0
0
0
0
0
0
0
0
0
0
0
0
0
0
0
0
0
0
0
0
0
0
0
0
0
0
0
0
0
0
0
0
0
0
0
0
0
0
0
0
0
0
0
0
0
0
0
0
0
0
0
0
0
0
0
0
0
0
0
0
0
0
0
0
0
0
0
0
0
0
0
0
0
0
0
0
0
0
0
0
0
0
0
0
0
0
0
0
0
0
0
0
0
0
0
0
0
0
0
0
0
0
0
0
0
0
0
0
0
0
0
0
0
0
0
0
0
0
0
0
0
0
0
0
0
0
0
0
0
0
0
0
0
0
0
0
0
0
0
0
0
0
0
0
0
0
0
0
0
0
0
0
0
0
0
0
0
0
0
0
0
0
0
0
0
0
0
0
0
0
0
0
0
0
0
0
0
0
0
0
0
0
0
0
0
0
0
0
0
0
0
0
0
0
0
0
0
0
0
0
0
0
0
0
0
0
0
0
0
0
0
0
0
0
0
0
0
0
0
0
0
0
0
0
0
0
0
0
0
0
0
0
0
0
0
0
0
0
0
0
0
0
0
0
0
0
0
0
0
0
0
0
0
0
0
0
0
0
0
0
0
0
0
0
0
0
0
0
0
0
0
0
0
0
0
0
0
0
0
0
0
0
0
0
0
0
0
0
0
0
0
0
0
0
0
0
0
0
0
0
0
0
0
0
0
0
0
0
0
0
0
0
0
0
0
0
0
0
0
0
0
0
0
0
0
0
0
0
0
0
0
0
0
0
0
0
0
0
0
0
0
0
0
0
0
0
0
0
0
0
0
0
0
0
0
0
0
0
0
0
0
0
0
0
0
0
0
0
0
0
0
0
0
0
0
0
0
0
0
0
0
0
0
0
0
0
0
0
0
0
0
0
0
0
0
0
0
0
0
0
0
0
0
0
0
0
0
0
0
0
0
0
0
0
0
0
0
0
0
0
0
0
0
0
0
0
0
0
0
0
0
0
0
0
0
0
0
0
0
0
0
0
0
0
0
0
0
0
0
0
0
0
0
0
0
0
0
0
0
0
0
0
0
0
0
0
0
0
0
0
0
0
0
0
0
0
0
0
0
0
0
0
0
0
0
0
0
0
0
0
0
0
0
0
0
0
0
0
0
0
0
0
0
0
0
0
0
0
0
0
0
0
0
0
0
0
0
0
0
0
0
0
0
0
0
0
0
0
0
0
0
0
0
0
0
0
0
0
0
0
0
0
0
0
0
0
0
0
0
0
0
0
0
0
0
0
0
0
0
0
0
0
0
0
0
0
0
0
0
0
0
0
0
0
0
0
0
0
0
0
0
0
0
0
0
0
0
0
0
0
0
0
0
0
0
0
0
0
0
0
0
0
0
0
0
0
0
0
0
0
0
0
0
0
0
0
0
0
0
0
0
0
0
0
0
0
0
0
0
0
0
0
0
0
0
0
0
0
0
0
0
0
0
0
0
0
0
0
0
0
0
0
0
0
0
0
0
0
0
0
0
0
0
0
0
0
0
0
0
0
0
0
0
0
0
0
0
0
0
0
0
0
0
0
0
0
0
0
0
0
0
0
0
0
0
0
0
0
0
0
0
0
0
0
0
0
0
0
0
0
0
0
0
0
0
0
0
0
0
0
0
0
0
0
0
0
0
0
0
0
0
0
0
0
0
0
0
0
0
0
0
0
0
0
0
0
0
0
0
0
0
0
0
0
0
0
0
0
0
0
0
0
0
0
0
0
0
0
0
0
0
0
0
0
0
0
0
0
0
0
0
0
0
0
0
0
0
0
0
0
0
0
0
0
0
0
0
0
0
0
0
0
0
0
0
0
0
0
0
0
0
0
0
0
0
0
0
0
0
0
0
0
0
0
0
0
0
0
0
0
0
0
0
0
0
0
0
0
0
0
0
0
0
0
0
0
0
0
0
0
0
0
0
0
0
0
0
0
0
0
0
0
0
0
0
0
0
0
0
0
0
0
0
0
0
0
0
0
0
0
0
0
0
0
0
0
0
0
0
0
0
0
0
0
0
0
0
0
0
0
0
0
0
0
0
0
0
0
0
0
0
0
0
0
0
0
0
0
0
0
0
0
0
0
0
0
0
0
0
0
0
0
0
0
0
0
0
0
0
0
0
0
0
0
0
0
0
0
0
0
0
0
0
0
0
0
0
0
0
0
0
0
0
0
0
0
0
0
0
0
0
0
0
0
0
0
0
0
0
0
0
0
0
0
0
0
0
0
0
0
0
0
0
0
0
0
0
0
0
0
0
0
0
0
0
0
0
0
0
0
0
0
0
0
0
0
0
0
0
0
0
0
0
0
0
0
0
0
0
0
0
0
0
0
0
0
0
0
0
0
0
0
0
0
0
0
0
0
0
0
0
0
0
0
0
0
0
0
0
0
0
0
0
0
0
0
0
0
0
0
0
0
0
0
0
0
0
0
0
0
0
0
0
0
0
0
0
0
0
0
0
0
0
0
0
0
0
0
0
0
0
0
0
0
0
0
0
0
0
0
0
0
0
0
0
0
0
0
0
0
0
0
0
0
0
0
0
0
0
0
0
0
0
0
0
0
0
0
0
0
0
0
0
0
0
0
0
0
0
0
0
0
0
0
0
0
0
0
0
0
0
0
0
0
0
0
0
0
0
0
0
0
0
0
0
0
0
0
0
0
0
0
0
0
0
0
0
0
0
0
0
0
0
0
0
0
0
0
0
0
0
0
0
0
0
0
0
0
0
0
0
0
0
0
0
0
0
0
0
0
0
0
0
0
0
0
0
0
0
0
0
0
0
0
0
0
0
0
0
0
0
0
0
0
0
0
0
0
0
0
0
0
0
0
0
0
0
0
0
0
0
0
0
0
0
0
0
0
0
0
0
0
0
0
0
0
0
0
0
0
0
0
0
0
0
0
0
0
0
0
0
0
0
0
0
0
0
0
0
0
0
0
0
0
0
0
0
0
0
0
0
0
0
0
0
0
0
0
0
0
0
0
0
0
0
0
0
0
0
0
0
0
0
0
0
0
0
0
0
0
0
0
0
0
0
0
0
0
0
0
0
0
0
0
0
0
0
0
0
0
0
0
0
0
0
0
0
0
0
0
0
0
0
0
0
0
0
0
0
0
0
0
0
0
0
0
0
0
0
0
0
0
0
0
0
0
0
0
0
0
0
0
0
0
0
0
0
0
0
0
0
0
0
0
0
0
0
0
0
0
0
0
0
0
0
0
0
0
0
0
0
0
0
0
0
0
0
0
0
0
0
0
0
0
0
0
0
0
0
0
0
0
0
0
0
0
0
0
0
0
0
0
0
0
0
0
0
0
0
0
0
0
0
0
0
0
0
0
0
0
0
0
0
0
0
0
0
0
0
0
0
0
0
0
0
0
0
0
0
0
0
0
0
0
0
0
0
0
0
0
0
0
0
0
0
0
0
0
0
0
0
0
0
0
0
0
0
0
0
0
0
0
0
0
0
0
0
0
0
0
0
0
0
0
0
0
0
0
0
0
0
0
0
0
0
0
0
0
0
0
0
0
0
0
0
0
0
0
0
0
0
0
0
0
0
0
0
0
0
0
0
0
0
0
0
0
0
0
0
0
0
0
0
0
0
0
0
0
0
0
0
0
0
0
0
0
0
0
0
0
0
0
0
0
0
0
0
0
0
0
0
0
0
0
0
0
0
0
0
0
0
0
0
0
0
0
0
0
0
0
0
0
0
0
0
0
0
0
0
0
0
0
0
0
0
0
0
0
0
0
0
0
0
0
0
0
0
0
0
0
0
0
0
0
0
0
0
0
0
0
0
0
0
0
0
0
0
0
0
0
0
0
0
0
0
0
0
0
0
0
0
0
0
0
0
0
0
0
0
0
0
0
0
0
0
0
0
0
0
0
0
0
0
0
0
0
0
0
0
0
0
0
0
0
0
0
0
0
0
0
0
0
0
0
0
0
0
0
0
0
0
0
0
0
0
0
0
0
0
0
0
0
0
0
0
0
0
0
0
0
0
0
0
0
0
0
0
0
0
0
0
0
0
0
0
0
0
0
0
0
0
0
0
0
0
0
0
0
0
0
0
0
0
0
0
0
0
0
0
0
0
0
0
0
0
0
0
0
0
0
0
0
0
0
0
0
0
0
0
0
0
0
0
0
0
0
0
0
0
0
0
0
0
0
0
0
0
0
0
0
0
0
0
0
0
0
0
0
0
0
0
0
0
0
0
0
0
0
0
0
0
0
0
0
0
0
0
0
0
0
0
0
0
0
0
0
0
0
0
0
0
0
0
0
0
0
0
0
0
0
0
0
0
0
0
0
0
0
0
0
0
0
0
0
0
0
0
0
0
0
0
0
0
0
0
0
0
0
0
0
0
0
0
0
0
0
0
0
0
0
0
0
0
0
0
0
0
0
0
0
0
0
0
0
0
0
0
0
0
0
0
0
0
0
0
0
0
0
0
0
0
0
0
0
0
0
0
0
0
0
0
0
0
0
0
0
0
0
0
0
0
0
0
0
0
0
0
0
0
0
0
0
0
0
0
0
0
0
0
0
0
0
0
0
0
0
0
0
0
0
0
0
0
0
0
0
0
0
0
0
0
0
0
0
0
0
0
0
0
0
0
0
0
0
0
0
0
0
0
0
0
0
0
0
0
0
0
0
0
0
0
0
0
0
0
0
0
0
0
0
0
0
0
0
0
0
0
0
0
0
0
0
0
0
0
0
0
0
0
0
0
0
0
0
0
0
0
0
0
0
0
0
0
0
0
0
0
0
0
0
0
0
0
0
0
0
0
0
0
0
0
0
0
0
0
0
0
0
0
0
0
0
0
0
0
0
0
0
0
0
0
0
0
0
0
0
0
0
0
0
0
0
0
0
0
0
0
0
0
0
0
0
0
0
0
0
0
0
0
0
0
0
0
0
0
0
0
0
0
0
0
0
0
0
0
0
0
0
0
0
0
0
0
0
0
0
0
0
0
0
0
0
0
0
0
0
0
0
0
0
0
0
0
0
0
0
0
0
0
0
0
0
0
0
0
0
0
0
0
0
0
0
0
0
0
0
0
0
0
0
0
0
0
0
0
0
0
0
0
0
0
0
0
0
0
0
0
0
0
0
0
0
0
0
0
0
0
0
0
0
0
0
0
0
0
0
0
0
0
0
0
0
0
0
0
0
0
0
0
0
0
0
0
0
0
0
0
0
0
0
0
0
0
0
0
0
0
0
0
0
0
0
0
0
0
0
0
0
0
0
0
0
0
0
0
0
0
0
0
0
0
0
0
0
0
0
0
0
0
0
0
0
0
0
0
0
0
0
0
0
0
0
0
0
0
0
0
0
0
0
0
0
0
0
0
0
0
0
0
0
0
0
0
0
0
0
0
0
0
0
0
0
0
0
0
0
0
0
0
0
0
0
0
0
0
0
0
0
0
0
0
0
0
0
0
0
0
0
0
0
0
0
0
0
0
0
0
0
0
0
0
0
0
0
0
0
0
0
0
0
0
0
0
0
0
0
0
0
0
0
0
0
0
0
0
0
0
0
0
0
0
0
0
0
0
0
0
0
0
0
0
0
0
0
0
0
0
0
0
0
0
0
0
0
0
0
0
0
0
0
0
0
0
0
0
0
0
0
0
0
0
0
0
0
0
0
0
0
0
0
0
0
0
0
0
0
0
0
0
0
0
0
0
0
0
0
0
0
0
0
0
0
0
0
0
0
0
0
0
0
0
0
0
0
0
0
0
0
0
0
0
0
0
0
0
0
0
0
0
0
0
0
0
0
0
0
0
0
0
0
0
0
0
0
0
0
0
0
0
0
0
0
0
0
0
0
0
0
0
0
0
0
0
0
0
0
0
0
0
0
0
0
0
0
0
0
0
0
0
0
0
0
0
0
0
0
0
0
0
0
0
0
0
0
0
0
0
0
0
0
0
0
0
0
0
0
0
0
0
0
0
0
0
0
0
0
0
0
0
0
0
0
0
0
0
0
0
0
0
0
0
0
0
0
0
0
0
0
0
0
0
0
0
0
0
0
0
0
0
0
0
0
0
0
0
0
0
0
0
0
0
0
0
0
0
0
0
0
0
0
0
0
0
0
0
0
0
0
0
0
0
0
0
0
0
0
0
0
0
0
0
0
0
0
0
0
0
0
0
0
0
0
0
0
0
0
0
0
0
0
0
0
0
0
0
0
0
0
0
0
0
0
0
0
0
0
0
0
0
0
0
0
0
0
0
0
0
0
0
0
0
0
0
0
0
0
0
0
0
0
0
0
0
0
0
0
0
0
0
0
0
0
0
0
0
0
0
0
0
0
0
0
0
0
0
0
0
0
0
0
0
0
0
0
0
0
0
0
0
0
0
0
0
0
0
0
0
0
0
0
0
0
0
0
0
0
0
0
0
0
0
0
0
0
0
0
0
0
0
0
0
0
0
0
0
0
0
0
0
0
0
0
0
0
0
0
0
0
0
0
0
0
0
0
0
0
0
0
0
0
0
0
0
0
0
0
0
0
0
0
0
0
0
0
0
0
0
0
0
0
0
0
0
0
0
0
0
0
0
0
0
0
0
0
0
0
0
0
0
0
0
0
0
0
0
0
0
0
0
0
0
0
0
0
0
0
0
0
0
0
0
0
0
0
0
0
0
0
0
0
0
0
0
0
0
0
0
0
0
0
0
0
0
0
0
0
0
0
0
0
0
0
0
0
0
0
0
0
0
0
0
0
0
0
0
0
0
0
0
0
0
0
0
0
0
0
0
0
0
0
0
0
0
0
0
0
0
0
0
0
0
0
0
0
0
0
0
0
0
0
0
0
0
0
0
0
0
0
0
0
0
0
0
0
0
0
0
0
0
0
0
0
0
0
0
0
0
0
0
0
0
0
0
0
0
0
0
0
0
0
0
0
0
0
0
0
0
0
0
0
0
0
0
0
0
0
0
0
0
0
0
0
0
0
0
0
0
0
0
0
0
0
0
0
0
0
0
0
0
0
0
0
0
0
0
0
0
0
0
0
0
0
0
0
0
0
0
0
0
0
0
0
0
0
0
0
0
0
0
0
0
0
0
0
0
0
0
0
0
0
0
0
0
0
0
0
0
0
0
0
0
0
0
0
0
0
0
0
0
0
0
0
0
0
0
0
0
0
0
0
0
0
0
0
0
0
0
0
0
0
0
0
0
0
0
0
0
0
0
0
0
0
0
0
0
0
0
0
0
0
0
0
0
0
0
0
0
0
0
0
0
0
0
0
0
0
0
0
0
0
0
0
0
0
0
0
0
0
0
0
0
0
0
0
0
0
0
0
0
0
0
0
0
0
0
0
0
0
0
0
0
0
0
0
0
0
0
0
0
0
0
0
0
0
0
0
0
0
0
0
0
0
0
0
0
0
0
0
0
0
0
0
0
0
0
0
0
0
0
0
0
0
0
0
0
0
0
0
0
0
0
0
0
0
0
0
0
0
0
0
0
0
0
0
0
0
0
0
0
0
0
0
0
0
0
0
0
0
0
0
0
0
0
0
0
0
0
0
0
0
0
0
0
0
0
0
0
0
0
0
0
0
0
0
0
0
0
0
0
0
0
0
0
0
0
0
0
0
0
0
0
0
0
0
0
0
0
0
0
0
0
0
0
0
0
0
0
0
0
0
0
0
0
0
0
0
0
0
0
0
0
0
0
0
0
0
0
0
0
0
0
0
0
0
0
0
0
0
0
0
0
0
0
0
0
0
0
0
0
0
0
0
0
0
0
0
0
0
0
0
0
0
0
0
0
0
0
0
0
0
0
0
0
0
0
0
0
0
0
0
0
0
0
0
0
0
0
0
0
0
0
0
0
0
0
0
0
0
0
0
0
0
0
0
0
0
0
0
0
0
0
0
0
0
0
0
0
0
0
0
0
0
0
0
0
0
0
0
0
0
0
0
0
0
0
0
0
0
0
0
0
0
0
0
0
0
0
0
0
0
0
0
0
0
0
0
0
0
0
0
0
0
0
0
0
0
0
0
0
0
0
0
0
0
0
0
0
0
0
0
0
0
0
0
0
0
0
0
0
0
0
0
0
0
0
0
0
0
0
0
0
0
0
0
0
0
0
0
0
0
0
0
0
0
0
0
0
0
0
0
0
0
0
0
0
0
0
0
0
0
0
0
0
0
0
0
0
0
0
0
0
0
0
0
0
0
0
0
0
0
0
0
0
0
0
0
0
0
0
0
0
0
0
0
0
0
0
0
0
0
0
0
0
0
0
0
0
0
0
0
0
0
0
0
0
0
0
0
0
0
0
0
0
0
0
0
0
0
0
0
0
0
0
0
0
0
0
0
0
0
0
0
0
0
0
0
0
0
0
0
0
0
0
0
0
0
0
0
0
0
0
0
0
0
0
0
0
0
0
0
0
0
0
0
0
0
0
0
0
0
0
0
0
0
0
0
0
0
0
0
0
0
0
0
0
0
0
0
0
0
0
0
0
0
0
0
0
0
0
0
0
0
0
0
0
0
0
0
0
0
0
0
0
0
0
0
0
0
0
0
0
0
0
0
0
0
0
0
0
0
0
0
0
0
0
0
0
0
0
0
0
0
0
0
0
0
0
0
0
0
0
0
0
0
0
0
0
0
0
0
0
0
0
0
0
0
0
0
0
0
0
0
0
0
0
0
0
0
0
0
0
0
0
0
0
0
0
0
0
0
0
0
0
0
0
0
0
0
0
0
0
0
0
0
0
0
0
0
0
0
0
0
0
0
0
0
0
0
0
0
0
0
0
0
0
0
0
0
0
0
0
0
0
0
0
0
0
0
0
0
0
0
0
0
0
0
0
0
0
0
0
0
0
0
0
0
0
0
0
0
0
0
0
0
0
0
0
0
0
0
0
0
0
0
0
0
0
0
0
0
0
0
0
0
0
0
0
0
0
0
0
0
0
0
0
0
0
0
0
0
0
0
0
0
0
0
0
0
0
0
0
0
0
0
0
0
0
0
0
0
0
0
0
0
0
0
0
0
0
0
0
0
0
0
0
0
0
0
0
0
0
0
0
0
0
0
0
0
0
0
0
0
0
0
0
0
0
0
0
0
0
0
0
0
0
0
0
0
0
0
0
0
0
0
0
0
0
0
0
0
0
0
0
0
0
0
0
0
0
0
0
0
0
0
0
0
0
0
0
0
0
0
0
0
0
0
0
0
0
0
0
0
0
0
0
0
0
0
0
0
0
0
0
0
0
0
0
0
0
0
0
0
0
0
0
0
0
0
0
0
0
0
0
0
0
0
0
0
0
0
0
0
0
0
0
0
0
0
0
0
0
0
0
0
0
0
0
0
0
0
0
0
0
0
0
0
0
0
0
0
0
0
0
0
0
0
0
0
0
0
0
0
0
0
0
0
0
0
0
0
0
0
0
0
0
0
0
0
0
0
0
0
0
0
0
0
0
0
0
0
0
0
0
0
0
0
0
0
0
0
0
0
0
0
0
0
0
0
0
0
0
0
0
0
0
0
0
0
0
0
0
0
0
0
0
0
0
0
0
0
0
0
0
0
0
0
0
0
0
0
0
0
0
0
0
0
0
0
0
0
0
0
0
0
0
0
0
0
0
0
0
0
0
0
0
0
0
0
0
0
0
0
0
0
0
0
0
0
0
0
0
0
0
0
0
0
0
0
0
0
0
0
0
0
0
0
0
0
0
0
0
0
0
0
0
0
0
0
0
0
0
0
0
0
0
0
0
0
0
0
0
0
0
0
0
0
0
0
0
0
0
0
0
0
0
0
0
0
0
0
0
0
0
0
0
0
0
0
0
0
0
0
0
0
0
0
0
0
0
0
0
0
0
0
0
0
0
0
0
0
0
0
0
0
0
0
0
0
0
0
0
0
0
0
0
0
0
0
0
0
0
0
0
0
0
0
0
0
0
0
0
0
0
0
0
0
0
0
0
0
0
0
0
0
0
0
0
0
0
0
0
0
0
0
0
0
0
0
0
0
0
0
0
0
0
0
0
0
0
0
0
0
0
0
0
0
0
0
0
0
0
0
0
0
0
0
0
0
0
0
0
0
0
0
0
0
0
0
0
0
0
0
0
0
0
0
0
0
0
0
0
0
0
0
0
0
0
0
0
0
0
0
0
0
0
0
0
0
0
0
0
0
0
0
0
0
0
0
0
0
0
0
0
0
0
0
0
0
0
0
0
0
0
0
0
0
0
0
0
0
0
0
0
0
0
0
0
0
0
0
0
0
0
0
0
0
0
0
0
0
0
0
0
0
0
0
0
0
0
0
0
0
0
0
0
0
0
0
0
0
0
0
0
0
0
0
0
0
0
0
0
0
0
0
0
0
0
0
0
0
0
0
0
0
0
0
0
0
0
0
0
0
0
0
0
0
0
0
0
0
0
0
0
0
0
0
0
0
0
0
0
0
0
0
0
0
0
0
0
0
0
0
0
0
0
0
0
0
0
0
0
0
0
0
0
0
0
0
0
0
0
0
0
0
0
0
0
0
0
0
0
0
0
0
0
0
0
0
0
0
0
0
0
0
0
0
0
0
0
0
0
0
0
0
0
0
0
0
0
0
0
0
0
0
0
0
0
0
0
0
0
0
0
0
