15
474
-3458
-4591
-2236
-2781
-3122
62
1231
-3709
-3997
-1813
-2736
-3072
115
199
-87
1351
515
-2918
282
-3130
-11319
-317
945
1532
-2576
-473
-2699
-14814
36
875
1
1372
-3968
-3818
-3034
-2525
-2940
-30
1677
-4296
-2719
-2126
-3036
-3873
60
480
71
473
-245
-3118
1550
-2932
-17406
-85
-642
1146
-2506
-71
-2784
-19667
14
-185
-133
990
-3497
-2403
-4928
-2511
-3316
-207
1242
-3779
-1955
-4505
-3212
-4828
-71
583
60
18
62
-3356
-1041
-3267
-14328
81
473
859
-4131
-2153
-3854
-13654
212
1252
-134
1508
-3217
-3851
-3493
-3440
-3125
-344
2478
-3231
-4757
-4059
-3789
-4351
-27
2142
-72
-324
3069
-3114
-3680
-3073
-20308
-23
-492
4366
-4536
-4042
-4481
-21947
153
172
-99
745
-4522
-4254
-3715
-4544
-3706
-348
519
-4952
-4925
-4779
-4331
-3928
-6
-385
142
-222
3828
-4013
-3352
-3693
-10109
-193
-454
4807
-4404
-4447
-4723
-12460
-81
-300
-76
418
-6281
-5990
-7057
-5306
-4938
-404
693
-8206
-6847
-7158
-6471
-7495
47
132
38
1751
4370
-5548
-1602
-4685
-17907
-286
3037
6893
-6451
-5112
-7037
-14255
-192
3495
-381
-152
-7520
-7681
-7619
-8159
-7482
-413
499
-13697
-12112
-12438
-14069
-12488
215
414
-255
93
8695
-8880
-8667
-7308
-10151
-175
48
11721
-12952
-14745
-13397
15780
13
161
-316
237
-5166
-2826
-2910
-3882
-3764
-277
902
-6740
-4325
-4418
-5304
-4871
53
633
-182
-2150
3764
-3997
-4721
-3313
-20975
-191
-3745
4021
-4287
-6152
-4993
-18520
50
-4271
113
-221
-4271
-4286
-664
-2338
-3957
161
-1061
-3819
-3089
-1238
-2402
-2130
77
-1145
-64
2736
-938
-3819
-1503
-4008
-13243
-321
1510
-458
-1229
-1632
-2539
-20117
-15
1064
7
608
-5389
-5571
-3364
-3609
-4509
-55
-295
-6161
-4197
-2961
-4008
-3767
-64
-868
146
768
320
-3509
156
-4345
-18024
56
-554
-433
-3144
-53
-3893
-18496
197
-643
-245
213
-4173
-5674
-6526
-3742
-4233
-261
65
-5914
-6479
-5874
-5639
-6733
-112
544
-28
1024
3699
-3165
-3215
-4127
-30816
199
2457
4153
-5758
-4873
-5781
-25653
283
4310
-463
223
-3099
-8132
-7661
-5462
-5726
-600
510
-9923
-14489
-12830
-14408
-13013
-135
416
-184
-757
7184
-6515
-8288
-5652
-17399
94
-707
9789
-14846
-15057
-14602
18403
334
-508
-266
292
-4036
-3700
-2434
-2449
-2626
-294
-762
-5008
-4605
-4352
-4041
-3838
-226
-101
229
-1078
3594
-3435
-3953
-2289
-22976
130
-2691
4584
-4423
-5400
-4551
-22363
269
-4606
18
751
-4970
-4430
-2532
-2714
-2751
-66
293
-5764
-4141
-4156
-3753
-3509
-154
-503
162
570
2843
-3553
-1076
-2778
-20288
-71
1824
3927
-4212
-2114
-4462
-20595
45
1463
-266
-2440
-6661
-5798
-2309
-3536
-4229
-93
-3482
-7067
-6067
-4288
-4928
-3692
-49
-3121
-317
-560
6063
-4454
-4851
-3982
-22678
-57
2
6243
-5040
-4560
-4393
-24612
102
67
-249
-1085
-4309
-1678
-1035
-2999
-2734
-69
-1832
-5928
-2917
-3403
-4869
-3206
-22
-1672
-254
-1564
1366
-3196
-2450
-2645
-19092
-64
-1420
1127
-3935
-2669
-3864
-15458
-3
-1620
181
-768
-3767
-2710
-1218
-969
-3533
228
-1198
-4012
-1824
-1347
-2304
-1925
20
-219
-89
2203
-1748
-2436
-3861
-3560
-19036
-215
697
-1474
-1183
-4702
-3115
-22614
15
196
175
-863
-5860
-4674
-3977
-3273
-5524
68
-855
-5156
-4165
-2258
-2538
-2512
-48
-2
85
1433
-592
-3731
-3977
-5365
-14625
96
1019
-2254
-2753
-3030
-3375
-23912
265
896
12
-940
-3331
-3562
-4814
-2417
-2974
-79
-1525
-5039
-5733
-4034
-5133
-4027
-67
-382
69
-366
4105
-2707
-3199
-2908
-21447
115
144
3480
-5302
-5680
-4603
-15576
182
497
-113
-2221
-2384
-4635
-4409
-1884
-3210
-199
-3172
-2863
-6015
-4880
-4443
-3658
-56
-2972
-130
-1028
2390
-2852
-2460
-2935
-23337
74
-802
3432
-5190
-6069
-4910
-20016
332
-944
-79
-896
-2219
-3465
-3090
-1843
-2279
-60
-630
-3378
-4674
-3547
-3255
-2727
-166
-394
107
-180
821
-3549
-100
-2033
-13572
-2
-301
1764
-3982
-2661
-4104
-11389
153
-797
-65
-997
-3884
-3692
-2246
-3530
-3007
130
-303
-5341
-3567
-3927
-4240
-2253
-271
-318
-49
-598
1528
-4093
-900
-3084
-14157
135
215
330
-4392
-860
-3804
-14667
306
449
-22
-725
-4057
-3686
-3541
-2683
-2822
54
-965
-5481
-3791
-3567
-3881
-557
-197
-1780
-254
-411
1887
-2798
50
-2771
-20474
36
-1443
-611
-4011
-767
-3768
-19700
109
-1306
162
412
-2058
-863
-795
-1480
-1464
138
131
-3615
-2379
-2007
-3794
-425
99
-552
-254
-994
-107
-1665
-406
-1480
-19689
-292
-677
-2415
-2513
-559
-2678
-15308
-240
-1158
229
-1366
-2741
-2553
-2000
-2506
-3143
189
-260
-4605
-2879
-4511
-3848
121
79
60
-239
752
-275
-2961
-1404
-3089
-23802
-238
615
-1807
-2602
-4659
-3463
-22678
105
395
162
-1257
-4217
-3369
-4461
-2755
-3963
106
-2
-5805
-4324
-4454
-4122
-1806
-43
797
-178
576
1728
-4081
-1465
-3763
-22837
-76
6
-371
-3921
-3003
-3018
-23877
223
296
192
216
-3373
-3529
-3907
-2628
-3490
89
535
-4257
-3538
-3181
-4454
-4611
60
1285
-99
360
1836
-3822
-2720
-3520
-14505
-109
-559
1137
-4367
-4147
-3208
-13142
197
-921
89
216
-1894
-5382
-5509
-1704
-3588
61
-119
110
-3847
-2465
-1777
-2626
-40
-1337
121
-708
-1401
-3445
940
-3557
-17115
-2
-716
-540
-2727
-1960
-2098
-27227
311
-773
57
943
-3968
-6343
-5742
-2884
-4004
161
1700
-2927
-4629
-3457
-2374
-3733
66
985
8
653
2266
-3832
-323
-3965
-17607
36
926
2313
-3406
-954
-3061
-27052
338
1464
-164
266
-3594
-2666
-3048
-3584
-3264
22
1301
-5473
-2132
-3589
-4521
-3612
69
484
-226
-228
-235
-3358
-179
-3224
-16730
58
-167
-2094
-4926
676
-3429
-15170
316
173
9
1371
-4813
-3148
-3670
-4203
-4205
154
1371
-5447
-2125
-3473
-4070
-1978
6
523
-312
419
-649
-3778
-252
-4037
-16416
-39
-418
-2362
-4432
177
-3326
-21315
117
-1538
394
1060
-3688
-2457
-3279
-3434
-3875
396
957
-3410
-2049
-3100
-3265
-1065
293
-77
-490
-1019
-2317
-3607
709
-3757
-16957
-471
-780
-3370
-3101
1126
-2220
-24047
-276
-1203
242
36
-2980
-2624
-3944
-3637
-3708
203
261
-5573
-3237
-6172
-5115
-108
-34
199
-242
547
-743
-3993
132
-3603
-19921
-107
640
-3698
-3806
-2824
-4128
-17384
174
383
364
-914
-4679
-3692
-5365
-3398
-4131
218
-964
-7036
-3749
-6885
-5271
-4240
84
-610
-226
148
2284
-4024
-455
-3857
-23886
-94
-275
1400
-4969
-2619
-3699
-20512
125
491
286
-7
-2660
-1748
-2647
-546
-2129
154
-741
-4628
-1481
-3890
-3797
-5106
169
-1968
-32
-4
378
-2499
-2279
-2115
-21160
-157
-818
1522
-4396
-4294
-2786
-14557
7
-1159
292
161
-2535
-3860
-3634
-1660
-3036
73
-194
-1989
-2059
-2942
-2022
-2876
61
-996
146
431
-1986
-3842
1388
-3079
-17206
-48
1141
-1334
-2919
-1001
-1940
-23100
204
1399
142
241
-4180
-4595
-5671
-3433
-4237
70
60
-4738
-3625
-3887
-4634
-4291
114
79
-2
536
1212
-2800
-1830
-4250
-16509
146
961
-830
-5682
-2062
-4283
-17734
249
1231
19
-494
-4448
-1804
-3500
-4186
-4100
45
-231
-4767
-770
-1645
-4007
-3006
137
119
-104
-1133
-1662
-2440
-1146
-3943
-18868
57
-1657
-3089
-4066
-1344
-2552
-24687
195
-1986
147
51
-4258
-3902
-2044
-3399
-3850
302
312
-4508
-3265
-1741
-3926
-1502
158
95
-293
965
-2177
-3632
766
-3694
-18920
-134
952
-2815
-4037
130
-2224
-22456
4
-229
375
-402
-4294
-3043
-3061
-3433
-4310
398
-557
-3018
-2367
-2732
-2865
-109
284
-175
-479
-1266
-3356
-5004
1704
-4233
-15361
-324
-1110
-3941
-2828
601
-1580
-25312
-212
-809
196
-559
-2974
-2954
-4130
-3766
-3408
130
418
-3781
-3258
-4933
-3994
-1081
27
328
-144
276
-720
-2676
759
-3205
-18895
-158
15
-2218
-2506
-1597
-3057
-20437
64
220
163
-1141
-2967
-2572
-4278
-3129
-3141
-4
-602
-6262
-2949
-6464
-5347
-4343
9
-605
-63
-240
1069
-3020
-432
-2910
-18552
-23
18
18
-4817
-2758
-4074
-9775
-73
187
79
-127
-2921
-3466
-4488
-2538
-2746
-130
1079
-4130
-3602
-4773
-4045
-5293
137
1613
44
719
1990
-3041
-1394
-2676
-22271
-58
-337
3948
-4360
-4401
-3405
-19393
132
-352
122
306
-3105
-2980
-2178
-2900
-2244
-146
1979
-4404
-3726
-4117
-4733
-4714
-3
3035
150
-460
1619
-2541
-1870
-2416
-25654
109
-621
2855
-4786
-4145
-3659
-20767
242
-205
96
-421
-2998
-2476
-2776
-2446
-2534
30
-80
-3343
-1857
-2533
-3497
-3484
-10
617
166
-665
11
151
-2656
-2511
-20849
162
336
-1282
-3832
-2320
-2122
-19751
168
132
145
-448
-3883
-3995
-2190
-3359
-3746
98
396
-3219
-2286
-982
-2603
-1345
60
547
-144
-484
-2816
-1361
956
-3460
-18682
-139
-488
-3540
-2602
-777
-125
-25228
-71
-891
461
-369
-3940
-5422
-104
-2931
-3810
426
174
-3359
-4043
-884
-2996
-437
144
-12
-220
859
-3712
-3215
1626
-3535
-22243
-239
330
-4021
-3252
-498
-25
-26978
-226
-211
460
-48
-2515
-2878
-597
-2640
-2812
311
-202
-3466
-3507
-2622
-4247
1326
173
96
-383
-1663
-3133
-3283
1628
-2753
-20641
-393
-1074
-5670
-3767
-1115
-1834
-18777
-293
37
38
-795
-1010
-2313
-3069
-2744
-2307
-28
250
-2109
-2797
-4620
-3534
-1261
28
577
-84
380
-208
-1786
-156
-2194
-16364
-332
-607
-956
-1823
-2716
-2882
-15087
-99
-392
-54
-899
-2233
-1660
-2880
-2321
-2344
-30
-291
-3087
-1016
-3778
-2314
-2338
137
24
109
11
837
-1906
-1070
-2116
-17886
-278
578
694
-1038
-2438
-1685
-21219
-94
1049
-254
847
-5811
-7253
-9015
-6924
-6267
-225
1848
-8472
-9414
-11076
-9204
-8766
228
2590
-180
2382
6859
-6909
-5231
-6253
-15812
-260
4712
8476
-8184
-9815
-9096
-7179
43
5612
-161
1754
-7006
-9096
-9579
-8498
-7657
-392
2912
-14679
-15322
-16290
-16585
-13257
178
3351
-153
-872
10908
-8959
-9184
-7601
-15946
-119
-2095
12099
-14392
-16674
-14583
18976
91
-2369
-114
-468
-3023
-2689
-2718
-3250
-2767
-89
477
-3415
-2747
-3505
-3512
-2558
-1
848
130
-1106
1635
-1277
-3166
-2501
-22607
65
-1486
20
-2816
-3140
-1014
-24571
183
-1765
-51
-1595
-3238
-3683
-956
-3462
-3107
-46
-1136
-4141
-3095
-3057
-3832
-1690
11
-408
-42
948
-1679
-2257
301
-2905
-21055
-296
779
-3455
-2983
-1814
950
-19246
-174
1057
220
-801
-3440
-4049
2001
-2953
-3822
151
-585
-4186
-3766
-2130
-3987
-558
75
38
-181
1410
-3888
-4188
-1602
-3615
-18216
-254
522
-5347
-3942
-4070
606
-17352
-202
314
234
-427
-2330
-2865
395
-2656
-2987
188
-640
-2104
-2754
-1511
-3155
35
43
-226
-306
-1444
-2895
-3143
-425
-2754
-12415
-320
-1645
-3915
-2471
-2505
-215
-15107
-195
-941
-27
-1247
-458
-2578
-3113
-1448
-2257
-135
-1528
-1528
-3467
-5135
-3662
-2066
-66
-819
-129
135
-47
-2017
-1796
-2158
-16114
-393
-647
583
-3040
-4546
-3739
-12790
-183
-646
-207
-1696
-1692
-1157
-1505
-197
-1471
-315
-431
-3170
-1396
-3605
-2026
-3099
-188
-499
186
-187
1263
-1585
-2701
-1302
-18008
-196
711
1851
-2356
-3905
-2186
-15178
28
1296
-477
-1629
-5591
-6264
-7135
-3620
-5092
-337
-2076
-6375
-6779
-7812
-5140
-7149
93
-2907
-206
2876
6235
-5032
-6145
-5279
-16648
-120
5004
7243
-5781
-7296
-6264
-16265
41
4787
-350
-3160
-6527
-9497
-7845
-5864
-6959
-323
-3998
-10728
-12830
-11668
-11100
-11147
177
-5464
-199
-1437
9725
-7246
-8478
-6685
-15479
-33
-2013
11598
-10775
-12270
-10654
3187
126
-1928
-361
-1339
-3382
-3239
-1340
-2288
-2320
-303
-2058
-5611
-4957
-4160
-4505
-2705
-60
-1503
57
-1689
2342
-2663
-2259
-2147
-19048
42
-1875
2163
-3469
-4227
-3280
-12419
153
-2501
-279
-1462
-2724
-3501
620
-2105
-2466
-177
-2227
-3398
-4112
-3207
-2679
919
-12
-846
-141
1030
-1414
-2974
-635
-2352
-17875
-417
355
-2285
-1679
-2759
-656
-19166
-199
140
-39
-1576
-2087
-2500
1283
-1880
-2591
-155
-1986
-3509
-3565
-3135
-3421
646
-38
-831
-144
-270
-3194
-2984
-1213
-2542
-19150
-378
-277
-4105
-2909
-4490
-1833
-14882
-58
-359
-46
-1583
-1129
-1306
526
-1014
-1503
-80
-1656
-1124
-1691
-1646
-1892
-296
-50
-1521
-248
-907
-2254
-1097
-799
-1308
-17853
-277
-702
-2283
-1283
-2786
-461
-17571
-67
153
0
0
0
0
0
0
0
0
0
0
0
-2257
-3547
-2805
-1281
-2003
0
0
0
0
0
0
0
0
0
0
0
1312
-2437
-256
-2076
-13531
0
0
0
0
0
0
0
0
0
0
0
-2105
-4038
-3518
-663
-2601
0
0
0
0
0
0
0
0
0
0
0
-1222
-1956
-110
-2577
-15696
0
0
0
0
0
0
0
0
0
0
0
-2580
-3060
-4148
-1541
-2752
0
0
0
0
0
0
0
0
0
0
0
-671
-2170
-779
-2871
-12257
0
0
0
0
0
0
0
0
0
0
0
-1939
-3200
-2794
-2628
-2761
0
0
0
0
0
0
0
0
0
0
0
1635
-2030
-3833
-2804
-18285
0
0
0
0
0
0
0
0
0
0
0
-2285
-2916
-2043
-2482
-1954
0
0
0
0
0
0
0
0
0
0
0
2389
-1493
-2840
-1981
-15889
0
0
0
0
0
0
0
0
0
0
0
-3172
-4552
-3534
-2822
-2470
0
0
0
0
0
0
0
0
0
0
0
2737
-2134
-1549
-2671
-24552
0
0
0
0
0
0
0
0
0
0
0
-4016
-5332
-3162
-5045
-3562
0
0
0
0
0
0
0
0
0
0
0
6094
-5619
-5480
-3831
-16350
0
0
0
0
0
0
0
0
0
0
0
-3770
-3161
-1829
-3775
-2925
0
0
0
0
0
0
0
0
0
0
0
2388
-2007
-3916
-2950
-19106
0
0
0
0
0
0
0
0
0
0
0
-2202
-4284
-2937
-541
-2947
0
0
0
0
0
0
0
0
0
0
0
-659
-2807
-2234
-2930
-15505
0
0
0
0
0
0
0
0
0
0
0
-2543
-5385
-4674
-1685
-3766
0
0
0
0
0
0
0
0
0
0
0
-976
-2858
-1687
-3760
-17570
0
0
0
0
0
0
0
0
0
0
0
-4948
-6174
-7010
-2823
-4647
0
0
0
0
0
0
0
0
0
0
0
1610
-2735
-3229
-4820
-22578
0
0
0
0
0
0
0
0
0
0
0
-4470
-5733
-4257
-3656
-3610
0
0
0
0
0
0
0
0
0
0
0
5042
-4758
-5454
-3710
-14955
0
0
0
0
0
0
0
0
0
0
0
-3800
-3572
-2741
-1448
-2961
0
0
0
0
0
0
0
0
0
0
0
688
-1674
-3835
-2760
-18858
0
0
0
0
0
0
0
0
0
0
0
-3231
-5040
-2260
-2004
-3064
0
0
0
0
0
0
0
0
0
0
0
120
-2256
-2273
-3124
-16880
0
0
0
0
0
0
0
0
0
0
0
-2563
-5651
-3087
-2225
-3703
0
0
0
0
0
0
0
0
0
0
0
3010
-5869
-4591
-3793
-20664
0
0
0
0
0
0
0
0
0
0
0
-2329
-2310
-349
-2527
-1885
0
0
0
0
0
0
0
0
0
0
0
1594
-2446
-2111
-1810
-18746
0
0
0
0
0
0
0
0
0
0
0
-2164
-3899
-3832
437
-3760
0
0
0
0
0
0
0
0
0
0
0
-2507
-2265
-4962
-3727
-16329
0
0
0
0
0
0
0
0
0
0
0
-4518
-4816
-3829
-2517
-5137
0
0
0
0
0
0
0
0
0
0
0
-908
-5493
-4014
-5150
-14174
0
0
0
0
0
0
0
0
0
0
0
-4610
-4407
-4946
-2376
-3883
0
0
0
0
0
0
0
0
0
0
0
3697
-5018
-2526
-3788
-13491
0
0
0
0
0
0
0
0
0
0
0
-2877
-4116
-4296
-520
-2542
0
0
0
0
0
0
0
0
0
0
0
2154
-4438
-1708
-2602
-22103
0
0
0
0
0
0
0
0
0
0
0
-2673
-3034
-2346
-368
-1659
0
0
0
0
0
0
0
0
0
0
0
57
-2581
547
-1586
-14630
0
0
0
0
0
0
0
0
0
0
0
-3017
-3695
-2293
-2718
-2914
0
0
0
0
0
0
0
0
0
0
0
251
-3269
-314
-2787
-13314
0
0
0
0
0
0
0
0
0
0
0
-1813
-3098
-3362
-1255
-2183
0
0
0
0
0
0
0
0
0
0
0
1065
-2766
-808
-2008
-21662
0
0
0
0
0
0
0
0
0
0
0
-2112
-1908
-1326
-1854
-2034
0
0
0
0
0
0
0
0
0
0
0
530
-1849
-1200
-1935
-13486
0
0
0
0
0
0
0
0
0
0
0
-1679
-2540
-2376
-610
-2387
0
0
0
0
0
0
0
0
0
0
0
694
-2656
-2479
-2249
-23476
0
0
0
0
0
0
0
0
0
0
0
-3827
-3311
-3476
-1735
-3708
0
0
0
0
0
0
0
0
0
0
0
1368
-5743
-1881
-3690
-18941
0
0
0
0
0
0
0
0
0
0
0
-4555
-3205
-1965
-1309
-3044
0
0
0
0
0
0
0
0
0
0
0
2275
-5056
-1945
-3106
-14004
0
0
0
0
0
0
0
0
0
0
0
-3664
-4321
-4870
1295
-2943
0
0
0
0
0
0
0
0
0
0
0
-845
-4923
654
-3103
-19670
0
0
0
0
0
0
0
0
0
0
0
-4797
-5175
-5538
-1242
-3716
0
0
0
0
0
0
0
0
0
0
0
1245
-4026
-1047
-3990
-17337
0
0
0
0
0
0
0
0
0
0
0
-3485
-2731
-3374
-2067
-2885
0
0
0
0
0
0
0
0
0
0
0
127
-3138
-616
-2889
-15584
0
0
0
0
0
0
0
0
0
0
0
-4064
-3119
-4391
-2122
-3639
0
0
0
0
0
0
0
0
0
0
0
-346
-3545
-983
-3405
-16313
0
0
0
0
0
0
0
0
0
0
0
-3198
-1996
-3484
-2046
-3064
0
0
0
0
0
0
0
0
0
0
0
-102
-3277
-713
-2907
-17212
0
0
0
0
0
0
0
0
0
0
0
-2549
-2514
-2932
-1599
-2738
0
0
0
0
0
0
0
0
0
0
0
1835
-4171
-1147
-2456
-20309
0
0
0
0
0
0
0
0
0
0
0
-2676
-3196
-3979
-1282
-2803
0
0
0
0
0
0
0
0
0
0
0
2630
-4883
-1466
-2697
-24182
0
0
0
0
0
0
0
0
0
0
0
-3672
-3566
-2702
1480
-2763
0
0
0
0
0
0
0
0
0
0
0
-311
-4245
-3143
-2834
-13777
0
0
0
0
0
0
0
0
0
0
0
-3288
-3934
-3150
1249
-2581
0
0
0
0
0
0
0
0
0
0
0
-1807
-3701
-24
-2632
-18081
0
0
0
0
0
0
0
0
0
0
0
-5252
-4262
-6169
-2598
-4421
0
0
0
0
0
0
0
0
0
0
0
659
-3056
-2646
-4503
-12251
0
0
0
0
0
0
0
0
0
0
0
-4411
-2179
-4071
-2538
-3297
0
0
0
0
0
0
0
0
0
0
0
-480
-2133
-1710
-3278
-19423
0
0
0
0
0
0
0
0
0
0
0
-4614
-4104
-3841
-1292
-4074
0
0
0
0
0
0
0
0
0
0
0
-2012
-3920
-1123
-4015
-15785
0
0
0
0
0
0
0
0
0
0
0
-3879
-2299
-3207
-1589
-3390
0
0
0
0
0
0
0
0
0
0
0
-1443
-4162
61
-3282
-16824
0
0
0
0
0
0
0
0
0
0
0
-3981
-3272
-3677
-3141
-3747
0
0
0
0
0
0
0
0
0
0
0
1383
-2968
-1507
-3394
-13745
0
0
0
0
0
0
0
0
0
0
0
-1397
-2249
-2559
-810
-1699
0
0
0
0
0
0
0
0
0
0
0
1588
-2812
-653
-1476
-20591
0
0
0
0
0
0
0
0
0
0
0
-3288
-4703
-4352
-1351
-3505
0
0
0
0
0
0
0
0
0
0
0
109
-2931
-1817
-3436
-14002
0
0
0
0
0
0
0
0
0
0
0
-3503
-4343
-3371
-2053
-3719
0
0
0
0
0
0
0
0
0
0
0
-304
-2099
-3074
-3685
-15094
0
0
0
0
0
0
0
0
0
0
0
-3822
-3117
-4499
-1475
-3546
0
0
0
0
0
0
0
0
0
0
0
-1433
104
-3141
-3379
-14489
0
0
0
0
0
0
0
0
0
0
0
-3934
-3921
-3601
-757
-3466
0
0
0
0
0
0
0
0
0
0
0
-2412
-1046
-1398
-3175
-19583
0
0
0
0
0
0
0
0
0
0
0
-3819
-4629
-1949
-86
-3841
0
0
0
0
0
0
0
0
0
0
0
-3263
-3370
-1558
-3629
-21212
0
0
0
0
0
0
0
0
0
0
0
-2844
-2194
-1043
-281
-2350
0
0
0
0
0
0
0
0
0
0
0
-1326
-3094
-858
-2307
-19607
0
0
0
0
0
0
0
0
0
0
0
-2130
-2012
-2343
-2152
-2293
0
0
0
0
0
0
0
0
0
0
0
1314
-1065
-1692
-1996
-13009
0
0
0
0
0
0
0
0
0
0
0
-1605
-2427
-2024
-665
-1832
0
0
0
0
0
0
0
0
0
0
0
334
-1353
-925
-1785
-16838
0
0
0
0
0
0
0
0
0
0
0
-5099
-5542
-4529
-3906
-3788
0
0
0
0
0
0
0
0
0
0
0
4942
-4013
-3789
-4184
-21865
0
0
0
0
0
0
0
0
0
0
0
-6157
-6731
-4700
-6068
-4752
0
0
0
0
0
0
0
0
0
0
0
8710
-6476
-7041
-5074
-17833
0
0
0
0
0
0
0
0
0
0
0
-4164
-2913
-3132
-3095
-3357
0
0
0
0
0
0
0
0
0
0
0
1052
-484
-3554
-3237
-17070
0
0
0
0
0
0
0
0
0
0
0
-2883
-2818
-1598
-1233
-2541
0
0
0
0
0
0
0
0
0
0
0
-852
-1464
-1564
-2340
-21793
0
0
0
0
0
0
0
0
0
0
0
-3219
-2756
755
230
-2828
0
0
0
0
0
0
0
0
0
0
0
-2149
-3449
-3178
-2612
-21321
0
0
0
0
0
0
0
0
0
0
0
-3205
-2327
109
-631
-2907
0
0
0
0
0
0
0
0
0
0
0
-1603
-3811
-2221
-2769
-10048
0
0
0
0
0
0
0
0
0
0
0
-1299
-1538
-2527
-837
-1613
0
0
0
0
0
0
0
0
0
0
0
1104
-915
-2115
-1318
-15457
0
0
0
0
0
0
0
0
0
0
0
-1178
-1812
-1215
-415
-1253
0
0
0
0
0
0
0
0
0
0
0
1091
-1130
-2241
-1235
-16129
0
0
0
0
0
0
0
0
0
0
0
-4105
-5226
-4977
-2524
-3569
0
0
0
0
0
0
0
0
0
0
0
4014
-4628
-4282
-4046
-21396
0
0
0
0
0
0
0
0
0
0
0
-6119
-7697
-5936
-4592
-5023
0
0
0
0
0
0
0
0
0
0
0
7092
-7208
-7032
-5437
-15362
0
0
0
0
0
0
0
0
0
0
0
-3315
-3046
-1522
-2417
-2350
0
0
0
0
0
0
0
0
0
0
0
1724
-1633
-3113
-2355
-15132
0
0
0
0
0
0
0
0
0
0
0
-1524
-1571
110
-1064
-1544
0
0
0
0
0
0
0
0
0
0
0
-577
-1623
-1351
-1362
-21539
0
0
0
0
0
0
0
0
0
0
0
-1315
-1016
939
-289
-1283
0
0
0
0
0
0
0
0
0
0
0
-1231
-1736
-1727
-1159
-22598
0
0
0
0
0
0
0
0
0
0
0
-1489
-964
316
-521
-1457
0
0
0
0
0
0
0
0
0
0
0
-1238
-1173
-1649
-1318
-15823
0
0
0
0
0
0
0
0
0
0
0
0
0
0
0
0
0
0
0
0
0
0
0
0
0
0
0
0
0
0
0
0
0
0
0
0
0
0
0
0
0
0
0
0
0
0
0
0
0
0
0
0
0
0
0
0
0
0
0
0
0
0
0
0
0
0
0
0
0
0
0
0
0
0
0
0
0
0
0
0
0
0
0
0
0
0
0
0
0
0
0
0
0
0
0
0
0
0
0
0
0
0
0
0
0
0
0
0
0
0
0
0
0
0
0
0
0
0
0
0
0
0
0
0
0
0
0
0
0
0
0
0
0
0
0
0
0
0
0
0
0
0
0
0
0
0
0
0
0
0
0
0
0
0
0
0
0
0
0
0
0
0
0
0
0
0
0
0
0
0
0
0
0
0
0
0
0
0
0
0
0
0
0
0
0
0
0
0
0
0
0
0
0
0
0
0
0
0
0
0
0
0
0
0
0
0
0
0
0
0
0
0
0
0
0
0
0
0
0
0
0
0
0
0
0
0
0
0
0
0
0
0
0
0
0
0
0
0
0
0
0
0
0
0
0
0
0
0
0
0
0
0
0
0
0
0
0
0
0
0
0
0
0
0
0
0
0
0
0
0
0
0
0
0
0
0
0
0
0
0
0
0
0
0
0
0
0
0
0
0
0
0
0
0
0
0
0
0
0
0
0
0
0
0
0
0
0
0
0
0
0
0
0
0
0
0
0
0
0
0
0
0
0
0
0
0
0
0
0
0
0
0
0
0
0
0
0
0
0
0
0
0
0
0
0
0
0
0
0
0
0
0
0
0
0
0
0
0
0
0
0
0
0
0
0
0
0
0
0
0
0
0
0
0
0
0
0
0
0
0
0
0
0
0
0
0
0
0
0
0
0
0
0
0
0
0
0
0
0
0
0
0
0
0
0
0
0
0
0
0
0
0
0
0
0
0
0
0
0
0
0
0
0
0
0
0
0
0
0
0
0
0
0
0
0
0
0
0
0
0
0
0
0
0
0
0
0
0
0
0
0
0
0
0
0
0
0
0
0
0
0
0
0
0
0
0
0
0
0
0
0
0
0
0
0
0
0
0
0
0
0
0
0
0
0
0
0
0
0
0
0
0
0
0
0
0
0
0
0
0
0
0
0
0
0
0
0
0
0
0
0
0
0
0
0
0
0
0
0
0
0
0
0
0
0
0
0
0
0
0
0
0
0
0
0
0
0
0
0
0
0
0
0
0
0
0
0
0
0
0
0
0
0
0
0
0
0
0
0
0
0
0
0
0
0
0
0
0
0
0
0
0
0
0
0
0
0
0
0
0
0
0
0
0
0
0
0
0
0
0
0
0
0
0
0
0
0
0
0
0
0
0
0
0
0
0
0
0
0
0
0
0
0
0
0
0
0
0
0
0
0
0
0
0
0
0
0
0
0
0
0
0
0
0
0
0
0
0
0
0
0
0
0
0
0
0
0
0
0
0
0
0
0
0
0
0
0
0
0
0
0
0
0
0
0
0
0
0
0
0
0
0
0
0
0
0
0
0
0
0
0
0
0
0
0
0
0
0
0
0
0
0
0
0
0
0
0
0
0
0
0
0
0
0
0
0
0
0
0
0
0
0
0
0
0
0
0
0
0
0
0
0
0
0
0
0
0
0
0
0
0
0
0
0
0
0
0
0
0
0
0
0
0
0
0
0
0
0
0
0
0
0
0
0
0
0
0
0
0
0
0
0
0
0
0
0
0
0
0
0
0
0
0
0
0
0
0
0
0
0
0
0
0
0
0
0
0
0
0
0
0
0
0
0
0
0
0
0
0
0
0
0
0
0
0
0
0
0
0
0
0
0
0
0
0
0
0
0
0
0
0
0
0
0
0
0
0
0
0
0
0
0
0
0
0
0
0
0
0
0
0
0
0
0
0
0
0
0
0
0
0
0
0
0
0
0
0
0
0
0
0
0
0
0
0
0
0
0
0
0
0
0
0
0
0
0
0
0
0
0
0
0
0
0
0
0
0
0
0
0
0
0
0
0
0
0
0
0
0
0
0
0
0
0
0
0
0
0
0
0
0
0
0
0
0
0
0
0
0
0
0
0
0
0
0
0
0
0
0
0
0
0
0
0
0
0
0
0
0
0
0
0
0
0
0
0
0
0
0
0
0
0
0
0
0
0
0
0
0
0
0
0
0
0
0
0
0
0
0
0
0
0
0
0
0
0
0
0
0
0
0
0
0
0
0
0
0
0
0
0
0
0
0
0
0
0
0
0
0
0
0
0
0
0
0
0
0
0
0
0
0
0
0
0
0
0
0
0
0
0
0
0
0
0
0
0
0
0
0
0
0
0
0
0
0
0
0
0
0
0
0
0
0
0
0
0
0
0
0
0
0
0
0
0
0
0
0
0
0
0
0
0
0
0
0
0
0
0
0
0
0
0
0
0
0
0
0
0
0
0
0
0
0
0
0
0
0
0
0
0
0
0
0
0
0
0
0
0
0
0
0
0
0
0
0
0
0
0
0
0
0
0
0
0
0
0
0
0
0
0
0
0
0
0
0
0
0
0
0
0
0
0
0
0
0
0
0
0
0
0
0
0
0
0
0
0
0
0
0
0
0
0
0
0
0
0
0
0
0
0
0
0
0
0
0
0
0
0
0
0
0
0
0
0
0
0
0
0
0
0
0
0
0
0
0
0
0
0
0
0
0
0
0
0
0
0
0
0
0
0
0
0
0
0
0
0
0
0
0
0
0
0
0
0
0
0
0
0
0
0
0
0
0
0
0
0
0
0
0
0
0
0
0
0
0
0
0
0
0
0
0
0
0
0
0
0
0
0
0
0
0
0
0
0
0
0
0
0
0
0
0
0
0
0
0
0
0
0
0
0
0
0
0
0
0
0
0
0
0
0
0
0
0
0
0
0
0
0
0
0
0
0
0
0
0
0
0
0
0
0
0
0
0
0
0
0
0
0
0
0
0
0
0
0
0
0
0
0
0
0
0
0
0
0
0
0
0
0
0
0
0
0
0
0
0
0
0
0
0
0
0
0
0
0
0
0
0
0
0
0
0
0
0
0
0
0
0
0
0
0
0
0
0
0
0
0
0
0
0
0
0
0
0
0
0
0
0
0
0
0
0
0
0
0
0
0
0
0
0
0
0
0
0
0
0
0
0
0
0
0
0
0
0
0
0
0
0
0
0
0
0
0
0
0
0
0
0
0
0
0
0
0
0
0
0
0
0
0
0
0
0
0
0
0
0
0
0
0
0
0
0
0
0
0
0
0
0
0
0
0
0
0
0
0
0
0
0
0
0
0
0
0
0
0
0
0
0
0
0
0
0
0
0
0
0
0
0
0
0
0
0
0
0
0
0
0
0
0
0
0
0
0
0
0
0
0
0
0
0
0
0
0
0
0
0
0
0
0
0
0
0
0
0
0
0
0
0
0
0
0
0
0
0
0
0
0
0
0
0
0
0
0
0
0
0
0
0
0
0
0
0
0
0
0
0
0
0
0
0
0
0
0
0
0
0
0
0
0
0
0
0
0
0
0
0
0
0
0
0
0
0
0
0
0
0
0
0
0
0
0
0
0
0
0
0
0
0
0
0
0
0
0
0
0
0
0
0
0
0
0
0
0
0
0
0
0
0
0
0
0
0
0
0
0
0
0
0
0
0
0
0
0
0
0
0
0
0
0
0
0
0
0
0
0
0
0
0
0
0
0
0
0
0
0
0
0
0
0
0
0
0
0
0
0
0
0
0
0
0
0
0
0
0
0
0
0
0
0
0
0
0
0
0
0
0
0
0
0
0
0
0
0
0
0
0
0
0
0
0
0
0
0
0
0
0
0
0
0
0
0
0
0
0
0
0
0
0
0
0
0
0
0
0
0
0
0
0
0
0
0
0
0
0
0
0
0
0
0
0
0
0
0
0
0
0
0
0
0
0
0
0
0
0
0
0
0
0
0
0
0
0
0
0
0
0
0
0
0
0
0
0
0
0
0
0
0
0
0
0
0
0
0
0
0
0
0
0
0
0
0
0
0
0
0
0
0
0
0
0
0
0
0
0
0
0
0
0
0
0
0
0
0
0
0
0
0
0
0
0
0
0
0
0
0
0
0
0
0
0
0
0
0
0
0
0
0
0
0
0
0
0
0
0
0
0
0
0
0
0
0
0
0
0
0
0
0
0
0
0
0
0
0
0
0
0
0
0
0
0
0
0
0
0
0
0
0
0
0
0
0
0
0
0
0
0
0
0
0
0
0
0
0
0
0
0
0
0
0
0
0
0
0
0
0
0
0
0
0
0
0
0
0
0
0
0
0
0
0
0
0
0
0
0
0
0
0
0
0
0
0
0
0
0
0
0
0
0
0
0
0
0
0
0
0
0
0
0
0
0
0
0
0
0
0
0
0
0
0
0
0
0
0
0
0
0
0
0
0
0
0
0
0
0
0
0
0
0
0
0
0
0
0
0
0
0
0
0
0
0
0
0
0
0
0
0
0
0
0
0
0
0
0
0
0
0
0
0
0
0
0
0
0
0
0
0
0
0
0
0
0
0
0
0
0
0
0
0
0
0
0
0
0
0
0
0
0
0
0
0
0
0
0
0
0
0
0
0
0
0
0
0
0
0
0
0
0
0
0
0
0
0
0
0
0
0
0
0
0
0
0
0
0
0
0
0
0
0
0
0
0
0
0
0
0
0
0
0
0
0
0
0
0
0
0
0
0
0
0
0
0
0
0
0
0
0
0
0
0
0
0
0
0
0
0
0
0
0
0
0
0
0
0
0
0
0
0
0
0
0
0
0
0
0
0
0
0
0
0
0
0
0
0
0
0
0
0
0
0
0
0
0
0
0
0
0
0
0
0
0
0
0
0
0
0
0
0
0
0
0
0
0
0
0
0
0
0
0
0
0
0
0
0
0
0
0
0
0
0
0
0
0
0
0
0
0
0
0
0
0
0
0
0
0
0
0
0
0
0
0
0
0
0
0
0
0
0
0
0
0
0
0
0
0
0
0
0
0
0
0
0
0
0
0
0
0
0
0
0
0
0
0
0
0
0
0
0
0
0
0
0
0
0
0
0
0
0
0
0
0
0
0
0
0
0
0
0
0
0
0
0
0
0
0
0
0
0
0
0
0
0
0
0
0
0
0
0
0
0
0
0
0
0
0
0
0
0
0
0
0
0
0
0
0
0
0
0
0
0
0
0
0
0
0
0
0
0
0
0
0
0
0
0
0
0
0
0
0
0
0
0
0
0
0
0
0
0
0
0
0
0
0
0
0
0
0
0
0
0
0
0
0
0
0
0
0
0
0
0
0
0
0
0
0
0
0
0
0
0
0
0
0
0
0
0
0
0
0
0
0
0
0
0
0
0
0
0
0
0
0
0
0
0
0
0
0
0
0
0
0
0
0
0
0
0
0
0
0
0
0
0
0
0
0
0
0
0
0
0
0
0
0
0
0
0
0
0
0
0
0
0
0
0
0
0
0
0
0
0
0
0
0
0
0
0
0
0
0
0
0
0
0
0
0
0
0
0
0
0
0
0
0
0
0
0
0
0
0
0
0
0
0
0
0
0
0
0
0
0
0
0
0
0
0
0
0
0
0
0
0
0
0
0
0
0
0
0
0
0
0
0
0
0
0
0
0
0
0
0
0
0
0
0
0
0
0
0
0
0
0
0
0
0
0
0
0
0
0
0
0
0
0
0
0
0
0
0
0
0
0
0
0
0
0
0
0
0
0
0
0
0
0
0
0
0
0
0
0
0
0
0
0
0
0
0
0
0
0
0
0
0
0
0
0
0
0
0
0
0
0
0
0
0
0
0
0
0
0
0
0
0
0
0
0
0
0
0
0
0
0
0
0
0
0
0
0
0
0
0
0
0
0
0
0
0
0
0
0
0
0
0
0
0
0
0
0
0
0
0
0
0
0
0
0
0
0
0
0
0
0
0
0
0
0
0
0
0
0
0
0
0
0
0
0
0
0
0
0
0
0
0
0
0
0
0
0
0
0
0
0
0
0
0
0
0
0
0
0
0
0
0
0
0
0
0
0
0
0
0
0
0
0
0
0
0
0
0
0
0
0
0
0
0
0
0
0
0
0
0
0
0
0
0
0
0
0
0
0
0
0
0
0
0
0
0
0
0
0
0
0
0
0
0
0
0
0
0
0
0
0
0
0
0
0
0
0
0
0
0
0
0
0
0
0
0
0
0
0
0
0
0
0
0
0
0
0
0
0
0
0
0
0
0
0
0
0
0
0
0
0
0
0
0
0
0
0
0
0
0
0
0
0
0
0
0
0
0
0
0
0
0
0
0
0
0
0
0
0
0
0
0
0
0
0
0
0
0
0
0
0
0
0
0
0
0
0
0
0
0
0
0
0
0
0
0
0
0
0
0
0
0
0
0
0
0
0
0
0
0
0
0
0
0
0
0
0
0
0
0
0
0
0
0
0
0
0
0
0
0
0
0
0
0
0
0
0
0
0
0
0
0
0
0
0
0
0
0
0
0
0
0
0
0
0
0
0
0
0
0
0
0
0
0
0
0
0
0
0
0
0
0
0
0
0
0
0
0
0
0
0
0
0
0
0
0
0
0
0
0
0
0
0
0
0
0
0
0
0
0
0
0
0
0
0
0
0
0
0
0
0
0
0
0
0
0
0
0
0
0
0
0
0
0
0
0
0
0
0
0
0
0
0
0
0
0
0
0
0
0
0
0
0
0
0
0
0
0
0
0
0
0
0
0
0
0
0
0
0
0
0
0
0
0
0
0
0
0
0
0
0
0
0
0
0
0
0
0
0
0
0
0
0
0
0
0
0
0
0
0
0
0
0
0
0
0
0
0
0
0
0
0
0
0
0
0
0
0
0
0
0
0
0
0
0
0
0
0
0
0
0
0
0
0
0
0
0
0
0
0
0
0
0
0
0
0
0
0
0
0
0
0
0
0
0
0
0
0
0
0
0
0
0
0
0
0
0
0
0
0
0
0
0
0
0
0
0
0
0
0
0
0
0
0
0
0
0
0
0
0
0
0
0
0
0
0
0
0
0
0
0
0
0
0
0
0
0
0
0
0
0
0
0
0
0
0
0
0
0
0
0
0
0
0
0
0
0
0
0
0
0
0
0
0
0
0
0
0
0
0
0
0
0
0
0
0
0
0
0
0
0
0
0
0
0
0
0
0
0
0
0
0
0
0
0
0
0
0
0
0
0
0
0
0
0
0
0
0
0
0
0
0
0
0
0
0
0
0
0
0
0
0
0
0
0
0
0
0
0
0
0
0
0
0
0
0
0
0
0
0
0
0
0
0
0
0
0
0
0
0
0
0
0
0
0
0
0
0
0
0
0
0
0
0
0
0
0
0
0
0
0
0
0
0
0
0
0
0
0
0
0
0
0
0
0
0
0
0
0
0
0
0
0
0
0
0
0
0
0
0
0
0
0
0
0
0
0
0
0
0
0
0
0
0
0
0
0
0
0
0
0
0
0
0
0
0
0
0
0
0
0
0
0
0
0
0
0
0
0
0
0
0
0
0
0
0
0
0
0
0
0
0
0
0
0
0
0
0
0
0
0
0
0
0
0
0
0
0
0
0
0
0
0
0
0
0
0
0
0
0
0
0
0
0
0
0
0
0
0
0
0
0
0
0
0
0
0
0
0
0
0
0
0
0
0
0
0
0
0
0
0
0
0
0
0
0
0
0
0
0
0
0
0
0
0
0
0
0
0
0
0
0
0
0
0
0
0
0
0
0
0
0
0
0
0
0
0
0
0
0
0
0
0
0
0
0
0
0
0
0
0
0
0
0
0
0
0
0
0
0
0
0
0
0
0
0
0
0
0
0
0
0
0
0
0
0
0
0
0
0
0
0
0
0
0
0
0
0
0
0
0
0
0
0
0
0
0
0
0
0
0
0
0
0
0
0
0
0
0
0
0
0
0
0
0
0
0
0
0
0
0
0
0
0
0
0
0
0
0
0
0
0
0
0
0
0
0
0
0
0
0
0
0
0
0
0
0
0
0
0
0
0
0
0
0
0
0
0
0
0
0
0
0
0
0
0
0
0
0
0
0
0
0
0
0
0
0
0
0
0
0
0
0
0
0
0
0
0
0
0
0
0
0
0
0
0
0
0
0
0
0
0
0
0
0
0
0
0
0
0
0
0
0
0
0
0
0
0
0
0
0
0
0
0
0
0
0
0
0
0
0
0
0
0
0
0
0
0
0
0
0
0
0
0
0
0
0
0
0
0
0
0
0
0
0
0
0
0
0
0
0
0
0
0
0
0
0
0
0
0
0
0
0
0
0
0
0
0
0
0
0
0
0
0
0
0
0
0
0
0
0
0
0
0
0
0
0
0
0
0
0
0
0
0
0
0
0
0
0
0
0
0
0
0
0
0
0
0
0
0
0
0
0
0
0
0
0
0
0
0
0
0
0
0
0
0
0
0
0
0
0
0
0
0
0
0
0
0
0
0
0
0
0
0
0
0
0
0
0
0
0
0
0
0
0
0
0
0
0
0
0
0
0
0
0
0
0
0
0
0
0
0
0
0
0
0
0
0
0
0
0
0
0
0
0
0
0
0
0
0
0
0
0
0
0
0
0
0
0
0
0
0
0
0
0
0
0
0
0
0
0
0
0
0
0
0
0
0
0
0
0
0
0
0
0
0
0
0
0
0
0
0
0
0
0
0
0
0
0
0
0
0
0
0
0
0
0
0
0
0
0
0
0
0
0
0
0
0
0
0
0
0
0
0
0
0
0
0
0
0
0
0
0
0
0
0
0
0
0
0
0
0
0
0
0
0
0
0
0
0
0
0
0
0
0
0
0
0
0
0
0
0
0
0
0
0
0
0
0
0
0
0
0
0
0
0
0
0
0
0
0
0
0
0
0
0
0
0
0
0
0
0
0
0
0
0
0
0
0
0
0
0
0
0
0
0
0
0
0
0
0
0
0
0
0
0
0
0
0
0
0
0
0
0
0
0
0
0
0
0
0
0
0
0
0
0
0
0
0
0
0
0
0
0
0
0
0
0
0
0
0
0
0
0
0
0
0
0
0
0
0
0
0
0
0
0
0
0
0
0
0
0
0
0
0
0
0
0
0
0
0
0
0
0
0
0
0
0
0
0
0
0
0
0
0
0
0
0
0
0
0
0
0
0
0
0
0
0
0
0
0
0
0
0
0
0
0
0
0
0
0
0
0
0
0
0
0
0
0
0
0
0
0
0
0
0
0
0
0
0
0
0
0
0
0
0
0
0
0
0
0
0
0
0
0
0
0
0
0
0
0
0
0
0
0
0
0
0
0
0
0
0
0
0
0
0
0
0
0
0
0
0
0
0
0
0
0
0
0
0
0
0
0
0
0
0
0
0
0
0
0
0
0
0
0
0
0
0
0
0
0
0
0
0
0
0
0
0
0
0
0
0
0
0
0
0
0
0
0
0
0
0
0
0
0
0
0
0
0
0
0
0
0
0
0
0
0
0
0
0
0
0
0
0
0
0
0
0
0
0
0
0
0
0
0
0
0
0
0
0
0
0
0
0
0
0
0
0
0
0
0
0
0
0
0
0
0
0
0
0
0
0
0
0
0
0
0
0
0
0
0
0
0
0
0
0
0
0
0
0
0
0
0
0
0
0
0
0
0
0
0
0
0
0
0
0
0
0
0
0
0
0
0
0
0
0
0
0
0
0
0
0
0
0
0
0
0
0
0
0
0
0
0
0
0
0
0
0
0
0
0
0
0
0
0
0
0
0
0
0
0
0
0
0
0
0
0
0
0
0
0
0
0
0
0
0
0
0
0
0
0
0
0
0
0
0
0
0
0
0
0
0
0
0
0
0
0
0
0
0
0
0
0
0
0
0
0
0
0
0
0
0
0
0
0
0
0
0
0
0
0
0
0
0
0
0
0
0
0
0
0
0
0
0
0
0
0
0
0
0
0
0
0
0
0
0
0
0
0
0
0
0
0
0
0
0
0
0
0
0
0
0
0
0
0
0
0
0
0
0
0
0
0
0
0
0
0
0
0
0
0
0
0
0
0
0
0
0
0
0
0
0
0
0
0
0
0
0
0
0
0
0
0
0
0
0
0
0
0
0
0
0
0
0
0
0
0
0
0
0
0
0
0
0
0
0
0
0
0
0
0
0
0
0
0
0
0
0
0
0
0
0
0
0
0
0
0
0
0
0
0
0
0
0
0
0
0
0
0
0
0
0
0
0
0
0
0
0
0
0
0
0
0
0
0
0
0
0
0
0
0
0
0
0
0
0
0
0
0
0
0
0
0
0
0
0
0
0
0
0
0
0
0
0
0
0
0
0
0
0
0
0
0
0
0
0
0
0
0
0
0
0
0
0
0
0
0
0
0
0
0
0
0
0
0
0
0
0
0
0
0
0
0
0
0
0
0
0
0
0
0
0
0
0
0
0
0
0
0
0
0
0
0
0
0
0
0
0
0
0
0
0
0
0
0
0
0
0
0
0
0
0
0
0
0
0
0
0
0
0
0
0
0
0
0
0
0
0
0
0
0
0
0
0
0
0
0
0
0
0
0
0
0
0
0
0
0
0
0
0
0
0
0
0
0
0
0
0
0
0
0
0
0
0
0
0
0
0
0
0
0
0
0
0
0
0
0
0
0
0
0
0
0
0
0
0
0
0
0
0
0
0
0
0
0
0
0
0
0
0
0
0
0
0
0
0
0
0
0
0
0
0
0
0
0
0
0
0
0
0
0
0
0
0
0
0
0
0
0
0
0
0
0
0
0
0
0
0
0
0
0
0
0
0
0
0
0
0
0
0
0
0
0
0
0
0
0
0
0
0
0
0
0
0
0
0
0
0
0
0
0
0
0
0
0
0
0
0
0
0
0
0
0
0
0
0
0
0
0
0
0
0
0
0
0
0
0
0
0
0
0
0
0
0
0
0
0
0
0
0
0
0
0
0
0
0
0
0
0
0
0
0
0
0
0
0
0
0
0
0
0
0
0
0
0
0
0
0
0
0
0
0
0
0
0
0
0
0
0
0
0
0
0
0
0
0
0
0
0
0
0
0
0
0
0
0
0
0
0
0
0
0
0
0
0
0
0
0
0
0
0
0
0
0
0
0
0
0
0
0
0
0
0
0
0
0
0
0
0
0
0
0
0
0
0
0
0
0
0
0
0
0
0
0
0
0
0
0
0
0
0
0
0
0
0
0
0
0
0
0
0
0
0
0
0
0
0
0
0
0
0
0
0
0
0
0
0
0
0
0
0
0
0
0
0
0
0
0
0
0
0
0
0
0
0
0
0
0
0
0
0
0
0
0
0
0
0
0
0
0
0
0
0
0
0
0
0
0
0
0
0
0
0
0
0
0
0
0
0
0
0
0
0
0
0
0
0
0
0
0
0
0
0
0
0
0
0
0
0
0
0
0
0
0
0
0
0
0
0
0
0
0
0
0
0
0
0
0
0
0
0
0
0
0
0
0
0
0
0
0
0
0
0
0
0
0
0
0
0
0
0
0
0
0
0
0
0
0
0
0
0
0
0
0
0
0
0
0
0
0
0
0
0
0
0
0
0
0
0
0
0
0
0
0
0
0
0
0
0
0
0
0
0
0
0
0
0
0
0
0
0
0
0
0
0
0
0
0
0
0
0
0
0
0
0
0
0
0
0
0
0
0
0
0
0
0
0
0
0
0
0
0
0
0
0
0
0
0
0
0
0
0
0
0
0
0
0
0
0
0
0
0
0
0
0
0
0
0
0
0
0
0
0
0
0
0
0
0
0
0
0
0
0
0
0
0
0
0
0
0
0
0
0
0
0
0
0
0
0
0
0
0
0
0
0
0
0
0
0
0
0
0
0
0
0
0
0
0
0
0
0
0
0
0
0
0
0
0
0
0
0
0
0
0
0
0
0
0
0
0
0
0
0
0
0
0
0
0
0
0
0
0
0
0
0
0
0
0
0
0
0
0
0
0
0
0
0
0
0
0
0
0
0
0
0
0
0
0
0
0
0
0
0
0
0
0
0
0
0
0
0
0
0
0
0
0
0
0
0
0
0
0
0
0
0
0
0
0
0
0
0
0
0
0
0
0
0
0
0
0
0
0
0
0
0
0
0
0
0
0
0
0
0
0
0
0
0
0
0
0
0
0
0
0
0
0
0
0
0
0
0
0
0
0
0
0
0
0
0
0
0
0
0
0
0
0
0
0
0
0
0
0
0
0
0
0
0
0
0
0
0
0
0
0
0
0
0
0
0
0
0
0
0
0
0
0
0
0
0
0
0
0
0
0
0
0
0
0
0
0
0
0
0
0
0
0
0
0
0
0
0
0
0
0
0
0
0
0
0
0
0
0
0
0
0
0
0
0
0
0
0
0
0
0
0
0
0
0
0
0
0
0
0
0
0
0
0
0
0
0
0
0
0
0
0
0
0
0
0
0
0
0
0
0
0
0
0
0
0
0
0
0
0
0
0
0
0
0
0
0
0
0
0
0
0
0
0
0
0
0
0
0
0
0
0
0
0
0
0
0
0
0
0
0
0
0
0
0
0
0
0
0
0
0
0
0
0
0
0
0
0
0
0
0
0
0
0
0
0
0
0
0
0
0
0
0
0
0
0
0
0
0
0
0
0
0
0
0
0
0
0
0
0
0
0
0
0
0
0
0
0
0
0
0
0
0
0
0
0
0
0
0
0
0
0
0
0
0
0
0
0
0
0
0
0
0
0
0
0
0
0
0
0
0
0
0
0
0
0
0
0
0
0
0
0
0
0
0
0
0
0
0
0
0
0
0
0
0
0
0
0
0
0
0
0
0
0
0
0
0
0
0
0
0
0
0
0
0
0
0
0
0
0
0
0
0
0
0
0
0
0
0
0
0
0
0
0
0
0
0
0
0
0
0
0
0
0
0
0
0
0
0
0
0
0
0
0
0
0
0
0
0
0
0
0
0
0
0
0
0
0
0
0
0
0
0
0
0
0
0
0
0
0
0
0
0
0
0
0
0
0
0
0
0
0
0
0
0
0
0
0
0
0
0
0
0
0
0
0
0
0
0
0
0
0
0
0
0
0
0
0
0
0
0
0
0
0
0
0
0
0
0
0
0
0
0
0
0
0
0
0
0
0
0
0
0
0
0
0
0
0
0
0
0
0
0
0
0
0
0
0
0
0
0
0
0
0
0
0
0
0
0
0
0
0
0
0
0
0
0
0
0
0
0
0
0
0
0
0
0
0
0
0
0
0
0
0
0
0
0
0
0
0
0
0
0
0
0
0
0
0
0
0
0
0
0
0
0
0
0
0
0
0
0
0
0
0
0
0
0
0
0
0
0
0
0
0
0
0
0
0
0
0
0
0
0
0
0
0
0
0
0
0
0
0
0
0
0
0
0
0
0
0
0
0
0
0
0
0
0
0
0
0
0
0
0
0
0
0
0
0
0
0
0
0
0
0
0
0
0
0
0
0
0
0
0
0
0
0
0
0
0
0
0
0
0
0
0
0
0
0
0
0
0
0
0
0
0
0
0
0
0
0
0
0
0
0
0
0
0
0
0
0
0
0
0
0
0
0
0
0
0
0
0
0
0
0
0
0
0
0
0
0
0
0
0
0
0
0
0
0
0
0
0
0
0
0
0
0
0
0
0
0
0
0
0
0
0
0
0
0
0
0
0
0
0
0
0
0
0
0
0
0
0
0
0
0
0
0
0
0
0
0
0
0
0
0
0
0
0
0
0
0
0
0
0
0
0
0
0
0
0
0
0
0
0
0
0
0
0
0
0
0
0
0
0
0
0
0
0
0
0
0
0
0
0
0
0
0
0
0
0
0
0
0
0
0
0
0
0
0
0
0
0
0
0
0
0
0
0
0
0
0
0
0
0
0
0
0
0
0
0
0
0
0
0
0
0
0
0
0
0
0
0
0
0
0
0
0
0
0
0
0
0
0
0
0
0
0
0
0
0
0
0
0
0
0
0
0
0
0
0
0
0
0
0
0
0
0
0
0
0
0
0
0
0
0
0
0
0
0
0
0
0
0
0
0
0
0
0
0
0
0
0
0
0
0
0
0
0
0
0
0
0
0
0
0
0
0
0
0
0
0
0
0
0
0
0
0
0
0
0
0
0
0
0
0
0
0
0
0
0
0
0
0
0
0
0
0
0
0
0
0
0
0
0
0
0
0
0
0
0
0
0
0
0
0
0
0
0
0
0
0
0
0
0
0
0
0
0
0
0
0
0
0
0
0
0
0
0
0
0
0
0
0
0
0
0
0
0
0
0
0
0
0
0
0
0
0
0
0
0
0
0
0
0
0
0
0
0
0
0
0
0
0
0
0
0
0
0
0
0
0
0
0
0
0
0
0
0
0
0
0
0
0
0
0
0
0
0
0
0
0
0
0
0
0
0
0
0
0
0
0
0
0
0
0
0
0
0
0
0
0
0
0
0
0
0
0
0
0
0
0
0
0
0
0
0
0
0
0
0
0
0
0
0
0
0
0
0
0
0
0
0
0
0
0
0
0
0
0
0
0
0
0
0
0
0
0
0
0
0
0
0
0
0
0
0
0
0
0
0
0
0
0
0
0
0
0
0
0
0
0
0
0
0
0
0
0
0
0
0
0
0
0
0
0
0
0
0
0
0
0
0
0
0
0
0
0
0
0
0
0
0
0
0
0
0
0
0
0
0
0
0
0
0
0
0
0
0
0
0
0
0
0
0
0
0
0
0
0
0
0
0
0
0
0
0
0
0
0
0
0
0
0
0
0
0
0
0
0
0
0
0
0
0
0
0
0
0
0
0
0
0
0
0
0
0
0
0
0
0
0
0
0
0
0
0
0
0
0
0
0
0
0
0
0
0
0
0
0
0
0
0
0
0
0
0
0
0
0
0
0
0
0
0
0
0
0
0
0
0
0
0
0
0
0
0
0
0
0
0
0
0
0
0
0
0
0
0
0
0
0
0
0
0
0
0
0
0
0
0
0
0
0
0
0
0
0
0
0
0
0
0
0
0
0
0
0
0
0
0
0
0
0
0
0
0
0
0
0
0
0
0
0
0
0
0
0
0
0
0
0
0
0
0
0
0
0
0
0
0
0
0
0
0
0
0
0
0
0
0
0
0
0
0
0
0
0
0
0
0
0
0
0
0
0
0
0
0
0
0
0
0
0
0
0
0
0
0
0
0
0
0
0
0
0
0
0
0
0
0
0
0
0
0
0
0
0
0
0
0
0
0
0
0
0
0
0
0
0
0
0
0
0
0
0
0
0
0
0
0
0
0
0
0
0
0
0
0
0
0
0
0
0
0
0
0
0
0
0
0
0
0
0
0
0
0
0
0
0
0
0
0
0
0
0
0
0
0
0
0
0
0
0
0
0
0
0
0
0
0
0
0
0
0
0
0
0
0
0
0
0
0
0
0
0
0
0
0
0
0
0
0
0
0
0
0
0
0
0
0
0
0
0
0
0
0
0
0
0
0
0
0
0
0
0
0
0
0
0
0
0
0
0
0
0
0
0
0
0
0
0
0
0
0
0
0
0
0
0
0
0
0
0
0
0
0
0
0
0
0
0
0
0
0
0
0
0
0
0
0
0
0
0
0
0
0
0
0
0
0
0
0
0
0
0
0
0
0
0
0
0
0
0
0
0
0
0
0
0
0
0
0
0
0
0
0
0
0
0
0
0
0
0
0
0
0
0
0
0
0
0
0
0
0
0
0
0
0
0
0
0
0
0
0
0
0
0
0
0
0
0
0
0
0
0
0
0
0
0
0
0
0
0
0
0
0
0
0
0
0
0
0
0
0
0
0
0
0
0
0
0
0
0
0
0
0
0
0
0
0
0
0
0
0
0
0
0
0
0
0
0
0
0
0
0
0
0
0
0
0
0
0
0
0
0
0
0
0
0
0
0
0
0
0
0
0
0
0
0
0
0
0
0
0
0
0
0
0
0
0
0
0
0
0
0
0
0
0
0
0
0
0
0
0
0
0
0
0
0
0
0
0
0
0
0
0
0
0
0
0
0
0
0
0
0
0
0
0
0
0
0
0
0
0
0
0
0
0
0
0
0
0
0
0
0
0
0
0
0
0
0
0
0
0
0
0
0
0
0
0
0
0
0
0
0
0
0
0
0
0
0
0
0
0
0
0
0
0
0
0
0
0
0
0
0
0
0
0
0
0
0
0
0
0
0
0
0
0
0
0
0
0
0
0
0
0
0
0
0
0
0
0
0
0
0
0
0
0
0
0
0
0
0
0
0
0
0
0
0
0
0
0
0
0
0
0
0
0
0
0
0
0
0
0
0
0
0
0
0
0
0
0
0
0
0
0
0
0
0
0
0
0
0
0
0
0
0
0
0
0
0
0
0
0
0
0
0
0
0
0
0
0
0
0
0
0
0
0
0
0
0
0
0
0
0
0
0
0
0
0
0
0
0
0
0
0
0
0
0
0
0
0
0
0
0
0
0
0
0
0
0
0
0
0
0
0
0
0
0
0
0
0
0
0
0
0
0
0
0
0
0
0
0
0
0
0
0
0
0
0
0
0
0
0
0
0
0
0
0
0
0
0
0
0
0
0
0
0
0
0
0
0
0
0
0
0
0
0
0
0
0
0
0
0
0
0
0
0
0
0
0
0
0
0
0
0
0
0
0
0
0
0
0
0
0
0
0
0
0
0
0
0
0
0
0
0
0
0
0
0
0
0
0
0
0
0
0
0
0
0
0
0
0
0
0
0
0
0
0
0
0
0
0
0
0
0
0
0
0
0
0
0
0
0
0
0
0
0
0
0
0
0
0
0
0
0
0
0
0
0
0
0
0
0
0
0
0
0
0
0
0
0
0
0
0
0
0
0
0
0
0
0
0
0
0
0
0
0
0
0
0
0
0
0
0
0
0
0
0
0
0
0
0
0
0
0
0
0
0
0
0
0
0
0
0
0
0
0
0
0
0
0
0
0
0
0
0
0
0
0
0
0
0
0
0
0
0
0
0
0
0
0
0
0
0
0
0
0
0
0
0
0
0
0
0
0
0
0
0
0
0
0
0
0
0
0
0
0
0
0
0
0
0
0
0
0
0
0
0
0
0
0
0
0
0
0
0
0
0
0
0
0
0
0
0
0
0
0
0
0
0
0
0
0
0
0
0
0
0
0
0
0
0
0
0
0
0
0
0
0
0
0
0
0
0
0
0
0
0
0
0
0
0
0
0
0
0
0
0
0
0
0
0
0
0
0
0
0
0
0
0
0
0
0
0
0
0
0
0
0
0
0
0
0
0
0
0
0
0
0
0
0
0
0
0
0
0
0
0
0
0
0
0
0
0
0
0
0
0
0
0
0
0
0
0
0
0
0
0
0
0
0
0
0
0
0
0
0
0
0
0
0
0
0
0
0
0
0
0
0
0
0
0
0
0
0
0
0
0
0
0
0
0
0
0
0
0
0
0
0
0
0
0
0
0
0
0
0
0
0
0
0
0
0
0
0
0
0
0
0
0
0
0
0
0
0
0
0
0
0
0
0
0
0
0
0
0
0
0
0
0
0
0
0
0
0
0
0
0
0
0
0
0
0
0
0
0
0
0
0
0
0
0
0
0
0
0
0
0
0
0
0
0
0
0
0
0
0
0
0
0
0
0
0
0
0
0
0
0
0
0
0
0
0
0
0
0
0
0
0
0
0
0
0
0
0
0
0
0
0
0
0
0
0
0
0
0
0
0
0
0
0
0
0
0
0
0
0
0
0
0
0
0
0
0
0
0
0
0
0
0
0
0
0
0
0
0
0
0
0
0
0
0
0
0
0
0
0
0
0
0
0
0
0
0
0
0
0
0
0
0
0
0
0
0
0
0
0
0
0
0
0
0
0
0
0
0
0
0
0
0
0
0
0
0
0
0
0
0
0
0
0
0
0
0
0
0
0
0
0
0
0
0
0
0
0
0
0
0
0
0
0
0
0
0
0
0
0
0
0
0
0
0
0
0
0
0
0
0
0
0
0
0
0
0
0
0
0
0
0
0
0
0
0
0
0
0
0
0
0
0
0
0
0
0
0
0
0
0
0
0
0
0
0
0
0
0
0
0
0
0
0
0
0
0
0
0
0
0
0
0
0
0
0
0
0
0
0
0
0
0
0
0
0
0
0
0
0
0
0
0
0
0
0
0
0
0
0
0
0
0
0
0
0
0
0
0
0
0
0
0
0
0
0
0
0
0
0
0
0
0
0
0
0
0
0
0
0
0
0
0
0
0
0
0
0
0
0
0
0
0
0
0
0
0
0
0
0
0
0
0
0
0
0
0
0
0
0
0
0
0
0
0
0
0
0
0
0
0
0
0
0
0
0
0
0
0
0
0
0
0
0
0
0
0
0
0
0
0
0
0
0
0
0
0
0
0
0
0
0
0
0
0
0
0
0
0
0
0
0
0
0
0
0
0
0
0
0
0
0
0
0
0
0
0
0
0
0
0
0
0
0
0
0
0
0
0
0
0
0
0
0
0
0
0
0
0
0
0
0
0
0
0
0
0
0
0
0
0
0
0
0
0
0
0
0
0
0
0
0
0
0
0
0
0
0
0
0
0
0
0
0
0
0
0
0
0
0
0
0
0
0
0
0
0
0
0
0
0
0
0
0
0
0
0
0
0
0
0
0
0
0
0
0
0
0
0
0
0
0
0
0
0
0
0
0
0
0
0
0
0
0
0
0
0
0
0
0
0
0
0
0
0
0
0
0
0
0
0
0
0
0
0
0
0
0
0
0
0
0
0
0
0
0
0
0
0
0
0
0
0
0
0
0
0
0
0
0
0
0
0
0
0
0
0
0
0
0
0
0
0
0
0
0
0
0
0
0
0
0
0
0
0
0
0
0
0
0
0
0
0
0
0
0
0
0
0
0
0
0
0
0
0
0
0
0
0
0
0
0
0
0
0
0
0
0
0
0
0
0
0
0
0
0
0
0
0
0
0
0
0
0
0
0
0
0
0
0
0
0
0
0
0
0
0
0
0
0
0
0
0
0
0
0
0
0
0
0
0
0
0
0
0
0
0
0
0
0
0
0
0
0
0
0
0
0
0
0
0
0
0
0
0
0
0
0
0
0
0
0
0
0
0
0
0
0
0
0
0
0
0
0
0
0
0
0
0
0
0
0
0
0
0
0
0
0
0
0
0
0
0
0
0
0
0
0
0
0
0
0
0
0
0
0
0
0
0
0
0
0
0
0
0
0
0
0
0
0
0
0
0
0
0
0
0
0
0
0
0
0
0
0
0
0
0
0
0
0
0
0
0
0
0
0
0
0
0
0
0
0
0
0
0
0
0
0
0
0
0
0
0
0
0
0
0
0
0
0
0
0
0
0
0
0
0
0
0
0
0
0
0
0
0
0
0
0
0
0
0
0
0
0
0
0
0
0
0
0
0
0
0
0
0
0
0
0
0
0
0
0
0
0
0
0
0
0
0
0
0
0
0
0
0
0
0
0
0
0
0
0
0
0
0
0
0
0
0
0
0
0
0
0
0
0
0
0
0
0
0
0
0
0
0
0
0
0
0
0
0
0
0
0
0
0
0
0
0
0
0
0
0
0
0
0
0
0
0
0
0
0
0
0
0
0
0
0
0
0
0
0
0
0
0
0
0
0
0
0
0
0
0
0
0
0
0
0
0
0
0
0
0
0
0
0
0
0
0
0
0
0
0
0
0
0
0
0
0
0
0
0
0
0
0
0
0
0
0
0
0
0
0
0
0
0
0
0
0
0
0
0
0
0
0
0
0
0
0
0
0
0
0
0
0
0
0
0
0
0
0
0
0
0
0
0
0
0
0
0
0
0
0
0
0
0
0
0
0
0
0
0
0
0
0
0
0
0
0
0
0
0
0
0
0
0
0
0
0
0
0
0
0
0
0
0
0
0
0
0
0
0
0
0
0
0
0
0
0
0
0
0
0
0
0
0
0
0
0
0
0
0
0
0
0
0
0
0
0
0
0
0
0
0
0
0
0
0
0
0
0
0
0
0
0
0
0
0
0
0
0
0
0
0
0
0
0
0
0
0
0
0
0
0
0
0
0
0
0
0
0
0
0
0
0
0
0
0
0
0
0
0
0
0
0
0
0
0
0
0
0
0
0
0
0
0
0
0
0
0
0
0
0
0
0
0
0
0
0
0
0
0
0
0
0
0
0
0
0
0
0
0
0
0
0
0
0
0
0
0
0
0
0
0
0
0
0
0
0
0
0
0
0
0
0
0
0
0
0
0
0
0
0
0
0
0
0
0
0
0
0
0
0
0
0
0
0
0
0
0
0
0
0
0
0
0
0
0
0
0
0
0
0
0
0
0
0
0
0
0
0
0
0
0
0
0
0
0
0
0
0
0
0
0
0
0
0
0
0
0
0
0
0
0
0
0
0
0
0
0
0
0
0
0
0
0
0
0
0
0
0
0
0
0
0
0
0
0
0
0
0
0
0
0
0
0
0
0
0
0
0
0
0
0
0
0
0
0
0
0
0
0
0
0
0
0
0
0
0
0
0
0
0
0
0
0
0
0
0
0
0
0
0
0
0
0
0
0
0
0
0
0
0
0
0
0
0
0
0
0
0
0
0
0
0
0
0
0
0
0
0
0
0
0
0
0
0
0
0
0
0
0
0
0
0
0
0
0
0
0
0
0
0
0
0
0
0
0
0
0
0
0
0
0
0
0
0
0
0
0
0
0
0
0
0
0
0
0
0
0
0
0
0
0
0
0
0
0
0
0
0
0
0
0
0
0
0
0
0
0
0
0
0
0
0
0
0
0
0
0
0
0
0
0
0
0
0
0
0
0
0
0
0
0
0
0
0
0
0
0
0
0
0
0
0
0
0
0
0
0
0
0
0
0
0
0
0
0
0
0
0
0
0
0
0
0
0
0
0
0
0
0
0
0
0
0
0
0
0
0
0
0
0
0
0
0
0
0
0
0
0
0
0
0
0
0
0
0
0
0
0
0
0
0
0
0
0
0
0
0
0
0
0
0
0
0
0
0
0
0
0
0
0
0
0
0
0
0
0
0
0
0
0
0
0
0
0
0
0
0
0
0
0
0
0
0
0
0
0
0
0
0
0
0
0
0
0
0
0
0
0
0
0
0
0
0
0
0
0
0
0
0
0
0
0
0
0
0
0
0
0
0
0
0
0
0
0
0
0
0
0
0
0
0
0
0
0
0
0
0
0
0
0
0
0
0
0
0
0
0
0
0
0
0
0
0
0
0
0
0
0
0
0
0
0
0
0
0
0
0
0
0
0
0
0
0
0
0
0
0
0
0
0
0
0
0
0
0
0
0
0
0
0
0
0
0
0
0
0
0
0
0
0
0
0
0
0
0
0
0
0
0
0
0
0
0
0
0
0
0
0
0
0
0
0
0
0
0
0
0
0
0
0
0
0
0
0
0
0
0
0
0
0
0
0
0
0
0
0
0
0
0
0
0
0
0
0
0
0
0
0
0
0
0
0
0
0
0
0
0
0
0
0
0
0
0
0
0
0
0
0
0
0
0
0
0
0
0
0
0
0
0
0
0
0
0
0
0
0
0
0
0
0
0
0
0
0
0
0
0
0
0
0
0
0
0
0
0
0
0
0
0
0
0
0
0
0
0
0
0
0
0
0
0
0
0
0
0
0
0
0
0
0
0
0
0
0
0
0
0
0
0
0
0
0
0
0
0
0
0
0
0
0
0
0
0
0
0
0
0
0
0
0
0
0
0
0
0
0
0
0
0
0
0
0
0
0
0
0
0
0
0
0
0
0
0
0
0
0
0
0
0
0
0
0
0
0
0
0
0
0
0
0
0
0
0
0
0
0
0
0
0
0
0
0
0
0
0
0
0
0
0
0
0
0
0
0
0
0
0
0
0
0
0
0
0
0
0
0
0
0
0
0
0
0
0
0
0
0
0
0
0
0
0
0
0
0
0
0
0
0
0
0
0
0
0
0
0
0
0
0
0
0
0
0
0
0
0
0
0
0
0
0
0
0
0
0
0
0
0
0
0
0
0
0
0
0
0
0
0
0
0
0
0
0
0
0
0
0
0
0
0
0
0
0
0
0
0
0
0
0
0
0
0
0
0
0
0
0
0
0
0
0
0
0
0
0
0
0
0
0
0
0
0
0
0
0
0
0
0
0
0
0
0
0
0
0
0
0
0
0
0
0
0
0
0
0
0
0
0
0
0
0
0
0
0
0
0
0
0
0
0
0
0
0
0
0
0
0
0
0
0
0
0
0
0
0
0
0
0
0
0
0
0
0
0
0
0
0
0
0
0
0
0
0
0
0
0
0
0
0
0
0
0
0
0
0
0
0
0
0
0
0
0
0
0
0
0
0
0
0
0
0
0
0
0
0
0
0
0
0
0
0
0
0
0
0
0
0
0
0
0
0
0
0
0
0
0
0
0
0
0
0
0
0
0
0
0
0
0
0
0
0
0
0
0
0
0
0
0
0
0
0
0
0
0
0
0
0
0
0
0
0
0
0
0
0
0
0
0
0
0
0
0
0
0
0
0
0
0
0
0
0
0
0
0
0
0
0
0
0
0
0
0
0
0
0
0
0
0
0
0
0
0
0
0
0
0
0
0
0
0
0
0
0
0
0
0
0
0
0
0
0
0
0
0
0
0
0
0
0
0
0
0
0
0
0
0
0
0
0
0
0
0
0
0
0
0
0
0
0
0
0
0
0
0
0
0
0
0
0
0
0
0
0
0
0
0
0
0
0
0
0
0
0
0
0
0
0
0
0
0
0
0
0
0
0
0
0
0
0
0
0
0
0
0
0
0
0
0
0
0
0
0
0
0
0
0
0
0
0
0
0
0
0
0
0
0
0
0
0
0
0
0
0
0
0
0
0
0
0
0
0
0
0
0
0
0
0
0
0
0
0
0
0
0
0
0
0
0
0
0
0
0
0
0
0
0
0
0
0
0
0
0
0
0
0
0
0
0
0
0
0
0
0
0
0
0
0
0
0
0
0
0
0
0
0
0
0
0
0
0
0
0
0
0
0
0
0
0
0
0
0
0
0
0
0
0
0
0
0
0
0
0
0
0
0
0
0
0
0
0
0
0
0
0
0
0
0
0
0
0
0
0
0
0
0
0
0
0
0
0
0
0
0
0
0
0
0
0
0
0
0
0
0
0
0
0
0
0
0
0
0
0
0
0
0
0
0
0
0
0
0
0
0
0
0
0
0
0
0
0
0
0
0
0
0
0
0
0
0
0
0
0
0
0
0
0
0
0
0
0
0
0
0
0
0
0
0
0
0
0
0
0
0
0
0
0
0
0
0
0
0
0
0
0
0
0
0
0
0
0
0
0
0
0
0
0
0
0
0
0
0
0
0
0
0
0
0
0
0
0
0
0
0
0
0
0
0
0
0
0
0
0
0
0
0
0
0
0
0
0
0
0
0
0
0
0
0
0
0
0
0
0
0
0
0
0
0
0
0
0
0
0
0
0
0
0
0
0
0
0
0
0
0
0
0
0
0
0
0
0
0
0
0
0
0
0
0
0
0
0
0
0
0
0
0
0
0
0
0
0
0
0
0
0
0
0
0
0
0
0
0
0
0
0
0
0
0
0
0
0
0
0
0
0
0
0
0
0
0
0
0
0
0
0
0
0
0
0
0
0
0
0
0
0
0
0
0
0
0
0
0
0
0
0
0
0
0
0
0
0
0
0
0
0
0
0
0
0
0
0
0
0
0
0
0
0
0
0
0
0
0
0
0
0
0
0
0
0
0
0
0
0
0
0
0
0
0
0
0
0
0
0
0
0
0
0
0
0
0
0
0
0
0
0
0
0
0
0
0
0
0
0
0
0
0
0
0
0
0
0
0
0
0
0
0
0
0
0
0
0
0
0
0
0
0
0
0
0
0
0
0
0
0
0
0
0
0
0
0
0
0
0
0
0
0
0
0
0
0
0
0
0
0
0
0
0
0
0
0
0
0
0
0
0
0
0
0
0
0
0
0
0
0
0
0
0
0
0
0
0
0
0
0
0
0
0
0
0
0
0
0
0
0
0
0
0
0
0
0
0
0
0
0
0
0
0
0
0
0
0
0
0
0
0
0
0
0
0
0
0
0
0
0
0
0
0
0
0
0
0
0
0
0
0
0
0
0
0
0
0
0
0
0
0
0
0
0
0
0
0
0
0
0
0
0
0
0
0
0
0
0
0
0
0
0
0
0
0
0
0
0
0
0
0
0
0
0
0
0
0
0
0
0
0
0
0
0
0
0
0
0
0
0
0
0
0
0
0
0
0
0
0
0
0
0
0
0
0
0
0
0
0
0
0
0
0
0
0
0
0
0
0
0
0
0
0
0
0
0
0
0
0
0
0
0
0
0
0
0
0
0
0
0
0
0
0
0
0
0
0
0
0
0
0
0
0
0
0
0
0
0
0
0
0
0
0
0
0
0
0
0
0
0
0
0
0
0
0
0
0
0
0
0
0
0
0
0
0
0
0
0
0
0
0
0
0
0
0
0
0
0
0
0
0
0
0
0
0
0
0
0
0
0
0
0
0
0
0
0
0
0
0
0
0
0
0
0
0
0
0
0
0
0
0
0
0
0
0
0
0
0
0
0
0
0
0
0
0
0
0
0
0
0
0
0
0
0
0
0
0
0
0
0
0
0
0
0
0
0
0
0
0
0
0
0
0
0
0
0
0
0
0
0
0
0
0
0
0
0
0
0
0
0
0
0
0
0
0
0
0
0
0
0
0
0
0
0
0
0
0
0
0
0
0
0
0
0
0
0
0
0
0
0
0
0
0
0
0
0
0
0
0
0
0
0
0
0
0
0
0
0
0
0
0
0
0
0
0
0
0
0
0
0
0
0
0
0
0
0
0
0
0
0
0
0
0
0
0
0
0
0
0
0
0
0
0
0
0
0
0
0
0
0
0
0
0
0
0
0
0
0
0
0
0
0
0
0
0
0
0
0
0
0
0
0
0
0
0
0
0
0
0
0
0
0
0
0
0
0
0
0
0
0
0
0
0
0
0
0
0
0
0
0
0
0
0
0
0
0
0
0
0
0
0
0
0
0
0
0
0
0
0
0
0
0
0
0
0
0
0
0
0
0
0
0
0
0
0
0
0
0
0
0
0
0
0
0
0
0
0
0
0
0
0
0
0
0
0
0
0
0
0
0
0
0
0
0
0
0
0
0
0
0
0
0
0
0
0
0
0
0
0
0
0
0
0
0
0
0
0
0
0
0
0
0
0
0
0
0
0
0
0
0
0
0
0
0
0
0
0
0
0
0
0
0
0
0
0
0
0
0
0
0
0
0
0
0
0
0
0
0
0
0
0
0
0
0
0
0
0
0
0
0
0
0
0
0
0
0
0
0
0
0
0
0
0
0
0
0
0
0
0
0
0
0
0
0
0
0
0
0
0
0
0
0
0
0
0
0
0
0
0
0
0
0
0
0
0
0
0
0
0
0
0
0
0
0
0
0
0
0
0
0
0
0
0
0
0
0
0
0
0
0
0
0
0
0
0
0
0
0
0
0
0
0
0
0
0
0
0
0
0
0
0
0
0
0
0
0
0
0
0
0
0
0
0
0
0
0
0
0
0
0
0
0
0
0
0
0
0
0
0
0
0
0
0
0
0
0
0
0
0
0
0
0
0
0
0
0
0
0
0
0
0
0
0
0
0
0
0
0
0
0
0
0
0
0
0
0
0
0
0
0
0
0
0
0
0
0
0
0
0
0
0
0
0
0
0
0
0
0
0
0
0
0
0
0
0
0
0
0
0
0
0
0
0
0
0
0
0
0
0
0
0
0
0
0
0
0
0
0
0
0
0
0
0
0
0
0
0
0
0
0
0
0
0
0
0
0
0
0
0
0
0
0
0
0
0
0
0
0
0
0
0
0
0
0
0
0
0
0
0
0
0
0
0
0
0
0
0
0
0
0
0
0
0
0
0
0
0
0
0
0
0
0
0
0
0
0
0
0
0
0
0
0
0
0
0
0
0
0
0
0
0
0
0
0
0
0
0
0
0
0
0
0
0
0
0
0
0
0
0
0
0
0
0
0
0
0
0
0
0
0
0
0
0
0
0
0
0
0
0
0
0
0
0
0
0
0
0
0
0
0
0
0
0
0
0
0
0
0
0
0
0
0
0
0
0
0
0
0
0
0
0
0
0
0
0
0
0
0
0
0
0
0
0
0
0
0
0
0
0
0
0
0
0
0
0
0
0
0
0
0
0
0
0
0
0
0
0
0
0
0
0
0
0
0
0
0
0
0
0
0
0
0
0
0
0
0
0
0
0
0
0
0
0
0
0
0
0
0
0
0
0
0
0
0
0
0
0
0
0
0
0
0
0
0
0
0
0
0
0
0
0
0
0
0
0
0
0
0
0
0
0
0
0
0
0
0
0
0
0
0
0
0
0
0
0
0
0
0
0
0
0
0
0
0
0
0
0
0
0
0
0
0
0
0
0
0
0
0
0
0
0
0
0
0
0
0
0
0
0
0
0
0
0
0
0
0
0
0
0
0
0
0
0
0
0
0
0
0
0
0
0
0
0
0
0
0
0
0
0
0
0
0
0
0
0
0
0
0
0
0
0
0
0
0
0
0
0
0
0
0
0
0
0
0
0
0
0
0
0
0
0
0
0
0
0
0
0
0
0
0
0
0
0
0
0
0
0
0
0
0
0
0
0
0
0
0
0
0
0
0
0
0
0
0
0
0
0
0
0
0
0
0
0
0
0
0
0
0
0
0
0
0
0
0
0
0
0
0
0
0
0
0
0
0
0
0
0
0
0
0
0
0
0
0
0
0
0
0
0
0
0
0
0
0
0
0
0
0
0
0
0
0
0
0
0
0
0
0
0
0
0
0
0
0
0
0
0
0
0
0
0
0
0
0
0
0
0
0
0
0
0
0
0
0
0
0
0
0
0
0
0
0
0
0
0
0
0
0
0
0
0
0
0
0
0
0
0
0
0
0
0
0
0
0
0
0
0
0
0
0
0
0
0
0
0
0
0
0
0
0
0
0
0
0
0
0
0
0
0
0
0
0
0
0
0
0
0
0
0
0
0
0
0
0
0
0
0
0
0
0
0
0
0
0
0
0
0
0
0
0
0
0
0
0
0
0
0
0
0
0
0
0
0
0
0
0
0
0
0
0
0
0
0
0
0
0
0
0
0
0
0
0
0
0
0
0
0
0
0
0
0
0
0
0
0
0
0
0
0
0
0
0
0
0
0
0
0
0
0
0
0
0
0
0
0
0
0
0
0
0
0
0
0
0
0
0
0
0
0
0
0
0
0
0
0
0
0
0
0
0
0
0
0
0
0
0
0
0
0
0
0
0
0
0
0
0
0
0
0
0
0
0
0
0
0
0
0
0
0
0
0
0
0
0
0
0
0
0
0
0
0
0
0
0
0
0
0
0
0
0
0
0
0
0
0
0
0
0
0
0
0
0
0
0
0
0
0
0
0
0
0
0
0
0
0
0
0
0
0
0
0
0
0
0
0
0
0
0
0
0
0
0
0
0
0
0
0
0
0
0
0
0
0
0
0
0
0
0
0
0
0
0
0
0
0
0
0
0
0
0
0
0
0
0
0
0
0
0
0
0
0
0
0
0
0
0
0
0
0
0
0
0
0
0
0
0
0
0
0
0
0
0
0
0
0
0
0
0
0
0
0
0
0
0
0
0
0
0
0
0
0
0
0
0
0
0
0
0
0
0
0
0
0
0
0
0
0
0
0
0
0
0
0
0
0
0
0
0
0
0
0
0
0
0
0
0
0
0
0
0
0
0
0
0
0
