-110
-126
-875
-1639
-1487
-1003
-1596
-84
657
-632
-1208
-1805
-1008
-1456
-52
385
-154
123
-486
-1791
-438
-1512
-13984
-111
750
-1048
-758
-788
-1402
-17619
161
1050
-28
-171
-1020
-1379
-1842
-975
-1454
-117
369
-2031
-1250
-2451
-1756
-997
-65
572
-32
-206
-716
-1279
20
-1334
-15019
-39
211
-2282
-1646
-515
-1630
-14130
100
165
-140
485
-2141
-1545
-1763
-1906
-2035
-183
1104
-3283
-904
-3426
-2687
-1614
-240
1022
22
1179
1985
-1201
-3342
-1963
-17915
111
1138
-1419
-2475
-2173
-2750
-16754
163
303
-137
4344
-5595
-4768
-2815
-4493
-5032
7
3792
-5447
-3640
-5413
-4591
-3790
-59
2456
-51
900
6524
-5004
-8269
-5069
-18426
319
842
1875
-4656
-4558
-4853
-22874
329
1096
-144
2575
-4007
-5059
-2878
-3653
-4201
-84
2799
-4234
-5002
-4705
-4246
-3987
-164
2141
-28
-1976
5688
-4112
-6485
-4127
-15877
269
-1613
2624
-4173
-4680
-4024
-17337
216
-376
-190
244
-1629
-3880
-1688
-1644
-2192
-283
464
-2271
-3387
-2340
-2050
-2898
-212
732
242
-719
1925
-1466
-2991
-2020
-18215
190
-434
-58
-2308
-1265
-1894
-19456
284
-137
-188
-156
-920
-2390
-296
-694
-1466
-301
-298
-1099
-1869
-981
-846
-1485
-100
-245
127
-383
1077
-1605
-2411
-1320
-13576
118
232
-385
-775
-1102
-864
-17171
256
-138
-206
-566
-1471
-535
31
-1021
-1501
-277
-258
-1511
-422
-238
-1485
-1437
-206
-649
-38
-672
-1103
-1052
-1937
-1321
-15020
-80
-358
-1630
-505
-1948
-1354
-17612
157
-639
36
-383
-783
-2792
-2230
-1425
-2264
65
-751
138
-1670
-2778
-1428
-2219
-6
-179
-292
252
-929
-2845
-150
-2173
-14140
-221
904
-1870
-447
-661
-1223
-18956
13
874
111
-717
-753
-2594
-2352
-2281
-2174
10
-221
-1711
-2118
-4133
-3140
-2621
-71
-9
-70
-199
-554
-2027
-360
-1943
-17050
-178
-248
-2486
-2078
-1453
-1998
-14173
14
206
-88
-1264
-4355
-5114
-4613
-4490
-4071
8
-630
-5208
-3606
-5560
-4396
-3429
-201
-645
-1
5286
3463
-2968
-3320
-3887
-19647
-3
3637
-1230
-4164
-1778
-3758
-20219
215
1345
-82
-866
-12277
-13470
-10596
-9230
-11196
264
-829
-8130
-10804
-7442
-6640
-6812
-14
-586
-249
1852
12346
-9935
-12681
-11224
5082
405
1701
6564
-8367
-4944
-7066
-18771
395
1635
-2
-759
-7188
-11615
-8240
-6711
-8373
117
-1080
-6095
-11365
-7563
-7332
-6514
-55
-699
-203
-4824
10077
-7229
-10256
-8181
-10293
271
-4429
4724
-7983
-6998
-5769
-17699
297
-2307
-169
-831
-1521
-6399
-2903
-3276
-3453
-164
-284
-3498
-7506
-5337
-5235
-4519
-201
-37
122
-3164
2596
-3050
-3197
-3218
-18572
146
-2973
-837
-4429
-2107
-3710
-11930
411
-2093
-153
-545
-1615
-3481
-46
-1723
-1920
-57
334
-2193
-3793
-2870
-1896
-855
-120
341
-47
228
1764
-2059
-2806
-1717
-16146
-34
483
-537
-638
-1297
-1695
-18421
356
-102
65
-33
-1599
-1332
9
-1281
-1592
65
294
-1357
-1275
-1331
-1641
-1195
-87
-342
-256
16
-164
-786
-2161
-1407
-15573
-284
-362
-850
252
-1413
-1185
-17939
57
-860
44
-484
-517
-1552
-2031
-599
-1799
-34
-82
160
-748
-2472
-1380
-2542
-70
455
-236
385
-1189
-1646
-1380
-1621
-13628
-116
624
-2476
-1162
-1713
-1602
-15584
-4
553
67
226
241
-2388
-2324
-2346
-2094
-133
317
-485
-1903
-3314
-3207
-3332
-67
29
8
-745
-194
-959
-2455
-1907
-14611
-20
-226
-2591
-2152
-2915
-1439
-11787
73
115
-39
226
-3343
-6483
-5189
-5363
-4777
-112
937
-3445
-4891
-5926
-4583
-5236
-155
445
-3
2371
4576
-2964
-5042
-4729
-19043
16
1580
1616
-4067
-4164
-3459
-22592
165
304
-92
-345
-8137
-10903
-7466
-7679
-7584
-18
932
-9034
-10640
-9145
-8310
-5648
-26
1243
-150
1741
12993
-5739
-10488
-7744
-22712
351
1557
5381
-9220
-7316
-7253
-22171
340
1167
176
-699
-4587
-9745
-6400
-5760
-5952
144
-36
-4855
-8870
-6626
-6416
-6218
-78
149
-117
-2842
8057
-4026
-6172
-5792
-19085
189
-2625
2570
-6311
-3916
-4009
-18743
250
-1485
60
-359
-1736
-5978
-2404
-3702
-3236
-5
337
-2088
-4964
-3983
-3866
-4866
-212
377
99
-2421
2902
-2546
-2937
-3076
-19675
69
-1279
-129
-2789
-1553
-1649
-19511
335
-990
37
731
-1686
-3580
-699
-2118
-1973
93
1089
-2370
-3254
-3241
-2674
-2517
-127
505
-139
280
2532
-1968
-2940
-1872
-17531
-39
1087
-167
-1295
-1691
-2141
-17062
175
441
114
458
-1705
-1999
-1073
-1694
-2193
105
643
-1614
-1691
-1978
-2316
-2348
-131
172
-272
-287
78
-1508
-2339
-2082
-12700
-244
-195
-1340
-530
-1883
-2164
-13165
45
-888
44
3
-1160
-231
-1682
-962
-1610
-2
205
-852
527
-1883
-1326
-1811
19
-1
-154
679
-670
-1839
-1471
-1488
-13157
-149
404
-2014
-801
-2101
-1505
-15749
8
143
-138
216
-1482
-1965
-1847
-2157
-2222
-180
686
-1704
-1000
-2268
-2006
-2492
-85
255
148
-62
1066
-1237
-3038
-2041
-16102
92
-164
-1749
-1663
-2071
-980
-17636
345
160
-277
992
-5414
-6158
-6250
-6169
-5832
-50
1433
-5945
-4512
-7020
-5571
-5731
26
748
-102
4486
5764
-4560
-6959
-5721
-18617
246
5210
1290
-5341
-4591
-5055
-23074
387
3021
-284
1387
-13385
-12942
-12169
-11415
-13315
54
1397
-8675
-10091
-9624
-6994
-9214
236
573
-258
993
11877
-12160
-14697
-13269
14019
425
879
7401
-9299
-6447
-7798
-15188
499
865
0
1080
-6563
-7817
-6965
-6066
-6693
42
1228
-6008
-5637
-6029
-5399
-7423
14
738
8
-3707
7898
-5019
-8295
-6565
-9635
249
-4212
2865
-6092
-4657
-3869
-15712
469
-2326
-28
396
-1743
-3100
-3318
-2970
-2567
-65
224
-3090
-1310
-3740
-3580
-4687
-103
293
191
-2032
2549
-1904
-3254
-2511
-17631
147
-1277
-1029
-3553
-2357
-1906
-15850
378
-447
-30
76
-1431
-2066
-2245
-2078
-1919
34
-22
-2753
-1248
-3594
-3129
-2950
-103
-591
-69
-439
2315
-1867
-2815
-1830
-14270
106
202
-830
-2340
-2079
-2732
-11650
195
-214
14
-570
-1899
-1741
-846
-1878
-2471
59
-939
-1645
-1255
-2018
-2149
-2216
-129
-1175
-270
-415
59
-1996
-3233
-2293
-13463
-164
-98
-1477
-675
-2287
-2120
-16119
65
-700
80
-407
-1996
-164
-2001
-1539
-1959
18
10
-2014
539
-2784
-1880
-1958
-2
124
-245
574
247
-2165
-2174
-1809
-13850
-136
417
-1283
-1209
-2583
-1999
-15605
-59
35
-46
-1182
-2178
-1498
-1252
-2483
-2118
-141
-289
-2952
-1192
-2561
-2363
-1908
-99
200
102
127
1192
-1499
-3202
-1911
-17922
26
-204
-1784
-2042
-2294
-1254
-18183
226
133
-105
-2359
-4555
-2763
-5059
-5228
-4154
-149
-1899
-5826
-1767
-6028
-5001
-3693
-70
-737
0
2238
2290
-3363
-3450
-4200
-16956
199
2519
-1758
-4824
-2442
-4270
-17374
292
946
-101
-4769
-8081
-6697
-7368
-7028
-7455
-50
-4638
-6655
-5987
-6289
-5350
-3704
65
-3093
-101
664
7184
-6310
-8023
-7385
-12089
376
681
2537
-5986
-4334
-4599
-25162
343
412
44
-1981
-4345
-4603
-4097
-3675
-3943
-82
-2099
-5021
-4312
-4227
-4480
-4047
-17
-1618
139
-1715
5974
-3267
-5382
-3694
-14596
238
-1744
1970
-4545
-3610
-2684
-14532
236
-233
-81
-826
-1908
-2106
-2657
-2115
-1974
-145
174
-3704
-1311
-4089
-3313
-2790
-76
478
167
-1744
2959
-1859
-2871
-1921
-18757
135
-851
-837
-3261
-2903
-1906
-15069
219
-184
-137
-424
-1101
-924
-2371
-2052
-1782
-2
166
-2321
-276
-4290
-2949
-2006
-144
11
-76
-1044
1517
-1775
-2490
-1641
-16291
81
-423
-1951
-2004
-2611
-2531
-13780
165
-657
-37
-337
-1526
-1181
-1501
-1853
-2082
10
-632
-970
-684
-2421
-2031
-2060
-117
-746
-235
-402
486
-1774
-2361
-1879
-14759
-170
-251
-1186
-170
-2028
-1661
-17781
39
-709
13
-559
-2364
-198
-1702
-2406
-2341
-33
-270
-2144
427
-3236
-2337
-2169
-6
-163
-310
-114
-254
-2912
-2166
-2256
-12475
-108
248
-1607
-1834
-2391
-2280
-15003
-64
-81
-55
-567
-2419
-735
-1335
-3194
-2567
-181
48
-3135
-789
-3809
-3263
-2201
-16
281
-94
-631
633
-2573
-3901
-2308
-14270
-97
-466
-1815
-3125
-3560
-2032
-14341
70
-170
-59
-820
-3161
-229
-2284
-4065
-2972
-130
-418
-4381
134
-4730
-4198
-2314
-3
106
-69
210
1035
-3270
-3687
-2967
-13751
-27
580
-2165
-4232
-3970
-3162
-12804
135
-417
72
-1244
-3836
-2548
-3689
-4210
-3888
7
-739
-3442
-1841
-4330
-3379
-1822
35
215
-159
405
3115
-3879
-4147
-3819
-11623
12
92
-352
-3512
-3332
-2370
-17799
16
-350
78
-739
-2824
-2240
-2579
-2951
-2676
-23
-686
-3000
-1360
-3206
-2892
-1991
0
-178
3
-648
3061
-2043
-3696
-2499
-14420
2
-476
-61
-2831
-3233
-964
-17581
-4
290
-118
-69
-2755
-1457
-2190
-2884
-2247
-86
81
-3944
-565
-3683
-3325
-2166
-63
267
-9
-512
2558
-1941
-3358
-2127
-14990
15
-91
-894
-3431
-3496
-1732
-13710
0
132
-177
140
-2447
-932
-3186
-2501
-2427
0
297
-2815
-555
-3995
-2787
-1799
-154
311
-145
-599
1596
-2428
-2557
-2219
-12781
91
-460
-1503
-2748
-2463
-2419
-14176
117
-496
-70
-8
-2070
-925
-2682
-1994
-2380
-11
-255
-1778
-564
-2922
-2502
-2519
-103
-406
-238
-465
1409
-2412
-2828
-2269
-13373
-107
-323
-693
-1332
-2632
-2126
-15970
62
-745
-71
-415
-937
403
-804
-1705
-1487
-96
-574
-1093
580
-2047
-2194
-2043
-73
-314
-256
-407
-1458
-1844
-1490
-1470
-13045
-137
272
-2368
-1563
-2019
-2085
-13044
-35
91
-282
-197
-826
1217
-1793
-2181
-1868
-245
-276
-963
900
-2346
-2596
-2449
-106
412
-110
-505
-1704
-1576
-2799
-1666
-14809
-110
-245
-3282
-2225
-3309
-1914
-15458
166
4
-317
-130
-1481
2170
-3265
-2658
-2019
-160
-250
-2265
2452
-3490
-3565
-3235
-106
437
-56
-96
-1185
-2148
-2796
-1926
-15883
-41
279
-3178
-3454
-4246
-3063
-14663
183
-262
-202
14
-1973
1206
-4122
-2614
-2297
-107
-254
-2286
1555
-3643
-3200
-3078
-66
294
-53
184
172
-2508
-2860
-2203
-13618
-24
428
-2056
-3155
-3694
-2833
-14592
135
42
-145
125
-2084
693
-3309
-2307
-1912
-129
-672
-3128
886
-2973
-3404
-2540
-76
-25
-13
-197
630
-1746
-2682
-1818
-16039
31
228
-1926
-3294
-3775
-2333
-14598
170
162
-200
-173
-2547
490
-1782
-2285
-1847
-90
-572
-3391
367
-2047
-2746
-1077
-111
-480
-70
-538
296
-1588
-2886
-1744
-13976
98
180
-2089
-2606
-3609
-1838
-14506
187
245
-220
-180
-2262
1343
-2540
-1529
-1731
-97
-243
-3352
899
-2753
-2778
-1183
-122
-521
-150
-865
-235
-2196
-1836
-1538
-14158
169
-456
-3094
-2357
-2926
-2496
-12669
250
-309
-177
-223
-1397
280
-1882
-1083
-1646
-156
-160
-1773
-195
-1910
-2450
-1926
-128
-215
-169
-160
116
-2059
-2114
-1474
-15521
-70
38
-2038
-1188
-2764
-2103
-14511
179
-397
-227
-155
-882
-741
-108
-731
-1307
-209
-579
-701
-705
-805
-1530
-1761
-135
-57
-122
-219
-2152
-950
-1758
-1345
-14127
-145
399
-1955
-1236
-2243
-2051
-15006
91
72
-448
-33
-949
347
-573
-1406
-1669
-396
-347
-350
264
-601
-1836
-2674
-217
364
-2
-750
-2603
-969
-3376
-1653
-13495
-49
-605
-3348
-1544
-3063
-2221
-15450
244
-447
-531
90
-479
1035
-1940
-1862
-1526
-415
-191
-616
553
-1586
-2843
-2835
-225
252
-7
-665
-2168
-1319
-2468
-1453
-15133
-3
-32
-3253
-2231
-3563
-2931
-14399
216
-233
-422
148
-319
1196
-2035
-1701
-1339
-372
-180
-592
455
-2116
-2871
-2221
-202
294
-6
-215
-1427
-1538
-2563
-1273
-15113
-30
154
-2748
-2073
-3911
-2855
-14037
134
-283
-331
356
-318
342
-1816
-1563
-1152
-326
83
-914
-616
-2508
-2912
-1270
-186
555
-25
-461
-714
-1472
-1823
-1090
-15780
-5
302
-2345
-2031
-3491
-2703
-13547
127
67
-326
190
-719
-215
-1295
-1560
-1169
-298
-33
-1489
-1180
-2175
-2733
-1003
-177
254
-75
-676
-855
-1392
-1185
-1082
-16142
-14
242
-2235
-1683
-2803
-2604
-13672
171
424
-320
358
-612
69
-1737
-921
-1137
-316
-120
-779
-540
-2518
-2076
-1997
-173
230
-82
-449
-921
-1702
-1155
-982
-14121
-34
-37
-2037
-1057
-2086
-2237
-12973
180
-81
-317
-302
-207
-562
-726
-872
-1430
-343
-627
383
-1206
-1711
-1841
-1927
-154
29
-118
-299
-977
-2148
-2100
-1255
-14787
-140
78
-2135
-849
-2349
-1878
-15699
147
-255
0
0
0
0
0
0
0
0
0
0
0
-1517
-1554
-1916
-290
-1230
0
0
0
0
0
0
0
0
0
0
0
934
-1205
-679
-1188
-14009
0
0
0
0
0
0
0
0
0
0
0
-1054
-1577
-1550
-169
-1062
0
0
0
0
0
0
0
0
0
0
0
-251
-764
-465
-1084
-14686
0
0
0
0
0
0
0
0
0
0
0
-1375
-2441
-2346
-2003
-1825
0
0
0
0
0
0
0
0
0
0
0
1254
-168
-2489
-1932
-16635
0
0
0
0
0
0
0
0
0
0
0
-5400
-5111
-4548
-4540
-5371
0
0
0
0
0
0
0
0
0
0
0
5646
-5516
-6654
-5430
-14117
0
0
0
0
0
0
0
0
0
0
0
-4459
-4209
-3668
-2780
-3625
0
0
0
0
0
0
0
0
0
0
0
5337
-4052
-4873
-3682
-15884
0
0
0
0
0
0
0
0
0
0
0
-2302
-2864
-1945
-1115
-1776
0
0
0
0
0
0
0
0
0
0
0
1993
-1119
-2555
-1869
-19104
0
0
0
0
0
0
0
0
0
0
0
-1529
-2075
-703
-595
-1404
0
0
0
0
0
0
0
0
0
0
0
1554
-1690
-2152
-1371
-13455
0
0
0
0
0
0
0
0
0
0
0
-1310
-1098
-467
-435
-1303
0
0
0
0
0
0
0
0
0
0
0
163
-567
-2889
-1263
-13967
0
0
0
0
0
0
0
0
0
0
0
-2555
-1854
-2362
-292
-1758
0
0
0
0
0
0
0
0
0
0
0
1314
-2082
-1003
-1602
-15161
0
0
0
0
0
0
0
0
0
0
0
-1696
-1682
-1404
-957
-1141
0
0
0
0
0
0
0
0
0
0
0
575
-980
-877
-1155
-18896
0
0
0
0
0
0
0
0
0
0
0
-4831
-4439
-3746
-4035
-3584
0
0
0
0
0
0
0
0
0
0
0
3338
-1612
-3918
-3597
-20716
0
0
0
0
0
0
0
0
0
0
0
-14996
-12628
-12115
-11818
-13182
0
0
0
0
0
0
0
0
0
0
0
10844
-13237
-12431
-13297
15835
0
0
0
0
0
0
0
0
0
0
0
-11037
-9649
-8931
-6924
-8767
0
0
0
0
0
0
0
0
0
0
0
9984
-9920
-9386
-8877
-4771
0
0
0
0
0
0
0
0
0
0
0
-4573
-4828
-2393
-2600
-3173
0
0
0
0
0
0
0
0
0
0
0
3237
-3435
-3235
-3189
-17048
0
0
0
0
0
0
0
0
0
0
0
-2267
-2580
-73
-1407
-1764
0
0
0
0
0
0
0
0
0
0
0
2001
-1849
-2980
-1663
-16263
0
0
0
0
0
0
0
0
0
0
0
-1782
-1657
-1017
-945
-1590
0
0
0
0
0
0
0
0
0
0
0
1278
-309
-3352
-1546
-13446
0
0
0
0
0
0
0
0
0
0
0
-2416
-1476
-2252
-648
-1910
0
0
0
0
0
0
0
0
0
0
0
482
-1196
-1561
-1677
-12292
0
0
0
0
0
0
0
0
0
0
0
-1743
-1561
-1450
-2010
-1591
0
0
0
0
0
0
0
0
0
0
0
891
-744
-1438
-1513
-14924
0
0
0
0
0
0
0
0
0
0
0
-3547
-3890
-3853
-4182
-3122
0
0
0
0
0
0
0
0
0
0
0
4544
-1049
-4575
-3047
-25397
0
0
0
0
0
0
0
0
0
0
0
-8330
-8069
-7985
-7306
-7534
0
0
0
0
0
0
0
0
0
0
0
11284
-7116
-10748
-7314
-20607
0
0
0
0
0
0
0
0
0
0
0
-6269
-6688
-6053
-4473
-4989
0
0
0
0
0
0
0
0
0
0
0
8464
-5036
-6249
-4899
-21626
0
0
0
0
0
0
0
0
0
0
0
-3539
-4270
-1713
-2727
-2689
0
0
0
0
0
0
0
0
0
0
0
3798
-2943
-2880
-2666
-20665
0
0
0
0
0
0
0
0
0
0
0
-2601
-2842
-239
-2424
-1871
0
0
0
0
0
0
0
0
0
0
0
3229
-2126
-2698
-1902
-16599
0
0
0
0
0
0
0
0
0
0
0
-2425
-1905
-1104
-1568
-1775
0
0
0
0
0
0
0
0
0
0
0
2179
-1233
-2821
-1771
-12243
0
0
0
0
0
0
0
0
0
0
0
-1820
-447
-1761
-506
-1375
0
0
0
0
0
0
0
0
0
0
0
1147
-1075
-1455
-1093
-13585
0
0
0
0
0
0
0
0
0
0
0
-3061
-2211
-1866
-2463
-2487
0
0
0
0
0
0
0
0
0
0
0
1956
-1405
-2691
-2333
-13457
0
0
0
0
0
0
0
0
0
0
0
-6269
-4878
-5145
-6098
-5111
0
0
0
0
0
0
0
0
0
0
0
5895
-3748
-5936
-5121
-20373
0
0
0
0
0
0
0
0
0
0
0
-12902
-9476
-11459
-11443
-11445
0
0
0
0
0
0
0
0
0
0
0
10746
-13142
-11817
-11623
6653
0
0
0
0
0
0
0
0
0
0
0
-6942
-5925
-6673
-5016
-5644
0
0
0
0
0
0
0
0
0
0
0
7583
-5464
-7001
-5556
-14342
0
0
0
0
0
0
0
0
0
0
0
-3468
-3413
-3123
-1994
-2703
0
0
0
0
0
0
0
0
0
0
0
3009
-2150
-2811
-2588
-16147
0
0
0
0
0
0
0
0
0
0
0
-2695
-2440
-1992
-2080
-1989
0
0
0
0
0
0
0
0
0
0
0
2918
-1770
-2148
-1871
-12215
0
0
0
0
0
0
0
0
0
0
0
-2031
-1488
-923
-1346
-1590
0
0
0
0
0
0
0
0
0
0
0
2268
-1629
-2982
-1515
-15522
0
0
0
0
0
0
0
0
0
0
0
-2035
-410
-1913
-998
-1482
0
0
0
0
0
0
0
0
0
0
0
1925
-1336
-1842
-1203
-14924
0
0
0
0
0
0
0
0
0
0
0
-3749
-2018
-946
-3301
-2573
0
0
0
0
0
0
0
0
0
0
0
1956
-1133
-2970
-2385
-14415
0
0
0
0
0
0
0
0
0
0
0
-4924
-2721
-3460
-5167
-3616
0
0
0
0
0
0
0
0
0
0
0
3647
-2470
-3085
-3420
-18327
0
0
0
0
0
0
0
0
0
0
0
-7694
-5664
-7664
-7062
-7029
0
0
0
0
0
0
0
0
0
0
0
7408
-7697
-7161
-6897
-12183
0
0
0
0
0
0
0
0
0
0
0
-4914
-4210
-4423
-3207
-3994
0
0
0
0
0
0
0
0
0
0
0
5752
-4491
-4818
-3810
-12687
0
0
0
0
0
0
0
0
0
0
0
-3223
-2803
-2357
-1989
-2330
0
0
0
0
0
0
0
0
0
0
0
3064
-2126
-2406
-2171
-15823
0
0
0
0
0
0
0
0
0
0
0
-2073
-1241
-1680
-1898
-1415
0
0
0
0
0
0
0
0
0
0
0
2676
-1271
-1575
-1302
-16278
0
0
0
0
0
0
0
0
0
0
0
-1994
-1263
-1617
-1203
-1491
0
0
0
0
0
0
0
0
0
0
0
2493
-1274
-2656
-1436
-14972
0
0
0
0
0
0
0
0
0
0
0
-2301
-531
-1381
-1785
-1653
0
0
0
0
0
0
0
0
0
0
0
1636
-1481
-1795
-1417
-13873
0
0
0
0
0
0
0
0
0
0
0
-3202
-924
-281
-3230
-2230
0
0
0
0
0
0
0
0
0
0
0
1479
-1317
-3186
-1989
-13668
0
0
0
0
0
0
0
0
0
0
0
-2467
-318
-872
-2811
-1915
0
0
0
0
0
0
0
0
0
0
0
2067
-1859
-2513
-1621
-16863
0
0
0
0
0
0
0
0
0
0
0
-2798
-1601
-2739
-2860
-2569
0
0
0
0
0
0
0
0
0
0
0
3815
-3165
-3004
-2287
-16767
0
0
0
0
0
0
0
0
0
0
0
-2399
-1883
-2518
-1644
-2139
0
0
0
0
0
0
0
0
0
0
0
3104
-2017
-3045
-1970
-16095
0
0
0
0
0
0
0
0
0
0
0
-2380
-1600
-1581
-2222
-1840
0
0
0
0
0
0
0
0
0
0
0
2742
-1740
-2289
-1714
-15605
0
0
0
0
0
0
0
0
0
0
0
-3038
-1269
-2399
-3014
-2269
0
0
0
0
0
0
0
0
0
0
0
2650
-2384
-1670
-2172
-11540
0
0
0
0
0
0
0
0
0
0
0
-2558
-1224
-2299
-1830
-1962
0
0
0
0
0
0
0
0
0
0
0
3294
-2251
-2868
-1910
-12685
0
0
0
0
0
0
0
0
0
0
0
-1401
-66
-367
-1192
-1129
0
0
0
0
0
0
0
0
0
0
0
709
-785
-1682
-860
-12847
0
0
0
0
0
0
0
0
0
0
0
-1721
724
-258
-1838
-1389
0
0
0
0
0
0
0
0
0
0
0
112
-772
-2469
-1096
-14720
0
0
0
0
0
0
0
0
0
0
0
-1659
924
-1879
-1772
-1525
0
0
0
0
0
0
0
0
0
0
0
415
-814
-2156
-1212
-15442
0
0
0
0
0
0
0
0
0
0
0
-1994
383
-2756
-1418
-1631
0
0
0
0
0
0
0
0
0
0
0
1487
-1351
-2165
-1390
-14646
0
0
0
0
0
0
0
0
0
0
0
-2113
-108
-2546
-782
-1622
0
0
0
0
0
0
0
0
0
0
0
1429
-1197
-2335
-1386
-15990
0
0
0
0
0
0
0
0
0
0
0
-2380
-273
-1347
-1295
-1795
0
0
0
0
0
0
0
0
0
0
0
526
-1150
-2425
-1597
-13572
0
0
0
0
0
0
0
0
0
0
0
-2530
369
-1470
-1335
-1631
0
0
0
0
0
0
0
0
0
0
0
677
-1570
-1607
-1416
-12990
0
0
0
0
0
0
0
0
0
0
0
-2139
-505
-1278
-928
-1502
0
0
0
0
0
0
0
0
0
0
0
1736
-1734
-2395
-1389
-13630
0
0
0
0
0
0
0
0
0
0
0
-1390
-839
-23
-834
-1356
0
0
0
0
0
0
0
0
0
0
0
-789
-201
-2165
-1242
-13164
0
0
0
0
0
0
0
0
0
0
0
-1913
111
161
-1688
-1522
0
0
0
0
0
0
0
0
0
0
0
-1241
-336
-2404
-1365
-13369
0
0
0
0
0
0
0
0
0
0
0
-1696
607
-803
-1864
-1237
0
0
0
0
0
0
0
0
0
0
0
-588
-252
-1248
-1081
-14872
0
0
0
0
0
0
0
0
0
0
0
-1584
760
-897
-1567
-1085
0
0
0
0
0
0
0
0
0
0
0
78
-490
-1305
-940
-14576
0
0
0
0
0
0
0
0
0
0
0
-1594
156
-980
-1166
-1137
0
0
0
0
0
0
0
0
0
0
0
404
-722
-1239
-973
-14421
0
0
0
0
0
0
0
0
0
0
0
-1607
-105
-650
-645
-915
0
0
0
0
0
0
0
0
0
0
0
38
-339
-1049
-790
-16257
0
0
0
0
0
0
0
0
0
0
0
-1666
143
-1022
-460
-880
0
0
0
0
0
0
0
0
0
0
0
190
-585
-1138
-860
-13409
0
0
0
0
0
0
0
0
0
0
0
-1475
-371
-567
-900
-1006
0
0
0
0
0
0
0
0
0
0
0
1231
-1268
-1839
-997
-14240
0
0
0
0
0
0
0
0
0
0
0
0
0
0
0
0
0
0
0
0
0
0
0
0
0
0
0
0
0
0
0
0
0
0
0
0
0
0
0
0
0
0
0
0
0
0
0
0
0
0
0
0
0
0
0
0
0
0
0
0
0
0
0
0
0
0
0
0
0
0
0
0
0
0
0
0
0
0
0
0
0
0
0
0
0
0
0
0
0
0
0
0
0
0
0
0
0
0
0
0
0
0
0
0
0
0
0
0
0
0
0
0
0
0
0
0
0
0
0
0
0
0
0
0
0
0
0
0
0
0
0
0
0
0
0
0
0
0
0
0
0
0
0
0
0
0
0
0
0
0
0
0
0
0
0
0
0
0
0
0
0
0
0
0
0
0
0
0
0
0
0
0
0
0
0
0
0
0
0
0
0
0
0
0
0
0
0
0
0
0
0
0
0
0
0
0
0
0
0
0
0
0
0
0
0
0
0
0
0
0
0
0
0
0
0
0
0
0
0
0
0
0
0
0
0
0
0
0
0
0
0
0
0
0
0
0
0
0
0
0
0
0
0
0
0
0
0
0
0
0
0
0
0
0
0
0
0
0
0
0
0
0
0
0
0
0
0
0
0
0
0
0
0
0
0
0
0
0
0
0
0
0
0
0
0
0
0
0
0
0
0
0
0
0
0
0
0
0
0
0
0
0
0
0
0
0
0
0
0
0
0
0
0
0
0
0
0
0
0
0
0
0
0
0
0
0
0
0
0
0
0
0
0
0
0
0
0
0
0
0
0
0
0
0
0
0
0
0
0
0
0
0
0
0
0
0
0
0
0
0
0
0
0
0
0
0
0
0
0
0
0
0
0
0
0
0
0
0
0
0
0
0
0
0
0
0
0
0
0
0
0
0
0
0
0
0
0
0
0
0
0
0
0
0
0
0
0
0
0
0
0
0
0
0
0
0
0
0
0
0
0
0
0
0
0
0
0
0
0
0
0
0
0
0
0
0
0
0
0
0
0
0
0
0
0
0
0
0
0
0
0
0
0
0
0
0
0
0
0
0
0
0
0
0
0
0
0
0
0
0
0
0
0
0
0
0
0
0
0
0
0
0
0
0
0
0
0
0
0
0
0
0
0
0
0
0
0
0
0
0
0
0
0
0
0
0
0
0
0
0
0
0
0
0
0
0
0
0
0
0
0
0
0
0
0
0
0
0
0
0
0
0
0
0
0
0
0
0
0
0
0
0
0
0
0
0
0
0
0
0
0
0
0
0
0
0
0
0
0
0
0
0
0
0
0
0
0
0
0
0
0
0
0
0
0
0
0
0
0
0
0
0
0
0
0
0
0
0
0
0
0
0
0
0
0
0
0
0
0
0
0
0
0
0
0
0
0
0
0
0
0
0
0
0
0
0
0
0
0
0
0
0
0
0
0
0
0
0
0
0
0
0
0
0
0
0
0
0
0
0
0
0
0
0
0
0
0
0
0
0
0
0
0
0
0
0
0
0
0
0
0
0
0
0
0
0
0
0
0
0
0
0
0
0
0
0
0
0
0
0
0
0
0
0
0
0
0
0
0
0
0
0
0
0
0
0
0
0
0
0
0
0
0
0
0
0
0
0
0
0
0
0
0
0
0
0
0
0
0
0
0
0
0
0
0
0
0
0
0
0
0
0
0
0
0
0
0
0
0
0
0
0
0
0
0
0
0
0
0
0
0
0
0
0
0
0
0
0
0
0
0
0
0
0
0
0
0
0
0
0
0
0
0
0
0
0
0
0
0
0
0
0
0
0
0
0
0
0
0
0
0
0
0
0
0
0
0
0
0
0
0
0
0
0
0
0
0
0
0
0
0
0
0
0
0
0
0
0
0
0
0
0
0
0
0
0
0
0
0
0
0
0
0
0
0
0
0
0
0
0
0
0
0
0
0
0
0
0
0
0
0
0
0
0
0
0
0
0
0
0
0
0
0
0
0
0
0
0
0
0
0
0
0
0
0
0
0
0
0
0
0
0
0
0
0
0
0
0
0
0
0
0
0
0
0
0
0
0
0
0
0
0
0
0
0
0
0
0
0
0
0
0
0
0
0
0
0
0
0
0
0
0
0
0
0
0
0
0
0
0
0
0
0
0
0
0
0
0
0
0
0
0
0
0
0
0
0
0
0
0
0
0
0
0
0
0
0
0
0
0
0
0
0
0
0
0
0
0
0
0
0
0
0
0
0
0
0
0
0
0
0
0
0
0
0
0
0
0
0
0
0
0
0
0
0
0
0
0
0
0
0
0
0
0
0
0
0
0
0
0
0
0
0
0
0
0
0
0
0
0
0
0
0
0
0
0
0
0
0
0
0
0
0
0
0
0
0
0
0
0
0
0
0
0
0
0
0
0
0
0
0
0
0
0
0
0
0
0
0
0
0
0
0
0
0
0
0
0
0
0
0
0
0
0
0
0
0
0
0
0
0
0
0
0
0
0
0
0
0
0
0
0
0
0
0
0
0
0
0
0
0
0
0
0
0
0
0
0
0
0
0
0
0
0
0
0
0
0
0
0
0
0
0
0
0
0
0
0
0
0
0
0
0
0
0
0
0
0
0
0
0
0
0
0
0
0
0
0
0
0
0
0
0
0
0
0
0
0
0
0
0
0
0
0
0
0
0
0
0
0
0
0
0
0
0
0
0
0
0
0
0
0
0
0
0
0
0
0
0
0
0
0
0
0
0
0
0
0
0
0
0
0
0
0
0
0
0
0
0
0
0
0
0
0
0
0
0
0
0
0
0
0
0
0
0
0
0
0
0
0
0
0
0
0
0
0
0
0
0
0
0
0
0
0
0
0
0
0
0
0
0
0
0
0
0
0
0
0
0
0
0
0
0
0
0
0
0
0
0
0
0
0
0
0
0
0
0
0
0
0
0
0
0
0
0
0
0
0
0
0
0
0
0
0
0
0
0
0
0
0
0
0
0
0
0
0
0
0
0
0
0
0
0
0
0
0
0
0
0
0
0
0
0
0
0
0
0
0
0
0
0
0
0
0
0
0
0
0
0
0
0
0
0
0
0
0
0
0
0
0
0
0
0
0
0
0
0
0
0
0
0
0
0
0
0
0
0
0
0
0
0
0
0
0
0
0
0
0
0
0
0
0
0
0
0
0
0
0
0
0
0
0
0
0
0
0
0
0
0
0
0
0
0
0
0
0
0
0
0
0
0
0
0
0
0
0
0
0
0
0
0
0
0
0
0
0
0
0
0
0
0
0
0
0
0
0
0
0
0
0
0
0
0
0
0
0
0
0
0
0
0
0
0
0
0
0
0
0
0
0
0
0
0
0
0
0
0
0
0
0
0
0
0
0
0
0
0
0
0
0
0
0
0
0
0
0
0
0
0
0
0
0
0
0
0
0
0
0
0
0
0
0
0
0
0
0
0
0
0
0
0
0
0
0
0
0
0
0
0
0
0
0
0
0
0
0
0
0
0
0
0
0
0
0
0
0
0
0
0
0
0
0
0
0
0
0
0
0
0
0
0
0
0
0
0
0
0
0
0
0
0
0
0
0
0
0
0
0
0
0
0
0
0
0
0
0
0
0
0
0
0
0
0
0
0
0
0
0
0
0
0
0
0
0
0
0
0
0
0
0
0
0
0
0
0
0
0
0
0
0
0
0
0
0
0
0
0
0
0
0
0
0
0
0
0
0
0
0
0
0
0
0
0
0
0
0
0
0
0
0
0
0
0
0
0
0
0
0
0
0
0
0
0
0
0
0
0
0
0
0
0
0
0
0
0
0
0
0
0
0
0
0
0
0
0
0
0
0
0
0
0
0
0
0
0
0
0
0
0
0
0
0
0
0
0
0
0
0
0
0
0
0
0
0
0
0
0
0
0
0
0
0
0
0
0
0
0
0
0
0
0
0
0
0
0
0
0
0
0
0
0
0
0
0
0
0
0
0
0
0
0
0
0
0
0
0
0
0
0
0
0
0
0
0
0
0
0
0
0
0
0
0
0
0
0
0
0
0
0
0
0
0
0
0
0
0
0
0
0
0
0
0
0
0
0
0
0
0
0
0
0
0
0
0
0
0
0
0
0
0
0
0
0
0
0
0
0
0
0
0
0
0
0
0
0
0
0
0
0
0
0
0
0
0
0
0
0
0
0
0
0
0
0
0
0
0
0
0
0
0
0
0
0
0
0
0
0
0
0
0
0
0
0
0
0
0
0
0
0
0
0
0
0
0
0
0
0
0
0
0
0
0
0
0
0
0
0
0
0
0
0
0
0
0
0
0
0
0
0
0
0
0
0
0
0
0
0
0
0
0
0
0
0
0
0
0
0
0
0
0
0
0
0
0
0
0
0
0
0
0
0
0
0
0
0
0
0
0
0
0
0
0
0
0
0
0
0
0
0
0
0
0
0
0
0
0
0
0
0
0
0
0
0
0
0
0
0
0
0
0
0
0
0
0
0
0
0
0
0
0
0
0
0
0
0
0
0
0
0
0
0
0
0
0
0
0
0
0
0
0
0
0
0
0
0
0
0
0
0
0
0
0
0
0
0
0
0
0
0
0
0
0
0
0
0
0
0
0
0
0
0
0
0
0
0
0
0
0
0
0
0
0
0
0
0
0
0
0
0
0
0
0
0
0
0
0
0
0
0
0
0
0
0
0
0
0
0
0
0
0
0
0
0
0
0
0
0
0
0
0
0
0
0
0
0
0
0
0
0
0
0
0
0
0
0
0
0
0
0
0
0
0
0
0
0
0
0
0
0
0
0
0
0
0
0
0
0
0
0
0
0
0
0
0
0
0
0
0
0
0
0
0
0
0
0
0
0
0
0
0
0
0
0
0
0
0
0
0
0
0
0
0
0
0
0
0
0
0
0
0
0
0
0
0
0
0
0
0
0
0
0
0
0
0
0
0
0
0
0
0
0
0
0
0
0
0
0
0
0
0
0
0
0
0
0
0
0
0
0
0
0
0
0
0
0
0
0
0
0
0
0
0
0
0
0
0
0
0
0
0
0
0
0
0
0
0
0
0
0
0
0
0
0
0
0
0
0
0
0
0
0
0
0
0
0
0
0
0
0
0
0
0
0
0
0
0
0
0
0
0
0
0
0
0
0
0
0
0
0
0
0
0
0
0
0
0
0
0
0
0
0
0
0
0
0
0
0
0
0
0
0
0
0
0
0
0
0
0
0
0
0
0
0
0
0
0
0
0
0
0
0
0
0
0
0
0
0
0
0
0
0
0
0
0
0
0
0
0
0
0
0
0
0
0
0
0
0
0
0
0
0
0
0
0
0
0
0
0
0
0
0
0
0
0
0
0
0
0
0
0
0
0
0
0
0
0
0
0
0
0
0
0
0
0
0
0
0
0
0
0
0
0
0
0
0
0
0
0
0
0
0
0
0
0
0
0
0
0
0
0
0
0
0
0
0
0
0
0
0
0
0
0
0
0
0
0
0
0
0
0
0
0
0
0
0
0
0
0
0
0
0
0
0
0
0
0
0
0
0
0
0
0
0
0
0
0
0
0
0
0
0
0
0
0
0
0
0
0
0
0
0
0
0
0
0
0
0
0
0
0
0
0
0
0
0
0
0
0
0
0
0
0
0
0
0
0
0
0
0
0
0
0
0
0
0
0
0
0
0
0
0
0
0
0
0
0
0
0
0
0
0
0
0
0
0
0
0
0
0
0
0
0
0
0
0
0
0
0
0
0
0
0
0
0
0
0
0
0
0
0
0
0
0
0
0
0
0
0
0
0
0
0
0
0
0
0
0
0
0
0
0
0
0
0
0
0
0
0
0
0
0
0
0
0
0
0
0
0
0
0
0
0
0
0
0
0
0
0
0
0
0
0
0
0
0
0
0
0
0
0
0
0
0
0
0
0
0
0
0
0
0
0
0
0
0
0
0
0
0
0
0
0
0
0
0
0
0
0
0
0
0
0
0
0
0
0
0
0
0
0
0
0
0
0
0
0
0
0
0
0
0
0
0
0
0
0
0
0
0
0
0
0
0
0
0
0
0
0
0
0
0
0
0
0
0
0
0
0
0
0
0
0
0
0
0
0
0
0
0
0
0
0
0
0
0
0
0
0
0
0
0
0
0
0
0
0
0
0
0
0
0
0
0
0
0
0
0
0
0
0
0
0
0
0
0
0
0
0
0
0
0
0
0
0
0
0
0
0
0
0
0
0
0
0
0
0
0
0
0
0
0
0
0
0
0
0
0
0
0
0
0
0
0
0
0
0
0
0
0
0
0
0
0
0
0
0
0
0
0
0
0
0
0
0
0
0
0
0
0
0
0
0
0
0
0
0
0
0
0
0
0
0
0
0
0
0
0
0
0
0
0
0
0
0
0
0
0
0
0
0
0
0
0
0
0
0
0
0
0
0
0
0
0
0
0
0
0
0
0
0
0
0
0
0
0
0
0
0
0
0
0
0
0
0
0
0
0
0
0
0
0
0
0
0
0
0
0
0
0
0
0
0
0
0
0
0
0
0
0
0
0
0
0
0
0
0
0
0
0
0
0
0
0
0
0
0
0
0
0
0
0
0
0
0
0
0
0
0
0
0
0
0
0
0
0
0
0
0
0
0
0
0
0
0
0
0
0
0
0
0
0
0
0
0
0
0
0
0
0
0
0
0
0
0
0
0
0
0
0
0
0
0
0
0
0
0
0
0
0
0
0
0
0
0
0
0
0
0
0
0
0
0
0
0
0
0
0
0
0
0
0
0
0
0
0
0
0
0
0
0
0
0
0
0
0
0
0
0
0
0
0
0
0
0
0
0
0
0
0
0
0
0
0
0
0
0
0
0
0
0
0
0
0
0
0
0
0
0
0
0
0
0
0
0
0
0
0
0
0
0
0
0
0
0
0
0
0
0
0
0
0
0
0
0
0
0
0
0
0
0
0
0
0
0
0
0
0
0
0
0
0
0
0
0
0
0
0
0
0
0
0
0
0
0
0
0
0
0
0
0
0
0
0
0
0
0
0
0
0
0
0
0
0
0
0
0
0
0
0
0
0
0
0
0
0
0
0
0
0
0
0
0
0
0
0
0
0
0
0
0
0
0
0
0
0
0
0
0
0
0
0
0
0
0
0
0
0
0
0
0
0
0
0
0
0
0
0
0
0
0
0
0
0
0
0
0
0
0
0
0
0
0
0
0
0
0
0
0
0
0
0
0
0
0
0
0
0
0
0
0
0
0
0
0
0
0
0
0
0
0
0
0
0
0
0
0
0
0
0
0
0
0
0
0
0
0
0
0
0
0
0
0
0
0
0
0
0
0
0
0
0
0
0
0
0
0
0
0
0
0
0
0
0
0
0
0
0
0
0
0
0
0
0
0
0
0
0
0
0
0
0
0
0
0
0
0
0
0
0
0
0
0
0
0
0
0
0
0
0
0
0
0
0
0
0
0
0
0
0
0
0
0
0
0
0
0
0
0
0
0
0
0
0
0
0
0
0
0
0
0
0
0
0
0
0
0
0
0
0
0
0
0
0
0
0
0
0
0
0
0
0
0
0
0
0
0
0
0
0
0
0
0
0
0
0
0
0
0
0
0
0
0
0
0
0
0
0
0
0
0
0
0
0
0
0
0
0
0
0
0
0
0
0
0
0
0
0
0
0
0
0
0
0
0
0
0
0
0
0
0
0
0
0
0
0
0
0
0
0
0
0
0
0
0
0
0
0
0
0
0
0
0
0
0
0
0
0
0
0
0
0
0
0
0
0
0
0
0
0
0
0
0
0
0
0
0
0
0
0
0
0
0
0
0
0
0
0
0
0
0
0
0
0
0
0
0
0
0
0
0
0
0
0
0
0
0
0
0
0
0
0
0
0
0
0
0
0
0
0
0
0
0
0
0
0
0
0
0
0
0
0
0
0
0
0
0
0
0
0
0
0
0
0
0
0
0
0
0
0
0
0
0
0
0
0
0
0
0
0
0
0
0
0
0
0
0
0
0
0
0
0
0
0
0
0
0
0
0
0
0
0
0
0
0
0
0
0
0
0
0
0
0
0
0
0
0
0
0
0
0
0
0
0
0
0
0
0
0
0
0
0
0
0
0
0
0
0
0
0
0
0
0
0
0
0
0
0
0
0
0
0
0
0
0
0
0
0
0
0
0
0
0
0
0
0
0
0
0
0
0
0
0
0
0
0
0
0
0
0
0
0
0
0
0
0
0
0
0
0
0
0
0
0
0
0
0
0
0
0
0
0
0
0
0
0
0
0
0
0
0
0
0
0
0
0
0
0
0
0
0
0
0
0
0
0
0
0
0
0
0
0
0
0
0
0
0
0
0
0
0
0
0
0
0
0
0
0
0
0
0
0
0
0
0
0
0
0
0
0
0
0
0
0
0
0
0
0
0
0
0
0
0
0
0
0
0
0
0
0
0
0
0
0
0
0
0
0
0
0
0
0
0
0
0
0
0
0
0
0
0
0
0
0
0
0
0
0
0
0
0
0
0
0
0
0
0
0
0
0
0
0
0
0
0
0
0
0
0
0
0
0
0
0
0
0
0
0
0
0
0
0
0
0
0
0
0
0
0
0
0
0
0
0
0
0
0
0
0
0
0
0
0
0
0
0
0
0
0
0
0
0
0
0
0
0
0
0
0
0
0
0
0
0
0
0
0
0
0
0
0
0
0
0
0
0
0
0
0
0
0
0
0
0
0
0
0
0
0
0
0
0
0
0
0
0
0
0
0
0
0
0
0
0
0
0
0
0
0
0
0
0
0
0
0
0
0
0
0
0
0
0
0
0
0
0
0
0
0
0
0
0
0
0
0
0
0
0
0
0
0
0
0
0
0
0
0
0
0
0
0
0
0
0
0
0
0
0
0
0
0
0
0
0
0
0
0
0
0
0
0
0
0
0
0
0
0
0
0
0
0
0
0
0
0
0
0
0
0
0
0
0
0
0
0
0
0
0
0
0
0
0
0
0
0
0
0
0
0
0
0
0
0
0
0
0
0
0
0
0
0
0
0
0
0
0
0
0
0
0
0
0
0
0
0
0
0
0
0
0
0
0
0
0
0
0
0
0
0
0
0
0
0
0
0
0
0
0
0
0
0
0
0
0
0
0
0
0
0
0
0
0
0
0
0
0
0
0
0
0
0
0
0
0
0
0
0
0
0
0
0
0
0
0
0
0
0
0
0
0
0
0
0
0
0
0
0
0
0
0
0
0
0
0
0
0
0
0
0
0
0
0
0
0
0
0
0
0
0
0
0
0
0
0
0
0
0
0
0
0
0
0
0
0
0
0
0
0
0
0
0
0
0
0
0
0
0
0
0
0
0
0
0
0
0
0
0
0
0
0
0
0
0
0
0
0
0
0
0
0
0
0
0
0
0
0
0
0
0
0
0
0
0
0
0
0
0
0
0
0
0
0
0
0
0
0
0
0
0
0
0
0
0
0
0
0
0
0
0
0
0
0
0
0
0
0
0
0
0
0
0
0
0
0
0
0
0
0
0
0
0
0
0
0
0
0
0
0
0
0
0
0
0
0
0
0
0
0
0
0
0
0
0
0
0
0
0
0
0
0
0
0
0
0
0
0
0
0
0
0
0
0
0
0
0
0
0
0
0
0
0
0
0
0
0
0
0
0
0
0
0
0
0
0
0
0
0
0
0
0
0
0
0
0
0
0
0
0
0
0
0
0
0
0
0
0
0
0
0
0
0
0
0
0
0
0
0
0
0
0
0
0
0
0
0
0
0
0
0
0
0
0
0
0
0
0
0
0
0
0
0
0
0
0
0
0
0
0
0
0
0
0
0
0
0
0
0
0
0
0
0
0
0
0
0
0
0
0
0
0
0
0
0
0
0
0
0
0
0
0
0
0
0
0
0
0
0
0
0
0
0
0
0
0
0
0
0
0
0
0
0
0
0
0
0
0
0
0
0
0
0
0
0
0
0
0
0
0
0
0
0
0
0
0
0
0
0
0
0
0
0
0
0
0
0
0
0
0
0
0
0
0
0
0
0
0
0
0
0
0
0
0
0
0
0
0
0
0
0
0
0
0
0
0
0
0
0
0
0
0
0
0
0
0
0
0
0
0
0
0
0
0
0
0
0
0
0
0
0
0
0
0
0
0
0
0
0
0
0
0
0
0
0
0
0
0
0
0
0
0
0
0
0
0
0
0
0
0
0
0
0
0
0
0
0
0
0
0
0
0
0
0
0
0
0
0
0
0
0
0
0
0
0
0
0
0
0
0
0
0
0
0
0
0
0
0
0
0
0
0
0
0
0
0
0
0
0
0
0
0
0
0
0
0
0
0
0
0
0
0
0
0
0
0
0
0
0
0
0
0
0
0
0
0
0
0
0
0
0
0
0
0
0
0
0
0
0
0
0
0
0
0
0
0
0
0
0
0
0
0
0
0
0
0
0
0
0
0
0
0
0
0
0
0
0
0
0
0
0
0
0
0
0
0
0
0
0
0
0
0
0
0
0
0
0
0
0
0
0
0
0
0
0
0
0
0
0
0
0
0
0
0
0
0
0
0
0
0
0
0
0
0
0
0
0
0
0
0
0
0
0
0
0
0
0
0
0
0
0
0
0
0
0
0
0
0
0
0
0
0
0
0
0
0
0
0
0
0
0
0
0
0
0
0
0
0
0
0
0
0
0
0
0
0
0
0
0
0
0
0
0
0
0
0
0
0
0
0
0
0
0
0
0
0
0
0
0
0
0
0
0
0
0
0
0
0
0
0
0
0
0
0
0
0
0
0
0
0
0
0
0
0
0
0
0
0
0
0
0
0
0
0
0
0
0
0
0
0
0
0
0
0
0
0
0
0
0
0
0
0
0
0
0
0
0
0
0
0
0
0
0
0
0
0
0
0
0
0
0
0
0
0
0
0
0
0
0
0
0
0
0
0
0
0
0
0
0
0
0
0
0
0
0
0
0
0
0
0
0
0
0
0
0
0
0
0
0
0
0
0
0
0
0
0
0
0
0
0
0
0
0
0
0
0
0
0
0
0
0
0
0
0
0
0
0
0
0
0
0
0
0
0
0
0
0
0
0
0
0
0
0
0
0
0
0
0
0
0
0
0
0
0
0
0
0
0
0
0
0
0
0
0
0
0
0
0
0
0
0
0
0
0
0
0
0
0
0
0
0
0
0
0
0
0
0
0
0
0
0
0
0
0
0
0
0
0
0
0
0
0
0
0
0
0
0
0
0
0
0
0
0
0
0
0
0
0
0
0
0
0
0
0
0
0
0
0
0
0
0
0
0
0
0
0
0
0
0
0
0
0
0
0
0
0
0
0
0
0
0
0
0
0
0
0
0
0
0
0
0
0
0
0
0
0
0
0
0
0
0
0
0
0
0
0
0
0
0
0
0
0
0
0
0
0
0
0
0
0
0
0
0
0
0
0
0
0
0
0
0
0
0
0
0
0
0
0
0
0
0
0
0
0
0
0
0
0
0
0
0
0
0
0
0
0
0
0
0
0
0
0
0
0
0
0
0
0
0
0
0
0
0
0
0
0
0
0
0
0
0
0
0
0
0
0
0
0
0
0
0
0
0
0
0
0
0
0
0
0
0
0
0
0
0
0
0
0
0
0
0
0
0
0
0
0
0
0
0
0
0
0
0
0
0
0
0
0
0
0
0
0
0
0
0
0
0
0
0
0
0
0
0
0
0
0
0
0
0
0
0
0
0
0
0
0
0
0
0
0
0
0
0
0
0
0
0
0
0
0
0
0
0
0
0
0
0
0
0
0
0
0
0
0
0
0
0
0
0
0
0
0
0
0
0
0
0
0
0
0
0
0
0
0
0
0
0
0
0
0
0
0
0
0
0
0
0
0
0
0
0
0
0
0
0
0
0
0
0
0
0
0
0
0
0
0
0
0
0
0
0
0
0
0
0
0
0
0
0
0
0
0
0
0
0
0
0
0
0
0
0
0
0
0
0
0
0
0
0
0
0
0
0
0
0
0
0
0
0
0
0
0
0
0
0
0
0
0
0
0
0
0
0
0
0
0
0
0
0
0
0
0
0
0
0
0
0
0
0
0
0
0
0
0
0
0
0
0
0
0
0
0
0
0
0
0
0
0
0
0
0
0
0
0
0
0
0
0
0
0
0
0
0
0
0
0
0
0
0
0
0
0
0
0
0
0
0
0
0
0
0
0
0
0
0
0
0
0
0
0
0
0
0
0
0
0
0
0
0
0
0
0
0
0
0
0
0
0
0
0
0
0
0
0
0
0
0
0
0
0
0
0
0
0
0
0
0
0
0
0
0
0
0
0
0
0
0
0
0
0
0
0
0
0
0
0
0
0
0
0
0
0
0
0
0
0
0
0
0
0
0
0
0
0
0
0
0
0
0
0
0
0
0
0
0
0
0
0
0
0
0
0
0
0
0
0
0
0
0
0
0
0
0
0
0
0
0
0
0
0
0
0
0
0
0
0
0
0
0
0
0
0
0
0
0
0
0
0
0
0
0
0
0
0
0
0
0
0
0
0
0
0
0
0
0
0
0
0
0
0
0
0
0
0
0
0
0
0
0
0
0
0
0
0
0
0
0
0
0
0
0
0
0
0
0
0
0
0
0
0
0
0
0
0
0
0
0
0
0
0
0
0
0
0
0
0
0
0
0
0
0
0
0
0
0
0
0
0
0
0
0
0
0
0
0
0
0
0
0
0
0
0
0
0
0
0
0
0
0
0
0
0
0
0
0
0
0
0
0
0
0
0
0
0
0
0
0
0
0
0
0
0
0
0
0
0
0
0
0
0
0
0
0
0
0
0
0
0
0
0
0
0
0
0
0
0
0
0
0
0
0
0
0
0
0
0
0
0
0
0
0
0
0
0
0
0
0
0
0
0
0
0
0
0
0
0
0
0
0
0
0
0
0
0
0
0
0
0
0
0
0
0
0
0
0
0
0
0
0
0
0
0
0
0
0
0
0
0
0
0
0
0
0
0
0
0
0
0
0
0
0
0
0
0
0
0
0
0
0
0
0
0
0
0
0
0
0
0
0
0
0
0
0
0
0
0
0
0
0
0
0
0
0
0
0
0
0
0
0
0
0
0
0
0
0
0
0
0
0
0
0
0
0
0
0
0
0
0
0
0
0
0
0
0
0
0
0
0
0
0
0
0
0
0
0
0
0
0
0
0
0
0
0
0
0
0
0
0
0
0
0
0
0
0
0
0
0
0
0
0
0
0
0
0
0
0
0
0
0
0
0
0
0
0
0
0
0
0
0
0
0
0
0
0
0
0
0
0
0
0
0
0
0
0
0
0
0
0
0
0
0
0
0
0
0
0
0
0
0
0
0
0
0
0
0
0
0
0
0
0
0
0
0
0
0
0
0
0
0
0
0
0
0
0
0
0
0
0
0
0
0
0
0
0
0
0
0
0
0
0
0
0
0
0
0
0
0
0
0
0
0
0
0
0
0
0
0
0
0
0
0
0
0
0
0
0
0
0
0
0
0
0
0
0
0
0
0
0
0
0
0
0
0
0
0
0
0
0
0
0
0
0
0
0
0
0
0
0
0
0
0
0
0
0
0
0
0
0
0
0
0
0
0
0
0
0
0
0
0
0
0
0
0
0
0
0
0
0
0
0
0
0
0
0
0
0
0
0
0
0
0
0
0
0
0
0
0
0
0
0
0
0
0
0
0
0
0
0
0
0
0
0
0
0
0
0
0
0
0
0
0
0
0
0
0
0
0
0
0
0
0
0
0
0
0
0
0
0
0
0
0
0
0
0
0
0
0
0
0
0
0
0
0
0
0
0
0
0
0
0
0
0
0
0
0
0
0
0
0
0
0
0
0
0
0
0
0
0
0
0
0
0
0
0
0
0
0
0
0
0
0
0
0
0
0
0
0
0
0
0
0
0
0
0
0
0
0
0
0
0
0
0
0
0
0
0
0
0
0
0
0
0
0
0
0
0
0
0
0
0
0
0
0
0
0
0
0
0
0
0
0
0
0
0
0
0
0
0
0
0
0
0
0
0
0
0
0
0
0
0
0
0
0
0
0
0
0
0
0
0
0
0
0
0
0
0
0
0
0
0
0
0
0
0
0
0
0
0
0
0
0
0
0
0
0
0
0
0
0
0
0
0
0
0
0
0
0
0
0
0
0
0
0
0
0
0
0
0
0
0
0
0
0
0
0
0
0
0
0
0
0
0
0
0
0
0
0
0
0
0
0
0
0
0
0
0
0
0
0
0
0
0
0
0
0
0
0
0
0
0
0
0
0
0
0
0
0
0
0
0
0
0
0
0
0
0
0
0
0
0
0
0
0
0
0
0
0
0
0
0
0
0
0
0
0
0
0
0
0
0
0
0
0
0
0
0
0
0
0
0
0
0
0
0
0
0
0
0
0
0
0
0
0
0
0
0
0
0
0
0
0
0
0
0
0
0
0
0
0
0
0
0
0
0
0
0
0
0
0
0
0
0
0
0
0
0
0
0
0
0
0
0
0
0
0
0
0
0
0
0
0
0
0
0
0
0
0
0
0
0
0
0
0
0
0
0
0
0
0
0
0
0
0
0
0
0
0
0
0
0
0
0
0
0
0
0
0
0
0
0
0
0
0
0
0
0
0
0
0
0
0
0
0
0
0
0
0
0
0
0
0
0
0
0
0
0
0
0
0
0
0
0
0
0
0
0
0
0
0
0
0
0
0
0
0
0
0
0
0
0
0
0
0
0
0
0
0
0
0
0
0
0
0
0
0
0
0
0
0
0
0
0
0
0
0
0
0
0
0
0
0
0
0
0
0
0
0
0
0
0
0
0
0
0
0
0
0
0
0
0
0
0
0
0
0
0
0
0
0
0
0
0
0
0
0
0
0
0
0
0
0
0
0
0
0
0
0
0
0
0
0
0
0
0
0
0
0
0
0
0
0
0
0
0
0
0
0
0
0
0
0
0
0
0
0
0
0
0
0
0
0
0
0
0
0
0
0
0
0
0
0
0
0
0
0
0
0
0
0
0
0
0
0
0
0
0
0
0
0
0
0
0
0
0
0
0
0
0
0
0
0
0
0
0
0
0
0
0
0
0
0
0
0
0
0
0
0
0
0
0
0
0
0
0
0
0
0
0
0
0
0
0
0
0
0
0
0
0
0
0
0
0
0
0
0
0
0
0
0
0
0
0
0
0
0
0
0
0
0
0
0
0
0
0
0
0
0
0
0
0
0
0
0
0
0
0
0
0
0
0
0
0
0
0
0
0
0
0
0
0
0
0
0
0
0
0
0
0
0
0
0
0
0
0
0
0
0
0
0
0
0
0
0
0
0
0
0
0
0
0
0
0
0
0
0
0
0
0
0
0
0
0
0
0
0
0
0
0
0
0
0
0
0
0
0
0
0
0
0
0
0
0
0
0
0
0
0
0
0
0
0
0
0
0
0
0
0
0
0
0
0
0
0
0
0
0
0
0
0
0
0
0
0
0
0
0
0
0
0
0
0
0
0
0
0
0
0
0
0
0
0
0
0
0
0
0
0
0
0
0
0
0
0
0
0
0
0
0
0
0
0
0
0
0
0
0
0
0
0
0
0
0
0
0
0
0
0
0
0
0
0
0
0
0
0
0
0
0
0
0
0
0
0
0
0
0
0
0
0
0
0
0
0
0
0
0
0
0
0
0
0
0
0
0
0
0
0
0
0
0
0
0
0
0
0
0
0
0
0
0
0
0
0
0
0
0
0
0
0
0
0
0
0
0
0
0
0
0
0
0
0
0
0
0
0
0
0
0
0
0
0
0
0
0
0
0
0
0
0
0
0
0
0
0
0
0
0
0
0
0
0
0
0
0
0
0
0
0
0
0
0
0
0
0
0
0
0
0
0
0
0
0
0
0
0
0
0
0
0
0
0
0
0
0
0
0
0
0
0
0
0
0
0
0
0
0
0
0
0
0
0
0
0
0
0
0
0
0
0
0
0
0
0
0
0
0
0
0
0
0
0
0
0
0
0
0
0
0
0
0
0
0
0
0
0
0
0
0
0
0
0
0
0
0
0
0
0
0
0
0
0
0
0
0
0
0
0
0
0
0
0
0
0
0
0
0
0
0
0
0
0
0
0
0
0
0
0
0
0
0
0
0
0
0
0
0
0
0
0
0
0
0
0
0
0
0
0
0
0
0
0
0
0
0
0
0
0
0
0
0
0
0
0
0
0
0
0
0
0
0
0
0
0
0
0
0
0
0
0
0
0
0
0
0
0
0
0
0
0
0
0
0
0
0
0
0
0
0
0
0
0
0
0
0
0
0
0
0
0
0
0
0
0
0
0
0
0
0
0
0
0
0
0
0
0
0
0
0
0
0
0
0
0
0
0
0
0
0
0
0
0
0
0
0
0
0
0
0
0
0
0
0
0
0
0
0
0
0
0
0
0
0
0
0
0
0
0
0
0
0
0
0
0
0
0
0
0
0
0
0
0
0
0
0
0
0
0
0
0
0
0
0
0
0
0
0
0
0
0
0
0
0
0
0
0
0
0
0
0
0
0
0
0
0
0
0
0
0
0
0
0
0
0
0
0
0
0
0
0
0
0
0
0
0
0
0
0
0
0
0
0
0
0
0
0
0
0
0
0
0
0
0
0
0
0
0
0
0
0
0
0
0
0
0
0
0
0
0
0
0
0
0
0
0
0
0
0
0
0
0
0
0
0
0
0
0
0
0
0
0
0
0
0
0
0
0
0
0
0
0
0
0
0
0
0
0
0
0
0
0
0
0
0
0
0
0
0
0
0
0
0
0
0
0
0
0
0
0
0
0
0
0
0
0
0
0
0
0
0
0
0
0
0
0
0
0
0
0
0
0
0
0
0
0
0
0
0
0
0
0
0
0
0
0
0
0
0
0
0
0
0
0
0
0
0
0
0
0
0
0
0
0
0
0
0
0
0
0
0
0
0
0
0
0
0
0
0
0
0
0
0
0
0
0
0
0
0
0
0
0
0
0
0
0
0
0
0
0
0
0
0
0
0
0
0
0
0
0
0
0
0
0
0
0
0
0
0
0
0
0
0
0
0
0
0
0
0
0
0
0
0
0
0
0
0
0
0
0
0
0
0
0
0
0
0
0
0
0
0
0
0
0
0
0
0
0
0
0
0
0
0
0
0
0
0
0
0
0
0
0
0
0
0
0
0
0
0
0
0
0
0
0
0
0
0
0
0
0
0
0
0
0
0
0
0
0
0
0
0
0
0
0
0
0
0
0
0
0
0
0
0
0
0
0
0
0
0
0
0
0
0
0
0
0
0
0
0
0
0
0
0
0
0
0
0
0
0
0
0
0
0
0
0
0
0
0
0
0
0
0
0
0
0
0
0
0
0
0
0
0
0
0
0
0
0
0
0
0
0
0
0
0
0
0
0
0
0
0
0
0
0
0
0
0
0
0
0
0
0
0
0
0
0
0
0
0
0
0
0
0
0
0
0
0
0
0
0
0
0
0
0
0
0
0
0
0
0
0
0
0
0
0
0
0
0
0
0
0
0
0
0
0
0
0
0
0
0
0
0
0
0
0
0
0
0
0
0
0
0
0
0
0
0
0
0
0
0
0
0
0
0
0
0
0
0
0
0
0
0
0
0
0
0
0
0
0
0
0
0
0
0
0
0
0
0
0
0
0
0
0
0
0
0
0
0
0
0
0
0
0
0
0
0
0
0
0
0
0
0
0
0
0
0
0
0
0
0
0
0
0
0
0
0
0
0
0
0
0
0
0
0
0
0
0
0
0
0
0
0
0
0
0
0
0
0
0
0
0
0
0
0
0
0
0
0
0
0
0
0
0
0
0
0
0
0
0
0
0
0
0
0
0
0
0
0
0
0
0
0
0
0
0
0
0
0
0
0
0
0
0
0
0
0
0
0
0
0
0
0
0
0
0
0
0
0
0
0
0
0
0
0
0
0
0
0
0
0
0
0
0
0
0
0
0
0
0
0
0
0
0
0
0
0
0
0
0
0
0
0
0
0
0
0
0
0
0
0
0
0
0
0
0
0
0
0
0
0
0
0
0
0
0
0
0
0
0
0
0
0
0
0
0
0
0
0
0
0
0
0
0
0
0
0
0
0
0
0
0
0
0
0
0
0
0
0
0
0
0
0
0
0
0
0
0
0
0
0
0
0
0
0
0
0
0
0
0
0
0
0
0
0
0
0
0
0
0
0
0
0
0
0
0
0
0
0
0
0
0
0
0
0
0
0
0
0
0
0
0
0
0
0
0
0
0
0
0
0
0
0
0
0
0
0
0
0
0
0
0
0
0
0
0
0
0
0
0
0
0
0
0
0
0
0
0
0
0
0
0
0
0
0
0
0
0
0
0
0
0
0
0
0
0
0
0
0
0
0
0
0
0
0
0
0
0
0
0
0
0
0
0
0
0
0
0
0
0
0
0
0
0
0
0
0
0
0
0
0
0
0
0
0
0
0
0
0
0
0
0
0
0
0
0
0
0
0
0
0
0
0
0
0
0
0
0
0
0
0
0
0
0
0
0
0
0
0
0
0
0
0
0
0
0
0
0
0
0
0
0
0
0
0
0
0
0
0
0
0
0
0
0
0
0
0
0
0
0
0
0
0
0
0
0
0
0
0
0
0
0
0
0
0
0
0
0
0
0
0
0
0
0
0
0
0
0
0
0
0
0
0
0
0
0
0
0
0
0
0
0
0
0
0
0
0
0
0
0
0
0
0
0
0
0
0
0
0
0
0
0
0
0
0
0
0
0
0
0
0
0
0
0
0
0
0
0
0
0
0
0
0
0
0
0
0
0
0
0
0
0
0
0
0
0
0
0
0
0
0
0
0
0
0
0
0
0
0
0
0
0
0
0
0
0
0
0
0
0
0
0
0
0
0
0
0
0
0
0
0
0
0
0
0
0
0
0
0
0
0
0
0
0
0
0
0
0
0
0
0
0
0
0
0
0
0
0
0
0
0
0
0
0
0
0
0
0
0
0
0
0
0
0
0
0
0
0
0
0
0
0
0
0
0
0
0
0
0
0
0
0
0
0
0
0
0
0
0
0
0
0
0
0
0
0
0
0
0
0
0
0
0
0
0
0
0
0
0
0
0
0
0
0
0
0
0
0
0
0
0
0
0
0
0
0
0
0
0
0
0
0
0
0
0
0
0
0
0
0
0
0
0
0
0
0
0
0
0
0
0
0
0
0
0
0
0
0
0
0
0
0
0
0
0
0
0
0
0
0
0
0
0
0
0
0
0
0
0
0
0
0
0
0
0
0
0
0
0
0
0
0
0
0
0
0
0
0
0
0
0
0
0
0
0
0
0
0
0
0
0
0
0
0
0
0
0
0
0
0
0
0
0
0
0
0
0
0
0
0
0
0
0
0
0
0
0
0
0
0
0
0
0
0
0
0
0
0
0
0
0
0
0
0
0
0
0
0
0
0
0
0
0
0
0
0
0
0
0
0
0
0
0
0
0
0
0
0
0
0
0
0
0
0
0
0
0
0
0
0
0
0
0
0
0
0
0
0
0
0
0
0
0
0
0
0
0
0
0
0
0
0
0
0
0
0
0
0
0
0
0
0
0
0
0
0
0
0
0
0
0
0
0
0
0
0
0
0
0
0
0
0
0
0
0
0
0
0
0
0
0
0
0
0
0
0
0
0
0
0
0
0
0
0
0
0
0
0
0
0
0
0
0
0
0
0
0
0
0
0
0
0
0
0
0
0
0
0
0
0
0
0
0
0
0
0
0
0
0
0
0
0
0
0
0
0
0
0
0
0
0
0
0
0
0
0
0
0
0
0
0
0
0
0
0
0
0
0
0
0
0
0
0
0
0
0
0
0
0
0
0
0
0
0
0
0
0
0
0
0
0
0
0
0
0
0
0
0
0
0
0
0
0
0
0
0
0
0
0
0
0
0
0
0
0
0
0
0
0
0
0
0
0
0
0
0
0
0
0
0
0
0
0
0
0
0
0
0
0
0
0
0
0
0
0
0
0
0
0
0
0
0
0
0
0
0
0
0
0
0
0
0
0
0
0
0
0
0
0
0
0
0
0
0
0
0
0
0
0
0
0
0
0
0
0
0
0
0
0
0
0
0
0
0
0
0
0
0
0
0
0
0
0
0
0
0
0
0
0
0
0
0
0
0
0
0
0
0
0
0
0
0
0
0
0
0
0
0
0
0
0
0
0
0
0
0
0
0
0
0
0
0
0
0
0
0
0
0
0
0
0
0
0
0
0
0
0
0
0
0
0
0
0
0
0
0
0
0
0
0
0
0
0
0
0
0
0
0
0
0
0
0
0
0
0
0
0
0
0
0
0
0
0
0
0
0
0
0
0
0
0
0
0
0
0
0
0
0
0
0
0
0
0
0
0
0
0
0
0
0
0
0
0
0
0
0
0
0
0
0
0
0
0
0
0
0
0
0
0
0
0
0
0
0
0
0
0
0
0
0
0
0
0
0
0
0
0
0
0
0
0
0
0
0
0
0
0
0
0
0
0
0
0
0
0
0
0
0
0
0
0
0
0
0
0
0
0
0
0
0
0
0
0
0
0
0
0
0
0
0
0
0
0
0
0
0
0
0
0
0
0
0
0
0
0
0
0
0
0
0
0
0
0
0
0
0
0
0
0
0
0
0
0
0
0
0
0
0
0
0
0
0
0
0
0
0
0
0
0
0
0
0
0
0
0
0
0
0
0
0
0
0
0
0
0
0
0
0
0
0
0
0
0
0
0
0
0
0
0
0
0
0
0
0
0
0
0
0
0
0
0
0
0
0
0
0
0
0
0
0
0
0
0
0
0
0
0
0
0
0
0
0
0
0
0
0
0
0
0
0
0
0
0
0
0
0
0
0
0
0
0
0
0
0
0
0
0
0
0
0
0
0
0
0
0
0
0
0
0
0
0
0
0
0
0
0
0
0
0
0
0
0
0
0
0
0
0
0
0
0
0
0
0
0
0
0
0
0
0
0
0
0
0
0
0
0
0
0
0
0
0
0
0
0
0
0
0
0
0
0
0
0
0
0
0
0
0
0
0
0
0
0
0
0
0
0
0
0
0
0
0
0
0
0
0
0
0
0
0
0
0
0
0
0
0
0
0
0
0
0
0
0
0
0
0
0
0
0
0
0
0
0
0
0
0
0
0
0
0
0
0
0
0
0
0
0
0
0
0
0
0
0
0
0
0
0
0
0
0
0
0
0
0
0
0
0
0
0
0
0
0
0
0
0
0
0
0
0
0
0
0
0
0
0
0
0
0
0
0
0
0
0
0
0
0
0
0
0
0
0
0
0
0
0
0
0
0
0
0
0
0
0
0
0
0
0
0
0
0
0
0
0
0
0
0
0
0
0
0
0
0
0
0
0
0
0
0
0
0
0
0
0
0
0
0
0
0
0
0
0
0
0
0
0
0
0
0
0
0
0
0
0
0
0
0
0
0
0
0
0
0
0
0
0
0
0
0
0
0
0
0
0
0
0
0
0
0
0
0
0
0
0
0
0
0
0
0
0
0
0
0
0
0
0
0
0
0
0
0
0
0
0
0
0
0
0
0
0
0
0
0
0
0
0
0
0
0
0
0
0
0
0
0
0
0
0
0
0
0
0
0
0
0
0
0
0
0
0
0
0
0
0
0
0
0
0
0
0
0
0
0
0
0
0
0
0
0
0
0
0
0
0
0
0
0
0
0
0
0
0
0
0
0
0
0
0
0
0
0
0
0
0
0
0
0
0
0
0
0
0
0
0
0
0
0
0
0
0
0
0
0
0
0
0
0
0
0
0
0
0
0
0
0
0
0
0
0
0
0
0
0
0
0
0
0
0
0
0
0
0
0
0
0
0
0
0
0
0
0
0
0
0
0
0
0
0
0
0
0
0
0
0
0
0
0
0
0
0
0
0
0
0
0
0
0
0
0
0
0
0
0
0
0
0
0
0
0
0
0
0
0
0
0
0
0
0
0
0
0
0
0
0
0
0
0
0
0
0
0
0
0
0
0
0
0
0
0
0
0
0
0
0
0
0
0
0
0
0
0
0
0
0
0
0
0
0
0
0
0
0
0
0
0
0
0
0
0
0
0
0
0
0
0
0
0
0
0
0
0
0
0
0
0
0
0
0
0
0
0
0
0
0
0
0
0
0
0
0
0
0
0
0
0
0
0
0
0
0
0
0
0
0
0
0
0
0
0
0
0
0
0
0
0
0
0
0
0
0
0
0
0
0
0
0
0
0
0
0
0
0
0
0
0
0
0
0
0
0
0
0
0
0
0
0
0
0
0
0
0
0
0
0
0
0
0
0
0
0
0
0
0
0
0
0
0
0
0
0
0
0
0
0
0
0
0
0
0
0
0
0
0
0
0
0
0
0
0
0
0
0
0
0
0
0
0
0
0
0
0
0
0
0
0
0
0
0
0
0
0
0
0
0
0
0
0
0
0
0
0
0
0
0
0
0
0
0
0
0
0
0
0
0
0
0
0
0
0
0
0
0
0
0
0
0
0
0
0
0
0
0
0
0
0
0
0
0
0
0
0
0
0
0
0
0
0
0
0
0
0
0
0
0
0
0
0
0
0
0
0
0
0
0
0
0
0
0
0
0
0
0
0
0
0
0
0
0
0
0
0
0
0
0
0
0
0
0
0
0
0
0
0
0
0
0
0
0
0
0
0
0
0
0
0
0
0
0
0
0
0
0
0
0
0
0
0
0
0
0
0
0
0
0
0
0
0
0
0
0
0
0
0
0
0
0
0
0
0
0
0
0
0
0
0
0
0
0
0
0
0
0
0
0
0
0
0
0
0
0
0
0
0
0
0
0
0
0
0
0
0
0
0
0
0
0
0
0
0
0
0
0
0
0
0
0
0
0
0
0
0
0
0
0
0
0
0
0
0
0
0
0
0
0
0
0
0
0
0
0
0
0
0
0
0
0
0
0
0
0
0
0
0
0
0
0
0
0
0
0
0
0
0
0
0
0
0
0
0
0
0
0
0
0
0
0
0
0
0
0
0
0
0
0
0
0
0
0
0
0
0
0
0
0
0
0
0
0
0
0
0
0
0
0
0
0
0
0
0
0
0
0
0
0
0
0
0
0
0
0
0
0
0
0
0
0
0
0
0
0
0
0
0
0
0
0
0
0
0
0
0
0
0
0
0
0
0
0
0
0
0
0
0
0
0
0
0
0
0
0
0
0
0
0
0
0
0
0
0
0
0
0
0
0
0
0
0
0
0
0
0
0
0
0
0
0
0
0
0
0
0
0
0
0
0
0
0
0
0
0
0
0
0
0
0
0
0
0
0
0
0
0
0
0
0
0
0
0
0
0
0
0
0
0
0
0
0
0
0
0
0
0
0
0
0
0
0
0
0
0
0
0
0
0
0
0
0
0
0
0
0
0
0
0
0
0
0
0
0
0
0
0
0
0
0
0
0
0
0
0
0
0
0
0
0
0
0
0
0
0
0
0
0
0
0
0
0
0
0
0
0
0
0
0
0
0
0
0
0
0
0
0
0
0
0
0
0
0
0
0
0
0
0
0
0
0
0
0
0
0
0
0
0
0
0
0
0
0
0
0
0
0
0
0
0
0
0
0
0
0
0
0
0
0
0
0
0
0
0
0
0
0
0
0
0
0
0
0
0
0
0
0
0
0
0
0
0
0
0
0
0
0
0
0
0
0
0
0
0
0
0
0
0
0
0
0
0
0
0
0
0
0
0
0
0
0
0
0
0
0
0
0
0
0
0
0
0
0
0
0
0
0
0
0
0
0
0
0
0
0
0
0
0
0
0
0
0
0
0
0
0
0
0
0
0
0
0
0
0
0
0
0
0
0
0
0
0
0
0
0
0
0
0
0
0
0
0
0
0
0
0
0
0
0
0
0
0
0
0
0
0
0
0
0
0
0
0
0
0
0
0
0
0
0
0
0
0
0
0
0
0
0
0
0
0
0
0
0
0
0
0
0
0
0
0
0
0
0
0
0
0
0
0
0
0
0
0
0
0
0
0
0
0
0
0
0
0
0
0
0
0
0
0
0
0
0
0
0
0
0
0
0
0
0
0
0
0
0
0
0
0
0
0
0
0
0
0
0
0
0
0
0
0
0
0
0
0
0
0
0
0
0
0
0
0
0
0
0
0
0
0
0
0
0
0
0
0
0
0
0
0
0
0
0
0
0
0
0
0
0
0
0
0
0
0
0
0
0
0
0
0
0
0
0
0
0
0
0
0
0
0
0
0
0
0
0
0
0
0
0
0
0
0
0
0
0
0
0
0
0
0
0
0
0
0
0
0
0
0
0
0
0
0
0
0
0
0
0
0
0
0
0
0
0
0
0
0
0
0
0
0
0
0
0
0
0
0
0
0
0
0
0
0
0
0
0
0
0
0
0
0
0
0
0
0
0
0
0
0
0
0
0
0
0
0
0
0
0
0
0
0
0
0
0
0
0
0
0
0
0
0
0
0
0
0
0
0
0
0
0
0
0
0
0
0
0
0
0
0
0
0
0
0
0
0
0
0
0
0
0
0
0
0
0
0
0
0
0
0
0
0
0
0
0
0
0
0
0
0
0
0
0
0
0
0
0
0
0
0
0
0
0
0
0
0
0
0
0
0
0
0
0
0
0
0
0
0
0
0
0
0
0
0
0
0
0
0
0
0
0
0
0
0
0
0
0
0
0
0
0
0
0
0
0
0
0
0
0
0
0
0
0
0
0
0
0
0
0
0
0
0
0
0
0
0
0
0
0
0
0
0
0
0
0
0
0
0
0
0
0
0
0
0
0
0
0
0
0
0
0
0
0
0
0
0
0
0
0
0
0
0
0
0
0
0
0
0
0
0
0
0
0
0
0
0
0
0
0
0
0
0
0
0
0
0
0
0
0
0
0
0
0
0
0
0
0
0
0
0
0
0
0
0
0
0
0
0
0
0
0
0
0
0
0
0
0
0
0
0
0
0
0
0
0
0
0
0
0
0
0
0
0
0
0
0
0
0
0
0
0
0
0
0
0
0
0
0
0
0
0
0
0
0
0
0
0
0
0
0
0
0
0
0
0
0
0
0
0
0
0
0
0
0
0
0
0
0
0
0
0
0
0
0
0
0
0
0
0
0
0
0
0
0
0
0
0
0
0
0
0
0
0
0
0
0
0
0
0
0
0
0
0
0
0
0
0
0
0
0
0
0
0
0
0
0
0
0
0
0
0
0
0
0
0
0
0
0
0
0
0
0
0
0
0
0
0
0
0
0
0
0
0
0
0
0
0
0
0
0
0
0
0
0
0
0
0
0
0
0
0
0
0
0
0
0
0
0
0
0
0
0
0
0
0
0
0
0
0
0
0
0
0
0
0
0
0
0
0
0
0
0
0
0
0
0
0
0
0
0
0
0
0
0
0
0
0
0
0
0
0
0
0
0
0
0
0
0
0
0
0
0
0
0
0
0
0
0
0
0
0
0
0
0
0
0
0
0
0
0
0
0
0
0
0
0
0
0
0
0
0
0
0
0
0
0
0
0
0
0
0
0
0
0
0
0
0
0
0
0
0
0
0
0
0
0
0
0
0
0
0
0
0
0
0
0
0
0
0
0
0
0
0
0
0
0
0
0
0
0
0
0
0
0
0
0
0
0
0
0
0
0
0
0
0
0
0
0
0
0
0
0
0
0
0
0
0
0
0
0
0
0
0
0
0
0
0
0
0
0
0
0
0
0
0
0
0
0
0
0
0
0
0
0
0
0
0
0
0
0
0
0
0
0
0
0
0
0
0
0
0
0
0
0
0
0
0
0
0
0
0
0
0
0
0
0
0
0
0
0
0
0
0
0
0
0
0
0
0
0
0
0
0
0
0
0
0
0
0
0
0
0
0
0
0
0
0
0
0
0
0
0
0
0
0
0
0
0
0
0
0
0
0
0
0
0
0
0
0
0
0
0
0
0
0
0
0
0
0
0
0
0
0
0
0
0
0
0
0
0
0
0
0
0
0
0
0
0
0
0
0
0
0
0
0
0
0
0
0
0
0
0
0
0
0
0
0
0
0
0
0
0
0
0
0
0
0
0
0
0
0
0
0
0
0
0
0
0
0
0
0
0
0
0
0
0
0
0
0
0
0
0
0
0
0
0
0
0
0
0
0
0
0
0
0
0
0
0
0
0
0
0
0
0
0
0
0
0
0
0
0
0
0
0
0
0
0
0
0
0
0
0
0
0
0
0
0
0
0
0
0
0
0
0
0
0
0
0
0
0
0
0
0
0
0
0
0
0
0
0
0
0
0
0
0
0
0
0
0
0
0
0
0
0
0
0
0
0
0
0
0
0
0
0
0
0
0
0
0
0
0
0
0
0
0
0
0
0
0
0
0
0
0
0
0
0
0
0
0
0
0
0
0
0
0
0
0
0
0
0
0
0
0
0
0
0
0
0
0
0
0
0
0
0
0
0
0
0
0
0
0
0
0
0
0
0
0
0
0
0
0
0
0
0
0
0
0
0
0
0
0
0
0
0
0
0
0
0
0
0
0
0
0
0
0
0
0
0
0
0
0
0
0
0
0
0
0
0
0
0
0
0
0
0
0
0
0
0
0
0
0
0
0
0
0
0
0
0
0
0
0
0
0
0
0
0
0
0
0
0
0
0
0
0
0
0
0
0
0
0
0
0
0
0
0
0
0
0
0
0
0
0
0
0
0
0
0
0
0
0
0
0
0
0
0
0
0
0
0
0
0
0
0
0
0
0
0
0
0
0
0
0
0
0
0
0
0
0
0
0
0
0
0
0
0
0
0
0
0
0
0
0
0
0
0
0
0
0
0
0
0
0
0
0
0
0
0
0
0
0
0
0
0
0
0
0
0
0
0
0
0
0
0
0
0
0
0
0
0
0
0
0
0
0
0
0
0
0
0
0
0
0
0
0
0
0
0
0
0
0
0
0
0
0
0
0
0
0
0
0
0
0
0
0
0
0
0
0
0
0
0
0
0
0
0
0
0
0
0
0
0
0
0
0
0
0
0
0
0
0
0
0
0
0
0
0
0
0
0
0
0
0
0
0
0
0
0
0
0
0
0
0
0
0
0
0
0
0
0
0
0
0
0
0
0
0
0
0
0
0
0
0
0
0
0
0
0
0
0
0
0
0
0
0
0
0
0
0
0
0
0
0
0
0
0
0
0
0
0
0
0
0
0
0
0
0
0
0
0
0
0
0
0
0
0
0
0
0
0
0
0
0
0
0
0
0
0
0
0
0
0
0
0
0
0
0
0
0
0
0
0
0
0
0
0
0
0
0
0
0
0
0
0
0
0
0
0
0
0
0
0
0
0
0
0
0
0
0
0
0
0
0
0
0
0
0
0
0
0
0
0
0
0
0
0
0
0
0
0
0
0
0
0
0
0
0
0
0
0
0
0
0
0
0
0
0
0
0
0
0
0
0
0
0
0
0
0
0
0
0
0
0
0
0
0
0
0
0
0
0
0
0
0
0
0
0
0
0
0
0
0
0
0
0
0
0
0
0
0
0
0
0
0
0
0
0
0
0
0
0
0
0
0
0
0
0
0
0
0
0
0
0
0
0
0
0
0
0
0
0
0
0
0
0
0
0
0
0
0
0
0
0
0
0
0
0
0
0
0
0
0
0
0
0
0
0
0
0
0
0
0
0
0
0
0
0
0
0
0
0
0
0
0
0
0
0
0
0
0
0
0
0
0
0
0
0
0
0
0
0
0
0
0
0
0
0
0
0
0
0
0
0
0
0
0
0
0
0
0
0
0
0
0
0
0
0
0
0
0
0
0
0
0
0
0
0
0
0
0
0
0
0
0
0
0
0
0
0
0
0
0
0
0
0
0
0
0
0
