-175
685
-1603
-1944
-1496
-1823
-1788
-201
1333
-2305
-1553
-1556
-2454
-1482
-94
248
-92
246
182
53
-1787
-1671
-18558
-162
904
-654
-2342
-2634
-2650
-18941
-20
896
-107
1302
-1434
-2438
-2142
-2035
-2671
-228
1912
-1562
-2711
-2373
-2806
-2095
-106
1168
-167
160
381
-1601
-2843
-2537
-20336
-155
-734
-277
-3334
-3598
-3378
-21268
16
-485
-68
1390
-1087
-1437
-2842
-2174
-2251
-253
1579
-2650
-2365
-3735
-4663
-1162
-285
1536
-96
-145
458
-1024
-2947
-2110
-27725
-173
-1003
-2449
-4719
-5362
-4563
-21292
12
-619
-146
708
-1106
-260
-1172
-1280
-1049
-186
175
-2972
-1556
-2182
-3198
1413
-68
783
89
-387
616
-637
-1885
-1008
-25588
-60
-710
-1868
-2569
-4374
-3256
-21142
113
-674
-275
-74
-1121
-721
-1154
-1377
-1485
-168
-327
-2474
-1659
-1885
-2221
1248
145
411
154
-197
377
-1767
-1554
-1418
-15748
-27
-144
-1826
-1858
-2514
-2601
-17569
141
-154
-124
25
-763
-734
-473
-1469
-1472
-92
450
-2055
-1344
-1056
-2215
389
105
711
64
76
124
-420
-3045
-1221
-18776
-76
314
-1511
-1693
-3465
-2646
-19624
-78
-82
-87
719
-1758
-684
-1345
-2353
-2261
-168
1323
-2629
-1439
-2354
-3341
-1684
-47
677
-173
218
-104
-1638
-2814
-2086
-23782
-124
427
-698
-2889
-4246
-3583
-22768
36
581
-8
726
-2554
-1651
-368
-3036
-2978
-114
1294
-3250
-1921
-2266
-4095
-1501
-189
717
-237
-499
-436
-2935
-3749
-2965
-21042
-184
-881
-1132
-4330
-5394
-4244
-21274
79
-1000
-114
211
-3027
-3596
-3765
-2828
-3155
113
214
-3651
-2311
-3135
-3430
-2300
56
-258
-219
2051
2178
-914
-3076
-3113
-16137
-182
2197
-286
-2626
-3352
-3725
-17602
-105
1142
71
703
-3081
-4226
-4272
-3582
-3794
78
583
-3201
-4363
-5137
-4868
-1480
-18
38
-310
627
2309
-2361
-3166
-3795
-20993
-172
500
-1580
-3940
-4079
-4493
-21357
-120
59
144
1332
-4754
-6499
-8187
-6190
-6063
126
1904
-3709
-5602
-6407
-5756
-2998
-113
908
-257
-186
1490
-3533
-1448
-5929
-14708
-225
-342
-837
-5124
-3475
-5510
-21010
-60
110
38
1034
-3541
-2280
-4178
-4010
-3215
150
2307
-5442
-2983
-5639
-5309
3
-73
1335
-208
-1564
-160
-208
-1559
-3285
-21976
-267
-1253
-2441
-3997
-4146
-5466
-17360
-73
-834
-383
364
-1392
1303
-761
-1905
-1464
-22
779
-4873
394
-4713
-4301
100
-2
-823
169
-1225
-1303
-502
-2309
-1377
-25387
-155
-2734
-4325
-2604
-3240
-4419
-17735
226
-3152
-254
653
-2465
2459
-1258
-2371
-2524
-16
1350
-4454
1997
-4194
-3675
433
-1
584
-33
1191
-1995
-2146
-4398
-2428
-21572
-161
2370
-5664
-3080
-4498
-4221
-20364
0
417
-15
1560
-5251
-1009
-3903
-4601
-4857
190
1797
-4336
-884
-5099
-3879
-1240
81
1310
-420
1394
1061
-5255
-4844
-4863
-15210
-144
429
-1381
-4015
-4809
-4108
-23540
-74
-122
100
1240
-6018
-2750
-4064
-5124
-5344
254
1553
-5563
-2833
-5328
-4990
-901
110
668
-556
-1896
1804
-5741
-3496
-5269
-15345
-205
-1926
163
-4638
-5051
-4658
-23103
-19
-882
45
38
-3005
-3473
-4262
-2608
-2901
98
-215
-3495
-2785
-3495
-3425
-3083
-10
-286
-147
1382
1405
-1067
-1888
-3060
-15040
-247
1569
362
-3139
-2946
-3940
-15591
-19
819
42
47
-3494
-3567
-4959
-3629
-3897
39
-243
-3424
-4347
-4002
-5447
-2613
-57
435
-167
1248
1623
-2171
-2649
-3877
-20614
-65
951
-1355
-4987
-4404
-4427
-20523
15
75
120
-172
-6186
-6438
-8233
-6570
-6474
178
-51
-4948
-5241
-3888
-6444
-4195
-7
433
-319
467
1128
-2935
-1979
-6380
-12875
-253
706
562
-6192
-4952
-5600
-20617
50
1026
154
447
-5404
-4249
-5413
-4530
-4454
277
-44
-5482
-3991
-3498
-5053
-1288
-79
-529
-364
-1931
-1512
-674
-171
-4516
-17508
-337
-1641
-2194
-4528
-3788
-5233
-18451
75
-392
-113
-187
-2853
-256
-2037
-3214
-3021
49
-153
-4549
-753
-3071
-4321
-1348
-27
-876
2
-1423
-2885
-2381
-1348
-2998
-23526
-262
-3591
-3974
-2208
-3858
-4273
-23274
211
-2381
-122
-662
-4350
2000
-1942
-4090
-3742
-47
-376
-5449
2217
-3279
-4534
-2238
-20
-743
-31
1811
-3765
-3624
-3727
-3896
-13925
-133
2724
-5511
-3831
-5110
-4449
-15890
135
1603
-77
-1444
-7233
1253
-5950
-4897
-5532
112
-1971
-7317
1493
-5239
-5540
-3766
-21
-517
-425
1490
303
-5355
-6185
-5561
-17568
-116
1012
-2686
-5601
-7821
-5747
-22477
34
564
-27
-1134
-7081
-144
-6853
-4923
-5425
250
-2055
-6602
-642
-4698
-5469
-2166
43
-448
-530
-2185
1156
-4651
-3220
-5082
-16613
-174
-2641
-1045
-4830
-6158
-4787
-23229
96
-1646
99
-71
-3281
-3245
-3042
-1920
-2577
-95
636
-4352
-4139
-3164
-3404
-3919
67
815
-22
1221
2634
-1177
-3231
-2508
-18441
-117
702
3094
-3235
-4385
-3713
-16833
15
343
180
-759
-3133
-1708
-3381
-1591
-2970
-36
-1526
-3760
-2431
-3040
-4370
-5816
-118
-1340
144
234
317
-1434
-3724
-2898
-22375
-16
-982
228
-4689
-4837
-3123
-18938
14
-13
235
-611
-6030
-2691
-6697
-3570
-5282
45
-1872
-7350
-1348
-4756
-6732
-7764
-64
-1561
35
841
-1385
-2705
-2853
-5124
-23088
-90
1560
-1427
-7516
-5897
-5765
-17782
115
1506
298
130
-3414
-2870
-3124
215
-2901
251
-539
-4125
-2662
-857
-3115
-2555
87
-86
-42
-720
-1882
-750
-1996
-2856
-23891
-100
-1424
-1884
-4148
-4284
-3427
-22820
72
-382
-23
1255
-2425
-2674
-684
-2217
-3029
-131
1440
-4424
-3703
-2404
-4613
-4488
-137
1086
159
-1171
-2415
-2473
-1700
-2964
-21471
18
-1205
-1946
-3948
-2433
-4294
-15752
337
-337
-118
628
-2733
-1398
1960
-1281
-2271
-127
702
-4874
-2353
-740
-4206
-4031
-154
-154
154
947
-2896
-1191
-4349
-2336
-23203
40
-163
-3363
-4116
-3471
-3020
-16817
318
104
139
-2
-4216
214
-2383
-885
-2856
82
44
-6547
-291
-2656
-4834
-4585
35
553
-125
814
-1817
-2367
-3341
-2999
-23564
-62
771
-2869
-5458
-6204
-4417
-14711
-36
797
185
100
-3447
421
-3919
14
-2290
158
-409
-5267
-510
-2698
-4059
-2668
89
-679
-143
-2242
-375
-2364
-832
-2102
-23068
-20
-2652
-1377
-4433
-5359
-3690
-15459
82
-2143
-193
660
-6450
-5596
-5510
-5387
-5677
-327
3519
-7720
-7591
-8007
-6501
-6105
133
2932
-131
830
7549
-5573
-8100
-5848
-14788
-23
874
6514
-7035
-7845
-7448
-11989
176
727
70
-68
-5007
-3008
-1945
-2343
-3536
-182
957
-5493
-3019
-4635
-3548
-4624
-72
-907
232
1595
4361
-3225
-7999
-3452
-24261
66
-1781
3738
-4437
-5881
-3399
-26230
181
-1639
46
1692
-8219
-6254
-6338
-4692
-6389
-52
3035
-7015
-4723
-6562
-4693
-5200
53
2498
98
1630
5302
-5853
-6841
-6564
-13046
269
1828
4463
-6260
-4962
-5412
-21879
386
1941
6
1703
-5003
-3781
-2689
-2994
-4153
-116
2266
-7018
-3348
-5110
-5183
-3888
-129
446
274
-1113
3811
-3972
-6821
-4386
-22918
279
-1289
1049
-5732
-5915
-5671
-20033
336
-260
-84
1985
-6004
-5821
-1930
-4762
-5491
-203
3006
-6582
-5373
-5409
-5451
-5433
-141
1536
226
1100
3515
-5181
-7468
-5523
-13915
289
1582
2390
-6470
-4257
-6158
-16604
422
1435
-112
2442
-4680
-4768
482
-3493
-4386
-231
2614
-6349
-5789
-5016
-5425
-3991
-159
1106
297
-400
3030
-4424
-8368
-4279
-17973
180
-1456
813
-6518
-4940
-5055
-15034
351
-846
-49
2235
-6858
-4458
-4221
-3462
-5296
-89
3436
-7743
-4873
-7337
-4689
-3497
-14
2404
100
-475
4498
-5203
-6358
-5424
-16984
177
756
2191
-6510
-5022
-6041
-16624
288
447
-6
609
-4404
-2406
-2958
-1535
-3295
-58
1659
-4504
-2898
-3557
-2288
-2104
-2
990
73
-2701
1993
-3407
-3096
-3144
-20678
135
-3171
1309
-2392
-3544
-2369
-24797
315
-3436
-363
-901
-11756
-11381
-12361
-11599
-12484
-353
-956
-11188
-11930
-11391
-10150
-11554
244
-756
-251
508
11092
-13768
-12868
-12596
13849
30
545
11168
-10546
-11490
-11309
3631
304
540
-471
-1175
-8529
-7347
-7783
-6476
-7251
-323
-1097
-10122
-7811
-7966
-6709
-8101
288
-553
109
1350
10910
-8094
-11936
-7083
-20923
36
-1604
8756
-7042
-10127
-7232
-25994
479
-2808
-560
-907
-13404
-13604
-13653
-11075
-12280
-218
-589
-12094
-12751
-11286
-7943
-9270
269
-458
6
2154
14323
-12910
-11943
-12239
13422
379
2837
12381
-9854
-7973
-10099
-4367
676
2705
-484
-750
-12444
-12345
-12196
-10264
-11942
-250
-503
-10567
-11370
-9396
-7118
-7392
237
-236
68
-1674
12900
-12473
-13632
-11845
4011
367
-4076
9977
-9007
-10036
-9621
-17851
640
-3614
-424
-887
-13113
-11592
-12074
-11816
-12162
-247
-802
-11620
-10950
-10326
-8581
-8332
249
-672
110
1294
12908
-11891
-13630
-12214
12451
239
2461
10859
-9753
-9530
-10330
-7201
459
2275
-457
-1078
-9997
-10034
-9164
-8986
-8945
-231
-707
-9618
-9591
-8647
-6984
-6694
224
-516
285
-942
11543
-8351
-11105
-8732
-7253
260
-2000
8813
-7126
-7952
-8060
-19708
447
-2723
-488
-719
-12734
-13498
-13260
-11513
-12990
-204
-387
-9388
-12338
-9834
-6541
-8121
282
-209
-14
-300
12734
-12389
-12948
-12975
15303
364
710
10885
-7962
-8652
-9445
-11398
626
728
-440
-837
-7537
-7559
-7994
-5986
-7017
-283
-628
-7658
-8531
-6381
-4929
-5223
186
15
-58
-3463
8745
-6900
-8138
-6853
-12650
274
-4822
7102
-3971
-7491
-5840
-22792
545
-4048
-249
-2538
-4564
-6350
-4340
-4205
-4983
-246
-4179
-3644
-5682
-3260
-3598
-4424
9
-3865
-161
221
3891
-5129
-3273
-4909
-18347
44
355
4275
-3884
-4023
-3158
-25063
244
-37
-252
-2183
-3166
-4609
-3297
-2117
-3071
-295
-2906
-3608
-5255
-2514
-2447
-4543
-110
-2192
217
829
2652
-3669
-2413
-3031
-19309
62
288
4560
-3143
-3001
-2829
-22719
208
84
-221
-3500
-4882
-5764
-4471
-3163
-4139
-244
-3570
-4830
-5250
-2744
-2514
-4034
-133
-2794
213
1261
3004
-4567
-1639
-4092
-16258
83
820
4528
-3981
-2267
-3142
-22750
344
188
-52
-2996
-4810
-5175
-5168
-3033
-4302
-304
-3336
-4742
-4710
-3636
-2652
-2540
-80
-3638
228
-167
2204
-4374
-1403
-4147
-21243
23
-1059
2695
-4434
-2654
-3879
-27404
251
-983
-41
-2757
-6035
-5604
-4986
-4071
-4440
-306
-3209
-5770
-5053
-4003
-3419
-2969
-17
-2973
299
42
3835
-3722
-2437
-4493
-16754
-35
269
3715
-4588
-3125
-4353
-21082
111
178
-16
-3119
-4772
-5730
-4413
-3855
-3739
-306
-3228
-5370
-5628
-3812
-3620
-3343
-93
-2676
345
-195
3713
-2671
-1731
-3583
-22767
46
-958
3721
-4528
-2918
-4184
-23908
146
-1215
-163
-3782
-4452
-5553
-4307
-3782
-4003
-263
-4376
-4247
-5651
-3349
-3349
-2567
-107
-3669
65
-27
4171
-3057
-2316
-3922
-22834
100
529
3319
-3794
-3774
-3458
-25650
195
17
-136
-1925
-3597
-4624
-4213
-3573
-3783
-184
-2286
-3194
-4477
-3581
-2720
-2386
-7
-2247
-155
-953
2812
-3683
-1440
-3578
-17111
-95
-833
2619
-2212
-2487
-2976
-23002
116
-643
-75
665
-1124
-3381
-904
-1703
-2353
-105
747
-122
-2537
-1578
-1470
-2440
-79
521
-319
-607
-2597
-2690
521
-2264
-17903
-126
-493
-1302
-2038
-644
-1759
-22647
211
-441
-24
212
-941
-2136
-121
-662
-1271
-219
572
-585
-1918
-1197
-875
-1803
-162
722
-82
92
-1522
-1635
-96
-1187
-14698
-132
-390
-298
-1286
-516
-1109
-17872
156
-230
127
-214
-681
-1897
-626
-845
-1398
-164
-25
-1051
-1881
-1794
-1836
-1878
-125
-83
-79
633
-1064
-1794
-776
-1245
-13823
-255
-8
-514
-2538
-1724
-1449
-13954
60
126
198
-354
-182
-1332
-1437
-481
-1478
-86
105
-88
-846
-2215
-1666
-1661
-86
-123
-109
392
-2178
-1933
-705
-1370
-15025
-273
-341
-2168
-2701
-1754
-1885
-15917
-8
-97
244
-488
-487
-1671
-1452
-348
-1456
-35
10
-129
-939
-2387
-1312
-2046
-56
-210
-186
-242
-1620
-1435
-729
-1284
-13303
-350
-270
-1383
-2403
-1480
-1689
-14571
-140
-242
230
-439
-1051
-1473
-1057
-434
-1032
-15
-78
-650
-991
-1886
-1060
-1791
-57
-294
-189
-187
-837
-909
-266
-880
-13725
-394
-560
-280
-1809
-1007
-1241
-15337
-88
-378
138
-460
-220
-1885
-861
-124
-837
-67
-82
404
-1334
-1991
-867
-1223
-96
-22
-275
-208
-1226
-484
50
-778
-15521
-372
-102
-1358
-1456
-761
-962
-16302
-117
-21
-6
-419
-172
-2362
-1289
-843
-1373
-149
-323
790
-2332
-2093
-1372
-1063
-34
98
-259
-119
-1750
-1314
364
-1358
-12917
-314
-84
-1791
-1555
-739
-1485
-14802
-98
57
0
0
0
0
0
0
0
0
0
0
0
-1501
-2332
-2523
-1277
-1378
0
0
0
0
0
0
0
0
0
0
0
859
212
-1273
-1445
-17275
0
0
0
0
0
0
0
0
0
0
0
-1618
-2471
-2689
-1644
-1843
0
0
0
0
0
0
0
0
0
0
0
1086
-859
-1557
-1687
-19777
0
0
0
0
0
0
0
0
0
0
0
-1907
-2363
-3471
-2111
-2308
0
0
0
0
0
0
0
0
0
0
0
905
-439
-2551
-2387
-21463
0
0
0
0
0
0
0
0
0
0
0
-978
-1449
-2416
-876
-1400
0
0
0
0
0
0
0
0
0
0
0
406
-248
-1223
-1374
-19063
0
0
0
0
0
0
0
0
0
0
0
-1116
-1286
-1405
-856
-1055
0
0
0
0
0
0
0
0
0
0
0
301
-947
-690
-966
-15400
0
0
0
0
0
0
0
0
0
0
0
-791
-1495
-793
-1542
-1196
0
0
0
0
0
0
0
0
0
0
0
3
468
-2179
-928
-16863
0
0
0
0
0
0
0
0
0
0
0
-345
-1604
-1521
-1854
-1631
0
0
0
0
0
0
0
0
0
0
0
45
-511
-2311
-1490
-22187
0
0
0
0
0
0
0
0
0
0
0
-1795
-2521
-1101
-1814
-2310
0
0
0
0
0
0
0
0
0
0
0
664
-1932
-3168
-2266
-19680
0
0
0
0
0
0
0
0
0
0
0
-2838
-3064
-4345
-2343
-2601
0
0
0
0
0
0
0
0
0
0
0
2962
-1483
-3019
-2805
-15533
0
0
0
0
0
0
0
0
0
0
0
-3534
-3936
-5081
-3061
-3795
0
0
0
0
0
0
0
0
0
0
0
3763
-3475
-4121
-3627
-16900
0
0
0
0
0
0
0
0
0
0
0
-4355
-4713
-7085
-5092
-4579
0
0
0
0
0
0
0
0
0
0
0
3827
-3626
-2570
-4602
-16926
0
0
0
0
0
0
0
0
0
0
0
-2251
-2454
-5089
-2882
-2829
0
0
0
0
0
0
0
0
0
0
0
399
258
-2015
-2826
-19539
0
0
0
0
0
0
0
0
0
0
0
-1065
-1012
-1960
-1994
-1933
0
0
0
0
0
0
0
0
0
0
0
-1770
570
-2207
-1773
-18334
0
0
0
0
0
0
0
0
0
0
0
-1784
575
-1117
-2639
-2046
0
0
0
0
0
0
0
0
0
0
0
-1127
-1185
-2832
-1914
-19748
0
0
0
0
0
0
0
0
0
0
0
-3125
-1634
-4317
-4798
-4352
0
0
0
0
0
0
0
0
0
0
0
2169
-5479
-3937
-4343
-12727
0
0
0
0
0
0
0
0
0
0
0
-3517
-2840
-3969
-3989
-4070
0
0
0
0
0
0
0
0
0
0
0
3157
-5408
-3604
-4007
-14855
0
0
0
0
0
0
0
0
0
0
0
-2593
-2849
-3626
-2185
-2147
0
0
0
0
0
0
0
0
0
0
0
2356
-536
-2995
-2388
-16347
0
0
0
0
0
0
0
0
0
0
0
-4688
-3099
-4534
-3968
-3794
0
0
0
0
0
0
0
0
0
0
0
3829
-3436
-4316
-3823
-15997
0
0
0
0
0
0
0
0
0
0
0
-5637
-4215
-6437
-4670
-4532
0
0
0
0
0
0
0
0
0
0
0
4419
-3527
-4041
-4479
-17900
0
0
0
0
0
0
0
0
0
0
0
-4375
-3074
-4910
-3168
-3303
0
0
0
0
0
0
0
0
0
0
0
488
-191
-2106
-3301
-19348
0
0
0
0
0
0
0
0
0
0
0
-2202
-507
-1091
-690
-1287
0
0
0
0
0
0
0
0
0
0
0
-1166
214
-1770
-1206
-27601
0
0
0
0
0
0
0
0
0
0
0
-3197
104
-587
-3229
-2607
0
0
0
0
0
0
0
0
0
0
0
-2188
-1669
-2619
-2709
-15966
0
0
0
0
0
0
0
0
0
0
0
-4029
371
-5088
-4257
-4040
0
0
0
0
0
0
0
0
0
0
0
2123
-4517
-5014
-4118
-20175
0
0
0
0
0
0
0
0
0
0
0
-3838
-862
-5441
-4413
-3998
0
0
0
0
0
0
0
0
0
0
0
2802
-4431
-3705
-3933
-16218
0
0
0
0
0
0
0
0
0
0
0
-3435
-3098
-2887
-1690
-2549
0
0
0
0
0
0
0
0
0
0
0
1983
-947
-3852
-2666
-15548
0
0
0
0
0
0
0
0
0
0
0
-4850
-2656
-3526
-859
-3501
0
0
0
0
0
0
0
0
0
0
0
1122
-3115
-5304
-3687
-15007
0
0
0
0
0
0
0
0
0
0
0
-5175
-2856
-5239
560
-3740
0
0
0
0
0
0
0
0
0
0
0
503
-4490
-4529
-3990
-24386
0
0
0
0
0
0
0
0
0
0
0
-5084
-4108
-4120
2075
-4365
0
0
0
0
0
0
0
0
0
0
0
-2877
-3537
-5129
-4394
-12848
0
0
0
0
0
0
0
0
0
0
0
-3472
-2361
442
672
-2013
0
0
0
0
0
0
0
0
0
0
0
-1498
-2039
-3199
-2090
-21461
0
0
0
0
0
0
0
0
0
0
0
-3765
-2774
1527
1624
-3010
0
0
0
0
0
0
0
0
0
0
0
-3309
-2869
-5640
-3003
-17197
0
0
0
0
0
0
0
0
0
0
0
-2938
-1070
-2138
1392
-2481
0
0
0
0
0
0
0
0
0
0
0
-1382
-3170
-3710
-2463
-21536
0
0
0
0
0
0
0
0
0
0
0
-2491
-1423
-3439
1596
-2334
0
0
0
0
0
0
0
0
0
0
0
-478
-3701
-2286
-2214
-17642
0
0
0
0
0
0
0
0
0
0
0
-4120
-3464
-4068
-3476
-3684
0
0
0
0
0
0
0
0
0
0
0
5995
-4637
-5875
-3584
-20267
0
0
0
0
0
0
0
0
0
0
0
-3387
-2752
-3252
-292
-3427
0
0
0
0
0
0
0
0
0
0
0
1716
-3503
-7398
-3469
-22102
0
0
0
0
0
0
0
0
0
0
0
-5245
-5404
-6506
-621
-5573
0
0
0
0
0
0
0
0
0
0
0
2377
-7296
-7148
-5861
-14465
0
0
0
0
0
0
0
0
0
0
0
-2026
-3598
-3703
70
-3653
0
0
0
0
0
0
0
0
0
0
0
1107
-5023
-6485
-3687
-21681
0
0
0
0
0
0
0
0
0
0
0
-4654
-4179
-2442
-724
-4201
0
0
0
0
0
0
0
0
0
0
0
1723
-4537
-7663
-4265
-17721
0
0
0
0
0
0
0
0
0
0
0
-3205
-3949
-1085
-72
-4179
0
0
0
0
0
0
0
0
0
0
0
420
-4911
-8367
-3898
-17289
0
0
0
0
0
0
0
0
0
0
0
-2402
-3673
-5906
170
-4091
0
0
0
0
0
0
0
0
0
0
0
1218
-4838
-5958
-3910
-19828
0
0
0
0
0
0
0
0
0
0
0
-2109
-2577
-3798
-252
-2987
0
0
0
0
0
0
0
0
0
0
0
66
-3368
-3516
-2906
-19289
0
0
0
0
0
0
0
0
0
0
0
-6722
-5220
-5868
-6632
-5160
0
0
0
0
0
0
0
0
0
0
0
9460
-8867
-6944
-5366
-15363
0
0
0
0
0
0
0
0
0
0
0
-5949
-4617
-5501
-3614
-4714
0
0
0
0
0
0
0
0
0
0
0
6275
-5161
-8641
-4727
-30318
0
0
0
0
0
0
0
0
0
0
0
-7270
-7445
-7961
-6919
-6326
0
0
0
0
0
0
0
0
0
0
0
9371
-9025
-7919
-6610
-12816
0
0
0
0
0
0
0
0
0
0
0
-6023
-7116
-8911
-6269
-7200
0
0
0
0
0
0
0
0
0
0
0
7633
-10195
-8979
-7147
-17544
0
0
0
0
0
0
0
0
0
0
0
-6578
-5998
-7693
-6648
-6231
0
0
0
0
0
0
0
0
0
0
0
8712
-7686
-9437
-6423
-15021
0
0
0
0
0
0
0
0
0
0
0
-5681
-6091
-6884
-6167
-6084
0
0
0
0
0
0
0
0
0
0
0
6146
-4757
-9340
-5848
-20821
0
0
0
0
0
0
0
0
0
0
0
-7376
-6759
-8484
-8234
-6697
0
0
0
0
0
0
0
0
0
0
0
9207
-7857
-8508
-6922
-12951
0
0
0
0
0
0
0
0
0
0
0
-4629
-4907
-5831
-5483
-4680
0
0
0
0
0
0
0
0
0
0
0
5339
-3812
-6407
-4679
-21082
0
0
0
0
0
0
0
0
0
0
0
-2679
-4135
-3925
-2023
-3007
0
0
0
0
0
0
0
0
0
0
0
3798
-4706
-3029
-2826
-24049
0
0
0
0
0
0
0
0
0
0
0
-2344
-3090
-2551
-483
-2166
0
0
0
0
0
0
0
0
0
0
0
1311
-2952
-2502
-2080
-21422
0
0
0
0
0
0
0
0
0
0
0
-2642
-4017
-3443
-1666
-2806
0
0
0
0
0
0
0
0
0
0
0
1683
-3949
-1913
-2623
-20805
0
0
0
0
0
0
0
0
0
0
0
-2036
-3776
-4745
-493
-2929
0
0
0
0
0
0
0
0
0
0
0
607
-3716
-2050
-2654
-26144
0
0
0
0
0
0
0
0
0
0
0
-1843
-3890
-4283
-2019
-2723
0
0
0
0
0
0
0
0
0
0
0
1257
-1842
-2993
-2703
-23700
0
0
0
0
0
0
0
0
0
0
0
-2341
-3690
-3809
-2862
-2388
0
0
0
0
0
0
0
0
0
0
0
1721
-633
-2566
-2385
-26413
0
0
0
0
0
0
0
0
0
0
0
-2473
-3721
-3972
-2876
-2691
0
0
0
0
0
0
0
0
0
0
0
3316
-2381
-2933
-2769
-25109
0
0
0
0
0
0
0
0
0
0
0
-2123
-2949
-3306
-2424
-2282
0
0
0
0
0
0
0
0
0
0
0
2368
-1829
-2005
-2255
-21236
0
0
0
0
0
0
0
0
0
0
0
-1250
-2299
-1203
-870
-1618
0
0
0
0
0
0
0
0
0
0
0
-544
-2069
-80
-1514
-19778
0
0
0
0
0
0
0
0
0
0
0
-708
-1434
-225
-439
-945
0
0
0
0
0
0
0
0
0
0
0
-491
-1580
130
-937
-14860
0
0
0
0
0
0
0
0
0
0
0
-886
-1288
-528
-45
-907
0
0
0
0
0
0
0
0
0
0
0
139
-1821
-614
-878
-14261
0
0
0
0
0
0
0
0
0
0
0
-1332
-1415
-1796
281
-1545
0
0
0
0
0
0
0
0
0
0
0
-782
-2471
-482
-1416
-12519
0
0
0
0
0
0
0
0
0
0
0
-812
-1047
-1398
-126
-877
0
0
0
0
0
0
0
0
0
0
0
-253
-1165
-433
-848
-14170
0
0
0
0
0
0
0
0
0
0
0
-539
-791
-803
-156
-447
0
0
0
0
0
0
0
0
0
0
0
81
-391
-502
-454
-14794
0
0
0
0
0
0
0
0
0
0
0
-325
-1031
-741
-205
-416
0
0
0
0
0
0
0
0
0
0
0
89
-331
-322
-548
-15686
0
0
0
0
0
0
0
0
0
0
0
-889
-1431
-1147
-794
-935
0
0
0
0
0
0
0
0
0
0
0
-159
-798
85
-939
-13125
0
0
0
0
0
0
0
0
0
0
0
0
0
0
0
0
0
0
0
0
0
0
0
0
0
0
0
0
0
0
0
0
0
0
0
0
0
0
0
0
0
0
0
0
0
0
0
0
0
0
0
0
0
0
0
0
0
0
0
0
0
0
0
0
0
0
0
0
0
0
0
0
0
0
0
0
0
0
0
0
0
0
0
0
0
0
0
0
0
0
0
0
0
0
0
0
0
0
0
0
0
0
0
0
0
0
0
0
0
0
0
0
0
0
0
0
0
0
0
0
0
0
0
0
0
0
0
0
0
0
0
0
0
0
0
0
0
0
0
0
0
0
0
0
0
0
0
0
0
0
0
0
0
0
0
0
0
0
0
0
0
0
0
0
0
0
0
0
0
0
0
0
0
0
0
0
0
0
0
0
0
0
0
0
0
0
0
0
0
0
0
0
0
0
0
0
0
0
0
0
0
0
0
0
0
0
0
0
0
0
0
0
0
0
0
0
0
0
0
0
0
0
0
0
0
0
0
0
0
0
0
0
0
0
0
0
0
0
0
0
0
0
0
0
0
0
0
0
0
0
0
0
0
0
0
0
0
0
0
0
0
0
0
0
0
0
0
0
0
0
0
0
0
0
0
0
0
0
0
0
0
0
0
0
0
0
0
0
0
0
0
0
0
0
0
0
0
0
0
0
0
0
0
0
0
0
0
0
0
0
0
0
0
0
0
0
0
0
0
0
0
0
0
0
0
0
0
0
0
0
0
0
0
0
0
0
0
0
0
0
0
0
0
0
0
0
0
0
0
0
0
0
0
0
0
0
0
0
0
0
0
0
0
0
0
0
0
0
0
0
0
0
0
0
0
0
0
0
0
0
0
0
0
0
0
0
0
0
0
0
0
0
0
0
0
0
0
0
0
0
0
0
0
0
0
0
0
0
0
0
0
0
0
0
0
0
0
0
0
0
0
0
0
0
0
0
0
0
0
0
0
0
0
0
0
0
0
0
0
0
0
0
0
0
0
0
0
0
0
0
0
0
0
0
0
0
0
0
0
0
0
0
0
0
0
0
0
0
0
0
0
0
0
0
0
0
0
0
0
0
0
0
0
0
0
0
0
0
0
0
0
0
0
0
0
0
0
0
0
0
0
0
0
0
0
0
0
0
0
0
0
0
0
0
0
0
0
0
0
0
0
0
0
0
0
0
0
0
0
0
0
0
0
0
0
0
0
0
0
0
0
0
0
0
0
0
0
0
0
0
0
0
0
0
0
0
0
0
0
0
0
0
0
0
0
0
0
0
0
0
0
0
0
0
0
0
0
0
0
0
0
0
0
0
0
0
0
0
0
0
0
0
0
0
0
0
0
0
0
0
0
0
0
0
0
0
0
0
0
0
0
0
0
0
0
0
0
0
0
0
0
0
0
0
0
0
0
0
0
0
0
0
0
0
0
0
0
0
0
0
0
0
0
0
0
0
0
0
0
0
0
0
0
0
0
0
0
0
0
0
0
0
0
0
0
0
0
0
0
0
0
0
0
0
0
0
0
0
0
0
0
0
0
0
0
0
0
0
0
0
0
0
0
0
0
0
0
0
0
0
0
0
0
0
0
0
0
0
0
0
0
0
0
0
0
0
0
0
0
0
0
0
0
0
0
0
0
0
0
0
0
0
0
0
0
0
0
0
0
0
0
0
0
0
0
0
0
0
0
0
0
0
0
0
0
0
0
0
0
0
0
0
0
0
0
0
0
0
0
0
0
0
0
0
0
0
0
0
0
0
0
0
0
0
0
0
0
0
0
0
0
0
0
0
0
0
0
0
0
0
0
0
0
0
0
0
0
0
0
0
0
0
0
0
0
0
0
0
0
0
0
0
0
0
0
0
0
0
0
0
0
0
0
0
0
0
0
0
0
0
0
0
0
0
0
0
0
0
0
0
0
0
0
0
0
0
0
0
0
0
0
0
0
0
0
0
0
0
0
0
0
0
0
0
0
0
0
0
0
0
0
0
0
0
0
0
0
0
0
0
0
0
0
0
0
0
0
0
0
0
0
0
0
0
0
0
0
0
0
0
0
0
0
0
0
0
0
0
0
0
0
0
0
0
0
0
0
0
0
0
0
0
0
0
0
0
0
0
0
0
0
0
0
0
0
0
0
0
0
0
0
0
0
0
0
0
0
0
0
0
0
0
0
0
0
0
0
0
0
0
0
0
0
0
0
0
0
0
0
0
0
0
0
0
0
0
0
0
0
0
0
0
0
0
0
0
0
0
0
0
0
0
0
0
0
0
0
0
0
0
0
0
0
0
0
0
0
0
0
0
0
0
0
0
0
0
0
0
0
0
0
0
0
0
0
0
0
0
0
0
0
0
0
0
0
0
0
0
0
0
0
0
0
0
0
0
0
0
0
0
0
0
0
0
0
0
0
0
0
0
0
0
0
0
0
0
0
0
0
0
0
0
0
0
0
0
0
0
0
0
0
0
0
0
0
0
0
0
0
0
0
0
0
0
0
0
0
0
0
0
0
0
0
0
0
0
0
0
0
0
0
0
0
0
0
0
0
0
0
0
0
0
0
0
0
0
0
0
0
0
0
0
0
0
0
0
0
0
0
0
0
0
0
0
0
0
0
0
0
0
0
0
0
0
0
0
0
0
0
0
0
0
0
0
0
0
0
0
0
0
0
0
0
0
0
0
0
0
0
0
0
0
0
0
0
0
0
0
0
0
0
0
0
0
0
0
0
0
0
0
0
0
0
0
0
0
0
0
0
0
0
0
0
0
0
0
0
0
0
0
0
0
0
0
0
0
0
0
0
0
0
0
0
0
0
0
0
0
0
0
0
0
0
0
0
0
0
0
0
0
0
0
0
0
0
0
0
0
0
0
0
0
0
0
0
0
0
0
0
0
0
0
0
0
0
0
0
0
0
0
0
0
0
0
0
0
0
0
0
0
0
0
0
0
0
0
0
0
0
0
0
0
0
0
0
0
0
0
0
0
0
0
0
0
0
0
0
0
0
0
0
0
0
0
0
0
0
0
0
0
0
0
0
0
0
0
0
0
0
0
0
0
0
0
0
0
0
0
0
0
0
0
0
0
0
0
0
0
0
0
0
0
0
0
0
0
0
0
0
0
0
0
0
0
0
0
0
0
0
0
0
0
0
0
0
0
0
0
0
0
0
0
0
0
0
0
0
0
0
0
0
0
0
0
0
0
0
0
0
0
0
0
0
0
0
0
0
0
0
0
0
0
0
0
0
0
0
0
0
0
0
0
0
0
0
0
0
0
0
0
0
0
0
0
0
0
0
0
0
0
0
0
0
0
0
0
0
0
0
0
0
0
0
0
0
0
0
0
0
0
0
0
0
0
0
0
0
0
0
0
0
0
0
0
0
0
0
0
0
0
0
0
0
0
0
0
0
0
0
0
0
0
0
0
0
0
0
0
0
0
0
0
0
0
0
0
0
0
0
0
0
0
0
0
0
0
0
0
0
0
0
0
0
0
0
0
0
0
0
0
0
0
0
0
0
0
0
0
0
0
0
0
0
0
0
0
0
0
0
0
0
0
0
0
0
0
0
0
0
0
0
0
0
0
0
0
0
0
0
0
0
0
0
0
0
0
0
0
0
0
0
0
0
0
0
0
0
0
0
0
0
0
0
0
0
0
0
0
0
0
0
0
0
0
0
0
0
0
0
0
0
0
0
0
0
0
0
0
0
0
0
0
0
0
0
0
0
0
0
0
0
0
0
0
0
0
0
0
0
0
0
0
0
0
0
0
0
0
0
0
0
0
0
0
0
0
0
0
0
0
0
0
0
0
0
0
0
0
0
0
0
0
0
0
0
0
0
0
0
0
0
0
0
0
0
0
0
0
0
0
0
0
0
0
0
0
0
0
0
0
0
0
0
0
0
0
0
0
0
0
0
0
0
0
0
0
0
0
0
0
0
0
0
0
0
0
0
0
0
0
0
0
0
0
0
0
0
0
0
0
0
0
0
0
0
0
0
0
0
0
0
0
0
0
0
0
0
0
0
0
0
0
0
0
0
0
0
0
0
0
0
0
0
0
0
0
0
0
0
0
0
0
0
0
0
0
0
0
0
0
0
0
0
0
0
0
0
0
0
0
0
0
0
0
0
0
0
0
0
0
0
0
0
0
0
0
0
0
0
0
0
0
0
0
0
0
0
0
0
0
0
0
0
0
0
0
0
0
0
0
0
0
0
0
0
0
0
0
0
0
0
0
0
0
0
0
0
0
0
0
0
0
0
0
0
0
0
0
0
0
0
0
0
0
0
0
0
0
0
0
0
0
0
0
0
0
0
0
0
0
0
0
0
0
0
0
0
0
0
0
0
0
0
0
0
0
0
0
0
0
0
0
0
0
0
0
0
0
0
0
0
0
0
0
0
0
0
0
0
0
0
0
0
0
0
0
0
0
0
0
0
0
0
0
0
0
0
0
0
0
0
0
0
0
0
0
0
0
0
0
0
0
0
0
0
0
0
0
0
0
0
0
0
0
0
0
0
0
0
0
0
0
0
0
0
0
0
0
0
0
0
0
0
0
0
0
0
0
0
0
0
0
0
0
0
0
0
0
0
0
0
0
0
0
0
0
0
0
0
0
0
0
0
0
0
0
0
0
0
0
0
0
0
0
0
0
0
0
0
0
0
0
0
0
0
0
0
0
0
0
0
0
0
0
0
0
0
0
0
0
0
0
0
0
0
0
0
0
0
0
0
0
0
0
0
0
0
0
0
0
0
0
0
0
0
0
0
0
0
0
0
0
0
0
0
0
0
0
0
0
0
0
0
0
0
0
0
0
0
0
0
0
0
0
0
0
0
0
0
0
0
0
0
0
0
0
0
0
0
0
0
0
0
0
0
0
0
0
0
0
0
0
0
0
0
0
0
0
0
0
0
0
0
0
0
0
0
0
0
0
0
0
0
0
0
0
0
0
0
0
0
0
0
0
0
0
0
0
0
0
0
0
0
0
0
0
0
0
0
0
0
0
0
0
0
0
0
0
0
0
0
0
0
0
0
0
0
0
0
0
0
0
0
0
0
0
0
0
0
0
0
0
0
0
0
0
0
0
0
0
0
0
0
0
0
0
0
0
0
0
0
0
0
0
0
0
0
0
0
0
0
0
0
0
0
0
0
0
0
0
0
0
0
0
0
0
0
0
0
0
0
0
0
0
0
0
0
0
0
0
0
0
0
0
0
0
0
0
0
0
0
0
0
0
0
0
0
0
0
0
0
0
0
0
0
0
0
0
0
0
0
0
0
0
0
0
0
0
0
0
0
0
0
0
0
0
0
0
0
0
0
0
0
0
0
0
0
0
0
0
0
0
0
0
0
0
0
0
0
0
0
0
0
0
0
0
0
0
0
0
0
0
0
0
0
0
0
0
0
0
0
0
0
0
0
0
0
0
0
0
0
0
0
0
0
0
0
0
0
0
0
0
0
0
0
0
0
0
0
0
0
0
0
0
0
0
0
0
0
0
0
0
0
0
0
0
0
0
0
0
0
0
0
0
0
0
0
0
0
0
0
0
0
0
0
0
0
0
0
0
0
0
0
0
0
0
0
0
0
0
0
0
0
0
0
0
0
0
0
0
0
0
0
0
0
0
0
0
0
0
0
0
0
0
0
0
0
0
0
0
0
0
0
0
0
0
0
0
0
0
0
0
0
0
0
0
0
0
0
0
0
0
0
0
0
0
0
0
0
0
0
0
0
0
0
0
0
0
0
0
0
0
0
0
0
0
0
0
0
0
0
0
0
0
0
0
0
0
0
0
0
0
0
0
0
0
0
0
0
0
0
0
0
0
0
0
0
0
0
0
0
0
0
0
0
0
0
0
0
0
0
0
0
0
0
0
0
0
0
0
0
0
0
0
0
0
0
0
0
0
0
0
0
0
0
0
0
0
0
0
0
0
0
0
0
0
0
0
0
0
0
0
0
0
0
0
0
0
0
0
0
0
0
0
0
0
0
0
0
0
0
0
0
0
0
0
0
0
0
0
0
0
0
0
0
0
0
0
0
0
0
0
0
0
0
0
0
0
0
0
0
0
0
0
0
0
0
0
0
0
0
0
0
0
0
0
0
0
0
0
0
0
0
0
0
0
0
0
0
0
0
0
0
0
0
0
0
0
0
0
0
0
0
0
0
0
0
0
0
0
0
0
0
0
0
0
0
0
0
0
0
0
0
0
0
0
0
0
0
0
0
0
0
0
0
0
0
0
0
0
0
0
0
0
0
0
0
0
0
0
0
0
0
0
0
0
0
0
0
0
0
0
0
0
0
0
0
0
0
0
0
0
0
0
0
0
0
0
0
0
0
0
0
0
0
0
0
0
0
0
0
0
0
0
0
0
0
0
0
0
0
0
0
0
0
0
0
0
0
0
0
0
0
0
0
0
0
0
0
0
0
0
0
0
0
0
0
0
0
0
0
0
0
0
0
0
0
0
0
0
0
0
0
0
0
0
0
0
0
0
0
0
0
0
0
0
0
0
0
0
0
0
0
0
0
0
0
0
0
0
0
0
0
0
0
0
0
0
0
0
0
0
0
0
0
0
0
0
0
0
0
0
0
0
0
0
0
0
0
0
0
0
0
0
0
0
0
0
0
0
0
0
0
0
0
0
0
0
0
0
0
0
0
0
0
0
0
0
0
0
0
0
0
0
0
0
0
0
0
0
0
0
0
0
0
0
0
0
0
0
0
0
0
0
0
0
0
0
0
0
0
0
0
0
0
0
0
0
0
0
0
0
0
0
0
0
0
0
0
0
0
0
0
0
0
0
0
0
0
0
0
0
0
0
0
0
0
0
0
0
0
0
0
0
0
0
0
0
0
0
0
0
0
0
0
0
0
0
0
0
0
0
0
0
0
0
0
0
0
0
0
0
0
0
0
0
0
0
0
0
0
0
0
0
0
0
0
0
0
0
0
0
0
0
0
0
0
0
0
0
0
0
0
0
0
0
0
0
0
0
0
0
0
0
0
0
0
0
0
0
0
0
0
0
0
0
0
0
0
0
0
0
0
0
0
0
0
0
0
0
0
0
0
0
0
0
0
0
0
0
0
0
0
0
0
0
0
0
0
0
0
0
0
0
0
0
0
0
0
0
0
0
0
0
0
0
0
0
0
0
0
0
0
0
0
0
0
0
0
0
0
0
0
0
0
0
0
0
0
0
0
0
0
0
0
0
0
0
0
0
0
0
0
0
0
0
0
0
0
0
0
0
0
0
0
0
0
0
0
0
0
0
0
0
0
0
0
0
0
0
0
0
0
0
0
0
0
0
0
0
0
0
0
0
0
0
0
0
0
0
0
0
0
0
0
0
0
0
0
0
0
0
0
0
0
0
0
0
0
0
0
0
0
0
0
0
0
0
0
0
0
0
0
0
0
0
0
0
0
0
0
0
0
0
0
0
0
0
0
0
0
0
0
0
0
0
0
0
0
0
0
0
0
0
0
0
0
0
0
0
0
0
0
0
0
0
0
0
0
0
0
0
0
0
0
0
0
0
0
0
0
0
0
0
0
0
0
0
0
0
0
0
0
0
0
0
0
0
0
0
0
0
0
0
0
0
0
0
0
0
0
0
0
0
0
0
0
0
0
0
0
0
0
0
0
0
0
0
0
0
0
0
0
0
0
0
0
0
0
0
0
0
0
0
0
0
0
0
0
0
0
0
0
0
0
0
0
0
0
0
0
0
0
0
0
0
0
0
0
0
0
0
0
0
0
0
0
0
0
0
0
0
0
0
0
0
0
0
0
0
0
0
0
0
0
0
0
0
0
0
0
0
0
0
0
0
0
0
0
0
0
0
0
0
0
0
0
0
0
0
0
0
0
0
0
0
0
0
0
0
0
0
0
0
0
0
0
0
0
0
0
0
0
0
0
0
0
0
0
0
0
0
0
0
0
0
0
0
0
0
0
0
0
0
0
0
0
0
0
0
0
0
0
0
0
0
0
0
0
0
0
0
0
0
0
0
0
0
0
0
0
0
0
0
0
0
0
0
0
0
0
0
0
0
0
0
0
0
0
0
0
0
0
0
0
0
0
0
0
0
0
0
0
0
0
0
0
0
0
0
0
0
0
0
0
0
0
0
0
0
0
0
0
0
0
0
0
0
0
0
0
0
0
0
0
0
0
0
0
0
0
0
0
0
0
0
0
0
0
0
0
0
0
0
0
0
0
0
0
0
0
0
0
0
0
0
0
0
0
0
0
0
0
0
0
0
0
0
0
0
0
0
0
0
0
0
0
0
0
0
0
0
0
0
0
0
0
0
0
0
0
0
0
0
0
0
0
0
0
0
0
0
0
0
0
0
0
0
0
0
0
0
0
0
0
0
0
0
0
0
0
0
0
0
0
0
0
0
0
0
0
0
0
0
0
0
0
0
0
0
0
0
0
0
0
0
0
0
0
0
0
0
0
0
0
0
0
0
0
0
0
0
0
0
0
0
0
0
0
0
0
0
0
0
0
0
0
0
0
0
0
0
0
0
0
0
0
0
0
0
0
0
0
0
0
0
0
0
0
0
0
0
0
0
0
0
0
0
0
0
0
0
0
0
0
0
0
0
0
0
0
0
0
0
0
0
0
0
0
0
0
0
0
0
0
0
0
0
0
0
0
0
0
0
0
0
0
0
0
0
0
0
0
0
0
0
0
0
0
0
0
0
0
0
0
0
0
0
0
0
0
0
0
0
0
0
0
0
0
0
0
0
0
0
0
0
0
0
0
0
0
0
0
0
0
0
0
0
0
0
0
0
0
0
0
0
0
0
0
0
0
0
0
0
0
0
0
0
0
0
0
0
0
0
0
0
0
0
0
0
0
0
0
0
0
0
0
0
0
0
0
0
0
0
0
0
0
0
0
0
0
0
0
0
0
0
0
0
0
0
0
0
0
0
0
0
0
0
0
0
0
0
0
0
0
0
0
0
0
0
0
0
0
0
0
0
0
0
0
0
0
0
0
0
0
0
0
0
0
0
0
0
0
0
0
0
0
0
0
0
0
0
0
0
0
0
0
0
0
0
0
0
0
0
0
0
0
0
0
0
0
0
0
0
0
0
0
0
0
0
0
0
0
0
0
0
0
0
0
0
0
0
0
0
0
0
0
0
0
0
0
0
0
0
0
0
0
0
0
0
0
0
0
0
0
0
0
0
0
0
0
0
0
0
0
0
0
0
0
0
0
0
0
0
0
0
0
0
0
0
0
0
0
0
0
0
0
0
0
0
0
0
0
0
0
0
0
0
0
0
0
0
0
0
0
0
0
0
0
0
0
0
0
0
0
0
0
0
0
0
0
0
0
0
0
0
0
0
0
0
0
0
0
0
0
0
0
0
0
0
0
0
0
0
0
0
0
0
0
0
0
0
0
0
0
0
0
0
0
0
0
0
0
0
0
0
0
0
0
0
0
0
0
0
0
0
0
0
0
0
0
0
0
0
0
0
0
0
0
0
0
0
0
0
0
0
0
0
0
0
0
0
0
0
0
0
0
0
0
0
0
0
0
0
0
0
0
0
0
0
0
0
0
0
0
0
0
0
0
0
0
0
0
0
0
0
0
0
0
0
0
0
0
0
0
0
0
0
0
0
0
0
0
0
0
0
0
0
0
0
0
0
0
0
0
0
0
0
0
0
0
0
0
0
0
0
0
0
0
0
0
0
0
0
0
0
0
0
0
0
0
0
0
0
0
0
0
0
0
0
0
0
0
0
0
0
0
0
0
0
0
0
0
0
0
0
0
0
0
0
0
0
0
0
0
0
0
0
0
0
0
0
0
0
0
0
0
0
0
0
0
0
0
0
0
0
0
0
0
0
0
0
0
0
0
0
0
0
0
0
0
0
0
0
0
0
0
0
0
0
0
0
0
0
0
0
0
0
0
0
0
0
0
0
0
0
0
0
0
0
0
0
0
0
0
0
0
0
0
0
0
0
0
0
0
0
0
0
0
0
0
0
0
0
0
0
0
0
0
0
0
0
0
0
0
0
0
0
0
0
0
0
0
0
0
0
0
0
0
0
0
0
0
0
0
0
0
0
0
0
0
0
0
0
0
0
0
0
0
0
0
0
0
0
0
0
0
0
0
0
0
0
0
0
0
0
0
0
0
0
0
0
0
0
0
0
0
0
0
0
0
0
0
0
0
0
0
0
0
0
0
0
0
0
0
0
0
0
0
0
0
0
0
0
0
0
0
0
0
0
0
0
0
0
0
0
0
0
0
0
0
0
0
0
0
0
0
0
0
0
0
0
0
0
0
0
0
0
0
0
0
0
0
0
0
0
0
0
0
0
0
0
0
0
0
0
0
0
0
0
0
0
0
0
0
0
0
0
0
0
0
0
0
0
0
0
0
0
0
0
0
0
0
0
0
0
0
0
0
0
0
0
0
0
0
0
0
0
0
0
0
0
0
0
0
0
0
0
0
0
0
0
0
0
0
0
0
0
0
0
0
0
0
0
0
0
0
0
0
0
0
0
0
0
0
0
0
0
0
0
0
0
0
0
0
0
0
0
0
0
0
0
0
0
0
0
0
0
0
0
0
0
0
0
0
0
0
0
0
0
0
0
0
0
0
0
0
0
0
0
0
0
0
0
0
0
0
0
0
0
0
0
0
0
0
0
0
0
0
0
0
0
0
0
0
0
0
0
0
0
0
0
0
0
0
0
0
0
0
0
0
0
0
0
0
0
0
0
0
0
0
0
0
0
0
0
0
0
0
0
0
0
0
0
0
0
0
0
0
0
0
0
0
0
0
0
0
0
0
0
0
0
0
0
0
0
0
0
0
0
0
0
0
0
0
0
0
0
0
0
0
0
0
0
0
0
0
0
0
0
0
0
0
0
0
0
0
0
0
0
0
0
0
0
0
0
0
0
0
0
0
0
0
0
0
0
0
0
0
0
0
0
0
0
0
0
0
0
0
0
0
0
0
0
0
0
0
0
0
0
0
0
0
0
0
0
0
0
0
0
0
0
0
0
0
0
0
0
0
0
0
0
0
0
0
0
0
0
0
0
0
0
0
0
0
0
0
0
0
0
0
0
0
0
0
0
0
0
0
0
0
0
0
0
0
0
0
0
0
0
0
0
0
0
0
0
0
0
0
0
0
0
0
0
0
0
0
0
0
0
0
0
0
0
0
0
0
0
0
0
0
0
0
0
0
0
0
0
0
0
0
0
0
0
0
0
0
0
0
0
0
0
0
0
0
0
0
0
0
0
0
0
0
0
0
0
0
0
0
0
0
0
0
0
0
0
0
0
0
0
0
0
0
0
0
0
0
0
0
0
0
0
0
0
0
0
0
0
0
0
0
0
0
0
0
0
0
0
0
0
0
0
0
0
0
0
0
0
0
0
0
0
0
0
0
0
0
0
0
0
0
0
0
0
0
0
0
0
0
0
0
0
0
0
0
0
0
0
0
0
0
0
0
0
0
0
0
0
0
0
0
0
0
0
0
0
0
0
0
0
0
0
0
0
0
0
0
0
0
0
0
0
0
0
0
0
0
0
0
0
0
0
0
0
0
0
0
0
0
0
0
0
0
0
0
0
0
0
0
0
0
0
0
0
0
0
0
0
0
0
0
0
0
0
0
0
0
0
0
0
0
0
0
0
0
0
0
0
0
0
0
0
0
0
0
0
0
0
0
0
0
0
0
0
0
0
0
0
0
0
0
0
0
0
0
0
0
0
0
0
0
0
0
0
0
0
0
0
0
0
0
0
0
0
0
0
0
0
0
0
0
0
0
0
0
0
0
0
0
0
0
0
0
0
0
0
0
0
0
0
0
0
0
0
0
0
0
0
0
0
0
0
0
0
0
0
0
0
0
0
0
0
0
0
0
0
0
0
0
0
0
0
0
0
0
0
0
0
0
0
0
0
0
0
0
0
0
0
0
0
0
0
0
0
0
0
0
0
0
0
0
0
0
0
0
0
0
0
0
0
0
0
0
0
0
0
0
0
0
0
0
0
0
0
0
0
0
0
0
0
0
0
0
0
0
0
0
0
0
0
0
0
0
0
0
0
0
0
0
0
0
0
0
0
0
0
0
0
0
0
0
0
0
0
0
0
0
0
0
0
0
0
0
0
0
0
0
0
0
0
0
0
0
0
0
0
0
0
0
0
0
0
0
0
0
0
0
0
0
0
0
0
0
0
0
0
0
0
0
0
0
0
0
0
0
0
0
0
0
0
0
0
0
0
0
0
0
0
0
0
0
0
0
0
0
0
0
0
0
0
0
0
0
0
0
0
0
0
0
0
0
0
0
0
0
0
0
0
0
0
0
0
0
0
0
0
0
0
0
0
0
0
0
0
0
0
0
0
0
0
0
0
0
0
0
0
0
0
0
0
0
0
0
0
0
0
0
0
0
0
0
0
0
0
0
0
0
0
0
0
0
0
0
0
0
0
0
0
0
0
0
0
0
0
0
0
0
0
0
0
0
0
0
0
0
0
0
0
0
0
0
0
0
0
0
0
0
0
0
0
0
0
0
0
0
0
0
0
0
0
0
0
0
0
0
0
0
0
0
0
0
0
0
0
0
0
0
0
0
0
0
0
0
0
0
0
0
0
0
0
0
0
0
0
0
0
0
0
0
0
0
0
0
0
0
0
0
0
0
0
0
0
0
0
0
0
0
0
0
0
0
0
0
0
0
0
0
0
0
0
0
0
0
0
0
0
0
0
0
0
0
0
0
0
0
0
0
0
0
0
0
0
0
0
0
0
0
0
0
0
0
0
0
0
0
0
0
0
0
0
0
0
0
0
0
0
0
0
0
0
0
0
0
0
0
0
0
0
0
0
0
0
0
0
0
0
0
0
0
0
0
0
0
0
0
0
0
0
0
0
0
0
0
0
0
0
0
0
0
0
0
0
0
0
0
0
0
0
0
0
0
0
0
0
0
0
0
0
0
0
0
0
0
0
0
0
0
0
0
0
0
0
0
0
0
0
0
0
0
0
0
0
0
0
0
0
0
0
0
0
0
0
0
0
0
0
0
0
0
0
0
0
0
0
0
0
0
0
0
0
0
0
0
0
0
0
0
0
0
0
0
0
0
0
0
0
0
0
0
0
0
0
0
0
0
0
0
0
0
0
0
0
0
0
0
0
0
0
0
0
0
0
0
0
0
0
0
0
0
0
0
0
0
0
0
0
0
0
0
0
0
0
0
0
0
0
0
0
0
0
0
0
0
0
0
0
0
0
0
0
0
0
0
0
0
0
0
0
0
0
0
0
0
0
0
0
0
0
0
0
0
0
0
0
0
0
0
0
0
0
0
0
0
0
0
0
0
0
0
0
0
0
0
0
0
0
0
0
0
0
0
0
0
0
0
0
0
0
0
0
0
0
0
0
0
0
0
0
0
0
0
0
0
0
0
0
0
0
0
0
0
0
0
0
0
0
0
0
0
0
0
0
0
0
0
0
0
0
0
0
0
0
0
0
0
0
0
0
0
0
0
0
0
0
0
0
0
0
0
0
0
0
0
0
0
0
0
0
0
0
0
0
0
0
0
0
0
0
0
0
0
0
0
0
0
0
0
0
0
0
0
0
0
0
0
0
0
0
0
0
0
0
0
0
0
0
0
0
0
0
0
0
0
0
0
0
0
0
0
0
0
0
0
0
0
0
0
0
0
0
0
0
0
0
0
0
0
0
0
0
0
0
0
0
0
0
0
0
0
0
0
0
0
0
0
0
0
0
0
0
0
0
0
0
0
0
0
0
0
0
0
0
0
0
0
0
0
0
0
0
0
0
0
0
0
0
0
0
0
0
0
0
0
0
0
0
0
0
0
0
0
0
0
0
0
0
0
0
0
0
0
0
0
0
0
0
0
0
0
0
0
0
0
0
0
0
0
0
0
0
0
0
0
0
0
0
0
0
0
0
0
0
0
0
0
0
0
0
0
0
0
0
0
0
0
0
0
0
0
0
0
0
0
0
0
0
0
0
0
0
0
0
0
0
0
0
0
0
0
0
0
0
0
0
0
0
0
0
0
0
0
0
0
0
0
0
0
0
0
0
0
0
0
0
0
0
0
0
0
0
0
0
0
0
0
0
0
0
0
0
0
0
0
0
0
0
0
0
0
0
0
0
0
0
0
0
0
0
0
0
0
0
0
0
0
0
0
0
0
0
0
0
0
0
0
0
0
0
0
0
0
0
0
0
0
0
0
0
0
0
0
0
0
0
0
0
0
0
0
0
0
0
0
0
0
0
0
0
0
0
0
0
0
0
0
0
0
0
0
0
0
0
0
0
0
0
0
0
0
0
0
0
0
0
0
0
0
0
0
0
0
0
0
0
0
0
0
0
0
0
0
0
0
0
0
0
0
0
0
0
0
0
0
0
0
0
0
0
0
0
0
0
0
0
0
0
0
0
0
0
0
0
0
0
0
0
0
0
0
0
0
0
0
0
0
0
0
0
0
0
0
0
0
0
0
0
0
0
0
0
0
0
0
0
0
0
0
0
0
0
0
0
0
0
0
0
0
0
0
0
0
0
0
0
0
0
0
0
0
0
0
0
0
0
0
0
0
0
0
0
0
0
0
0
0
0
0
0
0
0
0
0
0
0
0
0
0
0
0
0
0
0
0
0
0
0
0
0
0
0
0
0
0
0
0
0
0
0
0
0
0
0
0
0
0
0
0
0
0
0
0
0
0
0
0
0
0
0
0
0
0
0
0
0
0
0
0
0
0
0
0
0
0
0
0
0
0
0
0
0
0
0
0
0
0
0
0
0
0
0
0
0
0
0
0
0
0
0
0
0
0
0
0
0
0
0
0
0
0
0
0
0
0
0
0
0
0
0
0
0
0
0
0
0
0
0
0
0
0
0
0
0
0
0
0
0
0
0
0
0
0
0
0
0
0
0
0
0
0
0
0
0
0
0
0
0
0
0
0
0
0
0
0
0
0
0
0
0
0
0
0
0
0
0
0
0
0
0
0
0
0
0
0
0
0
0
0
0
0
0
0
0
0
0
0
0
0
0
0
0
0
0
0
0
0
0
0
0
0
0
0
0
0
0
0
0
0
0
0
0
0
0
0
0
0
0
0
0
0
0
0
0
0
0
0
0
0
0
0
0
0
0
0
0
0
0
0
0
0
0
0
0
0
0
0
0
0
0
0
0
0
0
0
0
0
0
0
0
0
0
0
0
0
0
0
0
0
0
0
0
0
0
0
0
0
0
0
0
0
0
0
0
0
0
0
0
0
0
0
0
0
0
0
0
0
0
0
0
0
0
0
0
0
0
0
0
0
0
0
0
0
0
0
0
0
0
0
0
0
0
0
0
0
0
0
0
0
0
0
0
0
0
0
0
0
0
0
0
0
0
0
0
0
0
0
0
0
0
0
0
0
0
0
0
0
0
0
0
0
0
0
0
0
0
0
0
0
0
0
0
0
0
0
0
0
0
0
0
0
0
0
0
0
0
0
0
0
0
0
0
0
0
0
0
0
0
0
0
0
0
0
0
0
0
0
0
0
0
0
0
0
0
0
0
0
0
0
0
0
0
0
0
0
0
0
0
0
0
0
0
0
0
0
0
0
0
0
0
0
0
0
0
0
0
0
0
0
0
0
0
0
0
0
0
0
0
0
0
0
0
0
0
0
0
0
0
0
0
0
0
0
0
0
0
0
0
0
0
0
0
0
0
0
0
0
0
0
0
0
0
0
0
0
0
0
0
0
0
0
0
0
0
0
0
0
0
0
0
0
0
0
0
0
0
0
0
0
0
0
0
0
0
0
0
0
0
0
0
0
0
0
0
0
0
0
0
0
0
0
0
0
0
0
0
0
0
0
0
0
0
0
0
0
0
0
0
0
0
0
0
0
0
0
0
0
0
0
0
0
0
0
0
0
0
0
0
0
0
0
0
0
0
0
0
0
0
0
0
0
0
0
0
0
0
0
0
0
0
0
0
0
0
0
0
0
0
0
0
0
0
0
0
0
0
0
0
0
0
0
0
0
0
0
0
0
0
0
0
0
0
0
0
0
0
0
0
0
0
0
0
0
0
0
0
0
0
0
0
0
0
0
0
0
0
0
0
0
0
0
0
0
0
0
0
0
0
0
0
0
0
0
0
0
0
0
0
0
0
0
0
0
0
0
0
0
0
0
0
0
0
0
0
0
0
0
0
0
0
0
0
0
0
0
0
0
0
0
0
0
0
0
0
0
0
0
0
0
0
0
0
0
0
0
0
0
0
0
0
0
0
0
0
0
0
0
0
0
0
0
0
0
0
0
0
0
0
0
0
0
0
0
0
0
0
0
0
0
0
0
0
0
0
0
0
0
0
0
0
0
0
0
0
0
0
0
0
0
0
0
0
0
0
0
0
0
0
0
0
0
0
0
0
0
0
0
0
0
0
0
0
0
0
0
0
0
0
0
0
0
0
0
0
0
0
0
0
0
0
0
0
0
0
0
0
0
0
0
0
0
0
0
0
0
0
0
0
0
0
0
0
0
0
0
0
0
0
0
0
0
0
0
0
0
0
0
0
0
0
0
0
0
0
0
0
0
0
0
0
0
0
0
0
0
0
0
0
0
0
0
0
0
0
0
0
0
0
0
0
0
0
0
0
0
0
0
0
0
0
0
0
0
0
0
0
0
0
0
0
0
0
0
0
0
0
0
0
0
0
0
0
0
0
0
0
0
0
0
0
0
0
0
0
0
0
0
0
0
0
0
0
0
0
0
0
0
0
0
0
0
0
0
0
0
0
0
0
0
0
0
0
0
0
0
0
0
0
0
0
0
0
0
0
0
0
0
0
0
0
0
0
0
0
0
0
0
0
0
0
0
0
0
0
0
0
0
0
0
0
0
0
0
0
0
0
0
0
0
0
0
0
0
0
0
0
0
0
0
0
0
0
0
0
0
0
0
0
0
0
0
0
0
0
0
0
0
0
0
0
0
0
0
0
0
0
0
0
0
0
0
0
0
0
0
0
0
0
0
0
0
0
0
0
0
0
0
0
0
0
0
0
0
0
0
0
0
0
0
0
0
0
0
0
0
0
0
0
0
0
0
0
0
0
0
0
0
0
0
0
0
0
0
0
0
0
0
0
0
0
0
0
0
0
0
0
0
0
0
0
0
0
0
0
0
0
0
0
0
0
0
0
0
0
0
0
0
0
0
0
0
0
0
0
0
0
0
0
0
0
0
0
0
0
0
0
0
0
0
0
0
0
0
0
0
0
0
0
0
0
0
0
0
0
0
0
0
0
0
0
0
0
0
0
0
0
0
0
0
0
0
0
0
0
0
0
0
0
0
0
0
0
0
0
0
0
0
0
0
0
0
0
0
0
0
0
0
0
0
0
0
0
0
0
0
0
0
0
0
0
0
0
0
0
0
0
0
0
0
0
0
0
0
0
0
0
0
0
0
0
0
0
0
0
0
0
0
0
0
0
0
0
0
0
0
0
0
0
0
0
0
0
0
0
0
0
0
0
0
0
0
0
0
0
0
0
0
0
0
0
0
0
0
0
0
0
0
0
0
0
0
0
0
0
0
0
0
0
0
0
0
0
0
0
0
0
0
0
0
0
0
0
0
0
0
0
0
0
0
0
0
0
0
0
0
0
0
0
0
0
0
0
0
0
0
0
0
0
0
0
0
0
0
0
0
0
0
0
0
0
0
0
0
0
0
0
0
0
0
0
0
0
0
0
0
0
0
0
0
0
0
0
0
0
0
0
0
0
0
0
0
0
0
0
0
0
0
0
0
0
0
0
0
0
0
0
0
0
0
0
0
0
0
0
0
0
0
0
0
0
0
0
0
0
0
0
0
0
0
0
0
0
0
0
0
0
0
0
0
0
0
0
0
0
0
0
0
0
0
0
0
0
0
0
0
0
0
0
0
0
0
0
0
0
0
0
0
0
0
0
0
0
0
0
0
0
0
0
0
0
0
0
0
0
0
0
0
0
0
0
0
0
0
0
0
0
0
0
0
0
0
0
0
0
0
0
0
0
0
0
0
0
0
0
0
0
0
0
0
0
0
0
0
0
0
0
0
0
0
0
0
0
0
0
0
0
0
0
0
0
0
0
0
0
0
0
0
0
0
0
0
0
0
0
0
0
0
0
0
0
0
0
0
0
0
0
0
0
0
0
0
0
0
0
0
0
0
0
0
0
0
0
0
0
0
0
0
0
0
0
0
0
0
0
0
0
0
0
0
0
0
0
0
0
0
0
0
0
0
0
0
0
0
0
0
0
0
0
0
0
0
0
0
0
0
0
0
0
0
0
0
0
0
0
0
0
0
0
0
0
0
0
0
0
0
0
0
0
0
0
0
0
0
0
0
0
0
0
0
0
0
0
0
0
0
0
0
0
0
0
0
0
0
0
0
0
0
0
0
0
0
0
0
0
0
0
0
0
0
0
0
0
0
0
0
0
0
0
0
0
0
0
0
0
0
0
0
0
0
0
0
0
0
0
0
0
0
0
0
0
0
0
0
0
0
0
0
0
0
0
0
0
0
0
0
0
0
0
0
0
0
0
0
0
0
0
0
0
0
0
0
0
0
0
0
0
0
0
0
0
0
0
0
0
0
0
0
0
0
0
0
0
0
0
0
0
0
0
0
0
0
0
0
0
0
0
0
0
0
0
0
0
0
0
0
0
0
0
0
0
0
0
0
0
0
0
0
0
0
0
0
0
0
0
0
0
0
0
0
0
0
0
0
0
0
0
0
0
0
0
0
0
0
0
0
0
0
0
0
0
0
0
0
0
0
0
0
0
0
0
0
0
0
0
0
0
0
0
0
0
0
0
0
0
0
0
0
0
0
0
0
0
0
0
0
0
0
0
0
0
0
0
0
0
0
0
0
0
0
0
0
0
0
0
0
0
0
0
0
0
0
0
0
0
0
0
0
0
0
0
0
0
0
0
0
0
0
0
0
0
0
0
0
0
0
0
0
0
0
0
0
0
0
0
0
0
0
0
0
0
0
0
0
0
0
0
0
0
0
0
0
0
0
0
0
0
0
0
0
0
0
0
0
0
0
0
0
0
0
0
0
0
0
0
0
0
0
0
0
0
0
0
0
0
0
0
0
0
0
0
0
0
0
0
0
0
0
0
0
0
0
0
0
0
0
0
0
0
0
0
0
0
0
0
0
0
0
0
0
0
0
0
0
0
0
0
0
0
0
0
0
0
0
0
0
0
0
0
0
0
0
0
0
0
0
0
0
0
0
0
0
0
0
0
0
0
0
0
0
0
0
0
0
0
0
0
0
0
0
0
0
0
0
0
0
0
0
0
0
0
0
0
0
0
0
0
0
0
0
0
0
0
0
0
0
0
0
0
0
0
0
0
0
0
0
0
0
0
0
0
0
0
0
0
0
0
0
0
0
0
0
0
0
0
0
0
0
0
0
0
0
0
0
0
0
0
0
0
0
0
0
0
0
0
0
0
0
0
0
0
0
0
0
0
0
0
0
0
0
0
0
0
0
0
0
0
0
0
0
0
0
0
0
0
0
0
0
0
0
0
0
0
0
0
0
0
0
0
0
0
0
0
0
0
0
0
0
0
0
0
0
0
0
0
0
0
0
0
0
0
0
0
0
0
0
0
0
0
0
0
0
0
0
0
0
0
0
0
0
0
0
0
0
0
0
0
0
0
0
0
0
0
0
0
0
0
0
0
0
0
0
0
0
0
0
0
0
0
0
0
0
0
0
0
0
0
0
0
0
0
0
0
0
0
0
0
0
0
0
0
0
0
0
0
0
0
0
0
0
0
0
0
0
0
0
0
0
0
0
0
0
0
0
0
0
0
0
0
0
0
0
0
0
0
0
0
0
0
0
0
0
0
0
0
0
0
0
0
0
0
0
0
0
0
0
0
0
0
0
0
0
0
0
0
0
0
0
0
0
0
0
0
0
0
0
0
0
0
0
0
0
0
0
0
0
0
0
0
0
0
0
0
0
0
0
0
0
0
0
0
0
0
0
0
0
0
0
0
0
0
0
0
0
0
0
0
0
0
0
0
0
0
0
0
0
0
0
0
0
0
0
0
0
0
0
0
0
0
0
0
0
0
0
0
0
0
0
0
0
0
0
0
0
0
0
0
0
0
0
0
0
0
0
0
0
0
0
0
0
0
0
0
0
0
0
0
0
0
0
0
0
0
0
0
0
0
0
0
0
0
0
0
0
0
0
0
0
0
0
0
0
0
0
0
0
0
0
0
0
0
0
0
0
0
0
0
0
0
0
0
0
0
0
0
0
0
0
0
0
0
0
0
0
0
0
0
0
0
0
0
0
0
0
0
0
0
0
0
0
0
0
0
0
0
0
0
0
0
0
0
0
0
0
0
0
0
0
0
0
0
0
0
0
0
0
0
0
0
0
0
0
0
0
0
0
0
0
0
0
0
0
0
0
0
0
0
0
0
0
0
0
0
0
0
0
0
0
0
0
0
0
0
0
0
0
0
0
0
0
0
0
0
0
0
0
0
0
0
0
0
0
0
0
0
0
0
0
0
0
0
0
0
0
0
0
0
0
0
0
0
0
0
0
0
0
0
0
0
0
0
0
0
0
0
0
0
0
0
0
0
0
0
0
0
0
0
0
0
0
0
0
0
0
0
0
0
0
0
0
0
0
0
0
0
0
0
0
0
0
0
0
0
0
0
0
0
0
0
0
0
0
0
0
0
0
0
0
0
0
0
0
0
0
0
0
0
0
0
0
0
0
0
0
0
0
0
0
0
0
0
0
0
0
0
0
0
0
0
0
0
0
0
0
0
0
0
0
0
0
0
0
0
0
0
0
0
0
0
0
0
0
0
0
0
0
0
0
0
0
0
0
0
0
0
0
0
0
0
0
0
0
0
0
0
0
0
0
0
0
0
0
0
0
0
0
0
0
0
0
0
0
0
0
0
0
0
0
0
0
0
0
0
0
0
0
0
0
0
0
0
0
0
0
0
0
0
0
0
0
0
0
0
0
0
0
0
0
0
0
0
0
0
0
0
0
0
0
0
0
0
0
0
0
0
0
0
0
0
0
0
0
0
0
0
0
0
0
0
0
0
0
0
0
0
0
0
0
0
0
0
0
0
0
0
0
0
0
0
0
0
0
0
0
0
0
0
0
0
0
0
0
0
0
0
0
0
0
0
0
0
0
0
0
0
0
0
0
0
0
0
0
0
0
0
0
0
0
0
0
0
0
0
0
0
0
0
0
0
0
0
0
0
0
0
0
0
0
0
0
0
0
0
0
0
0
0
0
0
0
0
0
0
0
0
0
0
0
0
0
0
0
0
0
0
0
0
0
0
0
0
0
0
0
0
0
0
0
0
0
0
0
0
0
0
0
0
0
0
0
0
0
0
0
0
0
0
0
0
0
0
0
0
0
0
0
0
0
0
0
0
0
0
0
0
0
0
0
0
0
0
0
0
0
0
0
0
0
0
0
0
0
0
0
0
0
0
0
0
0
0
0
0
0
0
0
0
0
0
0
0
0
0
0
0
0
0
0
0
0
0
0
0
0
0
0
0
0
0
0
0
0
0
0
0
0
0
0
0
0
0
0
0
0
0
0
0
0
0
0
0
0
0
0
0
0
0
0
0
0
0
0
0
0
0
0
0
0
0
0
0
0
0
0
0
0
0
0
0
0
0
0
0
0
0
0
0
0
0
0
0
0
0
0
0
0
0
0
0
0
0
0
0
0
0
0
0
0
0
0
0
0
0
0
0
0
0
0
0
0
0
0
0
0
0
0
0
0
0
0
0
0
0
0
0
0
0
0
0
0
0
0
0
0
0
0
0
0
0
0
0
0
0
0
0
0
0
0
0
0
0
0
0
0
0
0
0
0
0
0
0
0
0
0
0
0
0
0
0
0
0
0
0
0
0
0
0
0
0
0
0
0
0
0
0
0
0
0
0
0
0
0
0
0
0
0
0
0
0
0
0
0
0
0
0
0
0
0
0
0
0
0
0
0
0
0
0
0
0
0
0
0
0
0
0
0
0
0
0
0
0
0
0
0
0
0
0
0
0
0
0
0
0
0
0
0
0
0
0
0
0
0
0
0
0
0
0
0
0
0
0
0
0
0
0
0
0
0
0
0
0
0
0
0
0
0
0
0
0
0
0
0
0
0
0
0
0
0
0
0
0
0
0
0
0
0
0
0
0
0
0
0
0
0
0
0
0
0
0
0
0
0
0
0
0
0
0
0
0
0
0
0
0
0
0
0
0
0
0
0
0
0
0
0
0
0
0
0
0
0
0
0
0
0
0
0
0
0
0
0
0
0
0
0
0
0
0
0
0
0
0
0
0
0
0
0
0
0
0
0
0
0
0
0
0
0
0
0
0
0
0
0
0
0
0
0
0
0
0
0
0
0
0
0
0
0
0
0
0
0
0
0
0
0
0
0
0
0
0
0
0
0
0
0
0
0
0
0
0
0
0
0
0
0
0
0
0
0
0
0
0
0
0
0
0
0
0
0
0
0
0
0
0
0
0
0
0
0
0
0
0
0
0
0
0
0
0
0
0
0
0
0
0
0
0
0
0
0
0
0
0
0
0
0
0
0
0
0
0
0
0
0
0
0
0
0
0
0
0
0
0
0
0
0
0
0
0
0
0
0
0
0
0
0
0
0
0
0
0
0
0
0
0
0
0
0
0
0
0
0
0
0
0
0
0
0
0
0
0
0
0
0
0
0
0
0
0
0
0
0
0
0
0
0
0
0
0
0
0
0
0
0
0
0
0
0
0
0
0
0
0
0
0
0
0
0
0
0
0
0
0
0
0
0
0
0
0
0
0
0
0
0
0
0
0
0
0
0
0
0
0
0
0
0
0
0
0
0
0
0
0
0
0
0
0
0
0
0
0
0
0
0
0
0
0
0
0
0
0
0
0
0
0
0
0
0
0
0
0
0
0
0
0
0
0
0
0
0
0
0
0
0
0
0
0
0
0
0
0
0
0
0
0
0
0
0
0
0
0
0
0
0
0
0
0
0
0
0
0
0
0
0
0
0
0
0
0
0
0
0
0
0
0
0
0
0
0
0
0
0
0
0
0
0
0
0
0
0
0
0
0
0
0
0
0
0
0
0
0
0
0
0
0
0
0
0
0
0
0
0
0
0
0
0
0
0
0
0
0
0
0
0
0
0
0
0
0
0
0
0
0
0
0
0
0
0
0
0
0
0
0
0
0
0
0
0
0
0
0
0
0
0
0
0
0
0
0
0
0
0
0
0
0
0
0
0
0
0
0
0
0
0
0
0
0
0
0
0
0
0
0
0
0
0
0
0
0
0
0
0
0
0
0
0
0
0
0
0
0
0
0
0
0
0
0
0
0
0
0
0
0
0
0
0
0
0
0
0
0
0
0
0
0
0
0
0
0
0
0
0
0
0
0
0
0
0
0
0
0
0
0
0
0
0
0
0
0
0
0
0
0
0
0
0
0
0
0
0
0
0
0
0
0
0
0
0
0
0
0
0
0
0
0
0
0
0
0
0
0
0
0
0
0
0
0
0
0
0
0
0
0
0
0
0
0
0
0
0
0
0
0
0
0
0
0
0
0
0
0
0
0
0
0
0
0
0
0
0
0
0
0
0
0
0
0
0
0
0
0
0
0
0
0
0
0
0
0
0
0
0
0
0
0
0
0
0
0
0
0
0
0
0
0
0
0
0
0
0
0
0
0
0
0
0
0
0
0
0
0
0
0
0
0
0
0
0
0
0
0
0
0
0
0
0
0
0
0
0
0
0
0
0
0
0
0
0
0
0
0
0
0
0
0
0
0
0
0
0
0
0
0
0
0
0
0
0
0
0
0
0
0
0
0
0
0
0
0
0
0
0
0
0
0
0
0
0
0
0
0
0
0
0
0
0
0
0
0
0
0
0
0
0
0
0
0
0
0
0
0
0
0
0
0
0
0
0
0
0
0
0
0
0
0
0
0
0
0
0
0
0
0
0
0
0
0
0
0
0
0
0
0
0
0
0
0
0
0
0
0
0
0
0
0
0
0
0
0
0
0
0
0
0
0
0
0
0
0
0
0
0
0
0
0
0
0
0
0
0
0
0
0
0
0
0
0
0
0
0
0
0
0
0
0
0
0
0
0
0
0
0
0
0
0
0
0
0
0
0
0
0
0
0
0
0
0
0
0
0
0
0
0
0
0
0
0
0
0
0
0
0
0
0
0
0
0
0
0
0
0
0
0
0
0
0
0
0
0
0
0
0
0
0
0
0
0
0
0
0
0
0
0
0
0
0
0
0
0
0
0
0
0
0
0
0
0
0
0
0
0
0
0
0
0
0
0
0
0
0
0
0
0
0
0
0
0
0
0
0
0
0
0
0
0
0
0
0
0
0
0
0
0
0
0
0
0
0
0
0
0
0
0
0
0
0
0
0
0
0
0
0
0
0
0
0
0
0
0
0
0
0
0
0
0
0
0
0
0
0
0
0
0
0
0
0
0
0
0
0
0
0
0
0
0
0
0
0
0
0
0
0
0
0
0
0
0
0
0
0
0
0
0
0
0
0
0
0
0
0
0
0
0
0
0
0
0
0
0
0
0
0
0
0
0
0
0
0
0
0
0
0
0
0
0
0
0
0
0
0
0
0
0
0
0
0
0
0
0
0
0
0
0
0
0
0
0
0
0
0
0
0
0
0
0
0
0
0
0
0
0
0
0
0
0
0
0
0
0
0
0
0
0
0
0
0
0
0
0
0
0
0
0
0
0
0
0
0
0
0
0
0
0
0
0
0
0
0
0
0
0
0
0
0
0
0
0
0
0
0
0
0
0
0
0
0
0
0
0
0
0
0
0
0
0
0
0
0
0
0
0
0
0
0
0
0
0
0
0
0
0
0
0
0
0
0
0
0
0
0
0
0
0
0
0
0
0
0
0
0
0
0
0
0
0
0
0
0
0
0
0
0
0
0
0
0
0
0
0
0
0
0
0
0
0
0
0
0
0
0
0
0
0
0
0
0
0
0
0
0
0
0
0
0
0
0
0
0
0
0
0
0
0
0
0
0
0
0
0
0
0
0
0
0
0
0
0
0
0
0
0
0
0
0
0
0
0
0
0
0
0
0
0
0
0
0
0
0
0
0
0
0
0
0
0
0
0
0
0
0
0
0
0
0
0
0
0
0
0
0
0
0
0
0
0
0
0
0
0
0
0
0
0
0
0
0
0
0
0
0
0
0
0
0
0
0
0
0
0
0
0
0
0
0
0
0
0
0
0
0
0
0
0
0
0
0
0
0
0
0
0
0
0
0
0
0
0
0
0
0
0
0
0
0
0
0
0
0
0
0
0
0
0
0
0
0
0
0
0
0
0
0
0
0
0
0
0
0
0
0
0
0
0
0
0
0
0
0
0
0
0
0
0
0
0
0
0
0
0
0
0
0
0
0
0
0
0
0
0
0
0
0
0
0
0
0
0
0
0
0
0
0
0
0
0
0
0
0
0
0
0
0
0
0
0
0
0
0
0
0
0
0
0
0
0
0
0
0
0
0
0
0
0
0
0
0
0
0
0
0
0
0
0
0
0
0
0
0
0
0
0
0
0
0
0
0
0
0
0
0
0
0
0
0
0
0
0
0
0
0
0
0
0
0
0
0
0
0
0
0
0
0
0
0
0
0
0
0
0
0
0
0
0
0
0
0
0
0
0
0
0
0
0
0
0
0
0
0
0
0
0
0
0
0
0
0
0
0
0
0
0
0
0
0
0
0
0
0
0
0
0
0
0
0
0
0
0
0
0
0
0
0
0
0
0
0
0
0
0
0
0
0
0
0
0
0
0
0
0
0
0
0
0
0
0
0
0
0
0
0
0
0
0
0
0
0
0
0
0
0
0
0
0
0
0
0
0
0
0
0
0
0
0
0
0
0
0
0
0
0
0
0
0
0
0
0
0
0
0
0
0
0
0
0
0
0
0
0
0
0
0
0
0
0
0
0
0
0
0
0
0
0
0
0
0
0
0
0
0
0
0
0
0
0
0
0
0
0
0
0
0
0
0
0
0
0
0
0
0
0
0
0
0
0
0
0
0
0
0
0
0
0
0
0
0
0
0
0
0
0
0
0
0
0
0
0
0
0
0
0
0
0
0
0
0
0
0
0
0
0
0
0
0
0
0
0
0
0
0
0
0
0
0
0
0
0
0
0
0
0
0
0
0
0
0
0
0
0
0
0
0
0
0
0
0
0
0
0
0
0
0
0
0
0
0
0
0
0
0
0
0
0
0
0
0
0
0
0
0
0
0
0
0
0
0
0
0
0
0
0
0
0
0
0
0
0
0
0
0
0
0
0
0
0
0
0
0
0
0
0
0
0
0
0
0
0
0
0
0
0
0
0
0
0
0
0
0
0
0
0
0
0
0
0
0
0
0
0
0
0
0
0
0
0
0
0
0
0
0
0
0
0
0
0
0
0
0
0
0
0
0
0
0
0
0
0
0
0
0
0
0
0
0
0
0
0
0
0
0
0
0
0
0
0
0
0
0
0
0
0
0
0
0
0
0
0
0
0
0
0
0
0
0
0
0
0
0
0
0
0
0
0
0
0
0
0
0
0
0
0
0
0
0
0
0
0
0
0
0
0
0
0
0
0
0
0
0
0
0
0
0
0
0
0
0
0
0
0
0
0
0
0
0
0
0
0
0
0
0
0
0
0
0
0
0
0
0
0
0
0
0
0
0
0
0
0
0
0
0
0
0
0
0
0
0
0
0
0
0
0
0
0
0
0
0
0
0
0
0
0
0
0
0
0
0
0
0
0
0
0
0
0
0
0
0
0
0
0
0
0
0
0
0
0
0
0
0
0
0
0
0
0
0
0
0
0
0
0
0
0
0
0
0
0
0
0
0
0
0
0
0
0
0
0
0
0
0
0
0
0
0
0
0
0
0
0
0
0
0
0
0
0
0
0
0
0
0
0
0
0
0
0
0
0
0
0
0
0
0
0
0
0
0
0
0
0
0
0
0
0
0
0
0
0
0
0
0
0
0
0
0
0
0
0
0
0
0
0
0
0
0
0
0
0
0
0
0
0
0
0
0
0
0
0
0
0
0
0
0
0
0
0
0
0
0
0
0
0
0
0
0
0
0
0
0
0
0
0
0
0
0
0
0
0
0
0
0
0
0
0
0
0
0
0
0
0
0
0
0
0
0
0
0
0
0
0
0
0
0
0
0
0
0
0
0
0
0
0
0
0
0
0
0
0
0
0
0
0
0
0
0
0
0
0
0
0
0
0
0
0
0
0
0
0
0
0
0
0
0
0
0
0
0
0
0
0
0
0
0
0
0
0
0
0
0
0
0
0
0
0
0
0
0
0
0
0
0
0
0
0
0
0
0
0
0
0
0
0
0
0
0
0
0
0
0
0
0
0
0
0
0
0
0
0
0
0
0
0
0
0
0
0
0
0
0
0
0
0
0
0
0
0
0
0
0
0
0
0
0
0
0
0
0
0
0
0
0
0
0
0
0
0
0
0
0
0
0
0
0
0
0
0
0
0
0
0
0
0
0
0
0
0
0
0
0
0
0
0
0
0
0
0
0
0
0
0
0
0
0
0
0
0
0
0
0
0
0
0
0
0
0
0
0
0
0
0
0
0
0
0
0
0
0
0
0
0
0
0
0
0
0
0
0
0
0
0
0
0
0
0
0
0
0
0
0
0
0
0
0
0
0
0
0
0
0
0
0
0
0
0
0
0
0
0
0
0
0
0
0
0
0
0
0
0
0
0
0
0
0
0
0
0
0
0
0
0
0
0
0
0
0
0
0
0
0
0
0
0
0
0
0
0
0
