-153
-117
-2148
-1830
-1079
-2031
-2098
-183
430
-3249
-2504
-1382
-2688
-103
-190
-29
-15
770
-780
-1899
-199
-2048
-21405
-11
-259
-1299
-2270
-2681
-2410
-22033
121
-896
-312
184
-4831
-4741
-2805
-4725
-4637
-264
155
-3770
-3304
-1717
-3074
-2197
39
24
131
954
-3193
-4193
1637
-4624
-10266
116
372
-1938
-3134
-173
-3031
-18323
279
225
-406
331
-2752
-4411
-2301
-3669
-3077
-266
587
-5098
-5575
-3198
-5612
-2936
-78
1000
156
271
-439
-2524
566
-2861
-26087
144
1600
-1023
-4998
-2682
-4722
-17856
272
2507
-281
55
-2406
-4498
-2770
-3974
-3753
-163
283
-4157
-5765
-3350
-5006
-501
-60
837
6
-45
-528
-3793
-512
-3529
-18192
106
-1646
-1583
-4997
-4333
-5281
-15501
140
-1520
-99
862
-2141
-2830
-2658
-2453
-2455
-224
337
-3012
-3246
-2903
-3273
-298
-58
79
223
227
171
-2945
208
-2335
-17727
-1
-775
-1365
-3813
-1855
-2986
-17913
-64
-613
-209
1209
-5143
-3271
-4995
-4278
-4722
-283
552
-6031
-3848
-5349
-4991
-1208
35
882
164
1090
2313
-5859
-2501
-4617
-12934
30
1533
827
-5292
-4308
-4864
-16003
-17
1673
-81
899
-5023
-2702
-5021
-3812
-4568
-186
274
-6359
-3658
-5150
-5084
-78
59
717
24
-833
1124
-5597
-2039
-4377
-16440
-37
-2197
-138
-5051
-5772
-4928
-18427
4
-2058
14
887
-1607
-729
-2419
-1868
-2355
-83
1090
-3039
-1634
-3087
-4074
172
55
937
-87
-896
-1158
-2840
-777
-2239
-20728
-276
-638
-2340
-3796
-4767
-3643
-18965
-146
-290
3
693
-2594
-2331
-2249
-2644
-3129
16
650
-5494
-4088
-6116
-5726
-596
-97
232
-214
1575
899
-3543
-2695
-3141
-23172
-260
334
-1298
-2705
-6232
-5327
-15129
-170
-10
-114
156
-3271
-3212
-681
-3205
-2917
-56
183
-5701
-3705
-4287
-5152
-1587
-173
274
98
241
-98
-2727
-1001
-2901
-26602
115
546
-1884
-3454
-3717
-4153
-19193
6
235
-295
-695
-5224
-6274
-2813
-5903
-5243
-129
-377
-5500
-5786
-4747
-4951
-2237
-91
-225
40
755
711
-4329
-836
-4935
-17740
264
1220
-912
-3680
-1585
-4587
-21739
290
375
-61
1822
-3746
-4738
-3801
-5110
-5041
21
541
-4417
-4946
-6798
-5212
726
-51
-644
-77
-1171
-1347
-4144
-749
-4786
-22632
56
-2524
-3843
-4145
-3859
-5345
-24957
91
-2345
118
974
-3328
-1435
-3173
-4038
-3902
-49
270
-3901
-1475
-5340
-4330
329
17
-61
115
337
-777
-2697
-3138
-3983
-22166
-59
-868
-2965
-3663
-5242
-3701
-25446
-88
-737
140
-88
-4305
229
-5778
-3269
-4060
31
-651
-6724
-1414
-6723
-5845
541
56
147
-46
1052
-36
-3455
-3082
-3899
-21791
-34
1468
-2209
-5022
-7475
-5082
-19173
-119
2218
231
993
-3501
-2887
-4459
-3332
-4186
199
-98
-8203
-6289
-8138
-7663
3131
39
-60
-170
-1625
1670
-3966
-2897
-3831
-25167
-71
-894
-2640
-7031
-9488
-7475
-13022
-140
-742
146
330
-2961
-4420
-2286
-4114
-4770
261
-496
-4984
-5481
-4896
-6094
1754
80
-737
-350
-1228
-39
-4300
-3458
-4594
-18190
-196
-710
-2573
-5766
-7559
-5581
-18027
-174
-589
211
-175
-4885
-2493
-2194
-2104
-3907
254
-416
-5638
-2606
-4695
-4285
-2984
82
-99
-381
403
-611
-5075
-1912
-3783
-15248
-237
565
570
-3137
-4617
-4495
-13989
-78
349
223
-847
-2793
-2510
-1541
-1816
-2708
69
-461
-3234
-2588
-3324
-3340
-3336
-39
-682
-81
-916
-2804
-3571
1444
-2553
-20768
-131
-2596
-2417
-2044
-781
-2643
-18573
44
-2461
-73
-1526
-2251
-3441
-3700
-2241
-2869
-148
-2448
-2398
-3929
-2642
-3191
-825
-215
-2832
161
1809
-3433
-2570
3567
-2590
-24463
157
-122
-4878
-2409
1245
-2529
-25332
431
-281
178
-107
-4810
-4859
-7846
-4577
-5308
131
-742
-3816
-4852
-6160
-4241
649
20
-513
-131
683
-2370
-4102
2717
-5159
-13819
37
719
-4371
-4785
-1386
-4977
-19825
56
394
333
211
-3790
-591
-6480
-4395
-4394
168
24
-6165
-658
-7535
-6868
-2171
-43
-422
-145
-694
-3088
-1596
-1366
-4402
-17867
-36
-879
-5069
-6172
-5904
-5753
-11342
-95
-228
438
-590
-3361
1910
-5045
-1945
-2992
42
-1139
-7774
1123
-8104
-7035
-2659
-45
-720
-6
-142
-2211
-1309
-2856
-2731
-29911
-8
-582
-4119
-6396
-8075
-5623
-15570
-128
-153
463
-1181
-3928
-1514
-3517
-2117
-3344
280
-924
-6747
-3738
-6797
-6033
-868
80
-441
-291
-149
1121
-1791
-3808
-3150
-24866
-105
260
-264
-6204
-7841
-5802
-16164
-201
454
372
-1236
-3079
-2111
-2152
-1812
-2833
386
-1069
-4806
-3473
-4527
-4499
43
-15
-932
-343
-1448
782
-1427
-3011
-2616
-20504
-217
-1221
-527
-4887
-5749
-4170
-16722
-274
-913
168
-182
-3950
-2961
1302
-2737
-3933
125
422
-4456
-3083
-2316
-3822
-2477
62
271
-283
582
-3627
-4256
-2415
-3894
-16594
-101
533
-1667
-4278
-3860
-4021
-15976
35
439
-18
2351
-1404
-2393
73
-1812
-2825
-29
1890
-2445
-3322
-2487
-3969
-4073
-35
789
-11
-763
-3850
-3961
-729
-2740
-19122
-66
-2083
-3609
-3598
-1608
-2929
-14370
246
-2079
-173
2014
-767
-2671
-1599
-1588
-2242
-219
2782
-1367
-3465
-1976
-2651
-1848
-92
2803
216
1904
-3698
-3155
1861
-2157
-23865
56
1114
-4760
-1945
791
-1532
-25163
403
1232
80
1293
-3001
-2631
-4075
-3207
-3437
65
1321
-5007
-4038
-5356
-6231
-1088
9
1473
-213
1461
-3028
-4027
1855
-3651
-23244
-11
902
-5283
-6054
-3259
-5677
-14610
4
634
228
-102
-4222
-790
-4072
-2959
-3042
79
496
-7326
-887
-5675
-6427
-2217
-96
-151
-93
-916
-2398
-2575
966
-3258
-25945
60
-913
-3647
-6563
-5542
-5220
-15363
-110
-273
318
-795
-4770
-2483
-3981
-2211
-2957
-57
-200
-6637
-1808
-5755
-4358
-2383
32
-138
52
527
-853
-2886
1357
-2956
-26474
-13
-236
-499
-5230
-4394
-3310
-22614
-116
1400
340
-804
-6819
-4381
-5634
-4213
-4875
184
412
-7340
-5572
-7672
-5354
-4463
84
986
-317
-468
2237
-3957
-1553
-4709
-19177
-179
-470
3710
-6925
-4727
-5105
-18217
-158
-445
184
-1612
-3789
-2239
-3079
-2633
-2564
67
99
-5443
-3712
-5443
-4826
-2016
-129
-134
-192
-1894
684
-1023
-349
-2192
-21670
-270
-1981
622
-5203
-3283
-4268
-14593
-166
-1816
75
-635
-3504
-2498
4050
-4321
-5070
34
-235
-3926
-4210
-859
-4707
-800
13
-211
-173
999
-4732
-5835
-7087
-5054
-16003
62
1010
-4881
-4975
-6651
-5171
-19047
209
578
-329
-657
-3826
-3049
3569
-3809
-4255
-107
194
-3592
-4535
14
-3522
-829
37
-309
104
-404
-4238
-5917
-3636
-4091
-22353
352
-1338
-4316
-3111
-3258
-2832
-28583
434
-542
-147
361
-3427
-3421
558
-3973
-4060
-93
590
-5497
-4325
-2825
-5526
-3388
-65
144
141
1049
-3503
-5880
-525
-4022
-15257
174
603
-4522
-4928
-1092
-4322
-11225
280
273
110
-240
-6680
-2157
-1835
-4651
-5247
96
-1389
-7542
-1346
-3526
-5203
-2974
59
-3268
-84
119
-2202
-6220
-2428
-5344
-14774
102
336
-2071
-5589
-4578
-4371
-18881
-48
663
301
-1761
-6088
-2533
-908
-2883
-3547
36
-1333
-6953
-1626
-3299
-4024
-2409
-74
-2073
26
-987
-1152
-3973
-1066
-3514
-20932
-41
-2257
268
-4676
-5414
-3332
-21099
-142
-1116
64
-16
-5624
-4716
-4265
-3379
-3572
-366
1579
-7098
-5595
-6588
-5424
-6045
-32
2084
15
939
1894
-3636
-766
-3635
-27515
-272
1812
5441
-5579
-6192
-4600
-24291
-89
4205
-38
-388
-6797
-7631
-7324
-6021
-6259
-381
118
-13737
-12819
-13735
-14101
-13546
-72
108
-150
-691
6247
-7706
-4990
-6118
-16634
-244
-984
10493
-14476
-12637
-13050
18101
-170
-1343
-22
-575
-4328
-3634
-3376
-2742
-2969
-85
-377
-5956
-6105
-5673
-4875
-3139
-39
-600
-74
-1713
2649
-3552
-1085
-2518
-17516
-183
-1532
3366
-4624
-3282
-5022
-12377
-140
-1990
-72
-812
-3697
-233
-288
-3761
-4470
-9
-512
-5536
-4018
-4321
-5760
2121
-114
235
-171
245
-4087
-4778
-4682
-4273
-21182
-59
384
-7405
-4521
-7301
-5870
-18335
176
243
-114
-167
-3063
-214
904
-3414
-3457
-72
303
-6131
-5091
-4171
-6020
3429
-183
1142
11
-3
-3204
-3707
-4150
-3384
-24744
11
-716
-6958
-5290
-6822
-5419
-17922
99
-126
117
-821
-3227
-3674
-955
-3483
-3489
-8
-1280
-6043
-4353
-3072
-5445
-1654
-96
-2096
270
442
-305
-3226
-2212
-3451
-17996
2
-259
-2122
-5068
-4237
-3798
-11483
-62
-559
331
-1360
-5636
-4380
-3093
-3610
-3902
172
-2022
-6864
-2987
-3719
-4207
-3129
7
-1963
168
-111
1533
-2296
-2219
-3956
-15590
-95
531
1721
-4650
-4184
-3481
-15057
-218
324
9
-401
-7296
-6169
-4929
-4696
-5042
-274
851
-7843
-6514
-5810
-4601
-5063
-33
1692
-46
738
2506
-4762
-2113
-5105
-19475
-31
881
6041
-5165
-6032
-5260
-23166
-8
2504
-91
-57
-7669
-8483
-7578
-6702
-6440
-338
450
-15017
-14648
-13815
-14434
-14108
-166
671
-118
-136
8219
-7120
-6155
-6253
-16328
-158
-444
13832
-13579
-13480
-13650
16388
-134
-907
-153
-1487
-6791
-5674
-3460
-3101
-3958
-228
-1612
-7579
-6797
-6570
-5738
-6969
-147
-1451
-163
-1902
5342
-4319
-4347
-3565
-26723
37
-2455
7534
-6189
-6322
-5512
-23763
-58
-3648
-77
-904
-3966
-2758
-1925
-1572
-2084
-151
-510
-4296
-4026
-3048
-3340
-2477
-151
-584
-68
-927
1801
-3273
-896
-1938
-22435
13
-359
2858
-2828
-3012
-3169
-23244
-166
-338
-42
-864
-3163
-2502
-1392
-1226
-3196
54
-1020
-3560
-3875
-4301
-2377
974
7
-1642
-235
132
-1291
-4089
-1750
-3030
-17569
-124
606
-2540
-2414
-3791
-1924
-20306
77
563
-24
368
-3571
-3070
-269
-3428
-4081
-42
384
-5572
-6255
-6429
-4955
3531
-104
114
-261
496
-1253
-4236
-3432
-3906
-19758
-287
-249
-3891
-4726
-7062
-3577
-17649
-52
-269
196
-886
-3859
-4845
-1605
-2800
-3620
-6
-14
-3156
-3403
-2887
-1808
-604
-124
-392
166
836
-394
-2695
-1074
-3608
-16215
-352
-330
-382
-2039
-2554
-168
-25299
-177
-595
42
-1081
-5007
-5610
-5426
-3580
-4364
-198
-229
-5675
-5045
-6267
-3982
-3948
-148
623
150
264
3351
-3785
-2251
-4289
-24162
-97
992
4162
-4486
-5434
-3625
-28004
-202
2014
-108
68
-7746
-7652
-7725
-6790
-6499
-407
919
-14729
-13838
-14016
-13601
-12390
-177
2216
-116
63
7506
-7632
-5742
-6426
-15011
-207
389
12684
-13092
-13272
-13745
14576
-185
157
-118
-1508
-7274
-7033
-4226
-4442
-4896
-345
-1207
-8207
-8210
-7507
-6453
-8014
-193
-1832
-104
-834
4664
-5584
-3503
-4469
-20375
-48
-2708
9201
-6520
-6654
-6444
-18202
-45
-2984
-164
-801
-4872
-5304
-3048
-2862
-3025
-111
-283
-5610
-6129
-4919
-4784
-5778
-153
-615
-95
-270
2154
-3958
-810
-2904
-20428
-118
-141
5239
-4597
-3595
-4412
-18311
-120
-1062
-121
540
-4615
-4614
-3521
-3102
-2952
-330
1878
-6813
-7720
-6588
-6674
-5551
-119
1406
-133
-331
4121
-4244
-1472
-2816
-24649
-177
-514
6804
-5824
-5935
-6199
-14706
-237
-486
-53
-1476
-1878
-1307
-1818
-519
-2042
-186
-1431
-2671
-1723
-3972
-2364
-1031
-46
-987
-154
772
-1614
-2684
-536
-1951
-17599
-215
549
-1824
-3036
-3308
-2244
-15997
66
25
19
-1795
-3094
-2860
-1797
-962
-3143
-132
-1973
-2412
-2100
-4153
-1641
-332
-89
-1858
-254
430
-2953
-3792
416
-2908
-17698
-307
190
-1383
-2461
-2856
-1807
-23410
2
-292
-53
-1749
-2263
-3208
-766
-462
-2191
-100
-1499
-1413
-2265
-2303
-879
-1126
-176
-1165
-139
-757
-2304
-2883
1155
-1929
-14777
-373
-780
-435
-1579
-1232
178
-21370
-66
-960
-296
-1735
-4015
-4763
-3663
-1404
-3194
-436
-1190
-4583
-4940
-4983
-3098
-5026
-309
-1439
79
289
1995
-3934
-1225
-3008
-17854
-187
701
5050
-3837
-4268
-2661
-19272
-23
1251
-232
-2876
-6874
-6815
-4330
-4118
-5134
-532
-3022
-9774
-9102
-9309
-8012
-8089
-248
-5794
-73
-26
5519
-6059
-4298
-4706
-19217
-123
63
9824
-8197
-8050
-7782
-8073
-152
128
-165
-2058
-5453
-4421
-3699
-2322
-3120
-264
-870
-6186
-4973
-5123
-4478
-4283
-194
-1777
-43
-3
2326
-4074
-388
-2879
-19361
-102
-151
5388
-4937
-3616
-4606
-18547
-79
81
-280
-331
-6910
-8115
-7024
-3997
-4983
-262
302
-6182
-7273
-6200
-4835
-5778
-140
352
-181
2023
2688
-5384
76
-4882
-21395
-272
3078
5675
-5335
-3418
-5280
-27381
-236
3728
-172
208
-5666
-10582
-8378
-7392
-7169
-358
313
-11161
-14974
-12632
-14127
-13302
-20
-108
-241
-232
8048
-8219
-6516
-7007
-13643
-250
-618
11390
-13289
-13016
-13418
13335
-282
-716
0
0
0
0
0
0
0
0
0
0
0
-1690
-2135
-2027
-1128
-1786
0
0
0
0
0
0
0
0
0
0
0
198
-1409
-305
-1625
-19490
0
0
0
0
0
0
0
0
0
0
0
-3705
-3857
-2097
-2080
-2956
0
0
0
0
0
0
0
0
0
0
0
-1641
-3013
1389
-2893
-15546
0
0
0
0
0
0
0
0
0
0
0
-3136
-5239
-3487
-2964
-3348
0
0
0
0
0
0
0
0
0
0
0
-1081
-2469
1198
-3255
-19130
0
0
0
0
0
0
0
0
0
0
0
-2067
-3150
-2834
-1844
-2198
0
0
0
0
0
0
0
0
0
0
0
219
-2254
450
-1818
-22581
0
0
0
0
0
0
0
0
0
0
0
-2807
-2815
-3171
-732
-2039
0
0
0
0
0
0
0
0
0
0
0
352
-1853
-18
-1993
-17129
0
0
0
0
0
0
0
0
0
0
0
-4011
-3217
-4267
-1752
-3261
0
0
0
0
0
0
0
0
0
0
0
1840
-3805
-1716
-3212
-16433
0
0
0
0
0
0
0
0
0
0
0
-3492
-2981
-4919
-1392
-3713
0
0
0
0
0
0
0
0
0
0
0
398
-4618
-1583
-3491
-16748
0
0
0
0
0
0
0
0
0
0
0
-2860
-1705
-3048
-238
-2348
0
0
0
0
0
0
0
0
0
0
0
-12
-2494
-1142
-2280
-15988
0
0
0
0
0
0
0
0
0
0
0
-2421
-2732
-2865
-1059
-2602
0
0
0
0
0
0
0
0
0
0
0
2004
-2817
-3531
-2447
-19413
0
0
0
0
0
0
0
0
0
0
0
-3349
-3922
-1358
-2332
-2777
0
0
0
0
0
0
0
0
0
0
0
4
-2579
-985
-2756
-21199
0
0
0
0
0
0
0
0
0
0
0
-3895
-5337
-2602
-4405
-3611
0
0
0
0
0
0
0
0
0
0
0
819
-3738
-354
-3495
-21681
0
0
0
0
0
0
0
0
0
0
0
-2621
-4361
-5183
-2552
-3805
0
0
0
0
0
0
0
0
0
0
0
-1356
-3995
79
-3543
-24537
0
0
0
0
0
0
0
0
0
0
0
-2783
-2630
-4693
-1659
-3512
0
0
0
0
0
0
0
0
0
0
0
-1708
-1387
-2835
-3182
-21182
0
0
0
0
0
0
0
0
0
0
0
-2409
-2130
-6571
-550
-4211
0
0
0
0
0
0
0
0
0
0
0
-1690
-3672
-3414
-3954
-16874
0
0
0
0
0
0
0
0
0
0
0
-2358
-3190
-5330
-790
-3954
0
0
0
0
0
0
0
0
0
0
0
1070
-5510
-3375
-3628
-19985
0
0
0
0
0
0
0
0
0
0
0
-3100
-2958
-2161
-1546
-2832
0
0
0
0
0
0
0
0
0
0
0
2033
-4051
-2878
-2516
-22468
0
0
0
0
0
0
0
0
0
0
0
-3101
-3164
-2221
193
-3143
0
0
0
0
0
0
0
0
0
0
0
53
-5459
-3086
-3058
-13396
0
0
0
0
0
0
0
0
0
0
0
-2206
-2344
-261
-19
-1820
0
0
0
0
0
0
0
0
0
0
0
-1900
-2889
-641
-1788
-21878
0
0
0
0
0
0
0
0
0
0
0
-1901
-3022
-2612
-465
-2269
0
0
0
0
0
0
0
0
0
0
0
-2958
-3430
1567
-2073
-24242
0
0
0
0
0
0
0
0
0
0
0
-3839
-4373
-7489
-3437
-4672
0
0
0
0
0
0
0
0
0
0
0
-2659
-4727
1817
-4565
-12798
0
0
0
0
0
0
0
0
0
0
0
-2948
-2343
-5787
-3190
-3861
0
0
0
0
0
0
0
0
0
0
0
-2920
-240
-2386
-3515
-15116
0
0
0
0
0
0
0
0
0
0
0
-1461
-1776
-4780
-827
-3604
0
0
0
0
0
0
0
0
0
0
0
-2941
-1714
-3992
-3244
-20409
0
0
0
0
0
0
0
0
0
0
0
-1594
-2792
-4422
-1925
-3816
0
0
0
0
0
0
0
0
0
0
0
377
-3865
-4851
-3493
-16597
0
0
0
0
0
0
0
0
0
0
0
-2557
-2562
-2718
-2011
-2913
0
0
0
0
0
0
0
0
0
0
0
1218
-2463
-3527
-2622
-15125
0
0
0
0
0
0
0
0
0
0
0
-2524
-2717
235
24
-2888
0
0
0
0
0
0
0
0
0
0
0
-2612
-4675
-2307
-2763
-17043
0
0
0
0
0
0
0
0
0
0
0
-2687
-2687
977
376
-2764
0
0
0
0
0
0
0
0
0
0
0
-3932
-5004
-1100
-2814
-15172
0
0
0
0
0
0
0
0
0
0
0
-2285
-2765
-1014
356
-2423
0
0
0
0
0
0
0
0
0
0
0
-4021
-3882
1235
-2290
-20893
0
0
0
0
0
0
0
0
0
0
0
-3793
-3646
-4508
-2235
-4097
0
0
0
0
0
0
0
0
0
0
0
-2879
-4371
1124
-3979
-14660
0
0
0
0
0
0
0
0
0
0
0
-2326
-2569
-4286
-1520
-3185
0
0
0
0
0
0
0
0
0
0
0
-2352
-2246
-646
-2952
-20576
0
0
0
0
0
0
0
0
0
0
0
-1671
-3887
-2933
-1237
-3246
0
0
0
0
0
0
0
0
0
0
0
-2430
-2563
-1811
-3081
-21402
0
0
0
0
0
0
0
0
0
0
0
-2883
-3978
-4083
-3876
-4053
0
0
0
0
0
0
0
0
0
0
0
914
-3996
-3639
-4011
-16489
0
0
0
0
0
0
0
0
0
0
0
-1827
-2197
-2854
-2535
-1939
0
0
0
0
0
0
0
0
0
0
0
329
-704
-1304
-1931
-18676
0
0
0
0
0
0
0
0
0
0
0
-2819
-2205
1387
-1260
-3614
0
0
0
0
0
0
0
0
0
0
0
-2874
-5756
-4608
-3392
-19005
0
0
0
0
0
0
0
0
0
0
0
-4264
-3974
2368
-2400
-5100
0
0
0
0
0
0
0
0
0
0
0
-5406
-7779
-3250
-5177
-13904
0
0
0
0
0
0
0
0
0
0
0
-4056
-3448
1656
-1691
-3041
0
0
0
0
0
0
0
0
0
0
0
-2996
-4585
-1044
-2932
-16378
0
0
0
0
0
0
0
0
0
0
0
-4138
-3030
-1915
-1616
-3843
0
0
0
0
0
0
0
0
0
0
0
-1578
-4576
-3626
-3683
-18181
0
0
0
0
0
0
0
0
0
0
0
-1890
-2959
-1574
924
-2604
0
0
0
0
0
0
0
0
0
0
0
-2616
-3226
-2836
-2420
-23604
0
0
0
0
0
0
0
0
0
0
0
-3184
-5263
-2948
-1632
-3683
0
0
0
0
0
0
0
0
0
0
0
-1507
-2970
-3189
-3929
-22869
0
0
0
0
0
0
0
0
0
0
0
-4201
-5552
-2973
-4051
-3183
0
0
0
0
0
0
0
0
0
0
0
4155
-5033
-4051
-3429
-17508
0
0
0
0
0
0
0
0
0
0
0
-2621
-2558
-2105
-2683
-1988
0
0
0
0
0
0
0
0
0
0
0
837
-1543
-1397
-2055
-16999
0
0
0
0
0
0
0
0
0
0
0
-3242
-1047
-2132
-1586
-4006
0
0
0
0
0
0
0
0
0
0
0
-2790
-5451
-3881
-3950
-18929
0
0
0
0
0
0
0
0
0
0
0
-3120
-908
-97
-1295
-3395
0
0
0
0
0
0
0
0
0
0
0
-2504
-4562
-4098
-3241
-20490
0
0
0
0
0
0
0
0
0
0
0
-3098
-3380
-1464
-523
-2538
0
0
0
0
0
0
0
0
0
0
0
413
-2055
-3686
-2306
-19871
0
0
0
0
0
0
0
0
0
0
0
-2879
-4992
-4041
-1227
-3603
0
0
0
0
0
0
0
0
0
0
0
-831
-1180
-4432
-3503
-14167
0
0
0
0
0
0
0
0
0
0
0
-4071
-6136
-4691
-2065
-4483
0
0
0
0
0
0
0
0
0
0
0
-815
-3129
-3725
-4583
-19576
0
0
0
0
0
0
0
0
0
0
0
-4464
-6252
-3703
-3858
-3356
0
0
0
0
0
0
0
0
0
0
0
5214
-4868
-4938
-3637
-18267
0
0
0
0
0
0
0
0
0
0
0
-3835
-4885
-2887
-2620
-3356
0
0
0
0
0
0
0
0
0
0
0
2657
-4428
-4418
-3813
-23710
0
0
0
0
0
0
0
0
0
0
0
-2196
-2988
-1273
-1048
-2124
0
0
0
0
0
0
0
0
0
0
0
650
-2907
-2336
-2331
-18437
0
0
0
0
0
0
0
0
0
0
0
-2856
-2383
-2418
-120
-3216
0
0
0
0
0
0
0
0
0
0
0
-944
-4810
-3123
-3249
-15414
0
0
0
0
0
0
0
0
0
0
0
-1896
-1709
-1480
-71
-2694
0
0
0
0
0
0
0
0
0
0
0
-784
-4335
-4026
-2678
-21859
0
0
0
0
0
0
0
0
0
0
0
-1464
-3195
-2677
138
-2030
0
0
0
0
0
0
0
0
0
0
0
183
-1738
-2704
-2001
-22891
0
0
0
0
0
0
0
0
0
0
0
-3418
-5438
-5014
-1629
-3376
0
0
0
0
0
0
0
0
0
0
0
1591
-2383
-2901
-3618
-25616
0
0
0
0
0
0
0
0
0
0
0
-3874
-5818
-3319
-4321
-3235
0
0
0
0
0
0
0
0
0
0
0
4831
-4349
-4358
-3411
-19576
0
0
0
0
0
0
0
0
0
0
0
-3693
-6068
-2749
-3150
-3742
0
0
0
0
0
0
0
0
0
0
0
1510
-4758
-3147
-3959
-20284
0
0
0
0
0
0
0
0
0
0
0
-3435
-4675
-1807
-1670
-2806
0
0
0
0
0
0
0
0
0
0
0
1
-3110
-1594
-3017
-17264
0
0
0
0
0
0
0
0
0
0
0
-3414
-4436
-2641
-2333
-3027
0
0
0
0
0
0
0
0
0
0
0
2108
-3233
-3341
-3152
-17270
0
0
0
0
0
0
0
0
0
0
0
-1665
-1427
-1836
-922
-1747
0
0
0
0
0
0
0
0
0
0
0
-118
-2201
-1129
-1666
-16642
0
0
0
0
0
0
0
0
0
0
0
-1457
-2024
-2715
88
-2307
0
0
0
0
0
0
0
0
0
0
0
-1597
-3611
-1006
-2218
-18063
0
0
0
0
0
0
0
0
0
0
0
-1679
-2163
-1492
583
-1533
0
0
0
0
0
0
0
0
0
0
0
-916
-2653
199
-1357
-16709
0
0
0
0
0
0
0
0
0
0
0
-2981
-4056
-2628
-457
-2323
0
0
0
0
0
0
0
0
0
0
0
1336
-3200
-1941
-2403
-19470
0
0
0
0
0
0
0
0
0
0
0
-3387
-5959
-3004
-2537
-3494
0
0
0
0
0
0
0
0
0
0
0
2482
-5146
-4200
-3741
-19764
0
0
0
0
0
0
0
0
0
0
0
-2848
-4082
-2095
-1071
-2184
0
0
0
0
0
0
0
0
0
0
0
863
-3511
-686
-2423
-19370
0
0
0
0
0
0
0
0
0
0
0
-5052
-6454
-4860
-2200
-4046
0
0
0
0
0
0
0
0
0
0
0
466
-4018
-1002
-4316
-23239
0
0
0
0
0
0
0
0
0
0
0
-5395
-6938
-4535
-4877
-4004
0
0
0
0
0
0
0
0
0
0
0
6395
-5815
-4859
-4352
-16517
0
0
0
0
0
0
0
0
0
0
0
0
0
0
0
0
0
0
0
0
0
0
0
0
0
0
0
0
0
0
0
0
0
0
0
0
0
0
0
0
0
0
0
0
0
0
0
0
0
0
0
0
0
0
0
0
0
0
0
0
0
0
0
0
0
0
0
0
0
0
0
0
0
0
0
0
0
0
0
0
0
0
0
0
0
0
0
0
0
0
0
0
0
0
0
0
0
0
0
0
0
0
0
0
0
0
0
0
0
0
0
0
0
0
0
0
0
0
0
0
0
0
0
0
0
0
0
0
0
0
0
0
0
0
0
0
0
0
0
0
0
0
0
0
0
0
0
0
0
0
0
0
0
0
0
0
0
0
0
0
0
0
0
0
0
0
0
0
0
0
0
0
0
0
0
0
0
0
0
0
0
0
0
0
0
0
0
0
0
0
0
0
0
0
0
0
0
0
0
0
0
0
0
0
0
0
0
0
0
0
0
0
0
0
0
0
0
0
0
0
0
0
0
0
0
0
0
0
0
0
0
0
0
0
0
0
0
0
0
0
0
0
0
0
0
0
0
0
0
0
0
0
0
0
0
0
0
0
0
0
0
0
0
0
0
0
0
0
0
0
0
0
0
0
0
0
0
0
0
0
0
0
0
0
0
0
0
0
0
0
0
0
0
0
0
0
0
0
0
0
0
0
0
0
0
0
0
0
0
0
0
0
0
0
0
0
0
0
0
0
0
0
0
0
0
0
0
0
0
0
0
0
0
0
0
0
0
0
0
0
0
0
0
0
0
0
0
0
0
0
0
0
0
0
0
0
0
0
0
0
0
0
0
0
0
0
0
0
0
0
0
0
0
0
0
0
0
0
0
0
0
0
0
0
0
0
0
0
0
0
0
0
0
0
0
0
0
0
0
0
0
0
0
0
0
0
0
0
0
0
0
0
0
0
0
0
0
0
0
0
0
0
0
0
0
0
0
0
0
0
0
0
0
0
0
0
0
0
0
0
0
0
0
0
0
0
0
0
0
0
0
0
0
0
0
0
0
0
0
0
0
0
0
0
0
0
0
0
0
0
0
0
0
0
0
0
0
0
0
0
0
0
0
0
0
0
0
0
0
0
0
0
0
0
0
0
0
0
0
0
0
0
0
0
0
0
0
0
0
0
0
0
0
0
0
0
0
0
0
0
0
0
0
0
0
0
0
0
0
0
0
0
0
0
0
0
0
0
0
0
0
0
0
0
0
0
0
0
0
0
0
0
0
0
0
0
0
0
0
0
0
0
0
0
0
0
0
0
0
0
0
0
0
0
0
0
0
0
0
0
0
0
0
0
0
0
0
0
0
0
0
0
0
0
0
0
0
0
0
0
0
0
0
0
0
0
0
0
0
0
0
0
0
0
0
0
0
0
0
0
0
0
0
0
0
0
0
0
0
0
0
0
0
0
0
0
0
0
0
0
0
0
0
0
0
0
0
0
0
0
0
0
0
0
0
0
0
0
0
0
0
0
0
0
0
0
0
0
0
0
0
0
0
0
0
0
0
0
0
0
0
0
0
0
0
0
0
0
0
0
0
0
0
0
0
0
0
0
0
0
0
0
0
0
0
0
0
0
0
0
0
0
0
0
0
0
0
0
0
0
0
0
0
0
0
0
0
0
0
0
0
0
0
0
0
0
0
0
0
0
0
0
0
0
0
0
0
0
0
0
0
0
0
0
0
0
0
0
0
0
0
0
0
0
0
0
0
0
0
0
0
0
0
0
0
0
0
0
0
0
0
0
0
0
0
0
0
0
0
0
0
0
0
0
0
0
0
0
0
0
0
0
0
0
0
0
0
0
0
0
0
0
0
0
0
0
0
0
0
0
0
0
0
0
0
0
0
0
0
0
0
0
0
0
0
0
0
0
0
0
0
0
0
0
0
0
0
0
0
0
0
0
0
0
0
0
0
0
0
0
0
0
0
0
0
0
0
0
0
0
0
0
0
0
0
0
0
0
0
0
0
0
0
0
0
0
0
0
0
0
0
0
0
0
0
0
0
0
0
0
0
0
0
0
0
0
0
0
0
0
0
0
0
0
0
0
0
0
0
0
0
0
0
0
0
0
0
0
0
0
0
0
0
0
0
0
0
0
0
0
0
0
0
0
0
0
0
0
0
0
0
0
0
0
0
0
0
0
0
0
0
0
0
0
0
0
0
0
0
0
0
0
0
0
0
0
0
0
0
0
0
0
0
0
0
0
0
0
0
0
0
0
0
0
0
0
0
0
0
0
0
0
0
0
0
0
0
0
0
0
0
0
0
0
0
0
0
0
0
0
0
0
0
0
0
0
0
0
0
0
0
0
0
0
0
0
0
0
0
0
0
0
0
0
0
0
0
0
0
0
0
0
0
0
0
0
0
0
0
0
0
0
0
0
0
0
0
0
0
0
0
0
0
0
0
0
0
0
0
0
0
0
0
0
0
0
0
0
0
0
0
0
0
0
0
0
0
0
0
0
0
0
0
0
0
0
0
0
0
0
0
0
0
0
0
0
0
0
0
0
0
0
0
0
0
0
0
0
0
0
0
0
0
0
0
0
0
0
0
0
0
0
0
0
0
0
0
0
0
0
0
0
0
0
0
0
0
0
0
0
0
0
0
0
0
0
0
0
0
0
0
0
0
0
0
0
0
0
0
0
0
0
0
0
0
0
0
0
0
0
0
0
0
0
0
0
0
0
0
0
0
0
0
0
0
0
0
0
0
0
0
0
0
0
0
0
0
0
0
0
0
0
0
0
0
0
0
0
0
0
0
0
0
0
0
0
0
0
0
0
0
0
0
0
0
0
0
0
0
0
0
0
0
0
0
0
0
0
0
0
0
0
0
0
0
0
0
0
0
0
0
0
0
0
0
0
0
0
0
0
0
0
0
0
0
0
0
0
0
0
0
0
0
0
0
0
0
0
0
0
0
0
0
0
0
0
0
0
0
0
0
0
0
0
0
0
0
0
0
0
0
0
0
0
0
0
0
0
0
0
0
0
0
0
0
0
0
0
0
0
0
0
0
0
0
0
0
0
0
0
0
0
0
0
0
0
0
0
0
0
0
0
0
0
0
0
0
0
0
0
0
0
0
0
0
0
0
0
0
0
0
0
0
0
0
0
0
0
0
0
0
0
0
0
0
0
0
0
0
0
0
0
0
0
0
0
0
0
0
0
0
0
0
0
0
0
0
0
0
0
0
0
0
0
0
0
0
0
0
0
0
0
0
0
0
0
0
0
0
0
0
0
0
0
0
0
0
0
0
0
0
0
0
0
0
0
0
0
0
0
0
0
0
0
0
0
0
0
0
0
0
0
0
0
0
0
0
0
0
0
0
0
0
0
0
0
0
0
0
0
0
0
0
0
0
0
0
0
0
0
0
0
0
0
0
0
0
0
0
0
0
0
0
0
0
0
0
0
0
0
0
0
0
0
0
0
0
0
0
0
0
0
0
0
0
0
0
0
0
0
0
0
0
0
0
0
0
0
0
0
0
0
0
0
0
0
0
0
0
0
0
0
0
0
0
0
0
0
0
0
0
0
0
0
0
0
0
0
0
0
0
0
0
0
0
0
0
0
0
0
0
0
0
0
0
0
0
0
0
0
0
0
0
0
0
0
0
0
0
0
0
0
0
0
0
0
0
0
0
0
0
0
0
0
0
0
0
0
0
0
0
0
0
0
0
0
0
0
0
0
0
0
0
0
0
0
0
0
0
0
0
0
0
0
0
0
0
0
0
0
0
0
0
0
0
0
0
0
0
0
0
0
0
0
0
0
0
0
0
0
0
0
0
0
0
0
0
0
0
0
0
0
0
0
0
0
0
0
0
0
0
0
0
0
0
0
0
0
0
0
0
0
0
0
0
0
0
0
0
0
0
0
0
0
0
0
0
0
0
0
0
0
0
0
0
0
0
0
0
0
0
0
0
0
0
0
0
0
0
0
0
0
0
0
0
0
0
0
0
0
0
0
0
0
0
0
0
0
0
0
0
0
0
0
0
0
0
0
0
0
0
0
0
0
0
0
0
0
0
0
0
0
0
0
0
0
0
0
0
0
0
0
0
0
0
0
0
0
0
0
0
0
0
0
0
0
0
0
0
0
0
0
0
0
0
0
0
0
0
0
0
0
0
0
0
0
0
0
0
0
0
0
0
0
0
0
0
0
0
0
0
0
0
0
0
0
0
0
0
0
0
0
0
0
0
0
0
0
0
0
0
0
0
0
0
0
0
0
0
0
0
0
0
0
0
0
0
0
0
0
0
0
0
0
0
0
0
0
0
0
0
0
0
0
0
0
0
0
0
0
0
0
0
0
0
0
0
0
0
0
0
0
0
0
0
0
0
0
0
0
0
0
0
0
0
0
0
0
0
0
0
0
0
0
0
0
0
0
0
0
0
0
0
0
0
0
0
0
0
0
0
0
0
0
0
0
0
0
0
0
0
0
0
0
0
0
0
0
0
0
0
0
0
0
0
0
0
0
0
0
0
0
0
0
0
0
0
0
0
0
0
0
0
0
0
0
0
0
0
0
0
0
0
0
0
0
0
0
0
0
0
0
0
0
0
0
0
0
0
0
0
0
0
0
0
0
0
0
0
0
0
0
0
0
0
0
0
0
0
0
0
0
0
0
0
0
0
0
0
0
0
0
0
0
0
0
0
0
0
0
0
0
0
0
0
0
0
0
0
0
0
0
0
0
0
0
0
0
0
0
0
0
0
0
0
0
0
0
0
0
0
0
0
0
0
0
0
0
0
0
0
0
0
0
0
0
0
0
0
0
0
0
0
0
0
0
0
0
0
0
0
0
0
0
0
0
0
0
0
0
0
0
0
0
0
0
0
0
0
0
0
0
0
0
0
0
0
0
0
0
0
0
0
0
0
0
0
0
0
0
0
0
0
0
0
0
0
0
0
0
0
0
0
0
0
0
0
0
0
0
0
0
0
0
0
0
0
0
0
0
0
0
0
0
0
0
0
0
0
0
0
0
0
0
0
0
0
0
0
0
0
0
0
0
0
0
0
0
0
0
0
0
0
0
0
0
0
0
0
0
0
0
0
0
0
0
0
0
0
0
0
0
0
0
0
0
0
0
0
0
0
0
0
0
0
0
0
0
0
0
0
0
0
0
0
0
0
0
0
0
0
0
0
0
0
0
0
0
0
0
0
0
0
0
0
0
0
0
0
0
0
0
0
0
0
0
0
0
0
0
0
0
0
0
0
0
0
0
0
0
0
0
0
0
0
0
0
0
0
0
0
0
0
0
0
0
0
0
0
0
0
0
0
0
0
0
0
0
0
0
0
0
0
0
0
0
0
0
0
0
0
0
0
0
0
0
0
0
0
0
0
0
0
0
0
0
0
0
0
0
0
0
0
0
0
0
0
0
0
0
0
0
0
0
0
0
0
0
0
0
0
0
0
0
0
0
0
0
0
0
0
0
0
0
0
0
0
0
0
0
0
0
0
0
0
0
0
0
0
0
0
0
0
0
0
0
0
0
0
0
0
0
0
0
0
0
0
0
0
0
0
0
0
0
0
0
0
0
0
0
0
0
0
0
0
0
0
0
0
0
0
0
0
0
0
0
0
0
0
0
0
0
0
0
0
0
0
0
0
0
0
0
0
0
0
0
0
0
0
0
0
0
0
0
0
0
0
0
0
0
0
0
0
0
0
0
0
0
0
0
0
0
0
0
0
0
0
0
0
0
0
0
0
0
0
0
0
0
0
0
0
0
0
0
0
0
0
0
0
0
0
0
0
0
0
0
0
0
0
0
0
0
0
0
0
0
0
0
0
0
0
0
0
0
0
0
0
0
0
0
0
0
0
0
0
0
0
0
0
0
0
0
0
0
0
0
0
0
0
0
0
0
0
0
0
0
0
0
0
0
0
0
0
0
0
0
0
0
0
0
0
0
0
0
0
0
0
0
0
0
0
0
0
0
0
0
0
0
0
0
0
0
0
0
0
0
0
0
0
0
0
0
0
0
0
0
0
0
0
0
0
0
0
0
0
0
0
0
0
0
0
0
0
0
0
0
0
0
0
0
0
0
0
0
0
0
0
0
0
0
0
0
0
0
0
0
0
0
0
0
0
0
0
0
0
0
0
0
0
0
0
0
0
0
0
0
0
0
0
0
0
0
0
0
0
0
0
0
0
0
0
0
0
0
0
0
0
0
0
0
0
0
0
0
0
0
0
0
0
0
0
0
0
0
0
0
0
0
0
0
0
0
0
0
0
0
0
0
0
0
0
0
0
0
0
0
0
0
0
0
0
0
0
0
0
0
0
0
0
0
0
0
0
0
0
0
0
0
0
0
0
0
0
0
0
0
0
0
0
0
0
0
0
0
0
0
0
0
0
0
0
0
0
0
0
0
0
0
0
0
0
0
0
0
0
0
0
0
0
0
0
0
0
0
0
0
0
0
0
0
0
0
0
0
0
0
0
0
0
0
0
0
0
0
0
0
0
0
0
0
0
0
0
0
0
0
0
0
0
0
0
0
0
0
0
0
0
0
0
0
0
0
0
0
0
0
0
0
0
0
0
0
0
0
0
0
0
0
0
0
0
0
0
0
0
0
0
0
0
0
0
0
0
0
0
0
0
0
0
0
0
0
0
0
0
0
0
0
0
0
0
0
0
0
0
0
0
0
0
0
0
0
0
0
0
0
0
0
0
0
0
0
0
0
0
0
0
0
0
0
0
0
0
0
0
0
0
0
0
0
0
0
0
0
0
0
0
0
0
0
0
0
0
0
0
0
0
0
0
0
0
0
0
0
0
0
0
0
0
0
0
0
0
0
0
0
0
0
0
0
0
0
0
0
0
0
0
0
0
0
0
0
0
0
0
0
0
0
0
0
0
0
0
0
0
0
0
0
0
0
0
0
0
0
0
0
0
0
0
0
0
0
0
0
0
0
0
0
0
0
0
0
0
0
0
0
0
0
0
0
0
0
0
0
0
0
0
0
0
0
0
0
0
0
0
0
0
0
0
0
0
0
0
0
0
0
0
0
0
0
0
0
0
0
0
0
0
0
0
0
0
0
0
0
0
0
0
0
0
0
0
0
0
0
0
0
0
0
0
0
0
0
0
0
0
0
0
0
0
0
0
0
0
0
0
0
0
0
0
0
0
0
0
0
0
0
0
0
0
0
0
0
0
0
0
0
0
0
0
0
0
0
0
0
0
0
0
0
0
0
0
0
0
0
0
0
0
0
0
0
0
0
0
0
0
0
0
0
0
0
0
0
0
0
0
0
0
0
0
0
0
0
0
0
0
0
0
0
0
0
0
0
0
0
0
0
0
0
0
0
0
0
0
0
0
0
0
0
0
0
0
0
0
0
0
0
0
0
0
0
0
0
0
0
0
0
0
0
0
0
0
0
0
0
0
0
0
0
0
0
0
0
0
0
0
0
0
0
0
0
0
0
0
0
0
0
0
0
0
0
0
0
0
0
0
0
0
0
0
0
0
0
0
0
0
0
0
0
0
0
0
0
0
0
0
0
0
0
0
0
0
0
0
0
0
0
0
0
0
0
0
0
0
0
0
0
0
0
0
0
0
0
0
0
0
0
0
0
0
0
0
0
0
0
0
0
0
0
0
0
0
0
0
0
0
0
0
0
0
0
0
0
0
0
0
0
0
0
0
0
0
0
0
0
0
0
0
0
0
0
0
0
0
0
0
0
0
0
0
0
0
0
0
0
0
0
0
0
0
0
0
0
0
0
0
0
0
0
0
0
0
0
0
0
0
0
0
0
0
0
0
0
0
0
0
0
0
0
0
0
0
0
0
0
0
0
0
0
0
0
0
0
0
0
0
0
0
0
0
0
0
0
0
0
0
0
0
0
0
0
0
0
0
0
0
0
0
0
0
0
0
0
0
0
0
0
0
0
0
0
0
0
0
0
0
0
0
0
0
0
0
0
0
0
0
0
0
0
0
0
0
0
0
0
0
0
0
0
0
0
0
0
0
0
0
0
0
0
0
0
0
0
0
0
0
0
0
0
0
0
0
0
0
0
0
0
0
0
0
0
0
0
0
0
0
0
0
0
0
0
0
0
0
0
0
0
0
0
0
0
0
0
0
0
0
0
0
0
0
0
0
0
0
0
0
0
0
0
0
0
0
0
0
0
0
0
0
0
0
0
0
0
0
0
0
0
0
0
0
0
0
0
0
0
0
0
0
0
0
0
0
0
0
0
0
0
0
0
0
0
0
0
0
0
0
0
0
0
0
0
0
0
0
0
0
0
0
0
0
0
0
0
0
0
0
0
0
0
0
0
0
0
0
0
0
0
0
0
0
0
0
0
0
0
0
0
0
0
0
0
0
0
0
0
0
0
0
0
0
0
0
0
0
0
0
0
0
0
0
0
0
0
0
0
0
0
0
0
0
0
0
0
0
0
0
0
0
0
0
0
0
0
0
0
0
0
0
0
0
0
0
0
0
0
0
0
0
0
0
0
0
0
0
0
0
0
0
0
0
0
0
0
0
0
0
0
0
0
0
0
0
0
0
0
0
0
0
0
0
0
0
0
0
0
0
0
0
0
0
0
0
0
0
0
0
0
0
0
0
0
0
0
0
0
0
0
0
0
0
0
0
0
0
0
0
0
0
0
0
0
0
0
0
0
0
0
0
0
0
0
0
0
0
0
0
0
0
0
0
0
0
0
0
0
0
0
0
0
0
0
0
0
0
0
0
0
0
0
0
0
0
0
0
0
0
0
0
0
0
0
0
0
0
0
0
0
0
0
0
0
0
0
0
0
0
0
0
0
0
0
0
0
0
0
0
0
0
0
0
0
0
0
0
0
0
0
0
0
0
0
0
0
0
0
0
0
0
0
0
0
0
0
0
0
0
0
0
0
0
0
0
0
0
0
0
0
0
0
0
0
0
0
0
0
0
0
0
0
0
0
0
0
0
0
0
0
0
0
0
0
0
0
0
0
0
0
0
0
0
0
0
0
0
0
0
0
0
0
0
0
0
0
0
0
0
0
0
0
0
0
0
0
0
0
0
0
0
0
0
0
0
0
0
0
0
0
0
0
0
0
0
0
0
0
0
0
0
0
0
0
0
0
0
0
0
0
0
0
0
0
0
0
0
0
0
0
0
0
0
0
0
0
0
0
0
0
0
0
0
0
0
0
0
0
0
0
0
0
0
0
0
0
0
0
0
0
0
0
0
0
0
0
0
0
0
0
0
0
0
0
0
0
0
0
0
0
0
0
0
0
0
0
0
0
0
0
0
0
0
0
0
0
0
0
0
0
0
0
0
0
0
0
0
0
0
0
0
0
0
0
0
0
0
0
0
0
0
0
0
0
0
0
0
0
0
0
0
0
0
0
0
0
0
0
0
0
0
0
0
0
0
0
0
0
0
0
0
0
0
0
0
0
0
0
0
0
0
0
0
0
0
0
0
0
0
0
0
0
0
0
0
0
0
0
0
0
0
0
0
0
0
0
0
0
0
0
0
0
0
0
0
0
0
0
0
0
0
0
0
0
0
0
0
0
0
0
0
0
0
0
0
0
0
0
0
0
0
0
0
0
0
0
0
0
0
0
0
0
0
0
0
0
0
0
0
0
0
0
0
0
0
0
0
0
0
0
0
0
0
0
0
0
0
0
0
0
0
0
0
0
0
0
0
0
0
0
0
0
0
0
0
0
0
0
0
0
0
0
0
0
0
0
0
0
0
0
0
0
0
0
0
0
0
0
0
0
0
0
0
0
0
0
0
0
0
0
0
0
0
0
0
0
0
0
0
0
0
0
0
0
0
0
0
0
0
0
0
0
0
0
0
0
0
0
0
0
0
0
0
0
0
0
0
0
0
0
0
0
0
0
0
0
0
0
0
0
0
0
0
0
0
0
0
0
0
0
0
0
0
0
0
0
0
0
0
0
0
0
0
0
0
0
0
0
0
0
0
0
0
0
0
0
0
0
0
0
0
0
0
0
0
0
0
0
0
0
0
0
0
0
0
0
0
0
0
0
0
0
0
0
0
0
0
0
0
0
0
0
0
0
0
0
0
0
0
0
0
0
0
0
0
0
0
0
0
0
0
0
0
0
0
0
0
0
0
0
0
0
0
0
0
0
0
0
0
0
0
0
0
0
0
0
0
0
0
0
0
0
0
0
0
0
0
0
0
0
0
0
0
0
0
0
0
0
0
0
0
0
0
0
0
0
0
0
0
0
0
0
0
0
0
0
0
0
0
0
0
0
0
0
0
0
0
0
0
0
0
0
0
0
0
0
0
0
0
0
0
0
0
0
0
0
0
0
0
0
0
0
0
0
0
0
0
0
0
0
0
0
0
0
0
0
0
0
0
0
0
0
0
0
0
0
0
0
0
0
0
0
0
0
0
0
0
0
0
0
0
0
0
0
0
0
0
0
0
0
0
0
0
0
0
0
0
0
0
0
0
0
0
0
0
0
0
0
0
0
0
0
0
0
0
0
0
0
0
0
0
0
0
0
0
0
0
0
0
0
0
0
0
0
0
0
0
0
0
0
0
0
0
0
0
0
0
0
0
0
0
0
0
0
0
0
0
0
0
0
0
0
0
0
0
0
0
0
0
0
0
0
0
0
0
0
0
0
0
0
0
0
0
0
0
0
0
0
0
0
0
0
0
0
0
0
0
0
0
0
0
0
0
0
0
0
0
0
0
0
0
0
0
0
0
0
0
0
0
0
0
0
0
0
0
0
0
0
0
0
0
0
0
0
0
0
0
0
0
0
0
0
0
0
0
0
0
0
0
0
0
0
0
0
0
0
0
0
0
0
0
0
0
0
0
0
0
0
0
0
0
0
0
0
0
0
0
0
0
0
0
0
0
0
0
0
0
0
0
0
0
0
0
0
0
0
0
0
0
0
0
0
0
0
0
0
0
0
0
0
0
0
0
0
0
0
0
0
0
0
0
0
0
0
0
0
0
0
0
0
0
0
0
0
0
0
0
0
0
0
0
0
0
0
0
0
0
0
0
0
0
0
0
0
0
0
0
0
0
0
0
0
0
0
0
0
0
0
0
0
0
0
0
0
0
0
0
0
0
0
0
0
0
0
0
0
0
0
0
0
0
0
0
0
0
0
0
0
0
0
0
0
0
0
0
0
0
0
0
0
0
0
0
0
0
0
0
0
0
0
0
0
0
0
0
0
0
0
0
0
0
0
0
0
0
0
0
0
0
0
0
0
0
0
0
0
0
0
0
0
0
0
0
0
0
0
0
0
0
0
0
0
0
0
0
0
0
0
0
0
0
0
0
0
0
0
0
0
0
0
0
0
0
0
0
0
0
0
0
0
0
0
0
0
0
0
0
0
0
0
0
0
0
0
0
0
0
0
0
0
0
0
0
0
0
0
0
0
0
0
0
0
0
0
0
0
0
0
0
0
0
0
0
0
0
0
0
0
0
0
0
0
0
0
0
0
0
0
0
0
0
0
0
0
0
0
0
0
0
0
0
0
0
0
0
0
0
0
0
0
0
0
0
0
0
0
0
0
0
0
0
0
0
0
0
0
0
0
0
0
0
0
0
0
0
0
0
0
0
0
0
0
0
0
0
0
0
0
0
0
0
0
0
0
0
0
0
0
0
0
0
0
0
0
0
0
0
0
0
0
0
0
0
0
0
0
0
0
0
0
0
0
0
0
0
0
0
0
0
0
0
0
0
0
0
0
0
0
0
0
0
0
0
0
0
0
0
0
0
0
0
0
0
0
0
0
0
0
0
0
0
0
0
0
0
0
0
0
0
0
0
0
0
0
0
0
0
0
0
0
0
0
0
0
0
0
0
0
0
0
0
0
0
0
0
0
0
0
0
0
0
0
0
0
0
0
0
0
0
0
0
0
0
0
0
0
0
0
0
0
0
0
0
0
0
0
0
0
0
0
0
0
0
0
0
0
0
0
0
0
0
0
0
0
0
0
0
0
0
0
0
0
0
0
0
0
0
0
0
0
0
0
0
0
0
0
0
0
0
0
0
0
0
0
0
0
0
0
0
0
0
0
0
0
0
0
0
0
0
0
0
0
0
0
0
0
0
0
0
0
0
0
0
0
0
0
0
0
0
0
0
0
0
0
0
0
0
0
0
0
0
0
0
0
0
0
0
0
0
0
0
0
0
0
0
0
0
0
0
0
0
0
0
0
0
0
0
0
0
0
0
0
0
0
0
0
0
0
0
0
0
0
0
0
0
0
0
0
0
0
0
0
0
0
0
0
0
0
0
0
0
0
0
0
0
0
0
0
0
0
0
0
0
0
0
0
0
0
0
0
0
0
0
0
0
0
0
0
0
0
0
0
0
0
0
0
0
0
0
0
0
0
0
0
0
0
0
0
0
0
0
0
0
0
0
0
0
0
0
0
0
0
0
0
0
0
0
0
0
0
0
0
0
0
0
0
0
0
0
0
0
0
0
0
0
0
0
0
0
0
0
0
0
0
0
0
0
0
0
0
0
0
0
0
0
0
0
0
0
0
0
0
0
0
0
0
0
0
0
0
0
0
0
0
0
0
0
0
0
0
0
0
0
0
0
0
0
0
0
0
0
0
0
0
0
0
0
0
0
0
0
0
0
0
0
0
0
0
0
0
0
0
0
0
0
0
0
0
0
0
0
0
0
0
0
0
0
0
0
0
0
0
0
0
0
0
0
0
0
0
0
0
0
0
0
0
0
0
0
0
0
0
0
0
0
0
0
0
0
0
0
0
0
0
0
0
0
0
0
0
0
0
0
0
0
0
0
0
0
0
0
0
0
0
0
0
0
0
0
0
0
0
0
0
0
0
0
0
0
0
0
0
0
0
0
0
0
0
0
0
0
0
0
0
0
0
0
0
0
0
0
0
0
0
0
0
0
0
0
0
0
0
0
0
0
0
0
0
0
0
0
0
0
0
0
0
0
0
0
0
0
0
0
0
0
0
0
0
0
0
0
0
0
0
0
0
0
0
0
0
0
0
0
0
0
0
0
0
0
0
0
0
0
0
0
0
0
0
0
0
0
0
0
0
0
0
0
0
0
0
0
0
0
0
0
0
0
0
0
0
0
0
0
0
0
0
0
0
0
0
0
0
0
0
0
0
0
0
0
0
0
0
0
0
0
0
0
0
0
0
0
0
0
0
0
0
0
0
0
0
0
0
0
0
0
0
0
0
0
0
0
0
0
0
0
0
0
0
0
0
0
0
0
0
0
0
0
0
0
0
0
0
0
0
0
0
0
0
0
0
0
0
0
0
0
0
0
0
0
0
0
0
0
0
0
0
0
0
0
0
0
0
0
0
0
0
0
0
0
0
0
0
0
0
0
0
0
0
0
0
0
0
0
0
0
0
0
0
0
0
0
0
0
0
0
0
0
0
0
0
0
0
0
0
0
0
0
0
0
0
0
0
0
0
0
0
0
0
0
0
0
0
0
0
0
0
0
0
0
0
0
0
0
0
0
0
0
0
0
0
0
0
0
0
0
0
0
0
0
0
0
0
0
0
0
0
0
0
0
0
0
0
0
0
0
0
0
0
0
0
0
0
0
0
0
0
0
0
0
0
0
0
0
0
0
0
0
0
0
0
0
0
0
0
0
0
0
0
0
0
0
0
0
0
0
0
0
0
0
0
0
0
0
0
0
0
0
0
0
0
0
0
0
0
0
0
0
0
0
0
0
0
0
0
0
0
0
0
0
0
0
0
0
0
0
0
0
0
0
0
0
0
0
0
0
0
0
0
0
0
0
0
0
0
0
0
0
0
0
0
0
0
0
0
0
0
0
0
0
0
0
0
0
0
0
0
0
0
0
0
0
0
0
0
0
0
0
0
0
0
0
0
0
0
0
0
0
0
0
0
0
0
0
0
0
0
0
0
0
0
0
0
0
0
0
0
0
0
0
0
0
0
0
0
0
0
0
0
0
0
0
0
0
0
0
0
0
0
0
0
0
0
0
0
0
0
0
0
0
0
0
0
0
0
0
0
0
0
0
0
0
0
0
0
0
0
0
0
0
0
0
0
0
0
0
0
0
0
0
0
0
0
0
0
0
0
0
0
0
0
0
0
0
0
0
0
0
0
0
0
0
0
0
0
0
0
0
0
0
0
0
0
0
0
0
0
0
0
0
0
0
0
0
0
0
0
0
0
0
0
0
0
0
0
0
0
0
0
0
0
0
0
0
0
0
0
0
0
0
0
0
0
0
0
0
0
0
0
0
0
0
0
0
0
0
0
0
0
0
0
0
0
0
0
0
0
0
0
0
0
0
0
0
0
0
0
0
0
0
0
0
0
0
0
0
0
0
0
0
0
0
0
0
0
0
0
0
0
0
0
0
0
0
0
0
0
0
0
0
0
0
0
0
0
0
0
0
0
0
0
0
0
0
0
0
0
0
0
0
0
0
0
0
0
0
0
0
0
0
0
0
0
0
0
0
0
0
0
0
0
0
0
0
0
0
0
0
0
0
0
0
0
0
0
0
0
0
0
0
0
0
0
0
0
0
0
0
0
0
0
0
0
0
0
0
0
0
0
0
0
0
0
0
0
0
0
0
0
0
0
0
0
0
0
0
0
0
0
0
0
0
0
0
0
0
0
0
0
0
0
0
0
0
0
0
0
0
0
0
0
0
0
0
0
0
0
0
0
0
0
0
0
0
0
0
0
0
0
0
0
0
0
0
0
0
0
0
0
0
0
0
0
0
0
0
0
0
0
0
0
0
0
0
0
0
0
0
0
0
0
0
0
0
0
0
0
0
0
0
0
0
0
0
0
0
0
0
0
0
0
0
0
0
0
0
0
0
0
0
0
0
0
0
0
0
0
0
0
0
0
0
0
0
0
0
0
0
0
0
0
0
0
0
0
0
0
0
0
0
0
0
0
0
0
0
0
0
0
0
0
0
0
0
0
0
0
0
0
0
0
0
0
0
0
0
0
0
0
0
0
0
0
0
0
0
0
0
0
0
0
0
0
0
0
0
0
0
0
0
0
0
0
0
0
0
0
0
0
0
0
0
0
0
0
0
0
0
0
0
0
0
0
0
0
0
0
0
0
0
0
0
0
0
0
0
0
0
0
0
0
0
0
0
0
0
0
0
0
0
0
0
0
0
0
0
0
0
0
0
0
0
0
0
0
0
0
0
0
0
0
0
0
0
0
0
0
0
0
0
0
0
0
0
0
0
0
0
0
0
0
0
0
0
0
0
0
0
0
0
0
0
0
0
0
0
0
0
0
0
0
0
0
0
0
0
0
0
0
0
0
0
0
0
0
0
0
0
0
0
0
0
0
0
0
0
0
0
0
0
0
0
0
0
0
0
0
0
0
0
0
0
0
0
0
0
0
0
0
0
0
0
0
0
0
0
0
0
0
0
0
0
0
0
0
0
0
0
0
0
0
0
0
0
0
0
0
0
0
0
0
0
0
0
0
0
0
0
0
0
0
0
0
0
0
0
0
0
0
0
0
0
0
0
0
0
0
0
0
0
0
0
0
0
0
0
0
0
0
0
0
0
0
0
0
0
0
0
0
0
0
0
0
0
0
0
0
0
0
0
0
0
0
0
0
0
0
0
0
0
0
0
0
0
0
0
0
0
0
0
0
0
0
0
0
0
0
0
0
0
0
0
0
0
0
0
0
0
0
0
0
0
0
0
0
0
0
0
0
0
0
0
0
0
0
0
0
0
0
0
0
0
0
0
0
0
0
0
0
0
0
0
0
0
0
0
0
0
0
0
0
0
0
0
0
0
0
0
0
0
0
0
0
0
0
0
0
0
0
0
0
0
0
0
0
0
0
0
0
0
0
0
0
0
0
0
0
0
0
0
0
0
0
0
0
0
0
0
0
0
0
0
0
0
0
0
0
0
0
0
0
0
0
0
0
0
0
0
0
0
0
0
0
0
0
0
0
0
0
0
0
0
0
0
0
0
0
0
0
0
0
0
0
0
0
0
0
0
0
0
0
0
0
0
0
0
0
0
0
0
0
0
0
0
0
0
0
0
0
0
0
0
0
0
0
0
0
0
0
0
0
0
0
0
0
0
0
0
0
0
0
0
0
0
0
0
0
0
0
0
0
0
0
0
0
0
0
0
0
0
0
0
0
0
0
0
0
0
0
0
0
0
0
0
0
0
0
0
0
0
0
0
0
0
0
0
0
0
0
0
0
0
0
0
0
0
0
0
0
0
0
0
0
0
0
0
0
0
0
0
0
0
0
0
0
0
0
0
0
0
0
0
0
0
0
0
0
0
0
0
0
0
0
0
0
0
0
0
0
0
0
0
0
0
0
0
0
0
0
0
0
0
0
0
0
0
0
0
0
0
0
0
0
0
0
0
0
0
0
0
0
0
0
0
0
0
0
0
0
0
0
0
0
0
0
0
0
0
0
0
0
0
0
0
0
0
0
0
0
0
0
0
0
0
0
0
0
0
0
0
0
0
0
0
0
0
0
0
0
0
0
0
0
0
0
0
0
0
0
0
0
0
0
0
0
0
0
0
0
0
0
0
0
0
0
0
0
0
0
0
0
0
0
0
0
0
0
0
0
0
0
0
0
0
0
0
0
0
0
0
0
0
0
0
0
0
0
0
0
0
0
0
0
0
0
0
0
0
0
0
0
0
0
0
0
0
0
0
0
0
0
0
0
0
0
0
0
0
0
0
0
0
0
0
0
0
0
0
0
0
0
0
0
0
0
0
0
0
0
0
0
0
0
0
0
0
0
0
0
0
0
0
0
0
0
0
0
0
0
0
0
0
0
0
0
0
0
0
0
0
0
0
0
0
0
0
0
0
0
0
0
0
0
0
0
0
0
0
0
0
0
0
0
0
0
0
0
0
0
0
0
0
0
0
0
0
0
0
0
0
0
0
0
0
0
0
0
0
0
0
0
0
0
0
0
0
0
0
0
0
0
0
0
0
0
0
0
0
0
0
0
0
0
0
0
0
0
0
0
0
0
0
0
0
0
0
0
0
0
0
0
0
0
0
0
0
0
0
0
0
0
0
0
0
0
0
0
0
0
0
0
0
0
0
0
0
0
0
0
0
0
0
0
0
0
0
0
0
0
0
0
0
0
0
0
0
0
0
0
0
0
0
0
0
0
0
0
0
0
0
0
0
0
0
0
0
0
0
0
0
0
0
0
0
0
0
0
0
0
0
0
0
0
0
0
0
0
0
0
0
0
0
0
0
0
0
0
0
0
0
0
0
0
0
0
0
0
0
0
0
0
0
0
0
0
0
0
0
0
0
0
0
0
0
0
0
0
0
0
0
0
0
0
0
0
0
0
0
0
0
0
0
0
0
0
0
0
0
0
0
0
0
0
0
0
0
0
0
0
0
0
0
0
0
0
0
0
0
0
0
0
0
0
0
0
0
0
0
0
0
0
0
0
0
0
0
0
0
0
0
0
0
0
0
0
0
0
0
0
0
0
0
0
0
0
0
0
0
0
0
0
0
0
0
0
0
0
0
0
0
0
0
0
0
0
0
0
0
0
0
0
0
0
0
0
0
0
0
0
0
0
0
0
0
0
0
0
0
0
0
0
0
0
0
0
0
0
0
0
0
0
0
0
0
0
0
0
0
0
0
0
0
0
0
0
0
0
0
0
0
0
0
0
0
0
0
0
0
0
0
0
0
0
0
0
0
0
0
0
0
0
0
0
0
0
0
0
0
0
0
0
0
0
0
0
0
0
0
0
0
0
0
0
0
0
0
0
0
0
0
0
0
0
0
0
0
0
0
0
0
0
0
0
0
0
0
0
0
0
0
0
0
0
0
0
0
0
0
0
0
0
0
0
0
0
0
0
0
0
0
0
0
0
0
0
0
0
0
0
0
0
0
0
0
0
0
0
0
0
0
0
0
0
0
0
0
0
0
0
0
0
0
0
0
0
0
0
0
0
0
0
0
0
0
0
0
0
0
0
0
0
0
0
0
0
0
0
0
0
0
0
0
0
0
0
0
0
0
0
0
0
0
0
0
0
0
0
0
0
0
0
0
0
0
0
0
0
0
0
0
0
0
0
0
0
0
0
0
0
0
0
0
0
0
0
0
0
0
0
0
0
0
0
0
0
0
0
0
0
0
0
0
0
0
0
0
0
0
0
0
0
0
0
0
0
0
0
0
0
0
0
0
0
0
0
0
0
0
0
0
0
0
0
0
0
0
0
0
0
0
0
0
0
0
0
0
0
0
0
0
0
0
0
0
0
0
0
0
0
0
0
0
0
0
0
0
0
0
0
0
0
0
0
0
0
0
0
0
0
0
0
0
0
0
0
0
0
0
0
0
0
0
0
0
0
0
0
0
0
0
0
0
0
0
0
0
0
0
0
0
0
0
0
0
0
0
0
0
0
0
0
0
0
0
0
0
0
0
0
0
0
0
0
0
0
0
0
0
0
0
0
0
0
0
0
0
0
0
0
0
0
0
0
0
0
0
0
0
0
0
0
0
0
0
0
0
0
0
0
0
0
0
0
0
0
0
0
0
0
0
0
0
0
0
0
0
0
0
0
0
0
0
0
0
0
0
0
0
0
0
0
0
0
0
0
0
0
0
0
0
0
0
0
0
0
0
0
0
0
0
0
0
0
0
0
0
0
0
0
0
0
0
0
0
0
0
0
0
0
0
0
0
0
0
0
0
0
0
0
0
0
0
0
0
0
0
0
0
0
0
0
0
0
0
0
0
0
0
0
0
0
0
0
0
0
0
0
0
0
0
0
0
0
0
0
0
0
0
0
0
0
0
0
0
0
0
0
0
0
0
0
0
0
0
0
0
0
0
0
0
0
0
0
0
0
0
0
0
0
0
0
0
0
0
0
0
0
0
0
0
0
0
0
0
0
0
0
0
0
0
0
0
0
0
0
0
0
0
0
0
0
0
0
0
0
0
0
0
0
0
0
0
0
0
0
0
0
0
0
0
0
0
0
0
0
0
0
0
0
0
0
0
0
0
0
0
0
0
0
0
0
0
0
0
0
0
0
0
0
0
0
0
0
0
0
0
0
0
0
0
0
0
0
0
0
0
0
0
0
0
0
0
0
0
0
0
0
0
0
0
0
0
0
0
0
0
0
0
0
0
0
0
0
0
0
0
0
0
0
0
0
0
0
0
0
0
0
0
0
0
0
0
0
0
0
0
0
0
0
0
0
0
0
0
0
0
0
0
0
0
0
0
0
0
0
0
0
0
0
0
0
0
0
0
0
0
0
0
0
0
0
0
0
0
0
0
0
0
0
0
0
0
0
0
0
0
0
0
0
0
0
0
0
0
0
0
0
0
0
0
0
0
0
0
0
0
0
0
0
0
0
0
0
0
0
0
0
0
0
0
0
0
0
0
0
0
0
0
0
0
0
0
0
0
0
0
0
0
0
0
0
0
0
0
0
0
0
0
0
0
0
0
0
0
0
0
0
0
0
0
0
0
0
0
0
0
0
0
0
0
0
0
0
0
0
0
0
0
0
0
0
0
0
0
0
0
0
0
0
0
0
0
0
0
0
0
0
0
0
0
0
0
0
0
0
0
0
0
0
0
0
0
0
0
0
0
0
0
0
0
0
0
0
0
0
0
0
0
0
0
0
0
0
0
0
0
0
0
0
0
0
0
0
0
0
0
0
0
0
0
0
0
0
0
0
0
0
0
0
0
0
0
0
0
0
0
0
0
0
0
0
0
0
0
0
0
0
0
0
0
0
0
0
0
0
0
0
0
0
0
0
0
0
0
0
0
0
0
0
0
0
0
0
0
0
0
0
0
0
0
0
0
0
0
0
0
0
0
0
0
0
0
0
0
0
0
0
0
0
0
0
0
0
0
0
0
0
0
0
0
0
0
0
0
0
0
0
0
0
0
0
0
0
0
0
0
0
0
0
0
0
0
0
0
0
0
0
0
0
0
0
0
0
0
0
0
0
0
0
0
0
0
0
0
0
0
0
0
0
0
0
0
0
0
0
0
0
0
0
0
0
0
0
0
0
0
0
0
0
0
0
0
0
0
0
0
0
0
0
0
0
0
0
0
0
0
0
0
0
0
0
0
0
0
0
0
0
0
0
0
0
0
0
0
0
0
0
0
0
0
0
0
0
0
0
0
0
0
0
0
0
0
0
0
0
0
0
0
0
0
0
0
0
0
0
0
0
0
0
0
0
0
0
0
0
0
0
0
0
0
0
0
0
0
0
0
0
0
0
0
0
0
0
0
0
0
0
0
0
0
0
0
0
0
0
0
0
0
0
0
0
0
0
0
0
0
0
0
0
0
0
0
0
0
0
0
0
0
0
0
0
0
0
0
0
0
0
0
0
0
0
0
0
0
0
0
0
0
0
0
0
0
0
0
0
0
0
0
0
0
0
0
0
0
0
0
0
0
0
0
0
0
0
0
0
0
0
0
0
0
0
0
0
0
0
0
0
0
0
0
0
0
0
0
0
0
0
0
0
0
0
0
0
0
0
0
0
0
0
0
0
0
0
0
0
0
0
0
0
0
0
0
0
0
0
0
0
0
0
0
0
0
0
0
0
0
0
0
0
0
0
0
0
0
0
0
0
0
0
0
0
0
0
0
0
0
0
0
0
0
0
0
0
0
0
0
0
0
0
0
0
0
0
0
0
0
0
0
0
0
0
0
0
0
0
0
0
0
0
0
0
0
0
0
0
0
0
0
0
0
0
0
0
0
0
0
0
0
0
0
0
0
0
0
0
0
0
0
0
0
0
0
0
0
0
0
0
0
0
0
0
0
0
0
0
0
0
0
0
0
0
0
0
0
0
0
0
0
0
0
0
0
0
0
0
0
0
0
0
0
0
0
0
0
0
0
0
0
0
0
0
0
0
0
0
0
0
0
0
0
0
0
0
0
0
0
0
0
0
0
0
0
0
0
0
0
0
0
0
0
0
0
0
0
0
0
0
0
0
0
0
0
0
0
0
0
0
0
0
0
0
0
0
0
0
0
0
0
0
0
0
0
0
0
0
0
0
0
0
0
0
0
0
0
0
0
0
0
0
0
0
0
0
0
0
0
0
0
0
0
0
0
0
0
0
0
0
0
0
0
0
0
0
0
0
0
0
0
0
0
0
0
0
0
0
0
0
0
0
0
0
0
0
0
0
0
0
0
0
0
0
0
0
0
0
0
0
0
0
0
0
0
0
0
0
0
0
0
0
0
0
0
0
0
0
0
0
0
0
0
0
0
0
0
0
0
0
0
0
0
0
0
0
0
0
0
0
0
0
0
0
0
0
0
0
0
0
0
0
0
0
0
0
0
0
0
0
0
0
0
0
0
0
0
0
0
0
0
0
0
0
0
0
0
0
0
0
0
0
0
0
0
0
0
0
0
0
0
0
0
0
0
0
0
0
0
0
0
0
0
0
0
0
0
0
0
0
0
0
0
0
0
0
0
0
0
0
0
0
0
0
0
0
0
0
0
0
0
0
0
0
0
0
0
0
0
0
0
0
0
0
0
0
0
0
0
0
0
0
0
0
0
0
0
0
0
0
0
0
0
0
0
0
0
0
0
0
0
0
0
0
0
0
0
0
0
0
0
0
0
0
0
0
0
0
0
0
0
0
0
0
0
0
0
0
0
0
0
0
0
0
0
0
0
0
0
0
0
0
0
0
0
0
0
0
0
0
0
0
0
0
0
0
0
0
0
0
0
0
0
0
0
0
0
0
0
0
0
0
0
0
0
0
0
0
0
0
0
0
0
0
0
0
0
0
0
0
0
0
0
0
0
0
0
0
0
0
0
0
0
0
0
0
0
0
0
0
0
0
0
0
0
0
0
0
0
0
0
0
0
0
0
0
0
0
0
0
0
0
0
0
0
0
0
0
0
0
0
0
0
0
0
0
0
0
0
0
0
0
0
0
0
0
0
0
0
0
0
0
0
0
0
0
0
0
0
0
0
0
0
0
0
0
0
0
0
0
0
0
0
0
0
0
0
0
0
0
0
0
0
0
0
0
0
0
0
0
0
0
0
0
0
0
0
0
0
0
0
0
0
0
0
0
0
0
0
0
0
0
0
0
0
0
0
0
0
0
0
0
0
0
0
0
0
0
0
0
0
0
0
0
0
0
0
0
0
0
0
0
0
0
0
0
0
0
0
0
0
0
0
0
0
0
0
0
0
0
0
0
0
0
0
0
0
0
0
0
0
0
0
0
0
0
0
0
0
0
0
0
0
0
0
0
0
0
0
0
0
0
0
0
0
0
0
0
0
0
0
0
0
0
0
0
0
0
0
0
0
0
0
0
0
0
0
0
0
0
0
0
0
0
0
0
0
0
0
0
0
0
0
0
0
0
0
0
0
0
0
0
0
0
0
0
0
0
0
0
0
0
0
0
0
0
0
0
0
0
0
0
0
0
0
0
0
0
0
0
0
0
0
0
0
0
0
0
0
0
0
0
0
0
0
0
0
0
0
0
0
0
0
0
0
0
0
0
0
0
0
0
0
0
0
0
0
0
0
0
0
0
0
0
0
0
0
0
0
0
0
0
0
0
0
0
0
0
0
0
0
0
0
0
0
0
0
0
0
0
0
0
0
0
0
0
0
0
0
0
0
0
0
0
0
0
0
0
0
0
0
0
0
0
0
0
0
0
0
0
0
0
0
0
0
0
0
0
0
0
0
0
0
0
0
0
0
0
0
0
0
0
0
0
0
0
0
0
0
0
0
0
0
0
0
0
0
0
0
0
0
0
0
0
0
0
0
0
0
0
0
0
0
0
0
0
0
0
0
0
0
0
0
0
0
0
0
0
0
0
0
0
0
0
0
0
0
0
0
0
0
0
0
0
0
0
0
0
0
0
0
0
0
0
0
0
0
0
0
0
0
0
0
0
0
0
0
0
0
0
0
0
0
0
0
0
0
0
0
0
0
0
0
0
0
0
0
0
0
0
0
0
0
0
0
0
0
0
0
0
0
0
0
0
0
0
0
0
0
0
0
0
0
0
0
0
0
0
0
0
0
0
0
0
0
0
0
0
0
0
0
0
0
0
0
0
0
0
0
0
0
0
0
0
0
0
0
0
0
0
0
0
0
0
0
0
0
0
0
0
0
0
0
0
0
0
0
0
0
0
0
0
0
0
0
0
0
0
0
0
0
0
0
0
0
0
0
0
0
0
0
0
0
0
0
0
0
0
0
0
0
0
0
0
0
0
0
0
0
0
0
0
0
0
0
0
0
0
0
0
0
0
0
0
0
0
0
0
0
0
0
0
0
0
0
0
0
0
0
0
0
0
0
0
0
0
0
0
0
0
0
0
0
0
0
0
0
0
0
0
0
0
0
0
0
0
0
0
0
0
0
0
0
0
0
0
0
0
0
0
0
0
0
0
0
0
0
0
0
0
0
0
0
0
0
0
0
0
0
0
0
0
0
0
0
0
0
0
0
0
0
0
0
0
0
0
0
0
0
0
0
0
0
0
0
0
0
0
0
0
0
0
0
0
0
0
0
0
0
0
0
0
0
0
0
0
0
0
0
0
0
0
0
0
0
0
0
0
0
0
0
0
0
0
0
0
0
0
0
0
0
0
0
0
0
0
0
0
0
0
0
0
0
0
0
0
0
0
0
0
0
0
0
0
0
0
0
0
0
0
0
0
0
0
0
0
0
0
0
0
0
0
0
0
0
0
0
0
0
0
0
0
0
0
0
0
0
0
0
0
0
0
0
0
0
0
0
0
0
0
0
0
0
0
0
0
0
0
0
0
0
0
0
0
0
0
0
0
0
0
0
0
0
0
0
0
0
0
0
0
0
0
0
0
0
0
0
0
0
0
0
0
0
0
0
0
0
0
0
0
0
0
0
0
0
0
0
0
0
0
0
0
0
0
0
0
0
0
0
0
0
0
0
0
0
0
0
0
0
0
0
0
0
0
0
0
0
0
0
0
0
0
0
0
0
0
0
0
0
0
0
0
0
0
0
0
0
0
0
0
0
0
0
0
0
0
0
0
0
0
0
0
0
0
0
0
0
0
0
0
0
0
0
0
0
0
0
0
0
0
0
0
0
0
0
0
0
0
0
0
0
0
0
0
0
0
0
0
0
0
0
0
0
0
0
0
0
0
0
0
0
0
0
0
0
0
0
0
0
0
0
0
0
0
0
0
0
0
0
0
0
0
0
0
0
0
0
0
0
0
0
0
0
0
0
0
0
0
0
0
0
0
0
0
0
0
0
0
0
0
0
0
0
0
0
0
0
0
0
0
0
0
0
0
0
0
0
0
0
0
0
0
0
0
0
0
0
0
0
0
0
0
0
0
0
0
0
0
0
0
0
0
0
0
0
0
0
0
0
0
0
0
0
0
0
0
0
0
0
0
0
0
0
0
0
0
0
0
0
0
0
0
0
0
0
0
0
0
0
0
0
0
0
0
0
0
0
0
0
0
0
0
0
0
0
0
0
0
0
0
0
0
0
0
0
0
0
0
0
0
0
0
0
0
0
0
0
0
0
0
0
0
0
0
0
0
0
0
0
0
0
0
0
0
0
0
0
0
0
0
0
0
0
0
0
0
0
0
0
0
0
0
0
0
0
0
0
0
0
0
0
0
0
0
0
0
0
0
0
0
0
0
0
0
0
0
0
0
0
0
0
0
0
0
0
0
0
0
0
0
0
0
0
0
0
0
0
0
0
0
0
0
0
0
0
0
0
0
0
0
0
0
0
0
0
0
0
0
0
0
0
0
0
0
0
0
0
0
0
0
0
0
0
0
0
0
0
0
0
0
0
0
0
0
0
0
0
0
0
0
0
0
0
0
0
0
0
0
0
0
0
0
0
0
0
0
0
0
0
0
0
0
0
0
0
0
0
0
0
0
0
0
0
0
0
0
0
0
0
0
0
0
0
0
0
0
0
0
0
0
0
0
0
0
0
0
0
0
0
0
0
0
0
0
0
0
0
0
0
0
0
0
0
0
0
0
0
0
0
0
0
0
0
0
0
0
0
0
0
0
0
0
0
0
0
0
0
0
0
0
0
0
0
0
0
0
0
0
0
0
0
0
0
0
0
0
0
0
0
0
0
0
0
0
0
0
0
0
0
0
0
0
0
0
0
0
0
0
0
0
0
0
0
0
0
0
0
0
0
0
0
0
0
0
0
0
0
0
0
0
0
0
0
0
0
0
0
0
0
0
0
0
0
0
0
0
0
0
0
0
0
0
0
0
0
0
0
0
0
0
0
0
0
0
0
0
0
0
0
0
0
0
0
0
0
0
0
0
0
0
0
0
0
0
0
0
0
0
0
0
0
0
0
0
0
0
0
0
0
0
0
0
0
0
0
0
0
0
0
0
0
0
0
0
0
0
0
0
0
0
0
0
0
0
0
0
0
0
0
0
0
0
0
0
0
0
0
0
0
0
0
0
0
0
0
0
0
0
0
0
0
0
0
0
0
0
0
0
0
0
0
0
0
0
0
0
0
0
0
0
0
0
0
0
0
0
0
0
0
0
0
0
0
0
0
0
0
0
0
0
0
0
0
0
0
0
0
0
0
0
0
0
0
0
0
0
0
0
0
0
0
0
0
0
0
0
0
0
0
0
0
0
0
0
0
0
0
0
0
0
0
0
0
0
0
0
0
0
0
0
0
0
0
0
0
0
0
0
0
0
0
0
0
0
0
0
0
0
0
0
0
0
0
0
0
0
0
0
0
0
0
0
0
0
0
0
0
0
0
0
0
0
0
0
0
0
0
0
0
0
0
0
0
0
0
0
0
0
0
0
0
0
0
0
0
0
0
0
0
0
0
0
0
0
0
0
0
0
0
0
0
0
0
0
0
0
0
0
0
0
0
0
0
0
0
0
0
0
0
0
0
0
0
0
0
0
0
0
0
0
0
0
0
0
0
0
0
0
0
0
0
0
0
0
0
0
0
0
0
0
0
0
0
0
0
0
0
0
0
0
0
0
0
0
0
0
0
0
0
0
0
0
0
0
0
0
0
0
0
0
0
0
0
0
0
0
0
0
0
0
0
0
0
0
0
0
0
0
0
0
0
0
0
0
0
0
0
0
0
0
0
0
0
0
0
0
0
0
0
0
0
0
0
0
0
0
0
0
0
0
0
0
0
0
0
0
0
0
0
0
0
0
0
0
0
0
0
0
0
0
0
0
0
0
0
0
0
0
0
0
0
0
0
0
0
0
0
0
0
0
0
0
0
0
0
0
0
0
0
0
0
0
0
0
0
0
0
0
0
0
0
0
0
0
0
0
0
0
0
0
0
0
0
0
0
0
0
0
0
0
0
0
0
0
0
0
0
0
0
0
0
0
0
0
0
0
0
0
0
0
0
0
0
0
0
0
0
0
0
0
0
0
0
0
0
0
0
0
0
0
0
0
0
0
0
0
0
0
0
0
0
0
0
0
0
0
0
0
0
0
0
0
0
0
0
0
0
0
0
0
0
0
0
0
0
0
0
0
0
0
0
0
0
0
0
0
0
0
0
0
0
0
0
0
0
0
0
0
0
0
0
0
0
0
0
0
0
0
0
0
0
0
0
0
0
0
0
0
0
0
0
0
0
0
0
0
0
0
0
0
0
0
0
0
0
0
0
0
0
0
0
0
0
0
0
0
0
0
0
0
0
0
0
0
0
0
0
0
0
0
0
0
0
0
0
0
0
0
0
0
0
0
0
0
0
0
0
0
0
0
0
0
0
0
0
0
0
0
0
0
0
0
0
0
0
0
0
0
0
0
0
0
0
0
0
0
0
0
0
0
0
0
0
0
0
0
0
0
0
0
0
0
0
0
0
0
0
0
0
0
0
0
0
0
0
0
0
0
0
0
0
0
0
0
0
0
0
0
0
0
0
0
0
0
0
0
0
0
0
0
0
0
0
0
0
0
0
0
0
0
0
0
0
0
0
0
0
0
0
0
0
0
0
0
0
0
0
0
0
0
0
0
0
0
0
0
0
0
0
0
0
0
0
0
0
0
0
0
0
0
0
0
0
0
0
0
0
0
0
0
0
0
0
0
0
0
0
0
0
0
0
0
0
0
0
0
0
0
0
0
0
0
0
0
0
0
0
0
0
0
0
0
0
0
0
0
0
0
0
0
0
0
0
0
0
0
0
0
0
0
0
0
0
0
0
0
0
0
0
0
0
0
0
0
0
0
0
0
0
0
0
0
0
0
0
0
0
0
0
0
0
0
0
0
0
0
0
0
0
0
0
0
0
0
0
0
0
0
0
0
0
0
0
0
0
0
0
0
0
0
0
0
0
0
0
0
0
0
0
0
0
0
0
0
0
0
0
0
0
0
0
0
0
0
0
0
0
0
0
0
0
0
0
0
0
0
0
0
0
0
0
0
0
0
0
0
0
0
0
0
0
0
0
0
0
0
0
0
0
0
0
0
0
0
0
0
0
0
0
0
0
0
0
0
0
0
0
0
0
0
0
0
0
0
0
0
0
0
0
0
0
0
0
0
0
0
0
0
0
0
0
0
0
0
0
0
0
0
0
0
0
0
0
0
0
0
0
0
0
0
0
0
0
0
0
0
0
0
0
0
0
0
0
0
0
0
0
0
0
0
0
0
0
0
0
0
0
0
0
0
0
0
0
0
0
0
0
0
0
0
0
0
0
0
0
0
0
0
0
0
0
0
0
0
0
0
0
0
0
0
0
0
0
0
0
0
0
0
0
0
0
0
0
0
0
0
0
0
0
0
0
0
0
0
0
0
0
0
0
0
0
0
0
0
0
0
0
0
0
0
0
0
0
0
0
0
0
0
0
0
0
0
0
0
0
0
0
0
0
0
0
0
0
0
0
0
0
0
0
0
0
0
0
0
0
0
