69
458
-4663
-1934
-4709
-3481
-4328
-8
1775
-5210
-1113
-4540
-4398
-3052
2
1221
-190
36
883
-2987
-3708
-4197
-17634
-216
-25
-45
-5097
-4909
-4783
-21619
-101
-332
-54
1464
-3704
-3798
-4296
-3094
-4098
-79
2054
-3844
-3773
-4098
-4004
-1159
-83
1341
-71
758
953
-2801
-3253
-3993
-18416
-91
543
-522
-4171
-5096
-4513
-21440
-31
904
57
1791
-4527
-4754
-4704
-4432
-4594
-24
2409
-3556
-3925
-3136
-3501
-960
-8
1281
-75
323
2137
-1710
-4166
-4601
-14502
-96
-157
903
-3393
-4443
-4126
-24427
-101
232
52
1982
-3182
-2381
-2072
-2686
-2751
-120
1818
-4465
-3049
-1850
-3796
-920
-151
759
142
-275
1689
-899
-4835
-2787
-24972
-62
-1116
253
-3670
-5277
-4109
-26055
-125
-949
115
1732
-4757
-5916
-4616
-4053
-4687
-246
1388
-6292
-7673
-5053
-6483
-4767
38
938
55
119
5479
-5209
-5018
-4581
-16632
-179
584
5755
-6583
-7703
-6743
-12922
-179
522
112
1040
-5411
-6254
-5546
-3642
-4826
-52
1643
-5524
-7156
-4348
-4825
-3793
36
1017
-60
-6
5272
-5144
-4347
-4715
-15125
-135
-524
5436
-5328
-5826
-5404
-17855
-7
-1000
122
567
-5009
-2658
-5373
-3636
-3983
34
1322
-4818
-2724
-4122
-3824
-2589
96
389
-191
-911
653
-3862
-191
-3837
-9809
-358
-931
738
-3662
-1823
-3913
-12609
-116
-784
-78
86
-3093
-759
-3845
-2430
-2681
-26
312
-3612
-1122
-4170
-3848
-3019
141
195
-164
-731
-937
-3252
218
-2538
-13262
-435
-665
-1104
-3567
-1014
-3878
-12157
-113
-240
191
-788
-4302
-4234
-4387
-4721
-4793
162
-349
-5650
-4046
-5369
-6539
-2492
88
-250
-169
848
3156
-4329
-4422
-4928
-23067
-384
156
1279
-5870
-7189
-5910
-24053
-163
-283
-6
-401
-2351
-3537
-3249
-3572
-3712
-15
-687
-5426
-4447
-5566
-6876
649
-175
-957
-143
2322
1322
-2142
-3854
-3695
-32119
-207
1446
-3190
-6633
-8067
-6804
-23856
-159
1120
58
334
-2092
-3972
-4027
-4877
-4213
52
426
-5521
-5189
-7774
-7814
1858
-190
-215
-251
656
1739
-1369
-4546
-4129
-25830
-87
-173
-4435
-7662
-7753
-8077
-15891
-144
153
57
-466
-1514
-2430
-2439
-3108
-2878
61
270
-5027
-3742
-6223
-6232
1721
-216
372
80
-108
2356
-1841
-4229
-2640
-30791
-48
-1063
-3001
-5943
-6462
-5980
-23127
-107
-879
237
703
-3437
-4594
-4539
-4194
-4500
189
180
-4428
-5682
-6479
-6048
-803
-63
754
-121
423
3882
-4973
-3902
-4444
-19954
-106
917
1457
-6055
-6651
-5980
-21094
-100
621
345
-261
-3982
-5304
-4482
-3121
-3909
258
-926
-4005
-5997
-5009
-4632
-523
-66
-277
-208
-998
3301
-4241
-2448
-3849
-24219
-240
-1334
1629
-4899
-4966
-4413
-27097
-163
-2125
354
-773
-3339
-3649
-2284
-2677
-2742
282
-920
-4095
-3839
-3645
-3420
-926
82
-803
-268
-2015
378
-1440
-419
-2757
-19659
-456
-2624
-476
-3271
-2072
-2919
-17916
-149
-1791
103
-1085
-1763
-911
-2188
-1476
-1571
193
-1092
-2130
-1450
-2559
-3073
-1629
73
-1390
-230
-647
-139
-1083
-120
-1223
-18571
-340
-1210
-707
-2415
-1239
-2786
-17127
-108
-913
-65
-714
-3973
-3606
-3966
-3056
-3941
15
-1015
-5552
-3348
-4794
-4956
-2297
7
26
-210
293
2226
-3421
-2917
-4015
-19746
-298
298
1505
-4565
-5776
-4662
-19751
-115
216
-171
-1207
-3660
-1928
-2872
-2676
-3588
-247
-138
-5002
-982
-3162
-3495
2
-78
25
-57
2499
261
-2518
-3823
-3621
-21174
-52
2452
-3498
-5049
-5794
-4343
-23212
0
1540
-267
-1160
-5560
-1327
-4341
-7022
-6374
-210
-785
-4641
862
-5666
-5204
-621
-3
-1202
-79
699
-1378
-4588
-6795
-6453
-7038
-3
306
-6203
-6177
-6451
-5773
-19441
177
191
-292
-767
-1669
-279
-3579
-3147
-2968
-297
265
-4017
-197
-5729
-5100
981
-162
386
143
-125
-256
-3021
-2383
-2949
-24964
-155
-585
-6032
-5387
-4981
-4617
-24261
139
209
0
-352
-1691
-1851
-5358
-2849
-3754
-140
-197
-4225
-3488
-7335
-6084
665
-133
-152
-45
112
1253
-4712
-2962
-3785
-22848
-56
458
-3024
-6928
-6611
-5912
-19295
47
479
362
-583
-1319
-3164
-3515
-1802
-3240
149
-376
-3042
-5338
-5703
-4623
498
64
-577
-138
-1689
-403
-3596
-1863
-3314
-21635
-274
-1460
-2361
-5104
-4910
-4650
-18010
-223
-1369
353
240
-3117
-3128
-1745
-2835
-3862
178
949
-1389
-2519
-2053
-1653
-1973
45
671
-234
-2030
-2837
-2718
-1338
-3931
-19502
-420
-1315
-1212
-1561
-2245
-1722
-30016
-127
377
-60
777
-1186
-112
-1461
-1281
-1704
-30
1327
-1443
-960
-2467
-2991
-1791
-93
897
-230
-502
-2037
-2155
-252
-1624
-19848
-310
-1028
-2575
-2545
-1525
-3216
-18032
-6
-798
-44
-127
-2793
-755
-1177
-898
-2142
-106
-449
-3689
-278
-1560
-2456
-2227
-39
223
-162
47
-1738
-1980
-1297
-2265
-18993
-145
855
-1119
-2730
-3799
-2393
-19449
-17
1127
-38
-1201
-3097
-683
-1953
-907
-2043
-110
-988
-3859
-176
-1241
-1551
-1266
-24
-160
10
-261
-1084
-1975
-790
-2054
-16825
-80
-1260
-1222
-2837
-3215
-2057
-18806
-7
-1353
-20
-2443
-3335
-1872
-2321
-2163
-2671
-118
-2867
-2989
-565
-1105
-1805
-689
-75
-2673
181
786
-858
-1110
-1930
-2655
-20235
-26
641
-1142
-2843
-3181
-1917
-27931
34
-77
-37
-1649
-3172
-2065
-2536
-2172
-2701
-26
-2040
-3407
-708
-1848
-2311
-388
-41
-2602
163
920
-966
-2893
242
-2771
-16059
-137
-515
-1981
-3040
-2205
-1961
-22783
99
32
107
-1182
-3422
-1945
-4674
-1075
-2791
-142
-2135
-5536
-2342
-3854
-4137
-682
-46
-2403
146
809
-622
-4231
1239
-2725
-23579
-146
-196
-2511
-5395
-2890
-4312
-21202
97
-70
164
-501
-3753
-2175
-1062
-1697
-2862
-83
-1621
-4375
-2470
-1259
-3220
-1048
30
-1458
162
425
-1150
-3150
-1542
-2955
-21352
-189
366
-2211
-3670
-3562
-3167
-22581
47
1016
-23
74
-3902
-4721
-2364
-4187
-4056
-72
-153
-4372
-4567
-2335
-4799
-4408
-48
138
-121
626
-783
-2906
-1304
-4098
-16774
-178
436
591
-4455
-2373
-3920
-17768
64
964
-282
562
-2921
-2836
-3443
-2285
-2741
-235
918
-3527
-2952
-3264
-3590
-2578
-110
371
-75
-1132
-148
-2988
90
-2622
-18655
-55
-1816
257
-3866
-1361
-3820
-18788
233
-1566
-115
-475
-2421
-510
-848
-1427
-1510
-152
-457
-3597
-1193
-1693
-2293
-544
64
-241
-63
834
-388
-2195
-574
-1634
-15564
48
1498
-1473
-2248
-2642
-2031
-15452
74
1719
-42
310
-3420
-394
-2502
-2322
-2287
-110
263
-5308
-1520
-3253
-3656
-2087
-48
456
-80
109
369
-3091
-1140
-2189
-15086
-102
-885
-342
-3877
-4402
-3776
-10451
-32
-943
-111
1468
-2739
-1871
-1368
-2509
-2118
-102
2677
-4380
-2563
-2040
-3433
-826
107
2182
21
9
2035
-2586
-2422
-2048
-20934
-24
-867
8
-3313
-4082
-3082
-20048
-8
-739
8
743
-2778
-2525
-1232
-2125
-2228
-106
863
-4291
-2027
-1809
-3180
-909
28
606
65
724
-17
-2705
-612
-2346
-16894
-82
-433
-1701
-3004
-2469
-2191
-16593
26
-63
207
954
-3053
-1597
-2957
-1163
-2055
-100
1719
-4830
-946
-2757
-3653
-1460
102
1017
142
698
73
-3206
818
-2088
-21275
-129
163
-1618
-4109
-2228
-3084
-19624
-77
339
130
1388
-5141
-2309
-2226
-3150
-3547
-192
1284
-5755
-343
-3268
-4823
-4098
152
1896
164
772
336
-4390
-2721
-3781
-24306
-206
1444
-1722
-4809
-3886
-4097
-26259
44
2252
-14
-617
-5258
-3911
-2456
-5452
-4258
-152
414
-7634
-2652
-3797
-7653
-6780
-93
1276
-55
848
671
-3522
-2681
-4332
-20800
-78
395
-750
-7201
-4858
-6486
-12453
31
263
-222
-555
-4744
-2417
-4291
-4503
-4017
-279
644
-6005
-2030
-4074
-5517
-3003
5
996
-115
-1244
514
-3722
-1150
-3734
-15396
-14
-1590
442
-5722
-4101
-5672
-15389
141
-1612
-165
-687
-2297
-624
-1166
-1616
-1637
-175
-72
-4403
-1497
-2457
-2857
425
33
-864
128
1471
1593
-2429
-2379
-1762
-18026
-5
426
-936
-1879
-4233
-2780
-17606
37
-381
-149
337
-5088
-3629
-3891
-4573
-4505
-4
2224
-6616
-4173
-4987
-5416
-1950
268
240
-134
2931
5601
-5610
-5865
-4328
-20221
13
3320
1189
-5147
-5836
-5615
-21721
44
2077
-143
2258
-10112
-9021
-9058
-10631
-10624
88
3372
-8179
-7889
-8021
-7099
-6006
332
1482
-315
123
9848
-12249
-11070
-10683
5047
57
49
6016
-7299
-7289
-8113
-16678
149
77
37
1933
-6686
-4770
-4601
-5622
-5480
-11
3065
-6581
-3802
-4933
-4799
-4055
259
1437
-153
-313
5880
-6983
-6171
-5380
-20594
-54
-2129
3862
-4802
-5133
-4936
-28526
115
-1542
34
2303
-8272
-4758
-6865
-7810
-7312
-11
5732
-8153
-3534
-6858
-6630
-5786
368
4352
-132
196
5050
-8424
-6096
-7498
-8568
-368
-213
3633
-6796
-6341
-7377
-15407
-85
-624
191
1993
-7191
-5600
-5004
-5133
-5703
83
3912
-7335
-3458
-5727
-6110
-6375
406
1567
-66
1139
5918
-6016
-7813
-6135
-19810
-235
2247
3607
-6965
-6902
-6161
-22621
-48
3145
159
2325
-9602
-7880
-7740
-8464
-8171
75
4042
-9117
-6599
-8056
-8296
-8758
290
3363
-212
-1076
7746
-8459
-8261
-8388
-12080
-324
-3872
5835
-8812
-8336
-8742
-14801
-100
-3401
75
2062
-8123
-4857
-5900
-7051
-6312
-77
4476
-8357
-4964
-6786
-7223
-5096
305
3636
-314
-1592
6052
-6559
-5997
-6340
-20146
-387
64
4955
-7384
-7762
-8055
-21192
-17
11
-174
-788
-2173
-82
-1545
-1406
-1566
-207
-882
-3584
-215
-2029
-2310
-1388
7
-875
117
892
1112
-1526
-2423
-1480
-15858
-199
442
67
-621
-4334
-2565
-15954
-81
187
-122
-2259
-6368
-4933
-5782
-6140
-6353
-32
-2202
-6093
-3531
-5624
-4982
-3414
267
-2487
-145
3505
5457
-5324
-8138
-6210
-12224
-160
2941
1612
-4804
-7028
-5225
-22713
52
2034
-138
-3262
-11848
-10974
-10827
-11896
-12359
83
-4203
-8555
-8978
-8559
-6880
-6407
423
-3228
-348
529
12210
-11295
-15023
-12291
9425
-35
-94
8051
-7694
-9458
-7858
-18148
247
43
-81
-1315
-9115
-7600
-8402
-9002
-8728
-115
-2106
-9038
-7563
-7811
-7167
-7066
484
-1342
-110
-802
10139
-9443
-11438
-8663
-11009
-232
-1598
7758
-7134
-8983
-7776
-22428
109
-518
-159
-1241
-12883
-11469
-14140
-14200
-14023
-95
-1712
-11139
-9911
-11970
-10076
-12463
532
-1762
-290
131
11178
-14963
-13866
-14211
17775
-384
-237
11383
-10605
-10700
-11249
-1017
-13
-587
110
-1634
-10636
-10888
-12066
-10809
-11109
7
-1204
-8653
-8129
-9947
-7577
-9055
543
-1229
-96
1723
10278
-10192
-12557
-11413
2605
-471
4705
8508
-8298
-9118
-8552
-17636
-22
3764
92
-1549
-12047
-14814
-15114
-13066
-14309
23
-1188
-10602
-14114
-12910
-11035
-13300
558
-1258
-323
-2237
12595
-14769
-15317
-14291
12960
-556
-6719
11756
-11549
-13167
-12472
52
-193
-7162
-49
-970
-12142
-14246
-13902
-13809
-14485
-91
-716
-11190
-14525
-13320
-11810
-13003
583
-992
-356
-465
12130
-15603
-14881
-14467
15824
-497
258
12760
-12361
-13472
-13390
3909
-143
206
-202
-267
-1301
-812
-666
-716
-968
-231
-475
-1274
-1061
-2269
-1625
-737
-69
-45
-117
-84
-719
-795
-501
-793
-14631
-189
237
-612
-790
-2131
-1574
-15521
-107
19
-117
-844
-2420
-3015
-383
-1702
-2050
-103
-899
-2380
-2534
-2603
-1831
-163
-46
-783
-172
327
694
-1280
-2296
-1912
-14184
-282
-295
-508
-2087
-3065
-1146
-17634
-166
-502
6
-1849
-2749
-4766
-3002
-2992
-3448
-85
-2077
-3491
-5095
-5355
-3539
-1344
39
-1110
-268
665
2999
-2333
-4337
-3458
-20894
-29
620
2435
-4421
-6075
-3309
-21744
7
889
-63
-1166
-1385
-3863
-3310
-2123
-2836
-272
-1372
-3099
-4764
-5523
-3811
-3010
71
-903
-112
-963
1859
-2366
-3231
-2748
-19021
-128
-1302
2429
-4796
-5060
-3940
-15614
-10
-1748
3
-1454
-3403
-4172
-3984
-1731
-3196
-101
-2037
-3496
-3488
-4310
-2543
-2245
67
-2239
-83
-689
2754
-3445
-1696
-3150
-16825
-166
-1277
3458
-3620
-3496
-2365
-19725
-8
-1699
75
-1550
-1387
-2895
-2795
-603
-1505
0
-1691
-2388
-3122
-3696
-2925
-1981
10
-1458
-84
434
871
-1857
-355
-1691
-23126
-183
561
2072
-3957
-2646
-2470
-20350
15
505
150
-1655
-1911
-3568
-3294
-482
-2165
-3
-2513
-2159
-3045
-3730
-2672
-2693
42
-2082
-127
-1518
256
-2729
193
-2145
-26126
-279
-2650
1904
-3520
-2518
-2195
-26183
-126
-2676
88
-1737
-3164
-5503
-4332
-1569
-3341
157
-3838
-3340
-5280
-4215
-3846
-4281
134
-2864
-348
-196
2321
-3552
-1497
-3397
-21812
-360
502
4430
-4590
-4652
-3997
-19600
-178
353
0
0
0
0
0
0
0
0
0
0
0
-3990
-2890
-4507
-3440
-3468
0
0
0
0
0
0
0
0
0
0
0
2863
-2715
-3094
-3432
-16632
0
0
0
0
0
0
0
0
0
0
0
-3662
-3750
-5093
-2048
-3453
0
0
0
0
0
0
0
0
0
0
0
1714
-3139
-1488
-3422
-18022
0
0
0
0
0
0
0
0
0
0
0
-3816
-3925
-5059
-3914
-3946
0
0
0
0
0
0
0
0
0
0
0
2309
-1604
-3701
-4022
-14320
0
0
0
0
0
0
0
0
0
0
0
-3985
-3992
-3571
-2778
-4095
0
0
0
0
0
0
0
0
0
0
0
1166
-763
-5963
-4012
-14414
0
0
0
0
0
0
0
0
0
0
0
-4583
-4436
-3674
-2258
-3340
0
0
0
0
0
0
0
0
0
0
0
5415
-4718
-4602
-3519
-17346
0
0
0
0
0
0
0
0
0
0
0
-4999
-4771
-5013
-2288
-4084
0
0
0
0
0
0
0
0
0
0
0
4511
-5277
-4143
-4156
-13554
0
0
0
0
0
0
0
0
0
0
0
-2730
-2073
-3852
-1761
-2435
0
0
0
0
0
0
0
0
0
0
0
1299
-3111
-794
-2452
-11950
0
0
0
0
0
0
0
0
0
0
0
-2181
-1059
-2130
-1127
-1573
0
0
0
0
0
0
0
0
0
0
0
635
-2143
-117
-1433
-14100
0
0
0
0
0
0
0
0
0
0
0
-4942
-4974
-4905
-3845
-4725
0
0
0
0
0
0
0
0
0
0
0
4878
-4681
-5253
-4536
-16032
0
0
0
0
0
0
0
0
0
0
0
-4273
-4406
-4749
-1578
-3799
0
0
0
0
0
0
0
0
0
0
0
2631
-3358
-3832
-3600
-24365
0
0
0
0
0
0
0
0
0
0
0
-2892
-3982
-5649
-3861
-4085
0
0
0
0
0
0
0
0
0
0
0
3240
-3532
-3889
-3783
-17690
0
0
0
0
0
0
0
0
0
0
0
-3031
-3795
-4659
-2337
-3850
0
0
0
0
0
0
0
0
0
0
0
3113
-4231
-4028
-3598
-18920
0
0
0
0
0
0
0
0
0
0
0
-3707
-4525
-5115
-1874
-4091
0
0
0
0
0
0
0
0
0
0
0
4860
-7123
-4143
-3982
-15797
0
0
0
0
0
0
0
0
0
0
0
-4239
-4732
-5378
-989
-4379
0
0
0
0
0
0
0
0
0
0
0
3512
-6140
-4125
-4090
-17922
0
0
0
0
0
0
0
0
0
0
0
-1717
-2419
-2448
-312
-1633
0
0
0
0
0
0
0
0
0
0
0
1024
-1247
-1705
-1458
-21305
0
0
0
0
0
0
0
0
0
0
0
-1391
-1244
-1966
-25
-1078
0
0
0
0
0
0
0
0
0
0
0
576
-722
-698
-923
-16641
0
0
0
0
0
0
0
0
0
0
0
-3328
-3162
-3025
-1575
-2863
0
0
0
0
0
0
0
0
0
0
0
2939
-2564
-4474
-2720
-18233
0
0
0
0
0
0
0
0
0
0
0
-3020
-1953
-2445
-1518
-2588
0
0
0
0
0
0
0
0
0
0
0
896
-2374
-3608
-2599
-22270
0
0
0
0
0
0
0
0
0
0
0
-4121
-1404
-3677
-5978
-4244
0
0
0
0
0
0
0
0
0
0
0
1272
-3643
-4164
-4071
-12696
0
0
0
0
0
0
0
0
0
0
0
-3162
-1754
-3655
-2852
-2924
0
0
0
0
0
0
0
0
0
0
0
1686
-3282
-2019
-2830
-18741
0
0
0
0
0
0
0
0
0
0
0
-3289
-2763
-5121
-2517
-3802
0
0
0
0
0
0
0
0
0
0
0
3126
-6261
-2754
-3654
-14717
0
0
0
0
0
0
0
0
0
0
0
-2781
-2700
-3347
-1226
-3137
0
0
0
0
0
0
0
0
0
0
0
1459
-4678
-2334
-2935
-16885
0
0
0
0
0
0
0
0
0
0
0
-1923
-2023
-1512
-399
-2021
0
0
0
0
0
0
0
0
0
0
0
-1146
-1123
-1953
-1826
-25296
0
0
0
0
0
0
0
0
0
0
0
-821
-658
-1087
149
-1011
0
0
0
0
0
0
0
0
0
0
0
-879
-1268
-383
-998
-19154
0
0
0
0
0
0
0
0
0
0
0
-2115
-1590
-1108
356
-1647
0
0
0
0
0
0
0
0
0
0
0
-764
-1685
-2072
-1558
-18075
0
0
0
0
0
0
0
0
0
0
0
-911
-993
-808
-52
-1080
0
0
0
0
0
0
0
0
0
0
0
-1108
-1590
-892
-1063
-19315
0
0
0
0
0
0
0
0
0
0
0
-1348
-1714
-1665
-675
-1451
0
0
0
0
0
0
0
0
0
0
0
-604
-793
-1755
-1578
-24248
0
0
0
0
0
0
0
0
0
0
0
-2103
-2010
-1677
-340
-1635
0
0
0
0
0
0
0
0
0
0
0
-214
-2559
-679
-1645
-18614
0
0
0
0
0
0
0
0
0
0
0
-3543
-3010
-4199
331
-3000
0
0
0
0
0
0
0
0
0
0
0
-140
-5234
-669
-2961
-17469
0
0
0
0
0
0
0
0
0
0
0
-3008
-2990
-1458
-453
-2990
0
0
0
0
0
0
0
0
0
0
0
-697
-3677
-2798
-2942
-17472
0
0
0
0
0
0
0
0
0
0
0
-2961
-3667
-1087
-3091
-2732
0
0
0
0
0
0
0
0
0
0
0
-476
-1019
-2532
-2755
-17240
0
0
0
0
0
0
0
0
0
0
0
-2330
-3203
-2854
-2368
-2786
0
0
0
0
0
0
0
0
0
0
0
-771
-1606
-1313
-2803
-13260
0
0
0
0
0
0
0
0
0
0
0
-1843
-1245
-849
-1252
-1338
0
0
0
0
0
0
0
0
0
0
0
454
-2339
-92
-1358
-14457
0
0
0
0
0
0
0
0
0
0
0
-1500
-1583
-2497
-1382
-1852
0
0
0
0
0
0
0
0
0
0
0
-292
-3167
-198
-1850
-12781
0
0
0
0
0
0
0
0
0
0
0
-1667
-2204
-1945
-665
-2095
0
0
0
0
0
0
0
0
0
0
0
568
-2657
-2448
-2076
-17452
0
0
0
0
0
0
0
0
0
0
0
-1952
-2894
-1251
436
-1830
0
0
0
0
0
0
0
0
0
0
0
-607
-2206
-1715
-1747
-16007
0
0
0
0
0
0
0
0
0
0
0
-1917
-2724
-3779
1996
-2348
0
0
0
0
0
0
0
0
0
0
0
-836
-3444
-1404
-2367
-16252
0
0
0
0
0
0
0
0
0
0
0
-3166
-3618
-3282
136
-3514
0
0
0
0
0
0
0
0
0
0
0
-40
-4078
-3609
-3617
-21202
0
0
0
0
0
0
0
0
0
0
0
-2362
-3938
-2048
-3354
-3001
0
0
0
0
0
0
0
0
0
0
0
658
-2175
-3097
-2909
-21316
0
0
0
0
0
0
0
0
0
0
0
-1927
-2226
-2785
-2906
-2441
0
0
0
0
0
0
0
0
0
0
0
651
-665
-2344
-2082
-18455
0
0
0
0
0
0
0
0
0
0
0
-2252
-1603
-1196
-1379
-1588
0
0
0
0
0
0
0
0
0
0
0
2137
-2679
-1400
-1586
-16225
0
0
0
0
0
0
0
0
0
0
0
-4727
-4178
-4634
-4325
-4462
0
0
0
0
0
0
0
0
0
0
0
4496
-6280
-3348
-4595
-15848
0
0
0
0
0
0
0
0
0
0
0
-6009
-5447
-6433
-7660
-6379
0
0
0
0
0
0
0
0
0
0
0
8641
-10318
-6407
-6490
-11838
0
0
0
0
0
0
0
0
0
0
0
-3234
-4505
-4298
-2243
-4394
0
0
0
0
0
0
0
0
0
0
0
3011
-5585
-5436
-4368
-21787
0
0
0
0
0
0
0
0
0
0
0
-2843
-3104
-3820
-2339
-3948
0
0
0
0
0
0
0
0
0
0
0
3922
-6024
-5172
-3839
-21228
0
0
0
0
0
0
0
0
0
0
0
-4541
-6562
-6292
-1616
-6252
0
0
0
0
0
0
0
0
0
0
0
2232
-7060
-7655
-6470
-15005
0
0
0
0
0
0
0
0
0
0
0
-3638
-6318
-6322
-4743
-5780
0
0
0
0
0
0
0
0
0
0
0
4562
-8623
-5234
-5774
-19625
0
0
0
0
0
0
0
0
0
0
0
-3111
-3969
-4874
-3486
-4327
0
0
0
0
0
0
0
0
0
0
0
3786
-4931
-5450
-4316
-24499
0
0
0
0
0
0
0
0
0
0
0
-1450
-844
-1342
-798
-993
0
0
0
0
0
0
0
0
0
0
0
1022
-763
-1735
-1135
-16112
0
0
0
0
0
0
0
0
0
0
0
-4782
-3125
-4450
-5051
-4002
0
0
0
0
0
0
0
0
0
0
0
5161
-3993
-5453
-4090
-21780
0
0
0
0
0
0
0
0
0
0
0
-6410
-5947
-8169
-8976
-7128
0
0
0
0
0
0
0
0
0
0
0
10236
-9300
-10024
-7195
-13213
0
0
0
0
0
0
0
0
0
0
0
-4618
-5100
-5489
-4820
-5256
0
0
0
0
0
0
0
0
0
0
0
6428
-6262
-8747
-5079
-25713
0
0
0
0
0
0
0
0
0
0
0
-5583
-4941
-6039
-6464
-5393
0
0
0
0
0
0
0
0
0
0
0
8773
-8617
-8429
-5261
-18835
0
0
0
0
0
0
0
0
0
0
0
-6366
-5994
-7571
-4512
-5930
0
0
0
0
0
0
0
0
0
0
0
7124
-6159
-9101
-6145
-22737
0
0
0
0
0
0
0
0
0
0
0
-7176
-7408
-7949
-6480
-6423
0
0
0
0
0
0
0
0
0
0
0
9830
-9363
-8891
-6432
-21946
0
0
0
0
0
0
0
0
0
0
0
-7197
-6881
-6801
-7214
-5858
0
0
0
0
0
0
0
0
0
0
0
9895
-9178
-8250
-6143
-18173
0
0
0
0
0
0
0
0
0
0
0
-1379
-744
-707
-370
-797
0
0
0
0
0
0
0
0
0
0
0
-32
125
-935
-703
-13529
0
0
0
0
0
0
0
0
0
0
0
-2239
-1930
-628
-1682
-1628
0
0
0
0
0
0
0
0
0
0
0
999
-861
-2559
-1656
-15048
0
0
0
0
0
0
0
0
0
0
0
-1769
-3488
-3738
-2897
-2997
0
0
0
0
0
0
0
0
0
0
0
2353
-1949
-4568
-2996
-18872
0
0
0
0
0
0
0
0
0
0
0
-1402
-2575
-3105
-2149
-2138
0
0
0
0
0
0
0
0
0
0
0
1636
-705
-3620
-2041
-18987
0
0
0
0
0
0
0
0
0
0
0
-537
-2768
-3625
-1115
-2219
0
0
0
0
0
0
0
0
0
0
0
1868
-2899
-2935
-2057
-18271
0
0
0
0
0
0
0
0
0
0
0
-27
-2839
-3708
-273
-2205
0
0
0
0
0
0
0
0
0
0
0
-106
-3068
-1440
-2116
-16805
0
0
0
0
0
0
0
0
0
0
0
-1260
-3299
-3894
640
-2570
0
0
0
0
0
0
0
0
0
0
0
-589
-3248
-1692
-2399
-21177
0
0
0
0
0
0
0
0
0
0
0
-1897
-4896
-4908
-137
-3233
0
0
0
0
0
0
0
0
0
0
0
614
-3800
-2841
-3334
-17652
0
0
0
0
0
0
0
0
0
0
0
0
0
0
0
0
0
0
0
0
0
0
0
0
0
0
0
0
0
0
0
0
0
0
0
0
0
0
0
0
0
0
0
0
0
0
0
0
0
0
0
0
0
0
0
0
0
0
0
0
0
0
0
0
0
0
0
0
0
0
0
0
0
0
0
0
0
0
0
0
0
0
0
0
0
0
0
0
0
0
0
0
0
0
0
0
0
0
0
0
0
0
0
0
0
0
0
0
0
0
0
0
0
0
0
0
0
0
0
0
0
0
0
0
0
0
0
0
0
0
0
0
0
0
0
0
0
0
0
0
0
0
0
0
0
0
0
0
0
0
0
0
0
0
0
0
0
0
0
0
0
0
0
0
0
0
0
0
0
0
0
0
0
0
0
0
0
0
0
0
0
0
0
0
0
0
0
0
0
0
0
0
0
0
0
0
0
0
0
0
0
0
0
0
0
0
0
0
0
0
0
0
0
0
0
0
0
0
0
0
0
0
0
0
0
0
0
0
0
0
0
0
0
0
0
0
0
0
0
0
0
0
0
0
0
0
0
0
0
0
0
0
0
0
0
0
0
0
0
0
0
0
0
0
0
0
0
0
0
0
0
0
0
0
0
0
0
0
0
0
0
0
0
0
0
0
0
0
0
0
0
0
0
0
0
0
0
0
0
0
0
0
0
0
0
0
0
0
0
0
0
0
0
0
0
0
0
0
0
0
0
0
0
0
0
0
0
0
0
0
0
0
0
0
0
0
0
0
0
0
0
0
0
0
0
0
0
0
0
0
0
0
0
0
0
0
0
0
0
0
0
0
0
0
0
0
0
0
0
0
0
0
0
0
0
0
0
0
0
0
0
0
0
0
0
0
0
0
0
0
0
0
0
0
0
0
0
0
0
0
0
0
0
0
0
0
0
0
0
0
0
0
0
0
0
0
0
0
0
0
0
0
0
0
0
0
0
0
0
0
0
0
0
0
0
0
0
0
0
0
0
0
0
0
0
0
0
0
0
0
0
0
0
0
0
0
0
0
0
0
0
0
0
0
0
0
0
0
0
0
0
0
0
0
0
0
0
0
0
0
0
0
0
0
0
0
0
0
0
0
0
0
0
0
0
0
0
0
0
0
0
0
0
0
0
0
0
0
0
0
0
0
0
0
0
0
0
0
0
0
0
0
0
0
0
0
0
0
0
0
0
0
0
0
0
0
0
0
0
0
0
0
0
0
0
0
0
0
0
0
0
0
0
0
0
0
0
0
0
0
0
0
0
0
0
0
0
0
0
0
0
0
0
0
0
0
0
0
0
0
0
0
0
0
0
0
0
0
0
0
0
0
0
0
0
0
0
0
0
0
0
0
0
0
0
0
0
0
0
0
0
0
0
0
0
0
0
0
0
0
0
0
0
0
0
0
0
0
0
0
0
0
0
0
0
0
0
0
0
0
0
0
0
0
0
0
0
0
0
0
0
0
0
0
0
0
0
0
0
0
0
0
0
0
0
0
0
0
0
0
0
0
0
0
0
0
0
0
0
0
0
0
0
0
0
0
0
0
0
0
0
0
0
0
0
0
0
0
0
0
0
0
0
0
0
0
0
0
0
0
0
0
0
0
0
0
0
0
0
0
0
0
0
0
0
0
0
0
0
0
0
0
0
0
0
0
0
0
0
0
0
0
0
0
0
0
0
0
0
0
0
0
0
0
0
0
0
0
0
0
0
0
0
0
0
0
0
0
0
0
0
0
0
0
0
0
0
0
0
0
0
0
0
0
0
0
0
0
0
0
0
0
0
0
0
0
0
0
0
0
0
0
0
0
0
0
0
0
0
0
0
0
0
0
0
0
0
0
0
0
0
0
0
0
0
0
0
0
0
0
0
0
0
0
0
0
0
0
0
0
0
0
0
0
0
0
0
0
0
0
0
0
0
0
0
0
0
0
0
0
0
0
0
0
0
0
0
0
0
0
0
0
0
0
0
0
0
0
0
0
0
0
0
0
0
0
0
0
0
0
0
0
0
0
0
0
0
0
0
0
0
0
0
0
0
0
0
0
0
0
0
0
0
0
0
0
0
0
0
0
0
0
0
0
0
0
0
0
0
0
0
0
0
0
0
0
0
0
0
0
0
0
0
0
0
0
0
0
0
0
0
0
0
0
0
0
0
0
0
0
0
0
0
0
0
0
0
0
0
0
0
0
0
0
0
0
0
0
0
0
0
0
0
0
0
0
0
0
0
0
0
0
0
0
0
0
0
0
0
0
0
0
0
0
0
0
0
0
0
0
0
0
0
0
0
0
0
0
0
0
0
0
0
0
0
0
0
0
0
0
0
0
0
0
0
0
0
0
0
0
0
0
0
0
0
0
0
0
0
0
0
0
0
0
0
0
0
0
0
0
0
0
0
0
0
0
0
0
0
0
0
0
0
0
0
0
0
0
0
0
0
0
0
0
0
0
0
0
0
0
0
0
0
0
0
0
0
0
0
0
0
0
0
0
0
0
0
0
0
0
0
0
0
0
0
0
0
0
0
0
0
0
0
0
0
0
0
0
0
0
0
0
0
0
0
0
0
0
0
0
0
0
0
0
0
0
0
0
0
0
0
0
0
0
0
0
0
0
0
0
0
0
0
0
0
0
0
0
0
0
0
0
0
0
0
0
0
0
0
0
0
0
0
0
0
0
0
0
0
0
0
0
0
0
0
0
0
0
0
0
0
0
0
0
0
0
0
0
0
0
0
0
0
0
0
0
0
0
0
0
0
0
0
0
0
0
0
0
0
0
0
0
0
0
0
0
0
0
0
0
0
0
0
0
0
0
0
0
0
0
0
0
0
0
0
0
0
0
0
0
0
0
0
0
0
0
0
0
0
0
0
0
0
0
0
0
0
0
0
0
0
0
0
0
0
0
0
0
0
0
0
0
0
0
0
0
0
0
0
0
0
0
0
0
0
0
0
0
0
0
0
0
0
0
0
0
0
0
0
0
0
0
0
0
0
0
0
0
0
0
0
0
0
0
0
0
0
0
0
0
0
0
0
0
0
0
0
0
0
0
0
0
0
0
0
0
0
0
0
0
0
0
0
0
0
0
0
0
0
0
0
0
0
0
0
0
0
0
0
0
0
0
0
0
0
0
0
0
0
0
0
0
0
0
0
0
0
0
0
0
0
0
0
0
0
0
0
0
0
0
0
0
0
0
0
0
0
0
0
0
0
0
0
0
0
0
0
0
0
0
0
0
0
0
0
0
0
0
0
0
0
0
0
0
0
0
0
0
0
0
0
0
0
0
0
0
0
0
0
0
0
0
0
0
0
0
0
0
0
0
0
0
0
0
0
0
0
0
0
0
0
0
0
0
0
0
0
0
0
0
0
0
0
0
0
0
0
0
0
0
0
0
0
0
0
0
0
0
0
0
0
0
0
0
0
0
0
0
0
0
0
0
0
0
0
0
0
0
0
0
0
0
0
0
0
0
0
0
0
0
0
0
0
0
0
0
0
0
0
0
0
0
0
0
0
0
0
0
0
0
0
0
0
0
0
0
0
0
0
0
0
0
0
0
0
0
0
0
0
0
0
0
0
0
0
0
0
0
0
0
0
0
0
0
0
0
0
0
0
0
0
0
0
0
0
0
0
0
0
0
0
0
0
0
0
0
0
0
0
0
0
0
0
0
0
0
0
0
0
0
0
0
0
0
0
0
0
0
0
0
0
0
0
0
0
0
0
0
0
0
0
0
0
0
0
0
0
0
0
0
0
0
0
0
0
0
0
0
0
0
0
0
0
0
0
0
0
0
0
0
0
0
0
0
0
0
0
0
0
0
0
0
0
0
0
0
0
0
0
0
0
0
0
0
0
0
0
0
0
0
0
0
0
0
0
0
0
0
0
0
0
0
0
0
0
0
0
0
0
0
0
0
0
0
0
0
0
0
0
0
0
0
0
0
0
0
0
0
0
0
0
0
0
0
0
0
0
0
0
0
0
0
0
0
0
0
0
0
0
0
0
0
0
0
0
0
0
0
0
0
0
0
0
0
0
0
0
0
0
0
0
0
0
0
0
0
0
0
0
0
0
0
0
0
0
0
0
0
0
0
0
0
0
0
0
0
0
0
0
0
0
0
0
0
0
0
0
0
0
0
0
0
0
0
0
0
0
0
0
0
0
0
0
0
0
0
0
0
0
0
0
0
0
0
0
0
0
0
0
0
0
0
0
0
0
0
0
0
0
0
0
0
0
0
0
0
0
0
0
0
0
0
0
0
0
0
0
0
0
0
0
0
0
0
0
0
0
0
0
0
0
0
0
0
0
0
0
0
0
0
0
0
0
0
0
0
0
0
0
0
0
0
0
0
0
0
0
0
0
0
0
0
0
0
0
0
0
0
0
0
0
0
0
0
0
0
0
0
0
0
0
0
0
0
0
0
0
0
0
0
0
0
0
0
0
0
0
0
0
0
0
0
0
0
0
0
0
0
0
0
0
0
0
0
0
0
0
0
0
0
0
0
0
0
0
0
0
0
0
0
0
0
0
0
0
0
0
0
0
0
0
0
0
0
0
0
0
0
0
0
0
0
0
0
0
0
0
0
0
0
0
0
0
0
0
0
0
0
0
0
0
0
0
0
0
0
0
0
0
0
0
0
0
0
0
0
0
0
0
0
0
0
0
0
0
0
0
0
0
0
0
0
0
0
0
0
0
0
0
0
0
0
0
0
0
0
0
0
0
0
0
0
0
0
0
0
0
0
0
0
0
0
0
0
0
0
0
0
0
0
0
0
0
0
0
0
0
0
0
0
0
0
0
0
0
0
0
0
0
0
0
0
0
0
0
0
0
0
0
0
0
0
0
0
0
0
0
0
0
0
0
0
0
0
0
0
0
0
0
0
0
0
0
0
0
0
0
0
0
0
0
0
0
0
0
0
0
0
0
0
0
0
0
0
0
0
0
0
0
0
0
0
0
0
0
0
0
0
0
0
0
0
0
0
0
0
0
0
0
0
0
0
0
0
0
0
0
0
0
0
0
0
0
0
0
0
0
0
0
0
0
0
0
0
0
0
0
0
0
0
0
0
0
0
0
0
0
0
0
0
0
0
0
0
0
0
0
0
0
0
0
0
0
0
0
0
0
0
0
0
0
0
0
0
0
0
0
0
0
0
0
0
0
0
0
0
0
0
0
0
0
0
0
0
0
0
0
0
0
0
0
0
0
0
0
0
0
0
0
0
0
0
0
0
0
0
0
0
0
0
0
0
0
0
0
0
0
0
0
0
0
0
0
0
0
0
0
0
0
0
0
0
0
0
0
0
0
0
0
0
0
0
0
0
0
0
0
0
0
0
0
0
0
0
0
0
0
0
0
0
0
0
0
0
0
0
0
0
0
0
0
0
0
0
0
0
0
0
0
0
0
0
0
0
0
0
0
0
0
0
0
0
0
0
0
0
0
0
0
0
0
0
0
0
0
0
0
0
0
0
0
0
0
0
0
0
0
0
0
0
0
0
0
0
0
0
0
0
0
0
0
0
0
0
0
0
0
0
0
0
0
0
0
0
0
0
0
0
0
0
0
0
0
0
0
0
0
0
0
0
0
0
0
0
0
0
0
0
0
0
0
0
0
0
0
0
0
0
0
0
0
0
0
0
0
0
0
0
0
0
0
0
0
0
0
0
0
0
0
0
0
0
0
0
0
0
0
0
0
0
0
0
0
0
0
0
0
0
0
0
0
0
0
0
0
0
0
0
0
0
0
0
0
0
0
0
0
0
0
0
0
0
0
0
0
0
0
0
0
0
0
0
0
0
0
0
0
0
0
0
0
0
0
0
0
0
0
0
0
0
0
0
0
0
0
0
0
0
0
0
0
0
0
0
0
0
0
0
0
0
0
0
0
0
0
0
0
0
0
0
0
0
0
0
0
0
0
0
0
0
0
0
0
0
0
0
0
0
0
0
0
0
0
0
0
0
0
0
0
0
0
0
0
0
0
0
0
0
0
0
0
0
0
0
0
0
0
0
0
0
0
0
0
0
0
0
0
0
0
0
0
0
0
0
0
0
0
0
0
0
0
0
0
0
0
0
0
0
0
0
0
0
0
0
0
0
0
0
0
0
0
0
0
0
0
0
0
0
0
0
0
0
0
0
0
0
0
0
0
0
0
0
0
0
0
0
0
0
0
0
0
0
0
0
0
0
0
0
0
0
0
0
0
0
0
0
0
0
0
0
0
0
0
0
0
0
0
0
0
0
0
0
0
0
0
0
0
0
0
0
0
0
0
0
0
0
0
0
0
0
0
0
0
0
0
0
0
0
0
0
0
0
0
0
0
0
0
0
0
0
0
0
0
0
0
0
0
0
0
0
0
0
0
0
0
0
0
0
0
0
0
0
0
0
0
0
0
0
0
0
0
0
0
0
0
0
0
0
0
0
0
0
0
0
0
0
0
0
0
0
0
0
0
0
0
0
0
0
0
0
0
0
0
0
0
0
0
0
0
0
0
0
0
0
0
0
0
0
0
0
0
0
0
0
0
0
0
0
0
0
0
0
0
0
0
0
0
0
0
0
0
0
0
0
0
0
0
0
0
0
0
0
0
0
0
0
0
0
0
0
0
0
0
0
0
0
0
0
0
0
0
0
0
0
0
0
0
0
0
0
0
0
0
0
0
0
0
0
0
0
0
0
0
0
0
0
0
0
0
0
0
0
0
0
0
0
0
0
0
0
0
0
0
0
0
0
0
0
0
0
0
0
0
0
0
0
0
0
0
0
0
0
0
0
0
0
0
0
0
0
0
0
0
0
0
0
0
0
0
0
0
0
0
0
0
0
0
0
0
0
0
0
0
0
0
0
0
0
0
0
0
0
0
0
0
0
0
0
0
0
0
0
0
0
0
0
0
0
0
0
0
0
0
0
0
0
0
0
0
0
0
0
0
0
0
0
0
0
0
0
0
0
0
0
0
0
0
0
0
0
0
0
0
0
0
0
0
0
0
0
0
0
0
0
0
0
0
0
0
0
0
0
0
0
0
0
0
0
0
0
0
0
0
0
0
0
0
0
0
0
0
0
0
0
0
0
0
0
0
0
0
0
0
0
0
0
0
0
0
0
0
0
0
0
0
0
0
0
0
0
0
0
0
0
0
0
0
0
0
0
0
0
0
0
0
0
0
0
0
0
0
0
0
0
0
0
0
0
0
0
0
0
0
0
0
0
0
0
0
0
0
0
0
0
0
0
0
0
0
0
0
0
0
0
0
0
0
0
0
0
0
0
0
0
0
0
0
0
0
0
0
0
0
0
0
0
0
0
0
0
0
0
0
0
0
0
0
0
0
0
0
0
0
0
0
0
0
0
0
0
0
0
0
0
0
0
0
0
0
0
0
0
0
0
0
0
0
0
0
0
0
0
0
0
0
0
0
0
0
0
0
0
0
0
0
0
0
0
0
0
0
0
0
0
0
0
0
0
0
0
0
0
0
0
0
0
0
0
0
0
0
0
0
0
0
0
0
0
0
0
0
0
0
0
0
0
0
0
0
0
0
0
0
0
0
0
0
0
0
0
0
0
0
0
0
0
0
0
0
0
0
0
0
0
0
0
0
0
0
0
0
0
0
0
0
0
0
0
0
0
0
0
0
0
0
0
0
0
0
0
0
0
0
0
0
0
0
0
0
0
0
0
0
0
0
0
0
0
0
0
0
0
0
0
0
0
0
0
0
0
0
0
0
0
0
0
0
0
0
0
0
0
0
0
0
0
0
0
0
0
0
0
0
0
0
0
0
0
0
0
0
0
0
0
0
0
0
0
0
0
0
0
0
0
0
0
0
0
0
0
0
0
0
0
0
0
0
0
0
0
0
0
0
0
0
0
0
0
0
0
0
0
0
0
0
0
0
0
0
0
0
0
0
0
0
0
0
0
0
0
0
0
0
0
0
0
0
0
0
0
0
0
0
0
0
0
0
0
0
0
0
0
0
0
0
0
0
0
0
0
0
0
0
0
0
0
0
0
0
0
0
0
0
0
0
0
0
0
0
0
0
0
0
0
0
0
0
0
0
0
0
0
0
0
0
0
0
0
0
0
0
0
0
0
0
0
0
0
0
0
0
0
0
0
0
0
0
0
0
0
0
0
0
0
0
0
0
0
0
0
0
0
0
0
0
0
0
0
0
0
0
0
0
0
0
0
0
0
0
0
0
0
0
0
0
0
0
0
0
0
0
0
0
0
0
0
0
0
0
0
0
0
0
0
0
0
0
0
0
0
0
0
0
0
0
0
0
0
0
0
0
0
0
0
0
0
0
0
0
0
0
0
0
0
0
0
0
0
0
0
0
0
0
0
0
0
0
0
0
0
0
0
0
0
0
0
0
0
0
0
0
0
0
0
0
0
0
0
0
0
0
0
0
0
0
0
0
0
0
0
0
0
0
0
0
0
0
0
0
0
0
0
0
0
0
0
0
0
0
0
0
0
0
0
0
0
0
0
0
0
0
0
0
0
0
0
0
0
0
0
0
0
0
0
0
0
0
0
0
0
0
0
0
0
0
0
0
0
0
0
0
0
0
0
0
0
0
0
0
0
0
0
0
0
0
0
0
0
0
0
0
0
0
0
0
0
0
0
0
0
0
0
0
0
0
0
0
0
0
0
0
0
0
0
0
0
0
0
0
0
0
0
0
0
0
0
0
0
0
0
0
0
0
0
0
0
0
0
0
0
0
0
0
0
0
0
0
0
0
0
0
0
0
0
0
0
0
0
0
0
0
0
0
0
0
0
0
0
0
0
0
0
0
0
0
0
0
0
0
0
0
0
0
0
0
0
0
0
0
0
0
0
0
0
0
0
0
0
0
0
0
0
0
0
0
0
0
0
0
0
0
0
0
0
0
0
0
0
0
0
0
0
0
0
0
0
0
0
0
0
0
0
0
0
0
0
0
0
0
0
0
0
0
0
0
0
0
0
0
0
0
0
0
0
0
0
0
0
0
0
0
0
0
0
0
0
0
0
0
0
0
0
0
0
0
0
0
0
0
0
0
0
0
0
0
0
0
0
0
0
0
0
0
0
0
0
0
0
0
0
0
0
0
0
0
0
0
0
0
0
0
0
0
0
0
0
0
0
0
0
0
0
0
0
0
0
0
0
0
0
0
0
0
0
0
0
0
0
0
0
0
0
0
0
0
0
0
0
0
0
0
0
0
0
0
0
0
0
0
0
0
0
0
0
0
0
0
0
0
0
0
0
0
0
0
0
0
0
0
0
0
0
0
0
0
0
0
0
0
0
0
0
0
0
0
0
0
0
0
0
0
0
0
0
0
0
0
0
0
0
0
0
0
0
0
0
0
0
0
0
0
0
0
0
0
0
0
0
0
0
0
0
0
0
0
0
0
0
0
0
0
0
0
0
0
0
0
0
0
0
0
0
0
0
0
0
0
0
0
0
0
0
0
0
0
0
0
0
0
0
0
0
0
0
0
0
0
0
0
0
0
0
0
0
0
0
0
0
0
0
0
0
0
0
0
0
0
0
0
0
0
0
0
0
0
0
0
0
0
0
0
0
0
0
0
0
0
0
0
0
0
0
0
0
0
0
0
0
0
0
0
0
0
0
0
0
0
0
0
0
0
0
0
0
0
0
0
0
0
0
0
0
0
0
0
0
0
0
0
0
0
0
0
0
0
0
0
0
0
0
0
0
0
0
0
0
0
0
0
0
0
0
0
0
0
0
0
0
0
0
0
0
0
0
0
0
0
0
0
0
0
0
0
0
0
0
0
0
0
0
0
0
0
0
0
0
0
0
0
0
0
0
0
0
0
0
0
0
0
0
0
0
0
0
0
0
0
0
0
0
0
0
0
0
0
0
0
0
0
0
0
0
0
0
0
0
0
0
0
0
0
0
0
0
0
0
0
0
0
0
0
0
0
0
0
0
0
0
0
0
0
0
0
0
0
0
0
0
0
0
0
0
0
0
0
0
0
0
0
0
0
0
0
0
0
0
0
0
0
0
0
0
0
0
0
0
0
0
0
0
0
0
0
0
0
0
0
0
0
0
0
0
0
0
0
0
0
0
0
0
0
0
0
0
0
0
0
0
0
0
0
0
0
0
0
0
0
0
0
0
0
0
0
0
0
0
0
0
0
0
0
0
0
0
0
0
0
0
0
0
0
0
0
0
0
0
0
0
0
0
0
0
0
0
0
0
0
0
0
0
0
0
0
0
0
0
0
0
0
0
0
0
0
0
0
0
0
0
0
0
0
0
0
0
0
0
0
0
0
0
0
0
0
0
0
0
0
0
0
0
0
0
0
0
0
0
0
0
0
0
0
0
0
0
0
0
0
0
0
0
0
0
0
0
0
0
0
0
0
0
0
0
0
0
0
0
0
0
0
0
0
0
0
0
0
0
0
0
0
0
0
0
0
0
0
0
0
0
0
0
0
0
0
0
0
0
0
0
0
0
0
0
0
0
0
0
0
0
0
0
0
0
0
0
0
0
0
0
0
0
0
0
0
0
0
0
0
0
0
0
0
0
0
0
0
0
0
0
0
0
0
0
0
0
0
0
0
0
0
0
0
0
0
0
0
0
0
0
0
0
0
0
0
0
0
0
0
0
0
0
0
0
0
0
0
0
0
0
0
0
0
0
0
0
0
0
0
0
0
0
0
0
0
0
0
0
0
0
0
0
0
0
0
0
0
0
0
0
0
0
0
0
0
0
0
0
0
0
0
0
0
0
0
0
0
0
0
0
0
0
0
0
0
0
0
0
0
0
0
0
0
0
0
0
0
0
0
0
0
0
0
0
0
0
0
0
0
0
0
0
0
0
0
0
0
0
0
0
0
0
0
0
0
0
0
0
0
0
0
0
0
0
0
0
0
0
0
0
0
0
0
0
0
0
0
0
0
0
0
0
0
0
0
0
0
0
0
0
0
0
0
0
0
0
0
0
0
0
0
0
0
0
0
0
0
0
0
0
0
0
0
0
0
0
0
0
0
0
0
0
0
0
0
0
0
0
0
0
0
0
0
0
0
0
0
0
0
0
0
0
0
0
0
0
0
0
0
0
0
0
0
0
0
0
0
0
0
0
0
0
0
0
0
0
0
0
0
0
0
0
0
0
0
0
0
0
0
0
0
0
0
0
0
0
0
0
0
0
0
0
0
0
0
0
0
0
0
0
0
0
0
0
0
0
0
0
0
0
0
0
0
0
0
0
0
0
0
0
0
0
0
0
0
0
0
0
0
0
0
0
0
0
0
0
0
0
0
0
0
0
0
0
0
0
0
0
0
0
0
0
0
0
0
0
0
0
0
0
0
0
0
0
0
0
0
0
0
0
0
0
0
0
0
0
0
0
0
0
0
0
0
0
0
0
0
0
0
0
0
0
0
0
0
0
0
0
0
0
0
0
0
0
0
0
0
0
0
0
0
0
0
0
0
0
0
0
0
0
0
0
0
0
0
0
0
0
0
0
0
0
0
0
0
0
0
0
0
0
0
0
0
0
0
0
0
0
0
0
0
0
0
0
0
0
0
0
0
0
0
0
0
0
0
0
0
0
0
0
0
0
0
0
0
0
0
0
0
0
0
0
0
0
0
0
0
0
0
0
0
0
0
0
0
0
0
0
0
0
0
0
0
0
0
0
0
0
0
0
0
0
0
0
0
0
0
0
0
0
0
0
0
0
0
0
0
0
0
0
0
0
0
0
0
0
0
0
0
0
0
0
0
0
0
0
0
0
0
0
0
0
0
0
0
0
0
0
0
0
0
0
0
0
0
0
0
0
0
0
0
0
0
0
0
0
0
0
0
0
0
0
0
0
0
0
0
0
0
0
0
0
0
0
0
0
0
0
0
0
0
0
0
0
0
0
0
0
0
0
0
0
0
0
0
0
0
0
0
0
0
0
0
0
0
0
0
0
0
0
0
0
0
0
0
0
0
0
0
0
0
0
0
0
0
0
0
0
0
0
0
0
0
0
0
0
0
0
0
0
0
0
0
0
0
0
0
0
0
0
0
0
0
0
0
0
0
0
0
0
0
0
0
0
0
0
0
0
0
0
0
0
0
0
0
0
0
0
0
0
0
0
0
0
0
0
0
0
0
0
0
0
0
0
0
0
0
0
0
0
0
0
0
0
0
0
0
0
0
0
0
0
0
0
0
0
0
0
0
0
0
0
0
0
0
0
0
0
0
0
0
0
0
0
0
0
0
0
0
0
0
0
0
0
0
0
0
0
0
0
0
0
0
0
0
0
0
0
0
0
0
0
0
0
0
0
0
0
0
0
0
0
0
0
0
0
0
0
0
0
0
0
0
0
0
0
0
0
0
0
0
0
0
0
0
0
0
0
0
0
0
0
0
0
0
0
0
0
0
0
0
0
0
0
0
0
0
0
0
0
0
0
0
0
0
0
0
0
0
0
0
0
0
0
0
0
0
0
0
0
0
0
0
0
0
0
0
0
0
0
0
0
0
0
0
0
0
0
0
0
0
0
0
0
0
0
0
0
0
0
0
0
0
0
0
0
0
0
0
0
0
0
0
0
0
0
0
0
0
0
0
0
0
0
0
0
0
0
0
0
0
0
0
0
0
0
0
0
0
0
0
0
0
0
0
0
0
0
0
0
0
0
0
0
0
0
0
0
0
0
0
0
0
0
0
0
0
0
0
0
0
0
0
0
0
0
0
0
0
0
0
0
0
0
0
0
0
0
0
0
0
0
0
0
0
0
0
0
0
0
0
0
0
0
0
0
0
0
0
0
0
0
0
0
0
0
0
0
0
0
0
0
0
0
0
0
0
0
0
0
0
0
0
0
0
0
0
0
0
0
0
0
0
0
0
0
0
0
0
0
0
0
0
0
0
0
0
0
0
0
0
0
0
0
0
0
0
0
0
0
0
0
0
0
0
0
0
0
0
0
0
0
0
0
0
0
0
0
0
0
0
0
0
0
0
0
0
0
0
0
0
0
0
0
0
0
0
0
0
0
0
0
0
0
0
0
0
0
0
0
0
0
0
0
0
0
0
0
0
0
0
0
0
0
0
0
0
0
0
0
0
0
0
0
0
0
0
0
0
0
0
0
0
0
0
0
0
0
0
0
0
0
0
0
0
0
0
0
0
0
0
0
0
0
0
0
0
0
0
0
0
0
0
0
0
0
0
0
0
0
0
0
0
0
0
0
0
0
0
0
0
0
0
0
0
0
0
0
0
0
0
0
0
0
0
0
0
0
0
0
0
0
0
0
0
0
0
0
0
0
0
0
0
0
0
0
0
0
0
0
0
0
0
0
0
0
0
0
0
0
0
0
0
0
0
0
0
0
0
0
0
0
0
0
0
0
0
0
0
0
0
0
0
0
0
0
0
0
0
0
0
0
0
0
0
0
0
0
0
0
0
0
0
0
0
0
0
0
0
0
0
0
0
0
0
0
0
0
0
0
0
0
0
0
0
0
0
0
0
0
0
0
0
0
0
0
0
0
0
0
0
0
0
0
0
0
0
0
0
0
0
0
0
0
0
0
0
0
0
0
0
0
0
0
0
0
0
0
0
0
0
0
0
0
0
0
0
0
0
0
0
0
0
0
0
0
0
0
0
0
0
0
0
0
0
0
0
0
0
0
0
0
0
0
0
0
0
0
0
0
0
0
0
0
0
0
0
0
0
0
0
0
0
0
0
0
0
0
0
0
0
0
0
0
0
0
0
0
0
0
0
0
0
0
0
0
0
0
0
0
0
0
0
0
0
0
0
0
0
0
0
0
0
0
0
0
0
0
0
0
0
0
0
0
0
0
0
0
0
0
0
0
0
0
0
0
0
0
0
0
0
0
0
0
0
0
0
0
0
0
0
0
0
0
0
0
0
0
0
0
0
0
0
0
0
0
0
0
0
0
0
0
0
0
0
0
0
0
0
0
0
0
0
0
0
0
0
0
0
0
0
0
0
0
0
0
0
0
0
0
0
0
0
0
0
0
0
0
0
0
0
0
0
0
0
0
0
0
0
0
0
0
0
0
0
0
0
0
0
0
0
0
0
0
0
0
0
0
0
0
0
0
0
0
0
0
0
0
0
0
0
0
0
0
0
0
0
0
0
0
0
0
0
0
0
0
0
0
0
0
0
0
0
0
0
0
0
0
0
0
0
0
0
0
0
0
0
0
0
0
0
0
0
0
0
0
0
0
0
0
0
0
0
0
0
0
0
0
0
0
0
0
0
0
0
0
0
0
0
0
0
0
0
0
0
0
0
0
0
0
0
0
0
0
0
0
0
0
0
0
0
0
0
0
0
0
0
0
0
0
0
0
0
0
0
0
0
0
0
0
0
0
0
0
0
0
0
0
0
0
0
0
0
0
0
0
0
0
0
0
0
0
0
0
0
0
0
0
0
0
0
0
0
0
0
0
0
0
0
0
0
0
0
0
0
0
0
0
0
0
0
0
0
0
0
0
0
0
0
0
0
0
0
0
0
0
0
0
0
0
0
0
0
0
0
0
0
0
0
0
0
0
0
0
0
0
0
0
0
0
0
0
0
0
0
0
0
0
0
0
0
0
0
0
0
0
0
0
0
0
0
0
0
0
0
0
0
0
0
0
0
0
0
0
0
0
0
0
0
0
0
0
0
0
0
0
0
0
0
0
0
0
0
0
0
0
0
0
0
0
0
0
0
0
0
0
0
0
0
0
0
0
0
0
0
0
0
0
0
0
0
0
0
0
0
0
0
0
0
0
0
0
0
0
0
0
0
0
0
0
0
0
0
0
0
0
0
0
0
0
0
0
0
0
0
0
0
0
0
0
0
0
0
0
0
0
0
0
0
0
0
0
0
0
0
0
0
0
0
0
0
0
0
0
0
0
0
0
0
0
0
0
0
0
0
0
0
0
0
0
0
0
0
0
0
0
0
0
0
0
0
0
0
0
0
0
0
0
0
0
0
0
0
0
0
0
0
0
0
0
0
0
0
0
0
0
0
0
0
0
0
0
0
0
0
0
0
0
0
0
0
0
0
0
0
0
0
0
0
0
0
0
0
0
0
0
0
0
0
0
0
0
0
0
0
0
0
0
0
0
0
0
0
0
0
0
0
0
0
0
0
0
0
0
0
0
0
0
0
0
0
0
0
0
0
0
0
0
0
0
0
0
0
0
0
0
0
0
0
0
0
0
0
0
0
0
0
0
0
0
0
0
0
0
0
0
0
0
0
0
0
0
0
0
0
0
0
0
0
0
0
0
0
0
0
0
0
0
0
0
0
0
0
0
0
0
0
0
0
0
0
0
0
0
0
0
0
0
0
0
0
0
0
0
0
0
0
0
0
0
0
0
0
0
0
0
0
0
0
0
0
0
0
0
0
0
0
0
0
0
0
0
0
0
0
0
0
0
0
0
0
0
0
0
0
0
0
0
0
0
0
0
0
0
0
0
0
0
0
0
0
0
0
0
0
0
0
0
0
0
0
0
0
0
0
0
0
0
0
0
0
0
0
0
0
0
0
0
0
0
0
0
0
0
0
0
0
0
0
0
0
0
0
0
0
0
0
0
0
0
0
0
0
0
0
0
0
0
0
0
0
0
0
0
0
0
0
0
0
0
0
0
0
0
0
0
0
0
0
0
0
0
0
0
0
0
0
0
0
0
0
0
0
0
0
0
0
0
0
0
0
0
0
0
0
0
0
0
0
0
0
0
0
0
0
0
0
0
0
0
0
0
0
0
0
0
0
0
0
0
0
0
0
0
0
0
0
0
0
0
0
0
0
0
0
0
0
0
0
0
0
0
0
0
0
0
0
0
0
0
0
0
0
0
0
0
0
0
0
0
0
0
0
0
0
0
0
0
0
0
0
0
0
0
0
0
0
0
0
0
0
0
0
0
0
0
0
0
0
0
0
0
0
0
0
0
0
0
0
0
0
0
0
0
0
0
0
0
0
0
0
0
0
0
0
0
0
0
0
0
0
0
0
0
0
0
0
0
0
0
0
0
0
0
0
0
0
0
0
0
0
0
0
0
0
0
0
0
0
0
0
0
0
0
0
0
0
0
0
0
0
0
0
0
0
0
0
0
0
0
0
0
0
0
0
0
0
0
0
0
0
0
0
0
0
0
0
0
0
0
0
0
0
0
0
0
0
0
0
0
0
0
0
0
0
0
0
0
0
0
0
0
0
0
0
0
0
0
0
0
0
0
0
0
0
0
0
0
0
0
0
0
0
0
0
0
0
0
0
0
0
0
0
0
0
0
0
0
0
0
0
0
0
0
0
0
0
0
0
0
0
0
0
0
0
0
0
0
0
0
0
0
0
0
0
0
0
0
0
0
0
0
0
0
0
0
0
0
0
0
0
0
0
0
0
0
0
0
0
0
0
0
0
0
0
0
0
0
0
0
0
0
0
0
0
0
0
0
0
0
0
0
0
0
0
0
0
0
0
0
0
0
0
0
0
0
0
0
0
0
0
0
0
0
0
0
0
0
0
0
0
0
0
0
0
0
0
0
0
0
0
0
0
0
0
0
0
0
0
0
0
0
0
0
0
0
0
0
0
0
0
0
0
0
0
0
0
0
0
0
0
0
0
0
0
0
0
0
0
0
0
0
0
0
0
0
0
0
0
0
0
0
0
0
0
0
0
0
0
0
0
0
0
0
0
0
0
0
0
0
0
0
0
0
0
0
0
0
0
0
0
0
0
0
0
0
0
0
0
0
0
0
0
0
0
0
0
0
0
0
0
0
0
0
0
0
0
0
0
0
0
0
0
0
0
0
0
0
0
0
0
0
0
0
0
0
0
0
0
0
0
0
0
0
0
0
0
0
0
0
0
0
0
0
0
0
0
0
0
0
0
0
0
0
0
0
0
0
0
0
0
0
0
0
0
0
0
0
0
0
0
0
0
0
0
0
0
0
0
0
0
0
0
0
0
0
0
0
0
0
0
0
0
0
0
0
0
0
0
0
0
0
0
0
0
0
0
0
0
0
0
0
0
0
0
0
0
0
0
0
0
0
0
0
0
0
0
0
0
0
0
0
0
0
0
0
0
0
0
0
0
0
0
0
0
0
0
0
0
0
0
0
0
0
0
0
0
0
0
0
0
0
0
0
0
0
0
0
0
0
0
0
0
0
0
0
0
0
0
0
0
0
0
0
0
0
0
0
0
0
0
0
0
0
0
0
0
0
0
0
0
0
0
0
0
0
0
0
0
0
0
0
0
0
0
0
0
0
0
0
0
0
0
0
0
0
0
0
0
0
0
0
0
0
0
0
0
0
0
0
0
0
0
0
0
0
0
0
0
0
0
0
0
0
0
0
0
0
0
0
0
0
0
0
0
0
0
0
0
0
0
0
0
0
0
0
0
0
0
0
0
0
0
0
0
0
0
0
0
0
0
0
0
0
0
0
0
0
0
0
0
0
0
0
0
0
0
0
0
0
0
0
0
0
0
0
0
0
0
0
0
0
0
0
0
0
0
0
0
0
0
0
0
0
0
0
0
0
0
0
0
0
0
0
0
0
0
0
0
0
0
0
0
0
0
0
0
0
0
0
0
0
0
0
0
0
0
0
0
0
0
0
0
0
0
0
0
0
0
0
0
0
0
0
0
0
0
0
0
0
0
0
0
0
0
0
0
0
0
0
0
0
0
0
0
0
0
0
0
0
0
0
0
0
0
0
0
0
0
0
0
0
0
0
0
0
0
0
0
0
0
0
0
0
0
0
0
0
0
0
0
0
0
0
0
0
0
0
0
0
0
0
0
0
0
0
0
0
0
0
0
0
0
0
0
0
0
0
0
0
0
0
0
0
0
0
0
0
0
0
0
0
0
0
0
0
0
0
0
0
0
0
0
0
0
0
0
0
0
0
0
0
0
0
0
0
0
0
0
0
0
0
0
0
0
0
0
0
0
0
0
0
0
0
0
0
0
0
0
0
0
0
0
0
0
0
0
0
0
0
0
0
0
0
0
0
0
0
0
0
0
0
0
0
0
0
0
0
0
0
0
0
0
0
0
0
0
0
0
0
0
0
0
0
0
0
0
0
0
0
0
0
0
0
0
0
0
0
0
0
0
0
0
0
0
0
0
0
0
0
0
0
0
0
0
0
0
0
0
0
0
0
0
0
0
0
0
0
0
0
0
0
0
0
0
0
0
0
0
0
0
0
0
0
0
0
0
0
0
0
0
0
0
0
0
0
0
0
0
0
0
0
0
0
0
0
0
0
0
0
0
0
0
0
0
0
0
0
0
0
0
0
0
0
0
0
0
0
0
0
0
0
0
0
0
0
0
0
0
0
0
0
0
0
0
0
0
0
0
0
0
0
0
0
0
0
0
0
0
0
0
0
0
0
0
0
0
0
0
0
0
0
0
0
0
0
0
0
0
0
0
0
0
0
0
0
0
0
0
0
0
0
0
0
0
0
0
0
0
0
0
0
0
0
0
0
0
0
0
0
0
0
0
0
0
0
0
0
0
0
0
0
0
0
0
0
0
0
0
0
0
0
0
0
0
0
0
0
0
0
0
0
0
0
0
0
0
0
0
0
0
0
0
0
0
0
0
0
0
0
0
0
0
0
0
0
0
0
0
0
0
0
0
0
0
0
0
0
0
0
0
0
0
0
0
0
0
0
0
0
0
0
0
0
0
0
0
0
0
0
0
0
0
0
0
0
0
0
0
0
0
0
0
0
0
0
0
0
0
0
0
0
0
0
0
0
0
0
0
0
0
0
0
0
0
0
0
0
0
0
0
0
0
0
0
0
0
0
0
0
0
0
0
0
0
0
0
0
0
0
0
0
0
0
0
0
0
0
0
0
0
0
0
0
0
0
0
0
0
0
0
0
0
0
0
0
0
0
0
0
0
0
0
0
0
0
0
0
0
0
0
0
0
0
0
0
0
0
0
0
0
0
0
0
0
0
0
0
0
0
0
0
0
0
0
0
0
0
0
0
0
0
0
0
0
0
0
0
0
0
0
0
0
0
0
0
0
0
0
0
0
0
0
0
0
0
0
0
0
0
0
0
0
0
0
0
0
0
0
0
0
0
0
0
0
0
0
0
0
0
0
0
0
0
0
0
0
0
0
0
0
0
0
0
0
0
0
0
0
0
0
0
0
0
0
0
0
0
0
0
0
0
0
0
0
0
0
0
0
0
0
0
0
0
0
0
0
0
0
0
0
0
0
0
0
0
0
0
0
0
0
0
0
0
0
0
0
0
0
0
0
0
0
0
0
0
0
0
0
0
0
0
0
0
0
0
0
0
0
0
0
0
0
0
0
0
0
0
0
0
0
0
0
0
0
0
0
0
0
0
0
0
0
0
0
0
0
0
0
0
0
0
0
0
0
0
0
0
0
0
0
0
0
0
0
0
0
0
0
0
0
0
0
0
0
0
0
0
0
0
0
0
0
0
0
0
0
0
0
0
0
0
0
0
0
0
0
0
0
0
0
0
0
0
0
0
0
0
0
0
0
0
0
0
0
0
0
0
0
0
0
0
0
0
0
0
0
0
0
0
0
0
0
0
0
0
0
0
0
0
0
0
0
0
0
0
0
0
0
0
0
0
0
0
0
0
0
0
0
0
0
0
0
0
0
0
0
0
0
0
0
0
0
0
0
0
0
0
0
0
0
0
0
0
0
0
0
0
0
0
0
0
0
0
0
0
0
0
0
0
0
0
0
0
0
0
0
0
0
0
0
0
0
0
0
0
0
0
0
0
0
0
0
0
0
0
0
0
0
0
0
0
0
0
0
0
0
0
0
0
0
0
0
0
0
0
0
0
0
0
0
0
0
0
0
0
0
0
0
0
0
0
0
0
0
0
0
0
0
0
0
0
0
0
0
0
0
0
0
0
0
0
0
0
0
0
0
0
0
0
0
0
0
0
0
0
0
0
0
0
0
0
0
0
0
0
0
0
0
0
0
0
0
0
0
0
0
0
0
0
0
0
0
0
0
0
0
0
0
0
0
0
0
0
0
0
0
0
0
0
0
0
0
0
0
0
0
0
0
0
0
0
0
0
0
0
0
0
0
0
0
0
0
0
0
0
0
0
0
0
0
0
0
0
0
0
0
0
0
0
0
0
0
0
0
0
0
0
0
0
0
0
0
0
0
0
0
0
0
0
0
0
0
0
0
0
0
0
0
0
0
0
0
0
0
0
0
0
0
0
0
0
0
0
0
0
0
0
0
0
0
0
0
0
0
0
0
0
0
0
0
0
0
0
0
0
0
0
0
0
0
0
0
0
0
0
0
0
0
0
0
0
0
0
0
0
0
0
0
0
0
0
0
0
0
0
0
0
0
0
0
0
0
0
0
0
0
0
0
0
0
0
0
0
0
0
0
0
0
0
0
0
0
0
0
0
0
0
0
0
0
0
0
0
0
0
0
0
0
0
0
0
0
0
0
0
0
0
0
0
0
0
0
0
0
0
0
0
0
0
0
0
0
0
0
0
0
0
0
0
0
0
0
0
0
0
0
0
0
0
0
0
0
0
0
0
0
0
0
0
0
0
0
0
0
0
0
0
0
0
0
0
0
0
0
0
0
0
0
0
0
0
0
0
0
0
0
0
0
0
0
0
0
0
0
0
0
0
0
0
0
0
0
0
0
0
0
0
0
0
0
0
0
0
0
0
0
0
0
0
0
0
0
0
0
0
0
0
0
0
0
0
0
0
0
0
0
0
0
0
0
0
0
0
0
0
0
0
0
0
0
0
0
0
0
0
0
0
0
0
0
0
0
0
0
0
0
0
0
0
0
0
0
0
0
0
0
0
0
0
0
0
0
0
0
0
0
0
0
0
0
0
0
0
0
0
0
0
0
0
0
0
0
0
0
0
0
0
0
0
0
0
0
0
0
0
0
0
0
0
0
0
0
0
0
0
0
0
0
0
0
0
0
0
0
0
0
0
0
0
0
0
0
0
0
0
0
0
0
0
0
0
0
0
0
0
0
0
0
0
0
0
0
0
0
0
0
0
0
0
0
0
0
0
0
0
0
0
0
0
0
0
0
0
0
0
0
0
0
0
0
0
0
0
0
0
0
0
0
0
0
0
0
0
0
0
0
0
0
0
0
0
0
0
0
0
0
0
0
0
0
0
0
0
0
0
0
0
0
0
0
0
0
0
0
0
0
0
0
0
0
0
0
0
0
0
0
0
0
0
0
0
0
0
0
0
0
0
0
0
0
0
0
0
0
0
0
0
0
0
0
0
0
0
0
0
0
0
0
0
0
0
0
0
0
0
0
0
0
0
0
0
0
0
0
0
0
0
0
0
0
0
0
0
0
0
0
0
0
0
0
0
0
0
0
0
0
0
0
0
0
0
0
0
0
0
0
0
0
0
0
0
0
0
0
0
0
0
0
0
0
0
0
0
0
0
0
0
0
0
0
0
0
0
0
0
0
0
0
0
0
0
0
0
0
0
0
0
0
0
0
0
0
0
0
0
0
0
0
0
0
0
0
0
0
0
0
0
0
0
0
0
0
0
0
0
0
0
0
0
0
0
0
0
0
0
0
0
0
0
0
0
0
0
0
0
0
0
0
0
0
0
0
0
0
0
0
0
0
0
0
0
0
0
0
0
0
0
0
0
0
0
0
0
0
0
0
0
0
0
0
0
0
0
0
0
0
0
0
0
0
0
0
0
0
0
0
0
0
0
0
0
0
0
0
0
0
0
0
0
0
0
0
0
0
0
0
0
0
0
0
0
0
0
0
0
0
0
0
0
0
0
0
0
0
0
0
0
0
0
0
0
0
0
0
0
0
0
0
0
0
0
0
0
0
0
0
0
0
0
0
0
0
0
0
0
0
0
0
0
0
0
0
0
0
0
0
0
0
0
0
0
0
0
0
0
0
0
0
0
0
0
0
0
0
0
0
0
0
0
0
0
0
0
0
0
0
0
0
0
0
0
0
0
0
0
0
0
0
0
0
0
0
0
0
0
0
0
0
0
0
0
0
0
0
0
0
0
0
0
0
0
0
0
0
0
0
0
0
0
0
0
0
0
0
0
0
0
0
0
0
0
0
0
0
0
0
0
0
0
0
0
0
0
0
0
0
0
0
0
0
0
0
0
0
0
0
0
0
0
0
0
0
0
0
0
0
0
0
0
0
0
0
0
0
0
0
0
0
0
0
0
0
0
0
0
0
0
0
0
0
0
0
0
0
0
0
0
0
0
0
0
0
0
0
0
0
0
0
0
0
0
0
0
0
0
0
0
0
0
0
0
0
0
0
0
0
0
0
0
0
0
0
0
0
0
0
0
0
0
0
0
0
0
0
0
0
0
0
0
0
0
0
0
0
0
0
0
0
0
0
0
0
0
0
0
0
0
0
0
0
0
0
0
0
0
0
0
0
0
0
0
0
0
0
0
0
0
0
0
0
0
0
0
0
0
0
0
0
0
0
0
0
0
0
0
0
0
0
0
0
0
0
0
0
0
0
0
0
0
0
0
0
0
0
0
0
0
0
0
0
0
0
0
0
0
0
0
0
0
0
0
0
0
0
0
0
0
0
0
0
0
0
0
0
0
0
0
0
0
0
0
0
0
0
0
0
0
0
0
0
0
0
0
0
0
0
0
0
0
0
0
0
0
0
0
0
0
0
0
0
0
0
0
0
0
0
0
0
0
0
0
0
0
0
0
0
0
0
0
0
0
0
0
0
0
0
0
0
0
0
0
0
0
0
0
0
0
0
0
0
0
0
0
0
0
0
0
0
0
0
0
0
0
0
0
0
0
0
0
0
0
0
0
0
0
0
0
0
0
0
0
0
0
0
0
0
0
0
0
0
0
0
0
0
0
0
0
0
0
0
0
0
0
0
0
0
0
0
0
0
0
0
0
0
0
0
0
0
0
0
0
0
0
0
0
0
0
0
0
0
0
0
0
0
0
0
0
0
0
0
0
0
0
0
0
0
0
0
0
0
0
0
0
0
0
0
0
0
0
0
0
0
0
0
0
0
0
0
0
0
0
0
0
0
0
0
0
0
0
0
0
0
0
0
0
0
0
0
0
0
0
0
0
0
0
0
0
0
0
0
0
0
0
0
0
0
0
0
0
0
0
0
0
0
0
0
0
0
0
0
0
0
0
0
0
0
0
0
0
0
0
0
0
0
0
0
0
0
0
0
0
0
0
0
0
0
0
0
0
0
0
0
0
0
0
0
0
0
0
0
0
0
0
0
0
0
0
0
0
0
0
0
0
0
0
0
0
0
0
0
0
0
0
0
0
0
0
0
0
0
0
0
0
0
0
0
0
0
0
0
0
0
0
0
0
0
0
0
0
0
0
0
0
0
0
0
0
0
0
0
0
0
0
0
0
0
0
0
0
0
0
0
0
0
0
0
0
0
0
0
0
0
0
0
0
0
0
0
0
0
0
0
0
0
0
0
0
0
0
0
0
0
0
0
0
0
0
0
0
0
0
0
0
0
0
0
0
0
0
0
0
0
0
0
0
0
0
0
0
0
0
0
0
0
0
0
0
0
0
0
0
0
0
0
0
0
0
0
0
0
0
0
0
0
0
0
0
0
0
0
0
0
0
0
0
0
0
0
0
0
0
0
0
0
0
0
0
0
0
0
0
0
0
0
0
0
0
0
0
0
0
0
0
0
0
0
0
0
0
0
0
0
0
0
0
0
0
0
0
0
0
0
0
0
0
0
0
0
0
0
0
0
0
0
0
0
0
0
0
0
0
0
0
0
0
0
0
0
0
0
0
0
0
0
0
0
0
0
0
0
0
0
0
0
0
0
0
0
0
0
0
0
0
0
0
0
0
0
0
0
0
0
0
0
0
0
0
0
0
0
0
0
0
0
0
0
0
0
0
0
0
0
0
0
0
0
0
0
0
0
0
0
0
0
0
0
0
0
0
0
0
0
0
0
0
0
0
0
0
0
0
0
0
0
0
0
0
0
0
0
0
0
0
0
0
0
0
0
0
0
0
0
0
0
0
0
0
0
0
0
0
0
0
0
0
0
0
0
0
0
0
0
0
0
0
0
0
0
0
0
0
0
0
0
0
0
0
0
0
0
0
0
0
0
0
0
0
0
0
0
0
0
0
0
0
0
0
0
0
0
0
0
0
0
0
0
0
0
0
0
0
0
0
0
0
0
0
0
0
0
0
0
0
0
0
0
0
0
0
0
0
0
0
0
0
0
0
0
0
0
0
0
0
0
0
0
0
0
0
0
0
0
0
0
0
0
0
0
0
0
0
0
0
0
0
0
0
0
0
0
0
0
0
0
0
0
0
0
0
0
0
0
0
0
0
0
0
0
0
0
0
0
0
0
0
0
0
0
0
0
0
0
0
0
0
0
0
0
0
0
0
0
0
0
0
0
0
0
0
0
0
0
0
0
0
0
0
0
0
0
0
0
0
0
0
0
0
0
0
0
0
0
0
0
0
0
0
0
0
0
0
0
0
0
0
0
0
0
0
0
0
0
0
0
0
0
0
0
0
0
0
0
0
0
0
0
0
0
0
0
0
0
0
0
0
0
0
0
0
0
0
0
0
0
0
0
0
0
0
0
0
0
0
0
0
0
0
0
0
0
0
0
0
0
0
0
0
0
0
0
0
0
0
0
0
0
0
0
0
0
0
0
0
0
0
0
0
0
0
0
0
0
0
0
0
0
0
0
0
0
0
0
0
0
0
0
0
0
0
0
0
0
0
0
0
0
0
0
0
0
0
0
0
0
0
0
0
0
0
0
0
0
0
0
0
0
0
0
0
0
0
0
0
0
0
0
0
0
0
0
0
0
0
0
0
0
0
0
0
0
0
0
0
0
0
0
0
0
0
0
0
0
0
0
0
0
0
0
0
0
0
0
0
0
0
0
0
0
0
0
0
0
0
0
0
0
0
0
0
0
0
0
0
0
0
0
0
0
0
0
0
0
0
0
0
0
0
0
0
0
0
0
0
0
0
0
0
0
0
0
0
0
0
0
0
0
0
0
0
0
0
0
0
0
0
0
0
0
0
0
0
0
0
0
0
0
0
0
0
0
0
0
0
0
0
0
0
0
0
0
0
0
0
0
0
0
0
0
0
0
0
0
0
0
0
0
0
0
0
0
0
0
0
0
0
0
0
0
0
0
0
0
0
0
0
0
0
0
0
0
0
0
0
0
0
0
0
0
0
0
0
0
0
0
0
0
0
0
0
0
0
0
0
0
0
0
0
0
0
0
0
0
0
0
0
0
0
0
0
0
0
0
0
0
0
0
0
0
0
0
0
0
0
0
0
0
0
0
0
0
0
0
0
0
0
0
0
0
0
0
0
0
0
0
0
0
0
0
0
0
0
0
0
0
0
0
0
0
0
0
0
0
0
0
0
0
0
0
0
0
0
0
0
0
0
0
0
0
0
0
0
0
0
0
0
0
0
0
0
0
0
0
0
0
0
0
0
0
0
0
0
0
0
0
0
0
0
0
0
0
0
0
0
0
0
0
0
0
0
0
0
0
0
0
0
0
0
0
0
0
0
0
0
0
0
0
0
0
0
0
0
0
0
0
0
0
0
0
0
0
0
0
0
0
0
0
0
0
0
0
0
0
0
0
0
0
0
0
0
0
0
0
0
0
0
0
0
0
0
0
0
0
0
0
0
0
0
0
0
0
0
0
0
0
0
0
0
0
0
0
0
0
0
0
0
0
0
0
0
0
0
0
0
0
0
0
0
0
0
0
0
0
0
0
0
0
0
0
0
0
0
0
0
0
0
0
0
0
0
0
0
0
0
0
0
0
0
0
0
0
0
0
0
0
0
0
0
0
0
0
0
0
0
0
0
0
0
0
0
0
0
0
0
0
0
0
0
0
0
0
0
0
0
0
0
0
0
0
0
0
0
0
0
0
0
0
0
0
0
0
0
0
0
0
0
0
0
0
0
0
0
0
0
0
0
0
0
0
0
0
0
0
0
0
0
0
0
0
0
0
0
0
0
0
0
0
0
0
0
0
0
0
0
0
0
0
0
0
0
0
0
0
0
0
0
0
0
0
0
0
0
0
0
0
0
0
0
0
0
0
0
0
0
0
0
0
0
0
0
0
0
0
0
0
0
0
0
0
0
0
0
0
0
0
0
0
0
0
0
0
0
0
0
0
0
0
0
0
0
0
0
0
0
0
0
0
0
0
0
0
0
0
0
0
0
0
0
0
0
0
0
0
0
0
0
0
0
0
0
0
0
0
0
0
0
0
0
0
0
0
0
0
0
0
0
0
0
0
0
0
0
0
0
0
0
0
0
0
0
0
0
0
0
0
0
0
0
0
0
0
0
0
0
0
0
0
0
0
0
0
0
0
0
0
0
0
0
0
0
0
0
0
0
0
0
0
0
0
0
0
0
0
0
0
0
0
0
0
0
0
0
0
0
0
0
0
0
0
0
0
0
0
0
0
0
0
0
0
0
0
0
0
0
0
0
0
0
0
0
0
0
0
0
0
0
0
0
0
0
0
0
0
0
0
0
0
0
0
0
0
0
0
0
0
0
0
0
0
0
0
0
0
0
0
0
0
0
0
0
0
0
0
0
0
0
0
0
0
0
0
0
0
0
0
0
0
0
0
0
0
0
0
0
0
0
0
0
0
0
0
0
0
0
0
0
0
0
0
0
0
0
0
0
0
0
0
0
0
0
0
0
0
0
0
0
0
0
0
0
0
0
0
0
0
0
0
0
0
0
0
0
0
0
0
0
0
0
0
0
0
0
0
0
0
0
0
0
0
0
0
0
0
0
0
0
0
0
0
0
0
0
0
0
0
0
0
0
0
0
0
0
0
0
0
0
0
0
0
0
0
0
0
0
0
0
0
0
0
0
0
0
0
0
0
0
0
0
0
0
0
0
0
0
0
0
0
0
0
0
0
0
0
0
0
0
0
0
0
0
0
0
0
0
0
0
0
0
0
0
0
0
0
0
0
0
0
0
0
0
0
0
0
0
0
0
0
0
0
0
0
0
0
0
0
0
0
0
0
0
0
0
0
0
0
0
0
0
0
0
0
0
0
0
0
0
0
0
0
0
0
0
0
0
0
0
0
0
0
0
0
0
0
0
0
0
0
0
0
0
0
0
0
0
0
0
0
0
0
0
0
0
0
0
0
0
0
0
0
0
0
0
0
0
0
0
0
0
0
0
0
0
0
0
0
0
0
0
0
0
0
0
0
0
0
0
0
0
0
0
0
0
0
0
0
0
0
0
0
0
0
0
0
0
0
0
0
0
0
0
0
0
0
0
0
0
0
0
0
0
0
0
0
0
0
0
0
0
0
0
0
0
0
0
0
0
0
0
0
0
0
0
0
0
0
0
0
0
0
0
0
0
0
0
0
0
0
0
0
0
0
0
0
0
0
0
0
0
0
0
0
0
0
0
0
0
0
0
0
0
0
0
0
0
0
0
0
0
0
0
0
0
0
0
0
0
0
0
0
0
0
0
0
0
0
0
0
0
0
0
0
0
0
0
0
0
0
0
0
0
0
0
0
0
0
0
0
0
0
0
0
0
0
0
0
0
0
0
0
0
0
0
0
0
0
0
0
0
0
0
0
0
0
0
0
0
0
0
0
0
0
0
0
0
0
0
0
0
0
0
0
0
0
0
0
0
0
0
0
0
0
0
0
0
0
0
0
0
0
0
0
0
0
0
0
0
0
0
0
0
0
0
0
0
0
0
0
0
0
0
0
0
0
0
0
0
0
0
0
0
0
0
0
0
0
0
0
0
0
0
0
0
0
0
0
0
0
0
0
0
0
0
0
0
0
0
0
0
0
0
0
0
0
0
0
0
0
0
0
0
0
0
0
0
0
0
0
0
0
0
