-227
435
-2893
-1001
-3258
-3193
-3033
-235
890
-3513
-1545
-4194
-3552
-996
-38
1047
-157
292
599
-2156
-2962
-3059
-15046
-241
1464
-561
-3716
-4164
-3908
-18156
53
1340
-460
-213
-3586
-2203
-4181
-3676
-3687
-443
764
-4469
-3014
-5108
-4280
-1196
-205
927
-39
586
2629
-3365
-4320
-3656
-17391
-106
-204
149
-4709
-5039
-4481
-19865
246
-168
-437
-134
-3934
-1874
-3384
-3575
-3195
-379
494
-4944
-2363
-4341
-4361
-1085
-272
340
31
-575
2649
-3116
-3545
-3209
-16119
-120
-890
-233
-4651
-4073
-4077
-16698
207
-210
-314
381
-3643
-893
-1989
-2796
-2553
-299
596
-5254
-1351
-4398
-3861
-1
-254
524
7
-168
1360
-3517
-1719
-2477
-17283
-195
350
-1247
-4237
-3408
-3870
-15909
21
424
-307
712
-4140
-1198
-2354
-3419
-3203
-280
699
-4933
-1078
-4131
-3523
67
-166
815
12
1059
-238
-4474
-966
-3275
-11760
-89
537
-3010
-3959
-2452
-3689
-13880
87
572
-295
-85
-2428
-2328
-1282
-3431
-2869
-311
-140
-2942
-1557
-2351
-3083
-1463
-96
327
120
384
-1711
-2793
-542
-2911
-12906
33
663
-3087
-3440
-1481
-2452
-14364
75
1230
-177
-1044
-925
-1971
-2120
-3419
-3160
-302
-1024
-394
-1664
-2110
-2508
-1849
-26
-392
15
28
-2516
-3388
-420
-3005
-18668
-61
-150
-2703
-1844
-2114
-1431
-25294
44
331
-180
-638
-1317
-2017
-3119
-4608
-4037
-206
-276
-739
-2220
-2877
-3591
-1054
-99
-208
-193
-1144
-3771
-4203
100
-3964
-14669
-202
-751
-4117
-1733
-2822
-2728
-21886
81
-269
-236
-1307
-3252
926
-3099
-3724
-3285
-197
-1013
-3929
371
-3353
-4157
-3245
19
-534
-178
795
-991
-2920
-3807
-3323
-15108
-254
1771
-978
-3656
-5772
-3979
-17048
88
1172
-395
-1199
-3259
1855
-4195
-4046
-3371
-336
-594
-4627
2462
-4129
-5236
-3981
-135
0
-162
4
-401
-2318
-5129
-3348
-19019
-163
-880
-2719
-4891
-6705
-4564
-20450
154
-360
-521
-917
-3815
2506
-3810
-3576
-2937
-457
-78
-5680
3297
-3276
-5171
-4148
-219
-350
18
120
-1488
-2317
-3333
-2973
-19075
-103
-183
-3788
-4959
-5836
-4339
-16642
256
117
-448
463
-4333
3188
-3936
-2910
-3034
-382
1163
-5405
3842
-3660
-4151
-3575
-215
559
3
393
-1810
-3536
-2645
-3009
-18303
0
-119
-3323
-4231
-5184
-4300
-18444
188
-247
-521
196
-4719
4131
-2643
-2892
-3008
-424
766
-5679
4258
-3020
-3958
-3551
-223
290
84
931
-3186
-3779
-3573
-2977
-17920
125
-506
-4621
-3956
-5172
-4013
-18292
406
225
-405
-658
-4295
3034
-1427
-2586
-3283
-490
-380
-4670
3817
-2275
-3154
-4470
-160
-276
284
118
-4580
-3479
-3653
-3199
-14495
227
171
-5468
-3647
-3836
-2532
-16076
391
1690
-221
-391
-1408
1442
-752
-666
-1329
-341
-733
-2469
1525
-2071
-2235
-2381
53
772
21
-136
-2489
-2070
-819
-1112
-24843
-145
-886
-4283
-1376
-2085
-736
-22894
21
-459
-135
-371
-705
1454
-2464
-1320
-1877
-186
-1490
-975
387
-2966
-2814
-1284
29
115
-194
-664
-3139
-2186
-191
-1585
-20987
-203
-823
-5198
-668
-2492
-1593
-19166
62
-1077
-109
1312
-2233
-198
-1353
-1810
-1915
-297
1358
-3638
-887
-4018
-3363
-2662
-31
765
-188
1190
746
-2073
-4008
-2088
-20992
-108
2225
450
-3208
-5593
-3380
-17989
62
1879
-223
1468
-2945
-792
-3456
-3961
-3196
-290
2559
-3674
-708
-5216
-4781
-4163
-1
2616
-201
192
997
-2692
-3914
-3308
-17637
-182
-1557
-372
-4338
-6118
-4235
-15352
21
-1466
-285
1304
-3797
265
-3888
-3563
-3092
-378
904
-4677
1255
-3738
-4550
-3603
-62
1131
23
1468
-737
-3593
-1702
-3299
-17621
-106
-400
-1928
-4656
-4669
-3691
-18125
160
366
-337
1232
-4182
1116
-4726
-3302
-3316
-326
293
-5625
1139
-4945
-4954
-2884
-72
774
80
127
-2164
-3752
-792
-3436
-14297
104
267
-4027
-5167
-4483
-4791
-9872
181
627
-432
-467
-3383
1286
-2548
-2746
-2481
-291
396
-4430
52
-2974
-3701
-1795
62
812
50
478
-1054
-2851
-2103
-2311
-20827
250
-194
-2329
-3419
-4910
-3041
-20249
386
314
-411
655
-3569
2310
-975
-2722
-3072
-386
1127
-4233
1007
-1826
-3392
-3736
104
1944
144
562
-3264
-3582
-4696
-3055
-16220
208
-657
-3999
-3159
-5982
-2433
-15583
406
413
-292
972
-2388
2664
-1204
-961
-2614
-365
1431
-3765
1126
-2428
-2754
-3987
109
2143
161
-454
-4514
-3807
-3619
-2524
-15850
-30
-577
-6325
-1745
-5571
-2540
-10454
258
-533
-243
451
-1314
2829
-1789
-727
-2673
-293
1244
-1923
1023
-2533
-2541
-2877
3
1123
27
-660
-4873
-3169
-3354
-2347
-15848
-137
-1035
-6391
-563
-4712
-2888
-13209
202
-1704
68
799
-3553
-1196
-3626
-2564
-3158
-102
189
-5633
-2160
-5843
-4689
-1175
152
-698
-211
2075
1867
-3402
-4073
-3355
-17231
-157
3285
-700
-4983
-6782
-5381
-12988
-79
3200
-36
1454
-6729
-6783
-7712
-5874
-6101
-76
-89
-7205
-7151
-9061
-6336
-3409
95
-1862
-168
399
3991
-5900
-1749
-6013
-16218
-56
-1169
2021
-6650
-4792
-6791
-16179
-44
-948
-31
3052
-5814
-5263
-6197
-5600
-5154
-268
861
-7147
-4102
-7868
-6930
-4569
53
960
187
1977
2046
-6042
-590
-5143
-20216
88
264
382
-6740
-3613
-6549
-18309
157
233
-162
2847
-4731
-4005
-4112
-5134
-4559
-299
1206
-6261
-3163
-7118
-6251
-3018
84
1351
198
-384
215
-5485
-897
-4646
-16978
309
994
-2175
-5900
-3607
-6509
-14120
419
248
-325
2120
-3482
-2391
-1091
-4316
-3164
-247
2262
-6048
-3430
-5186
-6143
-1760
40
2368
-47
-1478
1473
-3546
-3870
-3234
-22577
254
-1405
-1318
-5050
-6323
-5554
-15795
284
-1386
-295
-26
-2928
-222
1238
-2266
-1933
-204
-493
-4531
-713
-1405
-2787
-1285
220
43
37
-306
-1343
-3325
-2993
-1992
-17713
71
-692
-3253
-2604
-3314
-2235
-16397
180
-812
-311
-110
-2248
-194
507
-1031
-2094
-231
-1230
-2534
-578
-1457
-1071
-921
213
-1609
69
164
-2702
-4482
-1454
-1991
-13581
90
435
-4125
-671
-1695
-1645
-16979
329
556
-213
-362
-856
127
-7
-1100
-1648
-201
-714
-1625
-1316
-1376
-2102
-498
69
-2250
-94
-832
-1881
-2958
-1377
-1419
-21607
-97
-1028
-3015
-95
-2910
-2143
-21868
105
-1641
312
636
-4647
-3679
-4161
-4266
-4729
188
907
-4486
-3841
-4520
-4269
-1394
307
-374
-239
3153
2074
-4181
-3804
-4802
-16448
-301
1818
-128
-3962
-4957
-4771
-21837
-269
1582
399
2180
-5176
-6075
-6216
-4459
-5433
65
45
-4784
-6232
-6492
-6358
-4722
53
-113
245
2644
4436
-3716
-5425
-5430
-27963
-98
-1488
769
-5496
-5020
-5908
-27246
-208
-700
496
4504
-5905
-8817
-6509
-5968
-6255
-21
1706
-5964
-8101
-7309
-7515
-7191
25
1416
653
684
8015
-4397
-7318
-6182
-23504
80
-576
4514
-5950
-5098
-7006
-22515
-22
-397
210
1549
-5830
-7011
-4420
-6844
-6056
-110
-204
-5451
-6000
-6532
-6533
-5213
-21
-1203
444
-1655
5622
-4930
-6429
-5894
-18305
114
-96
2763
-5055
-4647
-6147
-22456
183
32
98
683
-5493
-4014
-3234
-5962
-5398
-47
-885
-6375
-3716
-6414
-6064
-2333
60
-2714
49
-3267
2240
-5732
-4417
-5431
-13497
84
-1126
12
-5557
-5389
-5889
-14700
166
-578
-9
1182
-2861
-1178
1080
-2802
-2125
-168
426
-5134
-1708
-3119
-3910
-436
161
-1208
127
-1825
-1743
-3320
-1495
-2088
-21188
-43
-2345
-3863
-3012
-2536
-3093
-16610
23
-2308
-161
743
-2070
-274
837
-1577
-1442
-179
604
-3120
-1129
-1961
-1755
665
147
610
65
-158
-1784
-3272
-156
-1262
-18911
-47
-500
-3419
-542
-836
-1447
-20631
148
-970
37
261
-1358
-369
-286
-1545
-1443
68
304
-1621
-554
-1618
-1751
-86
60
-854
-271
-977
-1279
-2051
-214
-1242
-16406
-317
-462
-1692
-42
-1570
-1372
-18797
-77
-622
171
-1315
-5554
-5450
-3456
-5230
-5847
46
-944
-6050
-6016
-4603
-5665
-3276
187
-250
-261
2897
1809
-5512
-4986
-5905
-15679
-529
1560
543
-5036
-6601
-5800
-18891
-262
1805
443
-880
-3807
-5835
-3442
-3751
-5081
-1
-1232
-3709
-6341
-5087
-5723
-2024
43
-448
362
3977
3525
-4441
-7663
-4956
-28003
-109
-1013
-1267
-5684
-6672
-4083
-31715
-167
-1418
607
-1165
-5661
-9586
-5320
-6296
-6433
124
-838
-5793
-10886
-7544
-7955
-3701
-53
-221
586
175
9150
-5369
-8711
-6289
-17049
58
121
3514
-7399
-5722
-5851
-16698
-48
843
381
-1440
-4330
-8229
-4202
-6126
-5789
-30
-344
-7317
-10516
-9857
-9561
-3558
39
-574
273
-3935
8313
-4727
-8277
-5459
-26156
-162
-1911
3457
-9088
-8593
-7435
-15496
-54
-896
217
-500
-4770
-4020
-419
-3748
-3764
-18
12
-6224
-5148
-5392
-5229
1591
33
-598
46
-2806
2646
-3329
-5062
-3799
-22006
-77
-1736
-1511
-5514
-6006
-4696
-18654
-53
-1761
122
589
-3015
-1791
-35
-2336
-2159
-45
441
-3714
-1984
-2139
-2852
149
-4
-330
184
-759
-1394
-2790
-665
-2164
-16128
-125
-1364
-3080
-2728
-2009
-1521
-16442
-3
-918
153
1283
-2532
293
-1201
-1901
-1694
-65
831
-4799
-962
-3575
-3342
-702
-3
177
14
-917
-833
-2963
-438
-1598
-17461
-156
-483
-2730
-2566
-3192
-2197
-12320
-75
-615
200
679
-1938
755
-947
-1638
-1730
180
962
-2567
123
-2279
-2414
-197
12
-318
-322
-803
-1539
-1950
-1279
-1566
-14824
-302
-188
-2582
-1280
-3272
-1825
-14714
-106
-328
-35
-1424
-4273
-4931
-3322
-2740
-3960
26
-2038
-4343
-3796
-4433
-3359
-3070
70
-1006
-368
1087
1307
-4094
-1106
-3889
-20635
-524
881
1431
-3672
-3203
-3130
-23640
-227
474
192
-3210
-2828
-4175
-1587
-1347
-2643
-175
-1244
-2777
-3482
-3621
-2074
-1512
-72
-822
143
1096
1045
-2375
-1919
-2480
-29125
-181
-1000
-550
-3018
-2178
-634
31817
-146
-737
101
-3742
-2976
-4119
-1899
-3835
-3724
-306
-1119
-4420
-6075
-5676
-5140
-282
-135
-381
133
389
2379
-2914
-4235
-3524
-21576
-37
1100
-2675
-5606
-4233
-3038
-17972
101
1391
-101
-2242
-4934
-3852
-4430
-6091
-5876
-302
-1128
-6110
-5886
-8241
-7013
-1312
11
-467
-183
-1876
3118
-5842
-6102
-5548
-17272
-115
-642
-1013
-7569
-7112
-5745
-16382
81
-776
-188
-1589
-3843
-2696
-942
-3355
-3256
-153
-1415
-4169
-3359
-3701
-3072
897
-9
-1472
-117
-805
824
-3529
-3581
-3147
-16354
-62
-1740
-1090
-3985
-4649
-2886
-20924
41
-2089
-123
-874
-2677
-1418
-2311
-2080
-1965
-116
-777
-3614
-2286
-2739
-2616
309
-135
-267
74
47
-859
-2863
1366
-1767
-12558
-144
-753
-2005
-2913
-1317
-1042
-12134
-59
-464
-84
-425
-1764
245
-2009
-1073
-1406
-146
-650
-2863
-804
-3436
-2163
201
-48
-1267
-47
-620
-963
-2840
626
-1118
-19172
-107
46
-2798
-1862
-2709
-222
-18035
-40
-222
81
-967
-1417
-161
-1999
-1446
-2026
49
-557
-820
-317
-2244
-1516
-238
-72
-1100
-286
-545
-1671
-2466
-399
-1790
-11935
-258
-205
-2195
-861
-2535
-585
-16365
-40
-117
-117
-1041
-2108
-3293
-1663
188
-1800
-141
-1227
-1447
-2524
-1958
-925
-1538
-139
-1133
-263
127
-592
-2438
246
-1685
-17049
-214
234
818
-2190
-2511
-1216
-20756
-139
161
-47
-1270
-1859
-2506
-1109
554
-1686
-271
-736
-1364
-2204
-1476
-360
-2374
-192
-537
-68
-776
-1323
-2220
-51
-1522
-13807
-337
-951
-247
-1704
-1608
247
-17526
-160
-545
-53
-1560
-1769
-1146
156
-162
-1518
-240
-782
-2430
-1624
-925
-1939
-2798
-169
-929
-127
331
-2105
-1495
-1597
-1378
-17689
-276
719
-1438
-2822
-2658
-1125
-16390
-6
584
-100
-1489
-1817
-406
-1350
-996
-1760
-255
-1772
-1514
-632
-2429
-2375
-1998
-163
-1739
-195
-895
-1673
-2195
-667
-1583
-18151
-123
-1090
-1668
-2911
-2828
-1970
-17666
27
-1315
-99
-984
-2266
-458
-1706
-1450
-1642
-185
-1396
-1995
-514
-1658
-1839
-1156
-158
-1019
-109
-163
-1497
-2251
399
-1561
-15413
-216
473
-506
-1826
-2653
-1636
-18724
-47
121
-195
-1008
-2541
-1458
-2646
-1420
-1560
-245
-1052
-2756
-1420
-2651
-1758
-1452
-171
-888
-52
84
-426
-2281
1285
-1407
-14060
-219
-275
422
-2291
-1566
-1605
-15169
-69
-273
-299
-599
-991
-717
-1744
-344
-894
-319
-814
-897
-1412
-2409
-714
128
-132
-691
-57
-653
-643
-1919
904
-722
-14965
-103
-9
-1300
-1259
-875
-598
-16513
54
-97
-201
-1041
301
-1125
-736
-840
-1634
-185
-1366
1020
-1247
-1938
-1220
-530
-83
-1149
-206
-319
-2270
-2166
-998
-1473
-13076
-255
112
-2703
-1435
-1995
-1126
-16490
95
391
0
0
0
0
0
0
0
0
0
0
0
-2652
-1221
-2485
-3257
-2282
0
0
0
0
0
0
0
0
0
0
0
1700
-996
-2659
-2320
-14550
0
0
0
0
0
0
0
0
0
0
0
-2935
-2006
-2653
-3072
-2719
0
0
0
0
0
0
0
0
0
0
0
2089
-1392
-4220
-2551
-17541
0
0
0
0
0
0
0
0
0
0
0
-3524
-2336
-2890
-2520
-2567
0
0
0
0
0
0
0
0
0
0
0
1956
-887
-3799
-2522
-14579
0
0
0
0
0
0
0
0
0
0
0
-2275
-1225
-873
-1233
-1399
0
0
0
0
0
0
0
0
0
0
0
993
-741
-2043
-1200
-19088
0
0
0
0
0
0
0
0
0
0
0
-2438
-1698
-1138
-2349
-2089
0
0
0
0
0
0
0
0
0
0
0
-259
-1524
-895
-1855
-15314
0
0
0
0
0
0
0
0
0
0
0
-2510
-2588
-952
-3087
-2231
0
0
0
0
0
0
0
0
0
0
0
-1163
-313
-1016
-2109
-13523
0
0
0
0
0
0
0
0
0
0
0
-2060
-1564
-1015
-2520
-2124
0
0
0
0
0
0
0
0
0
0
0
-344
-1170
-1642
-1960
-19316
0
0
0
0
0
0
0
0
0
0
0
-2264
-1216
-1148
-2300
-1958
0
0
0
0
0
0
0
0
0
0
0
-417
-1500
-1132
-1826
-19442
0
0
0
0
0
0
0
0
0
0
0
-2387
186
-1923
-2636
-1858
0
0
0
0
0
0
0
0
0
0
0
715
-1816
-2554
-2060
-17078
0
0
0
0
0
0
0
0
0
0
0
-2712
666
-2431
-3100
-2127
0
0
0
0
0
0
0
0
0
0
0
574
-1019
-3676
-2103
-20022
0
0
0
0
0
0
0
0
0
0
0
-2894
499
-2136
-1716
-1592
0
0
0
0
0
0
0
0
0
0
0
-786
508
-3005
-1663
-21327
0
0
0
0
0
0
0
0
0
0
0
-2952
1184
-2665
-959
-1738
0
0
0
0
0
0
0
0
0
0
0
-1620
-680
-2066
-1767
-19911
0
0
0
0
0
0
0
0
0
0
0
-3200
812
-2404
-1111
-2301
0
0
0
0
0
0
0
0
0
0
0
-3552
-883
-2279
-2375
-17390
0
0
0
0
0
0
0
0
0
0
0
-3199
268
-1266
-1057
-2136
0
0
0
0
0
0
0
0
0
0
0
-4158
-449
-2381
-2215
-16259
0
0
0
0
0
0
0
0
0
0
0
-2064
-241
-521
317
-1408
0
0
0
0
0
0
0
0
0
0
0
-1984
-387
-1347
-1169
-21497
0
0
0
0
0
0
0
0
0
0
0
-2083
316
-1432
-668
-1447
0
0
0
0
0
0
0
0
0
0
0
-570
-1346
-1124
-1406
-18152
0
0
0
0
0
0
0
0
0
0
0
-963
-1015
-1115
-955
-1345
0
0
0
0
0
0
0
0
0
0
0
711
-1861
-2653
-1574
-20491
0
0
0
0
0
0
0
0
0
0
0
-1627
-566
-2118
-3022
-1627
0
0
0
0
0
0
0
0
0
0
0
1236
-1425
-1901
-1837
-20468
0
0
0
0
0
0
0
0
0
0
0
-1978
-388
-1687
-1583
-1489
0
0
0
0
0
0
0
0
0
0
0
-227
-1715
-813
-1652
-21179
0
0
0
0
0
0
0
0
0
0
0
-1983
379
-2510
-1475
-1702
0
0
0
0
0
0
0
0
0
0
0
-1556
-2176
-120
-1979
-17503
0
0
0
0
0
0
0
0
0
0
0
-2003
304
-1717
-1956
-1901
0
0
0
0
0
0
0
0
0
0
0
-1714
-1538
-1344
-2020
-18856
0
0
0
0
0
0
0
0
0
0
0
-2478
980
-91
-1436
-1906
0
0
0
0
0
0
0
0
0
0
0
-2755
-1625
-2339
-1953
-19017
0
0
0
0
0
0
0
0
0
0
0
-2724
1390
806
-627
-1756
0
0
0
0
0
0
0
0
0
0
0
-2996
-2367
-1863
-1651
-17364
0
0
0
0
0
0
0
0
0
0
0
-1914
1572
307
-987
-1535
0
0
0
0
0
0
0
0
0
0
0
-1649
-2076
-2292
-1505
-17157
0
0
0
0
0
0
0
0
0
0
0
-1682
-2063
-3962
-704
-2506
0
0
0
0
0
0
0
0
0
0
0
1634
-3950
-2641
-2591
-16852
0
0
0
0
0
0
0
0
0
0
0
-4194
-4659
-7008
-2874
-3616
0
0
0
0
0
0
0
0
0
0
0
3855
-4634
-1496
-3715
-22788
0
0
0
0
0
0
0
0
0
0
0
-3128
-4555
-5532
-2239
-3551
0
0
0
0
0
0
0
0
0
0
0
1925
-4234
-1111
-3573
-23180
0
0
0
0
0
0
0
0
0
0
0
-2881
-4815
-4255
-3525
-4323
0
0
0
0
0
0
0
0
0
0
0
-917
-4449
-1016
-4397
-13996
0
0
0
0
0
0
0
0
0
0
0
-2480
-2467
-1103
-2945
-2560
0
0
0
0
0
0
0
0
0
0
0
456
-1111
-3272
-2419
-21749
0
0
0
0
0
0
0
0
0
0
0
-2472
-1347
1450
-2141
-1961
0
0
0
0
0
0
0
0
0
0
0
-2074
-1266
-2131
-2051
-16143
0
0
0
0
0
0
0
0
0
0
0
-1627
-747
1541
-1240
-1615
0
0
0
0
0
0
0
0
0
0
0
-1980
-3139
-516
-1410
-15365
0
0
0
0
0
0
0
0
0
0
0
-934
-428
764
-1175
-1277
0
0
0
0
0
0
0
0
0
0
0
-274
-1860
-1640
-1127
-20271
0
0
0
0
0
0
0
0
0
0
0
-2866
-3384
-5137
-3163
-3914
0
0
0
0
0
0
0
0
0
0
0
2998
-4844
-3532
-3935
-16274
0
0
0
0
0
0
0
0
0
0
0
-5937
-6050
-8960
-3348
-6095
0
0
0
0
0
0
0
0
0
0
0
5631
-5550
-6904
-5848
-20870
0
0
0
0
0
0
0
0
0
0
0
-7413
-10401
-10797
-5744
-8684
0
0
0
0
0
0
0
0
0
0
0
7131
-7999
-7983
-8568
-7377
0
0
0
0
0
0
0
0
0
0
0
-5405
-8158
-7545
-5717
-6865
0
0
0
0
0
0
0
0
0
0
0
4518
-5614
-6388
-6710
-11706
0
0
0
0
0
0
0
0
0
0
0
-4213
-4161
-3309
-3336
-3873
0
0
0
0
0
0
0
0
0
0
0
2645
-3464
-4166
-3691
-17804
0
0
0
0
0
0
0
0
0
0
0
-2294
-1926
1113
-1756
-2116
0
0
0
0
0
0
0
0
0
0
0
-2064
-1757
-2052
-2195
-19088
0
0
0
0
0
0
0
0
0
0
0
-1126
-680
1152
-848
-1035
0
0
0
0
0
0
0
0
0
0
0
-1409
-1387
-361
-816
-20283
0
0
0
0
0
0
0
0
0
0
0
-1297
-892
-260
-813
-1056
0
0
0
0
0
0
0
0
0
0
0
198
-936
-1053
-1000
-15114
0
0
0
0
0
0
0
0
0
0
0
-3024
-3690
-2743
-3985
-3685
0
0
0
0
0
0
0
0
0
0
0
3064
-4167
-5513
-3641
-21279
0
0
0
0
0
0
0
0
0
0
0
-6976
-6205
-6826
-4713
-7769
0
0
0
0
0
0
0
0
0
0
0
4154
-7855
-10167
-7514
-12050
0
0
0
0
0
0
0
0
0
0
0
-10193
-11251
-9219
-9865
-10948
0
0
0
0
0
0
0
0
0
0
0
9058
-11357
-10646
-10857
10942
0
0
0
0
0
0
0
0
0
0
0
-6426
-8249
-7444
-5816
-7100
0
0
0
0
0
0
0
0
0
0
0
8206
-7676
-9174
-6881
-12583
0
0
0
0
0
0
0
0
0
0
0
-4171
-4042
-2657
-2034
-3962
0
0
0
0
0
0
0
0
0
0
0
2348
-4019
-5755
-3988
-18295
0
0
0
0
0
0
0
0
0
0
0
-2465
-1730
454
-1067
-2045
0
0
0
0
0
0
0
0
0
0
0
-1456
-2553
-1252
-2100
-15909
0
0
0
0
0
0
0
0
0
0
0
-1877
-643
115
-715
-1238
0
0
0
0
0
0
0
0
0
0
0
-1143
-1554
-274
-1238
-17698
0
0
0
0
0
0
0
0
0
0
0
-1965
-269
-377
-340
-1234
0
0
0
0
0
0
0
0
0
0
0
-3
-1421
-1442
-1225
-14387
0
0
0
0
0
0
0
0
0
0
0
-1522
-3655
-3445
-1743
-2580
0
0
0
0
0
0
0
0
0
0
0
1839
-3062
-2728
-2473
-22015
0
0
0
0
0
0
0
0
0
0
0
-1446
-3181
-2479
-1826
-2867
0
0
0
0
0
0
0
0
0
0
0
1166
-3195
-4778
-2995
-24436
0
0
0
0
0
0
0
0
0
0
0
-3001
-3217
-2285
-5877
-3966
0
0
0
0
0
0
0
0
0
0
0
3976
-4234
-5807
-4096
-15395
0
0
0
0
0
0
0
0
0
0
0
-3671
-2093
-4206
-4952
-3867
0
0
0
0
0
0
0
0
0
0
0
5082
-5009
-5604
-3742
-20602
0
0
0
0
0
0
0
0
0
0
0
-3268
-1605
-1357
-2240
-2536
0
0
0
0
0
0
0
0
0
0
0
965
-2981
-2886
-2542
-17371
0
0
0
0
0
0
0
0
0
0
0
-2084
-969
-694
-825
-1220
0
0
0
0
0
0
0
0
0
0
0
-735
-2302
1188
-1104
-14420
0
0
0
0
0
0
0
0
0
0
0
-2468
-473
-579
-266
-1444
0
0
0
0
0
0
0
0
0
0
0
-890
-2626
645
-1397
-17173
0
0
0
0
0
0
0
0
0
0
0
-1968
-417
-936
-41
-1220
0
0
0
0
0
0
0
0
0
0
0
279
-1995
-660
-1213
-13544
0
0
0
0
0
0
0
0
0
0
0
-1194
-2313
-1945
149
-1568
0
0
0
0
0
0
0
0
0
0
0
147
-2604
-590
-1557
-16113
0
0
0
0
0
0
0
0
0
0
0
-830
-1270
-140
-354
-967
0
0
0
0
0
0
0
0
0
0
0
-213
-1788
-649
-1012
-16325
0
0
0
0
0
0
0
0
0
0
0
-917
-951
775
-1921
-1400
0
0
0
0
0
0
0
0
0
0
0
-931
-1540
-2269
-1525
-16032
0
0
0
0
0
0
0
0
0
0
0
-1040
-376
-1091
-1718
-1233
0
0
0
0
0
0
0
0
0
0
0
-166
-2026
-637
-1219
-17258
0
0
0
0
0
0
0
0
0
0
0
-1673
-341
-874
-878
-980
0
0
0
0
0
0
0
0
0
0
0
-715
-1151
635
-917
-16569
0
0
0
0
0
0
0
0
0
0
0
-1676
-999
-1204
-720
-866
0
0
0
0
0
0
0
0
0
0
0
-460
-903
1041
-710
-15690
0
0
0
0
0
0
0
0
0
0
0
-1825
-355
-852
-561
-812
0
0
0
0
0
0
0
0
0
0
0
1
-1273
879
-664
-14058
0
0
0
0
0
0
0
0
0
0
0
-1436
-383
-468
-451
-804
0
0
0
0
0
0
0
0
0
0
0
614
-1388
-544
-684
-15097
0
0
0
0
0
0
0
0
0
0
0
0
0
0
0
0
0
0
0
0
0
0
0
0
0
0
0
0
0
0
0
0
0
0
0
0
0
0
0
0
0
0
0
0
0
0
0
0
0
0
0
0
0
0
0
0
0
0
0
0
0
0
0
0
0
0
0
0
0
0
0
0
0
0
0
0
0
0
0
0
0
0
0
0
0
0
0
0
0
0
0
0
0
0
0
0
0
0
0
0
0
0
0
0
0
0
0
0
0
0
0
0
0
0
0
0
0
0
0
0
0
0
0
0
0
0
0
0
0
0
0
0
0
0
0
0
0
0
0
0
0
0
0
0
0
0
0
0
0
0
0
0
0
0
0
0
0
0
0
0
0
0
0
0
0
0
0
0
0
0
0
0
0
0
0
0
0
0
0
0
0
0
0
0
0
0
0
0
0
0
0
0
0
0
0
0
0
0
0
0
0
0
0
0
0
0
0
0
0
0
0
0
0
0
0
0
0
0
0
0
0
0
0
0
0
0
0
0
0
0
0
0
0
0
0
0
0
0
0
0
0
0
0
0
0
0
0
0
0
0
0
0
0
0
0
0
0
0
0
0
0
0
0
0
0
0
0
0
0
0
0
0
0
0
0
0
0
0
0
0
0
0
0
0
0
0
0
0
0
0
0
0
0
0
0
0
0
0
0
0
0
0
0
0
0
0
0
0
0
0
0
0
0
0
0
0
0
0
0
0
0
0
0
0
0
0
0
0
0
0
0
0
0
0
0
0
0
0
0
0
0
0
0
0
0
0
0
0
0
0
0
0
0
0
0
0
0
0
0
0
0
0
0
0
0
0
0
0
0
0
0
0
0
0
0
0
0
0
0
0
0
0
0
0
0
0
0
0
0
0
0
0
0
0
0
0
0
0
0
0
0
0
0
0
0
0
0
0
0
0
0
0
0
0
0
0
0
0
0
0
0
0
0
0
0
0
0
0
0
0
0
0
0
0
0
0
0
0
0
0
0
0
0
0
0
0
0
0
0
0
0
0
0
0
0
0
0
0
0
0
0
0
0
0
0
0
0
0
0
0
0
0
0
0
0
0
0
0
0
0
0
0
0
0
0
0
0
0
0
0
0
0
0
0
0
0
0
0
0
0
0
0
0
0
0
0
0
0
0
0
0
0
0
0
0
0
0
0
0
0
0
0
0
0
0
0
0
0
0
0
0
0
0
0
0
0
0
0
0
0
0
0
0
0
0
0
0
0
0
0
0
0
0
0
0
0
0
0
0
0
0
0
0
0
0
0
0
0
0
0
0
0
0
0
0
0
0
0
0
0
0
0
0
0
0
0
0
0
0
0
0
0
0
0
0
0
0
0
0
0
0
0
0
0
0
0
0
0
0
0
0
0
0
0
0
0
0
0
0
0
0
0
0
0
0
0
0
0
0
0
0
0
0
0
0
0
0
0
0
0
0
0
0
0
0
0
0
0
0
0
0
0
0
0
0
0
0
0
0
0
0
0
0
0
0
0
0
0
0
0
0
0
0
0
0
0
0
0
0
0
0
0
0
0
0
0
0
0
0
0
0
0
0
0
0
0
0
0
0
0
0
0
0
0
0
0
0
0
0
0
0
0
0
0
0
0
0
0
0
0
0
0
0
0
0
0
0
0
0
0
0
0
0
0
0
0
0
0
0
0
0
0
0
0
0
0
0
0
0
0
0
0
0
0
0
0
0
0
0
0
0
0
0
0
0
0
0
0
0
0
0
0
0
0
0
0
0
0
0
0
0
0
0
0
0
0
0
0
0
0
0
0
0
0
0
0
0
0
0
0
0
0
0
0
0
0
0
0
0
0
0
0
0
0
0
0
0
0
0
0
0
0
0
0
0
0
0
0
0
0
0
0
0
0
0
0
0
0
0
0
0
0
0
0
0
0
0
0
0
0
0
0
0
0
0
0
0
0
0
0
0
0
0
0
0
0
0
0
0
0
0
0
0
0
0
0
0
0
0
0
0
0
0
0
0
0
0
0
0
0
0
0
0
0
0
0
0
0
0
0
0
0
0
0
0
0
0
0
0
0
0
0
0
0
0
0
0
0
0
0
0
0
0
0
0
0
0
0
0
0
0
0
0
0
0
0
0
0
0
0
0
0
0
0
0
0
0
0
0
0
0
0
0
0
0
0
0
0
0
0
0
0
0
0
0
0
0
0
0
0
0
0
0
0
0
0
0
0
0
0
0
0
0
0
0
0
0
0
0
0
0
0
0
0
0
0
0
0
0
0
0
0
0
0
0
0
0
0
0
0
0
0
0
0
0
0
0
0
0
0
0
0
0
0
0
0
0
0
0
0
0
0
0
0
0
0
0
0
0
0
0
0
0
0
0
0
0
0
0
0
0
0
0
0
0
0
0
0
0
0
0
0
0
0
0
0
0
0
0
0
0
0
0
0
0
0
0
0
0
0
0
0
0
0
0
0
0
0
0
0
0
0
0
0
0
0
0
0
0
0
0
0
0
0
0
0
0
0
0
0
0
0
0
0
0
0
0
0
0
0
0
0
0
0
0
0
0
0
0
0
0
0
0
0
0
0
0
0
0
0
0
0
0
0
0
0
0
0
0
0
0
0
0
0
0
0
0
0
0
0
0
0
0
0
0
0
0
0
0
0
0
0
0
0
0
0
0
0
0
0
0
0
0
0
0
0
0
0
0
0
0
0
0
0
0
0
0
0
0
0
0
0
0
0
0
0
0
0
0
0
0
0
0
0
0
0
0
0
0
0
0
0
0
0
0
0
0
0
0
0
0
0
0
0
0
0
0
0
0
0
0
0
0
0
0
0
0
0
0
0
0
0
0
0
0
0
0
0
0
0
0
0
0
0
0
0
0
0
0
0
0
0
0
0
0
0
0
0
0
0
0
0
0
0
0
0
0
0
0
0
0
0
0
0
0
0
0
0
0
0
0
0
0
0
0
0
0
0
0
0
0
0
0
0
0
0
0
0
0
0
0
0
0
0
0
0
0
0
0
0
0
0
0
0
0
0
0
0
0
0
0
0
0
0
0
0
0
0
0
0
0
0
0
0
0
0
0
0
0
0
0
0
0
0
0
0
0
0
0
0
0
0
0
0
0
0
0
0
0
0
0
0
0
0
0
0
0
0
0
0
0
0
0
0
0
0
0
0
0
0
0
0
0
0
0
0
0
0
0
0
0
0
0
0
0
0
0
0
0
0
0
0
0
0
0
0
0
0
0
0
0
0
0
0
0
0
0
0
0
0
0
0
0
0
0
0
0
0
0
0
0
0
0
0
0
0
0
0
0
0
0
0
0
0
0
0
0
0
0
0
0
0
0
0
0
0
0
0
0
0
0
0
0
0
0
0
0
0
0
0
0
0
0
0
0
0
0
0
0
0
0
0
0
0
0
0
0
0
0
0
0
0
0
0
0
0
0
0
0
0
0
0
0
0
0
0
0
0
0
0
0
0
0
0
0
0
0
0
0
0
0
0
0
0
0
0
0
0
0
0
0
0
0
0
0
0
0
0
0
0
0
0
0
0
0
0
0
0
0
0
0
0
0
0
0
0
0
0
0
0
0
0
0
0
0
0
0
0
0
0
0
0
0
0
0
0
0
0
0
0
0
0
0
0
0
0
0
0
0
0
0
0
0
0
0
0
0
0
0
0
0
0
0
0
0
0
0
0
0
0
0
0
0
0
0
0
0
0
0
0
0
0
0
0
0
0
0
0
0
0
0
0
0
0
0
0
0
0
0
0
0
0
0
0
0
0
0
0
0
0
0
0
0
0
0
0
0
0
0
0
0
0
0
0
0
0
0
0
0
0
0
0
0
0
0
0
0
0
0
0
0
0
0
0
0
0
0
0
0
0
0
0
0
0
0
0
0
0
0
0
0
0
0
0
0
0
0
0
0
0
0
0
0
0
0
0
0
0
0
0
0
0
0
0
0
0
0
0
0
0
0
0
0
0
0
0
0
0
0
0
0
0
0
0
0
0
0
0
0
0
0
0
0
0
0
0
0
0
0
0
0
0
0
0
0
0
0
0
0
0
0
0
0
0
0
0
0
0
0
0
0
0
0
0
0
0
0
0
0
0
0
0
0
0
0
0
0
0
0
0
0
0
0
0
0
0
0
0
0
0
0
0
0
0
0
0
0
0
0
0
0
0
0
0
0
0
0
0
0
0
0
0
0
0
0
0
0
0
0
0
0
0
0
0
0
0
0
0
0
0
0
0
0
0
0
0
0
0
0
0
0
0
0
0
0
0
0
0
0
0
0
0
0
0
0
0
0
0
0
0
0
0
0
0
0
0
0
0
0
0
0
0
0
0
0
0
0
0
0
0
0
0
0
0
0
0
0
0
0
0
0
0
0
0
0
0
0
0
0
0
0
0
0
0
0
0
0
0
0
0
0
0
0
0
0
0
0
0
0
0
0
0
0
0
0
0
0
0
0
0
0
0
0
0
0
0
0
0
0
0
0
0
0
0
0
0
0
0
0
0
0
0
0
0
0
0
0
0
0
0
0
0
0
0
0
0
0
0
0
0
0
0
0
0
0
0
0
0
0
0
0
0
0
0
0
0
0
0
0
0
0
0
0
0
0
0
0
0
0
0
0
0
0
0
0
0
0
0
0
0
0
0
0
0
0
0
0
0
0
0
0
0
0
0
0
0
0
0
0
0
0
0
0
0
0
0
0
0
0
0
0
0
0
0
0
0
0
0
0
0
0
0
0
0
0
0
0
0
0
0
0
0
0
0
0
0
0
0
0
0
0
0
0
0
0
0
0
0
0
0
0
0
0
0
0
0
0
0
0
0
0
0
0
0
0
0
0
0
0
0
0
0
0
0
0
0
0
0
0
0
0
0
0
0
0
0
0
0
0
0
0
0
0
0
0
0
0
0
0
0
0
0
0
0
0
0
0
0
0
0
0
0
0
0
0
0
0
0
0
0
0
0
0
0
0
0
0
0
0
0
0
0
0
0
0
0
0
0
0
0
0
0
0
0
0
0
0
0
0
0
0
0
0
0
0
0
0
0
0
0
0
0
0
0
0
0
0
0
0
0
0
0
0
0
0
0
0
0
0
0
0
0
0
0
0
0
0
0
0
0
0
0
0
0
0
0
0
0
0
0
0
0
0
0
0
0
0
0
0
0
0
0
0
0
0
0
0
0
0
0
0
0
0
0
0
0
0
0
0
0
0
0
0
0
0
0
0
0
0
0
0
0
0
0
0
0
0
0
0
0
0
0
0
0
0
0
0
0
0
0
0
0
0
0
0
0
0
0
0
0
0
0
0
0
0
0
0
0
0
0
0
0
0
0
0
0
0
0
0
0
0
0
0
0
0
0
0
0
0
0
0
0
0
0
0
0
0
0
0
0
0
0
0
0
0
0
0
0
0
0
0
0
0
0
0
0
0
0
0
0
0
0
0
0
0
0
0
0
0
0
0
0
0
0
0
0
0
0
0
0
0
0
0
0
0
0
0
0
0
0
0
0
0
0
0
0
0
0
0
0
0
0
0
0
0
0
0
0
0
0
0
0
0
0
0
0
0
0
0
0
0
0
0
0
0
0
0
0
0
0
0
0
0
0
0
0
0
0
0
0
0
0
0
0
0
0
0
0
0
0
0
0
0
0
0
0
0
0
0
0
0
0
0
0
0
0
0
0
0
0
0
0
0
0
0
0
0
0
0
0
0
0
0
0
0
0
0
0
0
0
0
0
0
0
0
0
0
0
0
0
0
0
0
0
0
0
0
0
0
0
0
0
0
0
0
0
0
0
0
0
0
0
0
0
0
0
0
0
0
0
0
0
0
0
0
0
0
0
0
0
0
0
0
0
0
0
0
0
0
0
0
0
0
0
0
0
0
0
0
0
0
0
0
0
0
0
0
0
0
0
0
0
0
0
0
0
0
0
0
0
0
0
0
0
0
0
0
0
0
0
0
0
0
0
0
0
0
0
0
0
0
0
0
0
0
0
0
0
0
0
0
0
0
0
0
0
0
0
0
0
0
0
0
0
0
0
0
0
0
0
0
0
0
0
0
0
0
0
0
0
0
0
0
0
0
0
0
0
0
0
0
0
0
0
0
0
0
0
0
0
0
0
0
0
0
0
0
0
0
0
0
0
0
0
0
0
0
0
0
0
0
0
0
0
0
0
0
0
0
0
0
0
0
0
0
0
0
0
0
0
0
0
0
0
0
0
0
0
0
0
0
0
0
0
0
0
0
0
0
0
0
0
0
0
0
0
0
0
0
0
0
0
0
0
0
0
0
0
0
0
0
0
0
0
0
0
0
0
0
0
0
0
0
0
0
0
0
0
0
0
0
0
0
0
0
0
0
0
0
0
0
0
0
0
0
0
0
0
0
0
0
0
0
0
0
0
0
0
0
0
0
0
0
0
0
0
0
0
0
0
0
0
0
0
0
0
0
0
0
0
0
0
0
0
0
0
0
0
0
0
0
0
0
0
0
0
0
0
0
0
0
0
0
0
0
0
0
0
0
0
0
0
0
0
0
0
0
0
0
0
0
0
0
0
0
0
0
0
0
0
0
0
0
0
0
0
0
0
0
0
0
0
0
0
0
0
0
0
0
0
0
0
0
0
0
0
0
0
0
0
0
0
0
0
0
0
0
0
0
0
0
0
0
0
0
0
0
0
0
0
0
0
0
0
0
0
0
0
0
0
0
0
0
0
0
0
0
0
0
0
0
0
0
0
0
0
0
0
0
0
0
0
0
0
0
0
0
0
0
0
0
0
0
0
0
0
0
0
0
0
0
0
0
0
0
0
0
0
0
0
0
0
0
0
0
0
0
0
0
0
0
0
0
0
0
0
0
0
0
0
0
0
0
0
0
0
0
0
0
0
0
0
0
0
0
0
0
0
0
0
0
0
0
0
0
0
0
0
0
0
0
0
0
0
0
0
0
0
0
0
0
0
0
0
0
0
0
0
0
0
0
0
0
0
0
0
0
0
0
0
0
0
0
0
0
0
0
0
0
0
0
0
0
0
0
0
0
0
0
0
0
0
0
0
0
0
0
0
0
0
0
0
0
0
0
0
0
0
0
0
0
0
0
0
0
0
0
0
0
0
0
0
0
0
0
0
0
0
0
0
0
0
0
0
0
0
0
0
0
0
0
0
0
0
0
0
0
0
0
0
0
0
0
0
0
0
0
0
0
0
0
0
0
0
0
0
0
0
0
0
0
0
0
0
0
0
0
0
0
0
0
0
0
0
0
0
0
0
0
0
0
0
0
0
0
0
0
0
0
0
0
0
0
0
0
0
0
0
0
0
0
0
0
0
0
0
0
0
0
0
0
0
0
0
0
0
0
0
0
0
0
0
0
0
0
0
0
0
0
0
0
0
0
0
0
0
0
0
0
0
0
0
0
0
0
0
0
0
0
0
0
0
0
0
0
0
0
0
0
0
0
0
0
0
0
0
0
0
0
0
0
0
0
0
0
0
0
0
0
0
0
0
0
0
0
0
0
0
0
0
0
0
0
0
0
0
0
0
0
0
0
0
0
0
0
0
0
0
0
0
0
0
0
0
0
0
0
0
0
0
0
0
0
0
0
0
0
0
0
0
0
0
0
0
0
0
0
0
0
0
0
0
0
0
0
0
0
0
0
0
0
0
0
0
0
0
0
0
0
0
0
0
0
0
0
0
0
0
0
0
0
0
0
0
0
0
0
0
0
0
0
0
0
0
0
0
0
0
0
0
0
0
0
0
0
0
0
0
0
0
0
0
0
0
0
0
0
0
0
0
0
0
0
0
0
0
0
0
0
0
0
0
0
0
0
0
0
0
0
0
0
0
0
0
0
0
0
0
0
0
0
0
0
0
0
0
0
0
0
0
0
0
0
0
0
0
0
0
0
0
0
0
0
0
0
0
0
0
0
0
0
0
0
0
0
0
0
0
0
0
0
0
0
0
0
0
0
0
0
0
0
0
0
0
0
0
0
0
0
0
0
0
0
0
0
0
0
0
0
0
0
0
0
0
0
0
0
0
0
0
0
0
0
0
0
0
0
0
0
0
0
0
0
0
0
0
0
0
0
0
0
0
0
0
0
0
0
0
0
0
0
0
0
0
0
0
0
0
0
0
0
0
0
0
0
0
0
0
0
0
0
0
0
0
0
0
0
0
0
0
0
0
0
0
0
0
0
0
0
0
0
0
0
0
0
0
0
0
0
0
0
0
0
0
0
0
0
0
0
0
0
0
0
0
0
0
0
0
0
0
0
0
0
0
0
0
0
0
0
0
0
0
0
0
0
0
0
0
0
0
0
0
0
0
0
0
0
0
0
0
0
0
0
0
0
0
0
0
0
0
0
0
0
0
0
0
0
0
0
0
0
0
0
0
0
0
0
0
0
0
0
0
0
0
0
0
0
0
0
0
0
0
0
0
0
0
0
0
0
0
0
0
0
0
0
0
0
0
0
0
0
0
0
0
0
0
0
0
0
0
0
0
0
0
0
0
0
0
0
0
0
0
0
0
0
0
0
0
0
0
0
0
0
0
0
0
0
0
0
0
0
0
0
0
0
0
0
0
0
0
0
0
0
0
0
0
0
0
0
0
0
0
0
0
0
0
0
0
0
0
0
0
0
0
0
0
0
0
0
0
0
0
0
0
0
0
0
0
0
0
0
0
0
0
0
0
0
0
0
0
0
0
0
0
0
0
0
0
0
0
0
0
0
0
0
0
0
0
0
0
0
0
0
0
0
0
0
0
0
0
0
0
0
0
0
0
0
0
0
0
0
0
0
0
0
0
0
0
0
0
0
0
0
0
0
0
0
0
0
0
0
0
0
0
0
0
0
0
0
0
0
0
0
0
0
0
0
0
0
0
0
0
0
0
0
0
0
0
0
0
0
0
0
0
0
0
0
0
0
0
0
0
0
0
0
0
0
0
0
0
0
0
0
0
0
0
0
0
0
0
0
0
0
0
0
0
0
0
0
0
0
0
0
0
0
0
0
0
0
0
0
0
0
0
0
0
0
0
0
0
0
0
0
0
0
0
0
0
0
0
0
0
0
0
0
0
0
0
0
0
0
0
0
0
0
0
0
0
0
0
0
0
0
0
0
0
0
0
0
0
0
0
0
0
0
0
0
0
0
0
0
0
0
0
0
0
0
0
0
0
0
0
0
0
0
0
0
0
0
0
0
0
0
0
0
0
0
0
0
0
0
0
0
0
0
0
0
0
0
0
0
0
0
0
0
0
0
0
0
0
0
0
0
0
0
0
0
0
0
0
0
0
0
0
0
0
0
0
0
0
0
0
0
0
0
0
0
0
0
0
0
0
0
0
0
0
0
0
0
0
0
0
0
0
0
0
0
0
0
0
0
0
0
0
0
0
0
0
0
0
0
0
0
0
0
0
0
0
0
0
0
0
0
0
0
0
0
0
0
0
0
0
0
0
0
0
0
0
0
0
0
0
0
0
0
0
0
0
0
0
0
0
0
0
0
0
0
0
0
0
0
0
0
0
0
0
0
0
0
0
0
0
0
0
0
0
0
0
0
0
0
0
0
0
0
0
0
0
0
0
0
0
0
0
0
0
0
0
0
0
0
0
0
0
0
0
0
0
0
0
0
0
0
0
0
0
0
0
0
0
0
0
0
0
0
0
0
0
0
0
0
0
0
0
0
0
0
0
0
0
0
0
0
0
0
0
0
0
0
0
0
0
0
0
0
0
0
0
0
0
0
0
0
0
0
0
0
0
0
0
0
0
0
0
0
0
0
0
0
0
0
0
0
0
0
0
0
0
0
0
0
0
0
0
0
0
0
0
0
0
0
0
0
0
0
0
0
0
0
0
0
0
0
0
0
0
0
0
0
0
0
0
0
0
0
0
0
0
0
0
0
0
0
0
0
0
0
0
0
0
0
0
0
0
0
0
0
0
0
0
0
0
0
0
0
0
0
0
0
0
0
0
0
0
0
0
0
0
0
0
0
0
0
0
0
0
0
0
0
0
0
0
0
0
0
0
0
0
0
0
0
0
0
0
0
0
0
0
0
0
0
0
0
0
0
0
0
0
0
0
0
0
0
0
0
0
0
0
0
0
0
0
0
0
0
0
0
0
0
0
0
0
0
0
0
0
0
0
0
0
0
0
0
0
0
0
0
0
0
0
0
0
0
0
0
0
0
0
0
0
0
0
0
0
0
0
0
0
0
0
0
0
0
0
0
0
0
0
0
0
0
0
0
0
0
0
0
0
0
0
0
0
0
0
0
0
0
0
0
0
0
0
0
0
0
0
0
0
0
0
0
0
0
0
0
0
0
0
0
0
0
0
0
0
0
0
0
0
0
0
0
0
0
0
0
0
0
0
0
0
0
0
0
0
0
0
0
0
0
0
0
0
0
0
0
0
0
0
0
0
0
0
0
0
0
0
0
0
0
0
0
0
0
0
0
0
0
0
0
0
0
0
0
0
0
0
0
0
0
0
0
0
0
0
0
0
0
0
0
0
0
0
0
0
0
0
0
0
0
0
0
0
0
0
0
0
0
0
0
0
0
0
0
0
0
0
0
0
0
0
0
0
0
0
0
0
0
0
0
0
0
0
0
0
0
0
0
0
0
0
0
0
0
0
0
0
0
0
0
0
0
0
0
0
0
0
0
0
0
0
0
0
0
0
0
0
0
0
0
0
0
0
0
0
0
0
0
0
0
0
0
0
0
0
0
0
0
0
0
0
0
0
0
0
0
0
0
0
0
0
0
0
0
0
0
0
0
0
0
0
0
0
0
0
0
0
0
0
0
0
0
0
0
0
0
0
0
0
0
0
0
0
0
0
0
0
0
0
0
0
0
0
0
0
0
0
0
0
0
0
0
0
0
0
0
0
0
0
0
0
0
0
0
0
0
0
0
0
0
0
0
0
0
0
0
0
0
0
0
0
0
0
0
0
0
0
0
0
0
0
0
0
0
0
0
0
0
0
0
0
0
0
0
0
0
0
0
0
0
0
0
0
0
0
0
0
0
0
0
0
0
0
0
0
0
0
0
0
0
0
0
0
0
0
0
0
0
0
0
0
0
0
0
0
0
0
0
0
0
0
0
0
0
0
0
0
0
0
0
0
0
0
0
0
0
0
0
0
0
0
0
0
0
0
0
0
0
0
0
0
0
0
0
0
0
0
0
0
0
0
0
0
0
0
0
0
0
0
0
0
0
0
0
0
0
0
0
0
0
0
0
0
0
0
0
0
0
0
0
0
0
0
0
0
0
0
0
0
0
0
0
0
0
0
0
0
0
0
0
0
0
0
0
0
0
0
0
0
0
0
0
0
0
0
0
0
0
0
0
0
0
0
0
0
0
0
0
0
0
0
0
0
0
0
0
0
0
0
0
0
0
0
0
0
0
0
0
0
0
0
0
0
0
0
0
0
0
0
0
0
0
0
0
0
0
0
0
0
0
0
0
0
0
0
0
0
0
0
0
0
0
0
0
0
0
0
0
0
0
0
0
0
0
0
0
0
0
0
0
0
0
0
0
0
0
0
0
0
0
0
0
0
0
0
0
0
0
0
0
0
0
0
0
0
0
0
0
0
0
0
0
0
0
0
0
0
0
0
0
0
0
0
0
0
0
0
0
0
0
0
0
0
0
0
0
0
0
0
0
0
0
0
0
0
0
0
0
0
0
0
0
0
0
0
0
0
0
0
0
0
0
0
0
0
0
0
0
0
0
0
0
0
0
0
0
0
0
0
0
0
0
0
0
0
0
0
0
0
0
0
0
0
0
0
0
0
0
0
0
0
0
0
0
0
0
0
0
0
0
0
0
0
0
0
0
0
0
0
0
0
0
0
0
0
0
0
0
0
0
0
0
0
0
0
0
0
0
0
0
0
0
0
0
0
0
0
0
0
0
0
0
0
0
0
0
0
0
0
0
0
0
0
0
0
0
0
0
0
0
0
0
0
0
0
0
0
0
0
0
0
0
0
0
0
0
0
0
0
0
0
0
0
0
0
0
0
0
0
0
0
0
0
0
0
0
0
0
0
0
0
0
0
0
0
0
0
0
0
0
0
0
0
0
0
0
0
0
0
0
0
0
0
0
0
0
0
0
0
0
0
0
0
0
0
0
0
0
0
0
0
0
0
0
0
0
0
0
0
0
0
0
0
0
0
0
0
0
0
0
0
0
0
0
0
0
0
0
0
0
0
0
0
0
0
0
0
0
0
0
0
0
0
0
0
0
0
0
0
0
0
0
0
0
0
0
0
0
0
0
0
0
0
0
0
0
0
0
0
0
0
0
0
0
0
0
0
0
0
0
0
0
0
0
0
0
0
0
0
0
0
0
0
0
0
0
0
0
0
0
0
0
0
0
0
0
0
0
0
0
0
0
0
0
0
0
0
0
0
0
0
0
0
0
0
0
0
0
0
0
0
0
0
0
0
0
0
0
0
0
0
0
0
0
0
0
0
0
0
0
0
0
0
0
0
0
0
0
0
0
0
0
0
0
0
0
0
0
0
0
0
0
0
0
0
0
0
0
0
0
0
0
0
0
0
0
0
0
0
0
0
0
0
0
0
0
0
0
0
0
0
0
0
0
0
0
0
0
0
0
0
0
0
0
0
0
0
0
0
0
0
0
0
0
0
0
0
0
0
0
0
0
0
0
0
0
0
0
0
0
0
0
0
0
0
0
0
0
0
0
0
0
0
0
0
0
0
0
0
0
0
0
0
0
0
0
0
0
0
0
0
0
0
0
0
0
0
0
0
0
0
0
0
0
0
0
0
0
0
0
0
0
0
0
0
0
0
0
0
0
0
0
0
0
0
0
0
0
0
0
0
0
0
0
0
0
0
0
0
0
0
0
0
0
0
0
0
0
0
0
0
0
0
0
0
0
0
0
0
0
0
0
0
0
0
0
0
0
0
0
0
0
0
0
0
0
0
0
0
0
0
0
0
0
0
0
0
0
0
0
0
0
0
0
0
0
0
0
0
0
0
0
0
0
0
0
0
0
0
0
0
0
0
0
0
0
0
0
0
0
0
0
0
0
0
0
0
0
0
0
0
0
0
0
0
0
0
0
0
0
0
0
0
0
0
0
0
0
0
0
0
0
0
0
0
0
0
0
0
0
0
0
0
0
0
0
0
0
0
0
0
0
0
0
0
0
0
0
0
0
0
0
0
0
0
0
0
0
0
0
0
0
0
0
0
0
0
0
0
0
0
0
0
0
0
0
0
0
0
0
0
0
0
0
0
0
0
0
0
0
0
0
0
0
0
0
0
0
0
0
0
0
0
0
0
0
0
0
0
0
0
0
0
0
0
0
0
0
0
0
0
0
0
0
0
0
0
0
0
0
0
0
0
0
0
0
0
0
0
0
0
0
0
0
0
0
0
0
0
0
0
0
0
0
0
0
0
0
0
0
0
0
0
0
0
0
0
0
0
0
0
0
0
0
0
0
0
0
0
0
0
0
0
0
0
0
0
0
0
0
0
0
0
0
0
0
0
0
0
0
0
0
0
0
0
0
0
0
0
0
0
0
0
0
0
0
0
0
0
0
0
0
0
0
0
0
0
0
0
0
0
0
0
0
0
0
0
0
0
0
0
0
0
0
0
0
0
0
0
0
0
0
0
0
0
0
0
0
0
0
0
0
0
0
0
0
0
0
0
0
0
0
0
0
0
0
0
0
0
0
0
0
0
0
0
0
0
0
0
0
0
0
0
0
0
0
0
0
0
0
0
0
0
0
0
0
0
0
0
0
0
0
0
0
0
0
0
0
0
0
0
0
0
0
0
0
0
0
0
0
0
0
0
0
0
0
0
0
0
0
0
0
0
0
0
0
0
0
0
0
0
0
0
0
0
0
0
0
0
0
0
0
0
0
0
0
0
0
0
0
0
0
0
0
0
0
0
0
0
0
0
0
0
0
0
0
0
0
0
0
0
0
0
0
0
0
0
0
0
0
0
0
0
0
0
0
0
0
0
0
0
0
0
0
0
0
0
0
0
0
0
0
0
0
0
0
0
0
0
0
0
0
0
0
0
0
0
0
0
0
0
0
0
0
0
0
0
0
0
0
0
0
0
0
0
0
0
0
0
0
0
0
0
0
0
0
0
0
0
0
0
0
0
0
0
0
0
0
0
0
0
0
0
0
0
0
0
0
0
0
0
0
0
0
0
0
0
0
0
0
0
0
0
0
0
0
0
0
0
0
0
0
0
0
0
0
0
0
0
0
0
0
0
0
0
0
0
0
0
0
0
0
0
0
0
0
0
0
0
0
0
0
0
0
0
0
0
0
0
0
0
0
0
0
0
0
0
0
0
0
0
0
0
0
0
0
0
0
0
0
0
0
0
0
0
0
0
0
0
0
0
0
0
0
0
0
0
0
0
0
0
0
0
0
0
0
0
0
0
0
0
0
0
0
0
0
0
0
0
0
0
0
0
0
0
0
0
0
0
0
0
0
0
0
0
0
0
0
0
0
0
0
0
0
0
0
0
0
0
0
0
0
0
0
0
0
0
0
0
0
0
0
0
0
0
0
0
0
0
0
0
0
0
0
0
0
0
0
0
0
0
0
0
0
0
0
0
0
0
0
0
0
0
0
0
0
0
0
0
0
0
0
0
0
0
0
0
0
0
0
0
0
0
0
0
0
0
0
0
0
0
0
0
0
0
0
0
0
0
0
0
0
0
0
0
0
0
0
0
0
0
0
0
0
0
0
0
0
0
0
0
0
0
0
0
0
0
0
0
0
0
0
0
0
0
0
0
0
0
0
0
0
0
0
0
0
0
0
0
0
0
0
0
0
0
0
0
0
0
0
0
0
0
0
0
0
0
0
0
0
0
0
0
0
0
0
0
0
0
0
0
0
0
0
0
0
0
0
0
0
0
0
0
0
0
0
0
0
0
0
0
0
0
0
0
0
0
0
0
0
0
0
0
0
0
0
0
0
0
0
0
0
0
0
0
0
0
0
0
0
0
0
0
0
0
0
0
0
0
0
0
0
0
0
0
0
0
0
0
0
0
0
0
0
0
0
0
0
0
0
0
0
0
0
0
0
0
0
0
0
0
0
0
0
0
0
0
0
0
0
0
0
0
0
0
0
0
0
0
0
0
0
0
0
0
0
0
0
0
0
0
0
0
0
0
0
0
0
0
0
0
0
0
0
0
0
0
0
0
0
0
0
0
0
0
0
0
0
0
0
0
0
0
0
0
0
0
0
0
0
0
0
0
0
0
0
0
0
0
0
0
0
0
0
0
0
0
0
0
0
0
0
0
0
0
0
0
0
0
0
0
0
0
0
0
0
0
0
0
0
0
0
0
0
0
0
0
0
0
0
0
0
0
0
0
0
0
0
0
0
0
0
0
0
0
0
0
0
0
0
0
0
0
0
0
0
0
0
0
0
0
0
0
0
0
0
0
0
0
0
0
0
0
0
0
0
0
0
0
0
0
0
0
0
0
0
0
0
0
0
0
0
0
0
0
0
0
0
0
0
0
0
0
0
0
0
0
0
0
0
0
0
0
0
0
0
0
0
0
0
0
0
0
0
0
0
0
0
0
0
0
0
0
0
0
0
0
0
0
0
0
0
0
0
0
0
0
0
0
0
0
0
0
0
0
0
0
0
0
0
0
0
0
0
0
0
0
0
0
0
0
0
0
0
0
0
0
0
0
0
0
0
0
0
0
0
0
0
0
0
0
0
0
0
0
0
0
0
0
0
0
0
0
0
0
0
0
0
0
0
0
0
0
0
0
0
0
0
0
0
0
0
0
0
0
0
0
0
0
0
0
0
0
0
0
0
0
0
0
0
0
0
0
0
0
0
0
0
0
0
0
0
0
0
0
0
0
0
0
0
0
0
0
0
0
0
0
0
0
0
0
0
0
0
0
0
0
0
0
0
0
0
0
0
0
0
0
0
0
0
0
0
0
0
0
0
0
0
0
0
0
0
0
0
0
0
0
0
0
0
0
0
0
0
0
0
0
0
0
0
0
0
0
0
0
0
0
0
0
0
0
0
0
0
0
0
0
0
0
0
0
0
0
0
0
0
0
0
0
0
0
0
0
0
0
0
0
0
0
0
0
0
0
0
0
0
0
0
0
0
0
0
0
0
0
0
0
0
0
0
0
0
0
0
0
0
0
0
0
0
0
0
0
0
0
0
0
0
0
0
0
0
0
0
0
0
0
0
0
0
0
0
0
0
0
0
0
0
0
0
0
0
0
0
0
0
0
0
0
0
0
0
0
0
0
0
0
0
0
0
0
0
0
0
0
0
0
0
0
0
0
0
0
0
0
0
0
0
0
0
0
0
0
0
0
0
0
0
0
0
0
0
0
0
0
0
0
0
0
0
0
0
0
0
0
0
0
0
0
0
0
0
0
0
0
0
0
0
0
0
0
0
0
0
0
0
0
0
0
0
0
0
0
0
0
0
0
0
0
0
0
0
0
0
0
0
0
0
0
0
0
0
0
0
0
0
0
0
0
0
0
0
0
0
0
0
0
0
0
0
0
0
0
0
0
0
0
0
0
0
0
0
0
0
0
0
0
0
0
0
0
0
0
0
0
0
0
0
0
0
0
0
0
0
0
0
0
0
0
0
0
0
0
0
0
0
0
0
0
0
0
0
0
0
0
0
0
0
0
0
0
0
0
0
0
0
0
0
0
0
0
0
0
0
0
0
0
0
0
0
0
0
0
0
0
0
0
0
0
0
0
0
0
0
0
0
0
0
0
0
0
0
0
0
0
0
0
0
0
0
0
0
0
0
0
0
0
0
0
0
0
0
0
0
0
0
0
0
0
0
0
0
0
0
0
0
0
0
0
0
0
0
0
0
0
0
0
0
0
0
0
0
0
0
0
0
0
0
0
0
0
0
0
0
0
0
0
0
0
0
0
0
0
0
0
0
0
0
0
0
0
0
0
0
0
0
0
0
0
0
0
0
0
0
0
0
0
0
0
0
0
0
0
0
0
0
0
0
0
0
0
0
0
0
0
0
0
0
0
0
0
0
0
0
0
0
0
0
0
0
0
0
0
0
0
0
0
0
0
0
0
0
0
0
0
0
0
0
0
0
0
0
0
0
0
0
0
0
0
0
0
0
0
0
0
0
0
0
0
0
0
0
0
0
0
0
0
0
0
0
0
0
0
0
0
0
0
0
0
0
0
0
0
0
0
0
0
0
0
0
0
0
0
0
0
0
0
0
0
0
0
0
0
0
0
0
0
0
0
0
0
0
0
0
0
0
0
0
0
0
0
0
0
0
0
0
0
0
0
0
0
0
0
0
0
0
0
0
0
0
0
0
0
0
0
0
0
0
0
0
0
0
0
0
0
0
0
0
0
0
0
0
0
0
0
0
0
0
0
0
0
0
0
0
0
0
0
0
0
0
0
0
0
0
0
0
0
0
0
0
0
0
0
0
0
0
0
0
0
0
0
0
0
0
0
0
0
0
0
0
0
0
0
0
0
0
0
0
0
0
0
0
0
0
0
0
0
0
0
0
0
0
0
0
0
0
0
0
0
0
0
0
0
0
0
0
0
0
0
0
0
0
0
0
0
0
0
0
0
0
0
0
0
0
0
0
0
0
0
0
0
0
0
0
0
0
0
0
0
0
0
0
0
0
0
0
0
0
0
0
0
0
0
0
0
0
0
0
0
0
0
0
0
0
0
0
0
0
0
0
0
0
0
0
0
0
0
0
0
0
0
0
0
0
0
0
0
0
0
0
0
0
0
0
0
0
0
0
0
0
0
0
0
0
0
0
0
0
0
0
0
0
0
0
0
0
0
0
0
0
0
0
0
0
0
0
0
0
0
0
0
0
0
0
0
0
0
0
0
0
0
0
0
0
0
0
0
0
0
0
0
0
0
0
0
0
0
0
0
0
0
0
0
0
0
0
0
0
0
0
0
0
0
0
0
0
0
0
0
0
0
0
0
0
0
0
0
0
0
0
0
0
0
0
0
0
0
0
0
0
0
0
0
0
0
0
0
0
0
0
0
0
0
0
0
0
0
0
0
0
0
0
0
0
0
0
0
0
0
0
0
0
0
0
0
0
0
0
0
0
0
0
0
0
0
0
0
0
0
0
0
0
0
0
0
0
0
0
0
0
0
0
0
0
0
0
0
0
0
0
0
0
0
0
0
0
0
0
0
0
0
0
0
0
0
0
0
0
0
0
0
0
0
0
0
0
0
0
0
0
0
0
0
0
0
0
0
0
0
0
0
0
0
0
0
0
0
0
0
0
0
0
0
0
0
0
0
0
0
0
0
0
0
0
0
0
0
0
0
0
0
0
0
0
0
0
0
0
0
0
0
0
0
0
0
0
0
0
0
0
0
0
0
0
0
0
0
0
0
0
0
0
0
0
0
0
0
0
0
0
0
0
0
0
0
0
0
0
0
0
0
0
0
0
0
0
0
0
0
0
0
0
0
0
0
0
0
0
0
0
0
0
0
0
0
0
0
0
0
0
0
0
0
0
0
0
0
0
0
0
0
0
0
0
0
0
0
0
0
0
0
0
0
0
0
0
0
0
0
0
0
0
0
0
0
0
0
0
0
0
0
0
0
0
0
0
0
0
0
0
0
0
0
0
0
0
0
0
0
0
0
0
0
0
0
0
0
0
0
0
0
0
0
0
0
0
0
0
0
0
0
0
0
0
0
0
0
0
0
0
0
0
0
0
0
0
0
0
0
0
0
0
0
0
0
0
0
0
0
0
0
0
0
0
0
0
0
0
0
0
0
0
0
0
0
0
0
0
0
0
0
0
0
0
0
0
0
0
0
0
0
0
0
0
0
0
0
0
0
0
0
0
0
0
0
0
0
0
0
0
0
0
0
0
0
0
0
0
0
0
0
0
0
0
0
0
0
0
0
0
0
0
0
0
0
0
0
0
0
0
0
0
0
0
0
0
0
0
0
0
0
0
0
0
0
0
0
0
0
0
0
0
0
0
0
0
0
0
0
0
0
0
0
0
0
0
0
0
0
0
0
0
0
0
0
0
0
0
0
0
0
0
0
0
0
0
0
0
0
0
0
0
0
0
0
0
0
0
0
0
0
0
0
0
0
0
0
0
0
0
0
0
0
0
0
0
0
0
0
0
0
0
0
0
0
0
0
0
0
0
0
0
0
0
0
0
0
0
0
0
0
0
0
0
0
0
0
0
0
0
0
0
0
0
0
0
0
0
0
0
0
0
0
0
0
0
0
0
0
0
0
0
0
0
0
0
0
0
0
0
0
0
0
0
0
0
0
0
0
0
0
0
0
0
0
0
0
0
0
0
0
0
0
0
0
0
0
0
0
0
0
0
0
0
0
0
0
0
0
0
0
0
0
0
0
0
0
0
0
0
0
0
0
0
0
0
0
0
0
0
0
0
0
0
0
0
0
0
0
0
0
0
0
0
0
0
0
0
0
0
0
0
0
0
0
0
0
0
0
0
0
0
0
0
0
0
0
0
0
0
0
0
0
0
0
0
0
0
0
0
0
0
0
0
0
0
0
0
0
0
0
0
0
0
0
0
0
0
0
0
0
0
0
0
0
0
0
0
0
0
0
0
0
0
0
0
0
0
0
0
0
0
0
0
0
0
0
0
0
0
0
0
0
0
0
0
0
0
0
0
0
0
0
0
0
0
0
0
0
0
0
0
0
0
0
0
0
0
0
0
0
0
0
0
0
0
0
0
0
0
0
0
0
0
0
0
0
0
0
0
0
0
0
0
0
0
0
0
0
0
0
0
0
0
0
0
0
0
0
0
0
0
0
0
0
0
0
0
0
0
0
0
0
0
0
0
0
0
0
0
0
0
0
0
0
0
0
0
0
0
0
0
0
0
0
0
0
0
0
0
0
0
0
0
0
0
0
0
0
0
0
0
0
0
0
0
0
0
0
0
0
0
0
0
0
0
0
0
0
0
0
0
0
0
0
0
0
0
0
0
0
0
0
0
0
0
0
0
0
0
0
0
0
0
0
0
0
0
0
0
0
0
0
0
0
0
0
0
0
0
0
0
0
0
0
0
0
0
0
0
0
0
0
0
0
0
0
0
0
0
0
0
0
0
0
0
0
0
0
0
0
0
0
0
0
0
0
0
0
0
0
0
0
0
0
0
0
0
0
0
0
0
0
0
0
0
0
0
0
0
0
0
0
0
0
0
0
0
0
0
0
0
0
0
0
0
0
0
0
0
0
0
0
0
0
0
0
0
0
0
0
0
0
0
0
0
0
0
0
0
0
0
0
0
0
0
0
0
0
0
0
0
0
0
0
0
0
0
0
0
0
0
0
0
0
0
0
0
0
0
0
0
0
0
0
0
0
0
0
0
0
0
0
0
0
0
0
0
0
0
0
0
0
0
0
0
0
0
0
0
0
0
0
0
0
0
0
0
0
0
0
0
0
0
0
0
0
0
0
0
0
0
0
0
0
0
0
0
0
0
0
0
0
0
0
0
0
0
0
0
0
0
0
0
0
0
0
0
0
0
0
0
0
0
0
0
0
0
0
0
0
0
0
0
0
0
0
0
0
0
0
0
0
0
0
0
0
0
0
0
0
0
0
0
0
0
0
0
0
0
0
0
0
0
0
0
0
0
0
0
0
0
0
0
0
0
0
0
0
0
0
0
0
0
0
0
0
0
0
0
0
0
0
0
0
0
0
0
0
0
0
0
0
0
0
0
0
0
0
0
0
0
0
0
0
0
0
0
0
0
0
0
0
0
0
0
0
0
0
0
0
0
0
0
0
0
0
0
0
0
0
0
0
0
0
0
0
0
0
0
0
0
0
0
0
0
0
0
0
0
0
0
0
0
0
0
0
0
0
0
0
0
0
0
0
0
0
0
0
0
0
0
0
0
0
0
0
0
0
0
0
0
0
0
0
0
0
0
0
0
0
0
0
0
0
0
0
0
0
0
0
0
0
0
0
0
0
0
0
0
0
0
0
0
0
0
0
0
0
0
0
0
0
0
0
0
0
0
0
0
0
0
0
0
0
0
0
0
0
0
0
0
0
0
0
0
0
0
0
0
0
0
0
0
0
0
0
0
0
0
0
0
0
0
0
0
0
0
0
0
0
0
0
0
0
0
0
0
0
0
0
0
0
0
0
0
0
0
0
0
0
0
0
0
0
0
0
0
0
0
0
0
0
0
0
0
0
0
0
0
0
0
0
0
0
0
0
0
0
0
0
0
0
0
0
0
0
0
0
0
0
0
0
0
0
0
0
0
0
0
0
0
0
0
0
0
0
0
0
0
0
0
0
0
0
0
0
0
0
0
0
0
0
0
0
0
0
0
0
0
0
0
0
0
0
0
0
0
0
0
0
0
0
0
0
0
0
0
0
0
0
0
0
0
0
0
0
0
0
0
0
0
0
0
0
0
0
0
0
0
0
0
0
0
0
0
0
0
0
0
0
0
0
0
0
0
0
0
0
0
0
0
0
0
0
0
0
0
0
0
0
0
0
0
0
0
0
0
0
0
0
0
0
0
0
0
0
0
0
0
0
0
0
0
0
0
0
0
0
0
0
0
0
0
0
0
0
0
0
0
0
0
0
0
0
0
0
0
0
0
0
0
0
0
0
0
0
0
0
0
0
0
0
0
0
0
0
0
0
0
0
0
0
0
0
0
0
0
0
0
0
0
0
0
0
0
0
0
0
0
0
0
0
0
0
0
0
0
0
0
0
0
0
0
0
0
0
0
0
0
0
0
0
0
0
0
0
0
0
0
0
0
0
0
0
0
0
0
0
0
0
0
0
0
0
0
0
0
0
0
0
0
0
0
0
0
0
0
0
0
0
0
0
0
0
0
0
0
0
0
0
0
0
0
0
0
0
0
0
0
0
0
0
0
0
0
0
0
0
0
0
0
0
0
0
0
0
0
0
0
0
0
0
0
0
0
0
0
0
0
0
0
0
0
0
0
0
0
0
0
0
0
0
0
0
0
0
0
0
0
0
0
0
0
0
0
0
0
0
0
0
0
0
0
0
0
0
0
0
0
0
0
0
0
0
0
0
0
0
0
0
0
0
0
0
0
0
0
0
0
0
0
0
0
0
0
0
0
0
0
0
0
0
0
0
0
0
0
0
0
0
0
0
0
0
0
0
0
0
0
0
0
0
0
0
0
0
0
0
0
0
0
0
0
0
0
0
0
0
0
0
0
0
0
0
0
0
0
0
0
0
0
0
0
0
0
0
0
0
0
0
0
0
0
0
0
0
0
0
0
0
0
0
0
0
0
0
0
0
0
0
0
0
0
0
0
0
0
0
0
0
0
0
0
0
0
0
0
0
0
0
0
0
0
0
0
0
0
0
0
0
0
0
0
0
0
0
0
0
0
0
0
0
0
0
0
0
0
0
0
0
0
0
0
0
0
0
0
0
0
0
0
0
0
0
0
0
0
0
0
0
0
0
0
0
0
0
0
0
0
0
0
0
0
0
0
0
0
0
0
0
0
0
0
0
0
0
0
0
0
0
0
0
0
0
0
0
0
0
0
0
0
0
0
0
0
0
0
0
0
0
0
0
0
0
0
0
0
0
0
0
0
0
0
0
0
0
0
0
0
0
0
0
0
0
0
0
0
0
0
0
0
0
0
0
0
0
0
0
0
0
0
0
0
0
0
0
0
0
0
0
0
0
0
0
0
0
0
0
0
0
0
0
0
0
0
0
0
0
0
0
0
0
0
0
0
0
0
0
0
0
0
0
0
0
0
0
0
0
0
0
0
0
0
0
0
0
0
0
0
0
0
0
0
0
0
0
0
0
0
0
0
0
0
0
0
0
0
0
0
0
0
0
0
0
0
0
0
0
0
0
0
0
0
0
0
0
0
0
0
0
0
0
0
0
0
0
0
0
0
0
0
0
0
0
0
0
0
0
0
0
0
0
0
0
0
0
0
0
0
0
0
0
0
0
0
0
0
0
0
0
0
0
0
0
0
0
0
0
0
0
0
0
0
0
0
0
0
0
0
0
0
0
0
0
0
0
0
0
0
0
0
0
0
0
0
0
0
0
0
0
0
0
0
0
0
0
0
0
0
0
0
0
0
0
0
0
0
0
0
0
0
0
0
0
0
0
0
0
0
0
0
0
0
0
0
0
0
0
0
0
0
0
0
0
0
0
0
0
0
0
0
0
0
0
0
0
0
0
0
0
0
0
0
0
0
0
0
0
0
0
0
0
0
0
0
0
0
0
0
0
0
0
0
0
0
0
0
0
0
0
0
0
0
0
0
0
0
0
0
0
0
0
0
0
0
0
0
0
0
0
0
0
0
0
0
0
0
0
0
0
0
0
0
0
0
0
0
0
0
0
0
0
0
0
0
0
0
0
0
0
0
0
0
0
0
0
0
0
0
0
0
0
0
0
0
0
0
0
0
0
0
0
0
0
0
0
0
0
0
0
0
0
0
0
0
0
0
0
0
0
0
0
0
0
0
0
0
0
0
0
0
0
0
0
0
0
0
0
0
0
0
0
0
0
0
0
0
0
0
0
0
0
0
0
0
0
0
0
0
0
0
0
0
0
0
0
0
0
0
0
0
0
0
0
0
0
0
0
0
0
0
0
0
0
0
0
0
0
0
0
0
0
0
0
0
0
0
0
0
0
0
0
0
0
0
0
0
0
0
0
0
0
0
0
0
0
0
0
0
0
0
0
0
0
0
0
0
0
0
0
0
0
0
0
0
0
0
0
0
0
0
0
0
0
0
0
0
0
0
0
0
0
0
0
0
0
0
0
0
0
0
0
0
0
0
0
0
0
0
0
0
0
0
0
0
0
0
0
0
0
0
0
0
0
0
0
0
0
0
0
0
0
0
0
0
0
0
0
0
0
0
0
0
0
0
0
0
0
0
0
0
0
0
0
0
0
0
0
0
0
0
0
0
0
0
0
0
0
0
0
0
0
0
0
0
0
0
0
0
0
0
0
0
0
0
0
0
0
0
0
0
0
0
0
0
0
0
0
0
0
0
0
0
0
0
0
0
0
0
0
0
0
0
0
0
0
0
0
0
0
0
0
0
0
0
0
0
0
0
0
0
0
0
0
0
0
0
0
0
0
0
0
0
0
0
0
0
0
0
0
0
0
0
0
0
0
0
0
0
0
0
0
0
0
0
0
0
0
0
0
0
0
0
0
0
0
0
0
0
0
0
0
0
0
0
0
0
0
0
0
0
0
0
0
0
0
0
0
0
0
0
0
0
0
0
0
0
0
0
0
0
0
0
0
0
0
0
0
0
0
0
0
0
0
0
0
0
0
0
0
0
0
0
0
0
0
0
0
0
0
0
0
0
0
0
0
0
0
0
0
0
0
0
0
0
0
0
0
0
0
0
0
0
0
0
0
0
0
0
0
0
0
0
0
0
0
0
0
0
0
0
0
0
0
0
0
0
0
0
0
0
0
0
0
0
0
0
0
0
0
0
0
0
0
0
0
0
0
0
0
0
0
0
0
0
0
0
0
0
0
0
0
0
0
0
0
0
0
0
0
0
0
0
0
0
0
0
0
0
0
0
0
0
0
0
0
0
0
0
0
0
0
0
0
0
0
0
0
0
0
0
0
0
0
0
0
0
0
0
0
0
0
0
0
0
0
0
0
0
0
0
0
0
0
0
0
0
0
0
0
0
0
0
0
0
0
0
0
0
0
0
0
0
0
0
0
0
0
0
0
0
0
0
0
0
0
0
0
0
0
0
0
0
0
0
0
0
0
0
0
0
0
0
0
0
0
0
0
0
0
0
0
0
0
0
0
0
0
0
0
0
0
0
0
0
0
0
0
0
0
0
0
0
0
0
0
0
0
0
0
0
0
0
0
0
0
0
0
0
0
0
0
0
0
0
0
0
0
0
0
0
0
0
0
0
0
0
0
0
0
0
0
0
0
0
0
0
0
0
0
0
0
0
0
0
0
0
0
0
0
0
0
0
0
0
0
0
0
0
0
0
0
0
0
0
0
0
0
0
0
0
0
0
0
0
0
0
0
0
0
0
0
0
0
0
0
0
0
0
0
0
0
0
0
0
0
0
0
0
0
0
0
0
0
0
0
0
0
0
0
0
0
0
0
0
0
0
0
0
0
0
0
0
0
0
0
0
0
0
0
0
0
0
0
0
0
0
0
0
0
0
0
0
0
0
0
0
0
0
0
0
0
0
0
0
0
0
0
0
0
0
0
0
0
0
0
0
0
0
0
0
0
0
0
0
0
0
0
0
0
0
0
0
0
0
0
0
0
0
0
0
0
0
0
0
0
0
0
0
0
0
0
0
0
0
0
0
0
0
0
0
0
0
0
0
0
0
0
0
0
0
0
0
0
0
0
0
0
0
0
0
0
0
0
0
0
0
0
0
0
0
0
0
0
0
0
0
0
0
0
0
0
0
0
0
0
0
0
0
0
0
0
0
0
0
0
0
0
0
0
0
0
0
0
0
0
0
0
0
0
0
0
0
0
0
0
0
0
0
0
0
0
0
0
0
0
0
0
0
0
0
0
0
0
0
0
0
0
0
0
0
0
0
0
0
0
0
0
0
0
0
0
0
0
0
0
0
0
0
0
0
0
0
0
0
0
0
0
0
0
0
0
0
0
0
0
0
0
0
0
0
0
0
0
0
0
0
0
0
0
0
0
0
0
0
0
0
0
0
0
0
0
0
0
0
0
0
0
0
0
0
0
0
0
0
0
0
0
0
0
0
0
0
0
0
0
0
0
0
0
0
0
0
0
0
0
0
0
0
0
0
0
0
0
0
0
0
0
0
0
0
0
0
0
0
0
0
0
0
0
0
0
0
0
0
0
0
0
0
0
0
0
0
0
0
0
0
0
0
0
0
0
0
0
0
0
0
0
0
0
0
0
0
0
0
0
0
0
0
0
0
0
0
0
0
0
0
0
0
0
0
0
0
0
0
0
0
0
0
0
0
0
0
0
0
0
0
0
0
0
0
0
0
0
0
0
0
0
0
0
0
0
0
0
0
0
0
0
0
0
0
0
0
0
0
0
0
0
0
0
0
0
0
0
0
0
0
0
0
0
0
0
0
0
0
0
0
0
0
0
0
0
0
0
0
0
0
0
0
0
0
0
0
0
0
0
0
0
0
0
0
0
0
0
0
0
0
0
0
0
0
0
0
0
0
0
0
0
0
0
0
0
0
0
0
0
0
0
0
0
0
0
0
0
0
0
0
0
0
0
0
0
0
0
0
0
0
0
0
0
0
0
0
0
0
0
0
0
0
0
0
0
0
0
0
0
0
0
0
0
0
0
0
0
0
0
0
0
0
0
0
0
0
0
0
0
0
0
0
0
0
0
0
0
0
0
0
0
0
0
0
0
0
0
0
0
0
0
0
0
0
0
0
0
0
0
0
0
0
0
0
0
0
0
0
0
0
0
0
0
0
0
0
0
0
0
0
0
0
0
0
0
0
0
0
0
0
0
0
0
0
0
0
0
0
0
0
0
0
0
0
0
0
0
0
0
0
0
0
0
0
0
0
0
0
0
0
0
0
0
0
0
0
0
0
0
0
0
0
0
0
0
0
0
0
0
0
0
0
0
0
0
0
0
0
0
0
0
0
0
0
0
0
0
0
0
0
0
0
0
0
0
0
0
0
0
0
0
0
0
0
0
0
0
0
0
0
0
0
0
0
0
0
0
0
0
0
0
0
0
0
0
0
0
0
0
0
0
0
0
0
0
0
0
0
0
0
0
0
0
0
0
0
0
0
0
0
0
0
0
0
0
0
0
0
0
0
0
0
0
0
0
0
0
0
0
0
0
0
0
0
0
0
0
0
0
0
0
0
0
0
0
0
0
0
0
0
0
0
0
0
0
0
0
0
0
0
0
0
0
0
0
0
0
0
0
0
0
0
0
0
0
0
0
0
0
0
0
0
0
0
0
0
0
0
0
0
0
0
0
0
0
0
0
0
0
0
0
0
0
0
0
0
0
0
0
0
0
0
0
0
0
0
0
0
0
0
0
0
0
0
0
0
0
0
0
0
0
0
0
0
0
0
0
0
0
0
0
0
0
0
0
0
0
0
0
0
0
0
0
0
0
0
0
0
0
0
0
0
0
0
0
0
0
0
0
0
0
0
0
0
0
0
0
0
0
0
0
0
0
0
0
0
0
0
0
0
0
0
0
0
0
0
0
0
0
0
0
0
0
0
0
0
0
0
0
0
0
0
0
0
0
0
0
0
0
0
0
0
0
0
0
0
0
0
0
0
0
0
0
0
0
0
0
0
0
0
0
0
0
0
0
0
0
0
0
0
0
0
0
0
0
0
0
0
0
0
0
0
0
0
0
0
0
0
0
0
0
0
0
0
0
0
0
0
0
0
0
0
0
0
0
0
0
0
0
0
0
0
0
0
0
0
0
0
0
0
0
0
0
0
0
0
0
0
0
0
0
0
0
0
0
0
0
0
0
0
0
0
0
0
0
0
0
0
0
0
0
0
0
0
0
0
0
0
0
0
0
0
0
0
0
0
0
0
0
0
0
0
0
0
0
0
0
0
0
0
0
0
0
0
0
0
0
0
0
0
0
0
0
0
0
0
0
0
0
0
0
0
0
0
0
0
0
0
0
0
0
0
0
0
0
0
0
0
0
0
0
0
0
0
0
0
0
0
0
0
0
0
0
0
0
0
0
0
0
0
0
0
0
0
0
0
0
0
0
0
0
0
0
0
0
0
0
0
0
0
0
0
0
0
0
0
0
0
0
0
0
0
0
0
0
0
0
0
0
0
0
0
0
0
0
0
0
0
0
0
0
0
0
0
0
0
0
0
0
0
0
