-356
1131
-2150
-832
-262
-1287
-1586
-337
1422
-3602
-1369
-963
-2378
-160
-124
976
50
768
-871
-1631
-654
-1685
-18401
-110
968
-2731
-1170
-2403
-2413
-17235
178
478
-378
1302
-4918
-1902
-3164
-4389
-3870
-260
2297
-5577
-1785
-3917
-4566
-1916
-146
1727
147
1987
-748
-3026
-1328
-3802
-19622
89
1145
-2532
-3529
-3779
-4626
-19049
211
658
-449
1296
-5632
-2910
-2779
-4660
-4306
-351
1519
-6659
-2588
-4755
-5092
-1343
-212
658
166
472
1527
-2141
-5243
-4261
-16578
154
-510
-749
-5498
-6309
-5266
-14940
331
-577
-390
1066
-4954
-4153
-2570
-4041
-3983
-456
330
-5715
-3138
-3758
-4236
-1228
-181
109
244
131
1970
-3691
-3262
-4004
-21562
-22
-1728
500
-4819
-4817
-3998
-23650
376
-1679
-228
1107
-4162
-3847
-3121
-2790
-3401
-414
-110
-4839
-3484
-3502
-4073
-334
-347
-113
260
-258
803
-3523
-633
-3374
-21480
-8
-975
-576
-4535
-3154
-3420
-22129
196
-504
-322
733
-4481
-2447
-4208
-2845
-3345
-295
41
-5393
-1923
-4067
-4227
-1082
-252
42
235
-263
924
-3111
-672
-3293
-19629
-45
250
-1391
-3849
-3082
-3888
-19367
27
981
-227
700
-5078
-1597
-5844
-3691
-4087
-220
535
-5155
-341
-5480
-3838
-2634
-68
775
11
-639
1261
-3615
-1715
-3995
-16175
-97
345
-1067
-3790
-2957
-4244
-19748
-89
850
-52
775
-4214
85
-4042
-3482
-3615
-84
864
-3929
1230
-3993
-3714
-2789
35
1674
-186
-1866
-175
-3955
-2174
-3565
-16629
-217
-2676
-1608
-3404
-4217
-3774
-21162
-6
-1845
-252
-288
-2917
-640
687
-1838
-2253
-348
-709
-4650
-1585
-2361
-3248
-1359
-252
-697
170
2104
-806
-2388
-2907
-2273
-19894
-45
1393
-2081
-67
-4981
-3182
-16453
65
915
-325
96
-5952
-2265
-2097
-5664
-4720
-227
-1109
-7467
-2185
-4413
-5752
-2634
-137
-966
156
2796
219
-3634
-4064
-4547
-22552
300
923
-2572
-3227
-6067
-5195
-20927
318
-348
-202
-1
-7519
-5767
-4234
-7113
-6257
-123
-1075
-7720
-4107
-3897
-5587
-3102
-9
-47
163
959
2317
-2091
-5938
-6028
-21072
273
-627
-59
-4828
-6826
-5624
-24680
272
-75
-2
822
-6396
-4349
-3869
-4486
-4910
-132
-1471
-7474
-2049
-4292
-4918
-3469
66
-1475
222
0
1996
-2862
-5505
-5106
-19353
150
-1317
62
-4505
-7414
-5237
-19234
179
-629
84
757
-4191
-2011
-2577
-1387
-3154
-141
-1106
-6531
-465
-3309
-4229
-2384
-203
-879
151
-454
684
-2372
-4033
-3205
-17271
140
165
-478
-4587
-7436
-4655
-12433
95
-7
-219
756
-5072
-3840
-3059
-2152
-3478
-222
781
-6247
-2170
-3220
-3490
-1678
-229
1151
112
-240
1406
-2416
-2535
-3485
-25282
140
-422
-7
-3797
-5354
-4367
-26242
243
-100
-238
724
-6635
-1419
-5077
-4490
-4831
-145
241
-7757
218
-5317
-4951
-2453
76
355
-123
-652
2129
-4879
-4130
-4855
-21614
6
475
-1452
-5462
-6629
-6104
-23382
22
313
-212
61
-6108
3431
-5607
-4667
-5194
-58
-346
-6660
5050
-5699
-5536
-4931
58
193
-318
-3714
-2121
-5456
-4231
-4896
-15517
-138
-3323
-4637
-5405
-7365
-5919
-17417
-52
-2270
52
-39
-2404
-300
77
-1789
-1753
-250
-190
-3541
-780
-3137
-2743
-712
-185
-334
-26
1540
-1966
-1987
-578
-1667
-19360
-139
1066
-2437
-682
-2599
-2227
-16709
-13
878
-31
-258
-3837
-217
-3405
-3350
-3118
-220
-566
-3854
1035
-2647
-3029
-1229
-128
-752
192
2132
-2684
-2623
-185
-2984
-20915
170
58
-4617
-1705
-2036
-2614
-25571
247
-837
116
-241
-5043
-4705
-6376
-5401
-4820
-98
-586
-3664
-2544
-2953
-3206
-2699
-61
-172
245
1753
-1298
-1052
-608
-4808
-13532
220
951
-1857
-2875
-2073
-3458
-22470
324
713
267
851
-7047
-5738
-7318
-5147
-5862
-11
682
-5593
-2938
-4864
-2843
-4574
-20
1120
268
-557
1849
-2371
-3956
-5938
-10004
206
-552
1093
-3784
-4195
-4377
-19754
272
-157
279
560
-5208
97
-4472
-2537
-3444
-113
523
-7633
1850
-5676
-4621
-5044
-75
639
225
-1758
-599
-1413
-4341
-3596
-21935
124
-1271
-1874
-4923
-6399
-4978
-15220
181
-937
253
-312
-6261
-2517
-4924
-4376
-4945
-132
-429
-5645
799
-4222
-3566
-4057
83
-288
10
418
-1249
-2593
-3905
-5183
-15770
117
21
-1496
-4514
-4526
-3709
-24486
180
940
50
-701
-6816
-564
-7749
-3558
-5445
-135
-1689
-7280
1613
-4763
-4749
-3713
152
-1803
-141
-1846
-2767
-4223
-2266
-5374
-18015
4
-2042
-4728
-6217
-5799
-5859
-21450
1
-1999
-203
-1338
-4638
3930
-4986
-2535
-3987
-95
-2654
-5560
5198
-3374
-4773
-4619
102
-2302
-282
-2513
-3776
-4052
-3625
-3660
-16278
-105
-1697
-6252
-5306
-6935
-5442
-14865
-48
-887
190
486
-749
91
-616
-1310
-1457
-46
294
-1743
338
-3468
-2726
-1175
-55
-53
-268
882
-3283
-1944
-468
-1397
-20559
-212
775
-4117
-2314
-1713
-2209
-17084
-85
1065
137
-322
-1773
-145
-1964
-660
-1811
-44
350
-2510
293
-3176
-2148
-601
-56
363
18
985
-3179
-3050
194
-1763
-16663
-37
-178
-4488
-2559
-1049
-1859
-15800
-36
-780
169
-990
-3093
-3147
-2821
-2798
-2699
-20
-832
-3173
-1818
-2809
-2458
-737
78
-375
130
1755
-1598
-3160
1492
-2663
-19239
49
1332
-2854
-3215
-603
-1924
-22836
168
962
299
-1081
-5644
-5113
-4401
-4904
-4296
74
-1818
-5467
-3529
-4821
-3511
-1591
61
-650
123
1121
1967
-3179
-839
-4153
-21759
227
556
491
-4352
-2718
-3447
-27224
236
134
338
-445
-6204
-3487
-3728
-5269
-4167
-86
-107
-7841
-3012
-6352
-5269
-3782
69
465
191
-700
1995
-2191
-3354
-4159
-22348
114
-406
506
-6141
-5473
-5548
-16328
66
-434
332
-892
-5660
-1722
-4904
-5207
-4364
-96
-43
-7071
-352
-6273
-5179
-3668
101
536
10
-1078
-946
-1137
-3344
-4561
-22229
90
-1434
-1809
-5857
-5359
-5047
-20847
30
-213
388
-1653
-5557
-346
-6170
-3387
-4089
-56
156
-6372
844
-6035
-3883
-1571
97
579
-107
-2092
-3024
-1479
-645
-3926
-21018
-33
-1396
-4456
-5400
-4016
-4158
-21603
-138
-1619
19
-279
-2867
1773
-3557
-750
-2116
12
-185
-2385
2867
-1996
-1418
-1826
299
-283
-196
-773
-3050
-1634
-853
-1944
-13635
-297
-792
-3636
-2673
-2537
-2310
-17261
-169
-1009
177
475
-1417
1257
-1774
-1694
-2244
-5
86
-2104
1643
-3446
-2822
-1207
77
-29
-350
98
-4535
-2439
-971
-2303
-17167
-178
204
-6520
-3139
-2345
-3136
-15712
-42
571
136
-448
-2402
508
-2477
-1472
-2141
7
-119
-3003
1133
-3665
-2180
-1476
48
-1064
-203
-535
-3707
-3232
383
-2007
-17848
-224
-863
-4715
-2926
-34
-2019
-18068
-207
-900
337
-564
-2926
-1090
-1876
-2371
-2783
42
-692
-3295
-186
-2602
-2410
-1092
65
-1192
40
1768
-2453
-4398
-336
-2638
-16090
-115
77
-3363
-3439
-1142
-2023
-19894
-90
-665
354
-834
-4423
-3121
-1829
-3648
-3415
40
-719
-4472
-2433
-3016
-3019
-1064
116
-1169
120
1299
1045
-3874
-1939
-3462
-16637
13
695
-330
-3658
-2477
-2861
-21182
1
690
254
-146
-6205
-4443
-2617
-5397
-4036
-18
-282
-7301
-4458
-5083
-4931
-2612
83
-612
43
938
2920
-2099
-3507
-4025
-19442
-47
1253
1684
-5463
-4376
-4935
-16622
18
976
283
868
-5455
-4155
-3309
-4957
-4079
-15
1372
-6604
-3963
-5339
-4736
-2710
97
1393
-44
-918
1484
-288
-3595
-4081
-23878
-40
-858
451
-5032
-4586
-5064
-20848
126
-1100
158
1500
-6909
-4681
-5956
-5540
-5584
-141
1810
-7524
-3667
-6925
-5102
-2526
177
1119
-287
-1967
60
-2992
-1308
-5709
-25013
-101
-728
-603
-5541
-4207
-5483
-27642
28
-409
130
492
-3935
-1315
-1514
-2684
-2948
45
665
-3512
-420
-2989
-2449
-1574
276
-68
-258
-863
-321
-3671
-1894
-3049
-15752
-344
-1793
39
-3280
-2561
-2592
-22713
-193
-1620
191
414
-1720
1535
-1329
-2132
-2473
87
-298
-2324
1752
-2999
-3090
-689
132
-366
-354
101
-4159
-2358
-2062
-2486
-17066
-215
47
-6538
-3194
-3614
-2910
-16435
-113
372
188
381
-2520
925
-2150
-2156
-2180
2
607
-2897
2046
-3558
-2447
-1363
61
-133
-274
-378
-3208
-2557
-303
-2123
-15252
-225
-1049
-4776
-2823
-1196
-1521
-16633
-159
-550
377
-788
-3395
242
-2089
-1857
-2193
70
-945
-4120
1254
-2795
-2502
-1813
94
-1511
-79
1400
-1771
-3241
-470
-1966
-19622
-161
-134
-2680
-3188
-1851
-1226
-20849
-174
-770
317
-1027
-4032
-105
-3299
-1536
-2863
79
-1002
-3964
1188
-3112
-1943
-1982
34
-1099
-6
662
-1557
-3598
-683
-2789
-14096
-43
512
-2260
-2860
-1654
-1862
-18071
21
224
223
-452
-4804
-3409
-2116
-3075
-2870
92
-1775
-4778
-2287
-2748
-2593
-1609
198
-2009
30
2399
1672
-1570
-2844
-2996
-19552
-45
2350
718
-3396
-3263
-2396
-22964
56
2110
234
688
-6450
-6296
-2919
-6409
-5287
63
33
-6549
-5946
-4891
-5115
-1924
181
-632
-92
1022
2426
-1218
-5380
-5277
-15487
-39
1378
174
-5798
-4601
-5710
-16031
72
543
155
3774
-8947
-7932
-6568
-8673
-8126
173
2885
-8283
-6688
-7441
-7071
-4472
229
1428
-354
-2332
4026
-3716
-7394
-8264
-17026
10
-2124
690
-7455
-5427
-8166
-22471
237
-1446
262
190
-4724
-2137
-1995
-4008
-3654
146
36
-6045
-1466
-3866
-4938
-2613
250
-163
-314
-1926
1785
-2801
-4123
-3736
-23579
-371
-2135
80
-5054
-4652
-4652
-23198
-174
-1465
-1
-237
-882
-109
-1642
-2161
-2288
56
-295
-548
529
-3023
-2314
-1038
102
-157
-312
795
-3069
-2576
-964
-2279
-14553
-140
888
-5261
-2492
-2933
-1198
-16808
-75
628
-130
-114
-1493
495
-1393
-1697
-1979
-151
216
-1398
1235
-3328
-1746
-1172
-3
263
-227
-323
-2777
-2733
-1082
-1989
-16574
-100
-326
-5235
-2608
-2805
190
-18644
-32
523
-52
-493
-2771
971
-2779
-1240
-2166
-251
-335
-3659
1680
-4198
-2362
-1505
-18
317
-150
-569
-1765
-3487
-538
-1990
-15508
-35
-1066
-4657
-3424
-3241
53
-14781
-141
-914
-37
-1147
-3400
892
-3539
-821
-2405
-126
27
-3955
2213
-4706
-1818
-1513
-28
234
-90
53
-1773
-3871
125
-2142
-18451
-2
-288
-3874
-3457
-2489
-836
-20113
19
-905
-33
-1059
-3809
-3335
-4129
-944
-2995
-31
-216
-3711
-2041
-3815
-1837
-2858
35
-799
-91
2328
1613
-3440
-1926
-2871
-15775
-54
1220
325
-3637
-3345
-1705
-17615
55
925
122
131
-8524
-9074
-7194
-5999
-7132
218
-188
-6540
-7449
-5042
-4318
-3309
268
-242
-221
4828
6621
-3429
-8669
-6902
-15367
111
4432
3325
-6437
-5347
-5194
-28041
69
2651
18
437
-12604
-13896
-10562
-10064
-11934
350
519
-6884
-11101
-6746
-5852
-6423
247
576
-333
-1735
12054
-8835
-14380
-12087
8926
296
-1761
7787
-8118
-6447
-7039
-20240
442
-1001
89
-558
-5480
-3624
-4886
-3542
-4358
31
-230
-5801
-2128
-4065
-4398
-5300
150
-241
-191
-4631
3694
-2342
-4965
-4247
-17291
-284
-3289
1575
-4550
-4914
-4538
-17134
14
-1697
-259
-966
-488
-776
-1481
-1135
-2118
-244
-1254
-51
-1229
-2864
-1382
-11
-67
-524
-131
62
-2897
-2484
-1194
-2077
-14901
29
940
-3909
-2365
-3483
-1975
-17751
87
432
-570
-1151
236
-59
-935
-299
-1729
-482
-876
296
-363
-2711
-962
-1233
-281
-636
-78
-478
-3590
-2473
-1975
-1675
-15423
113
-43
-5001
-2783
-3801
-1558
-15571
225
259
-560
-897
-1129
-288
-1076
562
-1148
-408
-1001
-1567
-310
-2488
-328
-583
-326
-638
-66
-982
-2267
-2264
23
-934
-15364
109
-427
-3743
-2149
-2223
-726
-14373
130
-141
-513
-1110
-1915
-910
-1718
450
-1200
-319
-564
-1910
-779
-2679
60
531
-226
-723
-73
-731
-1524
-2609
1364
-998
-13692
64
-6
-2402
-1852
-1526
-553
-16423
21
-318
-321
-1378
-2048
-2640
-2133
678
-1632
-232
-166
-1503
-2517
-2041
209
-462
-194
-373
-159
74
-82
-2863
368
-1447
-16353
-84
-209
-514
-1885
-2478
-323
-20768
-3
-143
-16
-1880
-2303
-5043
-3156
-437
-2492
-63
-1499
-3108
-5850
-2179
-2268
-1660
-54
-648
-144
2636
2581
-2372
-2693
-2333
-22965
-134
1746
1276
-4359
-4596
-2915
-21858
2
1395
23
-4173
-3748
-6256
-3925
-2360
-4176
121
-4357
-3533
-6558
-2998
-3611
-3541
47
-2074
-288
-1709
3625
-3116
-4139
-4008
-16251
-4
-1079
2708
-5298
-5425
-4088
-15374
244
-649
-104
-2294
-1642
-1852
-2245
-234
-1859
-93
-2797
-812
-1006
-1369
-1346
-2550
-25
-900
-260
-2569
-1223
-876
-677
-1641
-19961
-360
-2699
-964
-2302
-3097
-2134
-20969
-8
-2721
0
0
0
0
0
0
0
0
0
0
0
-1624
-1521
-259
-1319
-1370
0
0
0
0
0
0
0
0
0
0
0
-68
-1301
-838
-1382
-16417
0
0
0
0
0
0
0
0
0
0
0
-2928
-2346
-2472
-3560
-2864
0
0
0
0
0
0
0
0
0
0
0
-482
-1578
-1299
-2753
-19681
0
0
0
0
0
0
0
0
0
0
0
-3821
-4311
-3794
-4463
-4180
0
0
0
0
0
0
0
0
0
0
0
-578
-382
-4260
-4147
-12746
0
0
0
0
0
0
0
0
0
0
0
-3836
-4652
-3030
-1351
-3229
0
0
0
0
0
0
0
0
0
0
0
292
-981
-3500
-3150
-23126
0
0
0
0
0
0
0
0
0
0
0
-4780
-4727
-3504
-522
-3271
0
0
0
0
0
0
0
0
0
0
0
242
-2009
-2124
-3385
-18411
0
0
0
0
0
0
0
0
0
0
0
-3883
-4033
-4209
-2241
-3246
0
0
0
0
0
0
0
0
0
0
0
473
-2052
-638
-3198
-15703
0
0
0
0
0
0
0
0
0
0
0
-3364
-3103
-5050
-3581
-3330
0
0
0
0
0
0
0
0
0
0
0
1049
-1954
-1141
-3116
-15823
0
0
0
0
0
0
0
0
0
0
0
-2889
-1314
-3139
-1968
-2381
0
0
0
0
0
0
0
0
0
0
0
907
-1879
-1851
-2184
-18081
0
0
0
0
0
0
0
0
0
0
0
-1365
-1966
-249
-2534
-2099
0
0
0
0
0
0
0
0
0
0
0
-733
-1418
-2893
-2160
-15994
0
0
0
0
0
0
0
0
0
0
0
-3977
-3334
-1407
-5744
-3716
0
0
0
0
0
0
0
0
0
0
0
66
-2170
-3681
-3714
-20722
0
0
0
0
0
0
0
0
0
0
0
-4592
-6049
-4286
-6227
-4568
0
0
0
0
0
0
0
0
0
0
0
20
859
-5181
-4361
-24883
0
0
0
0
0
0
0
0
0
0
0
-3991
-6003
-4453
-2427
-4137
0
0
0
0
0
0
0
0
0
0
0
-1494
530
-5986
-3992
-21091
0
0
0
0
0
0
0
0
0
0
0
-3766
-4248
-3635
1010
-3163
0
0
0
0
0
0
0
0
0
0
0
-2043
-779
-4719
-3184
-14218
0
0
0
0
0
0
0
0
0
0
0
-4357
-5932
-4035
-1348
-4424
0
0
0
0
0
0
0
0
0
0
0
-1845
-1981
-3273
-4448
-18246
0
0
0
0
0
0
0
0
0
0
0
-3052
-3718
-4771
-3856
-4257
0
0
0
0
0
0
0
0
0
0
0
287
-4161
-2162
-4109
-20499
0
0
0
0
0
0
0
0
0
0
0
-3222
805
-4047
-4162
-2821
0
0
0
0
0
0
0
0
0
0
0
107
-2760
-1443
-2607
-19767
0
0
0
0
0
0
0
0
0
0
0
-1005
-1269
-675
-650
-1178
0
0
0
0
0
0
0
0
0
0
0
-1150
-819
-783
-1128
-18421
0
0
0
0
0
0
0
0
0
0
0
-2705
-2001
-3285
-1593
-2755
0
0
0
0
0
0
0
0
0
0
0
-3149
-2416
222
-2680
-19012
0
0
0
0
0
0
0
0
0
0
0
-3980
-5238
-5738
-4973
-4251
0
0
0
0
0
0
0
0
0
0
0
-3479
1486
-974
-4140
-15452
0
0
0
0
0
0
0
0
0
0
0
-4728
-5999
-6563
-4977
-4950
0
0
0
0
0
0
0
0
0
0
0
-2369
1992
-4555
-4934
-14014
0
0
0
0
0
0
0
0
0
0
0
-3135
-2418
-4736
-1120
-3240
0
0
0
0
0
0
0
0
0
0
0
-3700
1847
-4785
-3144
-20733
0
0
0
0
0
0
0
0
0
0
0
-3905
-3804
-4072
-3027
-4403
0
0
0
0
0
0
0
0
0
0
0
-3847
-593
-3693
-4454
-17389
0
0
0
0
0
0
0
0
0
0
0
-4216
-3245
-7314
-2902
-5336
0
0
0
0
0
0
0
0
0
0
0
-4793
-4127
-1066
-5323
-15016
0
0
0
0
0
0
0
0
0
0
0
-2331
1412
-3544
-2025
-2365
0
0
0
0
0
0
0
0
0
0
0
-2159
-3019
-1076
-2240
-19203
0
0
0
0
0
0
0
0
0
0
0
-1501
-951
-1169
835
-1170
0
0
0
0
0
0
0
0
0
0
0
-1522
-1148
-830
-1068
-17543
0
0
0
0
0
0
0
0
0
0
0
-2494
-1554
-1497
1304
-1932
0
0
0
0
0
0
0
0
0
0
0
-3151
-3152
27
-1788
-13259
0
0
0
0
0
0
0
0
0
0
0
-2646
-3062
-1966
-1199
-2057
0
0
0
0
0
0
0
0
0
0
0
-2385
-1910
638
-2022
-20718
0
0
0
0
0
0
0
0
0
0
0
-3827
-5199
-4599
-4092
-3788
0
0
0
0
0
0
0
0
0
0
0
-981
-61
-2405
-3775
-20707
0
0
0
0
0
0
0
0
0
0
0
-4036
-4212
-3364
-5433
-3878
0
0
0
0
0
0
0
0
0
0
0
-1644
2962
-5093
-3625
-19772
0
0
0
0
0
0
0
0
0
0
0
-3050
-3218
-4286
-4975
-3954
0
0
0
0
0
0
0
0
0
0
0
-3631
2760
-4226
-3739
-20627
0
0
0
0
0
0
0
0
0
0
0
-3617
-1804
-5604
-2924
-3630
0
0
0
0
0
0
0
0
0
0
0
-4713
785
-812
-3610
-19396
0
0
0
0
0
0
0
0
0
0
0
-1788
314
-3137
-287
-1877
0
0
0
0
0
0
0
0
0
0
0
-2643
-1356
-643
-1827
-12909
0
0
0
0
0
0
0
0
0
0
0
-2373
-418
-1913
160
-1727
0
0
0
0
0
0
0
0
0
0
0
-2579
-1133
-706
-1598
-15550
0
0
0
0
0
0
0
0
0
0
0
-2407
-1058
-859
241
-1326
0
0
0
0
0
0
0
0
0
0
0
-2873
-1436
320
-1218
-17914
0
0
0
0
0
0
0
0
0
0
0
-2089
-2005
-745
-41
-1256
0
0
0
0
0
0
0
0
0
0
0
-1794
-2699
594
-1234
-20710
0
0
0
0
0
0
0
0
0
0
0
-2713
-3514
-2008
-2245
-2345
0
0
0
0
0
0
0
0
0
0
0
-215
-1880
-1479
-2385
-18413
0
0
0
0
0
0
0
0
0
0
0
-3808
-4650
-2694
-4825
-3463
0
0
0
0
0
0
0
0
0
0
0
-485
1742
-4195
-3439
-18725
0
0
0
0
0
0
0
0
0
0
0
-2839
-4849
-3666
-5048
-3768
0
0
0
0
0
0
0
0
0
0
0
-1615
3107
-4962
-3684
-21738
0
0
0
0
0
0
0
0
0
0
0
-2663
-4039
-4381
-3964
-3548
0
0
0
0
0
0
0
0
0
0
0
-1561
560
-2738
-3359
-30260
0
0
0
0
0
0
0
0
0
0
0
-1836
-1180
-1497
-963
-1771
0
0
0
0
0
0
0
0
0
0
0
-229
-1889
-1671
-1726
-19391
0
0
0
0
0
0
0
0
0
0
0
-2473
169
-1492
-903
-1942
0
0
0
0
0
0
0
0
0
0
0
-2026
-1392
-1259
-1839
-16511
0
0
0
0
0
0
0
0
0
0
0
-2401
-178
-497
-321
-1057
0
0
0
0
0
0
0
0
0
0
0
-2099
-611
71
-927
-17941
0
0
0
0
0
0
0
0
0
0
0
-2318
-1554
-1529
-92
-1467
0
0
0
0
0
0
0
0
0
0
0
-1939
-2263
328
-1584
-19774
0
0
0
0
0
0
0
0
0
0
0
-2561
-2015
-2816
-372
-2045
0
0
0
0
0
0
0
0
0
0
0
-1794
-3417
640
-2239
-14220
0
0
0
0
0
0
0
0
0
0
0
-3509
-3902
-2622
-1919
-2757
0
0
0
0
0
0
0
0
0
0
0
-685
-1241
-2391
-3182
-19164
0
0
0
0
0
0
0
0
0
0
0
-4760
-5616
-3215
-6208
-4484
0
0
0
0
0
0
0
0
0
0
0
591
677
-5605
-4628
-17046
0
0
0
0
0
0
0
0
0
0
0
-6058
-6055
-5970
-7354
-5977
0
0
0
0
0
0
0
0
0
0
0
3526
-1569
-7222
-5625
-23929
0
0
0
0
0
0
0
0
0
0
0
-2745
-2929
-3018
-2562
-2656
0
0
0
0
0
0
0
0
0
0
0
1544
-762
-3793
-2641
-24394
0
0
0
0
0
0
0
0
0
0
0
-2738
-649
-1398
-1881
-2224
0
0
0
0
0
0
0
0
0
0
0
-837
-1982
-307
-2158
-12802
0
0
0
0
0
0
0
0
0
0
0
-2790
-301
-389
-786
-1710
0
0
0
0
0
0
0
0
0
0
0
-1534
-2149
206
-1631
-16041
0
0
0
0
0
0
0
0
0
0
0
-2404
-761
-1685
212
-1399
0
0
0
0
0
0
0
0
0
0
0
-1209
-2675
657
-1384
-16610
0
0
0
0
0
0
0
0
0
0
0
-2290
-1454
-2996
251
-1801
0
0
0
0
0
0
0
0
0
0
0
-1426
-3782
1621
-1841
-17759
0
0
0
0
0
0
0
0
0
0
0
-3672
-3512
-3714
-616
-2635
0
0
0
0
0
0
0
0
0
0
0
499
-3677
-659
-3050
-15767
0
0
0
0
0
0
0
0
0
0
0
-9913
-7669
-7975
-7122
-8090
0
0
0
0
0
0
0
0
0
0
0
4000
-3629
-9473
-8390
-10368
0
0
0
0
0
0
0
0
0
0
0
-13865
-11027
-11388
-12495
-12283
0
0
0
0
0
0
0
0
0
0
0
9966
-10780
-13359
-12700
13367
0
0
0
0
0
0
0
0
0
0
0
-3957
-3868
-4962
-3525
-3460
0
0
0
0
0
0
0
0
0
0
0
3013
-512
-4845
-3580
-18835
0
0
0
0
0
0
0
0
0
0
0
-2058
-480
-1033
-2061
-1832
0
0
0
0
0
0
0
0
0
0
0
-584
-1444
-643
-1715
-14309
0
0
0
0
0
0
0
0
0
0
0
-1703
257
363
-1041
-871
0
0
0
0
0
0
0
0
0
0
0
-886
-1215
-106
-776
-18052
0
0
0
0
0
0
0
0
0
0
0
-1447
-612
-349
-385
-721
0
0
0
0
0
0
0
0
0
0
0
-1093
-1387
1000
-633
-16042
0
0
0
0
0
0
0
0
0
0
0
-1445
-1108
-1169
-805
-1032
0
0
0
0
0
0
0
0
0
0
0
-920
-2231
1963
-946
-13306
0
0
0
0
0
0
0
0
0
0
0
-1956
-1531
-1128
-624
-1181
0
0
0
0
0
0
0
0
0
0
0
422
-1801
534
-1085
-18456
0
0
0
0
0
0
0
0
0
0
0
-3854
-3335
-3017
-2263
-3036
0
0
0
0
0
0
0
0
0
0
0
2529
-2377
-3603
-3073
-18807
0
0
0
0
0
0
0
0
0
0
0
-4859
-4768
-4551
-4196
-4363
0
0
0
0
0
0
0
0
0
0
0
4031
-4282
-4755
-4406
-11220
0
0
0
0
0
0
0
0
0
0
0
-1028
-1389
-2019
-1039
-1385
0
0
0
0
0
0
0
0
0
0
0
-262
-8
-1629
-1235
-21068
0
0
0
0
0
0
0
0
0
0
0
0
0
0
0
0
0
0
0
0
0
0
0
0
0
0
0
0
0
0
0
0
0
0
0
0
0
0
0
0
0
0
0
0
0
0
0
0
0
0
0
0
0
0
0
0
0
0
0
0
0
0
0
0
0
0
0
0
0
0
0
0
0
0
0
0
0
0
0
0
0
0
0
0
0
0
0
0
0
0
0
0
0
0
0
0
0
0
0
0
0
0
0
0
0
0
0
0
0
0
0
0
0
0
0
0
0
0
0
0
0
0
0
0
0
0
0
0
0
0
0
0
0
0
0
0
0
0
0
0
0
0
0
0
0
0
0
0
0
0
0
0
0
0
0
0
0
0
0
0
0
0
0
0
0
0
0
0
0
0
0
0
0
0
0
0
0
0
0
0
0
0
0
0
0
0
0
0
0
0
0
0
0
0
0
0
0
0
0
0
0
0
0
0
0
0
0
0
0
0
0
0
0
0
0
0
0
0
0
0
0
0
0
0
0
0
0
0
0
0
0
0
0
0
0
0
0
0
0
0
0
0
0
0
0
0
0
0
0
0
0
0
0
0
0
0
0
0
0
0
0
0
0
0
0
0
0
0
0
0
0
0
0
0
0
0
0
0
0
0
0
0
0
0
0
0
0
0
0
0
0
0
0
0
0
0
0
0
0
0
0
0
0
0
0
0
0
0
0
0
0
0
0
0
0
0
0
0
0
0
0
0
0
0
0
0
0
0
0
0
0
0
0
0
0
0
0
0
0
0
0
0
0
0
0
0
0
0
0
0
0
0
0
0
0
0
0
0
0
0
0
0
0
0
0
0
0
0
0
0
0
0
0
0
0
0
0
0
0
0
0
0
0
0
0
0
0
0
0
0
0
0
0
0
0
0
0
0
0
0
0
0
0
0
0
0
0
0
0
0
0
0
0
0
0
0
0
0
0
0
0
0
0
0
0
0
0
0
0
0
0
0
0
0
0
0
0
0
0
0
0
0
0
0
0
0
0
0
0
0
0
0
0
0
0
0
0
0
0
0
0
0
0
0
0
0
0
0
0
0
0
0
0
0
0
0
0
0
0
0
0
0
0
0
0
0
0
0
0
0
0
0
0
0
0
0
0
0
0
0
0
0
0
0
0
0
0
0
0
0
0
0
0
0
0
0
0
0
0
0
0
0
0
0
0
0
0
0
0
0
0
0
0
0
0
0
0
0
0
0
0
0
0
0
0
0
0
0
0
0
0
0
0
0
0
0
0
0
0
0
0
0
0
0
0
0
0
0
0
0
0
0
0
0
0
0
0
0
0
0
0
0
0
0
0
0
0
0
0
0
0
0
0
0
0
0
0
0
0
0
0
0
0
0
0
0
0
0
0
0
0
0
0
0
0
0
0
0
0
0
0
0
0
0
0
0
0
0
0
0
0
0
0
0
0
0
0
0
0
0
0
0
0
0
0
0
0
0
0
0
0
0
0
0
0
0
0
0
0
0
0
0
0
0
0
0
0
0
0
0
0
0
0
0
0
0
0
0
0
0
0
0
0
0
0
0
0
0
0
0
0
0
0
0
0
0
0
0
0
0
0
0
0
0
0
0
0
0
0
0
0
0
0
0
0
0
0
0
0
0
0
0
0
0
0
0
0
0
0
0
0
0
0
0
0
0
0
0
0
0
0
0
0
0
0
0
0
0
0
0
0
0
0
0
0
0
0
0
0
0
0
0
0
0
0
0
0
0
0
0
0
0
0
0
0
0
0
0
0
0
0
0
0
0
0
0
0
0
0
0
0
0
0
0
0
0
0
0
0
0
0
0
0
0
0
0
0
0
0
0
0
0
0
0
0
0
0
0
0
0
0
0
0
0
0
0
0
0
0
0
0
0
0
0
0
0
0
0
0
0
0
0
0
0
0
0
0
0
0
0
0
0
0
0
0
0
0
0
0
0
0
0
0
0
0
0
0
0
0
0
0
0
0
0
0
0
0
0
0
0
0
0
0
0
0
0
0
0
0
0
0
0
0
0
0
0
0
0
0
0
0
0
0
0
0
0
0
0
0
0
0
0
0
0
0
0
0
0
0
0
0
0
0
0
0
0
0
0
0
0
0
0
0
0
0
0
0
0
0
0
0
0
0
0
0
0
0
0
0
0
0
0
0
0
0
0
0
0
0
0
0
0
0
0
0
0
0
0
0
0
0
0
0
0
0
0
0
0
0
0
0
0
0
0
0
0
0
0
0
0
0
0
0
0
0
0
0
0
0
0
0
0
0
0
0
0
0
0
0
0
0
0
0
0
0
0
0
0
0
0
0
0
0
0
0
0
0
0
0
0
0
0
0
0
0
0
0
0
0
0
0
0
0
0
0
0
0
0
0
0
0
0
0
0
0
0
0
0
0
0
0
0
0
0
0
0
0
0
0
0
0
0
0
0
0
0
0
0
0
0
0
0
0
0
0
0
0
0
0
0
0
0
0
0
0
0
0
0
0
0
0
0
0
0
0
0
0
0
0
0
0
0
0
0
0
0
0
0
0
0
0
0
0
0
0
0
0
0
0
0
0
0
0
0
0
0
0
0
0
0
0
0
0
0
0
0
0
0
0
0
0
0
0
0
0
0
0
0
0
0
0
0
0
0
0
0
0
0
0
0
0
0
0
0
0
0
0
0
0
0
0
0
0
0
0
0
0
0
0
0
0
0
0
0
0
0
0
0
0
0
0
0
0
0
0
0
0
0
0
0
0
0
0
0
0
0
0
0
0
0
0
0
0
0
0
0
0
0
0
0
0
0
0
0
0
0
0
0
0
0
0
0
0
0
0
0
0
0
0
0
0
0
0
0
0
0
0
0
0
0
0
0
0
0
0
0
0
0
0
0
0
0
0
0
0
0
0
0
0
0
0
0
0
0
0
0
0
0
0
0
0
0
0
0
0
0
0
0
0
0
0
0
0
0
0
0
0
0
0
0
0
0
0
0
0
0
0
0
0
0
0
0
0
0
0
0
0
0
0
0
0
0
0
0
0
0
0
0
0
0
0
0
0
0
0
0
0
0
0
0
0
0
0
0
0
0
0
0
0
0
0
0
0
0
0
0
0
0
0
0
0
0
0
0
0
0
0
0
0
0
0
0
0
0
0
0
0
0
0
0
0
0
0
0
0
0
0
0
0
0
0
0
0
0
0
0
0
0
0
0
0
0
0
0
0
0
0
0
0
0
0
0
0
0
0
0
0
0
0
0
0
0
0
0
0
0
0
0
0
0
0
0
0
0
0
0
0
0
0
0
0
0
0
0
0
0
0
0
0
0
0
0
0
0
0
0
0
0
0
0
0
0
0
0
0
0
0
0
0
0
0
0
0
0
0
0
0
0
0
0
0
0
0
0
0
0
0
0
0
0
0
0
0
0
0
0
0
0
0
0
0
0
0
0
0
0
0
0
0
0
0
0
0
0
0
0
0
0
0
0
0
0
0
0
0
0
0
0
0
0
0
0
0
0
0
0
0
0
0
0
0
0
0
0
0
0
0
0
0
0
0
0
0
0
0
0
0
0
0
0
0
0
0
0
0
0
0
0
0
0
0
0
0
0
0
0
0
0
0
0
0
0
0
0
0
0
0
0
0
0
0
0
0
0
0
0
0
0
0
0
0
0
0
0
0
0
0
0
0
0
0
0
0
0
0
0
0
0
0
0
0
0
0
0
0
0
0
0
0
0
0
0
0
0
0
0
0
0
0
0
0
0
0
0
0
0
0
0
0
0
0
0
0
0
0
0
0
0
0
0
0
0
0
0
0
0
0
0
0
0
0
0
0
0
0
0
0
0
0
0
0
0
0
0
0
0
0
0
0
0
0
0
0
0
0
0
0
0
0
0
0
0
0
0
0
0
0
0
0
0
0
0
0
0
0
0
0
0
0
0
0
0
0
0
0
0
0
0
0
0
0
0
0
0
0
0
0
0
0
0
0
0
0
0
0
0
0
0
0
0
0
0
0
0
0
0
0
0
0
0
0
0
0
0
0
0
0
0
0
0
0
0
0
0
0
0
0
0
0
0
0
0
0
0
0
0
0
0
0
0
0
0
0
0
0
0
0
0
0
0
0
0
0
0
0
0
0
0
0
0
0
0
0
0
0
0
0
0
0
0
0
0
0
0
0
0
0
0
0
0
0
0
0
0
0
0
0
0
0
0
0
0
0
0
0
0
0
0
0
0
0
0
0
0
0
0
0
0
0
0
0
0
0
0
0
0
0
0
0
0
0
0
0
0
0
0
0
0
0
0
0
0
0
0
0
0
0
0
0
0
0
0
0
0
0
0
0
0
0
0
0
0
0
0
0
0
0
0
0
0
0
0
0
0
0
0
0
0
0
0
0
0
0
0
0
0
0
0
0
0
0
0
0
0
0
0
0
0
0
0
0
0
0
0
0
0
0
0
0
0
0
0
0
0
0
0
0
0
0
0
0
0
0
0
0
0
0
0
0
0
0
0
0
0
0
0
0
0
0
0
0
0
0
0
0
0
0
0
0
0
0
0
0
0
0
0
0
0
0
0
0
0
0
0
0
0
0
0
0
0
0
0
0
0
0
0
0
0
0
0
0
0
0
0
0
0
0
0
0
0
0
0
0
0
0
0
0
0
0
0
0
0
0
0
0
0
0
0
0
0
0
0
0
0
0
0
0
0
0
0
0
0
0
0
0
0
0
0
0
0
0
0
0
0
0
0
0
0
0
0
0
0
0
0
0
0
0
0
0
0
0
0
0
0
0
0
0
0
0
0
0
0
0
0
0
0
0
0
0
0
0
0
0
0
0
0
0
0
0
0
0
0
0
0
0
0
0
0
0
0
0
0
0
0
0
0
0
0
0
0
0
0
0
0
0
0
0
0
0
0
0
0
0
0
0
0
0
0
0
0
0
0
0
0
0
0
0
0
0
0
0
0
0
0
0
0
0
0
0
0
0
0
0
0
0
0
0
0
0
0
0
0
0
0
0
0
0
0
0
0
0
0
0
0
0
0
0
0
0
0
0
0
0
0
0
0
0
0
0
0
0
0
0
0
0
0
0
0
0
0
0
0
0
0
0
0
0
0
0
0
0
0
0
0
0
0
0
0
0
0
0
0
0
0
0
0
0
0
0
0
0
0
0
0
0
0
0
0
0
0
0
0
0
0
0
0
0
0
0
0
0
0
0
0
0
0
0
0
0
0
0
0
0
0
0
0
0
0
0
0
0
0
0
0
0
0
0
0
0
0
0
0
0
0
0
0
0
0
0
0
0
0
0
0
0
0
0
0
0
0
0
0
0
0
0
0
0
0
0
0
0
0
0
0
0
0
0
0
0
0
0
0
0
0
0
0
0
0
0
0
0
0
0
0
0
0
0
0
0
0
0
0
0
0
0
0
0
0
0
0
0
0
0
0
0
0
0
0
0
0
0
0
0
0
0
0
0
0
0
0
0
0
0
0
0
0
0
0
0
0
0
0
0
0
0
0
0
0
0
0
0
0
0
0
0
0
0
0
0
0
0
0
0
0
0
0
0
0
0
0
0
0
0
0
0
0
0
0
0
0
0
0
0
0
0
0
0
0
0
0
0
0
0
0
0
0
0
0
0
0
0
0
0
0
0
0
0
0
0
0
0
0
0
0
0
0
0
0
0
0
0
0
0
0
0
0
0
0
0
0
0
0
0
0
0
0
0
0
0
0
0
0
0
0
0
0
0
0
0
0
0
0
0
0
0
0
0
0
0
0
0
0
0
0
0
0
0
0
0
0
0
0
0
0
0
0
0
0
0
0
0
0
0
0
0
0
0
0
0
0
0
0
0
0
0
0
0
0
0
0
0
0
0
0
0
0
0
0
0
0
0
0
0
0
0
0
0
0
0
0
0
0
0
0
0
0
0
0
0
0
0
0
0
0
0
0
0
0
0
0
0
0
0
0
0
0
0
0
0
0
0
0
0
0
0
0
0
0
0
0
0
0
0
0
0
0
0
0
0
0
0
0
0
0
0
0
0
0
0
0
0
0
0
0
0
0
0
0
0
0
0
0
0
0
0
0
0
0
0
0
0
0
0
0
0
0
0
0
0
0
0
0
0
0
0
0
0
0
0
0
0
0
0
0
0
0
0
0
0
0
0
0
0
0
0
0
0
0
0
0
0
0
0
0
0
0
0
0
0
0
0
0
0
0
0
0
0
0
0
0
0
0
0
0
0
0
0
0
0
0
0
0
0
0
0
0
0
0
0
0
0
0
0
0
0
0
0
0
0
0
0
0
0
0
0
0
0
0
0
0
0
0
0
0
0
0
0
0
0
0
0
0
0
0
0
0
0
0
0
0
0
0
0
0
0
0
0
0
0
0
0
0
0
0
0
0
0
0
0
0
0
0
0
0
0
0
0
0
0
0
0
0
0
0
0
0
0
0
0
0
0
0
0
0
0
0
0
0
0
0
0
0
0
0
0
0
0
0
0
0
0
0
0
0
0
0
0
0
0
0
0
0
0
0
0
0
0
0
0
0
0
0
0
0
0
0
0
0
0
0
0
0
0
0
0
0
0
0
0
0
0
0
0
0
0
0
0
0
0
0
0
0
0
0
0
0
0
0
0
0
0
0
0
0
0
0
0
0
0
0
0
0
0
0
0
0
0
0
0
0
0
0
0
0
0
0
0
0
0
0
0
0
0
0
0
0
0
0
0
0
0
0
0
0
0
0
0
0
0
0
0
0
0
0
0
0
0
0
0
0
0
0
0
0
0
0
0
0
0
0
0
0
0
0
0
0
0
0
0
0
0
0
0
0
0
0
0
0
0
0
0
0
0
0
0
0
0
0
0
0
0
0
0
0
0
0
0
0
0
0
0
0
0
0
0
0
0
0
0
0
0
0
0
0
0
0
0
0
0
0
0
0
0
0
0
0
0
0
0
0
0
0
0
0
0
0
0
0
0
0
0
0
0
0
0
0
0
0
0
0
0
0
0
0
0
0
0
0
0
0
0
0
0
0
0
0
0
0
0
0
0
0
0
0
0
0
0
0
0
0
0
0
0
0
0
0
0
0
0
0
0
0
0
0
0
0
0
0
0
0
0
0
0
0
0
0
0
0
0
0
0
0
0
0
0
0
0
0
0
0
0
0
0
0
0
0
0
0
0
0
0
0
0
0
0
0
0
0
0
0
0
0
0
0
0
0
0
0
0
0
0
0
0
0
0
0
0
0
0
0
0
0
0
0
0
0
0
0
0
0
0
0
0
0
0
0
0
0
0
0
0
0
0
0
0
0
0
0
0
0
0
0
0
0
0
0
0
0
0
0
0
0
0
0
0
0
0
0
0
0
0
0
0
0
0
0
0
0
0
0
0
0
0
0
0
0
0
0
0
0
0
0
0
0
0
0
0
0
0
0
0
0
0
0
0
0
0
0
0
0
0
0
0
0
0
0
0
0
0
0
0
0
0
0
0
0
0
0
0
0
0
0
0
0
0
0
0
0
0
0
0
0
0
0
0
0
0
0
0
0
0
0
0
0
0
0
0
0
0
0
0
0
0
0
0
0
0
0
0
0
0
0
0
0
0
0
0
0
0
0
0
0
0
0
0
0
0
0
0
0
0
0
0
0
0
0
0
0
0
0
0
0
0
0
0
0
0
0
0
0
0
0
0
0
0
0
0
0
0
0
0
0
0
0
0
0
0
0
0
0
0
0
0
0
0
0
0
0
0
0
0
0
0
0
0
0
0
0
0
0
0
0
0
0
0
0
0
0
0
0
0
0
0
0
0
0
0
0
0
0
0
0
0
0
0
0
0
0
0
0
0
0
0
0
0
0
0
0
0
0
0
0
0
0
0
0
0
0
0
0
0
0
0
0
0
0
0
0
0
0
0
0
0
0
0
0
0
0
0
0
0
0
0
0
0
0
0
0
0
0
0
0
0
0
0
0
0
0
0
0
0
0
0
0
0
0
0
0
0
0
0
0
0
0
0
0
0
0
0
0
0
0
0
0
0
0
0
0
0
0
0
0
0
0
0
0
0
0
0
0
0
0
0
0
0
0
0
0
0
0
0
0
0
0
0
0
0
0
0
0
0
0
0
0
0
0
0
0
0
0
0
0
0
0
0
0
0
0
0
0
0
0
0
0
0
0
0
0
0
0
0
0
0
0
0
0
0
0
0
0
0
0
0
0
0
0
0
0
0
0
0
0
0
0
0
0
0
0
0
0
0
0
0
0
0
0
0
0
0
0
0
0
0
0
0
0
0
0
0
0
0
0
0
0
0
0
0
0
0
0
0
0
0
0
0
0
0
0
0
0
0
0
0
0
0
0
0
0
0
0
0
0
0
0
0
0
0
0
0
0
0
0
0
0
0
0
0
0
0
0
0
0
0
0
0
0
0
0
0
0
0
0
0
0
0
0
0
0
0
0
0
0
0
0
0
0
0
0
0
0
0
0
0
0
0
0
0
0
0
0
0
0
0
0
0
0
0
0
0
0
0
0
0
0
0
0
0
0
0
0
0
0
0
0
0
0
0
0
0
0
0
0
0
0
0
0
0
0
0
0
0
0
0
0
0
0
0
0
0
0
0
0
0
0
0
0
0
0
0
0
0
0
0
0
0
0
0
0
0
0
0
0
0
0
0
0
0
0
0
0
0
0
0
0
0
0
0
0
0
0
0
0
0
0
0
0
0
0
0
0
0
0
0
0
0
0
0
0
0
0
0
0
0
0
0
0
0
0
0
0
0
0
0
0
0
0
0
0
0
0
0
0
0
0
0
0
0
0
0
0
0
0
0
0
0
0
0
0
0
0
0
0
0
0
0
0
0
0
0
0
0
0
0
0
0
0
0
0
0
0
0
0
0
0
0
0
0
0
0
0
0
0
0
0
0
0
0
0
0
0
0
0
0
0
0
0
0
0
0
0
0
0
0
0
0
0
0
0
0
0
0
0
0
0
0
0
0
0
0
0
0
0
0
0
0
0
0
0
0
0
0
0
0
0
0
0
0
0
0
0
0
0
0
0
0
0
0
0
0
0
0
0
0
0
0
0
0
0
0
0
0
0
0
0
0
0
0
0
0
0
0
0
0
0
0
0
0
0
0
0
0
0
0
0
0
0
0
0
0
0
0
0
0
0
0
0
0
0
0
0
0
0
0
0
0
0
0
0
0
0
0
0
0
0
0
0
0
0
0
0
0
0
0
0
0
0
0
0
0
0
0
0
0
0
0
0
0
0
0
0
0
0
0
0
0
0
0
0
0
0
0
0
0
0
0
0
0
0
0
0
0
0
0
0
0
0
0
0
0
0
0
0
0
0
0
0
0
0
0
0
0
0
0
0
0
0
0
0
0
0
0
0
0
0
0
0
0
0
0
0
0
0
0
0
0
0
0
0
0
0
0
0
0
0
0
0
0
0
0
0
0
0
0
0
0
0
0
0
0
0
0
0
0
0
0
0
0
0
0
0
0
0
0
0
0
0
0
0
0
0
0
0
0
0
0
0
0
0
0
0
0
0
0
0
0
0
0
0
0
0
0
0
0
0
0
0
0
0
0
0
0
0
0
0
0
0
0
0
0
0
0
0
0
0
0
0
0
0
0
0
0
0
0
0
0
0
0
0
0
0
0
0
0
0
0
0
0
0
0
0
0
0
0
0
0
0
0
0
0
0
0
0
0
0
0
0
0
0
0
0
0
0
0
0
0
0
0
0
0
0
0
0
0
0
0
0
0
0
0
0
0
0
0
0
0
0
0
0
0
0
0
0
0
0
0
0
0
0
0
0
0
0
0
0
0
0
0
0
0
0
0
0
0
0
0
0
0
0
0
0
0
0
0
0
0
0
0
0
0
0
0
0
0
0
0
0
0
0
0
0
0
0
0
0
0
0
0
0
0
0
0
0
0
0
0
0
0
0
0
0
0
0
0
0
0
0
0
0
0
0
0
0
0
0
0
0
0
0
0
0
0
0
0
0
0
0
0
0
0
0
0
0
0
0
0
0
0
0
0
0
0
0
0
0
0
0
0
0
0
0
0
0
0
0
0
0
0
0
0
0
0
0
0
0
0
0
0
0
0
0
0
0
0
0
0
0
0
0
0
0
0
0
0
0
0
0
0
0
0
0
0
0
0
0
0
0
0
0
0
0
0
0
0
0
0
0
0
0
0
0
0
0
0
0
0
0
0
0
0
0
0
0
0
0
0
0
0
0
0
0
0
0
0
0
0
0
0
0
0
0
0
0
0
0
0
0
0
0
0
0
0
0
0
0
0
0
0
0
0
0
0
0
0
0
0
0
0
0
0
0
0
0
0
0
0
0
0
0
0
0
0
0
0
0
0
0
0
0
0
0
0
0
0
0
0
0
0
0
0
0
0
0
0
0
0
0
0
0
0
0
0
0
0
0
0
0
0
0
0
0
0
0
0
0
0
0
0
0
0
0
0
0
0
0
0
0
0
0
0
0
0
0
0
0
0
0
0
0
0
0
0
0
0
0
0
0
0
0
0
0
0
0
0
0
0
0
0
0
0
0
0
0
0
0
0
0
0
0
0
0
0
0
0
0
0
0
0
0
0
0
0
0
0
0
0
0
0
0
0
0
0
0
0
0
0
0
0
0
0
0
0
0
0
0
0
0
0
0
0
0
0
0
0
0
0
0
0
0
0
0
0
0
0
0
0
0
0
0
0
0
0
0
0
0
0
0
0
0
0
0
0
0
0
0
0
0
0
0
0
0
0
0
0
0
0
0
0
0
0
0
0
0
0
0
0
0
0
0
0
0
0
0
0
0
0
0
0
0
0
0
0
0
0
0
0
0
0
0
0
0
0
0
0
0
0
0
0
0
0
0
0
0
0
0
0
0
0
0
0
0
0
0
0
0
0
0
0
0
0
0
0
0
0
0
0
0
0
0
0
0
0
0
0
0
0
0
0
0
0
0
0
0
0
0
0
0
0
0
0
0
0
0
0
0
0
0
0
0
0
0
0
0
0
0
0
0
0
0
0
0
0
0
0
0
0
0
0
0
0
0
0
0
0
0
0
0
0
0
0
0
0
0
0
0
0
0
0
0
0
0
0
0
0
0
0
0
0
0
0
0
0
0
0
0
0
0
0
0
0
0
0
0
0
0
0
0
0
0
0
0
0
0
0
0
0
0
0
0
0
0
0
0
0
0
0
0
0
0
0
0
0
0
0
0
0
0
0
0
0
0
0
0
0
0
0
0
0
0
0
0
0
0
0
0
0
0
0
0
0
0
0
0
0
0
0
0
0
0
0
0
0
0
0
0
0
0
0
0
0
0
0
0
0
0
0
0
0
0
0
0
0
0
0
0
0
0
0
0
0
0
0
0
0
0
0
0
0
0
0
0
0
0
0
0
0
0
0
0
0
0
0
0
0
0
0
0
0
0
0
0
0
0
0
0
0
0
0
0
0
0
0
0
0
0
0
0
0
0
0
0
0
0
0
0
0
0
0
0
0
0
0
0
0
0
0
0
0
0
0
0
0
0
0
0
0
0
0
0
0
0
0
0
0
0
0
0
0
0
0
0
0
0
0
0
0
0
0
0
0
0
0
0
0
0
0
0
0
0
0
0
0
0
0
0
0
0
0
0
0
0
0
0
0
0
0
0
0
0
0
0
0
0
0
0
0
0
0
0
0
0
0
0
0
0
0
0
0
0
0
0
0
0
0
0
0
0
0
0
0
0
0
0
0
0
0
0
0
0
0
0
0
0
0
0
0
0
0
0
0
0
0
0
0
0
0
0
0
0
0
0
0
0
0
0
0
0
0
0
0
0
0
0
0
0
0
0
0
0
0
0
0
0
0
0
0
0
0
0
0
0
0
0
0
0
0
0
0
0
0
0
0
0
0
0
0
0
0
0
0
0
0
0
0
0
0
0
0
0
0
0
0
0
0
0
0
0
0
0
0
0
0
0
0
0
0
0
0
0
0
0
0
0
0
0
0
0
0
0
0
0
0
0
0
0
0
0
0
0
0
0
0
0
0
0
0
0
0
0
0
0
0
0
0
0
0
0
0
0
0
0
0
0
0
0
0
0
0
0
0
0
0
0
0
0
0
0
0
0
0
0
0
0
0
0
0
0
0
0
0
0
0
0
0
0
0
0
0
0
0
0
0
0
0
0
0
0
0
0
0
0
0
0
0
0
0
0
0
0
0
0
0
0
0
0
0
0
0
0
0
0
0
0
0
0
0
0
0
0
0
0
0
0
0
0
0
0
0
0
0
0
0
0
0
0
0
0
0
0
0
0
0
0
0
0
0
0
0
0
0
0
0
0
0
0
0
0
0
0
0
0
0
0
0
0
0
0
0
0
0
0
0
0
0
0
0
0
0
0
0
0
0
0
0
0
0
0
0
0
0
0
0
0
0
0
0
0
0
0
0
0
0
0
0
0
0
0
0
0
0
0
0
0
0
0
0
0
0
0
0
0
0
0
0
0
0
0
0
0
0
0
0
0
0
0
0
0
0
0
0
0
0
0
0
0
0
0
0
0
0
0
0
0
0
0
0
0
0
0
0
0
0
0
0
0
0
0
0
0
0
0
0
0
0
0
0
0
0
0
0
0
0
0
0
0
0
0
0
0
0
0
0
0
0
0
0
0
0
0
0
0
0
0
0
0
0
0
0
0
0
0
0
0
0
0
0
0
0
0
0
0
0
0
0
0
0
0
0
0
0
0
0
0
0
0
0
0
0
0
0
0
0
0
0
0
0
0
0
0
0
0
0
0
0
0
0
0
0
0
0
0
0
0
0
0
0
0
0
0
0
0
0
0
0
0
0
0
0
0
0
0
0
0
0
0
0
0
0
0
0
0
0
0
0
0
0
0
0
0
0
0
0
0
0
0
0
0
0
0
0
0
0
0
0
0
0
0
0
0
0
0
0
0
0
0
0
0
0
0
0
0
0
0
0
0
0
0
0
0
0
0
0
0
0
0
0
0
0
0
0
0
0
0
0
0
0
0
0
0
0
0
0
0
0
0
0
0
0
0
0
0
0
0
0
0
0
0
0
0
0
0
0
0
0
0
0
0
0
0
0
0
0
0
0
0
0
0
0
0
0
0
0
0
0
0
0
0
0
0
0
0
0
0
0
0
0
0
0
0
0
0
0
0
0
0
0
0
0
0
0
0
0
0
0
0
0
0
0
0
0
0
0
0
0
0
0
0
0
0
0
0
0
0
0
0
0
0
0
0
0
0
0
0
0
0
0
0
0
0
0
0
0
0
0
0
0
0
0
0
0
0
0
0
0
0
0
0
0
0
0
0
0
0
0
0
0
0
0
0
0
0
0
0
0
0
0
0
0
0
0
0
0
0
0
0
0
0
0
0
0
0
0
0
0
0
0
0
0
0
0
0
0
0
0
0
0
0
0
0
0
0
0
0
0
0
0
0
0
0
0
0
0
0
0
0
0
0
0
0
0
0
0
0
0
0
0
0
0
0
0
0
0
0
0
0
0
0
0
0
0
0
0
0
0
0
0
0
0
0
0
0
0
0
0
0
0
0
0
0
0
0
0
0
0
0
0
0
0
0
0
0
0
0
0
0
0
0
0
0
0
0
0
0
0
0
0
0
0
0
0
0
0
0
0
0
0
0
0
0
0
0
0
0
0
0
0
0
0
0
0
0
0
0
0
0
0
0
0
0
0
0
0
0
0
0
0
0
0
0
0
0
0
0
0
0
0
0
0
0
0
0
0
0
0
0
0
0
0
0
0
0
0
0
0
0
0
0
0
0
0
0
0
0
0
0
0
0
0
0
0
0
0
0
0
0
0
0
0
0
0
0
0
0
0
0
0
0
0
0
0
0
0
0
0
0
0
0
0
0
0
0
0
0
0
0
0
0
0
0
0
0
0
0
0
0
0
0
0
0
0
0
0
0
0
0
0
0
0
0
0
0
0
0
0
0
0
0
0
0
0
0
0
0
0
0
0
0
0
0
0
0
0
0
0
0
0
0
0
0
0
0
0
0
0
0
0
0
0
0
0
0
0
0
0
0
0
0
0
0
0
0
0
0
0
0
0
0
0
0
0
0
0
0
0
0
0
0
0
0
0
0
0
0
0
0
0
0
0
0
0
0
0
0
0
0
0
0
0
0
0
0
0
0
0
0
0
0
0
0
0
0
0
0
0
0
0
0
0
0
0
0
0
0
0
0
0
0
0
0
0
0
0
0
0
0
0
0
0
0
0
0
0
0
0
0
0
0
0
0
0
0
0
0
0
0
0
0
0
0
0
0
0
0
0
0
0
0
0
0
0
0
0
0
0
0
0
0
0
0
0
0
0
0
0
0
0
0
0
0
0
0
0
0
0
0
0
0
0
0
0
0
0
0
0
0
0
0
0
0
0
0
0
0
0
0
0
0
0
0
0
0
0
0
0
0
0
0
0
0
0
0
0
0
0
0
0
0
0
0
0
0
0
0
0
0
0
0
0
0
0
0
0
0
0
0
0
0
0
0
0
0
0
0
0
0
0
0
0
0
0
0
0
0
0
0
0
0
0
0
0
0
0
0
0
0
0
0
0
0
0
0
0
0
0
0
0
0
0
0
0
0
0
0
0
0
0
0
0
0
0
0
0
0
0
0
0
0
0
0
0
0
0
0
0
0
0
0
0
0
0
0
0
0
0
0
0
0
0
0
0
0
0
0
0
0
0
0
0
0
0
0
0
0
0
0
0
0
0
0
0
0
0
0
0
0
0
0
0
0
0
0
0
0
0
0
0
0
0
0
0
0
0
0
0
0
0
0
0
0
0
0
0
0
0
0
0
0
0
0
0
0
0
0
0
0
0
0
0
0
0
0
0
0
0
0
0
0
0
0
0
0
0
0
0
0
0
0
0
0
0
0
0
0
0
0
0
0
0
0
0
0
0
0
0
0
0
0
0
0
0
0
0
0
0
0
0
0
0
0
0
0
0
0
0
0
0
0
0
0
0
0
0
0
0
0
0
0
0
0
0
0
0
0
0
0
0
0
0
0
0
0
0
0
0
0
0
0
0
0
0
0
0
0
0
0
0
0
0
0
0
0
0
0
0
0
0
0
0
0
0
0
0
0
0
0
0
0
0
0
0
0
0
0
0
0
0
0
0
0
0
0
0
0
0
0
0
0
0
0
0
0
0
0
0
0
0
0
0
0
0
0
0
0
0
0
0
0
0
0
0
0
0
0
0
0
0
0
0
0
0
0
0
0
0
0
0
0
0
0
0
0
0
0
0
0
0
0
0
0
0
0
0
0
0
0
0
0
0
0
0
0
0
0
0
0
0
0
0
0
0
0
0
0
0
0
0
0
0
0
0
0
0
0
0
0
0
0
0
0
0
0
0
0
0
0
0
0
0
0
0
0
0
0
0
0
0
0
0
0
0
0
0
0
0
0
0
0
0
0
0
0
0
0
0
0
0
0
0
0
0
0
0
0
0
0
0
0
0
0
0
0
0
0
0
0
0
0
0
0
0
0
0
0
0
0
0
0
0
0
0
0
0
0
0
0
0
0
0
0
0
0
0
0
0
0
0
0
0
0
0
0
0
0
0
0
0
0
0
0
0
0
0
0
0
0
0
0
0
0
0
0
0
0
0
0
0
0
0
0
0
0
0
0
0
0
0
0
0
0
0
0
0
0
0
0
0
0
0
0
0
0
0
0
0
0
0
0
0
0
0
0
0
0
0
0
0
0
0
0
0
0
0
0
0
0
0
0
0
0
0
0
0
0
0
0
0
0
0
0
0
0
0
0
0
0
0
0
0
0
0
0
0
0
0
0
0
0
0
0
0
0
0
0
0
0
0
0
0
0
0
0
0
0
0
0
0
0
0
0
0
0
0
0
0
0
0
0
0
0
0
0
0
0
0
0
0
0
0
0
0
0
0
0
0
0
0
0
0
0
0
0
0
0
0
0
0
0
0
0
0
0
0
0
0
0
0
0
0
0
0
0
0
0
0
0
0
0
0
0
0
0
0
0
0
0
0
0
0
0
0
0
0
0
0
0
0
0
0
0
0
0
0
0
0
0
0
0
0
0
0
0
0
0
0
0
0
0
0
0
0
0
0
0
0
0
0
0
0
0
0
0
0
0
0
0
0
0
0
0
0
0
0
0
0
0
0
0
0
0
0
0
0
0
0
0
0
0
0
0
0
0
0
0
0
0
0
0
0
0
0
0
0
0
0
0
0
0
0
0
0
0
0
0
0
0
0
0
0
0
0
0
0
0
0
0
0
0
0
0
0
0
0
0
0
0
0
0
0
0
0
0
0
0
0
0
0
0
0
0
0
0
0
0
0
0
0
0
0
0
0
0
0
0
0
0
0
0
0
0
0
0
0
0
0
0
0
0
0
0
0
0
0
0
0
0
0
0
0
0
0
0
0
0
0
0
0
0
0
0
0
0
0
0
0
0
0
0
0
0
0
0
0
0
0
0
0
0
0
0
0
0
0
0
0
0
0
0
0
0
0
0
0
0
0
0
0
0
0
0
0
0
0
0
0
0
0
0
0
0
0
0
0
0
0
0
0
0
0
0
0
0
0
0
0
0
0
0
0
0
0
0
0
0
0
0
0
0
0
0
0
0
0
0
0
0
0
0
0
0
0
0
0
0
0
0
0
0
0
0
0
0
0
0
0
0
0
0
0
0
0
0
0
0
0
0
0
0
0
0
0
0
0
0
0
0
0
0
0
0
0
0
0
0
0
0
0
0
0
0
0
0
0
0
0
0
0
0
0
0
0
0
0
0
0
0
0
0
0
0
0
0
0
0
0
0
0
0
0
0
0
0
0
0
0
0
0
0
0
0
0
0
0
0
0
0
0
0
0
0
0
0
0
0
0
0
0
0
0
0
0
0
0
0
0
0
0
0
0
0
0
0
0
0
0
0
0
0
0
0
0
0
0
0
0
0
0
0
0
0
0
0
0
0
0
0
0
0
0
0
0
0
0
0
0
0
0
0
0
0
0
0
0
0
0
0
0
0
0
0
0
0
0
0
0
0
0
0
0
0
0
0
0
0
0
0
0
0
0
0
0
0
0
0
0
0
0
0
0
0
0
0
0
0
0
0
0
0
0
0
0
0
0
0
0
0
0
0
0
0
0
0
0
0
0
0
0
0
0
0
0
0
0
0
0
0
0
0
0
0
0
0
0
0
0
0
0
0
0
0
0
0
0
0
0
0
0
0
0
0
0
0
0
0
0
0
0
0
0
0
0
0
0
0
0
0
0
0
0
0
0
0
0
0
0
0
0
0
0
0
0
0
0
0
0
0
0
0
0
0
0
0
0
0
0
0
0
0
0
0
0
0
0
0
0
0
0
0
0
0
0
0
0
0
0
0
0
0
0
0
0
0
0
0
0
0
0
0
0
0
0
0
0
0
0
0
0
0
0
0
0
0
0
0
0
0
0
0
0
0
0
0
0
0
0
0
0
0
0
0
0
0
0
0
0
0
0
0
0
0
0
0
0
0
0
0
0
0
0
0
0
0
0
0
0
0
0
0
0
0
0
0
0
0
0
0
0
0
0
0
0
0
0
0
0
0
0
0
0
0
0
0
0
0
0
0
0
0
0
0
0
0
0
0
0
0
0
0
0
0
0
0
0
0
0
0
0
0
0
0
0
0
0
0
0
0
0
0
0
0
0
0
0
0
0
0
0
0
0
0
0
0
0
0
0
0
0
0
0
0
0
0
0
0
0
0
0
0
0
0
0
0
0
0
0
0
0
0
0
0
0
0
0
0
0
0
0
0
0
0
0
0
0
0
0
0
0
0
0
0
0
0
0
0
0
0
0
0
0
0
0
0
0
0
0
0
0
0
0
0
0
0
0
0
0
0
0
0
0
0
0
0
0
0
0
0
0
0
0
0
0
0
0
0
0
0
0
0
0
0
0
0
0
0
0
0
0
0
0
0
0
0
0
0
0
0
0
0
0
0
0
0
0
0
0
0
0
0
0
0
0
0
0
0
0
0
0
0
0
0
0
0
0
0
0
0
0
0
0
0
0
0
0
0
0
0
0
0
0
0
0
0
0
0
0
0
0
0
0
0
0
0
0
0
0
0
0
0
0
0
0
0
0
0
0
0
0
0
0
0
0
0
0
0
0
0
0
0
0
0
0
0
0
0
0
0
0
0
0
0
0
0
0
0
0
0
0
0
0
0
0
0
0
0
0
0
0
0
0
0
0
0
0
0
0
0
0
0
0
0
0
0
0
0
0
0
0
0
0
0
0
0
0
0
0
0
0
0
0
0
0
0
0
0
0
0
0
0
0
0
0
0
0
0
0
0
0
0
0
0
0
0
0
0
0
0
0
0
0
0
0
0
0
0
0
0
0
0
0
0
0
0
0
0
0
0
0
0
0
0
0
0
0
0
0
0
0
0
0
0
0
0
0
0
0
0
0
0
0
0
0
0
0
0
0
0
0
0
0
0
0
0
0
0
0
0
0
0
0
0
0
0
0
0
0
0
0
0
0
0
0
0
0
0
0
0
0
0
0
0
0
0
0
0
0
0
0
0
0
0
0
0
0
0
0
0
0
0
0
0
0
0
0
0
0
0
0
0
0
0
0
0
0
0
0
0
0
0
0
0
0
0
0
0
0
0
0
0
0
0
0
0
0
0
0
0
0
0
0
0
0
0
0
0
0
0
0
0
0
0
0
0
0
0
0
0
0
0
0
0
0
0
0
0
0
0
0
0
0
0
0
0
0
0
0
0
0
0
0
0
0
0
0
0
0
0
0
0
0
0
0
0
0
0
0
0
0
0
0
0
0
0
0
0
0
0
0
0
0
0
0
0
0
0
0
0
0
0
0
0
0
0
0
0
0
0
0
0
0
0
0
0
0
0
0
0
0
0
0
0
0
0
0
0
0
0
0
0
0
0
0
0
0
0
0
0
0
0
0
0
0
0
0
0
0
0
0
0
0
0
0
0
0
0
0
0
0
0
0
0
0
0
0
0
0
0
0
0
0
0
0
0
0
0
0
0
0
0
0
0
0
0
0
0
0
0
0
0
0
0
0
0
0
0
0
0
0
0
0
0
0
0
0
0
0
0
0
0
0
0
0
0
0
0
0
0
0
0
0
0
0
0
0
0
0
0
0
0
0
0
0
0
0
0
0
0
0
0
0
0
0
0
0
0
0
0
0
0
0
0
0
0
0
0
0
0
0
0
0
0
0
0
0
0
0
0
0
0
0
0
0
0
0
0
0
0
0
0
0
0
0
0
0
0
0
0
0
0
0
0
0
0
0
0
0
0
0
0
0
0
0
0
0
0
0
0
0
0
0
0
0
0
0
0
0
0
0
0
0
0
0
0
0
0
0
0
0
0
0
0
0
0
0
0
0
0
0
0
0
0
0
0
0
0
0
0
0
0
0
0
0
0
0
0
0
0
0
0
0
0
0
0
0
0
0
0
0
0
0
0
0
0
0
0
0
0
0
0
0
0
0
0
0
0
0
0
0
0
0
0
0
0
0
0
0
0
0
0
0
0
0
0
0
0
0
0
0
0
0
0
0
0
0
0
0
0
0
0
0
0
0
0
0
0
0
0
0
0
0
0
0
0
0
0
0
0
0
0
0
0
0
0
0
0
0
0
0
0
0
0
0
0
0
0
0
0
0
0
0
0
0
0
0
0
0
0
0
0
0
0
0
0
0
0
0
0
0
0
0
0
0
0
0
0
0
0
0
0
0
0
0
0
0
0
0
0
0
0
0
0
0
0
0
0
0
0
0
0
0
0
0
0
0
0
0
0
0
0
0
0
0
0
0
0
0
0
0
0
0
0
0
0
0
0
0
0
0
0
0
0
0
0
0
0
0
0
0
0
0
0
0
0
0
0
0
0
0
0
0
0
0
0
0
0
0
0
0
0
0
0
0
0
0
0
0
0
0
0
0
0
0
0
0
0
0
0
0
0
0
0
0
0
0
0
0
0
0
0
0
0
0
0
0
0
0
0
0
0
0
0
0
0
0
0
0
0
0
0
0
0
0
0
0
0
0
0
0
0
0
0
0
0
0
0
0
0
0
0
0
0
0
0
0
0
0
0
0
0
0
0
0
0
0
0
0
0
0
0
0
0
0
0
0
0
0
0
0
0
0
0
0
0
0
0
0
0
0
0
0
0
0
0
0
0
0
0
0
0
0
0
0
0
0
0
0
0
0
0
0
0
0
0
0
0
0
0
0
0
0
0
0
0
0
0
0
0
0
0
0
0
0
0
0
0
0
0
0
0
0
0
0
0
0
0
0
0
0
0
0
0
0
0
0
0
0
0
0
0
0
0
0
0
0
0
0
0
0
0
0
0
0
0
0
0
0
0
0
0
0
0
0
0
0
0
0
0
0
0
0
0
0
0
0
0
0
0
0
0
0
0
0
0
0
0
0
0
0
0
0
0
0
0
0
0
0
0
0
0
0
0
0
0
0
0
0
0
0
0
0
0
0
0
0
0
0
0
0
0
0
0
0
0
0
0
0
0
0
0
0
0
0
0
0
0
0
0
0
0
0
0
0
0
0
0
0
0
0
0
0
0
0
0
0
0
0
0
0
0
0
0
0
0
0
0
0
0
0
0
0
0
0
0
0
0
0
0
0
0
0
0
0
0
0
0
0
0
0
0
0
0
0
0
0
0
0
0
0
0
0
0
0
0
0
0
0
0
0
0
0
0
0
0
0
0
0
0
0
0
0
0
0
0
0
0
0
0
0
0
0
0
0
0
0
0
0
0
0
0
0
0
0
0
0
0
0
0
0
0
0
0
0
0
0
0
0
0
0
0
0
0
0
0
0
0
0
0
0
0
0
0
0
0
0
0
0
0
0
0
0
0
0
0
0
0
0
0
0
0
0
0
0
0
0
0
0
0
0
0
0
0
0
0
0
0
0
0
0
0
0
0
0
0
0
0
0
0
0
0
0
0
0
0
0
0
0
0
0
0
0
0
0
0
0
0
0
0
0
0
0
0
0
0
0
0
0
0
0
0
0
0
0
0
0
0
0
0
0
0
0
0
0
0
0
0
0
0
0
0
0
0
0
0
0
0
0
0
0
0
0
0
0
0
0
0
0
0
0
0
0
0
0
0
0
0
0
0
0
0
0
0
0
0
0
0
0
0
0
0
0
0
0
0
0
0
0
0
0
0
0
0
0
0
0
0
0
0
0
0
0
0
0
0
0
0
0
0
0
0
0
0
0
0
0
0
0
0
0
0
0
0
0
0
0
0
0
0
0
0
0
0
0
0
0
0
0
0
0
0
0
0
0
0
0
0
0
0
0
0
0
0
0
0
0
0
0
0
0
0
0
0
0
0
0
0
0
0
0
0
0
0
0
0
0
0
0
0
0
0
0
0
0
0
0
0
0
0
0
0
0
0
0
0
0
0
0
0
0
0
0
0
0
0
0
0
0
0
0
0
0
0
0
0
0
0
0
0
0
0
0
0
0
0
0
0
0
0
0
0
0
0
0
0
0
0
0
0
0
0
0
0
0
0
0
0
0
0
0
0
0
0
0
0
0
0
0
0
0
0
0
0
0
0
0
0
0
0
0
0
0
0
0
0
0
0
0
0
0
0
0
0
0
0
0
0
0
0
0
0
0
0
0
0
0
0
0
0
0
0
0
0
0
0
0
0
0
0
0
0
0
0
0
0
0
0
0
0
0
0
0
0
0
0
0
0
0
0
0
0
0
0
0
0
0
0
0
0
0
0
0
0
0
0
0
0
0
0
0
0
0
0
0
0
0
0
0
0
0
0
0
0
0
0
0
0
0
0
0
0
0
0
0
0
0
0
0
0
0
0
0
0
0
0
0
0
0
0
0
0
0
0
0
0
0
0
0
0
0
0
0
0
0
0
0
0
0
0
0
0
0
0
0
0
0
0
0
0
0
0
0
0
0
0
0
0
0
0
0
0
0
0
0
0
0
0
0
0
0
0
0
0
0
0
0
0
0
0
0
0
0
0
0
0
0
0
0
0
0
0
0
0
0
0
0
0
0
0
0
0
0
0
0
0
0
0
0
0
0
0
0
0
0
0
0
0
0
0
0
0
0
0
0
0
0
0
0
0
0
0
0
0
0
0
0
0
0
0
0
0
0
0
0
0
0
0
0
0
0
0
0
0
0
0
0
0
0
0
0
0
0
0
0
0
0
0
0
0
0
0
0
0
0
0
0
0
0
0
0
0
0
0
0
0
0
0
0
0
0
0
0
0
0
0
0
0
0
0
0
0
0
0
0
0
0
0
0
0
0
0
0
0
0
0
0
0
0
0
0
0
0
0
0
0
0
0
0
0
0
0
0
0
0
0
0
0
0
0
0
0
0
0
0
0
0
0
0
0
0
0
0
0
0
0
0
0
0
0
0
0
0
0
0
0
0
0
0
0
0
0
0
0
0
0
0
0
0
0
0
0
0
0
0
0
0
0
0
0
0
0
0
0
0
0
0
0
0
0
0
0
0
0
0
0
0
0
0
0
0
0
0
0
0
0
0
0
0
0
0
0
0
0
0
0
0
0
0
0
0
0
0
0
0
0
0
0
0
0
0
0
0
0
0
0
0
0
0
0
0
0
0
0
0
0
0
0
0
0
0
0
0
0
0
0
0
0
0
0
0
0
0
0
0
0
0
0
0
0
0
0
0
0
0
0
0
0
0
0
0
0
0
0
0
0
0
0
0
0
0
0
0
0
0
0
0
0
0
0
0
0
0
0
0
0
0
0
0
0
0
0
0
0
0
0
0
0
0
0
0
0
0
0
0
0
0
0
0
0
0
0
0
0
0
0
0
0
0
0
0
0
0
0
0
0
0
0
0
0
0
0
0
0
0
0
0
0
0
0
0
0
0
0
0
0
0
0
0
0
0
0
0
0
0
0
0
0
0
0
0
0
0
0
0
0
0
0
0
0
0
0
0
0
0
0
0
0
0
0
0
0
0
0
0
0
0
0
0
0
0
0
0
0
0
0
0
0
0
0
0
0
0
0
0
0
0
0
0
0
0
0
0
0
0
0
0
0
0
0
0
0
0
0
0
0
0
0
0
0
0
0
0
0
0
0
0
0
0
0
0
0
0
0
0
0
0
0
0
0
0
0
0
0
0
0
0
0
0
0
0
0
0
0
0
0
0
0
0
0
0
0
0
0
0
0
0
0
0
0
0
0
0
0
0
0
0
0
0
0
0
0
0
0
0
0
0
0
0
0
0
0
0
0
0
0
0
0
0
0
0
0
0
0
0
0
0
0
0
0
0
0
0
0
0
0
0
0
0
0
0
0
0
0
0
0
0
0
0
0
0
0
0
0
0
0
0
0
0
0
0
0
0
0
0
0
0
0
0
0
0
0
0
0
0
0
0
0
0
0
0
0
0
0
0
0
0
0
0
0
0
0
0
0
0
0
0
0
0
0
0
0
0
0
0
0
0
0
0
0
0
0
0
0
0
0
0
0
0
0
0
0
0
0
0
0
0
0
0
0
0
0
0
0
0
0
0
0
0
0
0
0
0
0
0
0
0
0
0
0
0
0
0
0
0
0
0
0
0
0
0
0
0
0
0
0
0
0
0
0
0
0
0
0
0
0
0
0
0
0
0
0
0
0
0
0
0
0
0
0
0
0
0
0
0
0
0
0
0
0
0
0
0
0
0
0
0
0
0
0
0
0
0
0
0
0
0
0
0
0
0
0
0
0
0
0
0
0
0
0
0
0
0
0
0
0
0
0
0
0
0
0
0
0
0
0
0
0
0
0
0
0
0
0
0
0
0
0
0
0
0
0
0
0
0
0
0
0
0
0
0
0
0
0
0
0
0
0
0
0
0
0
0
0
0
0
0
0
0
0
0
0
0
0
0
0
0
0
0
0
0
0
0
0
0
0
0
0
0
0
0
0
0
0
0
0
0
0
0
0
0
0
0
0
0
0
0
0
0
0
0
0
0
0
0
0
0
0
0
0
0
0
0
0
0
0
0
0
0
0
0
0
0
0
0
0
0
0
0
0
0
0
0
0
0
0
0
0
0
0
0
0
0
0
0
0
0
0
0
0
0
0
0
0
0
0
0
0
0
0
0
0
0
0
0
0
0
0
0
0
0
0
0
0
0
0
0
0
0
0
0
0
0
0
0
0
0
0
0
0
0
0
0
0
0
0
0
0
0
0
0
0
0
0
0
0
0
0
0
0
0
0
0
0
0
0
0
0
0
0
0
0
0
0
0
0
0
0
0
0
0
0
0
0
0
0
0
0
0
0
0
0
0
0
0
0
0
0
0
0
0
0
0
0
0
0
0
0
0
0
0
0
0
0
0
0
0
0
0
0
0
0
0
0
0
0
0
0
0
0
0
0
0
0
0
0
0
0
0
0
0
0
0
0
0
0
0
0
0
0
0
0
0
0
0
0
0
0
0
0
0
0
0
0
0
0
0
0
0
0
0
0
0
0
0
0
0
0
0
0
0
0
0
0
0
0
0
0
0
0
0
0
0
0
0
0
0
0
0
0
0
0
0
0
0
0
0
0
0
0
0
0
0
0
0
0
0
0
0
0
0
0
0
0
0
0
0
0
0
0
0
0
0
0
0
0
0
0
0
0
0
0
0
0
0
0
0
0
0
0
0
0
0
0
0
0
0
0
0
0
0
0
0
0
0
0
0
0
0
0
0
0
0
0
0
0
0
0
0
0
0
0
0
0
0
0
0
0
0
0
0
0
0
0
0
0
0
0
0
0
0
0
0
0
0
0
0
0
0
0
0
0
0
0
0
0
0
0
0
0
0
0
0
0
0
0
0
0
0
0
0
0
0
0
0
0
0
0
0
0
0
0
0
0
0
0
0
0
0
0
0
0
0
0
0
0
0
0
0
0
0
0
0
0
0
0
0
0
0
0
0
0
0
0
0
0
0
0
0
0
0
0
0
0
0
0
0
0
0
0
0
0
0
0
0
0
0
0
0
0
0
0
0
0
0
0
0
0
0
0
0
0
0
0
0
0
0
0
0
0
0
0
0
0
0
0
0
0
0
0
0
0
0
0
0
0
0
0
0
0
0
0
0
0
0
0
0
0
0
0
0
0
0
0
0
0
0
0
0
0
0
0
0
0
0
0
0
0
0
0
0
0
0
0
0
0
0
0
0
0
0
0
0
0
0
0
0
0
0
0
0
0
0
0
0
0
0
0
0
0
0
0
0
0
0
0
0
0
0
0
0
0
0
0
0
0
0
0
0
0
0
0
0
0
0
0
0
0
0
0
0
0
0
0
0
0
0
0
0
0
0
0
0
0
0
0
0
0
0
0
0
0
0
0
0
0
0
0
0
0
0
0
0
0
0
0
0
0
0
0
0
0
0
0
0
0
0
0
0
0
0
0
0
0
0
0
0
0
0
0
0
0
0
0
0
0
0
0
0
0
0
0
0
0
0
0
0
0
0
0
0
0
0
0
0
0
0
0
0
0
0
0
0
0
0
0
0
0
0
0
0
0
0
0
0
0
0
0
0
0
0
0
0
0
0
0
0
0
0
0
0
0
0
0
0
0
0
0
0
0
0
0
0
0
0
0
0
0
0
0
0
0
0
0
0
0
0
0
0
0
0
0
0
0
0
0
0
0
0
0
0
0
0
0
0
0
0
0
0
0
0
0
0
0
0
0
0
0
0
0
0
0
0
0
0
0
0
0
0
0
0
0
0
0
0
0
0
0
0
0
0
0
0
0
0
0
0
0
0
0
0
0
0
0
0
0
0
0
0
0
0
0
0
0
0
0
0
0
0
0
0
0
0
0
0
0
0
0
0
0
0
0
0
0
0
0
0
0
0
0
0
0
0
0
0
0
0
0
0
0
0
0
0
0
0
0
0
0
0
0
0
0
0
0
0
0
0
0
0
0
0
0
0
0
0
0
0
0
0
0
0
0
0
0
0
0
0
0
0
0
0
0
0
0
0
0
0
0
0
0
0
0
0
0
0
0
0
0
0
0
0
0
0
0
0
0
0
0
0
0
0
0
0
0
0
0
0
0
0
0
0
0
0
0
0
0
0
0
0
0
0
0
0
0
0
0
0
0
0
0
0
0
0
0
0
0
0
0
0
0
0
0
0
0
0
0
0
0
0
0
0
0
0
0
0
0
0
0
0
0
0
0
0
0
0
0
0
0
0
0
0
0
0
0
0
0
0
0
0
0
0
0
0
0
0
0
0
0
0
0
0
0
0
0
0
0
0
0
0
0
0
0
0
0
0
0
0
0
0
0
0
0
0
0
0
0
0
0
0
0
0
0
0
0
0
0
0
0
0
0
0
0
0
0
0
0
0
0
0
0
0
0
0
0
0
0
0
0
0
0
0
0
0
0
0
0
0
0
0
0
0
0
0
0
0
0
0
0
0
0
0
0
0
0
0
0
0
0
0
0
0
0
0
0
0
0
0
0
0
0
0
0
0
0
0
0
0
0
0
0
0
0
0
0
0
0
0
0
0
0
0
0
0
0
0
0
0
0
0
0
0
0
0
0
0
0
0
0
0
0
0
0
0
0
0
0
0
0
0
0
0
0
0
0
0
0
0
0
0
0
0
0
0
0
0
0
0
0
0
0
0
0
0
0
0
0
0
0
0
0
0
0
0
0
0
0
0
0
0
0
0
0
0
0
0
0
0
0
0
0
0
0
0
0
0
0
0
0
0
0
0
0
0
0
0
0
0
0
0
0
0
0
0
0
0
0
0
0
0
0
0
0
0
0
0
0
0
0
0
0
0
0
0
0
0
0
0
0
0
0
0
0
0
0
0
0
0
0
0
0
0
0
0
0
0
0
0
0
0
0
0
0
0
0
0
0
0
0
0
0
0
0
0
0
0
0
0
0
0
0
0
0
0
0
0
0
0
0
0
0
0
0
0
0
0
0
0
0
0
0
0
0
0
0
0
0
0
0
0
0
0
0
0
0
0
0
0
0
0
0
0
0
0
0
0
0
0
0
0
0
0
0
0
0
0
0
0
0
0
0
0
0
0
0
0
0
0
0
0
0
0
0
0
0
0
0
0
0
0
0
0
0
0
0
0
0
0
0
0
0
0
0
0
0
0
0
0
0
0
0
0
0
0
0
0
0
0
0
0
0
0
0
0
0
0
0
0
0
0
0
0
0
0
0
0
0
0
0
0
0
0
0
0
0
0
0
0
0
0
0
0
0
0
0
0
0
0
0
0
0
0
0
0
0
0
0
0
0
0
0
0
0
0
0
0
0
0
0
0
0
0
0
0
0
0
0
0
0
0
0
0
0
0
0
0
0
0
0
0
0
0
0
0
0
0
0
0
0
0
0
0
0
0
0
0
0
0
0
0
0
0
0
0
0
0
0
0
0
0
0
0
0
0
0
0
0
0
0
0
0
0
0
0
0
0
0
0
0
0
0
0
0
0
0
0
0
0
0
0
0
0
0
0
0
0
0
0
0
0
0
0
0
0
0
0
0
0
0
0
0
0
0
0
0
0
0
0
0
0
0
0
0
0
0
0
0
0
0
0
0
0
0
0
0
0
0
0
0
0
0
0
0
0
0
0
0
0
0
0
0
0
0
0
0
0
0
0
0
0
0
0
0
0
0
0
0
0
0
0
0
0
0
0
0
0
0
0
0
0
0
0
0
0
0
0
0
0
0
0
0
0
0
0
0
0
0
0
0
0
0
0
0
0
0
0
0
0
0
0
0
0
0
0
0
0
0
0
0
0
0
0
0
0
0
0
0
0
0
0
0
0
0
0
0
0
0
0
0
0
0
0
0
0
0
0
0
0
0
0
0
0
0
0
0
0
0
0
0
0
0
0
0
0
0
