-137
5
-2043
-366
-1362
-1484
-1650
-239
-225
-3106
-401
-2062
-2345
143
31
-719
-48
-26
-491
-1325
-804
-1584
-20422
-391
290
-1504
-2115
-2324
-2324
-22333
18
1103
-187
-662
-2543
-1271
-974
-1836
-1572
-123
-126
-4268
-1748
-2081
-3018
1117
-112
-241
38
542
670
-748
-1057
-1606
-17307
-277
-667
-1616
-2819
-2864
-3000
-15103
-9
-1130
-274
253
-3279
-2397
-2399
-2296
-2095
-284
845
-4517
-3348
-1937
-3676
-1486
-92
785
136
999
2606
-1712
-1317
-1968
-16974
-90
220
1192
-3410
-3054
-3395
-13738
42
345
-197
769
-3949
-2630
-2580
-3529
-2978
-362
1194
-5027
-4136
-2678
-4433
-3354
-99
831
234
125
4540
-2896
-4260
-2753
-21721
135
-206
3652
-4243
-4565
-4587
-19260
126
-250
-231
474
-4879
-1503
-3085
-4286
-4127
-238
745
-5386
-3011
-3329
-4333
-3182
0
334
67
-441
3766
-4624
-5966
-3990
-11553
158
-254
3125
-4144
-5971
-4868
-14663
363
-54
-69
-118
-4001
-1992
-999
-3726
-3242
-225
88
-5663
-4301
-2920
-4507
-749
-20
-249
83
-329
1168
-4061
-2726
-3013
-16024
32
-457
308
-4217
-4275
-4230
-14743
192
193
-138
-702
-3475
-3849
-4015
-3198
-3152
-301
-694
-5231
-5847
-4441
-4401
-1486
16
-64
153
371
2601
-3959
-359
-2876
-15993
41
-548
2126
-4889
-3092
-4251
-12783
94
-545
-234
-389
-2738
-2883
-3470
-2760
-2669
-236
-162
-3534
-4153
-3950
-3803
-1090
-81
694
34
-704
1183
-3053
365
-2484
-16043
-72
-204
625
-2413
-2994
-3639
-15144
59
-107
-58
9
-1458
432
-2616
-1944
-2211
-10
-347
-2427
-457
-3447
-2836
-239
-10
225
-173
533
-1778
-2204
-988
-2145
-16804
-392
409
-3338
-2092
-2193
-2853
-17040
-8
830
-255
314
-1226
-1431
-963
-1225
-1358
-84
454
-2620
-2778
-2115
-2552
989
-68
513
20
1436
1005
-860
-1516
-1399
-25558
-88
-690
-2095
-1496
-1988
-2267
-25325
-6
-652
-242
-508
-3129
-2708
-3458
-2279
-2482
-125
-1584
-6104
-2905
-4308
-5075
-1768
27
-1301
109
2357
3761
-2914
-2244
-2541
-23759
8
1030
-943
-4880
-3210
-4362
-17012
-5
90
-129
44
-5680
-4786
-5945
-6032
-5365
-101
-172
-5951
-5083
-5520
-5763
-3137
61
-640
55
635
8091
-5586
-7378
-5467
-12697
207
1072
2854
-5668
-5192
-5819
-16366
123
280
-403
3441
-8103
-8730
-7439
-8951
-8239
-245
5724
-7089
-10003
-8991
-6897
-3890
42
3858
-120
-612
11728
-8046
-12417
-8481
-12437
262
801
6160
-7159
-8361
-7975
-21973
445
874
-328
3115
-6347
-5442
-3225
-5255
-5411
-318
4506
-7932
-7862
-7296
-6021
-2031
-55
3798
-36
-2185
7492
-6057
-8971
-5236
-18522
109
-4202
3468
-5754
-7714
-6395
-18234
405
-3616
-181
785
-3361
-3591
-2419
-1715
-2582
-177
732
-4056
-5189
-2944
-2457
-352
-187
429
81
-808
2672
-3072
-1973
-2516
-13983
-188
-1549
1574
-2274
-2782
-2727
-15711
187
-1283
-226
138
-2836
-2970
-2994
-1646
-2300
-100
-43
-3197
-4056
-3184
-2488
-22
-255
-456
0
-484
437
-2369
997
-2135
-13357
-72
538
-131
-1004
-1972
-2840
-13451
63
110
33
1199
-717
-2190
-3165
-1946
-2655
37
1732
-1369
-2164
-4396
-3214
-1102
22
1406
-243
1178
-1780
-2360
-743
-2537
-22563
25
619
-3832
-3555
-2041
-3529
-21481
188
936
-132
772
-2807
-2459
-4073
-2880
-3769
-45
454
-2659
-2136
-4518
-2653
-1730
35
-256
-17
493
-545
-2718
-3159
-3768
-15557
158
-508
-2860
-3084
-1683
-2847
-22088
129
-1198
18
11
-3234
-1014
-5529
-2136
-2803
-199
64
-3488
1171
-4425
-2906
-3786
-38
11
325
225
-4
-2384
-1520
-2905
-15638
-94
378
-1357
-3595
-2532
-2558
-18952
-31
-1213
20
-1243
-5096
-2866
-6395
-4781
-4584
-128
-871
-5284
-2362
-4070
-4502
-2089
30
-500
272
2227
4082
-3633
-5143
-4593
-20002
11
2586
-622
-4921
-5690
-4457
-26215
102
1313
-375
-1491
-12639
-12899
-13187
-13003
-13443
-157
-1375
-9449
-13073
-10364
-8550
-5315
267
-1329
-297
903
13367
-13048
-14879
-13510
16031
332
1359
8065
-9865
-10497
-10239
-10752
438
1224
-443
-833
-9174
-9022
-7523
-7620
-8412
-173
-1370
-10149
-10806
-8033
-7465
-3544
76
-1743
-277
-3707
11218
-8576
-11393
-8122
-10606
178
-5975
6499
-7254
-10242
-8207
-18185
315
-5185
-163
-468
-4849
-5452
-2564
-3383
-4264
-119
19
-5505
-6136
-2435
-3332
-2981
-63
-9
32
-1955
2809
-4997
-3243
-4211
-11834
-54
-2076
2791
-3558
-4404
-4095
-14628
218
-2339
-255
-1028
-4702
-3687
-5296
-3218
-3430
-58
-216
-4594
-3957
-4232
-3282
-2156
-20
-387
-157
-220
383
-4446
2356
-3309
-12147
-124
355
1254
-2868
-403
-3743
-15096
-5
284
185
-355
-1986
-3799
-6129
-3865
-4978
82
128
-3432
-3800
-6984
-5985
-3042
173
53
-320
502
-417
-4252
-3677
-5018
-15465
-74
247
-2811
-7224
-5930
-6569
-12529
143
568
-1
-1130
-2898
-364
-1374
-1585
-2550
-150
-521
-5092
-833
-4469
-3958
-2332
54
-172
2
-949
-233
-1886
-4977
-2356
-26427
104
-2182
-2203
-4901
-5233
-3956
-21027
176
-2224
244
-487
-1921
-178
-2450
-889
-1497
39
-19
-2193
71
-1425
-1652
-1963
24
471
177
-449
-467
-1122
-1222
-1383
-14558
-82
-1417
-471
-2259
-1963
-753
-17057
-111
-2204
279
-628
-2129
-1772
-3063
-1860
-2163
-100
-1051
-1858
-859
-2015
-1518
-749
106
-1690
286
888
135
-1452
-569
-1999
-18990
-108
545
-652
-1986
-1446
-598
-26796
-47
1103
-18
-2316
-4298
-3946
-3741
-3702
-3754
-144
-3443
-5673
-5840
-4762
-4346
206
121
-3051
73
835
3342
-3156
-2433
-3674
-15811
147
743
650
-4433
-3784
-4364
-13946
238
1122
-3
-1402
-2175
-3406
-2936
-2736
-2469
-83
-2185
-4018
-4793
-3765
-4578
-2682
37
-984
-11
-1077
1689
-1908
-1097
-2497
-22417
-15
-1642
724
-3734
-1729
-4131
-17307
88
-391
-99
773
-1971
-3588
-1856
-1713
-1976
-140
52
-3075
-3843
-1688
-3305
-4090
-212
682
-85
-404
107
-2621
858
-1875
-24999
-47
-1138
-116
-2928
421
-2825
-21518
22
-1094
-317
1222
-3546
-3018
-4532
-2820
-3085
-234
1693
-3302
-2357
-3313
-3495
-4296
55
2074
-147
-559
690
-4571
1011
-2988
-16904
-82
97
1666
-3341
-1373
-3788
-19131
237
281
298
-5
-1072
-3392
-6154
-4118
-4763
154
-259
-2458
-3764
-7062
-6250
-3614
138
621
-331
434
-2927
-2551
-2181
-4787
-18805
-136
231
-4404
-6480
-5185
-6596
-13505
241
616
223
628
-363
-2256
-3712
-2750
-2889
-63
69
-2928
-3048
-6552
-5412
-3322
-79
401
-26
-38
-2760
-2367
-1520
-2860
-23614
-60
45
-4959
-5453
-3903
-4852
-12937
107
-186
137
712
-720
-2360
-3598
-2514
-2907
50
1499
-723
-2576
-3082
-2726
-1119
47
2007
-40
-450
-1594
-3566
-914
-3014
-12199
-124
-2209
-2221
-2822
-3183
-1879
-17766
-83
-2372
191
512
-759
-2268
-1039
-1502
-1796
11
1365
-1115
-2040
-926
-1980
-589
90
830
-8
639
-893
-1545
-1376
-1873
-16531
-201
-156
-1476
-2429
-2960
-1224
-20034
-175
968
-141
730
-661
-2871
-2454
-1835
-2859
-238
927
-1918
-4037
-3680
-3142
-1749
-3
625
-67
997
-279
-2942
-3208
-2827
-14403
64
1820
-1978
-3471
-4747
-3645
-11869
261
2838
-178
1096
-942
-4287
-3845
-2867
-3278
-136
1475
-2496
-4840
-5027
-4661
-4308
15
1207
-78
-134
217
-2304
-2739
-3325
-18920
-104
-685
-623
-4445
-3867
-4772
-14430
233
-649
-232
1585
-2259
-3841
-3377
-3301
-3006
-135
2119
-3735
-3860
-4001
-5023
-5683
-112
1582
-105
-2
-483
-1885
-1524
-3214
-21288
-77
-53
-1690
-4588
-1514
-4364
-15540
129
-1092
-309
348
-4453
-2705
-4838
-4031
-4147
-199
-593
-4098
-2103
-3581
-4379
-4631
104
-898
-155
-933
493
-4123
-1688
-4228
-11479
-171
-544
647
-4234
-3248
-4438
-14406
116
-380
313
-370
-1994
-5746
-6202
-3651
-4970
237
-741
-1567
-4284
-5395
-3558
-3435
136
-1131
-262
929
-2188
-1250
-2418
-4949
-15663
-246
173
-2432
-5030
-2458
-4196
-19869
129
285
311
-1091
-2222
-4306
-6609
-4021
-4773
112
-1672
-2713
-2018
-6675
-3904
-4829
-34
-2165
-59
326
-3765
-2653
-414
-4727
-14293
-115
1676
-4619
-5749
-710
-4074
-15727
41
1563
84
-356
380
-2910
-4957
-3651
-3581
147
-594
-1946
-2629
-5980
-5842
-1168
95
-1057
-164
-1152
-2756
-3885
-365
-3758
-18197
-338
-2249
-6299
-6528
-4352
-4652
-13872
-120
-2150
70
190
818
-2258
-2011
-2659
-2927
-84
512
75
-2489
-2341
-3750
-430
122
-108
125
14
-2439
-3508
-2057
-3001
-16731
-262
-749
-5122
-4378
-5282
-3191
-17494
-171
-560
27
-169
132
-1184
-1894
-2380
-2819
-193
371
-1140
-1774
-2202
-3486
-1082
1
-171
6
1391
-1727
-2837
-3375
-2842
-24064
-118
516
-4081
-4388
-5841
-3457
-24055
-44
1151
-161
-1067
-2508
-2842
-5521
-3970
-4171
-63
-633
-3914
-3121
-4243
-5697
-4048
-52
-801
-44
750
125
-1993
-3341
-4092
-18152
10
547
-1324
-6292
-5106
-5020
-15911
188
468
-129
-67
-4713
-3519
-6575
-5068
-4965
21
-114
-4586
-2771
-4107
-4842
-4513
73
-1066
-11
-2129
-808
-1276
-1976
-4831
-17179
-232
-1025
-1577
-5327
-2816
-4776
-20422
34
-1050
-175
-424
-4857
-822
-5012
-3845
-3742
-15
-689
-4636
-665
-3726
-4228
-2780
163
-1068
-188
-1552
-1103
-2318
-650
-3690
-15311
-273
-1268
-1720
-3181
-3164
-4546
-15235
45
-836
58
-1071
-1602
-6437
-2733
-3177
-4009
20
-366
-1974
-6082
-4770
-3975
-3016
9
-42
-319
386
109
-2441
-3149
-4039
-16754
-252
596
-23
-4827
-3658
-3196
-17661
79
843
105
-1129
-2608
-3625
-2139
-2548
-3343
23
-201
-3214
-2924
-4810
-2850
-2703
18
332
-153
-806
456
-2394
-2876
-3175
-21169
-46
-689
-381
-3842
-3658
-1775
-22166
-3
-121
-38
-620
-1770
-1814
-3122
-1948
-2234
33
-652
-3730
-1108
-4754
-3753
-1193
5
-696
-29
-354
-1876
-2194
1074
-2283
-20022
-243
-1338
-4137
-3922
-2409
-2089
-15835
-108
-1749
59
-325
-1653
-2966
-2644
-2300
-2719
-72
-269
-2048
-1859
-4401
-2910
-359
14
-1140
76
764
-2178
-3244
1707
-2593
-21720
-336
406
-3064
-2908
-2570
-1038
-24442
-411
63
3
-366
-1682
-1583
-1853
-2175
-2588
-95
436
-4305
-3015
-6511
-5147
-852
-150
337
8
-74
74
-3031
-1565
-2538
-28307
-135
-807
-1853
-5121
-5763
-3561
-21520
-172
-764
-80
-1494
-2481
-1058
-3026
-1147
-2166
-77
-974
-4922
-2201
-6879
-4981
-1437
-212
-405
-4
1708
-1786
-1095
74
-2160
-31817
-78
575
-3473
-5507
-3392
-3816
-22086
98
836
65
249
-3068
-3081
-4116
-2686
-3388
120
-377
-3024
-2238
-5983
-4197
-2563
21
68
-28
31
-4126
-1021
845
-3360
-21242
-486
-215
-4881
-4907
-915
-3166
-19095
-187
164
-84
2010
-2765
-2982
-4675
-3477
-3962
-63
1798
-2695
-1865
-5723
-4688
-4061
48
1149
-252
-1529
-2677
-3857
565
-4047
-15580
-339
-648
-2909
-4378
-2873
-4532
-14248
-33
-298
-42
-1570
-641
-3897
-796
-1724
-3211
-234
-896
-2751
-6111
-4426
-4845
-2499
-128
-171
-248
325
-2787
-3213
-2126
-3186
-20690
-168
1238
-2539
-5529
-6212
-4865
-11614
94
1181
-135
-1141
-2715
-2428
-1848
-913
-3340
-345
-1001
-3024
-3400
-4663
-2442
-2107
-68
-677
-169
-321
-1595
-4227
-2347
-3138
-17499
-172
-1223
-127
-3616
-6047
-2738
-17778
37
-1052
-10
-958
-2215
-2001
-1226
-200
-1693
-131
-1252
-2402
-1750
-2583
-1528
-793
-166
-583
34
-195
-1113
-1674
-493
-1601
-15050
-292
-1701
-487
-1181
-3659
-569
-16004
-133
-1932
-117
-991
-2222
-2677
-1360
-300
-1767
-273
-1302
-1875
-1289
-2576
-1190
-1104
-195
-736
100
410
-1216
-1915
181
-1739
-17624
-419
1387
-293
-965
-2626
-341
-21588
-229
1975
-312
-1240
-1839
-2685
-2070
-485
-2310
-397
-1369
-4074
-3854
-6120
-3898
-2426
-181
-1710
8
-667
1100
-2813
-2204
-2060
-22028
-286
182
1071
-3973
-5642
-3711
-14771
-27
1045
-356
-1058
-2258
-383
-2577
844
-1967
-379
-981
-4634
-1911
-6663
-3510
-1034
-257
-1060
113
698
-2128
-1820
-1581
-1789
-21698
-180
-112
-3885
-5035
-4609
-4263
-13034
220
-192
-175
-1374
-1768
-2196
-3634
332
-2821
-198
-1569
-2096
-2027
-6284
-2562
-1600
-150
-1336
38
1054
-3681
-2294
-1811
-2749
-17334
-341
480
-4266
-4495
-3500
-3989
-16107
-39
2
-120
-1254
-908
-3991
-4556
-3209
-4274
-140
-1848
-342
-3122
-6185
-4600
-4017
-113
-1319
-173
-810
-2622
-4073
-1752
-4168
-12887
-343
-107
-2099
-4625
-4146
-5004
-14571
-25
249
0
0
0
0
0
0
0
0
0
0
0
-733
-1469
-1894
-560
-1473
0
0
0
0
0
0
0
0
0
0
0
-279
-801
-1883
-1553
-16790
0
0
0
0
0
0
0
0
0
0
0
-1991
-1577
-1277
-716
-1139
0
0
0
0
0
0
0
0
0
0
0
441
510
-1962
-1109
-15200
0
0
0
0
0
0
0
0
0
0
0
-2611
-2306
-2221
-1786
-1606
0
0
0
0
0
0
0
0
0
0
0
1589
-493
-1701
-1652
-14296
0
0
0
0
0
0
0
0
0
0
0
-2959
-2753
-3000
-2931
-2410
0
0
0
0
0
0
0
0
0
0
0
3167
-1395
-2970
-2371
-19075
0
0
0
0
0
0
0
0
0
0
0
-2882
-1588
-2011
-2817
-2614
0
0
0
0
0
0
0
0
0
0
0
2976
-2620
-4697
-2674
-14456
0
0
0
0
0
0
0
0
0
0
0
-1812
-1945
-116
-1396
-1671
0
0
0
0
0
0
0
0
0
0
0
824
-2240
-3011
-1687
-19442
0
0
0
0
0
0
0
0
0
0
0
-2431
-2719
-2512
-1346
-1825
0
0
0
0
0
0
0
0
0
0
0
2048
-2486
-556
-1600
-17696
0
0
0
0
0
0
0
0
0
0
0
-2099
-2169
-2237
-1638
-1589
0
0
0
0
0
0
0
0
0
0
0
1625
-1573
-276
-1456
-16775
0
0
0
0
0
0
0
0
0
0
0
183
-396
-2918
-1122
-1730
0
0
0
0
0
0
0
0
0
0
0
-1177
-2393
-640
-1790
-14699
0
0
0
0
0
0
0
0
0
0
0
-1505
-1529
-1657
-1001
-1757
0
0
0
0
0
0
0
0
0
0
0
-693
-798
-2310
-1915
-19083
0
0
0
0
0
0
0
0
0
0
0
-2861
-2991
-3697
-1843
-2416
0
0
0
0
0
0
0
0
0
0
0
2159
-2746
-2137
-2435
-18808
0
0
0
0
0
0
0
0
0
0
0
-4574
-3914
-6098
-6040
-4562
0
0
0
0
0
0
0
0
0
0
0
6448
-5329
-4402
-4550
-12068
0
0
0
0
0
0
0
0
0
0
0
-6381
-5653
-6970
-8164
-7137
0
0
0
0
0
0
0
0
0
0
0
8982
-7996
-10041
-7510
-13762
0
0
0
0
0
0
0
0
0
0
0
-2849
-3314
-2418
-3721
-3588
0
0
0
0
0
0
0
0
0
0
0
4572
-4276
-6758
-3682
-24489
0
0
0
0
0
0
0
0
0
0
0
-2230
-3027
-1665
-1065
-2110
0
0
0
0
0
0
0
0
0
0
0
833
-1894
-2430
-2139
-14651
0
0
0
0
0
0
0
0
0
0
0
-1610
-2824
-2405
-1488
-2007
0
0
0
0
0
0
0
0
0
0
0
-443
-1994
64
-2012
-12323
0
0
0
0
0
0
0
0
0
0
0
-514
-2503
-4006
-2559
-3298
0
0
0
0
0
0
0
0
0
0
0
-1181
-3934
-881
-3235
-14534
0
0
0
0
0
0
0
0
0
0
0
-3017
-1392
-2976
-2859
-2907
0
0
0
0
0
0
0
0
0
0
0
-997
-2332
-2209
-3123
-16118
0
0
0
0
0
0
0
0
0
0
0
-2258
-1397
-4392
-1548
-2086
0
0
0
0
0
0
0
0
0
0
0
-567
-501
-1665
-2258
-16601
0
0
0
0
0
0
0
0
0
0
0
-3673
-1953
-5518
-3909
-3199
0
0
0
0
0
0
0
0
0
0
0
3603
-1897
-3693
-3144
-26165
0
0
0
0
0
0
0
0
0
0
0
-9443
-6179
-8375
-10332
-7846
0
0
0
0
0
0
0
0
0
0
0
11941
-10049
-9847
-8049
-8599
0
0
0
0
0
0
0
0
0
0
0
-6303
-5500
-5373
-6418
-5691
0
0
0
0
0
0
0
0
0
0
0
7348
-5693
-8930
-5570
-20478
0
0
0
0
0
0
0
0
0
0
0
-2622
-3524
-1006
-2005
-2109
0
0
0
0
0
0
0
0
0
0
0
1509
-1816
-3136
-2064
-20450
0
0
0
0
0
0
0
0
0
0
0
-1476
-2638
-3237
-1890
-1991
0
0
0
0
0
0
0
0
0
0
0
-184
-2980
1445
-2059
-16206
0
0
0
0
0
0
0
0
0
0
0
-2890
-2448
-4760
-2878
-3631
0
0
0
0
0
0
0
0
0
0
0
1672
-3646
-3611
-3371
-15719
0
0
0
0
0
0
0
0
0
0
0
-1985
-1094
-1453
-717
-2026
0
0
0
0
0
0
0
0
0
0
0
-1185
-1470
-3975
-2091
-24991
0
0
0
0
0
0
0
0
0
0
0
-2024
-720
-1685
-51
-1134
0
0
0
0
0
0
0
0
0
0
0
-911
-414
-1024
-1240
-14687
0
0
0
0
0
0
0
0
0
0
0
-2545
-1155
-2840
-605
-1442
0
0
0
0
0
0
0
0
0
0
0
266
88
-1277
-1411
-21463
0
0
0
0
0
0
0
0
0
0
0
-2665
-2648
-3783
-2278
-2450
0
0
0
0
0
0
0
0
0
0
0
1945
-2654
-2223
-2674
-17419
0
0
0
0
0
0
0
0
0
0
0
-1690
-3318
-3000
-1537
-2182
0
0
0
0
0
0
0
0
0
0
0
295
-627
-2531
-2070
-18743
0
0
0
0
0
0
0
0
0
0
0
-1445
-3172
-1707
-222
-1658
0
0
0
0
0
0
0
0
0
0
0
-850
-1298
-850
-1579
-22713
0
0
0
0
0
0
0
0
0
0
0
-2406
-3018
-3500
-940
-2442
0
0
0
0
0
0
0
0
0
0
0
364
-3943
830
-2513
-16161
0
0
0
0
0
0
0
0
0
0
0
-1859
-3143
-5723
-2963
-3892
0
0
0
0
0
0
0
0
0
0
0
-1086
-2185
-2727
-3638
-16991
0
0
0
0
0
0
0
0
0
0
0
-1534
-2322
-3378
-1155
-2521
0
0
0
0
0
0
0
0
0
0
0
-2642
-2232
-850
-2474
-21863
0
0
0
0
0
0
0
0
0
0
0
-1945
-1515
-2780
-463
-1799
0
0
0
0
0
0
0
0
0
0
0
-166
-3182
271
-1708
-15311
0
0
0
0
0
0
0
0
0
0
0
-1519
-1770
-1652
262
-1269
0
0
0
0
0
0
0
0
0
0
0
-891
-706
-1436
-1198
-16714
0
0
0
0
0
0
0
0
0
0
0
-1416
-2032
-1802
-1556
-1826
0
0
0
0
0
0
0
0
0
0
0
-294
-1573
-2284
-2043
-15058
0
0
0
0
0
0
0
0
0
0
0
-1280
-3589
-2936
-3599
-2687
0
0
0
0
0
0
0
0
0
0
0
382
-428
-3056
-2713
-16208
0
0
0
0
0
0
0
0
0
0
0
-1997
-3697
-3225
-3383
-2747
0
0
0
0
0
0
0
0
0
0
0
-791
444
-1947
-2708
-19786
0
0
0
0
0
0
0
0
0
0
0
-3093
-3113
-4134
-2968
-3164
0
0
0
0
0
0
0
0
0
0
0
476
-2381
-1625
-3170
-12121
0
0
0
0
0
0
0
0
0
0
0
-2975
-5068
-6545
-2562
-4486
0
0
0
0
0
0
0
0
0
0
0
-1045
-1127
-3923
-4258
-15200
0
0
0
0
0
0
0
0
0
0
0
-2683
-4048
-5722
-2187
-4002
0
0
0
0
0
0
0
0
0
0
0
-3025
-2758
-1176
-4051
-15277
0
0
0
0
0
0
0
0
0
0
0
-2516
-2128
-3172
-1179
-2165
0
0
0
0
0
0
0
0
0
0
0
505
-3535
-393
-1953
-19350
0
0
0
0
0
0
0
0
0
0
0
-2138
-1640
-2031
-1215
-1813
0
0
0
0
0
0
0
0
0
0
0
-84
-2136
-796
-1759
-17474
0
0
0
0
0
0
0
0
0
0
0
-802
-1041
-2248
-2038
-1920
0
0
0
0
0
0
0
0
0
0
0
553
-2062
-2699
-1926
-22535
0
0
0
0
0
0
0
0
0
0
0
-2274
-2532
-4589
-3780
-3236
0
0
0
0
0
0
0
0
0
0
0
1869
-2460
-3282
-3222
-15916
0
0
0
0
0
0
0
0
0
0
0
-3502
-2535
-5810
-4113
-3353
0
0
0
0
0
0
0
0
0
0
0
709
-41
-2537
-3234
-21156
0
0
0
0
0
0
0
0
0
0
0
-2635
-1977
-4486
-2874
-2851
0
0
0
0
0
0
0
0
0
0
0
-579
-517
-2038
-2967
-14538
0
0
0
0
0
0
0
0
0
0
0
-3743
-5044
-3396
-2697
-3859
0
0
0
0
0
0
0
0
0
0
0
1050
-1577
-5163
-3704
-13132
0
0
0
0
0
0
0
0
0
0
0
-1254
-2157
-2108
-1680
-2321
0
0
0
0
0
0
0
0
0
0
0
191
-1576
-3674
-2360
-21726
0
0
0
0
0
0
0
0
0
0
0
-1292
-1712
-1915
-648
-1274
0
0
0
0
0
0
0
0
0
0
0
-327
-1634
-32
-1231
-20792
0
0
0
0
0
0
0
0
0
0
0
-1796
-2649
-3160
-922
-1919
0
0
0
0
0
0
0
0
0
0
0
-262
-2744
901
-1931
-21671
0
0
0
0
0
0
0
0
0
0
0
-1728
-1974
-3436
-1660
-2957
0
0
0
0
0
0
0
0
0
0
0
815
-3844
-2476
-2776
-19061
0
0
0
0
0
0
0
0
0
0
0
-1314
-1964
-4386
-305
-2765
0
0
0
0
0
0
0
0
0
0
0
-1952
-2154
-2274
-2812
-21978
0
0
0
0
0
0
0
0
0
0
0
-2578
-2821
-5562
-1090
-3681
0
0
0
0
0
0
0
0
0
0
0
-3808
-1154
-1700
-3644
-16364
0
0
0
0
0
0
0
0
0
0
0
-3121
-2634
-4516
-1119
-3135
0
0
0
0
0
0
0
0
0
0
0
-969
-3386
-514
-3250
-14904
0
0
0
0
0
0
0
0
0
0
0
-1829
-2367
-148
-1456
-1909
0
0
0
0
0
0
0
0
0
0
0
30
-2471
-2558
-1865
-21841
0
0
0
0
0
0
0
0
0
0
0
-716
-705
-950
-633
-1395
0
0
0
0
0
0
0
0
0
0
0
-689
-2390
-1744
-1418
-22768
0
0
0
0
0
0
0
0
0
0
0
-736
-1571
-1139
-406
-1246
0
0
0
0
0
0
0
0
0
0
0
-1090
-1124
-767
-1277
-15546
0
0
0
0
0
0
0
0
0
0
0
-1623
-2931
-2640
-294
-2164
0
0
0
0
0
0
0
0
0
0
0
-1021
-2103
-634
-2235
-14325
0
0
0
0
0
0
0
0
0
0
0
-1437
-2649
-2865
-1216
-2372
0
0
0
0
0
0
0
0
0
0
0
678
-2981
-2641
-2395
-15911
0
0
0
0
0
0
0
0
0
0
0
-1172
-638
-1929
-153
-1763
0
0
0
0
0
0
0
0
0
0
0
-1574
-2242
-2233
-1672
-17966
0
0
0
0
0
0
0
0
0
0
0
-1867
-1527
-3165
136
-2603
0
0
0
0
0
0
0
0
0
0
0
-2685
-2819
-2391
-2502
-16039
0
0
0
0
0
0
0
0
0
0
0
-2578
-3045
-3909
-2338
-3128
0
0
0
0
0
0
0
0
0
0
0
-296
-3100
-1474
-3000
-13781
0
0
0
0
0
0
0
0
0
0
0
0
0
0
0
0
0
0
0
0
0
0
0
0
0
0
0
0
0
0
0
0
0
0
0
0
0
0
0
0
0
0
0
0
0
0
0
0
0
0
0
0
0
0
0
0
0
0
0
0
0
0
0
0
0
0
0
0
0
0
0
0
0
0
0
0
0
0
0
0
0
0
0
0
0
0
0
0
0
0
0
0
0
0
0
0
0
0
0
0
0
0
0
0
0
0
0
0
0
0
0
0
0
0
0
0
0
0
0
0
0
0
0
0
0
0
0
0
0
0
0
0
0
0
0
0
0
0
0
0
0
0
0
0
0
0
0
0
0
0
0
0
0
0
0
0
0
0
0
0
0
0
0
0
0
0
0
0
0
0
0
0
0
0
0
0
0
0
0
0
0
0
0
0
0
0
0
0
0
0
0
0
0
0
0
0
0
0
0
0
0
0
0
0
0
0
0
0
0
0
0
0
0
0
0
0
0
0
0
0
0
0
0
0
0
0
0
0
0
0
0
0
0
0
0
0
0
0
0
0
0
0
0
0
0
0
0
0
0
0
0
0
0
0
0
0
0
0
0
0
0
0
0
0
0
0
0
0
0
0
0
0
0
0
0
0
0
0
0
0
0
0
0
0
0
0
0
0
0
0
0
0
0
0
0
0
0
0
0
0
0
0
0
0
0
0
0
0
0
0
0
0
0
0
0
0
0
0
0
0
0
0
0
0
0
0
0
0
0
0
0
0
0
0
0
0
0
0
0
0
0
0
0
0
0
0
0
0
0
0
0
0
0
0
0
0
0
0
0
0
0
0
0
0
0
0
0
0
0
0
0
0
0
0
0
0
0
0
0
0
0
0
0
0
0
0
0
0
0
0
0
0
0
0
0
0
0
0
0
0
0
0
0
0
0
0
0
0
0
0
0
0
0
0
0
0
0
0
0
0
0
0
0
0
0
0
0
0
0
0
0
0
0
0
0
0
0
0
0
0
0
0
0
0
0
0
0
0
0
0
0
0
0
0
0
0
0
0
0
0
0
0
0
0
0
0
0
0
0
0
0
0
0
0
0
0
0
0
0
0
0
0
0
0
0
0
0
0
0
0
0
0
0
0
0
0
0
0
0
0
0
0
0
0
0
0
0
0
0
0
0
0
0
0
0
0
0
0
0
0
0
0
0
0
0
0
0
0
0
0
0
0
0
0
0
0
0
0
0
0
0
0
0
0
0
0
0
0
0
0
0
0
0
0
0
0
0
0
0
0
0
0
0
0
0
0
0
0
0
0
0
0
0
0
0
0
0
0
0
0
0
0
0
0
0
0
0
0
0
0
0
0
0
0
0
0
0
0
0
0
0
0
0
0
0
0
0
0
0
0
0
0
0
0
0
0
0
0
0
0
0
0
0
0
0
0
0
0
0
0
0
0
0
0
0
0
0
0
0
0
0
0
0
0
0
0
0
0
0
0
0
0
0
0
0
0
0
0
0
0
0
0
0
0
0
0
0
0
0
0
0
0
0
0
0
0
0
0
0
0
0
0
0
0
0
0
0
0
0
0
0
0
0
0
0
0
0
0
0
0
0
0
0
0
0
0
0
0
0
0
0
0
0
0
0
0
0
0
0
0
0
0
0
0
0
0
0
0
0
0
0
0
0
0
0
0
0
0
0
0
0
0
0
0
0
0
0
0
0
0
0
0
0
0
0
0
0
0
0
0
0
0
0
0
0
0
0
0
0
0
0
0
0
0
0
0
0
0
0
0
0
0
0
0
0
0
0
0
0
0
0
0
0
0
0
0
0
0
0
0
0
0
0
0
0
0
0
0
0
0
0
0
0
0
0
0
0
0
0
0
0
0
0
0
0
0
0
0
0
0
0
0
0
0
0
0
0
0
0
0
0
0
0
0
0
0
0
0
0
0
0
0
0
0
0
0
0
0
0
0
0
0
0
0
0
0
0
0
0
0
0
0
0
0
0
0
0
0
0
0
0
0
0
0
0
0
0
0
0
0
0
0
0
0
0
0
0
0
0
0
0
0
0
0
0
0
0
0
0
0
0
0
0
0
0
0
0
0
0
0
0
0
0
0
0
0
0
0
0
0
0
0
0
0
0
0
0
0
0
0
0
0
0
0
0
0
0
0
0
0
0
0
0
0
0
0
0
0
0
0
0
0
0
0
0
0
0
0
0
0
0
0
0
0
0
0
0
0
0
0
0
0
0
0
0
0
0
0
0
0
0
0
0
0
0
0
0
0
0
0
0
0
0
0
0
0
0
0
0
0
0
0
0
0
0
0
0
0
0
0
0
0
0
0
0
0
0
0
0
0
0
0
0
0
0
0
0
0
0
0
0
0
0
0
0
0
0
0
0
0
0
0
0
0
0
0
0
0
0
0
0
0
0
0
0
0
0
0
0
0
0
0
0
0
0
0
0
0
0
0
0
0
0
0
0
0
0
0
0
0
0
0
0
0
0
0
0
0
0
0
0
0
0
0
0
0
0
0
0
0
0
0
0
0
0
0
0
0
0
0
0
0
0
0
0
0
0
0
0
0
0
0
0
0
0
0
0
0
0
0
0
0
0
0
0
0
0
0
0
0
0
0
0
0
0
0
0
0
0
0
0
0
0
0
0
0
0
0
0
0
0
0
0
0
0
0
0
0
0
0
0
0
0
0
0
0
0
0
0
0
0
0
0
0
0
0
0
0
0
0
0
0
0
0
0
0
0
0
0
0
0
0
0
0
0
0
0
0
0
0
0
0
0
0
0
0
0
0
0
0
0
0
0
0
0
0
0
0
0
0
0
0
0
0
0
0
0
0
0
0
0
0
0
0
0
0
0
0
0
0
0
0
0
0
0
0
0
0
0
0
0
0
0
0
0
0
0
0
0
0
0
0
0
0
0
0
0
0
0
0
0
0
0
0
0
0
0
0
0
0
0
0
0
0
0
0
0
0
0
0
0
0
0
0
0
0
0
0
0
0
0
0
0
0
0
0
0
0
0
0
0
0
0
0
0
0
0
0
0
0
0
0
0
0
0
0
0
0
0
0
0
0
0
0
0
0
0
0
0
0
0
0
0
0
0
0
0
0
0
0
0
0
0
0
0
0
0
0
0
0
0
0
0
0
0
0
0
0
0
0
0
0
0
0
0
0
0
0
0
0
0
0
0
0
0
0
0
0
0
0
0
0
0
0
0
0
0
0
0
0
0
0
0
0
0
0
0
0
0
0
0
0
0
0
0
0
0
0
0
0
0
0
0
0
0
0
0
0
0
0
0
0
0
0
0
0
0
0
0
0
0
0
0
0
0
0
0
0
0
0
0
0
0
0
0
0
0
0
0
0
0
0
0
0
0
0
0
0
0
0
0
0
0
0
0
0
0
0
0
0
0
0
0
0
0
0
0
0
0
0
0
0
0
0
0
0
0
0
0
0
0
0
0
0
0
0
0
0
0
0
0
0
0
0
0
0
0
0
0
0
0
0
0
0
0
0
0
0
0
0
0
0
0
0
0
0
0
0
0
0
0
0
0
0
0
0
0
0
0
0
0
0
0
0
0
0
0
0
0
0
0
0
0
0
0
0
0
0
0
0
0
0
0
0
0
0
0
0
0
0
0
0
0
0
0
0
0
0
0
0
0
0
0
0
0
0
0
0
0
0
0
0
0
0
0
0
0
0
0
0
0
0
0
0
0
0
0
0
0
0
0
0
0
0
0
0
0
0
0
0
0
0
0
0
0
0
0
0
0
0
0
0
0
0
0
0
0
0
0
0
0
0
0
0
0
0
0
0
0
0
0
0
0
0
0
0
0
0
0
0
0
0
0
0
0
0
0
0
0
0
0
0
0
0
0
0
0
0
0
0
0
0
0
0
0
0
0
0
0
0
0
0
0
0
0
0
0
0
0
0
0
0
0
0
0
0
0
0
0
0
0
0
0
0
0
0
0
0
0
0
0
0
0
0
0
0
0
0
0
0
0
0
0
0
0
0
0
0
0
0
0
0
0
0
0
0
0
0
0
0
0
0
0
0
0
0
0
0
0
0
0
0
0
0
0
0
0
0
0
0
0
0
0
0
0
0
0
0
0
0
0
0
0
0
0
0
0
0
0
0
0
0
0
0
0
0
0
0
0
0
0
0
0
0
0
0
0
0
0
0
0
0
0
0
0
0
0
0
0
0
0
0
0
0
0
0
0
0
0
0
0
0
0
0
0
0
0
0
0
0
0
0
0
0
0
0
0
0
0
0
0
0
0
0
0
0
0
0
0
0
0
0
0
0
0
0
0
0
0
0
0
0
0
0
0
0
0
0
0
0
0
0
0
0
0
0
0
0
0
0
0
0
0
0
0
0
0
0
0
0
0
0
0
0
0
0
0
0
0
0
0
0
0
0
0
0
0
0
0
0
0
0
0
0
0
0
0
0
0
0
0
0
0
0
0
0
0
0
0
0
0
0
0
0
0
0
0
0
0
0
0
0
0
0
0
0
0
0
0
0
0
0
0
0
0
0
0
0
0
0
0
0
0
0
0
0
0
0
0
0
0
0
0
0
0
0
0
0
0
0
0
0
0
0
0
0
0
0
0
0
0
0
0
0
0
0
0
0
0
0
0
0
0
0
0
0
0
0
0
0
0
0
0
0
0
0
0
0
0
0
0
0
0
0
0
0
0
0
0
0
0
0
0
0
0
0
0
0
0
0
0
0
0
0
0
0
0
0
0
0
0
0
0
0
0
0
0
0
0
0
0
0
0
0
0
0
0
0
0
0
0
0
0
0
0
0
0
0
0
0
0
0
0
0
0
0
0
0
0
0
0
0
0
0
0
0
0
0
0
0
0
0
0
0
0
0
0
0
0
0
0
0
0
0
0
0
0
0
0
0
0
0
0
0
0
0
0
0
0
0
0
0
0
0
0
0
0
0
0
0
0
0
0
0
0
0
0
0
0
0
0
0
0
0
0
0
0
0
0
0
0
0
0
0
0
0
0
0
0
0
0
0
0
0
0
0
0
0
0
0
0
0
0
0
0
0
0
0
0
0
0
0
0
0
0
0
0
0
0
0
0
0
0
0
0
0
0
0
0
0
0
0
0
0
0
0
0
0
0
0
0
0
0
0
0
0
0
0
0
0
0
0
0
0
0
0
0
0
0
0
0
0
0
0
0
0
0
0
0
0
0
0
0
0
0
0
0
0
0
0
0
0
0
0
0
0
0
0
0
0
0
0
0
0
0
0
0
0
0
0
0
0
0
0
0
0
0
0
0
0
0
0
0
0
0
0
0
0
0
0
0
0
0
0
0
0
0
0
0
0
0
0
0
0
0
0
0
0
0
0
0
0
0
0
0
0
0
0
0
0
0
0
0
0
0
0
0
0
0
0
0
0
0
0
0
0
0
0
0
0
0
0
0
0
0
0
0
0
0
0
0
0
0
0
0
0
0
0
0
0
0
0
0
0
0
0
0
0
0
0
0
0
0
0
0
0
0
0
0
0
0
0
0
0
0
0
0
0
0
0
0
0
0
0
0
0
0
0
0
0
0
0
0
0
0
0
0
0
0
0
0
0
0
0
0
0
0
0
0
0
0
0
0
0
0
0
0
0
0
0
0
0
0
0
0
0
0
0
0
0
0
0
0
0
0
0
0
0
0
0
0
0
0
0
0
0
0
0
0
0
0
0
0
0
0
0
0
0
0
0
0
0
0
0
0
0
0
0
0
0
0
0
0
0
0
0
0
0
0
0
0
0
0
0
0
0
0
0
0
0
0
0
0
0
0
0
0
0
0
0
0
0
0
0
0
0
0
0
0
0
0
0
0
0
0
0
0
0
0
0
0
0
0
0
0
0
0
0
0
0
0
0
0
0
0
0
0
0
0
0
0
0
0
0
0
0
0
0
0
0
0
0
0
0
0
0
0
0
0
0
0
0
0
0
0
0
0
0
0
0
0
0
0
0
0
0
0
0
0
0
0
0
0
0
0
0
0
0
0
0
0
0
0
0
0
0
0
0
0
0
0
0
0
0
0
0
0
0
0
0
0
0
0
0
0
0
0
0
0
0
0
0
0
0
0
0
0
0
0
0
0
0
0
0
0
0
0
0
0
0
0
0
0
0
0
0
0
0
0
0
0
0
0
0
0
0
0
0
0
0
0
0
0
0
0
0
0
0
0
0
0
0
0
0
0
0
0
0
0
0
0
0
0
0
0
0
0
0
0
0
0
0
0
0
0
0
0
0
0
0
0
0
0
0
0
0
0
0
0
0
0
0
0
0
0
0
0
0
0
0
0
0
0
0
0
0
0
0
0
0
0
0
0
0
0
0
0
0
0
0
0
0
0
0
0
0
0
0
0
0
0
0
0
0
0
0
0
0
0
0
0
0
0
0
0
0
0
0
0
0
0
0
0
0
0
0
0
0
0
0
0
0
0
0
0
0
0
0
0
0
0
0
0
0
0
0
0
0
0
0
0
0
0
0
0
0
0
0
0
0
0
0
0
0
0
0
0
0
0
0
0
0
0
0
0
0
0
0
0
0
0
0
0
0
0
0
0
0
0
0
0
0
0
0
0
0
0
0
0
0
0
0
0
0
0
0
0
0
0
0
0
0
0
0
0
0
0
0
0
0
0
0
0
0
0
0
0
0
0
0
0
0
0
0
0
0
0
0
0
0
0
0
0
0
0
0
0
0
0
0
0
0
0
0
0
0
0
0
0
0
0
0
0
0
0
0
0
0
0
0
0
0
0
0
0
0
0
0
0
0
0
0
0
0
0
0
0
0
0
0
0
0
0
0
0
0
0
0
0
0
0
0
0
0
0
0
0
0
0
0
0
0
0
0
0
0
0
0
0
0
0
0
0
0
0
0
0
0
0
0
0
0
0
0
0
0
0
0
0
0
0
0
0
0
0
0
0
0
0
0
0
0
0
0
0
0
0
0
0
0
0
0
0
0
0
0
0
0
0
0
0
0
0
0
0
0
0
0
0
0
0
0
0
0
0
0
0
0
0
0
0
0
0
0
0
0
0
0
0
0
0
0
0
0
0
0
0
0
0
0
0
0
0
0
0
0
0
0
0
0
0
0
0
0
0
0
0
0
0
0
0
0
0
0
0
0
0
0
0
0
0
0
0
0
0
0
0
0
0
0
0
0
0
0
0
0
0
0
0
0
0
0
0
0
0
0
0
0
0
0
0
0
0
0
0
0
0
0
0
0
0
0
0
0
0
0
0
0
0
0
0
0
0
0
0
0
0
0
0
0
0
0
0
0
0
0
0
0
0
0
0
0
0
0
0
0
0
0
0
0
0
0
0
0
0
0
0
0
0
0
0
0
0
0
0
0
0
0
0
0
0
0
0
0
0
0
0
0
0
0
0
0
0
0
0
0
0
0
0
0
0
0
0
0
0
0
0
0
0
0
0
0
0
0
0
0
0
0
0
0
0
0
0
0
0
0
0
0
0
0
0
0
0
0
0
0
0
0
0
0
0
0
0
0
0
0
0
0
0
0
0
0
0
0
0
0
0
0
0
0
0
0
0
0
0
0
0
0
0
0
0
0
0
0
0
0
0
0
0
0
0
0
0
0
0
0
0
0
0
0
0
0
0
0
0
0
0
0
0
0
0
0
0
0
0
0
0
0
0
0
0
0
0
0
0
0
0
0
0
0
0
0
0
0
0
0
0
0
0
0
0
0
0
0
0
0
0
0
0
0
0
0
0
0
0
0
0
0
0
0
0
0
0
0
0
0
0
0
0
0
0
0
0
0
0
0
0
0
0
0
0
0
0
0
0
0
0
0
0
0
0
0
0
0
0
0
0
0
0
0
0
0
0
0
0
0
0
0
0
0
0
0
0
0
0
0
0
0
0
0
0
0
0
0
0
0
0
0
0
0
0
0
0
0
0
0
0
0
0
0
0
0
0
0
0
0
0
0
0
0
0
0
0
0
0
0
0
0
0
0
0
0
0
0
0
0
0
0
0
0
0
0
0
0
0
0
0
0
0
0
0
0
0
0
0
0
0
0
0
0
0
0
0
0
0
0
0
0
0
0
0
0
0
0
0
0
0
0
0
0
0
0
0
0
0
0
0
0
0
0
0
0
0
0
0
0
0
0
0
0
0
0
0
0
0
0
0
0
0
0
0
0
0
0
0
0
0
0
0
0
0
0
0
0
0
0
0
0
0
0
0
0
0
0
0
0
0
0
0
0
0
0
0
0
0
0
0
0
0
0
0
0
0
0
0
0
0
0
0
0
0
0
0
0
0
0
0
0
0
0
0
0
0
0
0
0
0
0
0
0
0
0
0
0
0
0
0
0
0
0
0
0
0
0
0
0
0
0
0
0
0
0
0
0
0
0
0
0
0
0
0
0
0
0
0
0
0
0
0
0
0
0
0
0
0
0
0
0
0
0
0
0
0
0
0
0
0
0
0
0
0
0
0
0
0
0
0
0
0
0
0
0
0
0
0
0
0
0
0
0
0
0
0
0
0
0
0
0
0
0
0
0
0
0
0
0
0
0
0
0
0
0
0
0
0
0
0
0
0
0
0
0
0
0
0
0
0
0
0
0
0
0
0
0
0
0
0
0
0
0
0
0
0
0
0
0
0
0
0
0
0
0
0
0
0
0
0
0
0
0
0
0
0
0
0
0
0
0
0
0
0
0
0
0
0
0
0
0
0
0
0
0
0
0
0
0
0
0
0
0
0
0
0
0
0
0
0
0
0
0
0
0
0
0
0
0
0
0
0
0
0
0
0
0
0
0
0
0
0
0
0
0
0
0
0
0
0
0
0
0
0
0
0
0
0
0
0
0
0
0
0
0
0
0
0
0
0
0
0
0
0
0
0
0
0
0
0
0
0
0
0
0
0
0
0
0
0
0
0
0
0
0
0
0
0
0
0
0
0
0
0
0
0
0
0
0
0
0
0
0
0
0
0
0
0
0
0
0
0
0
0
0
0
0
0
0
0
0
0
0
0
0
0
0
0
0
0
0
0
0
0
0
0
0
0
0
0
0
0
0
0
0
0
0
0
0
0
0
0
0
0
0
0
0
0
0
0
0
0
0
0
0
0
0
0
0
0
0
0
0
0
0
0
0
0
0
0
0
0
0
0
0
0
0
0
0
0
0
0
0
0
0
0
0
0
0
0
0
0
0
0
0
0
0
0
0
0
0
0
0
0
0
0
0
0
0
0
0
0
0
0
0
0
0
0
0
0
0
0
0
0
0
0
0
0
0
0
0
0
0
0
0
0
0
0
0
0
0
0
0
0
0
0
0
0
0
0
0
0
0
0
0
0
0
0
0
0
0
0
0
0
0
0
0
0
0
0
0
0
0
0
0
0
0
0
0
0
0
0
0
0
0
0
0
0
0
0
0
0
0
0
0
0
0
0
0
0
0
0
0
0
0
0
0
0
0
0
0
0
0
0
0
0
0
0
0
0
0
0
0
0
0
0
0
0
0
0
0
0
0
0
0
0
0
0
0
0
0
0
0
0
0
0
0
0
0
0
0
0
0
0
0
0
0
0
0
0
0
0
0
0
0
0
0
0
0
0
0
0
0
0
0
0
0
0
0
0
0
0
0
0
0
0
0
0
0
0
0
0
0
0
0
0
0
0
0
0
0
0
0
0
0
0
0
0
0
0
0
0
0
0
0
0
0
0
0
0
0
0
0
0
0
0
0
0
0
0
0
0
0
0
0
0
0
0
0
0
0
0
0
0
0
0
0
0
0
0
0
0
0
0
0
0
0
0
0
0
0
0
0
0
0
0
0
0
0
0
0
0
0
0
0
0
0
0
0
0
0
0
0
0
0
0
0
0
0
0
0
0
0
0
0
0
0
0
0
0
0
0
0
0
0
0
0
0
0
0
0
0
0
0
0
0
0
0
0
0
0
0
0
0
0
0
0
0
0
0
0
0
0
0
0
0
0
0
0
0
0
0
0
0
0
0
0
0
0
0
0
0
0
0
0
0
0
0
0
0
0
0
0
0
0
0
0
0
0
0
0
0
0
0
0
0
0
0
0
0
0
0
0
0
0
0
0
0
0
0
0
0
0
0
0
0
0
0
0
0
0
0
0
0
0
0
0
0
0
0
0
0
0
0
0
0
0
0
0
0
0
0
0
0
0
0
0
0
0
0
0
0
0
0
0
0
0
0
0
0
0
0
0
0
0
0
0
0
0
0
0
0
0
0
0
0
0
0
0
0
0
0
0
0
0
0
0
0
0
0
0
0
0
0
0
0
0
0
0
0
0
0
0
0
0
0
0
0
0
0
0
0
0
0
0
0
0
0
0
0
0
0
0
0
0
0
0
0
0
0
0
0
0
0
0
0
0
0
0
0
0
0
0
0
0
0
0
0
0
0
0
0
0
0
0
0
0
0
0
0
0
0
0
0
0
0
0
0
0
0
0
0
0
0
0
0
0
0
0
0
0
0
0
0
0
0
0
0
0
0
0
0
0
0
0
0
0
0
0
0
0
0
0
0
0
0
0
0
0
0
0
0
0
0
0
0
0
0
0
0
0
0
0
0
0
0
0
0
0
0
0
0
0
0
0
0
0
0
0
0
0
0
0
0
0
0
0
0
0
0
0
0
0
0
0
0
0
0
0
0
0
0
0
0
0
0
0
0
0
0
0
0
0
0
0
0
0
0
0
0
0
0
0
0
0
0
0
0
0
0
0
0
0
0
0
0
0
0
0
0
0
0
0
0
0
0
0
0
0
0
0
0
0
0
0
0
0
0
0
0
0
0
0
0
0
0
0
0
0
0
0
0
0
0
0
0
0
0
0
0
0
0
0
0
0
0
0
0
0
0
0
0
0
0
0
0
0
0
0
0
0
0
0
0
0
0
0
0
0
0
0
0
0
0
0
0
0
0
0
0
0
0
0
0
0
0
0
0
0
0
0
0
0
0
0
0
0
0
0
0
0
0
0
0
0
0
0
0
0
0
0
0
0
0
0
0
0
0
0
0
0
0
0
0
0
0
0
0
0
0
0
0
0
0
0
0
0
0
0
0
0
0
0
0
0
0
0
0
0
0
0
0
0
0
0
0
0
0
0
0
0
0
0
0
0
0
0
0
0
0
0
0
0
0
0
0
0
0
0
0
0
0
0
0
0
0
0
0
0
0
0
0
0
0
0
0
0
0
0
0
0
0
0
0
0
0
0
0
0
0
0
0
0
0
0
0
0
0
0
0
0
0
0
0
0
0
0
0
0
0
0
0
0
0
0
0
0
0
0
0
0
0
0
0
0
0
0
0
0
0
0
0
0
0
0
0
0
0
0
0
0
0
0
0
0
0
0
0
0
0
0
0
0
0
0
0
0
0
0
0
0
0
0
0
0
0
0
0
0
0
0
0
0
0
0
0
0
0
0
0
0
0
0
0
0
0
0
0
0
0
0
0
0
0
0
0
0
0
0
0
0
0
0
0
0
0
0
0
0
0
0
0
0
0
0
0
0
0
0
0
0
0
0
0
0
0
0
0
0
0
0
0
0
0
0
0
0
0
0
0
0
0
0
0
0
0
0
0
0
0
0
0
0
0
0
0
0
0
0
0
0
0
0
0
0
0
0
0
0
0
0
0
0
0
0
0
0
0
0
0
0
0
0
0
0
0
0
0
0
0
0
0
0
0
0
0
0
0
0
0
0
0
0
0
0
0
0
0
0
0
0
0
0
0
0
0
0
0
0
0
0
0
0
0
0
0
0
0
0
0
0
0
0
0
0
0
0
0
0
0
0
0
0
0
0
0
0
0
0
0
0
0
0
0
0
0
0
0
0
0
0
0
0
0
0
0
0
0
0
0
0
0
0
0
0
0
0
0
0
0
0
0
0
0
0
0
0
0
0
0
0
0
0
0
0
0
0
0
0
0
0
0
0
0
0
0
0
0
0
0
0
0
0
0
0
0
0
0
0
0
0
0
0
0
0
0
0
0
0
0
0
0
0
0
0
0
0
0
0
0
0
0
0
0
0
0
0
0
0
0
0
0
0
0
0
0
0
0
0
0
0
0
0
0
0
0
0
0
0
0
0
0
0
0
0
0
0
0
0
0
0
0
0
0
0
0
0
0
0
0
0
0
0
0
0
0
0
0
0
0
0
0
0
0
0
0
0
0
0
0
0
0
0
0
0
0
0
0
0
0
0
0
0
0
0
0
0
0
0
0
0
0
0
0
0
0
0
0
0
0
0
0
0
0
0
0
0
0
0
0
0
0
0
0
0
0
0
0
0
0
0
0
0
0
0
0
0
0
0
0
0
0
0
0
0
0
0
0
0
0
0
0
0
0
0
0
0
0
0
0
0
0
0
0
0
0
0
0
0
0
0
0
0
0
0
0
0
0
0
0
0
0
0
0
0
0
0
0
0
0
0
0
0
0
0
0
0
0
0
0
0
0
0
0
0
0
0
0
0
0
0
0
0
0
0
0
0
0
0
0
0
0
0
0
0
0
0
0
0
0
0
0
0
0
0
0
0
0
0
0
0
0
0
0
0
0
0
0
0
0
0
0
0
0
0
0
0
0
0
0
0
0
0
0
0
0
0
0
0
0
0
0
0
0
0
0
0
0
0
0
0
0
0
0
0
0
0
0
0
0
0
0
0
0
0
0
0
0
0
0
0
0
0
0
0
0
0
0
0
0
0
0
0
0
0
0
0
0
0
0
0
0
0
0
0
0
0
0
0
0
0
0
0
0
0
0
0
0
0
0
0
0
0
0
0
0
0
0
0
0
0
0
0
0
0
0
0
0
0
0
0
0
0
0
0
0
0
0
0
0
0
0
0
0
0
0
0
0
0
0
0
0
0
0
0
0
0
0
0
0
0
0
0
0
0
0
0
0
0
0
0
0
0
0
0
0
0
0
0
0
0
0
0
0
0
0
0
0
0
0
0
0
0
0
0
0
0
0
0
0
0
0
0
0
0
0
0
0
0
0
0
0
0
0
0
0
0
0
0
0
0
0
0
0
0
0
0
0
0
0
0
0
0
0
0
0
0
0
0
0
0
0
0
0
0
0
0
0
0
0
0
0
0
0
0
0
0
0
0
0
0
0
0
0
0
0
0
0
0
0
0
0
0
0
0
0
0
0
0
0
0
0
0
0
0
0
0
0
0
0
0
0
0
0
0
0
0
0
0
0
0
0
0
0
0
0
0
0
0
0
0
0
0
0
0
0
0
0
0
0
0
0
0
0
0
0
0
0
0
0
0
0
0
0
0
0
0
0
0
0
0
0
0
0
0
0
0
0
0
0
0
0
0
0
0
0
0
0
0
0
0
0
0
0
0
0
0
0
0
0
0
0
0
0
0
0
0
0
0
0
0
0
0
0
0
0
0
0
0
0
0
0
0
0
0
0
0
0
0
0
0
0
0
0
0
0
0
0
0
0
0
0
0
0
0
0
0
0
0
0
0
0
0
0
0
0
0
0
0
0
0
0
0
0
0
0
0
0
0
0
0
0
0
0
0
0
0
0
0
0
0
0
0
0
0
0
0
0
0
0
0
0
0
0
0
0
0
0
0
0
0
0
0
0
0
0
0
0
0
0
0
0
0
0
0
0
0
0
0
0
0
0
0
0
0
0
0
0
0
0
0
0
0
0
0
0
0
0
0
0
0
0
0
0
0
0
0
0
0
0
0
0
0
0
0
0
0
0
0
0
0
0
0
0
0
0
0
0
0
0
0
0
0
0
0
0
0
0
0
0
0
0
0
0
0
0
0
0
0
0
0
0
0
0
0
0
0
0
0
0
0
0
0
0
0
0
0
0
0
0
0
0
0
0
0
0
0
0
0
0
0
0
0
0
0
0
0
0
0
0
0
0
0
0
0
0
0
0
0
0
0
0
0
0
0
0
0
0
0
0
0
0
0
0
0
0
0
0
0
0
0
0
0
0
0
0
0
0
0
0
0
0
0
0
0
0
0
0
0
0
0
0
0
0
0
0
0
0
0
0
0
0
0
0
0
0
0
0
0
0
0
0
0
0
0
0
0
0
0
0
0
0
0
0
0
0
0
0
0
0
0
0
0
0
0
0
0
0
0
0
0
0
0
0
0
0
0
0
0
0
0
0
0
0
0
0
0
0
0
0
0
0
0
0
0
0
0
0
0
0
0
0
0
0
0
0
0
0
0
0
0
0
0
0
0
0
0
0
0
0
0
0
0
0
0
0
0
0
0
0
0
0
0
0
0
0
0
0
0
0
0
0
0
0
0
0
0
0
0
0
0
0
0
0
0
0
0
0
0
0
0
0
0
0
0
0
0
0
0
0
0
0
0
0
0
0
0
0
0
0
0
0
0
0
0
0
0
0
0
0
0
0
0
0
0
0
0
0
0
0
0
0
0
0
0
0
0
0
0
0
0
0
0
0
0
0
0
0
0
0
0
0
0
0
0
0
0
0
0
0
0
0
0
0
0
0
0
0
0
0
0
0
0
0
0
0
0
0
0
0
0
0
0
0
0
0
0
0
0
0
0
0
0
0
0
0
0
0
0
0
0
0
0
0
0
0
0
0
0
0
0
0
0
0
0
0
0
0
0
0
0
0
0
0
0
0
0
0
0
0
0
0
0
0
0
0
0
0
0
0
0
0
0
0
0
0
0
0
0
0
0
0
0
0
0
0
0
0
0
0
0
0
0
0
0
0
0
0
0
0
0
0
0
0
0
0
0
0
0
0
0
0
0
0
0
0
0
0
0
0
0
0
0
0
0
0
0
0
0
0
0
0
0
0
0
0
0
0
0
0
0
0
0
0
0
0
0
0
0
0
0
0
0
0
0
0
0
0
0
0
0
0
0
0
0
0
0
0
0
0
0
0
0
0
0
0
0
0
0
0
0
0
0
0
0
0
0
0
0
0
0
0
0
0
0
0
0
0
0
0
0
0
0
0
0
0
0
0
0
0
0
0
0
0
0
0
0
0
0
0
0
0
0
0
0
0
0
0
0
0
0
0
0
0
0
0
0
0
0
0
0
0
0
0
0
0
0
0
0
0
0
0
0
0
0
0
0
0
0
0
0
0
0
0
0
0
0
0
0
0
0
0
0
0
0
0
0
0
0
0
0
0
0
0
0
0
0
0
0
0
0
0
0
0
0
0
0
0
0
0
0
0
0
0
0
0
0
0
0
0
0
0
0
0
0
0
0
0
0
0
0
0
0
0
0
0
0
0
0
0
0
0
0
0
0
0
0
0
0
0
0
0
0
0
0
0
0
0
0
0
0
0
0
0
0
0
0
0
0
0
0
0
0
0
0
0
0
0
0
0
0
0
0
0
0
0
0
0
0
0
0
0
0
0
0
0
0
0
0
0
0
0
0
0
0
0
0
0
0
0
0
0
0
0
0
0
0
0
0
0
0
0
0
0
0
0
0
0
0
0
0
0
0
0
0
0
0
0
0
0
0
0
0
0
0
0
0
0
0
0
0
0
0
0
0
0
0
0
0
0
0
0
0
0
0
0
0
0
0
0
0
0
0
0
0
0
0
0
0
0
0
0
0
0
0
0
0
0
0
0
0
0
0
0
0
0
0
0
0
0
0
0
0
0
0
0
0
0
0
0
0
0
0
0
0
0
0
0
0
0
0
0
0
0
0
0
0
0
0
0
0
0
0
0
0
0
0
0
0
0
0
0
0
0
0
0
0
0
0
0
0
0
0
0
0
0
0
0
0
0
0
0
0
0
0
0
0
0
0
0
0
0
0
0
0
0
0
0
0
0
0
0
0
0
0
0
0
0
0
0
0
0
0
0
0
0
0
0
0
0
0
0
0
0
0
0
0
0
0
0
0
0
0
0
0
0
0
0
0
0
0
0
0
0
0
0
0
0
0
0
0
0
0
0
0
0
0
0
0
0
0
0
0
0
0
0
0
0
0
0
0
0
0
0
0
0
0
0
0
0
0
0
0
0
0
0
0
0
0
0
0
0
0
0
0
0
0
0
0
0
0
0
0
0
0
0
0
0
0
0
0
0
0
0
0
0
0
0
0
0
0
0
0
0
0
0
0
0
0
0
0
0
0
0
0
0
0
0
0
0
0
0
0
0
0
0
0
0
0
0
0
0
0
0
0
0
0
0
0
0
0
0
0
0
0
0
0
0
0
0
0
0
0
0
0
0
0
0
0
0
0
0
0
0
0
0
0
0
0
0
0
0
0
0
0
0
0
0
0
0
0
0
0
0
0
0
0
0
0
0
0
0
0
0
0
0
0
0
0
0
0
0
0
0
0
0
0
0
0
0
0
0
0
0
0
0
0
0
0
0
0
0
0
0
0
0
0
0
0
0
0
0
0
0
0
0
0
0
0
0
0
0
0
0
0
0
0
0
0
0
0
0
0
0
0
0
0
0
0
0
0
0
0
0
0
0
0
0
0
0
0
0
0
0
0
0
0
0
0
0
0
0
0
0
0
0
0
0
0
0
0
0
0
0
0
0
0
0
0
0
0
0
0
0
0
0
0
0
0
0
0
0
0
0
0
0
0
0
0
0
0
0
0
0
0
0
0
0
0
0
0
0
0
0
0
0
0
0
0
0
0
0
0
0
0
0
0
0
0
0
0
0
0
0
0
0
0
0
0
0
0
0
0
0
0
0
0
0
0
0
0
0
0
0
0
0
0
0
0
0
0
0
0
0
0
0
0
0
0
0
0
0
0
0
0
0
0
0
0
0
0
0
0
0
0
0
0
0
0
0
0
0
0
0
0
0
0
0
0
0
0
0
0
0
0
0
0
0
0
0
0
0
0
0
0
0
0
0
0
0
0
0
0
0
0
0
0
0
0
0
0
0
0
0
0
0
0
0
0
0
0
0
0
0
0
0
0
0
0
0
0
0
0
0
0
0
0
0
0
0
0
0
0
0
0
0
0
0
0
0
0
0
0
0
0
0
0
0
0
0
0
0
0
0
0
0
0
0
0
0
0
0
0
0
0
0
0
0
0
0
0
0
0
0
0
0
0
0
0
0
0
0
0
0
0
0
0
0
0
0
0
0
0
0
0
0
0
0
0
0
0
0
0
0
0
0
0
0
0
0
0
0
0
0
0
0
0
0
0
0
0
0
0
0
0
0
0
0
0
0
0
0
0
0
0
0
0
0
0
0
0
0
0
0
0
0
0
0
0
0
0
0
0
0
0
0
0
0
0
0
0
0
0
0
0
0
0
0
0
0
0
0
0
0
0
0
0
0
0
0
0
0
0
0
0
0
0
0
0
0
0
0
0
0
0
0
0
0
0
0
0
0
0
0
0
0
0
0
0
0
0
0
0
0
0
0
0
0
0
0
0
0
0
0
0
0
0
0
0
0
0
0
0
0
0
0
0
0
0
0
0
0
0
0
0
0
0
0
0
0
0
0
0
0
0
0
0
0
0
0
0
0
0
0
0
0
0
0
0
0
0
0
0
0
0
0
0
0
0
0
0
0
0
0
0
0
0
0
0
0
0
0
0
0
0
0
0
0
0
0
0
0
0
0
0
0
0
0
0
0
0
0
0
0
0
0
0
0
0
0
0
0
0
0
0
0
0
0
0
0
0
0
0
0
0
0
0
0
0
0
0
0
0
0
0
0
0
0
0
0
0
0
0
0
0
0
0
0
0
0
0
0
0
0
0
0
0
0
0
0
0
0
0
0
0
0
0
0
0
0
0
0
0
0
0
0
0
0
0
0
0
0
0
0
0
0
0
0
0
0
0
0
0
0
0
0
0
0
0
0
0
0
0
0
0
0
0
0
0
0
0
0
0
0
0
0
0
0
0
0
0
0
0
0
0
0
0
0
0
0
0
0
0
0
0
0
0
0
0
0
0
0
0
0
0
0
0
0
0
0
0
0
0
0
0
0
0
0
0
0
0
0
0
0
0
0
0
0
0
0
0
0
0
0
0
0
0
0
0
0
0
0
0
0
0
0
0
0
0
0
0
0
0
0
0
0
0
0
0
0
0
0
0
0
0
0
0
0
0
0
0
0
0
0
0
0
0
0
0
0
0
0
0
0
0
0
0
0
0
0
0
0
0
0
0
0
0
0
0
0
0
0
0
0
0
0
0
0
0
0
0
0
0
0
0
0
0
0
0
0
0
0
0
0
0
0
0
0
0
0
0
0
0
0
0
0
0
0
0
0
0
0
0
0
0
0
0
0
0
0
0
0
0
0
0
0
0
0
0
0
0
0
0
0
0
0
0
0
0
0
0
0
0
0
0
0
0
0
0
0
0
0
0
0
0
0
0
0
0
0
0
0
0
0
0
0
0
0
0
0
0
0
0
0
0
0
0
0
0
0
0
0
0
0
0
0
0
0
0
0
0
0
0
0
0
0
0
0
0
0
0
0
0
0
0
0
0
0
0
0
0
0
0
0
0
0
0
0
0
0
0
0
0
0
0
0
0
0
0
0
0
0
0
0
0
0
0
0
0
0
0
0
0
0
0
0
0
0
0
0
0
0
0
0
0
0
0
0
0
0
0
0
0
0
0
0
0
0
0
0
0
0
0
0
0
0
0
0
0
0
0
0
0
0
0
0
0
0
0
0
0
0
0
0
0
0
0
0
0
0
0
0
0
0
0
0
0
0
0
0
0
0
0
0
0
0
0
0
0
0
0
0
0
0
0
0
0
0
0
0
0
0
0
0
0
0
0
0
0
0
0
0
0
0
0
0
0
0
0
0
0
0
0
0
0
0
0
0
0
0
0
0
0
0
0
0
0
0
0
0
0
0
0
0
0
0
0
0
0
0
0
0
0
0
0
0
0
0
0
0
0
0
0
0
0
0
0
0
0
0
0
0
0
0
0
0
0
0
0
0
0
0
0
0
0
0
0
0
0
0
0
0
0
0
0
0
0
0
0
0
0
0
0
0
0
0
0
0
0
0
0
0
0
0
0
0
0
0
0
0
0
0
0
0
0
0
0
0
0
0
0
0
0
0
0
0
0
0
0
0
0
0
0
0
0
0
0
0
0
0
0
0
0
0
0
0
0
0
0
0
0
0
0
0
0
0
0
0
0
0
0
0
0
0
0
0
0
0
0
0
0
0
0
0
0
0
0
0
0
0
0
0
0
0
0
0
0
0
0
0
0
0
0
0
0
0
0
0
0
0
0
0
0
0
0
0
0
0
0
0
0
0
0
0
0
0
0
0
0
0
0
0
0
0
0
0
0
0
0
0
0
0
0
0
0
0
0
0
0
0
0
0
0
0
0
0
0
0
0
0
0
0
0
0
0
0
0
0
0
0
0
0
0
0
0
0
0
0
0
0
0
0
0
0
0
0
0
0
0
0
0
0
0
0
0
0
0
0
0
0
0
0
0
0
0
0
0
0
0
0
0
0
0
0
0
0
0
0
0
0
0
0
0
0
0
0
0
0
0
0
0
0
0
0
0
0
0
0
0
0
0
0
0
0
0
0
0
0
0
0
0
0
0
0
0
0
0
0
0
0
0
0
0
0
0
0
0
0
0
0
0
0
0
0
0
0
0
0
0
0
0
0
0
0
0
0
0
0
0
0
0
0
0
0
0
0
0
0
0
0
0
0
0
0
0
0
0
0
0
0
0
0
0
0
0
0
0
0
0
0
0
0
0
0
0
0
0
0
0
0
0
0
0
0
0
0
0
0
0
0
0
0
0
0
0
0
0
0
0
0
0
0
0
0
0
0
0
0
0
0
0
0
0
0
0
0
0
0
0
0
0
0
0
0
0
0
0
0
0
0
0
0
0
0
0
0
0
0
0
0
0
0
0
0
0
0
0
0
0
0
0
0
0
0
0
0
0
0
0
0
0
0
0
0
0
0
0
0
0
0
0
0
0
0
0
0
0
0
0
0
0
0
0
0
0
0
0
0
0
0
0
0
0
0
0
0
0
0
0
0
0
0
0
0
0
0
0
0
0
0
0
0
0
0
0
0
0
0
0
0
0
0
0
0
0
0
0
0
0
0
0
0
0
0
0
0
0
0
0
0
0
0
0
0
0
0
0
0
0
0
0
0
0
0
0
0
0
0
0
0
0
0
0
0
0
0
0
0
0
0
0
0
0
0
0
0
0
0
0
0
0
0
0
0
0
0
0
0
0
0
0
0
0
0
0
0
0
0
0
0
0
0
0
0
0
0
0
0
0
0
0
0
0
0
0
0
0
0
0
0
0
0
0
0
0
0
0
0
0
0
0
0
0
0
0
0
0
0
0
0
0
0
0
0
0
0
0
0
0
0
0
0
0
0
0
0
0
0
0
0
0
0
0
0
0
0
0
0
0
0
0
0
0
0
0
0
0
0
0
0
0
0
0
0
0
0
0
0
0
0
0
0
0
0
0
0
0
0
0
0
0
0
0
0
0
0
0
0
0
0
0
0
0
0
0
0
0
0
0
0
0
0
0
0
0
0
0
0
0
0
0
0
0
0
0
0
0
0
0
0
0
0
0
0
0
0
0
0
0
0
0
0
0
0
0
0
0
0
0
0
0
0
0
0
0
0
0
0
0
0
0
0
0
0
0
0
0
0
0
0
0
0
0
0
0
0
0
0
0
0
0
0
0
0
0
0
0
0
0
0
0
0
0
0
0
0
0
0
0
0
0
0
0
0
0
0
0
0
0
0
0
0
0
0
0
0
0
0
0
0
0
0
0
0
0
0
0
0
0
0
0
0
0
0
0
0
0
0
0
0
0
0
0
0
0
0
0
0
0
0
0
0
0
0
0
0
0
0
0
0
0
0
0
0
0
0
0
0
0
0
0
0
0
0
0
0
0
0
0
0
0
0
0
0
0
0
0
0
0
0
0
0
0
0
0
0
0
0
0
0
0
0
0
0
0
0
0
0
0
0
0
0
0
0
0
0
0
0
0
0
0
0
0
0
0
0
0
0
0
0
0
0
0
0
0
0
0
0
0
0
0
0
0
0
0
0
0
0
0
0
0
0
0
0
0
0
0
0
0
0
0
0
0
0
0
0
0
0
0
0
0
0
0
0
0
0
0
0
0
0
0
0
0
0
0
0
0
0
0
0
0
0
0
0
0
0
0
0
0
0
0
0
0
0
0
0
0
0
0
0
0
0
0
0
0
0
0
0
0
0
0
0
0
0
0
0
0
0
0
0
0
0
0
0
0
0
0
0
0
0
0
0
0
0
0
0
0
0
0
0
0
0
0
0
0
0
0
0
0
0
0
0
0
0
0
0
0
0
0
0
0
0
0
0
0
0
0
0
0
0
0
0
0
0
0
0
0
0
0
0
0
0
0
0
0
0
0
0
0
0
0
0
0
0
0
0
0
0
0
0
0
0
0
0
0
0
0
0
0
0
0
0
0
0
0
0
0
0
0
0
0
0
0
0
0
0
0
0
0
0
0
0
0
0
0
0
0
0
0
0
0
0
0
0
0
0
0
0
0
0
0
0
0
0
0
0
0
0
0
0
0
0
0
0
0
0
0
0
0
0
0
0
0
0
0
0
0
0
0
0
0
0
0
0
0
0
0
0
0
0
0
0
0
0
0
0
0
0
0
0
0
0
0
0
0
0
0
0
0
0
0
0
0
0
0
0
0
0
0
0
0
0
0
0
0
0
0
0
0
0
0
0
0
0
0
0
0
0
0
0
0
0
0
0
0
0
0
0
0
0
0
0
0
0
0
0
0
0
0
0
0
0
0
0
0
0
0
0
0
0
0
0
0
0
0
0
0
0
0
0
0
0
0
0
0
0
0
0
0
0
0
0
0
0
0
0
0
0
0
0
0
0
0
0
0
0
0
0
0
0
0
0
0
0
0
0
0
0
0
0
0
0
0
0
0
0
0
0
0
0
0
0
0
0
0
0
0
0
0
0
0
0
0
0
0
0
0
0
0
0
0
0
0
0
0
0
0
0
0
0
0
0
0
0
0
0
0
0
0
0
0
0
0
0
0
0
0
0
0
0
0
0
0
0
0
0
0
0
0
0
0
0
0
0
0
0
0
0
0
0
0
0
0
0
0
0
0
0
0
0
0
0
0
0
0
0
0
0
0
0
0
0
0
0
0
0
0
0
0
0
0
0
0
0
0
0
0
0
0
0
0
0
0
0
0
0
0
0
0
0
0
0
0
0
0
0
0
0
0
0
0
0
0
0
0
0
0
0
0
0
0
0
0
0
0
0
0
0
0
0
0
0
0
0
0
0
0
0
0
0
0
0
0
0
0
0
0
0
0
0
0
0
0
0
0
0
0
0
0
0
0
0
0
0
0
0
0
0
0
0
0
0
0
0
0
0
0
0
0
0
0
0
0
0
0
0
0
0
0
0
0
0
0
0
0
0
0
0
0
0
0
0
0
0
0
0
0
0
0
0
0
0
0
0
0
0
0
0
0
0
0
0
0
0
0
0
0
0
0
0
0
0
0
0
0
0
0
0
0
0
0
0
0
0
0
0
0
0
0
0
0
0
0
0
0
0
0
0
0
0
0
0
0
0
0
0
0
0
0
0
0
0
0
0
0
0
0
0
0
0
0
0
0
0
0
0
0
0
0
0
0
0
0
0
0
0
0
0
0
0
0
0
0
0
0
0
0
0
0
0
0
0
0
0
0
0
0
0
0
0
0
0
0
0
0
0
0
0
0
0
0
0
0
0
0
0
0
0
0
0
0
0
0
0
0
0
0
0
0
0
0
0
0
0
0
0
0
0
0
0
0
0
0
0
0
0
0
0
0
0
0
0
0
0
0
0
0
0
0
0
0
0
0
0
0
0
0
0
0
0
0
0
0
0
0
0
0
0
0
0
0
0
0
0
0
0
0
0
0
0
0
0
0
0
0
0
0
0
0
0
0
0
0
0
0
0
0
0
0
0
0
0
0
0
0
0
0
0
0
0
0
0
0
0
0
0
0
0
0
0
0
0
0
0
0
0
0
0
0
0
0
0
0
0
0
0
0
0
0
0
0
0
0
0
0
0
0
0
0
0
0
0
0
0
0
0
0
0
0
0
0
0
0
0
0
0
0
0
0
0
0
0
0
0
0
0
0
0
0
0
0
0
0
0
0
0
0
0
0
0
0
0
0
0
0
0
0
0
0
0
0
0
0
0
0
0
0
0
0
0
0
0
0
0
0
0
0
0
0
0
0
0
0
0
0
0
0
0
0
0
0
0
0
0
0
0
0
0
0
0
0
0
0
0
0
0
0
0
0
0
0
0
0
0
0
0
0
0
0
0
0
0
0
0
0
0
0
0
0
0
0
0
0
0
0
0
0
0
0
0
0
0
0
0
0
0
0
0
0
0
0
0
0
0
0
0
0
0
0
0
0
0
0
0
0
0
0
0
0
0
0
0
0
0
0
0
0
0
0
0
0
0
0
0
0
0
0
0
0
0
0
0
0
0
0
0
0
0
0
0
0
0
0
0
0
0
0
0
0
0
0
0
0
0
0
0
0
0
0
0
0
0
0
0
0
0
0
0
0
0
0
0
0
0
0
0
0
0
0
0
0
0
0
0
0
0
0
0
0
0
0
0
0
0
0
0
0
0
0
0
0
0
0
0
0
0
0
0
0
0
0
0
0
0
0
0
0
0
0
0
0
0
0
0
0
0
0
0
0
0
0
0
0
0
0
0
0
0
0
0
0
0
0
0
0
0
0
0
0
0
0
0
0
0
0
0
0
0
0
0
0
0
0
0
0
0
0
0
0
0
0
0
0
0
0
0
0
0
0
0
0
0
0
0
0
0
0
0
0
0
0
0
0
0
0
0
0
0
0
0
0
0
0
0
0
0
0
0
0
0
0
0
0
0
0
0
0
0
0
0
0
0
0
0
0
0
0
0
0
0
0
0
0
0
0
0
0
0
0
0
0
0
0
0
0
0
0
0
0
0
0
0
0
0
0
0
0
0
0
0
0
0
0
0
0
0
0
0
0
0
0
0
0
0
0
0
0
0
0
0
0
0
0
0
0
0
0
0
0
0
0
0
0
0
0
0
0
0
0
0
0
0
0
0
0
0
0
0
0
0
0
0
0
0
0
0
0
0
0
0
0
0
0
0
0
0
0
0
0
0
0
0
0
0
0
0
0
0
0
0
0
0
0
0
0
0
0
0
0
0
0
0
0
0
0
0
0
0
0
0
0
0
0
0
0
0
0
0
0
0
0
0
0
0
0
0
0
0
0
0
0
0
0
0
0
0
0
0
0
0
0
0
0
0
0
0
0
0
0
0
0
0
0
0
0
0
0
0
0
0
0
0
0
0
0
0
0
0
0
0
0
0
0
0
0
0
0
0
0
0
0
0
0
0
0
0
0
0
0
0
0
0
0
0
0
0
0
0
0
0
0
0
0
0
0
0
0
0
0
0
0
0
0
0
0
0
0
0
0
0
0
0
0
0
0
0
0
0
0
0
0
0
0
0
0
0
0
0
0
0
0
0
0
0
0
0
0
0
0
0
0
0
0
0
0
0
0
0
0
0
0
0
0
0
0
0
0
0
0
0
0
0
0
0
0
0
0
0
0
0
0
0
0
0
0
0
0
0
0
0
0
0
0
0
0
0
0
0
0
0
0
0
0
0
0
0
0
0
0
0
0
0
0
0
0
0
0
0
0
0
0
0
0
0
0
0
0
0
0
0
0
0
0
0
0
0
0
0
0
0
0
0
0
0
0
0
0
0
0
0
0
0
0
0
0
0
0
0
0
0
0
0
0
0
0
0
0
0
0
0
0
0
0
0
0
0
0
0
0
0
0
0
0
0
0
0
0
0
0
0
0
0
0
0
0
0
0
0
0
0
0
0
0
0
0
0
0
0
0
0
0
0
0
0
0
0
0
0
0
0
0
0
0
0
0
0
0
0
0
0
0
0
0
0
0
0
0
0
0
0
0
0
0
0
0
0
0
0
0
0
0
0
0
0
0
0
0
0
0
0
0
0
0
0
0
0
0
0
0
0
0
0
0
0
0
0
0
0
0
0
0
0
0
0
0
0
0
0
0
0
0
0
0
0
0
0
0
0
0
0
0
0
0
0
0
0
0
0
0
0
0
0
0
0
0
0
0
0
0
0
0
0
0
0
0
0
0
0
0
0
0
0
0
0
0
0
0
0
0
0
0
0
0
0
0
0
0
0
0
0
0
0
0
0
0
0
0
0
0
0
0
0
0
0
0
0
0
0
0
0
0
0
0
0
0
0
0
0
0
0
0
0
0
0
0
0
0
0
0
0
0
0
0
0
0
0
0
0
0
0
0
0
0
0
0
0
0
0
0
0
0
0
0
0
0
0
0
0
0
0
0
0
0
0
0
0
0
0
0
0
0
0
0
0
0
0
0
0
0
0
0
0
0
0
0
0
0
0
0
0
0
0
0
0
0
0
0
0
0
0
0
0
0
0
0
0
0
0
0
0
0
0
0
0
0
0
0
0
0
0
0
0
0
0
0
0
0
0
0
0
0
0
0
0
0
0
0
0
0
0
0
0
0
0
0
0
0
0
0
0
0
0
0
0
0
0
0
0
0
0
0
0
0
0
0
0
0
0
0
0
0
0
0
0
0
0
0
0
0
0
0
0
0
0
0
0
0
0
0
0
0
0
0
0
0
0
0
0
0
0
0
0
0
0
0
0
0
0
0
0
0
0
0
0
0
0
0
0
0
0
0
0
0
0
0
0
0
0
0
0
0
0
0
0
0
0
0
0
0
0
0
0
0
0
0
0
0
0
0
0
0
0
0
0
0
0
0
0
0
0
0
0
0
0
0
0
0
0
0
0
0
0
0
0
0
0
0
0
0
0
0
0
0
0
0
0
0
0
0
0
0
0
0
0
0
0
0
0
0
0
0
0
0
0
0
0
0
0
0
0
0
0
0
0
0
0
0
0
0
0
0
0
0
0
0
0
0
0
0
0
0
0
0
0
0
0
0
0
0
0
0
0
0
0
0
0
0
0
0
0
0
0
0
0
0
0
0
0
0
0
0
0
0
0
0
0
0
0
0
0
0
0
0
0
0
0
0
0
0
0
0
0
0
0
0
0
0
0
0
0
0
0
0
0
0
0
0
0
0
0
0
0
0
0
0
0
0
0
0
0
0
0
0
0
0
0
0
0
0
0
0
0
0
0
0
0
0
0
0
0
0
0
0
0
0
0
0
0
0
0
0
0
0
0
0
0
0
0
0
0
0
0
0
0
0
0
0
0
0
0
0
0
0
0
0
0
0
0
0
0
0
0
0
0
0
0
0
0
0
0
0
0
0
0
0
0
0
0
0
0
0
0
0
0
0
0
0
0
0
0
0
0
0
0
0
0
0
0
0
0
0
0
0
0
0
0
0
0
0
0
0
0
0
0
0
0
0
0
0
0
0
0
0
0
0
0
0
0
0
0
0
0
0
0
0
0
0
0
0
0
0
0
0
0
0
0
0
0
0
0
0
0
0
0
0
0
0
0
0
0
0
0
0
0
0
0
0
0
0
0
0
0
0
0
0
0
0
0
0
0
0
0
0
0
0
0
0
0
0
0
0
0
0
0
0
0
0
0
0
0
0
0
0
0
0
0
0
0
0
0
0
0
0
0
0
0
0
0
0
0
0
0
0
0
0
0
0
0
0
0
0
0
0
0
0
0
0
0
0
0
0
0
0
0
0
0
0
0
0
0
0
0
0
0
0
0
0
0
0
0
0
0
0
0
0
0
0
0
0
0
0
0
0
0
0
0
0
0
0
0
0
0
0
0
0
0
0
0
0
0
0
0
0
0
0
0
0
0
0
0
0
0
0
0
0
0
0
0
0
0
0
0
0
0
0
0
0
0
0
0
0
0
0
0
0
0
0
0
0
0
0
0
0
0
0
0
0
0
0
0
0
0
0
0
0
0
0
0
0
0
0
0
0
0
0
0
0
0
0
0
0
0
0
0
0
0
0
0
0
0
0
0
0
0
0
0
0
0
0
0
0
0
0
0
0
0
0
0
0
0
0
0
0
0
0
0
0
0
0
0
0
0
0
0
0
0
0
0
0
0
0
0
0
0
0
0
0
0
0
0
0
0
0
0
0
0
0
0
0
0
0
0
0
0
0
0
0
0
0
0
0
0
0
0
0
0
0
0
0
0
0
0
0
0
0
0
0
0
0
0
0
0
0
0
0
0
0
0
0
0
0
0
0
0
0
0
0
0
0
0
0
0
0
0
0
0
0
0
0
0
0
0
0
0
0
0
0
0
0
0
0
0
0
0
0
0
0
0
0
0
0
0
0
0
0
0
0
0
0
0
0
0
0
0
0
0
0
0
0
0
0
0
0
0
0
0
0
0
0
0
0
0
0
0
0
0
0
0
0
0
0
0
0
0
0
0
0
0
0
0
0
0
0
0
0
0
0
0
0
0
0
0
0
0
0
0
0
0
0
0
0
0
0
0
0
0
0
0
0
0
0
0
0
0
0
0
0
0
0
0
0
0
0
0
0
0
0
0
0
0
0
0
0
0
0
0
0
0
0
0
0
0
0
0
0
0
0
0
0
0
0
0
0
0
0
0
0
0
0
0
0
0
0
0
0
0
0
0
0
0
0
0
0
0
0
0
0
0
0
0
0
0
0
0
0
0
0
0
0
0
0
0
0
0
0
0
0
0
0
0
0
0
0
0
0
0
0
0
0
0
0
0
0
0
0
0
0
0
0
0
0
0
0
0
0
0
0
0
0
0
0
0
0
0
0
0
0
0
0
0
0
0
0
0
0
0
0
0
0
0
0
0
0
0
0
0
0
0
0
0
0
0
0
0
0
0
0
0
0
0
0
0
0
0
0
0
0
0
0
0
0
0
0
0
0
0
0
0
0
0
0
0
0
0
0
0
0
0
0
0
0
