26
-563
-3074
368
-3546
-1749
-2684
-79
-16
-3986
752
-2547
-3193
-2791
60
-91
-84
1235
-3143
-1104
-1098
-2564
-17374
-356
375
-2673
-3650
-3520
-3361
-16282
-18
666
85
488
-2350
-63
-1809
-878
-2110
-46
326
-2682
135
-1306
-2244
-1186
28
-981
33
609
-2243
-1681
-1905
-2056
-17147
-245
-702
-2508
-2276
-3119
-2628
-17541
-36
-169
53
1282
-1858
-654
-1058
-1088
-1351
-170
1273
-3036
-761
-751
-2942
-835
-89
-20
171
51
-685
-1013
-1031
-1355
-17967
-231
337
-2138
-2660
-2655
-2793
-13785
-107
62
-158
1685
-2900
-3046
-2986
-2838
-2686
-225
1392
-2838
-2557
-2003
-3213
-1196
-163
1391
199
235
-469
-461
-644
-2656
-14335
-114
306
-1902
-3323
-1505
-2989
-14538
76
338
-207
1409
-2946
-2579
-2686
-3164
-2631
-236
1711
-3685
-1859
-2804
-3976
-830
-249
1699
152
-452
-1751
412
-625
-2506
-22409
21
201
-3301
-3836
-2299
-3760
-19501
211
225
-199
768
-4505
-3618
-3984
-5068
-4441
-234
905
-5352
-2620
-3757
-5648
-3041
-193
572
-13
-324
-3706
-1969
803
-4334
-17649
-17
-27
-4430
-5732
-1144
-5201
-15484
206
65
-151
641
-5166
-4489
-4152
-5098
-4957
-116
361
-5412
-3260
-3533
-5048
-3009
-74
265
-9
-1165
-3735
-4421
2490
-4800
-15418
-79
-2159
-3320
-5680
16
-4484
-17501
94
-1704
-295
417
-3043
-2685
-1332
-3146
-3195
-238
-177
-3973
-3282
-1784
-4170
-695
-170
-27
-2
-1287
-1623
-3449
-69
-3123
-17707
-19
-1859
-2712
-3515
-2414
-3592
-18446
195
-1369
-42
-440
-2208
-2730
-3220
-3201
-3349
-170
-310
-3624
-3023
-4934
-4277
97
48
-239
-100
2295
-1742
-1746
-1276
-3346
-18115
-268
1432
-2971
-3957
-3555
-3887
-18042
-12
1204
-30
901
-4833
-4312
-5047
-4716
-5152
-150
1700
-5677
-4224
-7402
-5225
-920
-112
601
-10
1052
1710
-4266
-4212
-5010
-16351
-21
514
-686
-4642
-5294
-6160
-17324
68
426
-123
1167
-5850
-5424
-5826
-6019
-5582
-133
1985
-6684
-4504
-6789
-5651
-2198
-106
1433
70
812
4137
-3885
-4908
-5644
-14890
100
167
1489
-5243
-5713
-6379
-17851
229
672
-19
565
-4869
-5395
-5861
-5168
-4591
-52
-999
-6518
-4249
-6440
-6118
-187
-129
-572
250
379
1896
-2557
-1546
-4511
-18946
-1
-30
-1301
-5831
-4832
-6179
-17291
158
-371
75
241
-4666
-5367
-6772
-6133
-5150
46
-10
-5963
-4472
-6312
-6876
-744
-121
11
158
-1390
165
-2871
-245
-5001
-21628
153
350
-2889
-5979
-4878
-6767
-19857
131
67
32
76
-5126
-3337
-6436
-6279
-5257
180
421
-5564
-1549
-4566
-6376
-2831
-63
599
-192
-2306
-3934
-1744
1055
-5214
-19610
-35
-1531
-5462
-5386
-3297
-5762
-18909
75
-1097
-8
-1181
-2578
-1596
-2571
-2475
-2394
93
-983
-3633
-1446
-2036
-3852
-327
-100
-451
-150
-1286
-2965
-1370
1302
-2133
-22666
-292
-3571
-4801
-3452
-2240
-3403
-19149
-90
-2685
-219
-374
-1526
-752
-1605
-1520
-1531
-126
-486
-2714
-2275
-2269
-3296
30
-101
-694
-202
-716
-1397
-2001
1596
-1288
-22566
-175
-770
-3177
-1381
-1491
-2510
-18903
26
-415
-145
-363
-2285
-994
-1089
-1543
-1997
-273
-1114
-3795
-1746
-2928
-3121
138
-64
-502
7
2047
74
-1818
-2296
-2070
-21659
-303
2068
-1635
-2815
-4162
-3411
-19966
122
1385
-288
1175
-7450
-6932
-5926
-6117
-6881
-357
1508
-7352
-8053
-7188
-5830
-1706
61
1876
5
3360
6748
-6875
-8371
-6878
-15552
237
3961
3059
-6330
-8764
-7482
-21359
489
2376
-391
1185
-13278
-12544
-13396
-12756
-13115
-362
1340
-10204
-10939
-10588
-7961
-7398
171
1379
-58
-390
9802
-13089
-10051
-13157
13048
420
-551
6808
-8149
-7700
-9989
-9728
665
-510
-62
-615
-5420
-4708
-6783
-5231
-5048
-241
28
-7930
-3275
-6089
-6618
-4901
2
80
228
-1877
4234
-4566
-4481
-4951
-24241
151
-3360
1586
-6546
-7707
-6554
-21755
245
-2681
-80
-1173
-6386
-1887
-7865
-6425
-6819
-101
-919
-5168
1663
-4526
-5657
-5865
100
-657
98
-692
-1394
-5705
-4088
-6781
-13039
27
26
-2549
-6049
-6297
-5588
-25212
97
870
-60
-672
-4913
888
-6853
-5482
-5493
9
-663
-4534
3549
-5168
-6220
-6450
87
53
-285
-2274
-3981
-3533
-3624
-5623
-11640
-224
-2472
-5791
-6319
-6435
-5445
-13393
-17
-1368
-43
892
-2485
179
-2712
-2122
-2492
-92
886
-2390
685
-3309
-2793
-1999
-66
1730
-123
-198
-3639
-2688
101
-2394
-18560
-295
-621
-5297
-3046
-3175
-2588
-17972
-36
466
-189
402
-2973
1539
-4020
-2518
-2715
-176
844
-2911
1328
-5039
-3795
-2608
-9
1134
-271
-318
-3487
-4308
1300
-2481
-17028
-315
-562
-5253
-2945
-1922
-3512
-15251
-125
-410
26
-124
-1918
-409
-568
254
-825
-170
-803
-2644
-591
-1564
-1379
-859
-111
-1458
42
1758
347
-1113
-1170
-794
-21888
-213
1707
-422
-1562
-1704
-1525
-21716
78
1944
-123
-1142
-5830
-5218
-4619
-2761
-4390
-201
-2936
-6220
-6448
-5100
-4310
-2703
-73
-3066
61
2943
5808
-4692
-6200
-4410
-18765
149
2824
3820
-5305
-5404
-5757
-19613
282
1762
-177
-1633
-8298
-7940
-7549
-5645
-6660
-382
-4097
-7899
-7694
-5307
-5272
-5802
28
-3368
166
-155
8232
-6004
-6359
-6442
-9914
354
-962
5405
-6184
-4290
-5817
-13219
525
-978
129
9
-4036
-3834
-4344
-1625
-2946
-228
-601
-4229
-2147
-2260
-2625
-4841
12
-591
163
-2212
2073
-2025
-2329
-2883
-25387
203
-1235
1312
-3395
-2629
-3152
-25315
193
-8
162
8
-3224
112
-1936
-977
-2277
-78
-184
-3885
2319
-1639
-2720
-5896
81
525
180
-222
-700
-2089
-3858
-2519
-20595
-55
-587
-664
-3639
-4045
-2884
-19410
-74
578
0
14
-2736
-673
219
-1265
-2018
-330
-1814
-3215
926
-1640
-2660
-3795
21
-1299
214
-335
-1273
-2436
-3508
-2194
-21309
-127
-1275
-1834
-3256
-4256
-1909
-20172
-25
-335
-103
373
-3390
1488
-994
85
-2144
-404
-247
-4018
1423
-3616
-2154
-3063
16
-292
91
549
-3139
-3734
-2254
-1965
-18689
55
2184
-4330
-2910
-3826
-3110
-15334
-14
2625
-301
24
-3360
4636
-3659
-1316
-2710
-403
-81
-3774
4790
-4829
-3478
-4174
-42
-203
-164
-573
-4637
-3536
-2286
-2342
-16965
-151
-739
-6441
-3582
-4601
-4166
-14058
-55
-1105
111
295
-2150
-1497
-379
-1010
-1584
-76
1369
-2271
-975
-1939
-1173
-1022
-29
699
-23
1699
1239
-2277
-1883
-1642
-14688
-19
1051
980
-1820
-1594
-1079
-19920
58
1357
150
503
-4691
-4274
-2608
-1690
-2872
-39
1151
-5830
-3982
-4230
-3018
-1698
-16
288
31
1487
4092
-2968
-4075
-2901
-17650
184
-271
2220
-4042
-3720
-3985
-17397
158
114
-82
1079
-6239
-6189
-4303
-3403
-4682
-213
1071
-8800
-7289
-5494
-5576
-2786
52
720
199
2182
6701
-4964
-6395
-4633
-18741
356
1484
2276
-6942
-5808
-6299
-12641
558
947
-287
2459
-10264
-9758
-10502
-7541
-9469
-108
3706
-7997
-7719
-8966
-5214
-7835
258
3099
-1
657
7888
-9324
-7779
-9604
1594
448
2097
4976
-6657
-3751
-6902
-12621
550
1747
-259
2253
-5706
-3819
-1405
-4421
-4405
-164
2616
-7151
-2499
-4701
-4902
-6173
91
1798
23
-1687
3203
-4672
-6864
-4490
-15172
251
-2131
385
-4703
-4709
-4629
-12267
290
-1871
-280
767
-4310
-1301
4514
-2997
-3092
-347
983
-3674
-530
-378
-1974
-2661
-29
961
248
-1226
-1657
-4708
-6133
-3135
-13793
127
-2310
-2263
-2193
-3604
-1372
-19038
260
-2266
-192
-127
-3647
1484
-247
-1899
-3081
-400
492
-3137
1199
-3629
-2177
-2317
-162
-159
76
290
-3276
-5056
-2976
-2983
-17346
132
444
-4477
-2110
-3195
-2394
-20759
163
458
-206
-8
-2856
3880
-2668
-3053
-3362
-263
-102
-2504
3532
-4071
-3744
-2912
-35
-1830
-140
-696
-6040
-3291
-2264
-3030
-16012
-208
-1482
-7229
-2084
-4100
-3618
-17568
85
-1642
100
-151
-4291
-3434
-1575
-4464
-4375
-95
13
-4390
-2336
-3231
-3692
-3369
133
341
-122
1223
871
-4364
-3755
-4586
-12234
-69
882
1289
-3612
-3724
-3450
-18907
53
815
201
414
-5068
-3934
-2815
-3793
-3987
-143
934
-6266
-3515
-4795
-3932
-2385
75
579
156
2683
3199
-2994
-5605
-3936
-20070
156
1136
2050
-4935
-5586
-4633
-21760
239
646
95
194
-9112
-8666
-7792
-7731
-7067
-166
-252
-9698
-8287
-7028
-6441
-4415
328
299
295
2527
9598
-5333
-8033
-6983
-14110
260
2213
6511
-7190
-5966
-7121
-21006
341
1727
-252
-1574
-15461
-13622
-14560
-14695
-14260
-79
-3053
-12630
-10975
-11633
-9461
-9620
384
-2520
47
485
10714
-12986
-10254
-14212
10951
445
2002
7574
-10310
-6412
-10853
-11827
548
721
-382
-1584
-9906
-8715
-6509
-10302
-9021
-114
-2713
-8310
-6465
-6711
-6784
-7005
248
-3020
13
-3205
5078
-8221
-6732
-9021
-4877
386
-2957
2545
-5679
-4076
-6506
-18415
461
-2751
-352
-347
-4458
-2838
981
-4136
-3426
-277
-908
-4912
-2378
-2268
-3504
-4328
-8
-973
220
-2076
-441
-4085
-3222
-3381
-18511
201
-1998
-1957
-1811
-2029
-1844
-19197
342
-1775
-346
646
-2160
488
-1421
-2566
-2622
-239
125
-2748
-443
-4532
-3583
-2206
-114
31
-151
-392
-2869
-3372
-1276
-2417
-20503
39
118
-5360
-1574
-3223
-2296
-18298
152
-88
-101
-663
-1309
142
-3041
-3504
-3395
-27
-661
-1046
-556
-4015
-3984
-1298
1
-1379
-250
-759
-5100
-2300
-493
-3186
-15649
-169
-1475
-6635
-1678
-3064
-2922
-16379
33
-1474
-5
-440
-4144
-3367
-2443
-3185
-4160
-164
-1314
-4067
-2847
-3577
-3172
-3152
-58
-1014
17
882
-707
-2871
-3183
-4264
-18113
-3
392
14
-2669
-4255
-3525
-22056
165
234
33
-571
-6971
-4424
-6155
-4782
-5988
-249
357
-8547
-4881
-6956
-5063
-4239
-1
152
3
2449
2963
-4425
-6946
-5847
-12381
178
2412
2683
-6532
-7706
-6713
-13780
222
1924
105
-1699
-7438
-7022
-8578
-6616
-5927
-193
-1007
-8263
-5796
-6642
-5378
-5780
52
-732
141
-42
5567
-2698
-4455
-5742
-12366
166
-828
5948
-6283
-4399
-5584
-16613
128
-1640
-41
-2610
-6056
-6715
-5868
-5236
-4298
-234
-3109
-6298
-4340
-5014
-4507
-4676
-134
-2358
228
-1228
4092
-2008
-822
-4234
-27170
209
-639
2203
-4638
-1390
-3403
-28418
233
-1451
-184
-1119
-3643
-4419
-2255
-2758
-2296
-124
-932
-3389
-3102
-2510
-2275
-3185
-170
-549
91
-517
1949
-1483
115
-2284
-20969
85
302
309
-1725
-127
-287
-22478
92
-564
-205
-543
-2720
-2716
-913
-1203
-1618
-187
-236
-2930
-2029
-2115
-1565
-2508
-100
-524
71
-1468
465
-1923
330
-1444
-24731
88
-191
-1677
-634
-1129
1530
-25663
146
-29
-241
-128
-1225
-935
-2051
-524
-1560
-236
114
-1518
-1251
-3010
-1827
-1359
-159
-758
-234
-1000
-2133
-1804
717
-1337
-19891
51
-612
-4522
-1845
-2663
132
-17462
131
-499
-98
-569
287
-1889
-2192
-1403
-2292
-114
-141
719
-2322
-2280
-2713
-819
-136
-603
-249
-588
-3799
-1378
-44
-2048
-19687
-177
-612
-5500
-2383
-2648
-1077
-19505
60
-378
-206
-246
-2229
-3663
-2504
-886
-2831
-363
88
-2989
-4793
-3309
-3049
-2970
-254
166
14
794
-477
-2047
-2278
-2888
-16624
93
939
529
-3257
-4451
-3225
-14749
276
717
-148
-1538
-4822
-5368
-4998
-2422
-4390
-475
-1139
-5605
-5202
-5136
-3057
-3974
-108
-516
-23
259
1381
-3784
-2095
-4270
-17490
128
-32
3030
-5143
-4626
-4576
-19488
386
-830
-130
-1676
-2771
-2645
-2006
-1452
-1653
-390
-1171
-3963
-2367
-2195
-2531
-2726
-156
-965
29
-169
567
-1116
83
-1489
-22575
27
-908
1423
-3256
-2143
-2107
-20940
256
-1436
-257
-891
-2897
-2476
-2171
-1626
-2060
-351
-521
-2102
-718
-2146
-729
-2748
-261
-773
16
-246
-1035
-2237
1595
-1886
-15626
-62
498
264
-1724
-78
-379
-21643
218
176
-271
-985
-2246
-2438
-1160
-624
-1171
-343
-577
-2304
-1824
-1961
-642
-2088
-235
-629
-39
-534
683
-1739
574
-973
-16181
-163
-128
1147
-1652
-1244
-52
-17649
39
-264
-337
-1169
-1528
-1491
-490
140
-672
-418
-912
-1870
-1394
-1405
-384
-1268
-277
-779
10
-794
-13
-1128
379
-519
-15011
-93
-224
-652
-1256
-1605
588
-14023
124
-168
-390
-798
-17
-2067
-1536
768
-919
-381
-378
-263
-2517
-2408
-431
-986
-215
-430
-140
-790
-1451
-1528
527
-756
-14625
-39
-170
-3156
-1898
-1789
-902
-11251
189
-186
-282
-886
1202
-2667
-1315
-629
-1790
-312
-843
2086
-2685
-2108
-1357
-949
-141
-723
-258
-620
-3639
-1815
-39
-1656
-15997
-271
-350
-4687
-2407
-1754
-1257
-17829
83
6
0
0
0
0
0
0
0
0
0
0
0
-2225
-741
-3610
612
-1726
0
0
0
0
0
0
0
0
0
0
0
-1856
-221
-1598
-1698
-18688
0
0
0
0
0
0
0
0
0
0
0
-2341
-1849
-2915
2425
-2023
0
0
0
0
0
0
0
0
0
0
0
-2220
-1853
-2445
-1942
-14941
0
0
0
0
0
0
0
0
0
0
0
-1837
-2264
-1924
365
-1707
0
0
0
0
0
0
0
0
0
0
0
-1063
31
-2257
-1726
-13249
0
0
0
0
0
0
0
0
0
0
0
-2921
-3606
-3770
-2409
-2670
0
0
0
0
0
0
0
0
0
0
0
-685
1201
-1661
-2541
-12435
0
0
0
0
0
0
0
0
0
0
0
-3476
-3764
-3629
-2525
-2863
0
0
0
0
0
0
0
0
0
0
0
-1521
1956
-1542
-2637
-18416
0
0
0
0
0
0
0
0
0
0
0
-4103
-3979
-3436
-3643
-3300
0
0
0
0
0
0
0
0
0
0
0
-2056
-114
226
-3076
-19503
0
0
0
0
0
0
0
0
0
0
0
-4538
-4684
-3259
-3458
-3838
0
0
0
0
0
0
0
0
0
0
0
-1941
-3248
1609
-3600
-16231
0
0
0
0
0
0
0
0
0
0
0
-3367
-2785
-1564
-1826
-2617
0
0
0
0
0
0
0
0
0
0
0
-397
-2832
-90
-2384
-16750
0
0
0
0
0
0
0
0
0
0
0
-1832
-2621
-3485
-924
-2272
0
0
0
0
0
0
0
0
0
0
0
-1374
53
-1794
-2099
-18872
0
0
0
0
0
0
0
0
0
0
0
-2996
-3883
-4353
-301
-3308
0
0
0
0
0
0
0
0
0
0
0
19
-2574
-4672
-3309
-18960
0
0
0
0
0
0
0
0
0
0
0
-2993
-4776
-5284
-2938
-3980
0
0
0
0
0
0
0
0
0
0
0
1388
-1639
-5361
-3879
-19251
0
0
0
0
0
0
0
0
0
0
0
-3778
-6207
-6443
-3778
-4531
0
0
0
0
0
0
0
0
0
0
0
-76
-842
-3048
-4425
-16600
0
0
0
0
0
0
0
0
0
0
0
-5534
-5096
-6127
-4515
-4592
0
0
0
0
0
0
0
0
0
0
0
1014
-1799
-1749
-4317
-19378
0
0
0
0
0
0
0
0
0
0
0
-4460
-2833
-4894
-3402
-3352
0
0
0
0
0
0
0
0
0
0
0
-1338
-92
-438
-2911
-24642
0
0
0
0
0
0
0
0
0
0
0
-3067
-2139
-2327
-410
-2002
0
0
0
0
0
0
0
0
0
0
0
-1631
-777
207
-1532
-21834
0
0
0
0
0
0
0
0
0
0
0
-2205
-1533
-1317
-692
-1612
0
0
0
0
0
0
0
0
0
0
0
-849
-2006
704
-1246
-17937
0
0
0
0
0
0
0
0
0
0
0
-1225
-1806
-1106
-698
-1393
0
0
0
0
0
0
0
0
0
0
0
-144
-765
-2706
-1500
-20047
0
0
0
0
0
0
0
0
0
0
0
-5464
-5176
-3534
-3818
-4518
0
0
0
0
0
0
0
0
0
0
0
4606
-5264
-7117
-5012
-20974
0
0
0
0
0
0
0
0
0
0
0
-6277
-6793
-6678
-8551
-6399
0
0
0
0
0
0
0
0
0
0
0
7023
-7334
-6862
-6535
-16845
0
0
0
0
0
0
0
0
0
0
0
-3976
-4879
-5340
-4111
-4392
0
0
0
0
0
0
0
0
0
0
0
1272
-1329
-5011
-4175
-24163
0
0
0
0
0
0
0
0
0
0
0
-6184
-2436
-6131
-5220
-5422
0
0
0
0
0
0
0
0
0
0
0
-127
-3614
-4168
-5255
-15121
0
0
0
0
0
0
0
0
0
0
0
-4462
84
-4241
-4412
-3341
0
0
0
0
0
0
0
0
0
0
0
-1177
-815
-2517
-3163
-15880
0
0
0
0
0
0
0
0
0
0
0
-2543
-99
-928
-638
-1471
0
0
0
0
0
0
0
0
0
0
0
-1904
-752
-305
-1348
-20171
0
0
0
0
0
0
0
0
0
0
0
-2233
246
-1735
-1665
-1998
0
0
0
0
0
0
0
0
0
0
0
-1720
-3403
1040
-1807
-15368
0
0
0
0
0
0
0
0
0
0
0
-954
-1836
-820
591
-867
0
0
0
0
0
0
0
0
0
0
0
-16
-1205
-1630
-1143
-19025
0
0
0
0
0
0
0
0
0
0
0
-4722
-5132
-3133
-2088
-3822
0
0
0
0
0
0
0
0
0
0
0
3302
-4901
-5522
-4205
-18152
0
0
0
0
0
0
0
0
0
0
0
-4928
-6908
-6222
-5394
-5276
0
0
0
0
0
0
0
0
0
0
0
4651
-5665
-5205
-5533
-12707
0
0
0
0
0
0
0
0
0
0
0
-2943
-4466
-4652
-972
-3342
0
0
0
0
0
0
0
0
0
0
0
-847
-635
-3861
-3327
-21897
0
0
0
0
0
0
0
0
0
0
0
-1949
-1796
-1787
-1117
-2298
0
0
0
0
0
0
0
0
0
0
0
-1448
-1261
-3771
-2431
-16904
0
0
0
0
0
0
0
0
0
0
0
-2127
-2157
259
-543
-2130
0
0
0
0
0
0
0
0
0
0
0
-1670
-1620
-3535
-2088
-18522
0
0
0
0
0
0
0
0
0
0
0
-2892
-407
693
-185
-2161
0
0
0
0
0
0
0
0
0
0
0
-3186
-2623
-2527
-2313
-14815
0
0
0
0
0
0
0
0
0
0
0
-2378
2203
-1439
-738
-1778
0
0
0
0
0
0
0
0
0
0
0
-2787
-2404
-1637
-1630
-15898
0
0
0
0
0
0
0
0
0
0
0
-1036
-1786
-895
-100
-986
0
0
0
0
0
0
0
0
0
0
0
849
-1303
-1311
-924
-16346
0
0
0
0
0
0
0
0
0
0
0
-2151
-4382
-2207
-1263
-2765
0
0
0
0
0
0
0
0
0
0
0
848
-2195
-4664
-2941
-15231
0
0
0
0
0
0
0
0
0
0
0
-3423
-5780
-3096
-2711
-3785
0
0
0
0
0
0
0
0
0
0
0
3004
-4453
-5687
-4075
-19314
0
0
0
0
0
0
0
0
0
0
0
-6818
-6598
-7184
-5978
-5878
0
0
0
0
0
0
0
0
0
0
0
5219
-6378
-4755
-6159
-14003
0
0
0
0
0
0
0
0
0
0
0
-4039
-3973
-1093
-4977
-3499
0
0
0
0
0
0
0
0
0
0
0
1294
-2245
-4370
-3680
-16486
0
0
0
0
0
0
0
0
0
0
0
-2516
-2429
3911
-3076
-2567
0
0
0
0
0
0
0
0
0
0
0
-2051
-2522
-4415
-2454
-15152
0
0
0
0
0
0
0
0
0
0
0
-1834
132
1108
-1886
-1771
0
0
0
0
0
0
0
0
0
0
0
-2230
-2926
-1382
-1706
-20480
0
0
0
0
0
0
0
0
0
0
0
-2226
1809
-1206
-1510
-1703
0
0
0
0
0
0
0
0
0
0
0
-3094
-2092
-937
-1677
-18427
0
0
0
0
0
0
0
0
0
0
0
-964
-3022
-1474
-2342
-2084
0
0
0
0
0
0
0
0
0
0
0
460
-1422
-2994
-1943
-20519
0
0
0
0
0
0
0
0
0
0
0
-354
-3688
-2084
-3133
-2995
0
0
0
0
0
0
0
0
0
0
0
-149
-840
-6641
-3087
-22512
0
0
0
0
0
0
0
0
0
0
0
-6105
-7768
-6189
-8007
-6394
0
0
0
0
0
0
0
0
0
0
0
4530
-2437
-8445
-6594
-14899
0
0
0
0
0
0
0
0
0
0
0
-10071
-8718
-9345
-11645
-7868
0
0
0
0
0
0
0
0
0
0
0
8614
-7049
-6431
-8127
-17170
0
0
0
0
0
0
0
0
0
0
0
-7434
-6548
-4557
-8928
-5516
0
0
0
0
0
0
0
0
0
0
0
4203
-3349
-4632
-5546
-18899
0
0
0
0
0
0
0
0
0
0
0
-3494
-3097
1497
-4241
-2343
0
0
0
0
0
0
0
0
0
0
0
-779
-821
-2763
-2541
-21409
0
0
0
0
0
0
0
0
0
0
0
-1816
-221
-120
-2336
-1634
0
0
0
0
0
0
0
0
0
0
0
-1886
-1555
-445
-1637
-22072
0
0
0
0
0
0
0
0
0
0
0
-2602
-371
-1451
-2624
-2059
0
0
0
0
0
0
0
0
0
0
0
-2280
-1046
-371
-2070
-16940
0
0
0
0
0
0
0
0
0
0
0
-1146
-3510
-2930
-2018
-2842
0
0
0
0
0
0
0
0
0
0
0
-1444
-60
-4522
-2865
-21796
0
0
0
0
0
0
0
0
0
0
0
-1919
-3724
-3488
-4118
-3817
0
0
0
0
0
0
0
0
0
0
0
-223
-596
-7508
-4141
-19869
0
0
0
0
0
0
0
0
0
0
0
-5465
-6435
-7579
-7889
-5498
0
0
0
0
0
0
0
0
0
0
0
1127
2052
-5709
-5651
-11689
0
0
0
0
0
0
0
0
0
0
0
-4884
-6109
-6683
-5740
-4256
0
0
0
0
0
0
0
0
0
0
0
1623
752
-2571
-4416
-24011
0
0
0
0
0
0
0
0
0
0
0
-3861
-4385
-3127
-4103
-2967
0
0
0
0
0
0
0
0
0
0
0
560
235
-1208
-3161
-15263
0
0
0
0
0
0
0
0
0
0
0
-3417
-3153
-1325
-2084
-2405
0
0
0
0
0
0
0
0
0
0
0
-534
-1705
-69
-2660
-19202
0
0
0
0
0
0
0
0
0
0
0
-3179
-1184
-1412
-715
-1758
0
0
0
0
0
0
0
0
0
0
0
-1052
-2694
1433
-1853
-16857
0
0
0
0
0
0
0
0
0
0
0
-2871
-1233
-1365
-677
-1763
0
0
0
0
0
0
0
0
0
0
0
-959
-1702
-224
-1739
-18507
0
0
0
0
0
0
0
0
0
0
0
-2844
-3618
-2321
-1996
-2811
0
0
0
0
0
0
0
0
0
0
0
-222
-511
-3710
-2897
-13492
0
0
0
0
0
0
0
0
0
0
0
-2084
-3878
-3044
-3685
-2728
0
0
0
0
0
0
0
0
0
0
0
892
-1121
-2708
-2771
-22391
0
0
0
0
0
0
0
0
0
0
0
-1559
-2718
-2668
-2535
-1774
0
0
0
0
0
0
0
0
0
0
0
-389
251
-464
-1756
-19997
0
0
0
0
0
0
0
0
0
0
0
-2173
-2035
-1956
-2230
-1476
0
0
0
0
0
0
0
0
0
0
0
-560
-436
1248
-1453
-17132
0
0
0
0
0
0
0
0
0
0
0
-1648
-1754
-840
-1431
-934
0
0
0
0
0
0
0
0
0
0
0
543
-734
363
-1039
-15862
0
0
0
0
0
0
0
0
0
0
0
-1310
-945
-62
-722
-554
0
0
0
0
0
0
0
0
0
0
0
9
-716
382
-612
-14830
0
0
0
0
0
0
0
0
0
0
0
-1632
-940
-543
-548
-777
0
0
0
0
0
0
0
0
0
0
0
-506
-1182
974
-779
-14278
0
0
0
0
0
0
0
0
0
0
0
-1968
-1147
-761
-1214
-1269
0
0
0
0
0
0
0
0
0
0
0
-485
-1365
388
-1069
-16627
0
0
0
0
0
0
0
0
0
0
0
0
0
0
0
0
0
0
0
0
0
0
0
0
0
0
0
0
0
0
0
0
0
0
0
0
0
0
0
0
0
0
0
0
0
0
0
0
0
0
0
0
0
0
0
0
0
0
0
0
0
0
0
0
0
0
0
0
0
0
0
0
0
0
0
0
0
0
0
0
0
0
0
0
0
0
0
0
0
0
0
0
0
0
0
0
0
0
0
0
0
0
0
0
0
0
0
0
0
0
0
0
0
0
0
0
0
0
0
0
0
0
0
0
0
0
0
0
0
0
0
0
0
0
0
0
0
0
0
0
0
0
0
0
0
0
0
0
0
0
0
0
0
0
0
0
0
0
0
0
0
0
0
0
0
0
0
0
0
0
0
0
0
0
0
0
0
0
0
0
0
0
0
0
0
0
0
0
0
0
0
0
0
0
0
0
0
0
0
0
0
0
0
0
0
0
0
0
0
0
0
0
0
0
0
0
0
0
0
0
0
0
0
0
0
0
0
0
0
0
0
0
0
0
0
0
0
0
0
0
0
0
0
0
0
0
0
0
0
0
0
0
0
0
0
0
0
0
0
0
0
0
0
0
0
0
0
0
0
0
0
0
0
0
0
0
0
0
0
0
0
0
0
0
0
0
0
0
0
0
0
0
0
0
0
0
0
0
0
0
0
0
0
0
0
0
0
0
0
0
0
0
0
0
0
0
0
0
0
0
0
0
0
0
0
0
0
0
0
0
0
0
0
0
0
0
0
0
0
0
0
0
0
0
0
0
0
0
0
0
0
0
0
0
0
0
0
0
0
0
0
0
0
0
0
0
0
0
0
0
0
0
0
0
0
0
0
0
0
0
0
0
0
0
0
0
0
0
0
0
0
0
0
0
0
0
0
0
0
0
0
0
0
0
0
0
0
0
0
0
0
0
0
0
0
0
0
0
0
0
0
0
0
0
0
0
0
0
0
0
0
0
0
0
0
0
0
0
0
0
0
0
0
0
0
0
0
0
0
0
0
0
0
0
0
0
0
0
0
0
0
0
0
0
0
0
0
0
0
0
0
0
0
0
0
0
0
0
0
0
0
0
0
0
0
0
0
0
0
0
0
0
0
0
0
0
0
0
0
0
0
0
0
0
0
0
0
0
0
0
0
0
0
0
0
0
0
0
0
0
0
0
0
0
0
0
0
0
0
0
0
0
0
0
0
0
0
0
0
0
0
0
0
0
0
0
0
0
0
0
0
0
0
0
0
0
0
0
0
0
0
0
0
0
0
0
0
0
0
0
0
0
0
0
0
0
0
0
0
0
0
0
0
0
0
0
0
0
0
0
0
0
0
0
0
0
0
0
0
0
0
0
0
0
0
0
0
0
0
0
0
0
0
0
0
0
0
0
0
0
0
0
0
0
0
0
0
0
0
0
0
0
0
0
0
0
0
0
0
0
0
0
0
0
0
0
0
0
0
0
0
0
0
0
0
0
0
0
0
0
0
0
0
0
0
0
0
0
0
0
0
0
0
0
0
0
0
0
0
0
0
0
0
0
0
0
0
0
0
0
0
0
0
0
0
0
0
0
0
0
0
0
0
0
0
0
0
0
0
0
0
0
0
0
0
0
0
0
0
0
0
0
0
0
0
0
0
0
0
0
0
0
0
0
0
0
0
0
0
0
0
0
0
0
0
0
0
0
0
0
0
0
0
0
0
0
0
0
0
0
0
0
0
0
0
0
0
0
0
0
0
0
0
0
0
0
0
0
0
0
0
0
0
0
0
0
0
0
0
0
0
0
0
0
0
0
0
0
0
0
0
0
0
0
0
0
0
0
0
0
0
0
0
0
0
0
0
0
0
0
0
0
0
0
0
0
0
0
0
0
0
0
0
0
0
0
0
0
0
0
0
0
0
0
0
0
0
0
0
0
0
0
0
0
0
0
0
0
0
0
0
0
0
0
0
0
0
0
0
0
0
0
0
0
0
0
0
0
0
0
0
0
0
0
0
0
0
0
0
0
0
0
0
0
0
0
0
0
0
0
0
0
0
0
0
0
0
0
0
0
0
0
0
0
0
0
0
0
0
0
0
0
0
0
0
0
0
0
0
0
0
0
0
0
0
0
0
0
0
0
0
0
0
0
0
0
0
0
0
0
0
0
0
0
0
0
0
0
0
0
0
0
0
0
0
0
0
0
0
0
0
0
0
0
0
0
0
0
0
0
0
0
0
0
0
0
0
0
0
0
0
0
0
0
0
0
0
0
0
0
0
0
0
0
0
0
0
0
0
0
0
0
0
0
0
0
0
0
0
0
0
0
0
0
0
0
0
0
0
0
0
0
0
0
0
0
0
0
0
0
0
0
0
0
0
0
0
0
0
0
0
0
0
0
0
0
0
0
0
0
0
0
0
0
0
0
0
0
0
0
0
0
0
0
0
0
0
0
0
0
0
0
0
0
0
0
0
0
0
0
0
0
0
0
0
0
0
0
0
0
0
0
0
0
0
0
0
0
0
0
0
0
0
0
0
0
0
0
0
0
0
0
0
0
0
0
0
0
0
0
0
0
0
0
0
0
0
0
0
0
0
0
0
0
0
0
0
0
0
0
0
0
0
0
0
0
0
0
0
0
0
0
0
0
0
0
0
0
0
0
0
0
0
0
0
0
0
0
0
0
0
0
0
0
0
0
0
0
0
0
0
0
0
0
0
0
0
0
0
0
0
0
0
0
0
0
0
0
0
0
0
0
0
0
0
0
0
0
0
0
0
0
0
0
0
0
0
0
0
0
0
0
0
0
0
0
0
0
0
0
0
0
0
0
0
0
0
0
0
0
0
0
0
0
0
0
0
0
0
0
0
0
0
0
0
0
0
0
0
0
0
0
0
0
0
0
0
0
0
0
0
0
0
0
0
0
0
0
0
0
0
0
0
0
0
0
0
0
0
0
0
0
0
0
0
0
0
0
0
0
0
0
0
0
0
0
0
0
0
0
0
0
0
0
0
0
0
0
0
0
0
0
0
0
0
0
0
0
0
0
0
0
0
0
0
0
0
0
0
0
0
0
0
0
0
0
0
0
0
0
0
0
0
0
0
0
0
0
0
0
0
0
0
0
0
0
0
0
0
0
0
0
0
0
0
0
0
0
0
0
0
0
0
0
0
0
0
0
0
0
0
0
0
0
0
0
0
0
0
0
0
0
0
0
0
0
0
0
0
0
0
0
0
0
0
0
0
0
0
0
0
0
0
0
0
0
0
0
0
0
0
0
0
0
0
0
0
0
0
0
0
0
0
0
0
0
0
0
0
0
0
0
0
0
0
0
0
0
0
0
0
0
0
0
0
0
0
0
0
0
0
0
0
0
0
0
0
0
0
0
0
0
0
0
0
0
0
0
0
0
0
0
0
0
0
0
0
0
0
0
0
0
0
0
0
0
0
0
0
0
0
0
0
0
0
0
0
0
0
0
0
0
0
0
0
0
0
0
0
0
0
0
0
0
0
0
0
0
0
0
0
0
0
0
0
0
0
0
0
0
0
0
0
0
0
0
0
0
0
0
0
0
0
0
0
0
0
0
0
0
0
0
0
0
0
0
0
0
0
0
0
0
0
0
0
0
0
0
0
0
0
0
0
0
0
0
0
0
0
0
0
0
0
0
0
0
0
0
0
0
0
0
0
0
0
0
0
0
0
0
0
0
0
0
0
0
0
0
0
0
0
0
0
0
0
0
0
0
0
0
0
0
0
0
0
0
0
0
0
0
0
0
0
0
0
0
0
0
0
0
0
0
0
0
0
0
0
0
0
0
0
0
0
0
0
0
0
0
0
0
0
0
0
0
0
0
0
0
0
0
0
0
0
0
0
0
0
0
0
0
0
0
0
0
0
0
0
0
0
0
0
0
0
0
0
0
0
0
0
0
0
0
0
0
0
0
0
0
0
0
0
0
0
0
0
0
0
0
0
0
0
0
0
0
0
0
0
0
0
0
0
0
0
0
0
0
0
0
0
0
0
0
0
0
0
0
0
0
0
0
0
0
0
0
0
0
0
0
0
0
0
0
0
0
0
0
0
0
0
0
0
0
0
0
0
0
0
0
0
0
0
0
0
0
0
0
0
0
0
0
0
0
0
0
0
0
0
0
0
0
0
0
0
0
0
0
0
0
0
0
0
0
0
0
0
0
0
0
0
0
0
0
0
0
0
0
0
0
0
0
0
0
0
0
0
0
0
0
0
0
0
0
0
0
0
0
0
0
0
0
0
0
0
0
0
0
0
0
0
0
0
0
0
0
0
0
0
0
0
0
0
0
0
0
0
0
0
0
0
0
0
0
0
0
0
0
0
0
0
0
0
0
0
0
0
0
0
0
0
0
0
0
0
0
0
0
0
0
0
0
0
0
0
0
0
0
0
0
0
0
0
0
0
0
0
0
0
0
0
0
0
0
0
0
0
0
0
0
0
0
0
0
0
0
0
0
0
0
0
0
0
0
0
0
0
0
0
0
0
0
0
0
0
0
0
0
0
0
0
0
0
0
0
0
0
0
0
0
0
0
0
0
0
0
0
0
0
0
0
0
0
0
0
0
0
0
0
0
0
0
0
0
0
0
0
0
0
0
0
0
0
0
0
0
0
0
0
0
0
0
0
0
0
0
0
0
0
0
0
0
0
0
0
0
0
0
0
0
0
0
0
0
0
0
0
0
0
0
0
0
0
0
0
0
0
0
0
0
0
0
0
0
0
0
0
0
0
0
0
0
0
0
0
0
0
0
0
0
0
0
0
0
0
0
0
0
0
0
0
0
0
0
0
0
0
0
0
0
0
0
0
0
0
0
0
0
0
0
0
0
0
0
0
0
0
0
0
0
0
0
0
0
0
0
0
0
0
0
0
0
0
0
0
0
0
0
0
0
0
0
0
0
0
0
0
0
0
0
0
0
0
0
0
0
0
0
0
0
0
0
0
0
0
0
0
0
0
0
0
0
0
0
0
0
0
0
0
0
0
0
0
0
0
0
0
0
0
0
0
0
0
0
0
0
0
0
0
0
0
0
0
0
0
0
0
0
0
0
0
0
0
0
0
0
0
0
0
0
0
0
0
0
0
0
0
0
0
0
0
0
0
0
0
0
0
0
0
0
0
0
0
0
0
0
0
0
0
0
0
0
0
0
0
0
0
0
0
0
0
0
0
0
0
0
0
0
0
0
0
0
0
0
0
0
0
0
0
0
0
0
0
0
0
0
0
0
0
0
0
0
0
0
0
0
0
0
0
0
0
0
0
0
0
0
0
0
0
0
0
0
0
0
0
0
0
0
0
0
0
0
0
0
0
0
0
0
0
0
0
0
0
0
0
0
0
0
0
0
0
0
0
0
0
0
0
0
0
0
0
0
0
0
0
0
0
0
0
0
0
0
0
0
0
0
0
0
0
0
0
0
0
0
0
0
0
0
0
0
0
0
0
0
0
0
0
0
0
0
0
0
0
0
0
0
0
0
0
0
0
0
0
0
0
0
0
0
0
0
0
0
0
0
0
0
0
0
0
0
0
0
0
0
0
0
0
0
0
0
0
0
0
0
0
0
0
0
0
0
0
0
0
0
0
0
0
0
0
0
0
0
0
0
0
0
0
0
0
0
0
0
0
0
0
0
0
0
0
0
0
0
0
0
0
0
0
0
0
0
0
0
0
0
0
0
0
0
0
0
0
0
0
0
0
0
0
0
0
0
0
0
0
0
0
0
0
0
0
0
0
0
0
0
0
0
0
0
0
0
0
0
0
0
0
0
0
0
0
0
0
0
0
0
0
0
0
0
0
0
0
0
0
0
0
0
0
0
0
0
0
0
0
0
0
0
0
0
0
0
0
0
0
0
0
0
0
0
0
0
0
0
0
0
0
0
0
0
0
0
0
0
0
0
0
0
0
0
0
0
0
0
0
0
0
0
0
0
0
0
0
0
0
0
0
0
0
0
0
0
0
0
0
0
0
0
0
0
0
0
0
0
0
0
0
0
0
0
0
0
0
0
0
0
0
0
0
0
0
0
0
0
0
0
0
0
0
0
0
0
0
0
0
0
0
0
0
0
0
0
0
0
0
0
0
0
0
0
0
0
0
0
0
0
0
0
0
0
0
0
0
0
0
0
0
0
0
0
0
0
0
0
0
0
0
0
0
0
0
0
0
0
0
0
0
0
0
0
0
0
0
0
0
0
0
0
0
0
0
0
0
0
0
0
0
0
0
0
0
0
0
0
0
0
0
0
0
0
0
0
0
0
0
0
0
0
0
0
0
0
0
0
0
0
0
0
0
0
0
0
0
0
0
0
0
0
0
0
0
0
0
0
0
0
0
0
0
0
0
0
0
0
0
0
0
0
0
0
0
0
0
0
0
0
0
0
0
0
0
0
0
0
0
0
0
0
0
0
0
0
0
0
0
0
0
0
0
0
0
0
0
0
0
0
0
0
0
0
0
0
0
0
0
0
0
0
0
0
0
0
0
0
0
0
0
0
0
0
0
0
0
0
0
0
0
0
0
0
0
0
0
0
0
0
0
0
0
0
0
0
0
0
0
0
0
0
0
0
0
0
0
0
0
0
0
0
0
0
0
0
0
0
0
0
0
0
0
0
0
0
0
0
0
0
0
0
0
0
0
0
0
0
0
0
0
0
0
0
0
0
0
0
0
0
0
0
0
0
0
0
0
0
0
0
0
0
0
0
0
0
0
0
0
0
0
0
0
0
0
0
0
0
0
0
0
0
0
0
0
0
0
0
0
0
0
0
0
0
0
0
0
0
0
0
0
0
0
0
0
0
0
0
0
0
0
0
0
0
0
0
0
0
0
0
0
0
0
0
0
0
0
0
0
0
0
0
0
0
0
0
0
0
0
0
0
0
0
0
0
0
0
0
0
0
0
0
0
0
0
0
0
0
0
0
0
0
0
0
0
0
0
0
0
0
0
0
0
0
0
0
0
0
0
0
0
0
0
0
0
0
0
0
0
0
0
0
0
0
0
0
0
0
0
0
0
0
0
0
0
0
0
0
0
0
0
0
0
0
0
0
0
0
0
0
0
0
0
0
0
0
0
0
0
0
0
0
0
0
0
0
0
0
0
0
0
0
0
0
0
0
0
0
0
0
0
0
0
0
0
0
0
0
0
0
0
0
0
0
0
0
0
0
0
0
0
0
0
0
0
0
0
0
0
0
0
0
0
0
0
0
0
0
0
0
0
0
0
0
0
0
0
0
0
0
0
0
0
0
0
0
0
0
0
0
0
0
0
0
0
0
0
0
0
0
0
0
0
0
0
0
0
0
0
0
0
0
0
0
0
0
0
0
0
0
0
0
0
0
0
0
0
0
0
0
0
0
0
0
0
0
0
0
0
0
0
0
0
0
0
0
0
0
0
0
0
0
0
0
0
0
0
0
0
0
0
0
0
0
0
0
0
0
0
0
0
0
0
0
0
0
0
0
0
0
0
0
0
0
0
0
0
0
0
0
0
0
0
0
0
0
0
0
0
0
0
0
0
0
0
0
0
0
0
0
0
0
0
0
0
0
0
0
0
0
0
0
0
0
0
0
0
0
0
0
0
0
0
0
0
0
0
0
0
0
0
0
0
0
0
0
0
0
0
0
0
0
0
0
0
0
0
0
0
0
0
0
0
0
0
0
0
0
0
0
0
0
0
0
0
0
0
0
0
0
0
0
0
0
0
0
0
0
0
0
0
0
0
0
0
0
0
0
0
0
0
0
0
0
0
0
0
0
0
0
0
0
0
0
0
0
0
0
0
0
0
0
0
0
0
0
0
0
0
0
0
0
0
0
0
0
0
0
0
0
0
0
0
0
0
0
0
0
0
0
0
0
0
0
0
0
0
0
0
0
0
0
0
0
0
0
0
0
0
0
0
0
0
0
0
0
0
0
0
0
0
0
0
0
0
0
0
0
0
0
0
0
0
0
0
0
0
0
0
0
0
0
0
0
0
0
0
0
0
0
0
0
0
0
0
0
0
0
0
0
0
0
0
0
0
0
0
0
0
0
0
0
0
0
0
0
0
0
0
0
0
0
0
0
0
0
0
0
0
0
0
0
0
0
0
0
0
0
0
0
0
0
0
0
0
0
0
0
0
0
0
0
0
0
0
0
0
0
0
0
0
0
0
0
0
0
0
0
0
0
0
0
0
0
0
0
0
0
0
0
0
0
0
0
0
0
0
0
0
0
0
0
0
0
0
0
0
0
0
0
0
0
0
0
0
0
0
0
0
0
0
0
0
0
0
0
0
0
0
0
0
0
0
0
0
0
0
0
0
0
0
0
0
0
0
0
0
0
0
0
0
0
0
0
0
0
0
0
0
0
0
0
0
0
0
0
0
0
0
0
0
0
0
0
0
0
0
0
0
0
0
0
0
0
0
0
0
0
0
0
0
0
0
0
0
0
0
0
0
0
0
0
0
0
0
0
0
0
0
0
0
0
0
0
0
0
0
0
0
0
0
0
0
0
0
0
0
0
0
0
0
0
0
0
0
0
0
0
0
0
0
0
0
0
0
0
0
0
0
0
0
0
0
0
0
0
0
0
0
0
0
0
0
0
0
0
0
0
0
0
0
0
0
0
0
0
0
0
0
0
0
0
0
0
0
0
0
0
0
0
0
0
0
0
0
0
0
0
0
0
0
0
0
0
0
0
0
0
0
0
0
0
0
0
0
0
0
0
0
0
0
0
0
0
0
0
0
0
0
0
0
0
0
0
0
0
0
0
0
0
0
0
0
0
0
0
0
0
0
0
0
0
0
0
0
0
0
0
0
0
0
0
0
0
0
0
0
0
0
0
0
0
0
0
0
0
0
0
0
0
0
0
0
0
0
0
0
0
0
0
0
0
0
0
0
0
0
0
0
0
0
0
0
0
0
0
0
0
0
0
0
0
0
0
0
0
0
0
0
0
0
0
0
0
0
0
0
0
0
0
0
0
0
0
0
0
0
0
0
0
0
0
0
0
0
0
0
0
0
0
0
0
0
0
0
0
0
0
0
0
0
0
0
0
0
0
0
0
0
0
0
0
0
0
0
0
0
0
0
0
0
0
0
0
0
0
0
0
0
0
0
0
0
0
0
0
0
0
0
0
0
0
0
0
0
0
0
0
0
0
0
0
0
0
0
0
0
0
0
0
0
0
0
0
0
0
0
0
0
0
0
0
0
0
0
0
0
0
0
0
0
0
0
0
0
0
0
0
0
0
0
0
0
0
0
0
0
0
0
0
0
0
0
0
0
0
0
0
0
0
0
0
0
0
0
0
0
0
0
0
0
0
0
0
0
0
0
0
0
0
0
0
0
0
0
0
0
0
0
0
0
0
0
0
0
0
0
0
0
0
0
0
0
0
0
0
0
0
0
0
0
0
0
0
0
0
0
0
0
0
0
0
0
0
0
0
0
0
0
0
0
0
0
0
0
0
0
0
0
0
0
0
0
0
0
0
0
0
0
0
0
0
0
0
0
0
0
0
0
0
0
0
0
0
0
0
0
0
0
0
0
0
0
0
0
0
0
0
0
0
0
0
0
0
0
0
0
0
0
0
0
0
0
0
0
0
0
0
0
0
0
0
0
0
0
0
0
0
0
0
0
0
0
0
0
0
0
0
0
0
0
0
0
0
0
0
0
0
0
0
0
0
0
0
0
0
0
0
0
0
0
0
0
0
0
0
0
0
0
0
0
0
0
0
0
0
0
0
0
0
0
0
0
0
0
0
0
0
0
0
0
0
0
0
0
0
0
0
0
0
0
0
0
0
0
0
0
0
0
0
0
0
0
0
0
0
0
0
0
0
0
0
0
0
0
0
0
0
0
0
0
0
0
0
0
0
0
0
0
0
0
0
0
0
0
0
0
0
0
0
0
0
0
0
0
0
0
0
0
0
0
0
0
0
0
0
0
0
0
0
0
0
0
0
0
0
0
0
0
0
0
0
0
0
0
0
0
0
0
0
0
0
0
0
0
0
0
0
0
0
0
0
0
0
0
0
0
0
0
0
0
0
0
0
0
0
0
0
0
0
0
0
0
0
0
0
0
0
0
0
0
0
0
0
0
0
0
0
0
0
0
0
0
0
0
0
0
0
0
0
0
0
0
0
0
0
0
0
0
0
0
0
0
0
0
0
0
0
0
0
0
0
0
0
0
0
0
0
0
0
0
0
0
0
0
0
0
0
0
0
0
0
0
0
0
0
0
0
0
0
0
0
0
0
0
0
0
0
0
0
0
0
0
0
0
0
0
0
0
0
0
0
0
0
0
0
0
0
0
0
0
0
0
0
0
0
0
0
0
0
0
0
0
0
0
0
0
0
0
0
0
0
0
0
0
0
0
0
0
0
0
0
0
0
0
0
0
0
0
0
0
0
0
0
0
0
0
0
0
0
0
0
0
0
0
0
0
0
0
0
0
0
0
0
0
0
0
0
0
0
0
0
0
0
0
0
0
0
0
0
0
0
0
0
0
0
0
0
0
0
0
0
0
0
0
0
0
0
0
0
0
0
0
0
0
0
0
0
0
0
0
0
0
0
0
0
0
0
0
0
0
0
0
0
0
0
0
0
0
0
0
0
0
0
0
0
0
0
0
0
0
0
0
0
0
0
0
0
0
0
0
0
0
0
0
0
0
0
0
0
0
0
0
0
0
0
0
0
0
0
0
0
0
0
0
0
0
0
0
0
0
0
0
0
0
0
0
0
0
0
0
0
0
0
0
0
0
0
0
0
0
0
0
0
0
0
0
0
0
0
0
0
0
0
0
0
0
0
0
0
0
0
0
0
0
0
0
0
0
0
0
0
0
0
0
0
0
0
0
0
0
0
0
0
0
0
0
0
0
0
0
0
0
0
0
0
0
0
0
0
0
0
0
0
0
0
0
0
0
0
0
0
0
0
0
0
0
0
0
0
0
0
0
0
0
0
0
0
0
0
0
0
0
0
0
0
0
0
0
0
0
0
0
0
0
0
0
0
0
0
0
0
0
0
0
0
0
0
0
0
0
0
0
0
0
0
0
0
0
0
0
0
0
0
0
0
0
0
0
0
0
0
0
0
0
0
0
0
0
0
0
0
0
0
0
0
0
0
0
0
0
0
0
0
0
0
0
0
0
0
0
0
0
0
0
0
0
0
0
0
0
0
0
0
0
0
0
0
0
0
0
0
0
0
0
0
0
0
0
0
0
0
0
0
0
0
0
0
0
0
0
0
0
0
0
0
0
0
0
0
0
0
0
0
0
0
0
0
0
0
0
0
0
0
0
0
0
0
0
0
0
0
0
0
0
0
0
0
0
0
0
0
0
0
0
0
0
0
0
0
0
0
0
0
0
0
0
0
0
0
0
0
0
0
0
0
0
0
0
0
0
0
0
0
0
0
0
0
0
0
0
0
0
0
0
0
0
0
0
0
0
0
0
0
0
0
0
0
0
0
0
0
0
0
0
0
0
0
0
0
0
0
0
0
0
0
0
0
0
0
0
0
0
0
0
0
0
0
0
0
0
0
0
0
0
0
0
0
0
0
0
0
0
0
0
0
0
0
0
0
0
0
0
0
0
0
0
0
0
0
0
0
0
0
0
0
0
0
0
0
0
0
0
0
0
0
0
0
0
0
0
0
0
0
0
0
0
0
0
0
0
0
0
0
0
0
0
0
0
0
0
0
0
0
0
0
0
0
0
0
0
0
0
0
0
0
0
0
0
0
0
0
0
0
0
0
0
0
0
0
0
0
0
0
0
0
0
0
0
0
0
0
0
0
0
0
0
0
0
0
0
0
0
0
0
0
0
0
0
0
0
0
0
0
0
0
0
0
0
0
0
0
0
0
0
0
0
0
0
0
0
0
0
0
0
0
0
0
0
0
0
0
0
0
0
0
0
0
0
0
0
0
0
0
0
0
0
0
0
0
0
0
0
0
0
0
0
0
0
0
0
0
0
0
0
0
0
0
0
0
0
0
0
0
0
0
0
0
0
0
0
0
0
0
0
0
0
0
0
0
0
0
0
0
0
0
0
0
0
0
0
0
0
0
0
0
0
0
0
0
0
0
0
0
0
0
0
0
0
0
0
0
0
0
0
0
0
0
0
0
0
0
0
0
0
0
0
0
0
0
0
0
0
0
0
0
0
0
0
0
0
0
0
0
0
0
0
0
0
0
0
0
0
0
0
0
0
0
0
0
0
0
0
0
0
0
0
0
0
0
0
0
0
0
0
0
0
0
0
0
0
0
0
0
0
0
0
0
0
0
0
0
0
0
0
0
0
0
0
0
0
0
0
0
0
0
0
0
0
0
0
0
0
0
0
0
0
0
0
0
0
0
0
0
0
0
0
0
0
0
0
0
0
0
0
0
0
0
0
0
0
0
0
0
0
0
0
0
0
0
0
0
0
0
0
0
0
0
0
0
0
0
0
0
0
0
0
0
0
0
0
0
0
0
0
0
0
0
0
0
0
0
0
0
0
0
0
0
0
0
0
0
0
0
0
0
0
0
0
0
0
0
0
0
0
0
0
0
0
0
0
0
0
0
0
0
0
0
0
0
0
0
0
0
0
0
0
0
0
0
0
0
0
0
0
0
0
0
0
0
0
0
0
0
0
0
0
0
0
0
0
0
0
0
0
0
0
0
0
0
0
0
0
0
0
0
0
0
0
0
0
0
0
0
0
0
0
0
0
0
0
0
0
0
0
0
0
0
0
0
0
0
0
0
0
0
0
0
0
0
0
0
0
0
0
0
0
0
0
0
0
0
0
0
0
0
0
0
0
0
0
0
0
0
0
0
0
0
0
0
0
0
0
0
0
0
0
0
0
0
0
0
0
0
0
0
0
0
0
0
0
0
0
0
0
0
0
0
0
0
0
0
0
0
0
0
0
0
0
0
0
0
0
0
0
0
0
0
0
0
0
0
0
0
0
0
0
0
0
0
0
0
0
0
0
0
0
0
0
0
0
0
0
0
0
0
0
0
0
0
0
0
0
0
0
0
0
0
0
0
0
0
0
0
0
0
0
0
0
0
0
0
0
0
0
0
0
0
0
0
0
0
0
0
0
0
0
0
0
0
0
0
0
0
0
0
0
0
0
0
0
0
0
0
0
0
0
0
0
0
0
0
0
0
0
0
0
0
0
0
0
0
0
0
0
0
0
0
0
0
0
0
0
0
0
0
0
0
0
0
0
0
0
0
0
0
0
0
0
0
0
0
0
0
0
0
0
0
0
0
0
0
0
0
0
0
0
0
0
0
0
0
0
0
0
0
0
0
0
0
0
0
0
0
0
0
0
0
0
0
0
0
0
0
0
0
0
0
0
0
0
0
0
0
0
0
0
0
0
0
0
0
0
0
0
0
0
0
0
0
0
0
0
0
0
0
0
0
0
0
0
0
0
0
0
0
0
0
0
0
0
0
0
0
0
0
0
0
0
0
0
0
0
0
0
0
0
0
0
0
0
0
0
0
0
0
0
0
0
0
0
0
0
0
0
0
0
0
0
0
0
0
0
0
0
0
0
0
0
0
0
0
0
0
0
0
0
0
0
0
0
0
0
0
0
0
0
0
0
0
0
0
0
0
0
0
0
0
0
0
0
0
0
0
0
0
0
0
0
0
0
0
0
0
0
0
0
0
0
0
0
0
0
0
0
0
0
0
0
0
0
0
0
0
0
0
0
0
0
0
0
0
0
0
0
0
0
0
0
0
0
0
0
0
0
0
0
0
0
0
0
0
0
0
0
0
0
0
0
0
0
0
0
0
0
0
0
0
0
0
0
0
0
0
0
0
0
0
0
0
0
0
0
0
0
0
0
0
0
0
0
0
0
0
0
0
0
0
0
0
0
0
0
0
0
0
0
0
0
0
0
0
0
0
0
0
0
0
0
0
0
0
0
0
0
0
0
0
0
0
0
0
0
0
0
0
0
0
0
0
0
0
0
0
0
0
0
0
0
0
0
0
0
0
0
0
0
0
0
0
0
0
0
0
0
0
0
0
0
0
0
0
0
0
0
0
0
0
0
0
0
0
0
0
0
0
0
0
0
0
0
0
0
0
0
0
0
0
0
0
0
0
0
0
0
0
0
0
0
0
0
0
0
0
0
0
0
0
0
0
0
0
0
0
0
0
0
0
0
0
0
0
0
0
0
0
0
0
0
0
0
0
0
0
0
0
0
0
0
0
0
0
0
0
0
0
0
0
0
0
0
0
0
0
0
0
0
0
0
0
0
0
0
0
0
0
0
0
0
0
0
0
0
0
0
0
0
0
0
0
0
0
0
0
0
0
0
0
0
0
0
0
0
0
0
0
0
0
0
0
0
0
0
0
0
0
0
0
0
0
0
0
0
0
0
0
0
0
0
0
0
0
0
0
0
0
0
0
0
0
0
0
0
0
0
0
0
0
0
0
0
0
0
0
0
0
0
0
0
0
0
0
0
0
0
0
0
0
0
0
0
0
0
0
0
0
0
0
0
0
0
0
0
0
0
0
0
0
0
0
0
0
0
0
0
0
0
0
0
0
0
0
0
0
0
0
0
0
0
0
0
0
0
0
0
0
0
0
0
0
0
0
0
0
0
0
0
0
0
0
0
0
0
0
0
0
0
0
0
0
0
0
0
0
0
0
0
0
0
0
0
0
0
0
0
0
0
0
0
0
0
0
0
0
0
0
0
0
0
0
0
0
0
0
0
0
0
0
0
0
0
0
0
0
0
0
0
0
0
0
0
0
0
0
0
0
0
0
0
0
0
0
0
0
0
0
0
0
0
0
0
0
0
0
0
0
0
0
0
0
0
0
0
0
0
0
0
0
0
0
0
0
0
0
0
0
0
0
0
0
0
0
0
0
0
0
0
0
0
0
0
0
0
0
0
0
0
0
0
0
0
0
0
0
0
0
0
0
0
0
0
0
0
0
0
0
0
0
0
0
0
0
0
0
0
0
0
0
0
0
0
0
0
0
0
0
0
0
0
0
0
0
0
0
0
0
0
0
0
0
0
0
0
0
0
0
0
0
0
0
0
0
0
0
0
0
0
0
0
0
0
0
0
0
0
0
0
0
0
0
0
0
0
0
0
0
0
0
0
0
0
0
0
0
0
0
0
0
0
0
0
0
0
0
0
0
0
0
0
0
0
0
0
0
0
0
0
0
0
0
0
0
0
0
0
0
0
0
0
0
0
0
0
0
0
0
0
0
0
0
0
0
0
0
0
0
0
0
0
0
0
0
0
0
0
0
0
0
0
0
0
0
0
0
0
0
0
0
0
0
0
0
0
0
0
0
0
0
0
0
0
0
0
0
0
0
0
0
0
0
0
0
0
0
0
0
0
0
0
0
0
0
0
0
0
0
0
0
0
0
0
0
0
0
0
0
0
0
0
0
0
0
0
0
0
0
0
0
0
0
0
0
0
0
0
0
0
0
0
0
0
0
0
0
0
0
0
0
0
0
0
0
0
0
0
0
0
0
0
0
0
0
0
0
0
0
0
0
0
0
0
0
0
0
0
0
0
0
0
0
0
0
0
0
0
0
0
0
0
0
0
0
0
0
0
0
0
0
0
0
0
0
0
0
0
0
0
0
0
0
0
0
0
0
0
0
0
0
0
0
0
0
0
0
0
0
0
0
0
0
0
0
0
0
0
0
0
0
0
0
0
0
0
0
0
0
0
0
0
0
0
0
0
0
0
0
0
0
0
0
0
0
0
0
0
0
0
0
0
0
0
0
0
0
0
0
0
0
0
0
0
0
0
0
0
0
0
0
0
0
0
0
0
0
0
0
0
0
0
0
0
0
0
0
0
0
0
0
0
0
0
0
0
0
0
0
0
0
0
0
0
0
0
0
0
0
0
0
0
0
0
0
0
0
0
0
0
0
0
0
0
0
0
0
0
0
0
0
0
0
0
0
0
0
0
0
0
0
0
0
0
0
0
0
0
0
0
0
0
0
0
0
0
0
0
0
0
0
0
0
0
0
0
0
0
0
0
0
0
0
0
0
0
0
0
0
0
0
0
0
0
0
0
0
0
0
0
0
0
0
0
0
0
0
0
0
0
0
0
0
0
0
0
0
0
0
0
0
0
0
0
0
0
0
0
0
0
0
0
0
0
0
0
0
0
0
0
0
0
0
0
0
0
0
0
0
0
0
0
0
0
0
0
0
0
0
0
0
0
0
0
0
0
0
0
0
0
0
0
0
0
0
0
0
0
0
0
0
0
0
0
0
0
0
0
0
0
0
0
0
0
0
0
0
0
0
0
0
0
0
0
0
0
0
0
0
0
0
0
0
0
0
0
0
0
0
0
0
0
0
0
0
0
0
0
0
0
0
0
0
0
0
0
0
0
0
0
0
0
0
0
0
0
0
0
0
0
0
0
0
0
0
0
0
0
0
0
0
0
0
0
0
0
0
0
0
0
0
0
0
0
0
0
0
0
0
0
0
0
0
0
0
0
0
0
0
0
0
0
0
0
0
0
0
0
0
0
0
0
0
0
0
0
0
0
0
0
0
0
0
0
0
0
0
0
0
0
0
0
0
0
0
0
0
0
0
0
0
0
0
0
0
0
0
0
0
0
0
0
0
0
0
0
0
0
0
0
0
0
0
0
0
0
0
0
0
0
0
0
0
0
0
0
0
0
0
0
0
0
0
0
0
0
0
0
0
0
0
0
0
0
0
0
0
0
0
0
0
0
0
0
0
0
0
0
0
0
0
0
0
0
0
0
0
0
0
0
0
0
0
0
0
0
0
0
0
0
0
0
0
0
0
0
0
0
0
0
0
0
0
0
0
0
0
0
0
0
0
0
0
0
0
0
0
0
0
0
0
0
0
0
0
0
0
0
0
0
0
0
0
0
0
0
0
0
0
0
0
0
0
0
0
0
0
0
0
0
0
0
0
0
0
0
0
0
0
0
0
0
0
0
0
0
0
0
0
0
0
0
0
0
0
0
0
0
0
0
0
0
0
0
0
0
0
0
0
0
0
0
0
0
0
0
0
0
0
0
0
0
0
0
0
0
0
0
0
0
0
0
0
0
0
0
0
0
0
0
0
0
0
0
0
0
0
0
0
0
0
0
0
0
0
0
0
0
0
0
0
0
0
0
0
0
0
0
0
0
0
0
0
0
0
0
0
0
0
0
0
0
0
0
0
0
0
0
0
0
0
0
0
0
0
0
0
0
0
0
0
0
0
0
0
0
0
0
0
0
0
0
0
0
0
0
0
0
0
0
0
0
0
0
0
0
0
0
0
0
0
0
0
0
0
0
0
0
0
0
0
0
0
0
0
0
0
0
0
0
0
0
0
0
0
0
0
0
0
0
0
0
0
0
0
0
0
0
0
0
0
0
0
0
0
0
0
0
0
0
0
0
0
0
0
0
0
0
0
0
0
0
0
0
0
0
0
0
0
0
0
0
0
0
0
0
0
0
0
0
0
0
0
0
0
0
0
0
0
0
0
0
0
0
0
0
0
0
0
0
0
0
0
0
0
0
0
0
0
0
0
0
0
0
0
0
0
0
0
0
0
0
0
0
0
0
0
0
0
0
0
0
0
0
0
0
0
0
0
0
0
0
0
0
0
0
0
0
0
0
0
0
0
0
0
0
0
0
0
0
0
0
0
0
0
0
0
0
0
0
0
0
0
0
0
0
0
0
0
0
0
0
0
0
0
0
0
0
0
0
0
0
0
0
0
0
0
0
0
0
0
0
0
0
0
0
0
0
0
0
0
0
0
0
0
0
0
0
0
0
0
0
0
0
0
0
0
0
0
0
0
0
0
0
0
0
0
0
0
0
0
0
0
0
0
0
0
0
0
0
0
0
0
0
0
0
0
0
0
0
0
0
0
0
0
0
0
0
0
0
0
0
0
0
0
0
0
0
0
0
0
0
0
0
0
0
0
0
0
0
0
0
0
0
0
0
0
0
0
0
0
0
0
0
0
0
0
0
0
0
0
0
0
0
0
0
0
0
0
0
0
0
0
0
0
0
0
0
0
0
0
0
0
0
0
0
0
0
0
0
0
0
0
0
0
0
0
0
0
0
0
0
0
0
0
0
0
0
0
0
0
0
0
0
0
0
0
0
0
0
0
0
0
0
0
0
0
0
0
0
0
0
0
0
0
0
0
0
0
0
0
0
0
0
0
0
0
0
0
0
0
0
0
0
0
0
0
0
0
0
0
0
0
0
0
0
0
0
0
0
0
0
0
0
0
0
0
0
0
0
0
0
0
0
0
0
0
0
0
0
0
0
0
0
0
0
0
0
0
0
0
0
0
0
0
0
0
0
0
0
0
0
0
0
0
0
0
0
0
0
0
0
0
0
0
0
0
0
0
0
0
0
0
0
0
0
0
0
0
0
0
0
0
0
0
0
0
0
0
0
0
0
0
0
0
0
0
0
0
0
0
0
0
0
0
0
0
0
0
0
0
0
0
0
0
0
0
0
0
0
0
0
0
0
0
0
0
0
0
0
0
0
0
0
0
0
0
0
0
0
0
0
0
0
0
0
0
0
0
0
0
0
0
0
0
0
0
0
0
0
0
0
0
0
0
0
0
0
0
0
0
0
0
0
0
0
0
0
0
0
0
0
0
0
0
0
0
0
0
0
0
0
0
0
0
0
0
0
0
0
0
0
0
0
0
0
0
0
0
0
0
0
0
0
0
0
0
0
0
0
0
0
0
0
0
0
0
0
0
0
0
0
0
0
0
0
0
0
0
0
0
0
0
0
0
0
0
0
0
0
0
0
0
0
0
0
0
0
0
0
0
0
0
0
0
0
0
0
0
0
0
0
0
0
0
0
0
0
0
0
0
0
0
0
0
0
0
0
0
0
0
0
0
0
0
0
0
0
0
0
0
0
0
0
0
0
0
0
0
0
0
0
0
0
0
0
0
0
0
0
0
0
0
0
0
0
0
0
0
0
0
0
0
0
0
0
0
0
0
0
0
0
0
0
0
0
0
0
0
0
0
0
0
0
0
0
0
0
0
0
0
0
0
0
0
0
0
0
0
0
0
0
0
0
0
0
0
0
0
0
0
0
0
0
0
0
0
0
0
0
0
0
0
0
0
0
0
0
0
0
0
0
0
0
0
0
0
0
0
0
0
0
0
0
0
0
0
0
0
0
0
0
0
0
0
0
0
0
0
0
0
0
0
0
0
0
0
0
0
0
0
0
0
0
0
0
0
0
0
0
0
0
0
0
0
0
0
0
0
0
0
0
0
0
0
0
0
0
0
0
0
0
0
0
0
0
0
0
0
0
0
0
0
0
0
0
0
0
0
0
0
0
0
0
0
0
0
0
0
0
0
0
0
0
0
0
0
0
0
0
0
0
0
0
0
0
0
0
0
0
0
0
0
0
0
0
0
0
0
0
0
0
0
0
0
0
0
0
0
0
0
0
0
0
0
0
0
0
0
0
0
0
0
0
0
0
0
0
0
0
0
0
0
0
0
0
0
0
0
0
0
0
0
0
0
0
0
0
0
0
0
0
0
0
0
0
0
0
0
0
0
0
0
0
0
0
0
0
0
0
0
0
0
0
0
0
0
0
0
0
0
0
0
0
0
0
0
0
0
0
0
0
0
0
0
0
0
0
0
0
0
0
0
0
0
0
0
0
0
0
0
0
0
0
0
0
0
0
0
0
0
0
0
0
0
0
0
0
0
0
0
0
0
0
0
0
0
0
0
0
0
0
0
0
0
0
0
0
0
0
0
0
0
0
0
0
0
0
0
0
0
0
0
0
0
0
0
0
0
0
0
0
0
0
0
0
0
0
0
0
0
0
0
0
0
0
0
0
0
0
0
0
0
0
0
0
0
0
0
0
0
0
0
0
0
0
0
0
0
0
0
0
0
0
0
0
0
0
0
0
0
0
0
0
0
0
0
0
0
0
0
0
0
0
0
0
0
0
0
0
0
0
0
0
0
0
0
0
0
0
0
0
0
0
0
0
0
0
0
0
0
0
0
0
0
0
0
0
0
0
0
0
0
0
0
0
0
0
0
0
0
0
0
0
0
0
0
0
0
0
0
0
0
0
0
0
0
0
0
0
0
0
0
0
0
0
0
0
0
0
0
0
0
0
0
0
0
0
0
0
0
0
0
0
0
0
0
0
0
0
0
0
0
0
0
0
0
0
0
0
0
0
0
0
0
0
0
0
0
0
0
0
0
0
0
0
0
0
0
0
0
0
0
0
0
0
0
0
0
0
0
0
0
0
0
0
0
0
0
0
0
0
0
0
0
0
0
0
0
0
0
0
0
0
0
0
0
0
0
0
0
0
0
0
0
0
0
0
0
0
0
0
0
0
0
0
0
0
0
0
0
0
0
0
0
0
0
0
0
0
0
0
0
0
0
0
0
0
0
0
0
0
0
0
0
0
0
0
0
0
0
0
0
0
0
0
0
0
0
0
0
0
0
0
0
0
0
0
0
0
0
0
0
0
0
0
0
0
0
0
0
0
0
0
0
0
0
0
0
0
0
0
0
0
0
0
0
0
0
0
0
0
0
0
0
0
0
0
0
0
0
0
0
0
0
0
0
0
0
0
0
0
0
0
0
0
0
0
0
0
0
0
0
0
0
0
0
0
0
0
0
0
0
0
0
0
0
0
0
0
0
0
0
0
0
0
0
0
0
0
0
0
0
0
0
0
0
0
0
0
0
0
0
0
0
0
0
0
0
0
0
0
0
0
0
0
0
0
0
0
0
0
0
0
0
0
0
0
0
0
0
0
0
0
0
0
0
0
0
0
0
0
0
0
0
0
0
0
0
0
0
0
0
0
0
0
0
0
0
0
0
0
0
0
0
0
0
0
0
0
0
0
0
0
0
0
0
0
0
0
0
0
0
0
0
0
0
0
0
0
0
0
0
0
0
0
0
0
0
0
0
0
0
0
0
0
0
0
0
0
0
0
0
0
0
0
0
0
0
0
0
0
0
0
0
0
0
0
0
0
0
0
0
0
0
0
0
0
0
0
0
0
0
0
0
0
0
0
0
0
0
0
0
0
0
0
0
0
0
0
0
0
0
0
0
0
0
0
0
0
0
0
0
0
0
0
0
0
0
0
0
0
0
0
0
0
0
0
0
0
0
0
0
0
0
0
0
0
0
0
0
0
0
0
0
0
0
0
0
0
0
0
0
0
0
0
0
0
0
0
0
0
0
0
0
0
0
0
0
0
0
0
0
0
0
0
0
0
0
0
0
0
0
0
0
0
0
0
0
0
0
0
0
0
0
0
0
0
0
0
0
0
0
0
0
0
0
0
0
0
0
0
0
0
0
0
0
0
0
0
0
0
0
0
0
0
0
0
0
0
0
0
0
0
0
0
0
0
0
0
0
0
0
0
0
0
0
0
0
0
0
0
0
0
0
0
0
0
0
0
0
0
0
0
0
0
0
0
0
0
0
0
0
0
0
0
0
0
0
0
0
0
0
0
0
0
0
0
0
0
0
0
0
0
0
0
0
0
0
0
0
0
0
0
0
0
0
0
0
0
0
0
0
0
0
0
0
0
0
0
0
0
0
0
0
0
0
0
0
0
0
0
0
0
0
0
0
0
0
0
0
0
0
0
0
0
0
0
0
0
0
0
0
0
0
0
0
0
0
0
0
0
0
0
0
0
0
0
0
0
0
0
0
0
0
0
0
0
0
0
0
0
0
0
0
0
0
0
0
0
0
0
0
0
0
0
0
0
0
0
0
0
0
0
0
0
0
0
0
0
0
0
0
0
0
0
0
0
0
0
0
0
0
0
0
0
0
0
0
0
0
0
0
0
0
0
0
0
0
0
0
0
0
0
0
0
0
0
0
0
0
0
0
0
0
0
0
0
0
0
0
0
0
0
0
0
0
0
0
0
0
0
0
0
0
0
0
0
0
0
0
0
0
0
0
0
0
0
0
0
0
0
0
0
0
0
0
0
0
0
0
0
0
0
0
0
0
0
0
0
0
0
0
0
0
0
0
0
0
0
0
0
0
0
0
0
0
0
0
0
0
0
0
0
0
0
0
0
0
0
0
0
0
0
0
0
0
0
0
0
0
0
0
0
0
0
0
0
0
0
0
0
0
0
0
0
0
0
0
0
0
0
0
0
0
0
0
0
0
0
0
0
0
0
0
0
0
0
0
0
0
0
0
0
0
0
0
0
0
0
0
0
0
0
0
0
0
0
0
0
0
0
0
0
0
0
0
0
0
0
0
0
0
0
0
0
0
0
0
0
0
0
0
0
0
0
0
0
0
0
0
0
0
0
0
0
0
0
0
0
0
0
0
0
0
0
0
0
0
0
0
0
0
0
0
0
0
0
0
0
0
0
0
0
0
0
0
0
0
0
0
0
0
0
0
0
0
0
0
0
0
0
0
0
0
0
0
0
0
0
0
0
0
0
0
0
0
0
0
0
0
0
0
0
0
0
0
0
0
0
0
0
0
0
0
0
0
0
0
0
0
0
0
0
0
0
0
0
0
0
0
0
0
0
0
0
0
0
0
0
0
0
0
0
0
0
0
0
0
0
0
0
0
0
0
0
0
0
0
0
0
0
0
0
0
0
0
0
0
0
0
0
0
0
0
0
0
0
0
0
0
0
0
0
0
0
0
0
0
0
0
0
0
0
0
0
0
0
0
0
0
0
0
0
0
0
0
0
0
0
0
0
0
0
0
0
0
0
0
0
0
0
0
0
0
0
0
0
0
0
0
0
0
0
0
0
0
0
0
0
0
0
0
0
0
0
0
0
0
0
0
0
0
0
0
0
0
0
0
0
0
0
0
0
0
0
0
0
0
0
0
0
0
0
0
0
0
0
0
0
0
0
0
0
0
0
0
0
0
0
0
0
0
0
0
0
0
0
0
0
0
0
0
0
0
0
0
0
0
0
0
0
0
0
0
0
0
0
0
0
0
0
0
0
0
0
0
0
0
0
0
0
0
0
0
0
0
0
0
0
0
0
0
0
0
0
0
0
0
0
0
0
0
0
0
0
0
0
0
0
0
0
0
0
0
0
0
0
0
0
0
0
0
0
0
0
0
0
0
0
0
0
0
0
0
0
0
0
0
0
0
0
0
0
0
0
0
0
0
0
0
0
0
0
0
0
0
0
0
0
0
0
0
0
0
0
0
0
0
0
0
0
0
0
0
0
0
0
0
0
0
0
0
0
0
0
0
0
0
0
0
0
0
0
0
0
0
0
0
0
0
0
0
0
0
0
0
0
0
0
0
0
0
0
0
0
0
0
0
0
0
0
0
0
0
0
0
0
0
0
0
0
0
0
0
0
0
0
0
0
0
0
0
0
0
0
0
0
0
0
0
0
0
0
0
0
0
0
0
0
0
0
0
0
0
0
0
0
0
0
0
0
0
0
0
0
0
0
0
0
0
0
0
0
0
0
0
0
0
0
0
0
0
0
0
0
0
0
0
0
0
0
0
0
0
0
0
0
0
0
0
0
0
0
0
0
0
0
0
0
0
0
0
0
0
0
0
0
0
0
0
0
0
0
0
0
0
0
0
0
0
0
0
0
0
0
0
0
0
0
0
0
0
0
0
0
0
0
0
0
0
0
0
0
0
0
0
0
0
0
0
0
0
0
0
0
0
0
0
0
0
0
0
0
0
0
0
0
0
0
0
0
0
0
0
0
0
0
0
0
0
0
0
0
0
0
0
0
0
0
0
0
0
0
0
0
0
0
0
0
0
0
0
0
0
0
0
0
0
0
0
0
0
0
0
0
0
0
0
0
0
0
0
0
0
0
0
0
0
0
0
0
0
0
0
0
0
0
0
0
0
0
0
0
0
0
0
0
0
0
0
0
0
0
0
0
0
0
0
0
0
0
0
0
0
0
0
0
0
0
0
0
0
0
0
0
0
0
0
0
0
0
0
0
0
0
0
0
0
0
0
0
0
0
0
0
0
0
0
0
0
0
0
0
0
0
0
0
0
0
0
0
0
0
0
0
0
0
0
0
0
0
0
0
0
0
0
0
0
0
0
0
0
0
0
0
0
0
0
0
0
0
0
0
0
0
0
0
0
0
0
0
0
0
0
0
0
0
0
0
0
0
0
0
0
0
0
0
0
0
0
0
0
0
0
0
0
0
0
0
0
0
0
0
0
0
0
0
0
0
0
0
0
0
0
0
0
0
0
0
0
0
0
0
0
0
0
0
0
0
0
0
0
0
0
0
0
0
0
0
0
0
0
0
0
0
0
0
0
0
0
0
0
0
0
0
0
0
0
0
0
0
0
0
0
0
0
0
0
0
0
0
0
0
0
0
0
0
0
0
0
0
0
0
0
0
0
0
0
0
0
0
0
0
0
0
0
0
0
0
0
0
0
0
0
0
0
0
0
0
0
0
0
0
0
0
0
0
0
0
0
0
0
0
0
0
0
0
0
0
0
0
0
0
0
0
0
0
0
0
0
0
0
0
0
0
0
0
0
0
0
0
0
0
0
0
0
0
0
0
0
0
0
0
0
0
0
0
0
0
0
0
0
0
0
0
0
0
0
0
0
0
0
0
0
0
0
0
0
0
0
0
0
0
0
0
0
0
0
0
0
0
0
0
0
0
0
0
0
0
0
0
0
0
0
0
0
0
0
0
0
0
0
0
0
0
0
0
0
0
0
0
0
0
0
0
0
0
0
0
0
0
0
0
0
0
0
0
0
0
0
0
0
0
0
0
0
0
0
0
0
0
0
0
0
0
0
0
0
0
0
0
0
0
0
0
0
0
0
0
0
0
0
0
0
0
0
0
0
0
0
0
0
0
0
0
0
0
0
0
0
0
0
0
0
0
0
0
0
0
0
0
0
0
0
0
0
0
0
0
0
0
0
0
0
0
0
0
0
0
0
0
0
0
0
0
0
0
0
0
0
0
0
0
0
0
0
0
0
0
0
0
0
0
0
0
0
0
0
0
0
0
0
0
0
0
0
0
0
0
0
0
0
0
0
0
0
0
0
0
0
0
0
0
0
0
0
0
0
0
0
0
0
0
0
0
0
0
0
0
0
0
0
0
0
0
0
0
0
0
0
0
0
0
0
0
0
0
0
0
0
0
0
0
0
0
0
0
0
0
0
0
0
0
0
0
0
0
0
0
0
0
0
0
0
0
0
0
0
0
0
0
0
0
0
0
0
0
0
0
0
0
0
0
0
0
0
0
0
0
0
0
0
0
0
0
0
0
0
0
0
0
0
0
0
0
0
0
0
0
0
0
0
0
0
0
0
0
0
0
0
0
0
0
0
0
0
0
0
0
0
0
0
0
0
0
0
0
0
0
0
0
0
0
0
0
0
0
0
0
0
0
0
0
0
0
0
0
0
0
0
0
0
0
0
0
0
0
0
0
0
0
0
0
0
0
0
0
0
0
0
0
0
0
0
0
0
0
0
0
0
0
0
0
0
0
0
0
0
0
0
0
0
0
0
0
0
0
0
0
0
0
0
0
0
0
0
0
0
0
0
0
0
0
0
0
0
0
0
0
0
0
0
0
0
0
0
0
0
0
0
0
0
0
0
0
0
0
0
0
0
0
0
0
0
0
0
0
0
0
0
0
0
0
0
0
0
0
0
0
0
0
0
0
0
0
0
0
0
0
0
0
0
0
0
0
0
0
0
0
0
0
0
0
0
0
0
0
0
0
0
0
0
0
0
0
0
0
0
0
0
0
0
0
0
0
0
0
0
0
0
0
0
0
0
0
0
0
0
0
0
0
0
0
0
0
0
0
0
0
0
0
0
0
0
0
0
0
0
0
0
0
0
0
0
0
0
0
0
0
0
0
0
0
0
0
0
0
0
0
0
0
0
0
0
0
0
0
0
0
0
0
0
0
0
0
0
0
0
0
0
0
0
0
0
0
0
0
0
0
0
0
0
0
0
0
0
0
0
0
0
0
0
0
0
0
0
0
0
0
0
0
0
0
0
0
0
0
0
0
0
0
0
0
0
0
0
0
0
0
0
0
0
0
0
0
0
0
0
0
0
0
0
0
0
0
0
0
0
0
0
0
0
0
0
0
0
0
0
0
0
0
0
0
0
0
0
0
0
0
0
0
0
0
0
0
0
0
0
0
0
0
0
0
0
0
0
0
0
0
0
0
0
0
0
0
0
0
0
0
0
0
0
0
0
0
0
0
0
0
0
0
0
0
0
0
0
0
0
0
0
0
0
0
0
0
0
0
0
0
0
0
0
0
0
0
0
0
0
0
0
0
0
0
0
0
0
0
0
0
0
0
0
0
0
0
0
0
0
0
0
0
0
0
0
0
0
0
0
0
0
0
0
0
0
0
0
0
0
0
0
0
0
0
0
0
0
0
0
0
0
0
0
0
0
0
0
0
0
0
0
0
0
0
0
0
0
0
0
0
0
0
0
0
0
0
0
0
0
0
0
0
0
0
0
0
0
0
0
0
0
0
0
0
0
0
0
0
0
0
0
0
0
0
0
0
0
0
0
0
0
0
0
0
0
0
0
0
0
0
0
0
0
0
0
0
0
0
0
0
0
0
0
0
0
0
0
0
0
0
0
0
0
0
0
0
0
0
0
0
0
0
0
0
0
0
0
0
0
0
0
0
0
0
0
0
0
0
0
0
0
0
0
0
0
0
0
0
0
0
0
0
0
0
0
0
0
0
0
0
0
0
0
0
0
0
0
0
0
0
0
0
0
0
0
0
0
0
0
0
0
0
0
0
0
0
0
0
0
0
0
0
0
0
0
0
0
0
0
0
0
0
0
0
0
0
0
0
0
0
0
0
0
0
0
0
0
0
0
0
0
0
0
0
0
0
0
0
0
0
0
0
0
0
0
0
0
0
0
0
0
0
0
0
0
0
0
0
0
0
0
0
0
0
0
0
0
0
0
0
0
0
0
0
0
0
0
0
0
0
0
0
0
0
0
0
0
0
0
0
0
0
0
0
0
0
0
0
0
0
0
0
0
0
0
0
0
0
0
0
0
0
0
0
0
0
0
0
0
0
0
0
0
0
0
0
0
0
0
0
0
0
0
0
0
0
0
0
0
0
0
0
0
0
0
0
0
0
0
0
0
0
0
0
0
0
0
0
0
0
0
0
0
0
0
0
0
0
0
0
0
0
0
0
0
0
0
0
0
0
0
0
0
0
0
0
0
0
0
0
0
0
0
0
0
0
0
0
0
0
0
0
0
0
0
0
0
0
0
0
0
0
0
0
0
0
0
0
0
0
0
0
0
0
0
0
0
0
0
0
0
0
0
0
0
0
0
0
0
0
0
0
0
0
0
0
0
0
0
0
0
0
0
0
0
0
0
0
0
0
0
0
0
0
0
0
0
0
0
0
0
0
0
0
0
0
0
0
0
0
0
0
0
0
0
0
0
0
0
0
0
0
0
0
0
0
0
0
0
0
0
0
0
0
0
0
0
0
0
0
0
0
0
0
0
0
0
0
0
0
0
0
0
0
0
0
0
0
0
0
0
0
0
0
0
0
0
0
0
0
0
0
0
0
0
0
0
0
0
0
0
0
0
0
0
0
0
0
0
0
0
0
0
0
0
0
0
0
0
0
0
0
0
0
0
0
0
0
0
0
0
0
0
0
0
0
0
0
0
0
0
0
0
0
0
0
0
0
0
0
0
0
0
0
0
0
0
0
0
0
0
0
0
0
0
0
0
0
0
0
0
0
0
0
0
0
0
0
0
0
0
0
0
0
0
0
0
0
0
0
0
0
0
0
0
0
0
0
0
0
0
0
0
0
0
0
0
0
0
0
0
0
0
0
0
0
0
0
0
0
0
0
0
0
0
0
0
0
0
