-14
-85
-1164
-2961
-2728
-1329
-2079
-57
285
-857
-3055
-1669
-1532
-1442
114
-191
-143
620
-2473
-3078
3131
-1994
-14918
-394
849
-1934
-774
329
-2014
-17760
-56
788
-76
217
-1205
-2639
-2806
-1357
-1887
-74
808
-1396
-3085
-1003
-2515
-1024
205
664
-179
397
-2506
-2565
3301
-1850
-18775
-309
624
-2828
-1846
339
-2440
-18335
-83
8
-184
5
-1711
-2328
-2178
-1557
-2369
-273
1572
-1363
-2414
-2059
-1796
-1015
-108
928
-7
323
-1074
-2038
135
-2161
-16327
29
789
-941
-1993
-1252
-1915
-20000
41
1281
-154
2785
-3185
-3312
-1326
-2713
-3162
-294
2884
-4326
-3950
-3876
-3684
-826
-233
2169
-4
2555
2373
-2661
-4922
-3119
-21269
227
2234
311
-4203
-4944
-3973
-20673
170
1874
-159
4832
-5692
-6341
-5273
-5817
-5817
-130
3963
-5931
-6894
-6693
-6576
-2920
-252
2616
-3
-573
7053
-5617
-7694
-5900
-19243
308
-988
2850
-6669
-6864
-6299
-22180
279
-520
-207
1509
-3614
-4091
-3984
-3922
-3989
-250
1077
-5059
-4194
-4998
-5589
-2122
-208
1421
49
-2078
3494
-4609
-4043
-3988
-21085
57
-2060
490
-6038
-5375
-5084
-20971
126
-1012
-405
-56
-3332
-2518
-3430
-2422
-2621
-349
565
-3143
-1741
-2928
-2326
-1506
-126
788
149
374
-1932
-3042
2665
-2606
-15167
-68
823
-2330
-2980
1496
-2592
-18990
181
1225
-297
225
-3196
942
-2220
-1898
-2146
-272
632
-3712
1103
-1168
-2680
-2098
-172
95
67
-531
-3169
-2039
105
-2065
-14381
-98
-756
-3896
-2040
-1297
-3002
-14574
134
-1537
178
-280
-1446
-4137
-4693
-1672
-3190
265
34
-282
-2713
-3562
-1699
-1968
86
-329
-248
1449
-4305
-4768
5058
-3084
-13361
-546
1321
-4295
-753
1282
-2102
-18101
-204
830
73
878
-879
-4163
-3845
-1067
-2676
72
518
-14
-3929
-3057
-2472
-1166
41
236
-252
-432
-3720
-4384
4210
-2673
-21287
-353
-625
-4882
-2013
632
-2466
-23523
-91
-635
-203
-534
-2366
-3384
-2165
-2832
-3180
-245
-741
-2050
-3173
-1683
-2442
-1318
-83
-285
-54
1683
-799
-2492
-1586
-3104
-17430
6
782
-2378
-2586
-1953
-2184
-22540
194
1109
-116
-813
-5378
-6043
-4149
-5699
-5291
-82
-974
-5879
-5717
-3749
-5526
-2343
-68
-1042
-87
5652
5476
-2947
-8703
-5366
-14802
174
4005
1032
-6369
-6429
-5334
-18924
289
2586
-153
-890
-8933
-11123
-9113
-7587
-9076
77
-1166
-6585
-10761
-5739
-7286
-5440
-6
-798
-179
-1020
12049
-7627
-12818
-9092
129
329
-696
5669
-8302
-7603
-6757
-14827
333
127
-252
-872
-3872
-4433
-5032
-3518
-3997
-201
-1853
-5582
-4447
-3856
-5923
-4073
-144
-747
43
-5057
3570
-2657
-4136
-3725
-24797
98
-4826
-245
-6008
-4370
-4569
-22292
184
-2689
-498
-1357
-2843
-3014
-2857
-2551
-2237
-302
-1107
-4407
-2884
-3408
-3720
-2397
-280
-52
91
315
-2481
-1422
3311
-2033
-20010
66
8
-3839
-3815
3168
-3232
-15955
370
602
-377
-1050
-2740
561
-1497
-1750
-1589
-172
-689
-3604
149
-943
-2698
-1045
-88
-987
-91
-492
-2432
-1188
712
-1430
-21096
-152
-519
-3623
-902
-737
-2581
-20663
174
-1988
206
-156
-2067
-3102
-4172
-1763
-3381
75
252
-750
-1423
-4155
-2174
-3029
21
270
-257
1731
-5078
-4706
3888
-3340
-17001
-501
1608
-4835
-2009
-765
-2511
-20707
-132
1361
185
198
-2239
-3377
-4482
-1225
-3375
0
988
-757
-1922
-3425
-2440
-2895
103
698
-189
-408
-4529
-4983
3516
-3334
-15959
-268
-570
-4653
-3036
-1076
-2248
-20031
-84
-588
-78
1176
-2654
-3602
-3737
-3145
-3737
-275
2348
-3170
-3578
-3895
-3738
-3805
-92
1679
-122
602
-1424
-3917
27
-3663
-17121
-38
133
-1652
-4064
-2117
-3345
-17389
29
465
154
1198
-4359
-6885
-5944
-6805
-5632
-111
1256
-5828
-6927
-7798
-6927
-3035
-37
1277
0
5080
4708
-3463
-6234
-5535
-29715
44
2838
529
-7409
-6558
-6660
-28780
69
1825
-205
2191
-8141
-9507
-7582
-8688
-8380
-5
1035
-8095
-9911
-10615
-9351
-4046
-83
1102
-78
-1115
11491
-7426
-11550
-8524
-21068
385
-763
3336
-9568
-8909
-8546
-23674
382
-1061
82
2008
-2921
-2903
-2639
-1947
-2352
-70
871
-4250
-1537
-4414
-4340
-3732
-136
1179
53
-2553
2873
-1430
-2960
-2231
30248
-4
-2852
-379
-3915
-2594
-2319
32240
53
-1030
-141
1215
-2035
-2321
-1862
-1369
-1733
-212
818
-2478
-1175
-3313
-2328
-2328
-182
785
30
241
-834
-1836
1637
-1607
-17666
-83
-50
-2881
-2602
1735
-1215
-16860
161
265
-147
75
-3103
276
-2252
-1938
-2201
-37
406
-3071
487
-711
-2378
-1444
93
-682
-208
-623
-2503
-2502
748
-2137
-18079
-275
68
-3080
-1108
-1482
-2266
-21432
-51
-790
149
582
-4267
-2794
-5814
-3719
-4861
92
673
-2915
-156
-5517
-3025
-3546
145
20
-274
747
-6240
-6512
5167
-4798
-12184
-475
1197
-5898
-2751
443
-3785
-19123
-149
817
105
-457
-3521
-2194
-4221
-1933
-3265
-76
492
-3676
-25
-3377
-3919
-3648
144
1244
-213
387
-3600
-5273
3550
-3382
-21669
-245
232
-4154
-4370
-2092
-3466
-21395
-130
694
-154
358
-4471
-3981
-4209
-3536
-4296
-214
602
-5040
-2412
-4855
-4136
-3424
140
364
-145
3778
2381
-5510
-2292
-4154
-17409
31
2224
514
-5191
-4127
-4309
-20788
23
1267
-54
708
-6987
-9804
-8283
-7269
-7278
62
257
-6780
-8509
-8502
-6656
-3481
142
-61
-105
5478
9986
-6944
-8578
-7085
-14696
182
3108
4303
-7946
-6655
-7231
-22864
217
1919
-156
883
-9545
-13771
-10711
-9247
-10079
165
367
-7209
-12217
-8453
-8586
-6070
144
127
-152
-1340
13522
-9038
-11783
-10037
-6381
400
-896
5957
-9482
-7091
-8044
-19490
451
-447
74
659
-4952
-5098
-4964
-3858
-4909
30
329
-5933
-2501
-5926
-5171
-5399
-41
61
68
-4663
1633
-4669
-1979
-4589
-24696
55
-4218
-1996
-5708
-2415
-4229
-24847
112
-2409
-191
1087
-2876
-2361
-2807
-2327
-2836
-189
1096
-3982
-1579
-4829
-3889
-3319
-196
738
148
-106
-2413
-4005
2527
-2665
-18924
100
-951
-4654
-4354
1382
-3107
-14680
231
102
-174
376
-3755
1275
-2098
-2980
-2951
-106
1179
-3664
1489
-1489
-3167
-2123
134
823
-112
-667
-4172
-3372
93
-2870
-18740
-319
-284
-5076
-2283
-2179
-3196
-21382
22
-663
70
-53
-4429
-905
-6465
-3826
-4482
33
-462
-3063
1143
-5824
-3519
-4114
86
-38
-241
590
-5535
-5954
3876
-4366
-12148
-372
1207
-5905
-2804
-148
-3802
-16669
-145
1106
139
-40
-3213
-1393
-5044
-2219
-2989
-52
-864
-3499
278
-4529
-4248
-3958
84
-1212
-143
-143
-3170
-4487
3881
-3071
-22550
-250
-505
-4444
-3482
-624
-3428
-20996
-119
-219
14
-374
-3114
-1256
-2737
-1560
-2289
-234
-2164
-4436
-1152
-2999
-3189
-1370
-54
-1904
110
2390
1010
-2930
-1131
-2300
-22469
-2
1030
-1438
-3472
-2509
-2889
-21794
-2
712
214
-3363
-4777
-4689
-4170
-4048
-4504
-8
-3328
-5626
-4874
-4825
-4314
-387
-58
-2255
87
3140
5323
-3492
-5853
-4286
-21333
103
1938
497
-5627
-4633
-4613
-24348
-3
1708
-35
-3749
-4941
-7645
-5837
-4502
-5900
41
-3024
-6412
-10011
-5997
-7566
-2246
-1
-1593
-1
-1351
7131
-4979
-7382
-5831
-26939
301
-906
46
-8368
-6753
-7530
-20986
287
-427
171
-1083
-2928
-4749
-2318
-2387
-3646
36
-1314
-4903
-4023
-2235
-4804
-4454
-117
-55
81
-2341
37
-3159
-2040
-3368
-27004
17
-2154
-2793
-5155
-2587
-4004
-21773
57
-1188
-174
-1083
-2082
-1886
-2948
-628
-2157
-251
-1398
-2835
-1801
-2766
-2402
-2969
-188
-958
82
127
-2279
-2980
1894
-1967
-20491
63
-240
-3632
-3175
-109
-1866
-16970
109
412
-312
-661
-3206
2784
-2249
-2308
-3167
-214
-1297
-3267
3377
-1475
-3012
-3095
38
-2162
-103
-987
-4846
-3539
-1970
-3081
-16702
-226
-1137
-6073
-2685
-3825
-3155
-18484
34
-1640
79
63
-2980
-1318
-5507
-2288
-3408
-39
-804
-2666
-450
-6230
-3343
-2302
32
-1092
-150
729
-4349
-5009
3693
-3263
-16055
-445
1134
-5278
-2974
-702
-3184
-16322
-256
1250
24
744
-3283
-1197
-5060
-2681
-3314
-159
375
-3015
162
-6035
-3921
-2460
25
-453
-76
287
-3739
-4212
3200
-3358
-21173
-244
-313
-5540
-3433
-1045
-2971
-22302
-33
-477
54
540
-2686
-1790
-2544
-2441
-2966
-118
1154
-2877
-1435
-4190
-2905
-951
-114
565
107
1869
-1885
-3200
-140
-2924
-17108
42
937
-3939
-3403
-1223
-2324
-19693
103
657
97
2062
-4029
-6234
-3693
-6578
-7047
45
1888
-3400
-5548
-7047
-5732
-2467
41
844
-53
5653
1556
-6759
-8914
-6988
-14324
123
3581
-2928
-7246
-6828
-5999
-22746
154
2332
-82
3592
-6480
-9180
-6030
-7736
-8490
116
2558
-5102
-9215
-7761
-8371
-4822
71
1125
50
-988
6376
-8527
-10859
-8784
-12251
398
-789
-58
-8911
-7406
-6651
-18977
324
-239
-37
1926
-2663
-2868
-2695
-3303
-3823
-113
1700
-4152
-1663
-5442
-5397
-4348
-84
1621
213
-4621
778
-4132
-3609
-3670
-24192
34
-3769
-3697
-5213
-3440
-2428
-20611
166
-2420
-394
1285
-1448
-878
-2471
-1096
-2374
-341
1350
-2968
-570
-4555
-3482
-2883
-156
1466
0
-542
-3123
-3355
64
-2369
-17854
20
-664
-5448
-4560
-1728
-2237
-12197
139
-207
-317
630
-2388
1702
-762
-1105
-2390
-216
-276
-2504
1379
-981
-2087
-1064
6
-1389
-161
-1526
-3283
-3051
-2486
-2240
-19496
-207
-1021
-4495
-1830
-3866
-2171
-21936
33
-1094
32
-477
-2324
-2912
-4969
-2171
-3371
93
-948
-1198
-1487
-5311
-2153
-2385
124
-785
-281
933
-4735
-4545
4511
-3254
-11213
-485
1393
-4357
-1602
769
-2064
-14621
-243
1841
-158
-706
-1492
-2078
-2759
-616
-2338
-47
-831
-2388
-2739
-5288
-3406
-2393
-42
-732
-172
-258
-3148
-2828
1202
-2158
-17689
-248
-927
-4992
-3129
-1224
-2343
-11493
-42
-316
-247
-1189
-1756
-3194
-1028
-1495
-3283
-254
-1268
-2874
-3325
-3516
-3250
-3083
-117
-539
119
1854
-2423
-2888
-3606
-3076
-18559
41
813
-4446
-3250
-4253
-2548
-16019
255
117
-22
-2954
-3263
-8179
-4605
-6785
-7148
53
-2642
-2866
-8084
-6302
-6947
-4198
196
-1415
-36
5386
3858
-7065
-10291
-7119
-17234
89
2291
-1108
-8123
-8257
-6767
-22680
152
679
-40
-3896
-7942
-9865
-8717
-7803
-8903
157
-3714
-5761
-10343
-7421
-8050
-5159
80
-2376
14
-996
9637
-8369
-10648
-8752
-13050
313
-457
2980
-8804
-6788
-6492
-23761
252
699
-235
-2385
-3800
-2543
-5973
-3448
-4142
-318
-2278
-4975
-1908
-6364
-5465
-5882
-80
-1521
196
-4554
286
-4153
-1386
-3875
-20369
-62
-3237
-3443
-4738
-1764
-4029
-16949
308
-1843
-461
-1187
-4081
-861
-5806
-2718
-4083
-364
-841
-4423
-92
-6588
-3587
-3699
-150
-934
16
-138
-4743
-5393
2285
-3776
-10074
-73
-1160
-6045
-3782
542
-3727
-10730
267
-1739
-242
-814
-2832
1027
-2351
-898
-2146
-172
-695
-2717
968
-2351
-1583
-482
-35
-848
-174
-1221
-2849
-3094
51
-1917
-17527
-339
-1416
-3267
-509
-2107
-1787
-22090
67
-1551
-52
-655
-2184
-2396
-2703
-884
-2458
-63
-807
-499
-878
-3351
-1051
-2407
-122
-291
-290
-318
-4142
-2897
2960
-2174
-12722
-383
545
-3167
-1492
400
-1342
-16530
-218
259
-148
-842
-1158
-1999
-368
875
-1450
-154
-344
-272
-1693
-1729
-656
-2068
-219
-174
-196
-619
-2782
-1887
-241
-1177
-15486
-210
-832
-2537
-1504
-1735
-403
-17011
-38
-45
-262
-1145
-799
-3152
817
464
-1476
-265
-496
-861
-3808
-1262
-1362
-2326
-256
-621
-50
706
-1425
-1470
-2265
-1294
-17379
-15
821
-1771
-1931
-2616
-252
-16905
170
889
41
-2139
-39
-5383
-1323
-1954
-3208
-232
-1599
85
-5323
-3846
-3836
-4239
-194
-1088
-84
1271
136
-2813
-5182
-3152
-25685
-77
520
-1012
-4339
-5835
-2567
-24578
60
390
38
-2829
-1290
-4332
-1878
-1892
-2852
-248
-1892
-1566
-5620
-4495
-4884
-4133
-145
-952
-14
-751
2267
-3074
-4541
-2746
-24264
-45
-1391
137
-5013
-5108
-3656
-17856
116
-1125
-121
-378
-1704
-2540
-2226
-1140
-1737
-395
-701
-1465
-2009
-4113
-2920
-4595
-236
-349
49
-1595
-1025
-1730
615
-1486
-20580
-273
-1200
-2287
-1551
650
-2259
-16918
95
-761
-261
-264
-3022
-2196
-3369
-1445
-2232
-324
-595
-2085
-985
-4428
-1883
-2753
-263
-608
-100
-37
-2027
-2739
2058
-2029
-15049
-301
276
-2404
-1475
968
-2137
-17161
69
-7
-156
-340
-1509
-495
-1727
-760
-1331
-211
-335
-1440
-290
-2606
-1748
-1002
-69
-665
-179
-762
-1644
-2080
428
-1371
-16446
-388
-508
-2300
-1474
-1623
-2010
-16400
-59
-571
0
0
0
0
0
0
0
0
0
0
0
-1327
-2047
-1896
27
-1139
0
0
0
0
0
0
0
0
0
0
0
-505
-1984
1462
-1225
-16585
0
0
0
0
0
0
0
0
0
0
0
-1721
-2059
-1956
419
-1184
0
0
0
0
0
0
0
0
0
0
0
-1189
-1662
1644
-1214
-18288
0
0
0
0
0
0
0
0
0
0
0
-1927
-2441
-1742
-389
-1525
0
0
0
0
0
0
0
0
0
0
0
-1017
-301
-719
-1479
-17175
0
0
0
0
0
0
0
0
0
0
0
-2686
-3502
-1771
-2643
-2973
0
0
0
0
0
0
0
0
0
0
0
1422
-1422
-4506
-3048
-18441
0
0
0
0
0
0
0
0
0
0
0
-6900
-6152
-6520
-5086
-6273
0
0
0
0
0
0
0
0
0
0
0
6390
-5656
-7475
-6234
-12502
0
0
0
0
0
0
0
0
0
0
0
-4446
-3726
-4993
-1543
-3174
0
0
0
0
0
0
0
0
0
0
0
3520
-3210
-2428
-3090
-21525
0
0
0
0
0
0
0
0
0
0
0
-2841
-2522
-2953
-986
-1909
0
0
0
0
0
0
0
0
0
0
0
-1163
-1548
1640
-1785
-16518
0
0
0
0
0
0
0
0
0
0
0
-2624
-876
-1791
-911
-1934
0
0
0
0
0
0
0
0
0
0
0
-1860
-1287
-526
-1911
-12277
0
0
0
0
0
0
0
0
0
0
0
-2002
-2648
-2934
414
-1710
0
0
0
0
0
0
0
0
0
0
0
-1439
-3619
2679
-1672
-17238
0
0
0
0
0
0
0
0
0
0
0
-3520
-3400
-3335
1162
-2571
0
0
0
0
0
0
0
0
0
0
0
-2578
-4211
1871
-2469
-18567
0
0
0
0
0
0
0
0
0
0
0
-2551
-2785
-1197
-470
-1819
0
0
0
0
0
0
0
0
0
0
0
-637
-874
-1729
-1686
-22775
0
0
0
0
0
0
0
0
0
0
0
-6151
-5682
-4421
-5738
-5416
0
0
0
0
0
0
0
0
0
0
0
4118
-2901
-7841
-5600
-12018
0
0
0
0
0
0
0
0
0
0
0
-12337
-10292
-11002
-9179
-10830
0
0
0
0
0
0
0
0
0
0
0
11021
-11905
-11890
-10928
11246
0
0
0
0
0
0
0
0
0
0
0
-6333
-4879
-6095
-2293
-4244
0
0
0
0
0
0
0
0
0
0
0
3804
-2059
-4264
-3911
-21177
0
0
0
0
0
0
0
0
0
0
0
-2740
-2186
-1869
-1633
-1535
0
0
0
0
0
0
0
0
0
0
0
-1463
-269
1345
-1290
-20062
0
0
0
0
0
0
0
0
0
0
0
-2063
-676
-1365
-1190
-1575
0
0
0
0
0
0
0
0
0
0
0
-1151
-386
-444
-1435
-17758
0
0
0
0
0
0
0
0
0
0
0
-2065
-2462
-2332
58
-1890
0
0
0
0
0
0
0
0
0
0
0
-2169
-3448
1938
-1794
-21293
0
0
0
0
0
0
0
0
0
0
0
-4117
-3357
-3679
596
-3144
0
0
0
0
0
0
0
0
0
0
0
-3183
-4982
2084
-3080
-13561
0
0
0
0
0
0
0
0
0
0
0
-2890
-2604
-1836
-988
-1925
0
0
0
0
0
0
0
0
0
0
0
-456
-1818
-20
-1837
-22200
0
0
0
0
0
0
0
0
0
0
0
-3575
-4148
-5266
-4686
-3945
0
0
0
0
0
0
0
0
0
0
0
4168
-1782
-5556
-3913
31670
0
0
0
0
0
0
0
0
0
0
0
-8281
-7510
-8514
-8467
-8450
0
0
0
0
0
0
0
0
0
0
0
10680
-8775
-11094
-8338
-15421
0
0
0
0
0
0
0
0
0
0
0
-4393
-3714
-4453
-1158
-3480
0
0
0
0
0
0
0
0
0
0
0
2197
-873
-4410
-3248
-27294
0
0
0
0
0
0
0
0
0
0
0
-2684
-2164
-1212
-1218
-1576
0
0
0
0
0
0
0
0
0
0
0
-143
-1434
885
-1282
-16375
0
0
0
0
0
0
0
0
0
0
0
-2375
-988
-1652
-1385
-1969
0
0
0
0
0
0
0
0
0
0
0
-967
-2316
503
-1835
-15854
0
0
0
0
0
0
0
0
0
0
0
-2843
-2561
-3447
-1157
-2545
0
0
0
0
0
0
0
0
0
0
0
-2735
-4466
3605
-2370
-19172
0
0
0
0
0
0
0
0
0
0
0
-3724
-3073
-3284
729
-2695
0
0
0
0
0
0
0
0
0
0
0
-2433
-4966
2025
-2727
-19171
0
0
0
0
0
0
0
0
0
0
0
-3571
-3023
-2687
-890
-2314
0
0
0
0
0
0
0
0
0
0
0
2404
-3310
-2353
-2248
-23035
0
0
0
0
0
0
0
0
0
0
0
-7828
-7641
-8553
-7054
-7473
0
0
0
0
0
0
0
0
0
0
0
8184
-7405
-8482
-7616
-10244
0
0
0
0
0
0
0
0
0
0
0
-14139
-13469
-13899
-11509
-13542
0
0
0
0
0
0
0
0
0
0
0
11796
-13905
-12463
-13599
15590
0
0
0
0
0
0
0
0
0
0
0
-5214
-4625
-5324
-2653
-4090
0
0
0
0
0
0
0
0
0
0
0
2098
-3461
-1703
-3852
-25989
0
0
0
0
0
0
0
0
0
0
0
-3637
-2965
-2726
-1206
-2601
0
0
0
0
0
0
0
0
0
0
0
-1701
-3724
2181
-2430
-15629
0
0
0
0
0
0
0
0
0
0
0
-2769
-301
-1627
-752
-1941
0
0
0
0
0
0
0
0
0
0
0
-1784
-2394
241
-1735
-20303
0
0
0
0
0
0
0
0
0
0
0
-3043
-1437
-3659
-1999
-2495
0
0
0
0
0
0
0
0
0
0
0
-1920
-4147
3123
-2423
-17652
0
0
0
0
0
0
0
0
0
0
0
-3281
-2275
-3568
-432
-2264
0
0
0
0
0
0
0
0
0
0
0
-1431
-3640
2397
-2181
-21203
0
0
0
0
0
0
0
0
0
0
0
-2070
-2241
-2558
561
-1671
0
0
0
0
0
0
0
0
0
0
0
555
-2763
-1537
-1676
-22129
0
0
0
0
0
0
0
0
0
0
0
-3320
-4064
-4667
-4004
-4021
0
0
0
0
0
0
0
0
0
0
0
4654
-4277
-5414
-3961
-20243
0
0
0
0
0
0
0
0
0
0
0
-7206
-7008
-6785
-5684
-7112
0
0
0
0
0
0
0
0
0
0
0
7685
-8289
-8176
-6797
-15614
0
0
0
0
0
0
0
0
0
0
0
-3703
-3304
-1795
-423
-2445
0
0
0
0
0
0
0
0
0
0
0
1432
-2749
-2001
-2069
-31261
0
0
0
0
0
0
0
0
0
0
0
-3188
-2260
-2483
-39
-2122
0
0
0
0
0
0
0
0
0
0
0
-1578
-3147
1927
-1929
-17763
0
0
0
0
0
0
0
0
0
0
0
-2545
801
-1688
-780
-1775
0
0
0
0
0
0
0
0
0
0
0
-1511
-2611
-90
-1577
-19583
0
0
0
0
0
0
0
0
0
0
0
-2282
-1883
-3661
-655
-2490
0
0
0
0
0
0
0
0
0
0
0
-1862
-4425
2273
-2406
-16878
0
0
0
0
0
0
0
0
0
0
0
-2800
-2048
-4380
-640
-2552
0
0
0
0
0
0
0
0
0
0
0
-2254
-3783
2199
-2587
-20447
0
0
0
0
0
0
0
0
0
0
0
-2506
-2397
-3184
-752
-2530
0
0
0
0
0
0
0
0
0
0
0
-1496
-3778
712
-2589
-15987
0
0
0
0
0
0
0
0
0
0
0
-5724
-4059
-3841
-5380
-5931
0
0
0
0
0
0
0
0
0
0
0
3466
-7565
-6671
-5928
-16764
0
0
0
0
0
0
0
0
0
0
0
-12268
-9370
-8389
-9237
-11669
0
0
0
0
0
0
0
0
0
0
0
8039
-13559
-10984
-11504
7394
0
0
0
0
0
0
0
0
0
0
0
-5235
-3535
-3945
-1773
-4414
0
0
0
0
0
0
0
0
0
0
0
2359
-4980
-2989
-4059
-19608
0
0
0
0
0
0
0
0
0
0
0
-3399
-1503
-2607
405
-2409
0
0
0
0
0
0
0
0
0
0
0
-1461
-3954
827
-2038
-15345
0
0
0
0
0
0
0
0
0
0
0
-1844
-170
-1645
120
-2003
0
0
0
0
0
0
0
0
0
0
0
-1193
-3218
-1000
-1826
-18280
0
0
0
0
0
0
0
0
0
0
0
-2160
-2253
-3074
23
-2024
0
0
0
0
0
0
0
0
0
0
0
-2267
-3443
2628
-1832
-14979
0
0
0
0
0
0
0
0
0
0
0
-2868
-2375
-1724
712
-2075
0
0
0
0
0
0
0
0
0
0
0
-2296
-2786
-441
-2046
-14292
0
0
0
0
0
0
0
0
0
0
0
-2758
-2638
-839
1072
-2350
0
0
0
0
0
0
0
0
0
0
0
-1458
-3221
-3334
-2390
-21364
0
0
0
0
0
0
0
0
0
0
0
-7417
-5811
-4975
-5310
-6888
0
0
0
0
0
0
0
0
0
0
0
6477
-9049
-8983
-6722
-15198
0
0
0
0
0
0
0
0
0
0
0
-13474
-10370
-11294
-10150
-12288
0
0
0
0
0
0
0
0
0
0
0
10697
-14774
-11407
-12202
9734
0
0
0
0
0
0
0
0
0
0
0
-5234
-2836
-5227
-1840
-3454
0
0
0
0
0
0
0
0
0
0
0
2418
-3959
-898
-3097
-22782
0
0
0
0
0
0
0
0
0
0
0
-3779
-1085
-4060
-128
-2492
0
0
0
0
0
0
0
0
0
0
0
-2950
-4272
2425
-2157
-15317
0
0
0
0
0
0
0
0
0
0
0
-2474
-451
-2645
1237
-1979
0
0
0
0
0
0
0
0
0
0
0
-2019
-2946
-394
-1798
-15593
0
0
0
0
0
0
0
0
0
0
0
-1647
-1623
-971
-412
-1268
0
0
0
0
0
0
0
0
0
0
0
-1880
-1495
1447
-1119
-16590
0
0
0
0
0
0
0
0
0
0
0
-1486
-1642
566
545
-1282
0
0
0
0
0
0
0
0
0
0
0
-1665
-1743
-928
-1137
-14980
0
0
0
0
0
0
0
0
0
0
0
-1825
-2105
1140
322
-1653
0
0
0
0
0
0
0
0
0
0
0
-796
-2161
-3208
-1641
-15335
0
0
0
0
0
0
0
0
0
0
0
-2732
-2959
-1046
-1799
-2816
0
0
0
0
0
0
0
0
0
0
0
2695
-3615
-5388
-2767
-23934
0
0
0
0
0
0
0
0
0
0
0
-4293
-3466
-1363
-2996
-3391
0
0
0
0
0
0
0
0
0
0
0
4125
-4597
-5278
-3388
-16471
0
0
0
0
0
0
0
0
0
0
0
-2127
-2097
-1340
-776
-1299
0
0
0
0
0
0
0
0
0
0
0
32
-1191
-267
-1273
-21013
0
0
0
0
0
0
0
0
0
0
0
-2606
-2017
-2175
-970
-1677
0
0
0
0
0
0
0
0
0
0
0
-1385
-1777
1298
-1676
-15881
0
0
0
0
0
0
0
0
0
0
0
-1556
-664
-1332
-81
-935
0
0
0
0
0
0
0
0
0
0
0
-211
-1230
111
-878
-16489
0
0
0
0
0
0
0
0
0
0
0
0
0
0
0
0
0
0
0
0
0
0
0
0
0
0
0
0
0
0
0
0
0
0
0
0
0
0
0
0
0
0
0
0
0
0
0
0
0
0
0
0
0
0
0
0
0
0
0
0
0
0
0
0
0
0
0
0
0
0
0
0
0
0
0
0
0
0
0
0
0
0
0
0
0
0
0
0
0
0
0
0
0
0
0
0
0
0
0
0
0
0
0
0
0
0
0
0
0
0
0
0
0
0
0
0
0
0
0
0
0
0
0
0
0
0
0
0
0
0
0
0
0
0
0
0
0
0
0
0
0
0
0
0
0
0
0
0
0
0
0
0
0
0
0
0
0
0
0
0
0
0
0
0
0
0
0
0
0
0
0
0
0
0
0
0
0
0
0
0
0
0
0
0
0
0
0
0
0
0
0
0
0
0
0
0
0
0
0
0
0
0
0
0
0
0
0
0
0
0
0
0
0
0
0
0
0
0
0
0
0
0
0
0
0
0
0
0
0
0
0
0
0
0
0
0
0
0
0
0
0
0
0
0
0
0
0
0
0
0
0
0
0
0
0
0
0
0
0
0
0
0
0
0
0
0
0
0
0
0
0
0
0
0
0
0
0
0
0
0
0
0
0
0
0
0
0
0
0
0
0
0
0
0
0
0
0
0
0
0
0
0
0
0
0
0
0
0
0
0
0
0
0
0
0
0
0
0
0
0
0
0
0
0
0
0
0
0
0
0
0
0
0
0
0
0
0
0
0
0
0
0
0
0
0
0
0
0
0
0
0
0
0
0
0
0
0
0
0
0
0
0
0
0
0
0
0
0
0
0
0
0
0
0
0
0
0
0
0
0
0
0
0
0
0
0
0
0
0
0
0
0
0
0
0
0
0
0
0
0
0
0
0
0
0
0
0
0
0
0
0
0
0
0
0
0
0
0
0
0
0
0
0
0
0
0
0
0
0
0
0
0
0
0
0
0
0
0
0
0
0
0
0
0
0
0
0
0
0
0
0
0
0
0
0
0
0
0
0
0
0
0
0
0
0
0
0
0
0
0
0
0
0
0
0
0
0
0
0
0
0
0
0
0
0
0
0
0
0
0
0
0
0
0
0
0
0
0
0
0
0
0
0
0
0
0
0
0
0
0
0
0
0
0
0
0
0
0
0
0
0
0
0
0
0
0
0
0
0
0
0
0
0
0
0
0
0
0
0
0
0
0
0
0
0
0
0
0
0
0
0
0
0
0
0
0
0
0
0
0
0
0
0
0
0
0
0
0
0
0
0
0
0
0
0
0
0
0
0
0
0
0
0
0
0
0
0
0
0
0
0
0
0
0
0
0
0
0
0
0
0
0
0
0
0
0
0
0
0
0
0
0
0
0
0
0
0
0
0
0
0
0
0
0
0
0
0
0
0
0
0
0
0
0
0
0
0
0
0
0
0
0
0
0
0
0
0
0
0
0
0
0
0
0
0
0
0
0
0
0
0
0
0
0
0
0
0
0
0
0
0
0
0
0
0
0
0
0
0
0
0
0
0
0
0
0
0
0
0
0
0
0
0
0
0
0
0
0
0
0
0
0
0
0
0
0
0
0
0
0
0
0
0
0
0
0
0
0
0
0
0
0
0
0
0
0
0
0
0
0
0
0
0
0
0
0
0
0
0
0
0
0
0
0
0
0
0
0
0
0
0
0
0
0
0
0
0
0
0
0
0
0
0
0
0
0
0
0
0
0
0
0
0
0
0
0
0
0
0
0
0
0
0
0
0
0
0
0
0
0
0
0
0
0
0
0
0
0
0
0
0
0
0
0
0
0
0
0
0
0
0
0
0
0
0
0
0
0
0
0
0
0
0
0
0
0
0
0
0
0
0
0
0
0
0
0
0
0
0
0
0
0
0
0
0
0
0
0
0
0
0
0
0
0
0
0
0
0
0
0
0
0
0
0
0
0
0
0
0
0
0
0
0
0
0
0
0
0
0
0
0
0
0
0
0
0
0
0
0
0
0
0
0
0
0
0
0
0
0
0
0
0
0
0
0
0
0
0
0
0
0
0
0
0
0
0
0
0
0
0
0
0
0
0
0
0
0
0
0
0
0
0
0
0
0
0
0
0
0
0
0
0
0
0
0
0
0
0
0
0
0
0
0
0
0
0
0
0
0
0
0
0
0
0
0
0
0
0
0
0
0
0
0
0
0
0
0
0
0
0
0
0
0
0
0
0
0
0
0
0
0
0
0
0
0
0
0
0
0
0
0
0
0
0
0
0
0
0
0
0
0
0
0
0
0
0
0
0
0
0
0
0
0
0
0
0
0
0
0
0
0
0
0
0
0
0
0
0
0
0
0
0
0
0
0
0
0
0
0
0
0
0
0
0
0
0
0
0
0
0
0
0
0
0
0
0
0
0
0
0
0
0
0
0
0
0
0
0
0
0
0
0
0
0
0
0
0
0
0
0
0
0
0
0
0
0
0
0
0
0
0
0
0
0
0
0
0
0
0
0
0
0
0
0
0
0
0
0
0
0
0
0
0
0
0
0
0
0
0
0
0
0
0
0
0
0
0
0
0
0
0
0
0
0
0
0
0
0
0
0
0
0
0
0
0
0
0
0
0
0
0
0
0
0
0
0
0
0
0
0
0
0
0
0
0
0
0
0
0
0
0
0
0
0
0
0
0
0
0
0
0
0
0
0
0
0
0
0
0
0
0
0
0
0
0
0
0
0
0
0
0
0
0
0
0
0
0
0
0
0
0
0
0
0
0
0
0
0
0
0
0
0
0
0
0
0
0
0
0
0
0
0
0
0
0
0
0
0
0
0
0
0
0
0
0
0
0
0
0
0
0
0
0
0
0
0
0
0
0
0
0
0
0
0
0
0
0
0
0
0
0
0
0
0
0
0
0
0
0
0
0
0
0
0
0
0
0
0
0
0
0
0
0
0
0
0
0
0
0
0
0
0
0
0
0
0
0
0
0
0
0
0
0
0
0
0
0
0
0
0
0
0
0
0
0
0
0
0
0
0
0
0
0
0
0
0
0
0
0
0
0
0
0
0
0
0
0
0
0
0
0
0
0
0
0
0
0
0
0
0
0
0
0
0
0
0
0
0
0
0
0
0
0
0
0
0
0
0
0
0
0
0
0
0
0
0
0
0
0
0
0
0
0
0
0
0
0
0
0
0
0
0
0
0
0
0
0
0
0
0
0
0
0
0
0
0
0
0
0
0
0
0
0
0
0
0
0
0
0
0
0
0
0
0
0
0
0
0
0
0
0
0
0
0
0
0
0
0
0
0
0
0
0
0
0
0
0
0
0
0
0
0
0
0
0
0
0
0
0
0
0
0
0
0
0
0
0
0
0
0
0
0
0
0
0
0
0
0
0
0
0
0
0
0
0
0
0
0
0
0
0
0
0
0
0
0
0
0
0
0
0
0
0
0
0
0
0
0
0
0
0
0
0
0
0
0
0
0
0
0
0
0
0
0
0
0
0
0
0
0
0
0
0
0
0
0
0
0
0
0
0
0
0
0
0
0
0
0
0
0
0
0
0
0
0
0
0
0
0
0
0
0
0
0
0
0
0
0
0
0
0
0
0
0
0
0
0
0
0
0
0
0
0
0
0
0
0
0
0
0
0
0
0
0
0
0
0
0
0
0
0
0
0
0
0
0
0
0
0
0
0
0
0
0
0
0
0
0
0
0
0
0
0
0
0
0
0
0
0
0
0
0
0
0
0
0
0
0
0
0
0
0
0
0
0
0
0
0
0
0
0
0
0
0
0
0
0
0
0
0
0
0
0
0
0
0
0
0
0
0
0
0
0
0
0
0
0
0
0
0
0
0
0
0
0
0
0
0
0
0
0
0
0
0
0
0
0
0
0
0
0
0
0
0
0
0
0
0
0
0
0
0
0
0
0
0
0
0
0
0
0
0
0
0
0
0
0
0
0
0
0
0
0
0
0
0
0
0
0
0
0
0
0
0
0
0
0
0
0
0
0
0
0
0
0
0
0
0
0
0
0
0
0
0
0
0
0
0
0
0
0
0
0
0
0
0
0
0
0
0
0
0
0
0
0
0
0
0
0
0
0
0
0
0
0
0
0
0
0
0
0
0
0
0
0
0
0
0
0
0
0
0
0
0
0
0
0
0
0
0
0
0
0
0
0
0
0
0
0
0
0
0
0
0
0
0
0
0
0
0
0
0
0
0
0
0
0
0
0
0
0
0
0
0
0
0
0
0
0
0
0
0
0
0
0
0
0
0
0
0
0
0
0
0
0
0
0
0
0
0
0
0
0
0
0
0
0
0
0
0
0
0
0
0
0
0
0
0
0
0
0
0
0
0
0
0
0
0
0
0
0
0
0
0
0
0
0
0
0
0
0
0
0
0
0
0
0
0
0
0
0
0
0
0
0
0
0
0
0
0
0
0
0
0
0
0
0
0
0
0
0
0
0
0
0
0
0
0
0
0
0
0
0
0
0
0
0
0
0
0
0
0
0
0
0
0
0
0
0
0
0
0
0
0
0
0
0
0
0
0
0
0
0
0
0
0
0
0
0
0
0
0
0
0
0
0
0
0
0
0
0
0
0
0
0
0
0
0
0
0
0
0
0
0
0
0
0
0
0
0
0
0
0
0
0
0
0
0
0
0
0
0
0
0
0
0
0
0
0
0
0
0
0
0
0
0
0
0
0
0
0
0
0
0
0
0
0
0
0
0
0
0
0
0
0
0
0
0
0
0
0
0
0
0
0
0
0
0
0
0
0
0
0
0
0
0
0
0
0
0
0
0
0
0
0
0
0
0
0
0
0
0
0
0
0
0
0
0
0
0
0
0
0
0
0
0
0
0
0
0
0
0
0
0
0
0
0
0
0
0
0
0
0
0
0
0
0
0
0
0
0
0
0
0
0
0
0
0
0
0
0
0
0
0
0
0
0
0
0
0
0
0
0
0
0
0
0
0
0
0
0
0
0
0
0
0
0
0
0
0
0
0
0
0
0
0
0
0
0
0
0
0
0
0
0
0
0
0
0
0
0
0
0
0
0
0
0
0
0
0
0
0
0
0
0
0
0
0
0
0
0
0
0
0
0
0
0
0
0
0
0
0
0
0
0
0
0
0
0
0
0
0
0
0
0
0
0
0
0
0
0
0
0
0
0
0
0
0
0
0
0
0
0
0
0
0
0
0
0
0
0
0
0
0
0
0
0
0
0
0
0
0
0
0
0
0
0
0
0
0
0
0
0
0
0
0
0
0
0
0
0
0
0
0
0
0
0
0
0
0
0
0
0
0
0
0
0
0
0
0
0
0
0
0
0
0
0
0
0
0
0
0
0
0
0
0
0
0
0
0
0
0
0
0
0
0
0
0
0
0
0
0
0
0
0
0
0
0
0
0
0
0
0
0
0
0
0
0
0
0
0
0
0
0
0
0
0
0
0
0
0
0
0
0
0
0
0
0
0
0
0
0
0
0
0
0
0
0
0
0
0
0
0
0
0
0
0
0
0
0
0
0
0
0
0
0
0
0
0
0
0
0
0
0
0
0
0
0
0
0
0
0
0
0
0
0
0
0
0
0
0
0
0
0
0
0
0
0
0
0
0
0
0
0
0
0
0
0
0
0
0
0
0
0
0
0
0
0
0
0
0
0
0
0
0
0
0
0
0
0
0
0
0
0
0
0
0
0
0
0
0
0
0
0
0
0
0
0
0
0
0
0
0
0
0
0
0
0
0
0
0
0
0
0
0
0
0
0
0
0
0
0
0
0
0
0
0
0
0
0
0
0
0
0
0
0
0
0
0
0
0
0
0
0
0
0
0
0
0
0
0
0
0
0
0
0
0
0
0
0
0
0
0
0
0
0
0
0
0
0
0
0
0
0
0
0
0
0
0
0
0
0
0
0
0
0
0
0
0
0
0
0
0
0
0
0
0
0
0
0
0
0
0
0
0
0
0
0
0
0
0
0
0
0
0
0
0
0
0
0
0
0
0
0
0
0
0
0
0
0
0
0
0
0
0
0
0
0
0
0
0
0
0
0
0
0
0
0
0
0
0
0
0
0
0
0
0
0
0
0
0
0
0
0
0
0
0
0
0
0
0
0
0
0
0
0
0
0
0
0
0
0
0
0
0
0
0
0
0
0
0
0
0
0
0
0
0
0
0
0
0
0
0
0
0
0
0
0
0
0
0
0
0
0
0
0
0
0
0
0
0
0
0
0
0
0
0
0
0
0
0
0
0
0
0
0
0
0
0
0
0
0
0
0
0
0
0
0
0
0
0
0
0
0
0
0
0
0
0
0
0
0
0
0
0
0
0
0
0
0
0
0
0
0
0
0
0
0
0
0
0
0
0
0
0
0
0
0
0
0
0
0
0
0
0
0
0
0
0
0
0
0
0
0
0
0
0
0
0
0
0
0
0
0
0
0
0
0
0
0
0
0
0
0
0
0
0
0
0
0
0
0
0
0
0
0
0
0
0
0
0
0
0
0
0
0
0
0
0
0
0
0
0
0
0
0
0
0
0
0
0
0
0
0
0
0
0
0
0
0
0
0
0
0
0
0
0
0
0
0
0
0
0
0
0
0
0
0
0
0
0
0
0
0
0
0
0
0
0
0
0
0
0
0
0
0
0
0
0
0
0
0
0
0
0
0
0
0
0
0
0
0
0
0
0
0
0
0
0
0
0
0
0
0
0
0
0
0
0
0
0
0
0
0
0
0
0
0
0
0
0
0
0
0
0
0
0
0
0
0
0
0
0
0
0
0
0
0
0
0
0
0
0
0
0
0
0
0
0
0
0
0
0
0
0
0
0
0
0
0
0
0
0
0
0
0
0
0
0
0
0
0
0
0
0
0
0
0
0
0
0
0
0
0
0
0
0
0
0
0
0
0
0
0
0
0
0
0
0
0
0
0
0
0
0
0
0
0
0
0
0
0
0
0
0
0
0
0
0
0
0
0
0
0
0
0
0
0
0
0
0
0
0
0
0
0
0
0
0
0
0
0
0
0
0
0
0
0
0
0
0
0
0
0
0
0
0
0
0
0
0
0
0
0
0
0
0
0
0
0
0
0
0
0
0
0
0
0
0
0
0
0
0
0
0
0
0
0
0
0
0
0
0
0
0
0
0
0
0
0
0
0
0
0
0
0
0
0
0
0
0
0
0
0
0
0
0
0
0
0
0
0
0
0
0
0
0
0
0
0
0
0
0
0
0
0
0
0
0
0
0
0
0
0
0
0
0
0
0
0
0
0
0
0
0
0
0
0
0
0
0
0
0
0
0
0
0
0
0
0
0
0
0
0
0
0
0
0
0
0
0
0
0
0
0
0
0
0
0
0
0
0
0
0
0
0
0
0
0
0
0
0
0
0
0
0
0
0
0
0
0
0
0
0
0
0
0
0
0
0
0
0
0
0
0
0
0
0
0
0
0
0
0
0
0
0
0
0
0
0
0
0
0
0
0
0
0
0
0
0
0
0
0
0
0
0
0
0
0
0
0
0
0
0
0
0
0
0
0
0
0
0
0
0
0
0
0
0
0
0
0
0
0
0
0
0
0
0
0
0
0
0
0
0
0
0
0
0
0
0
0
0
0
0
0
0
0
0
0
0
0
0
0
0
0
0
0
0
0
0
0
0
0
0
0
0
0
0
0
0
0
0
0
0
0
0
0
0
0
0
0
0
0
0
0
0
0
0
0
0
0
0
0
0
0
0
0
0
0
0
0
0
0
0
0
0
0
0
0
0
0
0
0
0
0
0
0
0
0
0
0
0
0
0
0
0
0
0
0
0
0
0
0
0
0
0
0
0
0
0
0
0
0
0
0
0
0
0
0
0
0
0
0
0
0
0
0
0
0
0
0
0
0
0
0
0
0
0
0
0
0
0
0
0
0
0
0
0
0
0
0
0
0
0
0
0
0
0
0
0
0
0
0
0
0
0
0
0
0
0
0
0
0
0
0
0
0
0
0
0
0
0
0
0
0
0
0
0
0
0
0
0
0
0
0
0
0
0
0
0
0
0
0
0
0
0
0
0
0
0
0
0
0
0
0
0
0
0
0
0
0
0
0
0
0
0
0
0
0
0
0
0
0
0
0
0
0
0
0
0
0
0
0
0
0
0
0
0
0
0
0
0
0
0
0
0
0
0
0
0
0
0
0
0
0
0
0
0
0
0
0
0
0
0
0
0
0
0
0
0
0
0
0
0
0
0
0
0
0
0
0
0
0
0
0
0
0
0
0
0
0
0
0
0
0
0
0
0
0
0
0
0
0
0
0
0
0
0
0
0
0
0
0
0
0
0
0
0
0
0
0
0
0
0
0
0
0
0
0
0
0
0
0
0
0
0
0
0
0
0
0
0
0
0
0
0
0
0
0
0
0
0
0
0
0
0
0
0
0
0
0
0
0
0
0
0
0
0
0
0
0
0
0
0
0
0
0
0
0
0
0
0
0
0
0
0
0
0
0
0
0
0
0
0
0
0
0
0
0
0
0
0
0
0
0
0
0
0
0
0
0
0
0
0
0
0
0
0
0
0
0
0
0
0
0
0
0
0
0
0
0
0
0
0
0
0
0
0
0
0
0
0
0
0
0
0
0
0
0
0
0
0
0
0
0
0
0
0
0
0
0
0
0
0
0
0
0
0
0
0
0
0
0
0
0
0
0
0
0
0
0
0
0
0
0
0
0
0
0
0
0
0
0
0
0
0
0
0
0
0
0
0
0
0
0
0
0
0
0
0
0
0
0
0
0
0
0
0
0
0
0
0
0
0
0
0
0
0
0
0
0
0
0
0
0
0
0
0
0
0
0
0
0
0
0
0
0
0
0
0
0
0
0
0
0
0
0
0
0
0
0
0
0
0
0
0
0
0
0
0
0
0
0
0
0
0
0
0
0
0
0
0
0
0
0
0
0
0
0
0
0
0
0
0
0
0
0
0
0
0
0
0
0
0
0
0
0
0
0
0
0
0
0
0
0
0
0
0
0
0
0
0
0
0
0
0
0
0
0
0
0
0
0
0
0
0
0
0
0
0
0
0
0
0
0
0
0
0
0
0
0
0
0
0
0
0
0
0
0
0
0
0
0
0
0
0
0
0
0
0
0
0
0
0
0
0
0
0
0
0
0
0
0
0
0
0
0
0
0
0
0
0
0
0
0
0
0
0
0
0
0
0
0
0
0
0
0
0
0
0
0
0
0
0
0
0
0
0
0
0
0
0
0
0
0
0
0
0
0
0
0
0
0
0
0
0
0
0
0
0
0
0
0
0
0
0
0
0
0
0
0
0
0
0
0
0
0
0
0
0
0
0
0
0
0
0
0
0
0
0
0
0
0
0
0
0
0
0
0
0
0
0
0
0
0
0
0
0
0
0
0
0
0
0
0
0
0
0
0
0
0
0
0
0
0
0
0
0
0
0
0
0
0
0
0
0
0
0
0
0
0
0
0
0
0
0
0
0
0
0
0
0
0
0
0
0
0
0
0
0
0
0
0
0
0
0
0
0
0
0
0
0
0
0
0
0
0
0
0
0
0
0
0
0
0
0
0
0
0
0
0
0
0
0
0
0
0
0
0
0
0
0
0
0
0
0
0
0
0
0
0
0
0
0
0
0
0
0
0
0
0
0
0
0
0
0
0
0
0
0
0
0
0
0
0
0
0
0
0
0
0
0
0
0
0
0
0
0
0
0
0
0
0
0
0
0
0
0
0
0
0
0
0
0
0
0
0
0
0
0
0
0
0
0
0
0
0
0
0
0
0
0
0
0
0
0
0
0
0
0
0
0
0
0
0
0
0
0
0
0
0
0
0
0
0
0
0
0
0
0
0
0
0
0
0
0
0
0
0
0
0
0
0
0
0
0
0
0
0
0
0
0
0
0
0
0
0
0
0
0
0
0
0
0
0
0
0
0
0
0
0
0
0
0
0
0
0
0
0
0
0
0
0
0
0
0
0
0
0
0
0
0
0
0
0
0
0
0
0
0
0
0
0
0
0
0
0
0
0
0
0
0
0
0
0
0
0
0
0
0
0
0
0
0
0
0
0
0
0
0
0
0
0
0
0
0
0
0
0
0
0
0
0
0
0
0
0
0
0
0
0
0
0
0
0
0
0
0
0
0
0
0
0
0
0
0
0
0
0
0
0
0
0
0
0
0
0
0
0
0
0
0
0
0
0
0
0
0
0
0
0
0
0
0
0
0
0
0
0
0
0
0
0
0
0
0
0
0
0
0
0
0
0
0
0
0
0
0
0
0
0
0
0
0
0
0
0
0
0
0
0
0
0
0
0
0
0
0
0
0
0
0
0
0
0
0
0
0
0
0
0
0
0
0
0
0
0
0
0
0
0
0
0
0
0
0
0
0
0
0
0
0
0
0
0
0
0
0
0
0
0
0
0
0
0
0
0
0
0
0
0
0
0
0
0
0
0
0
0
0
0
0
0
0
0
0
0
0
0
0
0
0
0
0
0
0
0
0
0
0
0
0
0
0
0
0
0
0
0
0
0
0
0
0
0
0
0
0
0
0
0
0
0
0
0
0
0
0
0
0
0
0
0
0
0
0
0
0
0
0
0
0
0
0
0
0
0
0
0
0
0
0
0
0
0
0
0
0
0
0
0
0
0
0
0
0
0
0
0
0
0
0
0
0
0
0
0
0
0
0
0
0
0
0
0
0
0
0
0
0
0
0
0
0
0
0
0
0
0
0
0
0
0
0
0
0
0
0
0
0
0
0
0
0
0
0
0
0
0
0
0
0
0
0
0
0
0
0
0
0
0
0
0
0
0
0
0
0
0
0
0
0
0
0
0
0
0
0
0
0
0
0
0
0
0
0
0
0
0
0
0
0
0
0
0
0
0
0
0
0
0
0
0
0
0
0
0
0
0
0
0
0
0
0
0
0
0
0
0
0
0
0
0
0
0
0
0
0
0
0
0
0
0
0
0
0
0
0
0
0
0
0
0
0
0
0
0
0
0
0
0
0
0
0
0
0
0
0
0
0
0
0
0
0
0
0
0
0
0
0
0
0
0
0
0
0
0
0
0
0
0
0
0
0
0
0
0
0
0
0
0
0
0
0
0
0
0
0
0
0
0
0
0
0
0
0
0
0
0
0
0
0
0
0
0
0
0
0
0
0
0
0
0
0
0
0
0
0
0
0
0
0
0
0
0
0
0
0
0
0
0
0
0
0
0
0
0
0
0
0
0
0
0
0
0
0
0
0
0
0
0
0
0
0
0
0
0
0
0
0
0
0
0
0
0
0
0
0
0
0
0
0
0
0
0
0
0
0
0
0
0
0
0
0
0
0
0
0
0
0
0
0
0
0
0
0
0
0
0
0
0
0
0
0
0
0
0
0
0
0
0
0
0
0
0
0
0
0
0
0
0
0
0
0
0
0
0
0
0
0
0
0
0
0
0
0
0
0
0
0
0
0
0
0
0
0
0
0
0
0
0
0
0
0
0
0
0
0
0
0
0
0
0
0
0
0
0
0
0
0
0
0
0
0
0
0
0
0
0
0
0
0
0
0
0
0
0
0
0
0
0
0
0
0
0
0
0
0
0
0
0
0
0
0
0
0
0
0
0
0
0
0
0
0
0
0
0
0
0
0
0
0
0
0
0
0
0
0
0
0
0
0
0
0
0
0
0
0
0
0
0
0
0
0
0
0
0
0
0
0
0
0
0
0
0
0
0
0
0
0
0
0
0
0
0
0
0
0
0
0
0
0
0
0
0
0
0
0
0
0
0
0
0
0
0
0
0
0
0
0
0
0
0
0
0
0
0
0
0
0
0
0
0
0
0
0
0
0
0
0
0
0
0
0
0
0
0
0
0
0
0
0
0
0
0
0
0
0
0
0
0
0
0
0
0
0
0
0
0
0
0
0
0
0
0
0
0
0
0
0
0
0
0
0
0
0
0
0
0
0
0
0
0
0
0
0
0
0
0
0
0
0
0
0
0
0
0
0
0
0
0
0
0
0
0
0
0
0
0
0
0
0
0
0
0
0
0
0
0
0
0
0
0
0
0
0
0
0
0
0
0
0
0
0
0
0
0
0
0
0
0
0
0
0
0
0
0
0
0
0
0
0
0
0
0
0
0
0
0
0
0
0
0
0
0
0
0
0
0
0
0
0
0
0
0
0
0
0
0
0
0
0
0
0
0
0
0
0
0
0
0
0
0
0
0
0
0
0
0
0
0
0
0
0
0
0
0
0
0
0
0
0
0
0
0
0
0
0
0
0
0
0
0
0
0
0
0
0
0
0
0
0
0
0
0
0
0
0
0
0
0
0
0
0
0
0
0
0
0
0
0
0
0
0
0
0
0
0
0
0
0
0
0
0
0
0
0
0
0
0
0
0
0
0
0
0
0
0
0
0
0
0
0
0
0
0
0
0
0
0
0
0
0
0
0
0
0
0
0
0
0
0
0
0
0
0
0
0
0
0
0
0
0
0
0
0
0
0
0
0
0
0
0
0
0
0
0
0
0
0
0
0
0
0
0
0
0
0
0
0
0
0
0
0
0
0
0
0
0
0
0
0
0
0
0
0
0
0
0
0
0
0
0
0
0
0
0
0
0
0
0
0
0
0
0
0
0
0
0
0
0
0
0
0
0
0
0
0
0
0
0
0
0
0
0
0
0
0
0
0
0
0
0
0
0
0
0
0
0
0
0
0
0
0
0
0
0
0
0
0
0
0
0
0
0
0
0
0
0
0
0
0
0
0
0
0
0
0
0
0
0
0
0
0
0
0
0
0
0
0
0
0
0
0
0
0
0
0
0
0
0
0
0
0
0
0
0
0
0
0
0
0
0
0
0
0
0
0
0
0
0
0
0
0
0
0
0
0
0
0
0
0
0
0
0
0
0
0
0
0
0
0
0
0
0
0
0
0
0
0
0
0
0
0
0
0
0
0
0
0
0
0
0
0
0
0
0
0
0
0
0
0
0
0
0
0
0
0
0
0
0
0
0
0
0
0
0
0
0
0
0
0
0
0
0
0
0
0
0
0
0
0
0
0
0
0
0
0
0
0
0
0
0
0
0
0
0
0
0
0
0
0
0
0
0
0
0
0
0
0
0
0
0
0
0
0
0
0
0
0
0
0
0
0
0
0
0
0
0
0
0
0
0
0
0
0
0
0
0
0
0
0
0
0
0
0
0
0
0
0
0
0
0
0
0
0
0
0
0
0
0
0
0
0
0
0
0
0
0
0
0
0
0
0
0
0
0
0
0
0
0
0
0
0
0
0
0
0
0
0
0
0
0
0
0
0
0
0
0
0
0
0
0
0
0
0
0
0
0
0
0
0
0
0
0
0
0
0
0
0
0
0
0
0
0
0
0
0
0
0
0
0
0
0
0
0
0
0
0
0
0
0
0
0
0
0
0
0
0
0
0
0
0
0
0
0
0
0
0
0
0
0
0
0
0
0
0
0
0
0
0
0
0
0
0
0
0
0
0
0
0
0
0
0
0
0
0
0
0
0
0
0
0
0
0
0
0
0
0
0
0
0
0
0
0
0
0
0
0
0
0
0
0
0
0
0
0
0
0
0
0
0
0
0
0
0
0
0
0
0
0
0
0
0
0
0
0
0
0
0
0
0
0
0
0
0
0
0
0
0
0
0
0
0
0
0
0
0
0
0
0
0
0
0
0
0
0
0
0
0
0
0
0
0
0
0
0
0
0
0
0
0
0
0
0
0
0
0
0
0
0
0
0
0
0
0
0
0
0
0
0
0
0
0
0
0
0
0
0
0
0
0
0
0
0
0
0
0
0
0
0
0
0
0
0
0
0
0
0
0
0
0
0
0
0
0
0
0
0
0
0
0
0
0
0
0
0
0
0
0
0
0
0
0
0
0
0
0
0
0
0
0
0
0
0
0
0
0
0
0
0
0
0
0
0
0
0
0
0
0
0
0
0
0
0
0
0
0
0
0
0
0
0
0
0
0
0
0
0
0
0
0
0
0
0
0
0
0
0
0
0
0
0
0
0
0
0
0
0
0
0
0
0
0
0
0
0
0
0
0
0
0
0
0
0
0
0
0
0
0
0
0
0
0
0
0
0
0
0
0
0
0
0
0
0
0
0
0
0
0
0
0
0
0
0
0
0
0
0
0
0
0
0
0
0
0
0
0
0
0
0
0
0
0
0
0
0
0
0
0
0
0
0
0
0
0
0
0
0
0
0
0
0
0
0
0
0
0
0
0
0
0
0
0
0
0
0
0
0
0
0
0
0
0
0
0
0
0
0
0
0
0
0
0
0
0
0
0
0
0
0
0
0
0
0
0
0
0
0
0
0
0
0
0
0
0
0
0
0
0
0
0
0
0
0
0
0
0
0
0
0
0
0
0
0
0
0
0
0
0
0
0
0
0
0
0
0
0
0
0
0
0
0
0
0
0
0
0
0
0
0
0
0
0
0
0
0
0
0
0
0
0
0
0
0
0
0
0
0
0
0
0
0
0
0
0
0
0
0
0
0
0
0
0
0
0
0
0
0
0
0
0
0
0
0
0
0
0
0
0
0
0
0
0
0
0
0
0
0
0
0
0
0
0
0
0
0
0
0
0
0
0
0
0
0
0
0
0
0
0
0
0
0
0
0
0
0
0
0
0
0
0
0
0
0
0
0
0
0
0
0
0
0
0
0
0
0
0
0
0
0
0
0
0
0
0
0
0
0
0
0
0
0
0
0
0
0
0
0
0
0
0
0
0
0
0
0
0
0
0
0
0
0
0
0
0
0
0
0
0
0
0
0
0
0
0
0
0
0
0
0
0
0
0
0
0
0
0
0
0
0
0
0
0
0
0
0
0
0
0
0
0
0
0
0
0
0
0
0
0
0
0
0
0
0
0
0
0
0
0
0
0
0
0
0
0
0
0
0
0
0
0
0
0
0
0
0
0
0
0
0
0
0
0
0
0
0
0
0
0
0
0
0
0
0
0
0
0
0
0
0
0
0
0
0
0
0
0
0
0
0
0
0
0
0
0
0
0
0
0
0
0
0
0
0
0
0
0
0
0
0
0
0
0
0
0
0
0
0
0
0
0
0
0
0
0
0
0
0
0
0
0
0
0
0
0
0
0
0
0
0
0
0
0
0
0
0
0
0
0
0
0
0
0
0
0
0
0
0
0
0
0
0
0
0
0
0
0
0
0
0
0
0
0
0
0
0
0
0
0
0
0
0
0
0
0
0
0
0
0
0
0
0
0
0
0
0
0
0
0
0
0
0
0
0
0
0
0
0
0
0
0
0
0
0
0
0
0
0
0
0
0
0
0
0
0
0
0
0
0
0
0
0
0
0
0
0
0
0
0
0
0
0
0
0
0
0
0
0
0
0
0
0
0
0
0
0
0
0
0
0
0
0
0
0
0
0
0
0
0
0
0
0
0
0
0
0
0
0
0
0
0
0
0
0
0
0
0
0
0
0
0
0
0
0
0
0
0
0
0
0
0
0
0
0
0
0
0
0
0
0
0
0
0
0
0
0
0
0
0
0
0
0
0
0
0
0
0
0
0
0
0
0
0
0
0
0
0
0
0
0
0
0
0
0
0
0
0
0
0
0
0
0
0
0
0
0
0
0
0
0
0
0
0
0
0
0
0
0
0
0
0
0
0
0
0
0
0
0
0
0
0
0
0
0
0
0
0
0
0
0
0
0
0
0
0
0
0
0
0
0
0
0
0
0
0
0
0
0
0
0
0
0
0
0
0
0
0
0
0
0
0
0
0
0
0
0
0
0
0
0
0
0
0
0
0
0
0
0
0
0
0
0
0
0
0
0
0
0
0
0
0
0
0
0
0
0
0
0
0
0
0
0
0
0
0
0
0
0
0
0
0
0
0
0
0
0
0
0
0
0
0
0
0
0
0
0
0
0
0
0
0
0
0
0
0
0
0
0
0
0
0
0
0
0
0
0
0
0
0
0
0
0
0
0
0
0
0
0
0
0
0
0
0
0
0
0
0
0
0
0
0
0
0
0
0
0
0
0
0
0
0
0
0
0
0
0
0
0
0
0
0
0
0
0
0
0
0
0
0
0
0
0
0
0
0
0
0
0
0
0
0
0
0
0
0
0
0
0
0
0
0
0
0
0
0
0
0
0
0
0
0
0
0
0
0
0
0
0
0
0
0
0
0
0
0
0
0
0
0
0
0
0
0
0
0
0
0
0
0
0
0
0
0
0
0
0
0
0
0
0
0
0
0
0
0
0
0
0
0
0
0
0
0
0
0
0
0
0
0
0
0
0
0
0
0
0
0
0
0
0
0
0
0
0
0
0
0
0
0
0
0
0
0
0
0
0
0
0
0
0
0
0
0
0
0
0
0
0
0
0
0
0
0
0
0
0
0
0
0
0
0
0
0
0
0
0
0
0
0
0
0
0
0
0
0
0
0
0
0
0
0
0
0
0
0
0
0
0
0
0
0
0
0
0
0
0
0
0
0
0
0
0
0
0
0
0
0
0
0
0
0
0
0
0
0
0
0
0
0
0
0
0
0
0
0
0
0
0
0
0
0
0
0
0
0
0
0
0
0
0
0
0
0
0
0
0
0
0
0
0
0
0
0
0
0
0
0
0
0
0
0
0
0
0
0
0
0
0
0
0
0
0
0
0
0
0
0
0
0
0
0
0
0
0
0
0
0
0
0
0
0
0
0
0
0
0
0
0
0
0
0
0
0
0
0
0
0
0
0
0
0
0
0
0
0
0
0
0
0
0
0
0
0
0
0
0
0
0
0
0
0
0
0
0
0
0
0
0
0
0
0
0
0
0
0
0
0
0
0
0
0
0
0
0
0
0
0
0
0
0
0
0
0
0
0
0
0
0
0
0
0
0
0
0
0
0
0
0
0
0
0
0
0
0
0
0
0
0
0
0
0
0
0
0
0
0
0
0
0
0
0
0
0
0
0
0
0
0
0
0
0
0
0
0
0
0
0
0
0
0
0
0
0
0
0
0
0
0
0
0
0
0
0
0
0
0
0
0
0
0
0
0
0
0
0
0
0
0
0
0
0
0
0
0
0
0
0
0
0
0
0
0
0
0
0
0
0
0
0
0
0
0
0
0
0
0
0
0
0
0
0
0
0
0
0
0
0
0
0
0
0
0
0
0
0
0
0
0
0
0
0
0
0
0
0
0
0
0
0
0
0
0
0
0
0
0
0
0
0
0
0
0
0
0
0
0
0
0
0
0
0
0
0
0
0
0
0
0
0
0
0
0
0
0
0
0
0
0
0
0
0
0
0
0
0
0
0
0
0
0
0
0
0
0
0
0
0
0
0
0
0
0
0
0
0
0
0
0
0
0
0
0
0
0
0
0
0
0
0
0
0
0
0
0
0
0
0
0
0
0
0
0
0
0
0
0
0
0
0
0
0
0
0
0
0
0
0
0
0
0
0
0
0
0
0
0
0
0
0
0
0
0
0
0
0
0
0
0
0
0
0
0
0
0
0
0
0
0
0
0
0
0
0
0
0
0
0
0
0
0
0
0
0
0
0
0
0
0
0
0
0
0
0
0
0
0
0
0
0
0
0
0
0
0
0
0
0
0
0
0
0
0
0
0
0
0
0
0
0
0
0
0
0
0
0
0
0
0
0
0
0
0
0
0
0
0
0
0
0
0
0
0
0
0
0
0
0
0
0
0
0
0
0
0
0
0
0
0
0
0
0
0
0
0
0
0
0
0
0
0
0
0
0
0
0
0
0
0
0
0
0
0
0
0
0
0
0
0
0
0
0
0
0
0
0
0
0
0
0
0
0
0
0
0
0
0
0
0
0
0
0
0
0
0
0
0
0
0
0
0
0
0
0
0
0
0
0
0
0
0
0
0
0
0
0
0
0
0
0
0
0
0
0
0
0
0
0
0
0
0
0
0
0
0
0
0
0
0
0
0
0
0
0
0
0
0
0
0
0
0
0
0
0
0
0
0
0
0
0
0
0
0
0
0
0
0
0
0
0
0
0
0
0
0
0
0
0
0
0
0
0
0
0
0
0
0
0
0
0
0
0
0
0
0
0
0
0
0
0
0
0
0
0
0
0
0
0
0
0
0
0
0
0
0
0
0
0
0
0
0
0
0
0
0
0
0
0
0
0
0
0
0
0
0
0
0
0
0
0
0
0
0
0
0
0
0
0
0
0
0
0
0
0
0
0
0
0
0
0
0
0
0
0
0
0
0
0
0
0
0
0
0
0
0
0
0
0
0
0
0
0
0
0
0
0
0
0
0
0
0
0
0
0
0
0
0
0
0
0
0
0
0
0
0
0
0
0
0
0
0
0
0
0
0
0
0
0
0
0
0
0
0
0
0
0
0
0
0
0
0
0
0
0
0
0
0
0
0
0
0
0
0
0
0
0
0
0
0
0
0
0
0
0
0
0
0
0
0
0
0
0
0
0
0
0
0
0
0
0
0
0
0
0
0
0
0
0
0
0
0
0
0
0
0
0
0
0
0
0
0
0
0
0
0
0
0
0
0
0
0
0
0
0
0
0
0
0
0
0
0
0
0
0
0
0
0
0
0
0
0
0
0
0
0
0
0
0
0
0
0
0
0
0
0
0
0
0
0
0
0
0
0
0
0
0
0
0
0
0
0
0
0
0
0
0
0
0
0
0
0
0
0
0
0
0
0
0
0
0
0
0
0
0
0
0
0
0
0
0
0
0
0
0
0
0
0
0
0
0
0
0
0
0
0
0
0
0
0
0
0
0
0
0
0
0
0
0
0
0
0
0
0
0
0
0
0
0
0
0
0
0
0
0
0
0
0
0
0
0
0
0
0
0
0
0
0
0
0
0
0
0
0
0
0
0
0
0
0
0
0
0
0
0
0
0
0
0
0
0
0
0
0
0
0
0
0
0
0
0
0
0
0
0
0
0
0
0
0
0
0
0
0
0
0
0
0
0
0
0
0
0
0
0
0
0
0
0
0
0
0
0
0
0
0
0
0
0
0
0
0
0
0
0
0
0
0
0
0
0
0
0
0
0
0
0
0
0
0
0
0
0
0
0
0
0
0
0
0
0
0
0
0
0
0
0
0
0
0
0
0
0
0
0
0
0
0
0
0
0
0
0
0
0
0
0
0
0
0
0
0
0
0
0
0
0
0
0
0
0
0
0
0
0
0
0
0
0
0
0
0
0
0
0
0
0
0
0
0
0
0
0
0
0
0
0
0
0
0
0
0
0
0
0
0
0
0
0
0
0
0
0
0
0
0
0
0
0
0
0
0
0
0
0
0
0
0
0
0
0
0
0
0
0
0
0
0
0
0
0
0
0
0
0
0
0
0
0
0
0
0
0
0
0
0
0
0
0
0
0
0
0
0
0
0
0
0
0
0
0
0
0
0
0
0
0
0
0
0
0
0
0
0
0
0
0
0
0
0
0
0
0
0
0
0
0
0
0
0
0
0
0
0
0
0
0
0
0
0
0
0
0
0
0
0
0
0
0
0
0
0
0
0
0
0
0
0
0
0
0
0
0
0
0
0
0
0
0
0
0
0
0
0
0
0
0
0
0
0
0
0
0
0
0
0
0
0
0
0
0
0
0
0
0
0
0
0
0
0
0
0
0
0
0
0
0
0
0
0
0
0
0
0
0
0
0
0
0
0
0
0
0
0
0
0
0
0
0
0
0
0
0
0
0
0
0
0
0
0
0
0
0
0
0
0
0
0
0
0
0
0
0
0
0
0
0
0
0
0
0
0
0
0
0
0
0
0
0
0
0
0
0
0
0
0
0
0
0
0
0
0
0
0
0
0
0
0
0
0
0
0
0
0
0
0
0
0
0
0
0
0
0
0
0
0
0
0
0
0
0
0
0
0
0
0
0
0
0
0
0
0
0
0
0
0
0
0
0
0
0
0
0
0
0
0
0
0
0
0
0
0
0
0
0
0
0
0
0
0
0
0
0
0
0
0
0
0
0
0
0
0
0
0
0
0
0
0
0
0
0
0
0
0
0
0
0
0
0
0
0
0
0
0
0
0
0
0
0
0
0
0
0
0
0
0
0
0
0
0
0
0
0
0
0
0
0
0
0
0
0
0
0
0
0
0
0
0
0
0
0
0
0
0
0
0
0
0
0
0
0
0
0
0
0
0
0
0
0
0
0
0
0
0
0
0
0
0
0
0
0
0
0
0
0
0
0
0
0
0
0
0
0
0
0
0
0
0
0
0
0
0
0
0
0
0
0
0
0
0
0
0
0
0
0
0
0
0
0
0
0
0
0
0
0
0
0
0
0
0
0
0
0
0
0
0
0
0
0
0
0
0
0
0
0
0
0
0
0
0
0
0
0
0
0
0
0
0
0
0
0
0
0
0
0
0
0
0
0
0
0
0
0
0
0
0
0
0
0
0
0
0
0
0
0
0
0
0
0
0
0
0
0
0
0
0
0
0
0
0
0
0
0
0
0
0
0
0
0
0
0
0
0
0
0
0
0
0
0
0
0
0
0
0
0
0
0
0
0
0
0
0
0
0
0
0
0
0
0
0
0
0
0
0
0
0
0
0
0
0
0
0
0
0
0
0
0
0
0
0
0
0
0
0
0
0
0
0
0
0
0
0
0
0
0
0
0
0
0
0
0
0
0
0
0
0
0
0
0
0
0
0
0
0
0
0
0
0
0
0
0
0
0
0
0
0
0
0
0
0
0
0
0
0
0
0
0
0
0
0
0
0
0
0
0
0
0
0
0
0
0
0
0
0
0
0
0
0
0
0
0
0
0
0
0
0
0
0
0
0
0
0
0
0
0
0
0
0
0
0
0
0
0
0
0
0
0
0
0
0
0
0
0
0
0
0
0
0
0
0
0
0
0
0
0
0
0
0
0
0
0
0
0
0
0
0
0
0
0
0
0
0
0
0
0
0
0
0
0
0
0
0
0
0
0
0
0
0
0
0
0
0
0
0
0
0
0
0
0
0
0
0
0
0
0
0
0
0
0
0
0
0
0
0
0
0
0
0
0
0
0
0
0
0
0
0
0
0
0
0
0
0
0
0
0
0
0
0
0
0
0
0
0
0
0
0
0
0
0
0
0
0
0
0
0
0
0
0
0
0
0
0
0
0
0
0
0
0
0
0
0
0
0
0
0
0
0
0
0
0
0
0
0
0
0
0
0
0
0
0
0
0
0
0
0
0
0
0
0
0
0
0
0
0
0
0
0
0
0
0
0
0
0
0
0
0
0
0
0
0
0
0
0
0
0
0
0
0
0
0
0
0
0
0
0
0
0
0
0
0
0
0
0
0
0
0
0
0
0
0
0
0
0
0
0
0
0
0
0
0
0
0
0
0
0
0
0
0
0
0
0
0
0
0
0
0
0
0
0
0
0
0
0
0
0
0
0
0
0
0
0
0
0
0
0
0
0
0
0
0
0
0
0
0
0
0
0
0
0
0
0
0
0
0
0
0
0
0
0
0
0
0
0
0
0
0
0
0
0
0
0
0
0
0
0
0
0
0
0
0
0
0
0
0
0
0
0
0
0
0
0
0
0
0
0
0
0
0
0
0
0
0
0
0
0
0
0
0
0
0
0
0
0
0
0
0
0
0
0
0
0
0
0
0
0
0
0
0
0
0
0
0
0
0
0
0
0
0
0
0
0
0
0
0
0
0
0
0
0
0
0
0
0
0
0
0
0
0
0
0
0
0
0
0
0
0
0
0
0
0
0
0
0
0
0
0
0
0
0
0
0
0
0
0
0
0
0
0
0
0
0
0
0
0
0
0
0
0
0
0
0
0
0
0
0
0
0
0
0
0
0
0
0
0
0
0
0
0
0
0
0
0
0
0
0
0
0
0
0
0
0
0
0
0
0
0
0
0
0
0
0
0
0
0
0
0
0
0
0
0
0
0
0
0
0
0
0
0
0
0
0
0
0
0
0
0
0
0
0
0
0
0
0
0
0
0
0
0
0
0
0
0
0
0
0
0
0
0
0
0
0
0
0
0
0
0
0
0
0
0
0
0
0
0
0
0
0
0
0
0
0
0
0
0
0
0
0
0
0
0
0
0
0
0
0
0
0
0
0
0
0
0
0
0
0
0
0
0
0
0
0
0
0
0
0
0
0
0
0
0
0
0
0
0
0
0
0
0
0
0
0
0
0
0
0
0
0
0
0
0
0
0
0
0
0
0
0
0
0
0
0
0
0
0
0
0
0
0
0
0
0
0
0
0
0
0
0
0
0
0
0
0
0
0
0
0
0
0
0
0
0
0
0
0
0
0
0
0
0
0
0
0
0
0
0
0
0
0
0
0
0
0
0
0
0
0
0
0
0
0
0
0
0
0
0
0
0
0
0
0
0
0
0
0
0
0
0
0
0
0
0
0
0
0
0
0
0
0
0
0
0
0
0
0
0
0
0
0
0
0
0
0
0
0
0
0
0
0
0
0
0
0
0
0
0
0
0
0
0
0
0
0
0
0
0
0
0
0
0
0
0
0
0
0
0
0
0
0
0
0
0
0
0
0
0
0
0
0
0
0
0
0
0
0
0
0
0
0
0
0
0
0
0
0
0
0
0
0
0
0
0
0
0
0
0
0
0
0
0
0
0
0
0
0
0
0
0
0
0
0
0
0
0
0
0
0
0
0
0
0
0
0
0
0
0
0
0
0
0
0
0
0
0
0
0
0
0
0
0
0
0
0
0
0
0
0
0
0
0
0
0
0
0
0
0
0
0
0
0
0
0
0
0
0
0
0
0
0
0
0
0
0
0
0
0
0
0
0
0
0
0
0
0
0
0
0
0
0
0
0
0
0
0
0
0
0
0
0
0
0
0
0
0
0
0
0
0
0
0
0
0
0
0
0
0
0
0
0
0
0
0
0
0
0
0
0
0
0
0
0
0
0
0
0
0
0
0
0
0
0
0
0
0
0
0
0
0
0
0
0
0
0
0
0
0
0
0
0
0
0
0
0
0
0
0
0
0
0
0
0
0
0
0
0
0
0
0
0
0
0
0
0
0
0
0
0
0
0
0
0
0
0
0
0
0
0
0
0
0
0
0
0
0
0
0
0
0
0
0
0
0
0
0
0
0
0
0
0
0
0
0
0
0
0
0
0
0
0
0
0
0
0
0
0
0
0
0
0
0
0
0
0
0
0
0
0
0
0
0
0
0
0
0
0
0
0
0
0
0
0
0
0
0
0
0
0
0
0
0
0
0
0
0
0
0
0
0
0
0
0
0
0
0
0
0
0
0
0
0
0
0
0
0
0
0
0
0
0
0
0
0
0
0
0
0
0
0
0
0
0
0
0
0
0
0
0
0
0
0
0
0
0
0
0
0
0
0
0
0
0
0
0
0
0
0
0
0
0
0
0
0
0
0
0
0
0
0
0
0
0
0
0
0
0
0
0
0
0
0
0
0
0
0
0
0
0
0
0
0
0
0
0
0
0
0
0
0
0
0
0
0
0
0
0
0
0
0
0
0
0
0
0
0
0
0
0
0
0
0
0
0
0
0
0
0
0
0
0
0
0
0
0
0
0
0
0
0
0
0
0
0
0
0
0
0
0
0
0
0
0
0
0
0
0
0
0
0
0
0
0
0
0
0
0
0
0
0
0
0
0
0
0
0
0
0
0
0
0
0
0
0
0
0
0
0
0
0
0
0
0
0
0
0
0
0
0
0
0
0
0
0
0
0
0
0
0
0
0
0
0
0
0
0
0
0
0
0
0
0
0
0
0
0
0
0
0
0
0
0
0
0
0
0
0
0
0
0
0
0
0
0
0
0
0
0
0
0
0
0
0
0
0
0
0
0
0
0
0
0
0
0
0
0
0
0
0
0
0
0
0
0
0
0
0
0
0
0
0
0
0
0
0
0
0
0
0
0
0
0
0
0
0
0
0
0
0
0
0
0
0
0
0
0
0
0
0
0
0
0
0
0
0
0
0
0
0
0
0
0
0
0
0
0
0
0
0
0
0
0
0
0
0
0
0
0
0
0
0
0
0
0
0
0
0
0
0
0
0
0
0
0
0
0
0
0
0
0
0
0
0
0
0
0
0
0
0
0
0
0
0
0
0
0
0
0
0
0
0
0
0
0
0
0
0
0
0
0
0
0
0
0
0
0
0
0
0
0
0
0
0
0
0
0
0
0
0
0
0
0
0
0
0
0
0
0
0
0
0
0
0
0
0
0
0
0
0
0
0
0
0
0
0
0
0
0
0
0
0
0
0
0
0
0
0
0
0
0
0
0
0
0
0
0
0
0
0
0
0
0
0
0
0
0
0
0
0
0
0
0
0
0
0
0
0
0
0
0
0
0
0
0
0
0
0
0
0
0
0
0
0
0
0
0
0
0
0
0
0
0
0
0
0
0
0
0
0
0
0
0
0
0
0
0
0
0
0
0
0
0
0
0
0
0
0
0
0
0
0
0
0
0
0
0
0
0
0
0
0
0
0
0
0
0
0
0
0
0
0
0
0
0
0
0
0
0
0
0
0
0
0
0
0
0
0
0
0
0
0
0
0
0
0
0
0
0
0
0
0
0
0
0
0
0
0
0
0
0
0
0
0
0
0
0
0
0
0
0
0
0
0
0
0
0
0
0
0
0
0
0
0
0
0
0
0
0
0
0
0
0
0
0
0
0
0
0
0
0
0
0
0
0
0
0
0
0
0
0
0
0
0
0
0
0
0
0
0
0
0
0
0
0
0
0
0
0
0
0
0
0
0
0
0
0
0
0
0
0
0
0
0
0
0
0
0
0
0
0
0
0
0
0
0
0
0
0
0
0
0
0
0
0
0
0
0
0
0
0
0
0
0
0
0
0
0
0
0
0
0
0
0
0
0
0
0
0
0
0
0
0
0
0
0
0
0
0
0
0
0
0
0
0
0
0
0
0
0
0
0
0
0
0
0
0
0
0
0
0
0
0
0
0
0
0
0
0
0
0
0
0
0
0
0
0
0
0
0
0
0
0
0
0
0
0
0
0
0
0
0
0
0
0
0
0
0
0
0
0
0
0
0
0
0
0
0
0
0
0
0
0
0
0
0
0
0
0
0
0
0
0
0
0
0
0
0
0
0
0
0
0
0
0
0
0
0
0
0
0
0
0
0
0
0
0
0
0
0
0
0
0
0
0
0
0
0
0
0
0
0
0
0
0
0
0
0
0
0
0
0
0
0
0
0
0
0
0
0
0
0
0
0
0
0
0
0
0
0
0
0
0
0
0
0
0
0
0
0
0
0
0
0
0
0
0
0
0
0
0
0
0
0
0
0
0
0
0
0
0
0
0
0
0
0
0
0
0
0
0
0
0
0
0
0
0
0
0
0
0
0
0
0
0
0
0
0
0
0
0
0
0
0
0
0
0
0
0
0
0
0
0
0
0
0
0
0
0
0
0
0
0
0
0
0
0
0
0
0
0
0
0
0
0
0
0
0
0
0
0
0
0
0
0
0
0
0
0
0
0
0
0
0
0
0
0
0
0
0
0
0
0
0
0
0
0
0
0
0
0
0
0
0
0
0
0
0
0
0
0
0
0
0
0
0
0
0
0
0
0
0
0
0
0
0
0
0
0
0
0
0
0
0
0
0
0
0
0
0
0
0
0
0
0
0
0
0
0
0
0
0
0
0
0
0
0
0
0
0
0
0
0
0
0
0
0
0
0
0
0
0
0
0
0
0
0
0
0
0
0
0
0
0
0
0
0
0
0
0
0
0
0
0
0
0
0
0
0
0
0
0
0
0
0
0
0
0
0
0
0
0
0
0
0
0
0
0
0
0
0
0
0
0
0
0
0
0
0
0
0
0
0
0
0
0
0
0
0
0
0
0
0
0
0
0
0
0
0
0
0
0
0
0
0
0
0
0
0
0
0
0
0
0
0
0
0
0
0
0
0
0
0
0
0
0
0
0
0
0
0
0
0
0
0
0
0
0
0
0
0
0
0
0
0
0
0
0
0
0
0
0
0
0
0
0
0
0
0
0
0
0
0
0
0
0
0
0
0
0
0
0
0
0
0
0
0
0
0
0
0
0
0
0
0
0
0
0
0
0
0
0
0
0
0
0
0
0
0
0
0
0
0
0
0
0
0
0
0
0
0
0
0
0
0
0
0
0
0
0
0
0
0
0
0
0
0
0
0
0
0
0
0
0
0
0
0
0
0
0
0
0
0
0
0
0
0
0
0
0
0
0
0
0
0
0
0
0
0
0
0
0
0
0
0
0
0
0
0
0
0
0
0
0
0
0
0
0
0
0
0
0
0
0
0
0
0
0
0
0
0
0
0
0
0
0
0
0
0
0
0
0
0
0
0
0
0
0
0
0
0
0
0
0
0
0
0
0
0
0
0
0
0
0
0
0
0
0
0
0
0
0
0
0
0
0
0
0
0
0
0
0
0
0
0
0
0
0
0
0
0
0
0
0
0
0
0
0
0
0
0
0
0
0
0
0
0
0
0
0
0
0
0
0
0
0
0
0
0
0
0
0
0
0
0
0
0
0
0
0
0
0
0
0
0
0
0
0
0
0
0
0
0
0
0
0
0
0
0
0
0
0
0
0
0
0
0
0
0
0
0
0
0
0
0
0
0
0
0
0
0
0
0
0
0
0
0
0
0
0
0
0
0
0
0
0
0
0
0
0
0
0
0
0
0
0
0
0
0
0
0
0
0
0
0
0
0
0
0
0
0
0
0
0
0
0
0
0
0
0
0
0
0
0
0
0
0
0
0
0
0
0
0
0
0
0
0
0
0
0
0
0
0
0
0
0
0
0
0
0
0
0
0
0
0
0
0
0
0
0
0
0
0
0
0
0
0
0
0
0
0
0
0
0
0
0
0
0
0
0
0
0
0
0
0
0
0
0
0
0
0
0
0
0
0
0
0
0
0
0
0
0
0
0
0
0
0
0
0
0
0
0
0
0
0
0
0
0
0
0
0
0
0
0
0
0
0
0
0
0
0
0
0
0
0
0
0
0
0
0
0
0
0
0
0
0
0
0
0
0
0
0
0
0
0
0
0
0
0
0
0
0
0
0
0
0
0
0
0
0
0
0
0
0
0
0
0
0
0
0
0
0
0
0
0
0
0
0
0
0
0
0
0
0
0
0
0
0
0
0
0
0
0
0
0
0
0
0
0
0
0
0
0
0
0
0
0
0
0
0
0
0
0
0
0
0
0
0
0
0
0
0
0
0
0
0
0
0
0
0
0
0
0
0
0
0
0
0
0
0
0
0
0
0
0
0
0
0
0
0
0
0
0
0
0
0
0
0
0
0
0
0
0
0
0
0
0
0
0
0
0
0
0
0
0
0
0
0
0
0
0
0
0
0
0
0
0
0
0
0
0
0
0
0
0
0
0
0
0
0
0
0
0
0
0
0
0
0
0
0
0
0
0
0
0
0
0
0
0
0
0
0
0
0
0
0
0
0
0
0
0
0
0
0
0
0
0
0
0
0
0
0
0
0
0
0
0
0
0
0
0
0
0
0
0
0
0
0
0
0
0
0
0
0
0
0
0
0
0
0
0
0
0
0
0
0
0
0
0
0
0
0
0
0
0
0
0
0
0
0
0
0
0
0
0
0
0
0
0
0
0
0
0
0
0
0
0
0
0
0
0
0
0
0
0
0
0
0
0
0
0
0
0
0
0
0
0
0
0
0
0
0
0
0
0
0
0
0
0
0
0
0
0
0
0
0
0
0
0
0
0
0
0
0
0
0
0
0
0
0
0
0
0
0
0
0
0
0
0
0
0
0
0
0
0
0
0
0
0
0
0
0
0
0
0
0
0
0
0
0
0
0
0
0
0
0
0
0
0
0
0
0
0
