-52
-2
147
-1343
-2922
-1912
-2270
-228
-183
-829
-1259
-3027
-3607
-1619
-110
59
-48
262
-2089
-572
-1892
-2112
-20621
-231
161
-3596
-3605
-4210
-4177
-18410
-60
124
-135
626
-589
-776
-3141
-2436
-2820
-193
1157
-250
-736
-2681
-3124
-2209
-18
779
-174
-309
-1427
-933
-3760
-2620
-21579
-250
-398
-2994
-2982
-4408
-3636
-23893
-83
-122
-31
697
-1993
-1473
-2073
-2545
-2552
-190
941
-1806
-1655
-2141
-2403
-865
-50
275
40
426
25
-1290
-3523
-2479
-18697
-233
-488
-1343
-2449
-3625
-2948
-23061
-179
-216
-296
789
-2231
-1643
-3510
-2791
-2526
-388
717
-2918
-2580
-3711
-3428
-306
-155
1003
118
1004
1585
-2677
-1829
-2552
-20041
-42
2109
-990
-3026
-3926
-3515
-21122
-36
1783
-473
201
-3027
-2547
-5590
-4492
-4359
-406
403
-4074
-3690
-6221
-5386
-1198
-145
1060
49
210
3695
-5079
-4655
-4308
-13773
-96
406
123
-5315
-6224
-5225
-15631
218
829
-437
-223
-2563
-1605
-4316
-3457
-3260
-327
588
-3625
-2029
-4761
-4434
-921
-175
402
43
-270
2060
-3303
-3471
-3134
-15581
-222
-1470
-994
-4862
-4278
-4283
-16609
184
-1207
-438
-366
-3733
810
-2846
-3052
-2800
-335
521
-4380
258
-3809
-3462
-1136
-198
115
-68
-647
168
-3755
-1649
-2662
-14941
-155
-159
-928
-3346
-3527
-3617
-16584
117
233
-389
173
-4383
1388
-3440
-4023
-3448
-243
724
-5177
816
-4063
-4597
-2241
-131
423
-211
-727
-2035
-4610
-363
-3311
-13247
-255
-263
-2791
-3211
-2990
-4125
-13634
53
-192
1
155
836
-1468
-1771
-1422
-1964
-6
295
-237
-840
-2854
-3564
-1938
-42
61
-194
1677
-2126
-430
-3509
-2017
-23194
-262
1443
-4604
-3146
-4683
-3659
-20577
-106
965
-25
-163
-802
-2515
-2232
-4336
-4166
55
482
-142
-1673
-4194
-4455
-2348
83
505
-424
609
-405
-3957
-5965
-4276
-16441
-297
382
-3906
-4556
-5557
-3707
-22025
-200
-492
-118
549
-3154
-3177
-2480
-4566
-3792
-176
1719
-3331
-2835
-3970
-4718
-3314
-21
2401
-171
7
2080
-4000
-3581
-3753
-17799
-254
-386
-94
-4020
-4505
-3581
-19501
-170
-177
-226
252
-3375
-3297
-5213
-4345
-3562
-380
550
-3814
-3605
-5169
-4924
-3924
-29
662
4
-63
2522
-3487
-1636
-3644
-20129
-151
-430
1363
-3636
-4264
-4098
-20247
3
-297
-275
-702
-1786
-3037
-4565
-4425
-3836
-289
-1031
-2969
-2811
-5101
-5448
-2307
-75
-1088
-73
-775
2533
-3924
-3548
-3834
-19610
-145
-861
-708
-5016
-5950
-4511
-20266
123
-1220
-424
-263
-2320
1324
-2238
-2273
-2175
-284
-242
-3063
2251
-2613
-3710
-1429
-245
-698
-18
-89
-465
-1713
-3511
-2133
-23289
-111
-1507
-3194
-3525
-4708
-2946
-25752
85
-837
-471
608
-3869
4405
-2911
-1539
-2802
-406
843
-4087
4293
-2722
-3020
-2424
-250
1663
-72
-198
-2629
-3103
-3902
-2735
-19585
79
907
-4464
-3024
-5516
-3665
-22246
196
1527
-502
337
-4114
3815
-3818
-2737
-2805
-338
-26
-4071
3654
-3342
-3975
-3096
-113
-240
-126
-912
-2973
-3921
-813
-2577
-18718
-115
-815
-3651
-2538
-3923
-3781
-19520
175
-496
198
-214
-1688
-1963
-573
-1979
-2932
144
351
-1062
-1050
-2491
-2305
-2174
257
19
-340
1193
-752
-2917
-5000
-2956
-14235
-421
312
-2325
-2335
-4136
-2678
-19412
-141
188
205
-1182
-1715
-1087
-7
-3033
-3388
34
-1448
-3111
-1514
-4987
-5410
-1489
238
-1160
-387
-556
-974
-4437
-5344
-3459
-20741
-411
-588
-4374
-5343
-6881
-4265
-16974
-259
-808
91
-1321
-3731
-1752
-658
-3586
-3376
-55
-1173
-5812
-2038
-5051
-5640
-2724
127
-624
-292
-124
1220
-4341
-3948
-3346
-19987
-342
460
-653
-4966
-6146
-4133
-14916
-195
582
79
67
-4580
-3483
-3235
-3587
-3588
-225
-686
-5379
-3030
-5481
-4321
-2941
-72
-1172
-89
425
2851
-4461
-2385
-3566
-22094
-90
-1068
1590
-3391
-4584
-3670
-22057
68
-1826
0
1712
-3383
-4545
-3639
-3711
-3545
-168
1606
-3957
-4112
-5163
-4469
-2650
-2
1195
-141
-401
2891
-3761
-2085
-3641
-23832
-250
-1006
1601
-3650
-5269
-3635
-23875
96
-490
-296
948
-3822
-969
-4314
-2752
-3253
-304
1016
-3904
-113
-4207
-3381
-2015
-118
820
3
1090
162
-3292
-2265
-3563
-17924
-59
-378
-1433
-3705
-4522
-3275
-22590
195
1122
-491
582
-3997
4715
-4547
-508
-3069
-469
46
-5439
4856
-4526
-4122
-4178
-115
51
-25
483
-3567
-3939
-4402
-3202
-19032
-17
714
-6020
-5314
-7477
-5078
-14532
209
1452
-431
128
-3049
3997
-3783
-1102
-2620
-333
132
-3222
3431
-3176
-3639
-3119
-16
364
-18
-1211
-3071
-3481
-2812
-2451
-17798
-121
-1055
-4879
-3624
-5622
-4068
-16044
132
-994
197
-728
-3076
210
379
-1591
-2679
90
-210
-2613
120
-1215
-1936
-1840
219
-640
-274
984
-2529
-3066
-3707
-2415
-14060
-277
191
-2403
-1522
-4273
-2293
-18472
-149
-75
513
-94
-2390
358
1076
-1017
-1957
225
-89
-3245
823
-2148
-3261
-1407
91
-913
-223
441
-2669
-2531
-2521
-1810
-21574
-464
-809
-3750
-2786
-3615
-2117
-19621
-320
-329
389
652
-2434
-808
-1298
-692
-2074
189
215
-2952
-20
-1959
-2787
-497
91
-529
-15
183
-2908
-2598
72
-2052
-18317
-325
461
-3603
-2709
-2858
-1558
-18349
-116
378
305
967
-2904
-1446
-2442
-1207
-2017
133
436
-4729
-1179
-3662
-3702
905
92
-417
-67
1640
-253
-2324
-627
-2158
-24835
-200
1994
-2573
-3597
-4313
-3578
-21568
102
997
289
1291
-6195
-6669
-6571
-5647
-5645
44
806
-6209
-5476
-7197
-5604
-1993
136
-160
-159
618
3210
-6385
70
-5718
-16983
-111
-72
1243
-5855
-3851
-5036
-20459
-13
28
95
3319
-6403
-4842
-6592
-5058
-5051
-185
1229
-7160
-3632
-7625
-6361
-3615
14
998
166
1288
2363
-5840
-367
-5211
-22361
27
584
249
-6953
-4018
-5941
-20975
81
889
-212
2003
-5775
-879
-6014
-2462
-4428
-256
866
-6354
1494
-6770
-4205
-4079
115
821
1
72
-1853
-5554
-845
-4635
-17075
62
1049
-3058
-5945
-3766
-5617
-18980
182
859
-253
983
-2605
-798
-3684
-2611
-3787
-245
862
-3416
-328
-5513
-4808
-3297
77
1381
-116
-1955
-1502
-4955
-2849
-3761
-16503
-86
-2121
-3006
-4999
-5663
-5511
-15934
126
-1722
162
-1648
-2739
1814
393
-2117
-2717
77
-665
-3930
778
-1196
-3288
-1100
216
-348
-218
738
-3768
-2978
-3783
-2464
-14692
-215
379
-4428
-2877
-5390
-3550
-14750
-102
-331
449
-130
-2368
-358
608
-2145
-2673
242
527
-2466
-1386
-1108
-2631
1630
161
858
-181
1031
-3582
-1874
-3557
-2582
-17052
-290
-878
-5210
-2537
-3698
-2725
-20987
-286
-5
347
103
-2206
-1785
-1653
-1033
-2239
51
931
-3220
-2509
-2680
-2912
2635
173
503
166
726
-3243
-2231
172
-2208
-20502
-179
1370
-6098
-2718
-2440
-2396
-20423
-119
2337
321
997
-3669
-2078
-3457
-2300
-3107
173
1753
-4778
-1627
-4589
-3853
2288
158
932
-147
1854
-2056
-3315
344
-3356
-19957
-256
1364
-5017
-3924
-3151
-4094
-20147
-169
543
496
1864
-6071
-4904
-4914
-5879
-5739
122
554
-6289
-4291
-7113
-7090
-2102
124
-146
80
2847
3203
-5775
-4352
-5955
-20333
-65
48
-727
-7091
-5505
-6583
-20963
-208
-450
642
4418
-7030
-7556
-6277
-6040
-6206
31
1590
-7070
-6596
-7636
-7825
-6533
-5
896
669
650
8479
-4753
-7890
-6318
-22002
95
73
3776
-7530
-5596
-6918
-19232
-99
248
231
1798
-4814
-5368
-5280
-3438
-4485
-74
578
-5708
-5189
-6159
-5509
-3888
-94
443
326
-2673
4434
-2452
-4968
-4348
-28101
91
-1244
1204
-4760
-5289
-5809
-25702
35
-982
166
324
-3158
-3489
-3257
-3079
-4095
28
-596
-3336
-2679
-4527
-4534
-2719
20
-2032
-136
-1844
1350
-3569
-4245
-3965
-20238
-243
-1454
-227
-4096
-5124
-4746
-22438
-175
-881
141
-738
-1177
-1533
-425
-2787
-2860
62
646
-3279
-3215
-2130
-4378
-643
186
-445
-326
580
-632
-2845
-4341
-2868
-19341
-394
1564
-1877
-4276
-7084
-4278
-16933
-235
1328
274
189
-2950
-3035
1110
-4344
-4480
156
1998
-2733
-3981
-1508
-3736
1388
262
748
-300
-6
-2796
-3526
-6391
-4502
-17466
-235
-1611
-4594
-4377
-6588
-4201
-25142
-148
-1299
282
-927
-2008
-2737
-2046
-3404
-3424
31
-121
-3825
-4049
-3806
-4449
599
158
-1286
-16
491
-2566
-2897
-811
-3235
-15792
-278
666
-4777
-4789
-3041
-2897
-13410
-120
1224
245
-553
-5406
-3659
-5531
-5756
-5155
81
-54
-6756
-3390
-7130
-6159
-355
182
-153
-248
2675
-2546
-4911
854
-5203
-17060
-497
3200
-4279
-6202
-2607
-5728
-17768
-321
3030
394
-986
-7467
-4417
-7816
-7391
-7856
28
-1486
-6908
-2655
-8200
-7053
-4009
60
-1029
144
4200
1197
-7462
-5895
-7809
-14834
-196
-1249
-2042
-7534
-6393
-6811
-23949
-131
-1727
664
-1794
-6384
-9540
-5180
-6713
-6591
132
-1912
-6180
-10012
-6690
-7942
-4264
-82
-686
729
439
9792
-5019
-9319
-6452
-14892
74
9
4265
-7556
-5978
-5670
-15232
19
520
525
-1112
-6443
-9134
-6361
-6384
-6745
55
-749
-7674
-9881
-8963
-8170
-4080
-28
-648
330
-4895
9677
-4682
-8973
-6521
-24747
-48
-1660
4122
-7858
-7789
-7090
-23013
18
-638
270
-187
-5469
-4632
-4475
-4501
-5352
70
1153
-6777
-5049
-7675
-6143
-1774
176
-80
-202
-2178
5362
-4671
-6858
-5388
-22266
-256
-2109
1068
-6093
-7130
-6163
-22578
-131
-1949
-76
-616
-2636
-7685
-5786
-6041
-6136
-71
-283
-3437
-8141
-6324
-6262
-4270
161
-441
-357
1241
5069
-6444
-5976
-6114
-13234
-423
2839
3175
-6268
-6548
-5808
-19225
-114
2569
-109
-1398
-4053
-9015
-3752
-5570
-6530
-53
-479
-4686
-9577
-5513
-5536
-3928
165
-280
-396
-1164
4339
-6796
-6741
-6334
-10748
-147
-2378
3950
-6684
-7553
-5818
-16519
-116
-2220
-26
-1569
-4715
-4015
657
-3765
-4266
-41
-134
-4717
-4218
-2946
-2597
-1136
-13
52
-112
-460
1566
-4243
-5256
-3937
-14183
-29
-975
719
-3543
-4782
-784
-21956
-18
277
75
-1498
-4366
-3766
-4589
-3348
-3470
89
-2120
-6071
-3638
-6276
-4653
-482
129
-1150
-247
1448
1441
-3394
378
-3431
-23542
-304
1572
-315
-4657
-2815
-2852
-22312
-279
1551
234
-2304
-3466
-3368
-4986
-2592
-3935
-90
-1718
-4330
-2466
-6559
-4276
-2026
26
-812
1
758
516
-4161
-1706
-3863
-25619
-214
-1350
-1876
-5561
-3198
-3418
-26339
-121
-1863
224
-4275
-2197
-3489
-1923
-2229
-2885
-258
-2137
-2937
-4398
-4325
-3698
-430
-155
-1176
369
813
2712
-1996
-3920
-2653
-24179
-2
809
-1329
-4460
-4121
-1425
-23651
219
1395
27
-1472
-4615
-4892
-5571
-5677
-5749
-247
-508
-5300
-6522
-8247
-6374
-1633
97
-211
-109
-1344
5291
-5396
-6876
-5595
-13099
-120
375
578
-7576
-7062
-6084
-13196
188
628
-139
-1543
-5361
-1584
-5494
-4671
-4939
-271
-1378
-5850
-2032
-6649
-5019
-2304
64
-1528
-212
-1647
2423
-4643
-5048
-4737
-14238
-172
-1846
-302
-5435
-5674
-5524
-17667
128
-2206
-279
-998
-2530
-3807
-2334
-2285
-2891
-190
-1011
-2588
-3531
-3538
-3269
-2072
-99
-11
-258
168
987
-3245
-1286
-2925
-18362
-145
316
146
-3528
-2491
-2799
-20421
62
363
-140
-2987
-2377
-3987
-2606
-1300
-2467
-228
-2174
-4844
-5628
-5189
-4653
-5006
-86
-293
-208
-385
2687
-2699
-2112
-2298
-26917
-180
277
4136
-5037
-5446
-4215
-17024
-157
852
-323
-1802
-3177
-2465
-857
-178
-2063
-396
-1357
-4913
-2967
-3664
-2450
-3876
-203
-710
-76
-779
1295
-2654
-2532
-1787
-19094
-105
-1291
2186
-3636
-4825
-1353
-14037
-55
-1485
-175
-1706
-2274
-1489
-1673
1829
-1092
-200
-1325
-3334
-1392
-2056
-619
-1697
-165
-2092
-89
142
-307
-1900
-330
-872
-17009
-165
190
-523
-2143
-3095
-400
-13861
-75
-288
16
-1191
-1590
-1610
-1373
1445
-1212
-155
-916
-787
-1063
-693
209
-1383
-205
-1426
-106
-685
-1848
-1753
249
-1042
-15571
-333
-713
-1071
-1418
-1627
333
-19527
-130
-890
-45
-1320
-1008
-1167
-598
647
-891
-255
-563
-1241
-1383
-897
-1170
-2790
-198
-1098
-69
91
-1637
-1270
-205
-737
-16814
-241
485
-650
-2213
-1693
-186
-16319
93
499
-85
-1371
-1126
-1302
-1627
-161
-1361
-279
-1218
-1076
-1710
-2755
-1622
-2224
-107
-1386
-234
-262
-1257
-1767
-448
-1256
-16461
-218
0
-923
-2943
-2028
-1872
-15154
58
-131
6
-1074
-1400
-123
-2259
-1016
-1567
-148
-2170
-1306
-487
-2149
-2445
-1439
0
-1788
-207
-417
-1752
-1387
-565
-1505
-15371
-341
-371
-1823
-2522
-2635
-2741
-14922
-22
-408
0
0
0
0
0
0
0
0
0
0
0
-1878
-1562
-3180
-1433
-1730
0
0
0
0
0
0
0
0
0
0
0
169
76
-1466
-1650
-18520
0
0
0
0
0
0
0
0
0
0
0
-2188
-858
-3095
-2037
-1927
0
0
0
0
0
0
0
0
0
0
0
997
305
-3040
-1866
-19980
0
0
0
0
0
0
0
0
0
0
0
-2278
-1355
-1964
-2163
-1731
0
0
0
0
0
0
0
0
0
0
0
1017
85
-2970
-1740
-19199
0
0
0
0
0
0
0
0
0
0
0
-3306
-2265
-3362
-3061
-2495
0
0
0
0
0
0
0
0
0
0
0
1857
-1619
-1030
-2603
-15792
0
0
0
0
0
0
0
0
0
0
0
-2751
-1437
-3574
-3201
-2383
0
0
0
0
0
0
0
0
0
0
0
4231
-2925
-2900
-2298
-17903
0
0
0
0
0
0
0
0
0
0
0
-3158
-1570
-3403
-2325
-2317
0
0
0
0
0
0
0
0
0
0
0
2467
-1226
-2898
-2046
-15644
0
0
0
0
0
0
0
0
0
0
0
-2084
-10
-1362
-1313
-1313
0
0
0
0
0
0
0
0
0
0
0
645
-1102
-1553
-1070
-17384
0
0
0
0
0
0
0
0
0
0
0
-1663
507
-878
-1550
-1137
0
0
0
0
0
0
0
0
0
0
0
-303
-1599
-306
-977
-19194
0
0
0
0
0
0
0
0
0
0
0
-2292
-2096
-2689
-585
-2366
0
0
0
0
0
0
0
0
0
0
0
167
-529
-4111
-2396
-17573
0
0
0
0
0
0
0
0
0
0
0
-3903
-1800
-2486
-3446
-3323
0
0
0
0
0
0
0
0
0
0
0
3507
-3526
-5216
-3239
-14328
0
0
0
0
0
0
0
0
0
0
0
-5002
-3091
-2299
-4983
-3311
0
0
0
0
0
0
0
0
0
0
0
4776
-3090
-3703
-3368
-13212
0
0
0
0
0
0
0
0
0
0
0
-4445
-2989
-4031
-4254
-2705
0
0
0
0
0
0
0
0
0
0
0
3523
-2192
-872
-2895
-18434
0
0
0
0
0
0
0
0
0
0
0
-2598
-2134
-3440
-2806
-2186
0
0
0
0
0
0
0
0
0
0
0
3583
-2925
-2176
-2113
-21359
0
0
0
0
0
0
0
0
0
0
0
-2531
-206
-2320
-669
-1861
0
0
0
0
0
0
0
0
0
0
0
-100
-520
-3333
-1683
-21071
0
0
0
0
0
0
0
0
0
0
0
-2649
1970
-2591
205
-1815
0
0
0
0
0
0
0
0
0
0
0
-2029
-1409
-2665
-1826
-20205
0
0
0
0
0
0
0
0
0
0
0
-1792
1512
-2594
-57
-1518
0
0
0
0
0
0
0
0
0
0
0
-1901
-2206
-814
-1467
-19400
0
0
0
0
0
0
0
0
0
0
0
-2823
-1822
-695
-1257
-2503
0
0
0
0
0
0
0
0
0
0
0
1530
-3014
-4469
-2464
-13504
0
0
0
0
0
0
0
0
0
0
0
-3333
-1344
-273
-1657
-2528
0
0
0
0
0
0
0
0
0
0
0
2165
-4365
-4725
-2419
-17611
0
0
0
0
0
0
0
0
0
0
0
-3215
-1758
-244
-2184
-1908
0
0
0
0
0
0
0
0
0
0
0
3261
-3296
-3633
-1943
-19283
0
0
0
0
0
0
0
0
0
0
0
-2928
-2525
-2074
-1428
-1648
0
0
0
0
0
0
0
0
0
0
0
3302
-2755
-1898
-1695
-26761
0
0
0
0
0
0
0
0
0
0
0
-2550
-3595
-3019
-1892
-2280
0
0
0
0
0
0
0
0
0
0
0
2546
-2640
-1729
-2406
-25509
0
0
0
0
0
0
0
0
0
0
0
-2622
-1261
-2602
-1057
-2058
0
0
0
0
0
0
0
0
0
0
0
-178
-1346
-1839
-2260
-20829
0
0
0
0
0
0
0
0
0
0
0
-2268
2089
-2731
143
-2044
0
0
0
0
0
0
0
0
0
0
0
-2822
-3054
-2489
-2245
-18652
0
0
0
0
0
0
0
0
0
0
0
-1643
2066
-2703
-332
-1897
0
0
0
0
0
0
0
0
0
0
0
-2068
-3187
-1790
-1888
-15286
0
0
0
0
0
0
0
0
0
0
0
-2061
-298
407
-713
-1542
0
0
0
0
0
0
0
0
0
0
0
-258
-2335
-2850
-1499
-16165
0
0
0
0
0
0
0
0
0
0
0
-1929
-959
-412
587
-1739
0
0
0
0
0
0
0
0
0
0
0
-1754
-2258
-2513
-1718
-18284
0
0
0
0
0
0
0
0
0
0
0
-2486
-1825
-2169
1867
-1950
0
0
0
0
0
0
0
0
0
0
0
-2594
-3134
-943
-2166
-15157
0
0
0
0
0
0
0
0
0
0
0
-1776
-2639
-2632
1860
-1930
0
0
0
0
0
0
0
0
0
0
0
-738
-3075
-2239
-2093
-21014
0
0
0
0
0
0
0
0
0
0
0
-3511
-4592
-5227
-2172
-3145
0
0
0
0
0
0
0
0
0
0
0
3946
-4447
-1278
-3145
-23043
0
0
0
0
0
0
0
0
0
0
0
-4359
-4433
-5969
-1494
-3838
0
0
0
0
0
0
0
0
0
0
0
2500
-4453
-1216
-3841
-23262
0
0
0
0
0
0
0
0
0
0
0
-3314
-2254
-4881
-338
-3520
0
0
0
0
0
0
0
0
0
0
0
-1865
-4660
-858
-3513
-17353
0
0
0
0
0
0
0
0
0
0
0
-1862
-1160
-2860
-1039
-2434
0
0
0
0
0
0
0
0
0
0
0
-460
-3780
-1630
-2249
-18232
0
0
0
0
0
0
0
0
0
0
0
-1771
726
142
-319
-1372
0
0
0
0
0
0
0
0
0
0
0
-1649
-2053
-2753
-1399
-18031
0
0
0
0
0
0
0
0
0
0
0
-2386
-1314
-775
-1227
-2354
0
0
0
0
0
0
0
0
0
0
0
-2932
-416
-3044
-2288
-16573
0
0
0
0
0
0
0
0
0
0
0
-3450
-2996
-2494
473
-3006
0
0
0
0
0
0
0
0
0
0
0
-3690
-1932
-1393
-3150
-14896
0
0
0
0
0
0
0
0
0
0
0
-2343
-2989
-3423
-189
-2887
0
0
0
0
0
0
0
0
0
0
0
-1208
-4511
-1091
-3024
-16813
0
0
0
0
0
0
0
0
0
0
0
-5451
-4846
-6337
-2827
-5017
0
0
0
0
0
0
0
0
0
0
0
4957
-6294
-5553
-4837
-18178
0
0
0
0
0
0
0
0
0
0
0
-8640
-8962
-9605
-5389
-8136
0
0
0
0
0
0
0
0
0
0
0
8699
-7778
-8361
-7957
-8138
0
0
0
0
0
0
0
0
0
0
0
-5940
-6623
-7697
-3197
-5635
0
0
0
0
0
0
0
0
0
0
0
3703
-4007
-4634
-5537
-19408
0
0
0
0
0
0
0
0
0
0
0
-3945
-4317
-4304
-2340
-3836
0
0
0
0
0
0
0
0
0
0
0
2451
-3342
-4168
-3679
-17320
0
0
0
0
0
0
0
0
0
0
0
-1970
-1167
-447
-1096
-2139
0
0
0
0
0
0
0
0
0
0
0
-44
-2052
-4194
-2086
-18961
0
0
0
0
0
0
0
0
0
0
0
-4032
-2811
-118
-3775
-4340
0
0
0
0
0
0
0
0
0
0
0
-2336
-2122
-6181
-4195
-14957
0
0
0
0
0
0
0
0
0
0
0
-3183
-2593
-1106
-945
-2367
0
0
0
0
0
0
0
0
0
0
0
-1625
-2150
-1714
-2540
-16166
0
0
0
0
0
0
0
0
0
0
0
-2618
-2486
-3565
-1786
-2749
0
0
0
0
0
0
0
0
0
0
0
-825
-3400
-843
-2758
-24536
0
0
0
0
0
0
0
0
0
0
0
-5725
-3279
-7603
-3681
-5770
0
0
0
0
0
0
0
0
0
0
0
3280
-7037
-6614
-5517
-21351
0
0
0
0
0
0
0
0
0
0
0
-10306
-11102
-9298
-9521
-10630
0
0
0
0
0
0
0
0
0
0
0
9269
-10041
-11827
-10570
10200
0
0
0
0
0
0
0
0
0
0
0
-7461
-8185
-8426
-6935
-7294
0
0
0
0
0
0
0
0
0
0
0
9430
-6781
-9143
-7218
-16867
0
0
0
0
0
0
0
0
0
0
0
-4736
-3823
-4505
-4248
-4172
0
0
0
0
0
0
0
0
0
0
0
6160
-4021
-6669
-4089
-23084
0
0
0
0
0
0
0
0
0
0
0
-4223
-4634
-4180
-3897
-3955
0
0
0
0
0
0
0
0
0
0
0
5960
-5357
-5098
-4030
-17981
0
0
0
0
0
0
0
0
0
0
0
-5604
-5888
-3358
-4766
-5120
0
0
0
0
0
0
0
0
0
0
0
4072
-5593
-6476
-5067
-11666
0
0
0
0
0
0
0
0
0
0
0
-2728
-2391
1089
-2120
-2227
0
0
0
0
0
0
0
0
0
0
0
1487
-3005
-4283
-2265
-19772
0
0
0
0
0
0
0
0
0
0
0
-1914
-2890
-4146
-1388
-2379
0
0
0
0
0
0
0
0
0
0
0
860
-2627
-1349
-2409
-22477
0
0
0
0
0
0
0
0
0
0
0
-1969
-2645
-4761
-1231
-2872
0
0
0
0
0
0
0
0
0
0
0
942
-3337
-3270
-2746
-25709
0
0
0
0
0
0
0
0
0
0
0
-2564
-3358
-3324
-3530
-3767
0
0
0
0
0
0
0
0
0
0
0
2997
-3583
-5992
-3833
-16149
0
0
0
0
0
0
0
0
0
0
0
-3924
-2981
-5038
-5089
-3978
0
0
0
0
0
0
0
0
0
0
0
6185
-4663
-6011
-4051
-16057
0
0
0
0
0
0
0
0
0
0
0
-3221
-1341
-4753
-3790
-3240
0
0
0
0
0
0
0
0
0
0
0
3077
-2952
-4291
-3134
-17959
0
0
0
0
0
0
0
0
0
0
0
-1952
-2952
-1890
-2366
-2401
0
0
0
0
0
0
0
0
0
0
0
2152
-3150
-2078
-2314
-17414
0
0
0
0
0
0
0
0
0
0
0
-2041
-3468
-2117
-2298
-2385
0
0
0
0
0
0
0
0
0
0
0
2190
-1775
-3897
-2579
-19691
0
0
0
0
0
0
0
0
0
0
0
-1742
-1701
-200
-965
-1196
0
0
0
0
0
0
0
0
0
0
0
1524
-1368
-2609
-1320
-18965
0
0
0
0
0
0
0
0
0
0
0
-790
-1423
-1037
835
-853
0
0
0
0
0
0
0
0
0
0
0
-504
-2270
-801
-1095
-15271
0
0
0
0
0
0
0
0
0
0
0
-650
-904
-898
668
-874
0
0
0
0
0
0
0
0
0
0
0
-1024
-1979
-346
-941
-15951
0
0
0
0
0
0
0
0
0
0
0
-668
-908
-222
-697
-1011
0
0
0
0
0
0
0
0
0
0
0
-1043
-1159
-1097
-1066
-15124
0
0
0
0
0
0
0
0
0
0
0
-656
-708
-1261
-1355
-1169
0
0
0
0
0
0
0
0
0
0
0
-582
-1679
-749
-1258
-14713
0
0
0
0
0
0
0
0
0
0
0
-1453
-517
-2169
-628
-1344
0
0
0
0
0
0
0
0
0
0
0
-482
-1029
-760
-1217
-14334
0
0
0
0
0
0
0
0
0
0
0
0
0
0
0
0
0
0
0
0
0
0
0
0
0
0
0
0
0
0
0
0
0
0
0
0
0
0
0
0
0
0
0
0
0
0
0
0
0
0
0
0
0
0
0
0
0
0
0
0
0
0
0
0
0
0
0
0
0
0
0
0
0
0
0
0
0
0
0
0
0
0
0
0
0
0
0
0
0
0
0
0
0
0
0
0
0
0
0
0
0
0
0
0
0
0
0
0
0
0
0
0
0
0
0
0
0
0
0
0
0
0
0
0
0
0
0
0
0
0
0
0
0
0
0
0
0
0
0
0
0
0
0
0
0
0
0
0
0
0
0
0
0
0
0
0
0
0
0
0
0
0
0
0
0
0
0
0
0
0
0
0
0
0
0
0
0
0
0
0
0
0
0
0
0
0
0
0
0
0
0
0
0
0
0
0
0
0
0
0
0
0
0
0
0
0
0
0
0
0
0
0
0
0
0
0
0
0
0
0
0
0
0
0
0
0
0
0
0
0
0
0
0
0
0
0
0
0
0
0
0
0
0
0
0
0
0
0
0
0
0
0
0
0
0
0
0
0
0
0
0
0
0
0
0
0
0
0
0
0
0
0
0
0
0
0
0
0
0
0
0
0
0
0
0
0
0
0
0
0
0
0
0
0
0
0
0
0
0
0
0
0
0
0
0
0
0
0
0
0
0
0
0
0
0
0
0
0
0
0
0
0
0
0
0
0
0
0
0
0
0
0
0
0
0
0
0
0
0
0
0
0
0
0
0
0
0
0
0
0
0
0
0
0
0
0
0
0
0
0
0
0
0
0
0
0
0
0
0
0
0
0
0
0
0
0
0
0
0
0
0
0
0
0
0
0
0
0
0
0
0
0
0
0
0
0
0
0
0
0
0
0
0
0
0
0
0
0
0
0
0
0
0
0
0
0
0
0
0
0
0
0
0
0
0
0
0
0
0
0
0
0
0
0
0
0
0
0
0
0
0
0
0
0
0
0
0
0
0
0
0
0
0
0
0
0
0
0
0
0
0
0
0
0
0
0
0
0
0
0
0
0
0
0
0
0
0
0
0
0
0
0
0
0
0
0
0
0
0
0
0
0
0
0
0
0
0
0
0
0
0
0
0
0
0
0
0
0
0
0
0
0
0
0
0
0
0
0
0
0
0
0
0
0
0
0
0
0
0
0
0
0
0
0
0
0
0
0
0
0
0
0
0
0
0
0
0
0
0
0
0
0
0
0
0
0
0
0
0
0
0
0
0
0
0
0
0
0
0
0
0
0
0
0
0
0
0
0
0
0
0
0
0
0
0
0
0
0
0
0
0
0
0
0
0
0
0
0
0
0
0
0
0
0
0
0
0
0
0
0
0
0
0
0
0
0
0
0
0
0
0
0
0
0
0
0
0
0
0
0
0
0
0
0
0
0
0
0
0
0
0
0
0
0
0
0
0
0
0
0
0
0
0
0
0
0
0
0
0
0
0
0
0
0
0
0
0
0
0
0
0
0
0
0
0
0
0
0
0
0
0
0
0
0
0
0
0
0
0
0
0
0
0
0
0
0
0
0
0
0
0
0
0
0
0
0
0
0
0
0
0
0
0
0
0
0
0
0
0
0
0
0
0
0
0
0
0
0
0
0
0
0
0
0
0
0
0
0
0
0
0
0
0
0
0
0
0
0
0
0
0
0
0
0
0
0
0
0
0
0
0
0
0
0
0
0
0
0
0
0
0
0
0
0
0
0
0
0
0
0
0
0
0
0
0
0
0
0
0
0
0
0
0
0
0
0
0
0
0
0
0
0
0
0
0
0
0
0
0
0
0
0
0
0
0
0
0
0
0
0
0
0
0
0
0
0
0
0
0
0
0
0
0
0
0
0
0
0
0
0
0
0
0
0
0
0
0
0
0
0
0
0
0
0
0
0
0
0
0
0
0
0
0
0
0
0
0
0
0
0
0
0
0
0
0
0
0
0
0
0
0
0
0
0
0
0
0
0
0
0
0
0
0
0
0
0
0
0
0
0
0
0
0
0
0
0
0
0
0
0
0
0
0
0
0
0
0
0
0
0
0
0
0
0
0
0
0
0
0
0
0
0
0
0
0
0
0
0
0
0
0
0
0
0
0
0
0
0
0
0
0
0
0
0
0
0
0
0
0
0
0
0
0
0
0
0
0
0
0
0
0
0
0
0
0
0
0
0
0
0
0
0
0
0
0
0
0
0
0
0
0
0
0
0
0
0
0
0
0
0
0
0
0
0
0
0
0
0
0
0
0
0
0
0
0
0
0
0
0
0
0
0
0
0
0
0
0
0
0
0
0
0
0
0
0
0
0
0
0
0
0
0
0
0
0
0
0
0
0
0
0
0
0
0
0
0
0
0
0
0
0
0
0
0
0
0
0
0
0
0
0
0
0
0
0
0
0
0
0
0
0
0
0
0
0
0
0
0
0
0
0
0
0
0
0
0
0
0
0
0
0
0
0
0
0
0
0
0
0
0
0
0
0
0
0
0
0
0
0
0
0
0
0
0
0
0
0
0
0
0
0
0
0
0
0
0
0
0
0
0
0
0
0
0
0
0
0
0
0
0
0
0
0
0
0
0
0
0
0
0
0
0
0
0
0
0
0
0
0
0
0
0
0
0
0
0
0
0
0
0
0
0
0
0
0
0
0
0
0
0
0
0
0
0
0
0
0
0
0
0
0
0
0
0
0
0
0
0
0
0
0
0
0
0
0
0
0
0
0
0
0
0
0
0
0
0
0
0
0
0
0
0
0
0
0
0
0
0
0
0
0
0
0
0
0
0
0
0
0
0
0
0
0
0
0
0
0
0
0
0
0
0
0
0
0
0
0
0
0
0
0
0
0
0
0
0
0
0
0
0
0
0
0
0
0
0
0
0
0
0
0
0
0
0
0
0
0
0
0
0
0
0
0
0
0
0
0
0
0
0
0
0
0
0
0
0
0
0
0
0
0
0
0
0
0
0
0
0
0
0
0
0
0
0
0
0
0
0
0
0
0
0
0
0
0
0
0
0
0
0
0
0
0
0
0
0
0
0
0
0
0
0
0
0
0
0
0
0
0
0
0
0
0
0
0
0
0
0
0
0
0
0
0
0
0
0
0
0
0
0
0
0
0
0
0
0
0
0
0
0
0
0
0
0
0
0
0
0
0
0
0
0
0
0
0
0
0
0
0
0
0
0
0
0
0
0
0
0
0
0
0
0
0
0
0
0
0
0
0
0
0
0
0
0
0
0
0
0
0
0
0
0
0
0
0
0
0
0
0
0
0
0
0
0
0
0
0
0
0
0
0
0
0
0
0
0
0
0
0
0
0
0
0
0
0
0
0
0
0
0
0
0
0
0
0
0
0
0
0
0
0
0
0
0
0
0
0
0
0
0
0
0
0
0
0
0
0
0
0
0
0
0
0
0
0
0
0
0
0
0
0
0
0
0
0
0
0
0
0
0
0
0
0
0
0
0
0
0
0
0
0
0
0
0
0
0
0
0
0
0
0
0
0
0
0
0
0
0
0
0
0
0
0
0
0
0
0
0
0
0
0
0
0
0
0
0
0
0
0
0
0
0
0
0
0
0
0
0
0
0
0
0
0
0
0
0
0
0
0
0
0
0
0
0
0
0
0
0
0
0
0
0
0
0
0
0
0
0
0
0
0
0
0
0
0
0
0
0
0
0
0
0
0
0
0
0
0
0
0
0
0
0
0
0
0
0
0
0
0
0
0
0
0
0
0
0
0
0
0
0
0
0
0
0
0
0
0
0
0
0
0
0
0
0
0
0
0
0
0
0
0
0
0
0
0
0
0
0
0
0
0
0
0
0
0
0
0
0
0
0
0
0
0
0
0
0
0
0
0
0
0
0
0
0
0
0
0
0
0
0
0
0
0
0
0
0
0
0
0
0
0
0
0
0
0
0
0
0
0
0
0
0
0
0
0
0
0
0
0
0
0
0
0
0
0
0
0
0
0
0
0
0
0
0
0
0
0
0
0
0
0
0
0
0
0
0
0
0
0
0
0
0
0
0
0
0
0
0
0
0
0
0
0
0
0
0
0
0
0
0
0
0
0
0
0
0
0
0
0
0
0
0
0
0
0
0
0
0
0
0
0
0
0
0
0
0
0
0
0
0
0
0
0
0
0
0
0
0
0
0
0
0
0
0
0
0
0
0
0
0
0
0
0
0
0
0
0
0
0
0
0
0
0
0
0
0
0
0
0
0
0
0
0
0
0
0
0
0
0
0
0
0
0
0
0
0
0
0
0
0
0
0
0
0
0
0
0
0
0
0
0
0
0
0
0
0
0
0
0
0
0
0
0
0
0
0
0
0
0
0
0
0
0
0
0
0
0
0
0
0
0
0
0
0
0
0
0
0
0
0
0
0
0
0
0
0
0
0
0
0
0
0
0
0
0
0
0
0
0
0
0
0
0
0
0
0
0
0
0
0
0
0
0
0
0
0
0
0
0
0
0
0
0
0
0
0
0
0
0
0
0
0
0
0
0
0
0
0
0
0
0
0
0
0
0
0
0
0
0
0
0
0
0
0
0
0
0
0
0
0
0
0
0
0
0
0
0
0
0
0
0
0
0
0
0
0
0
0
0
0
0
0
0
0
0
0
0
0
0
0
0
0
0
0
0
0
0
0
0
0
0
0
0
0
0
0
0
0
0
0
0
0
0
0
0
0
0
0
0
0
0
0
0
0
0
0
0
0
0
0
0
0
0
0
0
0
0
0
0
0
0
0
0
0
0
0
0
0
0
0
0
0
0
0
0
0
0
0
0
0
0
0
0
0
0
0
0
0
0
0
0
0
0
0
0
0
0
0
0
0
0
0
0
0
0
0
0
0
0
0
0
0
0
0
0
0
0
0
0
0
0
0
0
0
0
0
0
0
0
0
0
0
0
0
0
0
0
0
0
0
0
0
0
0
0
0
0
0
0
0
0
0
0
0
0
0
0
0
0
0
0
0
0
0
0
0
0
0
0
0
0
0
0
0
0
0
0
0
0
0
0
0
0
0
0
0
0
0
0
0
0
0
0
0
0
0
0
0
0
0
0
0
0
0
0
0
0
0
0
0
0
0
0
0
0
0
0
0
0
0
0
0
0
0
0
0
0
0
0
0
0
0
0
0
0
0
0
0
0
0
0
0
0
0
0
0
0
0
0
0
0
0
0
0
0
0
0
0
0
0
0
0
0
0
0
0
0
0
0
0
0
0
0
0
0
0
0
0
0
0
0
0
0
0
0
0
0
0
0
0
0
0
0
0
0
0
0
0
0
0
0
0
0
0
0
0
0
0
0
0
0
0
0
0
0
0
0
0
0
0
0
0
0
0
0
0
0
0
0
0
0
0
0
0
0
0
0
0
0
0
0
0
0
0
0
0
0
0
0
0
0
0
0
0
0
0
0
0
0
0
0
0
0
0
0
0
0
0
0
0
0
0
0
0
0
0
0
0
0
0
0
0
0
0
0
0
0
0
0
0
0
0
0
0
0
0
0
0
0
0
0
0
0
0
0
0
0
0
0
0
0
0
0
0
0
0
0
0
0
0
0
0
0
0
0
0
0
0
0
0
0
0
0
0
0
0
0
0
0
0
0
0
0
0
0
0
0
0
0
0
0
0
0
0
0
0
0
0
0
0
0
0
0
0
0
0
0
0
0
0
0
0
0
0
0
0
0
0
0
0
0
0
0
0
0
0
0
0
0
0
0
0
0
0
0
0
0
0
0
0
0
0
0
0
0
0
0
0
0
0
0
0
0
0
0
0
0
0
0
0
0
0
0
0
0
0
0
0
0
0
0
0
0
0
0
0
0
0
0
0
0
0
0
0
0
0
0
0
0
0
0
0
0
0
0
0
0
0
0
0
0
0
0
0
0
0
0
0
0
0
0
0
0
0
0
0
0
0
0
0
0
0
0
0
0
0
0
0
0
0
0
0
0
0
0
0
0
0
0
0
0
0
0
0
0
0
0
0
0
0
0
0
0
0
0
0
0
0
0
0
0
0
0
0
0
0
0
0
0
0
0
0
0
0
0
0
0
0
0
0
0
0
0
0
0
0
0
0
0
0
0
0
0
0
0
0
0
0
0
0
0
0
0
0
0
0
0
0
0
0
0
0
0
0
0
0
0
0
0
0
0
0
0
0
0
0
0
0
0
0
0
0
0
0
0
0
0
0
0
0
0
0
0
0
0
0
0
0
0
0
0
0
0
0
0
0
0
0
0
0
0
0
0
0
0
0
0
0
0
0
0
0
0
0
0
0
0
0
0
0
0
0
0
0
0
0
0
0
0
0
0
0
0
0
0
0
0
0
0
0
0
0
0
0
0
0
0
0
0
0
0
0
0
0
0
0
0
0
0
0
0
0
0
0
0
0
0
0
0
0
0
0
0
0
0
0
0
0
0
0
0
0
0
0
0
0
0
0
0
0
0
0
0
0
0
0
0
0
0
0
0
0
0
0
0
0
0
0
0
0
0
0
0
0
0
0
0
0
0
0
0
0
0
0
0
0
0
0
0
0
0
0
0
0
0
0
0
0
0
0
0
0
0
0
0
0
0
0
0
0
0
0
0
0
0
0
0
0
0
0
0
0
0
0
0
0
0
0
0
0
0
0
0
0
0
0
0
0
0
0
0
0
0
0
0
0
0
0
0
0
0
0
0
0
0
0
0
0
0
0
0
0
0
0
0
0
0
0
0
0
0
0
0
0
0
0
0
0
0
0
0
0
0
0
0
0
0
0
0
0
0
0
0
0
0
0
0
0
0
0
0
0
0
0
0
0
0
0
0
0
0
0
0
0
0
0
0
0
0
0
0
0
0
0
0
0
0
0
0
0
0
0
0
0
0
0
0
0
0
0
0
0
0
0
0
0
0
0
0
0
0
0
0
0
0
0
0
0
0
0
0
0
0
0
0
0
0
0
0
0
0
0
0
0
0
0
0
0
0
0
0
0
0
0
0
0
0
0
0
0
0
0
0
0
0
0
0
0
0
0
0
0
0
0
0
0
0
0
0
0
0
0
0
0
0
0
0
0
0
0
0
0
0
0
0
0
0
0
0
0
0
0
0
0
0
0
0
0
0
0
0
0
0
0
0
0
0
0
0
0
0
0
0
0
0
0
0
0
0
0
0
0
0
0
0
0
0
0
0
0
0
0
0
0
0
0
0
0
0
0
0
0
0
0
0
0
0
0
0
0
0
0
0
0
0
0
0
0
0
0
0
0
0
0
0
0
0
0
0
0
0
0
0
0
0
0
0
0
0
0
0
0
0
0
0
0
0
0
0
0
0
0
0
0
0
0
0
0
0
0
0
0
0
0
0
0
0
0
0
0
0
0
0
0
0
0
0
0
0
0
0
0
0
0
0
0
0
0
0
0
0
0
0
0
0
0
0
0
0
0
0
0
0
0
0
0
0
0
0
0
0
0
0
0
0
0
0
0
0
0
0
0
0
0
0
0
0
0
0
0
0
0
0
0
0
0
0
0
0
0
0
0
0
0
0
0
0
0
0
0
0
0
0
0
0
0
0
0
0
0
0
0
0
0
0
0
0
0
0
0
0
0
0
0
0
0
0
0
0
0
0
0
0
0
0
0
0
0
0
0
0
0
0
0
0
0
0
0
0
0
0
0
0
0
0
0
0
0
0
0
0
0
0
0
0
0
0
0
0
0
0
0
0
0
0
0
0
0
0
0
0
0
0
0
0
0
0
0
0
0
0
0
0
0
0
0
0
0
0
0
0
0
0
0
0
0
0
0
0
0
0
0
0
0
0
0
0
0
0
0
0
0
0
0
0
0
0
0
0
0
0
0
0
0
0
0
0
0
0
0
0
0
0
0
0
0
0
0
0
0
0
0
0
0
0
0
0
0
0
0
0
0
0
0
0
0
0
0
0
0
0
0
0
0
0
0
0
0
0
0
0
0
0
0
0
0
0
0
0
0
0
0
0
0
0
0
0
0
0
0
0
0
0
0
0
0
0
0
0
0
0
0
0
0
0
0
0
0
0
0
0
0
0
0
0
0
0
0
0
0
0
0
0
0
0
0
0
0
0
0
0
0
0
0
0
0
0
0
0
0
0
0
0
0
0
0
0
0
0
0
0
0
0
0
0
0
0
0
0
0
0
0
0
0
0
0
0
0
0
0
0
0
0
0
0
0
0
0
0
0
0
0
0
0
0
0
0
0
0
0
0
0
0
0
0
0
0
0
0
0
0
0
0
0
0
0
0
0
0
0
0
0
0
0
0
0
0
0
0
0
0
0
0
0
0
0
0
0
0
0
0
0
0
0
0
0
0
0
0
0
0
0
0
0
0
0
0
0
0
0
0
0
0
0
0
0
0
0
0
0
0
0
0
0
0
0
0
0
0
0
0
0
0
0
0
0
0
0
0
0
0
0
0
0
0
0
0
0
0
0
0
0
0
0
0
0
0
0
0
0
0
0
0
0
0
0
0
0
0
0
0
0
0
0
0
0
0
0
0
0
0
0
0
0
0
0
0
0
0
0
0
0
0
0
0
0
0
0
0
0
0
0
0
0
0
0
0
0
0
0
0
0
0
0
0
0
0
0
0
0
0
0
0
0
0
0
0
0
0
0
0
0
0
0
0
0
0
0
0
0
0
0
0
0
0
0
0
0
0
0
0
0
0
0
0
0
0
0
0
0
0
0
0
0
0
0
0
0
0
0
0
0
0
0
0
0
0
0
0
0
0
0
0
0
0
0
0
0
0
0
0
0
0
0
0
0
0
0
0
0
0
0
0
0
0
0
0
0
0
0
0
0
0
0
0
0
0
0
0
0
0
0
0
0
0
0
0
0
0
0
0
0
0
0
0
0
0
0
0
0
0
0
0
0
0
0
0
0
0
0
0
0
0
0
0
0
0
0
0
0
0
0
0
0
0
0
0
0
0
0
0
0
0
0
0
0
0
0
0
0
0
0
0
0
0
0
0
0
0
0
0
0
0
0
0
0
0
0
0
0
0
0
0
0
0
0
0
0
0
0
0
0
0
0
0
0
0
0
0
0
0
0
0
0
0
0
0
0
0
0
0
0
0
0
0
0
0
0
0
0
0
0
0
0
0
0
0
0
0
0
0
0
0
0
0
0
0
0
0
0
0
0
0
0
0
0
0
0
0
0
0
0
0
0
0
0
0
0
0
0
0
0
0
0
0
0
0
0
0
0
0
0
0
0
0
0
0
0
0
0
0
0
0
0
0
0
0
0
0
0
0
0
0
0
0
0
0
0
0
0
0
0
0
0
0
0
0
0
0
0
0
0
0
0
0
0
0
0
0
0
0
0
0
0
0
0
0
0
0
0
0
0
0
0
0
0
0
0
0
0
0
0
0
0
0
0
0
0
0
0
0
0
0
0
0
0
0
0
0
0
0
0
0
0
0
0
0
0
0
0
0
0
0
0
0
0
0
0
0
0
0
0
0
0
0
0
0
0
0
0
0
0
0
0
0
0
0
0
0
0
0
0
0
0
0
0
0
0
0
0
0
0
0
0
0
0
0
0
0
0
0
0
0
0
0
0
0
0
0
0
0
0
0
0
0
0
0
0
0
0
0
0
0
0
0
0
0
0
0
0
0
0
0
0
0
0
0
0
0
0
0
0
0
0
0
0
0
0
0
0
0
0
0
0
0
0
0
0
0
0
0
0
0
0
0
0
0
0
0
0
0
0
0
0
0
0
0
0
0
0
0
0
0
0
0
0
0
0
0
0
0
0
0
0
0
0
0
0
0
0
0
0
0
0
0
0
0
0
0
0
0
0
0
0
0
0
0
0
0
0
0
0
0
0
0
0
0
0
0
0
0
0
0
0
0
0
0
0
0
0
0
0
0
0
0
0
0
0
0
0
0
0
0
0
0
0
0
0
0
0
0
0
0
0
0
0
0
0
0
0
0
0
0
0
0
0
0
0
0
0
0
0
0
0
0
0
0
0
0
0
0
0
0
0
0
0
0
0
0
0
0
0
0
0
0
0
0
0
0
0
0
0
0
0
0
0
0
0
0
0
0
0
0
0
0
0
0
0
0
0
0
0
0
0
0
0
0
0
0
0
0
0
0
0
0
0
0
0
0
0
0
0
0
0
0
0
0
0
0
0
0
0
0
0
0
0
0
0
0
0
0
0
0
0
0
0
0
0
0
0
0
0
0
0
0
0
0
0
0
0
0
0
0
0
0
0
0
0
0
0
0
0
0
0
0
0
0
0
0
0
0
0
0
0
0
0
0
0
0
0
0
0
0
0
0
0
0
0
0
0
0
0
0
0
0
0
0
0
0
0
0
0
0
0
0
0
0
0
0
0
0
0
0
0
0
0
0
0
0
0
0
0
0
0
0
0
0
0
0
0
0
0
0
0
0
0
0
0
0
0
0
0
0
0
0
0
0
0
0
0
0
0
0
0
0
0
0
0
0
0
0
0
0
0
0
0
0
0
0
0
0
0
0
0
0
0
0
0
0
0
0
0
0
0
0
0
0
0
0
0
0
0
0
0
0
0
0
0
0
0
0
0
0
0
0
0
0
0
0
0
0
0
0
0
0
0
0
0
0
0
0
0
0
0
0
0
0
0
0
0
0
0
0
0
0
0
0
0
0
0
0
0
0
0
0
0
0
0
0
0
0
0
0
0
0
0
0
0
0
0
0
0
0
0
0
0
0
0
0
0
0
0
0
0
0
0
0
0
0
0
0
0
0
0
0
0
0
0
0
0
0
0
0
0
0
0
0
0
0
0
0
0
0
0
0
0
0
0
0
0
0
0
0
0
0
0
0
0
0
0
0
0
0
0
0
0
0
0
0
0
0
0
0
0
0
0
0
0
0
0
0
0
0
0
0
0
0
0
0
0
0
0
0
0
0
0
0
0
0
0
0
0
0
0
0
0
0
0
0
0
0
0
0
0
0
0
0
0
0
0
0
0
0
0
0
0
0
0
0
0
0
0
0
0
0
0
0
0
0
0
0
0
0
0
0
0
0
0
0
0
0
0
0
0
0
0
0
0
0
0
0
0
0
0
0
0
0
0
0
0
0
0
0
0
0
0
0
0
0
0
0
0
0
0
0
0
0
0
0
0
0
0
0
0
0
0
0
0
0
0
0
0
0
0
0
0
0
0
0
0
0
0
0
0
0
0
0
0
0
0
0
0
0
0
0
0
0
0
0
0
0
0
0
0
0
0
0
0
0
0
0
0
0
0
0
0
0
0
0
0
0
0
0
0
0
0
0
0
0
0
0
0
0
0
0
0
0
0
0
0
0
0
0
0
0
0
0
0
0
0
0
0
0
0
0
0
0
0
0
0
0
0
0
0
0
0
0
0
0
0
0
0
0
0
0
0
0
0
0
0
0
0
0
0
0
0
0
0
0
0
0
0
0
0
0
0
0
0
0
0
0
0
0
0
0
0
0
0
0
0
0
0
0
0
0
0
0
0
0
0
0
0
0
0
0
0
0
0
0
0
0
0
0
0
0
0
0
0
0
0
0
0
0
0
0
0
0
0
0
0
0
0
0
0
0
0
0
0
0
0
0
0
0
0
0
0
0
0
0
0
0
0
0
0
0
0
0
0
0
0
0
0
0
0
0
0
0
0
0
0
0
0
0
0
0
0
0
0
0
0
0
0
0
0
0
0
0
0
0
0
0
0
0
0
0
0
0
0
0
0
0
0
0
0
0
0
0
0
0
0
0
0
0
0
0
0
0
0
0
0
0
0
0
0
0
0
0
0
0
0
0
0
0
0
0
0
0
0
0
0
0
0
0
0
0
0
0
0
0
0
0
0
0
0
0
0
0
0
0
0
0
0
0
0
0
0
0
0
0
0
0
0
0
0
0
0
0
0
0
0
0
0
0
0
0
0
0
0
0
0
0
0
0
0
0
0
0
0
0
0
0
0
0
0
0
0
0
0
0
0
0
0
0
0
0
0
0
0
0
0
0
0
0
0
0
0
0
0
0
0
0
0
0
0
0
0
0
0
0
0
0
0
0
0
0
0
0
0
0
0
0
0
0
0
0
0
0
0
0
0
0
0
0
0
0
0
0
0
0
0
0
0
0
0
0
0
0
0
0
0
0
0
0
0
0
0
0
0
0
0
0
0
0
0
0
0
0
0
0
0
0
0
0
0
0
0
0
0
0
0
0
0
0
0
0
0
0
0
0
0
0
0
0
0
0
0
0
0
0
0
0
0
0
0
0
0
0
0
0
0
0
0
0
0
0
0
0
0
0
0
0
0
0
0
0
0
0
0
0
0
0
0
0
0
0
0
0
0
0
0
0
0
0
0
0
0
0
0
0
0
0
0
0
0
0
0
0
0
0
0
0
0
0
0
0
0
0
0
0
0
0
0
0
0
0
0
0
0
0
0
0
0
0
0
0
0
0
0
0
0
0
0
0
0
0
0
0
0
0
0
0
0
0
0
0
0
0
0
0
0
0
0
0
0
0
0
0
0
0
0
0
0
0
0
0
0
0
0
0
0
0
0
0
0
0
0
0
0
0
0
0
0
0
0
0
0
0
0
0
0
0
0
0
0
0
0
0
0
0
0
0
0
0
0
0
0
0
0
0
0
0
0
0
0
0
0
0
0
0
0
0
0
0
0
0
0
0
0
0
0
0
0
0
0
0
0
0
0
0
0
0
0
0
0
0
0
0
0
0
0
0
0
0
0
0
0
0
0
0
0
0
0
0
0
0
0
0
0
0
0
0
0
0
0
0
0
0
0
0
0
0
0
0
0
0
0
0
0
0
0
0
0
0
0
0
0
0
0
0
0
0
0
0
0
0
0
0
0
0
0
0
0
0
0
0
0
0
0
0
0
0
0
0
0
0
0
0
0
0
0
0
0
0
0
0
0
0
0
0
0
0
0
0
0
0
0
0
0
0
0
0
0
0
0
0
0
0
0
0
0
0
0
0
0
0
0
0
0
0
0
0
0
0
0
0
0
0
0
0
0
0
0
0
0
0
0
0
0
0
0
0
0
0
0
0
0
0
0
0
0
0
0
0
0
0
0
0
0
0
0
0
0
0
0
0
0
0
0
0
0
0
0
0
0
0
0
0
0
0
0
0
0
0
0
0
0
0
0
0
0
0
0
0
0
0
0
0
0
0
0
0
0
0
0
0
0
0
0
0
0
0
0
0
0
0
0
0
0
0
0
0
0
0
0
0
0
0
0
0
0
0
0
0
0
0
0
0
0
0
0
0
0
0
0
0
0
0
0
0
0
0
0
0
0
0
0
0
0
0
0
0
0
0
0
0
0
0
0
0
0
0
0
0
0
0
0
0
0
0
0
0
0
0
0
0
0
0
0
0
0
0
0
0
0
0
0
0
0
0
0
0
0
0
0
0
0
0
0
0
0
0
0
0
0
0
0
0
0
0
0
0
0
0
0
0
0
0
0
0
0
0
0
0
0
0
0
0
0
0
0
0
0
0
0
0
0
0
0
0
0
0
0
0
0
0
0
0
0
0
0
0
0
0
0
0
0
0
0
0
0
0
0
0
0
0
0
0
0
0
0
0
0
0
0
0
0
0
0
0
0
0
0
0
0
0
0
0
0
0
0
0
0
0
0
0
0
0
0
0
0
0
0
0
0
0
0
0
0
0
0
0
0
0
0
0
0
0
0
0
0
0
0
0
0
0
0
0
0
0
0
0
0
0
0
0
0
0
0
0
0
0
0
0
0
0
0
0
0
0
0
0
0
0
0
0
0
0
0
0
0
0
0
0
0
0
0
0
0
0
0
0
0
0
0
0
0
0
0
0
0
0
0
0
0
0
0
0
0
0
0
0
0
0
0
0
0
0
0
0
0
0
0
0
0
0
0
0
0
0
0
0
0
0
0
0
0
0
0
0
0
0
0
0
0
0
0
0
0
0
0
0
0
0
0
0
0
0
0
0
0
0
0
0
0
0
0
0
0
0
0
0
0
0
0
0
0
0
0
0
0
0
0
0
0
0
0
0
0
0
0
0
0
0
0
0
0
0
0
0
0
0
0
0
0
0
0
0
0
0
0
0
0
0
0
0
0
0
0
0
0
0
0
0
0
0
0
0
0
0
0
0
0
0
0
0
0
0
0
0
0
0
0
0
0
0
0
0
0
0
0
0
0
0
0
0
0
0
0
0
0
0
0
0
0
0
0
0
0
0
0
0
0
0
0
0
0
0
0
0
0
0
0
0
0
0
0
0
0
0
0
0
0
0
0
0
0
0
0
0
0
0
0
0
0
0
0
0
0
0
0
0
0
0
0
0
0
0
0
0
0
0
0
0
0
0
0
0
0
0
0
0
0
0
0
0
0
0
0
0
0
0
0
0
0
0
0
0
0
0
0
0
0
0
0
0
0
0
0
0
0
0
0
0
0
0
0
0
0
0
0
0
0
0
0
0
0
0
0
0
0
0
0
0
0
0
0
0
0
0
0
0
0
0
0
0
0
0
0
0
0
0
0
0
0
0
0
0
0
0
0
0
0
0
0
0
0
0
0
0
0
0
0
0
0
0
0
0
0
0
0
0
0
0
0
0
0
0
0
0
0
0
0
0
0
0
0
0
0
0
0
0
0
0
0
0
0
0
0
0
0
0
0
0
0
0
0
0
0
0
0
0
0
0
0
0
0
0
0
0
0
0
0
0
0
0
0
0
0
0
0
0
0
0
0
0
0
0
0
0
0
0
0
0
0
0
0
0
0
0
0
0
0
0
0
0
0
0
0
0
0
0
0
0
0
0
0
0
0
0
0
0
0
0
0
0
0
0
0
0
0
0
0
0
0
0
0
0
0
0
0
0
0
0
0
0
0
0
0
0
0
0
0
0
0
0
0
0
0
0
0
0
0
0
0
0
0
0
0
0
0
0
0
0
0
0
0
0
0
0
0
0
0
0
0
0
0
0
0
0
0
0
0
0
0
0
0
0
0
0
0
0
0
0
0
0
0
0
0
0
0
0
0
0
0
0
0
0
0
0
0
0
0
0
0
0
0
0
0
0
0
0
0
0
0
0
0
0
0
0
0
0
0
0
0
0
0
0
0
0
0
0
0
0
0
0
0
0
0
0
0
0
0
0
0
0
0
0
0
0
0
0
0
0
0
0
0
0
0
0
0
0
0
0
0
0
0
0
0
0
0
0
0
0
0
0
0
0
0
0
0
0
0
0
0
0
0
0
0
0
0
0
0
0
0
0
0
0
0
0
0
0
0
0
0
0
0
0
0
0
0
0
0
0
0
0
0
0
0
0
0
0
0
0
0
0
0
0
0
0
0
0
0
0
0
0
0
0
0
0
0
0
0
0
0
0
0
0
0
0
0
0
0
0
0
0
0
0
0
0
0
0
0
0
0
0
0
0
0
0
0
0
0
0
0
0
0
0
0
0
0
0
0
0
0
0
0
0
0
0
0
0
0
0
0
0
0
0
0
0
0
0
0
0
0
0
0
0
0
0
0
0
0
0
0
0
0
0
0
0
0
0
0
0
0
0
0
0
0
0
0
0
0
0
0
0
0
0
0
0
0
0
0
0
0
0
0
0
0
0
0
0
0
0
0
0
0
0
0
0
0
0
0
0
0
0
0
0
0
0
0
0
0
0
0
0
0
0
0
0
0
0
0
0
0
0
0
0
0
0
0
0
0
0
0
0
0
0
0
0
0
0
0
0
0
0
0
0
0
0
0
0
0
0
0
0
0
0
0
0
0
0
0
0
0
0
0
0
0
0
0
0
0
0
0
0
0
0
0
0
0
0
0
0
0
0
0
0
0
0
0
0
0
0
0
0
0
0
0
0
0
0
0
0
0
0
0
0
0
0
0
0
0
0
0
0
0
0
0
0
0
0
0
0
0
0
0
0
0
0
0
0
0
0
0
0
0
0
0
0
0
0
0
0
0
0
0
0
0
0
0
0
0
0
0
0
0
0
0
0
0
0
0
0
0
0
0
0
0
0
0
0
0
0
0
0
0
0
0
0
0
0
0
0
0
0
0
0
0
0
0
0
0
0
0
0
0
0
0
0
0
0
0
0
0
0
0
0
0
0
0
0
0
0
0
0
0
0
0
0
0
0
0
0
0
0
0
0
0
0
0
0
0
0
0
0
0
0
0
0
0
0
0
0
0
0
0
0
0
0
0
0
0
0
0
0
0
0
0
0
0
0
0
0
0
0
0
0
0
0
0
0
0
0
0
0
0
0
0
0
0
0
0
0
0
0
0
0
0
0
0
0
0
0
0
0
0
0
0
0
0
0
0
0
0
0
0
0
0
0
0
0
0
0
0
0
0
0
0
0
0
0
0
0
0
0
0
0
0
0
0
0
0
0
0
0
0
0
0
0
0
0
0
0
0
0
0
0
0
0
0
0
0
0
0
0
0
0
0
0
0
0
0
0
0
0
0
0
0
0
0
0
0
0
0
0
0
0
0
0
0
0
0
0
0
0
0
0
0
0
0
0
0
0
0
0
0
0
0
0
0
0
0
0
0
0
0
0
0
0
0
0
0
0
0
0
0
0
0
0
0
0
0
0
0
0
0
0
0
0
0
0
0
0
0
0
0
0
0
0
0
0
0
0
0
0
0
0
0
0
0
0
0
0
0
0
0
0
0
0
0
0
0
0
0
0
0
0
0
0
0
0
0
0
0
0
0
0
0
0
0
0
0
0
0
0
0
0
0
0
0
0
0
0
0
0
0
0
0
0
0
0
0
0
0
0
0
0
0
0
0
0
0
0
0
0
0
0
0
0
0
0
0
0
0
0
0
0
0
0
0
0
0
0
0
0
0
0
0
0
0
0
0
0
0
0
0
0
0
0
0
0
0
0
0
0
0
0
0
0
0
0
0
0
0
0
0
0
0
0
0
0
0
0
0
0
0
0
0
0
0
0
0
0
0
0
0
0
0
0
0
0
0
0
0
0
0
0
0
0
0
0
0
0
0
0
0
0
0
0
0
0
0
0
0
0
0
0
0
0
0
0
0
0
0
0
0
0
0
0
0
0
0
0
0
0
0
0
0
0
0
0
0
0
0
0
0
0
0
0
0
0
0
0
0
0
0
0
0
0
0
0
0
0
0
0
0
0
0
0
0
0
0
0
0
0
0
0
0
0
0
0
0
0
0
0
0
0
0
0
0
0
0
0
0
0
0
0
0
0
0
0
0
0
0
0
0
0
0
0
0
0
0
0
0
0
0
0
0
0
0
0
0
0
0
0
0
0
0
0
0
0
0
0
0
0
0
0
0
0
0
0
0
0
0
0
0
0
0
0
0
0
0
0
0
0
0
0
0
0
0
0
0
0
0
0
0
0
0
0
0
0
0
0
0
0
0
0
0
0
0
0
0
0
0
0
0
0
0
0
0
0
0
0
0
0
0
0
0
0
0
0
0
0
0
0
0
0
0
0
0
0
0
0
0
0
0
0
0
0
0
0
0
0
0
0
0
0
0
0
0
0
0
0
0
0
0
0
0
0
0
0
0
0
0
0
0
0
0
0
0
0
0
0
0
0
0
0
0
0
0
0
0
0
0
0
0
0
0
0
0
0
0
0
0
0
0
0
0
0
0
0
0
0
0
0
0
0
0
0
0
0
0
0
0
0
0
0
0
0
0
0
0
0
0
0
0
0
0
0
0
0
0
0
0
0
0
0
0
0
0
0
0
0
0
0
0
0
0
0
0
0
0
0
0
0
0
0
0
0
0
0
0
0
0
0
0
0
0
0
0
0
0
0
0
0
0
0
0
0
0
0
0
0
0
0
0
0
0
0
0
0
0
0
0
0
0
0
0
0
0
0
0
0
0
0
0
0
0
0
0
0
0
0
0
0
0
0
0
0
0
0
0
0
0
0
0
0
0
0
0
0
0
0
0
0
0
0
0
0
0
0
0
0
0
0
0
0
0
0
0
0
0
0
0
0
0
0
0
0
0
0
0
0
0
0
0
0
0
0
0
0
0
0
0
0
0
0
0
0
0
0
0
0
0
0
0
0
0
0
0
0
0
0
0
0
0
0
0
0
0
0
0
0
0
0
0
0
0
0
0
0
0
0
0
0
0
0
0
0
0
0
0
0
0
0
0
0
0
0
0
0
0
0
0
0
0
0
0
0
0
0
0
0
0
0
0
0
0
0
0
0
0
0
0
0
0
0
0
0
0
0
0
0
0
0
0
0
0
0
0
0
0
0
0
0
0
0
0
0
0
0
0
0
0
0
0
0
0
0
0
0
0
0
0
0
0
0
0
0
0
0
0
0
0
0
0
0
0
0
0
0
0
0
0
0
0
0
0
0
0
0
0
0
0
0
0
0
0
0
0
0
0
0
0
0
0
0
0
0
0
0
0
0
0
0
0
0
0
0
0
0
0
0
0
0
0
0
0
0
0
0
0
0
0
0
0
0
0
0
0
0
0
0
0
0
0
0
0
0
0
0
0
0
0
0
0
0
0
0
0
0
0
0
0
0
0
0
0
0
0
0
0
0
0
0
0
0
0
0
0
0
0
0
0
0
0
0
0
0
0
0
0
0
0
0
0
0
0
0
0
0
0
0
0
0
0
0
0
0
0
0
0
0
0
0
0
0
0
0
0
0
0
0
0
0
0
0
0
0
0
0
0
0
0
0
0
0
0
0
0
0
0
0
0
0
0
0
0
0
0
0
0
0
0
0
0
0
0
0
0
0
0
0
0
0
0
0
0
0
0
0
0
0
0
0
0
0
0
0
0
0
0
0
0
0
0
0
0
0
0
0
0
0
0
0
0
0
0
0
0
0
0
0
0
0
0
0
0
0
0
0
0
0
0
0
0
0
0
0
0
0
0
0
0
0
0
0
0
0
0
0
0
0
0
0
0
0
0
0
0
0
0
0
0
0
0
0
0
0
0
0
0
0
0
0
0
0
0
0
0
0
0
0
0
0
0
0
0
0
0
0
0
0
0
0
0
0
0
0
0
0
0
0
0
0
0
0
0
0
0
0
0
0
0
0
0
0
0
0
0
0
0
0
0
0
0
0
0
0
0
0
0
0
0
0
0
0
0
0
0
0
0
0
0
0
0
0
0
0
0
0
0
0
0
0
0
0
0
0
0
0
0
0
0
0
0
0
0
0
0
0
0
0
0
0
0
0
0
0
0
0
0
0
0
0
0
0
0
0
0
0
0
0
0
0
0
0
0
0
0
0
0
0
0
0
0
0
0
0
0
0
0
0
0
0
0
0
0
0
0
0
0
0
0
0
0
0
0
0
0
0
0
0
0
0
0
0
0
0
0
0
0
0
0
0
0
0
0
0
0
0
0
0
0
0
0
0
0
0
0
0
0
0
0
0
0
0
0
0
0
0
0
0
0
0
0
0
0
0
0
0
0
0
0
0
0
0
0
0
0
0
0
0
0
0
0
0
0
0
0
0
0
0
0
0
0
0
0
0
0
0
0
0
0
0
0
0
0
0
0
0
0
0
0
0
0
0
0
0
0
0
0
0
0
0
0
0
0
0
0
0
0
0
0
0
0
0
0
0
0
0
0
0
0
0
0
0
0
0
0
0
0
0
0
0
0
0
0
0
0
0
0
0
0
0
0
0
0
0
0
0
0
0
0
0
0
0
0
0
0
0
0
0
0
0
0
0
0
0
0
0
0
0
0
0
0
0
0
0
0
0
0
0
0
0
0
0
0
0
0
0
0
0
0
0
0
0
0
0
0
0
0
0
0
0
0
0
0
0
0
0
0
0
0
0
0
0
0
0
0
0
0
0
0
0
0
0
0
0
0
0
0
0
0
0
0
0
0
0
0
0
0
0
0
0
0
0
0
0
0
0
0
0
0
0
0
0
0
0
0
0
0
0
0
0
0
0
0
0
0
0
0
0
0
0
0
0
0
0
0
0
0
0
0
0
0
0
0
0
0
0
0
0
0
0
0
0
0
0
0
0
0
0
0
0
0
0
0
0
0
0
0
0
0
0
0
0
0
0
0
0
0
0
0
0
0
0
0
0
0
0
0
0
0
0
0
0
0
0
0
0
0
0
0
0
0
0
0
0
0
0
0
0
0
0
0
0
0
0
0
0
0
0
0
0
0
0
0
0
0
0
0
0
0
0
0
0
0
0
0
0
0
0
0
0
0
0
0
0
0
0
0
0
0
0
0
0
0
0
0
0
0
0
0
0
0
0
0
0
0
0
0
0
0
0
0
0
0
0
0
0
0
0
0
0
0
0
0
0
0
0
0
0
0
0
0
0
0
0
0
0
0
0
0
0
0
0
0
0
0
0
0
0
0
0
0
0
0
0
0
0
0
0
0
0
0
0
0
0
0
0
0
0
0
0
0
0
0
0
0
0
0
0
0
0
0
0
0
0
0
0
0
0
0
0
0
0
0
0
0
0
0
0
0
0
0
0
0
0
0
0
0
0
0
0
0
0
0
0
0
0
0
0
0
0
0
0
0
0
0
0
0
0
0
0
0
0
0
0
0
0
0
0
0
0
0
0
0
0
0
0
0
0
0
0
0
0
0
0
0
0
0
0
0
0
0
0
0
0
0
0
0
0
0
0
0
0
0
0
0
0
0
0
0
0
0
0
0
0
0
0
0
0
0
0
0
0
0
0
0
0
0
0
0
0
0
0
0
0
0
0
0
0
0
0
0
0
0
0
0
0
0
0
0
0
0
0
0
0
0
0
0
0
0
0
0
0
0
0
0
0
0
0
0
0
0
0
0
0
0
0
0
0
0
0
0
0
0
0
0
0
0
0
0
0
0
0
0
0
0
0
0
0
0
0
0
0
0
0
0
0
0
0
0
0
0
0
0
0
0
0
0
0
0
0
0
0
0
0
0
0
0
0
0
0
0
0
0
0
0
0
0
0
0
0
0
0
0
0
0
0
0
0
0
0
0
0
0
0
0
0
0
0
0
0
0
0
0
0
0
0
0
0
0
0
0
0
0
0
0
0
0
0
0
0
0
0
0
0
0
0
0
0
0
0
0
0
0
0
0
0
0
0
0
0
0
0
0
0
0
0
0
0
0
0
0
0
0
0
0
0
0
0
0
0
0
0
0
0
0
0
0
0
0
0
0
0
0
0
0
0
0
0
0
0
0
0
0
0
0
0
0
0
0
0
0
0
0
0
0
0
0
0
0
0
0
0
0
0
0
0
0
0
0
0
0
0
0
0
0
0
0
0
0
0
0
0
0
0
0
0
0
0
0
0
0
0
0
0
0
0
0
0
0
0
0
0
0
0
0
0
0
0
0
0
0
0
0
0
0
0
0
0
0
0
0
0
0
0
0
0
0
0
0
0
0
0
0
0
0
0
0
0
0
0
0
0
0
0
0
0
0
0
0
0
0
0
0
0
0
0
0
0
0
0
0
0
0
0
0
0
0
0
0
0
0
0
0
0
0
0
0
0
0
0
0
0
0
0
0
0
0
0
0
0
0
0
0
0
0
0
0
0
0
0
0
0
0
0
0
0
0
0
0
0
0
0
0
0
0
0
0
0
0
0
0
0
0
0
0
0
0
0
0
0
0
0
0
0
0
0
0
0
0
0
0
0
0
0
0
0
0
0
0
0
0
0
0
0
0
0
0
0
0
0
0
0
0
0
0
0
0
0
0
0
0
0
0
0
0
0
0
0
0
0
0
0
0
0
0
0
0
0
0
0
0
0
0
0
0
0
0
0
0
0
0
0
0
0
0
0
0
0
0
0
0
0
0
0
0
0
0
0
0
0
0
0
0
0
0
0
0
0
0
0
0
0
0
0
0
0
0
0
0
0
0
0
0
0
0
0
0
0
0
0
0
0
0
0
0
0
0
0
0
0
0
0
0
0
0
0
0
0
0
0
0
0
0
0
0
0
0
0
0
0
0
0
0
0
0
0
0
0
0
0
0
0
0
0
0
0
0
0
0
0
0
0
0
0
0
0
0
0
0
0
0
0
0
0
0
0
0
0
0
0
0
0
0
0
0
0
0
0
0
0
0
0
0
0
0
0
0
0
0
0
0
0
0
0
0
0
0
0
0
0
0
0
0
0
0
0
0
0
0
0
0
0
0
0
0
0
0
0
0
0
0
0
0
0
0
0
0
0
0
0
0
0
0
0
0
0
0
0
0
0
0
0
0
0
0
0
0
0
0
0
0
0
0
0
0
0
0
0
0
0
0
0
0
0
0
0
0
0
0
0
0
0
0
0
0
0
0
0
0
0
0
0
0
0
0
0
0
0
0
0
0
0
0
0
0
0
0
0
0
0
0
0
0
0
0
0
0
0
0
0
0
0
0
0
0
0
0
0
0
0
0
0
0
0
0
0
0
0
0
0
0
0
0
0
0
0
0
0
0
0
0
0
0
0
0
0
0
0
0
0
0
0
0
0
0
0
0
0
0
0
0
0
0
0
0
0
0
0
0
0
0
0
0
0
0
0
0
0
0
0
0
0
0
0
0
0
0
0
0
0
0
0
0
0
0
0
0
0
0
0
0
0
0
0
0
0
0
0
0
0
0
0
0
0
0
0
0
0
0
0
0
0
0
0
0
0
0
0
0
0
0
0
0
0
0
0
0
0
0
0
0
0
0
0
0
0
0
0
0
0
0
0
0
0
0
0
0
0
0
0
0
0
0
0
0
0
0
0
0
0
0
0
0
0
0
0
0
0
0
0
0
0
0
0
0
0
0
0
0
0
0
0
0
0
0
0
0
0
0
0
0
0
0
0
0
0
0
0
0
0
0
0
0
0
0
0
0
0
0
0
0
0
0
0
0
0
0
0
0
0
0
0
0
0
0
0
0
0
0
0
0
0
0
0
0
0
0
0
0
0
0
0
0
0
0
0
0
0
0
0
0
0
0
0
0
0
0
0
0
0
0
0
0
0
0
0
0
0
0
0
0
0
0
0
0
0
0
0
0
0
0
0
0
0
0
0
0
0
0
0
0
0
0
0
0
0
0
0
0
0
0
0
0
0
0
0
0
0
0
0
0
0
0
0
0
0
0
0
0
0
0
0
0
0
0
0
0
0
0
0
0
0
0
0
0
0
0
0
0
0
0
0
0
0
0
0
0
0
0
0
0
0
0
0
0
0
0
0
0
0
0
0
0
0
0
0
0
0
0
0
0
0
0
0
0
0
0
0
0
0
0
0
0
0
0
0
0
0
0
0
0
0
0
0
0
0
0
0
0
0
0
0
0
0
0
0
0
0
0
0
0
0
0
0
0
0
0
0
0
0
0
0
0
0
0
0
0
0
0
0
0
0
0
0
0
0
0
0
0
0
0
0
0
0
0
0
0
0
0
0
0
0
0
0
0
0
0
0
0
0
0
0
0
0
0
0
0
0
0
0
0
0
0
0
0
0
0
0
0
0
0
0
0
0
0
0
0
0
0
0
0
0
0
0
0
0
0
0
0
0
0
0
0
0
0
0
0
0
0
0
0
0
0
0
0
0
0
0
0
0
0
0
0
0
0
0
0
0
0
0
0
0
0
0
0
0
0
0
0
0
0
0
0
0
0
0
0
0
0
0
0
0
0
0
0
0
0
0
0
0
0
0
0
0
0
0
0
0
0
0
0
0
0
0
0
0
0
0
0
0
0
0
0
0
0
0
0
0
0
0
0
0
0
0
0
0
0
0
0
0
0
0
0
0
0
0
0
0
0
0
0
0
0
0
0
0
0
0
0
0
0
0
0
0
0
0
0
0
0
0
0
0
0
0
0
0
0
0
0
0
0
0
0
0
0
0
0
0
0
0
0
0
0
0
0
0
0
0
0
0
0
0
0
0
0
0
0
0
0
0
0
0
0
0
0
0
0
0
0
0
0
0
0
0
0
0
0
0
0
0
0
0
0
0
0
0
0
0
0
0
0
0
0
0
0
0
0
0
0
0
0
0
0
0
0
0
0
0
0
0
0
0
0
0
0
0
0
0
0
0
0
0
0
0
0
0
0
0
0
0
0
0
0
0
0
0
0
0
0
0
0
0
0
0
0
0
0
0
0
0
0
0
0
0
0
0
0
0
0
0
0
0
0
0
0
0
0
0
0
0
0
0
0
0
0
0
0
0
0
0
0
0
0
0
0
0
0
0
0
0
0
0
0
0
0
0
0
0
0
0
0
0
0
0
0
0
0
0
0
0
0
0
0
0
0
0
0
0
0
0
0
0
0
0
0
0
0
0
0
0
0
0
0
0
0
0
0
0
0
0
0
0
0
0
0
0
0
0
0
0
0
0
0
0
0
0
0
0
0
0
0
0
0
0
0
0
0
0
0
0
0
0
0
0
0
0
0
0
0
0
0
0
0
0
0
0
0
0
0
0
0
0
0
0
0
0
0
0
0
0
0
0
0
0
0
0
0
0
0
0
0
0
0
0
0
0
0
0
0
0
0
0
0
0
0
0
0
0
0
0
0
0
0
0
0
0
0
0
0
0
0
0
0
0
0
0
0
0
0
0
0
0
0
0
0
0
0
0
0
0
0
0
0
0
0
0
0
0
0
0
0
0
0
0
0
0
0
0
0
0
0
0
0
0
0
0
0
0
0
0
0
0
0
0
0
0
0
0
0
0
0
0
0
0
0
0
0
0
0
0
0
0
0
0
0
0
0
0
0
0
0
0
0
0
0
0
0
0
0
0
0
0
0
0
0
0
0
0
0
0
0
0
0
0
0
0
0
0
0
0
0
0
0
0
0
0
0
0
0
0
0
0
0
0
0
0
0
0
0
0
0
0
0
0
0
0
0
0
0
0
0
0
0
0
0
0
0
0
0
0
0
0
0
0
0
0
0
0
0
0
0
0
0
0
0
0
0
0
0
0
0
0
0
0
0
0
0
0
0
0
0
0
0
0
0
0
0
0
0
0
0
0
0
0
0
0
0
0
0
0
0
0
0
0
0
0
0
0
0
0
0
0
0
0
0
0
0
0
0
0
0
0
0
0
0
0
0
0
0
0
0
0
0
0
0
0
0
0
0
0
0
0
0
0
0
0
0
0
0
0
0
0
0
0
0
0
0
0
0
0
0
0
0
0
0
0
0
0
0
0
0
0
0
0
0
0
0
0
0
0
0
0
0
0
0
0
0
0
0
0
0
0
0
0
0
0
0
0
0
0
0
0
0
0
0
0
0
0
0
0
0
0
0
0
0
0
0
0
0
0
0
0
0
0
0
0
0
0
0
0
0
0
0
0
0
0
0
0
0
0
0
0
0
0
0
0
0
0
0
0
0
0
0
0
0
0
0
0
0
0
0
0
0
0
0
0
0
0
0
0
0
0
0
0
0
0
0
0
0
0
0
0
0
0
0
0
0
0
0
0
0
0
0
0
0
0
0
0
0
0
0
0
0
0
0
0
0
0
0
0
0
0
0
0
0
0
0
0
0
0
0
0
0
0
0
0
0
0
0
0
0
0
0
0
0
0
0
0
0
0
0
0
0
0
0
0
0
0
0
0
0
0
0
0
0
0
0
0
0
0
0
0
0
0
0
0
0
0
0
0
0
0
0
0
0
0
0
0
0
0
0
0
0
0
0
0
0
0
0
0
0
0
0
0
0
0
0
0
0
0
0
0
0
0
0
0
0
0
0
0
0
0
0
0
0
0
0
0
0
0
0
0
0
0
0
0
0
0
0
0
0
0
0
0
0
0
0
0
0
0
0
0
0
0
0
0
0
0
0
0
0
0
0
0
0
0
0
0
0
0
0
0
0
0
0
0
0
0
0
0
0
0
0
0
0
0
0
0
0
0
0
0
0
0
0
0
0
0
0
0
0
0
0
0
0
0
0
0
0
0
0
0
0
0
0
0
0
0
0
0
0
0
0
0
0
0
0
0
0
0
0
0
0
0
0
0
0
0
0
0
0
0
0
0
0
0
0
0
0
0
0
0
0
0
0
0
0
0
0
0
0
0
0
0
0
0
0
0
0
0
0
0
0
0
0
0
0
0
0
0
0
0
0
0
0
0
0
0
0
0
0
0
0
0
0
0
0
0
0
0
0
0
0
0
0
0
0
0
0
0
0
0
0
0
0
0
0
0
0
0
0
0
0
0
0
0
0
0
0
0
0
0
0
0
0
0
0
0
0
0
0
0
0
0
0
0
0
0
0
0
0
0
0
0
0
0
0
0
0
0
0
0
0
0
0
0
0
0
0
0
0
0
0
0
0
0
0
0
0
0
0
0
0
0
0
0
0
0
0
0
0
0
0
0
0
0
0
0
0
0
0
0
0
0
0
0
0
0
0
0
0
0
0
0
0
0
0
0
0
0
0
0
0
0
0
0
0
0
0
0
0
0
0
0
0
0
0
0
0
0
0
0
0
0
0
0
0
0
0
0
0
0
0
0
0
0
0
0
0
0
0
0
0
0
0
0
0
0
0
0
0
0
0
0
0
0
0
0
0
0
0
0
0
0
0
0
0
0
0
0
0
0
0
0
0
0
0
0
0
0
0
0
0
0
0
0
0
0
0
0
0
0
0
0
0
0
0
0
0
0
0
0
0
0
0
0
0
0
0
0
0
0
0
0
0
0
0
0
0
0
0
0
0
0
0
0
0
0
0
0
0
0
0
0
0
0
0
0
0
0
0
0
0
0
0
0
0
0
0
0
0
0
0
0
0
0
0
0
0
0
0
0
0
0
0
0
0
0
0
0
0
0
0
0
0
0
0
0
0
0
0
0
0
0
0
0
0
0
0
0
0
0
0
0
0
0
0
0
0
0
0
0
0
0
0
0
0
0
0
0
0
0
0
0
0
0
0
0
0
0
0
0
0
0
0
0
0
0
0
0
0
0
0
0
0
0
0
0
0
0
0
0
0
0
0
0
0
0
0
0
0
0
0
0
0
0
0
0
0
0
0
0
0
0
0
0
0
0
0
0
0
0
0
0
0
0
0
0
0
0
0
0
0
0
0
0
0
0
0
0
0
0
0
0
0
0
0
0
0
0
0
0
0
0
0
0
0
0
0
0
0
0
0
0
0
0
0
0
0
0
0
0
0
0
0
0
0
0
0
0
0
0
0
0
0
0
0
0
0
0
0
0
0
0
0
0
0
0
0
0
0
0
0
0
0
0
0
0
0
0
0
0
0
0
0
0
0
0
0
0
0
0
0
0
0
0
0
0
0
0
0
0
0
0
0
0
0
0
0
0
0
0
0
0
0
0
0
0
0
0
0
0
0
0
0
0
0
0
0
0
0
0
0
0
0
0
0
0
0
0
0
0
0
0
0
0
0
0
0
0
0
0
0
0
0
0
0
0
0
0
0
0
0
0
0
0
0
0
0
0
0
0
0
0
0
0
0
0
0
0
0
0
0
0
0
0
0
0
0
0
0
0
0
0
0
0
0
0
0
0
0
0
0
0
0
0
0
0
0
0
0
0
0
0
0
0
0
0
0
0
0
0
0
0
0
0
0
0
0
0
0
0
0
0
0
0
0
0
0
0
0
0
0
0
0
0
0
0
0
0
0
0
0
0
0
0
0
0
0
0
0
0
0
0
0
0
0
0
0
0
0
0
0
0
0
0
0
0
0
0
0
0
0
0
0
0
0
0
0
0
0
0
0
0
0
0
0
0
0
0
0
0
0
0
0
0
0
0
0
0
0
0
0
0
0
0
0
0
0
0
0
0
0
0
0
0
0
0
0
0
0
0
0
0
0
0
0
0
0
0
0
0
0
0
0
0
0
0
0
0
0
0
0
0
0
0
0
0
0
0
0
0
0
0
0
0
0
0
0
0
0
0
0
0
0
0
0
0
0
0
0
0
0
0
0
0
0
0
0
0
0
0
0
