-124
38
-1676
-1550
-92
-1154
-1210
-198
395
-2879
-2372
-933
-2212
-1575
70
-54
65
351
418
-390
-1906
-1113
-17045
-139
451
613
-1586
-2427
-2527
-16141
77
-24
48
507
-4978
-3265
-4840
-3737
-3877
-188
545
-5961
-4086
-5197
-4312
-3357
82
423
-71
3126
3912
-3036
-4438
-3632
-22862
-67
4989
3430
-4246
-4600
-4962
-24680
79
3471
-198
521
-12835
-11471
-12820
-11838
-12639
-288
811
-10915
-11740
-10619
-8710
-9930
349
626
-157
343
11636
-13367
-12917
-12686
14875
11
-29
10909
-9219
-9122
-10653
-1955
329
43
-1
869
-4608
-5307
-4820
-4261
-4561
-180
1103
-5506
-6709
-4299
-5038
-4681
36
1111
61
-3549
6559
-3960
-6833
-4335
-23942
-10
-4947
4305
-4786
-6526
-4968
-24324
131
-3753
-115
186
-1550
-2070
-2066
-1762
-2218
-268
403
-1476
-3043
-1318
-2853
-2797
102
598
139
-226
1634
-2388
-2894
-2080
-18585
-143
-380
1115
-3010
-3635
-2622
-19763
-18
905
-126
493
-2057
-2019
-66
-1729
-2154
-230
474
-2750
-2998
-307
-2921
-3208
117
285
146
-103
822
-3038
-3028
-2135
-15293
-109
-501
1172
-3128
-4282
-3143
-13628
66
-274
-110
81
-2746
-1070
-1277
-1594
-1980
-252
435
-3793
-978
-1089
-2497
-2739
28
63
124
-602
-440
-2764
-978
-2008
-16040
-148
296
760
-2674
-3475
-2878
-15666
40
-582
-142
-545
-3375
97
-2353
-2625
-2666
-173
239
-2781
1820
-1528
-2186
-2345
118
-11
-35
-594
-2998
-3014
495
-2575
-11961
-291
756
-2018
-2402
-1669
-2453
-18105
7
336
-61
-388
-823
-471
-671
-347
-842
-121
17
-2331
-1501
-2050
-2188
-301
58
-589
143
730
307
-299
-1773
-667
-18371
-96
392
-1039
-1642
-2342
-2347
-15541
40
84
121
-485
-3618
-2615
-4079
-2752
-2802
22
403
-5630
-2891
-6009
-4145
-279
125
-625
-208
2870
3188
-2188
-3078
-2866
-28970
-239
4194
-810
-5003
-3129
-4805
-26680
-35
2498
39
-43
-9155
-9756
-7974
-8969
-8334
-122
-621
-9364
-10757
-10027
-8025
-3561
157
71
-118
1159
13108
-7272
-11852
-8512
-18933
-69
441
6540
-8941
-8589
-9081
-21910
153
505
-87
601
-3298
-4060
-4174
-4444
-3798
-193
-1263
-6476
-5750
-7527
-7616
-3279
-64
-607
28
-2394
5029
-3506
-4025
-3480
-29929
-49
-2890
-219
-6954
-4307
-6405
-18191
15
-1389
-301
1522
-1015
-1761
-1654
-1895
-1833
-307
287
-2847
-2415
-3614
-5006
-3931
-270
1464
257
-162
750
-850
-2392
-1945
-29218
31
308
-986
-4452
-2923
-3734
-20417
83
925
-463
2695
-3356
-3099
-571
-3575
-3608
-327
2306
-3797
-2803
-3294
-4172
-4305
-303
2961
141
359
948
-3055
-5066
-3628
-19177
230
233
256
-4193
-3718
-4261
-19630
296
-561
-501
2559
-4752
-3188
-2798
-3568
-3871
-363
1752
-5255
-2656
-4129
-3763
-3152
-166
3899
54
-1342
372
-4380
-1942
-3980
-17481
209
-839
-651
-4620
-2489
-4877
-19976
447
-1212
-224
987
-3280
-215
-1831
-2876
-2920
-179
-698
-4154
1616
-2539
-3888
-3712
-114
-160
-118
-1533
-1935
-3093
-1641
-3097
-16015
-188
-323
-1720
-4372
-3512
-4164
-15791
121
-174
-35
-663
-1398
-783
-1576
-1202
-1191
-43
448
-2569
-1973
-2653
-2390
-524
144
302
-33
9
1058
-1255
-1333
-1053
-14374
-213
440
184
-1929
-2301
-2746
-13870
-9
480
6
-643
-4152
-3595
-6034
-3390
-3903
62
162
-5859
-4227
-6705
-4084
-1164
134
-226
-311
3588
4763
-3476
-5193
-3857
-20894
-251
4807
1299
-5079
-5015
-5347
-22930
45
2627
-7
-335
-12032
-11947
-13377
-12588
-13554
45
-540
-7613
-11212
-10798
-6676
-5635
306
-492
-326
672
12467
-13215
-15836
-13677
16356
-4
-289
7572
-7320
-9620
-8658
-16238
298
-397
15
-543
-4467
-9
-5056
-4531
-4216
-20
-626
-6396
528
-6156
-5809
-3841
-46
-553
46
-1336
1785
-3570
-5029
-4030
-21856
-130
-3837
-2692
-4386
-4442
-4467
-23420
77
-2270
-173
-137
-3506
2015
-4503
-3113
-3335
-60
264
-4797
2910
-3472
-4601
-4691
-100
95
130
476
-130
-2172
-5129
-3346
-16298
36
766
-1756
-3979
-5784
-3959
-18133
50
624
-326
460
-6457
664
-7335
-5402
-6080
-161
567
-6936
1318
-5760
-6049
-6700
-125
-713
62
113
1733
-5203
-8251
-5898
-14905
158
523
303
-5685
-9335
-6271
-20956
245
226
-404
283
-5684
765
-7507
-4846
-5191
-263
535
-8213
580
-8323
-7703
-6539
-96
-606
-99
-2159
1632
-6130
-4700
-4990
-21394
199
-1601
-831
-7245
-8542
-7620
-17819
279
-868
-103
187
-5681
-1672
-4621
-4850
-4889
-68
553
-6330
29
-5302
-4734
-4180
-8
-444
-188
-1826
1837
-5609
-3340
-4961
-15144
-191
-1851
1023
-4302
-5592
-4920
-20681
-9
-2099
-7
-501
-1673
-1594
-1192
-1484
-1465
-18
322
-2659
-2683
-1637
-2198
-686
125
36
-173
-279
477
-1322
-644
-1359
-15555
-196
579
287
-2199
-1863
-2393
-16388
-86
417
67
-583
-3378
-3682
-3843
-3188
-2769
33
-76
-5088
-4472
-5122
-3885
-1426
168
-655
-359
3156
4229
-1973
-3544
-2651
-21143
-286
3198
2270
-4508
-3833
-4435
-19583
-10
1579
-33
242
-8581
-8599
-8153
-9196
-8593
24
-35
-6567
-8675
-8010
-5796
-3716
174
-497
-302
449
11088
-7183
-11656
-8634
-9688
121
-388
6275
-6097
-7010
-6785
-24337
299
-482
-122
74
-3623
-301
-4306
-4113
-3257
-130
-220
-4597
-8
-5020
-4520
-4185
0
172
33
-1776
331
-2110
-3158
-3250
-23005
-57
-3497
-2147
-3559
-1942
-3998
-22643
130
-2314
-103
-1596
-3794
3497
-3804
-2889
-2831
-124
-1443
-3928
4343
-2707
-3512
-4834
-66
-911
142
1402
-1443
-1402
-4689
-2717
-16409
1
1426
-1556
-2562
-4510
-3202
-21048
-74
1666
-183
-1059
-6079
1283
-5843
-4545
-5124
-130
-2006
-5599
1503
-4268
-4821
-6260
-63
-1587
-9
515
2090
-4638
-7788
-5197
-10162
235
1096
1395
-4624
-8063
-4860
-17965
134
1272
-133
-1770
-5750
-123
-6589
-3982
-5147
-254
-2802
-7154
-1013
-6963
-6697
-7264
-5
-2450
-32
-2461
3861
-5473
-7283
-4977
-21104
174
-1860
2356
-5622
-9733
-5848
-20725
159
-780
-149
-738
-5218
-2657
-4820
-3237
-4757
-24
-523
-5701
-2154
-4453
-4292
-5455
77
-363
-328
-1485
4155
-4580
-5850
-4595
-18129
-206
-1365
3056
-2708
-7690
-4077
-21683
-86
-1548
54
-265
-1284
-1381
-823
-1658
-1426
21
790
-2495
-2374
-1907
-2189
-374
172
-314
-90
360
627
-853
-1615
-1331
-16800
-169
800
585
-2111
-2513
-2447
-17866
-58
437
158
-376
-4114
-4092
-4830
-4334
-3588
111
421
-5660
-4842
-6055
-4520
-724
246
-321
-340
3989
4362
-2776
-3839
-3451
-22599
-258
5739
1732
-4836
-4428
-5212
-23691
-40
3595
-65
-56
-12038
-12218
-12018
-12672
-13087
3
94
-7546
-11064
-9327
-6308
-6520
325
-258
-363
547
11569
-12465
-13919
-13181
14356
144
-278
7976
-7562
-7808
-8393
-15828
414
-252
-3
518
-4517
-3658
-4905
-4717
-4228
-21
501
-5107
-3199
-5157
-4587
-3599
49
566
-25
-1928
3169
-3577
-3831
-4180
-20562
77
-4246
-183
-4229
-1560
-4092
-24339
166
-2521
-307
-387
-3120
-662
-3480
-2875
-2646
-222
692
-3980
284
-4542
-4169
-5317
-85
597
168
479
558
-1689
-3424
-2781
-21685
86
658
-1069
-3076
-1524
-3621
-21204
225
1422
-482
-258
-4741
-2138
-3128
-3541
-3723
-362
645
-4827
-2040
-4715
-4463
-5997
-149
80
114
37
3625
-3911
-6315
-3946
-12480
326
601
2479
-4210
-4275
-4346
-13532
447
216
-352
-136
-5090
-3935
-4439
-2934
-4150
-354
978
-5567
-4661
-5119
-4297
-6073
-155
1060
42
-1525
4556
-4726
-5374
-4271
-16414
264
-895
3175
-4413
-4952
-4167
-15721
396
-1297
-156
-442
-4727
-2634
-2429
-1741
-3810
-106
62
-4072
-2649
-1508
-2277
-4113
47
-296
-278
-1319
2943
-3411
-6025
-3773
-13794
-144
-723
2244
-1851
-5390
-2753
-19141
-25
-998
-58
-153
-1601
-87
-1521
-1795
-1580
-126
-52
-2773
-734
-2642
-2336
-381
80
-1024
26
999
522
-1107
-2469
-1540
-12343
-97
744
-311
-2054
-2779
-2470
-14263
-78
441
196
-274
-3982
-2845
-3890
-3570
-3111
138
991
-5538
-3444
-5464
-3811
200
199
912
-201
2796
2530
-1462
-3367
-3011
-21072
-202
2948
-33
-4605
-4053
-4951
-20648
-8
1617
123
155
-9499
-9702
-8249
-9440
-8722
65
192
-7558
-9944
-7937
-6102
-2954
241
1158
-208
885
12487
-6484
-12196
-8803
-12837
131
276
6275
-7034
-7892
-7553
-26079
353
488
78
-50
-2917
-3983
-3010
-4262
-3498
-32
-189
-6658
-5688
-4907
-7748
-2802
79
-482
59
-2135
2983
-2974
-3707
-3457
-25043
3
-2312
-2276
-7072
-5128
-6942
-11299
58
-891
-126
819
-1841
-2849
-3346
-2920
-2940
-156
335
-3233
-1952
-3632
-4792
-4670
-56
-278
313
-652
-120
-2787
-1313
-3174
-18824
67
-1091
-1803
-4597
-2196
-4109
-15343
218
-558
-271
-686
-3933
-1508
-3334
-1733
-2942
-210
-516
-5070
-931
-3328
-3612
-2910
-91
-966
133
-382
742
-2854
-2671
-3070
-18404
142
-239
-706
-4837
-3396
-3803
-18903
347
26
-202
-912
-6343
-3433
-5676
-3497
-4468
-224
-450
-8375
-3697
-5923
-5258
-3640
34
-816
-10
-628
2056
-5646
-931
-4501
-18161
-60
-472
-676
-6750
-2253
-5656
-14468
112
-1055
-68
-367
-5304
-763
-2715
-3080
-3872
-140
94
-5652
-221
-2729
-3759
-2741
180
-296
-278
-881
864
-4817
-3238
-3947
-14892
-288
-330
-838
-4382
-3835
-4207
-17539
-103
-532
-263
-1020
-3197
-900
-2883
-2638
-2538
-225
-1015
-4134
-1206
-3513
-2759
-1006
58
-1600
3
406
1395
-2770
-2341
-2511
-10100
-242
804
763
-2361
-3363
-3319
-13272
35
633
-102
-1288
-4746
-2911
-5509
-3894
-4143
-111
-614
-6783
-3838
-6410
-4926
-940
166
-799
-92
3609
3090
-4504
-3972
-4040
-20293
-116
3391
599
-5802
-5620
-6177
-21263
73
2471
-160
-581
-11695
-11701
-14172
-12269
-12474
-119
-541
-9173
-12260
-11672
-7823
-5666
259
-449
-275
701
12942
-12470
-12486
-12446
12922
123
16
8899
-8970
-8430
-9679
-10077
388
-33
-12
-475
-3250
-5375
-4119
-5007
-4213
-177
-412
-4701
-5609
-5678
-5995
-4309
165
20
-9
-3518
4907
-3369
-5588
-4093
-19492
-52
-4062
914
-5736
-5729
-4966
-16042
147
-2157
-127
-196
-1263
-3390
-1642
-2471
-2995
-211
-18
-1792
-2560
-3042
-3387
-3529
-135
146
196
-1517
-831
-1830
-3153
-3116
-15219
-198
-1594
-778
-4031
-3972
-2694
-15747
45
-1372
-328
726
-2259
-1217
-519
-763
-2352
-192
935
-3943
-1185
-2419
-3097
-1626
-97
3
63
46
-801
-1781
-4127
-2389
-23709
-41
474
-1505
-4233
-5393
-2670
-22616
177
784
-327
887
-4777
-1241
-3720
-1668
-3570
-245
1324
-6170
-582
-4921
-4111
-2828
-26
1259
-2
-480
2126
-3710
-4978
-3694
-21266
42
72
-1083
-5721
-5642
-4164
-20822
211
40
-238
-210
-4619
1875
-4694
-2829
-3705
-202
-249
-5267
3244
-4254
-4405
-3234
-2
-519
-153
-340
-765
-3843
-3260
-3761
-16898
-257
224
-3041
-5077
-5288
-4282
-18446
-40
496
-268
-838
-2502
-1823
-1823
-1341
-1777
-251
-704
-3178
-2458
-2688
-2336
-701
-124
-828
-69
-100
555
-1881
-881
-1603
-15009
-142
234
928
-2318
-3438
-2590
-15459
44
-476
-99
-1382
-2936
-2122
-2169
-63
-1852
-143
-883
-3766
-2199
-1707
-1515
-789
-40
-772
-62
1504
500
-2099
-1095
-1795
-17010
-165
1118
614
-2251
-3624
-2758
-18783
8
675
-219
-2403
-4344
-4501
-5343
-2236
-3834
-282
-3253
-4541
-4422
-4220
-2984
-3358
-44
-2989
-118
438
3475
-3202
-2984
-3785
-20288
52
465
3175
-4302
-4419
-3774
-21879
256
567
-151
-1467
-883
-2228
-1955
-1114
-1735
-322
-1784
-1719
-2615
-2765
-2960
-3169
-111
-1052
52
-1417
-88
-1472
-1654
-1739
-18267
-44
-1384
-62
-3390
-3660
-2851
-14393
207
-888
-460
-575
-1213
-2770
-2708
-1806
-2731
-437
-119
-1282
-2143
-4014
-2516
-2879
-261
-369
99
402
-1601
-2076
-1820
-2745
-17953
-92
1334
-827
-2990
-3709
-2635
-21714
107
1028
-608
-663
-2616
-1059
-4195
-1993
-3330
-562
-646
-4775
-1223
-6739
-5012
-3947
-236
-991
38
451
-1426
-4012
-2668
-3282
-21320
-42
948
-1575
-5865
-6462
-5257
-17246
229
1287
-624
-881
-3926
169
-4739
-1254
-3143
-572
-1166
-5887
60
-6392
-4610
-3339
-188
-964
62
-1596
184
-3664
-3846
-3070
-18040
-1
-917
-1531
-5499
-6533
-5331
-14556
327
-504
-397
-1166
-3241
29
-2888
-1264
-2648
-359
-1768
-3611
851
-3055
-2827
-2007
-82
-1179
2
-998
-550
-2124
-3499
-2602
-17378
-145
-917
-1576
-3084
-5281
-3263
-19950
219
-1031
0
0
0
0
0
0
0
0
0
0
0
-1578
-1989
-232
-863
-1100
0
0
0
0
0
0
0
0
0
0
0
705
-64
-2440
-1084
-14942
0
0
0
0
0
0
0
0
0
0
0
-2636
-3458
-3334
-2824
-2602
0
0
0
0
0
0
0
0
0
0
0
2412
-1336
-3137
-2715
-24922
0
0
0
0
0
0
0
0
0
0
0
-6308
-5330
-6158
-8447
-5899
0
0
0
0
0
0
0
0
0
0
0
9298
-8533
-7925
-6231
-12701
0
0
0
0
0
0
0
0
0
0
0
-4626
-4162
-3814
-4533
-3674
0
0
0
0
0
0
0
0
0
0
0
5042
-2064
-5803
-3567
-22963
0
0
0
0
0
0
0
0
0
0
0
-2947
-1966
-2112
-612
-1470
0
0
0
0
0
0
0
0
0
0
0
1843
-761
-2242
-1419
-18868
0
0
0
0
0
0
0
0
0
0
0
-2271
-2583
-370
-308
-1684
0
0
0
0
0
0
0
0
0
0
0
37
-1835
-2411
-1593
-14309
0
0
0
0
0
0
0
0
0
0
0
-1244
-1712
-431
462
-962
0
0
0
0
0
0
0
0
0
0
0
-675
-919
-1330
-991
-18551
0
0
0
0
0
0
0
0
0
0
0
-1593
-557
-1110
-494
-1115
0
0
0
0
0
0
0
0
0
0
0
-1250
-806
0
-1130
-16781
0
0
0
0
0
0
0
0
0
0
0
-1683
-1405
-1147
-461
-1232
0
0
0
0
0
0
0
0
0
0
0
391
-409
-1913
-1171
-12831
0
0
0
0
0
0
0
0
0
0
0
-1710
-3105
-3899
-1226
-2452
0
0
0
0
0
0
0
0
0
0
0
1811
-2639
-2661
-2574
-27072
0
0
0
0
0
0
0
0
0
0
0
-2569
-6339
-7728
-5681
-5856
0
0
0
0
0
0
0
0
0
0
0
8605
-7686
-9277
-5743
-26566
0
0
0
0
0
0
0
0
0
0
0
-3303
-3819
-4570
-3171
-3489
0
0
0
0
0
0
0
0
0
0
0
4513
-3198
-3985
-3311
-23385
0
0
0
0
0
0
0
0
0
0
0
-3334
-2776
-3355
-1325
-2639
0
0
0
0
0
0
0
0
0
0
0
35
668
-2939
-2633
-20036
0
0
0
0
0
0
0
0
0
0
0
-2383
-3694
-2072
-3992
-3687
0
0
0
0
0
0
0
0
0
0
0
-806
-978
-3795
-3490
-16146
0
0
0
0
0
0
0
0
0
0
0
-2863
-4066
-3362
-3904
-3839
0
0
0
0
0
0
0
0
0
0
0
-1193
-2334
-1033
-3661
-16290
0
0
0
0
0
0
0
0
0
0
0
-1619
-1558
-1912
-1258
-1839
0
0
0
0
0
0
0
0
0
0
0
-1048
-1466
-594
-1719
-18165
0
0
0
0
0
0
0
0
0
0
0
-829
-730
-739
-1024
-563
0
0
0
0
0
0
0
0
0
0
0
1343
-726
-921
-458
-13973
0
0
0
0
0
0
0
0
0
0
0
-2005
-2546
-4521
-1856
-2439
0
0
0
0
0
0
0
0
0
0
0
2701
-2807
-3153
-2656
-24968
0
0
0
0
0
0
0
0
0
0
0
-4769
-4620
-7914
-8471
-6207
0
0
0
0
0
0
0
0
0
0
0
10170
-9414
-9242
-6331
-17560
0
0
0
0
0
0
0
0
0
0
0
-3223
-977
-4677
-2748
-3242
0
0
0
0
0
0
0
0
0
0
0
1827
-1812
-4302
-2829
-22520
0
0
0
0
0
0
0
0
0
0
0
-3316
-4
-4638
-2154
-3261
0
0
0
0
0
0
0
0
0
0
0
-480
-351
-4664
-3146
-12807
0
0
0
0
0
0
0
0
0
0
0
-3422
-1144
-6669
-3946
-4756
0
0
0
0
0
0
0
0
0
0
0
1433
-4456
-6147
-4844
-17081
0
0
0
0
0
0
0
0
0
0
0
-3726
-1828
-6626
-4066
-4390
0
0
0
0
0
0
0
0
0
0
0
1946
-5315
-3031
-4266
-18562
0
0
0
0
0
0
0
0
0
0
0
-2252
-2681
-4048
-2884
-2856
0
0
0
0
0
0
0
0
0
0
0
2202
-3350
-1920
-2593
-20519
0
0
0
0
0
0
0
0
0
0
0
-626
-1009
-371
-918
-496
0
0
0
0
0
0
0
0
0
0
0
1032
-761
-899
-404
-17498
0
0
0
0
0
0
0
0
0
0
0
-895
-2628
-2847
-2900
-1930
0
0
0
0
0
0
0
0
0
0
0
2146
-1591
-2614
-2030
-21567
0
0
0
0
0
0
0
0
0
0
0
-3451
-3771
-6578
-7841
-5258
0
0
0
0
0
0
0
0
0
0
0
8279
-6421
-8402
-5300
-20221
0
0
0
0
0
0
0
0
0
0
0
-3076
-566
-3667
-4230
-2806
0
0
0
0
0
0
0
0
0
0
0
751
-299
-2848
-2505
-20423
0
0
0
0
0
0
0
0
0
0
0
-2933
1238
-3059
-2308
-2150
0
0
0
0
0
0
0
0
0
0
0
-903
336
-2999
-1912
-16174
0
0
0
0
0
0
0
0
0
0
0
-3153
-110
-4787
-3208
-3630
0
0
0
0
0
0
0
0
0
0
0
2269
-4309
-5301
-3516
-14635
0
0
0
0
0
0
0
0
0
0
0
-3798
-1999
-5945
-2600
-4039
0
0
0
0
0
0
0
0
0
0
0
4167
-5561
-5565
-3860
-21709
0
0
0
0
0
0
0
0
0
0
0
-3052
-3080
-3835
-2582
-3142
0
0
0
0
0
0
0
0
0
0
0
4138
-3471
-4601
-2982
-21011
0
0
0
0
0
0
0
0
0
0
0
-759
-1217
-567
-1170
-857
0
0
0
0
0
0
0
0
0
0
0
786
-514
-1636
-801
-17103
0
0
0
0
0
0
0
0
0
0
0
-1491
-3108
-3484
-3217
-2455
0
0
0
0
0
0
0
0
0
0
0
2169
-1657
-2720
-2545
-25638
0
0
0
0
0
0
0
0
0
0
0
-5691
-5201
-6732
-9911
-6463
0
0
0
0
0
0
0
0
0
0
0
10002
-9246
-8473
-6461
-14088
0
0
0
0
0
0
0
0
0
0
0
-4917
-3132
-4387
-5336
-4137
0
0
0
0
0
0
0
0
0
0
0
3228
-2310
-3788
-3842
-17128
0
0
0
0
0
0
0
0
0
0
0
-3457
-1707
-2894
-2585
-2438
0
0
0
0
0
0
0
0
0
0
0
479
383
-2854
-2327
-19670
0
0
0
0
0
0
0
0
0
0
0
-3260
-2144
-2100
-3557
-2697
0
0
0
0
0
0
0
0
0
0
0
2947
-2455
-4249
-2770
-14498
0
0
0
0
0
0
0
0
0
0
0
-3181
-2947
-2692
-2986
-2800
0
0
0
0
0
0
0
0
0
0
0
3465
-3081
-4479
-2815
-20415
0
0
0
0
0
0
0
0
0
0
0
-2535
-2510
-1969
-2586
-2612
0
0
0
0
0
0
0
0
0
0
0
2699
-2631
-4820
-2655
-15916
0
0
0
0
0
0
0
0
0
0
0
-1920
-762
-1513
-1503
-1323
0
0
0
0
0
0
0
0
0
0
0
828
-681
-2025
-1352
-10984
0
0
0
0
0
0
0
0
0
0
0
-1663
-2583
-2932
-2798
-2371
0
0
0
0
0
0
0
0
0
0
0
822
-1281
-2911
-2482
-21948
0
0
0
0
0
0
0
0
0
0
0
-4091
-5543
-7343
-8140
-6250
0
0
0
0
0
0
0
0
0
0
0
9541
-7381
-10146
-6338
-19753
0
0
0
0
0
0
0
0
0
0
0
-4110
-3866
-3179
-2570
-3545
0
0
0
0
0
0
0
0
0
0
0
3289
-3327
-4472
-3406
-19834
0
0
0
0
0
0
0
0
0
0
0
-3548
-2687
-2635
-3
-1982
0
0
0
0
0
0
0
0
0
0
0
1332
-1525
-1858
-1818
-20872
0
0
0
0
0
0
0
0
0
0
0
-3389
-2223
-3248
33
-2275
0
0
0
0
0
0
0
0
0
0
0
817
-1852
-3055
-2346
-18672
0
0
0
0
0
0
0
0
0
0
0
-3491
-2635
-3501
-1497
-2424
0
0
0
0
0
0
0
0
0
0
0
2267
-2989
-2120
-2283
-24275
0
0
0
0
0
0
0
0
0
0
0
-2307
-959
-1348
-1824
-2012
0
0
0
0
0
0
0
0
0
0
0
2021
-2172
-3361
-1746
-19854
0
0
0
0
0
0
0
0
0
0
0
-1865
-687
-1943
-1310
-1201
0
0
0
0
0
0
0
0
0
0
0
1438
-1140
-1700
-1170
-14368
0
0
0
0
0
0
0
0
0
0
0
-3555
-2117
-3419
-2522
-2907
0
0
0
0
0
0
0
0
0
0
0
1289
-2342
-4092
-3113
-22680
0
0
0
0
0
0
0
0
0
0
0
-6566
-4966
-8623
-9156
-6318
0
0
0
0
0
0
0
0
0
0
0
10816
-9178
-7885
-6536
-11999
0
0
0
0
0
0
0
0
0
0
0
-4643
-4398
-4261
-4271
-3895
0
0
0
0
0
0
0
0
0
0
0
4179
-2329
-4690
-3826
-16743
0
0
0
0
0
0
0
0
0
0
0
-3108
-3107
-2226
796
-2294
0
0
0
0
0
0
0
0
0
0
0
-458
-454
-3594
-2045
-16867
0
0
0
0
0
0
0
0
0
0
0
-2679
-1928
-2053
2546
-2198
0
0
0
0
0
0
0
0
0
0
0
-1135
-2005
-4372
-2173
-21418
0
0
0
0
0
0
0
0
0
0
0
-4134
-2050
-4219
350
-3113
0
0
0
0
0
0
0
0
0
0
0
1665
-3307
-4250
-3165
-20156
0
0
0
0
0
0
0
0
0
0
0
-2822
342
-3748
-941
-2249
0
0
0
0
0
0
0
0
0
0
0
1042
-2086
-2849
-2112
-19349
0
0
0
0
0
0
0
0
0
0
0
-1952
-1395
-1815
-889
-1259
0
0
0
0
0
0
0
0
0
0
0
1037
-1098
-1134
-1219
-15724
0
0
0
0
0
0
0
0
0
0
0
-2182
-2046
-1699
-35
-1938
0
0
0
0
0
0
0
0
0
0
0
-204
-2554
-1944
-2044
-14690
0
0
0
0
0
0
0
0
0
0
0
-1925
-3378
-5108
-2120
-2960
0
0
0
0
0
0
0
0
0
0
0
2704
-4149
-2756
-2994
-21074
0
0
0
0
0
0
0
0
0
0
0
-1926
-2155
-3045
-645
-1887
0
0
0
0
0
0
0
0
0
0
0
343
-1837
-1016
-1815
-15275
0
0
0
0
0
0
0
0
0
0
0
-2475
-1893
-2518
-43
-1809
0
0
0
0
0
0
0
0
0
0
0
-567
-1046
-1627
-1659
-20752
0
0
0
0
0
0
0
0
0
0
0
-3465
-1746
-3693
308
-2666
0
0
0
0
0
0
0
0
0
0
0
-560
-3386
-2272
-2498
-19976
0
0
0
0
0
0
0
0
0
0
0
-3639
-1170
-4959
-129
-3039
0
0
0
0
0
0
0
0
0
0
0
188
-3729
-3289
-3055
-14095
0
0
0
0
0
0
0
0
0
0
0
-1966
-611
-3919
100
-2013
0
0
0
0
0
0
0
0
0
0
0
289
-2120
-2883
-1892
-17684
0
0
0
0
0
0
0
0
0
0
0
0
0
0
0
0
0
0
0
0
0
0
0
0
0
0
0
0
0
0
0
0
0
0
0
0
0
0
0
0
0
0
0
0
0
0
0
0
0
0
0
0
0
0
0
0
0
0
0
0
0
0
0
0
0
0
0
0
0
0
0
0
0
0
0
0
0
0
0
0
0
0
0
0
0
0
0
0
0
0
0
0
0
0
0
0
0
0
0
0
0
0
0
0
0
0
0
0
0
0
0
0
0
0
0
0
0
0
0
0
0
0
0
0
0
0
0
0
0
0
0
0
0
0
0
0
0
0
0
0
0
0
0
0
0
0
0
0
0
0
0
0
0
0
0
0
0
0
0
0
0
0
0
0
0
0
0
0
0
0
0
0
0
0
0
0
0
0
0
0
0
0
0
0
0
0
0
0
0
0
0
0
0
0
0
0
0
0
0
0
0
0
0
0
0
0
0
0
0
0
0
0
0
0
0
0
0
0
0
0
0
0
0
0
0
0
0
0
0
0
0
0
0
0
0
0
0
0
0
0
0
0
0
0
0
0
0
0
0
0
0
0
0
0
0
0
0
0
0
0
0
0
0
0
0
0
0
0
0
0
0
0
0
0
0
0
0
0
0
0
0
0
0
0
0
0
0
0
0
0
0
0
0
0
0
0
0
0
0
0
0
0
0
0
0
0
0
0
0
0
0
0
0
0
0
0
0
0
0
0
0
0
0
0
0
0
0
0
0
0
0
0
0
0
0
0
0
0
0
0
0
0
0
0
0
0
0
0
0
0
0
0
0
0
0
0
0
0
0
0
0
0
0
0
0
0
0
0
0
0
0
0
0
0
0
0
0
0
0
0
0
0
0
0
0
0
0
0
0
0
0
0
0
0
0
0
0
0
0
0
0
0
0
0
0
0
0
0
0
0
0
0
0
0
0
0
0
0
0
0
0
0
0
0
0
0
0
0
0
0
0
0
0
0
0
0
0
0
0
0
0
0
0
0
0
0
0
0
0
0
0
0
0
0
0
0
0
0
0
0
0
0
0
0
0
0
0
0
0
0
0
0
0
0
0
0
0
0
0
0
0
0
0
0
0
0
0
0
0
0
0
0
0
0
0
0
0
0
0
0
0
0
0
0
0
0
0
0
0
0
0
0
0
0
0
0
0
0
0
0
0
0
0
0
0
0
0
0
0
0
0
0
0
0
0
0
0
0
0
0
0
0
0
0
0
0
0
0
0
0
0
0
0
0
0
0
0
0
0
0
0
0
0
0
0
0
0
0
0
0
0
0
0
0
0
0
0
0
0
0
0
0
0
0
0
0
0
0
0
0
0
0
0
0
0
0
0
0
0
0
0
0
0
0
0
0
0
0
0
0
0
0
0
0
0
0
0
0
0
0
0
0
0
0
0
0
0
0
0
0
0
0
0
0
0
0
0
0
0
0
0
0
0
0
0
0
0
0
0
0
0
0
0
0
0
0
0
0
0
0
0
0
0
0
0
0
0
0
0
0
0
0
0
0
0
0
0
0
0
0
0
0
0
0
0
0
0
0
0
0
0
0
0
0
0
0
0
0
0
0
0
0
0
0
0
0
0
0
0
0
0
0
0
0
0
0
0
0
0
0
0
0
0
0
0
0
0
0
0
0
0
0
0
0
0
0
0
0
0
0
0
0
0
0
0
0
0
0
0
0
0
0
0
0
0
0
0
0
0
0
0
0
0
0
0
0
0
0
0
0
0
0
0
0
0
0
0
0
0
0
0
0
0
0
0
0
0
0
0
0
0
0
0
0
0
0
0
0
0
0
0
0
0
0
0
0
0
0
0
0
0
0
0
0
0
0
0
0
0
0
0
0
0
0
0
0
0
0
0
0
0
0
0
0
0
0
0
0
0
0
0
0
0
0
0
0
0
0
0
0
0
0
0
0
0
0
0
0
0
0
0
0
0
0
0
0
0
0
0
0
0
0
0
0
0
0
0
0
0
0
0
0
0
0
0
0
0
0
0
0
0
0
0
0
0
0
0
0
0
0
0
0
0
0
0
0
0
0
0
0
0
0
0
0
0
0
0
0
0
0
0
0
0
0
0
0
0
0
0
0
0
0
0
0
0
0
0
0
0
0
0
0
0
0
0
0
0
0
0
0
0
0
0
0
0
0
0
0
0
0
0
0
0
0
0
0
0
0
0
0
0
0
0
0
0
0
0
0
0
0
0
0
0
0
0
0
0
0
0
0
0
0
0
0
0
0
0
0
0
0
0
0
0
0
0
0
0
0
0
0
0
0
0
0
0
0
0
0
0
0
0
0
0
0
0
0
0
0
0
0
0
0
0
0
0
0
0
0
0
0
0
0
0
0
0
0
0
0
0
0
0
0
0
0
0
0
0
0
0
0
0
0
0
0
0
0
0
0
0
0
0
0
0
0
0
0
0
0
0
0
0
0
0
0
0
0
0
0
0
0
0
0
0
0
0
0
0
0
0
0
0
0
0
0
0
0
0
0
0
0
0
0
0
0
0
0
0
0
0
0
0
0
0
0
0
0
0
0
0
0
0
0
0
0
0
0
0
0
0
0
0
0
0
0
0
0
0
0
0
0
0
0
0
0
0
0
0
0
0
0
0
0
0
0
0
0
0
0
0
0
0
0
0
0
0
0
0
0
0
0
0
0
0
0
0
0
0
0
0
0
0
0
0
0
0
0
0
0
0
0
0
0
0
0
0
0
0
0
0
0
0
0
0
0
0
0
0
0
0
0
0
0
0
0
0
0
0
0
0
0
0
0
0
0
0
0
0
0
0
0
0
0
0
0
0
0
0
0
0
0
0
0
0
0
0
0
0
0
0
0
0
0
0
0
0
0
0
0
0
0
0
0
0
0
0
0
0
0
0
0
0
0
0
0
0
0
0
0
0
0
0
0
0
0
0
0
0
0
0
0
0
0
0
0
0
0
0
0
0
0
0
0
0
0
0
0
0
0
0
0
0
0
0
0
0
0
0
0
0
0
0
0
0
0
0
0
0
0
0
0
0
0
0
0
0
0
0
0
0
0
0
0
0
0
0
0
0
0
0
0
0
0
0
0
0
0
0
0
0
0
0
0
0
0
0
0
0
0
0
0
0
0
0
0
0
0
0
0
0
0
0
0
0
0
0
0
0
0
0
0
0
0
0
0
0
0
0
0
0
0
0
0
0
0
0
0
0
0
0
0
0
0
0
0
0
0
0
0
0
0
0
0
0
0
0
0
0
0
0
0
0
0
0
0
0
0
0
0
0
0
0
0
0
0
0
0
0
0
0
0
0
0
0
0
0
0
0
0
0
0
0
0
0
0
0
0
0
0
0
0
0
0
0
0
0
0
0
0
0
0
0
0
0
0
0
0
0
0
0
0
0
0
0
0
0
0
0
0
0
0
0
0
0
0
0
0
0
0
0
0
0
0
0
0
0
0
0
0
0
0
0
0
0
0
0
0
0
0
0
0
0
0
0
0
0
0
0
0
0
0
0
0
0
0
0
0
0
0
0
0
0
0
0
0
0
0
0
0
0
0
0
0
0
0
0
0
0
0
0
0
0
0
0
0
0
0
0
0
0
0
0
0
0
0
0
0
0
0
0
0
0
0
0
0
0
0
0
0
0
0
0
0
0
0
0
0
0
0
0
0
0
0
0
0
0
0
0
0
0
0
0
0
0
0
0
0
0
0
0
0
0
0
0
0
0
0
0
0
0
0
0
0
0
0
0
0
0
0
0
0
0
0
0
0
0
0
0
0
0
0
0
0
0
0
0
0
0
0
0
0
0
0
0
0
0
0
0
0
0
0
0
0
0
0
0
0
0
0
0
0
0
0
0
0
0
0
0
0
0
0
0
0
0
0
0
0
0
0
0
0
0
0
0
0
0
0
0
0
0
0
0
0
0
0
0
0
0
0
0
0
0
0
0
0
0
0
0
0
0
0
0
0
0
0
0
0
0
0
0
0
0
0
0
0
0
0
0
0
0
0
0
0
0
0
0
0
0
0
0
0
0
0
0
0
0
0
0
0
0
0
0
0
0
0
0
0
0
0
0
0
0
0
0
0
0
0
0
0
0
0
0
0
0
0
0
0
0
0
0
0
0
0
0
0
0
0
0
0
0
0
0
0
0
0
0
0
0
0
0
0
0
0
0
0
0
0
0
0
0
0
0
0
0
0
0
0
0
0
0
0
0
0
0
0
0
0
0
0
0
0
0
0
0
0
0
0
0
0
0
0
0
0
0
0
0
0
0
0
0
0
0
0
0
0
0
0
0
0
0
0
0
0
0
0
0
0
0
0
0
0
0
0
0
0
0
0
0
0
0
0
0
0
0
0
0
0
0
0
0
0
0
0
0
0
0
0
0
0
0
0
0
0
0
0
0
0
0
0
0
0
0
0
0
0
0
0
0
0
0
0
0
0
0
0
0
0
0
0
0
0
0
0
0
0
0
0
0
0
0
0
0
0
0
0
0
0
0
0
0
0
0
0
0
0
0
0
0
0
0
0
0
0
0
0
0
0
0
0
0
0
0
0
0
0
0
0
0
0
0
0
0
0
0
0
0
0
0
0
0
0
0
0
0
0
0
0
0
0
0
0
0
0
0
0
0
0
0
0
0
0
0
0
0
0
0
0
0
0
0
0
0
0
0
0
0
0
0
0
0
0
0
0
0
0
0
0
0
0
0
0
0
0
0
0
0
0
0
0
0
0
0
0
0
0
0
0
0
0
0
0
0
0
0
0
0
0
0
0
0
0
0
0
0
0
0
0
0
0
0
0
0
0
0
0
0
0
0
0
0
0
0
0
0
0
0
0
0
0
0
0
0
0
0
0
0
0
0
0
0
0
0
0
0
0
0
0
0
0
0
0
0
0
0
0
0
0
0
0
0
0
0
0
0
0
0
0
0
0
0
0
0
0
0
0
0
0
0
0
0
0
0
0
0
0
0
0
0
0
0
0
0
0
0
0
0
0
0
0
0
0
0
0
0
0
0
0
0
0
0
0
0
0
0
0
0
0
0
0
0
0
0
0
0
0
0
0
0
0
0
0
0
0
0
0
0
0
0
0
0
0
0
0
0
0
0
0
0
0
0
0
0
0
0
0
0
0
0
0
0
0
0
0
0
0
0
0
0
0
0
0
0
0
0
0
0
0
0
0
0
0
0
0
0
0
0
0
0
0
0
0
0
0
0
0
0
0
0
0
0
0
0
0
0
0
0
0
0
0
0
0
0
0
0
0
0
0
0
0
0
0
0
0
0
0
0
0
0
0
0
0
0
0
0
0
0
0
0
0
0
0
0
0
0
0
0
0
0
0
0
0
0
0
0
0
0
0
0
0
0
0
0
0
0
0
0
0
0
0
0
0
0
0
0
0
0
0
0
0
0
0
0
0
0
0
0
0
0
0
0
0
0
0
0
0
0
0
0
0
0
0
0
0
0
0
0
0
0
0
0
0
0
0
0
0
0
0
0
0
0
0
0
0
0
0
0
0
0
0
0
0
0
0
0
0
0
0
0
0
0
0
0
0
0
0
0
0
0
0
0
0
0
0
0
0
0
0
0
0
0
0
0
0
0
0
0
0
0
0
0
0
0
0
0
0
0
0
0
0
0
0
0
0
0
0
0
0
0
0
0
0
0
0
0
0
0
0
0
0
0
0
0
0
0
0
0
0
0
0
0
0
0
0
0
0
0
0
0
0
0
0
0
0
0
0
0
0
0
0
0
0
0
0
0
0
0
0
0
0
0
0
0
0
0
0
0
0
0
0
0
0
0
0
0
0
0
0
0
0
0
0
0
0
0
0
0
0
0
0
0
0
0
0
0
0
0
0
0
0
0
0
0
0
0
0
0
0
0
0
0
0
0
0
0
0
0
0
0
0
0
0
0
0
0
0
0
0
0
0
0
0
0
0
0
0
0
0
0
0
0
0
0
0
0
0
0
0
0
0
0
0
0
0
0
0
0
0
0
0
0
0
0
0
0
0
0
0
0
0
0
0
0
0
0
0
0
0
0
0
0
0
0
0
0
0
0
0
0
0
0
0
0
0
0
0
0
0
0
0
0
0
0
0
0
0
0
0
0
0
0
0
0
0
0
0
0
0
0
0
0
0
0
0
0
0
0
0
0
0
0
0
0
0
0
0
0
0
0
0
0
0
0
0
0
0
0
0
0
0
0
0
0
0
0
0
0
0
0
0
0
0
0
0
0
0
0
0
0
0
0
0
0
0
0
0
0
0
0
0
0
0
0
0
0
0
0
0
0
0
0
0
0
0
0
0
0
0
0
0
0
0
0
0
0
0
0
0
0
0
0
0
0
0
0
0
0
0
0
0
0
0
0
0
0
0
0
0
0
0
0
0
0
0
0
0
0
0
0
0
0
0
0
0
0
0
0
0
0
0
0
0
0
0
0
0
0
0
0
0
0
0
0
0
0
0
0
0
0
0
0
0
0
0
0
0
0
0
0
0
0
0
0
0
0
0
0
0
0
0
0
0
0
0
0
0
0
0
0
0
0
0
0
0
0
0
0
0
0
0
0
0
0
0
0
0
0
0
0
0
0
0
0
0
0
0
0
0
0
0
0
0
0
0
0
0
0
0
0
0
0
0
0
0
0
0
0
0
0
0
0
0
0
0
0
0
0
0
0
0
0
0
0
0
0
0
0
0
0
0
0
0
0
0
0
0
0
0
0
0
0
0
0
0
0
0
0
0
0
0
0
0
0
0
0
0
0
0
0
0
0
0
0
0
0
0
0
0
0
0
0
0
0
0
0
0
0
0
0
0
0
0
0
0
0
0
0
0
0
0
0
0
0
0
0
0
0
0
0
0
0
0
0
0
0
0
0
0
0
0
0
0
0
0
0
0
0
0
0
0
0
0
0
0
0
0
0
0
0
0
0
0
0
0
0
0
0
0
0
0
0
0
0
0
0
0
0
0
0
0
0
0
0
0
0
0
0
0
0
0
0
0
0
0
0
0
0
0
0
0
0
0
0
0
0
0
0
0
0
0
0
0
0
0
0
0
0
0
0
0
0
0
0
0
0
0
0
0
0
0
0
0
0
0
0
0
0
0
0
0
0
0
0
0
0
0
0
0
0
0
0
0
0
0
0
0
0
0
0
0
0
0
0
0
0
0
0
0
0
0
0
0
0
0
0
0
0
0
0
0
0
0
0
0
0
0
0
0
0
0
0
0
0
0
0
0
0
0
0
0
0
0
0
0
0
0
0
0
0
0
0
0
0
0
0
0
0
0
0
0
0
0
0
0
0
0
0
0
0
0
0
0
0
0
0
0
0
0
0
0
0
0
0
0
0
0
0
0
0
0
0
0
0
0
0
0
0
0
0
0
0
0
0
0
0
0
0
0
0
0
0
0
0
0
0
0
0
0
0
0
0
0
0
0
0
0
0
0
0
0
0
0
0
0
0
0
0
0
0
0
0
0
0
0
0
0
0
0
0
0
0
0
0
0
0
0
0
0
0
0
0
0
0
0
0
0
0
0
0
0
0
0
0
0
0
0
0
0
0
0
0
0
0
0
0
0
0
0
0
0
0
0
0
0
0
0
0
0
0
0
0
0
0
0
0
0
0
0
0
0
0
0
0
0
0
0
0
0
0
0
0
0
0
0
0
0
0
0
0
0
0
0
0
0
0
0
0
0
0
0
0
0
0
0
0
0
0
0
0
0
0
0
0
0
0
0
0
0
0
0
0
0
0
0
0
0
0
0
0
0
0
0
0
0
0
0
0
0
0
0
0
0
0
0
0
0
0
0
0
0
0
0
0
0
0
0
0
0
0
0
0
0
0
0
0
0
0
0
0
0
0
0
0
0
0
0
0
0
0
0
0
0
0
0
0
0
0
0
0
0
0
0
0
0
0
0
0
0
0
0
0
0
0
0
0
0
0
0
0
0
0
0
0
0
0
0
0
0
0
0
0
0
0
0
0
0
0
0
0
0
0
0
0
0
0
0
0
0
0
0
0
0
0
0
0
0
0
0
0
0
0
0
0
0
0
0
0
0
0
0
0
0
0
0
0
0
0
0
0
0
0
0
0
0
0
0
0
0
0
0
0
0
0
0
0
0
0
0
0
0
0
0
0
0
0
0
0
0
0
0
0
0
0
0
0
0
0
0
0
0
0
0
0
0
0
0
0
0
0
0
0
0
0
0
0
0
0
0
0
0
0
0
0
0
0
0
0
0
0
0
0
0
0
0
0
0
0
0
0
0
0
0
0
0
0
0
0
0
0
0
0
0
0
0
0
0
0
0
0
0
0
0
0
0
0
0
0
0
0
0
0
0
0
0
0
0
0
0
0
0
0
0
0
0
0
0
0
0
0
0
0
0
0
0
0
0
0
0
0
0
0
0
0
0
0
0
0
0
0
0
0
0
0
0
0
0
0
0
0
0
0
0
0
0
0
0
0
0
0
0
0
0
0
0
0
0
0
0
0
0
0
0
0
0
0
0
0
0
0
0
0
0
0
0
0
0
0
0
0
0
0
0
0
0
0
0
0
0
0
0
0
0
0
0
0
0
0
0
0
0
0
0
0
0
0
0
0
0
0
0
0
0
0
0
0
0
0
0
0
0
0
0
0
0
0
0
0
0
0
0
0
0
0
0
0
0
0
0
0
0
0
0
0
0
0
0
0
0
0
0
0
0
0
0
0
0
0
0
0
0
0
0
0
0
0
0
0
0
0
0
0
0
0
0
0
0
0
0
0
0
0
0
0
0
0
0
0
0
0
0
0
0
0
0
0
0
0
0
0
0
0
0
0
0
0
0
0
0
0
0
0
0
0
0
0
0
0
0
0
0
0
0
0
0
0
0
0
0
0
0
0
0
0
0
0
0
0
0
0
0
0
0
0
0
0
0
0
0
0
0
0
0
0
0
0
0
0
0
0
0
0
0
0
0
0
0
0
0
0
0
0
0
0
0
0
0
0
0
0
0
0
0
0
0
0
0
0
0
0
0
0
0
0
0
0
0
0
0
0
0
0
0
0
0
0
0
0
0
0
0
0
0
0
0
0
0
0
0
0
0
0
0
0
0
0
0
0
0
0
0
0
0
0
0
0
0
0
0
0
0
0
0
0
0
0
0
0
0
0
0
0
0
0
0
0
0
0
0
0
0
0
0
0
0
0
0
0
0
0
0
0
0
0
0
0
0
0
0
0
0
0
0
0
0
0
0
0
0
0
0
0
0
0
0
0
0
0
0
0
0
0
0
0
0
0
0
0
0
0
0
0
0
0
0
0
0
0
0
0
0
0
0
0
0
0
0
0
0
0
0
0
0
0
0
0
0
0
0
0
0
0
0
0
0
0
0
0
0
0
0
0
0
0
0
0
0
0
0
0
0
0
0
0
0
0
0
0
0
0
0
0
0
0
0
0
0
0
0
0
0
0
0
0
0
0
0
0
0
0
0
0
0
0
0
0
0
0
0
0
0
0
0
0
0
0
0
0
0
0
0
0
0
0
0
0
0
0
0
0
0
0
0
0
0
0
0
0
0
0
0
0
0
0
0
0
0
0
0
0
0
0
0
0
0
0
0
0
0
0
0
0
0
0
0
0
0
0
0
0
0
0
0
0
0
0
0
0
0
0
0
0
0
0
0
0
0
0
0
0
0
0
0
0
0
0
0
0
0
0
0
0
0
0
0
0
0
0
0
0
0
0
0
0
0
0
0
0
0
0
0
0
0
0
0
0
0
0
0
0
0
0
0
0
0
0
0
0
0
0
0
0
0
0
0
0
0
0
0
0
0
0
0
0
0
0
0
0
0
0
0
0
0
0
0
0
0
0
0
0
0
0
0
0
0
0
0
0
0
0
0
0
0
0
0
0
0
0
0
0
0
0
0
0
0
0
0
0
0
0
0
0
0
0
0
0
0
0
0
0
0
0
0
0
0
0
0
0
0
0
0
0
0
0
0
0
0
0
0
0
0
0
0
0
0
0
0
0
0
0
0
0
0
0
0
0
0
0
0
0
0
0
0
0
0
0
0
0
0
0
0
0
0
0
0
0
0
0
0
0
0
0
0
0
0
0
0
0
0
0
0
0
0
0
0
0
0
0
0
0
0
0
0
0
0
0
0
0
0
0
0
0
0
0
0
0
0
0
0
0
0
0
0
0
0
0
0
0
0
0
0
0
0
0
0
0
0
0
0
0
0
0
0
0
0
0
0
0
0
0
0
0
0
0
0
0
0
0
0
0
0
0
0
0
0
0
0
0
0
0
0
0
0
0
0
0
0
0
0
0
0
0
0
0
0
0
0
0
0
0
0
0
0
0
0
0
0
0
0
0
0
0
0
0
0
0
0
0
0
0
0
0
0
0
0
0
0
0
0
0
0
0
0
0
0
0
0
0
0
0
0
0
0
0
0
0
0
0
0
0
0
0
0
0
0
0
0
0
0
0
0
0
0
0
0
0
0
0
0
0
0
0
0
0
0
0
0
0
0
0
0
0
0
0
0
0
0
0
0
0
0
0
0
0
0
0
0
0
0
0
0
0
0
0
0
0
0
0
0
0
0
0
0
0
0
0
0
0
0
0
0
0
0
0
0
0
0
0
0
0
0
0
0
0
0
0
0
0
0
0
0
0
0
0
0
0
0
0
0
0
0
0
0
0
0
0
0
0
0
0
0
0
0
0
0
0
0
0
0
0
0
0
0
0
0
0
0
0
0
0
0
0
0
0
0
0
0
0
0
0
0
0
0
0
0
0
0
0
0
0
0
0
0
0
0
0
0
0
0
0
0
0
0
0
0
0
0
0
0
0
0
0
0
0
0
0
0
0
0
0
0
0
0
0
0
0
0
0
0
0
0
0
0
0
0
0
0
0
0
0
0
0
0
0
0
0
0
0
0
0
0
0
0
0
0
0
0
0
0
0
0
0
0
0
0
0
0
0
0
0
0
0
0
0
0
0
0
0
0
0
0
0
0
0
0
0
0
0
0
0
0
0
0
0
0
0
0
0
0
0
0
0
0
0
0
0
0
0
0
0
0
0
0
0
0
0
0
0
0
0
0
0
0
0
0
0
0
0
0
0
0
0
0
0
0
0
0
0
0
0
0
0
0
0
0
0
0
0
0
0
0
0
0
0
0
0
0
0
0
0
0
0
0
0
0
0
0
0
0
0
0
0
0
0
0
0
0
0
0
0
0
0
0
0
0
0
0
0
0
0
0
0
0
0
0
0
0
0
0
0
0
0
0
0
0
0
0
0
0
0
0
0
0
0
0
0
0
0
0
0
0
0
0
0
0
0
0
0
0
0
0
0
0
0
0
0
0
0
0
0
0
0
0
0
0
0
0
0
0
0
0
0
0
0
0
0
0
0
0
0
0
0
0
0
0
0
0
0
0
0
0
0
0
0
0
0
0
0
0
0
0
0
0
0
0
0
0
0
0
0
0
0
0
0
0
0
0
0
0
0
0
0
0
0
0
0
0
0
0
0
0
0
0
0
0
0
0
0
0
0
0
0
0
0
0
0
0
0
0
0
0
0
0
0
0
0
0
0
0
0
0
0
0
0
0
0
0
0
0
0
0
0
0
0
0
0
0
0
0
0
0
0
0
0
0
0
0
0
0
0
0
0
0
0
0
0
0
0
0
0
0
0
0
0
0
0
0
0
0
0
0
0
0
0
0
0
0
0
0
0
0
0
0
0
0
0
0
0
0
0
0
0
0
0
0
0
0
0
0
0
0
0
0
0
0
0
0
0
0
0
0
0
0
0
0
0
0
0
0
0
0
0
0
0
0
0
0
0
0
0
0
0
0
0
0
0
0
0
0
0
0
0
0
0
0
0
0
0
0
0
0
0
0
0
0
0
0
0
0
0
0
0
0
0
0
0
0
0
0
0
0
0
0
0
0
0
0
0
0
0
0
0
0
0
0
0
0
0
0
0
0
0
0
0
0
0
0
0
0
0
0
0
0
0
0
0
0
0
0
0
0
0
0
0
0
0
0
0
0
0
0
0
0
0
0
0
0
0
0
0
0
0
0
0
0
0
0
0
0
0
0
0
0
0
0
0
0
0
0
0
0
0
0
0
0
0
0
0
0
0
0
0
0
0
0
0
0
0
0
0
0
0
0
0
0
0
0
0
0
0
0
0
0
0
0
0
0
0
0
0
0
0
0
0
0
0
0
0
0
0
0
0
0
0
0
0
0
0
0
0
0
0
0
0
0
0
0
0
0
0
0
0
0
0
0
0
0
0
0
0
0
0
0
0
0
0
0
0
0
0
0
0
0
0
0
0
0
0
0
0
0
0
0
0
0
0
0
0
0
0
0
0
0
0
0
0
0
0
0
0
0
0
0
0
0
0
0
0
0
0
0
0
0
0
0
0
0
0
0
0
0
0
0
0
0
0
0
0
0
0
0
0
0
0
0
0
0
0
0
0
0
0
0
0
0
0
0
0
0
0
0
0
0
0
0
0
0
0
0
0
0
0
0
0
0
0
0
0
0
0
0
0
0
0
0
0
0
0
0
0
0
0
0
0
0
0
0
0
0
0
0
0
0
0
0
0
0
0
0
0
0
0
0
0
0
0
0
0
0
0
0
0
0
0
0
0
0
0
0
0
0
0
0
0
0
0
0
0
0
0
0
0
0
0
0
0
0
0
0
0
0
0
0
0
0
0
0
0
0
0
0
0
0
0
0
0
0
0
0
0
0
0
0
0
0
0
0
0
0
0
0
0
0
0
0
0
0
0
0
0
0
0
0
0
0
0
0
0
0
0
0
0
0
0
0
0
0
0
0
0
0
0
0
0
0
0
0
0
0
0
0
0
0
0
0
0
0
0
0
0
0
0
0
0
0
0
0
0
0
0
0
0
0
0
0
0
0
0
0
0
0
0
0
0
0
0
0
0
0
0
0
0
0
0
0
0
0
0
0
0
0
0
0
0
0
0
0
0
0
0
0
0
0
0
0
0
0
0
0
0
0
0
0
0
0
0
0
0
0
0
0
0
0
0
0
0
0
0
0
0
0
0
0
0
0
0
0
0
0
0
0
0
0
0
0
0
0
0
0
0
0
0
0
0
0
0
0
0
0
0
0
0
0
0
0
0
0
0
0
0
0
0
0
0
0
0
0
0
0
0
0
0
0
0
0
0
0
0
0
0
0
0
0
0
0
0
0
0
0
0
0
0
0
0
0
0
0
0
0
0
0
0
0
0
0
0
0
0
0
0
0
0
0
0
0
0
0
0
0
0
0
0
0
0
0
0
0
0
0
0
0
0
0
0
0
0
0
0
0
0
0
0
0
0
0
0
0
0
0
0
0
0
0
0
0
0
0
0
0
0
0
0
0
0
0
0
0
0
0
0
0
0
0
0
0
0
0
0
0
0
0
0
0
0
0
0
0
0
0
0
0
0
0
0
0
0
0
0
0
0
0
0
0
0
0
0
0
0
0
0
0
0
0
0
0
0
0
0
0
0
0
0
0
0
0
0
0
0
0
0
0
0
0
0
0
0
0
0
0
0
0
0
0
0
0
0
0
0
0
0
0
0
0
0
0
0
0
0
0
0
0
0
0
0
0
0
0
0
0
0
0
0
0
0
0
0
0
0
0
0
0
0
0
0
0
0
0
0
0
0
0
0
0
0
0
0
0
0
0
0
0
0
0
0
0
0
0
0
0
0
0
0
0
0
0
0
0
0
0
0
0
0
0
0
0
0
0
0
0
0
0
0
0
0
0
0
0
0
0
0
0
0
0
0
0
0
0
0
0
0
0
0
0
0
0
0
0
0
0
0
0
0
0
0
0
0
0
0
0
0
0
0
0
0
0
0
0
0
0
0
0
0
0
0
0
0
0
0
0
0
0
0
0
0
0
0
0
0
0
0
0
0
0
0
0
0
0
0
0
0
0
0
0
0
0
0
0
0
0
0
0
0
0
0
0
0
0
0
0
0
0
0
0
0
0
0
0
0
0
0
0
0
0
0
0
0
0
0
0
0
0
0
0
0
0
0
0
0
0
0
0
0
0
0
0
0
0
0
0
0
0
0
0
0
0
0
0
0
0
0
0
0
0
0
0
0
0
0
0
0
0
0
0
0
0
0
0
0
0
0
0
0
0
0
0
0
0
0
0
0
0
0
0
0
0
0
0
0
0
0
0
0
0
0
0
0
0
0
0
0
0
0
0
0
0
0
0
0
0
0
0
0
0
0
0
0
0
0
0
0
0
0
0
0
0
0
0
0
0
0
0
0
0
0
0
0
0
0
0
0
0
0
0
0
0
0
0
0
0
0
0
0
0
0
0
0
0
0
0
0
0
0
0
0
0
0
0
0
0
0
0
0
0
0
0
0
0
0
0
0
0
0
0
0
0
0
0
0
0
0
0
0
0
0
0
0
0
0
0
0
0
0
0
0
0
0
0
0
0
0
0
0
0
0
0
0
0
0
0
0
0
0
0
0
0
0
0
0
0
0
0
0
0
0
0
0
0
0
0
0
0
0
0
0
0
0
0
0
0
0
0
0
0
0
0
0
0
0
0
0
0
0
0
0
0
0
0
0
0
0
0
0
0
0
0
0
0
0
0
0
0
0
0
0
0
0
0
0
0
0
0
0
0
0
0
0
0
0
0
0
0
0
0
0
0
0
0
0
0
0
0
0
0
0
0
0
0
0
0
0
0
0
0
0
0
0
0
0
0
0
0
0
0
0
0
0
0
0
0
0
0
0
0
0
0
0
0
0
0
0
0
0
0
0
0
0
0
0
0
0
0
0
0
0
0
0
0
0
0
0
0
0
0
0
0
0
0
0
0
0
0
0
0
0
0
0
0
0
0
0
0
0
0
0
0
0
0
0
0
0
0
0
0
0
0
0
0
0
0
0
0
0
0
0
0
0
0
0
0
0
0
0
0
0
0
0
0
0
0
0
0
0
0
0
0
0
0
0
0
0
0
0
0
0
0
0
0
0
0
0
0
0
0
0
0
0
0
0
0
0
0
0
0
0
0
0
0
0
0
0
0
0
0
0
0
0
0
0
0
0
0
0
0
0
0
0
0
0
0
0
0
0
0
0
0
0
0
0
0
0
0
0
0
0
0
0
0
0
0
0
0
0
0
0
0
0
0
0
0
0
0
0
0
0
0
0
0
0
0
0
0
0
0
0
0
0
0
0
0
0
0
0
0
0
0
0
0
0
0
0
0
0
0
0
0
0
0
0
0
0
0
0
0
0
0
0
0
0
0
0
0
0
0
0
0
0
0
0
0
0
0
0
0
0
0
0
0
0
0
0
0
0
0
0
0
0
0
0
0
0
0
0
0
0
0
0
0
0
0
0
0
0
0
0
0
0
0
0
0
0
0
0
0
0
0
0
0
0
0
0
0
0
0
0
0
0
0
0
0
0
0
0
0
0
0
0
0
0
0
0
0
0
0
0
0
0
0
0
0
0
0
0
0
0
0
0
0
0
0
0
0
0
0
0
0
0
0
0
0
0
0
0
0
0
0
0
0
0
0
0
0
0
0
0
0
0
0
0
0
0
0
0
0
0
0
0
0
0
0
0
0
0
0
0
0
0
0
0
0
0
0
0
0
0
0
0
0
0
0
0
0
0
0
0
0
0
0
0
0
0
0
0
0
0
0
0
0
0
0
0
0
0
0
0
0
0
0
0
0
0
0
0
0
0
0
0
0
0
0
0
0
0
0
0
0
0
0
0
0
0
0
0
0
0
0
0
0
0
0
0
0
0
0
0
0
0
0
0
0
0
0
0
0
0
0
0
0
0
0
0
0
0
0
0
0
0
0
0
0
0
0
0
0
0
0
0
0
0
0
0
0
0
0
0
0
0
0
0
0
0
0
0
0
0
0
0
0
0
0
0
0
0
0
0
0
0
0
0
0
0
0
0
0
0
0
0
0
0
0
0
0
0
0
0
0
0
0
0
0
0
0
0
0
0
0
0
0
0
0
0
0
0
0
0
0
0
0
0
0
0
0
0
0
0
0
0
0
0
0
0
0
0
0
0
0
0
0
0
0
0
0
0
0
0
0
0
0
0
0
0
0
0
0
0
0
0
0
0
0
0
0
0
0
0
0
0
0
0
0
0
0
0
0
0
0
0
0
0
0
0
0
0
0
0
0
0
0
0
0
0
0
0
0
0
0
0
0
0
0
0
0
0
0
0
0
0
0
0
0
0
0
0
0
0
0
0
0
0
0
0
0
0
0
0
0
0
0
0
0
0
0
0
0
0
0
0
0
0
0
0
0
0
0
0
0
0
0
0
0
0
0
0
0
0
0
0
0
0
0
0
0
0
0
0
0
0
0
0
0
0
0
0
0
0
0
0
0
0
0
0
0
0
0
0
0
0
0
0
0
0
0
0
0
0
0
0
0
0
0
0
0
0
0
0
0
0
0
0
0
0
0
0
0
0
0
0
0
0
0
0
0
0
0
0
0
0
0
0
0
0
0
0
0
0
0
0
0
0
0
0
0
0
0
0
0
0
0
0
0
0
0
0
0
0
0
0
0
0
0
0
0
0
0
0
0
0
0
0
0
0
0
0
0
0
0
0
0
0
0
0
0
0
0
0
0
0
0
0
0
0
0
0
0
0
0
0
0
0
0
0
0
0
0
0
0
0
0
0
0
0
0
0
0
0
0
0
0
0
0
0
0
0
0
0
0
0
0
0
0
0
0
0
0
0
0
0
0
0
0
0
0
0
0
0
0
0
0
0
0
0
0
0
0
0
0
0
0
0
0
0
0
0
0
0
0
0
0
0
0
0
0
0
0
0
0
0
0
0
0
0
0
0
0
0
0
0
0
0
0
0
0
0
0
0
0
0
0
0
0
0
0
0
0
0
0
0
0
0
0
0
0
0
0
0
0
0
0
0
0
0
0
0
0
0
0
0
0
0
0
0
0
0
0
0
0
0
0
0
0
0
0
0
0
0
0
0
0
0
0
0
0
0
0
0
0
0
0
0
0
0
0
0
0
0
0
0
0
0
0
0
0
0
0
0
0
0
0
0
0
0
0
0
0
0
0
0
0
0
0
0
0
0
0
0
0
0
0
0
0
0
0
0
0
0
0
0
0
0
0
0
0
0
0
0
0
0
0
0
0
0
0
0
0
0
0
0
0
0
0
0
0
0
0
0
0
0
0
0
0
0
0
0
0
0
0
0
0
0
0
0
0
0
0
0
0
0
0
0
0
0
0
0
0
0
0
0
0
0
0
0
0
0
0
0
0
0
0
0
0
0
0
0
0
0
0
0
0
0
0
0
0
0
0
0
0
0
0
0
0
0
0
0
0
0
0
0
0
0
0
0
0
0
0
0
0
0
0
0
0
0
0
0
0
0
0
0
0
0
0
0
0
0
0
0
0
0
0
0
0
0
0
0
0
0
0
0
0
0
0
0
0
0
0
0
0
0
0
0
0
0
0
0
0
0
0
0
0
0
0
0
0
0
0
0
0
0
0
0
0
0
0
0
0
0
0
0
0
0
0
0
0
0
0
0
0
0
0
0
0
0
0
0
0
0
0
0
0
0
0
0
0
0
0
0
0
0
0
0
0
0
0
0
0
0
0
0
0
0
0
0
0
0
0
0
0
0
0
0
0
0
0
0
0
0
0
0
0
0
0
0
0
0
0
0
0
0
0
0
0
0
0
0
0
0
0
0
0
0
0
0
0
0
0
0
0
0
0
0
0
0
0
0
0
0
0
0
0
0
0
0
0
0
0
0
0
0
0
0
0
0
0
0
0
0
0
0
0
0
0
0
0
0
0
0
0
0
0
0
0
0
0
0
0
0
0
0
0
0
0
0
0
0
0
0
0
0
0
0
0
0
0
0
0
0
0
0
0
0
0
0
0
0
0
0
0
0
0
0
0
0
0
0
0
0
0
0
0
0
0
0
0
0
0
0
0
0
0
0
0
0
0
0
0
0
0
0
0
0
0
0
0
0
0
0
0
0
0
0
0
0
0
0
0
0
0
0
0
0
0
0
0
0
0
0
0
0
0
0
0
0
0
0
0
0
0
0
0
0
0
0
0
0
0
0
0
0
0
0
0
0
0
0
0
0
0
0
0
0
0
0
0
0
0
0
0
0
0
0
0
0
0
0
0
0
0
0
0
0
0
0
0
0
0
0
0
0
0
0
0
0
0
0
0
0
0
0
0
0
0
0
0
0
0
0
0
0
0
0
0
0
0
0
0
0
0
0
0
0
0
0
0
0
0
0
0
0
0
0
0
0
0
0
0
0
0
0
0
0
0
0
0
0
0
0
0
0
0
0
0
0
0
0
0
0
0
0
0
0
0
0
0
0
0
0
0
0
0
0
0
0
0
0
0
0
0
0
0
0
0
0
0
0
0
0
0
0
0
0
0
0
0
0
0
0
0
0
0
0
0
0
0
0
0
0
0
0
0
0
0
0
0
0
0
0
0
0
0
0
0
0
0
0
0
0
0
0
0
0
0
0
0
0
0
0
0
0
0
0
0
0
0
0
0
0
0
0
0
0
0
0
0
0
0
0
0
0
0
0
0
0
0
0
0
0
0
0
0
0
0
0
0
0
0
0
0
0
0
0
0
0
0
0
0
0
0
0
0
0
0
0
0
0
0
0
0
0
0
0
0
0
0
0
0
0
0
0
0
0
0
0
0
0
0
0
0
0
0
0
0
0
0
0
0
0
0
0
0
0
0
0
0
0
0
0
0
0
0
0
0
0
0
0
0
0
0
0
0
0
0
0
0
0
0
0
0
0
0
0
0
0
0
0
0
0
0
0
0
0
0
0
0
0
0
0
0
0
0
0
0
0
0
0
0
0
0
0
0
0
0
0
0
0
0
0
0
0
0
0
0
0
0
0
0
0
0
0
0
0
0
0
0
0
0
0
0
0
0
0
0
0
0
0
0
0
0
0
0
0
0
0
0
0
0
0
0
0
0
0
0
0
0
0
0
0
0
0
0
0
0
0
0
0
0
0
0
0
0
0
0
0
0
0
0
0
0
0
0
0
0
0
0
0
0
0
0
0
0
0
0
0
0
0
0
0
0
0
0
0
0
0
0
0
0
0
0
0
0
0
0
0
0
0
0
0
0
0
0
0
0
0
0
0
0
0
0
0
0
0
0
0
0
0
0
0
0
0
0
0
0
0
0
0
0
0
0
0
0
0
0
0
0
0
0
0
0
0
0
0
0
0
0
0
0
0
0
0
0
0
0
0
0
0
0
0
0
0
0
0
0
0
0
0
0
0
0
0
0
0
0
0
0
0
0
0
0
0
0
0
0
0
0
0
0
0
0
0
0
0
0
0
0
0
0
0
0
0
0
0
0
0
0
0
0
0
0
0
0
0
0
0
0
0
0
0
0
0
0
0
0
0
0
0
0
0
0
0
0
0
0
0
0
0
0
0
0
0
0
0
0
0
0
0
0
0
0
0
0
0
0
0
0
0
0
0
0
0
0
0
0
0
0
0
0
0
0
0
0
0
0
0
0
0
0
0
0
0
0
0
0
0
0
0
0
0
0
0
0
0
0
0
0
0
0
0
0
0
0
0
0
0
0
0
0
0
0
0
0
0
0
0
0
0
0
0
0
0
0
0
0
0
0
0
0
0
0
0
0
0
0
0
0
0
0
0
0
0
0
0
0
0
0
0
0
0
0
0
0
0
0
0
0
0
0
0
0
0
0
0
0
0
0
0
0
0
0
0
0
0
0
0
0
0
0
0
0
0
0
0
0
0
0
0
0
0
0
0
0
0
0
0
0
0
0
0
0
0
0
0
0
0
0
0
0
0
0
0
0
0
0
0
0
0
0
0
0
0
0
0
0
0
0
0
0
0
0
0
0
0
0
0
0
0
0
0
0
0
0
0
0
0
0
0
0
0
0
0
0
0
0
0
0
0
0
0
0
0
0
0
0
0
0
0
0
0
0
0
0
0
0
0
0
0
0
0
0
0
0
0
0
0
0
0
0
0
0
0
0
0
0
0
0
0
0
0
0
0
0
0
0
0
0
0
0
0
0
0
0
0
0
0
0
0
0
0
0
0
0
0
0
0
0
0
0
0
0
0
0
0
0
0
0
0
0
0
0
0
0
0
0
0
0
0
0
0
0
0
0
0
0
0
0
0
0
0
0
0
0
0
0
0
0
0
0
0
0
0
0
0
0
0
0
0
0
0
0
0
0
0
0
0
0
0
0
0
0
0
0
0
0
0
0
0
0
0
0
0
0
0
0
0
0
0
0
0
0
0
0
0
0
0
0
0
0
0
0
0
0
0
0
0
0
0
0
0
0
0
0
0
0
0
0
0
0
0
0
0
0
0
0
0
0
0
0
0
0
0
0
0
0
0
0
0
0
0
0
0
0
0
0
0
0
0
0
0
0
0
0
0
0
0
0
0
0
0
0
0
0
0
0
0
0
0
0
0
0
0
0
0
0
0
0
0
0
0
0
0
0
0
0
0
0
0
0
0
0
0
0
0
0
0
0
0
0
0
0
0
0
0
0
0
0
0
0
0
0
0
0
0
0
0
0
0
0
0
0
0
0
0
0
0
0
0
0
0
0
0
0
0
0
0
0
0
0
0
0
0
0
0
0
0
0
0
0
0
0
0
0
0
0
0
0
0
0
0
0
0
0
0
0
0
0
0
0
0
0
0
0
0
0
0
0
0
0
0
0
0
0
0
0
0
0
0
0
0
0
0
0
0
0
0
0
0
0
0
0
0
0
0
0
0
0
0
0
0
0
0
0
0
0
0
0
0
0
0
0
0
0
0
0
0
0
0
0
0
0
0
0
0
0
0
0
0
0
0
0
0
0
0
0
0
0
0
0
0
0
0
0
0
0
0
0
0
0
0
0
0
0
0
0
0
0
0
0
0
0
0
0
0
0
0
0
0
0
0
0
0
0
0
0
0
0
0
0
0
0
0
0
0
0
0
0
0
0
0
0
0
0
0
0
0
0
0
0
0
0
0
0
0
0
0
0
0
0
0
0
0
0
0
0
0
0
0
0
0
0
0
0
0
0
0
0
0
0
0
0
0
0
0
0
0
0
0
0
0
0
0
0
0
0
0
0
0
0
0
0
0
0
0
0
0
0
0
0
0
0
0
0
0
0
0
0
0
0
0
0
0
0
0
0
0
0
0
0
0
0
0
0
0
0
0
0
0
0
0
0
0
0
0
0
0
0
0
0
0
0
0
0
0
0
0
0
0
0
0
0
0
0
0
0
0
0
0
0
0
0
0
0
0
0
0
0
0
0
0
0
0
0
0
0
0
0
0
0
0
0
0
0
0
0
0
0
0
0
0
0
0
0
0
0
0
0
0
0
0
0
0
0
0
0
0
0
0
0
0
0
0
0
0
0
0
0
0
0
0
0
0
0
0
0
0
0
0
0
0
0
0
0
0
0
0
0
0
0
0
0
0
0
0
0
0
0
0
0
0
0
0
0
0
0
0
0
0
0
0
0
0
0
0
0
0
0
0
0
0
0
0
0
0
0
0
0
0
0
0
0
0
0
0
0
0
0
0
0
0
0
0
0
0
0
0
0
0
0
0
0
0
0
0
0
0
0
0
0
0
0
0
0
0
0
0
0
0
0
0
0
0
0
0
0
0
0
0
0
0
0
0
0
0
0
0
0
0
0
0
0
0
0
0
0
0
0
0
0
0
0
0
0
0
0
0
0
0
0
0
0
0
0
0
0
0
0
0
0
0
0
0
0
0
0
0
0
0
0
0
0
0
0
0
0
0
0
0
0
0
0
0
0
0
0
0
0
0
0
0
0
0
0
0
0
0
0
0
0
0
0
0
0
0
0
0
0
0
0
0
0
0
0
0
0
0
0
0
0
0
0
0
0
0
0
0
0
0
0
0
0
0
0
0
0
0
0
0
0
0
0
0
0
0
0
0
0
0
0
0
0
0
0
0
0
0
0
0
0
0
0
0
0
0
0
0
0
0
0
0
0
0
0
0
0
0
0
0
0
0
0
0
0
0
0
0
0
0
0
0
0
0
0
0
0
0
0
0
0
0
0
0
0
0
0
0
0
0
0
0
0
0
0
0
0
0
0
0
0
0
0
0
0
0
0
0
0
0
0
0
0
0
0
0
0
0
0
0
0
0
0
0
0
0
0
0
0
0
0
0
0
0
0
0
0
0
0
0
0
0
0
0
0
0
0
0
0
0
0
0
0
0
0
0
0
0
0
0
0
0
0
0
0
0
0
0
0
0
0
0
0
0
0
0
0
0
0
0
0
0
0
0
0
0
0
0
0
0
0
0
0
0
0
0
0
0
0
0
0
0
0
0
0
0
0
0
0
0
0
0
0
0
0
0
0
0
0
0
0
0
0
0
0
0
0
0
0
0
0
0
0
0
0
0
0
0
0
0
0
0
0
0
0
0
0
0
0
0
0
0
0
0
0
0
0
0
0
0
0
0
0
0
0
0
0
0
0
0
0
0
0
0
0
0
0
0
0
0
0
0
0
0
0
0
0
0
0
0
0
0
0
0
0
0
0
0
0
0
0
0
0
0
0
0
0
0
0
0
0
0
0
0
0
0
0
0
0
0
0
0
0
0
0
0
0
0
0
0
0
0
0
0
0
0
0
0
0
0
0
0
0
0
0
0
0
0
0
0
0
0
0
0
0
0
0
0
0
0
0
0
0
0
0
0
0
0
0
0
0
0
0
0
0
0
0
0
0
0
0
0
0
0
0
0
0
0
0
0
0
0
0
0
0
0
0
0
0
0
0
0
0
0
0
0
0
0
0
0
0
0
0
0
0
0
0
0
0
0
0
0
0
0
0
0
0
0
0
0
0
0
0
0
0
0
0
0
0
0
0
0
0
0
0
0
0
0
0
0
0
0
0
0
0
0
0
0
0
0
0
0
0
0
0
0
0
0
0
0
0
0
0
0
0
0
0
0
0
0
0
0
0
0
0
0
0
0
0
0
0
0
0
0
0
0
0
0
0
0
0
0
0
0
0
0
0
0
0
0
0
0
0
0
0
0
0
0
0
0
0
0
0
0
0
0
0
0
0
0
0
0
0
0
0
0
0
0
0
0
0
0
0
0
0
0
0
0
0
0
0
0
0
0
0
0
0
0
0
0
0
0
0
0
0
0
0
0
0
0
0
0
0
0
0
0
0
0
0
0
0
0
0
0
0
0
0
0
0
0
0
0
0
0
0
0
0
0
0
0
0
0
0
0
0
0
0
0
0
0
0
0
0
0
0
0
0
0
0
0
0
0
0
0
0
0
0
0
0
0
0
0
0
0
0
0
0
0
0
0
0
0
0
0
0
0
0
0
0
0
0
0
0
0
0
0
0
0
0
0
0
0
0
0
0
0
0
0
0
0
0
0
0
0
0
0
0
0
0
0
0
0
0
0
0
0
0
0
0
0
0
0
0
0
0
0
0
0
0
0
0
0
0
0
0
0
0
0
0
0
0
0
0
0
0
0
0
0
0
0
0
0
0
0
0
0
0
0
0
0
0
0
0
0
0
0
0
0
0
0
0
0
0
0
0
0
0
0
0
0
0
0
0
0
0
0
0
0
0
0
0
0
0
0
0
0
0
0
0
0
0
0
0
0
0
0
0
0
0
0
0
0
0
0
0
0
0
0
0
0
0
0
0
0
0
0
0
0
0
0
0
0
0
0
0
0
0
0
0
0
0
0
0
0
0
0
0
0
0
0
0
0
0
0
0
0
0
0
0
0
0
0
0
0
0
0
0
0
0
0
0
0
0
0
0
0
0
0
0
0
0
0
0
0
0
0
0
0
0
0
0
0
0
0
0
0
0
0
0
0
0
0
0
0
0
0
0
0
0
0
0
0
0
0
0
0
0
0
0
0
0
0
0
0
0
0
0
0
0
0
0
0
0
0
0
0
0
0
0
0
0
0
0
0
0
0
0
0
0
0
0
0
0
0
0
0
0
0
0
0
0
0
0
0
0
0
0
0
0
0
0
0
0
0
0
0
0
0
0
0
0
0
0
0
0
0
0
0
0
0
0
0
0
0
0
0
0
0
0
0
0
0
0
0
0
0
0
0
0
0
0
0
0
0
0
0
0
0
0
0
0
0
0
0
0
0
0
0
0
0
0
0
0
0
0
0
0
0
0
0
0
0
0
0
0
0
0
0
0
0
0
0
0
0
0
0
0
0
0
0
0
0
0
0
0
0
0
0
0
0
0
0
0
0
0
0
0
0
0
0
0
0
0
0
0
0
0
0
0
0
0
0
0
0
0
0
0
0
0
0
0
0
0
0
0
0
0
0
0
0
0
0
0
0
0
0
0
0
0
0
0
0
0
0
0
0
0
0
0
0
0
0
0
0
0
0
0
0
0
0
0
0
0
0
0
0
0
0
0
0
0
0
0
0
0
0
0
0
0
0
0
0
0
0
0
0
0
0
0
0
0
0
0
0
0
0
0
0
0
0
0
0
0
0
0
0
0
0
0
0
0
0
0
0
0
0
0
0
0
0
0
0
0
0
0
0
0
0
0
0
0
0
0
0
0
0
0
0
0
0
0
0
0
0
0
0
0
0
0
0
0
0
0
0
0
0
0
0
0
0
0
0
0
0
0
0
0
0
0
0
0
0
0
0
0
0
0
0
0
0
0
0
0
0
0
0
0
0
0
0
0
0
0
0
0
0
0
0
0
0
0
0
0
0
0
0
0
0
0
0
0
0
0
0
0
0
0
0
0
0
0
0
0
0
0
0
0
0
0
0
0
0
0
0
0
0
0
0
0
0
0
0
0
0
0
0
0
0
0
0
0
0
0
0
0
0
0
0
0
0
0
0
0
0
0
0
0
0
0
0
0
0
0
0
0
0
0
0
0
0
0
0
0
0
0
0
0
0
0
0
0
0
0
0
0
0
0
0
0
0
0
0
0
0
0
0
0
0
0
0
0
0
0
0
0
0
0
0
0
0
0
0
0
0
0
0
0
0
0
0
0
0
0
0
0
0
0
0
0
0
0
0
0
0
0
0
0
0
0
0
0
0
0
0
0
0
0
0
0
0
0
0
0
0
0
0
0
0
0
0
0
0
0
0
0
0
0
0
0
0
0
0
0
0
0
0
0
0
0
0
0
0
0
0
0
0
0
0
0
0
0
0
0
0
0
0
0
0
0
0
0
0
0
0
0
0
0
0
0
0
0
0
0
0
0
0
0
0
0
0
0
0
0
0
0
0
0
0
0
0
0
0
0
0
0
0
0
0
0
0
0
0
0
0
0
0
0
0
0
0
0
0
0
0
0
0
0
0
0
0
0
0
0
0
0
0
0
0
0
0
0
0
0
0
0
0
0
0
0
0
0
0
0
0
0
0
0
0
0
0
0
0
0
0
0
0
0
0
0
0
0
0
0
0
0
0
0
0
0
0
0
0
0
0
0
0
0
0
0
0
0
0
0
0
0
0
0
0
0
0
0
0
0
0
0
0
0
0
0
0
0
0
0
0
0
0
0
0
0
0
0
0
0
0
0
0
0
0
0
0
0
0
0
0
0
0
0
0
0
0
0
0
0
0
0
0
0
0
0
0
0
0
0
0
0
0
0
0
0
0
0
0
0
0
0
0
0
0
0
0
0
0
0
0
0
0
0
0
0
0
0
0
0
0
0
0
0
0
0
0
0
0
0
0
0
0
0
0
0
0
0
0
0
0
0
0
0
0
0
0
0
0
0
0
0
0
0
0
0
0
0
0
0
0
0
0
0
0
0
0
0
0
0
0
0
0
0
0
0
0
0
0
0
0
0
0
0
0
0
0
0
0
0
0
0
0
0
0
0
0
0
0
0
0
0
0
0
0
0
0
0
0
0
0
0
0
0
0
0
0
0
0
0
0
0
0
0
0
0
0
0
0
0
0
0
0
0
0
0
0
0
0
0
0
0
0
0
0
0
0
0
0
0
0
0
0
0
0
0
0
0
0
0
0
0
0
0
0
0
0
0
0
0
0
0
0
0
0
0
0
0
0
0
0
0
0
0
0
0
0
0
0
0
0
0
0
0
0
0
0
0
0
0
0
0
0
0
0
0
0
0
0
0
0
0
0
0
0
0
0
0
0
0
0
0
0
0
0
0
0
0
0
0
0
0
0
0
0
0
0
0
0
0
0
0
0
0
0
0
0
0
0
0
0
0
0
0
0
0
0
0
0
0
0
0
0
0
0
0
0
0
0
0
0
0
0
0
0
0
0
0
0
0
0
0
0
0
0
0
0
0
0
0
0
0
0
0
0
0
0
0
0
0
0
0
0
0
0
0
0
0
0
0
0
0
0
0
0
0
0
0
0
0
0
0
0
0
0
0
0
0
0
0
0
0
0
0
0
0
0
0
0
0
0
0
0
0
0
0
0
0
0
0
0
0
0
0
0
0
0
0
0
0
0
0
0
0
0
0
0
0
0
0
0
0
0
0
0
0
0
0
0
0
0
0
0
0
0
0
0
0
0
0
0
0
0
0
0
0
0
0
0
0
0
0
0
0
0
0
0
0
0
0
0
0
0
0
0
0
0
0
0
0
0
0
0
0
0
0
0
0
0
0
0
0
0
0
0
0
0
0
0
0
0
0
0
0
0
0
0
0
0
0
0
0
0
0
0
0
0
0
0
0
0
0
0
0
0
0
0
0
0
0
0
0
0
0
0
0
0
0
0
0
0
0
0
0
0
0
0
0
0
0
0
0
0
0
0
0
0
0
0
0
0
0
0
0
0
0
0
0
0
0
0
0
0
0
0
0
0
0
0
0
0
0
0
0
0
0
0
0
0
0
0
0
0
0
0
0
0
0
0
0
0
0
0
0
0
0
0
0
0
0
0
0
0
0
0
0
0
0
0
0
0
0
0
0
0
0
0
0
0
0
0
0
0
0
0
0
0
0
0
0
0
0
0
0
0
0
0
0
0
0
0
0
0
0
0
0
0
0
0
0
0
0
0
0
0
0
0
0
0
0
0
0
0
0
0
0
0
0
0
0
0
0
0
0
0
0
0
0
0
0
0
0
0
0
0
0
0
0
0
0
0
0
0
0
0
0
0
0
0
0
0
0
0
0
0
0
0
0
0
0
0
0
0
0
0
0
0
0
0
0
0
0
0
0
0
0
0
0
0
0
0
0
0
0
0
0
0
0
0
0
0
0
0
0
0
0
0
0
0
0
0
0
0
0
0
0
0
0
0
0
0
0
0
0
0
0
0
0
0
0
0
0
0
0
0
0
0
0
0
0
0
0
0
0
0
0
0
0
0
0
0
0
0
0
0
0
0
0
0
0
0
0
0
0
0
0
0
0
0
0
0
0
0
0
0
0
0
0
0
0
0
0
0
0
0
0
0
0
0
0
0
0
0
0
0
0
0
0
0
0
0
0
0
0
0
0
0
0
0
0
0
0
0
0
0
0
0
0
0
0
0
0
0
0
0
0
0
0
0
0
0
0
0
0
0
0
0
0
0
0
0
0
0
0
0
0
0
0
0
0
0
0
0
0
0
0
0
0
0
0
0
0
0
0
0
0
0
0
0
0
0
0
0
0
0
0
0
0
0
0
0
0
0
0
0
0
0
0
0
0
0
0
0
0
0
0
0
0
0
0
0
0
0
0
0
0
0
0
0
0
0
0
0
0
0
0
0
0
0
0
0
0
0
0
0
0
0
0
0
0
0
0
0
0
0
0
0
0
0
0
0
0
0
0
0
0
0
0
0
0
0
0
0
0
0
0
0
0
0
0
0
0
0
0
0
0
0
0
0
0
0
0
0
0
0
0
0
0
0
0
0
0
0
0
0
0
