car 1.000000 8 44 29 62
car 1.000000 108 30 132 51
car 1.000000 123 41 151 66
car 1.000000 6 76 26 97
car 1.000000 51 79 77 99
car 1.000000 143 62 169 84
car 1.000000 162 83 186 102
car 1.000000 207 83 229 103
car 0.981445 170 95 193 114
car 1.000000 194 110 218 130
car 1.000000 46 118 67 143
car 1.000000 56 131 81 153
car 1.000000 73 150 99 178
car 1.000000 97 170 118 191
car 1.000000 119 150 142 171
car 1.000000 196 194 219 215
car 1.000000 150 21 166 37
car 1.000000 140 13 154 30
car 1.000000 159 30 178 47
