car 1.000000 207 40 231 63
car 0.991943 109 71 127 87
car 0.994385 110 72 128 88
car 1.000000 125 91 144 106
car 1.000000 144 142 158 161
car 1.000000 127 151 138 169
car 0.958252 180 157 192 185
car 0.988770 225 150 237 173
car 0.999023 130 84 147 113
car 1.000000 200 127 214 151
car 1.000000 170 138 184 160
car 1.000000 74 147 90 178
car 0.982178 193 158 209 184
car 1.000000 223 148 236 173
car 1.000000 193 210 207 231
car 1.000000 207 208 222 230
car 0.982422 217 207 232 224
car 1.000000 149 221 166 244
