car 1.000000 178 75 189 96
car 1.000000 30 139 41 156
car 0.998291 181 146 194 167
car 0.998047 150 161 162 182
car 1.000000 221 51 236 72
car 1.000000 231 45 248 68
car 1.000000 206 59 223 77
car 1.000000 17 132 31 151
car 0.930420 198 132 216 154
car 1.000000 209 128 224 147
car 1.000000 225 122 239 144
car 1.000000 232 118 251 140
car 1.000000 179 145 194 166
car 1.000000 197 132 215 155
car 0.997314 140 163 153 185
car 1.000000 115 175 130 198
car 1.000000 79 185 94 208
car 1.000000 50 204 65 224
car 1.000000 62 199 74 219
